SID,YOYYU1,11,5
VA,0,113.0,2,6142,0,0,0,0,0,0
DF,FLNGJ,44.255928,-113.439250,0, ,0.0,0.0,0,0,0,0,0,0,0,0
TF,YOYYU,43.948250,-113.355364,0, ,0.0,0.0,0.0,0.0,2,13500,0,0,0,0,0,0
VA,0,293.0,2,6142,0,0,0,0,0,0

SID,ZAROD1,29,5
VA,0,293.0,2,6142,0,0,0,0,0,0
DF,ZAROD,44.660994,-114.050881,0, ,0.0,0.0,2,11460,0,0,0,0,0,0

SID,ZAROD1,LKT,6
IF,ZAROD,44.660994,-114.050881, ,0.0,0.0,2,11460,0,0,0,0,0,0
TF,HOSUN,44.771875,-114.061100,0, ,0.0,0.0,0.0,0.0,0,0,0,0,0,0,0,0
TF,LKT,45.021311,-114.084236,0, ,0.0,0.0,0.0,0.0,0,0,0,0,0,0,0,0

SID,ZAROD1,YOWLS,6
IF,ZAROD,44.660994,-114.050881, ,0.0,0.0,2,11460,0,0,0,0,0,0
TF,VLCUN,44.627103,-114.255175,0, ,0.0,0.0,0.0,0.0,0,0,0,0,0,0,0,0
TF,YOWLS,44.458533,-114.273692,0, ,0.0,0.0,0.0,0.0,0,0,0,0,0,0,0,0

APPTR,R11-M,11,LKT
IF,LKT,45.021311,-114.084236, ,0.0,0.0,0,0,0,0,0,0,0,0
TF,HOSUN,44.771875,-114.061100,0, ,0.0,0.0,0.0,0.0,2,11500,0,1,250,0,1,0
TF,SMTAR,44.596781,-113.999550,0, ,0.0,0.0,0.0,0.0,2,9300,0,1,210,0,1,0

APPTR,R11-M,11,TRCAT
IF,TRCAT,43.917686,-113.462517, ,0.0,0.0,0,0,0,0,0,0,0,0
TF,ASTTN,44.067667,-113.891169,0, ,0.0,0.0,0.0,0.0,2,13700,0,0,0,0,0,0
TF,YOWLS,44.458533,-114.273692,0, ,0.0,0.0,0.0,0.0,2,12200,0,1,250,0,1,0
TF,VLCUN,44.627103,-114.255175,0, ,0.0,0.0,0.0,0.0,2,10100,0,0,0,0,0,0
TF,LRJET,44.671828,-114.084761,0, ,0.0,0.0,0.0,0.0,2,10000,0,0,0,0,0,0
TF,SMTAR,44.596781,-113.999550,0, ,0.0,0.0,0.0,0.0,2,9300,0,1,210,0,1,0

FINAL,R11-M,11,R,3
IF,SMTAR,44.596781,-113.999550, ,0.0,0.0,2,9300,0,1,210,0,0,0
TF,WNGLT,44.509225,-113.900411,0, ,0.0,0.0,128.0,6.8,2,7600,0,0,0,0,2,0
TF,RW11,44.449900,-113.786697,0, ,0.0,0.0,113.0,6.0,1,5604,0,0,0,0,3,1
CA,0,113.0,2,6300,0,0,0,0,0,0
DF,WFRDL,44.241111,-113.447181,0, ,0.0,0.0,0,0,0,0,0,0,0,0
TF,TRCAT,43.917686,-113.462517,0, ,0.0,0.0,0.0,0.0,2,13700,0,0,0,0,0,1
HM,TRCAT,43.917686,-113.462517,1, ,0.0,0.0,169.0,07,0,0,0,0,0,0,0,0,0

