APPTR,R18-M,18,JUTTS
IF,JUTTS,29.600000,-82.033333, ,0.0,0.0,0,0,0,0,0,0,1,0
TF,OAKEL,29.460847,-82.110272,0, ,0.0,0.0,0.0,0.0,2,2500,0,0,0,0,1,0

APPTR,R18-M,18,OCF
IF,OCF,29.177478,-82.226333, ,0.0,0.0,0,0,0,0,0,0,0,0
TF,OAKEL,29.460847,-82.110272,0, ,0.0,0.0,0.0,0.0,2,2500,0,0,0,0,0,1
HF,OAKEL,29.460847,-82.110272,2, ,0.0,0.0,189.0,04,2,2500,0,0,0,0,1,0,0

FINAL,R18-M,18,R,4
IF,OAKEL,29.460847,-82.110272, ,0.0,0.0,2,2500,0,0,0,0,0,0
TF,BRONT,29.377403,-82.114897,0, ,0.0,0.0,189.0,5.0,2,1900,0,0,0,0,2,0
TF,LUREX,29.331689,-82.117428,0, ,0.0,0.0,189.0,2.7,2,1020,0,0,0,0,0,0
TF,RW18,29.284958,-82.120047,0, ,0.0,0.0,189.0,2.8,1,136,0,0,0,0,3,1
CA,0,189.0,2,600,0,0,0,0,0,0
DF,DALMO,29.109961,-82.097272,0, ,0.0,0.0,2,2500,0,0,0,0,0,1
HM,DALMO,29.109961,-82.097272,2, ,0.0,0.0,359.0,04,0,0,0,0,0,0,0,0,0

APPTR,R36-J,36,CUSAB
IF,CUSAB,29.030861,-82.018789, ,0.0,0.0,0,0,0,0,0,0,1,0
TF,DALMO,29.109961,-82.097272,0, ,0.0,0.0,0.0,0.0,2,2500,0,0,0,0,1,0

APPTR,R36-J,36,JUTTS
IF,JUTTS,29.600000,-82.033333, ,0.0,0.0,0,0,0,0,0,0,0,0
TF,DALMO,29.109961,-82.097272,0, ,0.0,0.0,0.0,0.0,2,2500,0,0,0,0,0,1
HF,DALMO,29.109961,-82.097272,2, ,0.0,0.0,359.0,04,2,2500,0,0,0,0,1,0,0

APPTR,R36-J,36,OCF
IF,OCF,29.177478,-82.226333, ,0.0,0.0,0,0,0,0,0,0,0,0
TF,DALMO,29.109961,-82.097272,0, ,0.0,0.0,0.0,0.0,2,2500,0,0,0,0,0,1
HF,DALMO,29.109961,-82.097272,2, ,0.0,0.0,359.0,04,2,2500,0,0,0,0,1,0,0

FINAL,R36-J,36,R,4
IF,DALMO,29.109961,-82.097272, ,0.0,0.0,2,2500,0,0,0,0,0,0
TF,ATLSS,29.192842,-82.109233,0, ,0.0,0.0,359.0,5.0,2,1900,0,0,0,0,2,0
TF,FERSO,29.243992,-82.116628,0, ,0.0,0.0,359.0,3.1,2,1160,0,0,0,0,0,0
TF,RW36,29.272242,-82.120744,0, ,0.0,0.0,359.0,1.7,1,1000,0,0,0,0,3,1
CA,0,359.0,2,1000,0,0,0,0,0,0
DF,OAKEL,29.460847,-82.110272,0, ,0.0,0.0,2,2500,0,0,0,0,0,1
HM,OAKEL,29.460847,-82.110272,2, ,0.0,0.0,189.0,04,0,0,0,0,0,0,0,0,0

