APPTR,R32,32,EHF
IF,EHF,35.484556,-119.097294, ,0.0,0.0,0,0,0,0,0,0,0,0
TF,AKADY,35.834672,-119.412889,0, ,0.0,0.0,0.0,0.0,2,2800,0,0,0,0,1,0
TF,LAZGO,35.911847,-119.451911,0, ,0.0,0.0,0.0,0.0,2,2300,0,0,0,0,0,0

APPTR,R32,32,PIXEY
IF,PIXEY,36.093492,-119.406394, ,0.0,0.0,0,0,0,0,0,0,0,0
TF,LAZGO,35.911847,-119.451911,0, ,0.0,0.0,0.0,0.0,2,2300,0,0,0,0,0,1
HF,LAZGO,35.911847,-119.451911,1, ,0.0,0.0,326.0,04,2,2300,0,0,0,0,1,0,0

FINAL,R32,32,R,3
IF,LAZGO,35.911847,-119.451911, ,0.0,0.0,2,2300,0,0,0,0,1,0
TF,YURDO,35.996450,-119.494781,0, ,0.0,0.0,326.0,5.5,2,2000,0,0,0,0,2,0
TF,ENITY,36.075450,-119.534903,0, ,0.0,0.0,326.0,5.1,1,371,0,0,0,0,3,1
CA,0,326.0,2,1000,0,0,0,0,0,0
DF,LAZGO,35.911847,-119.451911,1, ,0.0,0.0,2,2300,0,0,0,0,0,1
HM,LAZGO,35.911847,-119.451911,1, ,0.0,0.0,326.0,04,0,0,0,0,0,0,0,0,0

