STAR,TTHOR3,KYLEG,4
IF,KYLEG,30.826225,-81.646089, ,0.0,0.0,0,0,0,0,0,0,0,0
TF,JAGGZ,30.273231,-81.264303,0, ,0.0,0.0,0.0,0.0,2,24000,0,0,0,0,0,0
TF,WEEEK,29.921892,-81.242714,0, ,0.0,0.0,0.0,0.0,2,16000,0,0,0,0,0,0
TF,TTHOR,29.664778,-81.233342,0, ,0.0,0.0,0.0,0.0,1,12000,0,0,0,0,0,0

STAR,TTHOR3,LPERD,4
IF,LPERD,30.602550,-81.281156, ,0.0,0.0,0,0,0,0,0,0,0,0
TF,JAGGZ,30.273231,-81.264303,0, ,0.0,0.0,0.0,0.0,2,24000,0,0,0,0,0,0
TF,WEEEK,29.921892,-81.242714,0, ,0.0,0.0,0.0,0.0,2,16000,0,0,0,0,0,0
TF,TTHOR,29.664778,-81.233342,0, ,0.0,0.0,0.0,0.0,1,12000,0,0,0,0,0,0

STAR,TTHOR3,ALL,5
IF,TTHOR,29.664778,-81.233342, ,0.0,0.0,1,12000,0,0,0,0,0,0
TF,BIKEZ,29.521950,-81.166697,0, ,0.0,0.0,0.0,0.0,1,12000,0,0,0,0,0,1
FM,BIKEZ,29.521950,-81.166697,0,PIE,0.0,0.0,165.0,0,0,0,0,0,0,0,0

APPTR,R06,06,GUANO
IF,GUANO,29.099647,-81.388592, ,0.0,0.0,0,0,0,0,0,0,1,0
TF,POBNE,28.961414,-81.217800,0, ,0.0,0.0,0.0,0.0,2,2800,0,0,0,0,1,0

APPTR,R06,06,KIZER
IF,KIZER,28.923889,-81.371619, ,0.0,0.0,0,0,0,0,0,0,1,0
TF,POBNE,28.961414,-81.217800,0, ,0.0,0.0,0.0,0.0,2,2800,0,0,0,0,1,0

FINAL,R06,06,R,4
IF,POBNE,28.961414,-81.217800, ,0.0,0.0,2,2800,0,0,0,0,0,0
TF,GAMGY,29.024503,-81.126972,0, ,0.0,0.0,57.0,6.1,2,1700,0,0,0,0,2,0
TF,PIXEE,29.046608,-81.095103,0, ,0.0,0.0,57.0,2.1,2,1020,0,0,0,0,0,0
TF,RW06,29.077367,-81.050714,0, ,0.0,0.0,57.0,3.0,1,74,0,0,0,0,3,1
CA,0,57.0,2,1200,0,0,0,0,0,0
DF,SMYRA,29.005411,-80.992919,2, ,0.0,0.0,2,2000,0,0,0,0,0,1
HM,SMYRA,29.005411,-80.992919,1, ,0.0,0.0,341.0,04,0,0,0,0,0,0,0,0,0

