APPTR,N07,07,MUD1
IF,MUD,-8.331075,157.254906, ,0.0,0.0,2,3800,0,0,0,0,0,0
FC,MUD,-8.331075,157.254906,0,MUD,0.0,0.0,229.0,7.0,2,2000,0,0,0,0,0,1
CF,FF07,-8.340011,157.152183,2,MUD,257.0,6.1,77.0,2.0,2,2000,0,0,0,0,0,0

APPTR,N07,07,MUD2
IF,MUD,-8.331075,157.254906, ,0.0,0.0,2,3800,0,0,0,0,0,0
FC,MUD,-8.331075,157.254906,0,MUD,0.0,0.0,240.0,7.5,2,2000,0,0,0,0,0,1
CF,FF07,-8.340011,157.152183,2,MUD,257.0,6.1,77.0,2.0,2,2000,0,0,0,0,0,0

FINAL,N07,07,N,2
IF,FF07,-8.340011,157.152183,MUD,0.0,0.0,2,2000,0,0,0,0,2,0
CF,MUD,-8.331075,157.254906,0,MUD,0.0,0.0,77.0,6.1,1,48,0,0,0,0,3,0
CA,0,77.0,2,2500,0,0,0,0,0,0
DF,MUD,-8.331075,157.254906,1, ,0.0,0.0,2,3800,0,0,0,0,0,0

APPTR,Q07,07,MUD1
IF,MUD,-8.331075,157.254906, ,0.0,0.0,2,3800,0,0,0,0,0,0
FD,MUD,-8.331075,157.254906,0,MUD,0.0,8.0,227.0,8.0,2,2000,0,0,0,0,0,0
CF,CF07,-8.340400,157.147706,2,MUD,257.0,6.4,77.0,2.0,2,2000,0,0,0,0,0,0

APPTR,Q07,07,MUD2
IF,MUD,-8.331075,157.254906, ,0.0,0.0,2,3800,0,0,0,0,0,0
FD,MUD,-8.331075,157.254906,0,MUD,0.0,8.0,240.0,8.0,2,2000,0,0,0,0,0,0
CF,CF07,-8.340400,157.147706,2,MUD,257.0,6.4,77.0,2.0,2,2000,0,0,0,0,0,0

FINAL,Q07,07,N,3
IF,CF07,-8.340400,157.147706,MUD,0.0,0.0,2,2000,0,0,0,0,0,0
CF,FQ07,-8.338361,157.171156,0,MUD,0.0,0.0,77.0,1.4,2,1550,0,0,0,0,2,0
CF,MQ07,-8.332533,157.238156,0,MUD,0.0,1.0,77.0,4.0,1,357,0,0,0,0,3,0
CF,MUD,-8.331075,157.254906,0,MUD,0.0,0.0,77.0,1.0,0,0,0,0,0,0,0,0
CA,0,77.0,2,2500,0,0,0,0,0,0
DF,MUD,-8.331075,157.254906,1, ,0.0,0.0,2,3800,0,0,0,0,0,0

APPTR,R07,07,KILAM
HF,KILAM,-8.348481,157.063764,2, ,0.0,0.0,77.0,04.3,2,2500,0,0,0,0,1,0,0

APPTR,R07,07,LAKAS
IF,LAKAS,-8.272783,157.027842, ,0.0,0.0,0,0,0,0,0,0,1,0
TF,KILAM,-8.348481,157.063764,0, ,0.0,0.0,0.0,0.0,2,2500,0,0,0,0,1,0

APPTR,R07,07,MUNOS
IF,MUNOS,-8.429467,157.042425, ,0.0,0.0,0,0,0,0,0,0,1,0
TF,KILAM,-8.348481,157.063764,0, ,0.0,0.0,0.0,0.0,2,2500,0,0,0,0,1,0

FINAL,R07,07,R,3
IF,KILAM,-8.348481,157.063764, ,0.0,0.0,2,2500,0,0,0,0,0,0
TF,GM868,-8.340775,157.147464,0, ,0.0,0.0,77.0,5.0,2,2000,0,0,0,0,2,0
TF,MA07,-8.333053,157.231164,0, ,0.0,0.0,77.0,5.0,1,477,0,0,0,0,3,1
DF,KILAM,-8.348481,157.063764,2, ,0.0,0.0,2,2500,0,1,220,0,0,0

APPTR,R25,25,GOMEN
HF,GOMEN,-8.288789,157.462925,1, ,0.0,0.0,251.0,04.3,2,3600,0,1,220,0,1,0,0

APPTR,R25,25,KAKUS
IF,KAKUS,-8.360631,157.506100, ,0.0,0.0,0,0,0,0,0,0,1,0
TF,GOMEN,-8.288789,157.462925,0, ,0.0,0.0,0.0,0.0,2,3000,0,0,0,0,1,0

APPTR,R25,25,LAVEM
IF,LAVEM,-8.206117,157.476217, ,0.0,0.0,0,0,0,0,0,0,1,0
TF,GOMEN,-8.288789,157.462925,0, ,0.0,0.0,0.0,0.0,2,3000,0,0,0,0,1,0

FINAL,R25,25,R,3
IF,GOMEN,-8.288789,157.462925, ,0.0,0.0,2,3000,0,0,0,0,0,0
TF,GM823,-8.304572,157.380372,0, ,0.0,0.0,251.0,5.0,2,2420,0,0,0,0,2,0
TF,MA25,-8.320339,157.297817,0, ,0.0,0.0,251.0,5.0,1,666,0,0,0,0,3,1
CA,0,251.0,2,1500,0,0,0,0,0,0
DF,GOMEN,-8.288789,157.462925,2, ,0.0,0.0,2,3600,0,0,0,0,0,0

