APPTR,R08-A,08,YMSWA
IF,YMSWA,-10.830386,152.678278, ,0.0,0.0,2,4700,0,1,210,0,1,0
TF,YMSWI,-10.749750,152.655528,0, ,0.0,0.0,0.0,0.0,2,2300,0,0,0,0,1,0

APPTR,R08-A,08,YMSWI
IF,YMSWB,-10.772233,152.573975, ,0.0,0.0,2,4700,0,1,210,0,1,0
TF,YMSWI,-10.749750,152.655528,0, ,0.0,0.0,0.0,0.0,2,2300,0,0,0,0,1,0

FINAL,R08-A,08,R,4
IF,YMSWI,-10.749750,152.655528, ,0.0,0.0,2,2300,0,0,0,0,0,0
TF,YMSWF,-10.727247,152.737067,0, ,0.0,0.0,67.0,5.0,2,2000,0,0,0,0,2,0
TF,YMSWZ,-10.716889,152.774572,0, ,0.0,0.0,67.0,2.3,2,1760,0,0,0,0,0,0
TF,YMSWM,-10.700217,152.834900,0, ,0.0,0.0,67.0,3.7,1,1450,0,0,0,0,3,1
TF,YMSWH,-10.677667,152.916417,0, ,0.0,0.0,0.0,0.0,0,0,0,0,0,0,0,0
CA,0,67.0,2,3000,0,0,0,0,0,0

APPTR,R08-B,08,YMSEA
IF,YMSEA,-10.582933,153.017914, ,0.0,0.0,2,3000,0,0,0,0,1,0
TF,YMSEI,-10.665897,153.029228,0, ,0.0,0.0,0.0,0.0,2,3000,0,0,0,0,1,0

APPTR,R08-B,08,YMSEB
IF,YMSEB,-10.654692,153.113103, ,0.0,0.0,2,3000,0,0,0,0,1,0
TF,YMSEI,-10.665897,153.029228,0, ,0.0,0.0,0.0,0.0,2,3000,0,0,0,0,1,0

APPTR,R08-B,08,YMSEC
IF,YMSEC,-10.748861,153.040550, ,0.0,0.0,2,3000,0,0,0,0,1,0
TF,YMSEI,-10.665897,153.029228,0, ,0.0,0.0,0.0,0.0,2,3000,0,0,0,0,1,0

FINAL,R08-B,08,R,3
IF,YMSEI,-10.665897,153.029228, ,0.0,0.0,2,3000,0,0,0,0,0,0
TF,YMSEF,-10.677081,152.945350,0, ,0.0,0.0,255.0,5.0,2,2000,0,0,0,0,2,0
TF,YMSEM,-10.686103,152.877544,0, ,0.0,0.0,255.0,4.0,1,700,0,0,0,0,3,1
DF,YMSEH,-10.781703,152.777864,1, ,0.0,0.0,0,0,0,1,180,0,0,0
CA,0,217.0,2,3000,0,0,0,0,0,0

APPTR,R26-A,26,YMSWA
IF,YMSWA,-10.830386,152.678278, ,0.0,0.0,2,4700,0,1,210,0,1,0
TF,YMSWI,-10.749750,152.655528,0, ,0.0,0.0,0.0,0.0,2,2300,0,0,0,0,1,0

APPTR,R26-A,26,YMSWI
IF,YMSWB,-10.772233,152.573975, ,0.0,0.0,2,4700,0,1,210,0,1,0
TF,YMSWI,-10.749750,152.655528,0, ,0.0,0.0,0.0,0.0,2,2300,0,0,0,0,1,0

FINAL,R26-A,26,R,4
IF,YMSWI,-10.749750,152.655528, ,0.0,0.0,2,2300,0,0,0,0,0,0
TF,YMSWF,-10.727247,152.737067,0, ,0.0,0.0,67.0,5.0,2,2000,0,0,0,0,2,0
TF,YMSWZ,-10.716889,152.774572,0, ,0.0,0.0,67.0,2.3,2,1760,0,0,0,0,0,0
TF,YMSWM,-10.700217,152.834900,0, ,0.0,0.0,67.0,3.7,1,1450,0,0,0,0,3,1
TF,YMSWH,-10.677667,152.916417,0, ,0.0,0.0,0.0,0.0,0,0,0,0,0,0,0,0
CA,0,67.0,2,3000,0,0,0,0,0,0

APPTR,R26-B,26,YMSEA
IF,YMSEA,-10.582933,153.017914, ,0.0,0.0,2,3000,0,0,0,0,1,0
TF,YMSEI,-10.665897,153.029228,0, ,0.0,0.0,0.0,0.0,2,3000,0,0,0,0,1,0

APPTR,R26-B,26,YMSEB
IF,YMSEB,-10.654692,153.113103, ,0.0,0.0,2,3000,0,0,0,0,1,0
TF,YMSEI,-10.665897,153.029228,0, ,0.0,0.0,0.0,0.0,2,3000,0,0,0,0,1,0

APPTR,R26-B,26,YMSEC
IF,YMSEC,-10.748861,153.040550, ,0.0,0.0,2,3000,0,0,0,0,1,0
TF,YMSEI,-10.665897,153.029228,0, ,0.0,0.0,0.0,0.0,2,3000,0,0,0,0,1,0

FINAL,R26-B,26,R,3
IF,YMSEI,-10.665897,153.029228, ,0.0,0.0,2,3000,0,0,0,0,0,0
TF,YMSEF,-10.677081,152.945350,0, ,0.0,0.0,255.0,5.0,2,2000,0,0,0,0,2,0
TF,YMSEM,-10.686103,152.877544,0, ,0.0,0.0,255.0,4.0,1,700,0,0,0,0,3,1
DF,YMSEH,-10.781703,152.777864,1, ,0.0,0.0,0,0,0,1,180,0,0,0
CA,0,217.0,2,3000,0,0,0,0,0,0

