SID,GUNKI1,14L,4
DF,DE14L,-9.452019,147.226975,0, ,0.0,0.0,0,0,0,0,0,0,0,1
CA,0,143.0,2,1500,0,0,0,0,0,0
DF,RIRGO,-9.550592,147.059164,2, ,0.0,0.0,0,0,0,0,0,0,0,0
TF,GUNKI,-9.407947,146.712008,0, ,0.0,0.0,0.0,0.0,0,0,0,0,0,0,0,0

SID,GUNKI1,32R,4
CA,0,322.0,2,630,0,0,0,0,0,0
CF,ANLOB,-9.311739,147.125594,0,PY,321.9,10.0,318.0,9.0,0,0,0,0,0,0,0,0
TF,BELUP,-9.430533,146.962692,0, ,0.0,0.0,0.0,0.0,0,0,0,0,0,0,0,0
TF,GUNKI,-9.407947,146.712008,0, ,0.0,0.0,0.0,0.0,0,0,0,0,0,0,0,0

SID,LOTGU1,14L,4
DF,DE14L,-9.452019,147.226975,0, ,0.0,0.0,0,0,0,0,0,0,0,1
CA,0,143.0,2,1500,0,0,0,0,0,0
DF,LOTGU,-10.242444,147.463228,0, ,0.0,0.0,0,0,0,0,0,0,0,0

SID,LOTGU1,32R,4
CA,0,322.0,2,630,0,0,0,0,0,0
CF,ANLOB,-9.311739,147.125594,0,PY,321.9,10.0,318.0,9.0,0,0,0,0,0,0,0,0
TF,BELUP,-9.430533,146.962692,0, ,0.0,0.0,0.0,0.0,0,0,0,0,0,0,0,0
TF,TAVON,-9.772889,147.152847,0, ,0.0,0.0,0.0,0.0,0,0,0,0,0,0,0,0
TF,LOTGU,-10.242444,147.463228,0, ,0.0,0.0,0.0,0.0,0,0,0,0,0,0,0,0

SID,NUPTA1,14L,4
CA,0,143.0,2,4000,0,0,0,0,0,0
DF,NUPTA,-9.949025,147.887447,0, ,0.0,0.0,0,0,0,0,0,0,0,0

SID,NUPTA1,32R,4
CA,0,322.0,2,630,0,0,0,0,0,0
CF,ANLOB,-9.311739,147.125594,0,PY,321.9,10.0,318.0,9.0,0,0,0,0,0,0,0,0
TF,VEDNU,-9.191472,147.290314,0, ,0.0,0.0,0.0,0.0,0,0,0,0,0,0,0,0
TF,KAKRA,-9.319475,147.411825,0, ,0.0,0.0,0.0,0.0,0,0,0,0,0,0,0,0
TF,NUPTA,-9.949025,147.887447,0, ,0.0,0.0,0.0,0.0,0,0,0,0,0,0,0,0

SID,ODOGA1,14L,4
CA,0,143.0,2,5000,0,0,0,0,0,0
DF,BODUX,-9.471044,147.479556,1, ,0.0,0.0,3,9000,0,0,0,0,0,0
TF,KAKRA,-9.319475,147.411825,0, ,0.0,0.0,0.0,0.0,2,9000,0,0,0,0,0,0
TF,OVPED,-9.143225,147.285525,0, ,0.0,0.0,0.0,0.0,2,12000,0,0,0,0,0,0
TF,LELID,-8.911092,147.119419,0, ,0.0,0.0,0.0,0.0,0,0,0,0,0,0,0,0
TF,ODOGA,-8.622225,147.068536,0, ,0.0,0.0,0.0,0.0,0,0,0,0,0,0,0,0

SID,ODOGA1,32R,4
CA,0,322.0,2,630,0,0,0,0,0,0
CF,ANLOB,-9.311739,147.125594,0,PY,321.9,10.0,318.0,9.0,0,0,0,0,0,0,0,0
TF,LELID,-8.911092,147.119419,0, ,0.0,0.0,0.0,0.0,0,0,0,0,0,0,0,0
TF,ODOGA,-8.622225,147.068536,0, ,0.0,0.0,0.0,0.0,0,0,0,0,0,0,0,0

SID,RUKVI1,14L,4
CA,0,143.0,2,5000,0,0,0,0,0,0
DF,BODUX,-9.471044,147.479556,1, ,0.0,0.0,3,9000,0,0,0,0,0,0
TF,KAKRA,-9.319475,147.411825,0, ,0.0,0.0,0.0,0.0,2,9000,0,0,0,0,0,0
TF,OVPED,-9.143225,147.285525,0, ,0.0,0.0,0.0,0.0,2,12000,0,0,0,0,0,0
TF,RUKVI,-8.584364,147.411831,0, ,0.0,0.0,0.0,0.0,0,0,0,0,0,0,0,0

SID,RUKVI1,32R,4
CA,0,322.0,2,630,0,0,0,0,0,0
CF,ANLOB,-9.311739,147.125594,0,PY,321.9,10.0,318.0,9.0,0,0,0,0,0,0,0,0
TF,LELID,-8.911092,147.119419,0, ,0.0,0.0,0.0,0.0,0,0,0,0,0,0,0,0
TF,RUKVI,-8.584364,147.411831,0, ,0.0,0.0,0.0,0.0,0,0,0,0,0,0,0,0

SID,STARF1,14L,4
DF,DE14L,-9.452019,147.226975,0, ,0.0,0.0,0,0,0,0,0,0,0,1
CA,0,143.0,2,1500,0,0,0,0,0,0
DF,RIRGO,-9.550592,147.059164,2, ,0.0,0.0,0,0,0,0,0,0,0,0
TF,BELUP,-9.430533,146.962692,0, ,0.0,0.0,0.0,0.0,0,0,0,0,0,0,0,0
TF,STARF,-9.126561,146.725297,0, ,0.0,0.0,0.0,0.0,0,0,0,0,0,0,0,0

SID,STARF1,32R,4
CA,0,322.0,2,630,0,0,0,0,0,0
CF,ANLOB,-9.311739,147.125594,0,PY,321.9,10.0,318.0,9.0,0,0,0,0,0,0,0,0
TF,STARF,-9.126561,146.725297,0, ,0.0,0.0,0.0,0.0,0,0,0,0,0,0,0,0

SID,TOMOM1,14L,4
CA,0,143.0,2,5000,0,0,0,0,0,0
DF,BODUX,-9.471044,147.479556,1, ,0.0,0.0,3,9000,0,0,0,0,0,0
TF,VIGUV,-9.324503,147.495314,0, ,0.0,0.0,0.0,0.0,2,9500,0,0,0,0,0,0
TF,UKDES,-9.257903,147.502469,0, ,0.0,0.0,0.0,0.0,0,0,0,0,0,0,0,0
TF,TOMOM,-9.072292,147.775317,0, ,0.0,0.0,0.0,0.0,0,0,0,0,0,0,0,0

SID,TOMOM1,32R,4
CA,0,322.0,2,630,0,0,0,0,0,0
CF,ANLOB,-9.311739,147.125594,0,PY,321.9,10.0,318.0,9.0,0,0,0,0,0,0,0,0
TF,VEDNU,-9.191472,147.290314,0, ,0.0,0.0,0.0,0.0,0,0,0,0,0,0,0,0
TF,UKDES,-9.257903,147.502469,0, ,0.0,0.0,0.0,0.0,0,0,0,0,0,0,0,0
TF,TOMOM,-9.072292,147.775317,0, ,0.0,0.0,0.0,0.0,0,0,0,0,0,0,0,0

SID,UNSAM1,14L,4
DF,DE14L,-9.452019,147.226975,0, ,0.0,0.0,0,0,0,0,0,0,0,1
CA,0,143.0,2,1500,0,0,0,0,0,0
DF,TAVON,-9.772889,147.152847,0, ,0.0,0.0,0,0,0,0,0,0,0,0
TF,UNSAM,-10.263550,147.057142,0, ,0.0,0.0,0.0,0.0,0,0,0,0,0,0,0,0

SID,UNSAM1,32R,4
CA,0,322.0,2,630,0,0,0,0,0,0
CF,ANLOB,-9.311739,147.125594,0,PY,321.9,10.0,318.0,9.0,0,0,0,0,0,0,0,0
TF,BELUP,-9.430533,146.962692,0, ,0.0,0.0,0.0,0.0,0,0,0,0,0,0,0,0
TF,TAVON,-9.772889,147.152847,0, ,0.0,0.0,0.0,0.0,0,0,0,0,0,0,0,0
TF,UNSAM,-10.263550,147.057142,0, ,0.0,0.0,0.0,0.0,0,0,0,0,0,0,0,0

STAR,ENTO1A,ALL,5
IF,ENTOG,-9.405944,147.889194, ,0.0,0.0,0,0,0,0,0,0,0,0
TF,DOVLU,-9.455369,147.720586,0, ,0.0,0.0,0.0,0.0,0,0,0,0,0,0,0,0

STAR,ENTO1A,14L,6
IF,DOVLU,-9.455369,147.720586, ,0.0,0.0,0,0,0,0,0,0,0,0
TF,EMVUD,-9.584000,147.280239,0, ,0.0,0.0,0.0,0.0,0,0,0,0,0,0,0,0
TF,ATSIM,-9.497061,147.136075,0, ,0.0,0.0,0.0,0.0,0,0,0,0,0,0,0,0
TF,ADLEV,-9.242667,146.979164,0, ,0.0,0.0,0.0,0.0,0,0,0,0,0,0,0,0
TF,DAPLO,-9.190192,147.065392,0, ,0.0,0.0,0.0,0.0,0,0,0,0,0,0,0,0
TF,VIMIB,-9.275856,147.118225,0, ,0.0,0.0,0.0,0.0,0,0,0,0,0,0,0,0

STAR,ENTO1A,32R,6
IF,DOVLU,-9.455369,147.720586, ,0.0,0.0,0,0,0,0,0,0,0,0
TF,OBGOP,-9.613903,147.560244,0, ,0.0,0.0,0.0,0.0,0,0,0,0,0,0,0,0
TF,SARAB,-9.718436,147.391586,0, ,0.0,0.0,0.0,0.0,0,0,0,0,0,0,0,0
TF,ISLOK,-9.632806,147.338636,2, ,0.0,0.0,0.0,0.0,0,0,0,0,0,0,0,0

STAR,ENTO1B,14L,5
IF,ENTOG,-9.405944,147.889194, ,0.0,0.0,0,0,0,0,0,0,0,0
TF,DOVLU,-9.455369,147.720586,0, ,0.0,0.0,0.0,0.0,0,0,0,0,0,0,0,0
TF,IKUDA,-9.267811,147.579892,0, ,0.0,0.0,0.0,0.0,1,8500,0,0,0,0,0,0
TF,TANUB,-9.204533,147.423850,0, ,0.0,0.0,0.0,0.0,0,0,0,0,0,0,0,0
TF,AKVAT,-9.111439,147.194686,0, ,0.0,0.0,0.0,0.0,0,0,0,0,0,0,0,0
TF,DAPLO,-9.190192,147.065392,0, ,0.0,0.0,0.0,0.0,0,0,0,0,0,0,0,0
TF,VIMIB,-9.275856,147.118225,0, ,0.0,0.0,0.0,0.0,0,0,0,0,0,0,0,0

STAR,GUMBU1,ALL,5
IF,GUMBU,-9.377697,146.379342, ,0.0,0.0,0,0,0,0,0,0,0,0

STAR,GUMBU1,14L,6
IF,GUMBU,-9.377697,146.379342, ,0.0,0.0,0,0,0,0,0,0,0,0
TF,BUVEN,-9.261250,146.896914,0, ,0.0,0.0,0.0,0.0,0,0,0,0,0,0,0,0
TF,ADLEV,-9.242667,146.979164,0, ,0.0,0.0,0.0,0.0,0,0,0,0,0,0,0,0
TF,DAPLO,-9.190192,147.065392,0, ,0.0,0.0,0.0,0.0,0,0,0,0,0,0,0,0
TF,VIMIB,-9.275856,147.118225,0, ,0.0,0.0,0.0,0.0,0,0,0,0,0,0,0,0

STAR,GUMBU1,32R,6
IF,GUMBU,-9.377697,146.379342, ,0.0,0.0,0,0,0,0,0,0,0,0
TF,UGREK,-9.770972,147.305264,0, ,0.0,0.0,0.0,0.0,0,0,0,0,0,0,0,0
TF,SARAB,-9.718436,147.391586,0, ,0.0,0.0,0.0,0.0,0,0,0,0,0,0,0,0
TF,ISLOK,-9.632806,147.338636,0, ,0.0,0.0,0.0,0.0,0,0,0,0,0,0,0,0

STAR,LOTGU1,ALL,5
IF,LOTGU,-10.242444,147.463228, ,0.0,0.0,0,0,0,0,0,0,0,0

STAR,LOTGU1,14L,6
IF,LOTGU,-10.242444,147.463228, ,0.0,0.0,0,0,0,0,0,0,0,0
TF,ATSIM,-9.497061,147.136075,0, ,0.0,0.0,0.0,0.0,0,0,0,0,0,0,0,0
TF,ADLEV,-9.242667,146.979164,0, ,0.0,0.0,0.0,0.0,0,0,0,0,0,0,0,0
TF,DAPLO,-9.190192,147.065392,0, ,0.0,0.0,0.0,0.0,0,0,0,0,0,0,0,0
TF,VIMIB,-9.275856,147.118225,0, ,0.0,0.0,0.0,0.0,0,0,0,0,0,0,0,0

STAR,LOTGU1,32R,6
IF,LOTGU,-10.242444,147.463228, ,0.0,0.0,0,0,0,0,0,0,0,0
TF,UGOTO,-9.903564,147.416869,0, ,0.0,0.0,0.0,0.0,0,0,0,0,0,0,0,0
TF,SARAB,-9.718436,147.391586,0, ,0.0,0.0,0.0,0.0,0,0,0,0,0,0,0,0
TF,ISLOK,-9.632806,147.338636,0, ,0.0,0.0,0.0,0.0,0,0,0,0,0,0,0,0

STAR,MUDOV1,ALL,5
IF,MUDOV,-8.977556,147.914353, ,0.0,0.0,0,0,0,0,0,0,0,0

STAR,MUDOV1,14L,6
IF,MUDOV,-8.977556,147.914353, ,0.0,0.0,0,0,0,0,0,0,0,0
TF,MIMEP,-9.032008,147.622639,0, ,0.0,0.0,0.0,0.0,0,0,0,0,0,0,0,0
TF,MEVOR,-9.082244,147.352311,0, ,0.0,0.0,0.0,0.0,3,11000,0,0,0,0,0,0
TF,AKVAT,-9.111439,147.194686,0, ,0.0,0.0,0.0,0.0,0,0,0,0,0,0,0,0
TF,DAPLO,-9.190192,147.065392,0, ,0.0,0.0,0.0,0.0,0,0,0,0,0,0,0,0
TF,VIMIB,-9.275856,147.118225,0, ,0.0,0.0,0.0,0.0,0,0,0,0,0,0,0,0

STAR,MUDOV1,32R,6
IF,MUDOV,-8.977556,147.914353, ,0.0,0.0,0,0,0,0,0,0,0,0
TF,NISUK,-9.215725,147.781992,0, ,0.0,0.0,0.0,0.0,0,0,0,0,0,0,0,0
TF,IPLUD,-9.362272,147.700447,0, ,0.0,0.0,0.0,0.0,0,0,0,0,0,0,0,0
TF,OBGOP,-9.613903,147.560244,0, ,0.0,0.0,0.0,0.0,0,0,0,0,0,0,0,0
TF,SARAB,-9.718436,147.391586,0, ,0.0,0.0,0.0,0.0,0,0,0,0,0,0,0,0
TF,ISLOK,-9.632806,147.338636,2, ,0.0,0.0,0.0,0.0,0,0,0,0,0,0,0,0

STAR,NUPTA1,ALL,5
IF,NUPTA,-9.949025,147.887447, ,0.0,0.0,0,0,0,0,0,0,0,0

STAR,NUPTA1,14L,6
IF,NUPTA,-9.949025,147.887447, ,0.0,0.0,0,0,0,0,0,0,0,0
TF,EMVUD,-9.584000,147.280239,0, ,0.0,0.0,0.0,0.0,0,0,0,0,0,0,0,0
TF,ATSIM,-9.497061,147.136075,0, ,0.0,0.0,0.0,0.0,0,0,0,0,0,0,0,0
TF,ADLEV,-9.242667,146.979164,0, ,0.0,0.0,0.0,0.0,0,0,0,0,0,0,0,0
TF,DAPLO,-9.190192,147.065392,0, ,0.0,0.0,0.0,0.0,0,0,0,0,0,0,0,0
TF,VIMIB,-9.275856,147.118225,0, ,0.0,0.0,0.0,0.0,0,0,0,0,0,0,0,0

STAR,NUPTA1,32R,6
IF,NUPTA,-9.949025,147.887447, ,0.0,0.0,0,0,0,0,0,0,0,0
TF,IDRUL,-9.841506,147.655958,0, ,0.0,0.0,0.0,0.0,0,0,0,0,0,0,0,0
TF,SARAB,-9.718436,147.391586,0, ,0.0,0.0,0.0,0.0,0,0,0,0,0,0,0,0
TF,ISLOK,-9.632806,147.338636,0, ,0.0,0.0,0.0,0.0,0,0,0,0,0,0,0,0

STAR,SAKTO1,ALL,5
IF,SAKTO,-8.702858,146.742886, ,0.0,0.0,0,0,0,0,0,0,0,0

STAR,SAKTO1,14L,6
IF,SAKTO,-8.702858,146.742886, ,0.0,0.0,0,0,0,0,0,0,0,0
TF,VANGI,-9.029022,146.958617,0, ,0.0,0.0,0.0,0.0,0,0,0,0,0,0,0,0
TF,DAPLO,-9.190192,147.065392,0, ,0.0,0.0,0.0,0.0,0,0,0,0,0,0,0,0
TF,VIMIB,-9.275856,147.118225,0, ,0.0,0.0,0.0,0.0,0,0,0,0,0,0,0,0

STAR,SAKTO1,32R,6
IF,SAKTO,-8.702858,146.742886, ,0.0,0.0,0,0,0,0,0,0,0,0
TF,OPARO,-9.041822,146.814381,0, ,0.0,0.0,0.0,0.0,0,0,0,0,0,0,0,0
TF,POKUM,-9.426172,147.082422,0, ,0.0,0.0,0.0,0.0,0,0,0,0,0,0,0,0
TF,UGREK,-9.770972,147.305264,0, ,0.0,0.0,0.0,0.0,0,0,0,0,0,0,0,0
TF,SARAB,-9.718436,147.391586,0, ,0.0,0.0,0.0,0.0,0,0,0,0,0,0,0,0
TF,ISLOK,-9.632806,147.338636,0, ,0.0,0.0,0.0,0.0,0,0,0,0,0,0,0,0

STAR,UNSAM1,ALL,5
IF,UNSAM,-10.263550,147.057142, ,0.0,0.0,0,0,0,0,0,0,0,0

STAR,UNSAM1,14L,6
IF,UNSAM,-10.263550,147.057142, ,0.0,0.0,0,0,0,0,0,0,0,0
TF,ATSIM,-9.497061,147.136075,0, ,0.0,0.0,0.0,0.0,0,0,0,0,0,0,0,0
TF,ADLEV,-9.242667,146.979164,0, ,0.0,0.0,0.0,0.0,0,0,0,0,0,0,0,0
TF,DAPLO,-9.190192,147.065392,0, ,0.0,0.0,0.0,0.0,0,0,0,0,0,0,0,0
TF,VIMIB,-9.275856,147.118225,0, ,0.0,0.0,0.0,0.0,0,0,0,0,0,0,0,0

STAR,UNSAM1,32R,6
IF,UNSAM,-10.263550,147.057142, ,0.0,0.0,0,0,0,0,0,0,0,0
TF,UGOTO,-9.903564,147.416869,0, ,0.0,0.0,0.0,0.0,0,0,0,0,0,0,0,0
TF,SARAB,-9.718436,147.391586,0, ,0.0,0.0,0.0,0.0,0,0,0,0,0,0,0,0
TF,ISLOK,-9.632806,147.338636,0, ,0.0,0.0,0.0,0.0,0,0,0,0,0,0,0,0

APPTR,D14L,14L,PY
IF,PY,-9.453333,147.215000, ,0.0,0.0,2,4000,0,1,180,0,1,0
FD,PY,-9.453333,147.215000,0,PY,0.0,10.0,317.0,10.0,2,2500,0,0,0,0,0,0
CF,FD14,-9.298072,147.151850,2,PY,332.0,10.0,152.0,1.0,2,2500,0,0,0,0,0,0

FINAL,D14L,14L,D,2
IF,FD14,-9.298072,147.151850,PY,332.0,10.0,2,2500,0,0,0,0,2,0
CF,MD14,-9.395889,147.191628,0,PY,332.0,3.7,152.0,6.3,1,934,0,0,0,0,3,0
CA,0,142.0,2,2500,0,0,0,0,0,0
DF,PY,-9.453333,147.215000,2, ,0.0,0.0,2,4000,0,0,0,0,0,0

APPTR,D32R,32R,PY
IF,PY,-9.453333,147.215000, ,0.0,0.0,2,4000,0,1,180,0,1,0
FD,PY,-9.453333,147.215000,0,PY,0.0,8.0,148.0,8.0,2,2400,0,0,0,0,0,0
CF,FD32,-9.549681,147.308744,1,PY,130.0,8.0,310.0,1.0,2,2400,0,0,0,0,0,0

FINAL,D32R,32R,D,2
IF,FD32,-9.549681,147.308744,PY,130.0,8.0,2,2400,0,0,0,0,2,0
CF,MD32,-9.489464,147.250147,0,PY,130.0,3.0,310.0,5.0,1,1006,0,0,0,0,3,0
CA,0,322.0,2,2500,0,0,0,0,0,0
DF,PY,-9.453333,147.215000,1, ,0.0,0.0,2,4000,0,0,0,0,0,0

FINAL,I14L,14L,I,3
IF,CF14L,-9.322308,147.146858,IWG,322.5,9.6,2,2500,0,0,0,0,1,0
CF,FF14L,-9.374692,147.179228,0,IWG,322.5,5.9,142.0,3.7,1,1400,0,0,0,0,2,0
CF,RW14L,-9.430883,147.213908,0,IWG,322.4,2.0,142.0,3.9,1,153,0,0,0,0,3,0
CA,0,142.0,2,1500,0,0,0,0,0,0
CD, ,0,0,2,PY,0,0.0,322.0,9.0,2,2500,0,0,0,0,0,0
DF,PY90,-9.319444,147.145131,2, ,0.0,0.0,0,0,0,0,0,0,0,0
HM,PY90,-9.319444,147.145131,2, ,0.0,0.0,142.0,04.3,0,0,0,1,210,0,0,0,0

APPTR,I32R,32R,ISLOK
IF,ISLOK,-9.632806,147.338636, ,0.0,0.0,2,4000,0,1,210,0,1,0
CF,CF32R,-9.564178,147.296375,0,IBB,142.5,9.6,322.0,4.8,2,2000,0,0,0,0,0,0

APPTR,I32R,32R,TESEM
IF,TESEM,-9.460833,147.232500, ,0.0,0.0,2,4000,0,1,180,0,1,0
FC,TESEM,-9.460833,147.232500,0,PY,0.0,0.0,160.0,7.5,2,2000,0,0,0,0,0,1
CF,CF32R,-9.564178,147.296375,1,IBB,142.5,9.6,322.0,1.0,2,2000,0,0,0,0,0,0

FINAL,I32R,32R,I,3
IF,CF32R,-9.564178,147.296375,IBB,142.5,9.6,2,2000,0,0,0,0,0,0
CF,FF32R,-9.535500,147.278628,0,IBB,142.5,7.6,322.0,2.0,1,2000,0,0,0,0,2,0
CF,RW32R,-9.452019,147.226975,0,IBB,142.5,1.7,322.0,5.9,1,178,0,0,0,0,3,0
CA,0,322.0,2,2500,0,0,0,0,0,0
DF,TESEM,-9.460833,147.232500,1, ,0.0,0.0,1,4000,0,0,0,0,0,0

APPTR,L32R,32R,ISLOK
IF,ISLOK,-9.632806,147.338636, ,0.0,0.0,2,4000,0,1,210,0,1,0
CF,CF32R,-9.564178,147.296375,0,IBB,142.5,9.6,322.0,4.8,2,2000,0,0,0,0,0,0

APPTR,L32R,32R,TESEM
IF,TESEM,-9.460833,147.232500, ,0.0,0.0,2,4000,0,1,180,0,1,0
FC,TESEM,-9.460833,147.232500,0,PY,0.0,0.0,160.0,7.5,2,2000,0,0,0,0,0,1
CF,CF32R,-9.564178,147.296375,1,IBB,142.5,9.6,322.0,1.0,2,2000,0,0,0,0,0,0

FINAL,L32R,32R,D,3
IF,CF32R,-9.564178,147.296375,IBB,142.5,9.6,2,2000,0,0,0,0,0,0
CF,FF32R,-9.535500,147.278628,0,IBB,142.5,7.6,322.0,2.0,2,2000,0,0,0,0,2,0
CF,TESEM,-9.460833,147.232500,0,IBB,142.4,2.3,322.0,5.2,1,376,0,0,0,0,3,0
CA,0,322.0,2,2500,0,0,0,0,0,0
DF,TESEM,-9.460833,147.232500,1, ,0.0,0.0,1,4000,0,0,0,0,0,0

FINAL,R14L,14L,R,4
IF,VIMIB,-9.275856,147.118225, ,0.0,0.0,2,2900,0,0,0,0,1,0
TF,YPYNF,-9.361511,147.171086,0, ,0.0,0.0,143.0,6.0,2,1700,0,0,0,0,2,0
TF,YPYNZ,-9.390061,147.188711,0, ,0.0,0.0,143.0,2.0,2,1060,0,0,0,0,0,0
TF,YPYNM,-9.430858,147.213903,0, ,0.0,0.0,143.0,2.9,1,154,0,0,0,0,3,1
DF,YPYNT,-9.502236,147.257975,0, ,0.0,0.0,0,0,0,0,0,0,0,1
DF,YPYNH,-9.518744,147.127589,2, ,0.0,0.0,0,0,0,1,230,0,0,0
CA,0,323.0,2,2900,0,0,0,0,0,0

FINAL,R32R,32R,R,3
IF,ISLOK,-9.632806,147.338636, ,0.0,0.0,2,2900,0,0,0,0,1,0
TF,YPYSF,-9.533744,147.277425,0, ,0.0,0.0,323.0,7.0,2,2000,0,0,0,0,2,0
TF,YPYSM,-9.476325,147.241975,0, ,0.0,0.0,323.0,4.0,1,721,0,0,0,0,3,1
DF,YPYST,-9.380683,147.182919,0, ,0.0,0.0,0,0,0,0,0,0,0,1
DF,YPYSH,-9.578206,147.147314,1, ,0.0,0.0,0,0,0,0,0,0,0,0
CA,0,143.0,2,2900,0,0,0,0,0,0

APPTR,S32R,32R,PY
IF,PY,-9.453333,147.215000, ,0.0,0.0,2,4000,0,1,180,0,1,0
FC,PY,-9.453333,147.215000,0,PY,0.0,0.0,148.0,7.5,2,2400,0,0,0,0,0,1
CF,FS32,-9.542089,147.301358,1,PY,130.0,7.4,310.0,1.0,2,2400,0,0,0,0,0,0

FINAL,S32R,32R,D,2
IF,FS32,-9.542089,147.301358,PY,130.0,7.4,2,2400,0,0,0,0,2,0
CF,PY,-9.453333,147.215000,0,PY,0.0,0.0,310.0,7.4,1,1000,0,0,0,0,3,0
CA,0,322.0,2,2500,0,0,0,0,0,0
DF,PY,-9.453333,147.215000,1, ,0.0,0.0,2,4000,0,0,0,0,0,0

