APPTR,R04-A,04,ELMUT
IF,ELMUT,72.546936,-56.517725, ,0.0,0.0,2,3400,0,0,0,0,1,0
TF,UKI04,72.621431,-56.395656,0, ,0.0,0.0,0.0,0.0,2,3300,0,0,0,0,1,0

APPTR,R04-A,04,ROVIN
IF,ROVIN,72.584642,-56.147033, ,0.0,0.0,2,5100,0,0,0,0,1,0
TF,UKI04,72.621431,-56.395656,0, ,0.0,0.0,0.0,0.0,2,3300,0,0,0,0,1,0

APPTR,R04-A,04,UPDAS
IF,UPDAS,72.657892,-56.644947, ,0.0,0.0,2,5100,0,0,0,0,1,0
TF,UKI04,72.621431,-56.395656,0, ,0.0,0.0,0.0,0.0,2,3300,0,0,0,0,1,0

FINAL,R04-A,04,R,3
IF,UKI04,72.621431,-56.395656, ,0.0,0.0,2,3300,0,0,0,0,0,0
TF,UKF04,72.695844,-56.272572,0, ,0.0,0.0,59.0,5.0,2,2700,0,0,0,0,2,0
TF,UKM04,72.774378,-56.141392,0, ,0.0,0.0,59.0,5.3,1,733,0,0,0,0,3,1
CA,0,59.0,2,1500,0,0,0,0,0,0
DF,UPDAS,72.657892,-56.644947,1, ,0.0,0.0,1,3300,0,0,0,0,0,0
HM,UPDAS,72.657892,-56.644947,2, ,0.0,0.0,149.0,04.3,1,3300,0,0,0,0,0,0,0

APPTR,R22,22,SOPAN
IF,SOPAN,72.939458,-55.738875, ,0.0,0.0,2,5100,0,0,0,0,1,0
TF,UKI22,72.956311,-56.015842,0, ,0.0,0.0,0.0,0.0,2,3300,0,0,0,0,1,0

APPTR,R22,22,TUTIT
IF,TUTIT,73.037539,-55.958933, ,0.0,0.0,2,5300,0,0,0,0,1,0
TF,UKI22,72.956311,-56.015842,0, ,0.0,0.0,0.0,0.0,2,3300,0,0,0,0,1,0

APPTR,R22,22,UPKON
IF,UPKON,72.972981,-56.293008, ,0.0,0.0,2,4000,0,0,0,0,1,0
TF,UKI22,72.956311,-56.015842,0, ,0.0,0.0,0.0,0.0,2,3300,0,0,0,0,1,0

FINAL,R22,22,R,3
IF,UKI22,72.956311,-56.015842, ,0.0,0.0,2,3300,0,0,0,0,0,0
TF,UKF22,72.875208,-56.072136,0, ,0.0,0.0,225.0,5.0,2,2200,0,0,0,0,2,0
TF,RW22,72.793692,-56.128189,0, ,0.0,0.0,225.0,5.0,1,445,0,0,0,0,3,1
CF,UK401,72.767078,-56.393353,0,UP,283.9,4.7,284.0,5.0,0,0,0,0,0,0,0,0
TF,UK402,72.799814,-56.519911,0, ,0.0,0.0,0.0,0.0,0,0,0,0,0,0,0,0
TF,UPKON,72.972981,-56.293008,0, ,0.0,0.0,0.0,0.0,1,3300,0,0,0,0,0,0
HM,UPKON,72.972981,-56.293008,2, ,0.0,0.0,135.0,04.3,1,3300,0,0,0,0,0,0,0

APPTR,R22-A,22,ELMUT
IF,ELMUT,72.546936,-56.517725, ,0.0,0.0,2,3400,0,0,0,0,1,0
TF,UKI04,72.621431,-56.395656,0, ,0.0,0.0,0.0,0.0,2,3300,0,0,0,0,1,0

APPTR,R22-A,22,ROVIN
IF,ROVIN,72.584642,-56.147033, ,0.0,0.0,2,5100,0,0,0,0,1,0
TF,UKI04,72.621431,-56.395656,0, ,0.0,0.0,0.0,0.0,2,3300,0,0,0,0,1,0

APPTR,R22-A,22,UPDAS
IF,UPDAS,72.657892,-56.644947, ,0.0,0.0,2,5100,0,0,0,0,1,0
TF,UKI04,72.621431,-56.395656,0, ,0.0,0.0,0.0,0.0,2,3300,0,0,0,0,1,0

FINAL,R22-A,22,R,3
IF,UKI04,72.621431,-56.395656, ,0.0,0.0,2,3300,0,0,0,0,0,0
TF,UKF04,72.695844,-56.272572,0, ,0.0,0.0,59.0,5.0,2,2700,0,0,0,0,2,0
TF,UKM04,72.774378,-56.141392,0, ,0.0,0.0,59.0,5.3,1,733,0,0,0,0,3,1
CA,0,59.0,2,1500,0,0,0,0,0,0
DF,UPDAS,72.657892,-56.644947,1, ,0.0,0.0,1,3300,0,0,0,0,0,0
HM,UPDAS,72.657892,-56.644947,2, ,0.0,0.0,149.0,04.3,1,3300,0,0,0,0,0,0,0

