SID,ISAC1A,08,5
CA,0,76.0,2,410,0,1,150,0,0,0
CF,IS401,66.112092,-23.059325,0,KFV,9.2,128.7,40.0,3.0,2,500,0,1,150,0,0,1
TF,IS402,66.092725,-22.823097,0, ,0.0,0.0,0.0,0.0,2,2000,0,1,170,0,0,0
TF,ISACI,65.830581,-22.716486,0, ,0.0,0.0,0.0,0.0,2,5300,0,0,0,0,0,0

SID,RE1A,08,5
CA,0,76.0,2,410,0,1,150,0,0,0
CF,IS401,66.112092,-23.059325,0,KFV,9.2,128.7,40.0,3.0,2,500,0,1,150,0,0,1
TF,IS402,66.092725,-22.823097,0, ,0.0,0.0,0.0,0.0,2,2000,0,1,170,0,0,0
TF,RE,65.926472,-22.431528,0, ,0.0,0.0,0.0,0.0,2,5300,0,0,0,0,0,0

APPTR,Q08-C,08,RE
IF,RE,65.926472,-22.431528, ,0.0,0.0,0,0,0,0,0,0,1,0
CF,OG,66.043972,-22.681444,0,AKI,292.6,116.4,333.0,9.4,2,1960,0,0,0,0,0,0

FINAL,Q08-C,08,N,3
IF,OG,66.043972,-22.681444,OG,0.0,0.0,2,1960,0,0,0,0,2,0
CF,20DME,66.066336,-22.742639,0,OG,0.0,0.0,326.0,2.0,2,1310,0,0,0,0,0,0
CF,MQ326,66.094075,-22.818772,0,OG,0.0,4.5,326.0,2.5,1,910,0,0,0,0,3,0
CA,0,326.0,2,3500,0,0,0,0,0,0
DF,RE,65.926472,-22.431528,2, ,0.0,0.0,0,0,0,0,0,0,0,0
HM,RE,65.926472,-22.431528,2, ,0.0,0.0,333.0,04.3,1,4500,0,0,0,0,0,0,0

APPTR,Q26-C,26,RE
IF,RE,65.926472,-22.431528, ,0.0,0.0,0,0,0,0,0,0,1,0
CF,OG,66.043972,-22.681444,0,AKI,292.6,116.4,333.0,9.4,2,1960,0,0,0,0,0,0

FINAL,Q26-C,26,N,3
IF,OG,66.043972,-22.681444,OG,0.0,0.0,2,1960,0,0,0,0,2,0
CF,20DME,66.066336,-22.742639,0,OG,0.0,0.0,326.0,2.0,2,1310,0,0,0,0,0,0
CF,MQ326,66.094075,-22.818772,0,OG,0.0,4.5,326.0,2.5,1,910,0,0,0,0,3,0
CA,0,326.0,2,3500,0,0,0,0,0,0
DF,RE,65.926472,-22.431528,2, ,0.0,0.0,0,0,0,0,0,0,0,0
HM,RE,65.926472,-22.431528,2, ,0.0,0.0,333.0,04.3,1,4500,0,0,0,0,0,0,0

APPTR,R08-C,08,ABETU
IF,ABETU,66.319378,-23.160619, ,0.0,0.0,2,4600,0,0,0,0,1,0
TF,ISI41,66.265442,-23.317442,0, ,0.0,0.0,0.0,0.0,2,3000,0,0,0,0,1,0

APPTR,R08-C,08,BANLA
IF,BANLA,66.211350,-23.473600, ,0.0,0.0,2,4400,0,0,0,0,1,0
TF,ISI41,66.265442,-23.317442,0, ,0.0,0.0,0.0,0.0,2,3000,0,0,0,0,1,0

APPTR,R08-C,08,ELVOR
IF,ELVOR,66.328439,-23.451825, ,0.0,0.0,2,3300,0,0,0,0,1,0
TF,ISI41,66.265442,-23.317442,0, ,0.0,0.0,0.0,0.0,2,3000,0,0,0,0,1,0

FINAL,R08-C,08,R,3
IF,ISI41,66.265442,-23.317442, ,0.0,0.0,2,3000,0,0,0,0,0,0
TF,ISF42,66.202331,-23.183722,0, ,0.0,0.0,153.0,5.0,2,2000,0,0,0,0,2,0
TF,ISM43,66.134814,-23.041672,0, ,0.0,0.0,153.0,5.3,1,1200,0,0,0,0,3,1
TF,ISI51,66.032094,-22.628736,0, ,0.0,0.0,0.0,0.0,0,0,0,0,0,0,0,1
TF,KUMUX,65.991531,-22.449683,0, ,0.0,0.0,0.0,0.0,0,0,0,0,0,0,0,0
HM,KUMUX,65.991531,-22.449683,1, ,0.0,0.0,313.0,04.3,1,4000,0,0,0,0,0,0,0

APPTR,R08-D,08,AMKIN
IF,AMKIN,65.950081,-22.660667, ,0.0,0.0,2,4800,0,0,0,0,1,0
TF,ISI51,66.032094,-22.628736,0, ,0.0,0.0,0.0,0.0,2,3000,0,0,0,0,1,0

APPTR,R08-D,08,ELGUT
IF,ELGUT,66.086472,-22.474261, ,0.0,0.0,2,4600,0,0,0,0,1,0
TF,ISI51,66.032094,-22.628736,0, ,0.0,0.0,0.0,0.0,2,3000,0,0,0,0,1,0

APPTR,R08-D,08,KUMUX
IF,KUMUX,65.991531,-22.449683, ,0.0,0.0,2,4600,0,0,0,0,1,0
TF,ISI51,66.032094,-22.628736,0, ,0.0,0.0,0.0,0.0,2,3000,0,0,0,0,1,0

FINAL,R08-D,08,R,3
IF,ISI51,66.032094,-22.628736, ,0.0,0.0,2,3000,0,0,0,0,0,0
TF,ISF52,66.072447,-22.808358,0, ,0.0,0.0,313.0,5.0,2,1900,0,0,0,0,2,0
TF,ISM53,66.112597,-22.988550,0, ,0.0,0.0,313.0,5.0,1,500,0,0,0,0,3,1
CA,0,343.0,2,3500,0,0,0,0,0,0
DF,AMKIN,65.950081,-22.660667,2, ,0.0,0.0,0,0,0,0,0,0,0,0
HM,AMKIN,65.950081,-22.660667,2, ,0.0,0.0,23.0,04.3,1,4000,0,0,0,0,0,0,0

APPTR,R26-C,26,ABETU
IF,ABETU,66.319378,-23.160619, ,0.0,0.0,2,4600,0,0,0,0,1,0
TF,ISI41,66.265442,-23.317442,0, ,0.0,0.0,0.0,0.0,2,3000,0,0,0,0,1,0

APPTR,R26-C,26,BANLA
IF,BANLA,66.211350,-23.473600, ,0.0,0.0,2,4400,0,0,0,0,1,0
TF,ISI41,66.265442,-23.317442,0, ,0.0,0.0,0.0,0.0,2,3000,0,0,0,0,1,0

APPTR,R26-C,26,ELVOR
IF,ELVOR,66.328439,-23.451825, ,0.0,0.0,2,3300,0,0,0,0,1,0
TF,ISI41,66.265442,-23.317442,0, ,0.0,0.0,0.0,0.0,2,3000,0,0,0,0,1,0

FINAL,R26-C,26,R,3
IF,ISI41,66.265442,-23.317442, ,0.0,0.0,2,3000,0,0,0,0,0,0
TF,ISF42,66.202331,-23.183722,0, ,0.0,0.0,153.0,5.0,2,2000,0,0,0,0,2,0
TF,ISM43,66.134814,-23.041672,0, ,0.0,0.0,153.0,5.3,1,1200,0,0,0,0,3,1
TF,ISI51,66.032094,-22.628736,0, ,0.0,0.0,0.0,0.0,0,0,0,0,0,0,0,1
TF,KUMUX,65.991531,-22.449683,0, ,0.0,0.0,0.0,0.0,0,0,0,0,0,0,0,0
HM,KUMUX,65.991531,-22.449683,1, ,0.0,0.0,313.0,04.3,1,4000,0,0,0,0,0,0,0

APPTR,R26-D,26,AMKIN
IF,AMKIN,65.950081,-22.660667, ,0.0,0.0,2,4800,0,0,0,0,1,0
TF,ISI51,66.032094,-22.628736,0, ,0.0,0.0,0.0,0.0,2,3000,0,0,0,0,1,0

APPTR,R26-D,26,ELGUT
IF,ELGUT,66.086472,-22.474261, ,0.0,0.0,2,4600,0,0,0,0,1,0
TF,ISI51,66.032094,-22.628736,0, ,0.0,0.0,0.0,0.0,2,3000,0,0,0,0,1,0

APPTR,R26-D,26,KUMUX
IF,KUMUX,65.991531,-22.449683, ,0.0,0.0,2,4600,0,0,0,0,1,0
TF,ISI51,66.032094,-22.628736,0, ,0.0,0.0,0.0,0.0,2,3000,0,0,0,0,1,0

FINAL,R26-D,26,R,3
IF,ISI51,66.032094,-22.628736, ,0.0,0.0,2,3000,0,0,0,0,0,0
TF,ISF52,66.072447,-22.808358,0, ,0.0,0.0,313.0,5.0,2,1900,0,0,0,0,2,0
TF,ISM53,66.112597,-22.988550,0, ,0.0,0.0,313.0,5.0,1,500,0,0,0,0,3,1
CA,0,343.0,2,3500,0,0,0,0,0,0
DF,AMKIN,65.950081,-22.660667,2, ,0.0,0.0,0,0,0,0,0,0,0,0
HM,AMKIN,65.950081,-22.660667,2, ,0.0,0.0,23.0,04.3,1,4000,0,0,0,0,0,0,0

