SID,DELE2A,01,5
CF,KF218,64.063308,-22.605378,0,AKI,243.1,155.7,12.0,4.3,0,0,0,0,0,0,0,0
TF,KF267,64.062253,-23.138747,0, ,0.0,0.0,0.0,0.0,0,0,0,0,0,0,0,0
TF,DELES,63.494636,-24.576475,0, ,0.0,0.0,0.0,0.0,0,0,0,0,0,0,0,0

SID,DELE2C,19,5
CF,KF285,63.893036,-22.605508,0,AKI,240.5,162.9,192.0,4.3,0,0,0,1,220,0,0,0
TF,DELES,63.494636,-24.576475,0, ,0.0,0.0,0.0,0.0,0,0,0,0,0,0,0,0

SID,DELE3B,10,5
CF,KF272,63.984922,-22.428997,0,AKI,240.7,155.6,102.0,4.3,0,0,0,0,0,0,0,0
TF,KF273,64.067983,-22.428692,0, ,0.0,0.0,0.0,0.0,0,0,0,0,0,0,0,0
TF,KF445,64.077319,-22.625953,0, ,0.0,0.0,0.0,0.0,0,0,0,0,0,0,0,0
TF,KF449,63.794911,-23.507483,0, ,0.0,0.0,0.0,0.0,0,0,0,0,0,0,0,0
TF,DELES,63.494636,-24.576475,0, ,0.0,0.0,0.0,0.0,0,0,0,0,0,0,0,0

SID,DELE3D,28,5
CF,KF255,63.984958,-22.776047,0,AKI,243.0,162.2,282.0,3.2,0,0,0,0,0,0,0,0
TF,DELES,63.494636,-24.576475,0, ,0.0,0.0,0.0,0.0,0,0,0,0,0,0,0,0

SID,LUTE2A,01,5
CF,KF218,64.063308,-22.605378,0,AKI,243.1,155.7,12.0,4.3,0,0,0,1,210,0,0,0
TF,KF211,64.063003,-22.415714,0, ,0.0,0.0,0.0,0.0,0,0,0,0,0,0,0,0
TF,KF419,64.086258,-21.673361,0, ,0.0,0.0,0.0,0.0,2,13000,0,0,0,0,0,0
TF,KF433,64.101428,-21.106233,0, ,0.0,0.0,0.0,0.0,2,16000,0,0,0,0,0,0
TF,KF234,64.109775,-20.751794,0, ,0.0,0.0,0.0,0.0,2,17000,0,0,0,0,0,0
TF,LUTER,64.117961,-20.361033,0, ,0.0,0.0,0.0,0.0,0,0,0,0,0,0,0,0

SID,LUTE2B,10,5
CF,KF272,63.984922,-22.428997,0,AKI,240.7,155.6,102.0,4.3,0,0,0,0,0,0,0,0
TF,KF452,64.040128,-21.628197,0, ,0.0,0.0,0.0,0.0,2,10000,0,0,0,0,0,0
TF,LUTER,64.117961,-20.361033,0, ,0.0,0.0,0.0,0.0,0,0,0,0,0,0,0,0

SID,LUTE3C,19,5
DF,DER19,63.964478,-22.605453,0, ,0.0,0.0,0,0,0,0,0,0,0,1
CA,0,192.0,2,1000,0,0,0,0,0,0
DF,KF244,63.837281,-22.006289,0, ,0.0,0.0,2,4000,0,0,0,0,0,0
TF,KF462,63.865278,-21.640108,0, ,0.0,0.0,0.0,0.0,3,6000,0,0,0,0,0,0
TF,KF463,63.882397,-21.409547,0, ,0.0,0.0,0.0,0.0,1,7000,0,0,0,0,0,0
TF,KF464,64.002550,-20.881200,0, ,0.0,0.0,0.0,0.0,3,10000,0,0,0,0,0,0
TF,KF248,64.069406,-20.581444,0, ,0.0,0.0,0.0,0.0,3,12000,0,0,0,0,0,0
TF,LUTER,64.117961,-20.361033,0, ,0.0,0.0,0.0,0.0,0,0,0,0,0,0,0,0

SID,LUTE3D,28,5
CF,KF235,63.984936,-22.794961,0,AKI,243.1,162.6,282.0,3.7,0,0,0,1,210,0,0,0
TF,KF236,63.901875,-22.794431,0, ,0.0,0.0,0.0,0.0,0,0,0,1,240,0,0,0
TF,KF437,63.894514,-22.511722,0, ,0.0,0.0,0.0,0.0,2,7000,0,0,0,0,0,0
TF,ADOVA,63.983719,-22.000056,0, ,0.0,0.0,0.0,0.0,2,12000,0,0,0,0,0,0
TF,KF438,64.030447,-21.637819,0, ,0.0,0.0,0.0,0.0,2,14000,0,0,0,0,0,0
TF,KF253,64.084717,-21.206872,0, ,0.0,0.0,0.0,0.0,2,16000,0,0,0,0,0,0
TF,LUTER,64.117961,-20.361033,0, ,0.0,0.0,0.0,0.0,0,0,0,0,0,0,0,0

SID,OSKU1B,10,5
CF,KF272,63.984922,-22.428997,0,AKI,240.7,155.6,102.0,4.3,0,0,0,0,0,0,0,0
TF,KF221,63.930364,-22.094583,0, ,0.0,0.0,0.0,0.0,3,6000,0,0,0,0,0,0
TF,KF222,63.890158,-21.851950,0, ,0.0,0.0,0.0,0.0,3,7000,0,0,0,0,0,0
TF,KF223,63.843844,-21.576336,0, ,0.0,0.0,0.0,0.0,3,10000,0,0,0,0,0,0
TF,KF224,63.805053,-21.232967,0, ,0.0,0.0,0.0,0.0,3,13000,0,0,0,0,0,0
TF,OSKUM,63.712222,-20.442778,0, ,0.0,0.0,0.0,0.0,0,0,0,0,0,0,0,0

SID,OSKU3A,01,5
CF,KF218,64.063308,-22.605378,0,AKI,243.1,155.7,12.0,4.3,0,0,0,1,210,0,0,0
TF,KF211,64.063003,-22.415714,0, ,0.0,0.0,0.0,0.0,0,0,0,0,0,0,0,0
TF,KF416,63.901950,-21.774025,0, ,0.0,0.0,0.0,0.0,2,13000,0,0,0,0,0,0
TF,KF319,63.852808,-21.581914,0, ,0.0,0.0,0.0,0.0,2,14000,0,0,0,0,0,0
TF,KF417,63.762831,-21.234453,0, ,0.0,0.0,0.0,0.0,2,16000,0,0,0,0,0,0
TF,OSKUM,63.712222,-20.442778,0, ,0.0,0.0,0.0,0.0,0,0,0,0,0,0,0,0

SID,OSKU3C,19,5
DF,DER19,63.964478,-22.605453,0, ,0.0,0.0,0,0,0,0,0,0,0,1
CA,0,192.0,2,1000,0,0,0,0,0,0
DF,KF244,63.837281,-22.006289,0, ,0.0,0.0,2,4000,0,0,0,0,0,0
TF,KF466,63.824869,-21.782342,0, ,0.0,0.0,0.0,0.0,3,6000,0,0,0,0,0,0
TF,KF245,63.807161,-21.473508,0, ,0.0,0.0,0.0,0.0,1,7000,0,0,0,0,0,0
TF,KF246,63.779192,-21.008442,0, ,0.0,0.0,0.0,0.0,3,10000,0,0,0,0,0,0
TF,OSKUM,63.712222,-20.442778,0, ,0.0,0.0,0.0,0.0,0,0,0,0,0,0,0,0

SID,OSKU3D,28,5
CF,KF235,63.984936,-22.794961,0,AKI,243.1,162.6,282.0,3.7,0,0,0,1,210,0,0,0
TF,KF236,63.901875,-22.794431,0, ,0.0,0.0,0.0,0.0,0,0,0,1,240,0,0,0
TF,KF437,63.894514,-22.511722,0, ,0.0,0.0,0.0,0.0,2,7000,0,0,0,0,0,0
TF,OLGES,63.884592,-22.160597,0, ,0.0,0.0,0.0,0.0,2,11000,0,0,0,0,0,0
TF,KF451,63.872847,-21.785706,0, ,0.0,0.0,0.0,0.0,2,13000,0,0,0,0,0,0
TF,KF439,63.866608,-21.598369,0, ,0.0,0.0,0.0,0.0,2,14000,0,0,0,0,0,0
TF,KF252,63.847611,-21.068228,0, ,0.0,0.0,0.0,0.0,2,16000,0,0,0,0,0,0
TF,OSKUM,63.712222,-20.442778,0, ,0.0,0.0,0.0,0.0,0,0,0,0,0,0,0,0

SID,PIXU1A,01,5
CF,KF218,64.063308,-22.605378,0,AKI,243.1,155.7,12.0,4.3,0,0,0,1,210,0,0,0
TF,KF211,64.063003,-22.415714,0, ,0.0,0.0,0.0,0.0,0,0,0,0,0,0,0,0
TF,KOPUM,63.810147,-22.098542,0, ,0.0,0.0,0.0,0.0,2,12000,0,0,0,0,0,0
TF,KF214,63.716575,-21.923078,0, ,0.0,0.0,0.0,0.0,2,13000,0,0,0,0,0,0
TF,KF215,63.564117,-21.640522,0, ,0.0,0.0,0.0,0.0,0,0,0,0,0,0,0,0
TF,PIXUM,63.358206,-20.872761,0, ,0.0,0.0,0.0,0.0,0,0,0,0,0,0,0,0

SID,PIXU2C,19,5
DF,DER19,63.964478,-22.605453,0, ,0.0,0.0,0,0,0,0,0,0,0,1
CA,0,192.0,2,1000,0,0,0,0,0,0
DF,KF241,63.723839,-22.043958,0, ,0.0,0.0,3,7000,0,0,0,0,0,0
TF,KF242,63.615756,-21.691297,0, ,0.0,0.0,0.0,0.0,3,10000,0,0,0,0,0,0
TF,KF243,63.504531,-21.333928,0, ,0.0,0.0,0.0,0.0,3,12000,0,0,0,0,0,0
TF,PIXUM,63.358206,-20.872761,0, ,0.0,0.0,0.0,0.0,0,0,0,0,0,0,0,0

SID,PIXU2D,28,5
CF,KF235,63.984936,-22.794961,0,AKI,243.1,162.6,282.0,3.7,0,0,0,1,210,0,0,0
TF,KF236,63.901875,-22.794431,0, ,0.0,0.0,0.0,0.0,0,0,0,1,240,0,0,0
TF,KF437,63.894514,-22.511722,0, ,0.0,0.0,0.0,0.0,2,7000,0,0,0,0,0,0
TF,OLGES,63.884592,-22.160597,0, ,0.0,0.0,0.0,0.0,2,11000,0,0,0,0,0,0
TF,KF239,63.750881,-21.683383,0, ,0.0,0.0,0.0,0.0,2,14000,0,0,0,0,0,0
TF,PIXUM,63.358206,-20.872761,0, ,0.0,0.0,0.0,0.0,0,0,0,0,0,0,0,0

SID,PIXU3B,10,5
CF,KF272,63.984922,-22.428997,0,AKI,240.7,155.6,102.0,4.3,0,0,0,0,0,0,0,0
TF,KF221,63.930364,-22.094583,0, ,0.0,0.0,0.0,0.0,3,6000,0,0,0,0,0,0
TF,KF455,63.850975,-21.951761,0, ,0.0,0.0,0.0,0.0,3,6000,0,0,0,0,0,0
TF,KF456,63.689486,-21.664497,0, ,0.0,0.0,0.0,0.0,3,7000,0,0,0,0,0,0
TF,KF457,63.614361,-21.532325,0, ,0.0,0.0,0.0,0.0,3,12000,0,0,0,0,0,0
TF,PIXUM,63.358206,-20.872761,0, ,0.0,0.0,0.0,0.0,0,0,0,0,0,0,0,0

SID,RALO1D,28,5
CF,KF255,63.984958,-22.776047,0,AKI,243.0,162.2,282.0,3.2,0,0,0,0,0,0,0,0
TF,RALOV,63.882997,-24.867733,0, ,0.0,0.0,0.0,0.0,0,0,0,0,0,0,0,0

SID,RALO3A,01,5
CF,KF218,64.063308,-22.605378,0,AKI,243.1,155.7,12.0,4.3,0,0,0,0,0,0,0,0
TF,KF267,64.062253,-23.138747,0, ,0.0,0.0,0.0,0.0,0,0,0,0,0,0,0,0
TF,KF261,64.057622,-23.908497,0, ,0.0,0.0,0.0,0.0,0,0,0,0,0,0,0,0
TF,RALOV,63.882997,-24.867733,0, ,0.0,0.0,0.0,0.0,0,0,0,0,0,0,0,0

SID,RALO3C,19,5
CF,KF285,63.893036,-22.605508,0,AKI,240.5,162.9,192.0,4.3,0,0,0,1,220,0,0,0
TF,KF289,63.893569,-22.794011,2, ,0.0,0.0,0.0,0.0,0,0,0,0,0,0,0,0
TF,RALOV,63.882997,-24.867733,0, ,0.0,0.0,0.0,0.0,0,0,0,0,0,0,0,0

SID,RALO4B,10,5
CF,KF272,63.984922,-22.428997,0,AKI,240.7,155.6,102.0,4.3,0,0,0,0,0,0,0,0
TF,KF273,64.067983,-22.428692,0, ,0.0,0.0,0.0,0.0,0,0,0,0,0,0,0,0
TF,KF445,64.077319,-22.625953,0, ,0.0,0.0,0.0,0.0,0,0,0,0,0,0,0,0
TF,KF440,64.086550,-22.826903,0, ,0.0,0.0,0.0,0.0,0,0,0,0,0,0,0,0
TF,KF279,63.935922,-24.087103,0, ,0.0,0.0,0.0,0.0,0,0,0,0,0,0,0,0
TF,RALOV,63.882997,-24.867733,0, ,0.0,0.0,0.0,0.0,0,0,0,0,0,0,0,0

SID,RIMU1A,01,5
CF,KF218,64.063308,-22.605378,0,AKI,243.1,155.7,12.0,4.3,0,0,0,1,210,0,0,0
TF,KF211,64.063003,-22.415714,0, ,0.0,0.0,0.0,0.0,0,0,0,1,230,0,0,0
TF,KF453,63.797586,-22.284628,0, ,0.0,0.0,0.0,0.0,2,10000,0,0,0,0,0,0
TF,KF454,63.716400,-22.245036,0, ,0.0,0.0,0.0,0.0,2,11000,0,0,0,0,0,0
TF,KF450,63.524006,-22.152139,0, ,0.0,0.0,0.0,0.0,2,13000,0,0,0,0,0,0
TF,RIMUM,63.075833,-21.689444,0, ,0.0,0.0,0.0,0.0,0,0,0,0,0,0,0,0

SID,RIMU1B,10,5
CF,KF272,63.984922,-22.428997,0,AKI,240.7,155.6,102.0,4.3,0,0,0,0,0,0,0,0
TF,KF221,63.930364,-22.094583,0, ,0.0,0.0,0.0,0.0,3,6000,0,0,0,0,0,0
TF,KF455,63.850975,-21.951761,0, ,0.0,0.0,0.0,0.0,3,6000,0,0,0,0,0,0
TF,KF459,63.663728,-21.887067,0, ,0.0,0.0,0.0,0.0,3,7000,0,0,0,0,0,0
TF,KF460,63.337739,-21.776486,0, ,0.0,0.0,0.0,0.0,3,12000,0,0,0,0,0,0
TF,KF461,63.228408,-21.739969,0, ,0.0,0.0,0.0,0.0,3,14000,0,0,0,0,0,0
TF,RIMUM,63.075833,-21.689444,0, ,0.0,0.0,0.0,0.0,0,0,0,0,0,0,0,0

SID,RIMU1C,19,5
DF,DER19,63.964478,-22.605453,0, ,0.0,0.0,0,0,0,0,0,0,0,1
CA,0,192.0,2,1000,0,0,0,0,0,0
DF,KF465,63.676447,-22.322847,0, ,0.0,0.0,0,0,0,0,0,0,0,0
TF,RIMUM,63.075833,-21.689444,0, ,0.0,0.0,0.0,0.0,0,0,0,0,0,0,0,0

SID,RIMU1D,28,5
CF,KF235,63.984936,-22.794961,0,AKI,243.1,162.6,282.0,3.7,0,0,0,1,210,0,0,0
TF,KF236,63.901875,-22.794431,0, ,0.0,0.0,0.0,0.0,0,0,0,1,240,0,0,0
TF,KF437,63.894514,-22.511722,0, ,0.0,0.0,0.0,0.0,2,7000,0,0,0,0,0,0
TF,KF467,63.820856,-22.294400,0, ,0.0,0.0,0.0,0.0,2,10000,0,0,0,0,0,0
TF,RIMUM,63.075833,-21.689444,0, ,0.0,0.0,0.0,0.0,0,0,0,0,0,0,0,0

SID,SORI2C,19,5
CF,KF285,63.893036,-22.605508,0,AKI,240.5,162.9,192.0,4.3,0,0,0,1,220,0,0,0
TF,KF289,63.893569,-22.794011,2, ,0.0,0.0,0.0,0.0,0,0,0,0,0,0,0,0
TF,SORIR,64.403514,-24.692089,0, ,0.0,0.0,0.0,0.0,0,0,0,0,0,0,0,0

SID,SORI2D,28,5
CF,KF255,63.984958,-22.776047,0,AKI,243.0,162.2,282.0,3.2,0,0,0,0,0,0,0,0
TF,KF259,64.217053,-23.605839,0, ,0.0,0.0,0.0,0.0,0,0,0,0,0,0,0,0
TF,SORIR,64.403514,-24.692089,0, ,0.0,0.0,0.0,0.0,0,0,0,0,0,0,0,0

SID,SORI3A,01,5
CF,KF218,64.063308,-22.605378,0,AKI,243.1,155.7,12.0,4.3,0,0,0,0,0,0,0,0
TF,KF266,64.181139,-23.559525,0, ,0.0,0.0,0.0,0.0,0,0,0,0,0,0,0,0
TF,SORIR,64.403514,-24.692089,0, ,0.0,0.0,0.0,0.0,0,0,0,0,0,0,0,0

SID,SORI3B,10,5
CF,KF272,63.984922,-22.428997,0,AKI,240.7,155.6,102.0,4.3,0,0,0,0,0,0,0,0
TF,KF273,64.067983,-22.428692,0, ,0.0,0.0,0.0,0.0,0,0,0,0,0,0,0,0
TF,KF445,64.077319,-22.625953,0, ,0.0,0.0,0.0,0.0,0,0,0,0,0,0,0,0
TF,KF440,64.086550,-22.826903,0, ,0.0,0.0,0.0,0.0,0,0,0,0,0,0,0,0
TF,KF441,64.101619,-23.169325,0, ,0.0,0.0,0.0,0.0,0,0,0,0,0,0,0,0
TF,SORIR,64.403514,-24.692089,0, ,0.0,0.0,0.0,0.0,0,0,0,0,0,0,0,0

STAR,ASRU2H,28,5
IF,ASRUN,63.557494,-20.581761, ,0.0,0.0,0,0,0,0,0,0,0,0
TF,DISMO,63.749231,-21.208753,0, ,0.0,0.0,0.0,0.0,3,14000,0,0,0,0,0,0
TF,KF124,63.822328,-21.452622,0, ,0.0,0.0,0.0,0.0,3,12000,0,0,0,0,0,0
TF,KF125,63.925653,-21.802239,0, ,0.0,0.0,0.0,0.0,4,7000,5000,0,0,0,0,0
TF,ADOVA,63.983719,-22.000056,0, ,0.0,0.0,0.0,0.0,4,6000,3500,1,230,0,0,0

STAR,ASRU3K,19,5
IF,ASRUN,63.557494,-20.581761, ,0.0,0.0,0,0,0,0,0,0,0,0
TF,KF156,63.666394,-21.075072,0, ,0.0,0.0,0.0,0.0,2,15000,0,0,0,0,0,0
TF,RAVLA,63.856800,-21.615722,0, ,0.0,0.0,0.0,0.0,2,11000,0,0,0,0,0,0
TF,KF158,63.917844,-21.790428,0, ,0.0,0.0,0.0,0.0,2,10000,0,0,0,0,0,0
TF,KF159,64.015797,-22.077483,0, ,0.0,0.0,0.0,0.0,2,7000,0,0,0,0,0,0
TF,KF155,64.093703,-22.307278,0, ,0.0,0.0,0.0,0.0,2,4500,0,0,0,0,0,0
TF,ELVUM,64.162953,-22.426431,0, ,0.0,0.0,0.0,0.0,2,3000,0,1,220,0,0,0

STAR,ASRU4M,10,5
IF,ASRUN,63.557494,-20.581761, ,0.0,0.0,0,0,0,0,0,0,0,0
TF,KF189,63.690628,-21.456208,0, ,0.0,0.0,0.0,0.0,2,15000,0,0,0,0,0,0
TF,LALTI,63.732503,-21.740597,0, ,0.0,0.0,0.0,0.0,2,13000,0,0,0,0,0,0
TF,KF381,63.775464,-22.111794,0, ,0.0,0.0,0.0,0.0,2,10000,0,0,0,0,0,0
TF,KF187,63.864589,-22.914075,0, ,0.0,0.0,0.0,0.0,3,6000,0,0,0,0,0,0
TF,SONAX,63.906342,-23.050219,0, ,0.0,0.0,0.0,0.0,2,3000,0,1,220,0,0,0

STAR,ASRU4N,01,5
IF,ASRUN,63.557494,-20.581761, ,0.0,0.0,0,0,0,0,0,0,0,0
TF,TIMLU,63.628842,-21.168333,0, ,0.0,0.0,0.0,0.0,2,10000,0,0,0,0,0,0
TF,KF113,63.675011,-21.560628,0, ,0.0,0.0,0.0,0.0,3,12000,0,0,0,0,0,0
TF,KF379,63.737322,-22.107475,0, ,0.0,0.0,0.0,0.0,3,7000,0,0,0,0,0,0
TF,DEXON,63.767536,-22.380411,0, ,0.0,0.0,0.0,0.0,2,3500,0,1,230,0,0,0

STAR,BASL3H,28,5
IF,BASLU,63.188744,-21.272142, ,0.0,0.0,0,0,0,0,0,0,0,0
TF,GIPSI,63.518969,-21.687450,0, ,0.0,0.0,0.0,0.0,0,0,0,0,0,0,0,0
TF,KF121,63.643211,-21.846625,0, ,0.0,0.0,0.0,0.0,3,12000,0,0,0,0,0,0
TF,KF122,63.761444,-21.999631,0, ,0.0,0.0,0.0,0.0,3,10000,0,0,0,0,0,0
TF,OLGES,63.884592,-22.160597,0, ,0.0,0.0,0.0,0.0,4,5000,3500,1,230,0,0,0

STAR,BASL3K,19,5
IF,BASLU,63.188744,-21.272142, ,0.0,0.0,0,0,0,0,0,0,0,0
TF,KF151,63.628775,-21.765789,0, ,0.0,0.0,0.0,0.0,2,13000,0,0,0,0,0,0
TF,BETLU,63.748378,-21.903386,0, ,0.0,0.0,0.0,0.0,2,11000,0,0,0,0,0,0
TF,KF244,63.837281,-22.006289,0, ,0.0,0.0,0.0,0.0,2,10000,0,0,0,0,0,0
TF,KF154,63.980947,-22.174153,0, ,0.0,0.0,0.0,0.0,2,7000,0,0,0,0,0,0
TF,KF155,64.093703,-22.307278,0, ,0.0,0.0,0.0,0.0,2,4500,0,0,0,0,0,0
TF,ELVUM,64.162953,-22.426431,0, ,0.0,0.0,0.0,0.0,2,3000,0,1,220,0,0,0

STAR,BASL4M,10,5
IF,BASLU,63.188744,-21.272142, ,0.0,0.0,0,0,0,0,0,0,0,0
TF,KF382,63.407158,-21.789256,0, ,0.0,0.0,0.0,0.0,2,15000,0,0,0,0,0,0
TF,PEKUS,63.508808,-22.034219,0, ,0.0,0.0,0.0,0.0,2,13000,0,0,0,0,0,0
TF,KF187,63.864589,-22.914075,0, ,0.0,0.0,0.0,0.0,3,6000,0,0,0,0,0,0
TF,SONAX,63.906342,-23.050219,0, ,0.0,0.0,0.0,0.0,2,3000,0,1,220,0,0,0

STAR,BASL4N,01,5
IF,BASLU,63.188744,-21.272142, ,0.0,0.0,0,0,0,0,0,0,0,0
TF,ELSIG,63.366850,-21.606636,0, ,0.0,0.0,0.0,0.0,0,0,0,0,0,0,0,0
TF,KF386,63.545772,-21.948444,0, ,0.0,0.0,0.0,0.0,3,12000,0,0,0,0,0,0
TF,KF387,63.621278,-22.094472,0, ,0.0,0.0,0.0,0.0,3,10000,0,0,0,0,0,0
TF,KF388,63.692322,-22.232856,0, ,0.0,0.0,0.0,0.0,3,7000,0,0,0,0,0,0
TF,DEXON,63.767536,-22.380411,0, ,0.0,0.0,0.0,0.0,2,3500,0,1,230,0,0,0

STAR,BIRN3H,28,5
IF,BIRNA,63.333056,-24.316067, ,0.0,0.0,0,0,0,0,0,0,0,0
TF,ADBAR,63.652750,-22.940283,0, ,0.0,0.0,0.0,0.0,0,0,0,0,0,0,0,0
TF,KF372,63.774836,-22.390469,0, ,0.0,0.0,0.0,0.0,3,6000,0,0,0,0,0,0
TF,OLGES,63.884592,-22.160597,0, ,0.0,0.0,0.0,0.0,4,5000,3500,1,230,0,0,0

STAR,BIRN3N,01,5
IF,BIRNA,63.333056,-24.316067, ,0.0,0.0,0,0,0,0,0,0,0,0
TF,UMTAL,63.464722,-23.876667,0, ,0.0,0.0,0.0,0.0,0,0,0,0,0,0,0,0
TF,RENDU,63.767603,-22.830794,0, ,0.0,0.0,0.0,0.0,2,3500,0,1,230,0,0,0

STAR,BIRN4K,19,5
IF,BIRNA,63.333056,-24.316067, ,0.0,0.0,0,0,0,0,0,0,0,0
TF,KF166,63.535106,-23.764747,0, ,0.0,0.0,0.0,0.0,0,0,0,0,0,0,0,0
TF,GARSU,63.777339,-23.392892,0, ,0.0,0.0,0.0,0.0,0,0,0,0,0,0,0,0
TF,VALUX,64.163008,-22.784169,0, ,0.0,0.0,0.0,0.0,2,3000,0,1,220,0,0,0

STAR,BIRN4M,10,5
IF,BIRNA,63.333056,-24.316067, ,0.0,0.0,0,0,0,0,0,0,0,0
TF,GEGNI,63.501864,-23.839678,0, ,0.0,0.0,0.0,0.0,0,0,0,0,0,0,0,0
TF,KF181,63.724075,-23.196636,0, ,0.0,0.0,0.0,0.0,0,0,0,0,0,0,0,0
TF,SONAX,63.906342,-23.050219,0, ,0.0,0.0,0.0,0.0,2,3000,0,1,220,0,0,0

STAR,DEVU2H,28,5
IF,DEVUD,64.280700,-20.437631, ,0.0,0.0,0,0,0,0,0,0,0,0
TF,KF329,64.214444,-20.892272,0, ,0.0,0.0,0.0,0.0,3,15000,0,0,0,0,0,0
TF,RANAS,64.177000,-21.144053,0, ,0.0,0.0,0.0,0.0,4,13000,11000,0,0,0,0,0
TF,KF131,64.094500,-21.513539,0, ,0.0,0.0,0.0,0.0,4,10000,9000,0,0,0,0,0
TF,KF132,64.043025,-21.740881,0, ,0.0,0.0,0.0,0.0,1,7000,0,0,0,0,0,0
TF,ADOVA,63.983719,-22.000056,0, ,0.0,0.0,0.0,0.0,4,6000,3500,1,230,0,0,0

STAR,DEVU3K,19,5
IF,DEVUD,64.280700,-20.437631, ,0.0,0.0,0,0,0,0,0,0,0,0
TF,UNLOS,64.229908,-21.354811,0, ,0.0,0.0,0.0,0.0,2,11000,0,0,0,0,0,0
TF,KF152,64.194272,-21.941528,0, ,0.0,0.0,0.0,0.0,2,7000,0,0,0,0,0,0
TF,KF157,64.177758,-22.200483,0, ,0.0,0.0,0.0,0.0,2,5000,0,0,0,0,0,0
TF,ELVUM,64.162953,-22.426431,0, ,0.0,0.0,0.0,0.0,2,3000,0,1,220,0,0,0

STAR,DEVU3M,10,5
IF,DEVUD,64.280700,-20.437631, ,0.0,0.0,0,0,0,0,0,0,0,0
TF,MEBUN,64.230811,-21.841250,0, ,0.0,0.0,0.0,0.0,2,12000,0,0,0,0,0,0
TF,KF182,64.204381,-22.461386,0, ,0.0,0.0,0.0,0.0,2,7000,0,0,0,0,0,0
TF,KF183,64.183281,-22.916167,0, ,0.0,0.0,0.0,0.0,3,6000,0,0,0,0,0,0
TF,NONBO,64.062442,-23.052658,0, ,0.0,0.0,0.0,0.0,2,3000,0,1,220,0,0,0

STAR,DEVU5N,01,5
IF,DEVUD,64.280700,-20.437631, ,0.0,0.0,0,0,0,0,0,0,0,0
TF,KF301,64.200614,-20.585467,0, ,0.0,0.0,0.0,0.0,3,16000,0,0,0,0,0,0
TF,KF102,64.093403,-20.781617,0, ,0.0,0.0,0.0,0.0,3,15000,0,0,0,0,0,0
TF,KF103,64.002339,-20.946658,0, ,0.0,0.0,0.0,0.0,2,11000,0,0,0,0,0,0
TF,ABEXI,63.886611,-21.154361,0, ,0.0,0.0,0.0,0.0,4,13000,10000,0,0,0,0,0
TF,KF384,63.857369,-21.525203,0, ,0.0,0.0,0.0,0.0,3,11000,0,0,0,0,0,0
TF,KF385,63.842392,-21.710328,0, ,0.0,0.0,0.0,0.0,2,7000,0,0,0,0,0,0
TF,KOPUM,63.810147,-22.098542,0, ,0.0,0.0,0.0,0.0,3,7000,0,0,0,0,0,0
TF,DEXON,63.767536,-22.380411,0, ,0.0,0.0,0.0,0.0,2,3500,0,1,230,0,0,0

STAR,ELDI4H,28,5
IF,ELDIS,63.676028,-24.760583, ,0.0,0.0,0,0,0,0,0,0,0,0
TF,MALAB,63.753078,-23.004500,0, ,0.0,0.0,0.0,0.0,0,0,0,0,0,0,0,0
TF,KF372,63.774836,-22.390469,0, ,0.0,0.0,0.0,0.0,3,6000,0,0,0,0,0,0
TF,OLGES,63.884592,-22.160597,0, ,0.0,0.0,0.0,0.0,4,5000,3500,1,230,0,0,0

STAR,ELDI4K,19,5
IF,ELDIS,63.676028,-24.760583, ,0.0,0.0,0,0,0,0,0,0,0,0
TF,NAPAT,63.940258,-23.710519,0, ,0.0,0.0,0.0,0.0,0,0,0,0,0,0,0,0
TF,VALUX,64.163008,-22.784169,0, ,0.0,0.0,0.0,0.0,2,3000,0,1,220,0,0,0

STAR,ELDI4M,10,5
IF,ELDIS,63.676028,-24.760583, ,0.0,0.0,0,0,0,0,0,0,0,0
TF,ELROS,63.762011,-24.330511,0, ,0.0,0.0,0.0,0.0,0,0,0,0,0,0,0,0
TF,VESOX,63.983964,-23.175872,0, ,0.0,0.0,0.0,0.0,2,3000,0,1,220,0,0,0

STAR,ELDI4N,01,5
IF,ELDIS,63.676028,-24.760583, ,0.0,0.0,0,0,0,0,0,0,0,0
TF,VIBER,63.711478,-24.077964,0, ,0.0,0.0,0.0,0.0,0,0,0,0,0,0,0,0
TF,RENDU,63.767603,-22.830794,0, ,0.0,0.0,0.0,0.0,2,3500,0,1,230,0,0,0

STAR,GIRU3H,28,5
IF,GIRUG,64.108306,-24.873894, ,0.0,0.0,0,0,0,0,0,0,0,0
TF,LIMBU,64.094400,-23.117775,0, ,0.0,0.0,0.0,0.0,0,0,0,0,0,0,0,0
TF,LUKAR,64.083931,-22.157153,0, ,0.0,0.0,0.0,0.0,4,6000,3500,1,230,0,0,0

STAR,GIRU4K,19,5
IF,GIRUG,64.108306,-24.873894, ,0.0,0.0,0,0,0,0,0,0,0,0
TF,KULUS,64.138514,-23.864800,0, ,0.0,0.0,0.0,0.0,0,0,0,0,0,0,0,0
TF,VALUX,64.163008,-22.784169,0, ,0.0,0.0,0.0,0.0,2,3000,0,1,220,0,0,0

STAR,GIRU4M,10,5
IF,GIRUG,64.108306,-24.873894, ,0.0,0.0,0,0,0,0,0,0,0,0
TF,BEGOT,64.077450,-24.424553,0, ,0.0,0.0,0.0,0.0,0,0,0,0,0,0,0,0
TF,VESOX,63.983964,-23.175872,0, ,0.0,0.0,0.0,0.0,2,3000,0,1,220,0,0,0

STAR,GIRU4N,01,5
IF,GIRUG,64.108306,-24.873894, ,0.0,0.0,0,0,0,0,0,0,0,0
TF,RIKUG,63.968022,-24.005300,0, ,0.0,0.0,0.0,0.0,0,0,0,0,0,0,0,0
TF,RENDU,63.767603,-22.830794,0, ,0.0,0.0,0.0,0.0,2,3500,0,1,230,0,0,0

STAR,INGA3H,28,5
IF,INGAN,64.562222,-24.487500, ,0.0,0.0,0,0,0,0,0,0,0,0
TF,ORTES,64.249647,-23.042761,0, ,0.0,0.0,0.0,0.0,0,0,0,0,0,0,0,0
TF,LUKAR,64.083931,-22.157153,0, ,0.0,0.0,0.0,0.0,4,6000,3500,1,230,0,0,0

STAR,INGA4K,19,5
IF,INGAN,64.562222,-24.487500, ,0.0,0.0,0,0,0,0,0,0,0,0
TF,RUVET,64.387583,-23.726400,0, ,0.0,0.0,0.0,0.0,0,0,0,0,0,0,0,0
TF,VALUX,64.163008,-22.784169,0, ,0.0,0.0,0.0,0.0,2,3000,0,1,220,0,0,0

STAR,INGA5M,10,5
IF,INGAN,64.562222,-24.487500, ,0.0,0.0,0,0,0,0,0,0,0,0
TF,VERUT,64.429856,-23.967550,0, ,0.0,0.0,0.0,0.0,0,0,0,0,0,0,0,0
TF,NIZOL,64.271747,-23.362144,0, ,0.0,0.0,0.0,0.0,0,0,0,0,0,0,0,0
TF,NONBO,64.062442,-23.052658,0, ,0.0,0.0,0.0,0.0,2,3000,0,1,220,0,0,0

STAR,INGA6N,01,5
IF,INGAN,64.562222,-24.487500, ,0.0,0.0,0,0,0,0,0,0,0,0
TF,NIZOL,64.271747,-23.362144,0, ,0.0,0.0,0.0,0.0,0,0,0,0,0,0,0,0
TF,RENDU,63.767603,-22.830794,0, ,0.0,0.0,0.0,0.0,2,3500,0,1,230,0,0,0

STAR,NASB2H,28,5
IF,NASBU,63.946667,-20.348056, ,0.0,0.0,0,0,0,0,0,0,0,0
TF,ERTIR,63.964522,-21.041475,0, ,0.0,0.0,0.0,0.0,2,11000,0,0,0,0,0,0
TF,KF127,63.970369,-21.289575,0, ,0.0,0.0,0.0,0.0,4,11000,10000,0,0,0,0,0
TF,KF328,63.978794,-21.707561,0, ,0.0,0.0,0.0,0.0,1,7000,0,0,0,0,0,0
TF,ADOVA,63.983719,-22.000056,0, ,0.0,0.0,0.0,0.0,4,6000,3500,1,230,0,0,0

STAR,NASB3M,10,5
IF,NASBU,63.946667,-20.348056, ,0.0,0.0,0,0,0,0,0,0,0,0
TF,KF184,63.917150,-21.373394,0, ,0.0,0.0,0.0,0.0,2,15000,0,0,0,0,0,0
TF,SOTUG,63.905600,-21.717086,0, ,0.0,0.0,0.0,0.0,2,13000,0,0,0,0,0,0
TF,KF185,63.891125,-22.116650,0, ,0.0,0.0,0.0,0.0,2,10000,0,0,0,0,0,0
TF,KF186,63.882689,-22.336208,0, ,0.0,0.0,0.0,0.0,2,7000,0,0,0,0,0,0
TF,KF187,63.864589,-22.914075,0, ,0.0,0.0,0.0,0.0,3,6000,0,0,0,0,0,0
TF,SONAX,63.906342,-23.050219,0, ,0.0,0.0,0.0,0.0,2,3000,0,1,220,0,0,0

STAR,NASB4K,19,5
IF,NASBU,63.946667,-20.348056, ,0.0,0.0,0,0,0,0,0,0,0,0
TF,KF383,63.966156,-21.132672,0, ,0.0,0.0,0.0,0.0,2,13000,0,0,0,0,0,0
TF,TESGO,63.973261,-21.472533,0, ,0.0,0.0,0.0,0.0,2,11000,0,0,0,0,0,0
TF,KF148,64.075336,-21.980261,0, ,0.0,0.0,0.0,0.0,2,7000,0,0,0,0,0,0
TF,KF149,64.122272,-22.218056,0, ,0.0,0.0,0.0,0.0,2,5000,0,0,0,0,0,0
TF,ELVUM,64.162953,-22.426431,0, ,0.0,0.0,0.0,0.0,2,3000,0,1,220,0,0,0

STAR,NASB5N,01,5
IF,NASBU,63.946667,-20.348056, ,0.0,0.0,0,0,0,0,0,0,0,0
TF,ABEXI,63.886611,-21.154361,0, ,0.0,0.0,0.0,0.0,4,13000,10000,0,0,0,0,0
TF,KF384,63.857369,-21.525203,0, ,0.0,0.0,0.0,0.0,3,11000,0,0,0,0,0,0
TF,KF385,63.842392,-21.710328,0, ,0.0,0.0,0.0,0.0,2,7000,0,0,0,0,0,0
TF,KOPUM,63.810147,-22.098542,0, ,0.0,0.0,0.0,0.0,3,7000,0,0,0,0,0,0
TF,DEXON,63.767536,-22.380411,0, ,0.0,0.0,0.0,0.0,2,3500,0,1,230,0,0,0

APPTR,D01,01,KFV1
FD,KFV,63.982889,-22.615139,0,KFV,0.0,8.0,212.0,8.0,2,1800,0,1,220,0,0,0
CF,FD01,63.880647,-22.586661,1,KFV,187.0,6.2,7.0,2.0,2,1800,0,0,0,0,0,0

APPTR,D01,01,KFV2
FD,KFV,63.982889,-22.615139,0,KFV,0.0,8.0,198.0,8.0,2,1800,0,0,0,0,0,0
CF,FD01,63.880647,-22.586661,1,KFV,187.0,6.2,7.0,2.0,2,1800,0,0,0,0,0,0

FINAL,D01,01,D,3
IF,FD01,63.880647,-22.586661,KFV,187.0,6.2,2,1800,0,0,0,0,2,0
CF,40VOR,63.916928,-22.596742,0,KFV,187.0,4.0,7.0,2.2,2,1100,0,0,0,0,0,0
CF,MD01,63.958153,-22.608228,0,KFV,187.0,1.5,7.0,2.5,1,312,0,0,0,0,3,0
FM,MD01,63.958153,-22.608228,0,KFV,0.0,0.0,7.0,1,3000,0,0,0,0,0,0

APPTR,D10,10,KFV1
FD,KFV,63.982889,-22.615139,0,KFV,0.0,8.0,313.0,8.0,2,1800,0,1,220,0,0,0
CF,FD10,63.989883,-22.849144,1,KFV,288.0,6.2,108.0,2.0,2,1800,0,0,0,0,0,0

APPTR,D10,10,KFV2
FD,KFV,63.982889,-22.615139,0,KFV,0.0,8.0,299.0,8.0,2,1800,0,0,0,0,0,0
CF,FD10,63.989883,-22.849144,1,KFV,288.0,6.2,108.0,2.0,2,1800,0,0,0,0,0,0

FINAL,D10,10,D,3
IF,FD10,63.989883,-22.849144,KFV,288.0,6.2,2,1800,0,0,0,0,2,0
CF,30VOR,63.986319,-22.728353,0,KFV,288.0,3.0,108.0,3.2,2,780,0,0,0,0,0,0
CF,MD10,63.984731,-22.675517,0,KFV,288.0,1.6,108.0,1.4,1,336,0,0,0,0,3,0
CF,D108E,63.976969,-22.426508,0,KFV,108.0,5.0,108.0,6.6,0,0,0,0,0,0,0,1
VA,1,333.0,2,3000,0,1,210,0,0,0
VM,0,0,0,333.0,1,3000,0,0,0,0,0,0

APPTR,D19,19,KFV1
FD,KFV,63.982889,-22.615139,0,KFV,0.0,8.0,357.0,8.0,2,1800,0,1,220,0,0,0
CF,FD19,64.075014,-22.585561,2,KFV,22.0,5.6,202.0,3.0,2,1800,0,0,0,0,0,0

APPTR,D19,19,KFV2
FD,KFV,63.982889,-22.615139,0,KFV,0.0,8.0,11.0,8.0,2,1800,0,0,0,0,0,0
CF,FD19,64.075014,-22.585561,2,KFV,22.0,5.6,202.0,3.0,2,1800,0,0,0,0,0,0

FINAL,D19,19,D,2
IF,FD19,64.075014,-22.585561,KFV,22.0,5.6,2,1800,0,0,0,0,2,0
CF,MD19,64.002631,-22.608817,0,KFV,22.0,1.2,202.0,4.4,1,415,0,0,0,0,3,0
CF,KFV,63.982889,-22.615139,0,KFV,0.0,0.0,202.0,1.2,0,0,0,0,0,0,0,0
FM,KFV,63.982889,-22.615139,0,KFV,0.0,0.0,202.0,1,3000,0,0,0,0,0,0

APPTR,D28,28,KFV1
FD,KFV,63.982889,-22.615139,0,KFV,0.0,8.0,77.0,8.0,2,1800,0,1,220,0,0,0
CF,FD28,63.987603,-22.403567,2,KFV,101.0,5.6,281.0,3.0,2,1800,0,0,0,0,0,0

APPTR,D28,28,KFV2
FD,KFV,63.982889,-22.615139,0,KFV,0.0,8.0,90.0,8.0,2,1800,0,0,0,0,0,0
CF,FD28,63.987603,-22.403567,2,KFV,101.0,5.6,281.0,3.0,2,1800,0,0,0,0,0,0

FINAL,D28,28,D,2
IF,FD28,63.987603,-22.403567,KFV,101.0,5.6,2,1800,0,0,0,0,2,0
CF,MD28,63.984094,-22.562253,0,KFV,101.0,1.4,281.0,4.2,1,477,0,0,0,0,3,0
FM,MD28,63.984094,-22.562253,0,KFV,0.0,0.0,281.0,1,3000,0,0,0,0,0,0

APPTR,I01-Y,01,KFV1
FD,KFV,63.982889,-22.615139,0,KFV,0.0,8.0,217.0,8.0,2,1800,0,1,220,0,0,0
CF,CF01Y,63.850122,-22.605483,1,IKN,192.0,8.6,12.0,1.0,2,1800,0,0,0,0,0,0

APPTR,I01-Y,01,KFV2
FD,KFV,63.982889,-22.615139,0,KFV,0.0,8.0,203.0,8.0,2,1800,0,0,0,0,0,0
CF,CF01Y,63.850122,-22.605483,1,IKN,192.0,8.6,12.0,1.0,2,1800,0,0,0,0,0,0

FINAL,I01-Y,01,I,3
IF,CF01Y,63.850122,-22.605483,IKN,192.0,8.6,2,1800,0,0,0,0,0,0
CF,SUVIL,63.881517,-22.605517,0,IKN,192.0,6.7,12.0,1.9,1,1800,0,0,0,0,2,0
CF,RW01,63.964478,-22.605453,0,IKN,192.0,1.7,12.0,5.0,1,193,0,0,0,0,3,0
CA,0,12.0,2,3000,0,0,0,0,0,0
VM,0,0,0,12.0,1,3000,0,0,0,0,0,0

APPTR,I01-Z,01,DEXON
IF,DEXON,63.767536,-22.380411, ,0.0,0.0,2,3500,0,1,230,0,1,0
TF,KFI01,63.804025,-22.605575,0,IKN,0.0,0.0,0.0,0.0,2,2500,0,1,210,0,1,0

APPTR,I01-Z,01,RENDU
IF,RENDU,63.767603,-22.830794, ,0.0,0.0,2,3500,0,1,230,0,1,0
TF,KFI01,63.804025,-22.605575,0,IKN,0.0,0.0,0.0,0.0,2,2500,0,1,210,0,1,0

APPTR,I01-Z,01,SOPAR
IF,SOPAR,63.697961,-22.605656, ,0.0,0.0,2,3500,0,1,230,0,1,0
TF,30NM,63.754181,-22.605611,0, ,0.0,0.0,0.0,0.0,2,3000,0,0,0,0,0,0
TF,KFI01,63.804025,-22.605575,0,IKN,0.0,0.0,0.0,0.0,2,2500,0,1,210,0,1,0

FINAL,I01-Z,01,I,3
IF,KFI01,63.804025,-22.605575,IKN,192.0,11.4,2,2500,0,1,210,0,0,0
CF,SUVIL,63.881517,-22.605517,0,IKN,192.0,6.7,12.0,4.7,1,1800,0,0,0,0,2,0
CF,RW01,63.964478,-22.605453,0,IKN,192.0,1.7,12.0,5.0,1,193,0,0,0,0,3,0
CA,0,12.0,2,3000,0,0,0,0,0,0
VM,0,0,0,12.0,1,3000,0,0,0,0,0,0

APPTR,I10-Y,10,KFV1
FD,KFV,63.982889,-22.615139,0,KFV,0.0,8.0,310.0,8.0,2,1800,0,1,220,0,0,0
CF,CF10,63.984764,-22.925183,1,IKF,282.1,9.0,102.0,1.0,2,1800,0,0,0,0,0,0

APPTR,I10-Y,10,KFV2
FD,KFV,63.982889,-22.615139,0,KFV,0.0,8.0,296.0,8.0,2,1800,0,0,0,0,0,0
CF,CF10,63.984764,-22.925183,1,IKF,282.1,9.0,102.0,1.0,2,1800,0,0,0,0,0,0

FINAL,I10-Y,10,I,3
IF,CF10,63.984764,-22.925183,IKF,282.1,9.0,2,1800,0,0,0,0,0,0
CF,MADAX,63.984861,-22.847503,0,IKF,282.0,6.9,102.0,2.1,1,1800,0,0,0,0,2,0
CF,RW10,63.985039,-22.655006,0,IKF,282.1,1.8,102.0,5.1,1,164,0,0,0,0,3,0
CF,D102E,63.984906,-22.459981,0,KFV,102.2,4.1,102.0,5.2,0,0,0,0,0,0,0,1
CA,1,328.0,2,3000,0,1,210,0,0,0
VM,0,0,0,328.0,1,3000,0,0,0,0,0,0

APPTR,I10-Z,10,NONBO
IF,NONBO,64.062442,-23.052658, ,0.0,0.0,2,3000,0,1,220,0,1,0
TF,KFI10,63.984572,-22.986753,0,IKF,0.0,0.0,0.0,0.0,2,2200,0,1,200,0,1,0

APPTR,I10-Z,10,SONAX
IF,SONAX,63.906342,-23.050219, ,0.0,0.0,2,3000,0,1,220,0,1,0
TF,KFI10,63.984572,-22.986753,0,IKF,0.0,0.0,0.0,0.0,2,2200,0,1,200,0,1,0

APPTR,I10-Z,10,VESOX
IF,VESOX,63.983964,-23.175872, ,0.0,0.0,2,3000,0,1,220,0,1,0
TF,KFI10,63.984572,-22.986753,0,IKF,0.0,0.0,0.0,0.0,2,2200,0,1,200,0,1,0

FINAL,I10-Z,10,I,3
IF,KFI10,63.984572,-22.986753,IKF,282.0,10.6,2,2200,0,1,200,0,0,0
CF,MADAX,63.984861,-22.847503,0,IKF,282.0,6.9,102.0,3.7,1,1800,0,0,0,0,2,0
CF,RW10,63.985039,-22.655006,0,IKF,282.1,1.8,102.0,5.1,1,164,0,0,0,0,3,0
CF,D102E,63.984906,-22.459981,0,KFV,102.2,4.1,102.0,5.2,0,0,0,0,0,0,0,1
CA,1,328.0,2,3000,0,1,210,0,0,0
VM,0,0,0,328.0,1,3000,0,0,0,0,0,0

APPTR,I19-Y,19,KFV1
FD,KFV,63.982889,-22.615139,0,KFV,0.0,8.0,351.0,8.0,2,1800,0,1,220,0,0,0
CF,CF19Y,64.107175,-22.605386,2,IKO,12.0,8.7,192.0,1.0,2,1800,0,0,0,0,0,0

APPTR,I19-Y,19,KFV2
FD,KFV,63.982889,-22.615139,0,KFV,0.0,8.0,5.0,8.0,2,1800,0,0,0,0,0,0
CF,CF19Y,64.107175,-22.605386,2,IKO,12.0,8.7,192.0,1.0,2,1800,0,0,0,0,0,0

FINAL,I19-Y,19,I,3
IF,CF19Y,64.107175,-22.605386,IKO,12.0,8.7,2,1800,0,0,0,0,0,0
CF,NOMTA,64.073525,-22.605369,0,IKO,12.0,6.6,192.0,2.0,1,1800,0,0,0,0,2,0
CF,RW19,63.991878,-22.605433,0,IKO,12.0,1.7,192.0,4.9,1,213,0,0,0,0,3,0
CA,0,192.0,2,3000,0,0,0,0,0,0
VM,0,0,0,192.0,1,3000,0,0,0,0,0,0

APPTR,I19-Z,19,ELVUM
IF,ELVUM,64.162953,-22.426431, ,0.0,0.0,2,3000,0,1,220,0,1,0
TF,KFI19,64.134681,-22.605322,0,IKO,0.0,0.0,0.0,0.0,2,2200,0,1,200,0,1,0

APPTR,I19-Z,19,NERKO
IF,NERKO,64.217744,-22.605256, ,0.0,0.0,2,3000,0,1,220,0,1,0
TF,KFI19,64.134681,-22.605322,0,IKO,0.0,0.0,0.0,0.0,2,2200,0,1,200,0,1,0

APPTR,I19-Z,19,VALUX
IF,VALUX,64.163008,-22.784169, ,0.0,0.0,2,3000,0,1,220,0,1,0
TF,KFI19,64.134681,-22.605322,0,IKO,0.0,0.0,0.0,0.0,2,2200,0,1,200,0,1,0

FINAL,I19-Z,19,I,3
IF,KFI19,64.134681,-22.605322,IKO,12.0,10.3,2,2200,0,1,200,0,0,0
CF,NOMTA,64.073525,-22.605369,0,IKO,12.0,6.6,192.0,3.7,1,1800,0,0,0,0,2,0
CF,RW19,63.991878,-22.605433,0,IKO,12.0,1.7,192.0,4.9,1,213,0,0,0,0,3,0
CA,0,192.0,2,3000,0,0,0,0,0,0
VM,0,0,0,192.0,1,3000,0,0,0,0,0,0

APPTR,I28-Y,28,KFV1
FD,KFV,63.982889,-22.615139,0,KFV,0.0,8.0,79.0,8.0,2,1900,0,1,220,0,0,0
CF,CF28,63.984772,-22.318633,2,IKW,101.9,9.1,282.0,1.0,2,1900,0,0,0,0,0,0

APPTR,I28-Y,28,KVF2
FD,KFV,63.982889,-22.615139,0,KFV,0.0,8.0,92.0,8.0,2,1900,0,0,0,0,0,0
CF,CF28,63.984772,-22.318633,2,IKW,101.9,9.1,282.0,1.0,2,1900,0,0,0,0,0,0

FINAL,I28-Y,28,I,3
IF,CF28,63.984772,-22.318633,IKW,101.9,9.1,2,1900,0,0,0,0,0,0
CF,FF28,63.984897,-22.394289,0,IKW,101.9,7.1,282.0,2.0,1,1900,0,0,0,0,2,0
CF,RW28,63.985042,-22.592392,0,IKW,101.9,1.8,282.0,5.2,1,224,0,0,0,0,3,0
CA,0,282.0,2,3000,0,0,0,0,0,0
VM,0,0,0,282.0,1,3000,0,0,0,0,0,0

APPTR,I28-Z,28,ADOVA
IF,ADOVA,63.983719,-22.000056, ,0.0,0.0,2,3500,0,1,230,0,1,0
TF,KFI28,63.984553,-22.241558,0,IKW,0.0,0.0,0.0,0.0,2,2500,0,1,210,0,1,0

APPTR,I28-Z,28,LUKAR
IF,LUKAR,64.083931,-22.157153, ,0.0,0.0,2,3500,0,1,230,0,1,0
TF,KFI28,63.984553,-22.241558,0,IKW,0.0,0.0,0.0,0.0,2,2500,0,1,210,0,1,0

APPTR,I28-Z,28,OLGES
IF,OLGES,63.884592,-22.160597, ,0.0,0.0,2,3500,0,1,230,0,1,0
TF,KFI28,63.984553,-22.241558,0,IKW,0.0,0.0,0.0,0.0,2,2500,0,1,210,0,1,0

FINAL,I28-Z,28,I,3
IF,KFI28,63.984553,-22.241558,IKW,102.0,11.1,2,2500,0,1,210,0,0,0
CF,ARDAL,63.984892,-22.407103,0,IKW,102.0,6.7,282.0,4.4,1,1800,0,0,0,0,2,0
CF,RW28,63.985042,-22.592392,0,IKW,101.9,1.8,282.0,4.9,1,224,0,0,0,0,3,0
CA,0,282.0,2,3000,0,0,0,0,0,0
VM,0,0,0,282.0,1,3000,0,0,0,0,0,0

FINAL,Q10,10,N,3
IF,FQ10,63.985000,-22.814722,KF,0.0,0.0,2,1500,0,0,0,0,2,0
CF,KF,63.985028,-22.731611,0,KF,0.0,0.0,102.0,2.2,2,750,0,0,0,0,0,0
CF,MQ10,63.985017,-22.675483,0,IKF,0.0,0.7,102.0,1.5,1,337,0,0,0,0,3,0
FA,MQ10,63.985017,-22.675483,0,KFV,0.0,0.0,102.0,2,1500,0,0,0,0,0,0
DF,KF,63.985028,-22.731611,2, ,0.0,0.0,1,2000,0,0,0,0,0,0
HM,KF,63.985028,-22.731611,1, ,0.0,0.0,102.0,04.3,0,0,0,0,0,0,0,0,0

APPTR,R01,01,DEXON
IF,DEXON,63.767536,-22.380411, ,0.0,0.0,2,3500,0,1,230,0,1,0
TF,KFI01,63.804025,-22.605575,0, ,0.0,0.0,0.0,0.0,2,2500,0,1,210,0,1,0

APPTR,R01,01,RENDU
IF,RENDU,63.767603,-22.830794, ,0.0,0.0,2,3500,0,1,230,0,1,0
TF,KFI01,63.804025,-22.605575,0, ,0.0,0.0,0.0,0.0,2,2500,0,1,210,0,1,0

APPTR,R01,01,SOPAR
IF,SOPAR,63.697961,-22.605656, ,0.0,0.0,2,3500,0,1,230,0,1,0
TF,30NM,63.754181,-22.605611,0, ,0.0,0.0,0.0,0.0,2,3000,0,0,0,0,0,0
TF,KFI01,63.804025,-22.605575,0, ,0.0,0.0,0.0,0.0,2,2500,0,1,210,0,1,0

FINAL,R01,01,R,3
IF,KFI01,63.804025,-22.605575, ,0.0,0.0,2,2500,0,1,210,0,0,0
TF,SUVIL,63.881517,-22.605517,0, ,0.0,0.0,12.0,4.7,2,1800,0,0,0,0,2,0
TF,RW01,63.964478,-22.605453,0, ,0.0,0.0,12.0,5.0,1,185,0,0,0,0,3,1
CF,NERKO,64.217744,-22.605256,0,AKI,245.7,149.5,12.0,15.2,1,3000,0,0,0,0,0,0
VM,0,0,0,12.0,1,3000,0,0,0,0,0,0

APPTR,R10,10,NONBO
IF,NONBO,64.062442,-23.052658, ,0.0,0.0,2,3000,0,1,220,0,1,0
TF,KFI10,63.984572,-22.986753,0, ,0.0,0.0,0.0,0.0,2,2200,0,1,200,0,1,0

APPTR,R10,10,SONAX
IF,SONAX,63.906342,-23.050219, ,0.0,0.0,2,3000,0,1,220,0,1,0
TF,KFI10,63.984572,-22.986753,0, ,0.0,0.0,0.0,0.0,2,2200,0,1,200,0,1,0

APPTR,R10,10,VESOX
IF,VESOX,63.983964,-23.175872, ,0.0,0.0,2,3000,0,1,220,0,1,0
TF,KFI10,63.984572,-22.986753,0, ,0.0,0.0,0.0,0.0,2,2200,0,1,200,0,1,0

FINAL,R10,10,R,3
IF,KFI10,63.984572,-22.986753, ,0.0,0.0,2,2200,0,1,200,0,0,0
TF,MADAX,63.984861,-22.847503,0, ,0.0,0.0,102.0,3.7,2,1800,0,0,0,0,2,0
TF,RW10,63.985039,-22.655006,0, ,0.0,0.0,102.0,5.1,1,159,0,0,0,0,3,1
CF,KFT10,63.984958,-22.459233,0,AKI,240.9,156.2,102.0,5.2,0,0,0,1,210,0,0,1
DF,NERKO,64.217744,-22.605256,1, ,0.0,0.0,1,3000,0,1,210,0,0,0

APPTR,R10-Y,10,NONBO
IF,NONBO,64.062442,-23.052658, ,0.0,0.0,2,3000,0,1,220,0,1,0
TF,KFI10,63.984572,-22.986753,0, ,0.0,0.0,0.0,0.0,2,2200,0,1,200,0,1,0

APPTR,R10-Y,10,SONAX
IF,SONAX,63.906342,-23.050219, ,0.0,0.0,2,3000,0,1,220,0,1,0
TF,KFI10,63.984572,-22.986753,0, ,0.0,0.0,0.0,0.0,2,2200,0,1,200,0,1,0

APPTR,R10-Y,10,VESOX
IF,VESOX,63.983964,-23.175872, ,0.0,0.0,2,3000,0,1,220,0,1,0
TF,KFI10,63.984572,-22.986753,0, ,0.0,0.0,0.0,0.0,2,2200,0,1,200,0,1,0

FINAL,R10-Y,10,R,3
IF,KFI10,63.984572,-22.986753, ,0.0,0.0,2,2200,0,1,200,0,0,0
TF,MADAX,63.984861,-22.847503,0, ,0.0,0.0,102.0,3.7,2,2000,0,0,0,0,2,0
TF,RW10Y,63.985044,-22.635500,0, ,0.0,0.0,102.0,5.6,1,178,0,0,0,0,3,1
CF,KFT10,63.984958,-22.459233,0,AKI,240.9,156.2,102.0,4.7,0,0,0,1,210,0,0,1
DF,NERKO,64.217744,-22.605256,1, ,0.0,0.0,1,3000,0,1,210,0,0,0

APPTR,R19,19,ELVUM
IF,ELVUM,64.162953,-22.426431, ,0.0,0.0,2,3000,0,1,220,0,1,0
TF,KFI19,64.134681,-22.605322,0, ,0.0,0.0,0.0,0.0,2,2200,0,1,200,0,1,0

APPTR,R19,19,NERKO
IF,NERKO,64.217744,-22.605256, ,0.0,0.0,2,3000,0,1,220,0,1,0
TF,KFI19,64.134681,-22.605322,0, ,0.0,0.0,0.0,0.0,2,2200,0,1,200,0,1,0

APPTR,R19,19,VALUX
IF,VALUX,64.163008,-22.784169, ,0.0,0.0,2,3000,0,1,220,0,1,0
TF,KFI19,64.134681,-22.605322,0, ,0.0,0.0,0.0,0.0,2,2200,0,1,200,0,1,0

FINAL,R19,19,R,3
IF,KFI19,64.134681,-22.605322, ,0.0,0.0,2,2200,0,1,200,0,0,0
TF,NOMTA,64.073525,-22.605369,0, ,0.0,0.0,192.0,3.7,2,1800,0,0,0,0,2,0
TF,RW19,63.991878,-22.605433,0, ,0.0,0.0,192.0,4.9,1,211,0,0,0,0,3,1
CF,KF801,63.650678,-22.605694,0,AKI,237.1,173.6,192.0,20.5,1,3000,0,0,0,0,0,0
VM,0,0,0,192.0,1,3000,0,0,0,0,0,0

APPTR,R28,28,ADOVA
IF,ADOVA,63.983719,-22.000056, ,0.0,0.0,2,3500,0,1,230,0,1,0
TF,KFI28,63.984553,-22.241558,0, ,0.0,0.0,0.0,0.0,2,2500,0,1,210,0,1,0

APPTR,R28,28,LUKAR
IF,LUKAR,64.083931,-22.157153, ,0.0,0.0,2,3500,0,1,230,0,1,0
TF,KFI28,63.984553,-22.241558,0, ,0.0,0.0,0.0,0.0,2,2500,0,1,210,0,1,0

APPTR,R28,28,OLGES
IF,OLGES,63.884592,-22.160597, ,0.0,0.0,2,3500,0,1,230,0,1,0
TF,KFI28,63.984553,-22.241558,0, ,0.0,0.0,0.0,0.0,2,2500,0,1,210,0,1,0

FINAL,R28,28,R,3
IF,KFI28,63.984553,-22.241558, ,0.0,0.0,2,2500,0,1,210,0,0,0
TF,ARDAL,63.984892,-22.407103,0, ,0.0,0.0,282.0,4.4,2,1800,0,0,0,0,2,0
TF,RW28,63.985042,-22.592392,0, ,0.0,0.0,282.0,4.9,1,219,0,0,0,0,3,1
CF,LERVA,63.984381,-23.055953,0,AKI,244.7,167.7,282.0,12.3,1,3000,0,0,0,0,0,0
VM,0,0,0,282.0,1,3000,0,0,0,0,0,0

