APPTR,R08-C,08,BAMSI
IF,BAMSI,65.330583,-13.252008, ,0.0,0.0,2,4900,0,0,0,0,1,0
TF,NESOK,65.256322,-13.163117,0, ,0.0,0.0,0.0,0.0,2,3000,0,0,0,0,1,0

APPTR,R08-C,08,UNDIN
IF,UNDIN,65.182006,-13.074722, ,0.0,0.0,2,4600,0,0,0,0,1,0
TF,NESOK,65.256322,-13.163117,0, ,0.0,0.0,0.0,0.0,2,3000,0,0,0,0,1,0

FINAL,R08-C,08,R,3
IF,NESOK,65.256322,-13.163117, ,0.0,0.0,2,3000,0,0,0,0,1,0
TF,NFF41,65.226539,-13.304781,0, ,0.0,0.0,252.0,4.0,2,2100,0,0,0,0,2,0
TF,NFM42,65.189122,-13.481411,0, ,0.0,0.0,252.0,5.0,1,500,0,0,0,0,3,1
DF,NESOK,65.256322,-13.163117,2, ,0.0,0.0,0,0,0,1,130,0,0,0
HM,NESOK,65.256322,-13.163117,1, ,0.0,0.0,252.0,04.3,1,3000,0,0,0,0,0,0,0

APPTR,R08-D,08,HAFUT
IF,HAFUT,65.295931,-13.211553, ,0.0,0.0,2,4600,0,0,0,0,1,0
TF,NFI50,65.327294,-13.395467,0, ,0.0,0.0,0.0,0.0,2,3000,0,0,0,0,1,0

APPTR,R08-D,08,HOSWA
IF,HOSWA,65.370828,-13.653678, ,0.0,0.0,2,5300,0,0,0,0,1,0
TF,NF401,65.349117,-13.524467,0, ,0.0,0.0,0.0,0.0,2,4000,0,0,0,0,0,0
TF,NFI50,65.327294,-13.395467,0, ,0.0,0.0,0.0,0.0,2,3000,0,0,0,0,1,0

APPTR,R08-D,08,PEBBA
IF,PEBBA,65.404228,-13.320469, ,0.0,0.0,2,4500,0,0,0,0,1,0
TF,NFI50,65.327294,-13.395467,0, ,0.0,0.0,0.0,0.0,2,3000,0,0,0,0,1,0

FINAL,R08-D,08,R,3
IF,NFI50,65.327294,-13.395467, ,0.0,0.0,2,3000,0,0,0,0,0,0
TF,NFF51,65.265719,-13.455150,0, ,0.0,0.0,211.0,4.0,2,2100,0,0,0,0,2,0
TF,NFM52,65.188717,-13.529367,0, ,0.0,0.0,211.0,5.0,1,550,0,0,0,0,3,1
DF,HAFUT,65.295931,-13.211553,1, ,0.0,0.0,0,0,0,0,0,0,0,0
HM,HAFUT,65.295931,-13.211553,2, ,0.0,0.0,301.0,04.3,2,3000,0,0,0,0,0,0,0

APPTR,R26-C,26,BAMSI
IF,BAMSI,65.330583,-13.252008, ,0.0,0.0,2,4900,0,0,0,0,1,0
TF,NESOK,65.256322,-13.163117,0, ,0.0,0.0,0.0,0.0,2,3000,0,0,0,0,1,0

APPTR,R26-C,26,UNDIN
IF,UNDIN,65.182006,-13.074722, ,0.0,0.0,2,4600,0,0,0,0,1,0
TF,NESOK,65.256322,-13.163117,0, ,0.0,0.0,0.0,0.0,2,3000,0,0,0,0,1,0

FINAL,R26-C,26,R,3
IF,NESOK,65.256322,-13.163117, ,0.0,0.0,2,3000,0,0,0,0,1,0
TF,NFF41,65.226539,-13.304781,0, ,0.0,0.0,252.0,4.0,2,2100,0,0,0,0,2,0
TF,NFM42,65.189122,-13.481411,0, ,0.0,0.0,252.0,5.0,1,500,0,0,0,0,3,1
DF,NESOK,65.256322,-13.163117,2, ,0.0,0.0,0,0,0,1,130,0,0,0
HM,NESOK,65.256322,-13.163117,1, ,0.0,0.0,252.0,04.3,1,3000,0,0,0,0,0,0,0

APPTR,R26-D,26,HAFUT
IF,HAFUT,65.295931,-13.211553, ,0.0,0.0,2,4600,0,0,0,0,1,0
TF,NFI50,65.327294,-13.395467,0, ,0.0,0.0,0.0,0.0,2,3000,0,0,0,0,1,0

APPTR,R26-D,26,HOSWA
IF,HOSWA,65.370828,-13.653678, ,0.0,0.0,2,5300,0,0,0,0,1,0
TF,NF401,65.349117,-13.524467,0, ,0.0,0.0,0.0,0.0,2,4000,0,0,0,0,0,0
TF,NFI50,65.327294,-13.395467,0, ,0.0,0.0,0.0,0.0,2,3000,0,0,0,0,1,0

APPTR,R26-D,26,PEBBA
IF,PEBBA,65.404228,-13.320469, ,0.0,0.0,2,4500,0,0,0,0,1,0
TF,NFI50,65.327294,-13.395467,0, ,0.0,0.0,0.0,0.0,2,3000,0,0,0,0,1,0

FINAL,R26-D,26,R,3
IF,NFI50,65.327294,-13.395467, ,0.0,0.0,2,3000,0,0,0,0,0,0
TF,NFF51,65.265719,-13.455150,0, ,0.0,0.0,211.0,4.0,2,2100,0,0,0,0,2,0
TF,NFM52,65.188717,-13.529367,0, ,0.0,0.0,211.0,5.0,1,550,0,0,0,0,3,1
DF,HAFUT,65.295931,-13.211553,1, ,0.0,0.0,0,0,0,0,0,0,0,0
HM,HAFUT,65.295931,-13.211553,2, ,0.0,0.0,301.0,04.3,2,3000,0,0,0,0,0,0,0

