SID,DOLE1A,17,5
CF,PR502,42.516472,21.041594,0,PRT,168.6,2.3,171.0,4.1,0,0,0,0,0,0,0,1
DF,PR504,42.574286,20.805136,2, ,0.0,0.0,0,0,0,1,230,0,0,0
TF,PR506,42.651933,20.658319,0, ,0.0,0.0,0.0,0.0,0,0,0,0,0,0,0,0
TF,PR507,42.758389,20.455853,0, ,0.0,0.0,0.0,0.0,0,0,0,0,0,0,0,0
TF,DOLEV,42.833889,20.311389,0, ,0.0,0.0,0.0,0.0,0,0,0,0,0,0,0,0

SID,DOLE1D,35,5
CF,PR602,42.626897,21.030375,0,PRT,351.8,4.4,351.0,4.1,0,0,0,0,0,0,0,1
DF,PR620,42.702336,20.903933,0, ,0.0,0.0,0,0,0,1,230,0,0,0
TF,DOLEV,42.833889,20.311389,0, ,0.0,0.0,0.0,0.0,0,0,0,0,0,0,0,0

SID,KUKA1A,17,5
CF,PR502,42.516472,21.041594,0,PRT,168.6,2.3,171.0,4.1,0,0,0,0,0,0,0,1
DF,PR510,42.452442,20.818758,0, ,0.0,0.0,0,0,0,1,230,0,0,0
TF,PR512,42.399250,20.477414,0, ,0.0,0.0,0.0,0.0,0,0,0,0,0,0,0,0
TF,KUKAD,42.352222,20.181389,0, ,0.0,0.0,0.0,0.0,0,0,0,0,0,0,0,0

SID,KUKA1B,17,2
VD, ,0,0,0,PRT,0.0,0.0,171.0,2.3,0,0,0,0,0,0,0,0
CI,2, ,0.0,278.0,0,0,0,1,250,0,0,0
CF,KUKAD,42.352222,20.181389,0,PRT,247.6,39.8,248.0,31.0,0,0,0,0,0,0,0,0

SID,KUKA1C,17,2
VD, ,0,0,0,PRT,0.0,0.0,171.0,4.0,0,0,0,0,0,0,0,0
DF,PRT,42.553858,21.035900,1, ,0.0,0.0,0,0,0,1,230,0,0,0
TF,KUKAD,42.352222,20.181389,0, ,0.0,0.0,0.0,0.0,0,0,0,0,0,0,0,0

SID,KUKA1D,35,5
CF,PR602,42.626897,21.030375,0,PRT,351.8,4.4,351.0,4.1,0,0,0,0,0,0,0,1
DF,PR620,42.702336,20.903933,0, ,0.0,0.0,0,0,0,1,230,0,0,0
TF,PR622,42.492586,20.691503,0, ,0.0,0.0,0.0,0.0,0,0,0,1,250,0,0,0
TF,KUKAD,42.352222,20.181389,0, ,0.0,0.0,0.0,0.0,0,0,0,0,0,0,0,0

SID,KUKA1E,35,2
VD, ,0,0,0,PRT,0.0,0.0,351.0,4.4,0,0,0,0,0,0,0,0
CI,1, ,0.0,218.0,0,0,0,1,250,0,0,0
CF,KUKAD,42.352222,20.181389,0,PRT,247.6,39.8,248.0,26.0,0,0,0,0,0,0,0,0

SID,KUKA1F,35,2
VD, ,0,0,0,PRT,0.0,0.0,351.0,6.0,0,0,0,0,0,0,0,0
CI,1, ,0.0,218.0,0,0,0,1,250,0,0,0
CF,KUKAD,42.352222,20.181389,0,PRT,247.6,39.8,248.0,24.0,0,0,0,0,0,0,0,0

SID,SARA1A,17,5
CF,PR502,42.516472,21.041594,0,PRT,168.6,2.3,171.0,4.1,0,0,0,0,0,0,0,1
DF,PR540,42.357881,20.987750,0, ,0.0,0.0,0,0,0,0,0,0,0,0
TF,SARAX,42.096944,20.895556,0, ,0.0,0.0,0.0,0.0,0,0,0,0,0,0,0,0

SID,SARA1B,17,2
VD, ,0,0,0,PRT,0.0,0.0,171.0,2.3,0,0,0,0,0,0,0,0
CI,0, ,0.0,218.0,0,0,0,1,250,0,0,0
CF,D188W,42.179986,20.920903,0,PRT,187.9,23.0,188.0,18.0,2,9500,0,0,0,0,0,0
TF,SARAX,42.096944,20.895556,0, ,0.0,0.0,0.0,0.0,0,0,0,0,0,0,0,0

SID,SARA1C,17,2
VD, ,0,0,0,PRT,0.0,0.0,171.0,4.0,0,0,0,0,0,0,0,0
DF,PRT,42.553858,21.035900,1, ,0.0,0.0,0,0,0,1,230,0,0,0
CD, ,0,0,0,PRT,0,0.0,217.0,11.7,0,0,0,0,0,0,0,0
CF,D217P,42.355364,20.795222,0,PRT,217.0,16.0,217.0,4.3,0,0,0,0,0,0,0,0
AF,D200P,42.311989,20.884000,1,PRT,200.0,16.0,217.0,0,0,0,0,0,0,0,1
AF,D188P,42.293903,20.955069,1,PRT,188.0,16.0,200.0,0,0,0,0,0,0,0,0
TF,SARAX,42.096944,20.895556,0, ,0.0,0.0,0.0,0.0,0,0,0,1,250,0,0,0

SID,SARA1D,35,5
CF,PR602,42.626897,21.030375,0,PRT,351.8,4.4,351.0,4.1,0,0,0,0,0,0,0,1
DF,PR620,42.702336,20.903933,0, ,0.0,0.0,0,0,0,1,230,0,0,0
TF,PR622,42.492586,20.691503,0, ,0.0,0.0,0.0,0.0,0,0,0,1,250,0,0,0
TF,SARAX,42.096944,20.895556,0, ,0.0,0.0,0.0,0.0,0,0,0,0,0,0,0,0

SID,SARA1E,35,2
VD, ,0,0,0,PRT,0.0,0.0,351.0,4.4,0,0,0,0,0,0,0,0
CI,1, ,0.0,190.0,0,0,0,0,0,0,0,0
CF,D248L,42.495297,20.784339,0,PRT,247.6,11.7,248.0,6.0,0,0,0,0,0,0,0,0
TF,D248P,42.473636,20.692006,0, ,0.0,0.0,0.0,0.0,0,0,0,0,0,0,0,0
AF,D200P,42.311989,20.884000,1,PRT,200.0,16.0,248.0,0,0,0,0,0,0,0,1
AF,D188P,42.293903,20.955069,1,PRT,188.0,16.0,200.0,0,0,0,0,0,0,0,0
CF,SARAX,42.096944,20.895556,0,PRT,187.9,28.1,188.0,12.0,0,0,0,1,250,0,0,0

SID,SARA1F,35,2
VD, ,0,0,0,PRT,0.0,0.0,351.0,6.0,0,0,0,0,0,0,0,0
CI,1, ,0.0,190.0,0,0,0,1,250,0,0,0
CF,D248L,42.495297,20.784339,0,PRT,247.6,11.7,248.0,5.0,0,0,0,0,0,0,0,0
TF,D248P,42.473636,20.692006,0, ,0.0,0.0,0.0,0.0,0,0,0,0,0,0,0,0
AF,D200P,42.311989,20.884000,1,PRT,200.0,16.0,248.0,0,0,0,0,0,0,0,1
AF,D188P,42.293903,20.955069,1,PRT,188.0,16.0,200.0,0,0,0,0,0,0,0,0
CF,SARAX,42.096944,20.895556,0,PRT,187.9,28.1,188.0,12.0,0,0,0,1,250,0,0,0

SID,UDVA1A,17,5
CF,PR502,42.516472,21.041594,0,PRT,168.6,2.3,171.0,4.1,0,0,0,0,0,0,0,1
DF,PR408,42.648147,21.184731,1, ,0.0,0.0,0,0,0,0,0,0,0,0
TF,PR530,42.851411,21.122378,0, ,0.0,0.0,0.0,0.0,0,0,0,0,0,0,0,0
TF,UDVAR,43.115833,21.040556,0, ,0.0,0.0,0.0,0.0,0,0,0,0,0,0,0,0

SID,UDVA1B,17,2
VD, ,0,0,0,PRT,0.0,0.0,171.0,2.3,0,0,0,0,0,0,0,0
CI,1, ,0.0,325.0,0,0,0,1,250,0,0,0
CF,D355J,42.720578,21.037264,0,PRT,355.4,10.0,355.0,5.0,2,7000,0,0,0,0,0,0
TF,UDVAR,43.115833,21.040556,0, ,0.0,0.0,0.0,0.0,0,0,0,0,0,0,0,0

SID,UDVA1C,17,2
VD, ,0,0,0,PRT,0.0,0.0,171.0,4.0,0,0,0,0,0,0,0,0
CI,1, ,0.0,325.0,0,0,0,1,250,0,0,0
CF,UDVAR,43.115833,21.040556,0,PRT,355.4,33.7,355.0,31.0,0,0,0,0,0,0,0,0

SID,UDVA1D,35,5
CF,PR602,42.626897,21.030375,0,PRT,351.8,4.4,351.0,4.1,0,0,0,0,0,0,0,1
DF,PR604,42.748553,21.032775,0, ,0.0,0.0,0,0,0,1,250,0,0,0
TF,PR606,42.926914,21.036581,0, ,0.0,0.0,0.0,0.0,0,0,0,0,0,0,0,0
TF,UDVAR,43.115833,21.040556,0, ,0.0,0.0,0.0,0.0,0,0,0,0,0,0,0,0

SID,UDVA1E,35,2
VD, ,0,0,0,PRT,0.0,0.0,351.0,4.4,0,0,0,0,0,0,0,0
CF,UDVAR,43.115833,21.040556,0,PRT,355.4,33.7,355.0,29.3,0,0,0,0,0,0,0,0

SID,UDVA1F,35,2
VD, ,0,0,0,PRT,0.0,0.0,351.0,6.0,0,0,0,0,0,0,0,0
CF,UDVAR,43.115833,21.040556,0,PRT,355.4,33.7,355.0,28.0,0,0,0,0,0,0,0,0

STAR,ARBE1A,17,5
IF,ARBER,42.130278,20.497500, ,0.0,0.0,2,11000,0,0,0,0,0,0
TF,PR421,42.526353,20.729350,0, ,0.0,0.0,0.0,0.0,2,10000,0,0,0,0,0,0
TF,PR420,42.673025,20.816053,0, ,0.0,0.0,0.0,0.0,0,0,0,0,0,0,0,0
TF,PR406,42.746144,20.859417,0, ,0.0,0.0,0.0,0.0,2,6700,0,1,230,0,0,0

STAR,ARBE1C,17,2
IF,ARBER,42.130278,20.497500, ,0.0,0.0,2,11000,0,0,0,0,0,0
TF,D218M,42.396461,20.834603,0, ,0.0,0.0,0.0,0.0,2,10000,0,0,0,0,0,0
TF,PRT,42.553858,21.035900,0, ,0.0,0.0,0.0,0.0,2,8000,0,0,0,0,0,0

STAR,ARBE1D,35,5
IF,ARBER,42.130278,20.497500, ,0.0,0.0,2,11000,0,0,0,0,0,0
TF,PR724,42.229558,20.704833,0, ,0.0,0.0,0.0,0.0,2,10000,0,0,0,0,0,0
TF,PR722,42.382228,21.026550,0, ,0.0,0.0,0.0,0.0,2,8900,0,0,0,0,0,0
TF,PR720,42.486869,21.248981,0, ,0.0,0.0,0.0,0.0,2,6600,0,1,250,0,0,0

STAR,ARBE1F,35,2
IF,ARBER,42.130278,20.497500, ,0.0,0.0,2,11000,0,0,0,0,0,0
TF,D218M,42.396461,20.834603,0, ,0.0,0.0,0.0,0.0,2,10000,0,0,0,0,0,0
TF,PRT,42.553858,21.035900,0, ,0.0,0.0,0.0,0.0,2,6200,0,0,0,0,0,0

STAR,MEDU1A,17,5
IF,MEDUX,42.747500,20.021944, ,0.0,0.0,2,11000,0,0,0,0,0,0
TF,PR423,42.747539,20.474303,0, ,0.0,0.0,0.0,0.0,2,10000,0,0,0,0,0,0
TF,PR422,42.746972,20.677881,0, ,0.0,0.0,0.0,0.0,0,0,0,0,0,0,0,0
TF,PR406,42.746144,20.859417,0, ,0.0,0.0,0.0,0.0,2,6700,0,1,230,0,0,0

STAR,MEDU1D,35,5
IF,MEDUX,42.747500,20.021944, ,0.0,0.0,2,11000,0,0,0,0,0,0
TF,PR728,42.620111,20.630603,0, ,0.0,0.0,0.0,0.0,2,10400,0,0,0,0,0,0
TF,PR726,42.527158,21.063861,0, ,0.0,0.0,0.0,0.0,0,0,0,0,0,0,0,0
TF,PR720,42.486869,21.248981,0, ,0.0,0.0,0.0,0.0,2,6600,0,1,250,0,0,0

STAR,REDV1A,17,5
IF,REDVA,43.013611,20.585556, ,0.0,0.0,2,9000,0,0,0,0,0,0
TF,PR406,42.746144,20.859417,0, ,0.0,0.0,0.0,0.0,2,6700,0,1,230,0,0,0

STAR,REDV1B,17,2
IF,REDVA,43.013611,20.585556, ,0.0,0.0,2,9000,0,0,0,0,0,0
TF,D319S,42.813667,20.782442,0, ,0.0,0.0,0.0,0.0,0,0,0,1,250,0,0,0
TF,D319P,42.775808,20.819542,0, ,0.0,0.0,0.0,0.0,2,6700,0,0,0,0,0,0
AF,D343P,42.821278,20.958667,2,PRT,343.0,16.4,319.0,3,6000,0,0,0,0,0,1
AF,D351P,42.826608,21.009978,2,PRT,351.0,16.4,343.0,2,4600,0,0,0,0,0,0

STAR,REDV1C,17,2
IF,REDVA,43.013611,20.585556, ,0.0,0.0,2,9000,0,0,0,0,0,0
TF,PRT,42.553858,21.035900,0, ,0.0,0.0,0.0,0.0,2,8000,0,0,0,0,0,0

STAR,REDV1D,35,5
IF,REDVA,43.013611,20.585556, ,0.0,0.0,2,9000,0,0,0,0,0,0
TF,PR734,42.884517,20.903344,0, ,0.0,0.0,0.0,0.0,2,6900,0,0,0,0,0,0
TF,PR732,42.762667,21.200006,0, ,0.0,0.0,0.0,0.0,0,0,0,0,0,0,0,0
TF,PR720,42.486869,21.248981,0, ,0.0,0.0,0.0,0.0,2,6600,0,1,250,0,0,0

STAR,REDV1F,35,2
IF,REDVA,43.013611,20.585556, ,0.0,0.0,2,9000,0,0,0,0,0,0
TF,D319N,42.743353,20.851300,0, ,0.0,0.0,0.0,0.0,2,7700,0,0,0,0,0,0
TF,PRT,42.553858,21.035900,0, ,0.0,0.0,0.0,0.0,2,6200,0,0,0,0,0,0

STAR,XAXA1A,17,5
IF,XAXAN,42.136694,21.326694, ,0.0,0.0,2,11000,0,0,0,0,0,0
TF,PR410,42.349022,21.268044,0, ,0.0,0.0,0.0,0.0,2,6400,0,0,0,0,0,0
TF,PR408,42.648147,21.184731,0, ,0.0,0.0,0.0,0.0,2,5500,0,1,230,0,0,0

STAR,XAXA1C,17,2
IF,XAXAN,42.136694,21.326694, ,0.0,0.0,2,11000,0,0,0,0,0,0
TF,PRT,42.553858,21.035900,0, ,0.0,0.0,0.0,0.0,2,8000,0,0,0,0,0,0

STAR,XAXA1D,35,5
IF,XAXAN,42.136694,21.326694, ,0.0,0.0,2,11000,0,1,250,0,0,0
TF,PR710,42.278208,21.252725,0, ,0.0,0.0,0.0,0.0,2,6600,0,1,230,0,0,0

STAR,XAXA1F,35,2
IF,XAXAN,42.136694,21.326694, ,0.0,0.0,2,11000,0,0,0,0,0,0
TF,D148R,42.285889,21.223192,0, ,0.0,0.0,0.0,0.0,2,6200,0,0,0,0,0,0

APPTR,D17,17,D351P
IF,D351P,42.826608,21.009978, ,0.0,0.0,2,4600,0,0,0,0,1,0
TF,CD17,42.781706,21.014258,0, ,0.0,0.0,0.0,0.0,2,4500,0,0,0,0,1,0

APPTR,D17,17,PRT1
IF,PRT,42.553858,21.035900, ,0.0,0.0,2,8000,0,1,220,0,1,0
FD,PRT,42.553858,21.035900,0,PRT,0.0,13.7,8.0,13.7,0,0,0,0,0,0,0,0
CF,CD17,42.781706,21.014258,1,PRT,351.0,13.7,171.0,1.0,2,4500,0,0,0,0,1,0

APPTR,D17,17,PRT2
IF,PRT,42.553858,21.035900, ,0.0,0.0,2,8000,0,1,140,0,1,0
FD,PRT,42.553858,21.035900,0,PRT,0.0,13.7,358.0,13.7,0,0,0,0,0,0,0,0
CF,CD17,42.781706,21.014258,1,PRT,351.0,13.7,171.0,1.0,2,4500,0,0,0,0,1,0

FINAL,D17,17,D,4
IF,CD17,42.781706,21.014258,PRT,351.0,13.7,2,4500,0,0,0,0,0,0
CF,FD17,42.698553,21.022169,0,PRT,351.0,8.7,171.0,5.0,1,4000,0,0,0,0,2,0
CF,55VOR,42.645333,21.027222,0,PRT,351.0,5.5,171.0,3.2,2,2980,0,0,0,0,0,0
CF,MD17,42.585458,21.032897,0,PRT,351.0,1.9,171.0,3.6,1,1846,0,0,0,0,3,0
CF,PRT,42.553858,21.035900,0,PRT,0.0,0.0,171.0,1.9,0,0,0,0,0,0,0,0
CF,D171D,42.487333,21.042172,0,PRT,171.0,4.0,171.0,4.0,0,0,0,0,0,0,0,1
CF,D128O,42.383033,21.282600,0,PRT,128.0,15.0,110.0,12.0,0,0,0,0,0,0,0,0
AF,D085O,42.553361,21.374139,1,PRT,85.0,15.0,128.0,1,6000,0,1,230,0,0,0
HM,D085O,42.553361,21.374139,2, ,0.0,0.0,265.0,04.3,2,6000,0,1,230,0,0,0,0

APPTR,D35,35,D148R
IF,D148R,42.285889,21.223192, ,0.0,0.0,2,6200,0,0,0,0,1,0
TF,CD35,42.342653,21.101611,0, ,0.0,0.0,0.0,0.0,2,6200,0,1,185,0,1,0

APPTR,D35,35,PRT1
IF,PRT,42.553858,21.035900, ,0.0,0.0,0,0,0,1,220,0,0,0
TF,D145M,42.366058,21.182036,0, ,0.0,0.0,0.0,0.0,0,0,0,0,0,0,0,1
CF,CD35,42.342653,21.101611,2,PRT,162.0,13.0,342.0,1.0,2,6200,0,1,185,0,1,0

APPTR,D35,35,PRT2
IF,PRT,42.553858,21.035900, ,0.0,0.0,0,0,0,1,140,0,0,0
TF,D155M,42.350142,21.135836,0, ,0.0,0.0,0.0,0.0,0,0,0,0,0,0,0,1
CF,CD35,42.342653,21.101611,2,PRT,162.0,13.0,342.0,1.0,2,6200,0,1,185,0,1,0

FINAL,D35,35,D,4
IF,CD35,42.342653,21.101611,PRT,162.0,13.0,2,6200,0,1,185,0,0,0
CF,FD35,42.446636,21.069311,0,PRT,162.0,6.6,342.0,6.4,1,4400,0,0,0,0,2,0
CF,32VOR,42.501875,21.052106,0,PRT,162.0,3.2,342.0,3.4,2,3120,0,0,0,0,0,0
CF,PRT,42.553858,21.035900,0,PRT,0.0,0.0,342.0,3.2,1,1928,0,0,0,0,3,0
CA,0,342.0,2,2200,0,0,0,0,0,0
CI,2, ,0.0,130.0,0,0,0,1,230,0,0,0
CF,D085O,42.553361,21.374139,0,PRT,85.0,15.0,85.0,10.0,1,5200,0,0,0,0,0,0
HM,D085O,42.553361,21.374139,2, ,0.0,0.0,265.0,04.3,2,5200,0,1,230,0,0,0,0

APPTR,I17-Y,17,PR406
IF,PR406,42.746144,20.859417, ,0.0,0.0,2,6700,0,1,230,0,1,0
TF,PR402,42.752258,20.967681,0, ,0.0,0.0,0.0,0.0,2,4700,0,1,210,0,0,0
TF,IPR17,42.755025,21.017308,0,PRS,0.0,0.0,0.0,0.0,2,4000,0,0,0,0,1,0

APPTR,I17-Y,17,PR408
IF,PR408,42.648147,21.184731, ,0.0,0.0,2,5500,0,1,230,0,1,0
TF,PR404,42.762428,21.152681,0, ,0.0,0.0,0.0,0.0,2,4200,0,0,0,0,0,0
TF,IPR17,42.755025,21.017308,0,PRS,0.0,0.0,0.0,0.0,2,4000,0,1,210,0,1,0

FINAL,I17-Y,17,I,3
IF,IPR17,42.755025,21.017308,PRS,350.7,12.0,2,4000,0,0,0,0,0,0
CF,FPR17,42.682375,21.024722,0,PRS,350.7,7.6,171.0,4.4,1,3700,0,1,185,0,2,0
CF,RW17,42.585336,21.034600,0,PRS,350.7,1.8,171.0,5.8,1,1841,0,0,0,0,3,0
CF,PR405,42.463000,21.047011,0,PRT,169.8,5.5,171.0,7.4,0,0,0,0,0,0,0,1
DF,PR408,42.648147,21.184731,1, ,0.0,0.0,2,5500,0,1,230,0,0,0
HM,PR408,42.648147,21.184731,2, ,0.0,0.0,343.0,04.3,2,5500,0,1,230,0,0,0,0

APPTR,I17-Z,17,D351P
IF,D351P,42.826608,21.009978, ,0.0,0.0,2,4600,0,0,0,0,1,0
CF,CI17,42.780536,21.014642,0,PRS,350.7,13.5,171.0,2.8,2,4500,0,0,0,0,1,0

APPTR,I17-Z,17,PRT1
IF,PRT,42.553858,21.035900, ,0.0,0.0,2,8000,0,1,220,0,1,0
FD,PRT,42.553858,21.035900,0,PRT,0.0,13.7,8.0,13.7,0,0,0,0,0,0,0,0
CF,CI17,42.780536,21.014642,1,PRS,350.7,13.5,171.0,1.0,2,4500,0,0,0,0,1,0

APPTR,I17-Z,17,PRT2
IF,PRT,42.553858,21.035900, ,0.0,0.0,2,8000,0,1,140,0,1,0
FD,PRT,42.553858,21.035900,0,PRT,0.0,13.7,358.0,13.7,0,0,0,0,0,0,0,0
CF,CI17,42.780536,21.014642,1,PRS,350.7,13.5,171.0,1.0,2,4500,0,0,0,0,1,0

FINAL,I17-Z,17,I,3
IF,CI17,42.780536,21.014642,PRS,350.7,13.5,2,4500,0,0,0,0,0,0
CF,FI17,42.697414,21.023156,0,PRS,350.7,8.5,171.0,5.0,1,4000,0,0,0,0,2,0
CF,RW17,42.585336,21.034600,0,PRS,350.7,1.8,171.0,6.7,1,1841,0,0,0,0,3,0
CF,D171F,42.462386,21.044528,0,PRT,171.0,5.5,171.0,7.4,0,0,0,0,0,0,0,1
CF,D133O,42.367783,21.261564,0,PRT,133.0,15.0,110.0,11.0,0,0,0,0,0,0,0,0
AF,D085O,42.553361,21.374139,1,PRT,85.0,15.0,133.0,1,6000,0,1,230,0,0,0
HM,D085O,42.553361,21.374139,2, ,0.0,0.0,265.0,04.3,2,6000,0,1,230,0,0,0,0

APPTR,I35,35,PR710
IF,PR710,42.278208,21.252725, ,0.0,0.0,2,6600,0,1,230,0,1,0
TF,PR708,42.409153,21.052456,0, ,0.0,0.0,0.0,0.0,2,4200,0,1,210,0,1,0
TF,PR707,42.444067,21.048925,0,PRN,0.0,0.0,0.0,0.0,2,3900,0,0,0,0,0,0

APPTR,I35,35,PR720
IF,PR720,42.486869,21.248981, ,0.0,0.0,2,6600,0,1,250,0,1,0
TF,PR712,42.352367,21.385542,0, ,0.0,0.0,0.0,0.0,0,0,0,1,230,0,0,0
TF,PR710,42.278208,21.252725,0, ,0.0,0.0,0.0,0.0,2,6600,0,0,0,0,0,0
TF,PR708,42.409153,21.052456,0, ,0.0,0.0,0.0,0.0,2,4200,0,1,210,0,1,0
TF,PR707,42.444067,21.048925,0,PRN,0.0,0.0,0.0,0.0,2,3900,0,0,0,0,0,0

FINAL,I35,35,I,3
IF,PR707,42.444067,21.048925,PRN,170.7,8.7,2,3900,0,0,0,0,0,0
CF,PR706,42.483967,21.044886,0,PRN,170.7,6.3,351.0,2.4,1,3500,0,0,0,0,2,0
CF,RW35,42.558042,21.037381,0,PRN,170.7,1.8,351.0,4.5,1,1844,0,0,0,0,3,0
CF,PR802,42.592947,21.033828,0,PRT,352.8,2.4,351.0,2.1,0,0,0,0,0,0,0,1
DF,PR720,42.486869,21.248981,2, ,0.0,0.0,2,6600,0,1,230,0,0,0
HM,PR720,42.486869,21.248981,1, ,0.0,0.0,138.0,04.3,2,6600,0,1,230,0,0,0,0

APPTR,R17,17,PR406
IF,PR406,42.746144,20.859417, ,0.0,0.0,2,6700,0,1,230,0,1,0
TF,PR402,42.752258,20.967681,0, ,0.0,0.0,0.0,0.0,2,4700,0,1,210,0,0,0
TF,IPR17,42.755025,21.017308,0, ,0.0,0.0,0.0,0.0,2,4000,0,0,0,0,1,0

APPTR,R17,17,PR408
IF,PR408,42.648147,21.184731, ,0.0,0.0,2,5500,0,1,230,0,1,0
TF,PR404,42.762428,21.152681,0, ,0.0,0.0,0.0,0.0,2,4200,0,0,0,0,0,0
TF,IPR17,42.755025,21.017308,0, ,0.0,0.0,0.0,0.0,2,4000,0,1,210,0,1,0

FINAL,R17,17,R,3
IF,IPR17,42.755025,21.017308, ,0.0,0.0,2,4000,0,1,210,0,0,0
TF,FPR17,42.682375,21.024722,0, ,0.0,0.0,171.0,4.4,1,3700,0,1,185,0,2,0
TF,RW17,42.585336,21.034600,0, ,0.0,0.0,171.0,5.8,1,1841,0,0,0,0,3,1
CF,PR405,42.463000,21.047011,0,PRT,169.8,5.5,171.0,7.4,0,0,0,0,0,0,0,1
DF,PR408,42.648147,21.184731,1, ,0.0,0.0,2,5500,0,1,230,0,0,0
HM,PR408,42.648147,21.184731,2, ,0.0,0.0,343.0,04.3,2,5500,0,1,230,0,0,0,0

APPTR,R35,35,PR710
IF,PR710,42.278208,21.252725, ,0.0,0.0,2,6600,0,1,230,0,1,0
TF,IPR35,42.394647,21.053922,0, ,0.0,0.0,0.0,0.0,2,4300,0,1,210,0,1,0

APPTR,R35,35,PR720
IF,PR720,42.486869,21.248981, ,0.0,0.0,2,6600,0,1,250,0,1,0
TF,PR712,42.352367,21.385542,0, ,0.0,0.0,0.0,0.0,0,0,0,1,230,0,0,0
TF,PR710,42.278208,21.252725,0, ,0.0,0.0,0.0,0.0,2,6600,0,0,0,0,0,0
TF,IPR35,42.394647,21.053922,0, ,0.0,0.0,0.0,0.0,2,4300,0,1,210,0,1,0

FINAL,R35,35,R,4
IF,IPR35,42.394647,21.053922, ,0.0,0.0,2,4300,0,1,210,0,0,0
TF,PR702,42.430031,21.050347,0, ,0.0,0.0,351.0,2.1,2,4300,0,0,0,0,0,0
TF,FPR35,42.471594,21.046139,0, ,0.0,0.0,351.0,2.5,1,3500,0,0,0,0,2,0
TF,RW35,42.558042,21.037381,0, ,0.0,0.0,351.0,5.2,1,1844,0,0,0,0,3,1
CF,PR802,42.592947,21.033828,0,PRT,352.8,2.4,351.0,2.1,0,0,0,0,0,0,0,1
DF,PR720,42.486869,21.248981,2, ,0.0,0.0,2,6600,0,1,230,0,0,0
HM,PR720,42.486869,21.248981,1, ,0.0,0.0,138.0,04.3,2,6600,0,1,230,0,0,0,0

