SID,BOXAT5,33,5
VA,0,335.0,2,2600,0,1,200,0,0,0
DF,AVOSO,49.325411,-116.735819,0, ,0.0,0.0,0,0,0,0,0,0,0,0
TF,BOXAT,49.535264,-116.847247,0, ,0.0,0.0,0.0,0.0,0,0,0,1,250,0,0,0

APPTR,R15-A,15,ALDDA
IF,ALDDA,49.550000,-116.344444, ,0.0,0.0,0,0,0,0,0,0,1,0
TF,KESMA,49.543111,-116.582125,0, ,0.0,0.0,0.0,0.0,2,11900,0,1,250,0,0,0
TF,RIBAV,49.521114,-116.682831,0, ,0.0,0.0,0.0,0.0,2,11500,0,0,0,0,0,0
TF,MUVIX,49.494506,-116.803983,0, ,0.0,0.0,0.0,0.0,2,11000,0,0,0,0,0,0
TF,PEKRA,49.368847,-116.794783,0, ,0.0,0.0,0.0,0.0,2,10200,0,0,0,0,1,0
TF,BOGDU,49.321078,-116.741300,0, ,0.0,0.0,0.0,0.0,2,9100,0,0,0,0,0,0
TF,MIGLA,49.267289,-116.681231,0, ,0.0,0.0,0.0,0.0,2,8000,0,0,0,0,0,0
TF,ONBID,49.226928,-116.636264,0, ,0.0,0.0,0.0,0.0,2,7500,0,0,0,0,0,0

APPTR,R15-A,15,ERVYN
IF,ERVYN,49.530000,-117.041667, ,0.0,0.0,0,0,0,1,250,0,1,0
TF,MUVIX,49.494506,-116.803983,0, ,0.0,0.0,0.0,0.0,2,10400,0,0,0,0,0,0
TF,PEKRA,49.368847,-116.794783,0, ,0.0,0.0,0.0,0.0,2,10200,0,0,0,0,1,0
TF,BOGDU,49.321078,-116.741300,0, ,0.0,0.0,0.0,0.0,2,9100,0,0,0,0,0,0
TF,MIGLA,49.267289,-116.681231,0, ,0.0,0.0,0.0,0.0,2,8000,0,0,0,0,0,0
TF,ONBID,49.226928,-116.636264,0, ,0.0,0.0,0.0,0.0,2,7500,0,0,0,0,0,0

FINAL,R15-A,15,R,4
IF,ONBID,49.226928,-116.636264, ,0.0,0.0,2,7500,0,0,0,0,0,0
TF,LOMGA,49.173083,-116.576422,0, ,0.0,0.0,129.0,4.0,2,6900,0,0,0,0,2,0
TF,LENEB,49.106997,-116.537578,0, ,0.0,0.0,144.0,4.3,2,5200,0,0,0,0,0,0
TF,RW15,49.041928,-116.499439,0, ,0.0,0.0,144.0,4.2,1,3580,0,0,0,0,3,1
TF,PELMO,48.899053,-116.416075,0, ,0.0,0.0,0.0,0.0,0,0,0,1,200,0,0,0
TF,ILALA,48.942486,-116.243644,0, ,0.0,0.0,0.0,0.0,0,0,0,0,0,0,0,0
TF,YXC,49.554275,-116.088303,0, ,0.0,0.0,0.0,0.0,1,11000,0,0,0,0,0,0
HM,YXC,49.554275,-116.088303,2, ,0.0,0.0,354.0,04.3,0,0,0,0,0,0,0,0,0

APPTR,R15-B,15,ALDDA
IF,ALDDA,49.550000,-116.344444, ,0.0,0.0,0,0,0,0,0,0,1,0
TF,KESMA,49.543111,-116.582125,0, ,0.0,0.0,0.0,0.0,2,11900,0,1,250,0,0,0
TF,RIBAV,49.521114,-116.682831,0, ,0.0,0.0,0.0,0.0,2,11500,0,0,0,0,0,0
TF,MUVIX,49.494506,-116.803983,0, ,0.0,0.0,0.0,0.0,2,11000,0,0,0,0,0,0
TF,PEKRA,49.368847,-116.794783,0, ,0.0,0.0,0.0,0.0,2,10200,0,0,0,0,1,0
TF,BOGDU,49.321078,-116.741300,0, ,0.0,0.0,0.0,0.0,2,9100,0,0,0,0,0,0
TF,MIGLA,49.267289,-116.681231,0, ,0.0,0.0,0.0,0.0,2,8000,0,0,0,0,0,0
TF,ONBID,49.226928,-116.636264,0, ,0.0,0.0,0.0,0.0,2,7500,0,0,0,0,0,0

APPTR,R15-B,15,ERVYN
IF,ERVYN,49.530000,-117.041667, ,0.0,0.0,0,0,0,1,250,0,1,0
TF,MUVIX,49.494506,-116.803983,0, ,0.0,0.0,0.0,0.0,2,10400,0,0,0,0,0,0
TF,PEKRA,49.368847,-116.794783,0, ,0.0,0.0,0.0,0.0,2,10200,0,0,0,0,1,0
TF,BOGDU,49.321078,-116.741300,0, ,0.0,0.0,0.0,0.0,2,9100,0,0,0,0,0,0
TF,MIGLA,49.267289,-116.681231,0, ,0.0,0.0,0.0,0.0,2,8000,0,0,0,0,0,0
TF,ONBID,49.226928,-116.636264,0, ,0.0,0.0,0.0,0.0,2,7500,0,0,0,0,0,0

FINAL,R15-B,15,R,4
IF,ONBID,49.226928,-116.636264, ,0.0,0.0,2,7500,0,0,0,0,0,0
TF,LOMGA,49.173083,-116.576422,0, ,0.0,0.0,129.0,4.0,2,7000,0,0,0,0,2,0
TF,LENEB,49.106997,-116.537578,0, ,0.0,0.0,144.0,4.3,2,5600,0,0,0,0,0,0
TF,RW15,49.041928,-116.499439,0, ,0.0,0.0,144.0,4.2,1,5020,0,0,0,0,3,1
TF,PELMO,48.899053,-116.416075,0, ,0.0,0.0,0.0,0.0,0,0,0,1,200,0,0,0
TF,ILALA,48.942486,-116.243644,0, ,0.0,0.0,0.0,0.0,0,0,0,0,0,0,0,0
TF,YXC,49.554275,-116.088303,0, ,0.0,0.0,0.0,0.0,1,11000,0,0,0,0,0,0
HM,YXC,49.554275,-116.088303,2, ,0.0,0.0,354.0,04.3,0,0,0,0,0,0,0,0,0

