APPTR,R15-A,15,TATLU
IF,TATLU,56.598133,-130.631933, ,0.0,0.0,0,0,0,0,0,0,1,0
TF,SEPKO,56.692950,-130.688397,0, ,0.0,0.0,0.0,0.0,2,9000,0,0,0,0,1,0

FINAL,R15-A,15,R,4
IF,SEPKO,56.692950,-130.688397, ,0.0,0.0,2,9000,0,0,0,0,0,0
TF,VIXIL,56.821456,-130.537192,0, ,0.0,0.0,15.0,9.2,2,6800,0,0,0,0,2,0
TF,OBRAX,56.865550,-130.446317,0, ,0.0,0.0,30.0,4.0,2,5300,0,0,0,0,0,0
TF,NUDIM,56.928278,-130.316439,0, ,0.0,0.0,30.0,5.7,1,5120,0,0,0,0,3,1
DF,MITEM,57.277442,-130.303142,0, ,0.0,0.0,1,9300,0,1,165,0,0,1
HM,MITEM,57.277442,-130.303142,2, ,0.0,0.0,339.0,04.3,0,0,0,0,0,0,0,0,0

APPTR,R15-B,15,TATLU
IF,TATLU,56.598133,-130.631933, ,0.0,0.0,0,0,0,0,0,0,1,0
TF,SEPKO,56.692950,-130.688397,0, ,0.0,0.0,0.0,0.0,2,9000,0,0,0,0,1,0

FINAL,R15-B,15,R,5
IF,SEPKO,56.692950,-130.688397, ,0.0,0.0,2,9000,0,0,0,0,0,0
TF,VIXIL,56.821456,-130.537192,0, ,0.0,0.0,15.0,9.2,2,6800,0,0,0,0,2,0
TF,OBRAX,56.865550,-130.446317,0, ,0.0,0.0,30.0,4.0,2,5300,0,0,0,0,0,0
TF,LODLU,56.898581,-130.378014,0, ,0.0,0.0,30.0,3.0,2,4100,0,0,0,0,0,0
TF,NUDIM,56.928278,-130.316439,0, ,0.0,0.0,30.0,2.7,1,4080,0,0,0,0,3,1
DF,MITEM,57.277442,-130.303142,0, ,0.0,0.0,1,9300,0,1,165,0,0,1
HM,MITEM,57.277442,-130.303142,2, ,0.0,0.0,339.0,04.3,0,0,0,0,0,0,0,0,0

APPTR,R15-Y,15,KELPA
IF,KELPA,57.418886,-130.053050, ,0.0,0.0,0,0,0,0,0,0,0,0
TF,KEGVO,57.384664,-130.291214,0, ,0.0,0.0,0.0,0.0,2,8800,0,1,200,0,1,0
TF,DUVSO,57.265647,-130.233364,0, ,0.0,0.0,0.0,0.0,2,7200,0,0,0,0,1,0

FINAL,R15-Y,15,R,5
IF,DUVSO,57.265647,-130.233364, ,0.0,0.0,2,7200,0,0,0,0,0,0
TF,BEXUV,57.201481,-130.265692,0, ,0.0,0.0,177.0,4.0,2,6300,0,0,0,0,0,0
TF,PIBSU,57.105208,-130.313972,0, ,0.0,0.0,177.0,6.0,2,5300,0,0,0,0,2,0
TF,XUKRA,57.068878,-130.296383,0, ,0.0,0.0,147.0,2.3,2,4400,0,0,0,0,0,0
TF,SIDBI,56.972378,-130.249833,0, ,0.0,0.0,147.0,6.0,1,2020,0,0,0,0,3,1
DF,PEPKO,56.724628,-130.703381,0, ,0.0,0.0,1,10000,0,1,165,0,0,1
HM,PEPKO,56.724628,-130.703381,2, ,0.0,0.0,212.0,04.3,0,0,0,0,0,0,0,0,0

APPTR,R15-Z,15,KELPA
IF,KELPA,57.418886,-130.053050, ,0.0,0.0,0,0,0,0,0,0,0,0
TF,KEGVO,57.384664,-130.291214,0, ,0.0,0.0,0.0,0.0,2,8800,0,1,200,0,1,0
TF,DUVSO,57.265647,-130.233364,0, ,0.0,0.0,0.0,0.0,2,7200,0,0,0,0,1,0

FINAL,R15-Z,15,R,4
IF,DUVSO,57.265647,-130.233364, ,0.0,0.0,2,7200,0,0,0,0,1,0
TF,BEXUV,57.201481,-130.265692,0, ,0.0,0.0,177.0,4.0,2,6300,0,0,0,0,0,0
TF,PIBSU,57.105208,-130.313972,0, ,0.0,0.0,177.0,6.0,2,5300,0,0,0,0,2,0
TF,SIDBI,56.972378,-130.249833,0, ,0.0,0.0,147.0,8.3,1,2020,0,0,0,0,3,1
DF,PEPKO,56.724628,-130.703381,0, ,0.0,0.0,1,10000,0,1,165,0,0,1
HM,PEPKO,56.724628,-130.703381,2, ,0.0,0.0,212.0,04.3,0,0,0,0,0,0,0,0,0

APPTR,R33-A,33,TATLU
IF,TATLU,56.598133,-130.631933, ,0.0,0.0,0,0,0,0,0,0,1,0
TF,SEPKO,56.692950,-130.688397,0, ,0.0,0.0,0.0,0.0,2,9000,0,0,0,0,1,0

FINAL,R33-A,33,R,4
IF,SEPKO,56.692950,-130.688397, ,0.0,0.0,2,9000,0,0,0,0,0,0
TF,VIXIL,56.821456,-130.537192,0, ,0.0,0.0,15.0,9.2,2,6800,0,0,0,0,2,0
TF,OBRAX,56.865550,-130.446317,0, ,0.0,0.0,30.0,4.0,2,5300,0,0,0,0,0,0
TF,NUDIM,56.928278,-130.316439,0, ,0.0,0.0,30.0,5.7,1,5120,0,0,0,0,3,1
DF,MITEM,57.277442,-130.303142,0, ,0.0,0.0,1,9300,0,1,165,0,0,1
HM,MITEM,57.277442,-130.303142,2, ,0.0,0.0,339.0,04.3,0,0,0,0,0,0,0,0,0

APPTR,R33-B,33,TATLU
IF,TATLU,56.598133,-130.631933, ,0.0,0.0,0,0,0,0,0,0,1,0
TF,SEPKO,56.692950,-130.688397,0, ,0.0,0.0,0.0,0.0,2,9000,0,0,0,0,1,0

FINAL,R33-B,33,R,5
IF,SEPKO,56.692950,-130.688397, ,0.0,0.0,2,9000,0,0,0,0,0,0
TF,VIXIL,56.821456,-130.537192,0, ,0.0,0.0,15.0,9.2,2,6800,0,0,0,0,2,0
TF,OBRAX,56.865550,-130.446317,0, ,0.0,0.0,30.0,4.0,2,5300,0,0,0,0,0,0
TF,LODLU,56.898581,-130.378014,0, ,0.0,0.0,30.0,3.0,2,4100,0,0,0,0,0,0
TF,NUDIM,56.928278,-130.316439,0, ,0.0,0.0,30.0,2.7,1,4080,0,0,0,0,3,1
DF,MITEM,57.277442,-130.303142,0, ,0.0,0.0,1,9300,0,1,165,0,0,1
HM,MITEM,57.277442,-130.303142,2, ,0.0,0.0,339.0,04.3,0,0,0,0,0,0,0,0,0

