APPTR,R32,32,BIVMU
IF,BIVMU,47.097608,-55.056978, ,0.0,0.0,0,0,0,1,210,0,1,0
TF,HOUNT,47.032036,-55.132147,0, ,0.0,0.0,0.0,0.0,2,1900,0,0,0,0,1,0

APPTR,R32,32,ELVEM
IF,ELVEM,46.939972,-55.236742, ,0.0,0.0,0,0,0,0,0,0,1,0
TF,HOUNT,47.032036,-55.132147,0, ,0.0,0.0,0.0,0.0,2,1900,0,0,0,0,1,0

FINAL,R32,32,R,4
IF,HOUNT,47.032036,-55.132147, ,0.0,0.0,2,1900,0,0,0,0,1,0
TF,VOGAT,47.083325,-55.228181,0, ,0.0,0.0,325.0,5.0,2,1880,0,0,0,0,2,0
TF,SAXUV,47.103819,-55.266647,0, ,0.0,0.0,325.0,2.0,2,1200,0,0,0,0,0,0
TF,RW32,47.134536,-55.324400,0, ,0.0,0.0,325.0,3.0,1,193,0,0,0,0,3,1
TF,UDBIV,47.185664,-55.420806,0, ,0.0,0.0,0.0,0.0,1,2600,0,0,0,0,0,1
HM,UDBIV,47.185664,-55.420806,2, ,0.0,0.0,325.0,04.3,0,0,0,1,230,0,0,0,0

