APPTR,R18-Y,18,DUPIK
IF,DUPIK,46.609747,-67.822450, ,0.0,0.0,0,0,0,1,210,0,1,0
TF,IKDAL,46.576125,-67.711892,0, ,0.0,0.0,0.0,0.0,2,2800,0,1,180,0,1,0

APPTR,R18-Y,18,ESTAT
IF,ESTAT,46.666072,-67.714528, ,0.0,0.0,0,0,0,0,0,0,1,0
TF,IKDAL,46.576125,-67.711892,0, ,0.0,0.0,0.0,0.0,2,2800,0,1,180,0,1,0

APPTR,R18-Y,18,VEVMI
IF,VEVMI,46.615114,-67.565331, ,0.0,0.0,0,0,0,1,210,0,1,0
TF,IKDAL,46.576125,-67.711892,0, ,0.0,0.0,0.0,0.0,2,2800,0,1,180,0,1,0

FINAL,R18-Y,18,R,4
IF,IKDAL,46.576125,-67.711892, ,0.0,0.0,2,2800,0,1,180,0,1,0
TF,VOLAV,46.498431,-67.668356,0, ,0.0,0.0,176.0,5.0,2,1900,0,0,0,0,2,0
TF,MITIM,46.454839,-67.643989,0, ,0.0,0.0,176.0,2.8,2,990,0,0,0,0,0,0
TF,RW18,46.433078,-67.631842,0, ,0.0,0.0,176.0,1.4,1,545,0,0,0,0,3,1
TF,APDOL,46.355350,-67.588528,0, ,0.0,0.0,0.0,0.0,1,3100,0,0,0,0,0,1
HM,APDOL,46.355350,-67.588528,1, ,0.0,0.0,177.0,04.3,0,0,0,1,200,0,0,0,0

APPTR,R18-Z,18,DUPIK
IF,DUPIK,46.609747,-67.822450, ,0.0,0.0,0,0,0,1,210,0,1,0
TF,IKDAL,46.576125,-67.711892,0, ,0.0,0.0,0.0,0.0,2,2800,0,1,180,0,1,0

APPTR,R18-Z,18,ESTAT
IF,ESTAT,46.666072,-67.714528, ,0.0,0.0,0,0,0,0,0,0,1,0
TF,IKDAL,46.576125,-67.711892,0, ,0.0,0.0,0.0,0.0,2,2800,0,1,180,0,1,0

APPTR,R18-Z,18,VEVMI
IF,VEVMI,46.615114,-67.565331, ,0.0,0.0,0,0,0,1,210,0,1,0
TF,IKDAL,46.576125,-67.711892,0, ,0.0,0.0,0.0,0.0,2,2800,0,1,180,0,1,0

FINAL,R18-Z,18,R,3
IF,IKDAL,46.576125,-67.711892, ,0.0,0.0,2,2800,0,1,180,0,1,0
TF,VOLAV,46.498431,-67.668356,0, ,0.0,0.0,176.0,5.0,2,1900,0,0,0,0,2,0
TF,RW18,46.433078,-67.631842,0, ,0.0,0.0,176.0,4.2,1,545,0,0,0,0,3,1
TF,APDOL,46.355350,-67.588528,0, ,0.0,0.0,0.0,0.0,1,3100,0,0,0,0,0,1
HM,APDOL,46.355350,-67.588528,1, ,0.0,0.0,177.0,04.3,0,0,0,1,200,0,0,0,0

APPTR,R36-Y,36,AGNUN
IF,AGNUN,46.200572,-67.637614, ,0.0,0.0,0,0,0,1,210,0,1,0
TF,WOTTI,46.277231,-67.545139,0, ,0.0,0.0,0.0,0.0,2,2100,0,1,180,0,1,0

APPTR,R36-Y,36,GABUK
IF,GABUK,46.259842,-67.403189, ,0.0,0.0,0,0,0,1,210,0,1,0
TF,WOTTI,46.277231,-67.545139,0, ,0.0,0.0,0.0,0.0,2,2100,0,1,180,0,1,0

FINAL,R36-Y,36,R,4
IF,WOTTI,46.277231,-67.545139, ,0.0,0.0,2,2100,0,1,180,0,1,0
TF,DUSIN,46.370522,-67.596978,0, ,0.0,0.0,357.0,6.0,2,1500,0,0,0,0,2,0
TF,ALVOV,46.388136,-67.606783,0, ,0.0,0.0,356.0,1.1,2,1130,0,0,0,0,0,0
TF,RW36,46.419225,-67.624114,0, ,0.0,0.0,356.0,2.0,1,494,0,0,0,0,3,1
TF,MISUP,46.496939,-67.667522,0, ,0.0,0.0,0.0,0.0,1,3100,0,0,0,0,0,1
HM,MISUP,46.496939,-67.667522,2, ,0.0,0.0,356.0,04.3,0,0,0,1,200,0,0,0,0

APPTR,R36-Z,36,AGNUN
IF,AGNUN,46.200572,-67.637614, ,0.0,0.0,0,0,0,1,210,0,1,0
TF,WOTTI,46.277231,-67.545139,0, ,0.0,0.0,0.0,0.0,2,2100,0,1,180,0,1,0

APPTR,R36-Z,36,GABUK
IF,GABUK,46.259842,-67.403189, ,0.0,0.0,0,0,0,1,210,0,1,0
TF,WOTTI,46.277231,-67.545139,0, ,0.0,0.0,0.0,0.0,2,2100,0,1,180,0,1,0

FINAL,R36-Z,36,R,4
IF,WOTTI,46.277231,-67.545139, ,0.0,0.0,2,2100,0,1,180,0,1,0
TF,DUSIN,46.370522,-67.596978,0, ,0.0,0.0,357.0,6.0,2,1500,0,0,0,0,2,0
TF,ALVOV,46.388136,-67.606783,0, ,0.0,0.0,356.0,1.1,2,1130,0,0,0,0,0,0
TF,RW36,46.419225,-67.624114,0, ,0.0,0.0,356.0,2.0,1,494,0,0,0,0,3,1
TF,MISUP,46.496939,-67.667522,0, ,0.0,0.0,0.0,0.0,1,3100,0,0,0,0,0,1
HM,MISUP,46.496939,-67.667522,2, ,0.0,0.0,356.0,04.3,0,0,0,1,200,0,0,0,0

