APPTR,R12,12,TIBEP
IF,TIBEP,47.838083,-65.078503, ,0.0,0.0,0,0,0,1,210,0,1,0
TF,APKAX,47.757614,-65.110372,0, ,0.0,0.0,0.0,0.0,2,1600,0,1,180,0,1,0

APPTR,R12,12,UDLAP
IF,UDLAP,47.677136,-65.142144, ,0.0,0.0,0,0,0,1,210,0,1,0
TF,APKAX,47.757614,-65.110372,0, ,0.0,0.0,0.0,0.0,2,1600,0,1,180,0,1,0

FINAL,R12,12,R,3
IF,APKAX,47.757614,-65.110372, ,0.0,0.0,2,1600,0,1,180,0,1,0
TF,VOGIP,47.736106,-64.991078,0, ,0.0,0.0,123.0,5.0,2,1490,0,0,0,0,2,0
TF,RW12,47.717439,-64.888283,0, ,0.0,0.0,123.0,4.3,1,119,0,0,0,0,3,1
TF,DUTED,47.695728,-64.769161,0, ,0.0,0.0,0.0,0.0,1,2200,0,0,0,0,0,1
HM,DUTED,47.695728,-64.769161,2, ,0.0,0.0,123.0,04.3,0,0,0,1,250,0,0,0,0

APPTR,R30,30,ANTIB
IF,ANTIB,47.594200,-64.686342, ,0.0,0.0,0,0,0,1,210,0,1,0
TF,XUGET,47.674558,-64.653950,0, ,0.0,0.0,0.0,0.0,2,1600,0,1,180,0,1,0

APPTR,R30,30,VODUD
IF,VODUD,47.754906,-64.621458, ,0.0,0.0,0,0,0,1,210,0,1,0
TF,XUGET,47.674558,-64.653950,0, ,0.0,0.0,0.0,0.0,2,1600,0,1,180,0,1,0

FINAL,R30,30,R,3
IF,XUGET,47.674558,-64.653950, ,0.0,0.0,2,1600,0,1,180,0,1,0
TF,TOBBR,47.696417,-64.772967,0, ,0.0,0.0,304.0,5.0,2,1470,0,0,0,0,2,0
TF,RW30,47.715014,-64.874950,0, ,0.0,0.0,303.0,4.3,1,105,0,0,0,0,3,1
TF,DUTNI,47.736617,-64.994158,0, ,0.0,0.0,0.0,0.0,1,1900,0,0,0,0,0,1
HM,DUTNI,47.736617,-64.994158,2, ,0.0,0.0,303.0,04.3,0,0,0,1,250,0,0,0,0

