APPTR,R16,16,VETBO
IF,VETBO,51.363514,-113.661292, ,0.0,0.0,0,0,0,1,210,0,1,0
TF,IKBET,51.305928,-113.565356,0, ,0.0,0.0,0.0,0.0,2,4800,0,1,180,0,1,0

APPTR,R16,16,XOSAR
IF,XOSAR,51.308036,-113.392758, ,0.0,0.0,0,0,0,1,210,0,1,0
TF,IKBET,51.305928,-113.565356,0, ,0.0,0.0,0.0,0.0,2,4800,0,1,180,0,1,0

FINAL,R16,16,R,3
IF,IKBET,51.305928,-113.565356, ,0.0,0.0,2,4800,0,1,180,0,0,0
TF,DEPRA,51.222711,-113.562617,0, ,0.0,0.0,164.0,5.0,2,4740,0,0,0,0,2,0
TF,RW16,51.139494,-113.559886,0, ,0.0,0.0,164.0,5.0,1,3149,0,0,0,0,3,1
DF,GOSUX,51.137069,-113.295614,1, ,0.0,0.0,1,4700,0,0,0,0,0,1
HM,GOSUX,51.137069,-113.295614,2, ,0.0,0.0,344.0,05,0,0,0,0,0,0,0,0,0

APPTR,R34,34,IKDIS
IF,IKDIS,50.963572,-113.382764, ,0.0,0.0,0,0,0,1,210,0,1,0
TF,EMPUD,50.961478,-113.554081,0, ,0.0,0.0,0.0,0.0,2,4800,0,1,180,0,1,0

APPTR,R34,34,LESOB
IF,LESOB,50.901389,-113.645231, ,0.0,0.0,0,0,0,1,210,0,1,0
TF,EMPUD,50.961478,-113.554081,0, ,0.0,0.0,0.0,0.0,2,4800,0,1,180,0,1,0

FINAL,R34,34,R,4
IF,EMPUD,50.961478,-113.554081, ,0.0,0.0,2,4800,0,1,180,0,0,0
TF,DEBEV,51.044697,-113.556789,0, ,0.0,0.0,344.0,5.0,2,4740,0,0,0,0,2,0
TF,KESPU,51.094628,-113.558419,0, ,0.0,0.0,344.0,3.0,2,3790,0,0,0,0,0,0
TF,RW34,51.127914,-113.559508,0, ,0.0,0.0,344.0,2.0,1,3149,0,0,0,0,3,1
DF,GOSUX,51.137069,-113.295614,2, ,0.0,0.0,1,4700,0,0,0,0,0,1
HM,GOSUX,51.137069,-113.295614,2, ,0.0,0.0,344.0,05,0,0,0,0,0,0,0,0,0

