APPTR,R03,03,DUVAM
IF,DUVAM,58.856228,-100.294789, ,0.0,0.0,0,0,0,1,210,0,1,0
TF,MISOS,58.838094,-100.138247,0, ,0.0,0.0,0.0,0.0,2,2500,0,1,180,0,1,0

APPTR,R03,03,TETOL
IF,TETOL,58.771958,-100.041183, ,0.0,0.0,0,0,0,1,210,0,1,0
TF,MISOS,58.838094,-100.138247,0, ,0.0,0.0,0.0,0.0,2,2500,0,1,180,0,1,0

FINAL,R03,03,R,3
IF,MISOS,58.838094,-100.138247, ,0.0,0.0,2,2500,0,1,180,0,1,0
TF,ILIVI,58.908044,-100.051517,0, ,0.0,0.0,28.0,5.0,2,2270,0,0,0,0,2,0
TF,RW03,58.963964,-99.981881,0, ,0.0,0.0,28.0,4.0,1,997,0,0,0,0,3,1
TF,NADVI,59.033808,-99.894517,0, ,0.0,0.0,0.0,0.0,1,2500,0,0,0,0,0,1
HM,NADVI,59.033808,-99.894517,2, ,0.0,0.0,28.0,04.3,0,0,0,0,0,0,0,0,0

APPTR,R21,21,EBMAV
IF,EBMAV,59.081797,-99.653281, ,0.0,0.0,0,0,0,1,210,0,1,0
TF,UKUTI,59.100519,-99.810669,0, ,0.0,0.0,0.0,0.0,2,2300,0,1,180,0,1,0

APPTR,R21,21,KEMPU
IF,KEMPU,59.166825,-99.908219, ,0.0,0.0,0,0,0,1,210,0,1,0
TF,UKUTI,59.100519,-99.810669,0, ,0.0,0.0,0.0,0.0,2,2300,0,1,180,0,1,0

FINAL,R21,21,R,3
IF,UKUTI,59.100519,-99.810669, ,0.0,0.0,2,2300,0,1,180,0,1,0
TF,IMIMI,59.030733,-99.898372,0, ,0.0,0.0,208.0,5.0,2,2270,0,0,0,0,2,0
TF,RW21,58.974858,-99.968281,0, ,0.0,0.0,208.0,4.0,1,998,0,0,0,0,3,1
TF,OTMIB,58.904967,-100.055347,0, ,0.0,0.0,0.0,0.0,1,2600,0,0,0,0,0,1
HM,OTMIB,58.904967,-100.055347,2, ,0.0,0.0,208.0,04.3,0,0,0,0,0,0,0,0,0

