APPTR,R12,12,KEDGE
IF,KEDGE,52.825356,-112.022175, ,0.0,0.0,0,0,0,1,210,0,1,0
TF,OBNOK,52.887581,-111.930900,0, ,0.0,0.0,0.0,0.0,2,3500,0,1,180,0,1,0

APPTR,R12,12,LETEM
IF,LETEM,52.949731,-111.839364, ,0.0,0.0,0,0,0,1,210,0,1,0
TF,OBNOK,52.887581,-111.930900,0, ,0.0,0.0,0.0,0.0,2,3500,0,1,180,0,1,0

FINAL,R12,12,R,3
IF,OBNOK,52.887581,-111.930900, ,0.0,0.0,2,3500,0,1,180,0,1,0
TF,DUTOB,52.832247,-111.828219,0, ,0.0,0.0,118.0,5.0,2,3200,0,0,0,0,2,0
TF,RW12,52.798358,-111.765539,0, ,0.0,0.0,118.0,3.1,1,2231,0,0,0,0,3,1
TF,VOGOG,52.742883,-111.663278,0, ,0.0,0.0,0.0,0.0,1,4100,0,0,0,0,0,1
HM,VOGOG,52.742883,-111.663278,2, ,0.0,0.0,118.0,04.3,0,0,0,0,0,0,0,0,0

APPTR,R30-A,30,IMUVU
IF,IMUVU,52.765078,-111.498728, ,0.0,0.0,0,0,0,1,210,0,1,0
TF,BOMUB,52.703269,-111.590514,0, ,0.0,0.0,0.0,0.0,2,3500,0,1,180,0,1,0

APPTR,R30-A,30,MOGID
IF,MOGID,52.641392,-111.682042, ,0.0,0.0,0,0,0,1,210,0,1,0
TF,BOMUB,52.703269,-111.590514,0, ,0.0,0.0,0.0,0.0,2,3500,0,1,180,0,1,0

FINAL,R30-A,30,R,4
IF,BOMUB,52.703269,-111.590514, ,0.0,0.0,2,3500,0,1,180,0,1,0
TF,URNAG,52.758808,-111.692592,0, ,0.0,0.0,298.0,5.0,2,3200,0,0,0,0,2,0
TF,SAXIV,52.776336,-111.724894,0, ,0.0,0.0,298.0,1.6,2,2900,0,0,0,0,0,0
TF,RW30,52.792972,-111.755592,0, ,0.0,0.0,298.0,1.5,1,2224,0,0,0,0,3,1
TF,XOVUX,52.848367,-111.858089,0, ,0.0,0.0,0.0,0.0,1,4100,0,0,0,0,0,1
HM,XOVUX,52.848367,-111.858089,2, ,0.0,0.0,298.0,04.3,0,0,0,0,0,0,0,0,0

