APPTR,R12,12,ALILU
IF,ALILU,51.823428,-111.987589, ,0.0,0.0,0,0,0,1,200,0,1,0
TF,ALVIM,51.752308,-112.100653,0, ,0.0,0.0,0.0,0.0,2,4300,0,1,180,0,1,0

APPTR,R12,12,ALROR
IF,ALROR,51.681083,-112.213361, ,0.0,0.0,0,0,0,1,200,0,1,0
TF,ALVIM,51.752308,-112.100653,0, ,0.0,0.0,0.0,0.0,2,4300,0,1,180,0,1,0

APPTR,R12,12,ALVIM
HF,ALVIM,51.752308,-112.100653,2, ,0.0,0.0,121.0,09,2,4700,0,1,310,0,1,0,0

FINAL,R12,12,R,3
IF,ALVIM,51.752308,-112.100653, ,0.0,0.0,2,4300,0,1,180,0,0,0
TF,EBMON,51.682189,-111.986158,0, ,0.0,0.0,121.0,6.0,2,4300,0,0,0,0,2,0
TF,RW12,51.635578,-111.910347,0, ,0.0,0.0,121.0,4.0,1,2763,0,0,0,0,3,1
TF,EBGIM,51.553542,-111.777489,0, ,0.0,0.0,0.0,0.0,1,4800,0,0,0,0,0,1
HM,EBGIM,51.553542,-111.777489,2, ,0.0,0.0,121.0,04.3,0,0,0,0,0,0,0,0,0

APPTR,R30,30,RABOB
HF,RABOB,51.510289,-111.707731,2, ,0.0,0.0,301.0,09,2,4400,0,1,310,0,1,0,0

APPTR,R30,30,TILUV
IF,TILUV,51.581031,-111.594658, ,0.0,0.0,0,0,0,1,200,0,1,0
TF,RABOB,51.510289,-111.707731,0, ,0.0,0.0,0.0,0.0,2,4100,0,1,180,0,1,0

APPTR,R30,30,VIXIT
IF,VIXIT,51.439439,-111.820456, ,0.0,0.0,0,0,0,1,200,0,1,0
TF,RABOB,51.510289,-111.707731,0, ,0.0,0.0,0.0,0.0,2,4100,0,1,180,0,1,0

FINAL,R30,30,R,4
IF,RABOB,51.510289,-111.707731, ,0.0,0.0,2,4100,0,1,180,0,0,0
TF,ILANO,51.580683,-111.821364,0, ,0.0,0.0,301.0,6.0,2,4100,0,0,0,0,2,0
TF,MAVUX,51.605339,-111.861292,0, ,0.0,0.0,301.0,2.1,2,3410,0,0,0,0,0,0
TF,RW30,51.628767,-111.899289,0, ,0.0,0.0,301.0,2.0,1,2778,0,0,0,0,3,1
TF,SEGAM,51.710661,-112.032586,0, ,0.0,0.0,0.0,0.0,1,4200,0,0,0,0,0,1
HM,SEGAM,51.710661,-112.032586,2, ,0.0,0.0,301.0,04.3,0,0,0,0,0,0,0,0,0

