APPTR,R09,09,EMLOD
IF,EMLOD,52.745292,-76.416733, ,0.0,0.0,0,0,0,1,210,0,1,0
TF,KETMU,52.665525,-76.377714,0, ,0.0,0.0,0.0,0.0,2,2400,0,0,0,0,1,0

APPTR,R09,09,EMPAR
IF,EMPAR,52.585744,-76.338836, ,0.0,0.0,0,0,0,1,210,0,1,0
TF,KETMU,52.665525,-76.377714,0, ,0.0,0.0,0.0,0.0,2,2400,0,0,0,0,1,0

FINAL,R09,09,R,3
IF,KETMU,52.665525,-76.377714, ,0.0,0.0,2,2400,0,0,0,0,1,0
TF,ILURU,52.693836,-76.220156,0, ,0.0,0.0,90.0,6.0,2,2400,0,0,0,0,2,0
TF,RW09,52.717381,-76.088067,0, ,0.0,0.0,90.0,5.0,1,800,0,0,0,0,3,1
TF,NUBAP,52.740667,-75.956475,0, ,0.0,0.0,0.0,0.0,1,2500,0,0,0,0,0,1
HM,NUBAP,52.740667,-75.956475,2, ,0.0,0.0,90.0,04.3,0,0,0,1,230,0,0,0,0

APPTR,R27,27,ILAKA
IF,ILAKA,52.691042,-75.744592, ,0.0,0.0,0,0,0,1,210,0,1,0
TF,IKBOT,52.771033,-75.782364,0, ,0.0,0.0,0.0,0.0,2,2500,0,0,0,0,1,0

APPTR,R27,27,MEBUG
IF,MEBUG,52.851011,-75.820272, ,0.0,0.0,0,0,0,1,210,0,1,0
TF,IKBOT,52.771033,-75.782364,0, ,0.0,0.0,0.0,0.0,2,2500,0,0,0,0,1,0

FINAL,R27,27,R,4
IF,IKBOT,52.771033,-75.782364, ,0.0,0.0,2,2500,0,0,0,0,1,0
TF,DUVEL,52.743386,-75.940519,0, ,0.0,0.0,270.0,6.0,2,2400,0,0,0,0,2,0
TF,ULDER,52.730317,-76.014811,0, ,0.0,0.0,270.0,2.8,2,1500,0,0,0,0,0,0
TF,RW27,52.720092,-76.072717,0, ,0.0,0.0,270.0,2.2,1,801,0,0,0,0,3,1
TF,NOTUV,52.696744,-76.204219,0, ,0.0,0.0,0.0,0.0,1,2500,0,0,0,0,0,1
HM,NOTUV,52.696744,-76.204219,2, ,0.0,0.0,270.0,04.3,0,0,0,1,230,0,0,0,0

