APPTR,R10,10,DUROR
IF,DUROR,54.134464,-114.073708, ,0.0,0.0,0,0,0,1,200,0,1,0
TF,KEDRU,54.218100,-114.003706,0, ,0.0,0.0,0.0,0.0,2,3900,0,1,180,0,1,0

APPTR,R10,10,MENBA
IF,MENBA,54.301694,-113.933417, ,0.0,0.0,0,0,0,1,200,0,1,0
TF,KEDRU,54.218100,-114.003706,0, ,0.0,0.0,0.0,0.0,2,3900,0,1,180,0,1,0

FINAL,R10,10,R,3
IF,KEDRU,54.218100,-114.003706, ,0.0,0.0,2,3900,0,1,180,0,1,0
TF,PILMI,54.181328,-113.876428,0, ,0.0,0.0,101.0,5.0,2,3900,0,0,0,0,2,0
TF,RW10,54.143622,-113.746628,0, ,0.0,0.0,101.0,5.1,1,2250,0,0,0,0,3,1
TF,DUPAB,54.091725,-113.569144,0, ,0.0,0.0,0.0,0.0,1,3700,0,0,0,0,0,1
HM,DUPAB,54.091725,-113.569144,2, ,0.0,0.0,101.0,04.3,0,0,0,0,0,0,0,0,0

APPTR,R28,28,KIPIS
IF,KIPIS,53.981217,-113.547600, ,0.0,0.0,0,0,0,1,200,0,1,0
TF,ITNUM,54.064542,-113.476783,0, ,0.0,0.0,0.0,0.0,2,3900,0,1,180,0,1,0

APPTR,R28,28,SIBNU
IF,SIBNU,54.147825,-113.405681, ,0.0,0.0,0,0,0,1,200,0,1,0
TF,ITNUM,54.064542,-113.476783,0, ,0.0,0.0,0.0,0.0,2,3900,0,1,180,0,1,0

FINAL,R28,28,R,3
IF,ITNUM,54.064542,-113.476783, ,0.0,0.0,2,3900,0,1,180,0,1,0
TF,TUDUV,54.101744,-113.603339,0, ,0.0,0.0,281.0,5.0,2,3900,0,0,0,0,2,0
TF,RW28,54.139725,-113.733258,0, ,0.0,0.0,281.0,5.1,1,2245,0,0,0,0,3,1
TF,RUDPO,54.191392,-113.911144,0, ,0.0,0.0,0.0,0.0,1,3600,0,0,0,0,0,1
HM,RUDPO,54.191392,-113.911144,2, ,0.0,0.0,281.0,09,0,0,0,0,0,0,0,0,0

