APPTR,R11,11,BIBUG
IF,BIBUG,61.695269,-120.790583, ,0.0,0.0,0,0,0,0,0,0,1,0
TF,DUXED,61.631078,-120.901578,0, ,0.0,0.0,0.0,0.0,2,1900,0,0,0,0,1,0

APPTR,R11,11,IKLIG
IF,IKLIG,61.566797,-121.012114, ,0.0,0.0,0,0,0,0,0,0,1,0
TF,DUXED,61.631078,-120.901578,0, ,0.0,0.0,0.0,0.0,2,1900,0,0,0,0,1,0

FINAL,R11,11,R,4
IF,DUXED,61.631078,-120.901578, ,0.0,0.0,2,1900,0,0,0,0,1,0
TF,OBSUN,61.567731,-120.739922,0, ,0.0,0.0,110.0,6.0,2,1800,0,0,0,0,2,0
TF,DARIT,61.543625,-120.678711,0, ,0.0,0.0,110.0,2.3,2,1070,0,0,0,0,0,0
TF,RW11,61.524561,-120.630417,0, ,0.0,0.0,110.0,1.8,1,501,0,0,0,0,3,1
TF,XOXUK,61.471519,-120.496581,0, ,0.0,0.0,0.0,0.0,1,1800,0,0,0,0,0,1
HM,XOXUK,61.471519,-120.496581,2, ,0.0,0.0,110.0,04.3,0,0,0,1,230,0,0,0,0

APPTR,R29,29,GRUUS
IF,GRUUS,61.349444,-120.461431, ,0.0,0.0,0,0,0,0,0,0,1,0
TF,BEMUX,61.413281,-120.350536,0, ,0.0,0.0,0.0,0.0,2,1900,0,0,0,0,1,0

APPTR,R29,29,KISEM
IF,KISEM,61.477025,-120.239186, ,0.0,0.0,0,0,0,0,0,0,1,0
TF,BEMUX,61.413281,-120.350536,0, ,0.0,0.0,0.0,0.0,2,1900,0,0,0,0,1,0

FINAL,R29,29,R,3
IF,BEMUX,61.413281,-120.350536, ,0.0,0.0,2,1900,0,0,0,0,1,0
TF,URTON,61.477089,-120.510597,0, ,0.0,0.0,291.0,6.0,2,1800,0,0,0,0,2,0
TF,RW29,61.520181,-120.619333,0, ,0.0,0.0,290.0,4.1,1,506,0,0,0,0,3,1
VA,0,290.0,2,1200,0,0,0,0,0,0
DF,KISEM,61.477025,-120.239186,2, ,0.0,0.0,1,2300,0,0,0,0,0,1
HM,KISEM,61.477025,-120.239186,2, ,0.0,0.0,201.0,04.3,0,0,0,1,230,0,0,0,0

