APPTR,R15,15,ROVRI
IF,ROVRI,46.039217,-63.592236, ,0.0,0.0,0,0,0,1,210,0,1,0
TF,MESBU,45.971719,-63.662314,0, ,0.0,0.0,0.0,0.0,2,1400,0,1,180,0,1,0

APPTR,R15,15,VEVKO
IF,VEVKO,45.904178,-63.732219, ,0.0,0.0,0,0,0,1,210,0,1,0
TF,MESBU,45.971719,-63.662314,0, ,0.0,0.0,0.0,0.0,2,1400,0,1,180,0,1,0

FINAL,R15,15,R,3
IF,MESBU,45.971719,-63.662314, ,0.0,0.0,2,1400,0,1,180,0,1,0
TF,TARGU,45.915053,-63.550100,0, ,0.0,0.0,143.0,5.8,2,1100,0,0,0,0,2,0
TF,RW15,45.873950,-63.468986,0, ,0.0,0.0,143.0,4.2,1,112,0,0,0,0,3,1
TF,VIPLA,45.818464,-63.355764,0, ,0.0,0.0,0.0,0.0,1,1700,0,0,0,0,0,1
HM,VIPLA,45.818464,-63.355764,2, ,0.0,0.0,143.0,04.3,0,0,0,0,0,0,0,0,0

APPTR,R33,33,MUPTU
IF,MUPTU,45.704056,-63.322906, ,0.0,0.0,0,0,0,1,210,0,1,0
TF,MUSVU,45.773022,-63.256153,0, ,0.0,0.0,0.0,0.0,2,1700,0,1,180,0,1,0

APPTR,R33,33,VIGVU
IF,VIGVU,45.841950,-63.189239, ,0.0,0.0,0,0,0,1,210,0,1,0
TF,MUSVU,45.773022,-63.256153,0, ,0.0,0.0,0.0,0.0,2,1700,0,1,180,0,1,0

FINAL,R33,33,R,3
IF,MUSVU,45.773022,-63.256153, ,0.0,0.0,2,1700,0,1,180,0,1,0
TF,MISIP,45.819750,-63.354761,0, ,0.0,0.0,323.0,5.0,2,1700,0,0,0,0,2,0
TF,RW33,45.866392,-63.453533,0, ,0.0,0.0,323.0,5.0,1,102,0,0,0,0,3,1
TF,KISUB,45.914144,-63.551294,0, ,0.0,0.0,0.0,0.0,1,1700,0,0,0,0,0,1
HM,KISUB,45.914144,-63.551294,2, ,0.0,0.0,323.0,04.3,0,0,0,0,0,0,0,0,0

