APPTR,R07,07,DUSOK
IF,DUSOK,56.867381,-117.937392, ,0.0,0.0,0,0,0,1,210,0,1,0
TF,NOVIM,56.950536,-117.938044,0, ,0.0,0.0,0.0,0.0,2,3500,0,1,180,0,1,0

APPTR,R07,07,RORTO
IF,RORTO,57.033689,-117.938700, ,0.0,0.0,0,0,0,1,210,0,1,0
TF,NOVIM,56.950536,-117.938044,0, ,0.0,0.0,0.0,0.0,2,3700,0,1,180,0,1,0

FINAL,R07,07,R,4
IF,NOVIM,56.950536,-117.938044, ,0.0,0.0,2,3500,0,1,180,0,1,0
TF,IPVUT,56.950800,-117.785875,0, ,0.0,0.0,72.0,5.0,2,3100,0,0,0,0,2,0
TF,AGMET,56.950869,-117.700617,0, ,0.0,0.0,72.0,2.8,2,2200,0,0,0,0,0,0
TF,RW07,56.950881,-117.658008,0, ,0.0,0.0,72.0,1.4,1,1662,0,0,0,0,3,1
TF,UDGUS,56.950806,-117.505836,0, ,0.0,0.0,0.0,0.0,1,3700,0,0,0,0,0,1
HM,UDGUS,56.950806,-117.505836,2, ,0.0,0.0,72.0,04.3,0,0,0,0,0,0,0,0,0

APPTR,R25,25,SERVA
IF,SERVA,56.867397,-117.356872, ,0.0,0.0,0,0,0,1,210,0,1,0
TF,OBVAG,56.950550,-117.356233,0, ,0.0,0.0,0.0,0.0,2,2900,0,1,180,0,1,0

APPTR,R25,25,VIBGI
IF,VIBGI,57.033703,-117.355592, ,0.0,0.0,0,0,0,1,210,0,1,0
TF,OBVAG,56.950550,-117.356233,0, ,0.0,0.0,0.0,0.0,2,2900,0,1,180,0,1,0

FINAL,R25,25,R,3
IF,OBVAG,56.950550,-117.356233, ,0.0,0.0,2,2900,0,1,180,0,0,0
TF,KEPNU,56.950808,-117.508403,0, ,0.0,0.0,252.0,5.0,2,2900,0,0,0,0,2,0
TF,RW25,56.950881,-117.630058,0, ,0.0,0.0,252.0,4.0,1,1627,0,0,0,0,3,1
TF,EPNIM,56.950806,-117.782231,0, ,0.0,0.0,0.0,0.0,1,3700,0,0,0,0,0,1
HM,EPNIM,56.950806,-117.782231,2, ,0.0,0.0,252.0,04.3,0,0,0,0,0,0,0,0,0

