APPTR,R12,12,SAXIX
IF,SAXIX,49.864067,-108.504036, ,0.0,0.0,0,0,0,1,210,0,1,0
TF,PIBTI,49.793792,-108.613811,0, ,0.0,0.0,0.0,0.0,2,4800,0,1,180,0,1,0

APPTR,R12,12,UKIGO
IF,UKIGO,49.723414,-108.723267, ,0.0,0.0,0,0,0,1,210,0,1,0
TF,PIBTI,49.793792,-108.613811,0, ,0.0,0.0,0.0,0.0,2,4800,0,1,180,0,1,0

FINAL,R12,12,R,3
IF,PIBTI,49.793792,-108.613811, ,0.0,0.0,2,4800,0,1,180,0,1,0
TF,OBRER,49.722781,-108.505331,0, ,0.0,0.0,124.0,6.0,2,4700,0,0,0,0,2,0
TF,RW12,49.661722,-108.412431,0, ,0.0,0.0,124.0,5.2,1,3059,0,0,0,0,3,1
TF,VEPRO,49.578644,-108.286586,0, ,0.0,0.0,0.0,0.0,1,5100,0,0,0,0,0,1
HM,VEPRO,49.578644,-108.286586,2, ,0.0,0.0,124.0,04.3,2,5100,0,0,0,0,0,0,0

APPTR,R30,30,URMUR
IF,URMUR,49.593675,-108.094083, ,0.0,0.0,0,0,0,1,210,0,1,0
TF,LISPI,49.523786,-108.203836,0, ,0.0,0.0,0.0,0.0,2,4700,0,1,180,0,1,0

APPTR,R30,30,XIDUN
IF,XIDUN,49.453792,-108.313278, ,0.0,0.0,0,0,0,1,210,0,1,0
TF,LISPI,49.523786,-108.203836,0, ,0.0,0.0,0.0,0.0,2,4700,0,1,180,0,1,0

FINAL,R30,30,R,4
IF,LISPI,49.523786,-108.203836, ,0.0,0.0,2,4700,0,1,180,0,1,0
TF,KEPDO,49.595081,-108.311436,0, ,0.0,0.0,304.0,6.0,2,4700,0,0,0,0,2,0
TF,DUXUK,49.620333,-108.349658,0, ,0.0,0.0,304.0,2.1,2,4020,0,0,0,0,0,0
TF,RW30,49.655925,-108.403631,0, ,0.0,0.0,304.0,3.0,1,3067,0,0,0,0,3,1
TF,AVAXU,49.738875,-108.529875,0, ,0.0,0.0,0.0,0.0,1,5100,0,0,0,0,0,1
HM,AVAXU,49.738875,-108.529875,2, ,0.0,0.0,304.0,04.3,2,5100,0,0,0,0,0,0,0

