APPTR,R10,10,PIGDU
IF,PIGDU,54.091878,-102.588767, ,0.0,0.0,0,0,0,0,0,0,1,0
TF,KEVGA,54.008772,-102.582247,0, ,0.0,0.0,0.0,0.0,2,2700,0,0,0,0,1,0

APPTR,R10,10,VODUX
IF,VODUX,53.942617,-102.667822, ,0.0,0.0,0,0,0,0,0,0,1,0
TF,KEVGA,54.008772,-102.582247,0, ,0.0,0.0,0.0,0.0,2,2700,0,0,0,0,1,0

FINAL,R10,10,R,3
IF,KEVGA,54.008772,-102.582247, ,0.0,0.0,2,2700,0,0,0,0,0,0
TF,DETBU,53.983875,-102.447522,0, ,0.0,0.0,100.0,5.0,2,2610,0,0,0,0,2,0
TF,VIPGU,53.958822,-102.312958,0, ,0.0,0.0,100.0,5.0,1,1023,0,0,0,0,3,1
TF,DUTON,53.933614,-102.178558,0, ,0.0,0.0,0.0,0.0,1,2300,0,0,0,0,0,1
HM,DUTON,53.933614,-102.178558,2, ,0.0,0.0,100.0,04.3,0,0,0,0,0,0,0,0,0

APPTR,R28,28,EPROG
IF,EPROG,53.821144,-102.017897, ,0.0,0.0,0,0,0,0,0,0,1,0
TF,XIDIB,53.904281,-102.023267,0, ,0.0,0.0,0.0,0.0,2,2600,0,0,0,0,1,0

APPTR,R28,28,MIVAB
IF,MIVAB,53.969975,-101.936756, ,0.0,0.0,0,0,0,0,0,0,1,0
TF,XIDIB,53.904281,-102.023267,0, ,0.0,0.0,0.0,0.0,2,2600,0,0,0,0,1,0

FINAL,R28,28,R,3
IF,XIDIB,53.904281,-102.023267, ,0.0,0.0,2,2600,0,0,0,0,0,0
TF,RORPA,53.929656,-102.157481,0, ,0.0,0.0,280.0,5.0,2,2520,0,0,0,0,2,0
TF,LOGSI,53.949847,-102.264969,0, ,0.0,0.0,280.0,4.0,1,1247,0,0,0,0,3,1
TF,SELOL,53.974919,-102.399494,0, ,0.0,0.0,0.0,0.0,1,2300,0,0,0,0,0,1
HM,SELOL,53.974919,-102.399494,2, ,0.0,0.0,280.0,04.3,0,0,0,1,200,0,0,0,0

