APPTR,R01,01,VISOT
IF,VISOT,55.078911,-102.710053, ,0.0,0.0,0,0,0,1,210,0,1,0
TF,XULDI,55.111028,-102.862542,0, ,0.0,0.0,0.0,0.0,2,2900,0,1,180,0,1,0

APPTR,R01,01,XOTMO
IF,XOTMO,55.142956,-103.015275, ,0.0,0.0,0,0,0,1,210,0,1,0
TF,XULDI,55.111028,-102.862542,0, ,0.0,0.0,0.0,0.0,2,2900,0,1,180,0,1,0

FINAL,R01,01,R,3
IF,XULDI,55.111028,-102.862542, ,0.0,0.0,2,2900,0,1,180,0,1,0
TF,XOVER,55.204747,-102.802553,0, ,0.0,0.0,12.0,6.0,2,2900,0,0,0,0,2,0
TF,RW01,55.283514,-102.751897,0, ,0.0,0.0,12.0,5.0,1,1281,0,0,0,0,3,1
TF,OTNID,55.392781,-102.681272,0, ,0.0,0.0,0.0,0.0,1,2800,0,0,0,0,0,1
HM,OTNID,55.392781,-102.681272,2, ,0.0,0.0,12.0,04.3,0,0,0,0,0,0,0,0,0

APPTR,R19,19,SIPDA
IF,SIPDA,55.433886,-102.476736, ,0.0,0.0,0,0,0,1,210,0,1,0
TF,TOXET,55.466872,-102.633147,0, ,0.0,0.0,0.0,0.0,2,3000,0,1,180,0,1,0

APPTR,R19,19,SUVET
IF,SUVET,55.499656,-102.789822, ,0.0,0.0,0,0,0,1,210,0,1,0
TF,TOXET,55.466872,-102.633147,0, ,0.0,0.0,0.0,0.0,2,3000,0,1,180,0,1,0

FINAL,R19,19,R,3
IF,TOXET,55.466872,-102.633147, ,0.0,0.0,2,3000,0,1,180,0,1,0
TF,UKTOK,55.373242,-102.693933,0, ,0.0,0.0,192.0,6.0,2,3000,0,0,0,0,2,0
TF,RW19,55.291544,-102.746722,0, ,0.0,0.0,192.0,5.2,1,1319,0,0,0,0,3,1
TF,URPET,55.182236,-102.816989,0, ,0.0,0.0,0.0,0.0,1,2800,0,0,0,0,0,1
HM,URPET,55.182236,-102.816989,2, ,0.0,0.0,192.0,04.3,0,0,0,0,0,0,0,0,0

