APPTR,R17,17,MEPSO
IF,MEPSO,58.239197,-104.267422, ,0.0,0.0,0,0,0,1,210,0,1,0
TF,KITUX,58.247072,-104.456031,0, ,0.0,0.0,0.0,0.0,2,3300,0,1,180,0,1,0

APPTR,R17,17,XOREP
IF,XOREP,58.254667,-104.644725, ,0.0,0.0,0,0,0,1,210,0,1,0
TF,KITUX,58.247072,-104.456031,0, ,0.0,0.0,0.0,0.0,2,3300,0,1,180,0,1,0

FINAL,R17,17,R,3
IF,KITUX,58.247072,-104.456031, ,0.0,0.0,2,3300,0,1,180,0,1,0
TF,IPSUS,58.147606,-104.470661,0, ,0.0,0.0,175.0,6.0,2,3300,0,0,0,0,2,0
TF,RW17,58.060086,-104.483467,0, ,0.0,0.0,175.0,5.3,1,1594,0,0,0,0,3,1
TF,NADOT,57.977194,-104.495536,0, ,0.0,0.0,0.0,0.0,1,3300,0,0,0,0,0,1
HM,NADOT,57.977194,-104.495536,2, ,0.0,0.0,175.0,04.3,0,0,0,0,0,0,0,0,0

APPTR,R35,35,MAXAP
IF,MAXAP,57.870456,-104.698769, ,0.0,0.0,0,0,0,1,210,0,1,0
TF,ILOKU,57.862939,-104.512083,0, ,0.0,0.0,0.0,0.0,2,3200,0,1,180,0,1,0

APPTR,R35,35,ULIXA
IF,ULIXA,57.855150,-104.325472, ,0.0,0.0,0,0,0,1,210,0,1,0
TF,ILOKU,57.862939,-104.512083,0, ,0.0,0.0,0.0,0.0,2,3200,0,1,180,0,1,0

FINAL,R35,35,R,4
IF,ILOKU,57.862939,-104.512083, ,0.0,0.0,2,3200,0,1,180,0,1,0
TF,IMISO,57.962414,-104.497683,0, ,0.0,0.0,355.0,6.0,2,3200,0,0,0,0,2,0
TF,IKLEX,58.017606,-104.489658,0, ,0.0,0.0,355.0,3.3,2,2120,0,0,0,0,0,0
TF,RW35,58.045789,-104.485553,0, ,0.0,0.0,355.0,1.7,1,1576,0,0,0,0,3,1
TF,OMODU,58.128681,-104.473436,0, ,0.0,0.0,0.0,0.0,1,3300,0,0,0,0,0,1
HM,OMODU,58.128681,-104.473436,2, ,0.0,0.0,355.0,04.3,0,0,0,1,200,0,0,0,0

