APPTR,R14,14,AXEGA
IF,AXEGA,56.048478,-107.999564, ,0.0,0.0,0,0,0,1,210,0,1,0
TF,MUPNA,56.056272,-107.851600,0, ,0.0,0.0,0.0,0.0,2,3200,0,1,180,0,1,0

APPTR,R14,14,TIDOL
IF,TIDOL,56.115358,-107.746925, ,0.0,0.0,0,0,0,1,210,0,1,0
TF,MUPNA,56.056272,-107.851600,0, ,0.0,0.0,0.0,0.0,2,3200,0,1,180,0,1,0

FINAL,R14,14,R,3
IF,MUPNA,56.056272,-107.851600, ,0.0,0.0,2,3200,0,1,180,0,0,0
TF,IKLID,55.981075,-107.788169,0, ,0.0,0.0,143.0,5.0,2,3140,0,0,0,0,2,0
TF,RW14,55.902836,-107.722461,0, ,0.0,0.0,143.0,5.2,1,1481,0,0,0,0,3,1
TF,IRDOG,55.827572,-107.659528,0, ,0.0,0.0,0.0,0.0,1,2900,0,0,0,0,0,1
HM,IRDOG,55.827572,-107.659528,2, ,0.0,0.0,143.0,04.3,0,0,0,0,0,0,0,0,0

APPTR,R32,32,BOMLU
IF,BOMLU,55.700931,-107.707117, ,0.0,0.0,0,0,0,1,210,0,1,0
TF,UKTAS,55.759900,-107.603175,0, ,0.0,0.0,0.0,0.0,2,2800,0,1,180,0,1,0

APPTR,R32,32,KAVPU
IF,KAVPU,55.767219,-107.456233, ,0.0,0.0,0,0,0,1,210,0,1,0
TF,UKTAS,55.759900,-107.603175,0, ,0.0,0.0,0.0,0.0,2,2800,0,1,180,0,1,0

FINAL,R32,32,R,3
IF,UKTAS,55.759900,-107.603175, ,0.0,0.0,2,2800,0,1,180,0,0,0
TF,OMAPI,55.835192,-107.665889,0, ,0.0,0.0,323.0,5.0,2,2740,0,0,0,0,2,0
TF,RW32,55.895406,-107.716236,0, ,0.0,0.0,323.0,4.0,1,1469,0,0,0,0,3,1
TF,OMEMO,55.970639,-107.779386,0, ,0.0,0.0,0.0,0.0,1,2800,0,0,0,0,0,1
HM,OMEMO,55.970639,-107.779386,2, ,0.0,0.0,323.0,04.3,0,0,0,0,0,0,0,0,0

