APPTR,R18,18,LESAM
IF,LESAM,46.640100,-84.026578, ,0.0,0.0,0,0,0,1,210,0,1,0
TF,OVOVI,46.624772,-84.145439,0, ,0.0,0.0,0.0,0.0,2,3100,0,0,0,0,1,0

APPTR,R18,18,OBTEX
IF,OBTEX,46.614203,-84.265358, ,0.0,0.0,0,0,0,1,210,0,1,0
TF,OVOVI,46.624772,-84.145439,0, ,0.0,0.0,0.0,0.0,2,3100,0,0,0,0,1,0

APPTR,R18,18,PELGI
IF,PELGI,46.708703,-84.164647, ,0.0,0.0,0,0,0,1,210,0,1,0
TF,OVOVI,46.624772,-84.145439,0, ,0.0,0.0,0.0,0.0,2,3100,0,0,0,0,1,0

FINAL,R18,18,R,3
IF,OVOVI,46.624772,-84.145439, ,0.0,0.0,2,3100,0,0,0,0,0,0
TF,MODUG,46.509561,-84.119114,0, ,0.0,0.0,178.0,7.0,2,2300,0,0,0,0,2,0
TF,RW18,46.424831,-84.099789,0, ,0.0,0.0,178.0,5.1,1,637,0,0,0,0,3,1
TF,KEBKU,46.262894,-84.063031,0, ,0.0,0.0,0.0,0.0,1,3100,0,0,0,0,0,1
HM,KEBKU,46.262894,-84.063031,2, ,0.0,0.0,178.0,04.3,0,0,0,1,200,0,0,0,0

