APPTR,R31,31,APREM
IF,APREM,43.715986,-81.170006, ,0.0,0.0,0,0,0,1,210,0,1,0
TF,DUSIG,43.787750,-81.111539,0, ,0.0,0.0,0.0,0.0,2,2600,0,1,180,0,1,0

APPTR,R31,31,BODLU
IF,BODLU,43.859481,-81.052931, ,0.0,0.0,0,0,0,1,210,0,1,0
TF,DUSIG,43.787750,-81.111539,0, ,0.0,0.0,0.0,0.0,2,2600,0,1,180,0,1,0

FINAL,R31,31,R,4
IF,DUSIG,43.787750,-81.111539, ,0.0,0.0,2,2600,0,1,180,0,1,0
TF,PEKNO,43.830114,-81.210644,0, ,0.0,0.0,310.0,5.0,2,2410,0,0,0,0,2,0
TF,KITUL,43.843650,-81.242389,0, ,0.0,0.0,310.0,1.6,2,1900,0,0,0,0,0,0
TF,RW31,43.864794,-81.292025,0, ,0.0,0.0,310.0,2.5,1,1106,0,0,0,0,3,1
TF,URSED,43.920481,-81.423206,0, ,0.0,0.0,0.0,0.0,1,5500,0,0,0,0,0,1
HM,URSED,43.920481,-81.423206,2, ,0.0,0.0,310.0,09,0,0,0,1,265,0,0,0,0

