APPTR,R17,17,BOPES
IF,BOPES,52.083706,-65.721672, ,0.0,0.0,0,0,0,1,210,0,1,0
TF,NAPDI,52.046531,-65.842481,0, ,0.0,0.0,0.0,0.0,2,3900,0,1,190,0,1,0

APPTR,R17,17,OLABU
IF,OLABU,52.009233,-65.963089, ,0.0,0.0,0,0,0,1,210,0,1,0
TF,NAPDI,52.046531,-65.842481,0, ,0.0,0.0,0.0,0.0,2,3900,0,1,190,0,1,0

FINAL,R17,17,R,3
IF,NAPDI,52.046531,-65.842481, ,0.0,0.0,2,3900,0,1,190,0,1,0
TF,ADVOB,51.957197,-65.770156,0, ,0.0,0.0,173.0,6.0,2,3400,0,0,0,0,2,0
TF,RW17,51.893494,-65.718781,0, ,0.0,0.0,173.0,4.3,1,2038,0,0,0,0,3,1
TF,MEGSA,51.818986,-65.658897,0, ,0.0,0.0,0.0,0.0,1,4300,0,0,0,0,0,1
HM,MEGSA,51.818986,-65.658897,2, ,0.0,0.0,173.0,04.3,0,0,0,1,230,0,0,0,0

APPTR,R35,35,ALKUD
IF,ALKUD,51.667508,-65.785967, ,0.0,0.0,0,0,0,0,0,0,1,0
TF,PERDA,51.729061,-65.586919,0, ,0.0,0.0,0.0,0.0,2,3600,0,1,200,0,1,0

APPTR,R35,35,DEBUN
IF,DEBUN,51.765975,-65.466753, ,0.0,0.0,0,0,0,1,210,0,1,0
TF,PERDA,51.729061,-65.586919,0, ,0.0,0.0,0.0,0.0,2,3600,0,1,200,0,1,0

FINAL,R35,35,R,3
IF,PERDA,51.729061,-65.586919, ,0.0,0.0,2,3600,0,1,200,0,1,0
TF,OMPUS,51.818511,-65.658517,0, ,0.0,0.0,353.0,6.0,2,3400,0,0,0,0,2,0
TF,RW35,51.882617,-65.710022,0, ,0.0,0.0,353.0,4.3,1,2030,0,0,0,0,3,1
TF,KEDSO,51.957097,-65.770075,0, ,0.0,0.0,0.0,0.0,1,4400,0,0,0,0,0,1
HM,KEDSO,51.957097,-65.770075,2, ,0.0,0.0,353.0,04.3,0,0,0,1,230,0,0,0,0

