SID,OVILI2,02,4
DF,OVILI,45.811947,-72.991131,0, ,0.0,0.0,0,0,0,0,0,0,0,0

SID,OVILI2,20,4
VA,0,201.0,2,900,0,0,0,0,0,0
DF,OVILI,45.811947,-72.991131,2, ,0.0,0.0,0,0,0,0,0,0,0,0

APPTR,R20,20,KAVOL
IF,KAVOL,45.764494,-72.893247, ,0.0,0.0,0,0,0,1,140,0,1,0
TF,DUSOD,45.728911,-73.000847,0, ,0.0,0.0,0.0,0.0,2,1500,0,0,0,0,1,0

APPTR,R20,20,OVILI
IF,OVILI,45.811947,-72.991131, ,0.0,0.0,0,0,0,1,140,0,1,0
TF,DUSOD,45.728911,-73.000847,0, ,0.0,0.0,0.0,0.0,2,1500,0,0,0,0,1,0

FINAL,R20,20,R,3
IF,DUSOD,45.728911,-73.000847, ,0.0,0.0,2,1500,0,1,140,0,0,0
TF,AXARI,45.679089,-73.006667,0, ,0.0,0.0,201.0,3.0,2,1470,0,0,0,0,2,0
TF,ULDAD,45.637569,-73.011506,0, ,0.0,0.0,201.0,2.5,1,666,0,0,0,0,3,1
DF,OVILI,45.811947,-72.991131,2, ,0.0,0.0,1,3000,0,1,130,0,0,1
HM,OVILI,45.811947,-72.991131,2, ,0.0,0.0,20.0,04.3,0,0,0,1,175,0,0,0,0

