SID,SSM8,04,1
VA,0,40.0,2,1030,0,0,0,0,0,0
VM,0,0,0,40.0,0,0,0,0,0,0,0,0

SID,SSM8,12,1
VA,0,115.0,2,1030,0,0,0,0,0,0
VM,0,0,0,115.0,0,0,0,0,0,0,0,0

SID,SSM8,22,1
VA,0,220.0,2,1030,0,0,0,0,0,0
VM,0,0,0,220.0,0,0,0,0,0,0,0,0

SID,SSM8,30,1
VA,0,295.0,2,1030,0,0,0,0,0,0
VM,0,0,0,295.0,0,0,0,0,0,0,0,0

APPTR,D30,30,SSM
PI,SSM,46.412111,-84.314872,2,SSM,78.0,7.0,123,5.0,2,3600,0,0,0,0,1,0
CF,SSM,46.412111,-84.314872,0,SSM,0.0,0.0,303.0,5.0,2,3420,0,0,0,0,0,0

FINAL,D30,30,D,3
IF,SSM,46.412111,-84.314872,SSM,0.0,0.0,2,3420,0,0,0,0,2,0
CF,HALEV,46.460656,-84.444017,0,SSM,302.6,6.1,303.0,6.1,2,1470,0,0,0,0,0,0
CF,RW30,46.480967,-84.498222,0,SSM,302.6,8.7,303.0,2.6,1,660,0,0,0,0,3,0
CA,0,303.0,2,2400,0,0,0,0,0,0
DF,SSM,46.412111,-84.314872,2, ,0.0,0.0,1,2800,0,0,0,0,0,0
HM,SSM,46.412111,-84.314872,2, ,0.0,0.0,303.0,04.3,0,0,0,1,230,0,0,0,0

APPTR,I12,12,RAGIV
IF,RAGIV,46.622075,-84.732806, ,0.0,0.0,0,0,0,1,210,0,1,0
TF,LEREG,46.541119,-84.770222,0,IAM,0.0,0.0,0.0,0.0,2,2900,0,0,0,0,1,0

APPTR,I12,12,UDLIM
IF,UDLIM,46.460150,-84.807528, ,0.0,0.0,0,0,0,1,210,0,1,0
TF,LEREG,46.541119,-84.770222,0,IAM,0.0,0.0,0.0,0.0,2,2900,0,0,0,0,1,0

FINAL,I12,12,I,3
IF,LEREG,46.541119,-84.770222,IAM,294.9,12.0,2,2900,0,0,0,0,0,0
CF,DURLU,46.515625,-84.654614,0,IAM,294.9,7.0,115.0,5.0,1,2540,0,0,0,0,2,0
CF,RW12,46.486011,-84.520897,0,IAM,294.9,1.2,115.0,5.8,1,656,0,0,0,0,3,0
VA,0,115.0,2,4000,0,0,0,0,0,0
VM,0,0,0,115.0,0,0,0,0,0,0,0,0

APPTR,R04,04,ALVAD
IF,ALVAD,46.380328,-84.747414, ,0.0,0.0,0,0,0,1,210,0,1,0
TF,SEBAN,46.335319,-84.646172,0, ,0.0,0.0,0.0,0.0,2,2400,0,0,0,0,1,0

APPTR,R04,04,INGHM
IF,INGHM,46.290219,-84.545094, ,0.0,0.0,0,0,0,1,210,0,1,0
TF,SEBAN,46.335319,-84.646172,0, ,0.0,0.0,0.0,0.0,2,2400,0,0,0,0,1,0

FINAL,R04,04,R,3
IF,SEBAN,46.335319,-84.646172, ,0.0,0.0,2,2400,0,0,0,0,1,0
TF,EMKEX,46.419294,-84.568086,0, ,0.0,0.0,40.0,6.0,2,2000,0,0,0,0,2,0
TF,RW04,46.478167,-84.513158,0, ,0.0,0.0,40.0,4.2,1,661,0,0,0,0,3,1
TF,TABTU,46.548131,-84.447678,0, ,0.0,0.0,0.0,0.0,1,3100,0,0,0,0,0,1
HM,TABTU,46.548131,-84.447678,2, ,0.0,0.0,40.0,04.3,0,0,0,0,0,0,0,0,0

APPTR,R12-Y,12,LEREG
IF,LEREG,46.541119,-84.770222, ,0.0,0.0,0,0,0,0,0,0,1,0
TF,IMOBA,46.510708,-84.632261,0, ,0.0,0.0,0.0,0.0,2,2200,0,0,0,0,0,0

APPTR,R12-Y,12,SAXIS
IF,SAXIS,46.400025,-84.601750, ,0.0,0.0,2,5000,0,1,210,0,1,0
TF,PEPDO,46.435925,-84.683064,0, ,0.0,0.0,0.0,0.0,2,4000,0,0,0,0,0,0
RF,IMOBA,46.510708,-84.632261,2,ARC01,367.5,2.5,2,2200,0,0,0,0,0,0

FINAL,R12-Y,12,R,2
IF,IMOBA,46.510708,-84.632261, ,0.0,0.0,2,2200,0,0,0,0,2,0
TF,RW12,46.486011,-84.520897,0, ,0.0,0.0,115.0,4.8,1,656,0,0,0,0,3,1
TF,EBDOB,46.434742,-84.291492,0, ,0.0,0.0,0.0,0.0,1,3100,0,0,0,0,0,1
HM,EBDOB,46.434742,-84.291492,2, ,0.0,0.0,115.0,04.3,0,0,0,1,230,0,0,0,0

APPTR,R12-Z,12,RAGIV
IF,RAGIV,46.622075,-84.732806, ,0.0,0.0,0,0,0,1,210,0,1,0
TF,LEREG,46.541119,-84.770222,0, ,0.0,0.0,0.0,0.0,2,2900,0,0,0,0,1,0

APPTR,R12-Z,12,UDLIM
IF,UDLIM,46.460150,-84.807528, ,0.0,0.0,0,0,0,1,210,0,1,0
TF,LEREG,46.541119,-84.770222,0, ,0.0,0.0,0.0,0.0,2,2900,0,0,0,0,1,0

FINAL,R12-Z,12,R,3
IF,LEREG,46.541119,-84.770222, ,0.0,0.0,2,2900,0,0,0,0,1,0
TF,IMOBA,46.510708,-84.632261,0, ,0.0,0.0,115.0,6.0,2,2200,0,0,0,0,2,0
TF,RW12,46.486011,-84.520897,0, ,0.0,0.0,115.0,4.8,1,656,0,0,0,0,3,1
TF,EBDOB,46.434742,-84.291492,0, ,0.0,0.0,0.0,0.0,1,3100,0,0,0,0,0,1
HM,EBDOB,46.434742,-84.291492,2, ,0.0,0.0,115.0,04.3,0,0,0,1,230,0,0,0,0

APPTR,R22,22,AVTOM
IF,AVTOM,46.587658,-84.266594, ,0.0,0.0,0,0,0,1,210,0,1,0
TF,ITLUB,46.633003,-84.367992,0, ,0.0,0.0,0.0,0.0,2,2800,0,0,0,0,1,0

APPTR,R22,22,EMUXA
IF,EMUXA,46.678256,-84.469561, ,0.0,0.0,0,0,0,1,210,0,1,0
TF,ITLUB,46.633003,-84.367992,0, ,0.0,0.0,0.0,0.0,2,2800,0,0,0,0,1,0

FINAL,R22,22,R,4
IF,ITLUB,46.633003,-84.367992, ,0.0,0.0,2,2800,0,0,0,0,1,0
TF,MUTOD,46.563219,-84.433553,0, ,0.0,0.0,220.0,5.0,2,2300,0,0,0,0,2,0
TF,XONTI,46.528367,-84.466192,0, ,0.0,0.0,220.0,2.5,2,1510,0,0,0,0,0,0
TF,RW22,46.491992,-84.500239,0, ,0.0,0.0,220.0,2.6,1,679,0,0,0,0,3,1
TF,SHOWL,46.421978,-84.565569,0, ,0.0,0.0,0.0,0.0,1,3100,0,0,0,0,0,1
HM,SHOWL,46.421978,-84.565569,2, ,0.0,0.0,220.0,04.3,0,0,0,0,0,0,0,0,0

APPTR,R30,30,OTMUN
IF,OTMUN,46.351008,-84.308650, ,0.0,0.0,0,0,0,1,210,0,1,0
TF,ESVED,46.430233,-84.271442,0, ,0.0,0.0,0.0,0.0,2,2000,0,0,0,0,1,0

APPTR,R30,30,VIXEG
IF,VIXEG,46.509447,-84.234128, ,0.0,0.0,0,0,0,1,210,0,1,0
TF,ESVED,46.430233,-84.271442,0, ,0.0,0.0,0.0,0.0,2,2000,0,0,0,0,1,0

FINAL,R30,30,R,3
IF,ESVED,46.430233,-84.271442, ,0.0,0.0,2,2000,0,0,0,0,1,0
TF,ROMRU,46.461036,-84.408869,0, ,0.0,0.0,295.0,6.0,2,1900,0,0,0,0,2,0
TF,RW30,46.480967,-84.498222,0, ,0.0,0.0,295.0,3.9,1,660,0,0,0,0,3,1
TF,KEDGI,46.506439,-84.613056,0, ,0.0,0.0,0.0,0.0,1,3100,0,0,0,0,0,1
HM,KEDGI,46.506439,-84.613056,2, ,0.0,0.0,295.0,04.3,0,0,0,0,0,0,0,0,0

