APPTR,D10,10,IKDUT
IF,IKDUT,51.558072,-56.039531, ,0.0,0.0,0,0,0,0,0,0,1,0
AF,ADSAK,51.342206,-56.336528,1,YAY,273.0,10.0,31.0,2,1600,0,0,0,0,1,0

APPTR,D10,10,MEGMU
IF,MEGMU,51.239914,-55.982908, ,0.0,0.0,0,0,0,0,0,0,1,0
AF,ADSAK,51.342206,-56.336528,2,YAY,273.0,10.0,179.0,2,1600,0,0,0,0,1,0

APPTR,D10,10,YAY
PI,YAY,51.393919,-56.083750,1,YAY,318.0,10.0,273,5.0,2,1600,0,0,0,0,0,0

FINAL,D10,10,D,3
IF,ADSAK,51.342206,-56.336528,YAY,273.0,10.0,2,1600,0,0,0,0,0,0
CF,BILTI,51.373300,-56.184928,0,YAY,273.0,4.0,93.0,6.0,2,1320,0,0,0,0,2,0
CF,MA10,51.392153,-56.092431,0,YAY,273.0,0.3,93.0,3.7,1,158,0,0,0,0,3,0
CF,YAY,51.393919,-56.083750,0,YAY,0.0,0.0,93.0,0.4,0,0,0,0,0,0,0,1
CA,0,93.0,2,2300,0,0,0,0,0,0
DF,YAY,51.393919,-56.083750,1, ,0.0,0.0,1,2300,0,0,0,0,0,0
HM,YAY,51.393919,-56.083750,1, ,0.0,0.0,93.0,04.3,0,0,0,0,0,0,0,0,0

APPTR,D28,28,MERBO
IF,MERBO,51.497156,-56.292717, ,0.0,0.0,0,0,0,0,0,0,1,0
AF,CHARP,51.396522,-55.817689,2,YAY,110.0,10.0,329.0,2,2200,0,0,0,0,1,0

APPTR,D28,28,VIDPI
IF,VIDPI,51.236431,-56.169808, ,0.0,0.0,0,0,0,0,0,0,1,0
AF,CHARP,51.396522,-55.817689,1,YAY,110.0,10.0,220.0,2,2200,0,0,0,0,1,0

APPTR,D28,28,YAY
PI,YAY,51.393919,-56.083750,2,YAY,65.0,10.0,110,5.0,2,2200,0,0,0,0,0,0

FINAL,D28,28,D,4
IF,CHARP,51.396522,-55.817689,YAY,110.0,10.0,2,2200,0,0,0,0,0,0
CF,DUXIM,51.395803,-55.897511,0,YAY,110.0,7.0,290.0,3.0,2,2200,0,0,0,0,0,0
CF,OMTET,51.395033,-55.977328,0,YAY,110.0,4.0,290.0,3.0,2,1300,0,0,0,0,2,0
CF,MA28,51.394019,-56.074567,0,YAY,110.0,0.4,290.0,3.7,1,142,0,0,0,0,3,0
CF,YAY,51.393919,-56.083750,0,YAY,0.0,0.0,290.0,0.4,0,0,0,0,0,0,0,1
CA,0,290.0,2,2300,0,0,0,0,0,0
DF,YAY,51.393919,-56.083750,2, ,0.0,0.0,1,2300,0,0,0,0,0,0
HM,YAY,51.393919,-56.083750,2, ,0.0,0.0,290.0,04.3,0,0,0,0,0,0,0,0,0

APPTR,R10,10,OLESO
IF,OLESO,51.282428,-56.304706, ,0.0,0.0,0,0,0,0,0,0,1,0
TF,EMOSI,51.364375,-56.327969,0, ,0.0,0.0,0.0,0.0,2,1500,0,0,0,0,1,0

APPTR,R10,10,XETOL
IF,XETOL,51.446314,-56.351314, ,0.0,0.0,0,0,0,0,0,0,1,0
TF,EMOSI,51.364375,-56.327969,0, ,0.0,0.0,0.0,0.0,2,1500,0,0,0,0,1,0

FINAL,R10,10,R,3
IF,EMOSI,51.364375,-56.327969, ,0.0,0.0,2,1500,0,0,0,0,1,0
TF,ALSOM,51.379153,-56.197103,0, ,0.0,0.0,99.0,5.0,2,1430,0,0,0,0,2,0
TF,RW10,51.390933,-56.091794,0, ,0.0,0.0,99.0,4.0,1,158,0,0,0,0,3,1
TF,EMPEN,51.405447,-55.960778,0, ,0.0,0.0,0.0,0.0,1,2300,0,0,0,0,0,1
HM,EMPEN,51.405447,-55.960778,2, ,0.0,0.0,99.0,04.3,0,0,0,0,0,0,0,0,0

APPTR,R28,28,APMIX
IF,APMIX,51.503642,-55.835742, ,0.0,0.0,0,0,0,0,0,0,1,0
TF,OTNOB,51.421697,-55.812397,0, ,0.0,0.0,0.0,0.0,2,2000,0,0,0,0,1,0

APPTR,R28,28,EPLOR
IF,EPLOR,51.323358,-55.784494, ,0.0,0.0,0,0,0,0,0,0,1,0
TF,OTNOB,51.421697,-55.812397,0, ,0.0,0.0,0.0,0.0,2,2000,0,0,0,0,1,0

FINAL,R28,28,R,4
IF,OTNOB,51.421697,-55.812397, ,0.0,0.0,2,2000,0,0,0,0,1,0
TF,KEGBU,51.410231,-55.917292,0, ,0.0,0.0,279.0,4.0,2,2000,0,0,0,0,0,0
TF,XESUD,51.404461,-55.969719,0, ,0.0,0.0,279.0,2.0,2,1410,0,0,0,0,2,0
TF,RW28,51.392853,-56.074536,0, ,0.0,0.0,279.0,4.0,1,138,0,0,0,0,3,1
TF,OMPAX,51.378211,-56.205481,0, ,0.0,0.0,0.0,0.0,1,2200,0,0,0,0,0,1
HM,OMPAX,51.378211,-56.205481,2, ,0.0,0.0,279.0,04.3,0,0,0,0,0,0,0,0,0

