APPTR,R06,06,DUDSU
IF,DUDSU,59.597369,-108.850469, ,0.0,0.0,0,0,0,1,210,0,1,0
TF,ILEVO,59.517122,-108.807800,0, ,0.0,0.0,0.0,0.0,2,2700,0,0,0,0,1,0

APPTR,R06,06,EBKAN
IF,EBKAN,59.436856,-108.765331, ,0.0,0.0,0,0,0,1,210,0,1,0
TF,ILEVO,59.517122,-108.807800,0, ,0.0,0.0,0.0,0.0,2,2700,0,0,0,0,1,0

FINAL,R06,06,R,3
IF,ILEVO,59.517122,-108.807800, ,0.0,0.0,2,2700,0,0,0,0,1,0
TF,AVTES,59.542042,-108.624786,0, ,0.0,0.0,62.0,5.8,2,2400,0,0,0,0,2,0
TF,RW06,59.560003,-108.491525,0, ,0.0,0.0,62.0,4.2,1,1059,0,0,0,0,3,1
TF,KEPRO,59.589564,-108.269656,0, ,0.0,0.0,0.0,0.0,1,3300,0,0,0,0,0,1
HM,KEPRO,59.589564,-108.269656,2, ,0.0,0.0,62.0,04.3,0,0,0,1,230,0,0,0,0

APPTR,R24,24,PIKTU
IF,PIKTU,59.524347,-108.112869, ,0.0,0.0,0,0,0,1,210,0,1,0
TF,OTMIX,59.604819,-108.153889,0, ,0.0,0.0,0.0,0.0,2,3000,0,0,0,0,1,0

APPTR,R24,24,SEGAV
IF,SEGAV,59.685275,-108.195108, ,0.0,0.0,0,0,0,1,210,0,1,0
TF,OTMIX,59.604819,-108.153889,0, ,0.0,0.0,0.0,0.0,2,3000,0,0,0,0,1,0

FINAL,R24,24,R,3
IF,OTMIX,59.604819,-108.153889, ,0.0,0.0,2,3000,0,0,0,0,1,0
TF,MUTRO,59.580797,-108.335778,0, ,0.0,0.0,242.0,5.7,2,2600,0,0,0,0,2,0
TF,RW24,59.562753,-108.471014,0, ,0.0,0.0,242.0,4.3,1,1059,0,0,0,0,3,1
TF,LITNI,59.532850,-108.692525,0, ,0.0,0.0,0.0,0.0,1,3300,0,0,0,0,0,1
HM,LITNI,59.532850,-108.692525,2, ,0.0,0.0,242.0,04.3,0,0,0,1,230,0,0,0,0

