APPTR,R08,08,SUXOS
IF,SUXOS,54.404044,-111.066108, ,0.0,0.0,0,0,0,1,210,0,1,0
TF,KEGDO,54.304219,-111.065211,0, ,0.0,0.0,0.0,0.0,2,3500,0,1,180,0,1,0

APPTR,R08,08,UKSUB
IF,UKSUB,54.204392,-111.064317, ,0.0,0.0,0,0,0,1,210,0,1,0
TF,KEGDO,54.304219,-111.065211,0, ,0.0,0.0,0.0,0.0,2,3500,0,1,180,0,1,0

FINAL,R08,08,R,3
IF,KEGDO,54.304219,-111.065211, ,0.0,0.0,2,3500,0,1,180,0,1,0
TF,DUNUX,54.304622,-110.894511,0, ,0.0,0.0,76.0,6.0,2,3500,0,0,0,0,2,0
TF,RW08,54.304775,-110.751614,0, ,0.0,0.0,77.0,5.0,1,1878,0,0,0,0,3,1
TF,IKNEB,54.304703,-110.552461,0, ,0.0,0.0,0.0,0.0,1,4100,0,0,0,0,0,1
HM,IKNEB,54.304703,-110.552461,2, ,0.0,0.0,77.0,04.3,0,0,0,0,0,0,0,0,0

APPTR,R26,26,TADUM
IF,TADUM,54.204664,-110.420389, ,0.0,0.0,0,0,0,1,210,0,1,0
TF,UMAKI,54.304492,-110.419742,0, ,0.0,0.0,0.0,0.0,2,3500,0,1,180,0,1,0

APPTR,R26,26,VILTU
IF,VILTU,54.404319,-110.419092, ,0.0,0.0,0,0,0,1,210,0,1,0
TF,UMAKI,54.304492,-110.419742,0, ,0.0,0.0,0.0,0.0,2,3500,0,1,180,0,1,0

FINAL,R26,26,R,3
IF,UMAKI,54.304492,-110.419742, ,0.0,0.0,2,3500,0,1,180,0,1,0
TF,KELPO,54.304750,-110.590442,0, ,0.0,0.0,257.0,6.0,2,3500,0,0,0,0,2,0
TF,RW26,54.304781,-110.733253,0, ,0.0,0.0,257.0,5.0,1,1879,0,0,0,0,3,1
TF,SUVDO,54.304544,-110.932406,0, ,0.0,0.0,0.0,0.0,1,4100,0,0,0,0,0,1
HM,SUVDO,54.304544,-110.932406,2, ,0.0,0.0,257.0,04.3,0,0,0,0,0,0,0,0,0

