APPTR,D34,34,YBK
IF,YBK,64.321433,-96.104642, ,0.0,0.0,0,0,0,0,0,0,0,0
CF,TERAH,64.246597,-96.021689,0,YBK,154.3,5.0,15.7,5.0,2,1500,0,0,0,0,1,0
PI,TERAH,64.246597,-96.021689,2,YBK,11.2,10.0,056,5.0,2,1500,0,0,0,0,0,0
CF,TERAH,64.246597,-96.021689,0,YBK,154.2,5.0,33.7,8.0,2,1060,0,0,0,0,0,0

FINAL,D34,34,D,2
IF,TERAH,64.246597,-96.021689,YBK,154.2,5.0,2,1060,0,0,0,0,2,0
CF,RW34,64.293372,-96.073478,0,YBK,154.3,1.9,33.7,3.1,1,62,0,0,0,0,3,0
CF,YBK,64.321433,-96.104642,0,YBK,0.0,0.0,33.7,1.9,0,0,0,0,0,0,0,0
FA,YBK,64.321433,-96.104642,0,YBK,0.0,0.0,33.7,2,1500,0,0,0,0,0,0
DF,YBK,64.321433,-96.104642,1, ,0.0,0.0,1,1500,0,0,0,0,0,0
HM,YBK,64.321433,-96.104642,2, ,0.0,0.0,33.7,04.3,0,0,0,1,230,0,0,0,0

APPTR,R16,16,EPSIP
IF,EPSIP,64.435267,-96.385800, ,0.0,0.0,0,0,0,1,210,0,1,0
TF,LOPRU,64.461800,-96.203544,0, ,0.0,0.0,0.0,0.0,2,1600,0,0,0,0,1,0

APPTR,R16,16,ILIVA
IF,ILIVA,64.488108,-96.020939, ,0.0,0.0,0,0,0,1,210,0,1,0
TF,LOPRU,64.461800,-96.203544,0, ,0.0,0.0,0.0,0.0,2,1600,0,0,0,0,1,0

FINAL,R16,16,R,3
IF,LOPRU,64.461800,-96.203544, ,0.0,0.0,2,1600,0,0,0,0,1,0
TF,NOVOL,64.367989,-96.130892,0, ,0.0,0.0,16.4,6.0,2,1400,0,0,0,0,2,0
TF,RW16,64.304256,-96.081831,0, ,0.0,0.0,16.5,4.0,1,112,0,0,0,0,3,1
TF,DURIR,64.225442,-96.021492,0, ,0.0,0.0,0.0,0.0,1,1500,0,0,0,0,0,1
HM,DURIR,64.225442,-96.021492,2, ,0.0,0.0,16.5,04.3,0,0,0,1,230,0,0,0,0

APPTR,R16-T,16,YBK
PI,YBK,64.321433,-96.104642,2,YBK,29.1,10.0,074,5.0,2,2000,0,0,0,0,1,0
CF,YBK,64.321433,-96.104642,0,YBK,0.0,0.0,15.6,8.0,2,1100,0,0,0,0,0,0

FINAL,R16-T,16,R,2
IF,YBK,64.321433,-96.104642,YBK,0.0,0.0,2,1100,0,0,0,0,2,0
CF,MA153,64.303844,-96.083653,0,YBK,152.6,1.2,15.6,1.2,1,112,0,0,0,0,3,0
FA,MA153,64.303844,-96.083653,0,YBK,0.0,0.0,15.6,2,1600,0,0,0,0,0,0
DF,YBK,64.321433,-96.104642,2, ,0.0,0.0,1,1600,0,0,0,0,0,0
HM,YBK,64.321433,-96.104642,2, ,0.0,0.0,15.6,04.3,0,0,0,1,230,0,0,0,0

APPTR,R34,34,DENPO
IF,DENPO,64.109492,-96.133594, ,0.0,0.0,0,0,0,1,210,0,1,0
TF,IRGUX,64.135717,-95.953239,0, ,0.0,0.0,0.0,0.0,2,1400,0,0,0,0,1,0

APPTR,R34,34,ETKUT
IF,ETKUT,64.161714,-95.772544, ,0.0,0.0,0,0,0,1,210,0,1,0
TF,IRGUX,64.135717,-95.953239,0, ,0.0,0.0,0.0,0.0,2,1400,0,0,0,0,1,0

FINAL,R34,34,R,3
IF,IRGUX,64.135717,-95.953239, ,0.0,0.0,2,1400,0,0,0,0,1,0
TF,NABUV,64.227142,-96.022792,0, ,0.0,0.0,34.5,5.8,2,1400,0,0,0,0,2,0
TF,RW34,64.293372,-96.073478,0, ,0.0,0.0,34.5,4.2,1,62,0,0,0,0,3,1
TF,OVBAB,64.372161,-96.134114,0, ,0.0,0.0,0.0,0.0,1,1600,0,0,0,0,0,1
HM,OVBAB,64.372161,-96.134114,2, ,0.0,0.0,34.5,04.3,0,0,0,1,230,0,0,0,0

APPTR,R34-T,34,YBK
PI,YBK,64.321433,-96.104642,2,YBK,29.1,10.0,074,5.0,2,2000,0,0,0,0,1,0
CF,YBK,64.321433,-96.104642,0,YBK,0.0,0.0,15.6,8.0,2,1100,0,0,0,0,0,0

FINAL,R34-T,34,R,2
IF,YBK,64.321433,-96.104642,YBK,0.0,0.0,2,1100,0,0,0,0,2,0
CF,MA153,64.303844,-96.083653,0,YBK,152.6,1.2,15.6,1.2,1,112,0,0,0,0,3,0
FA,MA153,64.303844,-96.083653,0,YBK,0.0,0.0,15.6,2,1600,0,0,0,0,0,0
DF,YBK,64.321433,-96.104642,2, ,0.0,0.0,1,1600,0,0,0,0,0,0
HM,YBK,64.321433,-96.104642,2, ,0.0,0.0,15.6,04.3,0,0,0,1,230,0,0,0,0

