SID,TUGIL1,08,5
DF,TUGIL,49.906983,-99.835614,0, ,0.0,0.0,0,0,0,1,240,0,0,0

SID,TUGIL1,TOTAP,6
IF,TUGIL,49.906983,-99.835614, ,0.0,0.0,0,0,0,1,240,0,0,0
TF,UMEXO,49.724731,-99.799358,0, ,0.0,0.0,0.0,0.0,0,0,0,0,0,0,0,0
TF,TOTAP,49.416667,-99.666667,0, ,0.0,0.0,0.0,0.0,2,5000,0,0,0,0,0,0

SID,TUGIL1,VISUR,6
IF,TUGIL,49.906983,-99.835614, ,0.0,0.0,0,0,0,1,240,0,0,0
TF,VISUR,49.975836,-99.472164,0, ,0.0,0.0,0.0,0.0,2,5000,0,0,0,0,0,0

SID,UKMON2,26,5
DF,UKMON,49.908003,-100.071808,0, ,0.0,0.0,0,0,0,0,0,0,0,0

SID,UKMON2,TOTAP,6
IF,UKMON,49.908003,-100.071808, ,0.0,0.0,0,0,0,0,0,0,0,0
TF,VOKUG,49.816425,-100.072531,0, ,0.0,0.0,0.0,0.0,0,0,0,1,240,0,0,0
TF,UMEXO,49.724731,-99.799358,0, ,0.0,0.0,0.0,0.0,0,0,0,0,0,0,0,0
TF,TOTAP,49.416667,-99.666667,0, ,0.0,0.0,0.0,0.0,2,5000,0,0,0,0,0,0

SID,UKMON2,VISUR,6
IF,UKMON,49.908003,-100.071808, ,0.0,0.0,0,0,0,0,0,0,0,0
TF,PEKTI,50.024556,-100.070886,0, ,0.0,0.0,0.0,0.0,0,0,0,1,240,0,0,0
TF,EPVAM,50.024056,-99.941667,0, ,0.0,0.0,0.0,0.0,0,0,0,0,0,0,0,0
TF,VISUR,49.975836,-99.472164,0, ,0.0,0.0,0.0,0.0,2,5000,0,0,0,0,0,0

STAR,TALOP2,ALL,5
IF,TALOP,49.987681,-99.465906, ,0.0,0.0,0,0,0,0,0,0,0,0

STAR,TALOP2,08,6
IF,TALOP,49.987681,-99.465906, ,0.0,0.0,0,0,0,0,0,0,0,0
TF,OMEBI,49.990933,-99.983342,0, ,0.0,0.0,0.0,0.0,1,6000,0,1,210,0,0,0
TF,NUDUT,49.991658,-100.223908,0, ,0.0,0.0,0.0,0.0,0,0,0,1,210,0,0,0
FM,NUDUT,49.991658,-100.223908,0,YBR,0.0,0.0,265.0,0,0,0,0,0,0,0,0

STAR,TALOP2,26,6
IF,TALOP,49.987681,-99.465906, ,0.0,0.0,0,0,0,0,0,0,0,0
TF,TANBA,49.906056,-99.681058,0, ,0.0,0.0,0.0,0.0,2,3000,0,1,200,0,0,0

APPTR,D08,08,XIGUR
IF,XIGUR,49.956056,-100.193517, ,0.0,0.0,0,0,0,0,0,0,1,0
AF,OTPEM,49.892761,-100.202094,1,YBR,259.2,10.0,281.0,2,2800,0,0,0,0,1,0

APPTR,D08,08,YBR
PI,YBR,49.909889,-99.945675,2,YBR,214.0,10.0,259,5.0,2,2800,0,0,0,0,0,0

FINAL,D08,08,D,3
IF,OTPEM,49.892761,-100.202094,YBR,259.2,10.0,2,2800,0,0,0,0,0,0
CF,XEXED,49.903103,-100.048264,0,YBR,259.2,4.0,79.0,6.0,2,2410,0,0,0,0,2,0
CF,RW08,49.907608,-99.966486,0,YBR,255.4,0.8,79.0,3.2,1,1399,0,0,0,0,3,0
CF,YBR,49.909889,-99.945675,0,YBR,0.0,0.0,79.0,0.8,0,0,0,0,0,0,0,0
FA,YBR,49.909889,-99.945675,0,YBR,0.0,0.0,71.0,2,3200,0,0,0,0,0,0
DF,YBR,49.909889,-99.945675,1, ,0.0,0.0,1,3200,0,0,0,0,0,0
HM,YBR,49.909889,-99.945675,2, ,0.0,0.0,79.0,04.3,0,0,0,1,265,0,0,0,0

APPTR,D26,26,OVUBU
IF,OVUBU,49.951464,-100.168711, ,0.0,0.0,0,0,0,0,0,0,1,0
AF,XUGAX,50.044531,-99.843669,2,YBR,21.0,9.0,281.0,2,3200,0,0,0,0,0,0
AF,TUGUS,49.891397,-99.715444,2,YBR,92.0,9.0,21.0,2,2800,0,0,0,0,1,0

FINAL,D26,26,D,3
IF,TUGUS,49.891397,-99.715444,YBR,92.0,9.0,2,2800,0,0,0,0,0,0
CF,NAYME,49.903775,-99.868911,0,YBR,92.1,3.0,272.0,6.0,2,2250,0,0,0,0,2,0
CF,MA26,49.909319,-99.938517,0,YBR,92.0,0.3,272.0,2.7,1,1382,0,0,0,0,3,0
CF,YBR,49.909889,-99.945675,0,YBR,0.0,0.0,272.0,0.3,0,0,0,0,0,0,0,0
FA,YBR,49.909889,-99.945675,0,YBR,0.0,0.0,272.0,2,4300,0,0,0,0,0,0
DF,YBR,49.909889,-99.945675,2, ,0.0,0.0,1,4300,0,0,0,0,0,0
HM,YBR,49.909889,-99.945675,1, ,0.0,0.0,108.0,04.3,0,0,0,0,0,0,0,0,0

APPTR,I08,08,NUDUT
IF,NUDUT,49.991658,-100.223908, ,0.0,0.0,0,0,0,1,210,0,1,0
TF,KAXEG,49.908406,-100.224306,0,IBR,0.0,0.0,0.0,0.0,2,3000,0,1,200,0,1,0

APPTR,I08,08,TUBIV
IF,TUBIV,49.825153,-100.224700, ,0.0,0.0,0,0,0,1,210,0,1,0
TF,KAXEG,49.908406,-100.224306,0,IBR,0.0,0.0,0.0,0.0,2,3000,0,1,200,0,1,0

FINAL,I08,08,I,3
IF,KAXEG,49.908406,-100.224306,IBR,264.4,11.2,2,3000,0,1,200,0,1,0
CF,VOKAL,49.907975,-100.062881,0,IBR,264.4,4.9,85.0,6.3,1,2600,0,0,0,0,2,0
CF,RW08,49.907608,-99.966486,0,IBR,264.4,1.2,85.0,3.7,1,1397,0,0,0,0,3,0
TF,TUGIL,49.906983,-99.835614,0, ,0.0,0.0,0.0,0.0,1,3000,0,0,0,0,0,1
HM,TUGIL,49.906983,-99.835614,2, ,0.0,0.0,85.0,04.3,0,0,0,1,230,0,0,0,0

APPTR,R08-Y,08,KAXEG
IF,KAXEG,49.908406,-100.224306, ,0.0,0.0,2,3000,0,0,0,0,1,0
TF,UKMON,49.908003,-100.071808,0, ,0.0,0.0,0.0,0.0,2,2700,0,0,0,0,0,0

APPTR,R08-Y,08,OMEBI
IF,OMEBI,49.990933,-99.983342, ,0.0,0.0,1,6000,0,1,210,0,1,0
TF,KITAR,49.991256,-100.071150,0, ,0.0,0.0,0.0,0.0,2,5000,0,1,200,0,0,0
RF,UKMON,49.908003,-100.071808,1,ARC01,353.3,2.5,2,2700,0,0,0,0,0,0

FINAL,R08-Y,08,R,2
IF,UKMON,49.908003,-100.071808, ,0.0,0.0,2,2700,0,0,0,0,2,0
TF,RW08,49.907608,-99.966486,0, ,0.0,0.0,85.0,4.1,1,1399,0,0,0,0,3,1
TF,TUGIL,49.906983,-99.835614,0, ,0.0,0.0,0.0,0.0,1,3000,0,0,0,0,0,1
HM,TUGIL,49.906983,-99.835614,2, ,0.0,0.0,85.0,04.3,0,0,0,1,250,0,0,0,0

APPTR,R08-Z,08,NUDUT
IF,NUDUT,49.991658,-100.223908, ,0.0,0.0,2,3000,0,1,210,0,1,0
TF,KAXEG,49.908406,-100.224306,0, ,0.0,0.0,0.0,0.0,2,3000,0,1,200,0,1,0

APPTR,R08-Z,08,TUBIV
IF,TUBIV,49.825153,-100.224700, ,0.0,0.0,0,0,0,1,210,0,1,0
TF,KAXEG,49.908406,-100.224306,0, ,0.0,0.0,0.0,0.0,2,3000,0,1,200,0,1,0

FINAL,R08-Z,08,R,3
IF,KAXEG,49.908406,-100.224306, ,0.0,0.0,2,3000,0,1,200,0,0,0
TF,UKMON,49.908003,-100.071808,0, ,0.0,0.0,85.0,5.9,2,2700,0,0,0,0,2,0
TF,RW08,49.907608,-99.966486,0, ,0.0,0.0,85.0,4.1,1,1399,0,0,0,0,3,1
TF,TUGIL,49.906983,-99.835614,0, ,0.0,0.0,0.0,0.0,1,3000,0,0,0,0,0,1
HM,TUGIL,49.906983,-99.835614,2, ,0.0,0.0,85.0,04.3,0,0,0,1,250,0,0,0,0

APPTR,R26-Y,26,ILUSU
IF,ILUSU,50.002461,-99.905072, ,0.0,0.0,1,6000,0,1,210,0,1,0
TF,RIDIL,49.989044,-99.819756,0, ,0.0,0.0,0.0,0.0,2,5000,0,1,200,0,0,0
RF,TUGIL,49.906983,-99.835614,2,ARC02,84.7,2.5,2,2700,0,0,0,0,0,0

APPTR,R26-Y,26,TANBA
IF,TANBA,49.906056,-99.681058, ,0.0,0.0,2,3000,0,1,200,0,1,0
TF,TUGIL,49.906983,-99.835614,0, ,0.0,0.0,0.0,0.0,2,2700,0,0,0,0,0,0

FINAL,R26-Y,26,R,2
IF,TUGIL,49.906983,-99.835614, ,0.0,0.0,2,2700,0,0,0,0,2,0
TF,RW26,49.907489,-99.938864,0, ,0.0,0.0,265.0,4.0,1,1382,0,0,0,0,3,1
TF,UKMON,49.908003,-100.071808,0, ,0.0,0.0,0.0,0.0,1,3000,0,0,0,0,0,1
HM,UKMON,49.908003,-100.071808,1, ,0.0,0.0,265.0,04.3,0,0,0,1,250,0,0,0,0

APPTR,R26-Z,26,SAXIG
IF,SAXIG,49.989306,-99.679725, ,0.0,0.0,0,0,0,1,210,0,1,0
TF,TANBA,49.906056,-99.681058,0, ,0.0,0.0,0.0,0.0,2,3000,0,1,200,0,1,0

FINAL,R26-Z,26,R,3
IF,TANBA,49.906056,-99.681058, ,0.0,0.0,2,3000,0,1,200,0,1,0
TF,TUGIL,49.906983,-99.835614,0, ,0.0,0.0,265.0,6.0,2,2700,0,0,0,0,2,0
TF,RW26,49.907489,-99.938864,0, ,0.0,0.0,265.0,4.0,1,1382,0,0,0,0,3,1
TF,UKMON,49.908003,-100.071808,0, ,0.0,0.0,0.0,0.0,1,3000,0,0,0,0,0,1
HM,UKMON,49.908003,-100.071808,1, ,0.0,0.0,265.0,04.3,0,0,0,1,250,0,0,0,0

APPTR,S08,08,YBR
PI,YBR,49.909889,-99.945675,2,YBR,214.0,10.0,259,5.0,2,2800,0,0,0,0,1,0
CF,FF08,49.900761,-100.078989,0,YBR,259.0,5.2,79.0,4.8,2,2800,0,0,0,0,0,0

FINAL,S08,08,D,2
IF,FF08,49.900761,-100.078989,YBR,259.0,5.2,2,2800,0,0,0,0,2,0
CF,RW08,49.907608,-99.966486,0,YBR,255.4,0.8,79.0,4.4,1,1399,0,0,0,0,3,0
CF,YBR,49.909889,-99.945675,0,YBR,0.0,0.0,79.0,0.8,0,0,0,0,0,0,0,0
FA,YBR,49.909889,-99.945675,0,YBR,0.0,0.0,71.0,2,3200,0,0,0,0,0,0
DF,YBR,49.909889,-99.945675,1, ,0.0,0.0,1,3200,0,0,0,0,0,0
HM,YBR,49.909889,-99.945675,2, ,0.0,0.0,79.0,04.3,0,0,0,1,265,0,0,0,0

