APPTR,N03-A,03,L4
PI,L4,53.334722,-104.008889,2,L4,164.0,10.0,209,5.0,2,2800,0,0,0,0,0,0
CF,FF029,53.267811,-104.096042,0,L4,209.0,5.1,29.0,4.9,2,2800,0,0,0,0,0,0

FINAL,N03-A,03,N,2
IF,FF029,53.267811,-104.096042,L4,0.0,0.0,2,2800,0,0,0,0,2,0
CF,RW03,53.329608,-104.013536,0,L4,0.0,0.0,29.0,4.8,1,1260,0,0,0,0,3,0
CF,L4,53.334722,-104.008889,0,L4,0.0,0.0,29.0,0.4,0,0,0,0,0,0,0,1
CA,0,29.0,2,2800,0,0,0,0,0,0
DF,L4,53.334722,-104.008889,2, ,0.0,0.0,1,2800,0,0,0,0,0,0
HM,L4,53.334722,-104.008889,2, ,0.0,0.0,29.0,04.3,0,0,0,0,0,0,0,0,0

APPTR,R03,03,LODVA
IF,LODVA,53.269031,-104.348567, ,0.0,0.0,0,0,0,1,200,0,1,0
TF,NAKMU,53.198828,-104.230233,0, ,0.0,0.0,0.0,0.0,2,2900,0,0,0,0,1,0

APPTR,R03,03,VITOK
IF,VITOK,53.128506,-104.112286, ,0.0,0.0,0,0,0,1,200,0,1,0
TF,NAKMU,53.198828,-104.230233,0, ,0.0,0.0,0.0,0.0,2,2900,0,0,0,0,1,0

FINAL,R03,03,R,4
IF,NAKMU,53.198828,-104.230233, ,0.0,0.0,2,2900,0,1,200,0,1,0
TF,TIDOX,53.269711,-104.113031,0, ,0.0,0.0,36.0,6.0,2,2900,0,0,0,0,2,0
TF,SEKAG,53.300131,-104.062556,0, ,0.0,0.0,36.0,2.6,2,2060,0,0,0,0,0,0
TF,RW03,53.329608,-104.013536,0, ,0.0,0.0,36.0,2.5,1,1260,0,0,0,0,3,1
TF,MIRUK,53.412044,-103.875925,0, ,0.0,0.0,0.0,0.0,1,2900,0,0,0,0,0,1
HM,MIRUK,53.412044,-103.875925,2, ,0.0,0.0,36.0,04.3,0,0,0,0,0,0,0,0,0

APPTR,R21,21,KETLU
IF,KETLU,53.394908,-103.668033, ,0.0,0.0,0,0,0,1,200,0,1,0
TF,EPLAM,53.465667,-103.785981,0, ,0.0,0.0,0.0,0.0,2,2900,0,0,0,0,1,0

APPTR,R21,21,ONDOD
IF,ONDOD,53.536306,-103.904322, ,0.0,0.0,0,0,0,1,200,0,1,0
TF,EPLAM,53.465667,-103.785981,0, ,0.0,0.0,0.0,0.0,2,2900,0,0,0,0,1,0

FINAL,R21,21,R,3
IF,EPLAM,53.465667,-103.785981, ,0.0,0.0,2,2900,0,1,200,0,1,0
TF,MESNU,53.395108,-103.904264,0, ,0.0,0.0,216.0,6.0,2,2900,0,0,0,0,2,0
TF,RW21,53.335300,-104.004064,0, ,0.0,0.0,216.0,5.1,1,1260,0,0,0,0,3,1
TF,IPTAM,53.240908,-104.160725,0, ,0.0,0.0,0.0,0.0,1,2900,0,0,0,0,0,1
HM,IPTAM,53.240908,-104.160725,2, ,0.0,0.0,216.0,04.3,0,0,0,0,0,0,0,0,0

