SID,CYBW4,08,1
VA,0,75.0,2,7000,0,0,0,0,0,0
VM,0,0,0,75.0,1,7000,0,0,0,0,0,0

SID,CYBW4,17,1
VA,0,165.0,2,7000,0,0,0,0,0,0
VM,0,0,0,165.0,1,7000,0,0,0,0,0,0

SID,CYBW4,26,1
VA,0,255.0,2,7000,0,0,0,0,0,0
VM,0,0,0,255.0,1,7000,0,0,0,0,0,0

SID,CYBW4,35,1
VA,0,345.0,2,7000,0,0,0,0,0,0
VM,0,0,0,345.0,1,7000,0,0,0,0,0,0

STAR,BRAGG5,AMITO,4
IF,AMITO,50.624444,-115.056389, ,0.0,0.0,2,14000,0,0,0,0,0,0
TF,SEDEL,50.666667,-114.856389,0, ,0.0,0.0,0.0,0.0,2,13000,0,0,0,0,0,0
TF,IGVEP,50.707833,-114.658000,0, ,0.0,0.0,0.0,0.0,4,13000,12000,0,0,0,0,0

STAR,BRAGG5,ANTAK,4
IF,ANTAK,49.350278,-115.857778, ,0.0,0.0,2,14000,0,0,0,0,0,0
TF,TULOB,50.592508,-114.763003,0, ,0.0,0.0,0.0,0.0,2,13200,0,0,0,0,0,0
TF,IGVEP,50.707833,-114.658000,0, ,0.0,0.0,0.0,0.0,4,13000,12000,0,0,0,0,0

STAR,BRAGG5,NORET,4
IF,NORET,50.540000,-115.452778, ,0.0,0.0,0,0,0,0,0,0,0,0
TF,PIBSO,50.582222,-115.255556,0, ,0.0,0.0,0.0,0.0,0,0,0,0,0,0,0,0
TF,AMITO,50.624444,-115.056389,0, ,0.0,0.0,0.0,0.0,2,14000,0,0,0,0,0,0
TF,SEDEL,50.666667,-114.856389,0, ,0.0,0.0,0.0,0.0,2,13000,0,0,0,0,0,0
TF,IGVEP,50.707833,-114.658000,0, ,0.0,0.0,0.0,0.0,4,13000,12000,0,0,0,0,0

STAR,BRAGG5,PIBSO,4
IF,PIBSO,50.582222,-115.255556, ,0.0,0.0,0,0,0,0,0,0,0,0
TF,AMITO,50.624444,-115.056389,0, ,0.0,0.0,0.0,0.0,2,14000,0,0,0,0,0,0
TF,SEDEL,50.666667,-114.856389,0, ,0.0,0.0,0.0,0.0,2,13000,0,0,0,0,0,0
TF,IGVEP,50.707833,-114.658000,0, ,0.0,0.0,0.0,0.0,4,13000,12000,0,0,0,0,0

STAR,BRAGG5,SEDEL,4
IF,SEDEL,50.666667,-114.856389, ,0.0,0.0,2,13000,0,0,0,0,0,0
TF,IGVEP,50.707833,-114.658000,0, ,0.0,0.0,0.0,0.0,4,13000,12000,0,0,0,0,0

STAR,BRAGG5,TULOB,4
IF,TULOB,50.592508,-114.763003, ,0.0,0.0,2,13200,0,0,0,0,0,0
TF,IGVEP,50.707833,-114.658000,0, ,0.0,0.0,0.0,0.0,4,13000,12000,0,0,0,0,0

STAR,BRAGG5,17,6
IF,IGVEP,50.707833,-114.658000, ,0.0,0.0,4,13000,12000,0,0,0,0,0
TF,DUDSA,50.769919,-114.620047,0, ,0.0,0.0,0.0,0.0,2,11000,0,0,0,0,0,0
TF,RIGOT,50.929722,-114.533972,0, ,0.0,0.0,0.0,0.0,2,8500,0,0,0,0,0,0
TF,NOSAB,51.306033,-114.535619,0, ,0.0,0.0,0.0,0.0,2,7000,0,1,210,0,0,0
FM,NOSAB,51.306033,-114.535619,0,YYC,0.0,0.0,345.0,0,0,0,0,0,0,0,0
CF,MEGMO,51.306200,-114.378928,2,YYC,286.7,22.0,165.0,3.0,2,6100,0,0,0,0,0,0

STAR,BRAGG5,35,6
IF,IGVEP,50.707833,-114.658000, ,0.0,0.0,4,13000,12000,0,0,0,0,0
TF,KETNU,50.761544,-114.595969,0, ,0.0,0.0,0.0,0.0,2,11000,0,0,0,0,0,0
TF,URSIG,50.868231,-114.472228,0, ,0.0,0.0,0.0,0.0,2,8500,0,0,0,0,0,0
TF,SEKEM,50.929889,-114.378553,0, ,0.0,0.0,0.0,0.0,2,6000,0,0,0,0,0,0

STAR,ELBOW4,ETLEM,4
IF,ETLEM,49.435544,-112.887067, ,0.0,0.0,2,11500,0,0,0,0,0,0
TF,EBGAL,50.697000,-113.372000,0, ,0.0,0.0,0.0,0.0,3,12000,0,0,0,0,0,0

STAR,ELBOW4,ILOSA,4
IF,ILOSA,50.605278,-113.223611, ,0.0,0.0,0,0,0,0,0,0,0,0
TF,EBGAL,50.697000,-113.372000,0, ,0.0,0.0,0.0,0.0,3,12000,0,0,0,0,0,0

STAR,ELBOW4,MOBEK,4
IF,MOBEK,50.324167,-112.778056, ,0.0,0.0,0,0,0,0,0,0,0,0
TF,OMRIT,50.418333,-112.925833,0, ,0.0,0.0,0.0,0.0,0,0,0,0,0,0,0,0
TF,NAMTI,50.510556,-113.073611,0, ,0.0,0.0,0.0,0.0,0,0,0,0,0,0,0,0
TF,ILOSA,50.605278,-113.223611,0, ,0.0,0.0,0.0,0.0,0,0,0,0,0,0,0,0
TF,EBGAL,50.697000,-113.372000,0, ,0.0,0.0,0.0,0.0,3,12000,0,0,0,0,0,0

STAR,ELBOW4,NAMTI,4
IF,NAMTI,50.510556,-113.073611, ,0.0,0.0,0,0,0,0,0,0,0,0
TF,ILOSA,50.605278,-113.223611,0, ,0.0,0.0,0.0,0.0,0,0,0,0,0,0,0,0
TF,EBGAL,50.697000,-113.372000,0, ,0.0,0.0,0.0,0.0,3,12000,0,0,0,0,0,0

STAR,ELBOW4,OMRIT,4
IF,OMRIT,50.418333,-112.925833, ,0.0,0.0,0,0,0,0,0,0,0,0
TF,NAMTI,50.510556,-113.073611,0, ,0.0,0.0,0.0,0.0,0,0,0,0,0,0,0,0
TF,ILOSA,50.605278,-113.223611,0, ,0.0,0.0,0.0,0.0,0,0,0,0,0,0,0,0
TF,EBGAL,50.697000,-113.372000,0, ,0.0,0.0,0.0,0.0,3,12000,0,0,0,0,0,0

STAR,ELBOW4,TOVUM,4
IF,TOVUM,49.241389,-112.814722, ,0.0,0.0,0,0,0,0,0,0,0,0
TF,ETLEM,49.435544,-112.887067,0, ,0.0,0.0,0.0,0.0,2,11500,0,0,0,0,0,0
TF,EBGAL,50.697000,-113.372000,0, ,0.0,0.0,0.0,0.0,3,12000,0,0,0,0,0,0

STAR,ELBOW4,VESDO,4
IF,VESDO,49.977500,-111.317500, ,0.0,0.0,0,0,0,0,0,0,0,0
TF,EBGAL,50.697000,-113.372000,0, ,0.0,0.0,0.0,0.0,3,12000,0,0,0,0,0,0

STAR,ELBOW4,ALL,5
IF,EBGAL,50.697000,-113.372000, ,0.0,0.0,3,12000,0,0,0,0,0,0
TF,TURNY,50.810278,-114.329722,0, ,0.0,0.0,0.0,0.0,0,0,0,0,0,0,0,0

STAR,ELBOW4,17,6
IF,TURNY,50.810278,-114.329722, ,0.0,0.0,0,0,0,0,0,0,0,0
TF,RIGOT,50.929722,-114.533972,0, ,0.0,0.0,0.0,0.0,0,0,0,0,0,0,0,0
TF,NOSAB,51.306033,-114.535619,0, ,0.0,0.0,0.0,0.0,2,7000,0,1,210,0,0,0
FM,NOSAB,51.306033,-114.535619,0,YYC,0.0,0.0,345.0,0,0,0,0,0,0,0,0
CF,MEGMO,51.306200,-114.378928,2,YYC,286.7,22.0,165.0,3.0,2,6100,0,0,0,0,0,0

STAR,ELBOW4,35,6
IF,TURNY,50.810278,-114.329722, ,0.0,0.0,0,0,0,0,0,0,0,0
TF,SEKEM,50.929889,-114.378553,0, ,0.0,0.0,0.0,0.0,2,6000,0,0,0,0,0,0

STAR,KIPEV4,ALSIV,4
IF,ALSIV,51.906333,-114.955500, ,0.0,0.0,0,0,0,0,0,0,0,0
TF,SEKAN,51.797167,-114.832500,0, ,0.0,0.0,0.0,0.0,0,0,0,0,0,0,0,0
TF,AMUNO,51.687500,-114.709500,0, ,0.0,0.0,0.0,0.0,0,0,0,0,0,0,0,0
TF,ADVOX,51.578000,-114.587500,0, ,0.0,0.0,0.0,0.0,3,12000,0,0,0,0,0,0

STAR,KIPEV4,AMUNO,4
IF,AMUNO,51.687500,-114.709500, ,0.0,0.0,0,0,0,0,0,0,0,0
TF,ADVOX,51.578000,-114.587500,0, ,0.0,0.0,0.0,0.0,3,12000,0,0,0,0,0,0

STAR,KIPEV4,MATIR,4
IF,MATIR,52.015500,-115.079500, ,0.0,0.0,0,0,0,0,0,0,0,0
TF,ALSIV,51.906333,-114.955500,0, ,0.0,0.0,0.0,0.0,0,0,0,0,0,0,0,0
TF,SEKAN,51.797167,-114.832500,0, ,0.0,0.0,0.0,0.0,0,0,0,0,0,0,0,0
TF,AMUNO,51.687500,-114.709500,0, ,0.0,0.0,0.0,0.0,0,0,0,0,0,0,0,0
TF,ADVOX,51.578000,-114.587500,0, ,0.0,0.0,0.0,0.0,3,12000,0,0,0,0,0,0

STAR,KIPEV4,SEKAN,4
IF,SEKAN,51.797167,-114.832500, ,0.0,0.0,0,0,0,0,0,0,0,0
TF,AMUNO,51.687500,-114.709500,0, ,0.0,0.0,0.0,0.0,0,0,0,0,0,0,0,0
TF,ADVOX,51.578000,-114.587500,0, ,0.0,0.0,0.0,0.0,3,12000,0,0,0,0,0,0

STAR,KIPEV4,ALL,5
IF,ADVOX,51.578000,-114.587500, ,0.0,0.0,3,12000,0,0,0,0,0,0
TF,KIPEV,51.451756,-114.536264,0, ,0.0,0.0,0.0,0.0,2,8000,0,0,0,0,0,0

STAR,KIPEV4,17,6
IF,KIPEV,51.451756,-114.536264, ,0.0,0.0,2,8000,0,0,0,0,0,0
TF,MEGMO,51.306200,-114.378928,0, ,0.0,0.0,0.0,0.0,2,6100,0,0,0,0,0,0

STAR,KIPEV4,35,6
IF,KIPEV,51.451756,-114.536264, ,0.0,0.0,2,8000,0,0,0,0,0,0
TF,RIGOT,50.929722,-114.533972,0, ,0.0,0.0,0.0,0.0,2,7000,0,1,210,0,0,0
FM,RIGOT,50.929722,-114.533972,0,YYC,0.0,0.0,165.0,0,0,0,0,0,0,0,0
CF,SEKEM,50.929889,-114.378553,1,YYC,224.6,21.9,345.0,3.0,2,6000,0,0,0,0,0,0

STAR,MADYN3,DATAV,4
IF,DATAV,51.565000,-112.861333, ,0.0,0.0,0,0,0,0,0,0,0,0
TF,KELNU,51.520833,-113.062000,0, ,0.0,0.0,0.0,0.0,0,0,0,0,0,0,0,0
TF,BIRKO,51.475833,-113.263667,0, ,0.0,0.0,0.0,0.0,3,12000,0,0,0,0,0,0

STAR,MADYN3,DUDNI,4
IF,DUDNI,52.236667,-112.944500, ,0.0,0.0,0,0,0,0,0,0,0,0
TF,BIRKO,51.475833,-113.263667,0, ,0.0,0.0,0.0,0.0,3,12000,0,0,0,0,0,0

STAR,MADYN3,KELNU,4
IF,KELNU,51.520833,-113.062000, ,0.0,0.0,0,0,0,0,0,0,0,0
TF,BIRKO,51.475833,-113.263667,0, ,0.0,0.0,0.0,0.0,3,12000,0,0,0,0,0,0

STAR,MADYN3,ONBOS,4
IF,ONBOS,51.609167,-112.659500, ,0.0,0.0,0,0,0,0,0,0,0,0
TF,DATAV,51.565000,-112.861333,0, ,0.0,0.0,0.0,0.0,0,0,0,0,0,0,0,0
TF,KELNU,51.520833,-113.062000,0, ,0.0,0.0,0.0,0.0,0,0,0,0,0,0,0,0
TF,BIRKO,51.475833,-113.263667,0, ,0.0,0.0,0.0,0.0,3,12000,0,0,0,0,0,0

STAR,MADYN3,PIKLA,4
IF,PIKLA,51.653000,-112.457833, ,0.0,0.0,0,0,0,0,0,0,0,0
TF,ONBOS,51.609167,-112.659500,0, ,0.0,0.0,0.0,0.0,0,0,0,0,0,0,0,0
TF,DATAV,51.565000,-112.861333,0, ,0.0,0.0,0.0,0.0,0,0,0,0,0,0,0,0
TF,KELNU,51.520833,-113.062000,0, ,0.0,0.0,0.0,0.0,0,0,0,0,0,0,0,0
TF,BIRKO,51.475833,-113.263667,0, ,0.0,0.0,0.0,0.0,3,12000,0,0,0,0,0,0

STAR,MADYN3,UDPAV,4
IF,UDPAV,51.753833,-110.899167, ,0.0,0.0,0,0,0,0,0,0,0,0
TF,BIRKO,51.475833,-113.263667,0, ,0.0,0.0,0.0,0.0,3,12000,0,0,0,0,0,0

STAR,MADYN3,ALL,5
IF,BIRKO,51.475833,-113.263667, ,0.0,0.0,3,12000,0,0,0,0,0,0
TF,MADYN,51.495000,-114.266111,0, ,0.0,0.0,0.0,0.0,2,8000,0,0,0,0,0,0

STAR,MADYN3,17,6
IF,MADYN,51.495000,-114.266111, ,0.0,0.0,2,8000,0,0,0,0,0,0
TF,MEGMO,51.306200,-114.378928,0, ,0.0,0.0,0.0,0.0,2,6100,0,0,0,0,0,0

STAR,MADYN3,35,6
IF,MADYN,51.495000,-114.266111, ,0.0,0.0,2,8000,0,0,0,0,0,0
TF,NOSAB,51.306033,-114.535619,0, ,0.0,0.0,0.0,0.0,0,0,0,0,0,0,0,0
TF,RIGOT,50.929722,-114.533972,0, ,0.0,0.0,0.0,0.0,2,7000,0,1,210,0,0,0
FM,RIGOT,50.929722,-114.533972,0,YYC,0.0,0.0,165.0,0,0,0,0,0,0,0,0
CF,SEKEM,50.929889,-114.378553,1,YYC,224.6,21.9,345.0,3.0,2,6000,0,0,0,0,0,0

APPTR,I35,35,TARTI
PI,TARTI,51.029772,-114.378650,1,YYC,210.0,10.0,165,5.0,2,6800,0,0,0,0,1,0

APPTR,I35,35,YYC
IF,YYC,51.115253,-113.882031, ,0.0,0.0,0,0,0,0,0,0,0,0
TF,TARTI,51.029772,-114.378650,0, ,0.0,0.0,0.0,0.0,2,7000,0,0,0,0,1,0
PI,TARTI,51.029772,-114.378650,1,YYC,210.0,10.0,165,5.0,2,6800,0,0,0,0,0,0

FINAL,I35,35,I,3
IF,CF35,50.929675,-114.378567,IBW,165.0,11.1,2,6800,0,0,0,0,0,0
CF,TARTI,51.029772,-114.378650,0,IBW,165.0,5.1,345.0,6.0,1,5320,0,0,0,0,2,0
CF,RW35,51.098467,-114.378719,0,IBW,165.0,1.0,345.0,4.1,1,3986,0,0,0,0,3,0
VD, ,0,0,0,IBW,0.0,0.0,345.0,1.4,0,0,0,0,0,0,0,0
VI,1, ,0.0,210.0,0,0,0,0,0,0,0,0
CF,BOTAG,51.070278,-114.608611,0,YYC,249.7,27.6,250.0,2.0,1,7000,0,0,0,0,0,0
HM,BOTAG,51.070278,-114.608611,1, ,0.0,0.0,250.0,04.3,0,0,0,1,265,0,0,0,0

APPTR,R17,17,HEMPP
IF,HEMPP,51.524847,-114.615964, ,0.0,0.0,0,0,0,0,0,0,1,0
TF,MEGMO,51.306200,-114.378928,0, ,0.0,0.0,0.0,0.0,2,6000,0,0,0,0,1,0

APPTR,R17,17,OTSEN
IF,OTSEN,51.306178,-114.246139, ,0.0,0.0,0,0,0,1,210,0,1,0
TF,MEGMO,51.306200,-114.378928,0, ,0.0,0.0,0.0,0.0,2,6000,0,0,0,0,1,0

APPTR,R17,17,RIGOT
IF,RIGOT,50.929722,-114.533972, ,0.0,0.0,0,0,0,0,0,0,0,0
TF,NOSAB,51.306033,-114.535619,0, ,0.0,0.0,0.0,0.0,2,7000,0,1,210,0,1,0
TF,MEGMO,51.306200,-114.378928,0, ,0.0,0.0,0.0,0.0,2,6000,0,0,0,0,1,0

FINAL,R17,17,R,4
IF,MEGMO,51.306200,-114.378928, ,0.0,0.0,2,6000,0,0,0,0,0,0
TF,KEMKO,51.217739,-114.378839,0, ,0.0,0.0,165.0,5.3,2,6000,0,0,0,0,2,0
TF,LOPSI,51.167100,-114.378789,0, ,0.0,0.0,165.0,3.1,2,5030,0,0,0,0,0,0
TF,RW17,51.112164,-114.378733,0, ,0.0,0.0,165.0,3.3,1,3980,0,0,0,0,3,1
VA,0,165.0,2,4400,0,0,0,0,0,0
DF,RIGOT,50.929722,-114.533972,0, ,0.0,0.0,1,7000,0,0,0,0,0,1
HM,RIGOT,50.929722,-114.533972,1, ,0.0,0.0,192.0,04.3,0,0,0,1,200,0,0,0,0

APPTR,R35,35,LOBTA
IF,LOBTA,50.929867,-114.246836, ,0.0,0.0,0,0,0,1,210,0,1,0
TF,SEKEM,50.929889,-114.378553,0, ,0.0,0.0,0.0,0.0,2,6000,0,0,0,0,1,0

APPTR,R35,35,RIGOT
IF,RIGOT,50.929722,-114.533972, ,0.0,0.0,0,0,0,1,210,0,1,0
TF,SEKEM,50.929889,-114.378553,0, ,0.0,0.0,0.0,0.0,2,6000,0,0,0,0,1,0

FINAL,R35,35,R,4
IF,SEKEM,50.929889,-114.378553, ,0.0,0.0,2,6000,0,0,0,0,1,0
TF,XUBUM,50.994814,-114.378617,0, ,0.0,0.0,345.0,3.9,2,5970,0,0,0,0,0,0
TF,TARTI,51.029772,-114.378650,0, ,0.0,0.0,345.0,2.1,2,5300,0,0,0,0,2,0
TF,RW35,51.098467,-114.378719,0, ,0.0,0.0,345.0,4.1,1,3985,0,0,0,0,3,1
VA,0,345.0,2,4400,0,0,0,0,0,0
DF,RIGOT,50.929722,-114.533972,1, ,0.0,0.0,1,7000,0,1,185,0,0,1
HM,RIGOT,50.929722,-114.533972,1, ,0.0,0.0,192.0,04.3,0,0,0,1,200,0,0,0,0

