APPTR,N08-A,08,CA
PI,CA,53.709061,-57.021006,2,CA,360.0,10.0,045,5.0,2,1800,0,0,0,0,0,0
CF,CA,53.709061,-57.021006,0,CA,0.0,0.0,225.0,8.0,2,1300,0,0,0,0,0,0

FINAL,N08-A,08,N,2
IF,CA,53.709061,-57.021006,CA,0.0,0.0,2,1300,0,0,0,0,2,0
CF,MA225,53.686811,-57.038633,0,CA,0.0,0.0,225.0,1.5,1,840,0,0,0,0,3,0
CA,0,225.0,2,2200,0,0,0,0,0,0
DF,CA,53.709061,-57.021006,2, ,0.0,0.0,1,3600,0,0,0,0,0,0
HM,CA,53.709061,-57.021006,2, ,0.0,0.0,225.0,04.3,0,0,0,0,0,0,0,0,0

APPTR,N26-A,26,CA
PI,CA,53.709061,-57.021006,2,CA,360.0,10.0,045,5.0,2,1800,0,0,0,0,0,0
CF,CA,53.709061,-57.021006,0,CA,0.0,0.0,225.0,8.0,2,1300,0,0,0,0,0,0

FINAL,N26-A,26,N,2
IF,CA,53.709061,-57.021006,CA,0.0,0.0,2,1300,0,0,0,0,2,0
CF,MA225,53.686811,-57.038633,0,CA,0.0,0.0,225.0,1.5,1,840,0,0,0,0,3,0
CA,0,225.0,2,2200,0,0,0,0,0,0
DF,CA,53.709061,-57.021006,2, ,0.0,0.0,1,3600,0,0,0,0,0,0
HM,CA,53.709061,-57.021006,2, ,0.0,0.0,225.0,04.3,0,0,0,0,0,0,0,0,0

APPTR,R08,08,BITLU
IF,BITLU,53.502539,-57.265972, ,0.0,0.0,0,0,0,1,210,0,1,0
TF,NADVU,53.585308,-57.280181,0, ,0.0,0.0,0.0,0.0,2,1800,0,0,0,0,1,0

APPTR,R08,08,PIDGO
IF,PIDGO,53.614558,-57.411125, ,0.0,0.0,0,0,0,1,210,0,1,0
TF,NADVU,53.585308,-57.280181,0, ,0.0,0.0,0.0,0.0,2,1800,0,0,0,0,1,0

FINAL,R08,08,R,4
IF,NADVU,53.585308,-57.280181, ,0.0,0.0,2,1800,0,0,0,0,0,0
TF,KEBLU,53.641911,-57.141869,0, ,0.0,0.0,75.0,6.0,2,1350,0,0,0,0,2,0
TF,GABEB,53.655094,-57.109542,0, ,0.0,0.0,75.0,1.4,2,900,0,0,0,0,0,0
TF,RW08,53.679558,-57.049456,0, ,0.0,0.0,75.0,2.6,1,76,0,0,0,0,3,1
TF,GOROB,53.724483,-56.938719,0, ,0.0,0.0,0.0,0.0,1,2000,0,0,0,0,0,1
HM,GOROB,53.724483,-56.938719,2, ,0.0,0.0,75.0,04.3,2,2000,0,1,250,0,0,0,0

APPTR,R26,26,IGTUP
IF,IGTUP,53.711856,-56.720656, ,0.0,0.0,0,0,0,1,210,0,1,0
TF,BOMUK,53.780689,-56.799494,0, ,0.0,0.0,0.0,0.0,2,1600,0,0,0,0,1,0

APPTR,R26,26,LIDEM
IF,LIDEM,53.849469,-56.878592, ,0.0,0.0,0,0,0,1,210,0,1,0
TF,BOMUK,53.780689,-56.799494,0, ,0.0,0.0,0.0,0.0,2,1800,0,0,0,0,1,0

FINAL,R26,26,R,5
IF,BOMUK,53.780689,-56.799494, ,0.0,0.0,2,1600,0,0,0,0,0,0
TF,GOROB,53.724483,-56.938719,0, ,0.0,0.0,256.0,6.0,2,1300,0,0,0,0,2,0
TF,NAKRI,53.711950,-56.969664,0, ,0.0,0.0,256.0,1.3,2,1200,0,0,0,0,0,0
TF,LEPUK,53.702561,-56.992819,0, ,0.0,0.0,256.0,1.0,2,800,0,0,0,0,0,0
TF,RW26,53.685650,-57.034469,0, ,0.0,0.0,256.0,1.8,1,83,0,0,0,0,3,1
TF,KEBLU,53.641911,-57.141869,0, ,0.0,0.0,0.0,0.0,1,2000,0,0,0,0,0,1
HM,KEBLU,53.641911,-57.141869,1, ,0.0,0.0,256.0,04.3,2,2000,0,1,250,0,0,0,0

