APPTR,R10,10,EBLAV
IF,EBLAV,43.204769,-81.722333, ,0.0,0.0,0,0,0,0,0,0,1,0
TF,DUXIX,43.288078,-81.718664,0, ,0.0,0.0,0.0,0.0,2,2200,0,0,0,0,1,0

APPTR,R10,10,KEGPA
IF,KEGPA,43.371383,-81.714983, ,0.0,0.0,0,0,0,0,0,0,1,0
TF,DUXIX,43.288078,-81.718664,0, ,0.0,0.0,0.0,0.0,2,2200,0,0,0,0,1,0

FINAL,R10,10,R,3
IF,DUXIX,43.288078,-81.718664, ,0.0,0.0,2,2200,0,0,0,0,1,0
TF,ALPUG,43.285536,-81.604622,0, ,0.0,0.0,101.0,5.0,2,2100,0,0,0,0,2,0
TF,RW10,43.283481,-81.515797,0, ,0.0,0.0,101.0,3.9,1,848,0,0,0,0,3,1
TF,NOXON,43.280175,-81.378969,0, ,0.0,0.0,0.0,0.0,1,3000,0,0,0,0,0,1
HM,NOXON,43.280175,-81.378969,2, ,0.0,0.0,101.0,04.3,0,0,0,1,230,0,0,0,0

APPTR,R28,28,EBMUS
IF,EBMUS,43.194786,-81.299669, ,0.0,0.0,0,0,0,0,0,0,1,0
TF,KINAT,43.278092,-81.295972,0, ,0.0,0.0,0.0,0.0,2,2400,0,0,0,0,1,0

APPTR,R28,28,NUBAK
IF,NUBAK,43.361397,-81.292267, ,0.0,0.0,0,0,0,0,0,0,1,0
TF,KINAT,43.278092,-81.295972,0, ,0.0,0.0,0.0,0.0,2,2400,0,0,0,0,1,0

FINAL,R28,28,R,3
IF,KINAT,43.278092,-81.295972, ,0.0,0.0,2,2400,0,0,0,0,1,0
TF,IRKUD,43.280939,-81.409986,0, ,0.0,0.0,281.0,5.0,2,2100,0,0,0,0,2,0
TF,RW28,43.283036,-81.496981,0, ,0.0,0.0,281.0,3.8,1,874,0,0,0,0,3,1
VA,0,281.0,2,2000,0,0,0,0,0,0
DF,NUBAK,43.361397,-81.292267,2, ,0.0,0.0,1,3000,0,0,0,0,0,1
HM,NUBAK,43.361397,-81.292267,2, ,0.0,0.0,191.0,04.3,0,0,0,1,230,0,0,0,0

