SID,ITBUG1,26,5
DF,OVBET,53.480461,-113.947144,0, ,0.0,0.0,0,0,0,0,0,0,0,1
DF,ITBUG,53.429931,-114.226767,0, ,0.0,0.0,2,4000,0,0,0,0,0,0

APPTR,R08-X,08,ITBUG
IF,ITBUG,53.429931,-114.226767, ,0.0,0.0,1,4400,0,1,200,0,1,0
TF,XUDIV,53.487633,-114.090244,0, ,0.0,0.0,0.0,0.0,1,3800,0,1,180,0,1,0

FINAL,R08-X,08,R,3
IF,XUDIV,53.487633,-114.090244, ,0.0,0.0,1,3800,0,1,180,0,1,0
TF,IKMAB,53.479247,-113.923447,0, ,0.0,0.0,80.0,6.0,2,3400,0,0,0,0,2,0
TF,KEGLU,53.476078,-113.861553,0, ,0.0,0.0,80.0,2.2,1,2685,0,0,0,0,3,1
CA,0,80.0,2,2800,0,0,0,0,0,0
DF,ITBUG,53.429931,-114.226767,1, ,0.0,0.0,1,4000,0,1,130,0,0,1
HM,ITBUG,53.429931,-114.226767,2, ,0.0,0.0,40.0,07,0,0,0,1,265,0,0,0,0

APPTR,R08-Y,08,ITBUG
IF,ITBUG,53.429931,-114.226767, ,0.0,0.0,1,4400,0,1,200,0,1,0
TF,XUDIV,53.487633,-114.090244,0, ,0.0,0.0,0.0,0.0,1,3800,0,1,180,0,1,0

FINAL,R08-Y,08,R,3
IF,XUDIV,53.487633,-114.090244, ,0.0,0.0,1,3800,0,1,180,0,1,0
TF,IKMAB,53.479247,-113.923447,0, ,0.0,0.0,80.0,6.0,2,3400,0,0,0,0,2,0
TF,RW08,53.474642,-113.833764,0, ,0.0,0.0,80.0,3.2,1,2363,0,0,0,0,3,1
CA,0,80.0,2,3000,0,0,0,0,0,0
DF,URTEM,53.567108,-113.214933,0, ,0.0,0.0,1,4200,0,1,165,0,0,1
HM,URTEM,53.567108,-113.214933,2, ,0.0,0.0,255.0,07,0,0,0,1,265,0,0,0,0

APPTR,R08-Z,08,ITBUG
IF,ITBUG,53.429931,-114.226767, ,0.0,0.0,1,4400,0,1,200,0,1,0
TF,XUDIV,53.487633,-114.090244,0, ,0.0,0.0,0.0,0.0,1,3800,0,1,180,0,1,0

FINAL,R08-Z,08,R,3
IF,XUDIV,53.487633,-114.090244, ,0.0,0.0,1,3800,0,1,180,0,1,0
TF,IKMAB,53.479247,-113.923447,0, ,0.0,0.0,80.0,6.0,2,3400,0,0,0,0,2,0
TF,RW08,53.474642,-113.833764,0, ,0.0,0.0,80.0,3.2,1,2363,0,0,0,0,3,1
CA,0,80.0,2,2900,0,0,0,0,0,0
DF,ITBUG,53.429931,-114.226767,1, ,0.0,0.0,1,4000,0,1,130,0,0,1
HM,ITBUG,53.429931,-114.226767,2, ,0.0,0.0,40.0,07,0,0,0,1,265,0,0,0,0

APPTR,R26,26,NUDES
IF,NUDES,53.553114,-113.580178, ,0.0,0.0,2,4500,0,1,200,0,1,0
TF,USBUP,53.461964,-113.594003,0, ,0.0,0.0,0.0,0.0,1,4500,0,1,180,0,1,0

FINAL,R26,26,R,3
IF,USBUP,53.461964,-113.594003, ,0.0,0.0,1,4500,0,1,180,0,1,0
TF,KIRED,53.469369,-113.732883,0, ,0.0,0.0,260.0,5.0,2,3400,0,0,0,0,2,0
TF,RW26,53.473767,-113.816856,0, ,0.0,0.0,260.0,3.0,1,2365,0,0,0,0,3,1
CA,0,260.0,2,3500,0,0,0,0,0,0
DF,ITBUG,53.429931,-114.226767,0, ,0.0,0.0,1,4000,0,1,165,0,0,1
HM,ITBUG,53.429931,-114.226767,2, ,0.0,0.0,40.0,07,0,0,0,1,265,0,0,0,0

