SID,EPREL2,34,5
DF,TAGAK,47.563622,-68.594694,0, ,0.0,0.0,0,0,0,0,0,0,0,0
TF,EPREL,47.678972,-68.772436,0, ,0.0,0.0,0.0,0.0,2,3500,0,0,0,0,0,0

APPTR,R16,16,ALISU
IF,ALISU,47.686947,-68.595950, ,0.0,0.0,0,0,0,1,200,0,1,0
TF,IGTOG,47.623289,-68.686486,0, ,0.0,0.0,0.0,0.0,2,2700,0,1,180,0,1,0

APPTR,R16,16,EBGIR
IF,EBGIR,47.559561,-68.776800, ,0.0,0.0,0,0,0,1,200,0,1,0
TF,IGTOG,47.623289,-68.686486,0, ,0.0,0.0,0.0,0.0,2,2700,0,1,180,0,1,0

FINAL,R16,16,R,3
IF,IGTOG,47.623289,-68.686486, ,0.0,0.0,2,2700,0,1,180,0,1,0
TF,DEDEL,47.554033,-68.579972,0, ,0.0,0.0,151.0,6.0,2,2200,0,0,0,0,2,0
TF,RW16,47.494281,-68.488422,0, ,0.0,0.0,151.0,5.2,1,530,0,0,0,0,3,1
TF,ONDEP,47.413256,-68.364794,0, ,0.0,0.0,0.0,0.0,1,3500,0,0,0,0,0,1
HM,ONDEP,47.413256,-68.364794,2, ,0.0,0.0,152.0,04.3,0,0,0,0,0,0,0,0,0

APPTR,R34,34,KELTU
IF,KELTU,47.454519,-68.177017, ,0.0,0.0,0,0,0,1,200,0,1,0
TF,ALRUK,47.381478,-68.250083,0, ,0.0,0.0,0.0,0.0,2,3000,0,1,180,0,1,0

APPTR,R34,34,OBNOD
IF,OBNOD,47.308389,-68.322947, ,0.0,0.0,0,0,0,1,200,0,1,0
TF,ALRUK,47.381478,-68.250083,0, ,0.0,0.0,0.0,0.0,2,3000,0,1,180,0,1,0

FINAL,R34,34,R,5
IF,ALRUK,47.381478,-68.250083, ,0.0,0.0,2,3000,0,1,180,0,1,0
TF,LEVUV,47.437517,-68.371994,0, ,0.0,0.0,322.0,6.0,2,2400,0,0,0,0,2,0
TF,VOBES,47.455228,-68.410642,0, ,0.0,0.0,322.0,1.9,2,1710,0,0,0,0,0,0
TF,EMKOB,47.464547,-68.431000,0, ,0.0,0.0,322.0,1.0,2,1340,0,0,0,0,0,0
TF,SAXOK,47.485039,-68.475811,0, ,0.0,0.0,322.0,2.2,1,545,0,0,0,0,3,1
TF,NOREB,47.550122,-68.618628,0, ,0.0,0.0,0.0,0.0,1,3500,0,0,0,0,0,1
HM,NOREB,47.550122,-68.618628,2, ,0.0,0.0,321.0,04.3,0,0,0,0,0,0,0,0,0

