APPTR,I35,35,LEXOB
PI,LEXOB,57.179667,-110.976739,1,YMM,210.0,10.0,165,5.0,2,3500,0,0,0,0,0,0

APPTR,I35,35,YMM
IF,YMM,56.647672,-111.122467, ,0.0,0.0,0,0,0,0,0,0,0,0
CF,ROTKI,57.013361,-110.976853,0,ISR,165.0,16.5,357.0,22.5,2,3500,0,0,0,0,1,0

FINAL,I35,35,I,3
IF,ROTKI,57.013361,-110.976853,ISR,165.0,16.5,2,3500,0,0,0,0,0,0
CF,LEXOB,57.179667,-110.976739,0,ISR,165.0,6.5,345.0,10.0,1,3490,0,0,0,0,2,0
CF,RW35,57.266294,-110.976681,0,ISR,165.0,1.3,345.0,5.2,1,1807,0,0,0,0,3,0
VA,0,345.0,2,3500,0,0,0,0,0,0
DF,1L,57.280661,-110.972233,2, ,0.0,0.0,1,3500,0,0,0,0,0,0
HM,1L,57.280661,-110.972233,1, ,0.0,0.0,345.0,04.3,0,0,0,1,200,0,0,0,0

APPTR,R17,17,SEKIK
IF,SEKIK,56.925000,-111.920000, ,0.0,0.0,0,0,0,0,0,0,0,0
TF,LIBEP,57.476558,-111.130889,0, ,0.0,0.0,0.0,0.0,2,4000,0,1,210,0,1,0
TF,APGAG,57.476622,-110.976539,0, ,0.0,0.0,0.0,0.0,2,3500,0,1,180,0,1,0

APPTR,R17,17,TULAG
IF,TULAG,56.698478,-107.890664, ,0.0,0.0,0,0,0,0,0,0,0,0
TF,IGTIP,57.476497,-110.822189,0, ,0.0,0.0,0.0,0.0,2,4000,0,1,210,0,1,0
TF,APGAG,57.476622,-110.976539,0, ,0.0,0.0,0.0,0.0,2,3500,0,1,180,0,1,0

FINAL,R17,17,R,3
IF,APGAG,57.476622,-110.976539, ,0.0,0.0,2,3500,0,1,180,0,1,0
TF,PIGVA,57.376844,-110.976606,0, ,0.0,0.0,165.0,6.0,2,3500,0,0,0,0,2,0
TF,RW17,57.285153,-110.976669,0, ,0.0,0.0,165.0,5.5,1,1744,0,0,0,0,3,1
TF,MUVEL,57.202000,-110.976725,0, ,0.0,0.0,0.0,0.0,1,3500,0,0,0,0,0,1
HM,MUVEL,57.202000,-110.976725,1, ,0.0,0.0,165.0,04.3,0,0,0,0,0,0,0,0,0

APPTR,R35,35,SEKIK
IF,SEKIK,56.925000,-111.920000, ,0.0,0.0,0,0,0,0,0,0,0,0
TF,KITIN,57.078303,-111.129503,0, ,0.0,0.0,0.0,0.0,2,4000,0,1,210,0,1,0
TF,DAVLI,57.078367,-110.976808,0, ,0.0,0.0,0.0,0.0,2,3500,0,1,180,0,1,0

APPTR,R35,35,TULAG
IF,TULAG,56.698478,-107.890664, ,0.0,0.0,0,0,0,0,0,0,0,0
TF,UBTUR,57.078244,-110.824114,0, ,0.0,0.0,0.0,0.0,2,4000,0,1,210,0,1,0
TF,DAVLI,57.078367,-110.976808,0, ,0.0,0.0,0.0,0.0,2,3500,0,1,180,0,1,0

FINAL,R35,35,R,4
IF,DAVLI,57.078367,-110.976808, ,0.0,0.0,2,3500,0,1,180,0,1,0
TF,AXOVA,57.178150,-110.976742,0, ,0.0,0.0,345.0,6.0,2,3500,0,0,0,0,2,0
TF,DUVET,57.226381,-110.976708,0, ,0.0,0.0,345.0,2.9,2,2580,0,0,0,0,0,0
TF,RW35,57.266294,-110.976681,0, ,0.0,0.0,345.0,2.4,1,1812,0,0,0,0,3,1
TF,SEBUR,57.366072,-110.976614,0, ,0.0,0.0,0.0,0.0,1,3500,0,0,0,0,0,1
HM,SEBUR,57.366072,-110.976614,2, ,0.0,0.0,345.0,04.3,0,0,0,0,0,0,0,0,0

