APPTR,R08,08,KAVLI
IF,KAVLI,50.125561,-63.803747, ,0.0,0.0,0,0,0,1,210,0,1,0
TF,VOGAV,50.199797,-63.862397,0, ,0.0,0.0,0.0,0.0,2,1600,0,0,0,0,1,0

APPTR,R08,08,MIRUX
IF,MIRUX,50.273878,-63.921606, ,0.0,0.0,0,0,0,1,210,0,1,0
TF,VOGAV,50.199797,-63.862397,0, ,0.0,0.0,0.0,0.0,2,1600,0,0,0,0,1,0

FINAL,R08,08,R,3
IF,VOGAV,50.199797,-63.862397, ,0.0,0.0,2,1600,0,0,0,0,1,0
TF,EMBEP,50.245006,-63.724486,0, ,0.0,0.0,81.0,6.0,2,1600,0,0,0,0,2,0
TF,RW08,50.279150,-63.619814,0, ,0.0,0.0,81.0,4.5,1,160,0,0,0,0,3,1
TF,SIBSO,50.316797,-63.503900,0, ,0.0,0.0,0.0,0.0,1,1700,0,0,0,0,0,1
HM,SIBSO,50.316797,-63.503900,2, ,0.0,0.0,81.0,04.3,0,0,0,0,0,0,0,0,0

APPTR,R26,26,AGMUN
IF,AGMUN,50.288975,-63.301400, ,0.0,0.0,0,0,0,1,210,0,1,0
TF,OTSAB,50.363217,-63.360222,0, ,0.0,0.0,0.0,0.0,2,1800,0,0,0,0,1,0

APPTR,R26,26,ITPEV
IF,ITPEV,50.437550,-63.418853, ,0.0,0.0,0,0,0,1,210,0,1,0
TF,OTSAB,50.363217,-63.360222,0, ,0.0,0.0,0.0,0.0,2,1800,0,0,0,0,1,0

FINAL,R26,26,R,3
IF,OTSAB,50.363217,-63.360222, ,0.0,0.0,2,1800,0,0,0,0,1,0
TF,MIDGI,50.318414,-63.498908,0, ,0.0,0.0,261.0,6.0,2,1600,0,0,0,0,2,0
TF,RW26,50.284731,-63.602664,0, ,0.0,0.0,261.0,4.5,1,175,0,0,0,0,3,1
TF,UKMOR,50.246986,-63.718422,0, ,0.0,0.0,0.0,0.0,1,1700,0,0,0,0,0,1
HM,UKMOR,50.246986,-63.718422,1, ,0.0,0.0,261.0,04.3,0,0,0,0,0,0,0,0,0

