SID,CYHM9,06,1
VA,0,59.0,2,3000,0,0,0,0,0,0
VM,0,0,0,59.0,0,0,0,0,0,0,0,0

SID,CYHM9,12,1
CA,0,117.0,2,3000,0,0,0,0,0,0
VM,0,0,0,117.0,0,0,0,0,0,0,0,0

SID,CYHM9,24,1
VA,0,239.0,2,3000,0,0,0,0,0,0
VM,0,0,0,239.0,0,0,0,0,0,0,0,0

SID,MUNR2,30,2
VA,0,297.0,2,1300,0,0,0,0,0,0
VA,0,260.0,2,4000,0,0,0,0,0,0
VM,0,0,0,260.0,0,0,0,0,0,0,0,0

STAR,AVSOX2,06,6
IF,AVSOX,43.071083,-80.615800, ,0.0,0.0,0,0,0,0,0,0,0,0
TF,DAXAT,43.056692,-80.105614,0, ,0.0,0.0,0.0,0.0,2,3000,0,0,0,0,0,0

STAR,AVSOX2,12,6
IF,AVSOX,43.071083,-80.615800, ,0.0,0.0,0,0,0,0,0,0,0,0
TF,APGOM,43.225031,-80.150156,0, ,0.0,0.0,0.0,0.0,2,3000,0,0,0,0,0,0

STAR,AVSOX2,24,6
IF,AVSOX,43.071083,-80.615800, ,0.0,0.0,0,0,0,0,0,0,0,0
TF,APGOM,43.225031,-80.150156,0, ,0.0,0.0,0.0,0.0,2,3000,0,0,0,0,0,0
TF,BIMKI,43.266692,-79.951772,0, ,0.0,0.0,0.0,0.0,0,0,0,0,0,0,0,0
TF,UDMIK,43.350131,-79.821275,0, ,0.0,0.0,0.0,0.0,2,3000,0,1,210,0,0,0
FM,UDMIK,43.350131,-79.821275,0,YYZ,0.0,0.0,59.0,0,0,0,0,0,0,0,0

STAR,AVSOX2,30,6
IF,AVSOX,43.071083,-80.615800, ,0.0,0.0,0,0,0,0,0,0,0,0
TF,DAXAT,43.056692,-80.105614,0, ,0.0,0.0,0.0,0.0,2,3000,0,0,0,0,0,0
TF,KEDBU,43.044917,-79.740636,0, ,0.0,0.0,0.0,0.0,2,3000,0,1,210,0,0,0
TF,OTPOK,43.015025,-79.610525,0, ,0.0,0.0,0.0,0.0,0,0,0,0,0,0,0,0
FM,OTPOK,43.015025,-79.610525,0,YYZ,0.0,0.0,117.0,0,0,0,0,0,0,0,0

STAR,COLTS7,06,6
IF,COLTS,42.963781,-79.320858, ,0.0,0.0,0,0,0,0,0,0,0,0
TF,IGTUT,42.994111,-80.030569,0, ,0.0,0.0,0.0,0.0,2,3000,0,1,210,0,0,0
TF,AVTEG,42.928028,-80.132806,0, ,0.0,0.0,0.0,0.0,0,0,0,0,0,0,0,0
FM,AVTEG,42.928028,-80.132806,0,YYZ,0.0,0.0,239.0,0,0,0,0,0,0,0,0

STAR,COLTS7,12,6
IF,COLTS,42.963781,-79.320858, ,0.0,0.0,0,0,0,0,0,0,0,0
TF,BOVUG,43.080472,-79.896414,0, ,0.0,0.0,0.0,0.0,0,0,0,0,0,0,0,0
TF,VIXOM,43.145342,-80.183556,0, ,0.0,0.0,0.0,0.0,2,3000,0,1,210,0,0,0
FM,VIXOM,43.145342,-80.183556,0,YYZ,0.0,0.0,297.0,0,0,0,0,0,0,0,0

STAR,COLTS7,24,6
IF,COLTS,42.963781,-79.320858, ,0.0,0.0,0,0,0,0,0,0,0,0
TF,EBKAG,43.123944,-79.551592,0, ,0.0,0.0,0.0,0.0,0,0,0,0,0,0,0,0
TF,NOPOP,43.224550,-79.671203,0, ,0.0,0.0,0.0,0.0,2,3000,0,1,210,0,0,0
TF,XOXUS,43.290214,-79.567978,0, ,0.0,0.0,0.0,0.0,0,0,0,0,0,0,0,0
FM,XOXUS,43.290214,-79.567978,0,YYZ,0.0,0.0,59.0,0,0,0,0,0,0,0,0

STAR,COLTS7,30,6
IF,COLTS,42.963781,-79.320858, ,0.0,0.0,0,0,0,0,0,0,0,0
TF,DELVA,43.124475,-79.706714,0, ,0.0,0.0,0.0,0.0,2,3000,0,1,210,0,0,0

STAR,TIKUM2,06,6
IF,TIKUM,42.926528,-79.949767, ,0.0,0.0,0,0,0,0,0,0,0,0
TF,DAXAT,43.056692,-80.105614,0, ,0.0,0.0,0.0,0.0,2,3000,0,0,0,0,0,0

STAR,TIKUM2,12,6
IF,TIKUM,42.926528,-79.949767, ,0.0,0.0,0,0,0,0,0,0,0,0
TF,DAXAT,43.056692,-80.105614,0, ,0.0,0.0,0.0,0.0,2,3000,0,0,0,0,0,0
TF,LEVEX,43.119222,-80.180811,0, ,0.0,0.0,0.0,0.0,2,3000,0,1,210,0,0,0
TF,PIBRU,43.143353,-80.288536,0, ,0.0,0.0,0.0,0.0,0,0,0,0,0,0,0,0
FM,PIBRU,43.143353,-80.288536,0,YYZ,0.0,0.0,297.0,0,0,0,0,0,0,0,0

STAR,TIKUM2,24,6
IF,TIKUM,42.926528,-79.949767, ,0.0,0.0,0,0,0,0,0,0,0,0
TF,DAXAT,43.056692,-80.105614,0, ,0.0,0.0,0.0,0.0,2,3000,0,0,0,0,0,0
TF,BIMKI,43.266692,-79.951772,0, ,0.0,0.0,0.0,0.0,0,0,0,0,0,0,0,0
TF,UDMIK,43.350131,-79.821275,0, ,0.0,0.0,0.0,0.0,2,3000,0,1,210,0,0,0
FM,UDMIK,43.350131,-79.821275,0,YYZ,0.0,0.0,59.0,0,0,0,0,0,0,0,0

STAR,TIKUM2,30,6
IF,TIKUM,42.926528,-79.949767, ,0.0,0.0,0,0,0,0,0,0,0,0
TF,KEDBU,43.044917,-79.740636,0, ,0.0,0.0,0.0,0.0,2,3000,0,1,210,0,0,0
TF,OTPOK,43.015025,-79.610525,0, ,0.0,0.0,0.0,0.0,0,0,0,0,0,0,0,0
FM,OTPOK,43.015025,-79.610525,0,YYZ,0.0,0.0,117.0,0,0,0,0,0,0,0,0

STAR,UDMIK3,06,6
IF,YYZ,43.658019,-79.631431, ,0.0,0.0,0,0,0,0,0,0,0,0
TF,UDMIK,43.350131,-79.821275,0, ,0.0,0.0,0.0,0.0,0,0,0,0,0,0,0,0
TF,BIMKI,43.266692,-79.951772,0, ,0.0,0.0,0.0,0.0,0,0,0,0,0,0,0,0
TF,LEVEX,43.119222,-80.180811,0, ,0.0,0.0,0.0,0.0,2,3000,0,1,210,0,0,0
FM,LEVEX,43.119222,-80.180811,0,YYZ,0.0,0.0,239.0,0,0,0,0,0,0,0,0

STAR,UDMIK3,12,6
IF,YYZ,43.658019,-79.631431, ,0.0,0.0,0,0,0,0,0,0,0,0
TF,UDMIK,43.350131,-79.821275,0, ,0.0,0.0,0.0,0.0,0,0,0,0,0,0,0,0
TF,BIMKI,43.266692,-79.951772,0, ,0.0,0.0,0.0,0.0,0,0,0,0,0,0,0,0
TF,SAXIL,43.303922,-80.117000,0, ,0.0,0.0,0.0,0.0,2,3000,0,1,210,0,0,0
FM,SAXIL,43.303922,-80.117000,0,YYZ,0.0,0.0,297.0,0,0,0,0,0,0,0,0

STAR,UDMIK3,24,6
IF,YYZ,43.658019,-79.631431, ,0.0,0.0,0,0,0,0,0,0,0,0
TF,MUXIG,43.287367,-79.746161,0, ,0.0,0.0,0.0,0.0,2,3000,0,0,0,0,0,0

STAR,UDMIK3,30,6
IF,YYZ,43.658019,-79.631431, ,0.0,0.0,0,0,0,0,0,0,0,0
TF,MUXIG,43.287367,-79.746161,0, ,0.0,0.0,0.0,0.0,2,3000,0,0,0,0,0,0
TF,OTROX,43.204022,-79.672703,0, ,0.0,0.0,0.0,0.0,2,3000,0,1,210,0,0,0
TF,ROVMU,43.174056,-79.542289,0, ,0.0,0.0,0.0,0.0,0,0,0,0,0,0,0,0
FM,ROVMU,43.174056,-79.542289,0,YYZ,0.0,0.0,117.0,0,0,0,0,0,0,0,0

APPTR,I12,12,SAXIL
IF,SAXIL,43.303922,-80.117000, ,0.0,0.0,2,3000,0,1,210,0,1,0
TF,APGOM,43.225031,-80.150156,0,IAB,0.0,0.0,0.0,0.0,2,3000,0,1,200,0,1,0

APPTR,I12,12,SEFBY
IF,SEFBY,43.246283,-80.245064, ,0.0,0.0,0,0,0,0,0,0,1,0
TF,APGOM,43.225031,-80.150156,0,IAB,0.0,0.0,0.0,0.0,2,3000,0,1,200,0,1,0

APPTR,I12,12,VIXOM
IF,VIXOM,43.145342,-80.183556, ,0.0,0.0,2,3000,0,1,210,0,1,0
TF,APGOM,43.225031,-80.150156,0,IAB,0.0,0.0,0.0,0.0,2,3000,0,1,200,0,1,0

FINAL,I12,12,I,3
IF,APGOM,43.225031,-80.150156,IAB,297.2,10.8,2,3000,0,1,200,0,0,0
CF,XULRI,43.200578,-80.041481,0,IAB,297.2,5.8,117.0,5.0,1,2220,0,0,0,0,2,0
CF,RW12,43.179272,-79.947236,0,IAB,297.2,1.5,117.0,4.3,1,826,0,0,0,0,3,0
VA,0,117.0,2,3000,0,0,0,0,0,0
VM,0,0,0,117.0,0,0,0,0,0,0,0,0

APPTR,L30,30,KEDBU
IF,KEDBU,43.044917,-79.740636, ,0.0,0.0,0,0,0,1,210,0,1,0
TF,DELVA,43.124475,-79.706714,0,IER,0.0,0.0,0.0,0.0,2,2800,0,0,0,0,1,0

APPTR,L30,30,OTROX
IF,OTROX,43.204022,-79.672703, ,0.0,0.0,0,0,0,1,210,0,1,0
TF,DELVA,43.124475,-79.706714,0,IER,0.0,0.0,0.0,0.0,2,2800,0,0,0,0,1,0

FINAL,L30,30,D,3
IF,DELVA,43.124475,-79.706714,IER,117.2,11.5,2,2800,0,0,0,0,0,0
CF,XUGSO,43.144239,-79.793192,0,IER,117.2,7.5,297.0,4.0,2,2630,0,0,0,0,2,0
CF,RW30,43.172453,-79.917164,0,IER,117.2,1.8,297.0,5.7,1,816,0,0,0,0,3,0
VA,0,297.0,2,3000,0,0,0,0,0,0
VM,0,0,0,297.0,0,0,0,0,0,0,0,0

APPTR,R06-Z,06,IGTUT
IF,IGTUT,42.994111,-80.030569, ,0.0,0.0,0,0,0,1,210,0,1,0
TF,DAXAT,43.056692,-80.105614,0, ,0.0,0.0,0.0,0.0,2,2300,0,0,0,0,1,0

APPTR,R06-Z,06,LEVEX
IF,LEVEX,43.119222,-80.180811, ,0.0,0.0,0,0,0,1,210,0,1,0
TF,DAXAT,43.056692,-80.105614,0, ,0.0,0.0,0.0,0.0,2,2300,0,0,0,0,1,0

FINAL,R06-Z,06,R,3
IF,DAXAT,43.056692,-80.105614, ,0.0,0.0,2,2300,0,0,0,0,1,0
TF,VIBKA,43.119117,-80.008781,0, ,0.0,0.0,59.0,5.7,2,2200,0,0,0,0,2,0
TF,RW06,43.166736,-79.934694,0, ,0.0,0.0,59.0,4.3,1,821,0,0,0,0,3,1
TF,MUXIG,43.287367,-79.746161,0, ,0.0,0.0,0.0,0.0,1,3100,0,0,0,0,0,1
HM,MUXIG,43.287367,-79.746161,2, ,0.0,0.0,59.0,04.3,0,0,0,1,230,0,0,0,0

APPTR,R12-Z,12,SAXIL
IF,SAXIL,43.303922,-80.117000, ,0.0,0.0,2,3000,0,1,210,0,1,0
TF,APGOM,43.225031,-80.150156,0, ,0.0,0.0,0.0,0.0,2,3000,0,1,200,0,1,0

APPTR,R12-Z,12,SEFBY
IF,SEFBY,43.246283,-80.245064, ,0.0,0.0,0,0,0,0,0,0,1,0
TF,APGOM,43.225031,-80.150156,0, ,0.0,0.0,0.0,0.0,2,3000,0,1,200,0,1,0

APPTR,R12-Z,12,VIXOM
IF,VIXOM,43.145342,-80.183556, ,0.0,0.0,2,3000,0,1,210,0,1,0
TF,APGOM,43.225031,-80.150156,0, ,0.0,0.0,0.0,0.0,2,3000,0,1,200,0,1,0

FINAL,R12-Z,12,R,3
IF,APGOM,43.225031,-80.150156, ,0.0,0.0,2,3000,0,1,200,0,1,0
TF,IGTIG,43.200503,-80.041156,0, ,0.0,0.0,117.0,5.0,2,2200,0,0,0,0,2,0
TF,RW12,43.179272,-79.947236,0, ,0.0,0.0,117.0,4.3,1,826,0,0,0,0,3,1
TF,NORAG,43.154572,-79.838481,0, ,0.0,0.0,0.0,0.0,1,2800,0,0,0,0,0,1
HM,NORAG,43.154572,-79.838481,2, ,0.0,0.0,117.0,04.3,0,0,0,1,230,0,0,0,0

APPTR,R24-Z,24,NOPOP
IF,NOPOP,43.224550,-79.671203, ,0.0,0.0,0,0,0,1,210,0,1,0
TF,MUXIG,43.287367,-79.746161,0, ,0.0,0.0,0.0,0.0,2,2500,0,0,0,0,1,0

APPTR,R24-Z,24,UDMIK
IF,UDMIK,43.350131,-79.821275, ,0.0,0.0,0,0,0,1,210,0,1,0
TF,MUXIG,43.287367,-79.746161,0, ,0.0,0.0,0.0,0.0,2,2500,0,0,0,0,1,0

FINAL,R24-Z,24,R,3
IF,MUXIG,43.287367,-79.746161, ,0.0,0.0,2,2500,0,0,0,0,1,0
TF,KEDIS,43.225683,-79.842719,0, ,0.0,0.0,239.0,5.6,2,2200,0,0,0,0,2,0
TF,RW24,43.177606,-79.917756,0, ,0.0,0.0,239.0,4.4,1,806,0,0,0,0,3,1
TF,IKLOP,43.038942,-80.133089,0, ,0.0,0.0,0.0,0.0,1,3100,0,0,0,0,0,1
HM,IKLOP,43.038942,-80.133089,2, ,0.0,0.0,239.0,04.3,0,0,0,0,0,0,0,0,0

APPTR,R30-Z,30,KEDBU
IF,KEDBU,43.044917,-79.740636, ,0.0,0.0,0,0,0,1,210,0,1,0
TF,DELVA,43.124475,-79.706714,0, ,0.0,0.0,0.0,0.0,2,2200,0,0,0,0,1,0

APPTR,R30-Z,30,OTROX
IF,OTROX,43.204022,-79.672703, ,0.0,0.0,0,0,0,1,210,0,1,0
TF,DELVA,43.124475,-79.706714,0, ,0.0,0.0,0.0,0.0,2,2200,0,0,0,0,1,0

FINAL,R30-Z,30,R,3
IF,DELVA,43.124475,-79.706714, ,0.0,0.0,2,2200,0,0,0,0,1,0
TF,GOPEB,43.150972,-79.822678,0, ,0.0,0.0,297.0,5.3,2,2200,0,0,0,0,2,0
TF,RW30,43.172453,-79.917164,0, ,0.0,0.0,297.0,4.3,1,816,0,0,0,0,3,1
TF,EBKEM,43.221922,-80.136300,0, ,0.0,0.0,0.0,0.0,1,2800,0,0,0,0,0,1
HM,EBKEM,43.221922,-80.136300,2, ,0.0,0.0,297.0,04.3,0,0,0,1,230,0,0,0,0

