APPTR,R07,07,EBKAR
IF,EBKAR,50.436567,-59.936039, ,0.0,0.0,0,0,0,1,210,0,1,0
TF,PIDMA,50.368494,-59.861072,0, ,0.0,0.0,0.0,0.0,2,1600,0,0,0,0,1,0

APPTR,R07,07,UKTIM
IF,UKTIM,50.300369,-59.786317, ,0.0,0.0,0,0,0,1,210,0,1,0
TF,PIDMA,50.368494,-59.861072,0, ,0.0,0.0,0.0,0.0,2,1600,0,0,0,0,1,0

FINAL,R07,07,R,3
IF,PIDMA,50.368494,-59.861072, ,0.0,0.0,2,1600,0,0,0,0,1,0
TF,OLEDO,50.425881,-59.733153,0, ,0.0,0.0,73.0,6.0,2,1400,0,0,0,0,2,0
TF,RW07,50.465442,-59.644600,0, ,0.0,0.0,73.0,4.1,1,80,0,0,0,0,3,1
TF,XUBON,50.513075,-59.537586,0, ,0.0,0.0,0.0,0.0,1,2300,0,0,0,0,0,1
HM,XUBON,50.513075,-59.537586,2, ,0.0,0.0,73.0,04.3,0,0,0,0,0,0,0,0,0

APPTR,R25,25,SUVAD
IF,SUVAD,50.637111,-59.486583, ,0.0,0.0,0,0,0,1,210,0,1,0
TF,MUSID,50.568750,-59.411944,0, ,0.0,0.0,0.0,0.0,2,1700,0,0,0,0,1,0

APPTR,R25,25,VILNU
IF,VILNU,50.500342,-59.337522, ,0.0,0.0,0,0,0,1,210,0,1,0
TF,MUSID,50.568750,-59.411944,0, ,0.0,0.0,0.0,0.0,2,1700,0,0,0,0,1,0

FINAL,R25,25,R,4
IF,MUSID,50.568750,-59.411944, ,0.0,0.0,2,1700,0,0,0,0,1,0
TF,LEXAM,50.511719,-59.540639,0, ,0.0,0.0,254.0,6.0,2,1400,0,0,0,0,2,0
TF,XETAD,50.491564,-59.585967,0, ,0.0,0.0,253.0,2.1,2,730,0,0,0,0,0,0
TF,RW25,50.472506,-59.628761,0, ,0.0,0.0,253.0,2.0,1,89,0,0,0,0,3,1
TF,IGVAR,50.424789,-59.735592,0, ,0.0,0.0,0.0,0.0,1,2300,0,0,0,0,0,1
HM,IGVAR,50.424789,-59.735592,2, ,0.0,0.0,253.0,04.3,0,0,0,0,0,0,0,0,0

