APPTR,R15,15,MERBI
IF,MERBI,61.623894,-72.388456, ,0.0,0.0,0,0,0,1,210,0,1,0
TF,PEMGA,61.695067,-72.298247,0, ,0.0,0.0,0.0,0.0,2,3100,0,0,0,0,1,0

APPTR,R15,15,VESNO
IF,VESNO,61.766175,-72.207619, ,0.0,0.0,0,0,0,1,210,0,1,0
TF,PEMGA,61.695067,-72.298247,0, ,0.0,0.0,0.0,0.0,2,3100,0,0,0,0,1,0

FINAL,R15,15,R,4
IF,PEMGA,61.695067,-72.298247, ,0.0,0.0,2,3100,0,0,0,0,1,0
TF,KEGTI,61.643422,-72.118778,0, ,0.0,0.0,143.0,6.0,2,2500,0,0,0,0,2,0
TF,XOVRI,61.610908,-72.006511,0, ,0.0,0.0,143.0,3.8,2,1300,0,0,0,0,0,0
TF,RW15,61.590994,-71.938019,0, ,0.0,0.0,143.0,2.3,1,569,0,0,0,0,3,1
TF,NALNA,61.495275,-71.611658,0, ,0.0,0.0,0.0,0.0,1,3700,0,0,0,0,0,1
HM,NALNA,61.495275,-71.611658,2, ,0.0,0.0,143.0,04.3,0,0,0,0,0,0,0,0,0

APPTR,R33,33,PEKMI
IF,PEKMI,61.566967,-71.523564, ,0.0,0.0,0,0,0,1,210,0,1,0
TF,LIRDU,61.496311,-71.615169,0, ,0.0,0.0,0.0,0.0,2,1900,0,0,0,0,1,0

APPTR,R33,33,ROMLA
IF,ROMLA,61.425592,-71.706358, ,0.0,0.0,0,0,0,1,210,0,1,0
TF,LIRDU,61.496311,-71.615169,0, ,0.0,0.0,0.0,0.0,2,1900,0,0,0,0,1,0

FINAL,R33,33,R,3
IF,LIRDU,61.496311,-71.615169, ,0.0,0.0,2,1900,0,0,0,0,1,0
TF,GABVA,61.548614,-71.792947,0, ,0.0,0.0,324.0,6.0,2,1900,0,0,0,0,2,0
TF,RW33,61.585972,-71.920781,0, ,0.0,0.0,324.0,4.3,1,530,0,0,0,0,3,1
TF,ONDIR,61.616272,-72.025019,0, ,0.0,0.0,0.0,0.0,0,0,0,0,0,0,0,0
TF,VERSU,61.661550,-72.307139,0, ,0.0,0.0,0.0,0.0,1,3700,0,0,0,0,0,1
HM,VERSU,61.661550,-72.307139,2, ,0.0,0.0,311.0,04.3,0,0,0,0,0,0,0,0,0

