APPTR,R11,11,IKUVI
IF,IKUVI,54.958958,-112.198614, ,0.0,0.0,0,0,0,1,200,0,1,0
TF,OMPIP,54.893231,-112.291778,0, ,0.0,0.0,0.0,0.0,2,3600,0,1,180,0,1,0

APPTR,R11,11,MEGVO
IF,MEGVO,54.827431,-112.384636, ,0.0,0.0,0,0,0,1,200,0,1,0
TF,OMPIP,54.893231,-112.291778,0, ,0.0,0.0,0.0,0.0,2,3600,0,1,180,0,1,0

FINAL,R11,11,R,3
IF,OMPIP,54.893231,-112.291778, ,0.0,0.0,2,3600,0,1,180,0,1,0
TF,KEMTO,54.830086,-112.157756,0, ,0.0,0.0,115.0,6.0,2,3600,0,0,0,0,2,0
TF,RW11,54.775369,-112.042214,0, ,0.0,0.0,115.0,5.2,1,1924,0,0,0,0,3,1
TF,BOTAT,54.680186,-111.842506,0, ,0.0,0.0,0.0,0.0,1,3400,0,0,0,0,0,1
HM,BOTAT,54.680186,-111.842506,2, ,0.0,0.0,115.0,04.3,0,0,0,1,200,0,0,0,0

APPTR,R29,29,NABAB
IF,NABAB,54.580153,-111.863386, ,0.0,0.0,0,0,0,1,200,0,1,0
TF,PEMGI,54.645556,-111.770250,0, ,0.0,0.0,0.0,0.0,2,3600,0,1,180,0,1,0

APPTR,R29,29,VIDNI
IF,VIDNI,54.710886,-111.676817, ,0.0,0.0,0,0,0,1,200,0,1,0
TF,PEMGI,54.645556,-111.770250,0, ,0.0,0.0,0.0,0.0,2,3600,0,1,180,0,1,0

FINAL,R29,29,R,4
IF,PEMGI,54.645556,-111.770250, ,0.0,0.0,2,3600,0,1,180,0,1,0
TF,IMENA,54.709128,-111.903061,0, ,0.0,0.0,295.0,6.0,2,3600,0,0,0,0,2,0
TF,PESLU,54.742214,-111.972461,0, ,0.0,0.0,295.0,3.1,2,2580,0,0,0,0,0,0
TF,RW29,54.765458,-112.021342,0, ,0.0,0.0,295.0,2.2,1,1878,0,0,0,0,3,1
TF,ITSAL,54.860347,-112.221892,0, ,0.0,0.0,0.0,0.0,1,3600,0,0,0,0,0,1
HM,ITSAL,54.860347,-112.221892,2, ,0.0,0.0,295.0,04.3,0,0,0,1,200,0,0,0,0

