APPTR,R09,09,KIVOP
IF,KIVOP,54.236642,-108.797800, ,0.0,0.0,0,0,0,1,210,0,1,0
TF,IGTAT,54.154683,-108.822139,0, ,0.0,0.0,0.0,0.0,2,3000,0,0,0,0,1,0

APPTR,R09,09,XUMDI
IF,XUMDI,54.072717,-108.846381, ,0.0,0.0,0,0,0,1,210,0,1,0
TF,IGTAT,54.154683,-108.822139,0, ,0.0,0.0,0.0,0.0,2,3000,0,0,0,0,1,0

FINAL,R09,09,R,3
IF,IGTAT,54.154683,-108.822139, ,0.0,0.0,2,3000,0,0,0,0,1,0
TF,VINPO,54.137456,-108.654639,0, ,0.0,0.0,88.0,6.0,2,3000,0,0,0,0,2,0
TF,RW09,54.124936,-108.534372,0, ,0.0,0.0,88.0,4.3,1,1627,0,0,0,0,3,1
TF,MEBER,54.110264,-108.394981,0, ,0.0,0.0,0.0,0.0,1,3900,0,0,0,0,0,1
HM,MEBER,54.110264,-108.394981,2, ,0.0,0.0,88.0,04.3,0,0,0,0,0,0,0,0,0

APPTR,R17,17,IKMIB
IF,IKMIB,54.299967,-108.656569, ,0.0,0.0,0,0,0,1,210,0,1,0
TF,IRLUX,54.300042,-108.514333,0, ,0.0,0.0,0.0,0.0,2,3000,0,0,0,0,1,0

APPTR,R17,17,ITPUP
IF,ITPUP,54.299950,-108.372100, ,0.0,0.0,0,0,0,1,210,0,1,0
TF,IRLUX,54.300042,-108.514333,0, ,0.0,0.0,0.0,0.0,2,3000,0,0,0,0,1,0

FINAL,R17,17,R,3
IF,IRLUX,54.300042,-108.514333, ,0.0,0.0,2,3000,0,0,0,0,1,0
TF,OLOBO,54.200211,-108.514350,0, ,0.0,0.0,168.0,6.0,2,3000,0,0,0,0,2,0
TF,RW17,54.128533,-108.514361,0, ,0.0,0.0,168.0,4.3,1,1628,0,0,0,0,3,1
TF,MIXIX,54.045339,-108.514375,0, ,0.0,0.0,0.0,0.0,1,3900,0,0,0,0,0,1
HM,MIXIX,54.045339,-108.514375,2, ,0.0,0.0,168.0,04.3,0,0,0,0,0,0,0,0,0

APPTR,R27,27,DUVSI
IF,DUVSI,54.011064,-108.257519, ,0.0,0.0,0,0,0,1,210,0,1,0
TF,GUBAN,54.092908,-108.232153,0, ,0.0,0.0,0.0,0.0,2,3000,0,0,0,0,1,0

APPTR,R27,27,ROPVI
IF,ROPVI,54.174744,-108.206686, ,0.0,0.0,0,0,0,1,210,0,1,0
TF,GUBAN,54.092908,-108.232153,0, ,0.0,0.0,0.0,0.0,2,3000,0,0,0,0,1,0

FINAL,R27,27,R,3
IF,GUBAN,54.092908,-108.232153, ,0.0,0.0,2,3000,0,0,0,0,1,0
TF,VOLIG,54.110719,-108.399294,0, ,0.0,0.0,268.0,6.0,2,2900,0,0,0,0,2,0
TF,RW27,54.122533,-108.511425,0, ,0.0,0.0,268.0,4.0,1,1619,0,0,0,0,3,1
TF,ITSAM,54.137069,-108.650897,0, ,0.0,0.0,0.0,0.0,1,3900,0,0,0,0,0,1
HM,ITSAM,54.137069,-108.650897,2, ,0.0,0.0,268.0,04.3,0,0,0,0,0,0,0,0,0

APPTR,R35,35,PUTUT
IF,PUTUT,53.955467,-108.655450, ,0.0,0.0,0,0,0,1,210,0,1,0
TF,IKNUR,53.955542,-108.514389,0, ,0.0,0.0,0.0,0.0,2,3300,0,0,0,0,1,0

APPTR,R35,35,RIDUD
IF,RIDUD,53.955453,-108.373328, ,0.0,0.0,0,0,0,1,210,0,1,0
TF,IKNUR,53.955542,-108.514389,0, ,0.0,0.0,0.0,0.0,2,3300,0,0,0,0,1,0

FINAL,R35,35,R,3
IF,IKNUR,53.955542,-108.514389, ,0.0,0.0,2,3300,0,0,0,0,1,0
TF,URKUR,54.055375,-108.514372,0, ,0.0,0.0,348.0,6.0,2,2900,0,0,0,0,2,0
TF,RW35,54.122250,-108.514364,0, ,0.0,0.0,348.0,4.0,1,1620,0,0,0,0,3,1
TF,GOXIX,54.205444,-108.514350,0, ,0.0,0.0,0.0,0.0,1,3900,0,0,0,0,0,1
HM,GOXIX,54.205444,-108.514350,2, ,0.0,0.0,348.0,04.3,0,0,0,0,0,0,0,0,0

