APPTR,R10-Y,10,MURON
IF,MURON,44.373792,-79.817833, ,0.0,0.0,0,0,0,1,210,0,1,0
TF,UMEDI,44.473575,-79.826989,0, ,0.0,0.0,0.0,0.0,2,2700,0,1,180,0,1,0

APPTR,R10-Y,10,NOXOR
IF,NOXOR,44.573358,-79.836175, ,0.0,0.0,0,0,0,1,210,0,1,0
TF,UMEDI,44.473575,-79.826989,0, ,0.0,0.0,0.0,0.0,2,2700,0,1,180,0,1,0

FINAL,R10-Y,10,R,4
IF,UMEDI,44.473575,-79.826989, ,0.0,0.0,2,2700,0,1,180,0,1,0
TF,OBVEG,44.480058,-79.687617,0, ,0.0,0.0,97.0,6.0,2,2700,0,0,0,0,2,0
TF,DAPEV,44.482281,-79.638969,0, ,0.0,0.0,97.0,2.1,2,2030,0,0,0,0,0,0
TF,RW10,44.485531,-79.566942,0, ,0.0,0.0,97.0,3.1,1,1022,0,0,0,0,3,1
TF,LEVIP,44.492706,-79.404272,0, ,0.0,0.0,0.0,0.0,1,3000,0,0,0,0,0,1
HM,LEVIP,44.492706,-79.404272,2, ,0.0,0.0,98.0,04.3,0,0,0,0,0,0,0,0,0

APPTR,R10-Z,10,MURON
IF,MURON,44.373792,-79.817833, ,0.0,0.0,0,0,0,1,210,0,1,0
TF,UMEDI,44.473575,-79.826989,0, ,0.0,0.0,0.0,0.0,2,2700,0,1,180,0,1,0

APPTR,R10-Z,10,NOXOR
IF,NOXOR,44.573358,-79.836175, ,0.0,0.0,0,0,0,1,210,0,1,0
TF,UMEDI,44.473575,-79.826989,0, ,0.0,0.0,0.0,0.0,2,2700,0,1,180,0,1,0

FINAL,R10-Z,10,R,4
IF,UMEDI,44.473575,-79.826989, ,0.0,0.0,2,2700,0,1,180,0,1,0
TF,OBVEG,44.480058,-79.687617,0, ,0.0,0.0,97.0,6.0,2,2700,0,0,0,0,2,0
TF,DAPEV,44.482281,-79.638969,0, ,0.0,0.0,97.0,2.1,2,2030,0,0,0,0,0,0
TF,RW10,44.485531,-79.566942,0, ,0.0,0.0,97.0,3.1,1,1022,0,0,0,0,3,1
TF,LEVIP,44.492706,-79.404272,0, ,0.0,0.0,0.0,0.0,1,3000,0,0,0,0,0,1
HM,LEVIP,44.492706,-79.404272,2, ,0.0,0.0,98.0,04.3,0,0,0,0,0,0,0,0,0

APPTR,R28,28,MURVO
IF,MURVO,44.597689,-79.292219, ,0.0,0.0,0,0,0,1,210,0,1,0
TF,ULINO,44.497867,-79.283953,0, ,0.0,0.0,0.0,0.0,2,2700,0,1,180,0,1,0

APPTR,R28,28,NUGUL
IF,NUGUL,44.398042,-79.275717, ,0.0,0.0,0,0,0,1,210,0,1,0
TF,ULINO,44.497867,-79.283953,0, ,0.0,0.0,0.0,0.0,2,2700,0,1,180,0,1,0

FINAL,R28,28,R,3
IF,ULINO,44.497867,-79.283953, ,0.0,0.0,2,2700,0,1,180,0,1,0
TF,ODKIK,44.491875,-79.423411,0, ,0.0,0.0,278.0,6.0,2,2700,0,0,0,0,2,0
TF,RW28,44.486497,-79.545317,0, ,0.0,0.0,277.0,5.2,1,1005,0,0,0,0,3,1
TF,PIDKA,44.479119,-79.707950,0, ,0.0,0.0,0.0,0.0,1,3000,0,0,0,0,0,1
HM,PIDKA,44.479119,-79.707950,2, ,0.0,0.0,277.0,04.3,0,0,0,0,0,0,0,0,0

