APPTR,R09,09,ILABI
IF,ILABI,48.720089,-67.667894, ,0.0,0.0,0,0,0,1,210,0,1,0
TF,MEBUL,48.798908,-67.708519,0, ,0.0,0.0,0.0,0.0,2,3200,0,0,0,0,1,0

APPTR,R09,09,LEXOG
IF,LEXOG,48.877711,-67.749275, ,0.0,0.0,0,0,0,1,210,0,1,0
TF,MEBUL,48.798908,-67.708519,0, ,0.0,0.0,0.0,0.0,2,2600,0,0,0,0,1,0

FINAL,R09,09,R,3
IF,MEBUL,48.798908,-67.708519, ,0.0,0.0,2,2600,0,0,0,0,0,0
TF,ITKIL,48.831075,-67.565272,0, ,0.0,0.0,90.0,6.0,2,1500,0,0,0,0,2,0
TF,RW09,48.853881,-67.463125,0, ,0.0,0.0,90.0,4.3,1,139,0,0,0,0,3,1
TF,NOSEP,48.880444,-67.343503,0, ,0.0,0.0,0.0,0.0,1,3800,0,0,0,0,0,1
HM,NOSEP,48.880444,-67.343503,2, ,0.0,0.0,90.0,04.3,0,0,0,0,0,0,0,0,0

APPTR,R27,27,DASUX
IF,DASUX,48.832911,-67.161028, ,0.0,0.0,0,0,0,1,210,0,1,0
TF,IMEBO,48.911906,-67.200950,0, ,0.0,0.0,0.0,0.0,2,3500,0,0,0,0,1,0

APPTR,R27,27,KEVPI
IF,KEVPI,48.990883,-67.240994, ,0.0,0.0,0,0,0,1,210,0,1,0
TF,IMEBO,48.911906,-67.200950,0, ,0.0,0.0,0.0,0.0,2,3300,0,0,0,0,1,0

FINAL,R27,27,R,3
IF,IMEBO,48.911906,-67.200950, ,0.0,0.0,2,3300,0,0,0,0,1,0
TF,ANASO,48.880189,-67.344658,0, ,0.0,0.0,270.0,6.0,2,1700,0,0,0,0,2,0
TF,RW27,48.858700,-67.441481,0, ,0.0,0.0,270.0,4.0,1,153,0,0,0,0,3,1
TF,GOTIR,48.832033,-67.560997,0, ,0.0,0.0,0.0,0.0,1,3600,0,0,0,0,0,1
HM,GOTIR,48.832033,-67.560997,2, ,0.0,0.0,270.0,04.3,0,0,0,0,0,0,0,0,0

