SID,CYMM2,08,1
VA,0,75.0,2,1620,0,0,0,0,0,0
VM,0,0,0,75.0,0,0,0,0,0,0,0,0

SID,CYMM2,26,1
VA,0,255.0,2,1620,0,0,0,0,0,0
VM,0,0,0,255.0,0,0,0,0,0,0,0,0

SID,TEXAL1,08,5
DF,TEXAL,56.653083,-111.056214,0, ,0.0,0.0,0,0,0,0,0,0,0,0
FM,TEXAL,56.653083,-111.056214,0,YYC,0.0,0.0,75.0,0,0,0,0,0,0,0,0

SID,VIKTU1,26,5
DF,VIKTU,56.653086,-111.392919,0, ,0.0,0.0,0,0,0,0,0,0,0,0
FM,VIKTU,56.653086,-111.392919,0,YYC,0.0,0.0,255.0,0,0,0,0,0,0,0,0

STAR,LEXON5,ALL,5
IF,LEXON,55.132222,-112.151667, ,0.0,0.0,0,0,0,0,0,0,0,0

STAR,LEXON5,08,6
IF,LEXON,55.132222,-112.151667, ,0.0,0.0,0,0,0,0,0,0,0,0
TF,NANLU,55.411944,-112.385833,0, ,0.0,0.0,0.0,0.0,0,0,0,0,0,0,0,0
TF,VILTA,56.493869,-111.542697,0, ,0.0,0.0,0.0,0.0,1,5500,0,1,230,0,0,0
TF,NOPOV,56.569675,-111.543214,0, ,0.0,0.0,0.0,0.0,0,0,0,1,210,0,0,0
TF,PENVU,56.569617,-111.663725,0, ,0.0,0.0,0.0,0.0,0,0,0,0,0,0,0,0
FM,PENVU,56.569617,-111.663725,0,YYC,0.0,0.0,255.0,0,0,0,0,0,0,0,0

STAR,LEXON5,26,6
IF,LEXON,55.132222,-112.151667, ,0.0,0.0,0,0,0,0,0,0,0,0
TF,ONGUT,55.980000,-111.598056,0, ,0.0,0.0,0.0,0.0,0,0,0,0,0,0,0,0
TF,ROMSA,56.132983,-111.482036,0, ,0.0,0.0,0.0,0.0,0,0,0,0,0,0,0,0
TF,UKPIG,56.505883,-111.194964,0, ,0.0,0.0,0.0,0.0,1,6000,0,1,220,0,0,0
TF,LESUT,56.569556,-110.878825,0, ,0.0,0.0,0.0,0.0,0,0,0,1,210,0,0,0
TF,LOLMU,56.569497,-110.758314,0, ,0.0,0.0,0.0,0.0,0,0,0,0,0,0,0,0
FM,LOLMU,56.569497,-110.758314,0,YYC,0.0,0.0,75.0,0,0,0,0,0,0,0,0

APPTR,I26,26,LESUT
IF,LESUT,56.569556,-110.878825, ,0.0,0.0,2,4000,0,1,210,0,1,0
TF,OTRIL,56.652714,-110.878061,0,IMM,0.0,0.0,0.0,0.0,2,4000,0,1,200,0,1,0

APPTR,I26,26,LIDAB
IF,LIDAB,56.735872,-110.877294, ,0.0,0.0,2,4000,0,1,210,0,1,0
TF,OTRIL,56.652714,-110.878061,0,IMM,0.0,0.0,0.0,0.0,2,4000,0,1,200,0,1,0

FINAL,I26,26,I,3
IF,OTRIL,56.652714,-110.878061,IMM,75.0,12.2,2,4000,0,1,200,0,1,0
CF,PERVA,56.653117,-111.080369,0,IMM,75.0,5.5,255.0,6.7,1,2620,0,0,0,0,2,0
CF,RW26,56.653200,-111.207175,0,IMM,75.0,1.3,255.0,4.2,1,1262,0,0,0,0,3,1
TF,BOXUN,56.652833,-111.543914,0, ,0.0,0.0,0.0,0.0,1,5000,0,0,0,0,0,1
HM,BOXUN,56.652833,-111.543914,2, ,0.0,0.0,255.0,04.3,0,0,0,1,230,0,0,0,0

APPTR,R08-Y,08,BOXUN
IF,BOXUN,56.652833,-111.543914, ,0.0,0.0,0,0,0,0,0,0,1,0
TF,PETBI,56.653122,-111.365372,0, ,0.0,0.0,0.0,0.0,2,2600,0,0,0,0,0,0

APPTR,R08-Y,08,KELBA
IF,KELBA,56.736569,-111.255078, ,0.0,0.0,2,6000,0,1,210,0,1,0
TF,VESPU,56.736281,-111.365950,0, ,0.0,0.0,0.0,0.0,2,4900,0,1,200,0,0,0
RF,PETBI,56.653122,-111.365372,1,ARC01,195.7,2.5,2,2600,0,0,0,0,0,0

APPTR,R08-Y,08,VILTA
IF,VILTA,56.493869,-111.542697, ,0.0,0.0,1,5500,0,1,230,0,1,0
TF,MEKSU,56.628511,-111.434072,0, ,0.0,0.0,0.0,0.0,2,3300,0,1,210,0,0,0
RF,PETBI,56.653122,-111.365372,2,ARC02,344.1,2.5,2,2600,0,0,0,0,0,0

FINAL,R08-Y,08,R,2
IF,PETBI,56.653122,-111.365372, ,0.0,0.0,2,2600,0,0,0,0,2,0
TF,RW08,56.653200,-111.241972,0, ,0.0,0.0,75.0,4.1,1,1255,0,0,0,0,3,1
TF,OTRIL,56.652714,-110.878061,0, ,0.0,0.0,0.0,0.0,1,5000,0,0,0,0,0,1
HM,OTRIL,56.652714,-110.878061,2, ,0.0,0.0,75.0,04.3,0,0,0,1,230,0,0,0,0

APPTR,R08-Z,08,NOPOV
IF,NOPOV,56.569675,-111.543214, ,0.0,0.0,2,4500,0,1,210,0,1,0
TF,BOXUN,56.652833,-111.543914,0, ,0.0,0.0,0.0,0.0,2,3000,0,0,0,0,1,0

APPTR,R08-Z,08,TUMIG
IF,TUMIG,56.735992,-111.544614, ,0.0,0.0,0,0,0,1,210,0,1,0
TF,BOXUN,56.652833,-111.543914,0, ,0.0,0.0,0.0,0.0,2,3000,0,0,0,0,1,0

FINAL,R08-Z,08,R,4
IF,BOXUN,56.652833,-111.543914, ,0.0,0.0,2,3000,0,0,0,0,1,0
TF,PETBI,56.653122,-111.365372,0, ,0.0,0.0,75.0,5.9,2,2600,0,0,0,0,2,0
TF,NABNI,56.653175,-111.305381,0, ,0.0,0.0,75.0,2.0,2,1950,0,0,0,0,0,0
TF,RW08,56.653200,-111.241972,0, ,0.0,0.0,75.0,2.1,1,1255,0,0,0,0,3,1
TF,OTRIL,56.652714,-110.878061,0, ,0.0,0.0,0.0,0.0,1,5000,0,0,0,0,0,1
HM,OTRIL,56.652714,-110.878061,2, ,0.0,0.0,75.0,04.3,0,0,0,1,230,0,0,0,0

APPTR,R26-Y,26,OTRIL
IF,OTRIL,56.652714,-110.878061, ,0.0,0.0,0,0,0,0,0,0,1,0
TF,DUSEG,56.653119,-111.084467,0, ,0.0,0.0,0.0,0.0,2,2600,0,0,0,0,0,0

APPTR,R26-Y,26,UKPIG
IF,UKPIG,56.505883,-111.194964, ,0.0,0.0,1,6000,0,1,220,0,1,0
TF,DUVNA,56.579703,-111.036144,0, ,0.0,0.0,0.0,0.0,2,4100,0,1,210,0,0,0
RF,DUSEG,56.653119,-111.084467,1,ARC03,344.1,2.5,2,2600,0,0,0,0,0,0

FINAL,R26-Y,26,R,2
IF,DUSEG,56.653119,-111.084467, ,0.0,0.0,2,2600,0,0,0,0,2,0
TF,RW26,56.653200,-111.207175,0, ,0.0,0.0,255.0,4.1,1,1262,0,0,0,0,3,1
TF,BOXUN,56.652833,-111.543914,0, ,0.0,0.0,0.0,0.0,1,5000,0,0,0,0,0,1
HM,BOXUN,56.652833,-111.543914,2, ,0.0,0.0,255.0,04.3,0,0,0,1,230,0,0,0,0

APPTR,R26-Z,26,LESUT
IF,LESUT,56.569556,-110.878825, ,0.0,0.0,2,4000,0,1,210,0,1,0
TF,OTRIL,56.652714,-110.878061,0, ,0.0,0.0,0.0,0.0,2,4000,0,0,0,0,1,0

APPTR,R26-Z,26,LIDAB
IF,LIDAB,56.735872,-110.877294, ,0.0,0.0,2,4000,0,1,210,0,1,0
TF,OTRIL,56.652714,-110.878061,0, ,0.0,0.0,0.0,0.0,2,4000,0,0,0,0,1,0

FINAL,R26-Z,26,R,4
IF,OTRIL,56.652714,-110.878061, ,0.0,0.0,2,4000,0,0,0,0,1,0
TF,DUSEG,56.653119,-111.084467,0, ,0.0,0.0,256.0,6.8,2,2600,0,0,0,0,2,0
TF,KEVPA,56.653175,-111.146786,0, ,0.0,0.0,255.0,2.1,2,1920,0,0,0,0,0,0
TF,RW26,56.653200,-111.207175,0, ,0.0,0.0,255.0,2.0,1,1262,0,0,0,0,3,1
TF,BOXUN,56.652833,-111.543914,0, ,0.0,0.0,0.0,0.0,1,5000,0,0,0,0,0,1
HM,BOXUN,56.652833,-111.543914,2, ,0.0,0.0,255.0,04.3,0,0,0,1,230,0,0,0,0

