SID,ALOKA1,26,5
CF,IKDAP,53.218072,-105.739842,0,YPA,262.2,2.7,260.0,2.0,0,0,0,0,0,0,0,1
TF,OBNOX,53.091478,-106.052850,0, ,0.0,0.0,0.0,0.0,0,0,0,0,0,0,0,0
TF,ALOKA,52.949817,-106.197614,0, ,0.0,0.0,0.0,0.0,0,0,0,0,0,0,0,0

SID,DEDID2,08,5
CF,AGDUD,53.218092,-105.606122,0,YPA,77.3,2.2,80.0,2.0,0,0,0,0,0,0,0,1
TF,NADIT,53.424778,-105.395067,0, ,0.0,0.0,0.0,0.0,0,0,0,0,0,0,0,0
TF,DEDID,53.589872,-105.359981,0, ,0.0,0.0,0.0,0.0,0,0,0,0,0,0,0,0

SID,MEMGI2,26,5
CF,IKDAP,53.218072,-105.739842,0,YPA,262.2,2.7,260.0,2.0,0,0,0,0,0,0,0,1
TF,KASEG,53.458033,-105.845442,0, ,0.0,0.0,0.0,0.0,0,0,0,0,0,0,0,0
TF,MEMGI,53.623239,-105.811969,0, ,0.0,0.0,0.0,0.0,0,0,0,0,0,0,0,0

SID,VEPRI1,08,5
VA,0,80.0,2,2200,0,0,0,0,0,0
CF,TETEX,52.952903,-105.682603,2,YPA,172.1,15.8,186.0,14.0,0,0,0,0,0,0,0,0
TF,VEPRI,52.811636,-105.828067,0, ,0.0,0.0,0.0,0.0,0,0,0,0,0,0,0,0

STAR,KAVET3,ALL,5
IF,KAVET,52.863019,-106.030781, ,0.0,0.0,0,0,0,0,0,0,0,0
TF,BEVOV,53.004508,-105.885775,0, ,0.0,0.0,0.0,0.0,0,0,0,0,0,0,0,0

STAR,KAVET3,08,6
IF,BEVOV,53.004508,-105.885775, ,0.0,0.0,0,0,0,0,0,0,0,0
TF,REVIX,53.134428,-105.984244,0, ,0.0,0.0,0.0,0.0,2,3400,0,1,210,0,0,0
TF,BRYTE,53.217633,-105.984886,0, ,0.0,0.0,0.0,0.0,2,3300,0,0,0,0,0,0

STAR,KAVET3,26,6
IF,BEVOV,53.004508,-105.885775, ,0.0,0.0,0,0,0,0,0,0,0,0
TF,APDET,53.134508,-105.354406,0, ,0.0,0.0,0.0,0.0,2,3400,0,1,210,0,0,0
TF,EBNAM,53.217714,-105.353825,0, ,0.0,0.0,0.0,0.0,2,3100,0,0,0,0,0,0

STAR,PEKTO3,ALL,5
IF,PEKTO,53.629286,-105.581194, ,0.0,0.0,0,0,0,0,0,0,0,0
TF,DATEV,53.464144,-105.615508,0, ,0.0,0.0,0.0,0.0,0,0,0,0,0,0,0,0

STAR,PEKTO3,08,6
IF,DATEV,53.464144,-105.615508, ,0.0,0.0,0,0,0,0,0,0,0,0
TF,SATOP,53.300836,-105.985528,0, ,0.0,0.0,0.0,0.0,0,0,0,1,210,0,0,0
TF,BRYTE,53.217633,-105.984886,0, ,0.0,0.0,0.0,0.0,2,3300,0,0,0,0,0,0

STAR,PEKTO3,26,6
IF,DATEV,53.464144,-105.615508, ,0.0,0.0,0,0,0,0,0,0,0,0
TF,IKLIB,53.300917,-105.353242,0, ,0.0,0.0,0.0,0.0,0,0,0,1,210,0,0,0
TF,EBNAM,53.217714,-105.353825,0, ,0.0,0.0,0.0,0.0,2,3100,0,0,0,0,0,0

APPTR,D08,08,XEXEX
IF,XEXEX,53.381664,-105.633906, ,0.0,0.0,0,0,0,0,0,0,1,0
AF,PUVER,53.230803,-105.942672,1,YPA,265.1,10.0,357.0,2,3000,0,0,0,0,1,0

APPTR,D08,08,XIBEV
IF,XIBEV,53.053019,-105.613919, ,0.0,0.0,0,0,0,0,0,0,1,0
AF,PUVER,53.230803,-105.942672,2,YPA,265.1,10.0,159.0,2,3400,0,0,0,0,1,0

APPTR,D08,08,YPA
PI,YPA,53.216403,-105.666483,1,YPA,310.0,10.0,265,5.0,2,2900,0,0,0,0,0,0

FINAL,D08,08,D,3
IF,PUVER,53.230803,-105.942672,YPA,265.1,10.0,2,3000,0,0,0,0,0,0
CF,BETIM,53.221511,-105.763128,0,YPA,265.1,3.5,85.0,6.5,2,2400,0,0,0,0,2,0
CF,RW08,53.218089,-105.684392,0,YPA,268.9,0.7,85.0,2.8,1,1455,0,0,0,0,3,0
CF,YPA,53.216403,-105.666483,0,YPA,0.0,0.0,85.0,0.7,0,0,0,0,0,0,0,0
FA,YPA,53.216403,-105.666483,0,YPA,0.0,0.0,85.0,2,3000,0,0,0,0,0,0
DF,YPA,53.216403,-105.666483,1, ,0.0,0.0,1,3000,0,0,0,0,0,0
HM,YPA,53.216403,-105.666483,1, ,0.0,0.0,85.0,04.3,0,0,0,0,0,0,0,0,0

APPTR,D26,26,XEXEX
IF,XEXEX,53.381664,-105.633906, ,0.0,0.0,0,0,0,0,0,0,1,0
AF,ESVIB,53.239247,-105.391794,2,YPA,72.0,10.0,357.0,2,3000,0,0,0,0,1,0

APPTR,D26,26,XIBEV
IF,XIBEV,53.053019,-105.613919, ,0.0,0.0,0,0,0,0,0,0,1,0
AF,ESVIB,53.239247,-105.391794,1,YPA,72.0,10.0,159.0,2,3000,0,0,0,0,1,0

APPTR,D26,26,YPA
PI,YPA,53.216403,-105.666483,1,YPA,117.0,10.0,072,5.0,2,2900,0,0,0,0,0,0

FINAL,D26,26,D,3
IF,ESVIB,53.239247,-105.391794,YPA,72.0,10.0,2,3000,0,0,0,0,0,0
CF,AVTAP,53.225617,-105.556642,0,YPA,72.0,4.0,252.0,6.0,2,2660,0,0,0,0,2,0
CF,RW26,53.218092,-105.661572,0,YPA,50.2,0.2,252.0,3.8,1,1451,0,0,0,0,3,0
CF,YPA,53.216403,-105.666483,0,YPA,0.0,0.0,252.0,0.2,0,0,0,0,0,0,0,0
FA,YPA,53.216403,-105.666483,0,YPA,0.0,0.0,252.0,2,3400,0,0,0,0,0,0
DF,YPA,53.216403,-105.666483,2, ,0.0,0.0,1,3400,0,0,0,0,0,0
HM,YPA,53.216403,-105.666483,1, ,0.0,0.0,252.0,04.3,0,0,0,0,0,0,0,0,0

APPTR,I08,08,REVIX
IF,REVIX,53.134428,-105.984244, ,0.0,0.0,0,0,0,1,210,0,1,0
TF,BRYTE,53.217633,-105.984886,0,IPA,0.0,0.0,0.0,0.0,2,3300,0,0,0,0,1,0

APPTR,I08,08,SATOP
IF,SATOP,53.300836,-105.985528, ,0.0,0.0,0,0,0,1,210,0,1,0
TF,BRYTE,53.217633,-105.984886,0,IPA,0.0,0.0,0.0,0.0,2,3300,0,0,0,0,1,0

APPTR,I08,08,YPA
IF,YPA,53.216403,-105.666483, ,0.0,0.0,0,0,0,0,0,0,0,0
TF,BOPUG,53.217978,-105.818536,0, ,0.0,0.0,0.0,0.0,2,3300,0,0,0,0,0,0
PI,BOPUG,53.217978,-105.818536,1,YPA,305.0,10.0,260,5.0,2,3300,0,0,0,0,0,0

FINAL,I08,08,I,3
IF,BRYTE,53.217633,-105.984886,IPA,260.0,12.0,2,3300,0,0,0,0,0,0
CF,BOPUG,53.217978,-105.818536,0,IPA,260.0,6.0,80.0,6.0,1,3020,0,0,0,0,2,0
CF,RW08,53.218089,-105.684392,0,IPA,260.0,1.1,80.0,4.8,1,1459,0,0,0,0,3,0
VA,0,80.0,2,1810,0,0,0,0,0,0
CF,PUSOK,53.218042,-105.545767,0,YPA,78.7,4.4,79.0,4.4,1,3400,0,0,0,0,0,0
HM,PUSOK,53.218042,-105.545767,2, ,0.0,0.0,259.0,04.3,0,0,0,1,230,0,0,0,0

APPTR,R08,08,REVIX
IF,REVIX,53.134428,-105.984244, ,0.0,0.0,0,0,0,1,210,0,1,0
TF,BRYTE,53.217633,-105.984886,0, ,0.0,0.0,0.0,0.0,2,3300,0,0,0,0,1,0

APPTR,R08,08,SATOP
IF,SATOP,53.300836,-105.985528, ,0.0,0.0,0,0,0,1,210,0,1,0
TF,BRYTE,53.217633,-105.984886,0, ,0.0,0.0,0.0,0.0,2,3300,0,0,0,0,1,0

FINAL,R08,08,R,4
IF,BRYTE,53.217633,-105.984886, ,0.0,0.0,2,3300,0,0,0,0,1,0
TF,BOPUG,53.217978,-105.818536,0, ,0.0,0.0,79.0,6.0,2,3000,0,0,0,0,2,0
TF,UBTIP,53.218064,-105.734297,0, ,0.0,0.0,80.0,3.0,2,2030,0,0,0,0,0,0
TF,RW08,53.218089,-105.684392,0, ,0.0,0.0,80.0,1.8,1,1459,0,0,0,0,3,1
TF,PUSOK,53.218042,-105.545767,0, ,0.0,0.0,0.0,0.0,1,3400,0,0,0,0,0,1
HM,PUSOK,53.218042,-105.545767,2, ,0.0,0.0,259.0,04.3,0,0,0,1,230,0,0,0,0

APPTR,R26,26,APDET
IF,APDET,53.134508,-105.354406, ,0.0,0.0,0,0,0,1,210,0,1,0
TF,EBNAM,53.217714,-105.353825,0, ,0.0,0.0,0.0,0.0,2,3100,0,0,0,0,1,0

APPTR,R26,26,IKLIB
IF,IKLIB,53.300917,-105.353242, ,0.0,0.0,0,0,0,1,210,0,1,0
TF,EBNAM,53.217714,-105.353825,0, ,0.0,0.0,0.0,0.0,2,3100,0,0,0,0,1,0

FINAL,R26,26,R,3
IF,EBNAM,53.217714,-105.353825, ,0.0,0.0,2,3100,0,0,0,0,1,0
TF,DERSA,53.218017,-105.520175,0, ,0.0,0.0,260.0,6.0,2,3100,0,0,0,0,2,0
TF,RW26,53.218092,-105.661572,0, ,0.0,0.0,260.0,5.1,1,1456,0,0,0,0,3,1
TF,UMIDU,53.218075,-105.717022,0, ,0.0,0.0,0.0,0.0,0,0,0,0,0,0,0,0
TF,UDNAX,53.217981,-105.816833,0, ,0.0,0.0,0.0,0.0,1,3000,0,0,0,0,0,1
HM,UDNAX,53.217981,-105.816833,2, ,0.0,0.0,260.0,04.3,0,0,0,0,0,0,0,0,0

APPTR,S26,26,YPA
PI,YPA,53.216403,-105.666483,1,YPA,117.0,10.0,072,5.0,2,2900,0,0,0,0,0,0
CF,FF26,53.227306,-105.536336,0,YPA,72.0,4.7,252.0,5.3,2,2900,0,0,0,0,0,0

FINAL,S26,26,D,2
IF,FF26,53.227306,-105.536336,YPA,72.0,4.7,2,2900,0,0,0,0,2,0
CF,RW26,53.218092,-105.661572,0,YPA,50.2,0.2,252.0,4.6,1,1451,0,0,0,0,3,0
CF,YPA,53.216403,-105.666483,0,YPA,0.0,0.0,252.0,0.2,0,0,0,0,0,0,0,1
CA,0,252.0,2,3400,0,0,0,0,0,0
DF,YPA,53.216403,-105.666483,2, ,0.0,0.0,1,3400,0,0,0,0,0,0
HM,YPA,53.216403,-105.666483,1, ,0.0,0.0,252.0,04.3,0,0,0,0,0,0,0,0,0

