APPTR,R11,11,MEDSU
IF,MEDSU,49.922508,-64.554581, ,0.0,0.0,0,0,0,1,210,0,1,0
TF,LODBU,49.839261,-64.556392,0, ,0.0,0.0,0.0,0.0,2,1800,0,0,0,0,1,0

APPTR,R11,11,PELBA
IF,PELBA,49.756017,-64.558197, ,0.0,0.0,0,0,0,1,210,0,1,0
TF,LODBU,49.839261,-64.556392,0, ,0.0,0.0,0.0,0.0,2,1800,0,0,0,0,1,0

FINAL,R11,11,R,3
IF,LODBU,49.839261,-64.556392, ,0.0,0.0,2,1800,0,0,0,0,1,0
TF,VEPRA,49.838019,-64.427658,0, ,0.0,0.0,111.0,5.0,2,1800,0,0,0,0,2,0
TF,RW11,49.836636,-64.298975,0, ,0.0,0.0,111.0,5.0,1,208,0,0,0,0,3,1
TF,ROBSU,49.833439,-64.041589,0, ,0.0,0.0,0.0,0.0,1,1800,0,0,0,0,0,1
HM,ROBSU,49.833439,-64.041589,2, ,0.0,0.0,111.0,04.3,0,0,0,0,0,0,0,0,0

APPTR,R29,29,MEGNI
IF,MEGNI,49.916444,-64.019297, ,0.0,0.0,0,0,0,1,210,0,1,0
TF,VERGI,49.833211,-64.021967,0, ,0.0,0.0,0.0,0.0,2,1800,0,0,0,0,1,0

APPTR,R29,29,USBOT
IF,USBOT,49.749969,-64.024217, ,0.0,0.0,0,0,0,1,210,0,1,0
TF,VERGI,49.833211,-64.021967,0, ,0.0,0.0,0.0,0.0,2,1800,0,0,0,0,1,0

FINAL,R29,29,R,4
IF,VERGI,49.833211,-64.021967, ,0.0,0.0,2,1800,0,0,0,0,1,0
TF,SESDI,49.834850,-64.149672,0, ,0.0,0.0,291.0,5.0,2,1800,0,0,0,0,2,0
TF,ROGSI,49.835919,-64.237083,0, ,0.0,0.0,291.0,3.4,2,720,0,0,0,0,0,0
TF,RW29,49.836400,-64.278267,0, ,0.0,0.0,291.0,1.6,1,209,0,0,0,0,3,1
TF,PELGU,49.839031,-64.535689,0, ,0.0,0.0,0.0,0.0,1,1800,0,0,0,0,0,1
HM,PELGU,49.839031,-64.535689,1, ,0.0,0.0,291.0,04.3,0,0,0,0,0,0,0,0,0

