SID,AGGUA2,09,4
VA,0,92.0,2,1200,0,0,0,0,0,0
DF,ONDUB,49.961269,-124.772611,2, ,0.0,0.0,2,3000,0,0,0,0,0,0

SID,AGGUA2,27,4
VA,0,272.0,2,820,0,0,0,0,0,0
DF,ONDUB,49.961269,-124.772611,0, ,0.0,0.0,2,3000,0,0,0,0,0,0

SID,AGGUA2,AGGUA,6
IF,ONDUB,49.961269,-124.772611, ,0.0,0.0,2,3000,0,0,0,0,0,0
TF,AGGUA,50.254300,-124.998650,0, ,0.0,0.0,0.0,0.0,2,8300,0,0,0,0,0,0

SID,ITMAV2,09,4
VI,0, ,0.0,92.0,0,0,0,0,0,0,0,0
CF,ONGOM,49.785239,-124.383853,0,YWL,192.6,169.5,112.0,4.0,2,3000,0,1,230,0,0,0

SID,ITMAV2,27,4
VA,0,272.0,2,1600,0,0,0,0,0,0
DF,ONGOM,49.785239,-124.383853,1, ,0.0,0.0,2,3000,0,1,230,0,0,0

SID,ITMAV2,ITMAV,6
IF,ONGOM,49.785239,-124.383853, ,0.0,0.0,2,3000,0,1,230,0,0,0
TF,ITMAV,49.475858,-124.178611,0, ,0.0,0.0,0.0,0.0,2,5000,0,0,0,0,0,0

APPTR,R09,09,DULNU
IF,DULNU,49.763856,-124.946047, ,0.0,0.0,0,0,0,0,0,0,1,0
TF,SEGUP,49.898472,-124.774342,0, ,0.0,0.0,0.0,0.0,2,3900,0,0,0,0,1,0

APPTR,R09,09,VOBOV
IF,VOBOV,50.072986,-124.773594, ,0.0,0.0,0,0,0,0,0,0,1,0
TF,SEGUP,49.898472,-124.774342,0, ,0.0,0.0,0.0,0.0,2,3900,0,0,0,0,1,0

FINAL,R09,09,R,3
IF,SEGUP,49.898472,-124.774342, ,0.0,0.0,2,3900,0,0,0,0,0,0
TF,OMOGA,49.864172,-124.629128,0, ,0.0,0.0,92.0,6.0,2,2000,0,0,0,0,2,0
TF,RW09,49.835897,-124.508136,0, ,0.0,0.0,92.0,5.0,1,409,0,0,0,0,3,1
TF,IKUPI,49.818856,-124.435547,0, ,0.0,0.0,0.0,0.0,0,0,0,0,0,0,0,0
TF,NOTIR,49.679011,-124.222400,0, ,0.0,0.0,0.0,0.0,1,6200,0,0,0,0,0,1
HM,NOTIR,49.679011,-124.222400,2, ,0.0,0.0,118.0,04.3,0,0,0,1,230,0,0,0,0

APPTR,R27,27,ETLUX
IF,ETLUX,49.789189,-123.991575, ,0.0,0.0,0,0,0,0,0,0,1,0
TF,DAVKO,49.727633,-124.257861,0, ,0.0,0.0,0.0,0.0,2,3500,0,0,0,0,1,0

APPTR,R27,27,ITMAV
IF,ITMAV,49.475858,-124.178611, ,0.0,0.0,0,0,0,0,0,0,1,0
TF,DAVKO,49.727633,-124.257861,0, ,0.0,0.0,0.0,0.0,2,4100,0,0,0,0,1,0

FINAL,R27,27,R,3
IF,DAVKO,49.727633,-124.257861, ,0.0,0.0,2,3500,0,0,0,0,0,0
TF,ONGOM,49.785239,-124.383853,0, ,0.0,0.0,288.0,6.0,2,2200,0,0,0,0,2,0
TF,MOBID,49.829544,-124.481161,0, ,0.0,0.0,288.0,4.6,1,628,0,0,0,0,3,1
TF,ONDUB,49.961269,-124.772611,0, ,0.0,0.0,0.0,0.0,1,6500,0,0,0,0,0,1
HM,ONDUB,49.961269,-124.772611,2, ,0.0,0.0,287.0,04.3,0,0,0,1,250,0,0,0,0

