APPTR,R06-Y,06,GADRA
IF,GADRA,43.626133,-66.162008, ,0.0,0.0,0,0,0,1,210,0,1,0
TF,DUSDO,43.686850,-66.256619,0, ,0.0,0.0,0.0,0.0,2,1600,0,1,180,0,1,0

APPTR,R06-Y,06,LOGPI
IF,LOGPI,43.747486,-66.351422, ,0.0,0.0,0,0,0,1,210,0,1,0
TF,DUSDO,43.686850,-66.256619,0, ,0.0,0.0,0.0,0.0,2,1600,0,1,180,0,1,0

FINAL,R06-Y,06,R,3
IF,DUSDO,43.686850,-66.256619, ,0.0,0.0,2,1600,0,1,180,0,1,0
TF,BIVPU,43.761786,-66.165292,0, ,0.0,0.0,59.0,6.0,2,1600,0,0,0,0,2,0
TF,RW06,43.817236,-66.097511,0, ,0.0,0.0,59.0,4.4,1,185,0,0,0,0,3,1
TF,KEGNU,43.941878,-65.944508,0, ,0.0,0.0,0.0,0.0,1,1800,0,0,0,0,0,1
HM,KEGNU,43.941878,-65.944508,2, ,0.0,0.0,59.0,08,0,0,0,0,0,0,0,0,0

APPTR,R06-Z,06,APNOT
IF,APNOT,43.635697,-66.165681, ,0.0,0.0,0,0,0,1,210,0,1,0
TF,DUREV,43.690892,-66.251703,0, ,0.0,0.0,0.0,0.0,2,1500,0,0,0,0,1,0

APPTR,R06-Z,06,IGVUP
IF,IGVUP,43.746022,-66.337881, ,0.0,0.0,0,0,0,1,210,0,1,0
TF,DUREV,43.690892,-66.251703,0, ,0.0,0.0,0.0,0.0,2,1500,0,0,0,0,1,0

FINAL,R06-Z,06,R,3
IF,DUREV,43.690892,-66.251703, ,0.0,0.0,2,1500,0,0,0,0,1,0
TF,EBMEP,43.765825,-66.160361,0, ,0.0,0.0,59.0,6.0,2,1500,0,0,0,0,2,0
TF,RW06,43.817236,-66.097511,0, ,0.0,0.0,59.0,4.1,1,188,0,0,0,0,3,1
TF,HAVNN,43.879583,-66.021089,0, ,0.0,0.0,0.0,0.0,1,1800,0,0,0,0,0,1
HM,HAVNN,43.879583,-66.021089,2, ,0.0,0.0,59.0,04.3,0,0,0,0,0,0,0,0,0

APPTR,R15-Y,15,MUTKA
IF,MUTKA,44.023261,-66.185956, ,0.0,0.0,0,0,0,1,210,0,1,0
TF,SIDPU,43.955658,-66.271719,0, ,0.0,0.0,0.0,0.0,2,1600,0,1,180,0,1,0

APPTR,R15-Y,15,PEVNO
IF,PEVNO,43.887992,-66.357286, ,0.0,0.0,0,0,0,1,210,0,1,0
TF,SIDPU,43.955658,-66.271719,0, ,0.0,0.0,0.0,0.0,2,1600,0,1,180,0,1,0

FINAL,R15-Y,15,R,3
IF,SIDPU,43.955658,-66.271719, ,0.0,0.0,2,1600,0,1,180,0,1,0
TF,LOBKU,43.888103,-66.169697,0, ,0.0,0.0,150.0,6.0,2,1600,0,0,0,0,2,0
TF,RW15,43.837128,-66.092958,0, ,0.0,0.0,150.0,4.5,1,160,0,0,0,0,3,1
TF,KERLA,43.724217,-65.923722,0, ,0.0,0.0,0.0,0.0,1,1800,0,0,0,0,0,1
HM,KERLA,43.724217,-65.923722,2, ,0.0,0.0,150.0,08,0,0,0,0,0,0,0,0,0

APPTR,R15-Z,15,DUNPI
IF,DUNPI,43.890192,-66.343531, ,0.0,0.0,0,0,0,1,210,0,1,0
TF,BOXAB,43.951700,-66.265731,0, ,0.0,0.0,0.0,0.0,2,1500,0,0,0,0,1,0

APPTR,R15-Z,15,IMUMA
IF,IMUMA,44.013156,-66.187772, ,0.0,0.0,0,0,0,1,210,0,1,0
TF,BOXAB,43.951700,-66.265731,0, ,0.0,0.0,0.0,0.0,2,1500,0,0,0,0,1,0

FINAL,R15-Z,15,R,3
IF,BOXAB,43.951700,-66.265731, ,0.0,0.0,2,1500,0,0,0,0,1,0
TF,AMEBU,43.884139,-66.163722,0, ,0.0,0.0,150.0,6.0,2,1500,0,0,0,0,2,0
TF,RW15,43.837128,-66.092958,0, ,0.0,0.0,150.0,4.2,1,172,0,0,0,0,3,1
TF,PUTOM,43.780703,-66.008261,0, ,0.0,0.0,0.0,0.0,1,1700,0,0,0,0,0,1
HM,PUTOM,43.780703,-66.008261,2, ,0.0,0.0,150.0,04.3,2,1700,0,1,230,0,0,0,0

APPTR,R24-Y,24,SIGSO
IF,SIGSO,44.021586,-66.016253, ,0.0,0.0,0,0,0,1,210,0,1,0
TF,PENLA,43.960675,-65.921356,0, ,0.0,0.0,0.0,0.0,2,1600,0,1,180,0,1,0

APPTR,R24-Y,24,TANVI
IF,TANVI,43.899686,-65.826650, ,0.0,0.0,0,0,0,1,210,0,1,0
TF,PENLA,43.960675,-65.921356,0, ,0.0,0.0,0.0,0.0,2,1600,0,1,180,0,1,0

FINAL,R24-Y,24,R,3
IF,PENLA,43.960675,-65.921356, ,0.0,0.0,2,1600,0,1,180,0,1,0
TF,MEBSA,43.885936,-66.013292,0, ,0.0,0.0,239.0,6.0,2,1600,0,0,0,0,2,0
TF,RW24,43.829558,-66.082428,0, ,0.0,0.0,239.0,4.5,1,160,0,0,0,0,3,1
TF,VIPTO,43.704731,-66.234856,0, ,0.0,0.0,0.0,0.0,1,1800,0,0,0,0,0,1
HM,VIPTO,43.704731,-66.234856,2, ,0.0,0.0,239.0,08,0,0,0,0,0,0,0,0,0

APPTR,R24-Z,24,APGIN
IF,APGIN,43.901131,-65.840311, ,0.0,0.0,0,0,0,1,210,0,1,0
TF,MEGMI,43.956569,-65.926414,0, ,0.0,0.0,0.0,0.0,2,1500,0,0,0,0,1,0

APPTR,R24-Z,24,KEKDI
IF,KEKDI,44.011942,-66.012675, ,0.0,0.0,0,0,0,1,210,0,1,0
TF,MEGMI,43.956569,-65.926414,0, ,0.0,0.0,0.0,0.0,2,1500,0,0,0,0,1,0

FINAL,R24-Z,24,R,3
IF,MEGMI,43.956569,-65.926414, ,0.0,0.0,2,1500,0,0,0,0,1,0
TF,PEKRU,43.881825,-66.018336,0, ,0.0,0.0,239.0,6.0,2,1500,0,0,0,0,2,0
TF,RW24,43.829558,-66.082428,0, ,0.0,0.0,239.0,4.2,1,165,0,0,0,0,3,1
TF,SASUR,43.767169,-66.158719,0, ,0.0,0.0,0.0,0.0,1,1800,0,0,0,0,0,1
HM,SASUR,43.767169,-66.158719,2, ,0.0,0.0,239.0,04.3,0,0,0,0,0,0,0,0,0

APPTR,R33-Y,33,PUVIR
IF,PUVIR,43.775703,-65.814233, ,0.0,0.0,0,0,0,1,210,0,1,0
TF,BEXOD,43.708375,-65.900061,0, ,0.0,0.0,0.0,0.0,2,1600,0,1,180,0,1,0

APPTR,R33-Y,33,SIBNI
IF,SIBNI,43.640983,-65.985694, ,0.0,0.0,0,0,0,1,210,0,1,0
TF,BEXOD,43.708375,-65.900061,0, ,0.0,0.0,0.0,0.0,2,1600,0,1,180,0,1,0

FINAL,R33-Y,33,R,3
IF,BEXOD,43.708375,-65.900061, ,0.0,0.0,2,1600,0,1,180,0,1,0
TF,DUTOS,43.776175,-66.001472,0, ,0.0,0.0,330.0,6.0,2,1600,0,0,0,0,2,0
TF,RW33,43.827847,-66.079011,0, ,0.0,0.0,330.0,4.6,1,142,0,0,0,0,3,1
TF,LONKI,43.940525,-66.248833,0, ,0.0,0.0,0.0,0.0,1,1800,0,0,0,0,0,1
HM,LONKI,43.940525,-66.248833,2, ,0.0,0.0,330.0,08,0,0,0,0,0,0,0,0,0

APPTR,R33-Z,33,BOSIR
IF,BOSIR,43.773564,-65.827983, ,0.0,0.0,0,0,0,1,210,0,1,0
TF,KIPOT,43.712353,-65.905997,0, ,0.0,0.0,0.0,0.0,2,1500,0,0,0,0,1,0

APPTR,R33-Z,33,LEVUB
IF,LEVUB,43.651086,-65.983853, ,0.0,0.0,0,0,0,1,210,0,1,0
TF,KIPOT,43.712353,-65.905997,0, ,0.0,0.0,0.0,0.0,2,1500,0,0,0,0,1,0

FINAL,R33-Z,33,R,3
IF,KIPOT,43.712353,-65.905997, ,0.0,0.0,2,1500,0,0,0,0,1,0
TF,ALOVI,43.780144,-66.007422,0, ,0.0,0.0,330.0,6.0,2,1500,0,0,0,0,2,0
TF,RW33,43.827847,-66.079011,0, ,0.0,0.0,330.0,4.2,1,154,0,0,0,0,3,1
TF,OMSAP,43.884219,-66.163842,0, ,0.0,0.0,0.0,0.0,1,1800,0,0,0,0,0,1
HM,OMSAP,43.884219,-66.163842,2, ,0.0,0.0,330.0,04.3,2,1800,0,1,230,0,0,0,0

