SID,CYQM5,06,1
VA,0,61.0,2,640,0,0,0,0,0,0
VM,0,0,0,61.0,0,0,0,0,0,0,0,0

SID,CYQM5,11,1
VA,0,106.0,2,640,0,0,0,0,0,0
VM,0,0,0,106.0,0,0,0,0,0,0,0,0

SID,CYQM5,24,1
VA,0,241.0,2,640,0,0,0,0,0,0
VM,0,0,0,241.0,0,0,0,0,0,0,0,0

SID,CYQM5,29,1
VA,0,286.0,2,640,0,0,0,0,0,0
VM,0,0,0,286.0,0,0,0,0,0,0,0,0

APPTR,I06,06,EBLUD
IF,EBLUD,46.032947,-64.952161, ,0.0,0.0,2,4000,0,1,210,0,1,0
TF,CASID,45.976844,-64.863783,0,IFG,0.0,0.0,0.0,0.0,2,3000,0,1,190,0,1,0

APPTR,I06,06,IKDEM
IF,IKDEM,45.920675,-64.775583, ,0.0,0.0,2,4000,0,1,210,0,1,0
TF,CASID,45.976844,-64.863783,0,IFG,0.0,0.0,0.0,0.0,2,3000,0,1,190,0,1,0

FINAL,I06,06,I,3
IF,CASID,45.976844,-64.863783,IFG,240.5,12.3,2,3000,0,1,190,0,0,0
CF,AVTIG,46.055092,-64.761228,0,IFG,240.5,5.9,61.0,6.4,1,1620,0,0,0,0,2,0
CF,RW06,46.105986,-64.694303,0,IFG,240.5,1.8,61.0,4.1,1,281,0,0,0,0,3,0
VA,0,61.0,2,3000,0,0,0,0,0,0
VM,0,0,0,61.0,0,0,0,0,0,0,0,0

APPTR,I29,29,LEVIB
IF,LEVIB,46.198353,-64.416358, ,0.0,0.0,2,4000,0,1,210,0,1,0
TF,ADRET,46.115114,-64.411531,0,IQM,0.0,0.0,0.0,0.0,2,3000,0,1,190,0,1,0

APPTR,I29,29,SUVIP
IF,SUVIP,46.031872,-64.406719, ,0.0,0.0,2,4000,0,1,210,0,1,0
TF,ADRET,46.115114,-64.411531,0,IQM,0.0,0.0,0.0,0.0,2,3000,0,1,190,0,1,0

FINAL,I29,29,I,3
IF,ADRET,46.115114,-64.411531,IQM,105.5,11.9,2,3000,0,1,190,0,0,0
CF,BOXEM,46.110767,-64.563142,0,IQM,105.5,5.6,286.0,6.3,1,1620,0,0,0,0,2,0
CF,RW29,46.107800,-64.662853,0,IQM,105.5,1.4,286.0,4.2,1,273,0,0,0,0,3,0
VA,0,286.0,2,3000,0,0,0,0,0,0
VM,0,0,0,286.0,0,0,0,0,0,0,0,0

APPTR,R06-Y,06,CASID
IF,CASID,45.976844,-64.863783, ,0.0,0.0,2,3000,0,0,0,0,1,0
TF,AVTIG,46.055092,-64.761228,0, ,0.0,0.0,0.0,0.0,2,1600,0,0,0,0,0,0

APPTR,R06-Y,06,NUGOR
IF,NUGOR,46.009156,-64.585872, ,0.0,0.0,2,5000,0,1,210,0,1,0
TF,LEXIX,45.986853,-64.701044,0, ,0.0,0.0,0.0,0.0,2,3500,0,0,0,0,0,0
RF,UKPED,46.023550,-64.776689,2,ARC02,38.0,2.5,2,2200,0,1,200,0,0,0
RF,AVTIG,46.055092,-64.761228,2,ARC02,279.0,2.5,2,1600,0,0,0,0,0,0

APPTR,R06-Y,06,OMVAX
IF,OMVAX,46.021808,-65.024514, ,0.0,0.0,2,5000,0,0,0,0,1,0
TF,ILEDO,46.030847,-64.833597,0, ,0.0,0.0,0.0,0.0,2,2600,0,0,0,0,0,0
RF,AVTIG,46.055092,-64.761228,1,ARC01,198.7,4.5,2,1600,0,0,0,0,0,0

APPTR,R06-Y,06,ROLTO
IF,ROLTO,45.874103,-64.758950, ,0.0,0.0,2,5000,0,0,0,0,1,0
TF,UKPED,46.023550,-64.776689,0, ,0.0,0.0,0.0,0.0,2,2200,0,1,200,0,0,0
RF,AVTIG,46.055092,-64.761228,2,ARC02,379.2,2.5,2,1600,0,0,0,0,0,0

FINAL,R06-Y,06,R,2
IF,AVTIG,46.055092,-64.761228, ,0.0,0.0,2,1600,0,0,0,0,2,0
TF,RW06,46.105986,-64.694303,0, ,0.0,0.0,61.0,4.1,1,281,0,0,0,0,3,1
TF,IMERO,46.248922,-64.505400,0, ,0.0,0.0,0.0,0.0,1,3000,0,0,0,0,0,1
HM,IMERO,46.248922,-64.505400,2, ,0.0,0.0,61.0,04.3,0,0,0,0,0,0,0,0,0

APPTR,R06-Z,06,EBLUD
IF,EBLUD,46.032947,-64.952161, ,0.0,0.0,2,4000,0,1,210,0,1,0
TF,CASID,45.976844,-64.863783,0, ,0.0,0.0,0.0,0.0,2,3000,0,1,190,0,1,0

APPTR,R06-Z,06,IKDEM
IF,IKDEM,45.920675,-64.775583, ,0.0,0.0,2,4000,0,1,210,0,1,0
TF,CASID,45.976844,-64.863783,0, ,0.0,0.0,0.0,0.0,2,3000,0,1,190,0,1,0

FINAL,R06-Z,06,R,3
IF,CASID,45.976844,-64.863783, ,0.0,0.0,2,3000,0,1,190,0,1,0
TF,AVTIG,46.055092,-64.761228,0, ,0.0,0.0,61.0,6.4,2,1600,0,0,0,0,2,0
TF,RW06,46.105986,-64.694303,0, ,0.0,0.0,61.0,4.1,1,281,0,0,0,0,3,1
TF,IMERO,46.248922,-64.505400,0, ,0.0,0.0,0.0,0.0,1,3000,0,0,0,0,0,1
HM,IMERO,46.248922,-64.505400,2, ,0.0,0.0,61.0,04.3,2,3000,0,1,230,0,0,0,0

APPTR,R11-Y,11,AXAMO
IF,AXAMO,46.099297,-64.933642, ,0.0,0.0,2,3000,0,0,0,0,1,0
TF,DEDEG,46.104542,-64.769042,0, ,0.0,0.0,0.0,0.0,2,1300,0,0,0,0,0,0

APPTR,R11-Y,11,NADBU
IF,NADBU,45.928247,-64.817069, ,0.0,0.0,2,5000,0,0,0,0,1,0
TF,IKBUT,46.052661,-64.833900,0, ,0.0,0.0,0.0,0.0,2,2700,0,1,200,0,0,0
RF,DEDEG,46.104542,-64.769042,2,ARC04,165.9,2.9,2,1300,0,0,0,0,0,0

APPTR,R11-Y,11,OMREN
IF,OMREN,46.012164,-64.681722, ,0.0,0.0,2,5000,0,1,210,0,1,0
TF,LESES,46.009664,-64.762947,0, ,0.0,0.0,0.0,0.0,2,4000,0,0,0,0,0,0
RF,IKBUT,46.052661,-64.833900,2,ARC04,60.1,2.9,2,2700,0,1,200,0,0,0
RF,DEDEG,46.104542,-64.769042,2,ARC04,57.9,2.9,2,1300,0,0,0,0,0,0

APPTR,R11-Y,11,VOLUD
IF,VOLUD,46.191000,-64.668953, ,0.0,0.0,2,5000,0,1,210,0,1,0
TF,OTVAB,46.187767,-64.774408,0, ,0.0,0.0,0.0,0.0,2,3700,0,0,0,0,0,0
RF,KEDBA,46.132422,-64.828294,1,ARC03,143.3,2.5,2,2300,0,0,0,0,0,0
RF,DEDEG,46.104542,-64.769042,1,ARC03,379.2,2.5,2,1300,0,0,0,0,0,0

FINAL,R11-Y,11,R,2
IF,DEDEG,46.104542,-64.769042, ,0.0,0.0,2,1300,0,0,0,0,2,0
TF,RW11,46.106842,-64.694361,0, ,0.0,0.0,106.0,3.1,1,273,0,0,0,0,3,1
TF,ADRET,46.115114,-64.411531,0, ,0.0,0.0,0.0,0.0,1,3000,0,0,0,0,0,1
HM,ADRET,46.115114,-64.411531,2, ,0.0,0.0,106.0,04.3,0,0,0,1,230,0,0,0,0

APPTR,R11-Z,11,OLEPA
IF,OLEPA,46.016081,-64.928047, ,0.0,0.0,2,4000,0,1,210,0,1,0
TF,AXAMO,46.099297,-64.933642,0, ,0.0,0.0,0.0,0.0,2,3000,0,0,0,0,1,0

APPTR,R11-Z,11,TADKA
IF,TADKA,46.182514,-64.939253, ,0.0,0.0,2,4000,0,1,210,0,1,0
TF,AXAMO,46.099297,-64.933642,0, ,0.0,0.0,0.0,0.0,2,3000,0,0,0,0,1,0

FINAL,R11-Z,11,R,3
IF,AXAMO,46.099297,-64.933642, ,0.0,0.0,2,3000,0,0,0,0,1,0
TF,APLOR,46.103633,-64.798128,0, ,0.0,0.0,106.0,5.7,2,1700,0,0,0,0,2,0
TF,RW11,46.106842,-64.694361,0, ,0.0,0.0,106.0,4.3,1,273,0,0,0,0,3,1
TF,ADRET,46.115114,-64.411531,0, ,0.0,0.0,0.0,0.0,1,3000,0,0,0,0,0,1
HM,ADRET,46.115114,-64.411531,2, ,0.0,0.0,106.0,04.3,2,3000,0,0,0,0,0,0,0

APPTR,R24-Y,24,AMONA
IF,AMONA,46.214508,-64.799689, ,0.0,0.0,2,5000,0,1,210,0,1,0
TF,LEPIV,46.234228,-64.673211,0, ,0.0,0.0,0.0,0.0,2,3300,0,0,0,0,0,0
RF,URTOT,46.165425,-64.615919,2,ARC05,191.8,2.5,2,1300,0,0,0,0,0,0

APPTR,R24-Y,24,IMABU
IF,IMABU,46.057536,-64.595717, ,0.0,0.0,2,5000,0,1,210,0,1,0
TF,MUVUS,46.109064,-64.527672,0, ,0.0,0.0,0.0,0.0,2,3700,0,0,0,0,0,0
RF,SUVAG,46.138322,-64.511875,1,ARC06,309.8,2.5,2,3100,0,0,0,0,0,0
RF,URTOT,46.165425,-64.615919,1,ARC06,61.6,2.5,2,1300,0,0,0,0,0,0

APPTR,R24-Y,24,IMERO
IF,IMERO,46.248922,-64.505400, ,0.0,0.0,2,3000,0,0,0,0,1,0
TF,URTOT,46.165425,-64.615919,0, ,0.0,0.0,0.0,0.0,2,1300,0,0,0,0,0,0

APPTR,R24-Y,24,OVISA
IF,OVISA,46.038383,-64.508244, ,0.0,0.0,2,5000,0,1,210,0,1,0
TF,SUVAG,46.138322,-64.511875,0, ,0.0,0.0,0.0,0.0,2,3100,0,0,0,0,0,0
RF,URTOT,46.165425,-64.615919,1,ARC06,379.2,2.5,2,1300,0,0,0,0,0,0

FINAL,R24-Y,24,R,2
IF,URTOT,46.165425,-64.615919, ,0.0,0.0,2,1300,0,0,0,0,2,0
TF,RW24,46.126206,-64.667664,0, ,0.0,0.0,241.0,3.2,1,249,0,0,0,0,3,1
TF,CASID,45.976844,-64.863783,0, ,0.0,0.0,0.0,0.0,1,3000,0,0,0,0,0,1
HM,CASID,45.976844,-64.863783,2, ,0.0,0.0,241.0,04.3,0,0,0,1,230,0,0,0,0

APPTR,R24-Z,24,DUTIK
IF,DUTIK,46.305300,-64.593850, ,0.0,0.0,2,4000,0,1,210,0,1,0
TF,IMERO,46.248922,-64.505400,0, ,0.0,0.0,0.0,0.0,2,3000,0,0,0,0,1,0

APPTR,R24-Z,24,MEMVU
IF,MEMVU,46.192478,-64.417131, ,0.0,0.0,2,4000,0,1,210,0,1,0
TF,IMERO,46.248922,-64.505400,0, ,0.0,0.0,0.0,0.0,2,3000,0,0,0,0,1,0

FINAL,R24-Z,24,R,3
IF,IMERO,46.248922,-64.505400, ,0.0,0.0,2,3000,0,0,0,0,1,0
TF,NABIN,46.176614,-64.601136,0, ,0.0,0.0,241.0,5.9,2,1600,0,0,0,0,2,0
TF,RW24,46.126206,-64.667664,0, ,0.0,0.0,241.0,4.1,1,249,0,0,0,0,3,1
TF,CASID,45.976844,-64.863783,0, ,0.0,0.0,0.0,0.0,1,3000,0,0,0,0,0,1
HM,CASID,45.976844,-64.863783,2, ,0.0,0.0,241.0,04.3,2,3000,0,0,0,0,0,0,0

APPTR,R29-Y,29,ADRET
IF,ADRET,46.115114,-64.411531, ,0.0,0.0,2,3000,0,0,0,0,1,0
TF,IKDUL,46.110031,-64.588183,0, ,0.0,0.0,0.0,0.0,2,1300,0,0,0,0,0,0

APPTR,R29-Y,29,OMRID
IF,OMRID,45.936383,-64.520336, ,0.0,0.0,2,5000,0,0,0,0,1,0
TF,VOGUK,46.069625,-64.525825,0, ,0.0,0.0,0.0,0.0,2,2500,0,1,200,0,0,0
RF,IKDUL,46.110031,-64.588183,1,ARC08,336.8,2.5,2,1300,0,0,0,0,0,0

APPTR,R29-Y,29,RONGU
IF,RONGU,46.190244,-64.693944, ,0.0,0.0,2,5000,0,1,210,0,1,0
TF,URPIM,46.193261,-64.593275,0, ,0.0,0.0,0.0,0.0,2,3700,0,0,0,0,0,0
RF,IKDUL,46.110031,-64.588183,2,ARC07,236.7,2.5,2,1300,0,0,0,0,0,0

APPTR,R29-Y,29,VODIG
IF,VODIG,46.023786,-64.683472, ,0.0,0.0,2,5000,0,1,210,0,1,0
TF,OTUDO,46.026797,-64.583106,0, ,0.0,0.0,0.0,0.0,2,3700,0,0,0,0,0,0
RF,VOGUK,46.069625,-64.525825,1,ARC08,332.3,2.5,2,2500,0,1,200,0,0,0
RF,IKDUL,46.110031,-64.588183,1,ARC08,379.2,2.5,2,1300,0,0,0,0,0,0

FINAL,R29-Y,29,R,2
IF,IKDUL,46.110031,-64.588183, ,0.0,0.0,2,1300,0,0,0,0,2,0
TF,RW29,46.107800,-64.662853,0, ,0.0,0.0,286.0,3.1,1,273,0,0,0,0,3,1
TF,AXAMO,46.099297,-64.933642,0, ,0.0,0.0,0.0,0.0,1,3000,0,0,0,0,0,1
HM,AXAMO,46.099297,-64.933642,2, ,0.0,0.0,286.0,04.3,0,0,0,0,0,0,0,0,0

APPTR,R29-Z,29,LEVIB
IF,LEVIB,46.198353,-64.416358, ,0.0,0.0,2,4000,0,1,210,0,1,0
TF,ADRET,46.115114,-64.411531,0, ,0.0,0.0,0.0,0.0,2,3000,0,1,190,0,1,0

APPTR,R29-Z,29,SUVIP
IF,SUVIP,46.031872,-64.406719, ,0.0,0.0,2,4000,0,1,210,0,1,0
TF,ADRET,46.115114,-64.411531,0, ,0.0,0.0,0.0,0.0,2,3000,0,1,190,0,1,0

FINAL,R29-Z,29,R,3
IF,ADRET,46.115114,-64.411531, ,0.0,0.0,2,3000,0,1,190,0,1,0
TF,BOXEM,46.110767,-64.563142,0, ,0.0,0.0,286.0,6.3,2,1600,0,0,0,0,2,0
TF,RW29,46.107800,-64.662853,0, ,0.0,0.0,286.0,4.2,1,273,0,0,0,0,3,1
TF,AXAMO,46.099297,-64.933642,0, ,0.0,0.0,0.0,0.0,1,3000,0,0,0,0,0,1
HM,AXAMO,46.099297,-64.933642,2, ,0.0,0.0,286.0,04.3,2,3000,0,0,0,0,0,0,0

