SID,CYQX6,03,1
VA,0,28.0,2,900,0,0,0,0,0,0
VM,0,0,0,28.0,0,0,0,0,0,0,0,0

SID,CYQX6,13,1
VA,0,125.0,2,900,0,0,0,0,0,0
VM,0,0,0,125.0,0,0,0,0,0,0,0,0

SID,CYQX6,21,1
VA,0,208.0,2,900,0,0,0,0,0,0
VM,0,0,0,208.0,0,0,0,0,0,0,0,0

SID,CYQX6,31,1
VA,0,305.0,2,900,0,0,0,0,0,0
VM,0,0,0,305.0,0,0,0,0,0,0,0,0

APPTR,D21,21,YQX
IF,YQX,48.899700,-54.534883, ,0.0,0.0,0,0,0,0,0,0,0,0
TF,UDBOS,49.036556,-54.589314,0, ,0.0,0.0,0.0,0.0,2,2230,0,0,0,0,0,0
PI,UDBOS,49.036556,-54.589314,1,YQX,50.0,10.0,005,5.0,2,2230,0,0,0,0,1,0
CF,UDBOS,49.036556,-54.589314,0,YQX,5.4,8.5,185.0,8.0,2,2230,0,0,0,0,0,0

FINAL,D21,21,D,2
IF,UDBOS,49.036556,-54.589314,YQX,5.4,8.5,2,2230,0,0,0,0,2,0
CF,TATVA,48.956436,-54.557511,0,YQX,5.4,3.5,185.0,5.0,1,650,0,0,0,0,3,0
CA,0,185.0,2,2600,0,0,0,0,0,0
DF,YQX,48.899700,-54.534883,1, ,0.0,0.0,1,2600,0,0,0,0,0,0
HM,YQX,48.899700,-54.534883,2, ,0.0,0.0,5.0,04.3,0,0,0,0,0,0,0,0,0

APPTR,I03,03,AVSIV
IF,AVSIV,48.731531,-54.328450, ,0.0,0.0,0,0,0,0,0,0,1,0
AF,D208M,48.692022,-54.628078,2,YQX,216.6,13.0,161.0,2,2600,0,0,0,0,0,0
CF,TIMAL,48.698344,-54.631583,0,IQX,208.8,15.4,28.0,0.4,2,2600,0,0,0,0,1,0

APPTR,I03,03,KELGU
IF,KELGU,48.943158,-54.856825, ,0.0,0.0,0,0,0,0,0,0,1,0
AF,D208M,48.692022,-54.628078,1,YQX,216.6,13.0,302.0,2,2600,0,0,0,0,0,0
CF,TIMAL,48.698344,-54.631583,0,IQX,208.8,15.4,28.0,0.4,2,2600,0,0,0,0,1,0

APPTR,I03,03,YQX
IF,YQX,48.899700,-54.534883, ,0.0,0.0,0,0,0,0,0,0,0,0
TF,DUREN,48.861978,-54.584708,0, ,0.0,0.0,0.0,0.0,2,2600,0,0,0,0,0,0
PI,DUREN,48.861978,-54.584708,2,YQX,163.0,10.0,208,5.0,2,2600,0,0,0,0,0,0

FINAL,I03,03,I,3
IF,TIMAL,48.698344,-54.631583,IQX,208.8,15.4,2,2600,0,0,0,0,0,0
CF,DUREN,48.861978,-54.584708,0,IQX,208.8,5.4,28.0,10.0,1,1640,0,0,0,0,2,0
CF,RW03,48.920839,-54.567772,0,IQX,208.7,1.8,28.0,3.6,1,478,0,0,0,0,3,0
VI,0, ,0.0,28.0,0,0,0,0,0,0,0,0
CF,TASDO,49.096439,-54.587856,0,YQX,10.0,12.0,10.0,9.0,1,2800,0,0,0,0,0,0
HM,TASDO,49.096439,-54.587856,2, ,0.0,0.0,10.0,04.3,0,0,0,1,230,0,0,0,0

APPTR,I13,13,MITAM
IF,MITAM,48.739833,-54.888903, ,0.0,0.0,0,0,0,0,0,0,0,0
AF,D305Q,49.020119,-54.923900,2,YQX,315.3,17.0,256.0,2,2600,0,0,0,0,0,0
CF,XETAR,49.021767,-54.910911,0,IGN,305.9,15.1,125.0,0.5,2,2600,0,0,0,0,1,0

APPTR,I13,13,PIGLI
IF,PIGLI,49.168817,-54.668425, ,0.0,0.0,0,0,0,0,0,0,0,0
AF,D305Q,49.020119,-54.923900,1,YQX,315.3,17.0,2.0,2,2600,0,0,0,0,0,0
CF,XETAR,49.021767,-54.910911,0,IGN,305.9,15.1,125.0,0.5,2,2600,0,0,0,0,1,0

APPTR,I13,13,YQX
IF,YQX,48.899700,-54.534883, ,0.0,0.0,0,0,0,0,0,0,0,0
TF,SEGOG,48.971075,-54.670011,0, ,0.0,0.0,0.0,0.0,2,2600,0,0,0,0,0,0
PI,SEGOG,48.971075,-54.670011,2,YQX,260.0,10.0,305,5.0,2,2600,0,0,0,0,0,0

FINAL,I13,13,I,3
IF,XETAR,49.021767,-54.910911,IGN,305.9,15.1,2,2600,0,0,0,0,0,0
CF,SEGOG,48.971075,-54.670011,0,IGN,305.9,5.1,125.0,9.9,1,1660,0,0,0,0,2,0
CF,RW13,48.953203,-54.585756,0,IGN,305.9,1.6,125.0,3.5,1,530,0,0,0,0,3,0
VA,0,125.0,2,2200,0,0,0,0,0,0
VI,1, ,0.0,318.0,0,0,0,0,0,0,0,0
CF,PIGLI,49.168817,-54.668425,0,YQX,2.0,17.0,2.0,8.0,1,2600,0,0,0,0,0,0
HM,PIGLI,49.168817,-54.668425,2, ,0.0,0.0,182.0,04.3,0,0,0,1,230,0,0,0,0

APPTR,R03,03,IKDIX
IF,IKDIX,48.739244,-54.491747, ,0.0,0.0,0,0,0,1,210,0,1,0
TF,EMLEL,48.754792,-54.615447,0, ,0.0,0.0,0.0,0.0,2,1900,0,0,0,0,1,0

APPTR,R03,03,KITAS
IF,KITAS,48.770206,-54.739225, ,0.0,0.0,0,0,0,1,210,0,1,0
TF,EMLEL,48.754792,-54.615447,0, ,0.0,0.0,0.0,0.0,2,1900,0,0,0,0,1,0

FINAL,R03,03,R,4
IF,EMLEL,48.754792,-54.615447, ,0.0,0.0,2,1900,0,0,0,0,1,0
TF,BOSEK,48.852967,-54.587297,0, ,0.0,0.0,28.0,6.0,2,1800,0,0,0,0,2,0
TF,XIKOX,48.883208,-54.578606,0, ,0.0,0.0,28.0,1.8,2,1210,0,0,0,0,0,0
TF,RW03,48.920839,-54.567772,0, ,0.0,0.0,28.0,2.3,1,478,0,0,0,0,3,1
TF,APLAX,49.002642,-54.544167,0, ,0.0,0.0,0.0,0.0,1,2700,0,0,0,0,0,1
HM,APLAX,49.002642,-54.544167,2, ,0.0,0.0,28.0,04.3,0,0,0,1,210,0,0,0,0

APPTR,R13,13,KAPAT
IF,KAPAT,49.084950,-54.795381, ,0.0,0.0,0,0,0,1,210,0,1,0
TF,UKIGI,49.005633,-54.833925,0, ,0.0,0.0,0.0,0.0,2,1900,0,0,0,0,1,0

APPTR,R13,13,VOGOL
IF,VOGOL,48.926303,-54.872347, ,0.0,0.0,0,0,0,1,210,0,1,0
TF,UKIGI,49.005633,-54.833925,0, ,0.0,0.0,0.0,0.0,2,1900,0,0,0,0,1,0

FINAL,R13,13,R,3
IF,UKIGI,49.005633,-54.833925, ,0.0,0.0,2,1900,0,0,0,0,1,0
TF,RIKIB,48.975161,-54.689325,0, ,0.0,0.0,125.0,6.0,2,1900,0,0,0,0,2,0
TF,RW13,48.953203,-54.585756,0, ,0.0,0.0,125.0,4.3,1,530,0,0,0,0,3,1
TF,SIBSU,48.927564,-54.465497,0, ,0.0,0.0,0.0,0.0,1,2700,0,0,0,0,0,1
HM,SIBSU,48.927564,-54.465497,1, ,0.0,0.0,125.0,04.3,0,0,0,1,230,0,0,0,0

APPTR,R21,21,OMOTA
IF,OMOTA,49.112789,-54.383114, ,0.0,0.0,0,0,0,1,210,0,1,0
TF,KEKDA,49.128450,-54.507706,0, ,0.0,0.0,0.0,0.0,2,2100,0,0,0,0,1,0

APPTR,R21,21,VIRDU
IF,VIRDU,49.143978,-54.632378, ,0.0,0.0,0,0,0,1,210,0,1,0
TF,KEKDA,49.128450,-54.507706,0, ,0.0,0.0,0.0,0.0,2,2100,0,0,0,0,1,0

FINAL,R21,21,R,3
IF,KEKDA,49.128450,-54.507706, ,0.0,0.0,2,2100,0,0,0,0,1,0
TF,GUDOB,49.030297,-54.536167,0, ,0.0,0.0,208.0,6.0,2,2100,0,0,0,0,2,0
TF,RW21,48.948306,-54.559856,0, ,0.0,0.0,208.0,5.0,1,504,0,0,0,0,3,1
TF,IRGOM,48.784686,-54.606889,0, ,0.0,0.0,0.0,0.0,1,2700,0,0,0,0,0,1
HM,IRGOM,48.784686,-54.606889,2, ,0.0,0.0,208.0,04.3,0,0,0,1,230,0,0,0,0

APPTR,R31,31,PEPMU
IF,PEPMU,48.968125,-54.246594, ,0.0,0.0,0,0,0,1,210,0,1,0
TF,LEVAD,48.888992,-54.285917,0, ,0.0,0.0,0.0,0.0,2,2100,0,0,0,0,1,0

APPTR,R31,31,URPIS
IF,URPIS,48.809756,-54.324697, ,0.0,0.0,0,0,0,1,210,0,1,0
TF,LEVAD,48.888992,-54.285917,0, ,0.0,0.0,0.0,0.0,2,2100,0,0,0,0,1,0

FINAL,R31,31,R,3
IF,LEVAD,48.888992,-54.285917, ,0.0,0.0,2,2100,0,0,0,0,1,0
TF,GOSIN,48.919758,-54.429031,0, ,0.0,0.0,306.0,6.0,2,2100,0,0,0,0,2,0
TF,RW31,48.945706,-54.550517,0, ,0.0,0.0,306.0,5.1,1,491,0,0,0,0,3,1
TF,IMAMO,48.996681,-54.791331,0, ,0.0,0.0,0.0,0.0,1,2700,0,0,0,0,0,1
HM,IMAMO,48.996681,-54.791331,2, ,0.0,0.0,305.0,04.3,0,0,0,1,230,0,0,0,0

