SID,XORUD4,31,5
DF,DAPOV,53.188689,-122.669650,0, ,0.0,0.0,0,0,0,0,0,0,0,0
TF,XORUD,53.243772,-122.893083,0, ,0.0,0.0,0.0,0.0,0,0,0,0,0,0,0,0

APPTR,R13-Y,13,DASGA
IF,DASGA,53.279086,-122.776600, ,0.0,0.0,0,0,0,0,0,0,1,0
TF,UKTAN,53.194917,-122.687078,0, ,0.0,0.0,0.0,0.0,2,4900,0,1,180,0,1,0

APPTR,R13-Y,13,KAVUG
IF,KAVUG,53.248489,-122.546689, ,0.0,0.0,0,0,0,1,200,0,1,0
TF,UKTAN,53.194917,-122.687078,0, ,0.0,0.0,0.0,0.0,2,4900,0,1,180,0,1,0

APPTR,R13-Y,13,ONDOX
IF,ONDOX,53.141175,-122.827117, ,0.0,0.0,0,0,0,1,200,0,1,0
TF,UKTAN,53.194917,-122.687078,0, ,0.0,0.0,0.0,0.0,2,4900,0,1,180,0,1,0

FINAL,R13-Y,13,R,4
IF,UKTAN,53.194917,-122.687078, ,0.0,0.0,2,4900,0,1,180,0,0,0
TF,ELVUG,53.110678,-122.597906,0, ,0.0,0.0,131.0,6.0,2,3900,0,0,0,0,2,0
TF,LETOD,53.075022,-122.560289,0, ,0.0,0.0,131.0,2.5,2,2940,0,0,0,0,0,0
TF,PEMSO,53.032864,-122.515906,0, ,0.0,0.0,131.0,3.0,1,1838,0,0,0,0,3,1
CA,0,131.0,2,2700,0,0,0,0,0,0
DF,VIPNO,52.788194,-122.389706,0, ,0.0,0.0,1,6900,0,0,0,0,0,1
HM,VIPNO,52.788194,-122.389706,2, ,0.0,0.0,148.0,04.3,0,0,0,0,0,0,0,0,0

APPTR,R13-Z,13,IRLEV
IF,IRLEV,53.230253,-122.549578, ,0.0,0.0,0,0,0,0,0,0,1,0
TF,UKUSO,53.188133,-122.669106,0, ,0.0,0.0,0.0,0.0,2,5300,0,0,0,0,1,0

APPTR,R13-Z,13,OTROD
IF,OTROD,53.145894,-122.788397, ,0.0,0.0,0,0,0,0,0,0,1,0
TF,UKUSO,53.188133,-122.669106,0, ,0.0,0.0,0.0,0.0,2,5300,0,0,0,0,1,0

APPTR,R13-Z,13,VINBA
IF,VINBA,53.259747,-122.739700, ,0.0,0.0,0,0,0,0,0,0,1,0
TF,UKUSO,53.188133,-122.669106,0, ,0.0,0.0,0.0,0.0,2,5300,0,0,0,0,1,0

FINAL,R13-Z,13,R,4
IF,UKUSO,53.188133,-122.669106, ,0.0,0.0,2,5300,0,0,0,0,0,0
TF,XORGA,53.102144,-122.584733,0, ,0.0,0.0,133.0,6.0,2,3500,0,0,0,0,2,0
TF,GOXOT,53.075600,-122.558722,0, ,0.0,0.0,133.0,1.9,2,2870,0,0,0,0,0,0
TF,RW13,53.032569,-122.516703,0, ,0.0,0.0,133.0,3.0,1,1828,0,0,0,0,3,1
TF,KEPSU,52.960825,-122.446842,0, ,0.0,0.0,0.0,0.0,0,0,0,0,0,0,0,0
TF,IMOVI,52.798028,-122.503931,0, ,0.0,0.0,0.0,0.0,1,6000,0,0,0,0,0,1
HM,IMOVI,52.798028,-122.503931,2, ,0.0,0.0,175.0,04.3,0,0,0,0,0,0,0,0,0

APPTR,R31-Y,31,ADVAL
IF,ADVAL,52.703883,-122.198764, ,0.0,0.0,0,0,0,0,0,0,1,0
TF,IKDEP,52.790142,-122.281658,0, ,0.0,0.0,0.0,0.0,2,5800,0,1,180,0,1,0

APPTR,R31-Y,31,MERSO
IF,MERSO,52.840408,-122.139253, ,0.0,0.0,0,0,0,1,200,0,1,0
TF,IKDEP,52.790142,-122.281658,0, ,0.0,0.0,0.0,0.0,2,5800,0,1,180,0,1,0

APPTR,R31-Y,31,PIKLU
IF,PIKLU,52.739706,-122.423733, ,0.0,0.0,0,0,0,1,200,0,1,0
TF,IKDEP,52.790142,-122.281658,0, ,0.0,0.0,0.0,0.0,2,5800,0,1,180,0,1,0

FINAL,R31-Y,31,R,5
IF,IKDEP,52.790142,-122.281658, ,0.0,0.0,2,5800,0,1,180,0,0,0
TF,BOLTU,52.876342,-122.364881,0, ,0.0,0.0,313.0,6.0,2,5300,0,0,0,0,2,0
TF,ITGAB,52.891847,-122.379889,0, ,0.0,0.0,313.0,1.1,2,4900,0,0,0,0,0,0
TF,DULPO,52.952142,-122.438381,0, ,0.0,0.0,313.0,4.2,2,3420,0,0,0,0,0,0
TF,RW31,53.019583,-122.504033,0, ,0.0,0.0,313.0,4.7,1,1821,0,0,0,0,3,1
DF,SEGUB,53.146069,-122.683642,0, ,0.0,0.0,1,6900,0,0,0,0,0,1
HM,SEGUB,53.146069,-122.683642,2, ,0.0,0.0,301.0,04.3,0,0,0,1,230,0,0,0,0

APPTR,R31-Z,31,AIRIE
IF,AIRIE,52.780000,-123.196667, ,0.0,0.0,0,0,0,0,0,0,0,0
TF,USBOB,52.708667,-122.713500,0, ,0.0,0.0,0.0,0.0,2,7100,0,0,0,0,1,0
TF,LOURN,52.804167,-122.295167,0, ,0.0,0.0,0.0,0.0,2,5900,0,0,0,0,1,0

APPTR,R31-Z,31,DEKSI
IF,DEKSI,52.766167,-122.258500, ,0.0,0.0,0,0,0,0,0,0,1,0
TF,LOURN,52.804167,-122.295167,0, ,0.0,0.0,0.0,0.0,2,6200,0,0,0,0,1,0

APPTR,R31-Z,31,LIDUL
IF,LIDUL,53.055333,-122.308000, ,0.0,0.0,0,0,0,0,0,0,0,0
TF,RUNNY,52.839444,-121.995833,0, ,0.0,0.0,0.0,0.0,2,6500,0,0,0,0,1,0
TF,LOURN,52.804167,-122.295167,0, ,0.0,0.0,0.0,0.0,2,6500,0,0,0,0,1,0

FINAL,R31-Z,31,R,4
IF,LOURN,52.804167,-122.295167, ,0.0,0.0,2,5900,0,0,0,0,1,0
TF,ATHON,52.904833,-122.392333,0, ,0.0,0.0,313.0,7.0,2,5000,0,0,0,0,2,0
TF,UKINA,52.947833,-122.434167,0, ,0.0,0.0,313.0,3.0,2,3800,0,0,0,0,0,0
TF,RW31,53.019583,-122.504033,0, ,0.0,0.0,313.0,5.0,1,1821,0,0,0,0,3,1
TF,OMISA,53.139500,-122.621500,0, ,0.0,0.0,0.0,0.0,1,5400,0,0,0,0,0,1
HM,OMISA,53.139500,-122.621500,2, ,0.0,0.0,313.0,04.3,0,0,0,1,250,0,0,0,0

