APPTR,I35,35,RB
IF,RB,74.747144,-94.995031, ,0.0,0.0,0,0,0,0,0,0,0,0
TF,POKAN,74.643111,-94.903503,0, ,0.0,0.0,0.0,0.0,2,1900,0,0,0,0,1,0
PI,POKAN,74.643111,-94.903503,2,YRB,13.9,10.0,059,5.0,2,1900,0,0,0,0,0,0

FINAL,I35,35,I,3
IF,AVINO,74.481539,-94.761564,IRB,166.7,15.6,2,1900,0,0,0,0,0,0
CF,POKAN,74.643111,-94.903503,0,IRB,166.7,5.6,36.4,10.0,1,1540,0,0,0,0,2,0
CF,RW35,74.708267,-94.961592,0,IRB,166.7,1.5,36.4,4.0,1,238,0,0,0,0,3,0
CA,0,36.4,2,2200,0,0,0,0,0,0
DF,RB,74.747144,-94.995031,2, ,0.0,0.0,1,2200,0,0,0,0,0,0
HM,RB,74.747144,-94.995031,2, ,0.0,0.0,18.4,04.3,0,0,0,1,230,0,0,0,0

APPTR,R17,17,DUPMA
HF,DUPMA,74.889142,-95.125486,2, ,0.0,0.0,18.4,04.3,2,1900,0,1,230,0,1,0,0

APPTR,R17,17,IKNOP
IF,IKNOP,74.869633,-95.434472, ,0.0,0.0,0,0,0,1,210,0,1,0
TF,DUPMA,74.889142,-95.125486,0, ,0.0,0.0,0.0,0.0,2,1900,0,0,0,0,1,0

APPTR,R17,17,IRDUG
IF,IRDUG,74.908228,-94.815731, ,0.0,0.0,0,0,0,1,210,0,1,0
TF,DUPMA,74.889142,-95.125486,0, ,0.0,0.0,0.0,0.0,2,1900,0,0,0,0,1,0

FINAL,R17,17,R,3
IF,DUPMA,74.889142,-95.125486, ,0.0,0.0,2,1900,0,0,0,0,0,0
TF,OTIGU,74.808442,-95.051881,0, ,0.0,0.0,18.4,5.0,2,1900,0,0,0,0,2,0
TF,RW17,74.725553,-94.977086,0, ,0.0,0.0,18.4,5.1,1,265,0,0,0,0,3,1
TF,RUDPU,74.644806,-94.905008,0, ,0.0,0.0,0.0,0.0,1,2200,0,0,0,0,0,1
HM,RUDPU,74.644806,-94.905008,2, ,0.0,0.0,18.4,04.3,0,0,0,1,230,0,0,0,0

APPTR,R35,35,ESTAP
IF,ESTAP,74.529214,-95.122572, ,0.0,0.0,0,0,0,1,210,0,1,0
TF,MUSAT,74.548300,-94.819853,0, ,0.0,0.0,0.0,0.0,2,1800,0,0,0,0,1,0

APPTR,R35,35,IPTEK
IF,IPTEK,74.566978,-94.516414, ,0.0,0.0,0,0,0,1,210,0,1,0
TF,MUSAT,74.548300,-94.819853,0, ,0.0,0.0,0.0,0.0,2,1800,0,0,0,0,1,0

APPTR,R35,35,MUSAT
HF,MUSAT,74.548300,-94.819853,2, ,0.0,0.0,36.4,04.3,0,0,0,1,230,0,1,0,0

FINAL,R35,35,R,3
IF,MUSAT,74.548300,-94.819853, ,0.0,0.0,2,1800,0,0,0,0,0,0
TF,OTNEL,74.629078,-94.891056,0, ,0.0,0.0,36.4,5.0,2,1800,0,0,0,0,2,0
TF,RW35,74.708267,-94.961592,0, ,0.0,0.0,36.4,4.9,1,238,0,0,0,0,3,1
TF,URMAT,74.788994,-95.034258,0, ,0.0,0.0,0.0,0.0,1,2400,0,0,0,0,0,1
HM,URMAT,74.788994,-95.034258,2, ,0.0,0.0,36.4,04.3,0,0,0,1,230,0,0,0,0

