SID,CYSJ5,05,1
VA,0,49.0,2,1300,0,0,0,0,0,0
VM,0,0,0,49.0,0,0,0,0,0,0,0,0

SID,CYSJ5,14,1
VA,0,138.0,2,760,0,0,0,0,0,0
VM,0,0,0,138.0,0,0,0,0,0,0,0,0

SID,CYSJ5,23,1
VA,0,229.0,2,760,0,0,0,0,0,0
VM,0,0,0,229.0,0,0,0,0,0,0,0,0

SID,HAMTN3,32,2
VA,0,318.0,2,760,0,0,0,0,0,0
VM,0,0,0,15.0,0,0,0,0,0,0,0,0

SID,MOWND1,32,2
VA,0,318.0,2,760,0,0,0,0,0,0
VM,0,0,0,275.0,0,0,0,0,0,0,0,0

APPTR,I05,05,DASGU
IF,DASGU,45.113197,-65.917989, ,0.0,0.0,0,0,0,1,210,0,1,0
TF,CROSI,45.156028,-66.018964,0,IDM,0.0,0.0,0.0,0.0,2,2200,0,0,0,0,1,0

APPTR,I05,05,ITMAK
IF,ITMAK,45.673056,-65.816667, ,0.0,0.0,0,0,0,0,0,0,0,0
TF,KEPMI,45.507142,-65.923450,0, ,0.0,0.0,0.0,0.0,2,2900,0,0,0,0,0,0
TF,ADVAM,45.198769,-66.120089,0, ,0.0,0.0,0.0,0.0,2,2200,0,1,210,0,1,0
TF,CROSI,45.156028,-66.018964,0,IDM,0.0,0.0,0.0,0.0,2,2200,0,0,0,0,1,0

FINAL,I05,05,I,3
IF,CROSI,45.156028,-66.018964,IDM,229.0,11.6,2,2200,0,0,0,0,0,0
CF,KAVKA,45.241789,-65.946300,0,IDM,229.0,5.6,49.0,6.0,1,1720,0,0,0,0,2,0
CF,RW05,45.302417,-65.894772,0,IDM,229.0,1.4,49.0,4.2,1,349,0,0,0,0,3,0
VA,0,49.0,2,3000,0,0,0,0,0,0
VM,0,0,0,49.0,0,0,0,0,0,0,0,0

APPTR,I23,23,ANVUB
IF,ANVUB,45.384722,-66.436111, ,0.0,0.0,0,0,0,0,0,0,0,0
TF,PIBMI,45.507917,-65.857478,0, ,0.0,0.0,0.0,0.0,2,3300,0,1,210,0,1,0
TF,BOOTI,45.464944,-65.756000,0,ISJ,0.0,0.0,0.0,0.0,2,2200,0,0,0,0,1,0

APPTR,I23,23,SUXIP
IF,SUXIP,45.421881,-65.654675, ,0.0,0.0,0,0,0,1,210,0,1,0
TF,BOOTI,45.464944,-65.756000,0,ISJ,0.0,0.0,0.0,0.0,2,2200,0,0,0,0,1,0

FINAL,I23,23,I,3
IF,BOOTI,45.464944,-65.756000,ISJ,49.0,11.5,2,2200,0,0,0,0,0,0
CF,UDGUN,45.382997,-65.826086,0,ISJ,49.0,5.8,229.0,5.7,1,1820,0,0,0,0,2,0
CF,RW23,45.318422,-65.881147,0,ISJ,49.0,1.3,229.0,4.5,1,360,0,0,0,0,3,0
VA,0,229.0,2,3000,0,0,0,0,0,0
VM,0,0,0,229.0,0,0,0,0,0,0,0,0

APPTR,R05-Y,05,CROSI
IF,CROSI,45.156028,-66.018964, ,0.0,0.0,2,3000,0,0,0,0,1,0
TF,OMLUR,45.256775,-65.933575,0, ,0.0,0.0,0.0,0.0,2,1400,0,0,0,0,0,0

APPTR,R05-Y,05,EMBUD
IF,EMBUD,45.246542,-66.201117, ,0.0,0.0,2,5000,0,0,0,0,1,0
TF,VIXEB,45.236628,-65.988133,0, ,0.0,0.0,0.0,0.0,2,2200,0,1,200,0,0,0
RF,OMLUR,45.256775,-65.933575,1,ARC01,29.7,2.5,2,1400,0,0,0,0,0,0

APPTR,R05-Y,05,ITMAK
IF,ITMAK,45.673056,-65.816667, ,0.0,0.0,2,5000,0,0,0,0,0,0
TF,KEPMI,45.507142,-65.923450,0, ,0.0,0.0,0.0,0.0,2,5000,0,0,0,0,0,0
TF,ROLTA,45.363497,-66.015342,0, ,0.0,0.0,0.0,0.0,1,5000,0,1,210,0,1,0
TF,UDKOG,45.291250,-66.043233,0, ,0.0,0.0,0.0,0.0,2,3600,0,0,0,0,0,0
RF,VIXEB,45.236628,-65.988133,1,ARC02,80.9,2.6,2,2200,0,1,200,0,0,0
RF,OMLUR,45.256775,-65.933575,1,ARC01,138.4,2.5,2,1400,0,0,0,0,0,0

APPTR,R05-Y,05,TADOP
IF,TADOP,45.174492,-65.730386, ,0.0,0.0,2,5000,0,0,0,0,1,0
TF,ONGUX,45.194269,-65.892947,0, ,0.0,0.0,0.0,0.0,2,2900,0,1,200,0,0,0
RF,OMLUR,45.256775,-65.933575,2,ARC03,378.6,2.5,2,1400,0,0,0,0,0,0

FINAL,R05-Y,05,R,2
IF,OMLUR,45.256775,-65.933575, ,0.0,0.0,2,1400,0,0,0,0,2,0
TF,RW05,45.302417,-65.894772,0, ,0.0,0.0,48.0,3.2,1,348,0,0,0,0,3,1
TF,BOOTI,45.464944,-65.756000,0, ,0.0,0.0,0.0,0.0,1,3000,0,0,0,0,0,1
HM,BOOTI,45.464944,-65.756000,2, ,0.0,0.0,49.0,04.3,0,0,0,1,230,0,0,0,0

APPTR,R05-Z,05,DASGU
IF,DASGU,45.113197,-65.917989, ,0.0,0.0,0,0,0,1,210,0,1,0
TF,CROSI,45.156028,-66.018964,0, ,0.0,0.0,0.0,0.0,2,2200,0,0,0,0,1,0

APPTR,R05-Z,05,ITMAK
IF,ITMAK,45.673056,-65.816667, ,0.0,0.0,0,0,0,0,0,0,0,0
TF,KEPMI,45.507142,-65.923450,0, ,0.0,0.0,0.0,0.0,2,2900,0,0,0,0,0,0
TF,ADVAM,45.198769,-66.120089,0, ,0.0,0.0,0.0,0.0,2,2200,0,1,210,0,1,0
TF,CROSI,45.156028,-66.018964,0, ,0.0,0.0,0.0,0.0,2,2200,0,0,0,0,1,0

FINAL,R05-Z,05,R,3
IF,CROSI,45.156028,-66.018964, ,0.0,0.0,2,2200,0,0,0,0,1,0
TF,KAVKA,45.241789,-65.946300,0, ,0.0,0.0,48.0,6.0,2,1700,0,0,0,0,2,0
TF,RW05,45.302417,-65.894772,0, ,0.0,0.0,48.0,4.2,1,348,0,0,0,0,3,1
TF,BOOTI,45.464944,-65.756000,0, ,0.0,0.0,0.0,0.0,1,3000,0,0,0,0,0,1
HM,BOOTI,45.464944,-65.756000,2, ,0.0,0.0,49.0,04.3,2,3000,0,1,230,0,0,0,0

APPTR,R14-Y,14,ANVUB
IF,ANVUB,45.384722,-66.436111, ,0.0,0.0,2,5000,0,0,0,0,0,0
TF,ROGNI,45.375919,-66.233786,0, ,0.0,0.0,0.0,0.0,2,5000,0,0,0,0,1,0
TF,UKPIB,45.365089,-65.995503,0, ,0.0,0.0,0.0,0.0,2,1800,0,1,200,0,0,0
RF,NOPUX,45.359275,-65.969078,2,ARC04,319.5,2.5,2,1500,0,0,0,0,0,0

APPTR,R14-Y,14,EBGID
IF,EBGID,45.415889,-66.103664, ,0.0,0.0,2,3000,0,0,0,0,1,0
TF,NOPUX,45.359275,-65.969078,0, ,0.0,0.0,0.0,0.0,2,1500,0,0,0,0,0,0

APPTR,R14-Y,14,ITMAK
IF,ITMAK,45.673056,-65.816667, ,0.0,0.0,2,5000,0,0,0,0,0,0
TF,VIRBA,45.561542,-65.953044,0, ,0.0,0.0,0.0,0.0,2,5000,0,0,0,0,1,0
TF,IKDOD,45.427147,-66.007300,0, ,0.0,0.0,0.0,0.0,2,2800,0,0,0,0,0,0
RF,NOPUX,45.359275,-65.969078,1,ARC05,62.3,3.6,2,1500,0,0,0,0,0,0

APPTR,R14-Y,14,TULUT
IF,TULUT,45.453942,-65.839678, ,0.0,0.0,2,5000,0,1,210,0,1,0
TF,OTSUK,45.467697,-65.898558,0, ,0.0,0.0,0.0,0.0,2,4300,0,0,0,0,0,0
RF,IKDOD,45.427147,-66.007300,1,ARC05,176.7,3.6,2,2800,0,0,0,0,0,0
RF,NOPUX,45.359275,-65.969078,1,ARC05,378.6,3.6,2,1500,0,0,0,0,0,0

FINAL,R14-Y,14,R,2
IF,NOPUX,45.359275,-65.969078, ,0.0,0.0,2,1500,0,0,0,0,2,0
TF,RW14,45.329897,-65.899489,0, ,0.0,0.0,138.0,3.4,1,407,0,0,0,0,3,1
TF,DUGVO,45.235156,-65.676247,0, ,0.0,0.0,0.0,0.0,1,3000,0,0,0,0,0,1
HM,DUGVO,45.235156,-65.676247,2, ,0.0,0.0,138.0,04.3,0,0,0,1,230,0,0,0,0

APPTR,R14-Z,14,ANVUB
IF,ANVUB,45.384722,-66.436111, ,0.0,0.0,0,0,0,0,0,0,0,0
TF,EBGID,45.415889,-66.103664,0, ,0.0,0.0,0.0,0.0,2,3300,0,0,0,0,1,0

APPTR,R14-Z,14,ITMAK
IF,ITMAK,45.673056,-65.816667, ,0.0,0.0,0,0,0,0,0,0,0,0
TF,VIRBA,45.561542,-65.953044,0, ,0.0,0.0,0.0,0.0,2,3300,0,0,0,0,0,0
TF,GUFFY,45.487450,-66.043033,0, ,0.0,0.0,0.0,0.0,2,3300,0,1,210,0,1,0
TF,EBGID,45.415889,-66.103664,0, ,0.0,0.0,0.0,0.0,2,3300,0,0,0,0,1,0

APPTR,R14-Z,14,JIMEN
IF,JIMEN,45.344297,-66.164142, ,0.0,0.0,0,0,0,1,210,0,1,0
TF,EBGID,45.415889,-66.103664,0, ,0.0,0.0,0.0,0.0,2,3300,0,0,0,0,1,0

FINAL,R14-Z,14,R,3
IF,EBGID,45.415889,-66.103664, ,0.0,0.0,2,3300,0,0,0,0,1,0
TF,CHATH,45.364647,-65.981819,0, ,0.0,0.0,138.0,6.0,2,1700,0,0,0,0,2,0
TF,RW14,45.329897,-65.899489,0, ,0.0,0.0,138.0,4.1,1,407,0,0,0,0,3,1
TF,DUGVO,45.235156,-65.676247,0, ,0.0,0.0,0.0,0.0,1,3000,0,0,0,0,0,1
HM,DUGVO,45.235156,-65.676247,2, ,0.0,0.0,138.0,04.3,2,3000,0,1,230,0,0,0,0

APPTR,R23-Y,23,ANVUB
IF,ANVUB,45.384722,-66.436111, ,0.0,0.0,2,5000,0,0,0,0,0,0
TF,OTUSI,45.408036,-66.003183,0, ,0.0,0.0,0.0,0.0,1,5000,0,1,210,0,1,0
TF,ULUGU,45.436575,-65.904711,0, ,0.0,0.0,0.0,0.0,2,3600,0,0,0,0,0,0
RF,VODOL,45.376572,-65.831569,2,ARC06,49.5,2.5,2,1700,0,0,0,0,0,0

APPTR,R23-Y,23,BOOTI
IF,BOOTI,45.464944,-65.756000, ,0.0,0.0,2,3000,0,0,0,0,1,0
TF,VODOL,45.376572,-65.831569,0, ,0.0,0.0,0.0,0.0,2,1700,0,0,0,0,0,0

APPTR,R23-Y,23,USBEG
IF,USBEG,45.358028,-65.594131, ,0.0,0.0,2,5000,0,1,210,0,1,0
TF,XUBEB,45.394906,-65.763564,0, ,0.0,0.0,0.0,0.0,2,2700,0,0,0,0,0,0
RF,VODOL,45.376572,-65.831569,1,ARC07,378.6,2.5,2,1700,0,0,0,0,0,0

FINAL,R23-Y,23,R,2
IF,VODOL,45.376572,-65.831569, ,0.0,0.0,2,1700,0,0,0,0,2,0
TF,RW23,45.318422,-65.881147,0, ,0.0,0.0,229.0,4.1,1,359,0,0,0,0,3,1
TF,CROSI,45.156028,-66.018964,0, ,0.0,0.0,0.0,0.0,1,3000,0,0,0,0,0,1
HM,CROSI,45.156028,-66.018964,2, ,0.0,0.0,229.0,04.3,0,0,0,1,230,0,0,0,0

APPTR,R23-Z,23,ANVUB
IF,ANVUB,45.384722,-66.436111, ,0.0,0.0,0,0,0,0,0,0,0,0
TF,PIBMI,45.507917,-65.857478,0, ,0.0,0.0,0.0,0.0,2,3300,0,1,210,0,1,0
TF,BOOTI,45.464944,-65.756000,0, ,0.0,0.0,0.0,0.0,2,2200,0,0,0,0,1,0

APPTR,R23-Z,23,SUXIP
IF,SUXIP,45.421881,-65.654675, ,0.0,0.0,0,0,0,1,210,0,1,0
TF,BOOTI,45.464944,-65.756000,0, ,0.0,0.0,0.0,0.0,2,2200,0,0,0,0,1,0

FINAL,R23-Z,23,R,3
IF,BOOTI,45.464944,-65.756000, ,0.0,0.0,2,2200,0,0,0,0,1,0
TF,UDGUN,45.382997,-65.826086,0, ,0.0,0.0,229.0,5.7,2,1800,0,0,0,0,2,0
TF,RW23,45.318422,-65.881147,0, ,0.0,0.0,229.0,4.5,1,359,0,0,0,0,3,1
TF,CROSI,45.156028,-66.018964,0, ,0.0,0.0,0.0,0.0,1,3000,0,0,0,0,0,1
HM,CROSI,45.156028,-66.018964,2, ,0.0,0.0,229.0,04.3,2,3000,0,1,230,0,0,0,0

APPTR,R32-Y,32,DUGVO
IF,DUGVO,45.235156,-65.676247, ,0.0,0.0,2,3000,0,0,0,0,1,0
TF,MEPMA,45.295711,-65.818733,0, ,0.0,0.0,0.0,0.0,2,1400,0,0,0,0,0,0

APPTR,R32-Y,32,KEMRO
IF,KEMRO,45.219739,-65.972694, ,0.0,0.0,2,5000,0,1,210,0,1,0
TF,XUBTI,45.218339,-65.850100,0, ,0.0,0.0,0.0,0.0,2,3400,0,0,0,0,0,0
RF,MEPMA,45.295711,-65.818733,1,ARC09,37.1,2.5,2,1400,0,0,0,0,0,0

APPTR,R32-Y,32,SERGU
IF,SERGU,45.439492,-65.749978, ,0.0,0.0,2,5000,0,1,210,0,1,0
TF,TOXAX,45.337158,-65.729817,0, ,0.0,0.0,0.0,0.0,2,3100,0,1,180,0,0,0
RF,MEPMA,45.295711,-65.818733,2,ARC08,378.6,2.5,2,1400,0,0,0,0,0,0

FINAL,R32-Y,32,R,2
IF,MEPMA,45.295711,-65.818733, ,0.0,0.0,2,1400,0,0,0,0,2,0
TF,RW32,45.322706,-65.882481,0, ,0.0,0.0,319.0,3.1,1,364,0,0,0,0,3,1
TF,EBGID,45.415889,-66.103664,0, ,0.0,0.0,0.0,0.0,1,3000,0,0,0,0,0,1
HM,EBGID,45.415889,-66.103664,2, ,0.0,0.0,318.0,04.3,0,0,0,1,230,0,0,0,0

APPTR,R32-Z,32,BALFE
IF,BALFE,45.163789,-65.737069, ,0.0,0.0,0,0,0,1,210,0,1,0
TF,DUGVO,45.235156,-65.676247,0, ,0.0,0.0,0.0,0.0,2,2100,0,0,0,0,1,0

APPTR,R32-Z,32,CYPTI
IF,CYPTI,45.306492,-65.615275, ,0.0,0.0,0,0,0,1,210,0,1,0
TF,DUGVO,45.235156,-65.676247,0, ,0.0,0.0,0.0,0.0,2,2100,0,0,0,0,1,0

FINAL,R32-Z,32,R,4
IF,DUGVO,45.235156,-65.676247, ,0.0,0.0,2,2100,0,0,0,0,1,0
TF,SEBER,45.286725,-65.797542,0, ,0.0,0.0,319.0,6.0,2,1700,0,0,0,0,2,0
TF,GABLO,45.302131,-65.833875,0, ,0.0,0.0,319.0,1.8,2,1130,0,0,0,0,0,0
TF,RW32,45.322706,-65.882481,0, ,0.0,0.0,319.0,2.4,1,364,0,0,0,0,3,1
TF,EBGID,45.415889,-66.103664,0, ,0.0,0.0,0.0,0.0,1,3000,0,0,0,0,0,1
HM,EBGID,45.415889,-66.103664,2, ,0.0,0.0,318.0,04.3,2,3000,0,1,230,0,0,0,0

