APPTR,R16,16,AGDOV
IF,AGDOV,48.875656,-86.578561, ,0.0,0.0,0,0,0,1,210,0,1,0
TF,OLENU,48.913450,-86.466033,0, ,0.0,0.0,0.0,0.0,2,2900,0,0,0,0,1,0

APPTR,R16,16,NORDS
IF,NORDS,48.951136,-86.353339, ,0.0,0.0,0,0,0,1,210,0,1,0
TF,OLENU,48.913450,-86.466033,0, ,0.0,0.0,0.0,0.0,2,2500,0,0,0,0,1,0

FINAL,R16,16,R,4
IF,OLENU,48.913450,-86.466033, ,0.0,0.0,2,2500,0,0,0,0,1,0
TF,PESDI,48.824361,-86.397444,0, ,0.0,0.0,159.0,6.0,2,2500,0,0,0,0,2,0
TF,APDER,48.809508,-86.386036,0, ,0.0,0.0,159.0,1.0,2,2240,0,0,0,0,0,0
TF,RW16,48.761919,-86.349533,0, ,0.0,0.0,159.0,3.2,1,1079,0,0,0,0,3,1
TF,TETIP,48.687622,-86.292700,0, ,0.0,0.0,0.0,0.0,1,3100,0,0,0,0,0,1
HM,TETIP,48.687622,-86.292700,2, ,0.0,0.0,159.0,04.3,0,0,0,0,0,0,0,0,0

APPTR,R34,34,AGPOB
IF,AGPOB,48.564522,-86.339519, ,0.0,0.0,0,0,0,1,210,0,1,0
TF,IGRUV,48.602089,-86.227508,0, ,0.0,0.0,0.0,0.0,2,2400,0,0,0,0,1,0

APPTR,R34,34,GOFTS
IF,GOFTS,48.639544,-86.115331, ,0.0,0.0,0,0,0,1,210,0,1,0
TF,IGRUV,48.602089,-86.227508,0, ,0.0,0.0,0.0,0.0,2,2500,0,0,0,0,1,0

FINAL,R34,34,R,4
IF,IGRUV,48.602089,-86.227508, ,0.0,0.0,2,2400,0,0,0,0,1,0
TF,KEBLI,48.691281,-86.295494,0, ,0.0,0.0,339.0,6.0,2,1900,0,0,0,0,2,0
TF,LEVUP,48.722489,-86.319347,0, ,0.0,0.0,339.0,2.1,2,1760,0,0,0,0,0,0
TF,RW34,48.752781,-86.342531,0, ,0.0,0.0,339.0,2.0,1,1082,0,0,0,0,3,1
TF,MEVMO,48.827053,-86.399511,0, ,0.0,0.0,0.0,0.0,1,3100,0,0,0,0,0,1
HM,MEVMO,48.827053,-86.399511,2, ,0.0,0.0,339.0,04.3,0,0,0,0,0,0,0,0,0

