APPTR,R17-A,17,EMBIS
IF,EMBIS,50.248517,-115.073192, ,0.0,0.0,0,0,0,1,210,0,1,0
TF,UKVIL,50.245775,-114.917461,0, ,0.0,0.0,0.0,0.0,2,12000,0,0,0,0,1,0
TF,APGAT,50.112808,-114.905231,0, ,0.0,0.0,0.0,0.0,2,9700,0,0,0,0,0,0

APPTR,R17-A,17,OVBUG
IF,OVBUG,50.260211,-114.763289, ,0.0,0.0,0,0,0,1,210,0,1,0
TF,UKVIL,50.245775,-114.917461,0, ,0.0,0.0,0.0,0.0,2,12000,0,0,0,0,1,0
TF,APGAT,50.112808,-114.905231,0, ,0.0,0.0,0.0,0.0,2,9700,0,0,0,0,0,0

FINAL,R17-A,17,R,3
IF,APGAT,50.112808,-114.905231, ,0.0,0.0,2,9700,0,0,0,0,0,0
TF,ULBIK,49.996458,-114.894583,0, ,0.0,0.0,162.0,7.0,2,9400,0,0,0,0,2,0
TF,URMUB,49.854358,-114.873478,0, ,0.0,0.0,160.0,8.6,1,8580,0,0,0,0,3,1
TF,OTLUM,49.473650,-114.801072,0, ,0.0,0.0,158.0,0.0,1,13800,0,1,200,0,0,1
HM,OTLUM,49.473650,-114.801072,2, ,0.0,0.0,158.0,04.3,0,0,0,1,265,0,0,0,0

APPTR,R35-A,35,EMBIS
IF,EMBIS,50.248517,-115.073192, ,0.0,0.0,0,0,0,1,210,0,1,0
TF,UKVIL,50.245775,-114.917461,0, ,0.0,0.0,0.0,0.0,2,12000,0,0,0,0,1,0
TF,APGAT,50.112808,-114.905231,0, ,0.0,0.0,0.0,0.0,2,9700,0,0,0,0,0,0

APPTR,R35-A,35,OVBUG
IF,OVBUG,50.260211,-114.763289, ,0.0,0.0,0,0,0,1,210,0,1,0
TF,UKVIL,50.245775,-114.917461,0, ,0.0,0.0,0.0,0.0,2,12000,0,0,0,0,1,0
TF,APGAT,50.112808,-114.905231,0, ,0.0,0.0,0.0,0.0,2,9700,0,0,0,0,0,0

FINAL,R35-A,35,R,3
IF,APGAT,50.112808,-114.905231, ,0.0,0.0,2,9700,0,0,0,0,0,0
TF,ULBIK,49.996458,-114.894583,0, ,0.0,0.0,162.0,7.0,2,9400,0,0,0,0,2,0
TF,URMUB,49.854358,-114.873478,0, ,0.0,0.0,160.0,8.6,1,8580,0,0,0,0,3,1
TF,OTLUM,49.473650,-114.801072,0, ,0.0,0.0,158.0,0.0,1,13800,0,1,200,0,0,1
HM,OTLUM,49.473650,-114.801072,2, ,0.0,0.0,158.0,04.3,0,0,0,1,265,0,0,0,0

