APPTR,R14,14,AVDOG
IF,AVDOG,49.083444,-66.819281, ,0.0,0.0,0,0,0,1,210,0,1,0
TF,NAKEP,49.184008,-66.758264,0, ,0.0,0.0,0.0,0.0,2,2200,0,0,0,0,1,0

APPTR,R14,14,OBRAV
IF,OBRAV,49.284542,-66.697000, ,0.0,0.0,0,0,0,1,210,0,1,0
TF,NAKEP,49.184008,-66.758264,0, ,0.0,0.0,0.0,0.0,2,2200,0,0,0,0,1,0

FINAL,R14,14,R,3
IF,NAKEP,49.184008,-66.758264, ,0.0,0.0,2,2200,0,0,0,0,0,0
TF,LOKTU,49.153119,-66.640344,0, ,0.0,0.0,131.0,5.0,2,1520,0,0,0,0,2,0
TF,DURID,49.134581,-66.569861,0, ,0.0,0.0,131.0,3.0,1,571,0,0,0,0,3,1
DF,OBRAV,49.284542,-66.697000,1, ,0.0,0.0,1,2200,0,0,0,0,0,1
HM,OBRAV,49.284542,-66.697000,2, ,0.0,0.0,232.0,04.3,0,0,0,1,230,0,0,0,0

