APPTR,R06,06,OTANO
IF,OTANO,45.422911,-62.711456, ,0.0,0.0,0,0,0,1,210,0,1,0
TF,VOKEN,45.488722,-62.802089,0, ,0.0,0.0,0.0,0.0,2,2100,0,1,180,0,1,0

APPTR,R06,06,SOOKE
IF,SOOKE,45.554458,-62.892933, ,0.0,0.0,0,0,0,1,210,0,1,0
TF,VOKEN,45.488722,-62.802089,0, ,0.0,0.0,0.0,0.0,2,2100,0,1,180,0,1,0

FINAL,R06,06,R,4
IF,VOKEN,45.488722,-62.802089, ,0.0,0.0,2,2100,0,1,180,0,1,0
TF,XULPI,45.546708,-62.716989,0, ,0.0,0.0,64.0,5.0,2,2000,0,0,0,0,2,0
TF,ROVRA,45.585853,-62.659397,0, ,0.0,0.0,64.0,3.4,2,920,0,0,0,0,0,0
TF,RW06,45.606697,-62.628675,0, ,0.0,0.0,64.0,1.8,1,351,0,0,0,0,3,1
TF,TEVOT,45.722347,-62.457586,0, ,0.0,0.0,0.0,0.0,1,2700,0,0,0,0,0,1
HM,TEVOT,45.722347,-62.457586,2, ,0.0,0.0,64.0,04.3,0,0,0,0,0,0,0,0,0

APPTR,R24,24,JULAN
IF,JULAN,45.678725,-62.333594, ,0.0,0.0,0,0,0,1,210,0,1,0
TF,AGDUS,45.744833,-62.424197,0, ,0.0,0.0,0.0,0.0,2,1900,0,1,180,0,1,0

APPTR,R24,24,LIDET
IF,LIDET,45.810869,-62.515011, ,0.0,0.0,0,0,0,1,210,0,1,0
TF,AGDUS,45.744833,-62.424197,0, ,0.0,0.0,0.0,0.0,2,1900,0,1,180,0,1,0

FINAL,R24,24,R,3
IF,AGDUS,45.744833,-62.424197, ,0.0,0.0,2,1900,0,1,180,0,1,0
TF,DURUD,45.675506,-62.527017,0, ,0.0,0.0,245.0,6.0,2,1900,0,0,0,0,2,0
TF,RW24,45.616942,-62.613564,0, ,0.0,0.0,244.0,5.1,1,288,0,0,0,0,3,1
TF,AGPEG,45.501056,-62.784011,0, ,0.0,0.0,0.0,0.0,1,2500,0,0,0,0,0,1
HM,AGPEG,45.501056,-62.784011,2, ,0.0,0.0,244.0,04.3,0,0,0,0,0,0,0,0,0

