SID,BOMET7,08,4
DF,LODRA,43.638436,-79.358678,0, ,0.0,0.0,0,0,0,0,0,0,0,0
VM,0,0,0,90.0,0,0,0,0,0,0,0,0
DF,DAVSI,43.705000,-79.218889,0, ,0.0,0.0,0,0,0,0,0,0,0,0

SID,BOMET7,26,4
VA,0,262.0,2,800,0,0,0,0,0,0
DF,EMDOS,43.518056,-79.321389,1, ,0.0,0.0,0,0,0,1,210,0,0,0
VM,0,0,0,150.0,0,0,0,0,0,0,0,0
DF,DAVSI,43.705000,-79.218889,0, ,0.0,0.0,0,0,0,0,0,0,0,0

SID,BOMET7,ALL,5
IF,DAVSI,43.705000,-79.218889, ,0.0,0.0,0,0,0,0,0,0,0,0
TF,TESUK,43.850833,-78.815556,0, ,0.0,0.0,0.0,0.0,0,0,0,0,0,0,0,0
TF,TALEB,44.015833,-78.388056,0, ,0.0,0.0,0.0,0.0,0,0,0,0,0,0,0,0
TF,BOMET,44.170000,-77.983056,0, ,0.0,0.0,0.0,0.0,0,0,0,0,0,0,0,0

SID,BOMET7,IPTOS,6
IF,BOMET,44.170000,-77.983056, ,0.0,0.0,0,0,0,0,0,0,0,0
TF,NOPOT,44.287500,-77.547500,0, ,0.0,0.0,0.0,0.0,0,0,0,0,0,0,0,0
TF,TIGET,44.390556,-77.161944,0, ,0.0,0.0,0.0,0.0,0,0,0,0,0,0,0,0
TF,IPTOS,44.921122,-76.223619,0, ,0.0,0.0,0.0,0.0,0,0,0,0,0,0,0,0

SID,BOMET7,MIGLO,6
IF,BOMET,44.170000,-77.983056, ,0.0,0.0,0,0,0,0,0,0,0,0
TF,NOPOT,44.287500,-77.547500,0, ,0.0,0.0,0.0,0.0,0,0,0,0,0,0,0,0
TF,TIGET,44.390556,-77.161944,0, ,0.0,0.0,0.0,0.0,0,0,0,0,0,0,0,0
TF,MIGLO,44.635833,-76.210528,0, ,0.0,0.0,0.0,0.0,0,0,0,0,0,0,0,0

SID,BOMET7,MIVOK,6
IF,BOMET,44.170000,-77.983056, ,0.0,0.0,0,0,0,0,0,0,0,0
TF,MIVOK,44.360053,-77.589056,0, ,0.0,0.0,0.0,0.0,0,0,0,0,0,0,0,0

SID,BOMET7,OLABA,6
IF,BOMET,44.170000,-77.983056, ,0.0,0.0,0,0,0,0,0,0,0,0
TF,NOPOT,44.287500,-77.547500,0, ,0.0,0.0,0.0,0.0,0,0,0,0,0,0,0,0
TF,TIGET,44.390556,-77.161944,0, ,0.0,0.0,0.0,0.0,0,0,0,0,0,0,0,0
TF,OLABA,44.476389,-76.203333,0, ,0.0,0.0,0.0,0.0,0,0,0,0,0,0,0,0

SID,DUSOM2,08,4
DF,LODRA,43.638436,-79.358678,0, ,0.0,0.0,0,0,0,0,0,0,0,0
VM,0,0,0,90.0,0,0,0,0,0,0,0,0
DF,DUSOM,43.246389,-79.673611,0, ,0.0,0.0,0,0,0,0,0,0,0,0

SID,DUSOM2,26,4
VA,0,262.0,2,800,0,0,0,0,0,0
DF,EMDOS,43.518056,-79.321389,1, ,0.0,0.0,0,0,0,1,210,0,0,0
VM,0,0,0,150.0,0,0,0,0,0,0,0,0
DF,DUSOM,43.246389,-79.673611,0, ,0.0,0.0,0,0,0,0,0,0,0,0

SID,DUSOM2,PSB,6
IF,DUSOM,43.246389,-79.673611, ,0.0,0.0,0,0,0,0,0,0,0,0
TF,RIGUS,42.861111,-79.668333,0, ,0.0,0.0,0.0,0.0,0,0,0,0,0,0,0,0
TF,MIKKY,42.313478,-79.727658,0, ,0.0,0.0,0.0,0.0,0,0,0,0,0,0,0,0
TF,PSB,40.916258,-77.992717,0, ,0.0,0.0,0.0,0.0,0,0,0,0,0,0,0,0

SID,ISLND1,08,4
DF,LODRA,43.638436,-79.358678,0, ,0.0,0.0,0,0,0,0,0,0,0,0
VM,0,0,0,90.0,0,0,0,0,0,0,0,0

SID,ISLND1,26,4
VA,0,262.0,2,800,0,0,0,0,0,0
DF,EMDOS,43.518056,-79.321389,1, ,0.0,0.0,0,0,0,1,210,0,0,0
VM,0,0,0,150.0,0,0,0,0,0,0,0,0

SID,MAVAN2,08,4
DF,LODRA,43.638436,-79.358678,0, ,0.0,0.0,0,0,0,0,0,0,0,0
VM,0,0,0,90.0,0,0,0,0,0,0,0,0
DF,RIKEM,43.441944,-79.130000,0, ,0.0,0.0,0,0,0,0,0,0,0,0

SID,MAVAN2,26,4
VA,0,262.0,2,800,0,0,0,0,0,0
DF,EMDOS,43.518056,-79.321389,1, ,0.0,0.0,0,0,0,1,210,0,0,0
VM,0,0,0,150.0,0,0,0,0,0,0,0,0
DF,RIKEM,43.441944,-79.130000,0, ,0.0,0.0,0,0,0,0,0,0,0,0

SID,MAVAN2,BMPAH,6
IF,RIKEM,43.441944,-79.130000, ,0.0,0.0,0,0,0,0,0,0,0,0
TF,KEPTA,43.323611,-78.750000,0, ,0.0,0.0,0.0,0.0,0,0,0,0,0,0,0,0
TF,BMPAH,43.188889,-78.323919,0, ,0.0,0.0,0.0,0.0,0,0,0,0,0,0,0,0

SID,MAVAN2,WOZEE,6
IF,RIKEM,43.441944,-79.130000, ,0.0,0.0,0,0,0,0,0,0,0,0
TF,WOZEE,42.933792,-78.738789,0, ,0.0,0.0,0.0,0.0,3,9000,0,0,0,0,0,0

SID,OAKVL3,08,4
DF,LODRA,43.638436,-79.358678,0, ,0.0,0.0,0,0,0,0,0,0,0,0
VM,0,0,0,90.0,0,0,0,0,0,0,0,0
DF,OAKVL,43.255556,-79.764167,0, ,0.0,0.0,0,0,0,0,0,0,0,0

SID,OAKVL3,26,4
VA,0,262.0,2,800,0,0,0,0,0,0
DF,EMDOS,43.518056,-79.321389,1, ,0.0,0.0,0,0,0,1,210,0,0,0
VM,0,0,0,150.0,0,0,0,0,0,0,0,0
DF,OAKVL,43.255556,-79.764167,0, ,0.0,0.0,0,0,0,0,0,0,0,0

SID,OAKVL3,ALL,5
IF,OAKVL,43.255556,-79.764167, ,0.0,0.0,0,0,0,0,0,0,0,0
TF,BETES,42.832778,-79.906944,0, ,0.0,0.0,0.0,0.0,0,0,0,0,0,0,0,0

SID,OAKVL3,AIRRA,6
IF,BETES,42.832778,-79.906944, ,0.0,0.0,0,0,0,0,0,0,0,0
TF,SAMYL,42.249006,-80.055106,0, ,0.0,0.0,0.0,0.0,0,0,0,0,0,0,0,0
TF,AIRRA,41.104578,-80.063536,0, ,0.0,0.0,0.0,0.0,0,0,0,0,0,0,0,0

SID,OAKVL3,ERI,6
IF,BETES,42.832778,-79.906944, ,0.0,0.0,0,0,0,0,0,0,0,0
TF,ERI,42.017397,-80.292697,0, ,0.0,0.0,0.0,0.0,0,0,0,0,0,0,0,0

SID,OAKVL3,FOXEE,6
IF,BETES,42.832778,-79.906944, ,0.0,0.0,0,0,0,0,0,0,0,0
TF,SAMYL,42.249006,-80.055106,0, ,0.0,0.0,0.0,0.0,0,0,0,0,0,0,0,0
TF,FOXEE,41.193853,-80.495581,0, ,0.0,0.0,0.0,0.0,0,0,0,0,0,0,0,0

SID,PERLO4,08,4
DF,LODRA,43.638436,-79.358678,0, ,0.0,0.0,0,0,0,0,0,0,0,0
VM,0,0,0,90.0,0,0,0,0,0,0,0,0
DF,ANCOL,43.243333,-79.917222,0, ,0.0,0.0,0,0,0,0,0,0,0,0

SID,PERLO4,26,4
VA,0,262.0,2,800,0,0,0,0,0,0
DF,EMDOS,43.518056,-79.321389,1, ,0.0,0.0,0,0,0,1,210,0,0,0
VM,0,0,0,150.0,0,0,0,0,0,0,0,0
DF,ANCOL,43.243333,-79.917222,0, ,0.0,0.0,0,0,0,0,0,0,0,0

SID,PERLO4,ALL,5
IF,ANCOL,43.243333,-79.917222, ,0.0,0.0,0,0,0,0,0,0,0,0
TF,LETOR,43.194167,-80.252222,0, ,0.0,0.0,0.0,0.0,0,0,0,0,0,0,0,0

SID,PERLO4,DERLO,6
IF,LETOR,43.194167,-80.252222, ,0.0,0.0,0,0,0,0,0,0,0,0
TF,SEVBI,43.132778,-80.662500,0, ,0.0,0.0,0.0,0.0,0,0,0,0,0,0,0,0
TF,DERLO,43.066389,-81.095278,0, ,0.0,0.0,0.0,0.0,0,0,0,0,0,0,0,0

SID,PERLO4,GGUCE,6
IF,LETOR,43.194167,-80.252222, ,0.0,0.0,0,0,0,0,0,0,0,0
TF,GGUCE,42.706844,-80.890758,0, ,0.0,0.0,0.0,0.0,3,22000,0,0,0,0,0,0

SID,PERLO4,GNTRY,6
IF,LETOR,43.194167,-80.252222, ,0.0,0.0,0,0,0,0,0,0,0,0
TF,PEMBA,42.873611,-81.126667,0, ,0.0,0.0,0.0,0.0,2,24000,0,0,0,0,0,0
TF,NUGID,42.763611,-81.420833,0, ,0.0,0.0,0.0,0.0,0,0,0,0,0,0,0,0
TF,GNTRY,42.509722,-81.789667,0, ,0.0,0.0,0.0,0.0,0,0,0,0,0,0,0,0

SID,TEVAD2,08,4
DF,LODRA,43.638436,-79.358678,0, ,0.0,0.0,0,0,0,0,0,0,0,0
VM,0,0,0,90.0,0,0,0,0,0,0,0,0
DF,NADUM,43.517222,-79.076389,0, ,0.0,0.0,0,0,0,0,0,0,0,0

SID,TEVAD2,26,4
VA,0,262.0,2,800,0,0,0,0,0,0
DF,EMDOS,43.518056,-79.321389,1, ,0.0,0.0,0,0,0,1,210,0,0,0
VM,0,0,0,150.0,0,0,0,0,0,0,0,0
DF,NADUM,43.517222,-79.076389,0, ,0.0,0.0,0,0,0,0,0,0,0,0

SID,TEVAD2,AHPAH,6
IF,NADUM,43.517222,-79.076389, ,0.0,0.0,0,0,0,0,0,0,0,0
TF,TEVAD,43.446389,-78.750000,0, ,0.0,0.0,0.0,0.0,0,0,0,0,0,0,0,0
TF,AHPAH,43.305278,-78.126419,0, ,0.0,0.0,0.0,0.0,0,0,0,0,0,0,0,0

STAR,ILIXU1,ILIXU,4
IF,ILIXU,43.955917,-77.358547, ,0.0,0.0,0,0,0,0,0,0,0,0
TF,DUSUB,43.717778,-78.320833,0, ,0.0,0.0,0.0,0.0,1,14000,0,0,0,0,0,0
TF,UKPAG,43.684828,-78.831231,0, ,0.0,0.0,0.0,0.0,3,7000,0,0,0,0,0,0

STAR,ILIXU1,KEMVI,4
IF,KEMVI,45.257614,-75.359564, ,0.0,0.0,0,0,0,0,0,0,0,0
TF,LORKA,44.769089,-76.216631,0, ,0.0,0.0,0.0,0.0,0,0,0,0,0,0,0,0
TF,ILIXU,43.955917,-77.358547,0, ,0.0,0.0,0.0,0.0,0,0,0,0,0,0,0,0
TF,DUSUB,43.717778,-78.320833,0, ,0.0,0.0,0.0,0.0,1,14000,0,0,0,0,0,0
TF,UKPAG,43.684828,-78.831231,0, ,0.0,0.0,0.0,0.0,3,7000,0,0,0,0,0,0

STAR,ILIXU1,LORKA,4
IF,LORKA,44.769089,-76.216631, ,0.0,0.0,0,0,0,0,0,0,0,0
TF,ILIXU,43.955917,-77.358547,0, ,0.0,0.0,0.0,0.0,0,0,0,0,0,0,0,0
TF,DUSUB,43.717778,-78.320833,0, ,0.0,0.0,0.0,0.0,1,14000,0,0,0,0,0,0
TF,UKPAG,43.684828,-78.831231,0, ,0.0,0.0,0.0,0.0,3,7000,0,0,0,0,0,0

STAR,ILIXU1,ALL,5
IF,UKPAG,43.684828,-78.831231, ,0.0,0.0,3,7000,0,0,0,0,0,0
TF,MURUM,43.651997,-78.959525,0, ,0.0,0.0,0.0,0.0,3,5000,0,0,0,0,0,0

STAR,ILIXU1,08,6
IF,MURUM,43.651997,-78.959525, ,0.0,0.0,3,5000,0,0,0,0,0,0
TF,MEGAG,43.578828,-79.242947,0, ,0.0,0.0,0.0,0.0,0,0,0,0,0,0,0,0
TF,LENOG,43.542436,-79.391328,0, ,0.0,0.0,0.0,0.0,4,3000,2000,1,210,0,0,0
TF,ROTRU,43.471325,-79.450706,0, ,0.0,0.0,0.0,0.0,0,0,0,0,0,0,0,0
TF,LEPAB,43.442828,-79.474456,0, ,0.0,0.0,0.0,0.0,0,0,0,0,0,0,0,0
FM,LEPAB,43.442828,-79.474456,0,YYZ,0.0,0.0,222.0,0,0,0,0,0,0,0,0

STAR,ILIXU1,26,6
IF,MURUM,43.651997,-78.959525, ,0.0,0.0,3,5000,0,0,0,0,0,0
TF,VIPRI,43.677058,-79.168442,0, ,0.0,0.0,0.0,0.0,4,3000,2000,1,200,0,0,0

STAR,KAXOL2,ALL,5
IF,KAXOL,43.208889,-79.047500, ,0.0,0.0,0,0,0,0,0,0,0,0
TF,LARDR,43.498611,-79.191944,0, ,0.0,0.0,0.0,0.0,3,5000,0,0,0,0,0,0

STAR,KAXOL2,08,6
IF,LARDR,43.498611,-79.191944, ,0.0,0.0,3,5000,0,0,0,0,0,0
TF,LENOG,43.542436,-79.391328,0, ,0.0,0.0,0.0,0.0,4,3000,2000,1,210,0,0,0
TF,ROTRU,43.471325,-79.450706,0, ,0.0,0.0,0.0,0.0,0,0,0,0,0,0,0,0
TF,LEPAB,43.442828,-79.474456,0, ,0.0,0.0,0.0,0.0,0,0,0,0,0,0,0,0
FM,LEPAB,43.442828,-79.474456,0,YYZ,0.0,0.0,222.0,0,0,0,0,0,0,0,0

STAR,KAXOL2,26,6
IF,LARDR,43.498611,-79.191944, ,0.0,0.0,3,5000,0,0,0,0,0,0
TF,ALGUR,43.596994,-79.136569,0, ,0.0,0.0,0.0,0.0,2,2000,0,1,200,0,0,0
TF,OBTUR,43.606239,-79.092492,0, ,0.0,0.0,0.0,0.0,0,0,0,0,0,0,0,0
FM,OBTUR,43.606239,-79.092492,0,YYZ,0.0,0.0,85.0,0,0,0,0,0,0,0,0

APPTR,I08,08,ROTRU
IF,ROTRU,43.471325,-79.450706, ,0.0,0.0,2,2000,0,1,210,0,1,0
TF,OVUGI,43.530575,-79.584978,0, ,0.0,0.0,0.0,0.0,2,2000,0,0,0,0,0,0
TF,BORID,43.593803,-79.565267,0,ITZ,0.0,0.0,0.0,0.0,2,2000,0,0,0,0,1,0

FINAL,I08,08,I,3
IF,BORID,43.593803,-79.565267,ITZ,265.3,7.9,2,2000,0,0,0,0,0,0
CF,RONTO,43.612850,-79.472558,0,ITZ,265.3,3.7,85.0,4.2,1,1480,0,0,0,0,2,0
CF,RW08,43.627467,-79.403336,0,ITZ,267.8,0.6,85.0,3.1,1,307,0,0,0,0,3,0
VA,0,85.0,2,780,0,0,0,0,0,0
VI,2, ,0.0,177.0,0,0,0,0,0,0,0,0
CF,RIKEM,43.441944,-79.130000,0,YYZ,130.5,25.4,130.0,10.0,1,2000,0,0,0,0,0,0
HM,RIKEM,43.441944,-79.130000,1, ,0.0,0.0,310.0,04.3,0,0,0,1,250,0,0,0,0

APPTR,L08,08,ROTRU
IF,ROTRU,43.471325,-79.450706, ,0.0,0.0,2,2000,0,1,210,0,1,0
TF,OVUGI,43.530575,-79.584978,0, ,0.0,0.0,0.0,0.0,2,2000,0,0,0,0,0,0
TF,BORID,43.593803,-79.565267,0,ITZ,0.0,0.0,0.0,0.0,2,2000,0,0,0,0,1,0

FINAL,L08,08,D,3
IF,BORID,43.593803,-79.565267,ITZ,265.3,7.9,2,2000,0,0,0,0,0,0
CF,RONTO,43.612850,-79.472558,0,ITZ,265.3,3.7,85.0,4.2,2,1500,0,0,0,0,2,0
CF,MA08,43.627050,-79.403175,0,ITZ,265.3,0.6,85.0,3.1,1,307,0,0,0,0,3,0
VA,0,85.0,2,760,0,0,0,0,0,0
VI,2, ,0.0,177.0,0,0,0,0,0,0,0,0
CF,RIKEM,43.441944,-79.130000,0,YYZ,130.5,25.4,130.0,10.0,1,2000,0,0,0,0,0,0
HM,RIKEM,43.441944,-79.130000,1, ,0.0,0.0,310.0,04.3,0,0,0,1,250,0,0,0,0

APPTR,L26,26,ALGUR
IF,ALGUR,43.596994,-79.136569, ,0.0,0.0,0,0,0,1,200,0,1,0
TF,VIPRI,43.677058,-79.168442,0,ICR,0.0,0.0,0.0,0.0,2,2000,0,0,0,0,1,0

APPTR,L26,26,ALKEG
IF,ALKEG,43.790278,-79.113889, ,0.0,0.0,0,0,0,1,200,0,1,0
TF,VIPRI,43.677058,-79.168442,0,ICR,0.0,0.0,0.0,0.0,2,2000,0,0,0,0,1,0

APPTR,L26,26,OMTEX
IF,OMTEX,43.698572,-79.057528, ,0.0,0.0,0,0,0,1,200,0,1,0
CF,VIPRI,43.677058,-79.168442,0,ICR,85.0,10.6,266.0,5.0,2,2000,0,0,0,0,1,0

FINAL,L26,26,D,4
IF,VIPRI,43.677058,-79.168442,ICR,85.0,10.6,2,2000,0,0,0,0,0,0
CF,RABIX,43.646011,-79.316214,0,ICR,85.3,3.9,265.0,6.7,2,1500,0,0,0,0,2,0
CF,XIDEK,43.641775,-79.338411,0,ICR,85.0,2.9,265.0,1.0,2,1220,0,0,0,0,0,0
CF,MA26,43.631169,-79.389328,0,ICR,85.3,0.6,265.0,2.3,1,305,0,0,0,0,3,0
VA,0,265.0,2,800,0,0,0,0,0,0
DF,MUSET,43.347778,-79.521944,0, ,0.0,0.0,1,2000,0,0,0,0,0,1
HM,MUSET,43.347778,-79.521944,1, ,0.0,0.0,270.0,04.3,0,0,0,1,230,0,0,0,0

APPTR,R08-W,08,MUSET
IF,MUSET,43.347778,-79.521944, ,0.0,0.0,0,0,0,0,0,0,0,0
TF,SEKUX,43.505006,-79.633375,0, ,0.0,0.0,0.0,0.0,2,2000,0,0,0,0,1,0
TF,LESAK,43.560181,-79.576464,0, ,0.0,0.0,0.0,0.0,2,2000,0,0,0,0,1,0

FINAL,R08-W,08,R,3
IF,LESAK,43.560181,-79.576464, ,0.0,0.0,2,2000,0,0,0,0,0,0
TF,OLANO,43.610181,-79.473497,0, ,0.0,0.0,67.0,5.4,2,1500,0,0,0,0,2,0
TF,RW08,43.627467,-79.403336,0, ,0.0,0.0,82.0,3.2,1,291,0,0,0,0,3,1
VA,0,82.0,2,1200,0,0,0,0,0,0
DF,RIKEM,43.441944,-79.130000,0, ,0.0,0.0,1,2000,0,0,0,0,0,1
HM,RIKEM,43.441944,-79.130000,1, ,0.0,0.0,90.0,04.3,0,0,0,1,230,0,0,0,0

APPTR,R08-X,08,ROTRU
IF,ROTRU,43.471325,-79.450706, ,0.0,0.0,2,2000,0,1,210,0,1,0
TF,OVUGI,43.530575,-79.584978,0, ,0.0,0.0,0.0,0.0,2,2000,0,0,0,0,0,0
TF,PEKVA,43.581875,-79.545450,0, ,0.0,0.0,0.0,0.0,2,2000,0,0,0,0,1,0

FINAL,R08-X,08,R,3
IF,PEKVA,43.581875,-79.545450, ,0.0,0.0,2,2000,0,0,0,0,0,0
TF,PELMI,43.612572,-79.474503,0, ,0.0,0.0,70.0,3.6,2,1500,0,0,0,0,2,0
TF,MEGBO,43.627150,-79.403203,0, ,0.0,0.0,85.0,3.2,1,297,0,0,0,0,3,1
VA,0,85.0,2,700,0,0,0,0,0,0
DF,XIBAL,43.575314,-79.289908,0, ,0.0,0.0,2,2000,0,1,165,0,0,0
TF,RIKEM,43.441944,-79.130000,0, ,0.0,0.0,0.0,0.0,1,2000,0,0,0,0,0,1
HM,RIKEM,43.441944,-79.130000,1, ,0.0,0.0,90.0,04.3,0,0,0,1,230,0,0,0,0

APPTR,R08-Y,08,HUNNS
IF,HUNNS,43.562011,-79.473175, ,0.0,0.0,1,2000,0,1,210,0,1,0
TF,KEGDU,43.595300,-79.475597,0, ,0.0,0.0,0.0,0.0,2,1800,0,0,0,0,0,0

APPTR,R08-Y,08,LENOG
IF,LENOG,43.542436,-79.391328, ,0.0,0.0,4,3000,2000,1,210,0,1,0
TF,EPSUK,43.568169,-79.452692,0, ,0.0,0.0,0.0,0.0,2,1800,0,1,190,0,0,0
RF,KEGDU,43.595300,-79.475597,2,ARC01,370.6,2.0,2,1800,0,0,0,0,0,0

FINAL,R08-Y,08,R,3
IF,KEGDU,43.595300,-79.475597, ,0.0,0.0,2,1800,0,0,0,0,2,0
RF,NOROR,43.616117,-79.455078,2,ARC02,84.8,1.2,2,1183,0,0,0,0,0,0
TF,OBTAL,43.626756,-79.403033,0, ,0.0,0.0,85.0,2.4,1,308,0,0,0,0,3,1
VA,0,85.0,2,940,0,0,0,0,0,0
DF,RIKEM,43.441944,-79.130000,0, ,0.0,0.0,1,2000,0,1,190,0,0,1
HM,RIKEM,43.441944,-79.130000,1, ,0.0,0.0,90.0,04.3,0,0,0,1,230,0,0,0,0

APPTR,R08-Z,08,ROTRU
IF,ROTRU,43.471325,-79.450706, ,0.0,0.0,0,0,0,1,210,0,1,0
TF,OBVEK,43.514547,-79.548592,0, ,0.0,0.0,0.0,0.0,2,1500,0,0,0,0,1,0

APPTR,R08-Z,08,XOTEP
IF,XOTEP,43.443242,-79.607853, ,0.0,0.0,0,0,0,1,210,0,1,0
TF,OBVEK,43.514547,-79.548592,0, ,0.0,0.0,0.0,0.0,2,1700,0,0,0,0,1,0

FINAL,R08-Z,08,R,4
IF,OBVEK,43.514547,-79.548592, ,0.0,0.0,2,1500,0,0,0,0,0,0
TF,IKBAM,43.585819,-79.489192,0, ,0.0,0.0,42.0,5.0,2,1500,0,0,0,0,2,0
TF,SEPDI,43.603269,-79.455608,0, ,0.0,0.0,65.0,1.8,2,940,0,0,0,0,0,0
TF,DUVUM,43.612961,-79.436944,0, ,0.0,0.0,65.0,1.0,1,849,0,0,0,0,3,1
DF,VILKI,43.585319,-79.334144,0, ,0.0,0.0,0,0,0,1,140,0,0,0
TF,RIKEM,43.441944,-79.130000,0, ,0.0,0.0,0.0,0.0,1,2000,0,0,0,0,0,1
HM,RIKEM,43.441944,-79.130000,1, ,0.0,0.0,90.0,04.3,0,0,0,1,230,0,0,0,0

APPTR,R26-X,26,ALGUR
IF,ALGUR,43.596994,-79.136569, ,0.0,0.0,2,2000,0,1,200,0,1,0
TF,VIPRI,43.677058,-79.168442,0, ,0.0,0.0,0.0,0.0,2,2000,0,0,0,0,1,0

APPTR,R26-X,26,ALKEG
IF,ALKEG,43.790278,-79.113889, ,0.0,0.0,2,2000,0,1,200,0,1,0
TF,VIPRI,43.677058,-79.168442,0, ,0.0,0.0,0.0,0.0,2,2000,0,0,0,0,1,0

APPTR,R26-X,26,OMTEX
IF,OMTEX,43.698572,-79.057528, ,0.0,0.0,2,2000,0,1,200,0,1,0
TF,VIPRI,43.677058,-79.168442,0, ,0.0,0.0,0.0,0.0,2,2000,0,0,0,0,1,0

FINAL,R26-X,26,R,3
IF,VIPRI,43.677058,-79.168442, ,0.0,0.0,2,2000,0,0,0,0,0,0
TF,OBVEL,43.649017,-79.301525,0, ,0.0,0.0,265.0,6.0,2,2000,0,0,0,0,2,0
TF,AMBIP,43.631181,-79.389156,0, ,0.0,0.0,265.0,4.0,1,308,0,0,0,0,3,1
CA,0,265.0,2,800,0,0,0,0,0,0
DF,MUSET,43.347778,-79.521944,0, ,0.0,0.0,1,2000,0,0,0,0,0,1
HM,MUSET,43.347778,-79.521944,1, ,0.0,0.0,270.0,04.3,0,0,0,1,230,0,0,0,0

APPTR,R26-Z,26,TUGOK
IF,TUGOK,43.729717,-79.101214, ,0.0,0.0,0,0,0,1,210,0,1,0
TF,DESGU,43.646528,-79.094231,0, ,0.0,0.0,0.0,0.0,2,2000,0,0,0,0,1,0

APPTR,R26-Z,26,VOLAK
IF,VOLAK,43.563336,-79.087264, ,0.0,0.0,0,0,0,1,210,0,1,0
TF,DESGU,43.646528,-79.094231,0, ,0.0,0.0,0.0,0.0,2,2000,0,0,0,0,1,0

FINAL,R26-Z,26,R,3
IF,DESGU,43.646528,-79.094231, ,0.0,0.0,2,2000,0,0,0,0,1,0
TF,ILEGI,43.640367,-79.231689,0, ,0.0,0.0,277.0,6.0,2,1700,0,0,0,0,2,0
TF,EBGAP,43.636081,-79.325197,0, ,0.0,0.0,277.0,4.1,1,1200,0,0,0,0,3,1
DF,BOPIP,43.572831,-79.395661,0, ,0.0,0.0,1,2000,0,1,140,0,0,0
TF,MUSET,43.347778,-79.521944,0, ,0.0,0.0,0.0,0.0,0,0,0,0,0,0,0,1
HM,MUSET,43.347778,-79.521944,1, ,0.0,0.0,270.0,04.3,0,0,0,1,230,0,0,0,0

