APPTR,R13,13,AVEGU
IF,AVEGU,48.176342,-65.801428, ,0.0,0.0,0,0,0,0,0,0,1,0
TF,UDLOD,48.141606,-65.688306,0, ,0.0,0.0,0.0,0.0,2,2700,0,0,0,0,1,0

APPTR,R13,13,ENAGO
IF,ENAGO,48.065931,-65.740211, ,0.0,0.0,0,0,0,1,210,0,1,0
TF,UDLOD,48.141606,-65.688306,0, ,0.0,0.0,0.0,0.0,2,2700,0,0,0,0,1,0

FINAL,R13,13,R,3
IF,UDLOD,48.141606,-65.688306, ,0.0,0.0,2,2700,0,0,0,0,0,0
TF,IKLIS,48.110247,-65.586622,0, ,0.0,0.0,132.0,4.5,2,1800,0,0,0,0,2,0
TF,RW13,48.074536,-65.471328,0, ,0.0,0.0,132.0,5.1,1,173,0,0,0,0,3,1
TF,MUROK,48.025419,-65.313622,0, ,0.0,0.0,0.0,0.0,1,3500,0,0,0,0,0,1
HM,MUROK,48.025419,-65.313622,2, ,0.0,0.0,132.0,04.3,0,0,0,0,0,0,0,0,0

APPTR,R31,31,LONTU
IF,LONTU,47.918056,-65.264164, ,0.0,0.0,0,0,0,1,210,0,1,0
TF,IGSEP,47.993517,-65.211711,0, ,0.0,0.0,0.0,0.0,2,1700,0,0,0,0,1,0

APPTR,R31,31,RAGEB
IF,RAGEB,48.068953,-65.159103, ,0.0,0.0,0,0,0,1,210,0,1,0
TF,IGSEP,47.993517,-65.211711,0, ,0.0,0.0,0.0,0.0,2,1700,0,0,0,0,1,0

FINAL,R31,31,R,4
IF,IGSEP,47.993517,-65.211711, ,0.0,0.0,2,1700,0,0,0,0,1,0
TF,AMBOM,48.037858,-65.353458,0, ,0.0,0.0,312.0,6.3,2,1500,0,0,0,0,2,0
TF,SASIB,48.052217,-65.399536,0, ,0.0,0.0,312.0,2.0,2,850,0,0,0,0,0,0
TF,RW31,48.067639,-65.449119,0, ,0.0,0.0,312.0,2.2,1,148,0,0,0,0,3,1
TF,BUBAX,48.102611,-65.561922,0, ,0.0,0.0,0.0,0.0,1,2900,0,0,0,0,0,1
HM,BUBAX,48.102611,-65.561922,2, ,0.0,0.0,312.0,04.3,0,0,0,0,0,0,0,0,0

