APPTR,D05,05,YVV
PI,YVV,44.744839,-81.104992,2,YVV,194.0,9.0,239,5.0,2,2400,0,0,0,0,0,0
CF,ESROX,44.713361,-81.159481,0,YVV,239.0,3.0,59.0,6.0,2,1520,0,0,0,0,0,0

FINAL,D05,05,D,2
IF,ESROX,44.713361,-81.159481,YVV,239.0,3.0,2,1520,0,0,0,0,2,0
CF,RW05,44.739133,-81.117417,0,YVV,245.2,0.6,59.0,2.4,1,768,0,0,0,0,3,0
CF,YVV,44.744839,-81.104992,0,YVV,0.0,0.0,59.0,0.6,0,0,0,0,0,0,0,0
FA,YVV,44.744839,-81.104992,0,YVV,0.0,0.0,59.0,2,3500,0,0,0,0,0,0
DF,YVV,44.744839,-81.104992,1, ,0.0,0.0,1,3500,0,0,0,0,0,0
HM,YVV,44.744839,-81.104992,2, ,0.0,0.0,59.0,04.3,0,0,0,1,230,0,0,0,0

APPTR,D23,23,YVV
PI,YVV,44.744839,-81.104992,1,YVV,89.0,9.0,044,5.0,2,2600,0,0,0,0,1,0

FINAL,D23,23,D,3
IF,TUGAT,44.866117,-80.981022,YVV,44.0,9.0,2,2600,0,0,0,0,0,0
CF,DEBOV,44.785281,-81.063725,0,YVV,44.0,3.0,224.0,6.0,2,1700,0,0,0,0,2,0
CF,RW23,44.748939,-81.103806,0,YVV,19.7,0.3,224.0,2.8,1,775,0,0,0,0,3,0
CF,YVV,44.744839,-81.104992,0,YVV,0.0,0.0,224.0,0.3,0,0,0,0,0,0,0,0
FA,YVV,44.744839,-81.104992,0,YVV,0.0,0.0,224.0,2,3500,0,0,0,0,0,0
DF,YVV,44.744839,-81.104992,2, ,0.0,0.0,1,3500,0,0,0,0,0,0
HM,YVV,44.744839,-81.104992,1, ,0.0,0.0,224.0,04.3,0,0,0,1,230,0,0,0,0

APPTR,R05,05,IKLON
IF,IKLON,44.571692,-81.185108, ,0.0,0.0,0,0,0,1,210,0,1,0
TF,EBDOX,44.630211,-81.268144,0, ,0.0,0.0,0.0,0.0,2,2100,0,0,0,0,1,0

APPTR,R05,05,MEDIP
IF,MEDIP,44.688669,-81.351347, ,0.0,0.0,0,0,0,1,210,0,1,0
TF,EBDOX,44.630211,-81.268144,0, ,0.0,0.0,0.0,0.0,2,2100,0,0,0,0,1,0

FINAL,R05,05,R,3
IF,EBDOX,44.630211,-81.268144, ,0.0,0.0,2,2100,0,0,0,0,1,0
TF,ALUNU,44.689536,-81.186153,0, ,0.0,0.0,54.0,5.0,2,2100,0,0,0,0,2,0
TF,RW05,44.739133,-81.117417,0, ,0.0,0.0,54.0,4.2,1,768,0,0,0,0,3,1
TF,KEGVI,44.810186,-81.018636,0, ,0.0,0.0,0.0,0.0,1,3500,0,0,0,0,0,1
HM,KEGVI,44.810186,-81.018636,2, ,0.0,0.0,54.0,04.3,0,0,0,1,230,0,0,0,0

APPTR,R23,23,DUTOR
IF,DUTOR,44.927889,-81.019539, ,0.0,0.0,0,0,0,1,210,0,1,0
TF,DAPEX,44.869192,-80.936328,0, ,0.0,0.0,0.0,0.0,2,2200,0,0,0,0,1,0

APPTR,R23,23,IPVOG
IF,IPVOG,44.810433,-80.853283, ,0.0,0.0,0,0,0,1,210,0,1,0
TF,DAPEX,44.869192,-80.936328,0, ,0.0,0.0,0.0,0.0,2,2100,0,0,0,0,1,0

FINAL,R23,23,R,4
IF,DAPEX,44.869192,-80.936328, ,0.0,0.0,2,2100,0,0,0,0,1,0
TF,OMAGI,44.798214,-81.035308,0, ,0.0,0.0,234.0,6.0,2,2100,0,0,0,0,2,0
TF,XORTO,44.769075,-81.075833,0, ,0.0,0.0,234.0,2.5,2,1320,0,0,0,0,0,0
TF,RW23,44.748939,-81.103806,0, ,0.0,0.0,234.0,1.7,1,775,0,0,0,0,3,1
TF,VITOT,44.689672,-81.185964,0, ,0.0,0.0,0.0,0.0,2,3500,0,0,0,0,0,1
HM,VITOT,44.689672,-81.185964,2, ,0.0,0.0,234.0,04.3,0,0,0,1,230,0,0,0,0

APPTR,S05,05,YVV
PI,YVV,44.744839,-81.104992,2,YVV,194.0,9.0,239,5.0,2,2400,0,0,0,0,0,0
CF,FF05,44.683958,-81.210286,0,YVV,239.0,5.8,59.0,3.2,2,2400,0,0,0,0,0,0

FINAL,S05,05,D,2
IF,FF05,44.683958,-81.210286,YVV,239.0,5.8,2,2400,0,0,0,0,2,0
CF,RW05,44.739133,-81.117417,0,YVV,245.2,0.6,59.0,5.2,1,768,0,0,0,0,3,0
CF,YVV,44.744839,-81.104992,0,YVV,0.0,0.0,59.0,0.6,0,0,0,0,0,0,0,1
CA,0,59.0,2,3500,0,0,0,0,0,0
DF,YVV,44.744839,-81.104992,1, ,0.0,0.0,1,3500,0,0,0,0,0,0
HM,YVV,44.744839,-81.104992,2, ,0.0,0.0,59.0,04.3,0,0,0,1,230,0,0,0,0

APPTR,S23,23,YVV
PI,YVV,44.744839,-81.104992,1,YVV,89.0,9.0,044,5.0,2,2600,0,0,0,0,1,0
CF,FF23,44.821661,-81.026536,0,YVV,44.0,5.7,224.0,3.3,2,2600,0,0,0,0,0,0

FINAL,S23,23,D,2
IF,FF23,44.821661,-81.026536,YVV,44.0,5.7,2,2600,0,0,0,0,2,0
CF,RW23,44.748939,-81.103806,0,YVV,19.7,0.3,224.0,5.5,1,775,0,0,0,0,3,0
CF,YVV,44.744839,-81.104992,0,YVV,0.0,0.0,224.0,0.3,0,0,0,0,0,0,0,1
CA,0,224.0,2,3500,0,0,0,0,0,0
DF,YVV,44.744839,-81.104992,2, ,0.0,0.0,1,3500,0,0,0,0,0,0
HM,YVV,44.744839,-81.104992,1, ,0.0,0.0,224.0,04.3,0,0,0,1,230,0,0,0,0

