APPTR,R13,13,EPTEX
IF,EPTEX,64.351472,-114.251700, ,0.0,0.0,0,0,0,1,210,0,1,0
TF,PUXEV,64.284878,-114.366106,0, ,0.0,0.0,0.0,0.0,2,2600,0,0,0,0,1,0

APPTR,R13,13,UKSUR
IF,UKSUR,64.218192,-114.479961, ,0.0,0.0,0,0,0,1,210,0,1,0
TF,PUXEV,64.284878,-114.366106,0, ,0.0,0.0,0.0,0.0,2,2600,0,0,0,0,1,0

FINAL,R13,13,R,3
IF,PUXEV,64.284878,-114.366106, ,0.0,0.0,2,2600,0,0,0,0,1,0
TF,OVBUD,64.235214,-114.212989,0, ,0.0,0.0,11.1,5.0,2,2600,0,0,0,0,2,0
TF,RW13,64.193217,-114.084322,0, ,0.0,0.0,11.1,4.2,1,1257,0,0,0,0,3,1
TF,ILAVA,64.143258,-113.932217,0, ,0.0,0.0,0.0,0.0,1,2800,0,0,0,0,0,1
HM,ILAVA,64.143258,-113.932217,2, ,0.0,0.0,11.1,04.3,0,0,0,1,230,0,0,0,0

APPTR,R31,31,IRBUS
IF,IRBUS,64.161689,-113.672889, ,0.0,0.0,0,0,0,1,210,0,1,0
TF,ROSDI,64.095544,-113.787894,0, ,0.0,0.0,0.0,0.0,2,2600,0,0,0,0,1,0

APPTR,R31,31,TIBIL
IF,TIBIL,64.029308,-113.902356, ,0.0,0.0,0,0,0,1,210,0,1,0
TF,ROSDI,64.095544,-113.787894,0, ,0.0,0.0,0.0,0.0,2,2600,0,0,0,0,1,0

FINAL,R31,31,R,3
IF,ROSDI,64.095544,-113.787894, ,0.0,0.0,2,2600,0,0,0,0,1,0
TF,ULEMO,64.145653,-113.939481,0, ,0.0,0.0,29.1,5.0,2,2600,0,0,0,0,2,0
TF,RW31,64.188294,-114.069286,0, ,0.0,0.0,29.1,4.3,1,1241,0,0,0,0,3,1
TF,SEKIG,64.238108,-114.221886,0, ,0.0,0.0,0.0,0.0,1,2900,0,0,0,0,0,1
HM,SEKIG,64.238108,-114.221886,2, ,0.0,0.0,29.1,04.3,0,0,0,1,230,0,0,0,0

