SID,BONOX1,16,5
DF,BONOX,49.459628,-115.778586,0, ,0.0,0.0,0,0,0,0,0,0,0,0

SID,BONOX1,SILVR,6
IF,BONOX,49.459628,-115.778586, ,0.0,0.0,0,0,0,0,0,0,0,0
TF,EMUNU,49.372981,-116.076514,0, ,0.0,0.0,0.0,0.0,0,0,0,1,250,0,0,0
TF,SILVR,49.341667,-116.784444,0, ,0.0,0.0,0.0,0.0,0,0,0,0,0,0,0,0

SID,BONOX1,TULOB,6
IF,BONOX,49.459628,-115.778586, ,0.0,0.0,0,0,0,0,0,0,0,0
TF,DUVER,49.339372,-115.511211,0, ,0.0,0.0,0.0,0.0,0,0,0,1,250,0,0,0
TF,KEBVU,49.598256,-115.235339,0, ,0.0,0.0,0.0,0.0,0,0,0,0,0,0,0,0
TF,TULOB,50.592508,-114.763003,0, ,0.0,0.0,0.0,0.0,0,0,0,0,0,0,0,0

SID,KOOTE1,34,5
DF,AVUGU,49.747950,-115.785153,0, ,0.0,0.0,0,0,0,1,250,0,0,0

SID,KOOTE1,PESVI,6
IF,AVUGU,49.747950,-115.785153, ,0.0,0.0,0,0,0,1,250,0,0,0
TF,PESVI,49.733247,-116.825917,0, ,0.0,0.0,0.0,0.0,0,0,0,0,0,0,0,0

SID,KOOTE1,TULOB,6
IF,AVUGU,49.747950,-115.785153, ,0.0,0.0,0,0,0,1,250,0,0,0
TF,CHUCK,49.884722,-115.788300,0, ,0.0,0.0,0.0,0.0,0,0,0,0,0,0,0,0
TF,OTNEM,50.171392,-115.594614,0, ,0.0,0.0,0.0,0.0,0,0,0,0,0,0,0,0
TF,TULOB,50.592508,-114.763003,0, ,0.0,0.0,0.0,0.0,0,0,0,0,0,0,0,0

APPTR,I16-X,16,CHITE
IF,CHITE,50.043014,-116.152003, ,0.0,0.0,0,0,0,0,0,0,0,0
TF,KEBMI,49.946533,-115.957467,0, ,0.0,0.0,0.0,0.0,2,10900,0,1,210,0,1,0
TF,VOGUP,49.948269,-115.789769,0,IXC,0.0,0.0,0.0,0.0,2,9100,0,0,0,0,1,0

APPTR,I16-X,16,DEBVO
IF,DEBVO,50.081456,-115.792858, ,0.0,0.0,0,0,0,0,0,0,1,0
TF,VOGUP,49.948269,-115.789769,0,IXC,0.0,0.0,0.0,0.0,2,9100,0,0,0,0,1,0

APPTR,I16-X,16,LEVUS
IF,LEVUS,49.950072,-115.583353, ,0.0,0.0,0,0,0,1,210,0,1,0
TF,URLAS,49.949439,-115.660761,0, ,0.0,0.0,0.0,0.0,2,10400,0,0,0,0,0,0
TF,VOGUP,49.948269,-115.789769,0,IXC,0.0,0.0,0.0,0.0,2,9100,0,0,0,0,1,0

APPTR,I16-X,16,YXC
IF,YXC,49.554275,-116.088303, ,0.0,0.0,0,0,0,0,0,0,0,0
TF,KEBMI,49.946533,-115.957467,0, ,0.0,0.0,0.0,0.0,2,10000,0,1,210,0,1,0
TF,VOGUP,49.948269,-115.789769,0,IXC,0.0,0.0,0.0,0.0,2,9100,0,0,0,0,1,0

FINAL,I16-X,16,I,3
IF,VOGUP,49.948269,-115.789769,IXC,344.2,21.0,2,9100,0,0,0,0,0,0
CF,XC,49.682603,-115.782961,0,IXC,344.5,5.0,164.0,16.0,1,4270,0,0,0,0,2,0
CF,RW16,49.620942,-115.782247,0,IXC,344.2,1.3,164.0,3.7,1,3079,0,0,0,0,3,0
TF,BONOX,49.459628,-115.778586,0, ,0.0,0.0,0.0,0.0,0,0,0,0,0,0,0,0
TF,ANTAK,49.350278,-115.857778,0, ,0.0,0.0,0.0,0.0,1,8900,0,0,0,0,0,1
HM,ANTAK,49.350278,-115.857778,2, ,0.0,0.0,190.0,04.3,0,0,0,1,230,0,0,0,0

APPTR,I16-Y,16,CHITE
IF,CHITE,50.043014,-116.152003, ,0.0,0.0,0,0,0,0,0,0,0,0
TF,SX,49.954906,-115.792317,0, ,0.0,0.0,0.0,0.0,2,11600,0,0,0,0,1,0
CF,CHUCK,49.884722,-115.788300,0,IXC,344.2,17.1,164.0,4.2,2,8000,0,0,0,0,1,0

APPTR,I16-Y,16,CONER
IF,CONER,50.165556,-115.249444, ,0.0,0.0,0,0,0,0,0,0,0,0
TF,SX,49.954906,-115.792317,0, ,0.0,0.0,0.0,0.0,2,12700,0,0,0,0,1,0
CF,CHUCK,49.884722,-115.788300,0,IXC,344.2,17.1,164.0,4.2,2,8000,0,0,0,0,1,0

APPTR,I16-Y,16,SX
IF,SX,49.954906,-115.792317, ,0.0,0.0,0,0,0,0,0,0,1,0
CF,CHUCK,49.884722,-115.788300,0,IXC,344.2,17.1,164.0,4.2,2,8000,0,0,0,0,1,0

APPTR,I16-Y,16,YXC
IF,YXC,49.554275,-116.088303, ,0.0,0.0,0,0,0,0,0,0,0,0
TF,SX,49.954906,-115.792317,0, ,0.0,0.0,0.0,0.0,2,10100,0,0,0,0,1,0
CF,CHUCK,49.884722,-115.788300,2,IXC,344.2,17.1,164.0,4.2,2,8000,0,0,0,0,1,0

FINAL,I16-Y,16,I,3
IF,CHUCK,49.884722,-115.788300,IXC,344.2,17.1,2,8000,0,0,0,0,0,0
CF,XC,49.682603,-115.782961,0,IXC,344.5,5.0,164.0,12.1,1,4260,0,0,0,0,2,0
CF,RW16,49.620942,-115.782247,0,IXC,344.2,1.3,164.0,3.7,1,3079,0,0,0,0,3,0
CF,KAVSO,49.551742,-115.780672,0,YXC,74.6,12.0,164.0,4.2,0,0,0,0,0,0,0,1
DF,XC,49.682603,-115.782961,1, ,0.0,0.0,0,0,0,0,0,0,0,0
CF,SX,49.954906,-115.792317,0,YXC,9.5,26.7,344.0,16.4,1,10800,0,0,0,0,0,0
HM,SX,49.954906,-115.792317,2, ,0.0,0.0,164.0,04.3,0,0,0,1,200,0,0,0,0

APPTR,I16-Z,16,CHITE
IF,CHITE,50.043014,-116.152003, ,0.0,0.0,0,0,0,0,0,0,1,0
TF,SX,49.954906,-115.792317,0, ,0.0,0.0,0.0,0.0,2,11600,0,0,0,0,0,0
CF,CHUCK,49.884722,-115.788300,0,IXC,344.2,17.1,164.0,4.2,2,8000,0,0,0,0,1,0

APPTR,I16-Z,16,CONER
IF,CONER,50.165556,-115.249444, ,0.0,0.0,0,0,0,0,0,0,0,0
TF,SX,49.954906,-115.792317,0, ,0.0,0.0,0.0,0.0,2,12700,0,0,0,0,1,0
CF,CHUCK,49.884722,-115.788300,0,IXC,344.2,17.1,164.0,4.2,2,8000,0,0,0,0,1,0

APPTR,I16-Z,16,SX
IF,SX,49.954906,-115.792317, ,0.0,0.0,0,0,0,0,0,0,1,0
CF,CHUCK,49.884722,-115.788300,0,IXC,344.2,17.1,164.0,4.2,2,8000,0,0,0,0,1,0

APPTR,I16-Z,16,YXC
IF,YXC,49.554275,-116.088303, ,0.0,0.0,0,0,0,0,0,0,0,0
TF,SX,49.954906,-115.792317,0, ,0.0,0.0,0.0,0.0,2,10100,0,0,0,0,1,0
CF,CHUCK,49.884722,-115.788300,2,IXC,344.2,17.1,164.0,4.2,2,8000,0,0,0,0,1,0

FINAL,I16-Z,16,I,3
IF,CHUCK,49.884722,-115.788300,IXC,344.2,17.1,2,8000,0,0,0,0,0,0
CF,XC,49.682603,-115.782961,0,IXC,344.5,5.0,164.0,12.1,1,4260,0,0,0,0,2,0
CF,RW16,49.620942,-115.782247,0,IXC,344.2,1.3,164.0,3.7,1,3079,0,0,0,0,3,0
CF,KAVSO,49.551742,-115.780672,0,YXC,74.6,12.0,164.0,4.2,0,0,0,0,0,0,0,1
DF,XC,49.682603,-115.782961,1, ,0.0,0.0,0,0,0,0,0,0,0,0
CF,SX,49.954906,-115.792317,0,YXC,9.5,26.7,344.0,16.4,1,10800,0,0,0,0,0,0
HM,SX,49.954906,-115.792317,2, ,0.0,0.0,164.0,04.3,0,0,0,1,200,0,0,0,0

APPTR,N16-A,16,XC
PI,XC,49.682603,-115.782961,2,YXC,300.0,15.0,345,5.0,2,9600,0,0,0,0,1,0
CF,XC,49.682603,-115.782961,0,YXC,41.0,14.2,165.0,13.0,2,6700,0,0,0,0,0,0

FINAL,N16-A,16,N,2
IF,XC,49.682603,-115.782961,XC,0.0,0.0,2,6700,0,0,0,0,2,0
CF,RW16,49.620942,-115.782247,0,XC,0.0,0.0,165.0,3.7,1,5340,0,0,0,0,3,0
CA,0,165.0,2,8000,0,0,0,0,0,0
DF,XC,49.682603,-115.782961,2, ,0.0,0.0,1,9900,0,0,0,0,0,0
HM,XC,49.682603,-115.782961,2, ,0.0,0.0,165.0,04.3,0,0,0,1,250,0,0,0,0

APPTR,R16-Y,16,CHITE
IF,CHITE,50.043014,-116.152003, ,0.0,0.0,0,0,0,0,0,0,0,0
TF,KEBMI,49.946533,-115.957467,0, ,0.0,0.0,0.0,0.0,2,10900,0,1,210,0,1,0
TF,VOGUP,49.948269,-115.789769,0, ,0.0,0.0,0.0,0.0,2,9100,0,0,0,0,1,0

APPTR,R16-Y,16,DEBVO
IF,DEBVO,50.081456,-115.792858, ,0.0,0.0,0,0,0,0,0,0,1,0
TF,VOGUP,49.948269,-115.789769,0, ,0.0,0.0,0.0,0.0,2,9100,0,0,0,0,1,0

APPTR,R16-Y,16,LEVUS
IF,LEVUS,49.950072,-115.583353, ,0.0,0.0,0,0,0,1,210,0,1,0
TF,URLAS,49.949439,-115.660761,0, ,0.0,0.0,0.0,0.0,2,10400,0,0,0,0,0,0
TF,VOGUP,49.948269,-115.789769,0, ,0.0,0.0,0.0,0.0,2,9100,0,0,0,0,1,0

APPTR,R16-Y,16,YXC
IF,YXC,49.554275,-116.088303, ,0.0,0.0,0,0,0,0,0,0,0,0
TF,KEBMI,49.946533,-115.957467,0, ,0.0,0.0,0.0,0.0,2,10000,0,1,210,0,1,0
TF,VOGUP,49.948269,-115.789769,0, ,0.0,0.0,0.0,0.0,2,9100,0,0,0,0,1,0

FINAL,R16-Y,16,R,4
IF,VOGUP,49.948269,-115.789769, ,0.0,0.0,2,9100,0,0,0,0,0,0
TF,SIKMU,49.768375,-115.785622,0, ,0.0,0.0,164.0,10.8,2,5900,0,0,0,0,2,0
TF,XUGLA,49.687542,-115.783769,0, ,0.0,0.0,164.0,4.9,2,4350,0,0,0,0,0,0
TF,RW16,49.620942,-115.782247,0, ,0.0,0.0,164.0,4.0,1,3079,0,0,0,0,3,1
TF,BONOX,49.459628,-115.778586,0, ,0.0,0.0,0.0,0.0,0,0,0,0,0,0,0,0
TF,ANTAK,49.350278,-115.857778,0, ,0.0,0.0,0.0,0.0,1,8900,0,0,0,0,0,1
HM,ANTAK,49.350278,-115.857778,2, ,0.0,0.0,190.0,04.3,0,0,0,1,230,0,0,0,0

APPTR,R16-Z,16,CHITE
IF,CHITE,50.043014,-116.152003, ,0.0,0.0,0,0,0,0,0,0,0,0
TF,KEBMI,49.946533,-115.957467,0, ,0.0,0.0,0.0,0.0,2,10900,0,1,210,0,1,0
TF,VOGUP,49.948269,-115.789769,0, ,0.0,0.0,0.0,0.0,2,9100,0,0,0,0,1,0

APPTR,R16-Z,16,DEBVO
IF,DEBVO,50.081456,-115.792858, ,0.0,0.0,0,0,0,0,0,0,1,0
TF,VOGUP,49.948269,-115.789769,0, ,0.0,0.0,0.0,0.0,2,9100,0,0,0,0,1,0

APPTR,R16-Z,16,LEVUS
IF,LEVUS,49.950072,-115.583353, ,0.0,0.0,0,0,0,1,210,0,1,0
TF,URLAS,49.949439,-115.660761,0, ,0.0,0.0,0.0,0.0,2,10400,0,0,0,0,0,0
TF,VOGUP,49.948269,-115.789769,0, ,0.0,0.0,0.0,0.0,2,9100,0,0,0,0,1,0

APPTR,R16-Z,16,YXC
IF,YXC,49.554275,-116.088303, ,0.0,0.0,0,0,0,0,0,0,0,0
TF,KEBMI,49.946533,-115.957467,0, ,0.0,0.0,0.0,0.0,2,10000,0,1,210,0,1,0
TF,VOGUP,49.948269,-115.789769,0, ,0.0,0.0,0.0,0.0,2,9100,0,0,0,0,1,0

FINAL,R16-Z,16,R,3
IF,VOGUP,49.948269,-115.789769, ,0.0,0.0,2,9100,0,0,0,0,0,0
TF,SIKMU,49.768375,-115.785622,0, ,0.0,0.0,164.0,10.8,2,5900,0,0,0,0,2,0
TF,RW16,49.620942,-115.782247,0, ,0.0,0.0,164.0,8.9,1,3079,0,0,0,0,3,1
TF,BONOX,49.459628,-115.778586,0, ,0.0,0.0,0.0,0.0,0,0,0,0,0,0,0,0
TF,ANTAK,49.350278,-115.857778,0, ,0.0,0.0,0.0,0.0,1,8900,0,0,0,0,0,1
HM,ANTAK,49.350278,-115.857778,2, ,0.0,0.0,190.0,04.3,0,0,0,1,230,0,0,0,0

APPTR,R34-X,34,UKSOD
IF,UKSOD,49.320181,-115.890475, ,0.0,0.0,0,0,0,1,210,0,1,0
TF,XUKPO,49.414664,-115.833364,0, ,0.0,0.0,0.0,0.0,2,7800,0,0,0,0,0,0
TF,LITMO,49.474953,-115.794431,0, ,0.0,0.0,0.0,0.0,2,5900,0,0,0,0,1,0

FINAL,R34-X,34,R,3
IF,LITMO,49.474953,-115.794431, ,0.0,0.0,2,5900,0,0,0,0,0,0
TF,PEPVO,49.518681,-115.778375,0, ,0.0,0.0,359.0,2.7,2,5100,0,0,0,0,2,0
TF,RW34,49.601153,-115.781797,0, ,0.0,0.0,344.0,5.0,1,3137,0,0,0,0,3,1
TF,NUBIN,49.684400,-115.783694,0, ,0.0,0.0,0.0,0.0,0,0,0,0,0,0,0,0
TF,LENUV,50.012767,-115.764556,0, ,0.0,0.0,0.0,0.0,1,10200,0,0,0,0,0,1
HM,LENUV,50.012767,-115.764556,1, ,0.0,0.0,353.0,04.3,0,0,0,1,230,0,0,0,0

APPTR,R34-Y,34,UKSOD
IF,UKSOD,49.320181,-115.890475, ,0.0,0.0,0,0,0,1,210,0,1,0
TF,XUKPO,49.414664,-115.833364,0, ,0.0,0.0,0.0,0.0,2,7800,0,0,0,0,0,0
TF,OMVEB,49.475053,-115.796736,0, ,0.0,0.0,0.0,0.0,2,5900,0,0,0,0,1,0

FINAL,R34-Y,34,R,4
IF,OMVEB,49.475053,-115.796736, ,0.0,0.0,2,5900,0,0,0,0,0,0
TF,MEKNI,49.518658,-115.779922,0, ,0.0,0.0,359.0,2.7,2,5100,0,0,0,0,2,0
TF,XOMDI,49.556197,-115.780775,0, ,0.0,0.0,344.0,2.3,2,4200,0,0,0,0,0,0
TF,RW34,49.601153,-115.781797,0, ,0.0,0.0,344.0,2.7,1,3137,0,0,0,0,3,1
TF,NUBIN,49.684400,-115.783694,0, ,0.0,0.0,0.0,0.0,0,0,0,0,0,0,0,0
TF,LENUV,50.012767,-115.764556,0, ,0.0,0.0,0.0,0.0,1,10200,0,0,0,0,0,1
HM,LENUV,50.012767,-115.764556,1, ,0.0,0.0,353.0,04.3,0,0,0,1,230,0,0,0,0

APPTR,R34-Z,34,UKSOD
IF,UKSOD,49.320181,-115.890475, ,0.0,0.0,0,0,0,1,210,0,1,0
TF,XUKPO,49.414664,-115.833364,0, ,0.0,0.0,0.0,0.0,2,7800,0,0,0,0,0,0
TF,OMVEB,49.475053,-115.796736,0, ,0.0,0.0,0.0,0.0,2,5900,0,0,0,0,1,0

FINAL,R34-Z,34,R,4
IF,OMVEB,49.475053,-115.796736, ,0.0,0.0,2,5900,0,0,0,0,0,0
TF,MEKNI,49.518658,-115.779922,0, ,0.0,0.0,359.0,2.7,2,5100,0,0,0,0,2,0
TF,XOMDI,49.556197,-115.780775,0, ,0.0,0.0,344.0,2.3,2,4200,0,0,0,0,0,0
TF,RW34,49.601153,-115.781797,0, ,0.0,0.0,344.0,2.7,1,3137,0,0,0,0,3,1
TF,NUBIN,49.684400,-115.783694,0, ,0.0,0.0,0.0,0.0,0,0,0,0,0,0,0,0
TF,LENUV,50.012767,-115.764556,0, ,0.0,0.0,0.0,0.0,0,0,0,0,0,0,0,0
TF,KEPVU,50.206694,-115.839322,0, ,0.0,0.0,0.0,0.0,1,11100,0,0,0,0,0,1
HM,KEPVU,50.206694,-115.839322,1, ,0.0,0.0,331.0,04.3,0,0,0,1,230,0,0,0,0

