APPTR,R06-B,06,IKLEP
HF,IKLEP,66.079106,-66.185050,2, ,0.0,0.0,10.0,04.3,2,2900,0,1,230,0,0,0,0

APPTR,R06-B,06,KEKNU
IF,KEKNU,66.160944,-66.253142, ,0.0,0.0,0,0,0,0,0,0,1,0
TF,IKLEP,66.079106,-66.185050,0, ,0.0,0.0,0.0,0.0,2,2900,0,0,0,0,1,0

APPTR,R06-B,06,MUVBO
IF,MUVBO,65.997239,-66.117394, ,0.0,0.0,0,0,0,0,0,0,1,0
TF,IKLEP,66.079106,-66.185050,0, ,0.0,0.0,0.0,0.0,2,2900,0,0,0,0,1,0

FINAL,R06-B,06,R,3
IF,IKLEP,66.079106,-66.185050, ,0.0,0.0,2,2900,0,0,0,0,1,0
TF,EBGIV,66.110719,-65.952092,0, ,0.0,0.0,10.0,6.0,2,2500,0,0,0,0,2,0
TF,APMIG,66.128178,-65.822086,0, ,0.0,0.0,10.1,3.3,1,2480,0,0,0,0,3,1
DF,MUVBO,65.997239,-66.117394,2, ,0.0,0.0,1,4100,0,0,0,0,0,1
HM,MUVBO,65.997239,-66.117394,1, ,0.0,0.0,37.0,04.3,0,0,0,1,230,0,0,0,0

APPTR,R06-C,06,KOBIB
IF,KOBIB,66.316669,-65.872981, ,0.0,0.0,0,0,0,1,140,0,1,0
TF,IKNUG,66.329231,-65.585489,0, ,0.0,0.0,0.0,0.0,2,5600,0,0,0,0,1,0

FINAL,R06-C,06,R,5
IF,IKNUG,66.329231,-65.585489, ,0.0,0.0,2,5600,0,0,0,0,0,0
TF,ELVIB,66.279686,-65.572406,0, ,0.0,0.0,20.3,3.0,2,4800,0,0,0,0,2,0
TF,AVTEL,66.244767,-65.610842,0, ,0.0,0.0,23.3,2.3,2,4060,0,0,0,0,0,0
TF,URTIK,66.206803,-65.652503,0, ,0.0,0.0,23.3,2.5,2,3240,0,0,0,0,0,0
TF,SINLU,66.167308,-65.695697,0, ,0.0,0.0,23.3,2.6,1,2480,0,0,0,0,3,1
DF,NOTOB,66.072719,-66.105775,0, ,0.0,0.0,1,4300,0,0,0,0,0,1
HM,NOTOB,66.072719,-66.105775,2, ,0.0,0.0,8.8,04.3,0,0,0,1,230,0,0,0,0

APPTR,R06-T,06,YXP
IF,YXP,66.143914,-65.706200, ,0.0,0.0,2,5700,0,0,0,0,0,0
PI,YXP,66.143914,-65.706200,2,YXP,23.4,10.0,068,5.0,2,4300,0,0,0,0,0,0
CF,FF070,66.103914,-65.975600,0,YXP,250.0,7.0,9.9,3.0,2,4300,0,0,0,0,0,0

FINAL,R06-T,06,R,2
IF,FF070,66.103914,-65.975600,YXP,0.0,0.0,2,4300,0,0,0,0,2,0
CF,YXP,66.143914,-65.706200,0,YXP,0.0,0.0,9.9,7.0,1,2820,0,0,0,0,3,0
VA,2,27.9,2,6100,0,0,0,0,0,0
DF,YXP,66.143914,-65.706200,2, ,0.0,0.0,1,6100,0,0,0,0,0,0
HM,YXP,66.143914,-65.706200,2, ,0.0,0.0,9.9,04.3,0,0,0,1,230,0,0,0,0

APPTR,R06-Z,06,IKLEP
HF,IKLEP,66.079106,-66.185050,2, ,0.0,0.0,10.0,04.3,2,2900,0,1,230,0,0,0,0

APPTR,R06-Z,06,KEKNU
IF,KEKNU,66.160944,-66.253142, ,0.0,0.0,0,0,0,1,210,0,1,0
TF,IKLEP,66.079106,-66.185050,0, ,0.0,0.0,0.0,0.0,2,2900,0,0,0,0,1,0

APPTR,R06-Z,06,MUVBO
IF,MUVBO,65.997239,-66.117394, ,0.0,0.0,0,0,0,1,210,0,1,0
TF,IKLEP,66.079106,-66.185050,0, ,0.0,0.0,0.0,0.0,2,2900,0,0,0,0,1,0

FINAL,R06-Z,06,R,3
IF,IKLEP,66.079106,-66.185050, ,0.0,0.0,2,2900,0,0,0,0,1,0
TF,EBGIV,66.110719,-65.952092,0, ,0.0,0.0,10.0,6.0,2,2500,0,0,0,0,2,0
TF,EBLIN,66.138572,-65.744197,0, ,0.0,0.0,10.1,5.3,1,357,0,0,0,0,3,1
CA,0,10.1,2,480,0,0,0,0,0,0
DF,KEKNU,66.160944,-66.253142,1, ,0.0,0.0,1,4900,0,1,180,0,0,1
HM,KEKNU,66.160944,-66.253142,2, ,0.0,0.0,19.0,04.3,0,0,0,1,230,0,0,0,0

APPTR,R24-B,24,IKLEP
HF,IKLEP,66.079106,-66.185050,2, ,0.0,0.0,10.0,04.3,2,2900,0,1,230,0,0,0,0

APPTR,R24-B,24,KEKNU
IF,KEKNU,66.160944,-66.253142, ,0.0,0.0,0,0,0,0,0,0,1,0
TF,IKLEP,66.079106,-66.185050,0, ,0.0,0.0,0.0,0.0,2,2900,0,0,0,0,1,0

APPTR,R24-B,24,MUVBO
IF,MUVBO,65.997239,-66.117394, ,0.0,0.0,0,0,0,0,0,0,1,0
TF,IKLEP,66.079106,-66.185050,0, ,0.0,0.0,0.0,0.0,2,2900,0,0,0,0,1,0

FINAL,R24-B,24,R,3
IF,IKLEP,66.079106,-66.185050, ,0.0,0.0,2,2900,0,0,0,0,1,0
TF,EBGIV,66.110719,-65.952092,0, ,0.0,0.0,10.0,6.0,2,2500,0,0,0,0,2,0
TF,APMIG,66.128178,-65.822086,0, ,0.0,0.0,10.1,3.3,1,2480,0,0,0,0,3,1
DF,MUVBO,65.997239,-66.117394,2, ,0.0,0.0,1,4100,0,0,0,0,0,1
HM,MUVBO,65.997239,-66.117394,1, ,0.0,0.0,37.0,04.3,0,0,0,1,230,0,0,0,0

APPTR,R24-C,24,KOBIB
IF,KOBIB,66.316669,-65.872981, ,0.0,0.0,0,0,0,1,140,0,1,0
TF,IKNUG,66.329231,-65.585489,0, ,0.0,0.0,0.0,0.0,2,5600,0,0,0,0,1,0

FINAL,R24-C,24,R,5
IF,IKNUG,66.329231,-65.585489, ,0.0,0.0,2,5600,0,0,0,0,0,0
TF,ELVIB,66.279686,-65.572406,0, ,0.0,0.0,20.3,3.0,2,4800,0,0,0,0,2,0
TF,AVTEL,66.244767,-65.610842,0, ,0.0,0.0,23.3,2.3,2,4060,0,0,0,0,0,0
TF,URTIK,66.206803,-65.652503,0, ,0.0,0.0,23.3,2.5,2,3240,0,0,0,0,0,0
TF,SINLU,66.167308,-65.695697,0, ,0.0,0.0,23.3,2.6,1,2480,0,0,0,0,3,1
DF,NOTOB,66.072719,-66.105775,0, ,0.0,0.0,1,4300,0,0,0,0,0,1
HM,NOTOB,66.072719,-66.105775,2, ,0.0,0.0,8.8,04.3,0,0,0,1,230,0,0,0,0

APPTR,R24-T,24,YXP
IF,YXP,66.143914,-65.706200, ,0.0,0.0,2,5700,0,0,0,0,0,0
PI,YXP,66.143914,-65.706200,2,YXP,23.4,10.0,068,5.0,2,4300,0,0,0,0,0,0
CF,FF070,66.103914,-65.975600,0,YXP,250.0,7.0,9.9,3.0,2,4300,0,0,0,0,0,0

FINAL,R24-T,24,R,2
IF,FF070,66.103914,-65.975600,YXP,0.0,0.0,2,4300,0,0,0,0,2,0
CF,YXP,66.143914,-65.706200,0,YXP,0.0,0.0,9.9,7.0,1,2820,0,0,0,0,3,0
VA,2,27.9,2,6100,0,0,0,0,0,0
DF,YXP,66.143914,-65.706200,2, ,0.0,0.0,1,6100,0,0,0,0,0,0
HM,YXP,66.143914,-65.706200,2, ,0.0,0.0,9.9,04.3,0,0,0,1,230,0,0,0,0

