SID,CYXS5,06,1
VA,0,63.0,2,2670,0,0,0,0,0,0
VM,0,0,0,63.0,0,0,0,0,0,0,0,0

SID,CYXS5,15,1
VA,0,153.0,2,2670,0,0,0,0,0,0
VM,0,0,0,153.0,0,0,0,0,0,0,0,0

SID,CYXS5,24,1
VA,0,243.0,2,4100,0,0,0,0,0,0
VM,0,0,0,243.0,0,0,0,0,0,0,0,0

SID,CYXS5,33,1
VA,0,333.0,2,2670,0,0,0,0,0,0
VM,0,0,0,333.0,0,0,0,0,0,0,0,0

APPTR,I15-Y,15,EBGOD
IF,EBGOD,53.893861,-122.859883, ,0.0,0.0,0,0,0,0,0,0,0,0
TF,OTUKU,54.054406,-122.857925,0, ,0.0,0.0,0.0,0.0,2,4500,0,1,210,0,1,0
TF,VOLES,54.068181,-122.718458,0,IXS,0.0,0.0,0.0,0.0,2,4200,0,0,0,0,1,0

APPTR,I15-Y,15,YXS
IF,YXS,53.894269,-122.455625, ,0.0,0.0,0,0,0,0,0,0,0,0
TF,KINEV,54.081792,-122.578900,0, ,0.0,0.0,0.0,0.0,2,5400,0,1,210,0,1,0
TF,VOLES,54.068181,-122.718458,0,IXS,0.0,0.0,0.0,0.0,2,4200,0,0,0,0,1,0

FINAL,I15-Y,15,I,3
IF,VOLES,54.068181,-122.718458,IXS,332.6,12.3,2,4200,0,0,0,0,0,0
CF,MANUN,53.967600,-122.689992,0,IXS,332.6,6.2,153.0,6.1,1,3630,0,0,0,0,2,0
CF,RW15,53.899503,-122.670797,0,IXS,332.6,2.0,153.0,4.1,1,2290,0,0,0,0,3,0
TF,BUDAN,53.704642,-122.616222,0, ,0.0,0.0,0.0,0.0,2,7100,0,0,0,0,0,0
TF,CHUBB,53.439394,-122.550878,0, ,0.0,0.0,0.0,0.0,1,7100,0,0,0,0,0,1
HM,CHUBB,53.439394,-122.550878,2, ,0.0,0.0,169.0,04.3,0,0,0,1,230,0,0,0,0

APPTR,I15-Z,15,YXS
IF,YXS,53.894269,-122.455625, ,0.0,0.0,0,0,0,0,0,0,0,0
TF,MANUN,53.967600,-122.689992,0, ,0.0,0.0,0.0,0.0,2,5500,0,0,0,0,0,0
PI,MANUN,53.967600,-122.689992,2,YXS,288.0,8.0,333,5.0,2,5200,0,0,0,0,0,0

FINAL,I15-Z,15,I,3
IF,URVID,54.098897,-122.727181,IXS,332.6,14.2,2,5200,0,0,0,0,0,0
CF,MANUN,53.967600,-122.689992,0,IXS,332.6,6.2,153.0,8.0,1,3630,0,0,0,0,2,0
CF,RW15,53.899503,-122.670797,0,IXS,332.6,2.0,153.0,4.1,1,2290,0,0,0,0,3,0
VA,0,153.0,2,2700,0,0,0,0,0,0
VI,0, ,0.0,139.0,0,0,0,0,0,0,0,0
CF,CHUBB,53.439394,-122.550878,0,YXS,169.1,27.6,169.0,15.0,1,7100,0,0,0,0,0,0
HM,CHUBB,53.439394,-122.550878,2, ,0.0,0.0,169.0,04.3,0,0,0,1,230,0,0,0,0

APPTR,L15-Z,15,YXS
IF,YXS,53.894269,-122.455625, ,0.0,0.0,0,0,0,0,0,0,0,0
TF,MANUN,53.967600,-122.689992,0, ,0.0,0.0,0.0,0.0,2,5500,0,0,0,0,0,0
PI,MANUN,53.967600,-122.689992,2,YXS,288.0,8.0,333,5.0,2,5200,0,0,0,0,0,0

FINAL,L15-Z,15,D,3
IF,URVID,54.098897,-122.727181,IXS,332.6,14.2,2,5200,0,0,0,0,0,0
CF,MANUN,53.967600,-122.689992,0,IXS,332.6,6.2,153.0,8.0,2,3610,0,0,0,0,2,0
CF,RW15,53.899503,-122.670797,0,IXS,332.6,2.0,153.0,4.1,1,2290,0,0,0,0,3,0
VA,0,153.0,2,3400,0,0,0,0,0,0
VI,0, ,0.0,139.0,0,0,0,0,0,0,0,0
CF,CHUBB,53.439394,-122.550878,0,YXS,169.1,27.6,169.0,15.0,1,7100,0,0,0,0,0,0
HM,CHUBB,53.439394,-122.550878,2, ,0.0,0.0,169.0,04.3,0,0,0,1,230,0,0,0,0

APPTR,R06,06,EMUDU
IF,EMUDU,53.762822,-122.996247, ,0.0,0.0,0,0,0,1,210,0,1,0
TF,MUXOV,53.853042,-123.022217,0, ,0.0,0.0,0.0,0.0,2,5200,0,0,0,0,1,0

APPTR,R06,06,IKMUS
IF,IKMUS,53.985356,-123.064514, ,0.0,0.0,0,0,0,1,210,0,1,0
TF,MUXOV,53.853042,-123.022217,0, ,0.0,0.0,0.0,0.0,2,5200,0,0,0,0,1,0

APPTR,R06,06,OLUDO
IF,OLUDO,53.838972,-123.160883, ,0.0,0.0,0,0,0,0,0,0,1,0
TF,MUXOV,53.853042,-123.022217,0, ,0.0,0.0,0.0,0.0,2,5200,0,0,0,0,1,0

FINAL,R06,06,R,4
IF,MUXOV,53.853042,-123.022217, ,0.0,0.0,2,5200,0,0,0,0,0,0
TF,OMSED,53.866950,-122.883458,0, ,0.0,0.0,62.0,5.0,2,4500,0,0,0,0,2,0
TF,UMEPO,53.877569,-122.776347,0, ,0.0,0.0,62.0,3.9,2,3270,0,0,0,0,0,0
TF,RW06,53.885764,-122.693006,0, ,0.0,0.0,62.0,3.0,1,2316,0,0,0,0,3,1
VA,0,63.0,2,3000,0,0,0,0,0,0
DF,AXOMI,54.119647,-122.732778,1, ,0.0,0.0,1,5300,0,1,250,0,0,1
HM,AXOMI,54.119647,-122.732778,1, ,0.0,0.0,151.0,04.3,0,0,0,1,250,0,0,0,0

APPTR,R15-Y,15,IKMUS
IF,IKMUS,53.985356,-123.064514, ,0.0,0.0,2,5600,0,1,210,0,1,0
TF,EPSIR,54.013133,-122.788889,0, ,0.0,0.0,0.0,0.0,2,5100,0,0,0,0,0,0
RF,BEPEX,53.972142,-122.691275,2,ARC01,104.0,3.0,2,3700,0,0,0,0,0,0

APPTR,R15-Y,15,KESMU
IF,KESMU,53.893300,-122.489244, ,0.0,0.0,2,7600,0,1,210,0,1,0
TF,RERIN,53.990886,-122.524964,0, ,0.0,0.0,0.0,0.0,2,6500,0,0,0,0,0,0
RF,GORIK,54.030219,-122.606292,1,ARC02,200.9,3.0,2,5300,0,0,0,0,0,0
RF,BEPEX,53.972142,-122.691275,1,ARC02,207.8,3.0,2,3700,0,0,0,0,0,0

APPTR,R15-Y,15,OMSED
IF,OMSED,53.866950,-122.883458, ,0.0,0.0,2,7600,0,1,210,0,1,0
TF,XEROD,53.970928,-122.858600,0, ,0.0,0.0,0.0,0.0,2,6300,0,0,0,0,0,0
RF,EPSIR,54.013133,-122.788889,2,ARC01,105.7,3.0,2,5100,0,0,0,0,0,0
RF,BEPEX,53.972142,-122.691275,2,ARC01,61.4,3.0,2,3700,0,0,0,0,0,0

APPTR,R15-Y,15,ULEBU
IF,ULEBU,54.024456,-122.127958, ,0.0,0.0,2,7600,0,1,210,0,1,0
TF,GORIK,54.030219,-122.606292,0, ,0.0,0.0,0.0,0.0,2,5300,0,0,0,0,0,0
RF,BEPEX,53.972142,-122.691275,1,ARC02,331.2,3.0,2,3700,0,0,0,0,0,0

APPTR,R15-Y,15,VOLES
IF,VOLES,54.068181,-122.718458, ,0.0,0.0,2,5500,0,1,210,0,1,0
TF,BEPEX,53.972142,-122.691275,0, ,0.0,0.0,0.0,0.0,2,3700,0,0,0,0,0,0

FINAL,R15-Y,15,R,2
IF,BEPEX,53.972142,-122.691275, ,0.0,0.0,2,3700,0,0,0,0,2,0
TF,RW15,53.899503,-122.670797,0, ,0.0,0.0,153.0,4.4,1,2290,0,0,0,0,3,1
TF,NOXEL,53.735350,-122.624789,0, ,0.0,0.0,0.0,0.0,1,7000,0,0,0,0,0,1
HM,NOXEL,53.735350,-122.624789,2, ,0.0,0.0,153.0,04.3,0,0,0,0,0,0,0,0,0

APPTR,R15-Z,15,KINEV
IF,KINEV,54.081792,-122.578900, ,0.0,0.0,0,0,0,1,210,0,1,0
TF,VOLES,54.068181,-122.718458,0, ,0.0,0.0,0.0,0.0,2,4200,0,0,0,0,1,0

APPTR,R15-Z,15,OTUKU
IF,OTUKU,54.054406,-122.857925, ,0.0,0.0,0,0,0,1,210,0,1,0
TF,VOLES,54.068181,-122.718458,0, ,0.0,0.0,0.0,0.0,2,4200,0,0,0,0,1,0

FINAL,R15-Z,15,R,3
IF,VOLES,54.068181,-122.718458, ,0.0,0.0,2,4200,0,0,0,0,0,0
TF,BEPEX,53.972142,-122.691275,0, ,0.0,0.0,153.0,5.9,2,3700,0,0,0,0,2,0
TF,RW15,53.899503,-122.670797,0, ,0.0,0.0,153.0,4.4,1,2290,0,0,0,0,3,1
TF,NOXEL,53.735350,-122.624789,0, ,0.0,0.0,0.0,0.0,1,7000,0,0,0,0,0,1
HM,NOXEL,53.735350,-122.624789,2, ,0.0,0.0,153.0,04.3,0,0,0,0,0,0,0,0,0

APPTR,R24,24,UKSEK
IF,UKSEK,53.940400,-122.253553, ,0.0,0.0,0,0,0,1,210,0,1,0
TF,PUTUG,54.005150,-122.342161,0, ,0.0,0.0,0.0,0.0,2,6000,0,0,0,0,1,0

APPTR,R24,24,VIPVU
IF,VIPVU,54.069875,-122.430964, ,0.0,0.0,0,0,0,1,210,0,1,0
TF,PUTUG,54.005150,-122.342161,0, ,0.0,0.0,0.0,0.0,2,6000,0,0,0,0,1,0

FINAL,R24,24,R,5
IF,PUTUG,54.005150,-122.342161, ,0.0,0.0,2,6000,0,0,0,0,0,0
TF,ONDAV,53.931764,-122.496136,0, ,0.0,0.0,213.0,7.0,2,4400,0,0,0,0,2,0
TF,XUBEP,53.916144,-122.555050,0, ,0.0,0.0,228.0,2.3,2,3670,0,0,0,0,0,0
TF,XONSO,53.899747,-122.616719,0, ,0.0,0.0,228.0,2.4,2,2910,0,0,0,0,0,0
TF,SERMU,53.889442,-122.655400,0, ,0.0,0.0,228.0,1.5,1,2438,0,0,0,0,3,1
TF,VIXAD,53.820703,-122.911706,0, ,0.0,0.0,0.0,0.0,1,5400,0,0,0,0,0,1
HM,VIXAD,53.820703,-122.911706,2, ,0.0,0.0,227.0,04.3,2,5400,0,0,0,0,0,0,0

APPTR,R33-Y,33,EMPOV
IF,EMPOV,53.592775,-122.585122, ,0.0,0.0,2,7600,0,0,0,0,1,0
TF,BOSOK,53.691278,-122.612500,0, ,0.0,0.0,0.0,0.0,2,5700,0,0,0,0,1,0
TF,AXIGA,53.789778,-122.640003,0, ,0.0,0.0,0.0,0.0,2,3800,0,0,0,0,0,0

APPTR,R33-Y,33,URSIN
IF,URSIN,53.748194,-122.326361, ,0.0,0.0,2,7600,0,1,210,0,1,0
TF,JUNTY,53.747992,-122.556558,0, ,0.0,0.0,0.0,0.0,2,5100,0,0,0,0,0,0
RF,AXIGA,53.789778,-122.640003,2,ARC03,340.6,3.0,2,3800,0,0,0,0,0,0

FINAL,R33-Y,33,R,2
IF,AXIGA,53.789778,-122.640003, ,0.0,0.0,2,3800,0,0,0,0,2,0
TF,RW33,53.869925,-122.662481,0, ,0.0,0.0,333.0,4.9,1,2245,0,0,0,0,3,1
TF,ILITA,54.093142,-122.725547,0, ,0.0,0.0,0.0,0.0,1,7000,0,0,0,0,0,1
HM,ILITA,54.093142,-122.725547,2, ,0.0,0.0,332.0,04.3,0,0,0,0,0,0,0,0,0

APPTR,R33-Z,33,EBKAD
IF,EBKAD,53.707450,-122.446478, ,0.0,0.0,0,0,0,1,210,0,1,0
TF,BOSOK,53.691278,-122.612500,0, ,0.0,0.0,0.0,0.0,2,5200,0,0,0,0,1,0

APPTR,R33-Z,33,EMPOV
IF,EMPOV,53.592775,-122.585122, ,0.0,0.0,0,0,0,0,0,0,1,0
TF,BOSOK,53.691278,-122.612500,0, ,0.0,0.0,0.0,0.0,2,5200,0,0,0,0,1,0

APPTR,R33-Z,33,GOTET
IF,GOTET,53.674878,-122.778392, ,0.0,0.0,0,0,0,1,210,0,1,0
TF,BOSOK,53.691278,-122.612500,0, ,0.0,0.0,0.0,0.0,2,5200,0,0,0,0,1,0

FINAL,R33-Z,33,R,3
IF,BOSOK,53.691278,-122.612500, ,0.0,0.0,2,5200,0,0,0,0,0,0
TF,AXIGA,53.789778,-122.640003,0, ,0.0,0.0,333.0,6.0,2,3800,0,0,0,0,2,0
TF,RW33,53.869925,-122.662481,0, ,0.0,0.0,333.0,4.9,1,2245,0,0,0,0,3,1
TF,ILITA,54.093142,-122.725547,0, ,0.0,0.0,0.0,0.0,1,7000,0,0,0,0,0,1
HM,ILITA,54.093142,-122.725547,2, ,0.0,0.0,332.0,04.3,0,0,0,0,0,0,0,0,0

