SID,MEDLI1,33,5
VA,0,333.0,2,1300,0,0,0,0,0,0
DF,VIXIN,54.421581,-128.770467,1, ,0.0,0.0,0,0,0,1,210,0,0,0
TF,MEDLI,54.384556,-129.128642,0, ,0.0,0.0,0.0,0.0,0,0,0,0,0,0,0,0

SID,RESI2,33,5
VA,0,333.0,2,1120,0,0,0,0,0,0
CF,RAGOD,54.631311,-128.701786,0,YZP,32.8,137.8,315.0,10.0,0,0,0,0,0,0,0,0
TF,ITNES,54.706742,-128.828544,0, ,0.0,0.0,0.0,0.0,0,0,0,0,0,0,0,0
TF,ETMIL,54.839706,-128.818394,0, ,0.0,0.0,0.0,0.0,0,0,0,0,0,0,0,0
TF,RESIN,54.828961,-128.422536,2, ,0.0,0.0,0.0,0.0,0,0,0,1,265,0,0,0

SID,ZKID2,15,5
DF,EPTAV,54.362214,-128.562028,0, ,0.0,0.0,0,0,0,0,0,0,0,0
TF,ZKI,54.054242,-128.670094,0, ,0.0,0.0,0.0,0.0,0,0,0,0,0,0,0,0

APPTR,I33-Y,33,DUPGA
IF,DUPGA,53.946992,-128.167528, ,0.0,0.0,0,0,0,0,0,0,1,0
TF,IGTIX,54.043236,-128.368928,0, ,0.0,0.0,0.0,0.0,2,8600,0,0,0,0,0,0
TF,DAVED,54.105464,-128.500022,0,IXT,0.0,0.0,0.0,0.0,2,7100,0,0,0,0,1,0

APPTR,I33-Y,33,OMPAT
IF,OMPAT,53.841831,-128.437156, ,0.0,0.0,0,0,0,0,0,0,1,0
TF,LEXUK,53.978344,-128.469608,0, ,0.0,0.0,0.0,0.0,2,9000,0,0,0,0,0,0
TF,DAVED,54.105464,-128.500022,0,IXT,0.0,0.0,0.0,0.0,2,7100,0,0,0,0,1,0

APPTR,I33-Y,33,ZKI
IF,ZKI,54.054242,-128.670094, ,0.0,0.0,0,0,0,0,0,0,1,0
TF,DAVED,54.105464,-128.500022,0,IXT,0.0,0.0,0.0,0.0,2,7100,0,0,0,0,1,0

FINAL,I33-Y,33,I,3
IF,DAVED,54.105464,-128.500022,IXT,152.9,22.8,2,7100,0,0,0,0,0,0
CF,OVGAK,54.322642,-128.552419,0,IXT,152.9,9.6,333.0,13.2,1,3860,0,0,0,0,2,0
CF,RW33,54.458386,-128.585456,0,IXT,152.9,1.4,333.0,8.2,1,737,0,0,0,0,3,1
CA,0,333.0,2,1120,0,0,0,0,0,0
DF,ODGUP,54.609097,-128.664658,0, ,0.0,0.0,0,0,0,0,0,0,0,0
TF,IKBIG,54.690708,-128.824228,0, ,0.0,0.0,0.0,0.0,0,0,0,0,0,0,0,0
TF,ELSUV,54.964442,-128.788589,0, ,0.0,0.0,0.0,0.0,1,9300,0,0,0,0,0,1
HM,ELSUV,54.964442,-128.788589,1, ,0.0,0.0,345.0,04.3,0,0,0,1,230,0,0,0,0

APPTR,I33-Z,33,DUPGA
IF,DUPGA,53.946992,-128.167528, ,0.0,0.0,0,0,0,0,0,0,1,0
TF,IGTIX,54.043236,-128.368928,0, ,0.0,0.0,0.0,0.0,2,8600,0,0,0,0,0,0
TF,DAVED,54.105464,-128.500022,0,IXT,0.0,0.0,0.0,0.0,2,7100,0,0,0,0,1,0

APPTR,I33-Z,33,OMPAT
IF,OMPAT,53.841831,-128.437156, ,0.0,0.0,0,0,0,0,0,0,1,0
TF,LEXUK,53.978344,-128.469608,0, ,0.0,0.0,0.0,0.0,2,9000,0,0,0,0,0,0
TF,DAVED,54.105464,-128.500022,0,IXT,0.0,0.0,0.0,0.0,2,7100,0,0,0,0,1,0

APPTR,I33-Z,33,ZKI
IF,ZKI,54.054242,-128.670094, ,0.0,0.0,0,0,0,0,0,0,1,0
TF,DAVED,54.105464,-128.500022,0,IXT,0.0,0.0,0.0,0.0,2,7100,0,0,0,0,1,0

FINAL,I33-Z,33,I,3
IF,DAVED,54.105464,-128.500022,IXT,152.9,22.8,2,7100,0,0,0,0,0,0
CF,OVGAK,54.322642,-128.552419,0,IXT,152.9,9.6,333.0,13.2,1,3860,0,0,0,0,2,0
CF,RW33,54.458386,-128.585456,0,IXT,152.9,1.4,333.0,8.2,1,737,0,0,0,0,3,1
CA,0,333.0,2,1120,0,0,0,0,0,0
DF,ODGUP,54.609097,-128.664658,0, ,0.0,0.0,0,0,0,0,0,0,0,0
TF,IKBIG,54.690708,-128.824228,0, ,0.0,0.0,0.0,0.0,0,0,0,0,0,0,0,0
TF,ELSUV,54.964442,-128.788589,0, ,0.0,0.0,0.0,0.0,1,9300,0,0,0,0,0,1
HM,ELSUV,54.964442,-128.788589,1, ,0.0,0.0,345.0,04.3,0,0,0,1,230,0,0,0,0

APPTR,R15-Y,15,ENTRY
IF,ENTRY,54.320047,-128.019800, ,0.0,0.0,2,11100,0,0,0,0,1,0
TF,RIKEX,54.426783,-128.119075,0, ,0.0,0.0,0.0,0.0,2,8700,0,0,0,0,0,0
RF,EPTEB,54.476736,-128.234519,1,ARC04,261.0,6.0,2,6900,0,0,0,0,0,0
TF,URTOX,54.483489,-128.290475,0, ,0.0,0.0,0.0,0.0,2,6200,0,0,0,0,0,0
RF,OMROT,54.502353,-128.360867,2,ARC05,83.0,6.0,2,5200,0,1,210,0,1,0

APPTR,R15-Y,15,VOLEN
IF,VOLEN,54.433836,-127.884428, ,0.0,0.0,2,11100,0,0,0,0,1,0
TF,ONDIM,54.467139,-128.155417,0, ,0.0,0.0,0.0,0.0,2,7900,0,0,0,0,0,0
TF,EPTEB,54.476736,-128.234519,0, ,0.0,0.0,0.0,0.0,2,6900,0,0,0,0,0,0
TF,URTOX,54.483489,-128.290475,0, ,0.0,0.0,0.0,0.0,2,6200,0,0,0,0,0,0
RF,OMROT,54.502353,-128.360867,2,ARC05,339.3,6.0,2,5200,0,1,210,0,1,0

FINAL,R15-Y,15,R,5
IF,OMROT,54.502353,-128.360867, ,0.0,0.0,2,5200,0,1,210,0,0,0
TF,XONGU,54.553608,-128.474881,0, ,0.0,0.0,289.0,5.0,2,3600,0,1,190,0,0,0
RF,ULIDO,54.549244,-128.577611,1,ARC06,177.2,2.7,2,2400,0,0,0,0,2,0
RF,URTAP,54.511722,-128.598497,1,ARC06,151.2,2.7,2,1488,0,0,0,0,0,0
TF,RW15,54.478708,-128.590419,0, ,0.0,0.0,153.0,2.0,1,743,0,0,0,0,3,1
TF,ONDAD,54.406694,-128.572850,0, ,0.0,0.0,0.0,0.0,0,0,0,0,0,0,0,0
TF,DEDIB,54.308953,-128.585628,0, ,0.0,0.0,0.0,0.0,0,0,0,0,0,0,0,0
TF,UMIPO,54.051167,-128.598422,0, ,0.0,0.0,0.0,0.0,1,6600,0,0,0,0,0,1
HM,UMIPO,54.051167,-128.598422,2, ,0.0,0.0,163.0,04.3,0,0,0,1,230,0,0,0,0

APPTR,R15-Z,15,AVAPI
IF,AVAPI,54.897081,-129.142367, ,0.0,0.0,2,11100,0,0,0,0,0,0
TF,URLEX,54.846564,-129.058656,0, ,0.0,0.0,0.0,0.0,2,9900,0,0,0,0,0,0
TF,MUXUD,54.821283,-129.016881,0, ,0.0,0.0,0.0,0.0,2,9300,0,0,0,0,0,0
TF,ITNES,54.706742,-128.828544,0, ,0.0,0.0,0.0,0.0,2,6900,0,0,0,0,1,0
TF,XORIM,54.675272,-128.785047,0, ,0.0,0.0,0.0,0.0,2,5700,0,0,0,0,0,0
TF,TADUK,54.647989,-128.747403,0, ,0.0,0.0,0.0,0.0,2,4800,0,0,0,0,1,0

APPTR,R15-Z,15,KEDEK
IF,KEDEK,54.720383,-129.235344, ,0.0,0.0,2,11100,0,0,0,0,0,0
TF,OBSAB,54.716622,-129.119014,0, ,0.0,0.0,0.0,0.0,2,9900,0,0,0,0,0,0
TF,UDLUX,54.711436,-128.964008,0, ,0.0,0.0,0.0,0.0,2,8300,0,0,0,0,0,0
TF,PETGO,54.710139,-128.926125,0, ,0.0,0.0,0.0,0.0,2,7900,0,0,0,0,0,0
TF,ITNES,54.706742,-128.828544,0, ,0.0,0.0,0.0,0.0,2,6900,0,0,0,0,1,0
TF,XORIM,54.675272,-128.785047,0, ,0.0,0.0,0.0,0.0,2,5700,0,0,0,0,0,0
TF,TADUK,54.647989,-128.747403,0, ,0.0,0.0,0.0,0.0,2,4800,0,0,0,0,1,0

APPTR,R15-Z,15,RESIN
IF,RESIN,54.828961,-128.422536, ,0.0,0.0,2,11100,0,0,0,0,0,0
TF,ETMIL,54.839706,-128.818394,0, ,0.0,0.0,0.0,0.0,2,8500,0,0,0,0,0,0
TF,ITNES,54.706742,-128.828544,1, ,0.0,0.0,0.0,0.0,2,6200,0,0,0,0,1,0
TF,XORIM,54.675272,-128.785047,0, ,0.0,0.0,0.0,0.0,2,5700,0,0,0,0,0,0
TF,TADUK,54.647989,-128.747403,0, ,0.0,0.0,0.0,0.0,2,4800,0,0,0,0,1,0

FINAL,R15-Z,15,R,4
IF,TADUK,54.647989,-128.747403, ,0.0,0.0,2,4800,0,0,0,0,0,0
TF,SEDEG,54.617347,-128.682628,0, ,0.0,0.0,110.0,2.9,2,4200,0,0,0,0,2,0
TF,XUDAX,54.539433,-128.628692,0, ,0.0,0.0,139.0,5.0,2,2200,0,0,0,0,0,0
TF,VITEK,54.496203,-128.598858,0, ,0.0,0.0,139.0,2.8,1,1164,0,0,0,0,3,1
VA,0,139.0,2,1300,0,0,0,0,0,0
DF,DEDIB,54.308953,-128.585628,0, ,0.0,0.0,0,0,0,0,0,0,0,0
TF,UMIPO,54.051167,-128.598422,0, ,0.0,0.0,0.0,0.0,1,6600,0,0,0,0,0,1
HM,UMIPO,54.051167,-128.598422,2, ,0.0,0.0,163.0,04.3,0,0,0,1,230,0,0,0,0

APPTR,R33-X,33,DUPGA
IF,DUPGA,53.946992,-128.167528, ,0.0,0.0,0,0,0,0,0,0,1,0
TF,IGTIX,54.043236,-128.368928,0, ,0.0,0.0,0.0,0.0,2,8600,0,0,0,0,0,0
TF,DAVED,54.105464,-128.500022,0, ,0.0,0.0,0.0,0.0,2,7100,0,0,0,0,1,0

APPTR,R33-X,33,OMPAT
IF,OMPAT,53.841831,-128.437156, ,0.0,0.0,0,0,0,0,0,0,1,0
TF,LEXUK,53.978344,-128.469608,0, ,0.0,0.0,0.0,0.0,2,9000,0,0,0,0,0,0
TF,DAVED,54.105464,-128.500022,0, ,0.0,0.0,0.0,0.0,2,7100,0,0,0,0,1,0

APPTR,R33-X,33,ZKI
IF,ZKI,54.054242,-128.670094, ,0.0,0.0,0,0,0,0,0,0,1,0
TF,DAVED,54.105464,-128.500022,0, ,0.0,0.0,0.0,0.0,2,7100,0,0,0,0,1,0

FINAL,R33-X,33,R,6
IF,DAVED,54.105464,-128.500022, ,0.0,0.0,2,7100,0,0,0,0,0,0
TF,PERDI,54.214278,-128.526206,0, ,0.0,0.0,333.0,6.6,2,6240,0,0,0,0,0,0
TF,XIDOR,54.286211,-128.543592,0, ,0.0,0.0,333.0,4.4,2,4620,0,0,0,0,0,0
TF,OVGAK,54.322642,-128.552419,0, ,0.0,0.0,333.0,2.2,2,3800,0,0,0,0,2,0
TF,EPTAV,54.362214,-128.562028,0, ,0.0,0.0,333.0,2.4,2,2910,0,0,0,0,0,0
TF,RW33,54.458386,-128.585456,0, ,0.0,0.0,333.0,5.8,1,737,0,0,0,0,3,1
DF,ODGUP,54.609097,-128.664658,0, ,0.0,0.0,0,0,0,0,0,0,0,0
TF,IKBIG,54.690708,-128.824228,0, ,0.0,0.0,0.0,0.0,0,0,0,0,0,0,0,0
TF,ELSUV,54.964442,-128.788589,0, ,0.0,0.0,0.0,0.0,1,9300,0,0,0,0,0,1
HM,ELSUV,54.964442,-128.788589,1, ,0.0,0.0,345.0,04.3,0,0,0,0,0,0,0,0,0

APPTR,R33-Y,33,AXANO
IF,AXANO,53.966108,-128.275236, ,0.0,0.0,2,11100,0,0,0,0,1,0
TF,IGTIX,54.043236,-128.368928,0, ,0.0,0.0,0.0,0.0,2,9300,0,0,0,0,0,0
TF,PUTOD,54.141503,-128.488953,0, ,0.0,0.0,0.0,0.0,2,7100,0,0,0,0,0,0
RF,UBVUN,54.185942,-128.519372,2,ARC02,331.2,6.0,2,6200,0,0,0,0,0,0
TF,NOTED,54.296319,-128.546039,0, ,0.0,0.0,0.0,0.0,2,4100,0,0,0,0,1,0

APPTR,R33-Y,33,URLAP
IF,URLAP,54.234756,-127.957175, ,0.0,0.0,2,11100,0,0,0,0,1,0
TF,SUVBU,54.241086,-128.218272,0, ,0.0,0.0,0.0,0.0,2,8200,0,0,0,0,0,0
TF,AMIPO,54.243725,-128.334656,0, ,0.0,0.0,0.0,0.0,2,6900,0,0,0,0,0,0
TF,XUGIT,54.246253,-128.451053,0, ,0.0,0.0,0.0,0.0,2,5600,0,1,210,0,0,0
RF,NOTED,54.296319,-128.546039,2,ARC01,339.3,3.5,2,4100,0,0,0,0,1,0

FINAL,R33-Y,33,R,3
IF,NOTED,54.296319,-128.546039, ,0.0,0.0,2,4100,0,0,0,0,0,0
TF,PENKI,54.380247,-128.566411,0, ,0.0,0.0,333.0,5.1,2,2500,0,0,0,0,2,0
TF,RW33,54.458386,-128.585456,0, ,0.0,0.0,333.0,4.7,1,737,0,0,0,0,3,1
TF,MEGIX,54.557281,-128.609664,0, ,0.0,0.0,0.0,0.0,0,0,0,0,0,0,0,0
RF,ETLUT,54.608067,-128.655081,1,ARC03,292.5,5.2,0,0,0,0,0,0,0,0
TF,MURUL,54.690369,-128.806453,0, ,0.0,0.0,0.0,0.0,1,8500,0,0,0,0,0,1
HM,MURUL,54.690369,-128.806453,1, ,0.0,0.0,294.0,04.3,0,0,0,1,230,0,0,0,0

APPTR,R33-Z,33,DUPGA
IF,DUPGA,53.946992,-128.167528, ,0.0,0.0,0,0,0,0,0,0,1,0
TF,IGTIX,54.043236,-128.368928,0, ,0.0,0.0,0.0,0.0,2,8600,0,0,0,0,0,0
TF,DAVED,54.105464,-128.500022,0, ,0.0,0.0,0.0,0.0,2,7100,0,0,0,0,1,0

APPTR,R33-Z,33,OMPAT
IF,OMPAT,53.841831,-128.437156, ,0.0,0.0,0,0,0,0,0,0,1,0
TF,LEXUK,53.978344,-128.469608,0, ,0.0,0.0,0.0,0.0,2,9000,0,0,0,0,0,0
TF,DAVED,54.105464,-128.500022,0, ,0.0,0.0,0.0,0.0,2,7100,0,0,0,0,1,0

APPTR,R33-Z,33,ZKI
IF,ZKI,54.054242,-128.670094, ,0.0,0.0,0,0,0,0,0,0,1,0
TF,DAVED,54.105464,-128.500022,0, ,0.0,0.0,0.0,0.0,2,7100,0,0,0,0,1,0

FINAL,R33-Z,33,R,6
IF,DAVED,54.105464,-128.500022, ,0.0,0.0,2,7100,0,0,0,0,0,0
TF,PERDI,54.214278,-128.526206,0, ,0.0,0.0,333.0,6.6,2,6240,0,0,0,0,0,0
TF,XIDOR,54.286211,-128.543592,0, ,0.0,0.0,333.0,4.4,2,4620,0,0,0,0,0,0
TF,OVGAK,54.322642,-128.552419,0, ,0.0,0.0,333.0,2.2,2,3800,0,0,0,0,2,0
TF,EPTAV,54.362214,-128.562028,0, ,0.0,0.0,333.0,2.4,2,2910,0,0,0,0,0,0
TF,RW33,54.458386,-128.585456,0, ,0.0,0.0,333.0,5.8,1,737,0,0,0,0,3,1
DF,ODGUP,54.609097,-128.664658,0, ,0.0,0.0,0,0,0,0,0,0,0,0
TF,IKBIG,54.690708,-128.824228,0, ,0.0,0.0,0.0,0.0,0,0,0,0,0,0,0,0
TF,ELSUV,54.964442,-128.788589,0, ,0.0,0.0,0.0,0.0,1,9300,0,0,0,0,0,1
HM,ELSUV,54.964442,-128.788589,1, ,0.0,0.0,345.0,04.3,0,0,0,0,0,0,0,0,0

