APPTR,I04,04,OBVOR
IF,OBVOR,58.790883,-123.027061, ,0.0,0.0,0,0,0,1,210,0,1,0
TF,BOXEX,58.721556,-122.938778,0,IYE,0.0,0.0,0.0,0.0,2,4000,0,0,0,0,1,0

APPTR,I04,04,UKNIR
IF,UKNIR,58.652167,-122.850847, ,0.0,0.0,0,0,0,1,210,0,1,0
TF,BOXEX,58.721556,-122.938778,0,IYE,0.0,0.0,0.0,0.0,2,4000,0,0,0,0,1,0

FINAL,I04,04,I,3
IF,BOXEX,58.721556,-122.938778,IYE,218.9,13.3,2,4000,0,0,0,0,0,0
CF,SEPNO,58.794703,-122.724978,0,IYE,218.8,5.3,39.0,8.0,1,2610,0,0,0,0,2,0
CF,RW04,58.831592,-122.616422,0,IYE,218.8,1.2,39.0,4.0,1,1310,0,0,0,0,3,0
VA,0,39.0,2,4000,0,0,0,0,0,0
DF,YYE,58.891903,-123.015989,1, ,0.0,0.0,1,4000,0,0,0,0,0,0
HM,YYE,58.891903,-123.015989,2, ,0.0,0.0,105.0,04.3,0,0,0,1,230,0,0,0,0

APPTR,R04,04,DEMLI
IF,DEMLI,58.670453,-122.797542, ,0.0,0.0,0,0,0,1,210,0,1,0
TF,NAGOT,58.739878,-122.885411,0, ,0.0,0.0,0.0,0.0,2,2800,0,0,0,0,1,0

APPTR,R04,04,IKLAS
IF,IKLAS,58.809242,-122.973636, ,0.0,0.0,0,0,0,1,210,0,1,0
TF,NAGOT,58.739878,-122.885411,0, ,0.0,0.0,0.0,0.0,2,2800,0,0,0,0,1,0

FINAL,R04,04,R,4
IF,NAGOT,58.739878,-122.885411, ,0.0,0.0,2,2800,0,0,0,0,0,0
TF,SEPNO,58.794703,-122.724978,0, ,0.0,0.0,39.0,6.0,2,2600,0,0,0,0,2,0
TF,TALAT,58.807006,-122.688833,0, ,0.0,0.0,39.0,1.3,2,2170,0,0,0,0,0,0
TF,RW04,58.831592,-122.616422,0, ,0.0,0.0,39.0,2.7,1,1310,0,0,0,0,3,1
TF,VERLA,58.905106,-122.398569,0, ,0.0,0.0,0.0,0.0,1,3900,0,0,0,0,0,1
HM,VERLA,58.905106,-122.398569,2, ,0.0,0.0,219.0,04.3,0,0,0,1,230,0,0,0,0

APPTR,R22,22,AGLAR
IF,AGLAR,58.862839,-122.229214, ,0.0,0.0,0,0,0,1,210,0,1,0
TF,KATAM,58.932647,-122.316431,0, ,0.0,0.0,0.0,0.0,2,2600,0,0,0,0,1,0

APPTR,R22,22,BINSA
IF,BINSA,59.002397,-122.404000, ,0.0,0.0,0,0,0,1,210,0,1,0
TF,KATAM,58.932647,-122.316431,0, ,0.0,0.0,0.0,0.0,2,2600,0,0,0,0,1,0

FINAL,R22,22,R,3
IF,KATAM,58.932647,-122.316431, ,0.0,0.0,2,2600,0,0,0,0,0,0
TF,MAXIP,58.878331,-122.478150,0, ,0.0,0.0,219.0,6.0,2,2600,0,0,0,0,2,0
TF,RW22,58.841175,-122.588136,0, ,0.0,0.0,219.0,4.1,1,1297,0,0,0,0,3,1
TF,RIBAT,58.767342,-122.805183,0, ,0.0,0.0,0.0,0.0,1,5600,0,0,0,0,0,1
HM,RIBAT,58.767342,-122.805183,2, ,0.0,0.0,39.0,04.3,0,0,0,0,0,0,0,0,0

