SID,BEXUD1,16,5
VA,0,165.0,2,1700,0,0,0,0,0,0
DF,WYLDS,49.255428,-119.523564,0, ,0.0,0.0,0,0,0,0,0,0,0,0
TF,BEXUD,49.153814,-119.569039,0, ,0.0,0.0,0.0,0.0,0,0,0,0,0,0,0,1

SID,MOBUD1,34,5
DF,WIDUK,49.528367,-119.599767,0, ,0.0,0.0,0,0,0,0,0,0,0,0
TF,MOBUD,49.589936,-119.597414,0, ,0.0,0.0,0.0,0.0,0,0,0,0,0,0,0,0

SID,MOBUD1,EBKUS,6
IF,MOBUD,49.589936,-119.597414, ,0.0,0.0,0,0,0,0,0,0,0,0
TF,NAGIG,49.706458,-119.592942,0, ,0.0,0.0,0.0,0.0,0,0,0,0,0,0,0,0
TF,EBKUS,49.702917,-119.385486,2, ,0.0,0.0,0.0,0.0,0,0,0,0,0,0,0,0

SID,MOBUD1,GOVEV,6
IF,MOBUD,49.589936,-119.597414, ,0.0,0.0,0,0,0,0,0,0,0,0
TF,DEMDU,49.651042,-119.661797,0, ,0.0,0.0,0.0,0.0,0,0,0,0,0,0,0,0
TF,WEBEL,49.670022,-119.819478,0, ,0.0,0.0,0.0,0.0,0,0,0,0,0,0,0,0
TF,GOVEV,49.645989,-120.035539,0, ,0.0,0.0,0.0,0.0,0,0,0,0,0,0,0,0

APPTR,L16-A,16,AMBAT
IF,AMBAT,49.883333,-119.656667, ,0.0,0.0,2,10000,0,0,0,0,1,0
TF,TETOP,49.735633,-119.605192,0,IYF,0.0,0.0,0.0,0.0,2,7000,0,0,0,0,1,0

APPTR,L16-A,16,EMDAV
IF,EMDAV,49.770417,-119.819164, ,0.0,0.0,2,8000,0,0,0,0,1,0
TF,TETOP,49.735633,-119.605192,0,IYF,0.0,0.0,0.0,0.0,2,7000,0,0,0,0,1,0

APPTR,L16-A,16,KETNA
IF,KETNA,49.870731,-119.471550, ,0.0,0.0,2,8000,0,0,0,0,1,0
TF,TETOP,49.735633,-119.605192,0,IYF,0.0,0.0,0.0,0.0,2,7000,0,0,0,0,1,0

FINAL,L16-A,16,D,5
IF,TETOP,49.735633,-119.605192,IYF,343.7,17.0,2,7000,0,0,0,0,0,0
CF,ITSOG,49.635728,-119.604294,0,IYF,343.7,11.0,164.0,6.0,2,6300,0,0,0,0,2,0
CF,KEVDI,49.604092,-119.604008,0,IYF,343.7,9.1,164.0,1.9,2,5600,0,0,0,0,0,0
CF,RORGA,49.520833,-119.603264,0,IYF,343.7,4.1,164.0,5.0,2,3600,0,0,0,0,0,0
CF,MA164,49.474200,-119.602847,0,IYF,343.7,1.3,164.0,2.8,1,2920,0,0,0,0,3,0
TF,BETUG,49.386247,-119.602064,0, ,0.0,0.0,0.0,0.0,0,0,0,0,0,0,0,0
TF,AVTOP,49.240953,-119.578803,0, ,0.0,0.0,0.0,0.0,1,7900,0,0,0,0,0,1
HM,AVTOP,49.240953,-119.578803,1, ,0.0,0.0,160.0,04.3,0,0,0,1,230,0,0,0,0

APPTR,L34-A,34,AMBAT
IF,AMBAT,49.883333,-119.656667, ,0.0,0.0,2,10000,0,0,0,0,1,0
TF,TETOP,49.735633,-119.605192,0,IYF,0.0,0.0,0.0,0.0,2,7000,0,0,0,0,1,0

APPTR,L34-A,34,EMDAV
IF,EMDAV,49.770417,-119.819164, ,0.0,0.0,2,8000,0,0,0,0,1,0
TF,TETOP,49.735633,-119.605192,0,IYF,0.0,0.0,0.0,0.0,2,7000,0,0,0,0,1,0

APPTR,L34-A,34,KETNA
IF,KETNA,49.870731,-119.471550, ,0.0,0.0,2,8000,0,0,0,0,1,0
TF,TETOP,49.735633,-119.605192,0,IYF,0.0,0.0,0.0,0.0,2,7000,0,0,0,0,1,0

FINAL,L34-A,34,D,5
IF,TETOP,49.735633,-119.605192,IYF,343.7,17.0,2,7000,0,0,0,0,0,0
CF,ITSOG,49.635728,-119.604294,0,IYF,343.7,11.0,164.0,6.0,2,6300,0,0,0,0,2,0
CF,KEVDI,49.604092,-119.604008,0,IYF,343.7,9.1,164.0,1.9,2,5600,0,0,0,0,0,0
CF,RORGA,49.520833,-119.603264,0,IYF,343.7,4.1,164.0,5.0,2,3600,0,0,0,0,0,0
CF,MA164,49.474200,-119.602847,0,IYF,343.7,1.3,164.0,2.8,1,2920,0,0,0,0,3,0
TF,BETUG,49.386247,-119.602064,0, ,0.0,0.0,0.0,0.0,0,0,0,0,0,0,0,0
TF,AVTOP,49.240953,-119.578803,0, ,0.0,0.0,0.0,0.0,1,7900,0,0,0,0,0,1
HM,AVTOP,49.240953,-119.578803,1, ,0.0,0.0,160.0,04.3,0,0,0,1,230,0,0,0,0

APPTR,R16-B,16,GADAK
IF,GADAK,49.237569,-119.759308, ,0.0,0.0,0,0,0,0,0,0,1,0
TF,VEVDU,49.257536,-119.558114,0, ,0.0,0.0,0.0,0.0,2,6500,0,0,0,0,1,0

APPTR,R16-B,16,IMURO
IF,IMURO,49.277156,-119.356758, ,0.0,0.0,0,0,0,0,0,0,1,0
TF,VEVDU,49.257536,-119.558114,0, ,0.0,0.0,0.0,0.0,2,6500,0,0,0,0,1,0

FINAL,R16-B,16,R,3
IF,VEVDU,49.257536,-119.558114, ,0.0,0.0,2,6500,0,0,0,0,0,0
TF,ELSES,49.372806,-119.584636,0, ,0.0,0.0,336.0,7.0,2,4900,0,0,0,0,2,0
TF,PENBA,49.455136,-119.603656,0, ,0.0,0.0,335.0,5.0,1,3500,0,0,0,0,3,1
TF,OBVOT,49.578622,-119.632306,0, ,0.0,0.0,0.0,0.0,0,0,0,0,0,0,0,0
TF,MEMSA,49.693706,-120.113486,0, ,0.0,0.0,0.0,0.0,1,8400,0,0,0,0,0,1
HM,MEMSA,49.693706,-120.113486,1, ,0.0,0.0,274.0,04.3,0,0,0,0,0,0,0,0,0

APPTR,R16-C,16,KEPRI
IF,KEPRI,49.644675,-119.927764, ,0.0,0.0,0,0,0,1,210,0,1,0
TF,EMBRO,49.645803,-119.799561,0, ,0.0,0.0,0.0,0.0,2,7200,0,0,0,0,0,0
TF,KAPAP,49.646792,-119.671353,0, ,0.0,0.0,0.0,0.0,2,5300,0,0,0,0,1,0

FINAL,R16-C,16,R,3
IF,KAPAP,49.646792,-119.671353, ,0.0,0.0,2,5300,0,0,0,0,0,0
TF,ADRED,49.553278,-119.617242,0, ,0.0,0.0,143.0,6.0,2,4400,0,0,0,0,2,0
TF,PUVUD,49.470950,-119.598158,0, ,0.0,0.0,155.0,5.0,1,3360,0,0,0,0,3,1
TF,ULBAP,49.158072,-119.526225,0, ,0.0,0.0,0.0,0.0,1,7300,0,0,0,0,0,1
HM,ULBAP,49.158072,-119.526225,2, ,0.0,0.0,156.0,04.3,0,0,0,1,250,0,0,0,0

APPTR,R16-Y,16,AMBAT
IF,AMBAT,49.883333,-119.656667, ,0.0,0.0,1,10000,0,1,210,0,1,0
TF,XOTRO,49.784594,-119.718625,0, ,0.0,0.0,0.0,0.0,2,7400,0,0,0,0,1,0
RF,NOREN,49.694611,-119.706975,1,ARC03,131.2,6.0,2,5700,0,0,0,0,0,0
TF,LEREK,49.652083,-119.666594,0, ,0.0,0.0,0.0,0.0,2,4800,0,0,0,0,0,0
TF,NOSAS,49.606706,-119.623597,0, ,0.0,0.0,0.0,0.0,2,3800,0,0,0,0,0,0
RF,WINDE,49.565400,-119.604675,2,ARC02,-8.8,5.0,2,3000,0,0,0,0,0,0

APPTR,R16-Y,16,MEDUL
IF,MEDUL,49.819817,-119.546264, ,0.0,0.0,2,9000,0,1,210,0,1,0
TF,XESOD,49.785819,-119.663683,0, ,0.0,0.0,0.0,0.0,2,7600,0,0,0,0,0,0
RF,NOREN,49.694611,-119.706975,1,ARC04,131.2,3.8,2,5700,0,0,0,0,0,0
TF,LEREK,49.652083,-119.666594,0, ,0.0,0.0,0.0,0.0,2,4800,0,0,0,0,0,0
TF,NOSAS,49.606706,-119.623597,0, ,0.0,0.0,0.0,0.0,2,3800,0,0,0,0,0,0
RF,WINDE,49.565400,-119.604675,2,ARC02,256.5,5.0,2,3000,0,0,0,0,0,0

APPTR,R16-Y,16,NAPDO
IF,NAPDO,49.582547,-120.036897, ,0.0,0.0,2,9000,0,1,210,0,1,0
TF,XETIP,49.672197,-119.885214,0, ,0.0,0.0,0.0,0.0,2,7800,0,0,0,0,0,0
RF,MEVLO,49.695647,-119.770939,2,ARC01,105.6,5.6,2,6300,0,0,0,0,0,0
RF,LEREK,49.652083,-119.666594,2,ARC01,131.3,5.6,2,4800,0,0,0,0,0,0
TF,NOSAS,49.606706,-119.623597,0, ,0.0,0.0,0.0,0.0,2,3800,0,0,0,0,0,0
RF,WINDE,49.565400,-119.604675,2,ARC02,342.8,5.0,2,3000,0,0,0,0,0,0

FINAL,R16-Y,16,R,2
IF,WINDE,49.565400,-119.604675, ,0.0,0.0,2,3000,0,0,0,0,2,0
TF,URLIP,49.470797,-119.600669,0, ,0.0,0.0,162.0,5.7,1,1189,0,0,0,0,3,1
DF,MEBRU,49.320214,-119.567028,0, ,0.0,0.0,1,8100,0,0,0,0,0,1
HM,MEBRU,49.320214,-119.567028,2, ,0.0,0.0,156.0,04.3,0,0,0,1,250,0,0,0,0

APPTR,R16-Z,16,AMBAT
IF,AMBAT,49.883333,-119.656667, ,0.0,0.0,2,10000,0,0,0,0,1,0
TF,MIXEV,49.774286,-119.613569,0, ,0.0,0.0,0.0,0.0,2,7000,0,0,0,0,1,0

APPTR,R16-Z,16,EMDAV
IF,EMDAV,49.770417,-119.819164, ,0.0,0.0,2,8000,0,0,0,0,1,0
TF,MIXEV,49.774286,-119.613569,0, ,0.0,0.0,0.0,0.0,2,7000,0,0,0,0,1,0

APPTR,R16-Z,16,KETNA
IF,KETNA,49.870731,-119.471550, ,0.0,0.0,2,8000,0,0,0,0,1,0
TF,MIXEV,49.774286,-119.613569,0, ,0.0,0.0,0.0,0.0,2,7000,0,0,0,0,1,0

FINAL,R16-Z,16,R,3
IF,MIXEV,49.774286,-119.613569, ,0.0,0.0,2,7000,0,0,0,0,0,0
TF,ONDOP,49.674419,-119.609264,0, ,0.0,0.0,162.0,6.0,2,6000,0,0,0,0,2,0
TF,URLIP,49.470797,-119.600669,0, ,0.0,0.0,162.0,12.2,1,1189,0,0,0,0,3,1
CA,0,162.0,2,1900,0,0,0,0,0,0
DF,AVTOP,49.240953,-119.578803,0, ,0.0,0.0,1,7500,0,0,0,0,0,1
HM,AVTOP,49.240953,-119.578803,1, ,0.0,0.0,160.0,04.3,0,0,0,1,250,0,0,0,0

APPTR,R34-B,34,GADAK
IF,GADAK,49.237569,-119.759308, ,0.0,0.0,0,0,0,0,0,0,1,0
TF,VEVDU,49.257536,-119.558114,0, ,0.0,0.0,0.0,0.0,2,6500,0,0,0,0,1,0

APPTR,R34-B,34,IMURO
IF,IMURO,49.277156,-119.356758, ,0.0,0.0,0,0,0,0,0,0,1,0
TF,VEVDU,49.257536,-119.558114,0, ,0.0,0.0,0.0,0.0,2,6500,0,0,0,0,1,0

FINAL,R34-B,34,R,3
IF,VEVDU,49.257536,-119.558114, ,0.0,0.0,2,6500,0,0,0,0,0,0
TF,ELSES,49.372806,-119.584636,0, ,0.0,0.0,336.0,7.0,2,4900,0,0,0,0,2,0
TF,PENBA,49.455136,-119.603656,0, ,0.0,0.0,335.0,5.0,1,3500,0,0,0,0,3,1
TF,OBVOT,49.578622,-119.632306,0, ,0.0,0.0,0.0,0.0,0,0,0,0,0,0,0,0
TF,MEMSA,49.693706,-120.113486,0, ,0.0,0.0,0.0,0.0,1,8400,0,0,0,0,0,1
HM,MEMSA,49.693706,-120.113486,1, ,0.0,0.0,274.0,04.3,0,0,0,0,0,0,0,0,0

APPTR,R34-C,34,KEPRI
IF,KEPRI,49.644675,-119.927764, ,0.0,0.0,0,0,0,1,210,0,1,0
TF,EMBRO,49.645803,-119.799561,0, ,0.0,0.0,0.0,0.0,2,7200,0,0,0,0,0,0
TF,KAPAP,49.646792,-119.671353,0, ,0.0,0.0,0.0,0.0,2,5300,0,0,0,0,1,0

FINAL,R34-C,34,R,3
IF,KAPAP,49.646792,-119.671353, ,0.0,0.0,2,5300,0,0,0,0,0,0
TF,ADRED,49.553278,-119.617242,0, ,0.0,0.0,143.0,6.0,2,4400,0,0,0,0,2,0
TF,PUVUD,49.470950,-119.598158,0, ,0.0,0.0,155.0,5.0,1,3360,0,0,0,0,3,1
TF,ULBAP,49.158072,-119.526225,0, ,0.0,0.0,0.0,0.0,1,7300,0,0,0,0,0,1
HM,ULBAP,49.158072,-119.526225,2, ,0.0,0.0,156.0,04.3,0,0,0,1,250,0,0,0,0

