SID,CLOAK7,32,5
VA,0,315.0,2,600,0,1,220,0,0,0
DF,ALUBO,48.774153,-123.263133,0, ,0.0,0.0,0,0,0,1,220,0,0,0
TF,YVR,49.077342,-123.149064,0, ,0.0,0.0,0.0,0.0,2,3000,0,0,0,0,0,0

SID,CYYJ5,03,1
VA,0,27.0,2,470,0,0,0,0,0,0
VM,0,0,0,27.0,0,0,0,0,0,0,0,0

SID,CYYJ5,09,1
VA,0,89.0,2,470,0,0,0,0,0,0
VM,0,0,0,89.0,0,0,0,0,0,0,0,0

SID,CYYJ5,14,1
VA,0,135.0,2,470,0,0,0,0,0,0
VM,0,0,0,135.0,0,0,0,0,0,0,0,0

SID,MILLB9,27,4
DF,IMUSO,48.685100,-123.614889,0, ,0.0,0.0,0,0,0,0,0,0,0,0

SID,MILLB9,32,4
VA,0,315.0,2,600,0,1,210,0,0,0
DF,IMUSO,48.685100,-123.614889,0, ,0.0,0.0,0,0,0,1,210,0,0,0

SID,MILLB9,KELNA,6
IF,IMUSO,48.685100,-123.614889, ,0.0,0.0,0,0,0,0,0,0,0,0
TF,EMETU,48.558219,-123.721358,0, ,0.0,0.0,0.0,0.0,0,0,0,0,0,0,0,0
TF,KELNA,48.183706,-123.829053,0, ,0.0,0.0,0.0,0.0,0,0,0,0,0,0,0,0

SID,MILLB9,YVR,6
IF,IMUSO,48.685100,-123.614889, ,0.0,0.0,0,0,0,0,0,0,0,0
TF,ALONA,48.878075,-123.667528,0, ,0.0,0.0,0.0,0.0,0,0,0,1,210,0,0,0
TF,YVR,49.077342,-123.149064,0, ,0.0,0.0,0.0,0.0,0,0,0,0,0,0,0,0

STAR,APASS8,BOOTH,4
IF,BOOTH,49.522369,-122.045139, ,0.0,0.0,0,0,0,0,0,0,0,0
TF,STAVE,49.401539,-122.347997,0, ,0.0,0.0,0.0,0.0,0,0,0,0,0,0,0,0
TF,LANNE,49.279689,-122.652183,0, ,0.0,0.0,0.0,0.0,3,20000,0,0,0,0,0,0
TF,YVR,49.077342,-123.149064,0, ,0.0,0.0,0.0,0.0,4,16000,13000,1,250,0,0,0

STAR,APASS8,KEINN,4
IF,KEINN,49.816250,-123.732225, ,0.0,0.0,0,0,0,0,0,0,0,0
TF,FASBO,49.373678,-123.380581,0, ,0.0,0.0,0.0,0.0,3,20000,0,0,0,0,0,0
TF,YVR,49.077342,-123.149064,0, ,0.0,0.0,0.0,0.0,4,16000,13000,1,250,0,0,0

STAR,APASS8,ALL,5
IF,YVR,49.077342,-123.149064, ,0.0,0.0,4,16000,13000,1,250,0,0,0
TF,AMEBO,48.873875,-123.290003,0, ,0.0,0.0,0.0,0.0,0,0,0,0,0,0,0,1

STAR,APASS8,09,6
IF,AMEBO,48.873875,-123.290003, ,0.0,0.0,0,0,0,0,0,0,0,0
TF,IKLER,48.783397,-123.409900,0, ,0.0,0.0,0.0,0.0,0,0,0,0,0,0,0,0
TF,PELTI,48.747150,-123.457767,0, ,0.0,0.0,0.0,0.0,0,0,0,1,210,0,0,0
TF,DAXET,48.780358,-123.633342,0, ,0.0,0.0,0.0,0.0,0,0,0,0,0,0,0,0
TF,KELKU,48.805517,-123.767469,0, ,0.0,0.0,0.0,0.0,2,4000,0,1,200,0,0,0

STAR,APASS8,27,6
IF,AMEBO,48.873875,-123.290003, ,0.0,0.0,0,0,0,0,0,0,0,0
TF,ADSIK,48.727406,-123.354136,0, ,0.0,0.0,0.0,0.0,0,0,0,0,0,0,0,0
TF,OBSOP,48.682417,-123.120125,0, ,0.0,0.0,0.0,0.0,2,3000,0,1,210,0,0,0

STAR,DISCO5,ALL,5
IF,DISCO,48.376614,-123.158500, ,0.0,0.0,2,5000,0,0,0,0,0,0

STAR,DISCO5,09,6
IF,DISCO,48.376614,-123.158500, ,0.0,0.0,2,5000,0,0,0,0,0,0
TF,LUSHE,48.551000,-123.624833,0, ,0.0,0.0,0.0,0.0,0,0,0,0,0,0,0,0
TF,LIDIS,48.582297,-123.718361,0, ,0.0,0.0,0.0,0.0,0,0,0,1,210,0,0,0
TF,OMINU,48.624408,-123.844756,0, ,0.0,0.0,0.0,0.0,2,5000,0,0,0,0,0,0

STAR,DISCO5,27,6
IF,DISCO,48.376614,-123.158500, ,0.0,0.0,2,5000,0,0,0,0,0,0
TF,UKNUP,48.514617,-123.166233,0, ,0.0,0.0,0.0,0.0,2,3000,0,1,210,0,0,0
TF,LAFFO,48.597683,-123.157442,0, ,0.0,0.0,0.0,0.0,2,2300,0,0,0,0,0,0

FINAL,I09,09,I,3
IF,BRANY,48.720581,-123.803786,IKH,269.1,16.3,2,4000,0,0,0,0,0,0
CF,DUSAG,48.670239,-123.536328,0,IKH,269.1,5.2,89.0,11.1,1,1390,0,0,0,0,2,0
CF,RW09,48.651867,-123.439669,0,IKH,269.1,1.2,89.0,4.0,1,104,0,0,0,0,3,0
CF,IKH12,48.595800,-123.146553,0,YVR,162.8,28.9,89.0,12.1,0,0,0,0,0,0,0,1
DF,YVR,49.077342,-123.149064,1, ,0.0,0.0,1,3000,0,0,0,0,0,0
HM,YVR,49.077342,-123.149064,2, ,0.0,0.0,257.0,04.3,0,0,0,1,230,0,0,0,0

FINAL,I27,27,I,3
IF,LAFFO,48.597683,-123.157442,IYJ,89.0,11.8,2,2300,0,0,0,0,0,0
CF,DUNJY,48.627983,-123.314756,0,IYJ,89.1,5.3,269.0,6.5,1,1410,0,0,0,0,2,0
CF,RW27,48.646561,-123.411850,0,IYJ,89.1,1.3,269.0,4.0,1,116,0,0,0,0,3,0
TF,EBGEP,48.688256,-123.631619,0, ,0.0,0.0,0.0,0.0,1,3500,0,0,0,0,0,1
HM,EBGEP,48.688256,-123.631619,2, ,0.0,0.0,323.0,04.3,0,0,0,1,200,0,0,0,0

FINAL,L27,27,D,3
IF,LAFFO,48.597683,-123.157442,IYJ,89.0,11.8,2,2300,0,0,0,0,0,0
CF,DUNJY,48.627983,-123.314756,0,IYJ,89.1,5.3,269.0,6.5,2,1400,0,0,0,0,2,0
CF,RW27,48.646561,-123.411850,0,IYJ,89.1,1.3,269.0,4.0,1,116,0,0,0,0,3,0
TF,EBGEP,48.688256,-123.631619,0, ,0.0,0.0,0.0,0.0,1,3500,0,0,0,0,0,1
HM,EBGEP,48.688256,-123.631619,2, ,0.0,0.0,323.0,04.3,0,0,0,1,200,0,0,0,0

APPTR,R09-X,09,DAXET
IF,DAXET,48.780358,-123.633342, ,0.0,0.0,0,0,0,1,210,0,1,0
TF,AGBAR,48.695464,-123.669869,0, ,0.0,0.0,0.0,0.0,2,3100,0,0,0,0,1,0

APPTR,R09-X,09,LIDIS
IF,LIDIS,48.582297,-123.718361, ,0.0,0.0,0,0,0,1,210,0,1,0
TF,IKLAG,48.647403,-123.690489,0, ,0.0,0.0,0.0,0.0,2,3800,0,0,0,0,0,0
TF,AGBAR,48.695464,-123.669869,0, ,0.0,0.0,0.0,0.0,2,3100,0,0,0,0,1,0

FINAL,R09-X,09,R,3
IF,AGBAR,48.695464,-123.669869, ,0.0,0.0,2,3100,0,0,0,0,0,0
TF,NADEP,48.675831,-123.565858,0, ,0.0,0.0,89.0,4.3,2,2100,0,0,0,0,2,0
TF,RW09,48.651867,-123.439669,0, ,0.0,0.0,89.0,5.2,1,103,0,0,0,0,3,1
VA,0,89.0,2,3000,0,0,0,0,0,0
DF,AMEBO,48.873875,-123.290003,1, ,0.0,0.0,1,3000,0,0,0,0,0,1
HM,AMEBO,48.873875,-123.290003,2, ,0.0,0.0,348.0,04.3,0,0,0,1,230,0,0,0,0

APPTR,R09-Z,09,DAXET
IF,DAXET,48.780358,-123.633342, ,0.0,0.0,0,0,0,1,210,0,1,0
TF,AGBAR,48.695464,-123.669869,0, ,0.0,0.0,0.0,0.0,2,3100,0,0,0,0,1,0

APPTR,R09-Z,09,LIDIS
IF,LIDIS,48.582297,-123.718361, ,0.0,0.0,0,0,0,1,210,0,1,0
TF,IKLAG,48.647403,-123.690489,0, ,0.0,0.0,0.0,0.0,2,3800,0,0,0,0,0,0
TF,AGBAR,48.695464,-123.669869,0, ,0.0,0.0,0.0,0.0,2,3100,0,0,0,0,1,0

FINAL,R09-Z,09,R,4
IF,AGBAR,48.695464,-123.669869, ,0.0,0.0,2,3100,0,0,0,0,0,0
TF,NADEP,48.675831,-123.565858,0, ,0.0,0.0,89.0,4.3,2,2100,0,0,0,0,2,0
TF,XOVIK,48.665194,-123.509742,0, ,0.0,0.0,89.0,2.3,2,1200,0,0,0,0,0,0
TF,RW09,48.651867,-123.439669,0, ,0.0,0.0,89.0,2.9,1,103,0,0,0,0,3,1
VA,0,89.0,2,3000,0,0,0,0,0,0
DF,AMEBO,48.873875,-123.290003,1, ,0.0,0.0,1,3000,0,0,0,0,0,1
HM,AMEBO,48.873875,-123.290003,2, ,0.0,0.0,348.0,04.3,0,0,0,1,230,0,0,0,0

APPTR,R27-Z,27,OBSOP
IF,OBSOP,48.682417,-123.120125, ,0.0,0.0,0,0,0,1,210,0,1,0
TF,LAFFO,48.597683,-123.157442,0, ,0.0,0.0,0.0,0.0,2,2300,0,0,0,0,1,0

APPTR,R27-Z,27,UKNUP
IF,UKNUP,48.514617,-123.166233, ,0.0,0.0,0,0,0,1,210,0,1,0
TF,LAFFO,48.597683,-123.157442,0, ,0.0,0.0,0.0,0.0,2,2300,0,0,0,0,1,0

FINAL,R27-Z,27,R,4
IF,LAFFO,48.597683,-123.157442, ,0.0,0.0,2,2300,0,0,0,0,0,0
TF,TUGUK,48.616294,-123.253903,0, ,0.0,0.0,269.0,4.0,2,2200,0,0,0,0,2,0
TF,XOTAN,48.633636,-123.344244,0, ,0.0,0.0,269.0,3.7,2,1010,0,0,0,0,0,0
TF,RW27,48.646561,-123.411850,0, ,0.0,0.0,269.0,2.8,1,116,0,0,0,0,3,1
TF,APKOS,48.692397,-123.653583,0, ,0.0,0.0,0.0,0.0,0,0,0,0,0,0,0,0
TF,ITPIV,48.836542,-123.591442,0, ,0.0,0.0,0.0,0.0,1,3500,0,0,0,0,0,0
TF,AMEBO,48.873875,-123.290003,0, ,0.0,0.0,0.0,0.0,0,0,0,0,0,0,0,1
HM,AMEBO,48.873875,-123.290003,2, ,0.0,0.0,348.0,04.3,0,0,0,1,265,0,0,0,0

