APPTR,D13,13,YYN
IF,YYN,50.297042,-107.690903, ,0.0,0.0,0,0,0,0,0,0,0,0
TF,MENGI,50.338925,-107.771772,0, ,0.0,0.0,0.0,0.0,2,4200,0,0,0,0,1,0
PI,MENGI,50.338925,-107.771772,2,YYN,252.0,10.0,297,5.0,2,4200,0,0,0,0,0,0

FINAL,D13,13,D,3
IF,OTULI,50.443386,-107.974567,YYN,297.0,14.0,2,4200,0,0,0,0,0,0
CF,MENGI,50.338925,-107.771772,0,YYN,297.0,4.0,117.0,10.0,2,3940,0,0,0,0,2,0
CF,MA13,50.298325,-107.693372,0,YYN,297.0,0.1,117.0,3.9,1,2703,0,0,0,0,3,0
CF,YYN,50.297042,-107.690903,0,YYN,0.0,0.0,117.0,0.1,0,0,0,0,0,0,0,1
FA,YYN,50.297042,-107.690903,0,YYN,0.0,0.0,117.0,2,4200,0,0,0,0,0,0
DF,YYN,50.297042,-107.690903,1, ,0.0,0.0,1,4200,0,0,0,0,0,0
HM,YYN,50.297042,-107.690903,2, ,0.0,0.0,117.0,04.3,0,0,0,0,0,0,0,0,0

APPTR,D31,31,YYN
PI,YYN,50.297042,-107.690903,2,YYN,84.0,10.0,129,5.0,2,4300,0,0,0,0,0,0

FINAL,D31,31,D,3
IF,AMUBO,50.167536,-107.527769,YYN,129.0,10.0,2,4300,0,0,0,0,0,0
CF,ITREM,50.245267,-107.625544,0,YYN,129.0,4.0,309.0,6.0,2,3800,0,0,0,0,2,0
CF,MA31,50.289239,-107.681039,0,YYN,129.0,0.6,309.0,3.4,1,2719,0,0,0,0,3,0
CF,YYN,50.297042,-107.690903,0,YYN,0.0,0.0,309.0,0.6,0,0,0,0,0,0,0,1
FA,YYN,50.297042,-107.690903,0,YYN,0.0,0.0,309.0,2,4300,0,0,0,0,0,0
DF,YYN,50.297042,-107.690903,2, ,0.0,0.0,1,4300,0,0,0,0,0,0
HM,YYN,50.297042,-107.690903,2, ,0.0,0.0,309.0,04.3,0,0,0,0,0,0,0,0,0

APPTR,R13,13,BEXUS
IF,BEXUS,50.345786,-107.953536, ,0.0,0.0,0,0,0,1,210,0,1,0
TF,ETNAT,50.404139,-107.860697,0, ,0.0,0.0,0.0,0.0,2,4200,0,0,0,0,1,0

APPTR,R13,13,RUBLA
IF,RUBLA,50.462550,-107.767833, ,0.0,0.0,0,0,0,1,210,0,1,0
TF,ETNAT,50.404139,-107.860697,0, ,0.0,0.0,0.0,0.0,2,4200,0,0,0,0,1,0

FINAL,R13,13,R,3
IF,ETNAT,50.404139,-107.860697, ,0.0,0.0,2,4200,0,0,0,0,1,0
TF,VIBDA,50.345111,-107.769797,0, ,0.0,0.0,124.0,5.0,2,4000,0,0,0,0,2,0
TF,RW13,50.296675,-107.695458,0, ,0.0,0.0,124.0,4.1,1,2701,0,0,0,0,3,1
TF,DUTSO,50.237231,-107.604533,0, ,0.0,0.0,0.0,0.0,1,4500,0,0,0,0,0,1
HM,DUTSO,50.237231,-107.604533,2, ,0.0,0.0,124.0,04.3,0,0,0,1,200,0,0,0,0

APPTR,R31,31,KATVO
IF,KATVO,50.239408,-107.426394, ,0.0,0.0,0,0,0,1,210,0,1,0
TF,IRGIM,50.181267,-107.519239,0, ,0.0,0.0,0.0,0.0,2,4300,0,0,0,0,1,0

APPTR,R31,31,PELDU
IF,PELDU,50.122922,-107.611661, ,0.0,0.0,0,0,0,1,210,0,1,0
TF,IRGIM,50.181267,-107.519239,0, ,0.0,0.0,0.0,0.0,2,4300,0,0,0,0,1,0

FINAL,R31,31,R,3
IF,IRGIM,50.181267,-107.519239, ,0.0,0.0,2,4300,0,0,0,0,1,0
TF,LOGLO,50.240506,-107.609536,0, ,0.0,0.0,304.0,5.0,2,4000,0,0,0,0,2,0
TF,RW31,50.288364,-107.682728,0, ,0.0,0.0,304.0,4.0,1,2718,0,0,0,0,3,1
TF,GADNI,50.347744,-107.773847,0, ,0.0,0.0,0.0,0.0,1,4500,0,0,0,0,0,1
HM,GADNI,50.347744,-107.773847,2, ,0.0,0.0,304.0,04.3,0,0,0,1,200,0,0,0,0

APPTR,S31,31,YYN
PI,YYN,50.297042,-107.690903,2,YYN,84.0,10.0,129,5.0,2,4300,0,0,0,0,1,0
CF,FF31,50.224544,-107.599439,0,YYN,129.0,5.6,309.0,4.4,2,4300,0,0,0,0,0,0

FINAL,S31,31,D,2
IF,FF31,50.224544,-107.599439,YYN,129.0,5.6,2,4300,0,0,0,0,2,0
CF,RW31,50.288364,-107.682728,0,YYN,136.9,0.6,309.0,5.0,1,2718,0,0,0,0,3,0
CF,YYN,50.297042,-107.690903,0,YYN,0.0,0.0,309.0,0.6,0,0,0,0,0,0,0,1
FA,YYN,50.297042,-107.690903,0,YYN,0.0,0.0,309.0,2,4300,0,0,0,0,0,0
DF,YYN,50.297042,-107.690903,2, ,0.0,0.0,1,4300,0,0,0,0,0,0
HM,YYN,50.297042,-107.690903,2, ,0.0,0.0,309.0,04.3,0,0,0,0,0,0,0,0,0

