SID,CYZF2,10,1
VA,0,100.0,2,1080,0,0,0,0,0,0
VM,0,0,0,100.0,0,0,0,0,0,0,0,0

SID,CYZF2,16,1
VA,0,160.0,2,1080,0,0,0,0,0,0
VM,0,0,0,160.0,0,0,0,0,0,0,0,0

SID,CYZF2,28,1
VA,0,280.0,2,1080,0,0,0,0,0,0
VM,0,0,0,280.0,0,0,0,0,0,0,0,0

SID,CYZF2,34,1
VA,0,340.0,2,1080,0,0,0,0,0,0
VM,0,0,0,340.0,0,0,0,0,0,0,0,0

APPTR,I34,34,IGROP
IF,IGROP,62.280456,-114.593531, ,0.0,0.0,0,0,0,1,210,0,1,0
TF,OMTAX,62.286386,-114.415603,0,IZF,0.0,0.0,0.0,0.0,2,2800,0,0,0,0,1,0

APPTR,I34,34,PEPGA
IF,PEPGA,62.292092,-114.237608, ,0.0,0.0,0,0,0,1,210,0,1,0
TF,OMTAX,62.286386,-114.415603,0,IZF,0.0,0.0,0.0,0.0,2,2800,0,0,0,0,1,0

APPTR,I34,34,ZF
IF,ZF,62.410953,-114.434428, ,0.0,0.0,0,0,0,0,0,0,1,0
PI,ZF,62.410953,-114.434428,1,YZF,205.0,10.0,160,5.0,2,2800,0,0,0,0,0,0

FINAL,I34,34,I,3
IF,OMTAX,62.286386,-114.415603,IZF,160.0,11.4,2,2800,0,0,0,0,0,0
CF,ZF,62.410953,-114.434428,0,IZF,160.0,3.8,340.0,7.5,1,1520,0,0,0,0,2,0
CF,RW34,62.452803,-114.440825,0,IZF,160.0,1.3,340.0,2.5,1,713,0,0,0,0,3,0
VA,0,340.0,2,4000,0,0,0,0,0,0
VM,0,0,0,340.0,1,4000,0,0,0,0,0,0

APPTR,R10-Y,10,BESUT
IF,BESUT,62.543461,-114.777314, ,0.0,0.0,2,2000,0,0,0,0,1,0
TF,ADRIS,62.500242,-114.583269,0, ,0.0,0.0,0.0,0.0,2,2000,0,0,0,0,0,0

APPTR,R10-Y,10,URMAG
IF,URMAG,62.380953,-114.702536, ,0.0,0.0,2,5000,0,1,210,0,1,0
TF,KEBVO,62.460594,-114.711944,0, ,0.0,0.0,0.0,0.0,2,3500,0,0,0,0,0,0
RF,MIRUB,62.479339,-114.704722,2,ARC01,49.3,2.5,2,3200,0,0,0,0,0,0
RF,ADRIS,62.500242,-114.583269,2,ARC01,200.9,2.5,2,2000,0,0,0,0,0,0

APPTR,R10-Y,10,VOGID
IF,VOGID,62.392367,-114.785658, ,0.0,0.0,2,5000,0,1,210,0,1,0
TF,MIRUB,62.479339,-114.704722,0, ,0.0,0.0,0.0,0.0,2,3200,0,0,0,0,0,0
RF,ADRIS,62.500242,-114.583269,2,ARC01,339.8,2.5,2,2000,0,0,0,0,0,0

FINAL,R10-Y,10,R,2
IF,ADRIS,62.500242,-114.583269, ,0.0,0.0,2,2000,0,0,0,0,2,0
TF,RW10,62.471156,-114.453686,0, ,0.0,0.0,100.0,4.0,1,723,0,0,0,0,3,1
TF,VOLOS,62.392056,-114.105169,0, ,0.0,0.0,0.0,0.0,1,4000,0,0,0,0,0,1
HM,VOLOS,62.392056,-114.105169,2, ,0.0,0.0,100.0,04.3,0,0,0,1,230,0,0,0,0

APPTR,R10-Z,10,DAXAX
IF,DAXAX,62.468542,-114.855006, ,0.0,0.0,0,0,0,1,210,0,1,0
TF,BESUT,62.543461,-114.777314,0, ,0.0,0.0,0.0,0.0,2,2000,0,0,0,0,1,0

APPTR,R10-Z,10,TADOL
IF,TADOL,62.618333,-114.699228, ,0.0,0.0,0,0,0,1,210,0,1,0
TF,BESUT,62.543461,-114.777314,0, ,0.0,0.0,0.0,0.0,2,2000,0,0,0,0,1,0

FINAL,R10-Z,10,R,3
IF,BESUT,62.543461,-114.777314, ,0.0,0.0,2,2000,0,0,0,0,1,0
TF,ADRIS,62.500242,-114.583269,0, ,0.0,0.0,99.0,6.0,2,2000,0,0,0,0,2,0
TF,RW10,62.471156,-114.453686,0, ,0.0,0.0,100.0,4.0,1,723,0,0,0,0,3,1
TF,VOLOS,62.392056,-114.105169,0, ,0.0,0.0,0.0,0.0,1,4000,0,0,0,0,0,1
HM,VOLOS,62.392056,-114.105169,2, ,0.0,0.0,100.0,04.3,0,0,0,1,230,0,0,0,0

APPTR,R16-Y,16,ADSAL
IF,ADSAL,62.639022,-114.469386, ,0.0,0.0,2,2000,0,0,0,0,1,0
TF,RADIR,62.539581,-114.454089,0, ,0.0,0.0,0.0,0.0,2,2000,0,0,0,0,0,0

APPTR,R16-Y,16,OVDOP
IF,OVDOP,62.503886,-114.268494, ,0.0,0.0,2,5000,0,1,200,0,1,0
TF,KEDIT,62.545333,-114.274592,0, ,0.0,0.0,0.0,0.0,2,4400,0,0,0,0,0,0
RF,RADIR,62.539581,-114.454089,1,ARC03,219.2,2.5,2,2000,0,0,0,0,0,0

APPTR,R16-Y,16,SIBKO
IF,SIBKO,62.492169,-114.626928, ,0.0,0.0,2,5000,0,1,200,0,1,0
TF,MIRUV,62.533600,-114.633519,0, ,0.0,0.0,0.0,0.0,2,4400,0,0,0,0,0,0
RF,RADIR,62.539581,-114.454089,2,ARC02,339.8,2.5,2,2000,0,0,0,0,0,0

FINAL,R16-Y,16,R,2
IF,RADIR,62.539581,-114.454089, ,0.0,0.0,2,2000,0,0,0,0,2,0
TF,RW16,62.473272,-114.443947,0, ,0.0,0.0,160.0,4.0,1,726,0,0,0,0,3,1
TF,OMTAX,62.286386,-114.415603,0, ,0.0,0.0,0.0,0.0,1,4000,0,0,0,0,0,1
HM,OMTAX,62.286386,-114.415603,2, ,0.0,0.0,160.0,04.3,0,0,0,1,230,0,0,0,0

APPTR,R16-Z,16,ALERU
IF,ALERU,62.633019,-114.649411, ,0.0,0.0,0,0,0,1,210,0,1,0
TF,ADSAL,62.639022,-114.469386,0, ,0.0,0.0,0.0,0.0,2,2100,0,0,0,0,1,0

APPTR,R16-Z,16,NALVO
IF,NALVO,62.644794,-114.289289, ,0.0,0.0,0,0,0,1,210,0,1,0
TF,ADSAL,62.639022,-114.469386,0, ,0.0,0.0,0.0,0.0,2,2100,0,0,0,0,1,0

FINAL,R16-Z,16,R,3
IF,ADSAL,62.639022,-114.469386, ,0.0,0.0,2,2100,0,0,0,0,1,0
TF,RADIR,62.539581,-114.454089,0, ,0.0,0.0,160.0,6.0,2,2000,0,0,0,0,2,0
TF,RW16,62.473272,-114.443947,0, ,0.0,0.0,160.0,4.0,1,726,0,0,0,0,3,1
TF,OMTAX,62.286386,-114.415603,0, ,0.0,0.0,0.0,0.0,1,4000,0,0,0,0,0,1
HM,OMTAX,62.286386,-114.415603,2, ,0.0,0.0,160.0,04.3,0,0,0,1,230,0,0,0,0

APPTR,R28-Y,28,PEVKI
IF,PEVKI,62.286050,-114.228489, ,0.0,0.0,2,5000,0,1,210,0,1,0
TF,MIVUX,62.402006,-114.248239,0, ,0.0,0.0,0.0,0.0,2,2800,0,0,0,0,0,0
RF,ULEXA,62.436014,-114.298139,1,ARC04,95.9,2.5,2,2000,0,0,0,0,0,0

APPTR,R28-Y,28,VOLOS
IF,VOLOS,62.392056,-114.105169, ,0.0,0.0,2,2000,0,0,0,0,1,0
TF,ULEXA,62.436014,-114.298139,0, ,0.0,0.0,0.0,0.0,2,2000,0,0,0,0,0,0

FINAL,R28-Y,28,R,2
IF,ULEXA,62.436014,-114.298139, ,0.0,0.0,2,2000,0,0,0,0,2,0
TF,RW28,62.465172,-114.427117,0, ,0.0,0.0,280.0,4.0,1,726,0,0,0,0,3,1
TF,BESUT,62.543461,-114.777314,0, ,0.0,0.0,0.0,0.0,1,4000,0,0,0,0,0,1
HM,BESUT,62.543461,-114.777314,2, ,0.0,0.0,280.0,04.3,0,0,0,1,230,0,0,0,0

APPTR,R28-Z,28,WHEGE
IF,WHEGE,62.317514,-114.184144, ,0.0,0.0,0,0,0,1,210,0,1,0
TF,VOLOS,62.392056,-114.105169,0, ,0.0,0.0,0.0,0.0,2,2000,0,0,0,0,1,0

APPTR,R28-Z,28,XULBU
IF,XULBU,62.466553,-114.025803, ,0.0,0.0,0,0,0,1,210,0,1,0
TF,VOLOS,62.392056,-114.105169,0, ,0.0,0.0,0.0,0.0,2,2000,0,0,0,0,1,0

FINAL,R28-Z,28,R,4
IF,VOLOS,62.392056,-114.105169, ,0.0,0.0,2,2000,0,0,0,0,1,0
TF,ULEXA,62.436014,-114.298139,0, ,0.0,0.0,280.0,6.0,2,2000,0,0,0,0,2,0
TF,DUPTU,62.456439,-114.388403,0, ,0.0,0.0,280.0,2.8,2,1110,0,0,0,0,0,0
TF,RW28,62.465172,-114.427117,0, ,0.0,0.0,280.0,1.2,1,726,0,0,0,0,3,1
TF,BESUT,62.543461,-114.777314,0, ,0.0,0.0,0.0,0.0,1,4000,0,0,0,0,0,1
HM,BESUT,62.543461,-114.777314,2, ,0.0,0.0,280.0,04.3,0,0,0,1,230,0,0,0,0

APPTR,R34-Y,34,OMTAX
IF,OMTAX,62.286386,-114.415603, ,0.0,0.0,2,2100,0,0,0,0,1,0
TF,MAVUG,62.385844,-114.430644,0, ,0.0,0.0,0.0,0.0,2,2000,0,0,0,0,0,0

APPTR,R34-Y,34,RUBTI
IF,RUBTI,62.282528,-114.524581, ,0.0,0.0,2,4000,0,1,200,0,1,0
TF,KIXUK,62.364867,-114.439314,0, ,0.0,0.0,0.0,0.0,2,2400,0,0,0,0,0,0
RF,MAVUG,62.385844,-114.430644,1,ARC05,339.8,2.5,2,2000,0,0,0,0,0,0

FINAL,R34-Y,34,R,2
IF,MAVUG,62.385844,-114.430644, ,0.0,0.0,2,2000,0,0,0,0,2,0
TF,RW34,62.452803,-114.440825,0, ,0.0,0.0,340.0,4.0,1,713,0,0,0,0,3,1
TF,ADSAL,62.639022,-114.469386,0, ,0.0,0.0,0.0,0.0,1,4000,0,0,0,0,0,1
HM,ADSAL,62.639022,-114.469386,2, ,0.0,0.0,340.0,04.3,0,0,0,1,230,0,0,0,0

APPTR,R34-Z,34,IGROP
IF,IGROP,62.280456,-114.593531, ,0.0,0.0,0,0,0,1,210,0,1,0
TF,OMTAX,62.286386,-114.415603,0, ,0.0,0.0,0.0,0.0,2,2100,0,0,0,0,1,0

APPTR,R34-Z,34,PEPGA
IF,PEPGA,62.292092,-114.237608, ,0.0,0.0,0,0,0,1,210,0,1,0
TF,OMTAX,62.286386,-114.415603,0, ,0.0,0.0,0.0,0.0,2,2100,0,0,0,0,1,0

FINAL,R34-Z,34,R,4
IF,OMTAX,62.286386,-114.415603, ,0.0,0.0,2,2100,0,0,0,0,1,0
TF,MAVUG,62.385844,-114.430644,0, ,0.0,0.0,340.0,6.0,2,2000,0,0,0,0,2,0
TF,LOGTA,62.427942,-114.437039,0, ,0.0,0.0,340.0,2.5,2,1190,0,0,0,0,0,0
TF,RW34,62.452803,-114.440825,0, ,0.0,0.0,340.0,1.5,1,713,0,0,0,0,3,1
TF,ADSAL,62.639022,-114.469386,0, ,0.0,0.0,0.0,0.0,1,4000,0,0,0,0,0,1
HM,ADSAL,62.639022,-114.469386,2, ,0.0,0.0,340.0,04.3,0,0,0,1,230,0,0,0,0

APPTR,S10,10,YZF
PI,YZF,62.464281,-114.436658,2,YZF,242.0,10.0,287,5.0,2,2200,0,0,0,0,1,0
CF,FF10,62.513439,-114.594625,0,YZF,287.0,5.3,107.0,4.7,2,2200,0,0,0,0,0,0

FINAL,S10,10,D,2
IF,FF10,62.513439,-114.594625,YZF,287.0,5.3,2,2200,0,0,0,0,2,0
CF,RW10,62.471156,-114.453686,0,YZF,294.1,0.6,107.0,4.7,1,723,0,0,0,0,3,0
CF,YZF,62.464281,-114.436658,0,YZF,0.0,0.0,107.0,0.6,0,0,0,0,0,0,0,1
CA,0,107.0,2,2200,0,0,0,0,0,0
DF,YZF,62.464281,-114.436658,2, ,0.0,0.0,1,2200,0,0,0,0,0,0
HM,YZF,62.464281,-114.436658,2, ,0.0,0.0,107.0,04.3,0,0,0,1,230,0,0,0,0

APPTR,S16,16,YZF
PI,YZF,62.464281,-114.436658,1,YZF,19.0,10.0,334,5.0,2,2200,0,0,0,0,1,0
CF,FF16,62.549567,-114.465919,0,YZF,334.0,5.2,154.0,4.8,2,2200,0,0,0,0,0,0

FINAL,S16,16,D,2
IF,FF16,62.549567,-114.465919,YZF,334.0,5.2,2,2200,0,0,0,0,2,0
CF,RW16,62.473272,-114.443947,0,YZF,322.4,0.6,154.0,4.6,1,726,0,0,0,0,3,0
CF,YZF,62.464281,-114.436658,0,YZF,0.0,0.0,154.0,0.6,0,0,0,0,0,0,0,1
CA,0,154.0,2,2200,0,0,0,0,0,0
DF,YZF,62.464281,-114.436658,2, ,0.0,0.0,1,2200,0,0,0,0,0,0
HM,YZF,62.464281,-114.436658,1, ,0.0,0.0,154.0,04.3,0,0,0,1,230,0,0,0,0

