SID,CYZV3,09,1
VA,0,87.0,2,580,0,0,0,0,0,0
VM,0,0,0,87.0,0,0,0,0,0,0,0,0

SID,CYZV3,13,1
VA,0,127.0,2,580,0,0,0,0,0,0
VM,0,0,0,127.0,0,0,0,0,0,0,0,0

SID,CYZV3,27,1
VA,0,267.0,2,580,0,0,0,0,0,0
VM,0,0,0,267.0,0,0,0,0,0,0,0,0

SID,CYZV3,31,1
VA,0,307.0,2,580,0,0,0,0,0,0
VM,0,0,0,307.0,0,0,0,0,0,0,0,0

APPTR,I09,09,ETBAR
HF,ETBAR,50.130292,-66.627783,2, ,0.0,0.0,86.0,04.3,2,3200,0,1,200,0,0,0,0

APPTR,I09,09,IGSUK
IF,IGSUK,50.207800,-66.675078, ,0.0,0.0,0,0,0,1,210,0,1,0
TF,ETBAR,50.130292,-66.627783,0,IZV,0.0,0.0,0.0,0.0,2,3200,0,0,0,0,1,0

APPTR,I09,09,VOKON
IF,VOKON,50.052761,-66.580642, ,0.0,0.0,0,0,0,1,210,0,1,0
TF,ETBAR,50.130292,-66.627783,0,IZV,0.0,0.0,0.0,0.0,2,3200,0,0,0,0,1,0

FINAL,I09,09,I,3
IF,ETBAR,50.130292,-66.627783,IZV,268.9,15.7,2,3200,0,0,0,0,0,0
CF,ONBEL,50.190747,-66.386294,0,IZV,268.9,5.7,86.0,10.0,1,1660,0,0,0,0,2,0
CF,RW09,50.217458,-66.278744,0,IZV,269.0,1.3,86.0,4.4,1,222,0,0,0,0,3,0
VA,0,87.0,2,3200,0,0,0,0,0,0
VM,0,0,0,87.0,0,0,0,0,0,0,0,0

APPTR,R09,09,ETBAR
HF,ETBAR,50.130292,-66.627783,2, ,0.0,0.0,88.0,04.3,2,3200,0,1,200,0,1,0,0

APPTR,R09,09,IGSUK
IF,IGSUK,50.207800,-66.675078, ,0.0,0.0,0,0,0,1,210,0,1,0
TF,ETBAR,50.130292,-66.627783,0, ,0.0,0.0,0.0,0.0,2,3200,0,0,0,0,1,0

APPTR,R09,09,VOKON
IF,VOKON,50.052761,-66.580642, ,0.0,0.0,0,0,0,1,210,0,1,0
TF,ETBAR,50.130292,-66.627783,0, ,0.0,0.0,0.0,0.0,2,3200,0,0,0,0,1,0

FINAL,R09,09,R,4
IF,ETBAR,50.130292,-66.627783, ,0.0,0.0,2,3200,0,0,0,0,1,0
TF,DENEZ,50.183881,-66.413850,0, ,0.0,0.0,86.0,8.9,2,2000,0,0,0,0,2,0
TF,XOXUM,50.207856,-66.317467,0, ,0.0,0.0,86.0,4.0,2,730,0,0,0,0,0,0
TF,RW09,50.217458,-66.278744,0, ,0.0,0.0,86.0,1.6,1,221,0,0,0,0,3,1
TF,KODIB,50.292281,-65.974689,0, ,0.0,0.0,0.0,0.0,1,3300,0,0,0,0,0,1
HM,KODIB,50.292281,-65.974689,1, ,0.0,0.0,267.0,04.3,0,0,0,1,200,0,0,0,0

APPTR,R13,13,NORAX
IF,NORAX,50.373244,-66.532058, ,0.0,0.0,0,0,0,1,210,0,1,0
TF,LETAS,50.294425,-66.573917,0, ,0.0,0.0,0.0,0.0,2,2600,0,0,0,0,1,0

APPTR,R13,13,OMATI
IF,OMATI,50.215592,-66.615636, ,0.0,0.0,0,0,0,1,210,0,1,0
TF,LETAS,50.294425,-66.573917,0, ,0.0,0.0,0.0,0.0,2,2600,0,0,0,0,1,0

FINAL,R13,13,R,3
IF,LETAS,50.294425,-66.573917, ,0.0,0.0,2,2600,0,0,0,0,0,0
TF,PURIB,50.261208,-66.421786,0, ,0.0,0.0,126.0,6.2,2,2100,0,0,0,0,2,0
TF,RW13,50.229319,-66.276797,0, ,0.0,0.0,127.0,5.9,1,220,0,0,0,0,3,1
TF,KEKNA,50.159011,-65.960658,0, ,0.0,0.0,0.0,0.0,1,3000,0,0,0,0,0,1
HM,KEKNA,50.159011,-65.960658,1, ,0.0,0.0,307.0,04.3,0,0,0,1,200,0,0,0,0

APPTR,R27,27,LEPIM
IF,LEPIM,50.214489,-65.928447, ,0.0,0.0,0,0,0,1,210,0,1,0
TF,KODIB,50.292281,-65.974689,0, ,0.0,0.0,0.0,0.0,2,2300,0,0,0,0,1,0

APPTR,R27,27,PUPUN
IF,PUPUN,50.370158,-66.020636, ,0.0,0.0,0,0,0,1,210,0,1,0
TF,KODIB,50.292281,-65.974689,0, ,0.0,0.0,0.0,0.0,2,2300,0,0,0,0,1,0

FINAL,R27,27,R,3
IF,KODIB,50.292281,-65.974689, ,0.0,0.0,2,2300,0,0,0,0,0,0
TF,MEGRI,50.255389,-66.125125,0, ,0.0,0.0,267.0,6.2,2,1900,0,0,0,0,2,0
TF,RW27,50.223922,-66.252639,0, ,0.0,0.0,267.0,5.3,1,224,0,0,0,0,3,1
TF,AVODU,50.130436,-66.627211,0, ,0.0,0.0,0.0,0.0,1,3100,0,0,0,0,0,1
HM,AVODU,50.130436,-66.627211,2, ,0.0,0.0,86.0,04.3,0,0,0,1,200,0,0,0,0

APPTR,R31,31,DEGLU
IF,DEGLU,50.237608,-65.917908, ,0.0,0.0,0,0,0,1,210,0,1,0
TF,KEKNA,50.159011,-65.960658,0, ,0.0,0.0,0.0,0.0,2,2500,0,0,0,0,1,0

APPTR,R31,31,ITMOM
IF,ITMOM,50.080397,-66.003267, ,0.0,0.0,0,0,0,1,210,0,1,0
TF,KEKNA,50.159011,-65.960658,0, ,0.0,0.0,0.0,0.0,2,2500,0,0,0,0,1,0

FINAL,R31,31,R,4
IF,KEKNA,50.159011,-65.960658, ,0.0,0.0,2,2500,0,0,0,0,0,0
TF,LIBOT,50.193856,-66.116733,0, ,0.0,0.0,307.0,6.4,2,2000,0,0,0,0,2,0
TF,MENRI,50.216033,-66.216692,0, ,0.0,0.0,307.0,4.1,2,700,0,0,0,0,0,0
TF,RW31,50.224172,-66.253492,0, ,0.0,0.0,307.0,1.5,1,224,0,0,0,0,3,1
TF,LETAS,50.294425,-66.573917,0, ,0.0,0.0,0.0,0.0,1,4000,0,0,0,0,0,1
HM,LETAS,50.294425,-66.573917,2, ,0.0,0.0,126.0,04.3,0,0,0,1,200,0,0,0,0

