APPTR,R09,09,DATSU
IF,DATSU,55.965575,-95.924447, ,0.0,0.0,0,0,0,1,210,0,1,0
TF,OTPUX,56.048728,-95.927225,0, ,0.0,0.0,0.0,0.0,2,2000,0,0,0,0,1,0

APPTR,R09,09,VIMPO
IF,VIMPO,56.131881,-95.930014, ,0.0,0.0,0,0,0,1,210,0,1,0
TF,OTPUX,56.048728,-95.927225,0, ,0.0,0.0,0.0,0.0,2,2000,0,0,0,0,1,0

FINAL,R09,09,R,3
IF,OTPUX,56.048728,-95.927225, ,0.0,0.0,2,2000,0,0,0,0,1,0
TF,ESVOT,56.050469,-95.748925,0, ,0.0,0.0,89.0,6.0,2,2000,0,0,0,0,2,0
TF,RW09,56.051525,-95.625275,0, ,0.0,0.0,89.0,4.2,1,675,0,0,0,0,3,1
TF,ONDOL,56.052631,-95.476672,0, ,0.0,0.0,0.0,0.0,1,2000,0,0,0,0,0,1
HM,ONDOL,56.052631,-95.476672,2, ,0.0,0.0,89.0,04.3,0,0,0,0,0,0,0,0,0

APPTR,R27,27,ITNIT
IF,ITNIT,55.970497,-95.307867, ,0.0,0.0,0,0,0,1,210,0,1,0
TF,URMIR,56.053661,-95.309317,0, ,0.0,0.0,0.0,0.0,2,2000,0,0,0,0,1,0

APPTR,R27,27,SABEB
IF,SABEB,56.136822,-95.310775, ,0.0,0.0,0,0,0,1,210,0,1,0
TF,URMIR,56.053661,-95.309317,0, ,0.0,0.0,0.0,0.0,2,2000,0,0,0,0,1,0

FINAL,R27,27,R,3
IF,URMIR,56.053661,-95.309317, ,0.0,0.0,2,2000,0,0,0,0,1,0
TF,XETUB,56.052556,-95.487650,0, ,0.0,0.0,269.0,6.0,2,2000,0,0,0,0,2,0
TF,RW27,56.051642,-95.610653,0, ,0.0,0.0,269.0,4.1,1,682,0,0,0,0,3,1
TF,VIXOV,56.050375,-95.759247,0, ,0.0,0.0,0.0,0.0,1,2000,0,0,0,0,0,1
HM,VIXOV,56.050375,-95.759247,2, ,0.0,0.0,269.0,04.3,0,0,0,0,0,0,0,0,0

