SID,RABIK1,05,4
VA,0,53.0,2,1400,0,0,0,0,0,0
DF,RABIK,45.298889,-72.610278,0, ,0.0,0.0,2,5000,0,1,210,0,0,0

SID,RABIK1,23,4
VA,0,233.0,2,1000,0,0,0,0,0,0
DF,RABIK,45.298889,-72.610278,1, ,0.0,0.0,2,5000,0,1,210,0,0,0

APPTR,R05,05,ANSYL
IF,ANSYL,45.200178,-72.962653, ,0.0,0.0,0,0,0,1,210,0,1,0
TF,IMUXI,45.168047,-72.874731,0, ,0.0,0.0,0.0,0.0,2,2900,0,1,180,0,1,0

APPTR,R05,05,ENEBO
IF,ENEBO,45.117444,-72.781192, ,0.0,0.0,0,0,0,1,210,0,1,0
TF,IMUXI,45.168047,-72.874731,0, ,0.0,0.0,0.0,0.0,2,2900,0,1,180,0,1,0

FINAL,R05,05,R,4
IF,IMUXI,45.168047,-72.874731, ,0.0,0.0,2,2900,0,1,180,0,0,0
TF,IKBAV,45.234294,-72.803256,0, ,0.0,0.0,52.0,5.0,2,1700,0,0,0,0,2,0
TF,XOTMI,45.265625,-72.769381,0, ,0.0,0.0,53.0,2.4,2,900,0,0,0,0,0,0
TF,RW05,45.285483,-72.747881,0, ,0.0,0.0,53.0,1.5,1,395,0,0,0,0,3,1
DF,IGVEB,45.437197,-72.650103,0, ,0.0,0.0,1,3100,0,0,0,0,0,1
HM,IGVEB,45.437197,-72.650103,2, ,0.0,0.0,40.0,04.3,0,0,0,1,230,0,0,0,0

APPTR,R23,23,HAFIZ
IF,HAFIZ,45.495719,-72.696464, ,0.0,0.0,0,0,0,1,210,0,1,0
TF,ELBES,45.451056,-72.596497,0, ,0.0,0.0,0.0,0.0,2,2900,0,1,180,0,1,0

APPTR,R23,23,LIBUV
IF,LIBUV,45.406303,-72.496686, ,0.0,0.0,0,0,0,1,210,0,1,0
TF,ELBES,45.451056,-72.596497,0, ,0.0,0.0,0.0,0.0,2,2500,0,1,180,0,1,0

FINAL,R23,23,R,4
IF,ELBES,45.451056,-72.596497, ,0.0,0.0,2,2500,0,1,180,0,1,0
TF,MACVL,45.366711,-72.672722,0, ,0.0,0.0,228.0,6.0,2,2200,0,0,0,0,2,0
TF,XOVPU,45.317489,-72.717081,0, ,0.0,0.0,228.0,3.5,2,1000,0,0,0,0,0,0
TF,RW23,45.296386,-72.736069,0, ,0.0,0.0,228.0,1.5,1,425,0,0,0,0,3,1
TF,ILILA,45.183792,-72.837100,0, ,0.0,0.0,0.0,0.0,1,3100,0,0,0,0,0,1
HM,ILILA,45.183792,-72.837100,2, ,0.0,0.0,228.0,04.3,0,0,0,1,230,0,0,0,0

