APPTR,R10,10,DEDIL
IF,DEDIL,59.484597,-107.424564, ,0.0,0.0,0,0,0,1,210,0,1,0
TF,IKBOV,59.409311,-107.493753,0, ,0.0,0.0,0.0,0.0,2,2700,0,0,0,0,1,0

APPTR,R10,10,ULGAD
IF,ULGAD,59.333989,-107.562636, ,0.0,0.0,0,0,0,1,210,0,1,0
TF,IKBOV,59.409311,-107.493753,0, ,0.0,0.0,0.0,0.0,2,2700,0,0,0,0,1,0

FINAL,R10,10,R,3
IF,IKBOV,59.409311,-107.493753, ,0.0,0.0,2,2700,0,0,0,0,1,0
TF,KELBU,59.366958,-107.316714,0, ,0.0,0.0,104.0,6.0,2,2200,0,0,0,0,2,0
TF,RW10,59.336742,-107.191283,0, ,0.0,0.0,104.0,4.3,1,843,0,0,0,0,3,1
TF,BOVUB,59.301122,-107.044350,0, ,0.0,0.0,0.0,0.0,1,2900,0,0,0,0,0,1
HM,BOVUB,59.301122,-107.044350,2, ,0.0,0.0,104.0,04.3,0,0,0,0,0,0,0,0,0

APPTR,R28,28,ILASI
IF,ILASI,59.335825,-106.809222, ,0.0,0.0,0,0,0,1,210,0,1,0
TF,VETLU,59.260867,-106.879464,0, ,0.0,0.0,0.0,0.0,2,2200,0,0,0,0,1,0

APPTR,R28,28,UDBOP
IF,UDBOP,59.185869,-106.949400, ,0.0,0.0,0,0,0,1,210,0,1,0
TF,VETLU,59.260867,-106.879464,0, ,0.0,0.0,0.0,0.0,2,2200,0,0,0,0,1,0

FINAL,R28,28,R,3
IF,VETLU,59.260867,-106.879464, ,0.0,0.0,2,2200,0,0,0,0,1,0
TF,IKUPA,59.303811,-107.055406,0, ,0.0,0.0,284.0,6.0,2,2100,0,0,0,0,2,0
TF,RW28,59.332292,-107.172864,0, ,0.0,0.0,284.0,4.0,1,827,0,0,0,0,3,1
TF,EPMEK,59.367764,-107.320067,0, ,0.0,0.0,0.0,0.0,1,2900,0,0,0,0,0,1
HM,EPMEK,59.367764,-107.320067,2, ,0.0,0.0,284.0,04.3,0,0,0,0,0,0,0,0,0

