APPTR,R05,05,MOBUS
IF,MOBUS,55.549206,-97.493200, ,0.0,0.0,0,0,0,1,210,0,1,0
TF,NOSIP,55.483694,-97.402883,0, ,0.0,0.0,0.0,0.0,2,2000,0,0,0,0,1,0

APPTR,R05,05,OMODI
IF,OMODI,55.418114,-97.312864, ,0.0,0.0,0,0,0,1,210,0,1,0
TF,NOSIP,55.483694,-97.402883,0, ,0.0,0.0,0.0,0.0,2,2000,0,0,0,0,1,0

FINAL,R05,05,R,3
IF,NOSIP,55.483694,-97.402883, ,0.0,0.0,2,2000,0,0,0,0,1,0
TF,ULUMO,55.545058,-97.264158,0, ,0.0,0.0,50.0,6.0,2,2000,0,0,0,0,2,0
TF,RW05,55.587481,-97.167794,0, ,0.0,0.0,50.0,4.2,1,686,0,0,0,0,3,1
TF,VIRBU,55.638406,-97.051611,0, ,0.0,0.0,0.0,0.0,1,2000,0,0,0,0,0,1
HM,VIRBU,55.638406,-97.051611,2, ,0.0,0.0,50.0,04.3,0,0,0,0,0,0,0,0,0

APPTR,R23,23,DELBI
IF,DELBI,55.760467,-97.012747, ,0.0,0.0,0,0,0,1,210,0,1,0
TF,ILAPU,55.694606,-96.922747,0, ,0.0,0.0,0.0,0.0,2,2000,0,0,0,0,1,0

APPTR,R23,23,ERDEX
IF,ERDEX,55.628678,-96.833050, ,0.0,0.0,0,0,0,1,210,0,1,0
TF,ILAPU,55.694606,-96.922747,0, ,0.0,0.0,0.0,0.0,2,2000,0,0,0,0,1,0

FINAL,R23,23,R,3
IF,ILAPU,55.694606,-96.922747, ,0.0,0.0,2,2000,0,0,0,0,1,0
TF,KITUD,55.633631,-97.062531,0, ,0.0,0.0,230.0,6.0,2,2000,0,0,0,0,2,0
TF,RW23,55.591158,-97.159422,0, ,0.0,0.0,230.0,4.2,1,682,0,0,0,0,3,1
TF,LEXAR,55.540131,-97.275328,0, ,0.0,0.0,0.0,0.0,1,1900,0,0,0,0,0,1
HM,LEXAR,55.540131,-97.275328,1, ,0.0,0.0,230.0,04.3,0,0,0,0,0,0,0,0,0

