APPTR,D02,02,DJA1
IF,DJA,24.287728,9.453342, ,0.0,0.0,2,7880,0,0,0,0,0,0
FD,DJA,24.287728,9.453342,0,DJA,0.0,10.5,185.0,10.5,2,4930,0,0,0,0,0,0
CF,D207K,24.132683,9.363525,2,DJA,207.0,10.5,27.0,1.0,2,4930,0,0,0,0,1,0
TF,FD02,24.199136,9.401992,0, ,0.0,0.0,0.0,0.0,2,4930,0,0,0,0,0,0

APPTR,D02,02,DJA2
IF,DJA,24.287728,9.453342, ,0.0,0.0,2,7880,0,0,0,0,0,0
FD,DJA,24.287728,9.453342,0,DJA,0.0,9.5,192.0,9.5,2,4930,0,0,0,0,0,0
CF,D207J,24.147450,9.372069,2,DJA,207.0,9.5,27.0,1.0,2,4930,0,0,0,0,1,0
TF,FD02,24.199136,9.401992,0, ,0.0,0.0,0.0,0.0,2,4930,0,0,0,0,0,0

FINAL,D02,02,D,2
IF,FD02,24.199136,9.401992,DJA,207.0,6.0,2,4930,0,0,0,0,2,0
CF,MD02,24.243433,9.427656,0,DJA,207.0,3.0,27.0,3.0,1,3894,0,0,0,0,3,0
CF,DJA,24.287728,9.453342,0,DJA,0.0,0.0,27.0,3.0,0,0,0,0,0,0,0,0
FD,DJA,24.287728,9.453342,0,DJA,0.0,2.0,27.0,2.0,0,0,0,0,0,0,0,0
DF,DJA,24.287728,9.453342,1, ,0.0,0.0,1,7880,0,0,0,0,0,0

APPTR,D12,12,DJA1
IF,DJA,24.287728,9.453342, ,0.0,0.0,2,7880,0,0,0,0,0,0
FD,DJA,24.287728,9.453342,0,DJA,0.0,10.0,282.0,10.0,2,5550,0,0,0,0,0,0
CF,D307J,24.390600,9.309475,2,DJA,307.0,10.0,127.0,1.0,2,5550,0,0,0,0,1,0
TF,FD12,24.364894,9.345464,0, ,0.0,0.0,0.0,0.0,2,5550,0,0,0,0,0,0

APPTR,D12,12,DJA2
IF,DJA,24.287728,9.453342, ,0.0,0.0,2,7880,0,0,0,0,0,0
FD,DJA,24.287728,9.453342,0,DJA,0.0,9.0,291.0,9.0,2,5550,0,0,0,0,0,0
CF,D307I,24.380319,9.323872,2,DJA,307.0,9.0,127.0,1.0,2,5550,0,0,0,0,1,0
TF,FD12,24.364894,9.345464,0, ,0.0,0.0,0.0,0.0,2,5550,0,0,0,0,0,0

FINAL,D12,12,D,2
IF,FD12,24.364894,9.345464,DJA,307.0,7.5,2,5550,0,0,0,0,2,0
CF,MD12,24.308311,9.424586,0,DJA,307.0,2.0,127.0,5.5,1,3791,0,0,0,0,3,0
CF,DJA,24.287728,9.453342,0,DJA,0.0,0.0,127.0,2.0,0,0,0,0,0,0,0,0
FM,DJA,24.287728,9.453342,0,DJA,0.0,0.0,127.0,1,7880,0,0,0,0,0,0

APPTR,I12,12,DJA1
IF,DJA,24.287728,9.453342, ,0.0,0.0,2,7220,0,0,0,0,0,0
TF,D304E,24.337578,9.375606,0, ,0.0,0.0,0.0,0.0,2,6010,0,0,0,0,0,0
FC,D304E,24.337578,9.375606,0,DJA,0.0,0.0,259.0,4.4,2,5130,0,0,0,0,0,1
CF,CI12,24.378861,9.318178,2,DJ,304.0,10.8,124.0,1.0,2,5130,0,0,0,0,1,0

APPTR,I12,12,DJA2
IF,DJA,24.287728,9.453342, ,0.0,0.0,2,7220,0,0,0,0,0,0
TF,D304F,24.347158,9.360650,0, ,0.0,0.0,0.0,0.0,2,5770,0,0,0,0,0,0
FC,D304F,24.347158,9.360650,0,DJA,0.0,0.0,259.0,3.0,2,5130,0,0,0,0,0,1
CF,CI12,24.378861,9.318178,2,DJ,304.0,10.8,124.0,1.0,2,5130,0,0,0,0,1,0

FINAL,I12,12,I,3
IF,CI12,24.378861,9.318178,DJ,304.0,10.8,2,5130,0,0,0,0,0,0
CF,FI12,24.350108,9.363047,0,DJ,304.0,7.8,124.0,3.0,1,5130,0,0,0,0,2,0
CF,RW12,24.292436,9.452922,0,DJ,304.0,1.8,124.0,6.0,1,3213,0,0,0,0,3,0
CA,0,124.0,2,3570,0,0,0,0,0,0
FM,DJA,24.287728,9.453342,0,DJA,0.0,0.0,124.0,1,7220,0,0,0,0,0,0

