APPTR,D09,09,STF1
IF,STF,36.176667,5.288611, ,0.0,0.0,2,6700,0,0,0,0,1,0
FD,STF,36.176667,5.288611,0,STF,0.0,8.5,239.0,8.5,2,5390,0,0,0,0,0,0
CF,D266I,36.169114,5.113881,2,STF,266.0,8.5,86.0,1.0,2,5390,0,0,0,0,1,0
CF,FD09,36.172253,5.185822,0,STF,266.0,5.0,86.0,3.5,2,5390,0,0,0,0,0,0

APPTR,D09,09,STF2
IF,STF,36.176667,5.288611, ,0.0,0.0,2,6700,0,0,0,0,1,0
FD,STF,36.176667,5.288611,0,STF,0.0,8.0,249.0,8.0,2,5390,0,0,0,0,0,0
CF,D266H,36.169564,5.124158,2,STF,266.0,8.0,86.0,1.0,2,5390,0,0,0,0,1,0
CF,FD09,36.172253,5.185822,0,STF,266.0,5.0,86.0,3.0,2,5390,0,0,0,0,0,0

FINAL,D09,09,D,2
IF,FD09,36.172253,5.185822,STF,266.0,5.0,2,5390,0,0,0,0,2,0
CF,STF,36.176667,5.288611,0,STF,0.0,0.0,86.0,5.0,1,3775,0,0,0,0,3,0
FD,STF,36.176667,5.288611,0,STF,0.0,4.0,86.0,4.0,0,0,0,0,0,0,0,0
DF,STF,36.176667,5.288611,2, ,0.0,0.0,1,6700,0,0,0,0,0,0

APPTR,D27,27,STF
IF,STF,36.176667,5.288611, ,0.0,0.0,0,0,0,0,0,0,0,0
TF,RASMA,36.124928,5.484272,0, ,0.0,0.0,0.0,0.0,0,0,0,0,0,0,1,0
FC,RASMA,36.124928,5.484272,0,STF,0.0,0.0,107.0,3.0,0,0,0,0,0,0,0,1
CF,CF27,36.188139,5.551778,1,STF,85.8,12.8,266.0,1.0,2,5910,0,0,0,0,1,0

FINAL,D27,27,D,4
IF,CF27,36.188139,5.551778,STF,85.8,12.8,2,5910,0,0,0,0,0,0
CF,FF27,36.185497,5.490097,0,STF,85.9,9.8,266.0,3.0,2,5600,0,0,0,0,2,0
CF,57VOR,36.181842,5.405783,0,STF,85.9,5.7,266.0,4.1,2,4310,0,0,0,0,0,0
CF,MD27,36.180942,5.385225,0,STF,85.9,4.7,266.0,1.0,1,3986,0,0,0,0,3,0
FA,MD27,36.180942,5.385225,0,STF,0.0,0.0,266.0,2,4600,0,0,0,0,0,0
FM,STF,36.176667,5.288611,1,STF,0.0,0.0,107.0,1,6900,0,0,0,0,0,0

APPTR,L27,27,STF
IF,STF,36.176667,5.288611, ,0.0,0.0,0,0,0,0,0,0,0,0
TF,RASMA,36.124928,5.484272,0, ,0.0,0.0,0.0,0.0,0,0,0,0,0,0,1,0
FD,RASMA,36.124928,5.484272,0,STF,107.0,13.0,107.0,13.0,0,0,0,0,0,0,0,0
CF,CF27,36.188139,5.551778,1,ST,85.9,11.7,266.0,1.0,2,5910,0,0,0,0,1,0

FINAL,L27,27,D,4
IF,CF27,36.188139,5.551778,ST,85.9,11.7,2,5910,0,0,0,0,0,0
CF,FF27,36.185497,5.490097,0,ST,85.9,8.7,266.0,3.0,2,5600,0,0,0,0,2,0
CF,55LOC,36.181653,5.401694,0,ST,85.9,4.4,266.0,4.3,2,4240,0,0,0,0,0,0
CF,ML27,36.180569,5.377025,0,ST,85.9,3.2,266.0,1.2,1,3853,0,0,0,0,3,0
FA,ML27,36.180569,5.377025,0,STF,0.0,0.0,266.0,2,4600,0,0,0,0,0,0
FM,STF,36.176667,5.288611,1,STF,0.0,0.0,107.0,1,6900,0,0,0,0,0,0

