APPTR,D31-Y,31,BIS1
IF,BIS,34.776086,5.763731, ,0.0,0.0,2,5000,0,0,0,0,0,0
FD,BIS,34.776086,5.763731,0,BIS,0.0,9.0,152.0,9.0,2,2790,0,0,0,0,0,0
CF,CD31,34.679425,5.903058,1,BIS,128.0,9.0,308.0,1.0,2,2790,0,0,0,0,1,0

APPTR,D31-Y,31,BIS2
IF,BIS,34.776086,5.763731, ,0.0,0.0,2,5000,0,0,0,0,0,0
FD,BIS,34.776086,5.763731,0,BIS,0.0,9.0,138.0,9.0,2,2790,0,0,0,0,0,0
CF,CD31,34.679425,5.903058,1,BIS,128.0,9.0,308.0,1.0,2,2790,0,0,0,0,1,0

FINAL,D31-Y,31,D,3
IF,CD31,34.679425,5.903058,BIS,128.0,9.0,2,2790,0,0,0,0,0,0
CF,FD31,34.700919,5.872125,0,BIS,128.0,7.0,308.0,2.0,2,2790,0,0,0,0,2,0
CF,BIS,34.776086,5.763731,0,BIS,0.0,0.0,308.0,7.0,1,518,0,0,0,0,3,0
FA,BIS,34.776086,5.763731,0,BIS,0.0,0.0,323.0,2,1320,0,0,0,0,0,0
DF,BIS,34.776086,5.763731,2, ,0.0,0.0,1,5000,0,0,0,0,0,0

APPTR,I31,31,BIS1
IF,BIS,34.776086,5.763731, ,0.0,0.0,2,6000,0,0,0,0,0,0
TF,D129E,34.721297,5.840028,0, ,0.0,0.0,0.0,0.0,0,0,0,0,0,0,0,0
FC,D129E,34.721297,5.840028,0,BIS,0.0,0.0,84.0,4.4,2,2790,0,0,0,0,0,1
CF,CI31,34.674950,5.911731,2,BI,128.5,12.2,309.0,1.0,2,2790,0,0,0,0,1,0

APPTR,I31,31,BIS2
IF,BIS,34.776086,5.763731, ,0.0,0.0,2,6000,0,0,0,0,0,0
TF,D129F,34.710336,5.855275,0, ,0.0,0.0,0.0,0.0,0,0,0,0,0,0,0,0
FC,D129F,34.710336,5.855275,0,BIS,0.0,0.0,84.0,3.0,2,2790,0,0,0,0,0,1
CF,CI31,34.674950,5.911731,2,BI,128.5,12.2,309.0,1.0,2,2790,0,0,0,0,1,0

FINAL,I31,31,I,3
IF,CI31,34.674950,5.911731,BI,128.5,12.2,2,2790,0,0,0,0,0,0
CF,FI31,34.701569,5.872811,0,BI,128.5,9.7,309.0,2.5,1,2790,0,0,0,0,2,0
CF,RW31,34.783864,5.752217,0,BI,128.5,1.9,309.0,7.7,1,283,0,0,0,0,3,0
FD,RW31,34.783864,5.752217,0,BIS,307.3,3.0,309.0,3.0,0,0,0,0,0,0,0,0
VM,0,0,2,129.0,1,7500,0,1,210,0,0,0

APPTR,S31-Z,31,BIS1
IF,BIS,34.776086,5.763731, ,0.0,0.0,2,5000,0,0,0,0,0,0
FC,BIS,34.776086,5.763731,0,BIS,0.0,0.0,154.0,7.0,2,2630,0,0,0,0,0,1
CF,FS31,34.704842,5.866478,1,BIS,128.0,6.6,308.0,1.0,2,2630,0,0,0,0,0,0

APPTR,S31-Z,31,BIS2
IF,BIS,34.776086,5.763731, ,0.0,0.0,2,5000,0,0,0,0,0,0
FC,BIS,34.776086,5.763731,0,BIS,0.0,0.0,140.0,7.0,2,2630,0,0,0,0,0,1
CF,FS31,34.704842,5.866478,1,BIS,128.0,6.6,308.0,1.0,2,2630,0,0,0,0,0,0

FINAL,S31-Z,31,D,2
IF,FS31,34.704842,5.866478,BIS,128.0,6.6,2,2630,0,0,0,0,2,0
CF,BIS,34.776086,5.763731,0,BIS,0.0,0.0,308.0,6.6,1,518,0,0,0,0,3,0
FA,BIS,34.776086,5.763731,0,BIS,0.0,0.0,323.0,2,1320,0,0,0,0,0,0
DF,BIS,34.776086,5.763731,2, ,0.0,0.0,1,5000,0,0,0,0,0,0

