APPTR,I13-Y,13,DHIBA
IF,DHIBA,33.669086,6.562083, ,0.0,0.0,2,3220,0,0,0,0,1,0
CF,CF13,33.618642,6.631097,0,EO,307.9,10.3,129.0,4.6,2,2000,0,0,0,0,1,0

FINAL,I13-Y,13,I,3
IF,CF13,33.618642,6.631097,EO,307.9,10.3,2,2000,0,0,0,0,0,0
CF,FF13,33.586589,6.677100,0,EO,307.9,7.3,128.0,3.0,1,2000,0,0,0,0,2,0
CF,RW13,33.527361,6.761950,0,EO,307.9,1.8,128.0,5.5,1,243,0,0,0,0,3,0
CA,0,128.0,2,610,0,0,0,0,0,0
FM,ELO,33.510456,6.780614,0,ELO,0.0,0.0,128.0,1,3220,0,0,0,0,0,0

APPTR,I13-Z,13,ELO1
IF,ELO,33.510456,6.780614, ,0.0,0.0,2,3220,0,0,0,0,0,0
TF,D308E,33.564097,6.704217,0, ,0.0,0.0,0.0,0.0,2,2000,0,0,0,0,0,0
FC,D308E,33.564097,6.704217,0,ELO,0.0,0.0,265.0,4.4,0,0,0,0,0,0,0,1
CF,CF13,33.618642,6.631097,2,EO,307.9,10.3,85.0,2.0,2,2000,0,0,0,0,1,0

APPTR,I13-Z,13,ELO2
IF,ELO,33.510456,6.780614, ,0.0,0.0,2,3220,0,0,0,0,0,0
TF,D308H,33.590900,6.665983,0, ,0.0,0.0,0.0,0.0,2,2000,0,0,0,0,0,0
FC,D308H,33.590900,6.665983,0,ELO,0.0,0.0,265.0,3.0,0,0,0,0,0,0,0,1
CF,CF13,33.618642,6.631097,2,EO,307.9,10.3,85.0,2.0,2,2000,0,0,0,0,1,0

FINAL,I13-Z,13,I,3
IF,CF13,33.618642,6.631097,EO,307.9,10.3,2,2000,0,0,0,0,0,0
CF,FF13,33.586589,6.677100,0,EO,307.9,7.3,128.0,3.0,1,2000,0,0,0,0,2,0
CF,RW13,33.527361,6.761950,0,EO,307.9,1.8,128.0,5.5,1,243,0,0,0,0,3,0
CA,0,128.0,2,610,0,0,0,0,0,0
FM,ELO,33.510456,6.780614,0,ELO,0.0,0.0,128.0,1,3220,0,0,0,0,0,0

APPTR,S13,13,ELO1
IF,ELO,33.510456,6.780614, ,0.0,0.0,2,2270,0,0,0,0,0,0
FC,ELO,33.510456,6.780614,0,ELO,0.0,0.0,291.0,8.8,2,1680,0,0,0,0,0,1
CF,FS13,33.577461,6.694728,2,ELO,311.0,5.9,131.0,3.0,2,1680,0,0,0,0,0,0

APPTR,S13,13,ELO2
IF,ELO,33.510456,6.780614, ,0.0,0.0,2,2270,0,0,0,0,0,0
FC,ELO,33.510456,6.780614,0,ELO,0.0,0.0,299.0,7.0,2,1680,0,0,0,0,0,1
CF,FS13,33.577461,6.694728,2,ELO,311.0,5.9,131.0,2.0,2,1680,0,0,0,0,0,0

FINAL,S13,13,D,2
IF,FS13,33.577461,6.694728,ELO,311.0,5.9,2,1680,0,0,0,0,2,0
CF,RW13,33.527361,6.761950,0,ELO,315.2,1.4,131.0,4.5,1,243,0,0,0,0,3,0
CF,ELO,33.510456,6.780614,0,ELO,0.0,0.0,131.0,1.4,0,0,0,0,0,0,0,1
FA,ELO,33.510456,6.780614,0,ELO,0.0,0.0,131.0,2,2270,0,0,0,0,0,0
VM,0,0,0,131.0,1,2270,0,0,0,0,0,0

