SID,ANIX1N,04,5
CF,FD701,12.406333,-1.476611,0,OG,32.7,4.2,35.0,3.0,0,0,0,0,0,0,0,1
TF,FD702,12.519667,-1.651639,0, ,0.0,0.0,0.0,0.0,3,6000,0,1,250,0,0,0
TF,FD711,12.353861,-1.762806,0, ,0.0,0.0,0.0,0.0,2,10000,0,0,0,0,0,0
TF,FD712,12.238111,-1.840444,0, ,0.0,0.0,0.0,0.0,0,0,0,0,0,0,0,0
TF,FD713,11.920639,-2.950111,0, ,0.0,0.0,0.0,0.0,0,0,0,0,0,0,0,0
TF,ANIXA,11.005556,-5.373889,0, ,0.0,0.0,0.0,0.0,0,0,0,0,0,0,0,0

SID,ANIX1S,22,5
CF,FD200,12.264278,-1.571861,0,OG,217.3,6.0,215.0,6.0,0,0,0,0,0,0,0,1
DF,ANIXA,11.005556,-5.373889,0, ,0.0,0.0,0,0,0,0,0,0,0,0

SID,DEKA1N,04,5
CF,FD701,12.406333,-1.476611,0,OG,32.7,4.2,35.0,3.0,0,0,0,0,0,0,0,1
TF,FD703,12.574083,-1.364028,0, ,0.0,0.0,0.0,0.0,0,0,0,0,0,0,0,0
TF,FD706,12.864806,-0.588278,0, ,0.0,0.0,0.0,0.0,0,0,0,0,0,0,0,0
TF,DEKAS,12.813967,-0.007950,0, ,0.0,0.0,0.0,0.0,0,0,0,0,0,0,0,0

SID,DEKA1S,22,5
CF,FD200,12.264278,-1.571861,0,OG,217.3,6.0,215.0,6.0,0,0,0,0,0,0,0,1
DF,DEKAS,12.813967,-0.007950,1, ,0.0,0.0,0,0,0,0,0,0,0,0

SID,EDGI1N,04,5
CF,FD701,12.406333,-1.476611,0,OG,32.7,4.2,35.0,3.0,0,0,0,0,0,0,0,1
TF,FD702,12.519667,-1.651639,0, ,0.0,0.0,0.0,0.0,3,6000,0,1,250,0,0,0
TF,FD711,12.353861,-1.762806,0, ,0.0,0.0,0.0,0.0,2,10000,0,0,0,0,0,0
TF,FD712,12.238111,-1.840444,0, ,0.0,0.0,0.0,0.0,0,0,0,0,0,0,0,0
TF,FD714,12.270389,-2.594278,0, ,0.0,0.0,0.0,0.0,0,0,0,0,0,0,0,0
TF,FD716,12.267139,-3.842389,0, ,0.0,0.0,0.0,0.0,0,0,0,0,0,0,0,0
TF,EDGIB,12.459167,-4.526667,0, ,0.0,0.0,0.0,0.0,0,0,0,0,0,0,0,0

SID,EDGI1S,22,5
CF,FD200,12.264278,-1.571861,0,OG,217.3,6.0,215.0,6.0,0,0,0,0,0,0,0,1
DF,EDGIB,12.459167,-4.526667,0, ,0.0,0.0,0,0,0,0,0,0,0,0

SID,GULI1S,22,5
CF,FD200,12.264278,-1.571861,0,OG,217.3,6.0,215.0,6.0,0,0,0,0,0,0,0,1
DF,GULIM,13.602500,-1.038889,2, ,0.0,0.0,0,0,0,0,0,0,0,0

SID,NAVO1N,04,5
CF,FD701,12.406333,-1.476611,0,OG,32.7,4.2,35.0,3.0,0,0,0,0,0,0,0,1
TF,FD707,12.279083,-1.281278,2, ,0.0,0.0,0.0,0.0,3,6000,0,1,250,0,0,0
TF,FD709,11.864694,-1.541611,0, ,0.0,0.0,0.0,0.0,0,0,0,0,0,0,0,0
TF,NAVON,11.000000,-1.188333,0, ,0.0,0.0,0.0,0.0,0,0,0,0,0,0,0,0

SID,NAVO1S,22,5
CF,FD200,12.264278,-1.571861,0,OG,217.3,6.0,215.0,6.0,0,0,0,0,0,0,0,1
TF,FD201,11.984556,-1.758889,0, ,0.0,0.0,0.0,0.0,0,0,0,0,0,0,0,1
DF,NAVON,11.000000,-1.188333,0, ,0.0,0.0,0,0,0,0,0,0,0,0

SID,NUSU1N,04,5
CF,FD701,12.406333,-1.476611,0,OG,32.7,4.2,35.0,3.0,0,0,0,0,0,0,0,1
TF,FD702,12.519667,-1.651639,0, ,0.0,0.0,0.0,0.0,3,6000,0,1,250,0,0,0
TF,NUSUR,13.154167,-1.879722,0, ,0.0,0.0,0.0,0.0,0,0,0,0,0,0,0,0

SID,NUSU1S,22,5
CF,FD200,12.264278,-1.571861,0,OG,217.3,6.0,215.0,6.0,0,0,0,0,0,0,0,1
DF,NUSUR,13.154167,-1.879722,2, ,0.0,0.0,0,0,0,0,0,0,0,0

SID,OPUG1N,04,5
CF,FD701,12.406333,-1.476611,0,OG,32.7,4.2,35.0,3.0,0,0,0,0,0,0,0,1
TF,FD703,12.574083,-1.364028,0, ,0.0,0.0,0.0,0.0,0,0,0,0,0,0,0,0
TF,FD704,13.500194,-0.737750,0, ,0.0,0.0,0.0,0.0,0,0,0,0,0,0,0,0
TF,OPUGO,14.096831,-0.851022,0, ,0.0,0.0,0.0,0.0,0,0,0,0,0,0,0,0

SID,OXID1N,04,5
CF,FD701,12.406333,-1.476611,0,OG,32.7,4.2,35.0,3.0,0,0,0,0,0,0,0,1
TF,FD707,12.279083,-1.281278,2, ,0.0,0.0,0.0,0.0,3,6000,0,1,250,0,0,0
TF,FD708,11.998306,-1.151250,0, ,0.0,0.0,0.0,0.0,0,0,0,0,0,0,0,0
TF,OXIDU,11.000000,-0.336667,0, ,0.0,0.0,0.0,0.0,0,0,0,0,0,0,0,0

SID,OXID1S,22,5
CF,FD200,12.264278,-1.571861,0,OG,217.3,6.0,215.0,6.0,0,0,0,0,0,0,0,1
TF,FD201,11.984556,-1.758889,0, ,0.0,0.0,0.0,0.0,0,0,0,0,0,0,0,1
DF,OXIDU,11.000000,-0.336667,0, ,0.0,0.0,0,0,0,0,0,0,0,0

SID,TUMU1N,04,5
CF,FD701,12.406333,-1.476611,0,OG,32.7,4.2,35.0,3.0,0,0,0,0,0,0,0,1
TF,FD707,12.279083,-1.281278,2, ,0.0,0.0,0.0,0.0,3,6000,0,1,250,0,0,0
TF,FD709,11.864694,-1.541611,0, ,0.0,0.0,0.0,0.0,0,0,0,0,0,0,0,0
TF,TUMUT,11.000000,-1.978333,0, ,0.0,0.0,0.0,0.0,0,0,0,0,0,0,0,0

SID,TUMU1S,22,5
CF,FD200,12.264278,-1.571861,0,OG,217.3,6.0,215.0,6.0,0,0,0,0,0,0,0,1
TF,FD201,11.984556,-1.758889,0, ,0.0,0.0,0.0,0.0,0,0,0,0,0,0,0,1
DF,TUMUT,11.000000,-1.978333,0, ,0.0,0.0,0,0,0,0,0,0,0,0

SID,TUXI1N,04,5
CF,FD701,12.406333,-1.476611,0,OG,32.7,4.2,35.0,3.0,0,0,0,0,0,0,0,1
TF,FD707,12.279083,-1.281278,2, ,0.0,0.0,0.0,0.0,3,6000,0,1,250,0,0,0
TF,FD709,11.864694,-1.541611,0, ,0.0,0.0,0.0,0.0,0,0,0,0,0,0,0,0
TF,TUXID,10.006389,-5.124722,0, ,0.0,0.0,0.0,0.0,0,0,0,0,0,0,0,0

SID,TUXI1S,22,5
CF,FD200,12.264278,-1.571861,0,OG,217.3,6.0,215.0,6.0,0,0,0,0,0,0,0,1
DF,TUXID,10.006389,-5.124722,0, ,0.0,0.0,0,0,0,0,0,0,0,0

SID,UMOV1N,04,5
CF,FD701,12.406333,-1.476611,0,OG,32.7,4.2,35.0,3.0,0,0,0,0,0,0,0,1
TF,FD707,12.279083,-1.281278,2, ,0.0,0.0,0.0,0.0,3,6000,0,1,250,0,0,0
TF,FD708,11.998306,-1.151250,0, ,0.0,0.0,0.0,0.0,0,0,0,0,0,0,0,0
TF,UMOVO,11.000000,-0.895000,0, ,0.0,0.0,0.0,0.0,0,0,0,0,0,0,0,0

SID,UMOV1S,22,5
CF,FD200,12.264278,-1.571861,0,OG,217.3,6.0,215.0,6.0,0,0,0,0,0,0,0,1
TF,FD201,11.984556,-1.758889,0, ,0.0,0.0,0.0,0.0,0,0,0,0,0,0,0,1
DF,UMOVO,11.000000,-0.895000,0, ,0.0,0.0,0,0,0,0,0,0,0,0

STAR,ANIX1P,04,5
IF,ANIXA,11.005556,-5.373889, ,0.0,0.0,0,0,0,0,0,0,0,0
TF,FD413,11.136528,-4.665750,0, ,0.0,0.0,0.0,0.0,0,0,0,0,0,0,0,0
TF,FD412,11.300611,-3.771611,0, ,0.0,0.0,0.0,0.0,0,0,0,0,0,0,0,0
TF,FD408,11.662278,-2.581139,0, ,0.0,0.0,0.0,0.0,0,0,0,0,0,0,0,0
TF,FD407,12.013194,-1.740000,0, ,0.0,0.0,0.0,0.0,0,0,0,0,0,0,0,0
TF,POTIM,12.194361,-1.618667,0, ,0.0,0.0,0.0,0.0,0,0,0,1,230,0,0,0

STAR,ARIB1L,22,5
IF,GULIM,13.602500,-1.038889, ,0.0,0.0,0,0,0,0,0,0,0,0
TF,ARIBO,12.745672,-1.362717,0, ,0.0,0.0,0.0,0.0,2,8000,0,0,0,0,0,0
TF,LIMAM,12.501472,-1.412889,0, ,0.0,0.0,0.0,0.0,2,2600,0,1,230,0,0,0

STAR,BIKO1L,22,5
IF,NUSUR,13.154167,-1.879722, ,0.0,0.0,0,0,0,0,0,0,0,0
TF,BIKOR,12.734469,-1.688781,0, ,0.0,0.0,0.0,0.0,2,10000,0,0,0,0,0,0
TF,LIMAM,12.501472,-1.412889,0, ,0.0,0.0,0.0,0.0,2,2600,0,1,230,0,0,0

STAR,BULS1E,22,2
IF,BULSA,12.650253,-0.538475, ,0.0,0.0,0,0,0,0,0,0,0,0
TF,D074Y,12.473361,-1.107111,0, ,0.0,0.0,0.0,0.0,2,2600,0,0,0,0,0,0
TF,ERAPI,12.402278,-1.334361,0, ,0.0,0.0,0.0,0.0,2,2600,0,0,0,0,0,0

STAR,BULS1G,04,2
IF,BULSA,12.650253,-0.538475, ,0.0,0.0,0,0,0,0,0,0,0,0
TF,D074Y,12.473361,-1.107111,0, ,0.0,0.0,0.0,0.0,2,2600,0,0,0,0,0,0
TF,D074K,12.402269,-1.334369,0, ,0.0,0.0,0.0,0.0,0,0,0,0,0,0,0,0
AF,GARNU,12.166389,-1.472861,2,OG,169.7,11.0,74.0,2,2600,0,0,0,0,0,0

STAR,BULS1V,ALL,2
IF,BULSA,12.650253,-0.538475, ,0.0,0.0,0,0,0,0,0,0,0,0
TF,D074Y,12.473361,-1.107111,0, ,0.0,0.0,0.0,0.0,2,2600,0,0,0,0,0,0
TF,OG,12.346278,-1.512833,0, ,0.0,0.0,0.0,0.0,0,0,0,0,0,0,0,0

STAR,BURO1N,04,2
IF,BUROM,11.754722,-2.921667, ,0.0,0.0,0,0,0,0,0,0,0,0
TF,D249Y,12.182806,-1.904583,0, ,0.0,0.0,0.0,0.0,2,2600,0,0,0,0,0,0
TF,NULIK,12.274417,-1.685250,0, ,0.0,0.0,0.0,0.0,2,2600,0,0,0,0,0,0

STAR,BURO1R,22,2
IF,BUROM,11.754722,-2.921667, ,0.0,0.0,0,0,0,0,0,0,0,0
TF,D249Y,12.182806,-1.904583,0, ,0.0,0.0,0.0,0.0,2,2600,0,0,0,0,0,0
TF,D249K,12.274400,-1.685264,0, ,0.0,0.0,0.0,0.0,0,0,0,0,0,0,0,0
AF,RULPO,12.514528,-1.589000,2,OG,338.0,11.0,249.0,2,2600,0,0,0,0,0,0

STAR,BURO1V,ALL,2
IF,BUROM,11.754722,-2.921667, ,0.0,0.0,0,0,0,0,0,0,0,0
TF,D249Y,12.182806,-1.904583,0, ,0.0,0.0,0.0,0.0,2,2600,0,0,0,0,0,0
TF,OG,12.346278,-1.512833,0, ,0.0,0.0,0.0,0.0,0,0,0,0,0,0,0,0

STAR,DEKA1B,04,5
IF,DEKAS,12.813967,-0.007950, ,0.0,0.0,0,0,0,0,0,0,0,0
TF,FD403,12.420056,-1.241528,0, ,0.0,0.0,0.0,0.0,0,0,0,0,0,0,0,0
TF,FD404,12.270194,-1.397333,0, ,0.0,0.0,0.0,0.0,2,7000,0,1,230,0,0,0
TF,BOSTA,12.139092,-1.533411,0, ,0.0,0.0,0.0,0.0,0,0,0,1,230,0,0,0

STAR,EDGA1L,22,5
IF,BULSA,12.650253,-0.538475, ,0.0,0.0,0,0,0,0,0,0,0,0
TF,EDGAS,12.474267,-1.104242,0, ,0.0,0.0,0.0,0.0,2,9000,0,0,0,0,0,0
TF,LIMAM,12.501472,-1.412889,0, ,0.0,0.0,0.0,0.0,2,2600,0,1,230,0,0,0

STAR,EDGI1A,04,5
IF,EDGIB,12.459167,-4.526667, ,0.0,0.0,0,0,0,0,0,0,0,0
TF,FD416,12.564333,-3.833056,0, ,0.0,0.0,0.0,0.0,0,0,0,0,0,0,0,0
TF,FD414,12.543417,-2.758889,0, ,0.0,0.0,0.0,0.0,0,0,0,0,0,0,0,0
TF,FD401,12.357472,-1.870472,0, ,0.0,0.0,0.0,0.0,3,9000,0,1,230,0,0,0
TF,AMPEK,12.249603,-1.703958,0, ,0.0,0.0,0.0,0.0,0,0,0,1,230,0,0,0

STAR,GULI1N,04,2
IF,GULIM,13.602500,-1.038889, ,0.0,0.0,0,0,0,0,0,0,0,0
TF,D022T,12.660389,-1.394806,0, ,0.0,0.0,0.0,0.0,2,2600,0,0,0,0,0,0
TF,D022K,12.519039,-1.447953,0, ,0.0,0.0,0.0,0.0,0,0,0,0,0,0,0,0
AF,FD100,12.387639,-1.695361,1,OG,285.0,11.0,22.0,2,2600,0,0,0,0,0,0
AF,NULIK,12.274417,-1.685250,1,OG,249.1,11.0,285.0,2,2600,0,0,0,0,0,0

STAR,GULI1T,22,2
IF,GULIM,13.602500,-1.038889, ,0.0,0.0,0,0,0,0,0,0,0,0
TF,D022T,12.660389,-1.394806,0, ,0.0,0.0,0.0,0.0,0,0,0,0,0,0,0,1
CI,0, ,0.0,182.0,0,0,0,0,0,0,0,0
CF,TATAB,12.509611,-1.426278,0,OG,29.5,11.0,210.0,5.0,0,0,0,0,0,0,0,0

STAR,GULI1V,ALL,2
IF,GULIM,13.602500,-1.038889, ,0.0,0.0,0,0,0,0,0,0,0,0
TF,D022T,12.660389,-1.394806,0, ,0.0,0.0,0.0,0.0,2,2600,0,0,0,0,0,0
TF,OG,12.346278,-1.512833,0, ,0.0,0.0,0.0,0.0,0,0,0,0,0,0,0,0

STAR,GUPO1N,04,2
IF,GUPOV,12.397778,-2.781389, ,0.0,0.0,0,0,0,0,0,0,0,0
TF,D275Y,12.364250,-1.938139,0, ,0.0,0.0,0.0,0.0,2,2600,0,0,0,0,0,0
TF,D275K,12.354247,-1.699969,0, ,0.0,0.0,0.0,0.0,0,0,0,0,0,0,0,0
AF,NULIK,12.274417,-1.685250,1,OG,249.1,11.0,275.0,2,2600,0,0,0,0,0,0

STAR,GUPO1R,22,2
IF,GUPOV,12.397778,-2.781389, ,0.0,0.0,0,0,0,0,0,0,0,0
TF,D275Y,12.364250,-1.938139,0, ,0.0,0.0,0.0,0.0,2,2600,0,0,0,0,0,0
TF,D275K,12.354247,-1.699969,0, ,0.0,0.0,0.0,0.0,0,0,0,0,0,0,0,0
AF,RULPO,12.514528,-1.589000,2,OG,338.0,11.0,275.0,2,2600,0,0,0,0,0,0

STAR,GUPO1V,ALL,2
IF,GUPOV,12.397778,-2.781389, ,0.0,0.0,0,0,0,0,0,0,0,0
TF,D275Y,12.364250,-1.938139,0, ,0.0,0.0,0.0,0.0,2,2600,0,0,0,0,0,0
TF,OG,12.346278,-1.512833,0, ,0.0,0.0,0.0,0.0,0,0,0,0,0,0,0,0

STAR,INEG1M,22,5
IF,OXIDU,11.000000,-0.336667, ,0.0,0.0,0,0,0,0,0,0,0,0
TF,INEGO,12.033422,-1.238081,0, ,0.0,0.0,0.0,0.0,2,11000,0,0,0,0,0,0
TF,MOKER,12.446169,-1.327558,0, ,0.0,0.0,0.0,0.0,2,2600,0,1,230,0,0,0

STAR,LIKE1M,22,5
IF,UMOVO,11.000000,-0.895000, ,0.0,0.0,0,0,0,0,0,0,0,0
TF,LIKEM,11.970922,-1.339892,0, ,0.0,0.0,0.0,0.0,2,12000,0,0,0,0,0,0
TF,MOKER,12.446169,-1.327558,0, ,0.0,0.0,0.0,0.0,2,2600,0,1,230,0,0,0

STAR,NAVO1B,04,5
IF,NAVON,11.000000,-1.188333, ,0.0,0.0,0,0,0,0,0,0,0,0
TF,FD406,11.936056,-1.318806,0, ,0.0,0.0,0.0,0.0,0,0,0,0,0,0,0,0
TF,BOSTA,12.139092,-1.533411,0, ,0.0,0.0,0.0,0.0,0,0,0,1,230,0,0,0

STAR,NAVO1E,22,2
IF,NAVON,11.000000,-1.188333, ,0.0,0.0,0,0,0,0,0,0,0,0
TF,D170Y,11.937389,-1.422056,0, ,0.0,0.0,0.0,0.0,2,2600,0,0,0,0,0,0
TF,D170K,12.167128,-1.469461,0, ,0.0,0.0,0.0,0.0,0,0,0,0,0,0,0,0
AF,ERAPI,12.402278,-1.334361,1,OG,74.3,11.0,170.0,2,2600,0,0,0,0,0,0

STAR,NAVO1G,04,2
IF,NAVON,11.000000,-1.188333, ,0.0,0.0,0,0,0,0,0,0,0,0
TF,D170Y,11.937389,-1.422056,0, ,0.0,0.0,0.0,0.0,2,2600,0,0,0,0,0,0
TF,GARNU,12.166389,-1.472861,0, ,0.0,0.0,0.0,0.0,2,2600,0,0,0,0,0,0

STAR,NAVO1V,ALL,2
IF,NAVON,11.000000,-1.188333, ,0.0,0.0,0,0,0,0,0,0,0,0
TF,D170Y,11.937389,-1.422056,0, ,0.0,0.0,0.0,0.0,2,2600,0,0,0,0,0,0
TF,OG,12.346278,-1.512833,0, ,0.0,0.0,0.0,0.0,0,0,0,0,0,0,0,0

STAR,NUSU1A,04,5
IF,NUSUR,13.154167,-1.879722, ,0.0,0.0,0,0,0,0,0,0,0,0
TF,FD401,12.357472,-1.870472,0, ,0.0,0.0,0.0,0.0,3,9000,0,1,230,0,0,0
TF,AMPEK,12.249603,-1.703958,0, ,0.0,0.0,0.0,0.0,0,0,0,1,230,0,0,0

STAR,NUSU1R,22,2
IF,NUSUR,13.154167,-1.879722, ,0.0,0.0,0,0,0,0,0,0,0,0
TF,D338Y,12.728611,-1.686111,0, ,0.0,0.0,0.0,0.0,2,2600,0,0,0,0,0,0
TF,RULPO,12.514528,-1.589000,0, ,0.0,0.0,0.0,0.0,2,2600,0,0,0,0,0,0

STAR,NUSU1V,ALL,2
IF,NUSUR,13.154167,-1.879722, ,0.0,0.0,0,0,0,0,0,0,0,0
TF,D338Y,12.728611,-1.686111,0, ,0.0,0.0,0.0,0.0,2,2600,0,0,0,0,0,0
TF,OG,12.346278,-1.512833,0, ,0.0,0.0,0.0,0.0,0,0,0,0,0,0,0,0

STAR,NUSU2N,04,2
IF,NUSUR,13.154167,-1.879722, ,0.0,0.0,0,0,0,0,0,0,0,0
TF,D338Y,12.728611,-1.686111,0, ,0.0,0.0,0.0,0.0,2,2600,0,0,0,0,0,0
TF,D338K,12.514517,-1.589025,0, ,0.0,0.0,0.0,0.0,0,0,0,0,0,0,0,0
AF,FD100,12.387639,-1.695361,1,OG,285.0,11.0,338.0,2,2600,0,0,0,0,0,0
AF,NULIK,12.274417,-1.685250,1,OG,249.1,11.0,285.0,2,2600,0,0,0,0,0,0

STAR,NUTE1M,22,5
IF,NAVON,11.000000,-1.188333, ,0.0,0.0,0,0,0,0,0,0,0,0
TF,NUTET,11.944283,-1.423578,0, ,0.0,0.0,0.0,0.0,2,12000,0,0,0,0,0,0
TF,MOKER,12.446169,-1.327558,0, ,0.0,0.0,0.0,0.0,2,2600,0,1,230,0,0,0

STAR,OPUG1A,04,5
IF,OPUGO,14.096831,-0.851022, ,0.0,0.0,0,0,0,0,0,0,0,0
TF,GULIM,13.602500,-1.038889,0, ,0.0,0.0,0.0,0.0,0,0,0,0,0,0,0,0
TF,FD402,12.402000,-1.629444,0, ,0.0,0.0,0.0,0.0,2,7000,0,1,230,0,0,0
TF,AMPEK,12.249603,-1.703958,0, ,0.0,0.0,0.0,0.0,0,0,0,1,230,0,0,0

STAR,OXID1B,04,5
IF,OXIDU,11.000000,-0.336667, ,0.0,0.0,0,0,0,0,0,0,0,0
TF,FD406,11.936056,-1.318806,0, ,0.0,0.0,0.0,0.0,0,0,0,0,0,0,0,0
TF,BOSTA,12.139092,-1.533411,0, ,0.0,0.0,0.0,0.0,0,0,0,1,230,0,0,0

STAR,OXID1E,22,2
IF,OXIDU,11.000000,-0.336667, ,0.0,0.0,0,0,0,0,0,0,0,0
TF,D141Y,12.029556,-1.234694,0, ,0.0,0.0,0.0,0.0,2,2600,0,0,0,0,0,0
TF,D141K,12.206953,-1.390375,0, ,0.0,0.0,0.0,0.0,0,0,0,0,0,0,0,0
AF,ERAPI,12.402278,-1.334361,1,OG,74.3,11.0,141.0,2,2600,0,0,0,0,0,0

STAR,OXID1G,04,2
IF,OXIDU,11.000000,-0.336667, ,0.0,0.0,0,0,0,0,0,0,0,0
TF,D141Y,12.029556,-1.234694,0, ,0.0,0.0,0.0,0.0,2,2600,0,0,0,0,0,0
TF,D141K,12.206953,-1.390375,0, ,0.0,0.0,0.0,0.0,0,0,0,0,0,0,0,0
AF,GARNU,12.166389,-1.472861,2,OG,169.7,11.0,141.0,2,2600,0,0,0,0,0,0

STAR,OXID1V,ALL,2
IF,OXIDU,11.000000,-0.336667, ,0.0,0.0,0,0,0,0,0,0,0,0
TF,D141Y,12.029556,-1.234694,0, ,0.0,0.0,0.0,0.0,2,2600,0,0,0,0,0,0
TF,OG,12.346278,-1.512833,0, ,0.0,0.0,0.0,0.0,0,0,0,0,0,0,0,0

STAR,PORO1K,22,5
IF,ONTIK,11.432461,-2.938586, ,0.0,0.0,0,0,0,0,0,0,0,0
TF,POROK,12.121261,-1.865881,0, ,0.0,0.0,0.0,0.0,2,15000,0,0,0,0,0,0
TF,KEROT,12.556747,-1.498256,0, ,0.0,0.0,0.0,0.0,2,2600,0,1,230,0,0,0

STAR,SEMO1K,22,5
IF,BUROM,11.754722,-2.921667, ,0.0,0.0,0,0,0,0,0,0,0,0
TF,SEMOS,12.184233,-1.901136,0, ,0.0,0.0,0.0,0.0,2,13000,0,0,0,0,0,0
TF,KEROT,12.556747,-1.498256,0, ,0.0,0.0,0.0,0.0,2,2600,0,1,230,0,0,0

STAR,TIXO1K,22,5
IF,GUPOV,12.397778,-2.781389, ,0.0,0.0,0,0,0,0,0,0,0,0
TF,TIXOT,12.364225,-1.937583,0, ,0.0,0.0,0.0,0.0,2,12000,0,0,0,0,0,0
TF,KEROT,12.556747,-1.498256,0, ,0.0,0.0,0.0,0.0,2,2600,0,1,230,0,0,0

STAR,TUMU1E,22,2
IF,TUMUT,11.000000,-1.978333, ,0.0,0.0,0,0,0,0,0,0,0,0
TF,D201Y,11.950194,-1.650278,0, ,0.0,0.0,0.0,0.0,2,2600,0,0,0,0,0,0
AF,D170Y,11.937389,-1.422056,1,OG,169.7,25.0,201.0,2,2600,0,0,0,0,0,0
TF,D170K,12.167128,-1.469461,0, ,0.0,0.0,0.0,0.0,0,0,0,0,0,0,0,0
AF,ERAPI,12.402278,-1.334361,1,OG,74.3,11.0,170.0,2,2600,0,0,0,0,0,0

STAR,TUMU2P,04,5
IF,TUMUT,11.000000,-1.978333, ,0.0,0.0,0,0,0,0,0,0,0,0
TF,FD407,12.013194,-1.740000,0, ,0.0,0.0,0.0,0.0,0,0,0,0,0,0,0,0
TF,POTIM,12.194361,-1.618667,0, ,0.0,0.0,0.0,0.0,0,0,0,1,230,0,0,0

STAR,TUMU3P,04,2
IF,TUMUT,11.000000,-1.978333, ,0.0,0.0,0,0,0,0,0,0,0,0
TF,OG40,11.712528,-1.732556,0, ,0.0,0.0,0.0,0.0,2,2600,0,0,0,0,0,0
TF,D217Y,12.003333,-1.756667,0, ,0.0,0.0,0.0,0.0,2,2600,0,0,0,0,0,0
CF,POTIM,12.194361,-1.618667,0,OG,216.4,11.0,35.0,14.0,2,2600,0,0,0,0,0,0

STAR,TUXI1P,04,5
IF,TUXID,10.006389,-5.124722, ,0.0,0.0,0,0,0,0,0,0,0,0
TF,FD411,10.661056,-4.282556,0, ,0.0,0.0,0.0,0.0,0,0,0,0,0,0,0,0
TF,FD409,11.069194,-3.656417,0, ,0.0,0.0,0.0,0.0,0,0,0,0,0,0,0,0
TF,FD408,11.662278,-2.581139,0, ,0.0,0.0,0.0,0.0,0,0,0,0,0,0,0,0
TF,FD407,12.013194,-1.740000,0, ,0.0,0.0,0.0,0.0,0,0,0,0,0,0,0,0
TF,POTIM,12.194361,-1.618667,0, ,0.0,0.0,0.0,0.0,0,0,0,1,230,0,0,0

STAR,UMOV1B,04,5
IF,UMOVO,11.000000,-0.895000, ,0.0,0.0,0,0,0,0,0,0,0,0
TF,FD406,11.936056,-1.318806,0, ,0.0,0.0,0.0,0.0,0,0,0,0,0,0,0,0
TF,BOSTA,12.139092,-1.533411,0, ,0.0,0.0,0.0,0.0,0,0,0,1,230,0,0,0

STAR,UMOV1E,22,2
IF,UMOVO,11.000000,-0.895000, ,0.0,0.0,0,0,0,0,0,0,0,0
TF,D158Y,11.965083,-1.337200,0, ,0.0,0.0,0.0,0.0,2,2600,0,0,0,0,0,0
TF,D158K,12.178561,-1.435497,0, ,0.0,0.0,0.0,0.0,0,0,0,0,0,0,0,0
AF,ERAPI,12.402278,-1.334361,1,OG,74.3,11.0,158.0,2,2600,0,0,0,0,0,0

STAR,UMOV1G,04,2
IF,UMOVO,11.000000,-0.895000, ,0.0,0.0,0,0,0,0,0,0,0,0
TF,D158Y,11.965083,-1.337200,0, ,0.0,0.0,0.0,0.0,2,2600,0,0,0,0,0,0
TF,D158K,12.178561,-1.435497,0, ,0.0,0.0,0.0,0.0,0,0,0,0,0,0,0,0
AF,GARNU,12.166389,-1.472861,2,OG,169.7,11.0,158.0,2,2600,0,0,0,0,0,0

STAR,UMOV1V,ALL,2
IF,UMOVO,11.000000,-0.895000, ,0.0,0.0,0,0,0,0,0,0,0,0
TF,D158Y,11.965083,-1.337200,0, ,0.0,0.0,0.0,0.0,2,2600,0,0,0,0,0,0
TF,OG,12.346278,-1.512833,0, ,0.0,0.0,0.0,0.0,0,0,0,0,0,0,0,0

APPTR,D04,04,OG1
FD,OG,12.346278,-1.512833,0,OG,0.0,8.0,249.0,8.0,0,0,0,0,0,0,1,0
CF,FD04,12.281575,-1.572067,1,OG,224.0,5.2,44.0,3.0,2,2600,0,0,0,0,0,0

APPTR,D04,04,OG2
FD,OG,12.346278,-1.512833,0,OG,0.0,7.0,237.0,7.0,0,0,0,0,0,0,1,0
CF,FD04,12.281575,-1.572067,1,OG,224.0,5.2,44.0,2.0,2,2600,0,0,0,0,0,0

FINAL,D04,04,D,2
IF,FD04,12.281575,-1.572067,OG,224.0,5.2,2,2600,0,0,0,0,2,0
CF,MD04,12.333836,-1.524225,0,OG,224.0,1.0,44.0,4.2,1,1249,0,0,0,0,3,0
FA,MD04,12.333836,-1.524225,0,OG,0.0,0.0,44.0,2,2000,0,0,0,0,0,0
CF,OG,12.346278,-1.512833,2,OG,0.0,0.0,285.0,2.0,1,2600,0,1,200,0,0,0

APPTR,D22-Z,22,ERAPI
IF,ERAPI,12.402278,-1.334361, ,0.0,0.0,2,2600,0,0,0,0,1,0
AF,TATAB,12.509611,-1.426278,1,OG,29.5,11.0,74.0,2,2600,0,0,0,0,1,0

APPTR,D22-Z,22,RULPO
IF,RULPO,12.514528,-1.589000, ,0.0,0.0,2,2600,0,0,0,0,1,0
AF,TATAB,12.509611,-1.426278,2,OG,29.5,11.0,338.0,2,2600,0,0,0,0,1,0

APPTR,D22-Z,22,TATAB
HF,TATAB,12.509611,-1.426278,1, ,0.0,0.0,210.0,05,2,2600,0,1,230,0,1,0,0

FINAL,D22-Z,22,D,3
IF,TATAB,12.509611,-1.426278,OG,29.5,11.0,2,2600,0,0,0,0,0,0
CF,FD22Z,12.436442,-1.464050,0,OG,30.0,6.1,210.0,4.9,2,2600,0,0,0,0,2,0
CF,MD22,12.368450,-1.500839,0,OG,30.0,1.5,210.0,4.6,1,1132,0,0,0,0,3,0
FA,MD22,12.368450,-1.500839,0,OG,0.0,0.0,210.0,2,2000,0,0,0,0,0,0
DF,D335K,12.510344,-1.597922,2, ,0.0,0.0,1,2600,0,0,0,0,0,0
AF,TATAB,12.509611,-1.426278,2,OG,29.5,11.0,335.0,0,0,0,0,0,0,0,0

APPTR,I04-X,04,AMPEK
IF,AMPEK,12.249603,-1.703958, ,0.0,0.0,2,2600,0,1,230,0,1,0
TF,POTIM,12.194361,-1.618667,0,OG,0.0,0.0,0.0,0.0,2,2600,0,1,230,0,1,0

APPTR,I04-X,04,BOSTA
IF,BOSTA,12.139092,-1.533411, ,0.0,0.0,2,2600,0,1,230,0,1,0
TF,POTIM,12.194361,-1.618667,0,OG,0.0,0.0,0.0,0.0,2,2600,0,1,230,0,1,0

APPTR,I04-X,04,FD101
IF,FD101,12.360050,-1.874614, ,0.0,0.0,2,2600,0,1,230,0,1,0
TF,AMPEK,12.249603,-1.703958,0, ,0.0,0.0,0.0,0.0,2,2600,0,1,230,0,0,0
TF,POTIM,12.194361,-1.618667,0,OG,0.0,0.0,0.0,0.0,2,2600,0,1,230,0,1,0

FINAL,I04-X,04,I,3
IF,POTIM,12.194361,-1.618667,OG,215.4,12.3,2,2600,0,1,230,0,1,0
CF,FD501,12.275194,-1.564583,0,OG,215.4,6.5,35.0,5.8,1,2600,0,0,0,0,2,0
CF,RW04,12.341733,-1.520000,0,OG,215.4,1.8,35.0,4.8,1,1084,0,0,0,0,3,1
TF,FD502,12.411639,-1.473167,0, ,0.0,0.0,0.0,0.0,0,0,0,0,0,0,0,1
DF,AMPEK,12.249603,-1.703958,1, ,0.0,0.0,2,2600,0,1,230,0,0,0

APPTR,I04-Z,04,FD101
IF,FD100,12.387639,-1.695361, ,0.0,0.0,2,2600,0,0,0,0,1,0
AF,NULIK,12.274417,-1.685250,1,OG,249.1,11.0,285.0,2,2600,0,0,0,0,0,0
AF,D228K,12.218317,-1.647506,1,OG,228.0,11.0,249.0,2,2600,0,0,0,0,0,0
VI,0,OG,0.0,65.0,0,0,0,0,0,0,0,0

APPTR,I04-Z,04,FD102
IF,FD100,12.387639,-1.695361, ,0.0,0.0,2,2600,0,0,0,0,1,0
AF,NULIK,12.274417,-1.685250,1,OG,249.1,11.0,285.0,2,2600,0,0,0,0,0,0
AF,D220K,12.201136,-1.628089,1,OG,220.0,11.0,249.0,2,2600,0,0,0,0,0,0
VI,0,OG,0.0,65.0,0,0,0,0,0,0,0,0

APPTR,I04-Z,04,GARN1
IF,GARNU,12.166389,-1.472861, ,0.0,0.0,2,2600,0,0,0,0,0,0
AF,D204K,12.175519,-1.582956,2,OG,204.0,11.0,170.0,2,2600,0,0,0,0,0,0
VI,0,OG,0.0,5.0,0,0,0,0,0,0,0,0

APPTR,I04-Z,04,GARN2
IF,GARNU,12.166389,-1.472861, ,0.0,0.0,2,2600,0,0,0,0,0,0
AF,D212K,12.186775,-1.606431,2,OG,212.0,11.0,170.0,2,2600,0,0,0,0,0,0
VI,0,OG,0.0,5.0,0,0,0,0,0,0,0,0

APPTR,I04-Z,04,NULI1
IF,NULIK,12.274417,-1.685250, ,0.0,0.0,2,2600,0,0,0,0,1,0
AF,D228K,12.218317,-1.647506,1,OG,228.0,11.0,249.0,2,2600,0,0,0,0,0,0
VI,0,OG,0.0,65.0,0,0,0,0,0,0,0,0

APPTR,I04-Z,04,NULI2
IF,NULIK,12.274417,-1.685250, ,0.0,0.0,2,2600,0,0,0,0,1,0
AF,D220K,12.201136,-1.628089,1,OG,220.0,11.0,249.0,2,2600,0,0,0,0,0,0
VI,0,OG,0.0,65.0,0,0,0,0,0,0,0,0

FINAL,I04-Z,04,I,3
IF,POTIM,12.194361,-1.618667,OG,215.4,12.3,2,2600,0,0,0,0,1,0
CF,FI04,12.274044,-1.565331,0,OG,215.4,6.6,35.0,5.7,1,2600,0,0,0,0,2,0
CF,RW04,12.341733,-1.520000,0,OG,215.4,1.8,35.0,4.8,1,1084,0,0,0,0,3,0
FA,RW04,12.341733,-1.520000,0,OG,0.0,0.0,35.0,2,2000,0,0,0,0,0,0
VI,1, ,0.0,257.0,1,2600,0,0,0,0,0,0
CF,D302I,12.421581,-1.645592,0,OG,302.0,9.0,302.0,4.0,0,0,0,0,0,0,0,0
TF,D302K,12.438306,-1.675106,0, ,0.0,0.0,0.0,0.0,0,0,0,0,0,0,0,0
AF,NULIK,12.274417,-1.685250,1,OG,249.1,11.0,302.0,0,0,0,0,0,0,0,0

APPTR,R04,04,AMPEK
IF,AMPEK,12.249603,-1.703958, ,0.0,0.0,2,2600,0,1,230,0,1,0
TF,POTIM,12.194361,-1.618667,0, ,0.0,0.0,0.0,0.0,2,2600,0,1,230,0,1,0

APPTR,R04,04,BOSTA
IF,BOSTA,12.139092,-1.533411, ,0.0,0.0,2,2600,0,1,230,0,1,0
TF,POTIM,12.194361,-1.618667,0, ,0.0,0.0,0.0,0.0,2,2600,0,1,230,0,1,0

APPTR,R04,04,FD101
IF,FD101,12.360050,-1.874614, ,0.0,0.0,2,2600,0,1,230,0,1,0
TF,AMPEK,12.249603,-1.703958,0, ,0.0,0.0,0.0,0.0,2,2600,0,1,230,0,0,0
TF,POTIM,12.194361,-1.618667,0, ,0.0,0.0,0.0,0.0,2,2600,0,1,230,0,1,0

FINAL,R04,04,R,3
IF,POTIM,12.194361,-1.618667, ,0.0,0.0,2,2600,0,1,230,0,1,0
TF,FD501,12.275194,-1.564583,0, ,0.0,0.0,35.0,5.8,1,2600,0,0,0,0,2,0
TF,RW04,12.341733,-1.520000,0, ,0.0,0.0,35.0,4.8,1,1083,0,0,0,0,3,1
TF,FD502,12.411639,-1.473167,0, ,0.0,0.0,0.0,0.0,0,0,0,0,0,0,0,1
DF,AMPEK,12.249603,-1.703958,1, ,0.0,0.0,2,2600,0,1,230,0,0,0

APPTR,R22,22,KEROT
IF,KEROT,12.556747,-1.498256, ,0.0,0.0,2,2600,0,1,230,0,1,0
TF,LIMAM,12.501472,-1.412889,0, ,0.0,0.0,0.0,0.0,2,2600,0,1,230,0,1,0

APPTR,R22,22,LIMAM
HF,LIMAM,12.501472,-1.412889,1, ,0.0,0.0,215.0,04.3,2,2600,0,1,230,0,1,0,0

APPTR,R22,22,MOKER
IF,MOKER,12.446169,-1.327558, ,0.0,0.0,2,2600,0,1,230,0,1,0
TF,LIMAM,12.501472,-1.412889,0, ,0.0,0.0,0.0,0.0,2,2600,0,1,230,0,1,0

FINAL,R22,22,R,3
IF,LIMAM,12.501472,-1.412889, ,0.0,0.0,2,2600,0,1,230,0,0,0
TF,FD503,12.433389,-1.458556,0, ,0.0,0.0,215.0,4.9,1,2600,0,0,0,0,2,0
TF,RW22,12.364483,-1.504756,0, ,0.0,0.0,215.0,4.9,1,1030,0,0,0,0,3,1
TF,FD504,12.294583,-1.551583,0, ,0.0,0.0,0.0,0.0,0,0,0,0,0,0,0,1
DF,KEROT,12.556747,-1.498256,2, ,0.0,0.0,2,2600,0,1,230,0,0,0

APPTR,S22-Y,22,OG1
FC,OG,12.346278,-1.512833,0,OG,0.0,0.0,51.0,7.0,0,0,0,0,0,0,1,1
CF,FS22Y,12.436578,-1.463975,1,OG,30.0,6.1,210.0,2.0,2,2600,0,0,0,0,0,0

APPTR,S22-Y,22,OG2
FC,OG,12.346278,-1.512833,0,OG,0.0,0.0,42.0,7.0,0,0,0,0,0,0,1,1
CF,FS22Y,12.436578,-1.463975,1,OG,30.0,6.1,210.0,2.0,2,2600,0,0,0,0,0,0

FINAL,S22-Y,22,D,2
IF,FS22Y,12.436578,-1.463975,OG,30.0,6.1,2,2600,0,0,0,0,2,0
CF,RW22,12.364483,-1.504756,0,OG,25.6,1.2,210.0,4.9,1,1030,0,0,0,0,3,0
CF,OG,12.346278,-1.512833,0,OG,0.0,0.0,210.0,1.2,0,0,0,0,0,0,0,1
FA,OG,12.346278,-1.512833,0,OG,0.0,0.0,210.0,2,2000,0,0,0,0,0,0
DF,OG,12.346278,-1.512833,2, ,0.0,0.0,1,2600,0,0,0,0,0,0

