APPTR,D06,06,SAB
IF,SAB,6.196078,6.689794, ,0.0,0.0,2,2500,0,0,0,0,0,0
CI,0, ,0.0,289.0,0,0,0,0,0,0,0,0
CF,D109B,6.186242,6.720031,1,SAB,109.0,1.9,63.0,4.0,2,2500,0,0,0,0,0,0
CF,FD06,6.219956,6.782839,0,ANU,243.0,7.6,63.0,4.2,2,1780,0,0,0,0,0,0

FINAL,D06,06,D,2
IF,FD06,6.219956,6.782839,ANU,243.0,7.6,2,1780,0,0,0,0,2,0
CF,RW06,6.259247,6.856633,0,ANU,243.0,2.6,63.0,5.0,1,194,0,0,0,0,3,0
CA,0,63.0,2,1000,0,0,0,0,0,0
DF,SAB,6.196078,6.689794,1, ,0.0,0.0,1,5000,0,0,0,0,0,0
HM,SAB,6.196078,6.689794,1, ,0.0,0.0,289.0,04.3,2,5000,0,0,0,0,0,0,0

APPTR,D24,24,IVBAR
IF,IVBAR,6.314214,6.960050, ,0.0,0.0,2,2500,0,0,0,0,0,0
HF,IVBAR,6.314214,6.960050,1, ,0.0,0.0,243.0,05.6,2,1840,0,0,0,0,0,0,0

FINAL,D24,24,D,2
IF,IVBAR,6.314214,6.960050,ANU,63.0,4.4,2,1840,0,0,0,0,2,0
CF,RW24,6.274944,6.886161,0,ANU,243.0,0.6,243.0,5.0,1,260,0,0,0,0,3,0
CA,0,243.0,2,1000,0,0,0,0,0,0
DF,IVBAR,6.314214,6.960050,2, ,0.0,0.0,1,2500,0,0,0,0,0,0
HM,IVBAR,6.314214,6.960050,1, ,0.0,0.0,243.0,04.3,2,2500,0,0,0,0,0,0,0

APPTR,I24,24,IVBAR
IF,IVBAR,6.314214,6.960050, ,0.0,0.0,2,2500,0,0,0,0,0,0
HF,IVBAR,6.314214,6.960050,1, ,0.0,0.0,243.0,05.6,2,1840,0,0,0,0,0,0,0

FINAL,I24,24,I,3
IF,CI24,6.329969,6.989611,IAN,63.0,9.1,2,1840,0,0,0,0,0,0
CF,IVBAR,6.314214,6.960050,0,IAN,63.0,7.1,243.0,2.0,1,1840,0,0,0,0,2,0
CF,RW24,6.274944,6.886161,0,IAN,63.0,2.1,243.0,5.0,1,260,0,0,0,0,3,0
CA,0,243.0,2,1000,0,0,0,0,0,0
DF,IVBAR,6.314214,6.960050,2, ,0.0,0.0,1,2500,0,0,0,0,0,0
HM,IVBAR,6.314214,6.960050,1, ,0.0,0.0,243.0,04.3,2,2500,0,0,0,0,0,0,0

APPTR,R06,06,ODVIT
IF,ODVIT,6.092594,6.754847, ,0.0,0.0,1,2500,0,1,230,0,1,0
TF,EBNIB,6.181644,6.708339,0, ,0.0,0.0,0.0,0.0,1,2500,0,0,0,0,1,0

APPTR,R06,06,OGBAN
IF,OGBAN,6.135083,6.619369, ,0.0,0.0,1,2500,0,1,230,0,1,0
TF,EBNIB,6.181644,6.708339,0, ,0.0,0.0,0.0,0.0,1,2500,0,0,0,0,1,0

APPTR,R06,06,OGBOP
IF,OGBOP,6.270689,6.661817, ,0.0,0.0,2,5000,0,1,230,0,1,0
TF,EBNIB,6.181644,6.708339,0, ,0.0,0.0,0.0,0.0,1,2500,0,0,0,0,1,0

FINAL,R06,06,R,3
IF,EBNIB,6.181644,6.708339, ,0.0,0.0,1,2500,0,0,0,0,0,0
TF,AN600,6.220444,6.782483,0, ,0.0,0.0,63.0,5.0,1,1780,0,1,200,0,2,0
TF,RW06,6.259247,6.856633,0, ,0.0,0.0,63.0,5.0,1,194,0,0,0,0,3,1
CA,0,63.0,2,1000,0,0,0,0,0,0
DF,OGBOP,6.270689,6.661817,1, ,0.0,0.0,2,5000,0,0,0,0,0,0
HM,OGBOP,6.270689,6.661817,1, ,0.0,0.0,153.0,04.3,2,5000,0,1,230,0,0,0,0

APPTR,R24,24,RATUR
IF,RATUR,6.263481,7.081478, ,0.0,0.0,1,2500,0,1,230,0,1,0
TF,XUMAR,6.352531,7.034956,0, ,0.0,0.0,0.0,0.0,1,2500,0,0,0,0,1,0

APPTR,R24,24,SAKDO
IF,SAKDO,6.441575,6.988417, ,0.0,0.0,2,2500,0,1,230,0,1,0
TF,XUMAR,6.352531,7.034956,0, ,0.0,0.0,0.0,0.0,1,2500,0,0,0,0,1,0

APPTR,R24,24,XUKUR
IF,XUKUR,6.399075,7.123967, ,0.0,0.0,1,2500,0,1,230,0,1,0
TF,XUMAR,6.352531,7.034956,0, ,0.0,0.0,0.0,0.0,1,2500,0,0,0,0,1,0

FINAL,R24,24,R,3
IF,XUMAR,6.352531,7.034956, ,0.0,0.0,1,2500,0,0,0,0,0,0
TF,AN500,6.313742,6.960783,0, ,0.0,0.0,243.0,5.0,1,1840,0,1,200,0,2,0
TF,RW24,6.274944,6.886161,0, ,0.0,0.0,243.0,5.0,1,260,0,0,0,0,3,1
CA,0,243.0,2,1000,0,0,0,0,0,0
DF,SAKDO,6.441575,6.988417,2, ,0.0,0.0,2,2500,0,0,0,0,0,0
HM,SAKDO,6.441575,6.988417,1, ,0.0,0.0,153.0,04.3,2,2500,0,1,230,0,0,0,0

