FINAL,D06,06,D,3
IF,CD06,5.532367,5.743194,OSB,230.0,6.0,2,1500,0,0,0,0,0,0
CF,FD06,5.566000,5.780442,0,OSB,230.0,3.0,50.0,3.0,2,880,0,0,0,0,2,0
CF,RW06,5.593239,5.812353,0,OSB,222.2,0.5,50.0,2.5,1,77,0,0,0,0,3,0
FA,RW06,5.593239,5.812353,0,OSB,0.0,0.0,55.0,2,1500,0,0,0,0,0,0
DF,OSB,5.599611,5.817722,1, ,0.0,0.0,1,2000,0,0,0,0,0,0
HM,OSB,5.599611,5.817722,1, ,0.0,0.0,50.0,04.3,2,2000,0,0,0,0,0,0,0

FINAL,D24,24,D,3
IF,CD24,5.654331,5.901844,OSB,59.0,6.0,2,1200,0,0,0,0,0,0
CF,FD24,5.626069,5.858367,0,OSB,59.0,2.9,239.0,3.1,2,840,0,0,0,0,2,0
CF,MD24,5.609653,5.833128,0,OSB,59.0,1.1,239.0,1.8,1,271,0,0,0,0,3,0
FA,MD24,5.609653,5.833128,0,OSB,0.0,0.0,235.0,2,1500,0,0,0,0,0,0
DF,OSB,5.599611,5.817722,1, ,0.0,0.0,1,2000,0,0,0,0,0,0
HM,OSB,5.599611,5.817722,2, ,0.0,0.0,239.0,04.3,2,2000,0,0,0,0,0,0,0

APPTR,R06,06,ARGEK
IF,ARGEK,5.439578,5.611958, ,0.0,0.0,2,2000,0,0,0,0,1,0
TF,RUVDI,5.490467,5.678319,0, ,0.0,0.0,0.0,0.0,2,2000,0,1,200,0,1,0

APPTR,R06,06,BONPU
IF,BONPU,5.423961,5.729094, ,0.0,0.0,2,2000,0,0,0,0,1,0
TF,RUVDI,5.490467,5.678319,0, ,0.0,0.0,0.0,0.0,2,2000,0,1,200,0,1,0

APPTR,R06,06,LUBLU
IF,LUBLU,5.556967,5.627533, ,0.0,0.0,2,2000,0,0,0,0,1,0
TF,RUVDI,5.490467,5.678319,0, ,0.0,0.0,0.0,0.0,2,2000,0,1,200,0,1,0

FINAL,R06,06,R,3
IF,RUVDI,5.490467,5.678319, ,0.0,0.0,2,2000,0,1,200,0,0,0
TF,SU600,5.541356,5.744686,0, ,0.0,0.0,55.0,5.0,2,1700,0,0,0,0,2,0
TF,RW06,5.593239,5.812353,0, ,0.0,0.0,55.0,5.1,1,77,0,0,0,0,3,1
DF,BONPU,5.423961,5.729094,2, ,0.0,0.0,0,0,0,0,0,0,0,0
TF,RUVDI,5.490467,5.678319,2, ,0.0,0.0,0.0,0.0,2,2000,0,0,0,0,0,0
HM,RUVDI,5.490467,5.678319,2, ,0.0,0.0,55.0,04.3,2,2000,0,1,230,0,0,0,0

APPTR,R24,24,NEGPA
IF,NEGPA,5.756775,6.025717, ,0.0,0.0,2,2000,0,0,0,0,1,0
TF,ULPIK,5.705892,5.959322,0, ,0.0,0.0,0.0,0.0,2,2000,0,1,200,0,1,0

APPTR,R24,24,TUTIK
IF,TUTIK,5.639389,6.010117, ,0.0,0.0,2,2000,0,0,0,0,1,0
TF,ULPIK,5.705892,5.959322,0, ,0.0,0.0,0.0,0.0,2,2000,0,1,200,0,1,0

APPTR,R24,24,XULUM
IF,XULUM,5.772389,5.908514, ,0.0,0.0,2,2000,0,0,0,0,1,0
TF,ULPIK,5.705892,5.959322,0, ,0.0,0.0,0.0,0.0,2,2000,0,1,200,0,1,0

FINAL,R24,24,R,3
IF,ULPIK,5.705892,5.959322, ,0.0,0.0,2,2000,0,1,200,0,0,0
TF,SU400,5.655008,5.892933,0, ,0.0,0.0,235.0,5.0,2,1700,0,0,0,0,2,0
TF,RW24,5.603131,5.825256,0, ,0.0,0.0,235.0,5.1,1,77,0,0,0,0,3,1
DF,TUTIK,5.639389,6.010117,1, ,0.0,0.0,0,0,0,0,0,0,0,0
TF,ULPIK,5.705892,5.959322,1, ,0.0,0.0,0.0,0.0,2,2000,0,0,0,0,0,0
HM,ULPIK,5.705892,5.959322,2, ,0.0,0.0,235.0,04.3,2,2000,0,1,230,0,0,0,0

