SID,ABAL1E,09R,5
CA,0,88.0,2,1100,0,0,0,0,0,0
CF,RN053,13.564528,2.280417,0,NY,41.8,6.6,19.0,5.0,0,0,0,0,0,0,0,0
TF,ABALA,16.050000,4.583333,0, ,0.0,0.0,0.0,0.0,0,0,0,0,0,0,0,0

SID,ABAL1W,27L,5
CA,0,268.0,2,1130,0,0,0,0,0,0
DF,NY,13.481119,2.206875,1, ,0.0,0.0,0,0,0,0,0,0,0,0
TF,ABALA,16.050000,4.583333,0, ,0.0,0.0,0.0,0.0,0,0,0,0,0,0,0,0

SID,BANG1E,09R,5
CA,0,88.0,2,1100,0,0,0,0,0,0
CF,RN062,13.432194,2.034556,2,NY,254.8,10.5,275.0,10.0,0,0,0,0,0,0,0,0
TF,BANGA,13.090833,0.899167,0, ,0.0,0.0,0.0,0.0,0,0,0,0,0,0,0,0

SID,BANG1W,27L,5
CA,0,268.0,2,1130,0,0,0,0,0,0
CF,RN062,13.432194,2.034556,0,NY,254.8,10.5,245.0,7.0,0,0,0,0,0,0,0,0
TF,BANGA,13.090833,0.899167,0, ,0.0,0.0,0.0,0.0,0,0,0,0,0,0,0,0

SID,BONK1E,09R,5
CA,0,88.0,2,1100,0,0,0,0,0,0
CF,RN067,13.579639,2.129528,1,NY,323.5,7.4,286.0,6.0,0,0,0,0,0,0,0,0
TF,RN066,13.533833,2.037917,0, ,0.0,0.0,0.0,0.0,0,0,0,0,0,0,0,0
TF,BONKU,14.232778,-0.341667,0, ,0.0,0.0,0.0,0.0,0,0,0,0,0,0,0,0

SID,BONK1W,27L,5
CA,0,268.0,2,1130,0,0,0,0,0,0
DF,RN074,13.476583,2.061139,0, ,0.0,0.0,0,0,0,0,0,0,0,0
TF,RN077,13.538028,2.023944,0, ,0.0,0.0,0.0,0.0,0,0,0,0,0,0,0,0
TF,BONKU,14.232778,-0.341667,0, ,0.0,0.0,0.0,0.0,0,0,0,0,0,0,0,0

SID,DAMN1E,09R,5
CA,0,88.0,2,1100,0,0,0,0,0,0
CF,RN054,13.541722,2.300194,0,NY,57.4,6.6,44.0,5.0,0,0,0,0,0,0,0,0
TF,DAMNA,14.942778,4.583333,0, ,0.0,0.0,0.0,0.0,0,0,0,0,0,0,0,0

SID,DAMN1W,27L,5
CA,0,268.0,2,1130,0,0,0,0,0,0
DF,NY,13.481119,2.206875,1, ,0.0,0.0,0,0,0,0,0,0,0,0
TF,DAMNA,14.942778,4.583333,0, ,0.0,0.0,0.0,0.0,0,0,0,0,0,0,0,0

SID,DIKS1E,09R,5
CA,0,88.0,2,1100,0,0,0,0,0,0
DF,RN056,13.463944,2.315778,0, ,0.0,0.0,0,0,0,0,0,0,0,0
TF,DIKSU,13.241556,3.551644,0, ,0.0,0.0,0.0,0.0,0,0,0,0,0,0,0,0

SID,DIKS1W,27L,5
CA,0,268.0,2,1130,0,0,0,0,0,0
CF,RN069,13.471111,2.275389,1,NY,99.5,4.1,67.0,7.0,0,0,0,0,0,0,0,0
TF,DIKSU,13.241556,3.551644,0, ,0.0,0.0,0.0,0.0,0,0,0,0,0,0,0,0

SID,EDKA1E,09R,5
CA,0,88.0,2,1100,0,0,0,0,0,0
CF,RN063,13.470306,2.027278,2,NY,267.5,10.5,286.0,11.0,0,0,0,0,0,0,0,0
TF,EDKAP,13.380889,0.842258,0, ,0.0,0.0,0.0,0.0,0,0,0,0,0,0,0,0

SID,EDKA1W,27L,5
CA,0,268.0,2,1130,0,0,0,0,0,0
DF,RN063,13.470306,2.027278,0, ,0.0,0.0,0,0,0,0,0,0,0,0
TF,EDKAP,13.380889,0.842258,0, ,0.0,0.0,0.0,0.0,0,0,0,0,0,0,0,0

SID,GALE1E,09R,5
CA,0,88.0,2,1100,0,0,0,0,0,0
CF,RN067,13.579639,2.129528,1,NY,323.5,7.4,286.0,6.0,0,0,0,0,0,0,0,0
TF,GALET,14.537500,1.360556,0, ,0.0,0.0,0.0,0.0,0,0,0,0,0,0,0,0

SID,GALE1W,27L,5
CA,0,268.0,2,1130,0,0,0,0,0,0
DF,NY,13.481119,2.206875,1, ,0.0,0.0,0,0,0,0,0,0,0,0
TF,GALET,14.537500,1.360556,0, ,0.0,0.0,0.0,0.0,0,0,0,0,0,0,0,0

SID,GALE2W,27L,5
CA,0,268.0,2,1130,0,0,0,0,0,0
DF,RN074,13.476583,2.061139,0, ,0.0,0.0,0,0,0,0,0,0,0,0
TF,RN077,13.538028,2.023944,0, ,0.0,0.0,0.0,0.0,0,0,0,0,0,0,0,0
TF,RN078,13.632417,2.087389,0, ,0.0,0.0,0.0,0.0,0,0,0,0,0,0,0,0
TF,GALET,14.537500,1.360556,0, ,0.0,0.0,0.0,0.0,0,0,0,0,0,0,0,0

SID,GALI1E,09R,5
CA,0,88.0,2,1100,0,0,0,0,0,0
CF,RN067,13.579639,2.129528,1,NY,323.5,7.4,286.0,6.0,0,0,0,0,0,0,0,0
TF,RN064,13.522778,2.015778,0, ,0.0,0.0,0.0,0.0,0,0,0,0,0,0,0,0
TF,GALIV,14.014167,-0.426667,0, ,0.0,0.0,0.0,0.0,0,0,0,0,0,0,0,0

SID,GALI1W,27L,5
CA,0,268.0,2,1130,0,0,0,0,0,0
DF,RN074,13.476583,2.061139,0, ,0.0,0.0,0,0,0,0,0,0,0,0
TF,RN076,13.518667,2.035667,0, ,0.0,0.0,0.0,0.0,0,0,0,0,0,0,0,0
TF,GALIV,14.014167,-0.426667,0, ,0.0,0.0,0.0,0.0,0,0,0,0,0,0,0,0

SID,GAPA1E,09R,5
CA,0,88.0,2,1100,0,0,0,0,0,0
CF,RN061,13.403000,2.144778,2,NY,218.9,5.9,261.0,5.0,0,0,0,0,0,0,0,0
TF,GAPAG,11.000000,0.325000,0, ,0.0,0.0,0.0,0.0,0,0,0,0,0,0,0,0

SID,GAPA1W,27L,5
CA,0,268.0,2,1130,0,0,0,0,0,0
CF,RN073,13.345417,2.100667,0,NY,218.5,10.2,182.0,8.0,0,0,0,0,0,0,0,0
TF,GAPAG,11.000000,0.325000,0, ,0.0,0.0,0.0,0.0,0,0,0,0,0,0,0,0

SID,GASO1E,09R,5
CA,0,88.0,2,1100,0,0,0,0,0,0
CF,RN052,13.594583,2.243917,1,NY,18.7,7.1,346.0,5.0,0,0,0,0,0,0,0,0
TF,GASON,16.250000,3.151389,0, ,0.0,0.0,0.0,0.0,0,0,0,0,0,0,0,0

SID,GASO1W,27L,5
CA,0,268.0,2,1130,0,0,0,0,0,0
DF,NY,13.481119,2.206875,1, ,0.0,0.0,0,0,0,0,0,0,0,0
TF,GASON,16.250000,3.151389,0, ,0.0,0.0,0.0,0.0,0,0,0,0,0,0,0,0

SID,INEP1E,09R,5
CA,0,88.0,2,1100,0,0,0,0,0,0
CF,RN051,13.612000,2.198667,1,NY,357.5,7.8,323.0,6.0,0,0,0,0,0,0,0,0
TF,INEPA,16.250000,2.038611,0, ,0.0,0.0,0.0,0.0,0,0,0,0,0,0,0,0

SID,INEP1W,27L,5
CA,0,268.0,2,1130,0,0,0,0,0,0
DF,NY,13.481119,2.206875,1, ,0.0,0.0,0,0,0,0,0,0,0,0
TF,INEPA,16.250000,2.038611,0, ,0.0,0.0,0.0,0.0,0,0,0,0,0,0,0,0

SID,INEP2W,27L,5
CA,0,268.0,2,1130,0,0,0,0,0,0
DF,RN074,13.476583,2.061139,0, ,0.0,0.0,0,0,0,0,0,0,0,0
TF,RN077,13.538028,2.023944,0, ,0.0,0.0,0.0,0.0,0,0,0,0,0,0,0,0
TF,RN079,13.647083,2.196556,0, ,0.0,0.0,0.0,0.0,0,0,0,0,0,0,0,0
TF,INEPA,16.250000,2.038611,0, ,0.0,0.0,0.0,0.0,0,0,0,0,0,0,0,0

SID,IRTO1E,09R,5
CA,0,88.0,2,1100,0,0,0,0,0,0
CF,RN059,13.371056,2.172083,2,NY,198.2,6.9,237.0,5.0,0,0,0,0,0,0,0,0
TF,IRTOD,12.200000,1.816111,0, ,0.0,0.0,0.0,0.0,0,0,0,0,0,0,0,0

SID,IRTO1W,27L,5
CA,0,268.0,2,1130,0,0,0,0,0,0
CF,RN072,13.322944,2.157389,1,NY,198.0,9.9,156.0,7.0,0,0,0,0,0,0,0,0
TF,IRTOD,12.200000,1.816111,0, ,0.0,0.0,0.0,0.0,0,0,0,0,0,0,0,0

SID,POLK1E,09R,5
CA,0,88.0,2,1100,0,0,0,0,0,0
DF,POLKI,13.556111,3.573056,0, ,0.0,0.0,0,0,0,0,0,0,0,0

SID,POLK1W,27L,5
CA,0,268.0,2,1130,0,0,0,0,0,0
CF,RN068,13.489528,2.317389,1,NY,86.5,6.5,67.0,9.0,0,0,0,0,0,0,0,0
TF,POLKI,13.556111,3.573056,0, ,0.0,0.0,0.0,0.0,0,0,0,0,0,0,0,0

SID,TATA1E,09R,5
CA,0,88.0,2,1100,0,0,0,0,0,0
CF,RN058,13.359500,2.209750,2,NY,179.7,7.3,216.0,5.0,0,0,0,0,0,0,0,0
TF,TATAT,11.000000,2.273333,0, ,0.0,0.0,0.0,0.0,0,0,0,0,0,0,0,0

SID,TATA1W,27L,5
CA,0,268.0,2,1130,0,0,0,0,0,0
CF,RN058,13.359500,2.209750,1,NY,179.7,7.3,124.0,6.0,0,0,0,0,0,0,0,0
TF,TATAT,11.000000,2.273333,0, ,0.0,0.0,0.0,0.0,0,0,0,0,0,0,0,0

SID,VOLT1E,09R,5
CA,0,88.0,2,1100,0,0,0,0,0,0
CF,RN057,13.379278,2.224028,2,NY,171.6,6.2,216.0,4.0,0,0,0,0,0,0,0,0
TF,VOLTI,12.161944,2.429167,0, ,0.0,0.0,0.0,0.0,0,0,0,0,0,0,0,0

SID,VOLT1W,27L,5
CA,0,268.0,2,1130,0,0,0,0,0,0
CF,RN071,13.346250,2.229611,1,NY,171.6,8.2,124.0,7.0,0,0,0,0,0,0,0,0
TF,VOLTI,12.161944,2.429167,0, ,0.0,0.0,0.0,0.0,0,0,0,0,0,0,0,0

STAR,ABAL1G,09R,2
IF,ABALA,16.050000,4.583333, ,0.0,0.0,0,0,0,0,0,0,0,0
TF,D043T,13.731000,2.434694,0, ,0.0,0.0,0.0,0.0,0,0,0,0,0,0,0,0
CI,0, ,0.0,223.0,0,0,0,0,0,0,0,0
AF,GAMOX,13.596278,2.038667,1,NY,306.0,12.0,43.0,2,2500,0,0,0,0,0,0

STAR,ABAL1N,27L,2
IF,ABALA,16.050000,4.583333, ,0.0,0.0,0,0,0,0,0,0,0,0
TF,D043T,13.731000,2.434694,0, ,0.0,0.0,0.0,0.0,0,0,0,0,0,0,0,0
CI,0, ,0.0,223.0,0,0,0,0,0,0,0,0
AF,NUSOD,13.587500,2.381028,2,NY,59.0,12.0,43.0,2,2500,0,0,0,0,0,0

STAR,BANG1D,27L,2
IF,BANGA,13.090833,0.899167, ,0.0,0.0,0,0,0,0,0,0,0,0
TF,D254T,13.385833,1.879167,0, ,0.0,0.0,0.0,0.0,0,0,0,0,0,0,0,0
CI,0, ,0.0,74.0,0,0,0,0,0,0,0,0
AF,DESIS,13.316556,2.324528,1,NY,146.0,12.0,254.0,2,2500,0,0,0,0,0,0

STAR,BANG2R,09R,2
IF,BANGA,13.090833,0.899167, ,0.0,0.0,0,0,0,0,0,0,0,0
TF,D254T,13.385833,1.879167,0, ,0.0,0.0,0.0,0.0,0,0,0,0,0,0,0,1
CI,0, ,0.0,41.0,0,0,0,0,0,0,0,0
CF,RITAT,13.473778,2.001361,0,NY,268.9,12.0,88.0,4.0,2,2500,0,0,0,0,0,0

STAR,BONK1N,27L,2
IF,BONKU,14.232778,-0.341667, ,0.0,0.0,0,0,0,0,0,0,0,0
TF,D288T,13.581306,1.879194,0, ,0.0,0.0,0.0,0.0,0,0,0,0,0,0,0,0
CI,0, ,0.0,108.0,0,0,0,0,0,0,0,0
AF,NUSOD,13.587500,2.381028,2,NY,59.0,12.0,288.0,2,2500,0,0,0,0,0,0

STAR,BONK2R,09R,2
IF,BONKU,14.232778,-0.341667, ,0.0,0.0,0,0,0,0,0,0,0,0
TF,D288T,13.581306,1.879194,0, ,0.0,0.0,0.0,0.0,0,0,0,0,0,0,0,1
CI,0, ,0.0,150.0,0,0,0,0,0,0,0,0
CF,RITAT,13.473778,2.001361,0,NY,268.9,12.0,88.0,2.0,2,2500,0,0,0,0,0,0

STAR,DAMN1G,09R,2
IF,DAMNA,14.942778,4.583333, ,0.0,0.0,0,0,0,0,0,0,0,0
TF,D059T,13.660917,2.495556,0, ,0.0,0.0,0.0,0.0,0,0,0,0,0,0,0,0
CI,0, ,0.0,239.0,0,0,0,0,0,0,0,0
AF,GAMOX,13.596278,2.038667,1,NY,306.0,12.0,59.0,2,2500,0,0,0,0,0,0

STAR,DAMN1S,27L,2
IF,DAMNA,14.942778,4.583333, ,0.0,0.0,0,0,0,0,0,0,0,0
TF,D059T,13.660917,2.495556,0, ,0.0,0.0,0.0,0.0,0,0,0,0,0,0,0,0
CI,0, ,0.0,239.0,0,0,0,0,0,0,0,0
AF,SEPON,13.524278,2.407361,2,NY,78.6,12.0,59.0,2,2500,0,0,0,0,0,0

STAR,DEPA1M,27L,5
IF,INEPA,16.250000,2.038611, ,0.0,0.0,0,0,0,0,0,0,0,0
TF,DEPAM,13.900003,2.181372,0, ,0.0,0.0,0.0,0.0,2,10000,0,0,0,0,0,0
TF,MOVID,13.593019,2.406561,0, ,0.0,0.0,0.0,0.0,2,2500,0,1,230,0,0,0

STAR,DEPA1P,09R,5
IF,INEPA,16.250000,2.038611, ,0.0,0.0,0,0,0,0,0,0,0,0
TF,DEPAM,13.900003,2.181372,0, ,0.0,0.0,0.0,0.0,2,10000,0,0,0,0,0,0
TF,POXAS,13.574081,1.996428,0, ,0.0,0.0,0.0,0.0,2,2500,0,1,230,0,0,0

STAR,ETRO1K,27L,5
IF,BANGA,13.090833,0.899167, ,0.0,0.0,0,0,0,0,0,0,0,0
TF,ETROT,13.351442,1.764069,0, ,0.0,0.0,0.0,0.0,2,14000,0,0,0,0,0,0
TF,KELUT,13.392367,2.416267,0, ,0.0,0.0,0.0,0.0,2,2500,0,1,230,0,0,0

STAR,ETRO1R,09R,5
IF,BANGA,13.090833,0.899167, ,0.0,0.0,0,0,0,0,0,0,0,0
TF,ETROT,13.351442,1.764069,0, ,0.0,0.0,0.0,0.0,2,8000,0,0,0,0,0,0
TF,RITAT,13.473778,2.001361,0, ,0.0,0.0,0.0,0.0,2,2500,0,1,230,0,0,0

STAR,GALE1G,09R,2
IF,GALET,14.537500,1.360556, ,0.0,0.0,0,0,0,0,0,0,0,0
TF,D323T,13.744861,1.996028,0, ,0.0,0.0,0.0,0.0,0,0,0,0,0,0,0,0
CI,0, ,0.0,143.0,0,0,0,0,0,0,0,0
AF,GAMOX,13.596278,2.038667,1,NY,306.0,12.0,323.0,2,2500,0,0,0,0,0,0

STAR,GALE1N,27L,2
IF,GALET,14.537500,1.360556, ,0.0,0.0,0,0,0,0,0,0,0,0
TF,D323T,13.744861,1.996028,0, ,0.0,0.0,0.0,0.0,0,0,0,0,0,0,0,0
CI,0, ,0.0,143.0,0,0,0,0,0,0,0,0
AF,NUSOD,13.587500,2.381028,2,NY,59.0,12.0,323.0,2,2500,0,0,0,0,0,0

STAR,GALI1R,09R,2
IF,GALIV,14.014167,-0.426667, ,0.0,0.0,0,0,0,0,0,0,0,0
TF,D283T,13.552500,1.871611,0, ,0.0,0.0,0.0,0.0,0,0,0,0,0,0,0,1
CI,0, ,0.0,137.0,0,0,0,0,0,0,0,0
CF,RITAT,13.473778,2.001361,0,NY,268.9,12.0,88.0,2.0,2,2500,0,0,0,0,0,0

STAR,GAPA1D,27L,2
IF,GAPAG,11.000000,0.325000, ,0.0,0.0,0,0,0,0,0,0,0,0
TF,D218T,13.213389,2.001583,0, ,0.0,0.0,0.0,0.0,0,0,0,0,0,0,0,0
CI,0, ,0.0,38.0,0,0,0,0,0,0,0,0
AF,DESIS,13.316556,2.324528,1,NY,146.0,12.0,218.0,2,2500,0,0,0,0,0,0

STAR,GAPA1T,09R,2
IF,GAPAG,11.000000,0.325000, ,0.0,0.0,0,0,0,0,0,0,0,0
TF,D218T,13.213389,2.001583,0, ,0.0,0.0,0.0,0.0,0,0,0,0,0,0,0,0
CI,0, ,0.0,38.0,0,0,0,0,0,0,0,0
AF,TIXEL,13.339028,2.061833,2,NY,226.0,12.0,218.0,2,2500,0,0,0,0,0,0

STAR,GASO1G,09R,2
IF,GASON,16.250000,3.151389, ,0.0,0.0,0,0,0,0,0,0,0,0
TF,D019T,13.799083,2.314083,0, ,0.0,0.0,0.0,0.0,0,0,0,0,0,0,0,0
CI,0, ,0.0,199.0,0,0,0,0,0,0,0,0
AF,GAMOX,13.596278,2.038667,1,NY,306.0,12.0,19.0,2,2500,0,0,0,0,0,0

STAR,GASO1N,27L,2
IF,GASON,16.250000,3.151389, ,0.0,0.0,0,0,0,0,0,0,0,0
TF,D019T,13.799083,2.314083,0, ,0.0,0.0,0.0,0.0,0,0,0,0,0,0,0,0
CI,0, ,0.0,199.0,0,0,0,0,0,0,0,0
AF,NUSOD,13.587500,2.381028,2,NY,59.0,12.0,19.0,2,2500,0,0,0,0,0,0

STAR,GULE1T,09R,2
IF,GULEN,13.136556,4.122528, ,0.0,0.0,0,0,0,0,0,0,0,0
TF,D101T,13.421694,2.543500,0, ,0.0,0.0,0.0,0.0,0,0,0,0,0,0,0,0
CI,0, ,0.0,281.0,0,0,0,0,0,0,0,0
AF,TIXEL,13.339028,2.061833,2,NY,226.0,12.0,101.0,2,2500,0,0,0,0,0,0

STAR,GUMA1M,27L,5
IF,GASON,16.250000,3.151389, ,0.0,0.0,0,0,0,0,0,0,0,0
TF,GUMAT,13.867486,2.336100,0, ,0.0,0.0,0.0,0.0,2,8000,0,0,0,0,0,0
TF,MOVID,13.593019,2.406561,0, ,0.0,0.0,0.0,0.0,2,2500,0,1,230,0,0,0

STAR,GUMA1P,09R,5
IF,GASON,16.250000,3.151389, ,0.0,0.0,0,0,0,0,0,0,0,0
TF,GUMAT,13.867486,2.336100,0, ,0.0,0.0,0.0,0.0,2,11000,0,0,0,0,0,0
TF,POXAS,13.574081,1.996428,0, ,0.0,0.0,0.0,0.0,2,2500,0,1,230,0,0,0

STAR,INEP1G,09R,2
IF,INEPA,16.250000,2.038611, ,0.0,0.0,0,0,0,0,0,0,0,0
TF,D358T,13.815444,2.188944,0, ,0.0,0.0,0.0,0.0,0,0,0,0,0,0,0,0
CI,0, ,0.0,178.0,0,0,0,0,0,0,0,0
AF,GAMOX,13.596278,2.038667,1,NY,306.0,12.0,358.0,2,2500,0,0,0,0,0,0

STAR,INEP1N,27L,2
IF,INEPA,16.250000,2.038611, ,0.0,0.0,0,0,0,0,0,0,0,0
TF,D358T,13.815444,2.188944,0, ,0.0,0.0,0.0,0.0,0,0,0,0,0,0,0,0
CI,0, ,0.0,178.0,0,0,0,0,0,0,0,0
AF,NUSOD,13.587500,2.381028,2,NY,59.0,12.0,358.0,2,2500,0,0,0,0,0,0

STAR,IRAD1L,27L,5
IF,IRADI,13.776617,2.474119, ,0.0,0.0,2,8000,0,0,0,0,0,0
TF,LILAM,13.492694,2.411417,0, ,0.0,0.0,0.0,0.0,2,2500,0,1,230,0,0,0

STAR,IRAD1P,09R,5
IF,IRADI,13.776617,2.474119, ,0.0,0.0,2,12000,0,0,0,0,0,0
TF,POXAS,13.574081,1.996428,0, ,0.0,0.0,0.0,0.0,2,2500,0,1,230,0,0,0

STAR,IRTO1D,27L,2
IF,IRTOD,12.200000,1.816111, ,0.0,0.0,0,0,0,0,0,0,0,0
TF,D198T,13.160444,2.108667,0, ,0.0,0.0,0.0,0.0,0,0,0,0,0,0,0,0
CI,0, ,0.0,18.0,0,0,0,0,0,0,0,0
AF,DESIS,13.316556,2.324528,1,NY,146.0,12.0,198.0,2,2500,0,0,0,0,0,0

STAR,IRTO1T,09R,2
IF,IRTOD,12.200000,1.816111, ,0.0,0.0,0,0,0,0,0,0,0,0
TF,D198T,13.160444,2.108667,0, ,0.0,0.0,0.0,0.0,0,0,0,0,0,0,0,0
CI,0, ,0.0,18.0,0,0,0,0,0,0,0,0
AF,TIXEL,13.339028,2.061833,2,NY,226.0,12.0,198.0,2,2500,0,0,0,0,0,0

STAR,KOKA1L,27L,5
IF,DAMNA,14.942778,4.583333, ,0.0,0.0,0,0,0,0,0,0,0,0
TF,KOKAS,13.691158,2.540708,0, ,0.0,0.0,0.0,0.0,2,7000,0,0,0,0,0,0
TF,LILAM,13.492694,2.411417,0, ,0.0,0.0,0.0,0.0,2,2500,0,1,230,0,0,0

STAR,KOKA1P,09R,5
IF,DAMNA,14.942778,4.583333, ,0.0,0.0,0,0,0,0,0,0,0,0
TF,KOKAS,13.691158,2.540708,0, ,0.0,0.0,0.0,0.0,2,13000,0,0,0,0,0,0
TF,POXAS,13.574081,1.996428,0, ,0.0,0.0,0.0,0.0,2,2500,0,1,230,0,0,0

STAR,LIGI1L,27L,5
IF,POLKI,13.556111,3.573056, ,0.0,0.0,0,0,0,0,0,0,0,0
TF,LIGIS,13.504936,2.597347,0, ,0.0,0.0,0.0,0.0,2,6000,0,0,0,0,0,0
TF,LILAM,13.492694,2.411417,0, ,0.0,0.0,0.0,0.0,2,2500,0,1,230,0,0,0

STAR,LIGI1P,09R,5
IF,POLKI,13.556111,3.573056, ,0.0,0.0,0,0,0,0,0,0,0,0
TF,LIGIS,13.504936,2.597347,0, ,0.0,0.0,0.0,0.0,2,14000,0,0,0,0,0,0
TF,RN701,13.578008,2.081892,0, ,0.0,0.0,0.0,0.0,2,4000,0,0,0,0,0,0
TF,POXAS,13.574081,1.996428,0, ,0.0,0.0,0.0,0.0,2,2500,0,1,230,0,0,0

STAR,MOVA1B,09R,5
IF,GULEN,13.136556,4.122528, ,0.0,0.0,0,0,0,0,0,0,0,0
TF,MOVAG,13.414722,2.592425,0, ,0.0,0.0,0.0,0.0,2,13000,0,0,0,0,0,0
TF,BISIK,13.373447,2.006261,0, ,0.0,0.0,0.0,0.0,2,2500,0,1,230,0,0,0

STAR,MOVA1L,27L,5
IF,GULEN,13.136556,4.122528, ,0.0,0.0,0,0,0,0,0,0,0,0
TF,MOVAG,13.414722,2.592425,0, ,0.0,0.0,0.0,0.0,2,7000,0,0,0,0,0,0
TF,LILAM,13.492694,2.411417,0, ,0.0,0.0,0.0,0.0,2,2500,0,1,230,0,0,0

STAR,NEBD1B,09R,5
IF,IRTOD,12.200000,1.816111, ,0.0,0.0,0,0,0,0,0,0,0,0
TF,NEBDO,13.072408,2.081003,0, ,0.0,0.0,0.0,0.0,2,9000,0,0,0,0,0,0
TF,BISIK,13.373447,2.006261,0, ,0.0,0.0,0.0,0.0,2,2500,0,1,230,0,0,0

STAR,NEBD1K,27L,5
IF,IRTOD,12.200000,1.816111, ,0.0,0.0,0,0,0,0,0,0,0,0
TF,NEBDO,13.072408,2.081003,0, ,0.0,0.0,0.0,0.0,2,11000,0,0,0,0,0,0
TF,KELUT,13.392367,2.416267,0, ,0.0,0.0,0.0,0.0,2,2500,0,1,230,0,0,0

STAR,OVRE1B,09R,5
IF,TATAT,11.000000,2.273333, ,0.0,0.0,0,0,0,0,0,0,0,0
TF,OVREN,13.065733,2.217731,0, ,0.0,0.0,0.0,0.0,2,10000,0,0,0,0,0,0
TF,BISIK,13.373447,2.006261,0, ,0.0,0.0,0.0,0.0,2,2500,0,1,230,0,0,0

STAR,OVRE1K,27L,5
IF,TATAT,11.000000,2.273333, ,0.0,0.0,0,0,0,0,0,0,0,0
TF,OVREN,13.065733,2.217731,0, ,0.0,0.0,0.0,0.0,2,10000,0,0,0,0,0,0
TF,KELUT,13.392367,2.416267,0, ,0.0,0.0,0.0,0.0,2,2500,0,1,230,0,0,0

STAR,PIVD1B,09R,5
IF,VOLTI,12.161944,2.429167, ,0.0,0.0,0,0,0,0,0,0,0,0
TF,PIVDO,13.075981,2.275333,0, ,0.0,0.0,0.0,0.0,2,10000,0,0,0,0,0,0
TF,BISIK,13.373447,2.006261,0, ,0.0,0.0,0.0,0.0,2,2500,0,1,230,0,0,0

STAR,PIVD1K,27L,5
IF,VOLTI,12.161944,2.429167, ,0.0,0.0,0,0,0,0,0,0,0,0
TF,PIVDO,13.075981,2.275333,0, ,0.0,0.0,0.0,0.0,2,9000,0,0,0,0,0,0
TF,KELUT,13.392367,2.416267,0, ,0.0,0.0,0.0,0.0,2,2500,0,1,230,0,0,0

STAR,RILO1B,09R,5
IF,BOVDA,12.451533,3.630364, ,0.0,0.0,0,0,0,0,0,0,0,0
TF,RILOS,13.251989,2.527672,0, ,0.0,0.0,0.0,0.0,2,13000,0,0,0,0,0,0
TF,BISIK,13.373447,2.006261,0, ,0.0,0.0,0.0,0.0,2,2500,0,1,230,0,0,0

STAR,RILO1L,27L,5
IF,BOVDA,12.451533,3.630364, ,0.0,0.0,0,0,0,0,0,0,0,0
TF,RILOS,13.251989,2.527672,0, ,0.0,0.0,0.0,0.0,2,8000,0,0,0,0,0,0
TF,LILAM,13.492694,2.411417,0, ,0.0,0.0,0.0,0.0,2,2500,0,1,230,0,0,0

STAR,SORK1K,27L,5
IF,GAPAG,11.000000,0.325000, ,0.0,0.0,0,0,0,0,0,0,0,0
TF,SORKA,13.131208,1.936783,0, ,0.0,0.0,0.0,0.0,2,13000,0,0,0,0,0,0
TF,KELUT,13.392367,2.416267,0, ,0.0,0.0,0.0,0.0,2,2500,0,1,230,0,0,0

STAR,SORK1R,09R,5
IF,GAPAG,11.000000,0.325000, ,0.0,0.0,0,0,0,0,0,0,0,0
TF,SORKA,13.131208,1.936783,0, ,0.0,0.0,0.0,0.0,2,8000,0,0,0,0,0,0
TF,RITAT,13.473778,2.001361,0, ,0.0,0.0,0.0,0.0,2,2500,0,1,230,0,0,0

STAR,TATA1D,27L,2
IF,TATAT,11.000000,2.273333, ,0.0,0.0,0,0,0,0,0,0,0,0
TF,D179T,13.146444,2.215917,0, ,0.0,0.0,0.0,0.0,0,0,0,0,0,0,0,0
CI,0, ,0.0,359.0,0,0,0,0,0,0,0,0
AF,DESIS,13.316556,2.324528,1,NY,146.0,12.0,179.0,2,2500,0,0,0,0,0,0

STAR,TUPI1K,27L,5
IF,EDKAP,13.380889,0.842258, ,0.0,0.0,0,0,0,0,0,0,0,0
TF,TUPIS,13.449439,1.744031,0, ,0.0,0.0,0.0,0.0,2,15000,0,0,0,0,0,0
TF,KELUT,13.392367,2.416267,0, ,0.0,0.0,0.0,0.0,2,2500,0,1,230,0,0,0

STAR,TUPI1R,09R,5
IF,EDKAP,13.380889,0.842258, ,0.0,0.0,0,0,0,0,0,0,0,0
TF,TUPIS,13.449439,1.744031,0, ,0.0,0.0,0.0,0.0,2,7000,0,0,0,0,0,0
TF,RITAT,13.473778,2.001361,0, ,0.0,0.0,0.0,0.0,2,2500,0,1,230,0,0,0

STAR,UBOX1N,27L,2
IF,UBOXA,13.254328,-0.721178, ,0.0,0.0,0,0,0,0,0,0,0,0
TF,D266T,13.458417,1.865250,0, ,0.0,0.0,0.0,0.0,0,0,0,0,0,0,0,0
CI,0, ,0.0,87.0,0,0,0,0,0,0,0,0
AF,NUSOD,13.587500,2.381028,2,NY,59.0,12.0,267.0,2,2500,0,0,0,0,0,0

STAR,ULGA1M,27L,5
IF,LIPET,13.933056,-0.013889, ,0.0,0.0,0,0,0,0,0,0,0,0
TF,ULGAS,13.576722,1.753831,0, ,0.0,0.0,0.0,0.0,2,14000,0,0,0,0,0,0
TF,MOVID,13.593019,2.406561,0, ,0.0,0.0,0.0,0.0,2,2500,0,1,230,0,0,0

STAR,ULGA1R,09R,5
IF,LIPET,13.933056,-0.013889, ,0.0,0.0,0,0,0,0,0,0,0,0
TF,ULGAS,13.576722,1.753831,0, ,0.0,0.0,0.0,0.0,2,8000,0,0,0,0,0,0
TF,RITAT,13.473778,2.001361,0, ,0.0,0.0,0.0,0.0,2,2500,0,1,230,0,0,0

STAR,VOLT1D,27L,2
IF,VOLTI,12.161944,2.429167, ,0.0,0.0,0,0,0,0,0,0,0,0
TF,D172T,13.150833,2.262750,0, ,0.0,0.0,0.0,0.0,0,0,0,0,0,0,0,0
CI,0, ,0.0,352.0,0,0,0,0,0,0,0,0
AF,DESIS,13.316556,2.324528,1,NY,146.0,12.0,172.0,2,2500,0,0,0,0,0,0

STAR,VOXI1M,27L,5
IF,GALET,14.537500,1.360556, ,0.0,0.0,0,0,0,0,0,0,0,0
TF,VOXIL,13.828342,1.930675,0, ,0.0,0.0,0.0,0.0,2,12000,0,0,0,0,0,0
TF,MOVID,13.593019,2.406561,0, ,0.0,0.0,0.0,0.0,2,2500,0,1,230,0,0,0

STAR,VOXI1R,09R,5
IF,GALET,14.537500,1.360556, ,0.0,0.0,0,0,0,0,0,0,0,0
TF,VOXIL,13.828342,1.930675,0, ,0.0,0.0,0.0,0.0,2,9000,0,0,0,0,0,0
TF,RITAT,13.473778,2.001361,0, ,0.0,0.0,0.0,0.0,2,2500,0,1,230,0,0,0

APPTR,D09R,09R,GAMOX
IF,GAMOX,13.596278,2.038667, ,0.0,0.0,2,2500,0,0,0,0,1,0
AF,RN401,13.480347,2.001139,1,NY,270.8,12.0,306.0,2,2500,0,0,0,0,1,0

APPTR,D09R,09R,RN401
HF,RN401,13.480347,2.001139,2, ,0.0,0.0,91.0,05,2,2500,0,1,230,0,1,0,0

APPTR,D09R,09R,TIXEL
IF,TIXEL,13.339028,2.061833, ,0.0,0.0,2,2500,0,0,0,0,1,0
AF,RN401,13.480347,2.001139,2,NY,270.8,12.0,226.0,2,2500,0,0,0,0,1,0

FINAL,D09R,09R,D,3
IF,RN401,13.480347,2.001139,NY,270.8,12.0,2,2500,0,0,0,0,0,0
CF,FD09R,13.481083,2.076875,0,NY,271.0,7.6,91.0,4.4,2,2500,0,0,0,0,2,0
CF,MD09R,13.481114,2.155558,0,NY,271.0,3.0,91.0,4.6,1,1035,0,0,0,0,3,0
FA,MD09R,13.481114,2.155558,0,NY,0.0,0.0,91.0,2,2500,0,0,0,0,0,0
DF,TIXEL,13.339028,2.061833,2, ,0.0,0.0,1,2500,0,0,0,0,0,0

APPTR,D27L,27L,DESIS
IF,DESIS,13.316556,2.324528, ,0.0,0.0,2,2500,0,0,0,0,1,0
AF,SEPON,13.524278,2.407361,1,NY,78.6,12.0,146.0,2,2500,0,0,0,0,1,0

APPTR,D27L,27L,NUSOD
IF,NUSOD,13.587500,2.381028, ,0.0,0.0,2,2500,0,0,0,0,1,0
AF,SEPON,13.524278,2.407361,2,NY,78.6,12.0,59.0,2,2500,0,0,0,0,1,0

APPTR,D27L,27L,SEPON
HF,SEPON,13.524278,2.407361,1, ,0.0,0.0,259.0,05,2,2500,0,1,230,0,1,0,0

FINAL,D27L,27L,D,3
IF,SEPON,13.524278,2.407361,NY,78.6,12.0,2,2500,0,0,0,0,0,0
CF,FD27L,13.500444,2.296583,0,NY,78.6,5.4,259.0,6.6,2,2500,0,0,0,0,2,0
CF,MD27L,13.484250,2.221933,0,NY,79.0,0.9,259.0,4.5,1,1075,0,0,0,0,3,0
CF,NY,13.481119,2.206875,0,NY,0.0,0.0,259.0,0.9,0,0,0,0,0,0,0,0
FD,NY,13.481119,2.206875,0,NY,0.0,3.0,271.0,3.0,0,0,0,0,0,0,0,0
DF,DESIS,13.316556,2.324528,1, ,0.0,0.0,1,2500,0,0,0,0,0,0

APPTR,I09RX,09R,BISIK
IF,BISIK,13.373447,2.006261, ,0.0,0.0,2,2500,0,1,230,0,1,0
TF,RITAT,13.473778,2.001361,0,NM,0.0,0.0,0.0,0.0,2,2500,0,1,230,0,1,0

APPTR,I09RX,09R,POXAS
IF,POXAS,13.574081,1.996428, ,0.0,0.0,2,2500,0,1,230,0,1,0
TF,RITAT,13.473778,2.001361,0,NM,0.0,0.0,0.0,0.0,2,2500,0,1,230,0,1,0

APPTR,I09RX,09R,RITAT
HF,RITAT,13.473778,2.001361,2, ,0.0,0.0,88.0,04.3,2,2500,0,1,230,0,1,0,0

FINAL,I09RX,09R,I,3
IF,RITAT,13.473778,2.001361,NM,268.3,12.1,2,2500,0,1,230,0,0,0
CF,RN501,13.477306,2.076972,0,NM,268.3,7.7,88.0,4.4,1,2500,0,0,0,0,2,0
CF,RW09R,13.481611,2.169414,0,NM,268.3,2.3,88.0,5.4,1,777,0,0,0,0,3,1
TF,RN502,13.485556,2.254833,0, ,0.0,0.0,0.0,0.0,0,0,0,0,0,0,0,1
DF,BISIK,13.373447,2.006261,2, ,0.0,0.0,2,2500,0,0,0,0,0,0

APPTR,I09RZ,09R,GAMO1
IF,GAMOX,13.596278,2.038667, ,0.0,0.0,2,2500,0,0,0,0,1,0
AF,D280L,13.512461,2.004111,1,NY,280.0,12.0,306.0,2,2500,0,0,0,0,0,0
VI,0,NM,0.0,118.0,0,0,0,0,0,0,0,0

APPTR,I09RZ,09R,GAMO2
IF,GAMOX,13.596278,2.038667, ,0.0,0.0,2,2500,0,0,0,0,1,0
AF,D275L,13.495047,2.002100,1,NY,275.0,12.0,306.0,2,2500,0,0,0,0,0,0
VI,0,NM,0.0,118.0,0,0,0,0,0,0,0,0

APPTR,I09RZ,09R,RITAT
HF,RITAT,13.473778,2.001361,2, ,0.0,0.0,88.0,05,2,2500,0,1,230,0,1,0,0

APPTR,I09RZ,09R,TIXE1
IF,TIXEL,13.339028,2.061833, ,0.0,0.0,2,2500,0,0,0,0,1,0
AF,D258L,13.435850,2.006908,2,NY,258.0,12.0,226.0,2,2500,0,0,0,0,0,0
VI,0,NM,0.0,58.0,0,0,0,0,0,0,0,0

APPTR,I09RZ,09R,TIXE2
IF,TIXEL,13.339028,2.061833, ,0.0,0.0,2,2500,0,0,0,0,1,0
AF,D263L,13.453078,2.003631,2,NY,263.0,12.0,226.0,2,2500,0,0,0,0,0,0
VI,0,NM,0.0,58.0,0,0,0,0,0,0,0,0

FINAL,I09RZ,09R,I,3
IF,RITAT,13.473778,2.001361,NM,268.3,12.1,2,2500,0,0,0,0,0,0
CF,FI09R,13.477306,2.076856,0,NM,268.3,7.7,88.0,4.4,1,2500,0,0,0,0,2,0
CF,RW09R,13.481611,2.169414,0,NM,268.3,2.3,88.0,5.4,1,777,0,0,0,0,3,0
FA,RW09R,13.481611,2.169414,0,NY,0.0,0.0,88.0,2,2500,0,0,0,0,0,0
CI,2, ,0.0,283.0,0,0,0,0,0,0,0,0
FD,NY,13.481119,2.206875,0,NY,0.0,17.0,253.0,17.0,0,0,0,0,0,0,0,0
CF,RITAT,13.473778,2.001361,2,NY,268.9,12.0,88.0,5.0,1,2500,0,0,0,0,0,0

APPTR,R09L,09L,AMKOT
HF,AMKOT,13.476839,2.001200,2, ,0.0,0.0,88.0,04.3,2,2500,0,1,230,0,1,0,0

APPTR,R09L,09L,BISIK
IF,BISIK,13.373447,2.006261, ,0.0,0.0,2,2500,0,1,230,0,1,0
TF,AMKOT,13.476839,2.001200,0, ,0.0,0.0,0.0,0.0,2,2500,0,1,230,0,1,0

APPTR,R09L,09L,POXAS
IF,POXAS,13.574081,1.996428, ,0.0,0.0,2,2500,0,1,230,0,1,0
TF,AMKOT,13.476839,2.001200,0, ,0.0,0.0,0.0,0.0,2,2500,0,1,230,0,1,0

FINAL,R09L,09L,R,3
IF,AMKOT,13.476839,2.001200, ,0.0,0.0,2,2500,0,1,230,0,0,0
TF,RN505,13.480553,2.080475,0, ,0.0,0.0,88.0,4.6,1,2500,0,0,0,0,2,0
TF,RW09L,13.484850,2.172903,0, ,0.0,0.0,88.0,5.4,1,777,0,0,0,0,3,1
TF,RN506,13.488792,2.258336,0, ,0.0,0.0,0.0,0.0,0,0,0,0,0,0,0,1
DF,BISIK,13.373447,2.006261,2, ,0.0,0.0,2,2500,0,0,0,0,0,0

APPTR,R09R,09R,BISIK
IF,BISIK,13.373447,2.006261, ,0.0,0.0,2,2500,0,1,230,0,1,0
TF,RITAT,13.473778,2.001361,0, ,0.0,0.0,0.0,0.0,2,2500,0,1,230,0,1,0

APPTR,R09R,09R,POXAS
IF,POXAS,13.574081,1.996428, ,0.0,0.0,2,2500,0,1,230,0,1,0
TF,RITAT,13.473778,2.001361,0, ,0.0,0.0,0.0,0.0,2,2500,0,1,230,0,1,0

APPTR,R09R,09R,RITAT
HF,RITAT,13.473778,2.001361,2, ,0.0,0.0,88.0,04.3,2,2500,0,1,230,0,1,0,0

FINAL,R09R,09R,R,3
IF,RITAT,13.473778,2.001361, ,0.0,0.0,2,2500,0,1,230,0,0,0
TF,RN501,13.477306,2.076972,0, ,0.0,0.0,88.0,4.4,1,2500,0,0,0,0,2,0
TF,RW09R,13.481611,2.169414,0, ,0.0,0.0,88.0,5.4,1,777,0,0,0,0,3,1
TF,RN502,13.485556,2.254833,0, ,0.0,0.0,0.0,0.0,0,0,0,0,0,0,0,1
DF,BISIK,13.373447,2.006261,2, ,0.0,0.0,2,2500,0,0,0,0,0,0

APPTR,R27L,27L,KELUT
IF,KELUT,13.392367,2.416267, ,0.0,0.0,2,2500,0,1,230,0,1,0
TF,LILAM,13.492694,2.411417,0, ,0.0,0.0,0.0,0.0,2,2500,0,1,230,0,1,0

APPTR,R27L,27L,LILAM
HF,LILAM,13.492694,2.411417,1, ,0.0,0.0,268.0,04.3,2,2500,0,1,230,0,1,0,0

APPTR,R27L,27L,MOVID
IF,MOVID,13.593019,2.406561, ,0.0,0.0,2,2500,0,1,230,0,1,0
TF,LILAM,13.492694,2.411417,0, ,0.0,0.0,0.0,0.0,2,2500,0,1,230,0,1,0

FINAL,R27L,27L,R,3
IF,LILAM,13.492694,2.411417, ,0.0,0.0,2,2500,0,1,230,0,0,0
TF,RN503,13.487544,2.298261,0, ,0.0,0.0,268.0,6.6,1,2500,0,0,0,0,2,0
TF,RW27L,13.483233,2.204500,0, ,0.0,0.0,268.0,5.5,1,752,0,0,0,0,3,1
TF,RN504,13.479275,2.119069,0, ,0.0,0.0,0.0,0.0,0,0,0,0,0,0,0,1
DF,KELUT,13.392367,2.416267,1, ,0.0,0.0,2,2500,0,0,0,0,0,0

APPTR,R27R,27R,INESA
HF,INESA,13.495769,2.411233,1, ,0.0,0.0,268.0,04.3,2,2500,0,1,230,0,1,0,0

APPTR,R27R,27R,KELUT
IF,KELUT,13.392367,2.416267, ,0.0,0.0,2,2500,0,1,230,0,1,0
TF,INESA,13.495769,2.411233,0, ,0.0,0.0,0.0,0.0,2,2500,0,1,230,0,1,0

APPTR,R27R,27R,MOVID
IF,MOVID,13.593019,2.406561, ,0.0,0.0,2,2500,0,1,230,0,1,0
TF,INESA,13.495769,2.411233,0, ,0.0,0.0,0.0,0.0,2,2500,0,1,230,0,1,0

FINAL,R27R,27R,R,3
IF,INESA,13.495769,2.411233, ,0.0,0.0,2,2500,0,1,230,0,0,0
TF,RN507,13.490442,2.294447,0, ,0.0,0.0,268.0,6.8,1,2500,0,0,0,0,2,0
TF,RW27R,13.486131,2.200581,0, ,0.0,0.0,268.0,5.5,1,750,0,0,0,0,3,1
TF,RN508,13.482175,2.115150,0, ,0.0,0.0,0.0,0.0,0,0,0,0,0,0,0,1
DF,KELUT,13.392367,2.416267,1, ,0.0,0.0,2,2500,0,0,0,0,0,0

