FINAL,N05,05,N,2
IF,FF05,13.727231,8.913556,IN,0.0,0.0,2,3000,0,0,0,0,2,0
CF,RW05,13.774000,8.977028,0,IN,0.0,0.0,52.0,4.6,1,1522,0,0,0,0,3,0
TF,IN,13.789494,8.997836,0, ,0.0,0.0,0.0,0.0,0,0,0,0,0,0,0,1
CA,0,52.0,2,3000,0,0,0,0,0,0
DF,IN,13.789494,8.997836,2, ,0.0,0.0,1,3500,0,1,230,0,0,0

FINAL,N23,23,N,2
IF,FF23,13.846933,9.076119,IN,0.0,0.0,2,3500,0,0,0,0,2,0
CF,IN,13.789494,8.997836,0,IN,0.0,0.0,232.0,5.7,1,1681,0,0,0,0,3,0
CA,0,232.0,2,3000,0,0,0,0,0,0
DF,IN,13.789494,8.997836,1, ,0.0,0.0,1,3500,0,1,230,0,0,0

APPTR,R05,05,AMPAT
IF,AMPAT,13.725536,8.770728, ,0.0,0.0,2,3500,0,1,230,0,1,0
TF,GALVO,13.658986,8.822642,0, ,0.0,0.0,0.0,0.0,2,3500,0,1,230,0,1,0

APPTR,R05,05,GALVO
HF,GALVO,13.658986,8.822642,2, ,0.0,0.0,52.0,04.3,2,3500,0,1,230,0,1,0,0

APPTR,R05,05,LIMOD
IF,LIMOD,13.592425,8.874525, ,0.0,0.0,2,3500,0,1,230,0,1,0
TF,GALVO,13.658986,8.822642,0, ,0.0,0.0,0.0,0.0,2,3500,0,1,230,0,1,0

FINAL,R05,05,R,3
IF,GALVO,13.658986,8.822642, ,0.0,0.0,2,3500,0,1,230,0,0,0
TF,ZR501,13.710944,8.892350,0, ,0.0,0.0,52.0,5.1,1,3500,0,0,0,0,2,0
TF,RW05,13.774000,8.977028,0, ,0.0,0.0,52.0,6.2,1,1522,0,0,0,0,3,1
CF,ZR502,13.824744,9.045222,0,ZR,51.7,5.3,52.0,5.0,0,0,0,1,230,0,0,1
DF,LIMOD,13.592425,8.874525,2, ,0.0,0.0,2,3500,0,1,230,0,0,0

APPTR,R23,23,MOPAV
HF,MOPAV,13.902222,9.149461,1, ,0.0,0.0,232.0,04.3,2,3500,0,1,230,0,1,0,0

APPTR,R23,23,PONAK
IF,PONAK,13.835592,9.201306, ,0.0,0.0,2,3500,0,1,230,0,1,0
TF,MOPAV,13.902222,9.149461,0, ,0.0,0.0,0.0,0.0,2,3500,0,1,230,0,1,0

APPTR,R23,23,SETOG
IF,SETOG,13.968839,9.097586, ,0.0,0.0,2,3500,0,1,230,0,1,0
TF,MOPAV,13.902222,9.149461,0, ,0.0,0.0,0.0,0.0,2,3500,0,1,230,0,1,0

FINAL,R23,23,R,3
IF,MOPAV,13.902222,9.149461, ,0.0,0.0,2,3500,0,1,230,0,0,0
TF,ZR503,13.847497,9.075822,0, ,0.0,0.0,232.0,5.4,1,3500,0,0,0,0,2,0
TF,RW23,13.785506,8.992483,0, ,0.0,0.0,232.0,6.1,1,1555,0,0,0,0,3,1
CF,ZR504,13.734769,8.924333,0,ZR,231.7,3.5,232.0,5.0,0,0,0,1,230,0,0,1
DF,PONAK,13.835592,9.201306,1, ,0.0,0.0,2,3500,0,1,230,0,0,0

FINAL,V05,05,D,2
IF,FF05,13.727231,8.913556,ZR,232.0,4.3,2,3000,0,0,0,0,2,0
CF,ZR,13.770578,8.972389,0,ZR,0.0,0.0,52.0,4.3,1,1631,0,0,0,0,3,0
CA,0,52.0,2,3000,0,0,0,0,0,0
DF,ZR,13.770578,8.972389,2, ,0.0,0.0,1,3500,0,1,230,0,0,0

FINAL,V23,23,D,2
IF,FF23,13.846933,9.076119,ZR,52.0,7.6,2,3500,0,0,0,0,2,0
CF,RW23,13.785506,8.992483,0,ZR,51.8,1.5,232.0,6.1,1,1555,0,0,0,0,3,0
CF,ZR,13.770578,8.972389,0,ZR,0.0,0.0,232.0,1.5,0,0,0,0,0,0,0,1
FA,ZR,13.770578,8.972389,0,ZR,0.0,0.0,232.0,2,3000,0,0,0,0,0,0
DF,ZR,13.770578,8.972389,1, ,0.0,0.0,1,3500,0,1,230,0,0,0

