SID,BE04C,04L,2
CD, ,0,0,0,BBE,0,0.0,37.0,1.0,3,1000,0,1,120,0,0,0
CD, ,0,0,0,BBE,0,0.0,37.0,3.0,0,0,0,0,0,0,0,0
CF,D128F,50.692589,4.889217,2,HUL,108.8,10.0,183.0,5.0,1,3000,0,0,0,0,0,0
TF,D128I,50.660406,4.949328,0, ,0.0,0.0,0.0,0.0,4,4000,3000,0,0,0,0,0

SID,BE04D,04L,2
CD, ,0,0,0,BBE,0,0.0,37.0,1.0,3,1000,0,1,120,0,0,0
CD, ,0,0,0,BBE,0,0.0,37.0,3.0,0,0,0,0,0,0,0,0
CF,D128F,50.692589,4.889217,2,HUL,108.8,10.0,183.0,5.0,1,3000,0,0,0,0,0,0
TF,D128L,50.628194,5.009356,0, ,0.0,0.0,0.0,0.0,4,4000,3000,0,0,0,0,0
TF,D141Q,50.530519,5.035986,0, ,0.0,0.0,0.0,0.0,3,4500,0,0,0,0,0,0

SID,BE04F,04L,5
CF,BE408,50.770000,4.783333,0,BBE,33.1,1.0,37.0,1.0,3,1000,0,0,0,0,0,0
TF,BE409,50.796667,4.816667,0, ,0.0,0.0,0.0,0.0,0,0,0,0,0,0,0,1
TF,BE600,50.693333,4.890000,2, ,0.0,0.0,0.0,0.0,1,3000,0,0,0,0,0,0
TF,BE900,50.660000,4.950000,0, ,0.0,0.0,0.0,0.0,4,4000,3000,0,0,0,0,0

SID,BE22C,22R,2
CD, ,0,0,0,BBE,0,0.0,217.0,1.0,3,1000,0,1,120,0,0,0
CD, ,0,0,0,BBE,0,0.0,217.0,3.0,0,0,0,0,0,0,0,0
CF,D128F,50.692589,4.889217,1,HUL,108.8,10.0,83.0,6.0,1,3000,0,0,0,0,0,0
TF,D128I,50.660406,4.949328,0, ,0.0,0.0,0.0,0.0,4,4000,3000,0,0,0,0,0

SID,BE22D,22R,2
CD, ,0,0,0,BBE,0,0.0,217.0,1.0,3,1000,0,1,120,0,0,0
CD, ,0,0,0,BBE,0,0.0,217.0,3.0,0,0,0,0,0,0,0,0
CF,D128F,50.692589,4.889217,1,HUL,108.8,10.0,83.0,5.0,1,3000,0,0,0,0,0,0
TF,D128L,50.628194,5.009356,0, ,0.0,0.0,0.0,0.0,4,4000,3000,0,0,0,0,0
TF,D141Q,50.530519,5.035986,0, ,0.0,0.0,0.0,0.0,3,4500,0,0,0,0,0,0

SID,BE22F,22R,5
CF,BE503,50.745000,4.750000,0,BBE,223.1,1.0,217.0,1.0,3,1000,0,0,0,0,0,0
TF,BE504,50.718333,4.718333,0, ,0.0,0.0,0.0,0.0,0,0,0,0,0,0,0,1
TF,BE600,50.693333,4.890000,1, ,0.0,0.0,0.0,0.0,1,3000,0,0,0,0,0,0
TF,BE900,50.660000,4.950000,0, ,0.0,0.0,0.0,0.0,4,4000,3000,0,0,0,0,0

SID,HPM04A,04L,2
CD, ,0,0,0,BBE,0,0.0,37.0,1.0,3,1000,0,1,300,0,0,0
CD, ,0,0,0,BBE,0,0.0,37.0,5.0,0,0,0,0,0,0,0,0
CF,D073M,50.812408,5.098711,0,BBE,73.0,13.0,98.0,9.0,1,4000,0,0,0,0,0,0
TF,D073V,50.850317,5.327603,0, ,0.0,0.0,0.0,0.0,1,4000,0,0,0,0,0,1
CF,D189L,50.971411,5.403711,0,HUL,64.0,31.9,9.0,7.0,0,0,0,0,0,0,0,0
TF,BBL,51.167778,5.471056,0, ,0.0,0.0,0.0,0.0,0,0,0,0,0,0,0,0

SID,HPM04B,04L,2
CD, ,0,0,0,BBE,0,0.0,37.0,1.0,3,1000,0,1,300,0,0,0
CD, ,0,0,0,BBE,0,0.0,37.0,5.0,0,0,0,0,0,0,0,0
CF,D073M,50.812408,5.098711,0,BBE,73.0,13.0,98.0,9.0,1,4000,0,0,0,0,0,0
TF,D073V,50.850317,5.327603,0, ,0.0,0.0,0.0,0.0,1,4000,0,0,0,0,0,0
TF,BBE30,50.883636,5.531372,0, ,0.0,0.0,0.0,0.0,0,0,0,0,0,0,0,1
VI,0, ,0.0,46.0,0,0,0,0,0,0,0,0
CF,VKL38,51.023711,5.654481,0,HUL,65.4,41.9,1.0,5.0,3,8000,0,0,0,0,0,0
TF,VKL33,51.106839,5.661306,0, ,0.0,0.0,0.0,0.0,0,0,0,0,0,0,0,0

SID,HPM04E,04L,2
CD, ,0,0,0,BBE,0,0.0,37.0,1.0,3,1000,0,1,300,0,0,0
CD, ,0,0,0,BBE,0,0.0,37.0,3.0,0,0,0,0,0,0,0,0
CI,2, ,0.0,228.0,0,0,0,0,0,0,0,0
CF,D186H,50.624964,4.739608,0,HUL,152.4,8.4,186.0,4.0,1,4000,0,0,0,0,0,0
TF,D186R,50.460081,4.703411,0, ,0.0,0.0,0.0,0.0,2,8000,0,0,0,0,0,0

SID,HPM22A,22R,2
CD, ,0,0,0,BBE,0,0.0,217.0,1.0,3,1000,0,1,300,0,0,0
CD, ,0,0,0,BBE,0,0.0,217.0,3.0,0,0,0,0,0,0,0,0
CR,1,BBE,148.0,38.0,1,4000,0,0,0,0,0,0
CI,0, ,0.0,38.0,0,0,0,0,0,0,0,0
CF,D073M,50.812408,5.098711,0,HUL,76.6,17.8,73.0,7.0,1,4000,0,0,0,0,0,0
TF,D073V,50.850317,5.327603,0, ,0.0,0.0,0.0,0.0,1,4000,0,0,0,0,0,1
CF,D189L,50.971411,5.403711,0,HUL,64.0,31.9,9.0,7.0,0,0,0,0,0,0,0,0
TF,BBL,51.167778,5.471056,0, ,0.0,0.0,0.0,0.0,0,0,0,0,0,0,0,0

SID,HPM22B,22R,2
CD, ,0,0,0,BBE,0,0.0,217.0,1.0,3,1000,0,1,300,0,0,0
CD, ,0,0,0,BBE,0,0.0,217.0,3.0,0,0,0,0,0,0,0,0
CR,1,BBE,148.0,38.0,1,4000,0,0,0,0,0,0
CI,0, ,0.0,38.0,0,0,0,0,0,0,0,0
CF,D073M,50.812408,5.098711,0,HUL,76.6,17.8,73.0,7.0,1,4000,0,0,0,0,0,0
TF,D073V,50.850317,5.327603,0, ,0.0,0.0,0.0,0.0,1,4000,0,0,0,0,0,0
TF,BBE30,50.883636,5.531372,0, ,0.0,0.0,0.0,0.0,0,0,0,0,0,0,0,1
VI,0, ,0.0,46.0,0,0,0,0,0,0,0,0
CF,VKL38,51.023711,5.654481,0,HUL,65.4,41.9,1.0,5.0,3,8000,0,0,0,0,0,0
TF,VKL33,51.106839,5.661306,0, ,0.0,0.0,0.0,0.0,0,0,0,0,0,0,0,0

SID,HPM22E,22R,2
CD, ,0,0,0,BBE,0,0.0,217.0,1.0,3,1000,0,1,300,0,0,0
CD, ,0,0,0,BBE,0,0.0,217.0,3.0,0,0,0,0,0,0,0,0
CI,0, ,0.0,148.0,0,0,0,0,0,0,0,0
CF,D186H,50.624964,4.739608,0,HUL,152.4,8.4,186.0,2.0,1,4000,0,0,0,0,0,0
TF,D186R,50.460081,4.703411,0, ,0.0,0.0,0.0,0.0,2,8000,0,0,0,0,0,0

APPTR,I04LW,04L,BE500
IF,BE500,50.703333,4.873667, ,0.0,0.0,4,4000,3000,0,0,0,1,0
TF,BE508,50.615333,4.761333,0, ,0.0,0.0,0.0,0.0,1,3000,0,0,0,0,0,0
TF,BE507,50.654000,4.635833,0,IBEV,0.0,0.0,0.0,0.0,2,2200,0,0,0,0,1,0

FINAL,I04LW,04L,I,3
IF,BE507,50.654000,4.635833,IBEV,216.8,8.9,2,2200,0,0,0,0,0,0
CF,FI04L,50.712369,4.709578,0,IBEV,216.8,4.4,37.0,4.5,1,1300,0,0,0,0,2,0
CF,RW04L,50.749378,4.756436,0,IBEV,216.8,1.5,37.0,2.9,1,399,0,0,0,0,3,0
TF,BE505,50.784667,4.801167,0, ,0.0,0.0,0.0,0.0,3,1000,0,0,0,0,0,0
TF,BE403,50.829333,4.858167,0, ,0.0,0.0,0.0,0.0,0,0,0,0,0,0,0,0
TF,BE400,50.775000,4.964333,0, ,0.0,0.0,0.0,0.0,0,0,0,0,0,0,0,0
TF,BE500,50.703333,4.873667,0, ,0.0,0.0,0.0,0.0,2,3000,0,1,190,0,0,0

APPTR,I04LY,04L,D208B
IF,D208B,50.728000,4.742500, ,0.0,0.0,4,3500,3000,0,0,0,1,0
FD,D208B,50.728000,4.742500,0,BBE,208.0,7.5,208.0,7.5,4,2500,2200,0,0,0,0,0
CF,CF4LY,50.660428,4.643978,2,IBEV,216.8,8.4,37.0,1.0,3,2500,0,0,0,0,0,0

FINAL,I04LY,04L,I,3
IF,CF4LY,50.660428,4.643978,IBEV,216.8,8.4,2,2200,0,0,0,0,0,0
CF,FF04L,50.692894,4.684961,0,IBEV,216.8,5.9,37.0,2.5,1,1800,0,0,0,0,2,0
CF,RW04L,50.749378,4.756436,0,IBEV,216.8,1.5,37.0,4.4,1,399,0,0,0,0,3,0
CA,0,37.0,2,1000,0,0,0,0,0,0
CF,D033B,50.784131,4.798875,0,BBE,33.0,2.0,33.0,2.0,1,1000,0,0,0,0,0,0
FD,D033B,50.784131,4.798875,0,BBE,33.0,3.0,33.0,3.0,0,0,0,0,0,0,0,0
CA,0,33.0,2,1500,0,0,0,0,0,0
DF,BBE,50.756861,4.768750,2, ,0.0,0.0,1,3000,0,0,0,0,0,0
TF,D208B,50.728000,4.742500,0, ,0.0,0.0,0.0,0.0,0,0,0,0,0,0,0,0

APPTR,I04LZ,04L,D113H
IF,D113H,50.700500,4.958833, ,0.0,0.0,4,4000,3000,0,0,0,1,0
AF,D133H,50.662589,4.916922,2,BBE,133.0,8.0,113.0,1,3000,0,0,0,0,0,0
AF,D190H,50.626575,4.725214,2,BBE,190.0,8.0,133.0,1,3000,0,0,0,0,0,0
AF,D207H,50.640328,4.667206,2,BBE,207.0,8.0,190.0,2,2200,0,0,0,0,1,0
CI,0,IBEV,0.0,7.0,0,0,0,0,0,0,0,0

FINAL,I04LZ,04L,I,3
IF,CF4LZ,50.653931,4.635786,IBEV,216.8,8.9,2,2200,0,0,0,0,0,0
CF,FF04L,50.692894,4.684961,0,IBEV,216.8,5.9,37.0,3.0,1,1800,0,0,0,0,2,0
CF,RW04L,50.749378,4.756436,0,IBEV,216.8,1.5,37.0,4.4,1,399,0,0,0,0,3,0
CA,0,37.0,2,1000,0,0,0,0,0,0
CF,D033B,50.784131,4.798875,0,BBE,33.0,2.0,33.0,2.0,1,1000,0,0,0,0,0,0
FD,D033B,50.784131,4.798875,0,BBE,33.0,3.0,33.0,3.0,0,0,0,0,0,0,0,0
CA,0,33.0,2,1500,0,0,0,0,0,0
DF,D113H,50.700500,4.958833,2, ,0.0,0.0,1,3000,0,1,250,0,0,0

APPTR,I22RW,22R,BE400
IF,BE400,50.775000,4.964333, ,0.0,0.0,4,4000,3000,0,0,0,1,0
TF,BE401,50.839667,5.047000,0, ,0.0,0.0,0.0,0.0,4,3000,2500,0,0,0,0,0
TF,BE402,50.894167,4.940667,0,IBBE,0.0,0.0,0.0,0.0,2,1900,0,0,0,0,1,0

FINAL,I22RW,22R,I,3
IF,BE402,50.894167,4.940667,IBBE,36.8,11.4,2,1900,0,0,0,0,0,0
CF,FF22R,50.829017,4.857633,0,IBBE,36.8,6.4,217.0,5.0,1,1900,0,0,0,0,2,0
CF,RW22R,50.766042,4.777575,0,IBBE,36.8,1.5,217.0,4.9,1,365,0,0,0,0,3,0
TF,BE411,50.732500,4.734833,0, ,0.0,0.0,0.0,0.0,3,1000,0,0,0,0,0,0
TF,BE405,50.701167,4.695333,0, ,0.0,0.0,0.0,0.0,0,0,0,0,0,0,0,0
TF,BE415,50.647000,4.801500,0, ,0.0,0.0,0.0,0.0,0,0,0,0,0,0,0,0
TF,BE400,50.775000,4.964333,0, ,0.0,0.0,0.0,0.0,2,3000,0,1,190,0,0,1

APPTR,I22RX,22R,FLO
IF,FLO,50.876667,5.134528, ,0.0,0.0,1,3000,0,0,0,0,1,0
FD,FLO,50.876667,5.134528,0,FLO,0.0,1.5,260.0,1.5,2,2500,0,0,0,0,0,0
CF,CF2RX,50.854931,4.890656,0,IBBE,36.8,8.4,260.0,7.9,1,1900,0,0,0,0,1,0

FINAL,I22RX,22R,I,3
IF,CF2RX,50.854931,4.890656,IBBE,36.8,8.4,1,1900,0,0,0,0,0,0
CF,FF22R,50.829017,4.857633,0,IBBE,36.8,6.4,217.0,2.0,1,1900,0,0,0,0,2,0
CF,RW22R,50.766042,4.777575,0,IBBE,36.8,1.5,217.0,4.9,1,365,0,0,0,0,3,0
CF,D217B,50.731850,4.734103,0,BBE,219.3,2.0,217.0,2.6,1,1000,0,0,0,0,0,0
FD,D217B,50.731850,4.734103,0,BBE,219.3,3.0,217.0,3.0,0,0,0,0,0,0,0,0
CA,0,217.0,2,1500,0,0,0,0,0,0
DF,FLO,50.876667,5.134528,1, ,0.0,0.0,1,3000,0,0,0,0,0,0

APPTR,I22RY,22R,D047B
IF,D047B,50.778667,4.808333, ,0.0,0.0,4,4000,3000,0,0,0,1,0
FD,D047B,50.778667,4.808333,0,BBE,47.0,7.0,47.0,7.0,4,2500,1900,0,0,0,0,0
CF,CF2RY,50.848453,4.882397,1,IBBE,36.8,7.9,217.0,1.0,2,1900,0,0,0,0,0,0

FINAL,I22RY,22R,I,3
IF,CF2RY,50.848453,4.882397,IBBE,36.8,7.9,2,1900,0,0,0,0,0,0
CF,FF22R,50.829017,4.857633,0,IBBE,36.8,6.4,217.0,1.5,1,1900,0,0,0,0,2,0
CF,RW22R,50.766042,4.777575,0,IBBE,36.8,1.5,217.0,4.9,1,365,0,0,0,0,3,0
CA,0,217.0,2,1000,0,0,0,0,0,0
CF,D223B,50.733308,4.731650,0,BBE,223.0,2.0,223.0,2.0,1,1000,0,0,0,0,0,0
FD,D223B,50.733308,4.731650,0,BBE,223.0,3.0,223.0,3.0,0,0,0,0,0,0,0,0
CA,0,223.0,2,1500,0,0,0,0,0,0
DF,D047B,50.778667,4.808333,1, ,0.0,0.0,1,3000,0,0,0,0,0,0

APPTR,I22RZ,22R,BE020
IF,BE020,50.513167,4.412667, ,0.0,0.0,4,9000,8000,0,0,0,1,0
CF,D221P,50.561694,4.483539,0,BBE,221.0,16.0,41.0,4.0,1,6000,0,0,0,0,0,0
CF,D221L,50.610550,4.554619,0,BBE,221.0,12.0,41.0,4.0,1,4000,0,0,0,0,0,0
CF,D221J,50.634964,4.590214,0,BBE,221.0,10.0,41.0,2.0,4,4000,3000,0,0,0,0,0
CF,BBE,50.756861,4.768750,0,BBE,0.0,0.0,41.0,10.0,0,0,0,0,0,0,0,1
CF,D068B,50.768167,4.818000,0,BBE,68.1,2.0,67.0,2.0,4,4000,3000,0,0,0,0,0
FD,D068B,50.768167,4.818000,0,BBE,68.1,8.0,68.0,8.0,4,2500,1900,0,0,0,0,0
CF,CF2RZ,50.861406,4.898919,1,IBBE,36.8,8.9,217.0,1.0,2,1900,0,0,0,0,0,0

APPTR,I22RZ,22R,D068B
IF,D068B,50.768167,4.818000, ,0.0,0.0,4,4000,3000,0,0,0,1,0
FD,D068B,50.768167,4.818000,0,BBE,68.1,8.0,68.0,8.0,4,2500,1900,0,0,0,0,0
CF,CF2RZ,50.861406,4.898919,1,IBBE,36.8,8.9,217.0,1.0,2,1900,0,0,0,0,0,0

FINAL,I22RZ,22R,I,3
IF,CF2RZ,50.861406,4.898919,IBBE,36.8,8.9,2,1900,0,0,0,0,0,0
CF,FF22R,50.829017,4.857633,0,IBBE,36.8,6.4,217.0,2.5,1,1900,0,0,0,0,2,0
CF,RW22R,50.766042,4.777575,0,IBBE,36.8,1.5,217.0,4.9,1,365,0,0,0,0,3,0
CA,0,217.0,2,1000,0,0,0,0,0,0
CF,D223B,50.733308,4.731650,0,BBE,223.0,2.0,223.0,2.5,1,1000,0,0,0,0,0,0
FD,D223B,50.733308,4.731650,0,BBE,223.0,3.0,223.0,3.0,0,0,0,0,0,0,0,0
CI,1, ,0.0,20.0,0,0,0,0,0,0,0,0
CF,D068H,50.802244,4.966244,0,BBE,68.0,8.0,68.0,5.0,1,3000,0,1,220,0,0,0

APPTR,R04L,04L,BE500
IF,BE500,50.703333,4.873667, ,0.0,0.0,4,4000,3000,0,0,0,1,0
TF,BE508,50.615333,4.761333,0, ,0.0,0.0,0.0,0.0,1,3000,0,0,0,0,0,0
TF,BE507,50.654000,4.635833,0, ,0.0,0.0,0.0,0.0,2,2200,0,0,0,0,1,0

FINAL,R04L,04L,R,3
IF,BE507,50.654000,4.635833, ,0.0,0.0,2,2200,0,0,0,0,0,0
TF,BE511,50.712833,4.709833,0, ,0.0,0.0,37.0,4.5,1,1300,0,0,0,0,2,0
TF,RW04L,50.749378,4.756436,0, ,0.0,0.0,37.0,2.8,1,399,0,0,0,0,3,1
TF,BE505,50.784667,4.801167,0, ,0.0,0.0,0.0,0.0,3,1000,0,1,190,0,0,0
TF,BE403,50.829333,4.858167,0, ,0.0,0.0,0.0,0.0,2,1450,0,1,190,0,0,0
TF,BE400,50.775000,4.964333,0, ,0.0,0.0,0.0,0.0,2,2100,0,1,190,0,0,0
TF,BE500,50.703333,4.873667,0, ,0.0,0.0,0.0,0.0,2,3000,0,1,190,0,0,1

APPTR,R04R,04R,BE500
IF,BE500,50.703333,4.873667, ,0.0,0.0,4,4000,3000,0,0,0,1,0
TF,BE508,50.615333,4.761333,0, ,0.0,0.0,0.0,0.0,1,3000,0,0,0,0,0,0
TF,BE513,50.652500,4.640667,0, ,0.0,0.0,0.0,0.0,2,2200,0,0,0,0,1,0

FINAL,R04R,04R,R,3
IF,BE513,50.652500,4.640667, ,0.0,0.0,2,2200,0,0,0,0,0,0
TF,BE512,50.710500,4.713833,0, ,0.0,0.0,37.0,4.5,1,1300,0,0,0,0,2,0
TF,RW04R,50.747094,4.760175,0, ,0.0,0.0,37.0,2.8,1,412,0,0,0,0,3,1
TF,BE509,50.782500,4.805333,0, ,0.0,0.0,0.0,0.0,3,1000,0,1,190,0,0,0
TF,BE510,50.827333,4.862167,0, ,0.0,0.0,0.0,0.0,2,1460,0,1,190,0,0,0
TF,BE400,50.775000,4.964333,0, ,0.0,0.0,0.0,0.0,2,2080,0,1,190,0,0,0
TF,BE500,50.703333,4.873667,0, ,0.0,0.0,0.0,0.0,2,3000,0,1,190,0,0,1

APPTR,R22L,22L,BE400
IF,BE400,50.775000,4.964333, ,0.0,0.0,4,4000,3000,0,0,0,1,0
TF,BE401,50.839667,5.047000,0, ,0.0,0.0,0.0,0.0,4,3000,2500,0,0,0,0,0
TF,BE407,50.892167,4.944667,0, ,0.0,0.0,0.0,0.0,2,2500,0,0,0,0,1,0

FINAL,R22L,22L,R,3
IF,BE407,50.892167,4.944667, ,0.0,0.0,2,2500,0,0,0,0,0,0
TF,BE416,50.825667,4.860000,0, ,0.0,0.0,217.0,5.1,1,1900,0,0,0,0,2,0
TF,RW22L,50.763317,4.780739,0, ,0.0,0.0,217.0,4.8,1,366,0,0,0,0,3,1
TF,BE412,50.730333,4.739000,0, ,0.0,0.0,0.0,0.0,3,1000,0,1,190,0,0,0
TF,BE410,50.699167,4.699500,0, ,0.0,0.0,0.0,0.0,2,1210,0,1,190,0,0,0
TF,BE415,50.647000,4.801500,0, ,0.0,0.0,0.0,0.0,2,1800,0,1,190,0,0,0
TF,BE400,50.775000,4.964333,0, ,0.0,0.0,0.0,0.0,2,3000,0,1,190,0,0,1

APPTR,R22R,22R,BE400
IF,BE400,50.775000,4.964333, ,0.0,0.0,4,4000,3000,0,0,0,1,0
TF,BE401,50.839667,5.047000,0, ,0.0,0.0,0.0,0.0,4,3000,2500,0,0,0,0,0
TF,BE402,50.894167,4.940667,0, ,0.0,0.0,0.0,0.0,2,2500,0,0,0,0,1,0

FINAL,R22R,22R,R,3
IF,BE402,50.894167,4.940667, ,0.0,0.0,2,2500,0,0,0,0,0,0
TF,BE404,50.829500,4.858333,0, ,0.0,0.0,217.0,5.0,1,1900,0,0,0,0,2,0
TF,RW22R,50.766042,4.777575,0, ,0.0,0.0,217.0,4.9,1,365,0,0,0,0,3,1
TF,BE411,50.732500,4.734833,0, ,0.0,0.0,0.0,0.0,3,1000,0,1,190,0,0,0
TF,BE405,50.701167,4.695333,0, ,0.0,0.0,0.0,0.0,2,1300,0,1,190,0,0,0
TF,BE415,50.647000,4.801500,0, ,0.0,0.0,0.0,0.0,2,1980,0,1,190,0,0,0
TF,BE400,50.775000,4.964333,0, ,0.0,0.0,0.0,0.0,2,3000,0,1,190,0,0,1

APPTR,T04LY,04L,D211B
IF,D211B,50.729000,4.740167, ,0.0,0.0,4,3500,3000,0,0,0,1,0
FD,D211B,50.729000,4.740167,0,BBE,211.1,7.5,211.0,7.5,4,2500,2200,0,0,0,0,0
CF,CT4LY,50.665464,4.634761,2,BBE,221.0,7.5,41.0,1.0,2,2200,0,0,0,0,0,0

FINAL,T04LY,04L,D,3
IF,CT4LY,50.665464,4.634761,BBE,221.0,7.5,2,2200,0,0,0,0,0,0
CF,FT04L,50.695947,4.679367,0,BBE,221.0,5.0,41.0,2.5,1,1800,0,0,0,0,2,0
CF,RW04L,50.749378,4.756436,0,BBE,224.2,0.7,41.0,4.4,1,399,0,0,0,0,3,0
CA,0,37.0,2,1000,0,0,0,0,0,0
CF,D033B,50.784131,4.798875,0,BBE,33.0,2.0,33.0,1.5,1,1000,0,0,0,0,0,0
FD,D033B,50.784131,4.798875,0,BBE,33.0,3.0,33.0,3.0,0,0,0,0,0,0,0,0
CA,0,33.0,2,1500,0,0,0,0,0,0
DF,BBE,50.756861,4.768750,2, ,0.0,0.0,0,0,0,0,0,0,0,0
CF,D211B,50.729000,4.740167,0,BBE,211.1,2.0,211.0,2.0,1,3000,0,0,0,0,0,0

APPTR,T04LZ,04L,D113H
IF,D113H,50.700500,4.958833, ,0.0,0.0,4,4000,3000,0,0,0,1,0
AF,D133H,50.662589,4.916922,2,BBE,133.0,8.0,113.0,1,3000,0,0,0,0,0,0
AF,D190H,50.626575,4.725214,2,BBE,190.0,8.0,133.0,1,3000,0,0,0,0,0,0
AF,CT4LZ,50.659364,4.625847,2,BBE,221.0,8.0,190.0,2,2200,0,0,0,0,1,0

FINAL,T04LZ,04L,D,3
IF,CT4LZ,50.659364,4.625847,BBE,221.0,8.0,2,2200,0,0,0,0,0,0
CF,FT04L,50.695947,4.679367,0,BBE,221.0,5.0,41.0,3.0,1,1800,0,0,0,0,2,0
CF,RW04L,50.749378,4.756436,0,BBE,224.2,0.7,41.0,4.4,1,399,0,0,0,0,3,0
CA,0,37.0,2,1000,0,0,0,0,0,0
CF,D033B,50.784131,4.798875,0,BBE,33.0,2.0,33.0,1.5,1,1000,0,0,0,0,0,0
FD,D033B,50.784131,4.798875,0,BBE,33.0,3.0,33.0,3.0,0,0,0,0,0,0,0,0
CA,0,33.0,2,1500,0,0,0,0,0,0
DF,D113H,50.700500,4.958833,2, ,0.0,0.0,1,3000,0,1,250,0,0,0

APPTR,T04R,04R,D203B
IF,D203B,50.726667,4.746500, ,0.0,0.0,4,3500,3000,0,0,0,1,0
FD,D203B,50.726667,4.746500,0,BBE,203.1,7.5,203.0,7.5,4,2500,2200,0,0,0,0,0
CF,CF04R,50.653292,4.658917,2,BBE,212.0,7.5,32.0,1.0,2,2200,0,0,0,0,0,0

FINAL,T04R,04R,D,3
IF,CF04R,50.653292,4.658917,BBE,212.0,7.5,2,2200,0,0,0,0,0,0
CF,FT04R,50.687825,4.695472,0,BBE,212.0,5.0,32.0,2.5,1,1800,0,0,0,0,2,0
CF,RW04R,50.747094,4.760175,0,BBE,207.1,0.7,32.0,4.3,1,412,0,0,0,0,3,0
CA,0,37.0,2,1000,0,0,0,0,0,0
CF,D043B,50.780333,4.805833,0,BBE,43.0,2.0,43.0,1.5,1,1000,0,0,0,0,0,0
FD,D043B,50.780333,4.805833,0,BBE,43.0,3.0,43.0,3.0,0,0,0,0,0,0,0,0
CA,0,43.0,2,1500,0,0,0,0,0,0
DF,BBE,50.756861,4.768750,2, ,0.0,0.0,0,0,0,0,0,0,0,0
CF,D203B,50.726667,4.746500,0,BBE,203.1,2.0,203.0,2.0,1,3000,0,0,0,0,0,0

APPTR,T22L,22L,D051B
IF,D051B,50.776833,4.810667, ,0.0,0.0,4,4000,3000,0,0,0,1,0
FD,D051B,50.776833,4.810667,0,BBE,51.1,7.0,51.0,7.0,4,2500,1900,0,0,0,0,0
CF,CT22L,50.842022,4.894275,1,BBE,41.0,7.0,221.0,1.0,2,1900,0,0,0,0,0,0

FINAL,T22L,22L,D,3
IF,CT22L,50.842022,4.894275,BBE,41.0,7.0,2,1900,0,0,0,0,0,0
CF,FT22L,50.822569,4.865542,0,BBE,41.0,5.4,221.0,1.6,1,1900,0,0,0,0,2,0
CF,RW22L,50.763317,4.780739,0,BBE,47.7,0.6,221.0,4.8,1,366,0,0,0,0,3,0
CA,0,217.0,2,1000,0,0,0,0,0,0
CF,D213B,50.729581,4.738658,0,BBE,213.0,2.0,213.0,1.5,1,1000,0,0,0,0,0,0
FD,D213B,50.729581,4.738658,0,BBE,213.0,3.0,213.0,3.0,0,0,0,0,0,0,0,0
CA,0,213.0,2,1500,0,0,0,0,0,0
DF,BBE,50.756861,4.768750,1, ,0.0,0.0,0,0,0,0,0,0,0,0
CF,D051B,50.776833,4.810667,0,BBE,51.1,2.0,51.0,2.0,1,3000,0,0,0,0,0,0

APPTR,T22RY,22R,D043B
IF,D043B,50.780333,4.805833, ,0.0,0.0,4,4000,3000,0,0,0,1,0
FD,D043B,50.780333,4.805833,0,BBE,43.0,7.0,43.0,7.0,4,2500,1900,0,0,0,0,0
CF,CT22R,50.852275,4.874342,1,BBE,33.0,7.0,213.0,1.0,2,1900,0,0,0,0,0,0

FINAL,T22RY,22R,D,3
IF,CT22R,50.852275,4.874342,BBE,33.0,7.0,2,1900,0,0,0,0,0,0
CF,FT22R,50.831836,4.851678,0,BBE,33.0,5.5,213.0,1.5,1,1900,0,0,0,0,2,0
CF,RW22R,50.766042,4.777575,0,BBE,29.4,0.7,213.0,4.9,1,365,0,0,0,0,3,0
CA,0,217.0,2,1000,0,0,0,0,0,0
CF,D223B,50.733308,4.731650,0,BBE,223.0,2.0,223.0,1.5,1,1000,0,0,0,0,0,0
FD,D223B,50.733308,4.731650,0,BBE,223.0,3.0,223.0,3.0,0,0,0,0,0,0,0,0
CA,0,223.0,2,1500,0,0,0,0,0,0
DF,D043B,50.780333,4.805833,1, ,0.0,0.0,1,3000,0,0,0,0,0,0

APPTR,T22RZ,22R,BE020
IF,BE020,50.513167,4.412667, ,0.0,0.0,4,9000,8000,0,0,0,1,0
CF,D221P,50.561694,4.483539,0,BBE,221.0,16.0,41.0,4.0,1,6000,0,0,0,0,0,0
CF,D221L,50.610550,4.554619,0,BBE,221.0,12.0,41.0,4.0,1,4000,0,0,0,0,0,0
CF,D221J,50.634964,4.590214,0,BBE,221.0,10.0,41.0,2.0,4,4000,3000,0,0,0,0,0
CF,BBE,50.756861,4.768750,0,BBE,0.0,0.0,41.0,10.0,0,0,0,0,0,0,0,1
CF,D065B,50.769833,4.817000,0,BBE,65.0,2.0,65.0,2.0,4,4000,3000,0,0,0,0,0
FD,D065B,50.769833,4.817000,0,BBE,65.0,8.0,65.0,8.0,4,2500,1900,0,0,0,0,0
CF,CT2RZ,50.865897,4.889461,1,BBE,33.0,8.0,213.0,1.0,2,1900,0,0,0,0,1,0

APPTR,T22RZ,22R,D065B
IF,D065B,50.769833,4.817000, ,0.0,0.0,4,4000,3000,0,0,0,1,0
FD,D065B,50.769833,4.817000,0,BBE,65.0,8.0,65.0,8.0,4,2500,1900,0,0,0,0,0
CF,CT2RZ,50.865897,4.889461,1,BBE,33.0,8.0,213.0,1.0,2,1900,0,0,0,0,1,0

FINAL,T22RZ,22R,D,3
IF,CT2RZ,50.865897,4.889461,BBE,33.0,8.0,2,1900,0,0,0,0,0,0
CF,FT22R,50.831836,4.851678,0,BBE,33.0,5.5,213.0,2.5,1,1900,0,0,0,0,2,0
CF,RW22R,50.766042,4.777575,0,BBE,29.4,0.7,213.0,4.9,1,365,0,0,0,0,3,0
CA,0,217.0,2,1000,0,0,0,0,0,0
CF,D223B,50.733308,4.731650,0,BBE,223.0,2.0,223.0,1.5,1,1000,0,0,0,0,0,0
FD,D223B,50.733308,4.731650,0,BBE,223.0,3.0,223.0,3.0,1,3000,0,0,0,0,0,0
DF,D065H,50.808739,4.962239,1, ,0.0,0.0,0,0,0,1,220,0,0,0

