SID,BOLS1C,10,5
CF,DN107,49.481389,11.252569,0,NUB,94.6,8.6,94.0,7.0,0,0,0,0,0,0,0,0
TF,DN105,49.310606,11.232667,0, ,0.0,0.0,0.0,0.0,0,0,0,1,250,0,0,0
TF,BOLSI,49.231822,10.758508,0, ,0.0,0.0,0.0,0.0,0,0,0,0,0,0,0,0

SID,BOLS1G,28,5
CF,DN295,49.513317,10.928350,0,NUB,274.6,4.2,275.0,6.0,0,0,0,0,0,0,0,0
TF,DN296,49.462325,10.762561,0, ,0.0,0.0,0.0,0.0,0,0,0,1,250,0,0,0
TF,BOLSI,49.231822,10.758508,0, ,0.0,0.0,0.0,0.0,0,0,0,0,0,0,0,0

SID,ERET1C,10,5
CF,DN110,49.491392,11.152039,0,NUB,94.6,4.6,94.0,3.0,2,1700,0,0,0,0,0,1
CF,AGIKO,49.592939,11.319397,0,NUB,60.0,12.4,34.0,8.0,0,0,0,1,250,0,0,0
TF,ERETO,49.931000,11.408214,0, ,0.0,0.0,0.0,0.0,0,0,0,0,0,0,0,0

SID,ERET1G,28,5
CF,DN282,49.513703,10.924353,0,NUB,274.6,4.4,275.0,6.0,0,0,0,0,0,0,0,0
TF,DN283,49.618964,10.927181,0, ,0.0,0.0,0.0,0.0,0,0,0,1,250,0,0,0
TF,DN286,49.701850,10.929306,0, ,0.0,0.0,0.0,0.0,0,0,0,0,0,0,0,0
TF,BABAV,49.839286,11.111358,0, ,0.0,0.0,0.0,0.0,0,0,0,0,0,0,0,0
TF,ERETO,49.931000,11.408214,0, ,0.0,0.0,0.0,0.0,0,0,0,0,0,0,0,0

SID,ERL1C,10,5
CF,DN108,49.495697,11.109653,0,NUB,94.4,3.0,94.0,1.0,0,0,0,0,0,0,0,1
CA,0,95.0,2,1600,0,0,0,0,0,0
CF,ERL,49.655414,11.150811,1,NUB,22.2,10.2,360.0,8.0,2,6000,0,1,165,0,0,0

SID,ERL1G,28,5
CF,NUB,49.502919,11.035000,0,NUB,0.0,0.0,275.0,1.0,0,0,0,0,0,0,0,1
CA,0,275.0,2,1600,0,0,0,0,0,0
CF,ERL,49.655414,11.150811,2,NUB,22.2,10.2,30.0,9.0,2,6000,0,1,165,0,0,0

SID,NUB1A,10,2
CF,DN490,49.482950,11.236897,0,NUB,94.6,8.0,95.0,6.0,0,0,0,0,0,0,0,1
DF,NUB,49.502919,11.035000,2, ,0.0,0.0,2,6000,0,1,250,0,0,0

SID,NUB1B,28,2
CF,DN440,49.525075,10.807528,0,NUB,274.6,9.0,275.0,10.0,0,0,0,0,0,0,0,1
DF,NUB,49.502919,11.035000,2, ,0.0,0.0,2,6000,0,1,250,0,0,0

SID,RODI1C,10,5
CF,DN107,49.481389,11.252569,0,NUB,94.6,8.6,94.0,7.0,0,0,0,0,0,0,0,0
TF,DN113,49.479839,11.448228,0, ,0.0,0.0,0.0,0.0,0,0,0,0,0,0,0,0
TF,RODIS,49.474356,11.949814,0, ,0.0,0.0,0.0,0.0,0,0,0,0,0,0,0,0

SID,RODI1G,28,5
CF,DN282,49.513703,10.924353,0,NUB,274.6,4.4,275.0,6.0,0,0,0,0,0,0,0,0
TF,DN283,49.618964,10.927181,0, ,0.0,0.0,0.0,0.0,0,0,0,1,250,0,0,0
TF,DN286,49.701850,10.929306,0, ,0.0,0.0,0.0,0.0,0,0,0,0,0,0,0,0
TF,DN413,49.687906,11.208106,0, ,0.0,0.0,0.0,0.0,0,0,0,0,0,0,0,0
TF,MOOCE,49.566522,11.546572,0, ,0.0,0.0,0.0,0.0,0,0,0,0,0,0,0,0
TF,RODIS,49.474356,11.949814,0, ,0.0,0.0,0.0,0.0,0,0,0,0,0,0,0,0

SID,SUKA1C,10,5
CF,DN107,49.481389,11.252569,0,NUB,94.6,8.6,94.0,7.0,0,0,0,0,0,0,0,0
TF,DN105,49.310606,11.232667,0, ,0.0,0.0,0.0,0.0,0,0,0,1,250,0,0,0
TF,DN109,49.254492,10.893553,0, ,0.0,0.0,0.0,0.0,0,0,0,0,0,0,0,0
TF,EMKIR,49.450775,10.577672,0, ,0.0,0.0,0.0,0.0,0,0,0,0,0,0,0,0
TF,SUKAD,49.550972,10.532478,0, ,0.0,0.0,0.0,0.0,0,0,0,0,0,0,0,0

SID,SUKA1G,28,5
CF,DN282,49.513703,10.924353,0,NUB,274.6,4.4,275.0,6.0,0,0,0,0,0,0,0,0
TF,DN290,49.523383,10.824000,0, ,0.0,0.0,0.0,0.0,0,0,0,0,0,0,0,0
TF,DN287,49.545258,10.593536,0, ,0.0,0.0,0.0,0.0,0,0,0,0,0,0,0,0
TF,SUKAD,49.550972,10.532478,0, ,0.0,0.0,0.0,0.0,0,0,0,0,0,0,0,0

SID,SULU1C,10,5
CF,DN110,49.491392,11.152039,0,NUB,94.6,4.6,94.0,3.0,2,1700,0,0,0,0,0,1
CF,AGIKO,49.592939,11.319397,0,NUB,60.0,12.4,34.0,8.0,0,0,0,1,250,0,0,0
TF,BABAV,49.839286,11.111358,0, ,0.0,0.0,0.0,0.0,0,0,0,0,0,0,0,0
TF,SULUS,50.075192,10.728808,0, ,0.0,0.0,0.0,0.0,0,0,0,0,0,0,0,0

SID,SULU1G,28,5
CF,DN282,49.513703,10.924353,0,NUB,274.6,4.4,275.0,6.0,0,0,0,0,0,0,0,0
TF,DN283,49.618964,10.927181,0, ,0.0,0.0,0.0,0.0,0,0,0,1,250,0,0,0
TF,DN286,49.701850,10.929306,0, ,0.0,0.0,0.0,0.0,0,0,0,0,0,0,0,0
TF,SULUS,50.075192,10.728808,0, ,0.0,0.0,0.0,0.0,0,0,0,0,0,0,0,0

STAR,DODA1T,10,5
IF,DODAS,49.809836,10.704522, ,0.0,0.0,2,5000,0,0,0,0,0,0
TF,DN411,49.731758,10.756347,0, ,0.0,0.0,0.0,0.0,0,0,0,0,0,0,0,0
TF,DN412,49.706097,11.023067,0, ,0.0,0.0,0.0,0.0,0,0,0,0,0,0,0,0
TF,DN413,49.687906,11.208106,0, ,0.0,0.0,0.0,0.0,0,0,0,0,0,0,0,0
TF,DN425,49.589167,11.184889,0, ,0.0,0.0,0.0,0.0,0,0,0,0,0,0,0,0
TF,DN424,49.607319,11.000228,0, ,0.0,0.0,0.0,0.0,0,0,0,0,0,0,0,0
TF,DN423,49.623244,10.835478,0, ,0.0,0.0,0.0,0.0,0,0,0,0,0,0,0,0
TF,DN422,49.632925,10.734056,0, ,0.0,0.0,0.0,0.0,0,0,0,0,0,0,0,0
TF,DN421,49.642511,10.632592,0, ,0.0,0.0,0.0,0.0,0,0,0,0,0,0,0,0
TF,DN420,49.652008,10.531058,0, ,0.0,0.0,0.0,0.0,0,0,0,0,0,0,0,0
TF,DN430,49.553136,10.509272,0, ,0.0,0.0,0.0,0.0,2,5000,0,0,0,0,0,0

STAR,DODA1V,28,5
IF,DODAS,49.809836,10.704522, ,0.0,0.0,2,5000,0,0,0,0,0,0
TF,DN422,49.632925,10.734056,0, ,0.0,0.0,0.0,0.0,0,0,0,0,0,0,0,0
TF,DN423,49.623244,10.835478,0, ,0.0,0.0,0.0,0.0,0,0,0,0,0,0,0,0
TF,DN424,49.607319,11.000228,0, ,0.0,0.0,0.0,0.0,0,0,0,0,0,0,0,0
TF,DN425,49.589167,11.184889,0, ,0.0,0.0,0.0,0.0,0,0,0,0,0,0,0,0
TF,DN426,49.572725,11.349400,0, ,0.0,0.0,0.0,0.0,0,0,0,0,0,0,0,0
TF,DN427,49.562489,11.450564,0, ,0.0,0.0,0.0,0.0,0,0,0,0,0,0,0,0
TF,DN428,49.552161,11.551683,0, ,0.0,0.0,0.0,0.0,0,0,0,0,0,0,0,0
TF,DN429,49.541742,11.652786,0, ,0.0,0.0,0.0,0.0,0,0,0,0,0,0,0,0
TF,DN439,49.443103,11.628714,0, ,0.0,0.0,0.0,0.0,2,5000,0,0,0,0,0,0

STAR,LETK1T,10,5
IF,LETKU,49.347586,10.553564, ,0.0,0.0,2,5000,0,0,0,0,0,0
TF,DN461,49.336428,10.667731,0, ,0.0,0.0,0.0,0.0,0,0,0,0,0,0,0,0
TF,DN462,49.310986,10.932281,0, ,0.0,0.0,0.0,0.0,0,0,0,0,0,0,0,0
TF,DN463,49.292950,11.115817,0, ,0.0,0.0,0.0,0.0,0,0,0,0,0,0,0,0
TF,DN455,49.391689,11.138744,0, ,0.0,0.0,0.0,0.0,0,0,0,0,0,0,0,0
TF,DN454,49.409764,10.954836,0, ,0.0,0.0,0.0,0.0,0,0,0,0,0,0,0,0
TF,DN453,49.425622,10.790756,0, ,0.0,0.0,0.0,0.0,0,0,0,0,0,0,0,0
TF,DN452,49.435258,10.689747,0, ,0.0,0.0,0.0,0.0,0,0,0,0,0,0,0,0
TF,DN451,49.444806,10.588697,0, ,0.0,0.0,0.0,0.0,0,0,0,0,0,0,0,0
TF,DN450,49.454261,10.487578,0, ,0.0,0.0,0.0,0.0,0,0,0,0,0,0,0,0
TF,DN430,49.553136,10.509272,0, ,0.0,0.0,0.0,0.0,2,5000,0,0,0,0,0,0

STAR,LETK1V,28,5
IF,LETKU,49.347586,10.553564, ,0.0,0.0,2,5000,0,0,0,0,0,0
TF,DN452,49.435258,10.689747,0, ,0.0,0.0,0.0,0.0,0,0,0,0,0,0,0,0
TF,DN453,49.425622,10.790756,0, ,0.0,0.0,0.0,0.0,0,0,0,0,0,0,0,0
TF,DN454,49.409764,10.954836,0, ,0.0,0.0,0.0,0.0,0,0,0,0,0,0,0,0
TF,DN455,49.391689,11.138744,0, ,0.0,0.0,0.0,0.0,0,0,0,0,0,0,0,0
TF,DN456,49.375317,11.302589,0, ,0.0,0.0,0.0,0.0,0,0,0,0,0,0,0,0
TF,DN457,49.365125,11.403342,0, ,0.0,0.0,0.0,0.0,0,0,0,0,0,0,0,0
TF,DN458,49.354842,11.504050,0, ,0.0,0.0,0.0,0.0,0,0,0,0,0,0,0,0
TF,DN459,49.344464,11.604744,0, ,0.0,0.0,0.0,0.0,0,0,0,0,0,0,0,0
TF,DN439,49.443103,11.628714,0, ,0.0,0.0,0.0,0.0,2,5000,0,0,0,0,0,0

STAR,PIVI1T,10,5
IF,PIVIR,49.667081,11.416064, ,0.0,0.0,2,5000,0,0,0,0,0,0
TF,DN426,49.572725,11.349400,0, ,0.0,0.0,0.0,0.0,0,0,0,0,0,0,0,0
TF,DN425,49.589167,11.184889,0, ,0.0,0.0,0.0,0.0,0,0,0,0,0,0,0,0
TF,DN424,49.607319,11.000228,0, ,0.0,0.0,0.0,0.0,0,0,0,0,0,0,0,0
TF,DN423,49.623244,10.835478,0, ,0.0,0.0,0.0,0.0,0,0,0,0,0,0,0,0
TF,DN422,49.632925,10.734056,0, ,0.0,0.0,0.0,0.0,0,0,0,0,0,0,0,0
TF,DN421,49.642511,10.632592,0, ,0.0,0.0,0.0,0.0,0,0,0,0,0,0,0,0
TF,DN420,49.652008,10.531058,0, ,0.0,0.0,0.0,0.0,0,0,0,0,0,0,0,0
TF,DN430,49.553136,10.509272,0, ,0.0,0.0,0.0,0.0,2,5000,0,0,0,0,0,0

STAR,PIVI1V,28,5
IF,PIVIR,49.667081,11.416064, ,0.0,0.0,2,5000,0,0,0,0,0,0
TF,DN413,49.687906,11.208106,0, ,0.0,0.0,0.0,0.0,0,0,0,0,0,0,0,0
TF,DN412,49.706097,11.023067,0, ,0.0,0.0,0.0,0.0,0,0,0,0,0,0,0,0
TF,DN411,49.731758,10.756347,0, ,0.0,0.0,0.0,0.0,0,0,0,0,0,0,0,0
TF,DN422,49.632925,10.734056,0, ,0.0,0.0,0.0,0.0,0,0,0,0,0,0,0,0
TF,DN423,49.623244,10.835478,0, ,0.0,0.0,0.0,0.0,0,0,0,0,0,0,0,0
TF,DN424,49.607319,11.000228,0, ,0.0,0.0,0.0,0.0,0,0,0,0,0,0,0,0
TF,DN425,49.589167,11.184889,0, ,0.0,0.0,0.0,0.0,0,0,0,0,0,0,0,0
TF,DN426,49.572725,11.349400,0, ,0.0,0.0,0.0,0.0,0,0,0,0,0,0,0,0
TF,DN427,49.562489,11.450564,0, ,0.0,0.0,0.0,0.0,0,0,0,0,0,0,0,0
TF,DN428,49.552161,11.551683,0, ,0.0,0.0,0.0,0.0,0,0,0,0,0,0,0,0
TF,DN429,49.541742,11.652786,0, ,0.0,0.0,0.0,0.0,0,0,0,0,0,0,0,0
TF,DN439,49.443103,11.628714,0, ,0.0,0.0,0.0,0.0,2,5000,0,0,0,0,0,0

STAR,UPAL1T,10,5
IF,UPALA,49.214372,11.221436, ,0.0,0.0,2,5000,0,0,0,0,0,0
TF,DN463,49.292950,11.115817,0, ,0.0,0.0,0.0,0.0,0,0,0,0,0,0,0,0
TF,DN455,49.391689,11.138744,0, ,0.0,0.0,0.0,0.0,0,0,0,0,0,0,0,0
TF,DN454,49.409764,10.954836,0, ,0.0,0.0,0.0,0.0,0,0,0,0,0,0,0,0
TF,DN453,49.425622,10.790756,0, ,0.0,0.0,0.0,0.0,0,0,0,0,0,0,0,0
TF,DN452,49.435258,10.689747,0, ,0.0,0.0,0.0,0.0,0,0,0,0,0,0,0,0
TF,DN451,49.444806,10.588697,0, ,0.0,0.0,0.0,0.0,0,0,0,0,0,0,0,0
TF,DN450,49.454261,10.487578,0, ,0.0,0.0,0.0,0.0,0,0,0,0,0,0,0,0
TF,DN430,49.553136,10.509272,0, ,0.0,0.0,0.0,0.0,2,5000,0,0,0,0,0,0

STAR,UPAL1V,28,5
IF,UPALA,49.214372,11.221436, ,0.0,0.0,2,5000,0,0,0,0,0,0
TF,DN463,49.292950,11.115817,0, ,0.0,0.0,0.0,0.0,0,0,0,0,0,0,0,0
TF,DN462,49.310986,10.932281,0, ,0.0,0.0,0.0,0.0,0,0,0,0,0,0,0,0
TF,DN461,49.336428,10.667731,0, ,0.0,0.0,0.0,0.0,0,0,0,0,0,0,0,0
TF,DN452,49.435258,10.689747,0, ,0.0,0.0,0.0,0.0,0,0,0,0,0,0,0,0
TF,DN453,49.425622,10.790756,0, ,0.0,0.0,0.0,0.0,0,0,0,0,0,0,0,0
TF,DN454,49.409764,10.954836,0, ,0.0,0.0,0.0,0.0,0,0,0,0,0,0,0,0
TF,DN455,49.391689,11.138744,0, ,0.0,0.0,0.0,0.0,0,0,0,0,0,0,0,0
TF,DN456,49.375317,11.302589,0, ,0.0,0.0,0.0,0.0,0,0,0,0,0,0,0,0
TF,DN457,49.365125,11.403342,0, ,0.0,0.0,0.0,0.0,0,0,0,0,0,0,0,0
TF,DN458,49.354842,11.504050,0, ,0.0,0.0,0.0,0.0,0,0,0,0,0,0,0,0
TF,DN459,49.344464,11.604744,0, ,0.0,0.0,0.0,0.0,0,0,0,0,0,0,0,0
TF,DN439,49.443103,11.628714,0, ,0.0,0.0,0.0,0.0,2,5000,0,0,0,0,0,0

APPTR,D10,10,DN430
IF,DN430,49.553136,10.509272, ,0.0,0.0,2,5000,0,0,0,0,1,0
TF,DN431,49.543658,10.610597,0, ,0.0,0.0,0.0,0.0,0,0,0,0,0,0,0,0
TF,DN432,49.534092,10.711856,0, ,0.0,0.0,0.0,0.0,2,4200,0,0,0,0,1,0

APPTR,D10,10,NUB
FD,NUB,49.502919,11.035000,0,NUB,0.0,13.0,291.0,13.0,2,5000,0,1,220,0,1,0
CF,DN432,49.534092,10.711856,1,NUB,274.6,12.8,95.0,2.0,2,4200,0,0,0,0,1,0

FINAL,D10,10,D,4
IF,DN432,49.534092,10.711856,NUB,274.6,12.8,2,4200,0,0,0,0,0,0
CF,VENUB,49.524433,10.813069,0,NUB,274.6,8.8,95.0,4.0,2,4200,0,0,0,0,2,0
CF,21VOR,49.508375,10.981958,0,NUB,275.0,2.1,95.0,6.7,2,2040,0,0,0,0,0,0
CF,RW10,49.500550,11.059169,0,NUB,94.6,1.0,95.0,3.1,1,1070,0,0,0,0,3,0
CF,DN490,49.482950,11.236897,0,NUB,94.6,8.0,95.0,7.0,0,0,0,0,0,0,0,1
DF,NUB,49.502919,11.035000,2, ,0.0,0.0,1,5000,0,1,250,0,0,0

APPTR,I10,10,DN430
IF,DN430,49.553136,10.509272, ,0.0,0.0,2,5000,0,0,0,0,1,0
TF,DN431,49.543658,10.610597,0, ,0.0,0.0,0.0,0.0,0,0,0,0,0,0,0,0
TF,DN432,49.534092,10.711856,0,INUE,0.0,0.0,0.0,0.0,2,4200,0,0,0,0,1,0

APPTR,I10,10,NUB
FD,NUB,49.502919,11.035000,0,NUB,0.0,13.0,291.0,13.0,2,5000,0,1,220,0,1,0
CF,DN432,49.534092,10.711856,1,INUE,274.6,15.4,95.0,1.0,2,4200,0,0,0,0,1,0

FINAL,I10,10,I,3
IF,DN432,49.534092,10.711856,INUE,274.6,15.4,2,4200,0,0,0,0,0,0
CF,VENUB,49.524433,10.813069,0,INUE,274.6,11.4,95.0,4.0,1,4200,0,0,0,0,2,0
CF,RW10,49.500550,11.059169,0,INUE,274.6,1.7,95.0,9.7,1,1072,0,0,0,0,3,0
CF,DN490,49.482950,11.236897,0,NUB,94.6,8.0,95.0,7.0,0,0,0,0,0,0,0,1
DF,NUB,49.502919,11.035000,2, ,0.0,0.0,1,5000,0,1,250,0,0,0

APPTR,I28,28,DN439
IF,DN439,49.443103,11.628714, ,0.0,0.0,2,5000,0,0,0,0,1,0
TF,DN438,49.453503,11.527817,0, ,0.0,0.0,0.0,0.0,0,0,0,0,0,0,0,0
TF,DN437,49.463808,11.426903,0,INUW,0.0,0.0,0.0,0.0,2,4000,0,0,0,0,1,0

APPTR,I28,28,NUB
FD,NUB,49.502919,11.035000,0,NUB,0.0,15.8,82.0,15.8,2,5000,0,1,220,0,1,0
CF,DN437,49.463808,11.426903,2,INUW,94.6,14.8,275.0,2.0,2,4000,0,0,0,0,1,0

FINAL,I28,28,I,3
IF,DN437,49.463808,11.426903,INUW,94.6,14.8,2,4000,0,0,0,0,0,0
CF,OSNUB,49.474022,11.325944,0,INUW,94.6,10.8,275.0,4.0,1,4000,0,0,0,0,2,0
CF,RW28,49.496925,11.096025,0,INUW,94.6,1.7,275.0,9.1,1,1097,0,0,0,0,3,0
CF,DN440,49.525075,10.807528,0,NUB,274.6,9.0,275.0,11.4,0,0,0,0,0,0,0,1
DF,NUB,49.502919,11.035000,2, ,0.0,0.0,1,5000,0,1,250,0,0,0

APPTR,L28-Y,28,DN439
IF,DN439,49.443103,11.628714, ,0.0,0.0,2,5000,0,0,0,0,1,0
TF,DN438,49.453503,11.527817,0, ,0.0,0.0,0.0,0.0,0,0,0,0,0,0,0,0
TF,DN437,49.463808,11.426903,0,INUY,0.0,0.0,0.0,0.0,2,4000,0,0,0,0,1,0

APPTR,L28-Y,28,NUB
FD,NUB,49.502919,11.035000,0,NUB,0.0,15.8,82.0,15.8,2,5000,0,1,220,0,1,0
CF,DN437,49.463808,11.426903,2,INUY,94.6,14.8,275.0,2.0,2,4000,0,0,0,0,1,0

FINAL,L28-Y,28,D,5
IF,DN437,49.463808,11.426903,INUY,94.6,14.8,2,4000,0,0,0,0,0,0
CF,OSNUB,49.474022,11.325944,0,INUY,94.6,10.8,275.0,4.0,2,4000,0,0,0,0,2,0
CF,85DME,49.481675,11.249703,0,INUY,94.6,7.8,275.0,3.0,2,3050,0,0,0,0,0,0
CF,50DME,49.490450,11.161522,0,INUY,94.6,4.3,275.0,3.5,2,1910,0,0,0,0,0,0
CF,RW28,49.496925,11.096025,0,INUY,94.6,1.7,275.0,2.6,1,1094,0,0,0,0,3,0
CF,DN440,49.525075,10.807528,0,NUB,274.6,9.0,275.0,11.4,0,0,0,0,0,0,0,1
DF,NUB,49.502919,11.035000,2, ,0.0,0.0,1,5000,0,1,250,0,0,0

APPTR,L28-Z,28,DN439
IF,DN439,49.443103,11.628714, ,0.0,0.0,2,5000,0,0,0,0,1,0
TF,DN438,49.453503,11.527817,0, ,0.0,0.0,0.0,0.0,0,0,0,0,0,0,0,0
TF,DN437,49.463808,11.426903,0,INUW,0.0,0.0,0.0,0.0,2,4000,0,0,0,0,1,0

APPTR,L28-Z,28,NUB
FD,NUB,49.502919,11.035000,0,NUB,0.0,15.8,82.0,15.8,2,5000,0,1,220,0,1,0
CF,DN437,49.463808,11.426903,2,INUW,94.6,14.8,275.0,2.0,2,4000,0,0,0,0,1,0

FINAL,L28-Z,28,D,4
IF,DN437,49.463808,11.426903,INUW,94.6,14.8,2,4000,0,0,0,0,0,0
CF,OSNUB,49.474022,11.325944,0,INUW,94.6,10.8,275.0,4.0,2,4000,0,0,0,0,2,0
CF,27LOC,49.490681,11.159208,0,INUW,94.6,4.2,275.0,6.6,2,1910,0,0,0,0,0,0
CF,RW28,49.496925,11.096025,0,INUW,94.6,1.7,275.0,2.5,1,1097,0,0,0,0,3,0
CF,DN440,49.525075,10.807528,0,NUB,274.6,9.0,275.0,11.4,0,0,0,0,0,0,0,1
DF,NUB,49.502919,11.035000,2, ,0.0,0.0,1,5000,0,1,250,0,0,0

APPTR,R10,10,DN430
IF,DN430,49.553136,10.509272, ,0.0,0.0,2,5000,0,0,0,0,1,0
TF,DN431,49.543658,10.610597,0, ,0.0,0.0,0.0,0.0,0,0,0,0,0,0,0,0
TF,DN432,49.534092,10.711856,0, ,0.0,0.0,0.0,0.0,2,4200,0,0,0,0,1,0

APPTR,R10,10,NUB
IF,NUB,49.502919,11.035000, ,0.0,0.0,2,5000,0,0,0,0,1,0
TF,DN423,49.623244,10.835478,0, ,0.0,0.0,0.0,0.0,0,0,0,0,0,0,0,0
TF,DN422,49.632925,10.734056,0, ,0.0,0.0,0.0,0.0,0,0,0,1,220,0,0,0
TF,DN432,49.534092,10.711856,0, ,0.0,0.0,0.0,0.0,2,4200,0,1,210,0,1,0

FINAL,R10,10,R,3
IF,DN432,49.534092,10.711856, ,0.0,0.0,2,4200,0,0,0,0,0,0
TF,VENUB,49.524433,10.813069,0, ,0.0,0.0,95.0,4.0,2,4200,0,0,0,0,2,0
TF,RW10,49.500550,11.059169,0, ,0.0,0.0,95.0,9.7,1,1070,0,0,0,0,3,1
CF,DN490,49.482950,11.236897,0,NUB,94.6,8.0,95.0,7.0,0,0,0,0,0,0,0,1
DF,NUB,49.502919,11.035000,2, ,0.0,0.0,1,5000,0,1,250,0,0,0

APPTR,R28,28,DN439
IF,DN439,49.443103,11.628714, ,0.0,0.0,2,5000,0,0,0,0,1,0
TF,DN438,49.453503,11.527817,0, ,0.0,0.0,0.0,0.0,0,0,0,0,0,0,0,0
TF,DN437,49.463808,11.426903,0, ,0.0,0.0,0.0,0.0,2,4000,0,0,0,0,1,0

APPTR,R28,28,NUB
IF,NUB,49.502919,11.035000, ,0.0,0.0,2,5000,0,0,0,0,1,0
TF,DN426,49.572725,11.349400,0, ,0.0,0.0,0.0,0.0,0,0,0,0,0,0,0,0
TF,DN427,49.562489,11.450564,0, ,0.0,0.0,0.0,0.0,0,0,0,1,220,0,0,0
TF,DN437,49.463808,11.426903,0, ,0.0,0.0,0.0,0.0,2,4000,0,1,210,0,1,0

FINAL,R28,28,R,3
IF,DN437,49.463808,11.426903, ,0.0,0.0,2,4000,0,0,0,0,0,0
TF,OSNUB,49.474022,11.325944,0, ,0.0,0.0,275.0,4.0,2,4000,0,0,0,0,2,0
TF,RW28,49.496925,11.096025,0, ,0.0,0.0,275.0,9.1,1,1094,0,0,0,0,3,1
CF,DN440,49.525075,10.807528,0,NUB,274.6,9.0,275.0,11.4,0,0,0,0,0,0,0,1
DF,NUB,49.502919,11.035000,2, ,0.0,0.0,1,5000,0,1,250,0,0,0

