SID,GTQ1E,09,2
CD, ,0,0,0,SAD,0,0.0,84.0,2.5,0,0,0,0,0,0,0,0
VI,2, ,0.0,268.0,0,0,0,1,210,0,0,0
CF,D047M,49.128206,6.965189,0,GTQ,47.0,13.0,227.0,2.0,2,8000,0,0,0,0,0,0
TF,GTQ,48.986444,6.716222,0, ,0.0,0.0,0.0,0.0,0,0,0,0,0,0,0,0

SID,GTQ1L,09,5
CA,0,86.0,2,1500,0,0,0,0,0,0
CF,DR200,49.216611,7.179297,0,GTQ,51.7,22.9,86.0,2.2,0,0,0,0,0,0,0,1
DF,DR202,49.151950,7.181753,2, ,0.0,0.0,0,0,0,1,210,0,0,0
TF,DR203,49.151803,7.001672,0, ,0.0,0.0,0.0,0.0,0,0,0,0,0,0,0,0
TF,DR204,49.129631,6.963297,0, ,0.0,0.0,0.0,0.0,2,8000,0,0,0,0,0,0
TF,GTQ,48.986444,6.716222,0, ,0.0,0.0,0.0,0.0,0,0,0,0,0,0,0,0

SID,GTQ1M,27,5
CA,0,266.0,2,1500,0,0,0,0,0,0
CF,DR107,49.210447,6.973139,0,GTQ,35.9,16.8,266.0,4.9,0,0,0,0,0,0,0,0
TF,DR108,49.162900,6.918297,0, ,0.0,0.0,0.0,0.0,2,8000,0,0,0,0,0,0
TF,GTQ,48.986444,6.716222,0, ,0.0,0.0,0.0,0.0,0,0,0,0,0,0,0,0

SID,GTQ9W,27,2
VD, ,0,0,0,SAD,0.0,0.0,266.0,4.7,0,0,0,0,0,0,0,0
CF,D035M,49.165458,6.914744,0,GTQ,35.0,13.3,215.0,3.0,2,8000,0,0,0,0,0,0
TF,GTQ,48.986444,6.716222,0, ,0.0,0.0,0.0,0.0,0,0,0,0,0,0,0,0

SID,TOMP1K,09,5
CA,0,86.0,2,1500,0,0,0,0,0,0
DF,DR207,49.283194,7.095808,1, ,0.0,0.0,0,0,0,1,165,0,0,0
TF,TOMPI,49.391967,7.057569,0, ,0.0,0.0,0.0,0.0,0,0,0,0,0,0,0,0

SID,TOMP1L,09,5
CA,0,86.0,2,1500,0,0,0,0,0,0
CF,DR201,49.217400,7.207483,0,ZWN,263.2,8.3,86.0,3.4,0,0,0,0,0,0,0,1
DF,DR205,49.306661,7.246889,1, ,0.0,0.0,0,0,0,1,220,0,0,0
TF,TOMPI,49.391967,7.057569,0, ,0.0,0.0,0.0,0.0,0,0,0,0,0,0,0,0

SID,TOMP1M,27,5
CA,0,266.0,2,1500,0,0,0,0,0,0
CF,DR101,49.211128,6.996617,0,ZWN,264.4,16.6,266.0,3.9,0,0,0,0,0,0,0,1
DF,DR102,49.261686,6.948322,2, ,0.0,0.0,0,0,0,1,215,0,0,0
TF,TOMPI,49.391967,7.057569,0, ,0.0,0.0,0.0,0.0,0,0,0,0,0,0,0,0

SID,TOMP1N,27,5
CA,0,266.0,2,1500,0,0,0,0,0,0
DF,DR106,49.278067,7.097606,2, ,0.0,0.0,0,0,0,1,165,0,0,0
TF,TOMPI,49.391967,7.057569,0, ,0.0,0.0,0.0,0.0,0,0,0,0,0,0,0,0

SID,TOMP4W,27,2
VD, ,0,0,0,SAD,0.0,0.0,266.0,4.7,0,0,0,0,0,0,0,0
CF,TOMPI,49.391967,7.057569,2,GTQ,27.8,27.8,27.0,9.0,0,0,0,0,0,0,0,0

SID,TOMP6E,09,2
VD, ,0,0,0,SAD,0.0,0.0,86.0,3.6,0,0,0,0,0,0,0,0
CF,TOMPI,49.391967,7.057569,1,ZWN,302.8,17.2,303.0,10.0,0,0,0,1,220,0,0,0

SID,ZWN1L,09,5
CA,0,84.0,2,1500,0,0,0,0,0,0
CF,ZWN,49.229072,7.417892,0,ZWN,0.0,0.0,84.0,11.7,0,0,0,0,0,0,0,0

SID,ZWN1M,27,5
CA,0,266.0,2,1500,0,0,0,0,0,0
CF,DR101,49.211128,6.996617,0,ZWN,264.4,16.6,266.0,3.9,0,0,0,0,0,0,0,1
DF,DR102,49.261686,6.948322,2, ,0.0,0.0,0,0,0,1,215,0,0,0
TF,DR103,49.301067,6.981275,0, ,0.0,0.0,0.0,0.0,0,0,0,0,0,0,0,0
TF,DR104,49.300928,7.140636,0, ,0.0,0.0,0.0,0.0,0,0,0,0,0,0,0,0
TF,ZWN,49.229072,7.417892,0, ,0.0,0.0,0.0,0.0,0,0,0,0,0,0,0,0

SID,ZWN5W,27,2
VD, ,0,0,0,SAD,0.0,0.0,266.0,4.7,0,0,0,0,0,0,0,0
CF,D027T,49.277481,6.963011,2,GTQ,27.0,20.0,27.0,2.0,0,0,0,1,215,0,0,0
VI,0, ,0.0,88.0,0,0,0,0,0,0,0,0
CF,ZWN,49.229072,7.417892,0,ZWN,0.0,0.0,110.0,12.0,0,0,0,0,0,0,0,0

SID,ZWN8E,09,2
DF,ZWN,49.229072,7.417892,0, ,0.0,0.0,0,0,0,0,0,0,0,0

APPTR,D09,09,ZWN
IF,ZWN,49.229072,7.417892, ,0.0,0.0,2,4000,0,0,0,0,1,0
CF,D274V,49.266025,6.861133,0,ZWN,274.0,22.0,274.0,22.0,2,4000,0,0,0,0,0,1
CF,FD09,49.204331,6.902972,1,ZWN,264.0,20.3,84.0,2.0,2,3500,0,1,210,0,0,0

FINAL,D09,09,D,3
IF,FD09,49.204331,6.902972,ZWN,264.0,20.3,2,3500,0,0,0,0,2,0
CF,40DM2,49.209883,7.014481,0,ZWN,264.0,15.9,84.0,4.4,2,2100,0,0,0,0,0,0
CF,MD09,49.213006,7.078103,0,ZWN,264.0,13.4,84.0,2.5,1,1313,0,0,0,0,3,1
DF,ZWN,49.229072,7.417892,0, ,0.0,0.0,1,4000,0,0,0,0,0,0

APPTR,D27,27,ZWN
IF,ZWN,49.229072,7.417892, ,0.0,0.0,2,4000,0,0,0,0,1,0
CF,FD27,49.226139,7.354228,0,ZWN,265.0,2.5,265.0,2.5,2,4000,0,0,0,0,0,0

FINAL,D27,27,D,5
IF,FD27,49.226139,7.354228,ZWN,265.0,2.5,2,4000,0,0,0,0,2,0
CF,83DME,49.224842,7.326328,0,ZWN,265.0,3.6,265.0,1.1,2,3660,0,0,0,0,0,0
CF,46DME,49.220419,7.232247,0,ZWN,265.0,7.3,265.0,3.7,2,2490,0,0,0,0,0,0
CF,26DM3,49.218003,7.181536,0,ZWN,265.0,9.3,265.0,2.0,2,1850,0,0,0,0,0,0
CF,MD27,49.216175,7.143508,0,ZWN,265.0,10.8,265.0,1.5,1,1376,0,0,0,0,3,0
CF,D266K,49.207792,6.831478,0,ZWN,265.1,23.1,265.0,12.3,2,3500,0,0,0,0,0,0
CA,0,265.0,2,4000,0,0,0,0,0,0
VM,0,0,0,265.0,1,4000,0,0,0,0,0,0

APPTR,I27,27,ZWN
IF,ZWN,49.229072,7.417892, ,0.0,0.0,2,4000,0,0,0,0,1,0
CI,0,DSB,0.0,253.0,0,0,0,0,0,0,0,0

FINAL,I27,27,I,3
IF,CI27,49.222933,7.405306,DSB,85.4,12.2,2,4000,0,0,0,0,0,0
CF,OMESA,49.221553,7.354619,0,DSB,85.4,10.2,266.0,2.0,1,4000,0,0,0,0,2,0
CF,RW27,49.214931,7.122353,0,DSB,85.4,1.1,266.0,9.1,1,1114,0,0,0,0,3,0
CF,D266K,49.207792,6.831478,0,ZWN,265.1,23.1,266.0,11.5,2,3500,0,0,0,0,0,0
CA,0,266.0,2,4000,0,0,0,0,0,0
VM,0,0,0,266.0,1,4000,0,0,0,0,0,0

APPTR,Q27,27,ZWN
IF,ZWN,49.229072,7.417892, ,0.0,0.0,2,4000,0,0,0,0,1,0
CI,0, ,0.0,253.0,0,0,0,0,0,0,0,0
CF,OMESA,49.221553,7.354619,0,ZWN,258.7,2.5,266.0,2.0,2,4000,0,0,0,0,0,0

FINAL,Q27,27,N,6
IF,OMESA,49.221553,7.354619,SR,0.0,0.0,2,4000,0,0,0,0,2,0
CF,81DME,49.221228,7.321572,0,SR,0.0,0.0,266.0,1.3,2,3600,0,0,0,0,0,0
CF,46DM2,49.218219,7.232711,0,SR,0.0,0.0,266.0,3.5,2,2490,0,0,0,0,0,0
CF,SR,49.217769,7.219511,0,SR,0.0,0.0,266.0,0.5,2,2330,0,0,0,0,0,0
CF,26DM4,49.216472,7.181939,0,SR,0.0,0.0,266.0,1.5,2,1850,0,0,0,0,0,0
CF,MQ27,49.214603,7.128378,0,SAD,0.0,0.5,266.0,2.1,1,1185,0,0,0,0,3,0
FD,MQ27,49.214603,7.128378,0,SAD,0.0,3.0,266.0,3.0,0,0,0,0,0,0,0,0
CA,0,266.0,2,2500,0,0,0,0,0,0
CI,2, ,0.0,358.0,0,0,0,1,220,0,0,0
CF,D027Y,49.356583,7.017819,0,GTQ,27.0,25.2,27.0,9.0,0,0,0,0,0,0,0,1
CF,ZWN,49.229072,7.417892,2,ZWN,0.0,0.0,123.0,16.0,1,4000,0,0,0,0,0,0

APPTR,R09,09,TOMPI
IF,TOMPI,49.391967,7.057569, ,0.0,0.0,2,6000,0,0,0,0,1,0
TF,DR402,49.343981,6.914964,0, ,0.0,0.0,0.0,0.0,2,6000,0,0,0,0,0,0
TF,DR401,49.306903,6.805347,0, ,0.0,0.0,0.0,0.0,2,4000,0,1,210,0,0,0
TF,DR400,49.225506,6.778883,0, ,0.0,0.0,0.0,0.0,2,3500,0,0,0,0,1,0
TF,PETID,49.208275,6.903164,0, ,0.0,0.0,0.0,0.0,2,3500,0,0,0,0,0,0

APPTR,R09,09,ZWN
IF,ZWN,49.229072,7.417892, ,0.0,0.0,2,4000,0,0,0,0,1,0
TF,DR401,49.306903,6.805347,0, ,0.0,0.0,0.0,0.0,0,0,0,1,210,0,0,0
TF,DR400,49.225506,6.778883,0, ,0.0,0.0,0.0,0.0,2,3500,0,0,0,0,1,0
TF,PETID,49.208275,6.903164,0, ,0.0,0.0,0.0,0.0,2,3500,0,0,0,0,0,0

FINAL,R09,09,R,2
IF,PETID,49.208275,6.903164, ,0.0,0.0,2,3500,0,1,210,0,2,0
TF,RW09,49.214186,7.097111,0, ,0.0,0.0,86.0,7.6,1,1074,0,0,0,0,3,1
DF,ZWN,49.229072,7.417892,0, ,0.0,0.0,1,4000,0,0,0,0,0,0

APPTR,R27,27,ZWN
IF,ZWN,49.229072,7.417892, ,0.0,0.0,2,4000,0,0,0,0,1,0
TF,OMESA,49.221553,7.354619,0, ,0.0,0.0,0.0,0.0,2,4000,0,0,0,0,0,0

FINAL,R27,27,R,2
IF,OMESA,49.221553,7.354619, ,0.0,0.0,2,4000,0,0,0,0,2,0
TF,RW27,49.214931,7.122353,0, ,0.0,0.0,266.0,9.1,1,1108,0,0,0,0,3,1
CF,DR511,49.212467,7.039808,0,ZWN,264.3,14.9,266.0,3.3,0,0,0,0,0,0,0,1
CA,0,266.0,2,2500,0,0,0,0,0,0
CF,DR513,49.308500,6.986769,2,ZWN,283.9,17.6,358.0,4.0,0,0,0,0,0,0,0,0
TF,TOMPI,49.391967,7.057569,0, ,0.0,0.0,0.0,0.0,0,0,0,1,220,0,0,0
TF,ZWN,49.229072,7.417892,0, ,0.0,0.0,0.0,0.0,1,4000,0,0,0,0,0,0

