APPTR,R25,25,LUXVE
IF,LUXVE,61.280272,25.930678, ,0.0,0.0,2,2800,0,1,180,0,1,0
TF,ADBUT,61.203175,25.995022,0, ,0.0,0.0,0.0,0.0,2,2800,0,0,0,0,0,0

APPTR,R25,25,REJOW
IF,REJOW,61.126044,26.059053, ,0.0,0.0,2,2800,0,1,180,0,1,0
TF,ADBUT,61.203175,25.995022,0, ,0.0,0.0,0.0,0.0,2,2800,0,0,0,0,0,0

FINAL,R25,25,R,3
IF,ADBUT,61.203175,25.995022, ,0.0,0.0,2,2800,0,0,0,0,1,0
TF,VETXA,61.177311,25.861986,0, ,0.0,0.0,238.0,4.2,2,2400,0,0,0,0,2,0
TF,RW25,61.146189,25.703050,0, ,0.0,0.0,238.0,5.0,1,547,0,0,0,0,3,1
TF,PAZGU,61.086192,25.400017,0, ,0.0,0.0,0.0,0.0,0,0,0,0,0,0,0,0
TF,BUGEF,61.163011,25.334494,0, ,0.0,0.0,0.0,0.0,1,2800,0,0,0,0,0,1

