SID,IDNI3P,12,5
CA,0,116.0,2,440,0,0,0,0,0,0
DF,CICHU,61.412944,21.940881,0, ,0.0,0.0,0,0,0,1,200,0,0,0
TF,IDNIS,61.090833,22.076667,0, ,0.0,0.0,0.0,0.0,0,0,0,0,0,0,0,0

SID,IDNI3R,30,5
CA,0,296.0,2,440,0,0,0,0,0,0
DF,GINZE,61.510800,21.657147,0, ,0.0,0.0,0,0,0,1,200,0,0,0
TF,FIDHI,61.443364,21.555631,0, ,0.0,0.0,0.0,0.0,0,0,0,1,220,0,0,0
TF,RUBOP,61.388333,21.715833,0, ,0.0,0.0,0.0,0.0,0,0,0,0,0,0,0,0
TF,IDNIS,61.090833,22.076667,0, ,0.0,0.0,0.0,0.0,0,0,0,0,0,0,0,0

SID,KEFA3P,12,5
CA,0,116.0,2,440,0,0,0,0,0,0
DF,CICHU,61.412944,21.940881,0, ,0.0,0.0,0,0,0,1,200,0,0,0
TF,MITWI,61.345483,21.839750,0, ,0.0,0.0,0.0,0.0,0,0,0,1,220,0,0,0
TF,RUBOP,61.388333,21.715833,0, ,0.0,0.0,0.0,0.0,0,0,0,0,0,0,0,0
TF,KEFFA,61.301944,21.192500,0, ,0.0,0.0,0.0,0.0,0,0,0,0,0,0,0,0

SID,KEFA3R,30,5
CA,0,296.0,2,440,0,0,0,0,0,0
DF,GINZE,61.510800,21.657147,0, ,0.0,0.0,0,0,0,1,200,0,0,0
TF,FIDHI,61.443364,21.555631,0, ,0.0,0.0,0.0,0.0,0,0,0,1,220,0,0,0
TF,KEFFA,61.301944,21.192500,0, ,0.0,0.0,0.0,0.0,0,0,0,0,0,0,0,0

SID,NIFO3P,12,5
CA,0,116.0,2,440,0,0,0,0,0,0
DF,CICHU,61.412944,21.940881,0, ,0.0,0.0,0,0,0,1,200,0,0,0
TF,MITWI,61.345483,21.839750,0, ,0.0,0.0,0.0,0.0,0,0,0,1,220,0,0,0
TF,NIFOT,61.143889,21.651944,0, ,0.0,0.0,0.0,0.0,0,0,0,0,0,0,0,0

SID,NIFO3R,30,5
CA,0,296.0,2,440,0,0,0,0,0,0
DF,GINZE,61.510800,21.657147,0, ,0.0,0.0,0,0,0,1,200,0,0,0
TF,FIDHI,61.443364,21.555631,0, ,0.0,0.0,0.0,0.0,0,0,0,1,220,0,0,0
TF,RUBOP,61.388333,21.715833,0, ,0.0,0.0,0.0,0.0,0,0,0,0,0,0,0,0
TF,NIFOT,61.143889,21.651944,0, ,0.0,0.0,0.0,0.0,0,0,0,0,0,0,0,0

SID,OSDI3P,12,5
CA,0,116.0,2,440,0,0,0,0,0,0
DF,CICHU,61.412944,21.940881,0, ,0.0,0.0,0,0,0,1,200,0,0,0
TF,EMWUT,61.480331,22.042453,0, ,0.0,0.0,0.0,0.0,0,0,0,0,0,0,0,0
TF,OSDIL,61.714167,21.960278,0, ,0.0,0.0,0.0,0.0,0,0,0,0,0,0,0,0

SID,OSDI3R,30,5
CA,0,296.0,2,440,0,0,0,0,0,0
DF,GINZE,61.510800,21.657147,0, ,0.0,0.0,0,0,0,1,200,0,0,0
TF,SOBQE,61.578161,21.759108,0, ,0.0,0.0,0.0,0.0,0,0,0,1,220,0,0,0
TF,OSDIL,61.714167,21.960278,0, ,0.0,0.0,0.0,0.0,0,0,0,0,0,0,0,0

SID,ROGT3P,12,5
CA,0,116.0,2,440,0,0,0,0,0,0
DF,CICHU,61.412944,21.940881,0, ,0.0,0.0,0,0,0,1,200,0,0,0
TF,MITWI,61.345483,21.839750,0, ,0.0,0.0,0.0,0.0,0,0,0,1,220,0,0,0
TF,RUBOP,61.388333,21.715833,0, ,0.0,0.0,0.0,0.0,0,0,0,0,0,0,0,0
TF,ROGTU,61.491944,20.969722,0, ,0.0,0.0,0.0,0.0,0,0,0,0,0,0,0,0

SID,ROGT3R,30,5
CA,0,296.0,2,440,0,0,0,0,0,0
DF,GINZE,61.510800,21.657147,0, ,0.0,0.0,0,0,0,1,200,0,0,0
TF,ROGTU,61.491944,20.969722,0, ,0.0,0.0,0.0,0.0,0,0,0,0,0,0,0,0

SID,UMSE3P,12,5
CA,0,116.0,2,440,0,0,0,0,0,0
DF,CICHU,61.412944,21.940881,0, ,0.0,0.0,0,0,0,1,200,0,0,0
TF,UMSES,61.103611,22.153056,0, ,0.0,0.0,0.0,0.0,0,0,0,0,0,0,0,0

SID,UMSE3R,30,5
CA,0,296.0,2,440,0,0,0,0,0,0
DF,GINZE,61.510800,21.657147,0, ,0.0,0.0,0,0,0,1,200,0,0,0
TF,FIDHI,61.443364,21.555631,0, ,0.0,0.0,0.0,0.0,0,0,0,1,220,0,0,0
TF,RUBOP,61.388333,21.715833,0, ,0.0,0.0,0.0,0.0,0,0,0,0,0,0,0,0
TF,UMSES,61.103611,22.153056,0, ,0.0,0.0,0.0,0.0,0,0,0,0,0,0,0,0

SID,XORM3P,12,5
CA,0,116.0,2,440,0,0,0,0,0,0
DF,CICHU,61.412944,21.940881,0, ,0.0,0.0,0,0,0,1,200,0,0,0
TF,XORMU,61.324444,22.648333,0, ,0.0,0.0,0.0,0.0,0,0,0,0,0,0,0,0

SID,XORM3R,30,5
CA,0,296.0,2,440,0,0,0,0,0,0
DF,GINZE,61.510800,21.657147,0, ,0.0,0.0,0,0,0,1,200,0,0,0
TF,SOBQE,61.578161,21.759108,0, ,0.0,0.0,0.0,0.0,0,0,0,1,220,0,0,0
TF,VESAP,61.523056,21.918889,0, ,0.0,0.0,0.0,0.0,0,0,0,0,0,0,0,0
TF,PIBIR,61.427253,22.194783,0, ,0.0,0.0,0.0,0.0,0,0,0,0,0,0,0,0
TF,XORMU,61.324444,22.648333,0, ,0.0,0.0,0.0,0.0,0,0,0,0,0,0,0,0

STAR,IDNI4A,12,5
IF,IDNIS,61.090833,22.076667, ,0.0,0.0,2,10000,0,0,0,0,0,0
TF,RUBOP,61.388333,21.715833,0, ,0.0,0.0,0.0,0.0,0,0,0,0,0,0,0,0
TF,MABOM,61.496781,21.399019,0, ,0.0,0.0,0.0,0.0,2,2200,0,1,240,0,0,0
TF,REPLU,61.564453,21.500022,0, ,0.0,0.0,0.0,0.0,2,2200,0,0,0,0,0,0

STAR,IDNI4B,30,5
IF,IDNIS,61.090833,22.076667, ,0.0,0.0,2,10000,0,0,0,0,0,0
TF,TUXEL,61.292861,21.991108,0, ,0.0,0.0,0.0,0.0,2,2200,0,1,240,0,0,0
TF,ULVIS,61.360094,22.092728,0, ,0.0,0.0,0.0,0.0,2,2200,0,0,0,0,0,0

STAR,KEFA2A,12,5
IF,KEFFA,61.301944,21.192500, ,0.0,0.0,2,10000,0,0,0,0,0,0
TF,MABOM,61.496781,21.399019,0, ,0.0,0.0,0.0,0.0,2,2200,0,1,240,0,0,0
TF,REPLU,61.564453,21.500022,0, ,0.0,0.0,0.0,0.0,2,2200,0,0,0,0,0,0

STAR,KEFA2B,30,5
IF,KEFFA,61.301944,21.192500, ,0.0,0.0,2,10000,0,0,0,0,0,0
TF,RUBOP,61.388333,21.715833,0, ,0.0,0.0,0.0,0.0,0,0,0,0,0,0,0,0
TF,TUXEL,61.292861,21.991108,0, ,0.0,0.0,0.0,0.0,2,2200,0,1,240,0,0,0
TF,ULVIS,61.360094,22.092728,0, ,0.0,0.0,0.0,0.0,2,2200,0,0,0,0,0,0

STAR,NIFO2A,12,5
IF,NIFOT,61.143889,21.651944, ,0.0,0.0,2,10000,0,0,0,0,0,0
TF,RUBOP,61.388333,21.715833,0, ,0.0,0.0,0.0,0.0,0,0,0,0,0,0,0,0
TF,MABOM,61.496781,21.399019,0, ,0.0,0.0,0.0,0.0,2,2200,0,1,240,0,0,0
TF,REPLU,61.564453,21.500022,0, ,0.0,0.0,0.0,0.0,2,2200,0,0,0,0,0,0

STAR,NIFO2B,30,5
IF,NIFOT,61.143889,21.651944, ,0.0,0.0,2,10000,0,0,0,0,0,0
TF,TUXEL,61.292861,21.991108,0, ,0.0,0.0,0.0,0.0,2,2200,0,1,240,0,0,0
TF,ULVIS,61.360094,22.092728,0, ,0.0,0.0,0.0,0.0,2,2200,0,0,0,0,0,0

STAR,OSDI4A,12,5
IF,OSDIL,61.714167,21.960278, ,0.0,0.0,2,10000,0,0,0,0,0,0
TF,VANOT,61.632050,21.601464,0, ,0.0,0.0,0.0,0.0,2,2200,0,1,240,0,0,0
TF,REPLU,61.564453,21.500022,0, ,0.0,0.0,0.0,0.0,2,2200,0,0,0,0,0,0

STAR,OSDI5B,30,5
IF,OSDIL,61.714167,21.960278, ,0.0,0.0,2,10000,0,0,0,0,0,0
TF,VESAP,61.523056,21.918889,0, ,0.0,0.0,0.0,0.0,0,0,0,0,0,0,0,0
TF,PIBIR,61.427253,22.194783,0, ,0.0,0.0,0.0,0.0,2,2200,0,1,240,0,0,0
TF,ULVIS,61.360094,22.092728,2, ,0.0,0.0,0.0,0.0,2,2200,0,0,0,0,0,0

STAR,ROGT4A,12,5
IF,ROGTU,61.491944,20.969722, ,0.0,0.0,2,10000,0,0,0,0,0,0
TF,REPLU,61.564453,21.500022,0, ,0.0,0.0,0.0,0.0,2,2200,0,0,0,0,0,0

STAR,ROGT4B,30,5
IF,ROGTU,61.491944,20.969722, ,0.0,0.0,2,10000,0,0,0,0,0,0
TF,RUBOP,61.388333,21.715833,0, ,0.0,0.0,0.0,0.0,0,0,0,0,0,0,0,0
TF,TUXEL,61.292861,21.991108,0, ,0.0,0.0,0.0,0.0,2,2200,0,1,240,0,0,0
TF,ULVIS,61.360094,22.092728,0, ,0.0,0.0,0.0,0.0,2,2200,0,0,0,0,0,0

STAR,XORM4A,12,5
IF,XORMU,61.324444,22.648333, ,0.0,0.0,2,10000,0,0,0,0,0,0
TF,VESAP,61.523056,21.918889,0, ,0.0,0.0,0.0,0.0,0,0,0,0,0,0,0,0
TF,VANOT,61.632050,21.601464,0, ,0.0,0.0,0.0,0.0,2,2200,0,1,240,0,0,0
TF,REPLU,61.564453,21.500022,0, ,0.0,0.0,0.0,0.0,2,2200,0,0,0,0,0,0

STAR,XORM4B,30,5
IF,XORMU,61.324444,22.648333, ,0.0,0.0,2,10000,0,0,0,0,0,0
TF,ULVIS,61.360094,22.092728,0, ,0.0,0.0,0.0,0.0,2,2200,0,0,0,0,0,0

APPTR,D12,12,IDNIS
IF,IDNIS,61.090833,22.076667, ,0.0,0.0,2,10000,0,0,0,0,1,0
FD,IDNIS,61.090833,22.076667,0,PRI,150.0,12.0,330.0,12.0,2,2200,0,0,0,0,0,0
CI,0, ,0.0,330.0,2,2200,0,0,0,0,0,0
AF,CD12,61.559619,21.510439,2,PRI,295.0,10.0,150.0,2,2200,0,0,0,0,1,0

APPTR,D12,12,KEFFA
IF,KEFFA,61.301944,21.192500, ,0.0,0.0,2,10000,0,0,0,0,1,0
TF,D231N,61.350881,21.372342,0, ,0.0,0.0,0.0,0.0,2,7000,0,0,0,0,0,0
FD,D231N,61.350881,21.372342,0,PRI,230.9,12.0,51.0,12.0,2,2200,0,0,0,0,0,0
CI,0, ,0.0,51.0,0,0,0,0,0,0,0,0
AF,CD12,61.559619,21.510439,2,PRI,295.0,10.0,231.0,2,2200,0,0,0,0,0,0

APPTR,D12,12,LEGMA
HF,LEGMA,61.511944,21.653056,2, ,0.0,0.0,115.0,04.3,2,2200,0,0,0,0,1,0,0

APPTR,D12,12,NIFOT
IF,NIFOT,61.143889,21.651944, ,0.0,0.0,2,10000,0,0,0,0,1,0
TF,D183N,61.237169,21.693492,0, ,0.0,0.0,0.0,0.0,2,7000,0,0,0,0,0,0
FD,D183N,61.237169,21.693492,0,PRI,182.2,12.0,3.0,12.0,2,2200,0,0,0,0,0,0
CI,0, ,0.0,3.0,2,2200,0,0,0,0,0,0
AF,CD12,61.559619,21.510439,2,PRI,295.0,10.0,183.0,2,2200,0,0,0,0,1,0

APPTR,D12,12,OSDIL
IF,OSDIL,61.714167,21.960278, ,0.0,0.0,2,10000,0,0,0,0,1,0
FD,OSDIL,61.714167,21.960278,0,PRI,7.4,12.0,188.0,12.0,2,2200,0,0,0,0,0,0
CI,0, ,0.0,188.0,2,2200,0,0,0,0,0,0
AF,CD12,61.559619,21.510439,1,PRI,295.0,10.0,8.0,2,2200,0,0,0,0,1,0

APPTR,D12,12,ROGTU
IF,ROGTU,61.491944,20.969722, ,0.0,0.0,2,10000,0,0,0,0,1,0
TF,D265O,61.482394,21.275983,0, ,0.0,0.0,0.0,0.0,2,2200,0,0,0,0,0,0
TF,CD12,61.559619,21.510439,0, ,0.0,0.0,0.0,0.0,2,2200,0,0,0,0,1,0

FINAL,D12,12,D,3
IF,CD12,61.559619,21.510439,PRI,295.0,10.0,2,2200,0,0,0,0,0,0
CF,LEGMA,61.511944,21.653056,0,PRI,294.8,5.0,115.0,5.0,2,1800,0,0,0,0,2,0
CF,RW12,61.467614,21.782789,0,PRI,285.8,0.4,115.0,4.6,1,94,0,0,0,0,3,0
CF,PRI,61.464594,21.795858,0,PRI,0.0,0.0,115.0,0.4,2,450,0,0,0,0,0,1
CF,PITUM,61.404722,21.962222,0,PRI,116.9,6.0,117.0,6.0,1,2200,0,0,0,0,0,1

APPTR,D30,30,IDNIS
IF,IDNIS,61.090833,22.076667, ,0.0,0.0,2,10000,0,0,0,0,1,0
FD,IDNIS,61.090833,22.076667,0,PRI,150.0,15.0,330.0,15.0,2,2200,0,0,0,0,0,0
CF,CD30,61.354231,22.099947,0,PRI,117.0,11.0,20.0,8.2,2,2200,0,0,0,0,1,0

APPTR,D30,30,NIFOT
IF,NIFOT,61.143889,21.651944, ,0.0,0.0,2,10000,0,0,0,0,1,0
FD,NIFOT,61.143889,21.651944,0,PRI,182.2,13.0,3.0,13.0,2,8000,0,0,0,0,0,0
CI,0, ,0.0,3.0,2,2200,0,0,0,0,0,0
AF,CD30,61.354231,22.099947,1,PRI,117.0,11.0,183.0,2,2200,0,0,0,0,1,0

APPTR,D30,30,OSDIL
IF,OSDIL,61.714167,21.960278, ,0.0,0.0,2,10000,0,0,0,0,1,0
FD,OSDIL,61.714167,21.960278,0,PRI,7.4,13.0,188.0,13.0,2,2200,0,0,0,0,0,0
CI,0, ,0.0,188.0,2,2200,0,0,0,0,0,0
AF,CD30,61.354231,22.099947,2,PRI,117.0,11.0,8.0,2,2200,0,0,0,0,1,0

APPTR,D30,30,PITUM
HF,PITUM,61.404722,21.962222,2, ,0.0,0.0,297.0,04.3,2,2200,0,0,0,0,1,0,0

APPTR,D30,30,XORMU
IF,XORMU,61.324444,22.648333, ,0.0,0.0,2,10000,0,0,0,0,1,0
FD,XORMU,61.324444,22.648333,0,PRI,98.6,15.0,279.0,15.0,2,2200,0,0,0,0,0,0
CF,CD30,61.354231,22.099947,0,PRI,117.0,11.0,245.0,6.0,2,2200,0,0,0,0,1,0

FINAL,D30,30,D,4
IF,CD30,61.354231,22.099947,PRI,117.0,11.0,2,2200,0,0,0,0,0,0
CF,PITUM,61.404722,21.962222,0,PRI,116.9,6.0,297.0,5.0,2,1800,0,0,0,0,2,0
CF,45VOR,61.419683,21.920761,0,PRI,116.9,4.5,297.0,1.5,2,1320,0,0,0,0,0,0
CF,RW30,61.457586,21.811872,0,PRI,122.4,0.6,297.0,3.9,1,85,0,0,0,0,3,0
CF,PRI,61.464594,21.795858,0,PRI,0.0,0.0,297.0,0.6,2,450,0,0,0,0,0,1
CF,LEGMA,61.511944,21.653056,0,PRI,294.8,5.0,295.0,5.0,1,2200,0,0,0,0,0,1

APPTR,I30-Y,30,IDNIS
IF,IDNIS,61.090833,22.076667, ,0.0,0.0,2,10000,0,0,0,0,1,0
FD,IDNIS,61.090833,22.076667,0,PRI,150.0,15.0,330.0,15.0,2,2200,0,0,0,0,0,0
CF,D117K,61.354231,22.099947,0,PRI,117.0,11.0,20.0,8.1,2,2200,0,0,0,0,1,0
CF,CI30Y,61.389050,22.009617,0,PO,115.8,8.3,297.0,3.3,2,1700,0,0,0,0,0,0

APPTR,I30-Y,30,NIFOT
IF,NIFOT,61.143889,21.651944, ,0.0,0.0,2,10000,0,0,0,0,1,0
FD,NIFOT,61.143889,21.651944,0,PRI,182.2,13.0,3.0,13.0,2,8000,0,0,0,0,0,0
CI,0, ,0.0,3.0,2,2200,0,0,0,0,0,0
AF,D129K,61.326392,22.045439,1,PRI,129.0,11.0,183.0,2,2200,0,0,0,0,0,0
CF,CI30Y,61.389050,22.009617,0,PO,115.8,8.3,297.0,3.0,2,1700,0,0,0,0,0,0

APPTR,I30-Y,30,OSDIL
IF,OSDIL,61.714167,21.960278, ,0.0,0.0,2,10000,0,0,0,0,1,0
FD,OSDIL,61.714167,21.960278,0,PRI,7.4,13.0,188.0,13.0,2,2200,0,0,0,0,0,0
CI,0, ,0.0,188.0,2,2200,0,0,0,0,0,0
AF,D105K,61.386894,22.141306,2,PRI,105.0,11.0,8.0,2,2200,0,0,0,0,0,0
CF,CI30Y,61.389050,22.009617,0,PO,115.8,8.3,297.0,3.0,2,1700,0,0,0,0,0,0

APPTR,I30-Y,30,XORMU
IF,XORMU,61.324444,22.648333, ,0.0,0.0,2,10000,0,0,0,0,1,0
FD,XORMU,61.324444,22.648333,0,PRI,98.6,15.0,279.0,15.0,2,2200,0,0,0,0,0,0
CF,D117K,61.354231,22.099947,0,PRI,117.0,11.0,245.0,5.7,2,2200,0,0,0,0,1,0
CF,CI30Y,61.389050,22.009617,0,PO,115.8,8.3,297.0,3.3,2,1700,0,0,0,0,0,0

FINAL,I30-Y,30,I,3
IF,CI30Y,61.389050,22.009617,PO,115.8,8.3,2,1700,0,0,0,0,0,0
CF,FI30Y,61.408564,21.953489,0,PO,115.8,6.3,296.0,2.0,1,1700,0,0,0,0,2,0
CF,RW30,61.457586,21.811872,0,PO,115.8,1.2,296.0,5.0,1,85,0,0,0,0,3,0
CA,0,296.0,2,450,0,0,0,0,0,0
CF,LEGMA,61.511944,21.653056,0,PRI,294.8,5.0,295.0,4.9,1,2200,0,0,0,0,0,1

APPTR,I30-Z,30,PIBIR
IF,PIBIR,61.427253,22.194783, ,0.0,0.0,2,2200,0,1,240,0,1,0
TF,ULVIS,61.360094,22.092728,0,PO,0.0,0.0,0.0,0.0,2,2200,0,0,0,0,1,0

APPTR,I30-Z,30,TUXEL
IF,TUXEL,61.292861,21.991108, ,0.0,0.0,2,2200,0,1,240,0,1,0
TF,ULVIS,61.360094,22.092728,0,PO,0.0,0.0,0.0,0.0,2,2200,0,0,0,0,1,0

APPTR,I30-Z,30,ULVIS
HF,ULVIS,61.360094,22.092728,2, ,0.0,0.0,26.0,04.3,2,2200,0,0,0,0,1,0,0

FINAL,I30-Z,30,I,3
IF,ULVIS,61.360094,22.092728,PO,115.8,11.2,2,2200,0,0,0,0,0,0
CF,ASBUD,61.408214,21.954500,0,PO,115.8,6.3,296.0,4.9,1,1700,0,0,0,0,2,0
CF,RW30,61.457586,21.811872,0,PO,115.8,1.2,296.0,5.1,1,85,0,0,0,0,3,1
CA,0,296.0,2,500,0,0,0,0,0,0
DF,REPLU,61.564453,21.500022,0, ,0.0,0.0,1,2200,0,0,0,0,0,1

APPTR,R12,12,MABOM
IF,MABOM,61.496781,21.399019, ,0.0,0.0,2,2200,0,1,240,0,1,0
TF,REPLU,61.564453,21.500022,0, ,0.0,0.0,0.0,0.0,2,2200,0,0,0,0,1,0

APPTR,R12,12,REPLU
HF,REPLU,61.564453,21.500022,2, ,0.0,0.0,116.0,04.3,2,2200,0,1,230,0,1,0,0

APPTR,R12,12,VANOT
IF,VANOT,61.632050,21.601464, ,0.0,0.0,2,2200,0,1,240,0,1,0
TF,REPLU,61.564453,21.500022,0, ,0.0,0.0,0.0,0.0,2,2200,0,0,0,0,1,0

FINAL,R12,12,R,3
IF,REPLU,61.564453,21.500022, ,0.0,0.0,2,2200,0,0,0,0,0,0
TF,XENPO,61.517375,21.637944,0, ,0.0,0.0,116.0,4.9,2,2000,0,0,0,0,2,0
TF,RW12,61.467614,21.782789,0, ,0.0,0.0,116.0,5.1,1,94,0,0,0,0,3,1
TF,ULVIS,61.360094,22.092728,0, ,0.0,0.0,0.0,0.0,1,2200,0,0,0,0,0,1

APPTR,R30,30,PIBIR
IF,PIBIR,61.427253,22.194783, ,0.0,0.0,2,2200,0,1,240,0,1,0
TF,ULVIS,61.360094,22.092728,0, ,0.0,0.0,0.0,0.0,2,2200,0,0,0,0,1,0

APPTR,R30,30,TUXEL
IF,TUXEL,61.292861,21.991108, ,0.0,0.0,2,2200,0,1,240,0,1,0
TF,ULVIS,61.360094,22.092728,0, ,0.0,0.0,0.0,0.0,2,2200,0,0,0,0,1,0

APPTR,R30,30,ULVIS
HF,ULVIS,61.360094,22.092728,2, ,0.0,0.0,26.0,04.3,2,2200,0,1,230,0,1,0,0

FINAL,R30,30,R,3
IF,ULVIS,61.360094,22.092728, ,0.0,0.0,2,2200,0,0,0,0,0,0
TF,ASBUD,61.408214,21.954500,0, ,0.0,0.0,296.0,4.9,2,1700,0,0,0,0,2,0
TF,RW30,61.457586,21.811872,0, ,0.0,0.0,296.0,5.1,1,85,0,0,0,0,3,1
TF,REPLU,61.564453,21.500022,0, ,0.0,0.0,0.0,0.0,1,2200,0,0,0,0,0,1

