SID,ADME1M,33,5
CA,0,326.0,2,840,0,0,0,0,0,0
CF,BBN31,52.491017,-1.789386,0,SWB,119.7,36.9,326.0,1.8,2,1500,0,0,0,0,0,1
CF,BBE21,52.529578,-1.672319,2,SWB,113.6,39.6,102.0,3.0,2,2000,0,1,220,0,0,0
TF,BBE20,52.461397,-1.561619,0, ,0.0,0.0,0.0,0.0,0,0,0,1,250,0,0,0
TF,ADMEX,52.360889,-1.462447,0, ,0.0,0.0,0.0,0.0,1,6000,0,0,0,0,0,0

SID,BRUM1M,33,5
CA,0,326.0,2,840,0,0,0,0,0,0
CF,BBW01,52.523250,-1.825333,0,SWB,118.0,34.8,326.0,4.1,2,1500,0,0,0,0,0,0
TF,BBW02,52.507842,-1.908519,0, ,0.0,0.0,0.0,0.0,0,0,0,1,220,0,0,0
TF,BBW04,52.458206,-1.945317,0, ,0.0,0.0,0.0,0.0,2,3000,0,1,250,0,0,0
TF,BRUMI,52.377003,-2.005317,0, ,0.0,0.0,0.0,0.0,1,6000,0,0,0,0,0,0

SID,COWL2Y,15,5
CA,0,146.0,2,900,0,1,210,0,0,0
CF,BBS02,52.412467,-1.702069,0,CPT,342.3,58.2,146.0,2.0,0,0,0,1,210,0,0,0
TF,BBS04,52.382081,-1.689553,0, ,0.0,0.0,0.0,0.0,0,0,0,1,210,0,0,0
TF,BBS06,52.352903,-1.665872,0, ,0.0,0.0,0.0,0.0,0,0,0,1,210,0,0,0
TF,BBE13,52.256517,-1.566356,0, ,0.0,0.0,0.0,0.0,2,4000,0,1,250,0,0,0
TF,BBE17,52.196531,-1.518711,0, ,0.0,0.0,0.0,0.0,1,6000,0,1,250,0,0,0
TF,COWLY,51.615994,-1.064922,0, ,0.0,0.0,0.0,0.0,1,6000,0,1,250,0,0,0

SID,CPT2Y,15,5
CA,0,146.0,2,900,0,1,210,0,0,0
CF,BBS02,52.412467,-1.702069,0,CPT,342.3,58.2,146.0,2.0,0,0,0,1,210,0,0,0
TF,BBS04,52.382081,-1.689553,0, ,0.0,0.0,0.0,0.0,0,0,0,1,210,0,0,0
TF,BBS06,52.352903,-1.665872,0, ,0.0,0.0,0.0,0.0,0,0,0,1,210,0,0,0
TF,BBS13,52.247642,-1.596408,0, ,0.0,0.0,0.0,0.0,2,4000,0,1,250,0,0,0
TF,BBS17,52.183975,-1.564175,0, ,0.0,0.0,0.0,0.0,1,6000,0,1,250,0,0,0
TF,CPT,51.491572,-1.219692,0, ,0.0,0.0,0.0,0.0,1,6000,0,1,250,0,0,0

SID,DTY2Y,15,5
CA,0,146.0,2,900,0,1,210,0,0,0
CF,BBS02,52.412467,-1.702069,0,MCT,160.0,60.3,146.0,2.0,0,0,0,1,210,0,0,0
TF,BBS04,52.382081,-1.689553,0, ,0.0,0.0,0.0,0.0,0,0,0,1,210,0,0,0
TF,BBS06,52.352903,-1.665872,0, ,0.0,0.0,0.0,0.0,0,0,0,1,210,0,0,0
TF,BBE09,52.342864,-1.578144,0, ,0.0,0.0,0.0,0.0,0,0,0,1,250,0,0,0
TF,BBE12,52.314661,-1.488636,0, ,0.0,0.0,0.0,0.0,2,4000,0,1,250,0,0,0
TF,BBE16,52.281178,-1.394736,0, ,0.0,0.0,0.0,0.0,2,5000,0,1,250,0,0,0
TF,BBE19,52.256014,-1.324406,0, ,0.0,0.0,0.0,0.0,1,6000,0,1,250,0,0,0
TF,DTY,52.180142,-1.113789,0, ,0.0,0.0,0.0,0.0,1,6000,0,1,250,0,0,0

SID,LUVU1M,33,5
CA,0,326.0,2,840,0,0,0,0,0,0
CF,BBN30,52.493517,-1.792167,0,SWB,119.6,36.7,326.0,1.9,2,1500,0,1,250,0,0,0
TF,BBN32,52.664889,-1.757175,0, ,0.0,0.0,0.0,0.0,2,5000,0,0,0,0,0,0
TF,LUVUM,52.714447,-1.747003,0, ,0.0,0.0,0.0,0.0,1,6000,0,0,0,0,0,0

SID,LUVU1Y,15,5
CA,0,146.0,2,840,0,0,0,0,0,0
CF,BBE23,52.401094,-1.689461,0,SWB,123.4,42.8,146.0,3.0,0,0,0,1,200,0,0,0
TF,BBE24,52.411319,-1.615236,0, ,0.0,0.0,0.0,0.0,2,2000,0,0,0,0,0,0
TF,BBE25,52.455456,-1.596117,0, ,0.0,0.0,0.0,0.0,0,0,0,1,210,0,0,0
TF,BBN11,52.512058,-1.601458,0, ,0.0,0.0,0.0,0.0,0,0,0,1,250,0,0,0
TF,BBN12,52.638700,-1.692358,0, ,0.0,0.0,0.0,0.0,2,5000,0,0,0,0,0,0
TF,LUVUM,52.714447,-1.747003,0, ,0.0,0.0,0.0,0.0,1,6000,0,0,0,0,0,0

SID,LUXT15,15,2
CF,D144B,52.419022,-1.709700,0,SWB,122.8,41.6,146.0,2.0,0,0,0,0,0,0,0,1
CF,D153D,52.385592,-1.695000,0,SWB,124.6,43.2,165.0,2.0,0,0,0,0,0,0,0,1
DF,LUXTO,52.141850,-2.060661,2, ,0.0,0.0,0,0,0,0,0,0,0,0

SID,MOSU15,15,2
CF,D144B,52.419022,-1.709700,0,SWB,122.8,41.6,146.0,2.0,0,0,0,0,0,0,0,1
CF,D153D,52.385592,-1.695000,0,SWB,124.6,43.2,165.0,2.0,0,0,0,0,0,0,0,1
DF,MOSUN,51.893803,-2.436136,2, ,0.0,0.0,0,0,0,0,0,0,0,0

SID,UNGA1M,33,5
CA,0,326.0,2,840,0,0,0,0,0,0
CF,BBN31,52.491017,-1.789386,0,SWB,119.7,36.9,326.0,1.8,2,1500,0,0,0,0,0,1
CF,BBE21,52.529578,-1.672319,2,SWB,113.6,39.6,102.0,3.0,2,2000,0,1,220,0,0,1
TF,BBE20,52.461397,-1.561619,0, ,0.0,0.0,0.0,0.0,0,0,0,1,250,0,0,0
TF,UNGAP,52.358192,-1.394158,0, ,0.0,0.0,0.0,0.0,1,6000,0,0,0,0,0,0

STAR,AMPI1B,ALL,5
IF,AMPIT,53.194281,-3.192386, ,0.0,0.0,0,0,0,0,0,0,0,0
TF,NOKIN,53.076667,-2.882847,0, ,0.0,0.0,0.0,0.0,1,20000,0,0,0,0,0,0
TF,CREWE,52.818569,-2.307472,0, ,0.0,0.0,0.0,0.0,0,0,0,0,0,0,0,0
TF,CHASE,52.613197,-1.917200,0, ,0.0,0.0,0.0,0.0,1,9000,0,1,210,0,0,0

STAR,BEGA1B,ALL,5
IF,BEGAM,54.156900,-2.120953, ,0.0,0.0,0,0,0,0,0,0,0,0
TF,MCT,53.357025,-2.262289,0, ,0.0,0.0,0.0,0.0,1,20000,0,0,0,0,0,0
TF,VEGAR,53.042711,-1.973175,0, ,0.0,0.0,0.0,0.0,0,0,0,0,0,0,0,0
TF,ELEZE,52.738883,-1.933467,0, ,0.0,0.0,0.0,0.0,0,0,0,1,250,0,0,0
TF,CHASE,52.613197,-1.917200,0, ,0.0,0.0,0.0,0.0,1,9000,0,1,210,0,0,0

STAR,CROF1B,ALL,5
IF,CROFT,53.626914,-2.538847, ,0.0,0.0,0,0,0,0,0,0,0,0
TF,MCT,53.357025,-2.262289,0, ,0.0,0.0,0.0,0.0,1,20000,0,0,0,0,0,0
TF,VEGAR,53.042711,-1.973175,0, ,0.0,0.0,0.0,0.0,0,0,0,0,0,0,0,0
TF,ELEZE,52.738883,-1.933467,0, ,0.0,0.0,0.0,0.0,0,0,0,1,250,0,0,0
TF,CHASE,52.613197,-1.917200,0, ,0.0,0.0,0.0,0.0,1,9000,0,1,210,0,0,0

STAR,DOLO1B,ALL,5
IF,DOLOP,53.214139,-3.630758, ,0.0,0.0,1,27000,0,0,0,0,0,0
TF,AMPIT,53.194281,-3.192386,0, ,0.0,0.0,0.0,0.0,0,0,0,0,0,0,0,0
TF,NOKIN,53.076667,-2.882847,0, ,0.0,0.0,0.0,0.0,1,20000,0,0,0,0,0,0
TF,CREWE,52.818569,-2.307472,0, ,0.0,0.0,0.0,0.0,0,0,0,0,0,0,0,0
TF,CHASE,52.613197,-1.917200,0, ,0.0,0.0,0.0,0.0,1,9000,0,1,210,0,0,0

STAR,FIGZ1B,ALL,5
IF,FIGZI,51.959658,-2.603769, ,0.0,0.0,0,0,0,0,0,0,0,0
TF,BIFIN,52.056253,-2.455253,0, ,0.0,0.0,0.0,0.0,1,13000,0,0,0,0,0,0
TF,GROVE,52.393822,-1.928811,0, ,0.0,0.0,0.0,0.0,1,7000,0,1,210,0,0,0

STAR,HEME1B,ALL,5
IF,HEMEL,51.805556,-0.419383, ,0.0,0.0,1,22000,0,0,0,0,0,0
TF,BUZAD,51.942244,-0.552281,0, ,0.0,0.0,0.0,0.0,0,0,0,0,0,0,0,0
TF,WELIN,52.247292,-0.852336,0, ,0.0,0.0,0.0,0.0,0,0,0,0,0,0,0,0
TF,PUFAX,52.314447,-1.345056,0, ,0.0,0.0,0.0,0.0,0,0,0,1,250,0,0,0
TF,HON,52.356678,-1.663725,0, ,0.0,0.0,0.0,0.0,1,9000,0,0,0,0,0,0
TF,OSKOT,52.341656,-2.058408,0, ,0.0,0.0,0.0,0.0,0,0,0,1,210,0,0,1
CF,GROVE,52.393822,-1.928811,2,SWB,131.9,36.2,103.0,5.0,1,7000,0,1,210,0,0,0

STAR,LIBS1B,ALL,5
IF,LIBSO,53.524814,0.093422, ,0.0,0.0,1,29000,0,0,0,0,0,0
TF,FIZED,53.579131,-0.654833,0, ,0.0,0.0,0.0,0.0,0,0,0,0,0,0,0,0
TF,GOLES,53.608078,-1.083436,0, ,0.0,0.0,0.0,0.0,0,0,0,0,0,0,0,0
TF,DESIG,53.527258,-1.892694,0, ,0.0,0.0,0.0,0.0,0,0,0,0,0,0,0,0
TF,MCT,53.357025,-2.262289,0, ,0.0,0.0,0.0,0.0,1,20000,0,0,0,0,0,0
TF,VEGAR,53.042711,-1.973175,0, ,0.0,0.0,0.0,0.0,0,0,0,0,0,0,0,0
TF,ELEZE,52.738883,-1.933467,0, ,0.0,0.0,0.0,0.0,0,0,0,1,250,0,0,0
TF,CHASE,52.613197,-1.917200,0, ,0.0,0.0,0.0,0.0,1,9000,0,1,210,0,0,0

STAR,MAKU2B,ALL,5
IF,MAKUX,53.974972,-4.874414, ,0.0,0.0,1,27000,0,0,0,0,0,0
TF,SOSIM,53.815486,-4.508461,0, ,0.0,0.0,0.0,0.0,0,0,0,0,0,0,0,0
TF,GIGTO,53.633628,-4.097394,0, ,0.0,0.0,0.0,0.0,0,0,0,0,0,0,0,0
TF,MALUD,53.413381,-3.608417,0, ,0.0,0.0,0.0,0.0,0,0,0,0,0,0,0,0
TF,AMPIT,53.194281,-3.192386,0, ,0.0,0.0,0.0,0.0,0,0,0,0,0,0,0,0
TF,NOKIN,53.076667,-2.882847,0, ,0.0,0.0,0.0,0.0,1,20000,0,0,0,0,0,0
TF,CREWE,52.818569,-2.307472,0, ,0.0,0.0,0.0,0.0,0,0,0,0,0,0,0,0
TF,CHASE,52.613197,-1.917200,0, ,0.0,0.0,0.0,0.0,1,9000,0,1,210,0,0,0

STAR,MALU1B,ALL,5
IF,MALUD,53.413381,-3.608417, ,0.0,0.0,1,27000,0,0,0,0,0,0
TF,AMPIT,53.194281,-3.192386,0, ,0.0,0.0,0.0,0.0,0,0,0,0,0,0,0,0
TF,NOKIN,53.076667,-2.882847,0, ,0.0,0.0,0.0,0.0,1,20000,0,0,0,0,0,0
TF,CREWE,52.818569,-2.307472,0, ,0.0,0.0,0.0,0.0,0,0,0,0,0,0,0,0
TF,CHASE,52.613197,-1.917200,0, ,0.0,0.0,0.0,0.0,1,9000,0,1,210,0,0,0

STAR,POL1B,ALL,5
IF,POL,53.743778,-2.103286, ,0.0,0.0,0,0,0,0,0,0,0,0
TF,MCT,53.357025,-2.262289,0, ,0.0,0.0,0.0,0.0,0,0,0,0,0,0,0,0
TF,VEGAR,53.042711,-1.973175,0, ,0.0,0.0,0.0,0.0,0,0,0,0,0,0,0,0
TF,ELEZE,52.738883,-1.933467,0, ,0.0,0.0,0.0,0.0,0,0,0,1,250,0,0,0
TF,CHASE,52.613197,-1.917200,0, ,0.0,0.0,0.0,0.0,1,9000,0,1,210,0,0,0

STAR,SILV1B,ALL,5
IF,SILVA,51.847594,-1.005389, ,0.0,0.0,1,17000,0,0,0,0,0,0
TF,YOHDA,52.200833,-1.460078,0, ,0.0,0.0,0.0,0.0,0,0,0,1,250,0,0,0
TF,HON,52.356678,-1.663725,0, ,0.0,0.0,0.0,0.0,1,9000,0,0,0,0,0,0
TF,OSKOT,52.341656,-2.058408,0, ,0.0,0.0,0.0,0.0,0,0,0,1,210,0,0,1
CF,GROVE,52.393822,-1.928811,2,SWB,131.9,36.2,103.0,5.0,1,7000,0,1,210,0,0,0

STAR,VEGU1B,ALL,5
IF,VEGUS,53.400150,-0.352989, ,0.0,0.0,1,29000,0,0,0,0,0,0
TF,GOLES,53.608078,-1.083436,0, ,0.0,0.0,0.0,0.0,0,0,0,0,0,0,0,0
TF,DESIG,53.527258,-1.892694,0, ,0.0,0.0,0.0,0.0,0,0,0,0,0,0,0,0
TF,MCT,53.357025,-2.262289,0, ,0.0,0.0,0.0,0.0,1,20000,0,0,0,0,0,0
TF,VEGAR,53.042711,-1.973175,0, ,0.0,0.0,0.0,0.0,0,0,0,0,0,0,0,0
TF,ELEZE,52.738883,-1.933467,0, ,0.0,0.0,0.0,0.0,0,0,0,1,250,0,0,0
TF,CHASE,52.613197,-1.917200,0, ,0.0,0.0,0.0,0.0,1,9000,0,1,210,0,0,0

STAR,WAL1B,ALL,5
IF,WAL,53.391936,-3.134461, ,0.0,0.0,0,0,0,0,0,0,0,0
TF,CREWE,52.818569,-2.307472,0, ,0.0,0.0,0.0,0.0,0,0,0,0,0,0,0,0
TF,CHASE,52.613197,-1.917200,0, ,0.0,0.0,0.0,0.0,1,9000,0,1,210,0,0,0

APPTR,I15,15,BHX1
FC,BHX,52.454547,-1.752386,0,HON,0.0,0.0,311.0,9.6,2,2500,0,1,185,0,0,1
CF,CF15,52.587292,-1.897106,2,IBIR,325.8,10.6,146.0,1.0,2,2500,0,0,0,0,0,0

APPTR,I15,15,BHX2
FC,BHX,52.454547,-1.752386,0,HON,0.0,0.0,317.0,9.6,2,2500,0,1,185,0,0,1
CF,CF15,52.587292,-1.897106,2,IBIR,325.8,10.6,146.0,1.0,2,2500,0,0,0,0,0,0

APPTR,I15,15,CEDAR
HF,CEDAR,52.518611,-1.820000,2, ,0.0,0.0,146.0,05,1,2500,0,1,185,0,0,0,0

FINAL,I15,15,I,3
IF,CF15,52.587292,-1.897106,IBIR,325.8,10.6,2,2500,0,0,0,0,0,0
CF,FF15,52.555678,-1.861681,0,IBIR,325.8,8.3,146.0,2.3,1,2500,0,0,0,0,2,0
CF,RW15,52.463478,-1.758731,0,IBIR,325.8,1.6,146.0,6.7,1,358,0,0,0,0,3,0
FA,RW15,52.463478,-1.758731,0,HON,0.0,0.0,146.0,2,1000,0,0,0,0,0,0
VM,0,0,0,166.0,1,3000,0,0,0,0,0,0

APPTR,I33,33,BHX1
IF,BHX,52.454547,-1.752386, ,0.0,0.0,2,2500,0,1,210,0,0,0
FC,BHX,52.454547,-1.752386,0,HON,0.0,0.0,169.0,7.6,2,2000,0,0,0,0,0,1
CF,CF33,52.349775,-1.632639,1,IBM,145.8,8.5,326.0,1.0,2,2000,0,0,0,0,0,0

APPTR,I33,33,BHX2
IF,BHX,52.454547,-1.752386, ,0.0,0.0,2,2500,0,1,210,0,0,0
FC,BHX,52.454547,-1.752386,0,HON,0.0,0.0,158.0,7.6,2,2000,0,0,0,0,0,1
CF,CF33,52.349775,-1.632639,1,IBM,145.8,8.5,326.0,1.0,2,2000,0,0,0,0,0,0

APPTR,I33,33,MAPLE
IF,MAPLE,52.393333,-1.680833, ,0.0,0.0,1,2500,0,1,210,0,0,0
HF,MAPLE,52.393333,-1.680833,1, ,0.0,0.0,326.0,03.2,2,2000,0,0,0,0,0,0,0

FINAL,I33,33,I,3
IF,CF33,52.349775,-1.632639,IBM,145.8,8.5,2,2000,0,0,0,0,0,0
CF,FI33,52.375958,-1.661606,0,IBM,145.8,6.6,326.0,1.9,1,2000,0,0,0,0,2,0
CF,RW33,52.446272,-1.739600,0,IBM,145.8,1.5,326.0,5.1,1,382,0,0,0,0,3,0
CA,0,326.0,2,3000,0,0,0,0,0,0

APPTR,L15,15,BHX1
FC,BHX,52.454547,-1.752386,0,HON,0.0,0.0,311.0,9.6,2,2500,0,1,185,0,0,1
CF,CF15,52.587292,-1.897106,2,IBIR,325.8,10.6,146.0,1.0,2,2500,0,0,0,0,0,0

APPTR,L15,15,BHX2
FC,BHX,52.454547,-1.752386,0,HON,0.0,0.0,317.0,9.6,2,2500,0,1,185,0,0,1
CF,CF15,52.587292,-1.897106,2,IBIR,325.8,10.6,146.0,1.0,2,2500,0,0,0,0,0,0

FINAL,L15,15,D,4
IF,CF15,52.587292,-1.897106,IBIR,325.8,10.6,2,2500,0,0,0,0,0,0
CF,FF15,52.555678,-1.861681,0,IBIR,325.8,8.3,146.0,2.3,2,2500,0,0,0,0,2,0
CF,CEDAR,52.518611,-1.820000,0,IBIR,325.9,5.6,146.0,2.7,2,1640,0,0,0,0,0,0
CF,RW15,52.463478,-1.758731,0,IBIR,325.8,1.6,146.0,4.0,1,358,0,0,0,0,3,0
FA,RW15,52.463478,-1.758731,0,HON,0.0,0.0,146.0,2,1000,0,0,0,0,0,0
VM,0,0,0,166.0,1,3000,0,0,0,0,0,0

APPTR,L33,33,BHX1
IF,BHX,52.454547,-1.752386, ,0.0,0.0,2,2500,0,1,210,0,0,0
FC,BHX,52.454547,-1.752386,0,HON,0.0,0.0,169.0,7.6,2,2000,0,0,0,0,0,1
CF,CF33,52.349775,-1.632639,1,IBM,145.8,8.5,326.0,1.0,2,2000,0,0,0,0,0,0

APPTR,L33,33,BHX2
IF,BHX,52.454547,-1.752386, ,0.0,0.0,2,2500,0,1,210,0,0,0
FC,BHX,52.454547,-1.752386,0,HON,0.0,0.0,158.0,7.6,2,2000,0,0,0,0,0,1
CF,CF33,52.349775,-1.632639,1,IBM,145.8,8.5,326.0,1.0,2,2000,0,0,0,0,0,0

APPTR,L33,33,MAPLE
IF,MAPLE,52.393333,-1.680833, ,0.0,0.0,2,2500,0,1,210,0,0,0
HF,MAPLE,52.393333,-1.680833,1, ,0.0,0.0,326.0,03.2,2,2000,0,0,0,0,0,0,0

FINAL,L33,33,D,3
IF,CF33,52.349775,-1.632639,IBM,145.8,8.5,2,2000,0,0,0,0,0,0
CF,FI33,52.375958,-1.661606,0,IBM,145.8,6.6,326.0,1.9,2,2000,0,0,0,0,2,0
CF,RW33,52.446272,-1.739600,0,IBM,145.8,1.5,326.0,5.1,1,382,0,0,0,0,3,0
CA,0,326.0,2,3000,0,0,0,0,0,0

FINAL,R15,15,R,3
IF,NODGU,52.615147,-1.928147, ,0.0,0.0,2,3200,0,1,230,0,0,0
TF,BB15F,52.556028,-1.861939,0, ,0.0,0.0,146.0,4.3,2,2500,0,0,0,0,2,0
TF,RW15,52.463478,-1.758731,0, ,0.0,0.0,146.0,6.7,1,358,0,0,0,0,3,1
CA,0,146.0,2,1000,0,0,0,0,0,0
CA,0,166.0,2,3000,0,0,0,0,0,0

FINAL,R33,33,R,3
IF,OVDOV,52.316422,-1.595833, ,0.0,0.0,2,2800,0,1,230,0,0,0
TF,BB33F,52.376278,-1.661978,0, ,0.0,0.0,326.0,4.3,2,2000,0,0,0,0,2,0
TF,RW33,52.446272,-1.739600,0, ,0.0,0.0,326.0,5.1,1,382,0,0,0,0,3,1
CA,0,326.0,2,3000,0,0,0,0,0,0

