SID,MID04,04,2
DF,DER04,51.014169,-2.631608,0, ,0.0,0.0,0,0,0,0,0,0,0,1
CA,0,37.0,2,3080,0,0,0,0,0,0
VM,0,0,0,37.0,0,0,0,0,0,0,0,0

SID,MID08,08,2
DF,DER08,51.009508,-2.629278,0, ,0.0,0.0,0,0,0,0,0,0,0,1
CA,0,83.0,2,3080,0,0,0,0,0,0
VM,0,0,0,83.0,0,0,0,0,0,0,0,0

SID,MID22,22,2
DF,DER22,51.003667,-2.644172,0, ,0.0,0.0,0,0,0,0,0,0,0,1
CA,0,217.0,2,3080,0,0,0,0,0,0
VM,0,0,0,217.0,0,0,0,0,0,0,0,0

SID,MID26,26,2
DF,DER26,51.007025,-2.661708,0, ,0.0,0.0,0,0,0,0,0,0,0,1
CA,0,263.0,2,3080,0,0,0,0,0,0
VM,0,0,0,263.0,0,0,0,0,0,0,0,0

APPTR,I26,26,D137M
IF,D137M,50.845167,-2.407500, ,0.0,0.0,3,11000,0,0,0,0,1,0
CF,D137O,50.820672,-2.372264,0,VLN,137.5,15.0,137.0,2.0,0,0,0,0,0,0,0,0
AF,D091O,50.999981,-2.243053,1,VLN,91.0,15.0,137.0,0,0,0,0,0,0,0,0
CF,CF26,51.033119,-2.314569,0,IYEO,83.1,13.3,263.0,3.0,2,3070,0,0,0,0,1,0

FINAL,I26,26,I,3
IF,CF26,51.033119,-2.314569,IYEO,83.1,13.3,2,3070,0,0,0,0,0,0
CF,FF26,51.021819,-2.466631,0,IYEO,83.1,7.5,263.0,5.8,1,2070,0,0,0,0,2,0
CF,RW26,51.009508,-2.629278,0,IYEO,83.1,1.3,263.0,6.2,1,96,0,0,0,0,3,0
VM,0,0,0,263.0,1,3070,0,0,0,0,0,0

APPTR,T04,04,D277M
IF,D277M,51.032667,-2.979167, ,0.0,0.0,3,11000,0,0,0,0,1,0
CF,D277O,51.036819,-3.031433,0,VLN,277.5,15.0,277.0,2.0,0,0,0,0,0,0,0,0
AF,D231O,50.847456,-2.945283,1,VLN,231.0,15.0,277.0,0,0,0,0,0,0,0,0
CF,CT04,50.858706,-2.854003,0,VLN,223.0,12.0,43.0,3.0,2,3080,0,0,0,0,1,0

FINAL,T04,04,D,4
IF,CT04,50.858706,-2.854003,VLN,223.0,12.0,2,3080,0,0,0,0,0,0
CF,FT04,50.927031,-2.753714,0,VLN,223.0,6.4,43.0,5.6,2,2080,0,0,0,0,2,0
CF,30TA2,50.968472,-2.692681,0,VLN,223.0,3.0,43.0,3.4,2,1020,0,0,0,0,0,0
CF,MT04,50.992833,-2.656728,0,VLN,223.0,1.0,43.0,2.0,1,381,0,0,0,0,3,0
CA,0,37.0,2,480,0,0,0,0,0,0
VM,0,0,0,37.0,1,3080,0,0,0,0,0,0

APPTR,T08,08,D223M
IF,D223M,50.845833,-2.871000, ,0.0,0.0,3,11000,0,0,0,0,1,0
CF,D223O,50.821394,-2.906456,0,VLN,222.8,15.0,223.0,2.0,0,0,0,0,0,0,0,0
AF,D261O,50.965292,-3.029319,2,VLN,261.0,15.0,223.0,0,0,0,0,0,0,0,0
CF,CT08,51.004581,-2.955364,0,VLN,270.0,12.0,90.0,3.0,2,3060,0,0,0,0,1,0

FINAL,T08,08,D,3
IF,CT08,51.004581,-2.955364,VLN,270.0,12.0,2,3060,0,0,0,0,0,0
CF,FT08,51.004864,-2.823436,0,VLN,270.0,7.0,90.0,5.0,2,2060,0,0,0,0,2,0
CF,MT08,51.005003,-2.678317,0,VLN,270.0,1.5,90.0,5.5,1,304,0,0,0,0,3,0
CA,0,83.0,2,480,0,0,0,0,0,0
VM,0,0,0,83.0,1,3060,0,0,0,0,0,0

APPTR,T22,22,D097M
IF,D097M,50.976333,-2.298667, ,0.0,0.0,3,11000,0,0,0,0,1,0
CF,D097O,50.971850,-2.246594,0,VLN,97.5,15.0,97.0,2.0,0,0,0,0,0,0,0,0
AF,D042O,51.190278,-2.372844,1,VLN,42.0,15.0,97.0,0,0,0,0,0,0,0,0
CF,CT22,51.172422,-2.465667,0,VLN,33.0,12.0,213.0,3.0,2,3070,0,0,0,0,1,0

FINAL,T22,22,D,4
IF,CT22,51.172422,-2.465667,VLN,33.0,12.0,2,3070,0,0,0,0,0,0
CF,FT22,51.099908,-2.540817,0,VLN,33.0,6.8,213.0,5.2,2,2070,0,0,0,0,2,0
CF,38TAC,51.058053,-2.584067,0,VLN,33.0,3.8,213.0,3.0,2,1140,0,0,0,0,0,0
CF,MT22,51.018969,-2.624361,0,VLN,33.0,1.0,213.0,2.8,1,244,0,0,0,0,3,0
CA,0,217.0,2,1070,0,0,0,0,0,0
VM,0,0,0,283.0,1,3070,0,0,0,0,0,0

APPTR,T26,26,D137M
IF,D137M,50.845167,-2.407500, ,0.0,0.0,3,11000,0,0,0,0,1,0
CF,D137O,50.820672,-2.372264,0,VLN,137.5,15.0,137.0,2.0,0,0,0,0,0,0,0,0
AF,D081O,51.043419,-2.247500,1,VLN,81.0,15.0,137.0,0,0,0,0,0,0,0,0
CF,CT26,51.066353,-2.337206,0,VLN,72.0,12.0,252.0,3.0,2,3070,0,0,0,0,1,0

FINAL,T26,26,D,4
IF,CT26,51.066353,-2.337206,VLN,72.0,12.0,2,3070,0,0,0,0,0,0
CF,FT26,51.038844,-2.472994,0,VLN,72.0,6.6,252.0,5.4,2,2070,0,0,0,0,2,0
CF,30TAC,51.020419,-2.563431,0,VLN,72.0,3.0,252.0,3.6,2,950,0,0,0,0,0,0
CF,MT26,51.010153,-2.613642,0,VLN,72.0,1.0,252.0,2.0,1,304,0,0,0,0,3,0
CA,0,263.0,2,480,0,0,0,0,0,0
VM,0,0,0,263.0,1,3070,0,0,0,0,0,0

