SID,DET3Y,25,5
CA,0,254.0,2,1030,0,0,0,0,0,0
DF,GWS01,51.855550,-0.420697,0, ,0.0,0.0,0,0,0,1,220,0,0,1
TF,GWS06,51.784953,-0.491225,0, ,0.0,0.0,0.0,0.0,2,3000,0,1,220,0,0,0
TF,GWS12,51.782458,-0.328994,1, ,0.0,0.0,0.0,0.0,2,3000,0,1,220,0,0,0
TF,GWE16,51.772789,-0.262994,0, ,0.0,0.0,0.0,0.0,3,4000,0,1,250,0,0,0
TF,GWE19,51.761267,-0.184689,0, ,0.0,0.0,0.0,0.0,1,5000,0,1,250,0,0,0
TF,BPK,51.749736,-0.106736,0, ,0.0,0.0,0.0,0.0,1,5000,0,1,250,0,0,0
TF,GWE37,51.716642,0.282847,0, ,0.0,0.0,0.0,0.0,1,5000,0,1,250,0,0,0
TF,NEPNA,51.499536,0.449042,0, ,0.0,0.0,0.0,0.0,1,5000,0,1,250,0,0,0
TF,DET,51.304003,0.597275,0, ,0.0,0.0,0.0,0.0,1,5000,0,1,250,0,0,0

SID,DET7C,07,2
CF,LUT,51.894636,-0.252506,0,BKY,243.0,13.0,74.0,4.0,2,1030,0,0,0,0,0,1
CF,D336F,51.840953,-0.172314,0,BPK,336.0,6.0,156.0,4.0,2,4000,0,0,0,0,0,0
TF,D336C,51.795350,-0.139492,0, ,0.0,0.0,0.0,0.0,1,5000,0,0,0,0,0,0
TF,BPK,51.749736,-0.106736,0, ,0.0,0.0,0.0,0.0,0,0,0,0,0,0,0,0
TF,D097G,51.735386,0.079525,0, ,0.0,0.0,0.0,0.0,1,5000,0,0,0,0,0,0
TF,D097N,51.720406,0.269942,0, ,0.0,0.0,0.0,0.0,0,0,0,0,0,0,0,0
TF,NEPNA,51.499536,0.449042,0, ,0.0,0.0,0.0,0.0,0,0,0,0,0,0,0,0
TF,DET,51.304003,0.597275,0, ,0.0,0.0,0.0,0.0,1,5000,0,0,0,0,0,0

SID,DET8B,25,2
CA,0,254.0,2,1030,0,0,0,0,0,0
CF,D031G,51.824933,-0.450106,0,BNN,31.0,7.0,211.0,3.0,0,0,0,0,0,0,0,1
CF,D284J,51.789717,-0.367172,1,BPK,284.0,10.0,104.0,2.0,2,3000,0,1,220,0,0,0
TF,D284F,51.773792,-0.262942,0, ,0.0,0.0,0.0,0.0,3,4000,0,1,250,0,0,0
TF,D284C,51.761789,-0.184817,0, ,0.0,0.0,0.0,0.0,1,5000,0,0,0,0,0,0
TF,BPK,51.749736,-0.106736,0, ,0.0,0.0,0.0,0.0,0,0,0,0,0,0,0,0
TF,D097G,51.735386,0.079525,0, ,0.0,0.0,0.0,0.0,1,5000,0,0,0,0,0,0
TF,D097N,51.720406,0.269942,0, ,0.0,0.0,0.0,0.0,0,0,0,0,0,0,0,0
TF,NEPNA,51.499536,0.449042,0, ,0.0,0.0,0.0,0.0,0,0,0,0,0,0,0,0
TF,DET,51.304003,0.597275,0, ,0.0,0.0,0.0,0.0,1,5000,0,0,0,0,0,0

SID,JULIET,25,2
CA,0,254.0,2,1030,0,0,0,0,0,0
CF,D031G,51.824933,-0.450106,0,BNN,31.0,7.0,211.0,3.0,0,0,0,0,0,0,0,1
CF,D003E,51.800836,-0.541328,0,BNN,3.0,4.5,255.0,3.0,0,0,0,0,0,0,0,1
CF,D344F,51.822625,-0.591461,0,BNN,344.0,6.0,344.0,1.0,1,4000,0,0,0,0,0,0
TF,D344I,51.870850,-0.612383,0, ,0.0,0.0,0.0,0.0,0,0,0,0,0,0,0,1
CF,BKY,51.989769,0.061908,2,BKY,0.0,0.0,74.0,23.0,0,0,0,0,0,0,0,0
TF,BUSTA,52.092903,0.067756,0, ,0.0,0.0,0.0,0.0,0,0,0,0,0,0,0,1
CF,LOREL,52.013944,-0.052644,1,BKY,287.9,4.5,187.0,5.0,0,0,0,0,0,0,0,0

SID,MATC2C,07,2
CF,LUT,51.894636,-0.252506,0,BKY,243.0,13.0,74.0,4.0,2,1030,0,0,0,0,0,1
CF,D336F,51.840953,-0.172314,0,BPK,336.0,6.0,156.0,4.0,2,4000,0,0,0,0,0,0
TF,D336C,51.795350,-0.139492,0, ,0.0,0.0,0.0,0.0,1,5000,0,0,0,0,0,0
TF,BPK,51.749736,-0.106736,0, ,0.0,0.0,0.0,0.0,0,0,0,0,0,0,0,0
TF,D082G,51.765256,0.079344,0, ,0.0,0.0,0.0,0.0,1,5000,0,0,0,0,0,0
TF,MATCH,51.779222,0.250000,0, ,0.0,0.0,0.0,0.0,1,5000,0,0,0,0,0,0

SID,MATC3B,25,2
CA,0,254.0,2,1030,0,0,0,0,0,0
CF,D031G,51.824933,-0.450106,0,BNN,31.0,7.0,211.0,3.0,0,0,0,0,0,0,0,1
CF,D284J,51.789717,-0.367172,1,BPK,284.0,10.0,104.0,2.0,2,3000,0,1,220,0,0,0
TF,D284F,51.773792,-0.262942,0, ,0.0,0.0,0.0,0.0,3,4000,0,1,250,0,0,0
TF,D284C,51.761789,-0.184817,0, ,0.0,0.0,0.0,0.0,1,5000,0,0,0,0,0,0
TF,BPK,51.749736,-0.106736,0, ,0.0,0.0,0.0,0.0,0,0,0,0,0,0,0,0
TF,D082G,51.765256,0.079344,0, ,0.0,0.0,0.0,0.0,1,5000,0,0,0,0,0,0
TF,MATCH,51.779222,0.250000,0, ,0.0,0.0,0.0,0.0,1,5000,0,0,0,0,0,0

SID,MATC3Y,25,5
CA,0,254.0,2,1030,0,0,0,0,0,0
DF,GWS01,51.855550,-0.420697,0, ,0.0,0.0,0,0,0,1,220,0,0,0
TF,GWS06,51.784953,-0.491225,0, ,0.0,0.0,0.0,0.0,2,3000,0,1,220,0,0,0
TF,GWS12,51.782458,-0.328994,1, ,0.0,0.0,0.0,0.0,2,3000,0,1,220,0,0,0
TF,GWE16,51.772789,-0.262994,0, ,0.0,0.0,0.0,0.0,3,4000,0,1,250,0,0,0
TF,GWE19,51.761267,-0.184689,0, ,0.0,0.0,0.0,0.0,1,5000,0,1,250,0,0,0
TF,BPK,51.749736,-0.106736,0, ,0.0,0.0,0.0,0.0,1,5000,0,1,250,0,0,0
TF,MATCH,51.779222,0.250000,0, ,0.0,0.0,0.0,0.0,1,5000,0,1,250,0,0,0

SID,OLNE2B,25,2
CA,0,254.0,2,1030,0,0,0,0,0,0
CF,D031G,51.824933,-0.450106,0,BNN,31.0,7.0,211.0,3.0,0,0,0,0,0,0,0,1
CF,D003E,51.800836,-0.541328,0,BNN,3.0,4.5,255.0,3.0,0,0,0,0,0,0,0,1
CF,D344F,51.822625,-0.591461,0,BNN,344.0,6.0,344.0,1.0,2,4000,0,0,0,0,0,0
TF,D344I,51.870850,-0.612383,0, ,0.0,0.0,0.0,0.0,1,5000,0,0,0,0,0,0
TF,D344O,51.967286,-0.654364,0, ,0.0,0.0,0.0,0.0,1,6000,0,0,0,0,0,0
TF,OLNEY,52.127839,-0.734256,0, ,0.0,0.0,0.0,0.0,1,6000,0,0,0,0,0,0

SID,OLNE2C,07,2
CA,0,74.0,2,1030,0,0,0,0,0,0
CF,D073C,51.889208,-0.286436,0,BPK,321.5,10.7,74.0,2.0,0,0,0,0,0,0,0,1
DF,D314O,51.922819,-0.397208,1, ,0.0,0.0,2,3500,0,0,0,0,0,0
TF,D314U,51.991847,-0.514025,0, ,0.0,0.0,0.0,0.0,1,6000,0,0,0,0,0,0
TF,OLNEY,52.127839,-0.734256,0, ,0.0,0.0,0.0,0.0,1,6000,0,0,0,0,0,0

SID,RODN1B,25,2
CA,0,254.0,2,1030,0,0,0,0,0,0
CF,D031G,51.824933,-0.450106,0,BNN,31.0,7.0,211.0,3.0,0,0,0,0,0,0,0,1
CF,D342D,51.793969,-0.583183,0,BNN,342.0,4.3,255.0,5.0,2,3000,0,0,0,0,0,0
TF,HEN,51.759742,-0.790292,0, ,0.0,0.0,0.0,0.0,1,5000,0,0,0,0,0,0
TF,RODNI,51.715694,-0.861619,0, ,0.0,0.0,0.0,0.0,1,5000,0,0,0,0,0,0

SID,RODN1C,07,2
DF,D073D,51.891036,-0.276086,0, ,0.0,0.0,2,1030,0,0,0,0,0,1
CF,D037G,51.813392,-0.439733,2,BNN,37.0,6.7,256.0,8.0,1,4000,0,0,0,0,0,0
TF,D007D,51.799203,-0.533192,0, ,0.0,0.0,0.0,0.0,1,5000,0,0,0,0,0,0
TF,HEN,51.759742,-0.790292,0, ,0.0,0.0,0.0,0.0,1,5000,0,0,0,0,0,0
TF,RODNI,51.715694,-0.861619,0, ,0.0,0.0,0.0,0.0,1,5000,0,0,0,0,0,0

SID,WHISKE,07,2
CF,D073E,51.895142,-0.252797,0,BPK,328.2,10.3,74.0,4.0,2,930,0,0,0,0,0,1
CF,D058H,51.942058,-0.196236,0,BPK,344.0,12.0,36.0,3.6,4,4000,3000,0,0,0,0,1
CF,BKY,51.989769,0.061908,0,BKY,0.0,0.0,74.0,10.0,0,0,0,0,0,0,0,0
TF,BUSTA,52.092903,0.067756,0, ,0.0,0.0,0.0,0.0,0,0,0,0,0,0,0,1
CF,LOREL,52.013944,-0.052644,1,BKY,287.9,4.5,187.0,5.0,0,0,0,0,0,0,0,0

STAR,DET2A,ALL,5
IF,DET,51.304003,0.597275, ,0.0,0.0,1,17000,0,0,0,0,0,0
TF,LOFFO,51.836667,0.598992,0, ,0.0,0.0,0.0,0.0,0,0,0,1,250,0,0,0
TF,ABBOT,52.016111,0.599581,0, ,0.0,0.0,0.0,0.0,1,8000,0,1,220,0,0,0

STAR,FINM1N,ALL,5
IF,FINMA,51.996447,-1.053706, ,0.0,0.0,1,15000,0,0,0,0,0,0
TF,WOBUN,52.019519,-0.733333,0, ,0.0,0.0,0.0,0.0,0,0,0,1,250,0,0,0
TF,EDCOX,52.216578,-0.405533,0, ,0.0,0.0,0.0,0.0,0,0,0,1,220,0,0,0
TF,JUMZI,52.328772,-0.408419,0, ,0.0,0.0,0.0,0.0,0,0,0,0,0,0,0,1
CF,ZAGZO,52.303603,-0.231261,2,BPK,352.2,33.6,149.0,4.0,1,8000,0,1,220,0,0,0

STAR,LIST1N,ALL,5
IF,LISTO,53.143314,-2.199039, ,0.0,0.0,0,0,0,0,0,0,0,0
TF,PEDIG,52.746553,-1.719436,0, ,0.0,0.0,0.0,0.0,0,0,0,0,0,0,0,0
TF,ROGBI,52.296286,-1.335103,0, ,0.0,0.0,0.0,0.0,1,20000,0,0,0,0,0,0
TF,FINMA,51.996447,-1.053706,0, ,0.0,0.0,0.0,0.0,1,15000,0,0,0,0,0,0
TF,WOBUN,52.019519,-0.733333,0, ,0.0,0.0,0.0,0.0,0,0,0,1,250,0,0,0
TF,EDCOX,52.216578,-0.405533,0, ,0.0,0.0,0.0,0.0,0,0,0,1,220,0,0,0
TF,JUMZI,52.328772,-0.408419,0, ,0.0,0.0,0.0,0.0,0,0,0,0,0,0,0,1
CF,ZAGZO,52.303603,-0.231261,2,BPK,352.2,33.6,149.0,4.0,1,8000,0,1,220,0,0,0

STAR,LOGA2A,ALL,5
IF,LOGAN,51.747589,1.611828, ,0.0,0.0,1,10000,0,0,0,0,0,0
TF,CLN,51.848472,1.147589,0, ,0.0,0.0,0.0,0.0,0,0,0,1,250,0,0,0
TF,ABBOT,52.016111,0.599581,0, ,0.0,0.0,0.0,0.0,1,8000,0,1,220,0,0,0

STAR,MEGE1N,ALL,5
IF,MEGEL,52.349428,2.073667, ,0.0,0.0,1,22000,0,0,0,0,0,0
TF,DITOB,52.283653,1.824189,0, ,0.0,0.0,0.0,0.0,0,0,0,0,0,0,0,0
TF,WIQID,52.162297,1.370817,0, ,0.0,0.0,0.0,0.0,0,0,0,0,0,0,0,0
TF,MUCTE,52.175314,1.207064,0, ,0.0,0.0,0.0,0.0,0,0,0,0,0,0,0,0
TF,OFJES,52.217231,0.658269,0, ,0.0,0.0,0.0,0.0,1,14000,0,1,250,0,0,0
TF,UDDIZ,52.251169,0.186508,0, ,0.0,0.0,0.0,0.0,0,0,0,0,0,0,0,0
TF,COCCU,52.267872,-0.056117,0, ,0.0,0.0,0.0,0.0,0,0,0,1,220,0,0,0
TF,JUMZI,52.328772,-0.408419,0, ,0.0,0.0,0.0,0.0,0,0,0,0,0,0,0,1
CF,ZAGZO,52.303603,-0.231261,2,BPK,352.2,33.6,149.0,6.0,1,8000,0,1,220,0,0,0

STAR,RINI1N,ALL,5
IF,RINIS,51.908239,2.322450, ,0.0,0.0,1,22000,0,0,0,0,0,0
TF,IDESI,51.897706,1.885578,0, ,0.0,0.0,0.0,0.0,1,18000,0,0,0,0,0,0
TF,WIQID,52.162297,1.370817,0, ,0.0,0.0,0.0,0.0,0,0,0,0,0,0,0,0
TF,MUCTE,52.175314,1.207064,0, ,0.0,0.0,0.0,0.0,0,0,0,0,0,0,0,0
TF,OFJES,52.217231,0.658269,0, ,0.0,0.0,0.0,0.0,1,14000,0,1,250,0,0,0
TF,UDDIZ,52.251169,0.186508,0, ,0.0,0.0,0.0,0.0,0,0,0,0,0,0,0,0
TF,COCCU,52.267872,-0.056117,0, ,0.0,0.0,0.0,0.0,0,0,0,1,220,0,0,0
TF,JUMZI,52.328772,-0.408419,0, ,0.0,0.0,0.0,0.0,0,0,0,0,0,0,0,1
CF,ZAGZO,52.303603,-0.231261,2,BPK,352.2,33.6,149.0,6.0,1,8000,0,1,220,0,0,0

STAR,SILV1N,ALL,5
IF,SILVA,51.847594,-1.005389, ,0.0,0.0,0,0,0,0,0,0,0,0
TF,WOBUN,52.019519,-0.733333,0, ,0.0,0.0,0.0,0.0,0,0,0,1,250,0,0,0
TF,EDCOX,52.216578,-0.405533,0, ,0.0,0.0,0.0,0.0,0,0,0,1,220,0,0,0
TF,JUMZI,52.328772,-0.408419,0, ,0.0,0.0,0.0,0.0,0,0,0,0,0,0,0,1
CF,ZAGZO,52.303603,-0.231261,2,BPK,352.2,33.6,149.0,4.0,1,8000,0,1,220,0,0,0

STAR,SIRI1N,ALL,5
IF,SIRIC,51.343381,-1.566358, ,0.0,0.0,1,18000,0,0,0,0,0,0
TF,NIGIT,51.313044,-1.170753,0, ,0.0,0.0,0.0,0.0,0,0,0,0,0,0,0,0
TF,VATON,51.434397,-0.348917,0, ,0.0,0.0,0.0,0.0,0,0,0,0,0,0,0,0
TF,OZZOT,51.674703,-0.164703,0, ,0.0,0.0,0.0,0.0,1,15000,0,0,0,0,0,0
TF,BPK,51.749736,-0.106736,0, ,0.0,0.0,0.0,0.0,0,0,0,1,250,0,0,0
TF,ILLOC,51.921444,0.182389,0, ,0.0,0.0,0.0,0.0,0,0,0,0,0,0,0,0
TF,OXDUF,52.110056,0.316667,0, ,0.0,0.0,0.0,0.0,0,0,0,0,0,0,0,0
TF,COCCU,52.267872,-0.056117,0, ,0.0,0.0,0.0,0.0,0,0,0,1,220,0,0,0
TF,JUMZI,52.328772,-0.408419,0, ,0.0,0.0,0.0,0.0,0,0,0,0,0,0,0,1
CF,ZAGZO,52.303603,-0.231261,2,BPK,352.2,33.6,149.0,6.0,1,8000,0,1,220,0,0,0

STAR,TELT1N,ALL,5
IF,TELTU,50.811089,-0.754914, ,0.0,0.0,1,19000,0,0,0,0,0,0
TF,MOREZ,51.209419,-0.496833,0, ,0.0,0.0,0.0,0.0,0,0,0,0,0,0,0,0
TF,VATON,51.434397,-0.348917,0, ,0.0,0.0,0.0,0.0,0,0,0,0,0,0,0,0
TF,OZZOT,51.674703,-0.164703,0, ,0.0,0.0,0.0,0.0,1,15000,0,0,0,0,0,0
TF,BPK,51.749736,-0.106736,0, ,0.0,0.0,0.0,0.0,0,0,0,1,250,0,0,0
TF,ILLOC,51.921444,0.182389,0, ,0.0,0.0,0.0,0.0,0,0,0,0,0,0,0,0
TF,OXDUF,52.110056,0.316667,0, ,0.0,0.0,0.0,0.0,0,0,0,0,0,0,0,0
TF,COCCU,52.267872,-0.056117,0, ,0.0,0.0,0.0,0.0,0,0,0,1,220,0,0,0
TF,JUMZI,52.328772,-0.408419,0, ,0.0,0.0,0.0,0.0,0,0,0,0,0,0,0,1
CF,ZAGZO,52.303603,-0.231261,2,BPK,352.2,33.6,149.0,6.0,1,8000,0,1,220,0,0,0

STAR,TOSV1N,ALL,5
IF,TOSVA,51.677056,2.073983, ,0.0,0.0,1,22000,0,0,0,0,0,0
TF,IDESI,51.897706,1.885578,0, ,0.0,0.0,0.0,0.0,1,18000,0,0,0,0,0,0
TF,WIQID,52.162297,1.370817,0, ,0.0,0.0,0.0,0.0,0,0,0,0,0,0,0,0
TF,MUCTE,52.175314,1.207064,0, ,0.0,0.0,0.0,0.0,0,0,0,0,0,0,0,0
TF,OFJES,52.217231,0.658269,0, ,0.0,0.0,0.0,0.0,1,14000,0,1,250,0,0,0
TF,UDDIZ,52.251169,0.186508,0, ,0.0,0.0,0.0,0.0,0,0,0,0,0,0,0,0
TF,COCCU,52.267872,-0.056117,0, ,0.0,0.0,0.0,0.0,0,0,0,1,220,0,0,0
TF,JUMZI,52.328772,-0.408419,0, ,0.0,0.0,0.0,0.0,0,0,0,0,0,0,0,1
CF,ZAGZO,52.303603,-0.231261,2,BPK,352.2,33.6,149.0,6.0,1,8000,0,1,220,0,0,0

STAR,UNDU1N,ALL,5
IF,UNDUG,50.789919,0.425008, ,0.0,0.0,0,0,0,0,0,0,0,0
TF,MAY,51.017183,0.116122,0, ,0.0,0.0,0.0,0.0,1,20000,0,0,0,0,0,0
TF,VATON,51.434397,-0.348917,0, ,0.0,0.0,0.0,0.0,0,0,0,0,0,0,0,0
TF,OZZOT,51.674703,-0.164703,0, ,0.0,0.0,0.0,0.0,1,15000,0,0,0,0,0,0
TF,BPK,51.749736,-0.106736,0, ,0.0,0.0,0.0,0.0,0,0,0,1,250,0,0,0
TF,ILLOC,51.921444,0.182389,0, ,0.0,0.0,0.0,0.0,0,0,0,0,0,0,0,0
TF,OXDUF,52.110056,0.316667,0, ,0.0,0.0,0.0,0.0,0,0,0,0,0,0,0,0
TF,COCCU,52.267872,-0.056117,0, ,0.0,0.0,0.0,0.0,0,0,0,1,220,0,0,0
TF,JUMZI,52.328772,-0.408419,0, ,0.0,0.0,0.0,0.0,0,0,0,0,0,0,0,1
CF,ZAGZO,52.303603,-0.231261,2,BPK,352.2,33.6,149.0,6.0,1,8000,0,1,220,0,0,0

STAR,XAMA1N,ALL,5
IF,XAMAN,51.784658,2.224150, ,0.0,0.0,1,22000,0,0,0,0,0,0
TF,IDESI,51.897706,1.885578,0, ,0.0,0.0,0.0,0.0,1,18000,0,0,0,0,0,0
TF,WIQID,52.162297,1.370817,0, ,0.0,0.0,0.0,0.0,0,0,0,0,0,0,0,0
TF,MUCTE,52.175314,1.207064,0, ,0.0,0.0,0.0,0.0,0,0,0,0,0,0,0,0
TF,OFJES,52.217231,0.658269,0, ,0.0,0.0,0.0,0.0,1,14000,0,1,250,0,0,0
TF,UDDIZ,52.251169,0.186508,0, ,0.0,0.0,0.0,0.0,0,0,0,0,0,0,0,0
TF,COCCU,52.267872,-0.056117,0, ,0.0,0.0,0.0,0.0,0,0,0,1,220,0,0,0
TF,JUMZI,52.328772,-0.408419,0, ,0.0,0.0,0.0,0.0,0,0,0,0,0,0,0,1
CF,ZAGZO,52.303603,-0.231261,2,BPK,352.2,33.6,149.0,6.0,1,8000,0,1,220,0,0,0

APPTR,I07,07,ABBOT
IF,ABBOT,52.016111,0.599581, ,0.0,0.0,2,8000,0,1,220,0,1,0
FD,ABBOT,52.016111,0.599581,0,BKY,84.3,12.0,264.0,12.0,1,6000,0,0,0,0,0,0
CF,BKY,51.989769,0.061908,0,BKY,0.0,0.0,264.0,12.0,1,6000,0,0,0,0,0,0
CF,LUT,51.894636,-0.252506,0,BKY,243.0,13.0,243.0,13.0,1,4000,0,0,0,0,0,0
FC,LUT,51.894636,-0.252506,0,BKY,0.0,0.0,254.0,7.0,2,3000,0,0,0,0,0,0
CF,CF07,51.847272,-0.526017,0,BKY,247.8,23.5,254.0,3.5,2,2000,0,0,0,0,0,0
FC,CF07,51.847272,-0.526017,0,BKY,0.0,0.0,209.0,4.3,2,2000,0,0,0,0,0,1
CF,CF07,51.847272,-0.526017,2,ILTN,254.4,6.8,74.0,4.3,2,2000,0,0,0,0,0,0

APPTR,I07,07,LUT
FC,LUT,51.894636,-0.252506,0,BKY,0.0,0.0,254.0,7.0,2,3000,0,1,220,0,1,0
CF,CF07,51.847272,-0.526017,0,BKY,247.8,23.5,254.0,3.5,2,2000,0,0,0,0,0,0
FC,CF07,51.847272,-0.526017,0,BKY,0.0,0.0,209.0,4.3,2,2000,0,0,0,0,0,1
CF,CF07,51.847272,-0.526017,2,ILTN,254.4,6.8,74.0,4.3,2,2000,0,0,0,0,0,0

APPTR,I07,07,ZAG1Q
IF,ZAGZO,52.303603,-0.231261, ,0.0,0.0,1,8000,0,1,220,0,0,0
TF,EFFUT,52.195100,-0.200100,0, ,0.0,0.0,0.0,0.0,1,8000,0,0,0,0,0,0
TF,GWN45,52.102114,-0.170850,0, ,0.0,0.0,0.0,0.0,1,6000,0,0,0,0,0,0
TF,GWN39,52.040311,-0.283567,0, ,0.0,0.0,0.0,0.0,1,5000,0,0,0,0,0,0
TF,GWN35,51.997244,-0.361811,0, ,0.0,0.0,0.0,0.0,0,0,0,0,0,0,0,0
TF,GWN32,51.981119,-0.449075,0, ,0.0,0.0,0.0,0.0,0,0,0,0,0,0,0,0
TF,GWW24,51.901128,-0.613756,0, ,0.0,0.0,0.0,0.0,0,0,0,0,0,0,0,0
TF,GWW18,51.875028,-0.762261,0, ,0.0,0.0,0.0,0.0,1,5000,0,1,185,0,0,0
TF,GWW14,51.810994,-0.732833,0, ,0.0,0.0,0.0,0.0,2,4000,0,0,0,0,0,0
TF,ODWAD,51.824628,-0.655397,0, ,0.0,0.0,0.0,0.0,2,3000,0,0,0,0,1,0
CF,CF07,51.847272,-0.526017,0,ILTN,254.4,6.8,74.0,5.0,2,2000,0,0,0,0,0,0

FINAL,I07,07,I,3
IF,CF07,51.847272,-0.526017,ILTN,254.4,6.8,2,2000,0,0,0,0,0,0
CF,FF07,51.851781,-0.500144,0,ILTN,254.4,5.8,74.0,1.0,1,2000,0,0,0,0,2,0
CF,RW07,51.872014,-0.383586,0,ILTN,254.4,1.3,74.0,4.5,1,573,0,0,0,0,3,0
CF,LUT,51.894636,-0.252506,0,BKY,243.0,13.0,74.0,5.1,2,2000,0,0,0,0,0,0
HM,LUT,51.894636,-0.252506,2, ,0.0,0.0,254.0,04.3,1,3000,0,1,210,0,0,0,0

APPTR,I25,25,ABBOT
IF,ABBOT,52.016111,0.599581, ,0.0,0.0,2,8000,0,1,220,0,1,0
FD,ABBOT,52.016111,0.599581,0,BKY,84.3,12.0,264.0,12.0,1,6000,0,0,0,0,0,0
CF,D084F,51.997928,0.223144,0,BKY,84.3,6.0,264.0,6.0,1,6000,0,0,0,0,0,0
CF,BKY,51.989769,0.061908,0,BKY,0.0,0.0,264.0,6.0,2,3000,0,0,0,0,0,0
FD,BKY,51.989769,0.061908,0,BKY,0.0,3.3,216.0,3.3,0,0,0,0,0,0,0,0
CF,FITME,51.924586,-0.077044,0,ILJ,74.4,11.9,254.0,4.0,2,3000,0,0,0,0,1,0

APPTR,I25,25,ZAG1T
IF,ZAGZO,52.303603,-0.231261, ,0.0,0.0,1,8000,0,1,220,0,0,0
TF,EFFUT,52.195100,-0.200100,0, ,0.0,0.0,0.0,0.0,1,8000,0,0,0,0,0,0
TF,GWN30,52.101911,-0.198364,0, ,0.0,0.0,0.0,0.0,1,6000,0,0,0,0,0,0
TF,GWN26,52.052053,-0.302139,0, ,0.0,0.0,0.0,0.0,1,5000,0,0,0,0,0,0
TF,GWN22,51.996747,-0.277214,0, ,0.0,0.0,0.0,0.0,0,0,0,0,0,0,0,0
TF,GWE17,52.004672,-0.112719,0, ,0.0,0.0,0.0,0.0,1,5000,0,1,185,0,0,0
TF,FITME,51.924586,-0.077044,0, ,0.0,0.0,0.0,0.0,2,3000,0,0,0,0,1,0

FINAL,I25,25,I,3
IF,FITME,51.924586,-0.077044,ILJ,74.4,11.9,2,3000,0,0,0,0,0,0
CF,FF25,51.911350,-0.154794,0,ILJ,74.4,8.9,254.0,3.0,1,3000,0,0,0,0,2,0
CF,RW25,51.877044,-0.354486,0,ILJ,74.4,1.2,254.0,7.7,1,563,0,0,0,0,3,0
FC,RW25,51.877044,-0.354486,0,BKY,0.0,0.0,254.0,2.7,0,0,0,0,0,0,0,1
CA,0,254.0,2,1500,0,0,0,0,0,0
VM,0,0,1,88.0,1,3000,0,0,0,0,0,0

APPTR,L07,07,ABBOT
IF,ABBOT,52.016111,0.599581, ,0.0,0.0,2,8000,0,1,220,0,1,0
FD,ABBOT,52.016111,0.599581,0,BKY,84.3,12.0,264.0,12.0,1,6000,0,0,0,0,0,0
CF,BKY,51.989769,0.061908,0,BKY,0.0,0.0,264.0,12.0,1,6000,0,0,0,0,0,0
CF,LUT,51.894636,-0.252506,0,BKY,243.0,13.0,243.0,13.0,1,4000,0,0,0,0,0,0
FC,LUT,51.894636,-0.252506,0,BKY,0.0,0.0,254.0,7.0,2,3000,0,0,0,0,0,0
CF,CF07,51.847272,-0.526017,0,BKY,247.8,23.5,254.0,3.5,2,2000,0,0,0,0,0,0
FC,CF07,51.847272,-0.526017,0,BKY,0.0,0.0,209.0,4.3,2,2000,0,0,0,0,0,1
CF,CF07,51.847272,-0.526017,2,ILTN,254.4,6.8,74.0,4.3,2,2000,0,0,0,0,0,0

APPTR,L07,07,LUT
FC,LUT,51.894636,-0.252506,0,BKY,0.0,0.0,254.0,7.0,2,3000,0,1,220,0,1,0
CF,CF07,51.847272,-0.526017,0,BKY,247.8,23.5,254.0,3.5,2,2000,0,0,0,0,0,0
FC,CF07,51.847272,-0.526017,0,BKY,0.0,0.0,209.0,4.3,0,0,0,0,0,0,0,1
CF,CF07,51.847272,-0.526017,2,ILTN,254.4,6.8,74.0,4.3,2,2000,0,0,0,0,0,0

APPTR,L07,07,ZAG1Q
IF,ZAGZO,52.303603,-0.231261, ,0.0,0.0,1,8000,0,1,220,0,0,0
TF,EFFUT,52.195100,-0.200100,0, ,0.0,0.0,0.0,0.0,1,8000,0,0,0,0,0,0
TF,GWN45,52.102114,-0.170850,0, ,0.0,0.0,0.0,0.0,1,6000,0,0,0,0,0,0
TF,GWN39,52.040311,-0.283567,0, ,0.0,0.0,0.0,0.0,1,5000,0,0,0,0,0,0
TF,GWN35,51.997244,-0.361811,0, ,0.0,0.0,0.0,0.0,0,0,0,0,0,0,0,0
TF,GWN32,51.981119,-0.449075,0, ,0.0,0.0,0.0,0.0,0,0,0,0,0,0,0,0
TF,GWW24,51.901128,-0.613756,0, ,0.0,0.0,0.0,0.0,0,0,0,0,0,0,0,0
TF,GWW18,51.875028,-0.762261,0, ,0.0,0.0,0.0,0.0,1,5000,0,1,185,0,0,0
TF,GWW14,51.810994,-0.732833,0, ,0.0,0.0,0.0,0.0,2,4000,0,0,0,0,0,0
TF,ODWAD,51.824628,-0.655397,0, ,0.0,0.0,0.0,0.0,2,3000,0,0,0,0,1,0
CF,CF07,51.847272,-0.526017,0,ILTN,254.4,6.8,74.0,5.0,2,2000,0,0,0,0,0,0

FINAL,L07,07,D,4
IF,CF07,51.847272,-0.526017,ILTN,254.4,6.8,2,2000,0,0,0,0,0,0
CF,FF07,51.851781,-0.500144,0,ILTN,254.4,5.8,74.0,1.0,2,2000,0,0,0,0,2,0
CF,30LOC,51.858533,-0.461328,0,ILTN,254.4,4.3,74.0,1.5,2,1520,0,0,0,0,0,0
CF,ML07,51.869758,-0.396606,0,ILTN,254.4,1.8,74.0,2.5,1,733,0,0,0,0,3,0
CF,LUT,51.894636,-0.252506,0,BKY,243.0,13.0,74.0,5.6,2,2000,0,0,0,0,0,0
HM,LUT,51.894636,-0.252506,2, ,0.0,0.0,254.0,04.3,1,3000,0,1,210,0,0,0,0

APPTR,L25,25,ABBOT
IF,ABBOT,52.016111,0.599581, ,0.0,0.0,2,8000,0,1,220,0,1,0
FD,ABBOT,52.016111,0.599581,0,BKY,84.3,12.0,264.0,12.0,1,6000,0,0,0,0,0,0
CF,D084F,51.997928,0.223144,0,BKY,84.3,6.0,264.0,6.0,1,6000,0,0,0,0,0,0
CF,BKY,51.989769,0.061908,0,BKY,0.0,0.0,264.0,6.0,2,3000,0,0,0,0,0,0
FD,BKY,51.989769,0.061908,0,BKY,0.0,3.3,216.0,3.3,0,0,0,0,0,0,0,0
CF,FITME,51.924586,-0.077044,0,ILJ,74.4,11.9,254.0,4.0,2,3000,0,0,0,0,1,0

APPTR,L25,25,ZAG1T
IF,ZAGZO,52.303603,-0.231261, ,0.0,0.0,1,8000,0,1,220,0,0,0
TF,EFFUT,52.195100,-0.200100,0, ,0.0,0.0,0.0,0.0,1,8000,0,0,0,0,0,0
TF,GWN30,52.101911,-0.198364,0, ,0.0,0.0,0.0,0.0,1,6000,0,0,0,0,0,0
TF,GWN26,52.052053,-0.302139,0, ,0.0,0.0,0.0,0.0,1,5000,0,0,0,0,0,0
TF,GWN22,51.996747,-0.277214,0, ,0.0,0.0,0.0,0.0,0,0,0,0,0,0,0,0
TF,GWE17,52.004672,-0.112719,0, ,0.0,0.0,0.0,0.0,1,5000,0,1,185,0,0,0
TF,FITME,51.924586,-0.077044,0, ,0.0,0.0,0.0,0.0,2,3000,0,0,0,0,1,0

FINAL,L25,25,D,4
IF,FITME,51.924586,-0.077044,ILJ,74.4,11.9,2,3000,0,0,0,0,0,0
CF,FF25,51.911350,-0.154794,0,ILJ,74.4,8.9,254.0,3.0,2,3000,0,0,0,0,2,0
CF,LUT,51.894636,-0.252506,0,ILJ,74.4,5.2,254.0,3.8,2,1800,0,0,0,0,0,0
CF,ML25,51.879294,-0.341444,0,ILJ,74.4,1.7,254.0,3.4,1,724,0,0,0,0,3,0
FC,ML25,51.879294,-0.341444,0,BKY,0.0,0.0,254.0,3.2,0,0,0,0,0,0,0,1
CA,0,254.0,2,1500,0,0,0,0,0,0
VM,0,0,1,88.0,1,3000,0,0,0,0,0,0

FINAL,N25,25,N,3
IF,FN25,51.911650,-0.156336,LUT,0.0,0.0,2,3000,0,0,0,0,2,0
CF,LUT,51.894636,-0.252506,0,LUT,0.0,0.0,254.0,3.7,2,1800,0,0,0,0,0,0
CF,RW25,51.877044,-0.354486,0,LUT,0.0,0.0,254.0,3.9,1,563,0,0,0,0,3,0
CA,0,254.0,2,1500,0,0,0,0,0,0
VM,0,0,1,88.0,1,3000,0,0,0,0,0,0

