SID,BPK1A,27,5
CF,LCW01,51.506778,0.005772,0,LEQ,296.1,129.8,272.0,1.5,2,1110,0,1,200,0,0,1
DF,LCN01,51.559011,-0.019225,0, ,0.0,0.0,0,0,0,1,200,0,0,0
TF,LCN04,51.576875,0.015775,0, ,0.0,0.0,0.0,0.0,1,3000,0,1,200,0,0,0
TF,LCN05,51.594006,0.049381,0, ,0.0,0.0,0.0,0.0,1,3000,0,1,200,0,0,0
TF,BPK,51.749736,-0.106736,0, ,0.0,0.0,0.0,0.0,1,3000,0,1,200,0,0,0

SID,BPK1H,09,5
CF,LCE01,51.504075,0.091642,0,LEQ,296.7,126.9,92.0,1.1,2,570,0,1,200,0,0,1
DF,LCN03,51.580236,0.063122,1, ,0.0,0.0,1,3000,0,1,200,0,0,0
TF,BPK,51.749736,-0.106736,0, ,0.0,0.0,0.0,0.0,1,3000,0,1,250,0,0,0

SID,ODUK1A,27,5
CF,LCW01,51.506778,0.005772,0,LEQ,296.1,129.8,272.0,1.5,2,1110,0,1,210,0,0,1
DF,LCN02,51.568914,-0.004475,0, ,0.0,0.0,1,3000,0,1,210,0,0,0
TF,LCE04,51.605472,0.206314,0, ,0.0,0.0,0.0,0.0,1,3000,0,1,250,0,0,0
TF,ODUKU,51.592161,0.287631,0, ,0.0,0.0,0.0,0.0,1,3000,0,1,250,0,0,0

SID,ODUK1H,09,5
CF,LCE01,51.504075,0.091642,0,LEQ,296.7,126.9,92.0,1.1,2,570,0,1,210,0,0,1
CF,LCE02,51.554561,0.164011,0,LEQ,298.4,125.8,24.0,3.0,1,3000,0,1,210,0,0,0
TF,ODUKU,51.592161,0.287631,0, ,0.0,0.0,0.0,0.0,1,3000,0,1,250,0,0,0

SID,SAXB1A,27,5
CF,LCW01,51.506778,0.005772,0,LEQ,296.1,129.8,272.0,1.5,2,1110,0,1,200,0,0,1
DF,LCN01,51.559011,-0.019225,0, ,0.0,0.0,0,0,0,1,200,0,0,0
TF,LCN04,51.576875,0.015775,0, ,0.0,0.0,0.0,0.0,1,3000,0,1,200,0,0,0
TF,LCN05,51.594006,0.049381,0, ,0.0,0.0,0.0,0.0,1,3000,0,1,200,0,0,0
TF,BPK,51.749736,-0.106736,0, ,0.0,0.0,0.0,0.0,1,3000,0,1,200,0,0,0
TF,SAXBI,51.751119,-0.187158,0, ,0.0,0.0,0.0,0.0,1,3000,0,1,250,0,0,0

SID,SAXB1H,09,5
CF,LCE01,51.504075,0.091642,0,LEQ,296.7,126.9,92.0,1.1,2,570,0,1,200,0,0,1
DF,LCN03,51.580236,0.063122,1, ,0.0,0.0,1,3000,0,1,200,0,0,0
TF,BPK,51.749736,-0.106736,0, ,0.0,0.0,0.0,0.0,1,3000,0,1,250,0,0,0
TF,SAXBI,51.751119,-0.187158,0, ,0.0,0.0,0.0,0.0,1,3000,0,0,0,0,0,0

SID,SOQA1A,27,5
CF,LCW01,51.506778,0.005772,0,LEQ,296.1,129.8,272.0,1.5,2,1110,0,1,210,0,0,1
DF,LCN02,51.568914,-0.004475,0, ,0.0,0.0,1,3000,0,1,210,0,0,0
TF,LCN06,51.602411,0.188561,0, ,0.0,0.0,0.0,0.0,1,3000,0,1,250,0,0,0
TF,SOQQA,51.606597,0.391231,0, ,0.0,0.0,0.0,0.0,1,3000,0,1,250,0,0,0

SID,SOQA1H,09,5
CF,LCE01,51.504075,0.091642,0,LEQ,296.7,126.9,92.0,1.1,2,570,0,1,210,0,0,1
CF,LCE02,51.554561,0.164011,0,LEQ,298.4,125.8,24.0,3.0,1,3000,0,1,210,0,0,0
TF,LCE03,51.563028,0.243517,0, ,0.0,0.0,0.0,0.0,1,3000,0,1,250,0,0,0
TF,SOQQA,51.606597,0.391231,0, ,0.0,0.0,0.0,0.0,1,3000,0,1,250,0,0,0

STAR,AVAN1C,ALL,5
IF,AVANT,50.820000,-0.938347, ,0.0,0.0,1,19000,0,0,0,0,0,0
TF,BIG,51.330875,0.034811,0, ,0.0,0.0,0.0,0.0,1,16000,0,0,0,0,0,0
TF,UMTUM,51.207583,1.017439,0, ,0.0,0.0,0.0,0.0,0,0,0,1,250,0,0,0
TF,GODLU,51.166233,1.284517,0, ,0.0,0.0,0.0,0.0,1,10000,0,1,210,0,0,0

STAR,HON1C,ALL,5
IF,HON,52.356678,-1.663725, ,0.0,0.0,0,0,0,0,0,0,0,0
TF,ROGBI,52.296286,-1.335103,0, ,0.0,0.0,0.0,0.0,1,20000,0,0,0,0,0,0
TF,TIXEX,52.130000,-1.012000,0, ,0.0,0.0,0.0,0.0,0,0,0,0,0,0,0,0
TF,ODVOD,52.132217,0.148050,0, ,0.0,0.0,0.0,0.0,0,0,0,0,0,0,0,0
TF,ROPMU,52.104017,0.488100,0, ,0.0,0.0,0.0,0.0,0,0,0,0,0,0,0,0
TF,NUDNA,52.065250,0.837933,0, ,0.0,0.0,0.0,0.0,0,0,0,1,250,0,0,0
TF,INLIM,51.906383,1.320250,0, ,0.0,0.0,0.0,0.0,1,12000,0,1,250,0,0,0
TF,JACKO,51.735736,1.426667,0, ,0.0,0.0,0.0,0.0,1,9000,0,1,210,0,0,0

STAR,KATH1C,ALL,5
IF,KATHY,50.520442,-1.333397, ,0.0,0.0,0,0,0,0,0,0,0,0
TF,BIDVA,50.727433,-0.977633,0, ,0.0,0.0,0.0,0.0,1,13000,0,0,0,0,0,0
TF,EVEXU,50.687717,-0.578017,0, ,0.0,0.0,0.0,0.0,0,0,0,0,0,0,0,0
TF,SOXUX,50.596200,0.929300,0, ,0.0,0.0,0.0,0.0,0,0,0,0,0,0,0,0
TF,OKVAP,50.963600,1.332217,0, ,0.0,0.0,0.0,0.0,0,0,0,1,250,0,0,0
TF,GODLU,51.166233,1.284517,0, ,0.0,0.0,0.0,0.0,1,10000,0,1,210,0,0,0

STAR,KONA1C,ALL,5
IF,KONAN,51.130764,2.000000, ,0.0,0.0,0,0,0,0,0,0,0,0
TF,GODLU,51.166233,1.284517,0, ,0.0,0.0,0.0,0.0,1,10000,0,1,210,0,0,0

STAR,LIST1C,ALL,5
IF,LISTO,53.143314,-2.199039, ,0.0,0.0,0,0,0,0,0,0,0,0
TF,PEDIG,52.746553,-1.719436,0, ,0.0,0.0,0.0,0.0,0,0,0,0,0,0,0,0
TF,ROGBI,52.296286,-1.335103,0, ,0.0,0.0,0.0,0.0,0,0,0,0,0,0,0,0
TF,TIXEX,52.130000,-1.012000,0, ,0.0,0.0,0.0,0.0,0,0,0,0,0,0,0,0
TF,ODVOD,52.132217,0.148050,0, ,0.0,0.0,0.0,0.0,1,22000,0,0,0,0,0,0
TF,ROPMU,52.104017,0.488100,0, ,0.0,0.0,0.0,0.0,0,0,0,0,0,0,0,0
TF,NUDNA,52.065250,0.837933,0, ,0.0,0.0,0.0,0.0,0,0,0,1,250,0,0,0
TF,INLIM,51.906383,1.320250,0, ,0.0,0.0,0.0,0.0,1,12000,0,1,250,0,0,0
TF,JACKO,51.735736,1.426667,0, ,0.0,0.0,0.0,0.0,1,9000,0,1,210,0,0,0

STAR,NEVI1C,ALL,5
IF,NEVIL,50.000000,-0.368233, ,0.0,0.0,1,22000,0,0,0,0,0,0
TF,OSPOL,50.150000,-0.185511,0, ,0.0,0.0,0.0,0.0,0,0,0,0,0,0,0,0
TF,NETVU,50.412500,0.481667,0, ,0.0,0.0,0.0,0.0,1,14000,0,0,0,0,0,0
TF,SOXUX,50.596200,0.929300,0, ,0.0,0.0,0.0,0.0,0,0,0,0,0,0,0,0
TF,OKVAP,50.963600,1.332217,0, ,0.0,0.0,0.0,0.0,0,0,0,1,250,0,0,0
TF,GODLU,51.166233,1.284517,0, ,0.0,0.0,0.0,0.0,1,10000,0,1,210,0,0,0

STAR,SAM1C,ALL,5
IF,SAM,50.955250,-1.345056, ,0.0,0.0,0,0,0,0,0,0,0,0
TF,BIDVA,50.727433,-0.977633,0, ,0.0,0.0,0.0,0.0,1,13000,0,0,0,0,0,0
TF,EVEXU,50.687717,-0.578017,0, ,0.0,0.0,0.0,0.0,0,0,0,0,0,0,0,0
TF,SOXUX,50.596200,0.929300,0, ,0.0,0.0,0.0,0.0,0,0,0,0,0,0,0,0
TF,OKVAP,50.963600,1.332217,0, ,0.0,0.0,0.0,0.0,0,0,0,1,250,0,0,0
TF,GODLU,51.166233,1.284517,0, ,0.0,0.0,0.0,0.0,1,10000,0,1,210,0,0,0

STAR,SILV1C,ALL,5
IF,SILVA,51.847594,-1.005389, ,0.0,0.0,0,0,0,0,0,0,0,0
TF,BOMBO,51.995636,-0.396347,0, ,0.0,0.0,0.0,0.0,0,0,0,1,250,0,0,0
TF,BKY,51.989769,0.061908,0, ,0.0,0.0,0.0,0.0,0,0,0,0,0,0,0,0
TF,BRAIN,51.811086,0.651667,0, ,0.0,0.0,0.0,0.0,0,0,0,1,220,0,0,0
TF,CLN,51.848472,1.147589,0, ,0.0,0.0,0.0,0.0,0,0,0,0,0,0,0,0
TF,JACKO,51.735736,1.426667,0, ,0.0,0.0,0.0,0.0,1,9000,0,1,210,0,0,0

STAR,SIRI1C,ALL,5
IF,SIRIC,51.343381,-1.566358, ,0.0,0.0,1,18000,0,0,0,0,0,0
TF,BIG,51.330875,0.034811,0, ,0.0,0.0,0.0,0.0,1,16000,0,0,0,0,0,0
TF,UMTUM,51.207583,1.017439,0, ,0.0,0.0,0.0,0.0,0,0,0,1,250,0,0,0
TF,GODLU,51.166233,1.284517,0, ,0.0,0.0,0.0,0.0,1,10000,0,1,210,0,0,0

STAR,SOVA1C,ALL,5
IF,SOVAT,50.779353,1.466667, ,0.0,0.0,0,0,0,0,0,0,0,0
TF,ERKEX,50.877950,1.326933,0, ,0.0,0.0,0.0,0.0,0,0,0,1,250,0,0,0
TF,OKVAP,50.963600,1.332217,0, ,0.0,0.0,0.0,0.0,0,0,0,1,250,0,0,0
TF,GODLU,51.166233,1.284517,0, ,0.0,0.0,0.0,0.0,1,10000,0,1,210,0,0,0

STAR,SUMU1C,ALL,5
IF,SUMUM,51.637292,2.107714, ,0.0,0.0,0,0,0,0,0,0,0,0
TF,LOGAN,51.747589,1.611828,0, ,0.0,0.0,0.0,0.0,0,0,0,1,250,0,0,0
TF,JACKO,51.735736,1.426667,0, ,0.0,0.0,0.0,0.0,1,9000,0,1,210,0,0,0

STAR,SUMU1X,ALL,5
IF,SUMUM,51.637292,2.107714, ,0.0,0.0,0,0,0,1,250,0,0,0
TF,TEVMO,51.173594,1.416428,0, ,0.0,0.0,0.0,0.0,0,0,0,1,210,0,0,0
TF,GODLU,51.166233,1.284517,0, ,0.0,0.0,0.0,0.0,1,10000,0,1,210,0,0,0

STAR,XAMA1C,ALL,5
IF,XAMAN,51.784658,2.224150, ,0.0,0.0,0,0,0,0,0,0,0,0
TF,LOGAN,51.747589,1.611828,0, ,0.0,0.0,0.0,0.0,0,0,0,1,250,0,0,0
TF,JACKO,51.735736,1.426667,0, ,0.0,0.0,0.0,0.0,1,9000,0,1,210,0,0,0

STAR,XAMA1X,ALL,5
IF,XAMAN,51.784658,2.224150, ,0.0,0.0,0,0,0,1,250,0,0,0
TF,TEVMO,51.173594,1.416428,0, ,0.0,0.0,0.0,0.0,0,0,0,1,210,0,0,0
TF,GODLU,51.166233,1.284517,0, ,0.0,0.0,0.0,0.0,1,10000,0,1,210,0,0,0

APPTR,I09,09,LCY1
IF,LCY,51.504350,0.067503, ,0.0,0.0,2,2000,0,0,0,0,1,0
CF,D124E,51.559467,-0.058939,0,BIG,344.7,14.2,304.0,5.8,0,0,0,0,0,0,0,1
CF,CF09,51.509569,-0.086197,1,ILST,271.9,5.8,92.0,1.0,2,2000,0,0,0,0,1,0

APPTR,I09,09,LCY2
IF,LCY,51.504350,0.067503, ,0.0,0.0,2,2000,0,0,0,0,1,0
CF,D108E,51.535797,-0.079378,0,BIG,339.8,13.0,288.0,5.8,0,0,0,0,0,0,0,1
CF,CF09,51.509569,-0.086197,1,ILST,271.9,5.8,92.0,1.0,2,2000,0,0,0,0,1,0

APPTR,I09,09,ODL1G
IF,GODLU,51.166233,1.284517, ,0.0,0.0,1,10000,0,1,210,0,0,0
TF,ELMIV,51.342522,1.259267,0, ,0.0,0.0,0.0,0.0,0,0,0,0,0,0,0,0
TF,LCE11,51.417936,1.309669,0, ,0.0,0.0,0.0,0.0,0,0,0,0,0,0,0,0
TF,LCE12,51.499492,1.318522,0, ,0.0,0.0,0.0,0.0,0,0,0,0,0,0,0,0
TF,LCE13,51.578461,1.284664,0, ,0.0,0.0,0.0,0.0,1,10000,0,0,0,0,0,0
TF,RAVSA,51.474725,0.920478,1, ,0.0,0.0,0.0,0.0,1,6000,0,0,0,0,0,0
TF,GAPGI,51.479136,0.805831,0, ,0.0,0.0,0.0,0.0,1,6000,0,0,0,0,0,0
TF,ATPEV,51.488347,0.556317,0, ,0.0,0.0,0.0,0.0,0,0,0,0,0,0,0,0
TF,LCE07,51.491450,0.468803,0, ,0.0,0.0,0.0,0.0,1,4000,0,0,0,0,0,0
TF,OSVEV,51.430378,0.302386,0, ,0.0,0.0,0.0,0.0,1,3000,0,1,210,0,0,0
TF,LCS01,51.434269,0.185942,0, ,0.0,0.0,0.0,0.0,1,3000,0,1,185,0,0,0
TF,LCS02,51.438678,0.049758,0, ,0.0,0.0,0.0,0.0,1,2000,0,0,0,0,0,0
TF,TODBI,51.443431,-0.103272,0, ,0.0,0.0,0.0,0.0,1,2000,0,0,0,0,0,0
TF,ODLEG,51.490375,-0.121267,0, ,0.0,0.0,0.0,0.0,0,0,0,1,185,0,0,0
CF,CF09,51.509569,-0.086197,0,ILST,271.9,5.8,48.0,1.8,2,2000,0,1,185,0,0,0

APPTR,I09,09,ODL1J
IF,JACKO,51.735736,1.426667, ,0.0,0.0,1,9000,0,1,210,0,0,0
TF,NONVA,51.646236,1.362308,0, ,0.0,0.0,0.0,0.0,0,0,0,0,0,0,0,0
TF,BABKU,51.588775,1.321175,0, ,0.0,0.0,0.0,0.0,0,0,0,0,0,0,0,0
TF,LCE21,51.501894,1.358353,0, ,0.0,0.0,0.0,0.0,0,0,0,0,0,0,0,0
TF,LCE22,51.412186,1.348536,0, ,0.0,0.0,0.0,0.0,0,0,0,0,0,0,0,0
TF,LCE23,51.329244,1.293039,0, ,0.0,0.0,0.0,0.0,1,9000,0,0,0,0,0,0
TF,RAVSA,51.474725,0.920478,2, ,0.0,0.0,0.0,0.0,1,6000,0,0,0,0,0,0
TF,GAPGI,51.479136,0.805831,0, ,0.0,0.0,0.0,0.0,1,6000,0,0,0,0,0,0
TF,ATPEV,51.488347,0.556317,0, ,0.0,0.0,0.0,0.0,0,0,0,0,0,0,0,0
TF,LCE07,51.491450,0.468803,0, ,0.0,0.0,0.0,0.0,1,4000,0,0,0,0,0,0
TF,OSVEV,51.430378,0.302386,0, ,0.0,0.0,0.0,0.0,1,3000,0,1,210,0,0,0
TF,LCS01,51.434269,0.185942,0, ,0.0,0.0,0.0,0.0,1,3000,0,1,185,0,0,0
TF,LCS02,51.438678,0.049758,0, ,0.0,0.0,0.0,0.0,1,2000,0,0,0,0,0,0
TF,TODBI,51.443431,-0.103272,0, ,0.0,0.0,0.0,0.0,1,2000,0,0,0,0,0,0
TF,ODLEG,51.490375,-0.121267,0, ,0.0,0.0,0.0,0.0,0,0,0,1,185,0,0,0
CF,CF09,51.509569,-0.086197,0,ILST,271.9,5.8,48.0,1.8,2,2000,0,1,185,0,0,0

FINAL,I09,09,I,3
IF,CF09,51.509569,-0.086197,ILST,271.9,5.8,2,2000,0,0,0,0,0,0
CF,FF09,51.508361,-0.046231,0,ILST,271.9,4.3,92.0,1.5,1,2000,0,0,0,0,2,0
CF,RW09,51.505572,0.044328,0,ILST,271.9,0.9,92.0,3.4,1,54,0,0,0,0,3,0
FA,RW09,51.505572,0.044328,0,LON,0.0,0.0,92.0,2,2000,0,0,0,0,0,0
CF,D092F,51.500525,0.197225,0,LON,86.9,24.9,92.0,1.8,0,0,0,0,0,0,0,1
DF,LCY,51.504350,0.067503,1, ,0.0,0.0,1,2000,0,0,0,0,0,0

APPTR,I27,27,LAV1G
IF,GODLU,51.166233,1.284517, ,0.0,0.0,1,10000,0,1,210,0,0,0
TF,ELMIV,51.342522,1.259267,0, ,0.0,0.0,0.0,0.0,0,0,0,0,0,0,0,0
TF,LCE11,51.417936,1.309669,0, ,0.0,0.0,0.0,0.0,0,0,0,0,0,0,0,0
TF,LCE12,51.499492,1.318522,0, ,0.0,0.0,0.0,0.0,0,0,0,0,0,0,0,0
TF,LCE13,51.578461,1.284664,0, ,0.0,0.0,0.0,0.0,1,10000,0,0,0,0,0,0
TF,RAVSA,51.474725,0.920478,1, ,0.0,0.0,0.0,0.0,1,6000,0,0,0,0,0,0
TF,GAPGI,51.479136,0.805831,0, ,0.0,0.0,0.0,0.0,1,6000,0,0,0,0,0,0
TF,ATPEV,51.488347,0.556317,0, ,0.0,0.0,0.0,0.0,0,0,0,0,0,0,0,0
TF,LCE07,51.491450,0.468803,0, ,0.0,0.0,0.0,0.0,1,4000,0,0,0,0,0,0
TF,TOPDU,51.496033,0.336061,0, ,0.0,0.0,0.0,0.0,0,0,0,1,210,0,0,0
CF,LAVNO,51.499761,0.224769,0,ILSR,91.9,6.9,273.0,4.2,1,3000,0,1,185,0,1,0

APPTR,I27,27,LAV1J
IF,JACKO,51.735736,1.426667, ,0.0,0.0,1,9000,0,1,210,0,0,0
TF,NONVA,51.646236,1.362308,0, ,0.0,0.0,0.0,0.0,0,0,0,0,0,0,0,0
TF,BABKU,51.588775,1.321175,0, ,0.0,0.0,0.0,0.0,0,0,0,0,0,0,0,0
TF,LCE21,51.501894,1.358353,0, ,0.0,0.0,0.0,0.0,0,0,0,0,0,0,0,0
TF,LCE22,51.412186,1.348536,0, ,0.0,0.0,0.0,0.0,0,0,0,0,0,0,0,0
TF,LCE23,51.329244,1.293039,0, ,0.0,0.0,0.0,0.0,1,9000,0,0,0,0,0,0
TF,RAVSA,51.474725,0.920478,2, ,0.0,0.0,0.0,0.0,1,6000,0,0,0,0,0,0
TF,GAPGI,51.479136,0.805831,0, ,0.0,0.0,0.0,0.0,1,6000,0,0,0,0,0,0
TF,ATPEV,51.488347,0.556317,0, ,0.0,0.0,0.0,0.0,0,0,0,0,0,0,0,0
TF,LCE07,51.491450,0.468803,0, ,0.0,0.0,0.0,0.0,1,4000,0,0,0,0,0,0
TF,TOPDU,51.496033,0.336061,0, ,0.0,0.0,0.0,0.0,0,0,0,1,210,0,0,0
CF,LAVNO,51.499761,0.224769,0,ILSR,91.9,6.9,273.0,4.2,1,3000,0,1,185,0,1,0

FINAL,I27,27,I,3
IF,LAVNO,51.499761,0.224769,ILSR,91.9,6.9,2,2000,0,0,0,0,0,0
CF,FF27,51.501972,0.156436,0,ILSR,91.9,4.3,272.0,2.6,1,2000,0,0,0,0,2,0
CF,RW27,51.504889,0.066022,0,ILSR,91.9,0.9,272.0,3.4,1,55,0,0,0,0,3,0
FA,RW27,51.504889,0.066022,0,LON,0.0,0.0,272.0,2,2000,0,0,0,0,0,0
CF,D272F,51.509786,-0.086906,0,LON,83.4,14.3,272.0,1.8,0,0,0,0,0,0,0,1
DF,LCY,51.504350,0.067503,2, ,0.0,0.0,1,2000,0,0,0,0,0,0

APPTR,L09,09,LCY1
IF,LCY,51.504350,0.067503, ,0.0,0.0,2,2000,0,0,0,0,1,0
CF,D124E,51.559467,-0.058939,0,LON,73.0,15.9,304.0,5.8,0,0,0,0,0,0,0,1
CF,CF09,51.509569,-0.086197,1,ILST,271.9,5.8,92.0,1.0,2,2000,0,0,0,0,1,0

APPTR,L09,09,LCY2
IF,LCY,51.504350,0.067503, ,0.0,0.0,2,2000,0,0,0,0,1,0
CF,D108E,51.535797,-0.079378,0,LON,77.5,14.8,288.0,5.8,0,0,0,0,0,0,0,1
CF,CF09,51.509569,-0.086197,1,ILST,271.9,5.8,92.0,1.0,2,2000,0,0,0,0,1,0

APPTR,L09,09,ODL1G
IF,GODLU,51.166233,1.284517, ,0.0,0.0,1,10000,0,1,210,0,0,0
TF,ELMIV,51.342522,1.259267,0, ,0.0,0.0,0.0,0.0,0,0,0,0,0,0,0,0
TF,LCE11,51.417936,1.309669,0, ,0.0,0.0,0.0,0.0,0,0,0,0,0,0,0,0
TF,LCE12,51.499492,1.318522,0, ,0.0,0.0,0.0,0.0,0,0,0,0,0,0,0,0
TF,LCE13,51.578461,1.284664,0, ,0.0,0.0,0.0,0.0,1,10000,0,0,0,0,0,0
TF,RAVSA,51.474725,0.920478,1, ,0.0,0.0,0.0,0.0,1,6000,0,0,0,0,0,0
TF,GAPGI,51.479136,0.805831,0, ,0.0,0.0,0.0,0.0,1,6000,0,0,0,0,0,0
TF,ATPEV,51.488347,0.556317,0, ,0.0,0.0,0.0,0.0,0,0,0,0,0,0,0,0
TF,LCE07,51.491450,0.468803,0, ,0.0,0.0,0.0,0.0,1,4000,0,0,0,0,0,0
TF,OSVEV,51.430378,0.302386,0, ,0.0,0.0,0.0,0.0,1,3000,0,1,210,0,0,0
TF,LCS01,51.434269,0.185942,0, ,0.0,0.0,0.0,0.0,1,3000,0,1,185,0,0,0
TF,LCS02,51.438678,0.049758,0, ,0.0,0.0,0.0,0.0,1,2000,0,0,0,0,0,0
TF,TODBI,51.443431,-0.103272,0, ,0.0,0.0,0.0,0.0,1,2000,0,0,0,0,0,0
TF,ODLEG,51.490375,-0.121267,0, ,0.0,0.0,0.0,0.0,0,0,0,1,185,0,0,0
CF,CF09,51.509569,-0.086197,0,ILST,271.9,5.8,48.0,1.8,2,2000,0,1,185,0,0,0

APPTR,L09,09,ODL1J
IF,JACKO,51.735736,1.426667, ,0.0,0.0,1,9000,0,1,210,0,0,0
TF,NONVA,51.646236,1.362308,0, ,0.0,0.0,0.0,0.0,0,0,0,0,0,0,0,0
TF,BABKU,51.588775,1.321175,0, ,0.0,0.0,0.0,0.0,0,0,0,0,0,0,0,0
TF,LCE21,51.501894,1.358353,0, ,0.0,0.0,0.0,0.0,0,0,0,0,0,0,0,0
TF,LCE22,51.412186,1.348536,0, ,0.0,0.0,0.0,0.0,0,0,0,0,0,0,0,0
TF,LCE23,51.329244,1.293039,0, ,0.0,0.0,0.0,0.0,1,9000,0,0,0,0,0,0
TF,RAVSA,51.474725,0.920478,2, ,0.0,0.0,0.0,0.0,1,6000,0,0,0,0,0,0
TF,GAPGI,51.479136,0.805831,0, ,0.0,0.0,0.0,0.0,1,6000,0,0,0,0,0,0
TF,ATPEV,51.488347,0.556317,0, ,0.0,0.0,0.0,0.0,0,0,0,0,0,0,0,0
TF,LCE07,51.491450,0.468803,0, ,0.0,0.0,0.0,0.0,1,4000,0,0,0,0,0,0
TF,OSVEV,51.430378,0.302386,0, ,0.0,0.0,0.0,0.0,1,3000,0,1,210,0,0,0
TF,LCS01,51.434269,0.185942,0, ,0.0,0.0,0.0,0.0,1,3000,0,1,185,0,0,0
TF,LCS02,51.438678,0.049758,0, ,0.0,0.0,0.0,0.0,1,2000,0,0,0,0,0,0
TF,TODBI,51.443431,-0.103272,0, ,0.0,0.0,0.0,0.0,1,2000,0,0,0,0,0,0
TF,ODLEG,51.490375,-0.121267,0, ,0.0,0.0,0.0,0.0,0,0,0,1,185,0,0,0
CF,CF09,51.509569,-0.086197,0,ILST,271.9,5.8,48.0,1.8,2,2000,0,1,185,0,0,0

FINAL,L09,09,D,5
IF,CF09,51.509569,-0.086197,ILST,271.9,5.8,2,2000,0,0,0,0,0,0
CF,FF09,51.508361,-0.046231,0,ILST,271.9,4.3,92.0,1.5,2,2000,0,0,0,0,2,0
CF,21LOC,51.507300,-0.011594,0,ILST,271.9,3.0,92.0,1.3,2,1290,0,0,0,0,0,0
CF,10LOC,51.506394,0.017708,0,ILST,271.9,1.9,92.0,1.1,2,640,0,0,0,0,0,0
CF,ML09,51.505900,0.033694,0,ILST,271.9,1.3,92.0,0.6,1,287,0,0,0,0,3,0
FA,ML09,51.505900,0.033694,0,LON,0.0,0.0,92.0,2,2000,0,0,0,0,0,0
CF,D092F,51.500525,0.197225,0,LON,86.9,24.9,92.0,2.2,0,0,0,0,0,0,0,1
DF,LCY,51.504350,0.067503,1, ,0.0,0.0,1,2000,0,0,0,0,0,0

APPTR,L27,27,LAV1G
IF,GODLU,51.166233,1.284517, ,0.0,0.0,1,10000,0,1,210,0,0,0
TF,ELMIV,51.342522,1.259267,0, ,0.0,0.0,0.0,0.0,0,0,0,0,0,0,0,0
TF,LCE11,51.417936,1.309669,0, ,0.0,0.0,0.0,0.0,0,0,0,0,0,0,0,0
TF,LCE12,51.499492,1.318522,0, ,0.0,0.0,0.0,0.0,0,0,0,0,0,0,0,0
TF,LCE13,51.578461,1.284664,0, ,0.0,0.0,0.0,0.0,1,10000,0,0,0,0,0,0
TF,RAVSA,51.474725,0.920478,1, ,0.0,0.0,0.0,0.0,1,6000,0,0,0,0,0,0
TF,GAPGI,51.479136,0.805831,0, ,0.0,0.0,0.0,0.0,1,6000,0,0,0,0,0,0
TF,ATPEV,51.488347,0.556317,0, ,0.0,0.0,0.0,0.0,0,0,0,0,0,0,0,0
TF,LCE07,51.491450,0.468803,0, ,0.0,0.0,0.0,0.0,1,4000,0,0,0,0,0,0
TF,TOPDU,51.496033,0.336061,0, ,0.0,0.0,0.0,0.0,0,0,0,1,210,0,0,0
CF,LAVNO,51.499761,0.224769,0,ILSR,91.9,6.9,273.0,4.2,1,3000,0,1,185,0,1,0

APPTR,L27,27,LAV1J
IF,JACKO,51.735736,1.426667, ,0.0,0.0,1,9000,0,1,210,0,0,0
TF,NONVA,51.646236,1.362308,0, ,0.0,0.0,0.0,0.0,0,0,0,0,0,0,0,0
TF,BABKU,51.588775,1.321175,0, ,0.0,0.0,0.0,0.0,0,0,0,0,0,0,0,0
TF,LCE21,51.501894,1.358353,0, ,0.0,0.0,0.0,0.0,0,0,0,0,0,0,0,0
TF,LCE22,51.412186,1.348536,0, ,0.0,0.0,0.0,0.0,0,0,0,0,0,0,0,0
TF,LCE23,51.329244,1.293039,0, ,0.0,0.0,0.0,0.0,1,9000,0,0,0,0,0,0
TF,RAVSA,51.474725,0.920478,2, ,0.0,0.0,0.0,0.0,1,6000,0,0,0,0,0,0
TF,GAPGI,51.479136,0.805831,0, ,0.0,0.0,0.0,0.0,1,6000,0,0,0,0,0,0
TF,ATPEV,51.488347,0.556317,0, ,0.0,0.0,0.0,0.0,0,0,0,0,0,0,0,0
TF,LCE07,51.491450,0.468803,0, ,0.0,0.0,0.0,0.0,1,4000,0,0,0,0,0,0
TF,TOPDU,51.496033,0.336061,0, ,0.0,0.0,0.0,0.0,0,0,0,1,210,0,0,0
CF,LAVNO,51.499761,0.224769,0,ILSR,91.9,6.9,273.0,4.2,1,3000,0,1,185,0,1,0

FINAL,L27,27,D,4
IF,LAVNO,51.499761,0.224769,ILSR,91.9,6.9,2,2000,0,0,0,0,0,0
CF,FF27,51.501972,0.156436,0,ILSR,91.9,4.3,272.0,2.6,2,2000,0,0,0,0,2,0
CF,24LOC,51.502836,0.129800,0,ILSR,91.9,3.3,272.0,1.0,2,780,0,0,0,0,0,0
CF,LCY,51.504350,0.067503,0,ILSR,93.7,1.0,272.0,2.3,1,89,0,0,0,0,3,0
FA,LCY,51.504350,0.067503,0,LON,0.0,0.0,272.0,2,2000,0,0,0,0,0,0
CF,D272F,51.509786,-0.086906,0,LON,83.4,14.3,272.0,1.8,0,0,0,0,0,0,0,1
DF,LCY,51.504350,0.067503,2, ,0.0,0.0,1,2000,0,0,0,0,0,0

