SID,BPK5K,09L,2
CF,D110B,51.478122,-0.429311,0,LON,110.4,1.5,89.0,2.0,2,590,0,0,0,0,0,1
CI,0, ,0.0,50.0,0,0,0,0,0,0,0,0
CF,D070J,51.541169,-0.214133,0,LON,70.0,10.0,70.0,6.0,2,3000,0,0,0,0,0,1
CF,D196J,51.589703,-0.180394,0,BPK,196.0,10.0,16.0,3.0,2,4000,0,0,0,0,0,0
TF,D196F,51.653722,-0.150992,0, ,0.0,0.0,0.0,0.0,1,6000,0,0,0,0,0,0
TF,BAPAG,51.718056,-0.123333,0, ,0.0,0.0,0.0,0.0,0,0,0,0,0,0,0,0
TF,BPK,51.749736,-0.106736,0, ,0.0,0.0,0.0,0.0,1,6000,0,0,0,0,0,0

SID,BPK6J,09R,2
CF,D130B,51.465417,-0.426283,0,LON,130.0,2.0,89.0,2.0,2,590,0,0,0,0,0,1
CI,0, ,0.0,50.0,0,0,0,0,0,0,0,0
CF,D070J,51.541169,-0.214133,0,LON,70.0,10.0,70.0,4.0,2,3000,0,0,0,0,0,1
CF,D196J,51.589703,-0.180394,0,BPK,196.0,10.0,16.0,3.0,2,4000,0,0,0,0,0,0
TF,D196F,51.653722,-0.150992,0, ,0.0,0.0,0.0,0.0,1,6000,0,0,0,0,0,0
TF,BAPAG,51.718056,-0.123333,0, ,0.0,0.0,0.0,0.0,0,0,0,0,0,0,0,0
TF,BPK,51.749736,-0.106736,0, ,0.0,0.0,0.0,0.0,1,6000,0,0,0,0,0,0

SID,BPK7F,27R,2
CA,0,269.0,2,590,0,0,0,0,0,0
CI,0, ,0.0,269.0,0,0,0,0,0,0,0,0
CF,D268D,51.485872,-0.573167,0,LON,267.9,4.0,297.0,2.0,0,0,0,0,0,0,0,0
TF,D278F,51.502311,-0.624711,0, ,0.0,0.0,0.0,0.0,0,0,0,0,0,0,0,1
DF,D304H,51.564372,-0.643569,0, ,0.0,0.0,2,4000,0,0,0,0,0,0
TF,D325H,51.593508,-0.581675,0, ,0.0,0.0,0.0,0.0,2,5000,0,0,0,0,0,0
TF,CHT,51.623144,-0.518575,0, ,0.0,0.0,0.0,0.0,1,6000,0,0,0,0,0,0
TF,BPK,51.749736,-0.106736,0, ,0.0,0.0,0.0,0.0,1,6000,0,0,0,0,0,0

SID,BPK7G,27L,2
CA,0,269.0,2,590,0,0,0,0,0,0
CI,0, ,0.0,269.0,0,0,0,0,0,0,0,0
CF,D257C,51.476794,-0.544747,0,LON,257.0,3.0,297.0,2.0,0,0,0,0,0,0,0,0
TF,D278F,51.502311,-0.624711,0, ,0.0,0.0,0.0,0.0,0,0,0,0,0,0,0,1
DF,D304H,51.564372,-0.643569,0, ,0.0,0.0,2,4000,0,0,0,0,0,0
TF,D325H,51.593508,-0.581675,0, ,0.0,0.0,0.0,0.0,2,5000,0,0,0,0,0,0
TF,CHT,51.623144,-0.518575,0, ,0.0,0.0,0.0,0.0,1,6000,0,0,0,0,0,0
TF,BPK,51.749736,-0.106736,0, ,0.0,0.0,0.0,0.0,1,6000,0,0,0,0,0,0

SID,CPT3F,27R,2
CI,0, ,0.0,269.0,2,590,0,0,0,0,0,0
CF,D255G,51.458917,-0.647522,0,LON,255.0,7.0,255.0,5.0,0,0,0,0,0,0,0,1
CF,D259K,51.455411,-0.755267,0,LON,259.1,11.0,268.0,4.0,2,3000,0,0,0,0,0,0
TF,WOD,51.452783,-0.878800,0, ,0.0,0.0,0.0,0.0,2,4000,0,0,0,0,0,0
TF,D100H,51.467817,-1.009842,0, ,0.0,0.0,0.0,0.0,1,6000,0,0,0,0,0,0
TF,CPT,51.491572,-1.219692,0, ,0.0,0.0,0.0,0.0,1,6000,0,0,0,0,0,0

SID,CPT3G,27L,2
CI,0, ,0.0,269.0,2,590,0,0,0,0,0,0
CF,D255G,51.458917,-0.647522,0,LON,255.0,7.0,255.0,2.0,0,0,0,0,0,0,0,1
CF,D259K,51.455411,-0.755267,0,LON,259.1,11.0,268.0,4.0,2,3000,0,0,0,0,0,0
TF,WOD,51.452783,-0.878800,0, ,0.0,0.0,0.0,0.0,2,4000,0,0,0,0,0,0
TF,D100H,51.467817,-1.009842,0, ,0.0,0.0,0.0,0.0,1,6000,0,0,0,0,0,0
TF,CPT,51.491572,-1.219692,0, ,0.0,0.0,0.0,0.0,1,6000,0,0,0,0,0,0

SID,CPT4K,09L,2
CF,D110B,51.478122,-0.429311,0,LON,110.4,1.5,89.0,2.0,2,590,0,0,0,0,0,1
CF,D253K,51.436861,-0.748356,2,LON,253.1,11.0,281.0,12.0,2,3000,0,0,0,0,0,0
TF,WOD,51.452783,-0.878800,0, ,0.0,0.0,0.0,0.0,2,4000,0,0,0,0,0,0
TF,D100H,51.467817,-1.009842,0, ,0.0,0.0,0.0,0.0,1,6000,0,0,0,0,0,0
TF,CPT,51.491572,-1.219692,0, ,0.0,0.0,0.0,0.0,1,6000,0,0,0,0,0,0

SID,CPT5J,09R,2
CF,D130B,51.465417,-0.426283,0,LON,130.0,2.0,89.0,2.0,2,590,0,0,0,0,0,1
CF,D253K,51.436861,-0.748356,2,LON,253.1,11.0,281.0,12.0,2,3000,0,0,0,0,0,0
TF,WOD,51.452783,-0.878800,0, ,0.0,0.0,0.0,0.0,2,4000,0,0,0,0,0,0
TF,D100H,51.467817,-1.009842,0, ,0.0,0.0,0.0,0.0,1,6000,0,0,0,0,0,0
TF,CPT,51.491572,-1.219692,0, ,0.0,0.0,0.0,0.0,1,6000,0,0,0,0,0,0

SID,DET1J,09R,2
CF,D130B,51.465417,-0.426283,0,LON,130.0,2.0,89.0,2.0,2,590,0,0,0,0,0,1
CD, ,0,0,0,LON,0,0.0,120.0,4.0,0,0,0,0,0,0,0,0
CF,DE34A,51.428006,-0.284914,0,DET,282.0,34.0,102.0,4.0,0,0,0,0,0,0,0,0
TF,DE29C,51.410186,-0.154883,0, ,0.0,0.0,0.0,0.0,2,3000,0,0,0,0,0,0
TF,D282T,51.377750,0.078914,0, ,0.0,0.0,0.0,0.0,2,5000,0,0,0,0,0,0
TF,D282P,51.363183,0.182719,0, ,0.0,0.0,0.0,0.0,1,6000,0,0,0,0,0,0
TF,D282E,51.322653,0.467839,0, ,0.0,0.0,0.0,0.0,1,6000,0,0,0,0,0,0
TF,DET,51.304003,0.597275,0, ,0.0,0.0,0.0,0.0,1,6000,0,0,0,0,0,0

SID,DET1K,09L,2
CF,D110B,51.478122,-0.429311,0,LON,110.4,1.5,89.0,2.0,2,590,0,0,0,0,0,1
CD, ,0,0,0,LON,0,0.0,121.0,4.0,0,0,0,0,0,0,0,0
CF,DE34A,51.428006,-0.284914,0,DET,282.0,34.0,102.0,4.0,0,0,0,0,0,0,0,0
TF,DE29C,51.410186,-0.154883,0, ,0.0,0.0,0.0,0.0,2,3000,0,0,0,0,0,0
TF,D282T,51.377750,0.078914,0, ,0.0,0.0,0.0,0.0,2,5000,0,0,0,0,0,0
TF,D282P,51.363183,0.182719,0, ,0.0,0.0,0.0,0.0,1,6000,0,0,0,0,0,0
TF,D282E,51.322653,0.467839,0, ,0.0,0.0,0.0,0.0,1,6000,0,0,0,0,0,0
TF,DET,51.304003,0.597275,0, ,0.0,0.0,0.0,0.0,1,6000,0,0,0,0,0,0

SID,DET2F,27R,2
CF,D251B,51.476731,-0.517128,0,LON,250.6,2.0,269.0,2.0,2,590,0,0,0,0,0,1
CF,D161J,51.328603,-0.385911,1,LON,161.3,10.0,136.0,8.0,0,0,0,0,0,0,0,1
TF,EPM,51.319564,-0.371978,0, ,0.0,0.0,0.0,0.0,2,4000,0,0,0,0,0,0
TF,DET32,51.318078,-0.252381,0, ,0.0,0.0,0.0,0.0,2,5000,0,0,0,0,0,0
TF,DE29A,51.317019,-0.172703,0, ,0.0,0.0,0.0,0.0,1,6000,0,0,0,0,0,0
TF,D270E,51.306606,0.464550,0, ,0.0,0.0,0.0,0.0,1,6000,0,0,0,0,0,0
TF,DET,51.304003,0.597275,0, ,0.0,0.0,0.0,0.0,1,6000,0,0,0,0,0,0

SID,DET2G,27L,2
CF,D271A,51.464106,-0.509214,0,LON,228.1,2.1,269.0,1.0,2,590,0,0,0,0,0,1
CF,D161J,51.328603,-0.385911,1,LON,161.3,10.0,136.0,8.0,0,0,0,0,0,0,0,1
TF,EPM,51.319564,-0.371978,0, ,0.0,0.0,0.0,0.0,2,4000,0,0,0,0,0,0
TF,DET32,51.318078,-0.252381,0, ,0.0,0.0,0.0,0.0,2,5000,0,0,0,0,0,0
TF,DE29A,51.317019,-0.172703,0, ,0.0,0.0,0.0,0.0,1,6000,0,0,0,0,0,0
TF,D270E,51.306606,0.464550,0, ,0.0,0.0,0.0,0.0,1,6000,0,0,0,0,0,0
TF,DET,51.304003,0.597275,0, ,0.0,0.0,0.0,0.0,1,6000,0,0,0,0,0,0

SID,GASG2J,09R,2
CF,D130B,51.465417,-0.426283,0,BPK,215.1,20.9,89.0,2.0,2,590,0,0,0,0,0,1
CF,D124E,51.439456,-0.357444,0,BPK,206.8,20.9,124.0,3.0,0,0,0,0,0,0,0,1
CF,D041B,51.329783,-0.411622,2,BPK,204.5,27.7,221.0,5.0,2,4000,0,0,0,0,0,1
CF,D253A,51.298617,-0.482917,0,BPK,207.6,30.6,253.0,3.0,2,5000,0,0,0,0,0,0
TF,D253E,51.283419,-0.567111,0, ,0.0,0.0,0.0,0.0,1,6000,0,0,0,0,0,0
TF,GASGU,51.206664,-0.960006,0, ,0.0,0.0,0.0,0.0,1,6000,0,0,0,0,0,0

SID,GASG2K,09L,2
CF,D110B,51.478122,-0.429311,0,BPK,216.6,20.3,89.0,2.0,2,590,0,0,0,0,0,1
CF,D124E,51.439456,-0.357444,0,BPK,206.8,20.9,124.0,3.0,0,0,0,0,0,0,0,1
CF,D041B,51.329783,-0.411622,2,BPK,204.5,27.7,221.0,5.0,2,4000,0,0,0,0,0,1
CF,D253A,51.298617,-0.482917,0,BPK,207.6,30.6,253.0,3.0,2,5000,0,0,0,0,0,0
TF,D253E,51.283419,-0.567111,0, ,0.0,0.0,0.0,0.0,1,6000,0,0,0,0,0,0
TF,GASGU,51.206664,-0.960006,0, ,0.0,0.0,0.0,0.0,1,6000,0,0,0,0,0,0

SID,GOGS2F,27R,2
CI,0, ,0.0,269.0,2,590,0,0,0,0,0,0
CF,D255G,51.458917,-0.647522,0,LON,255.0,7.0,255.0,5.0,0,0,0,0,0,0,0,1
CF,D258I,51.456356,-0.709436,0,LON,257.6,9.3,268.0,2.0,2,3000,0,0,0,0,0,0
CF,D260M,51.454283,-0.808992,0,LON,260.4,13.0,268.0,4.0,2,4000,0,0,0,0,0,1
CF,SAM33,51.417394,-0.882322,0,SAM,31.0,32.8,212.0,3.0,2,5000,0,0,0,0,0,0
TF,SAM30,51.372389,-0.927875,0, ,0.0,0.0,0.0,0.0,1,6000,0,0,0,0,0,0
TF,GOGSI,51.290878,-1.000642,0, ,0.0,0.0,0.0,0.0,1,6000,0,0,0,0,0,0

SID,GOGS2G,27L,2
CI,0, ,0.0,269.0,2,590,0,0,0,0,0,0
CF,D255G,51.458917,-0.647522,0,LON,255.0,7.0,255.0,2.0,0,0,0,0,0,0,0,1
CF,D258I,51.456356,-0.709436,0,LON,257.6,9.3,268.0,2.0,2,3000,0,0,0,0,0,0
CF,D260M,51.454283,-0.808992,0,LON,260.4,13.0,268.0,4.0,2,4000,0,0,0,0,0,1
CF,SAM33,51.417394,-0.882322,0,SAM,31.0,32.8,212.0,3.0,2,5000,0,0,0,0,0,0
TF,SAM30,51.372389,-0.927875,0, ,0.0,0.0,0.0,0.0,1,6000,0,0,0,0,0,0
TF,GOGSI,51.290878,-1.000642,0, ,0.0,0.0,0.0,0.0,1,6000,0,0,0,0,0,0

SID,MAXI1F,27R,2
CI,0, ,0.0,269.0,2,590,0,0,0,0,0,0
CF,D255E,51.467039,-0.595836,0,LON,255.0,5.0,255.0,3.0,0,0,0,0,0,0,0,1
CF,D223H,51.395003,-0.608947,1,LON,223.0,7.7,161.0,3.0,2,3000,0,0,0,0,0,0
TF,D208I,51.351300,-0.584989,0, ,0.0,0.0,0.0,0.0,2,4000,0,0,0,0,0,0
TF,D195L,51.295181,-0.554297,0, ,0.0,0.0,0.0,0.0,0,0,0,0,0,0,0,0
CF,MAXIT,51.249744,-0.561897,0,MID,11.4,12.0,191.0,2.7,1,6000,0,0,0,0,0,0

SID,MAXI1G,27L,2
CI,0, ,0.0,269.0,2,590,0,0,0,0,0,0
CF,D239F,51.441400,-0.593411,0,LON,239.0,5.5,239.0,3.0,0,0,0,0,0,0,0,1
CF,D223H,51.395003,-0.608947,0,LON,223.0,7.7,161.0,2.0,2,3000,0,0,0,0,0,0
TF,D208I,51.351300,-0.584989,0, ,0.0,0.0,0.0,0.0,2,4000,0,0,0,0,0,0
TF,D195L,51.295181,-0.554297,0, ,0.0,0.0,0.0,0.0,0,0,0,0,0,0,0,0
CF,MAXIT,51.249744,-0.561897,0,MID,11.4,12.0,191.0,2.7,1,6000,0,0,0,0,0,0

SID,MODM1J,09R,2
CF,D130B,51.465417,-0.426283,0,LON,130.0,2.0,89.0,2.0,2,590,0,0,0,0,0,1
CF,D124D,51.453803,-0.390150,0,LON,124.0,3.5,124.0,1.0,0,0,0,0,0,0,0,1
VI,0, ,0.0,161.0,0,0,0,0,0,0,0,0
CF,D026R,51.323086,-0.415364,0,MID,26.0,18.0,206.0,6.0,2,4000,0,0,0,0,0,0
TF,D026O,51.278256,-0.450472,0, ,0.0,0.0,0.0,0.0,2,5000,0,0,0,0,0,0
TF,MODMI,51.233608,-0.486108,0, ,0.0,0.0,0.0,0.0,1,6000,0,0,0,0,0,0

SID,MODM1K,09L,2
CF,D110B,51.478122,-0.429311,0,LON,110.4,1.5,89.0,2.0,2,590,0,0,0,0,0,1
CF,D124D,51.453803,-0.390150,0,LON,124.0,3.5,124.0,2.0,0,0,0,0,0,0,0,1
VI,0, ,0.0,161.0,0,0,0,0,0,0,0,0
CF,D026R,51.323086,-0.415364,0,MID,26.0,18.0,206.0,6.0,2,4000,0,0,0,0,0,0
TF,D026O,51.278256,-0.450472,0, ,0.0,0.0,0.0,0.0,2,5000,0,0,0,0,0,0
TF,MODMI,51.233608,-0.486108,0, ,0.0,0.0,0.0,0.0,1,6000,0,0,0,0,0,0

SID,ULTI1J,09R,2
CF,D130B,51.465417,-0.426283,0,LON,130.0,2.0,89.0,2.0,2,590,0,0,0,0,0,1
CI,0, ,0.0,50.0,0,0,0,0,0,0,0,0
CF,D070J,51.541169,-0.214133,0,LON,70.0,10.0,70.0,4.0,2,3000,0,0,0,0,0,1
CF,D328T,51.617044,-0.237622,1,LON,46.5,11.5,328.0,3.0,2,5000,0,0,0,0,0,0
TF,ULTIB,51.659881,-0.278753,0, ,0.0,0.0,0.0,0.0,1,6000,0,0,0,0,0,0

SID,ULTI1K,09L,2
CF,D110B,51.478122,-0.429311,0,LON,110.4,1.5,89.0,2.0,2,590,0,0,0,0,0,1
CI,0, ,0.0,50.0,0,0,0,0,0,0,0,0
CF,D070J,51.541169,-0.214133,0,LON,70.0,10.0,70.0,6.0,2,3000,0,0,0,0,0,1
CF,D328T,51.617044,-0.237622,1,LON,46.5,11.5,328.0,3.0,2,5000,0,0,0,0,0,0
TF,ULTIB,51.659881,-0.278753,0, ,0.0,0.0,0.0,0.0,1,6000,0,0,0,0,0,0

SID,UMLA1F,27R,2
CA,0,269.0,2,590,0,0,0,0,0,0
CI,0, ,0.0,269.0,0,0,0,0,0,0,0,0
CF,D268D,51.485872,-0.573167,0,LON,267.9,4.0,297.0,2.0,0,0,0,0,0,0,0,0
TF,D280G,51.510222,-0.649561,0, ,0.0,0.0,0.0,0.0,0,0,0,0,0,0,0,0
TF,BUR,51.519011,-0.677192,0, ,0.0,0.0,0.0,0.0,2,3000,0,0,0,0,0,0
TF,D356D,51.583400,-0.684417,0, ,0.0,0.0,0.0,0.0,2,4000,0,0,0,0,0,0
TF,UMLAT,51.672139,-0.694256,0, ,0.0,0.0,0.0,0.0,1,6000,0,0,0,0,0,0

SID,UMLA1G,27L,2
CI,0, ,0.0,269.0,2,590,0,0,0,0,0,0
CF,D257C,51.476794,-0.544747,0,LON,257.0,3.0,297.0,2.0,0,0,0,0,0,0,0,0
TF,D280G,51.510222,-0.649561,0, ,0.0,0.0,0.0,0.0,0,0,0,0,0,0,0,0
TF,BUR,51.519011,-0.677192,0, ,0.0,0.0,0.0,0.0,2,3000,0,0,0,0,0,0
TF,D356D,51.583400,-0.684417,0, ,0.0,0.0,0.0,0.0,2,4000,0,0,0,0,0,0
TF,UMLAT,51.672139,-0.694256,0, ,0.0,0.0,0.0,0.0,1,6000,0,0,0,0,0,0

STAR,ALES1H,ALL,5
IF,ALESO,50.575622,1.225417, ,0.0,0.0,0,0,0,0,0,0,0,0
TF,ROTNO,50.857242,0.778111,0, ,0.0,0.0,0.0,0.0,0,0,0,0,0,0,0,0
TF,ETVAX,50.968608,0.598964,0, ,0.0,0.0,0.0,0.0,1,18000,0,0,0,0,0,0
TF,TIGER,51.067172,0.439317,0, ,0.0,0.0,0.0,0.0,0,0,0,0,0,0,0,0
TF,LLE01,51.187211,0.256022,0, ,0.0,0.0,0.0,0.0,0,0,0,1,250,0,0,0
TF,BIG,51.330875,0.034811,0, ,0.0,0.0,0.0,0.0,1,7000,0,1,220,0,0,0

STAR,BARM1H,ALL,5
IF,BARMI,52.478267,2.570481, ,0.0,0.0,1,30000,0,0,0,0,0,0
TF,SONOG,52.105475,2.269467,0, ,0.0,0.0,0.0,0.0,0,0,0,0,0,0,0,0
TF,LOGAN,51.747589,1.611828,0, ,0.0,0.0,0.0,0.0,1,25000,0,0,0,0,0,0
TF,SABER,51.703822,0.949497,0, ,0.0,0.0,0.0,0.0,1,16000,0,0,0,0,0,0
TF,BRASO,51.685158,0.683342,0, ,0.0,0.0,0.0,0.0,0,0,0,0,0,0,0,0
TF,WESUL,51.670914,0.485908,0, ,0.0,0.0,0.0,0.0,0,0,0,1,250,0,0,0
TF,LAM,51.646025,0.151703,0, ,0.0,0.0,0.0,0.0,1,7000,0,1,220,0,0,0

STAR,BIG1Z,ALL,5
IF,BIG,51.330875,0.034811, ,0.0,0.0,0,0,0,1,250,0,0,0
TF,DORKI,51.275833,-0.264444,0, ,0.0,0.0,0.0,0.0,0,0,0,0,0,0,0,0
TF,OCK,51.305047,-0.447183,0, ,0.0,0.0,0.0,0.0,1,7000,0,1,220,0,0,0

STAR,FITB1H,ALL,5
IF,FITBO,52.219042,-2.403486, ,0.0,0.0,1,18000,0,0,0,0,0,0
TF,SOPIT,51.958289,-1.107319,0, ,0.0,0.0,0.0,0.0,1,15000,0,0,0,0,0,0
TF,WCO,51.852919,-0.962408,0, ,0.0,0.0,0.0,0.0,0,0,0,1,220,0,0,0
TF,BNN,51.726164,-0.549750,0, ,0.0,0.0,0.0,0.0,1,7000,0,1,220,0,0,0

STAR,HAZE1H,ALL,5
IF,HAZEL,51.005286,-0.984461, ,0.0,0.0,1,13000,0,0,0,0,0,0
TF,LLS01,51.172775,-0.685675,0, ,0.0,0.0,0.0,0.0,0,0,0,1,250,0,0,0
TF,OCK,51.305047,-0.447183,0, ,0.0,0.0,0.0,0.0,1,7000,0,1,220,0,0,0

STAR,HON1H,ALL,5
IF,HON,52.356678,-1.663725, ,0.0,0.0,0,0,0,0,0,0,0,0
TF,TOBID,52.216667,-1.466389,0, ,0.0,0.0,0.0,0.0,0,0,0,0,0,0,0,0
TF,SOPIT,51.958289,-1.107319,0, ,0.0,0.0,0.0,0.0,1,15000,0,0,0,0,0,0
TF,WCO,51.852919,-0.962408,0, ,0.0,0.0,0.0,0.0,0,0,0,1,220,0,0,0
TF,BNN,51.726164,-0.549750,0, ,0.0,0.0,0.0,0.0,1,7000,0,1,220,0,0,0

STAR,LAM1X,ALL,5
IF,LAM,51.646025,0.151703, ,0.0,0.0,0,0,0,1,250,0,0,0
TF,HILLY,51.335011,0.243717,0, ,0.0,0.0,0.0,0.0,0,0,0,1,220,0,0,1
CF,BIG,51.330875,0.034811,2,CPT,101.1,48.1,302.0,7.0,1,7000,0,1,220,0,0,0

STAR,LAM1Y,ALL,5
IF,LAM,51.646025,0.151703, ,0.0,0.0,0,0,0,1,250,0,0,0
TF,DORKI,51.275833,-0.264444,0, ,0.0,0.0,0.0,0.0,0,0,0,0,0,0,0,0
TF,OCK,51.305047,-0.447183,0, ,0.0,0.0,0.0,0.0,1,7000,0,1,220,0,0,0

STAR,LAM1Z,ALL,5
IF,LAM,51.646025,0.151703, ,0.0,0.0,0,0,0,1,250,0,0,0
TF,DONNA,51.700106,-0.743622,0, ,0.0,0.0,0.0,0.0,0,0,0,1,220,0,0,1
CF,BNN,51.726164,-0.549750,2,CPT,60.4,28.8,116.0,7.0,1,7000,0,1,220,0,0,0

STAR,LOGA2H,ALL,5
IF,LOGAN,51.747589,1.611828, ,0.0,0.0,1,25000,0,0,0,0,0,0
TF,SABER,51.703822,0.949497,0, ,0.0,0.0,0.0,0.0,1,16000,0,0,0,0,0,0
TF,BRASO,51.685158,0.683342,0, ,0.0,0.0,0.0,0.0,0,0,0,0,0,0,0,0
TF,WESUL,51.670914,0.485908,0, ,0.0,0.0,0.0,0.0,0,0,0,1,250,0,0,0
TF,LAM,51.646025,0.151703,0, ,0.0,0.0,0.0,0.0,1,7000,0,1,220,0,0,0

STAR,NUGR1H,ALL,5
IF,NUGRA,53.029564,-2.303756, ,0.0,0.0,0,0,0,0,0,0,0,0
TF,TOBID,52.216667,-1.466389,0, ,0.0,0.0,0.0,0.0,1,20000,0,0,0,0,0,0
TF,SOPIT,51.958289,-1.107319,0, ,0.0,0.0,0.0,0.0,1,15000,0,0,0,0,0,0
TF,WCO,51.852919,-0.962408,0, ,0.0,0.0,0.0,0.0,0,0,0,1,220,0,0,0
TF,BNN,51.726164,-0.549750,0, ,0.0,0.0,0.0,0.0,1,7000,0,1,220,0,0,0

STAR,OCK1Z,ALL,5
IF,OCK,51.305047,-0.447183, ,0.0,0.0,0,0,0,0,0,0,0,0
TF,DORKI,51.275833,-0.264444,0, ,0.0,0.0,0.0,0.0,0,0,0,1,250,0,0,0
TF,HILLY,51.335011,0.243717,0, ,0.0,0.0,0.0,0.0,0,0,0,1,220,0,0,1
CF,BIG,51.330875,0.034811,2,CPT,101.1,48.1,302.0,7.0,1,7000,0,1,220,0,0,0

STAR,OTME1H,ALL,5
IF,OTMET,50.681961,-2.514825, ,0.0,0.0,1,27000,0,0,0,0,0,0
TF,SOKDU,50.660894,-2.025850,0, ,0.0,0.0,0.0,0.0,0,0,0,0,0,0,0,0
TF,NEDUL,50.666111,-1.547739,0, ,0.0,0.0,0.0,0.0,1,21000,0,0,0,0,0,0
TF,BEGTO,50.762533,-1.235553,0, ,0.0,0.0,0.0,0.0,0,0,0,0,0,0,0,0
TF,HAZEL,51.005286,-0.984461,0, ,0.0,0.0,0.0,0.0,1,13000,0,0,0,0,0,0
TF,LLS01,51.172775,-0.685675,0, ,0.0,0.0,0.0,0.0,0,0,0,1,250,0,0,0
TF,OCK,51.305047,-0.447183,0, ,0.0,0.0,0.0,0.0,1,7000,0,1,220,0,0,0

STAR,ROXO1H,ALL,5
IF,ROXOG,50.266192,-1.562336, ,0.0,0.0,0,0,0,0,0,0,0,0
TF,AMTOD,50.537692,-1.429017,0, ,0.0,0.0,0.0,0.0,0,0,0,0,0,0,0,0
TF,BEGTO,50.762533,-1.235553,0, ,0.0,0.0,0.0,0.0,0,0,0,0,0,0,0,0
TF,HAZEL,51.005286,-0.984461,0, ,0.0,0.0,0.0,0.0,1,13000,0,0,0,0,0,0
TF,LLS01,51.172775,-0.685675,0, ,0.0,0.0,0.0,0.0,0,0,0,1,250,0,0,0
TF,OCK,51.305047,-0.447183,0, ,0.0,0.0,0.0,0.0,1,7000,0,1,220,0,0,0

STAR,SIRI1H,ALL,5
IF,SIRIC,51.343381,-1.566358, ,0.0,0.0,1,14000,0,0,0,0,0,0
TF,NIGIT,51.313044,-1.170753,0, ,0.0,0.0,0.0,0.0,0,0,0,0,0,0,0,0
TF,LLW03,51.309119,-0.765817,0, ,0.0,0.0,0.0,0.0,0,0,0,1,250,0,0,0
TF,OCK,51.305047,-0.447183,0, ,0.0,0.0,0.0,0.0,1,7000,0,1,220,0,0,0

STAR,SIRI1Z,ALL,5
IF,SIRIC,51.343381,-1.566358, ,0.0,0.0,1,14000,0,0,0,0,0,0
TF,CPT,51.491572,-1.219692,0, ,0.0,0.0,0.0,0.0,0,0,0,1,250,0,0,0
TF,BNN,51.726164,-0.549750,0, ,0.0,0.0,0.0,0.0,1,7000,0,1,220,0,0,0

STAR,TANE1Z,ALL,5
IF,TANET,51.449444,0.925553, ,0.0,0.0,0,0,0,0,0,0,0,0
TF,DET,51.304003,0.597275,0, ,0.0,0.0,0.0,0.0,0,0,0,0,0,0,0,0
TF,LLE02,51.316022,0.352742,0, ,0.0,0.0,0.0,0.0,0,0,0,1,250,0,0,0
TF,BIG,51.330875,0.034811,0, ,0.0,0.0,0.0,0.0,1,7000,0,1,220,0,0,0

STAR,TOBI1X,ALL,5
IF,TOBID,52.216667,-1.466389, ,0.0,0.0,0,0,0,0,0,0,0,0
TF,WOD,51.452783,-0.878800,0, ,0.0,0.0,0.0,0.0,0,0,0,0,0,0,0,0
TF,LLW02,51.401086,-0.726914,0, ,0.0,0.0,0.0,0.0,0,0,0,1,250,0,0,0
TF,OCK,51.305047,-0.447183,0, ,0.0,0.0,0.0,0.0,1,7000,0,1,220,0,0,0

APPTR,I09L,09L,BIG
FD,BIG,51.330875,0.034811,0,BIG,0.0,26.0,274.0,26.0,1,7000,0,1,220,0,1,0
CF,BIG29,51.370431,-0.733528,0,BIG,274.0,29.0,274.0,3.0,2,6000,0,0,0,0,0,1
CF,GWC35,51.437511,-0.789267,0,GWC,357.0,35.0,357.0,4.0,2,3500,0,0,0,0,0,1
CF,CF09L,51.476222,-0.751481,2,IAA,269.7,12.2,89.0,2.0,1,3000,0,0,0,0,0,0

APPTR,I09L,09L,BNN
IF,BNN,51.726164,-0.549750, ,0.0,0.0,1,7000,0,1,220,0,1,0
CF,D177E,51.642986,-0.545081,0,BNN,177.0,5.0,177.0,5.0,1,7000,0,0,0,0,0,1
CF,LAM30,51.599781,-0.647131,0,LAM,264.0,30.0,264.0,4.0,1,7000,0,0,0,0,0,0
TF,LA34A,51.593206,-0.753517,0, ,0.0,0.0,0.0,0.0,2,6000,0,0,0,0,0,1
CF,GW39B,51.504053,-0.793039,0,GWC,357.0,39.0,177.0,6.0,2,3500,0,0,0,0,0,1
CF,CF09L,51.476222,-0.751481,1,IAA,269.7,12.2,89.0,2.0,1,3000,0,0,0,0,0,0

APPTR,I09L,09L,CHT
IF,CHT,51.623144,-0.518575, ,0.0,0.0,1,3000,0,1,220,0,1,0
CF,LA34B,51.612892,-0.756119,0,LAM,266.0,34.0,266.0,9.0,1,3000,0,0,0,0,0,1
CF,GW39A,51.504456,-0.756736,0,GWC,359.0,39.0,179.0,7.1,0,0,0,0,0,0,0,1
CF,CF09L,51.476222,-0.751481,1,IAA,269.7,12.2,89.0,2.0,1,3000,0,0,0,0,0,0

APPTR,I09L,09L,EPM
IF,EPM,51.319564,-0.371978, ,0.0,0.0,1,3000,0,1,220,0,1,0
TF,D282O,51.369147,-0.749228,0, ,0.0,0.0,0.0,0.0,1,3000,0,1,180,0,0,1
CF,CF09L,51.476222,-0.751481,2,IAA,269.7,12.2,89.0,3.0,1,3000,0,0,0,0,0,0

APPTR,I09L,09L,LAM
IF,LAM,51.646025,0.151703, ,0.0,0.0,1,7000,0,1,220,0,1,0
TF,LAM30,51.599781,-0.647131,0, ,0.0,0.0,0.0,0.0,1,7000,0,0,0,0,0,0
TF,LA34A,51.593206,-0.753517,0, ,0.0,0.0,0.0,0.0,2,6000,0,0,0,0,0,1
CF,GW39B,51.504053,-0.793039,0,GWC,357.0,39.0,177.0,6.0,2,3500,0,0,0,0,0,1
CF,CF09L,51.476222,-0.751481,1,IAA,269.7,12.2,89.0,2.0,1,3000,0,0,0,0,0,0

APPTR,I09L,09L,OCK
FD,OCK,51.305047,-0.447183,0,OCK,0.0,8.0,287.0,8.0,1,7000,0,1,220,0,1,0
CF,D287L,51.366383,-0.750678,0,OCK,287.0,12.0,287.0,4.0,2,6000,0,0,0,0,0,1
CF,GWC35,51.437511,-0.789267,0,GWC,357.0,35.0,357.0,4.0,2,3500,0,0,0,0,0,1
CF,CF09L,51.476222,-0.751481,2,IAA,269.7,12.2,89.0,2.0,1,3000,0,0,0,0,0,0

FINAL,I09L,09L,I,3
IF,CF09L,51.476222,-0.751481,IAA,269.7,12.2,1,3000,0,0,0,0,0,0
CF,FF09L,51.476600,-0.684842,0,IAA,269.7,9.7,89.0,2.5,1,2500,0,0,0,0,2,0
CF,RW09L,51.477500,-0.484992,0,IAA,269.7,2.2,89.0,7.5,1,130,0,0,0,0,3,0
CA,0,89.0,2,1580,0,0,0,0,0,0
CA,0,36.0,2,3000,0,0,0,0,0,0

APPTR,I09R,09R,BIG
FD,BIG,51.330875,0.034811,0,BIG,0.0,26.0,274.0,26.0,1,7000,0,1,220,0,1,0
CF,BIG29,51.370431,-0.733528,0,BIG,274.0,29.0,274.0,3.0,2,6000,0,0,0,0,0,1
CF,GWC35,51.437511,-0.789267,0,GWC,357.0,35.0,357.0,4.0,2,3500,0,0,0,0,0,1
CF,CF09R,51.463561,-0.748939,2,IBB,269.7,12.0,89.0,2.0,1,3000,0,0,0,0,0,0

APPTR,I09R,09R,BNN
IF,BNN,51.726164,-0.549750, ,0.0,0.0,1,7000,0,1,220,0,1,0
CF,D177E,51.642986,-0.545081,0,BNN,177.0,5.0,177.0,5.0,1,7000,0,0,0,0,0,1
CF,LAM30,51.599781,-0.647131,0,LAM,264.0,30.0,264.0,4.0,1,7000,0,0,0,0,0,0
TF,LA34A,51.593206,-0.753517,0, ,0.0,0.0,0.0,0.0,2,6000,0,0,0,0,0,1
CF,GW39B,51.504053,-0.793039,0,GWC,357.0,39.0,177.0,6.0,2,3500,0,0,0,0,0,1
CF,CF09R,51.463561,-0.748939,1,IBB,269.7,12.0,89.0,2.0,1,3000,0,0,0,0,0,0

APPTR,I09R,09R,CHT
IF,CHT,51.623144,-0.518575, ,0.0,0.0,1,3000,0,1,220,0,1,0
CF,LA34B,51.612892,-0.756119,0,LAM,266.0,34.0,266.0,9.0,1,3000,0,0,0,0,0,1
CF,GW39A,51.504456,-0.756736,0,GWC,359.0,39.0,179.0,7.1,0,0,0,0,0,0,0,1
CF,CF09R,51.463561,-0.748939,1,IBB,269.7,12.0,89.0,2.0,1,3000,0,0,0,0,0,0

APPTR,I09R,09R,EPM
IF,EPM,51.319564,-0.371978, ,0.0,0.0,1,3000,0,1,220,0,1,0
TF,D282O,51.369147,-0.749228,0, ,0.0,0.0,0.0,0.0,1,3000,0,1,180,0,0,1
CF,CF09R,51.463561,-0.748939,2,IBB,269.7,12.0,89.0,4.0,1,3000,0,0,0,0,0,0

APPTR,I09R,09R,LAM
IF,LAM,51.646025,0.151703, ,0.0,0.0,1,7000,0,1,220,0,1,0
TF,LAM30,51.599781,-0.647131,0, ,0.0,0.0,0.0,0.0,1,7000,0,0,0,0,0,0
TF,LA34A,51.593206,-0.753517,0, ,0.0,0.0,0.0,0.0,2,6000,0,0,0,0,0,1
CF,GW39B,51.504053,-0.793039,0,GWC,357.0,39.0,177.0,6.0,2,3500,0,0,0,0,0,1
CF,CF09R,51.463561,-0.748939,1,IBB,269.7,12.0,89.0,2.0,1,3000,0,0,0,0,0,0

APPTR,I09R,09R,OCK
FD,OCK,51.305047,-0.447183,0,OCK,0.0,8.0,287.0,8.0,1,7000,0,1,220,0,1,0
CF,D287L,51.366383,-0.750678,0,OCK,287.0,12.0,287.0,4.0,2,6000,0,0,0,0,0,1
CF,GWC35,51.437511,-0.789267,0,GWC,357.0,35.0,357.0,4.0,2,3500,0,0,0,0,0,1
CF,CF09R,51.463561,-0.748939,2,IBB,269.7,12.0,89.0,2.0,1,3000,0,0,0,0,0,0

FINAL,I09R,09R,I,3
IF,CF09R,51.463561,-0.748939,IBB,269.7,12.0,1,3000,0,0,0,0,0,0
CF,FF09R,51.463925,-0.682319,0,IBB,269.7,9.5,89.0,2.5,1,2500,0,0,0,0,2,0
CF,RW09R,51.464792,-0.482314,0,IBB,269.7,2.0,89.0,7.5,1,125,0,0,0,0,3,0
CA,0,89.0,2,3000,0,0,0,0,0,0

APPTR,I27L,27L,BIG
FD,BIG,51.330875,0.034811,0,BIG,0.0,9.0,272.0,9.0,0,0,0,1,180,0,1,0
CR,2,BIG,300.0,91.0,0,0,0,0,0,0,0,0
CF,CF27L,51.465481,-0.167544,1,ILL,89.7,12.1,269.0,1.0,1,3000,0,0,0,0,0,0

APPTR,I27L,27L,BNN
FD,BNN,51.726164,-0.549750,0,BNN,0.0,11.0,126.0,11.0,1,7000,0,1,220,0,1,0
CF,D126O,51.575461,-0.229719,0,BNN,126.0,15.0,126.0,4.0,2,6000,0,0,0,0,0,0
CF,D126S,51.535125,-0.144733,0,BNN,126.0,19.0,126.0,4.0,0,0,0,1,180,0,0,1
CR,2,BNN,131.0,217.0,2,3500,0,0,0,0,0,0
CF,CF27L,51.465481,-0.167544,0,ILL,89.7,12.1,269.0,2.0,1,3000,0,0,0,0,0,0

APPTR,I27L,27L,CHT
IF,CHT,51.623144,-0.518575, ,0.0,0.0,1,3000,0,1,220,0,1,0
TF,D290O,51.537133,-0.142303,0, ,0.0,0.0,0.0,0.0,0,0,0,1,180,0,0,1
CF,CF27L,51.465481,-0.167544,2,ILL,89.7,12.1,269.0,2.0,1,3000,0,0,0,0,0,0

APPTR,I27L,27L,EPM
IF,EPM,51.319564,-0.371978, ,0.0,0.0,1,3000,0,1,220,0,1,0
TF,D074L,51.356342,-0.139008,0, ,0.0,0.0,0.0,0.0,0,0,0,0,0,0,0,1
CR,0,OCK,63.0,358.0,0,0,0,0,0,0,0,0
CI,0, ,0.0,358.0,0,0,0,0,0,0,0,0
CF,CF27L,51.465481,-0.167544,0,ILL,89.7,12.1,269.0,2.0,1,3000,0,0,0,0,0,0

APPTR,I27L,27L,LAM
FD,LAM,51.646025,0.151703,0,LAM,0.0,11.0,272.0,11.0,1,7000,0,1,220,0,1,0
DF,D126O,51.575461,-0.229719,1, ,0.0,0.0,2,6000,0,0,0,0,0,0
CF,D126S,51.535125,-0.144733,0,BNN,126.0,19.0,126.0,4.0,0,0,0,1,180,0,0,1
CR,2,BNN,131.0,217.0,2,3500,0,0,0,0,0,0
CF,CF27L,51.465481,-0.167544,0,ILL,89.7,12.1,269.0,2.0,1,3000,0,0,0,0,0,0

APPTR,I27L,27L,OCK
FD,OCK,51.305047,-0.447183,0,OCK,0.0,7.0,74.0,7.0,1,7000,0,1,220,0,1,0
CF,D074K,51.352100,-0.164714,0,OCK,74.0,11.0,74.0,4.0,2,6000,0,0,0,0,0,0
CF,D074L,51.356342,-0.139008,0,OCK,74.0,12.0,74.0,1.0,0,0,0,0,0,0,0,1
CR,0,OCK,63.0,358.0,2,3500,0,0,0,0,0,0
CI,0, ,0.0,358.0,0,0,0,0,0,0,0,0
CF,CF27L,51.465481,-0.167544,0,ILL,89.7,12.1,269.0,2.0,1,3000,0,0,0,0,0,0

FINAL,I27L,27L,I,3
IF,CF27L,51.465481,-0.167544,ILL,89.7,12.1,1,3000,0,0,0,0,0,0
CF,FF27L,51.465406,-0.234169,0,ILL,89.7,9.6,269.0,2.5,1,2500,0,0,0,0,2,0
CF,RW27L,51.464950,-0.434100,0,ILL,89.7,2.1,269.0,7.5,1,133,0,0,0,0,3,0
CA,0,269.0,2,1080,0,0,0,0,0,0
CD, ,0,0,1,LON,0,0.0,147.0,6.0,1,2000,0,0,0,0,0,0
CA,0,147.0,2,3000,0,0,0,0,0,0

APPTR,I27R,27R,BIG
FD,BIG,51.330875,0.034811,0,BIG,0.0,9.0,272.0,9.0,0,0,0,1,180,0,1,0
CR,2,BIG,300.0,91.0,0,0,0,0,0,0,0,0
CF,CF27R,51.478222,-0.166797,1,IRR,89.7,12.3,269.0,1.0,1,3000,0,0,0,0,0,0

APPTR,I27R,27R,BNN
FD,BNN,51.726164,-0.549750,0,BNN,0.0,11.0,126.0,11.0,1,7000,0,1,220,0,1,0
CF,D126O,51.575461,-0.229719,0,BNN,126.0,15.0,126.0,4.0,2,6000,0,0,0,0,0,0
CF,D126S,51.535125,-0.144733,0,BNN,126.0,19.0,126.0,4.0,0,0,0,1,180,0,0,1
CR,2,BNN,131.0,217.0,2,3500,0,0,0,0,0,0
CF,CF27R,51.478222,-0.166797,0,IRR,89.7,12.3,269.0,2.0,1,3000,0,0,0,0,0,0

APPTR,I27R,27R,CHT
IF,CHT,51.623144,-0.518575, ,0.0,0.0,1,3000,0,1,220,0,1,0
TF,D290O,51.537133,-0.142303,0, ,0.0,0.0,0.0,0.0,0,0,0,1,180,0,0,1
CF,CF27R,51.478222,-0.166797,2,IRR,89.7,12.3,269.0,2.0,1,3000,0,0,0,0,0,0

APPTR,I27R,27R,EPM
IF,EPM,51.319564,-0.371978, ,0.0,0.0,1,3000,0,1,220,0,1,0
TF,D074L,51.356342,-0.139008,0, ,0.0,0.0,0.0,0.0,0,0,0,0,0,0,0,1
CR,0,OCK,63.0,358.0,0,0,0,0,0,0,0,0
CI,0, ,0.0,358.0,0,0,0,0,0,0,0,0
CF,CF27R,51.478222,-0.166797,0,IRR,89.7,12.3,269.0,2.0,1,3000,0,0,0,0,0,0

APPTR,I27R,27R,LAM
FD,LAM,51.646025,0.151703,0,LAM,0.0,11.0,272.0,11.0,1,7000,0,1,220,0,1,0
DF,D126O,51.575461,-0.229719,1, ,0.0,0.0,2,6000,0,0,0,0,0,0
CF,D126S,51.535125,-0.144733,0,BNN,126.0,19.0,126.0,4.0,0,0,0,1,180,0,0,1
CR,2,BNN,131.0,217.0,2,3500,0,0,0,0,0,0
CF,CF27R,51.478222,-0.166797,0,IRR,89.7,12.3,269.0,2.0,1,3000,0,0,0,0,0,0

APPTR,I27R,27R,OCK
FD,OCK,51.305047,-0.447183,0,OCK,0.0,7.0,74.0,7.0,1,7000,0,1,220,0,1,0
CF,D074K,51.352100,-0.164714,0,OCK,74.0,11.0,74.0,4.0,2,6000,0,0,0,0,0,0
CF,D074L,51.356342,-0.139008,0,OCK,74.0,12.0,74.0,1.0,0,0,0,0,0,0,0,1
CR,0,OCK,63.0,358.0,2,3500,0,0,0,0,0,0
CI,0, ,0.0,358.0,0,0,0,0,0,0,0,0
CF,CF27R,51.478222,-0.166797,0,IRR,89.7,12.3,269.0,2.0,1,3000,0,0,0,0,0,0

FINAL,I27R,27R,I,3
IF,CF27R,51.478222,-0.166797,IRR,89.7,12.3,1,3000,0,0,0,0,0,0
CF,FF27R,51.478142,-0.233442,0,IRR,89.7,9.8,269.0,2.5,1,2500,0,0,0,0,2,0
CF,RW27R,51.477675,-0.433283,0,IRR,89.7,2.3,269.0,7.5,1,136,0,0,0,0,3,0
CA,0,269.0,2,1580,0,0,0,0,0,0
CA,0,316.0,2,3000,0,0,0,0,0,0

APPTR,L09L,09L,BIG
FD,BIG,51.330875,0.034811,0,BIG,0.0,26.0,274.0,26.0,1,7000,0,1,220,0,1,0
CF,BIG29,51.370431,-0.733528,0,BIG,274.0,29.0,274.0,3.0,2,6000,0,0,0,0,0,1
CF,GWC35,51.437511,-0.789267,0,GWC,357.0,35.0,357.0,4.0,2,3500,0,0,0,0,0,1
CF,CF09L,51.476222,-0.751481,2,IAA,269.7,12.2,89.0,2.0,1,3000,0,0,0,0,0,0

APPTR,L09L,09L,BNN
IF,BNN,51.726164,-0.549750, ,0.0,0.0,1,7000,0,1,220,0,1,0
CF,D177E,51.642986,-0.545081,0,BNN,177.0,5.0,177.0,5.0,1,7000,0,0,0,0,0,1
CF,LAM30,51.599781,-0.647131,0,LAM,264.0,30.0,264.0,4.0,1,7000,0,0,0,0,0,0
TF,LA34A,51.593206,-0.753517,0, ,0.0,0.0,0.0,0.0,2,6000,0,0,0,0,0,1
CF,GW39B,51.504053,-0.793039,0,GWC,357.0,39.0,177.0,6.0,2,3500,0,0,0,0,0,1
CF,CF09L,51.476222,-0.751481,1,IAA,269.7,12.2,89.0,2.0,1,3000,0,0,0,0,0,0

APPTR,L09L,09L,CHT
IF,CHT,51.623144,-0.518575, ,0.0,0.0,1,3000,0,1,220,0,1,0
CF,LA34B,51.612892,-0.756119,0,LAM,266.0,34.0,266.0,9.0,1,3000,0,0,0,0,0,1
CF,GW39A,51.504456,-0.756736,0,GWC,359.0,39.0,179.0,7.1,0,0,0,0,0,0,0,1
CF,CF09L,51.476222,-0.751481,1,IAA,269.7,12.2,89.0,2.0,1,3000,0,0,0,0,0,0

APPTR,L09L,09L,EPM
IF,EPM,51.319564,-0.371978, ,0.0,0.0,1,3000,0,1,220,0,1,0
TF,D282O,51.369147,-0.749228,0, ,0.0,0.0,0.0,0.0,1,3000,0,1,180,0,0,1
CF,CF09L,51.476222,-0.751481,2,IAA,269.7,12.2,89.0,3.0,1,3000,0,0,0,0,0,0

APPTR,L09L,09L,LAM
IF,LAM,51.646025,0.151703, ,0.0,0.0,1,7000,0,1,220,0,1,0
TF,LAM30,51.599781,-0.647131,0, ,0.0,0.0,0.0,0.0,1,7000,0,0,0,0,0,0
TF,LA34A,51.593206,-0.753517,0, ,0.0,0.0,0.0,0.0,2,6000,0,0,0,0,0,1
CF,GW39B,51.504053,-0.793039,0,GWC,357.0,39.0,177.0,6.0,2,3500,0,0,0,0,0,1
CF,CF09L,51.476222,-0.751481,1,IAA,269.7,12.2,89.0,2.0,1,3000,0,0,0,0,0,0

APPTR,L09L,09L,OCK
FD,OCK,51.305047,-0.447183,0,OCK,0.0,8.0,287.0,8.0,1,7000,0,1,220,0,1,0
CF,D287L,51.366383,-0.750678,0,OCK,287.0,12.0,287.0,4.0,2,6000,0,0,0,0,0,1
CF,GWC35,51.437511,-0.789267,0,GWC,357.0,35.0,357.0,4.0,2,3500,0,0,0,0,0,1
CF,CF09L,51.476222,-0.751481,2,IAA,269.7,12.2,89.0,2.0,1,3000,0,0,0,0,0,0

FINAL,L09L,09L,D,4
IF,CF09L,51.476222,-0.751481,IAA,269.7,12.2,1,3000,0,0,0,0,0,0
CF,FF09L,51.476600,-0.684842,0,IAA,269.7,9.7,89.0,2.5,1,2500,0,0,0,0,2,0
CF,40LOC,51.477061,-0.591700,0,IAA,269.7,6.2,89.0,3.5,2,1400,0,0,0,0,0,0
CF,MA09L,51.477450,-0.498400,0,IAA,269.7,2.7,89.0,3.5,1,291,0,0,0,0,3,0
CA,0,89.0,2,1580,0,0,0,0,0,0
CA,0,36.0,2,3000,0,0,0,0,0,0

APPTR,L09R,09R,BIG
FD,BIG,51.330875,0.034811,0,BIG,0.0,26.0,274.0,26.0,1,7000,0,1,220,0,1,0
CF,BIG29,51.370431,-0.733528,0,BIG,274.0,29.0,274.0,3.0,2,6000,0,0,0,0,0,1
CF,GWC35,51.437511,-0.789267,0,GWC,357.0,35.0,357.0,4.0,2,3500,0,0,0,0,0,1
CF,CF09R,51.463561,-0.748939,2,IBB,269.7,12.0,89.0,2.0,1,3000,0,0,0,0,0,0

APPTR,L09R,09R,BNN
IF,BNN,51.726164,-0.549750, ,0.0,0.0,1,7000,0,1,220,0,1,0
CF,D177E,51.642986,-0.545081,0,BNN,177.0,5.0,177.0,5.0,1,7000,0,0,0,0,0,1
CF,LAM30,51.599781,-0.647131,0,LAM,264.0,30.0,264.0,4.0,1,7000,0,0,0,0,0,0
TF,LA34A,51.593206,-0.753517,0, ,0.0,0.0,0.0,0.0,2,6000,0,0,0,0,0,1
CF,GW39B,51.504053,-0.793039,0,GWC,357.0,39.0,177.0,6.0,2,3500,0,0,0,0,0,1
CF,CF09R,51.463561,-0.748939,1,IBB,269.7,12.0,89.0,2.0,1,3000,0,0,0,0,0,0

APPTR,L09R,09R,CHT
IF,CHT,51.623144,-0.518575, ,0.0,0.0,1,3000,0,1,220,0,1,0
CF,LA34B,51.612892,-0.756119,0,LAM,266.0,34.0,266.0,9.0,1,3000,0,0,0,0,0,1
CF,GW39A,51.504456,-0.756736,0,GWC,359.0,39.0,179.0,7.1,0,0,0,0,0,0,0,1
CF,CF09R,51.463561,-0.748939,1,IBB,269.7,12.0,89.0,2.0,1,3000,0,0,0,0,0,0

APPTR,L09R,09R,EPM
IF,EPM,51.319564,-0.371978, ,0.0,0.0,1,3000,0,1,220,0,1,0
TF,D282O,51.369147,-0.749228,0, ,0.0,0.0,0.0,0.0,1,3000,0,1,180,0,0,1
CF,CF09R,51.463561,-0.748939,2,IBB,269.7,12.0,89.0,4.0,1,3000,0,0,0,0,0,0

APPTR,L09R,09R,LAM
IF,LAM,51.646025,0.151703, ,0.0,0.0,1,7000,0,1,220,0,1,0
TF,LAM30,51.599781,-0.647131,0, ,0.0,0.0,0.0,0.0,1,7000,0,0,0,0,0,0
TF,LA34A,51.593206,-0.753517,0, ,0.0,0.0,0.0,0.0,2,6000,0,0,0,0,0,1
CF,GW39B,51.504053,-0.793039,0,GWC,357.0,39.0,177.0,6.0,2,3500,0,0,0,0,0,1
CF,CF09R,51.463561,-0.748939,1,IBB,269.7,12.0,89.0,2.0,1,3000,0,0,0,0,0,0

APPTR,L09R,09R,OCK
FD,OCK,51.305047,-0.447183,0,OCK,0.0,8.0,287.0,8.0,1,7000,0,1,220,0,1,0
CF,D287L,51.366383,-0.750678,0,OCK,287.0,12.0,287.0,4.0,2,6000,0,0,0,0,0,1
CF,GWC35,51.437511,-0.789267,0,GWC,357.0,35.0,357.0,4.0,2,3500,0,0,0,0,0,1
CF,CF09R,51.463561,-0.748939,2,IBB,269.7,12.0,89.0,2.0,1,3000,0,0,0,0,0,0

FINAL,L09R,09R,D,4
IF,CF09R,51.463561,-0.748939,IBB,269.7,12.0,1,3000,0,0,0,0,0,0
CF,FF09R,51.463925,-0.682319,0,IBB,269.7,9.5,89.0,2.5,1,2500,0,0,0,0,2,0
CF,40LO2,51.464367,-0.588925,0,IBB,269.7,6.0,89.0,3.5,2,1400,0,0,0,0,0,0
CF,MA09R,51.464742,-0.495653,0,IBB,269.7,2.5,89.0,3.5,1,285,0,0,0,0,3,0
CA,0,89.0,2,3000,0,0,0,0,0,0

APPTR,L27L,27L,BIG
FD,BIG,51.330875,0.034811,0,BIG,0.0,9.0,272.0,9.0,0,0,0,1,180,0,1,0
CR,2,BIG,300.0,91.0,0,0,0,0,0,0,0,0
CF,CF27L,51.465481,-0.167544,1,ILL,89.7,12.1,269.0,1.0,1,3000,0,0,0,0,0,0

APPTR,L27L,27L,BNN
FD,BNN,51.726164,-0.549750,0,BNN,0.0,11.0,126.0,11.0,1,7000,0,1,220,0,1,0
CF,D126O,51.575461,-0.229719,0,BNN,126.0,15.0,126.0,4.0,2,6000,0,0,0,0,0,0
CF,D126S,51.535125,-0.144733,0,BNN,126.0,19.0,126.0,4.0,0,0,0,1,180,0,0,1
CR,2,BNN,131.0,217.0,2,3500,0,0,0,0,0,0
CF,CF27L,51.465481,-0.167544,0,ILL,89.7,12.1,269.0,2.0,1,3000,0,0,0,0,0,0

APPTR,L27L,27L,CHT
IF,CHT,51.623144,-0.518575, ,0.0,0.0,1,3000,0,1,220,0,1,0
TF,D290O,51.537133,-0.142303,0, ,0.0,0.0,0.0,0.0,0,0,0,1,180,0,0,1
CF,CF27L,51.465481,-0.167544,2,ILL,89.7,12.1,269.0,2.0,1,3000,0,0,0,0,0,0

APPTR,L27L,27L,EPM
IF,EPM,51.319564,-0.371978, ,0.0,0.0,1,3000,0,1,220,0,1,0
TF,D074L,51.356342,-0.139008,0, ,0.0,0.0,0.0,0.0,0,0,0,0,0,0,0,1
CR,0,OCK,63.0,358.0,0,0,0,0,0,0,0,0
CI,0, ,0.0,358.0,0,0,0,0,0,0,0,0
CF,CF27L,51.465481,-0.167544,0,ILL,89.7,12.1,269.0,2.0,1,3000,0,0,0,0,0,0

APPTR,L27L,27L,LAM
FD,LAM,51.646025,0.151703,0,LAM,0.0,11.0,272.0,11.0,1,7000,0,1,220,0,1,0
DF,D126O,51.575461,-0.229719,1, ,0.0,0.0,2,6000,0,0,0,0,0,0
CF,D126S,51.535125,-0.144733,0,BNN,126.0,19.0,126.0,4.0,0,0,0,1,180,0,0,1
CR,2,BNN,131.0,217.0,2,3500,0,0,0,0,0,0
CF,CF27L,51.465481,-0.167544,0,ILL,89.7,12.1,269.0,2.0,1,3000,0,0,0,0,0,0

APPTR,L27L,27L,OCK
FD,OCK,51.305047,-0.447183,0,OCK,0.0,7.0,74.0,7.0,1,7000,0,1,220,0,1,0
CF,D074K,51.352100,-0.164714,0,OCK,74.0,11.0,74.0,4.0,2,6000,0,0,0,0,0,0
CF,D074L,51.356342,-0.139008,0,OCK,74.0,12.0,74.0,1.0,0,0,0,0,0,0,0,1
CR,0,OCK,63.0,358.0,2,3500,0,0,0,0,0,0
CI,0, ,0.0,358.0,0,0,0,0,0,0,0,0
CF,CF27L,51.465481,-0.167544,0,ILL,89.7,12.1,269.0,2.0,1,3000,0,0,0,0,0,0

FINAL,L27L,27L,D,4
IF,CF27L,51.465481,-0.167544,ILL,89.7,12.1,1,3000,0,0,0,0,0,0
CF,FF27L,51.465406,-0.234169,0,ILL,89.7,9.6,269.0,2.5,1,2500,0,0,0,0,2,0
CF,40LO3,51.465236,-0.327536,0,ILL,89.7,6.1,269.0,3.5,2,1410,0,0,0,0,0,0
CF,MA27L,51.464992,-0.420811,0,ILL,89.7,2.6,269.0,3.5,1,292,0,0,0,0,3,0
CA,0,269.0,2,1080,0,0,0,0,0,0
CD, ,0,0,1,LON,0,0.0,147.0,6.0,1,2000,0,0,0,0,0,0
CA,0,147.0,2,3000,0,0,0,0,0,0

APPTR,L27R,27R,BIG
FD,BIG,51.330875,0.034811,0,BIG,0.0,9.0,272.0,9.0,0,0,0,1,180,0,1,0
CR,2,BIG,300.0,91.0,0,0,0,0,0,0,0,0
CF,CF27R,51.478222,-0.166797,1,IRR,89.7,12.3,269.0,1.0,1,3000,0,0,0,0,0,0

APPTR,L27R,27R,BNN
FD,BNN,51.726164,-0.549750,0,BNN,0.0,11.0,126.0,11.0,1,7000,0,1,220,0,1,0
CF,D126O,51.575461,-0.229719,0,BNN,126.0,15.0,126.0,4.0,2,6000,0,0,0,0,0,0
CF,D126S,51.535125,-0.144733,0,BNN,126.0,19.0,126.0,4.0,0,0,0,1,180,0,0,1
CR,2,BNN,131.0,217.0,2,3500,0,0,0,0,0,0
CF,CF27R,51.478222,-0.166797,0,IRR,89.7,12.3,269.0,2.0,1,3000,0,0,0,0,0,0

APPTR,L27R,27R,CHT
IF,CHT,51.623144,-0.518575, ,0.0,0.0,1,3000,0,1,220,0,1,0
TF,D290O,51.537133,-0.142303,0, ,0.0,0.0,0.0,0.0,0,0,0,1,180,0,0,1
CF,CF27R,51.478222,-0.166797,2,IRR,89.7,12.3,269.0,2.0,1,3000,0,0,0,0,0,0

APPTR,L27R,27R,EPM
IF,EPM,51.319564,-0.371978, ,0.0,0.0,1,3000,0,1,220,0,1,0
TF,D074L,51.356342,-0.139008,0, ,0.0,0.0,0.0,0.0,0,0,0,0,0,0,0,1
CR,0,OCK,63.0,358.0,0,0,0,0,0,0,0,0
CI,0, ,0.0,358.0,0,0,0,0,0,0,0,0
CF,CF27R,51.478222,-0.166797,0,IRR,89.7,12.3,269.0,2.0,1,3000,0,0,0,0,0,0

APPTR,L27R,27R,LAM
FD,LAM,51.646025,0.151703,0,LAM,0.0,11.0,272.0,11.0,1,7000,0,1,220,0,1,0
DF,D126O,51.575461,-0.229719,1, ,0.0,0.0,2,6000,0,0,0,0,0,0
CF,D126S,51.535125,-0.144733,0,BNN,126.0,19.0,126.0,4.0,0,0,0,1,180,0,0,1
CR,2,BNN,131.0,217.0,2,3500,0,0,0,0,0,0
CF,CF27R,51.478222,-0.166797,0,IRR,89.7,12.3,269.0,2.0,1,3000,0,0,0,0,0,0

APPTR,L27R,27R,OCK
FD,OCK,51.305047,-0.447183,0,OCK,0.0,7.0,74.0,7.0,1,7000,0,1,220,0,1,0
CF,D074K,51.352100,-0.164714,0,OCK,74.0,11.0,74.0,4.0,2,6000,0,0,0,0,0,0
CF,D074L,51.356342,-0.139008,0,OCK,74.0,12.0,74.0,1.0,0,0,0,0,0,0,0,1
CR,0,OCK,63.0,358.0,2,3500,0,0,0,0,0,0
CI,0, ,0.0,358.0,0,0,0,0,0,0,0,0
CF,CF27R,51.478222,-0.166797,0,IRR,89.7,12.3,269.0,2.0,1,3000,0,0,0,0,0,0

FINAL,L27R,27R,D,4
IF,CF27R,51.478222,-0.166797,IRR,89.7,12.3,1,3000,0,0,0,0,0,0
CF,FF27R,51.478142,-0.233442,0,IRR,89.7,9.8,269.0,2.5,1,2500,0,0,0,0,2,0
CF,30LOC,51.477903,-0.353233,0,IRR,89.7,5.3,269.0,4.5,2,1090,0,0,0,0,0,0
CF,MA27R,51.477717,-0.419878,0,IRR,89.7,2.8,269.0,2.5,1,297,0,0,0,0,3,0
CA,0,269.0,2,1580,0,0,0,0,0,0
CA,0,316.0,2,3000,0,0,0,0,0,0

FINAL,R09L,09L,R,3
IF,ABAVI,51.476236,-0.751575, ,0.0,0.0,2,3000,0,0,0,0,0,0
TF,L09LF,51.476681,-0.671061,0, ,0.0,0.0,89.0,3.0,2,2500,0,0,0,0,2,0
TF,RW09L,51.477500,-0.484992,0, ,0.0,0.0,89.0,7.0,1,129,0,0,0,0,3,1
CA,0,89.0,2,1580,0,0,0,0,0,0
VM,0,0,0,36.0,1,3000,0,0,0,0,0,0

FINAL,R09R,09R,R,3
IF,BENPA,51.463544,-0.748822, ,0.0,0.0,2,3000,0,0,0,0,0,0
TF,L09RF,51.463983,-0.668647,0, ,0.0,0.0,89.0,3.0,2,2500,0,0,0,0,2,0
TF,RW09R,51.464792,-0.482314,0, ,0.0,0.0,89.0,7.0,1,125,0,0,0,0,3,1
CA,0,89.0,2,3000,0,0,0,0,0,0
VM,0,0,0,89.0,1,3000,0,0,0,0,0,0

FINAL,R27L,27L,R,3
IF,NEKSA,51.465478,-0.167192, ,0.0,0.0,2,3000,0,0,0,0,0,0
TF,L27LF,51.465389,-0.247917,0, ,0.0,0.0,269.0,3.0,2,2500,0,0,0,0,2,0
TF,RW27L,51.464950,-0.434100,0, ,0.0,0.0,269.0,7.0,1,127,0,0,0,0,3,1
CA,0,269.0,2,1080,0,0,0,0,0,0
CD, ,0,0,1,LON,0,0.0,147.0,6.0,1,2000,0,0,0,0,0,0
VM,0,0,0,147.0,1,3000,0,0,0,0,0,0

FINAL,R27R,27R,R,3
IF,IVLAR,51.478214,-0.166689, ,0.0,0.0,2,3000,0,0,0,0,0,0
TF,L27RF,51.478117,-0.247128,0, ,0.0,0.0,269.0,3.0,2,2500,0,0,0,0,2,0
TF,RW27R,51.477675,-0.433283,0, ,0.0,0.0,269.0,7.0,1,128,0,0,0,0,3,1
CA,0,269.0,2,1580,0,0,0,0,0,0
VM,0,0,0,316.0,1,3000,0,0,0,0,0,0

