SID,MID1,08,1
CA,0,83.0,2,2000,0,0,0,0,0,0
VM,0,0,0,69.0,1,10000,0,0,0,0,0,0

SID,MID1,26,1
CA,0,263.0,2,2000,0,0,0,0,0,0
VM,0,0,2,69.0,1,10000,0,0,0,0,0,0

SID,MID2,08,1
CA,0,83.0,2,2000,0,0,0,0,0,0
VM,0,0,0,99.0,1,10000,0,0,0,0,0,0

SID,MID2,26,1
CA,0,263.0,2,2000,0,0,0,0,0,0
VM,0,0,1,99.0,1,10000,0,0,0,0,0,0

SID,MID3,08,1
CA,0,83.0,2,2000,0,0,0,0,0,0
VM,0,0,0,149.0,1,10000,0,0,0,0,0,0

SID,MID3,26,1
CA,0,263.0,2,2000,0,0,0,0,0,0
VM,0,0,1,149.0,1,10000,0,0,0,0,0,0

SID,MID4,08,1
CA,0,83.0,2,2000,0,0,0,0,0,0
VM,0,0,1,319.0,1,10000,0,0,0,0,0,0

SID,MID4,26,1
CA,0,263.0,2,2000,0,0,0,0,0,0
VM,0,0,0,319.0,1,10000,0,0,0,0,0,0

FINAL,I26,26,I,3
IF,CI26,56.400236,-2.537478,ILU,82.8,11.8,2,2530,0,0,0,0,0,0
CF,FI26,56.387225,-2.703769,0,ILU,82.8,6.2,263.0,5.6,1,1530,0,0,0,0,2,0
CF,RW26,56.376378,-2.840225,0,ILU,82.8,1.6,263.0,4.6,1,75,0,0,0,0,3,0
CA,0,263.0,2,730,0,0,0,0,0,0
VM,0,0,0,253.0,1,3630,0,0,0,0,0,0

