APPTR,I19,19,HON
IF,HON,52.356678,-1.663725, ,0.0,0.0,0,0,0,0,0,0,0,0
CF,D150Y,51.992286,-1.336939,0,HON,150.0,25.0,150.0,25.0,2,2400,0,1,185,0,0,1
CF,CF19,51.949131,-1.285781,0,IOXF,10.7,7.3,191.0,2.0,2,1800,0,0,0,0,0,0

APPTR,I19,19,OX1
IF,OX,51.833411,-1.323458, ,0.0,0.0,2,3500,0,1,185,0,1,0
FC,OX,51.833411,-1.323458,0,CPT,0.0,0.0,352.0,7.1,2,1800,0,0,0,0,0,1
CF,CF19,51.949131,-1.285781,2,IOXF,10.7,7.3,191.0,1.0,2,1800,0,0,0,0,0,0

APPTR,I19,19,OX2
IF,OX,51.833411,-1.323458, ,0.0,0.0,2,3500,0,1,185,0,1,0
FC,OX,51.833411,-1.323458,0,CPT,0.0,0.0,359.0,7.1,2,1800,0,0,0,0,0,1
CF,CF19,51.949131,-1.285781,2,IOXF,10.7,7.3,191.0,1.0,2,1800,0,0,0,0,0,0

FINAL,I19,19,I,3
IF,CF19,51.949131,-1.285781,IOXF,10.7,7.3,2,1800,0,0,0,0,0,0
CF,FF19,51.919689,-1.294764,0,IOXF,10.7,5.5,191.0,1.8,1,1800,0,0,0,0,2,0
CF,RW19,51.842792,-1.318181,0,IOXF,10.7,0.8,191.0,4.7,1,297,0,0,0,0,3,0
CF,OX,51.833411,-1.323458,0,CPT,349.4,20.9,191.0,0.6,0,0,0,0,0,0,0,0
CF,D166D,51.766219,-1.296458,0,CPT,350.2,16.8,166.0,4.2,0,0,0,1,185,0,0,1
DF,OX,51.833411,-1.323458,1, ,0.0,0.0,1,2500,0,0,0,0,0,0
HM,OX,51.833411,-1.323458,2, ,0.0,0.0,336.0,04.3,0,0,0,0,0,0,0,0,0

APPTR,L19,19,HON
IF,HON,52.356678,-1.663725, ,0.0,0.0,0,0,0,0,0,0,0,0
CF,D150Y,51.992286,-1.336939,0,HON,150.0,25.0,150.0,25.0,2,2400,0,1,185,0,0,1
CF,CF19,51.949131,-1.285781,0,IOXF,10.7,7.3,191.0,2.0,2,1800,0,0,0,0,0,0

APPTR,L19,19,OX1
IF,OX,51.833411,-1.323458, ,0.0,0.0,2,3500,0,1,185,0,1,0
FC,OX,51.833411,-1.323458,0,CPT,0.0,0.0,352.0,7.1,2,1800,0,0,0,0,0,1
CF,CF19,51.949131,-1.285781,2,IOXF,10.7,7.3,191.0,1.0,2,1800,0,0,0,0,0,0

APPTR,L19,19,OX2
IF,OX,51.833411,-1.323458, ,0.0,0.0,2,3500,0,1,185,0,1,0
FC,OX,51.833411,-1.323458,0,CPT,0.0,0.0,359.0,7.1,2,1800,0,0,0,0,0,1
CF,CF19,51.949131,-1.285781,2,IOXF,10.7,7.3,191.0,1.0,2,1800,0,0,0,0,0,0

FINAL,L19,19,D,4
IF,CF19,51.949131,-1.285781,IOXF,10.7,7.3,2,1800,0,0,0,0,0,0
CF,FF19,51.919689,-1.294764,0,IOXF,10.7,5.5,191.0,1.8,2,1800,0,0,0,0,2,0
CF,20LOC,51.875525,-1.308219,0,IOXF,10.7,2.8,191.0,2.7,2,940,0,0,0,0,0,0
CF,ML19,51.850989,-1.315683,0,IOXF,10.7,1.3,191.0,1.5,1,457,0,0,0,0,3,0
CF,OX,51.833411,-1.323458,0,CPT,349.4,20.9,191.0,1.1,0,0,0,0,0,0,0,0
CF,D166D,51.766219,-1.296458,0,CPT,350.2,16.8,166.0,4.2,0,0,0,1,185,0,0,1
DF,OX,51.833411,-1.323458,1, ,0.0,0.0,1,2500,0,0,0,0,0,0
HM,OX,51.833411,-1.323458,2, ,0.0,0.0,336.0,04.3,0,0,0,0,0,0,0,0,0

