SID,CPT01,01,2
CD, ,0,0,0,BSO,0,0.0,7.0,2.0,0,0,0,0,0,0,0,0
CA,0,7.0,2,2210,0,0,0,0,0,0
VI,1, ,0.0,170.0,0,0,0,0,0,0,0,0
CF,CPT,51.491572,-1.219692,0,CPT,0.0,0.0,200.0,9.0,1,4000,0,0,0,0,0,0

SID,CPT19,19,2
CD, ,0,0,0,BSO,0,0.0,187.0,2.0,0,0,0,0,0,0,0,0
CA,0,187.0,2,2210,0,0,0,0,0,0
DF,CPT,51.491572,-1.219692,2, ,0.0,0.0,1,4000,0,0,0,0,0,0

SID,VAL01,01,2
CD, ,0,0,0,BSO,0,0.0,7.0,2.0,0,0,0,0,0,0,0,0
CA,0,7.0,2,2210,0,0,0,0,0,0
VM,0,0,1,258.0,1,4000,0,0,0,0,0,0

SID,VAL19,19,2
CD, ,0,0,0,BSO,0,0.0,187.0,2.0,0,0,0,0,0,0,0,0
CA,0,187.0,2,2210,0,0,0,0,0,0
VM,0,0,2,298.0,1,4000,0,0,0,0,0,0

APPTR,I19,19,FF19
IF,FF19,51.720425,-1.072525, ,0.0,0.0,2,2710,0,1,200,0,1,0
FC,FF19,51.720425,-1.072525,0,CPT,0.0,0.0,52.0,4.3,0,0,0,0,0,0,0,1
CF,CF19,51.753406,-1.065203,1,IBO,7.8,9.2,187.0,3.0,2,2110,0,0,0,0,0,0

FINAL,I19,19,I,3
IF,CF19,51.753406,-1.065203,IBO,7.8,9.2,2,2110,0,0,0,0,0,0
CF,FF19,51.720425,-1.072525,0,IBO,7.8,7.2,187.0,2.0,1,2110,0,0,0,0,2,0
CF,RW19,51.623156,-1.094056,0,IBO,7.8,1.3,187.0,5.9,1,249,0,0,0,0,3,0
CA,0,187.0,2,2210,0,0,0,0,0,0
VM,0,0,0,187.0,1,2210,0,0,0,0,0,0

APPTR,T01,01,FT01
IF,FT01,51.510228,-1.113742, ,0.0,0.0,2,2680,0,0,0,0,1,0
HF,FT01,51.510228,-1.113742,2, ,0.0,0.0,5.0,03.3,2,2080,0,0,0,0,0,0,0

FINAL,T01,01,D,3
IF,FT01,51.510228,-1.113742,BSO,185.0,6.7,2,2080,0,0,0,0,2,0
CF,44TAC,51.548369,-1.108403,0,BSO,185.0,4.4,5.0,2.3,2,1360,0,0,0,0,0,0
CF,MT01,51.598117,-1.101428,0,BSO,185.0,1.4,5.0,3.0,1,402,0,0,0,0,3,0
CA,0,7.0,2,2180,0,0,0,0,0,0
VM,0,0,0,7.0,1,2180,0,0,0,0,0,0

APPTR,T19,19,FT19
IF,FT19,51.719367,-1.067483, ,0.0,0.0,2,2710,0,0,0,0,1,0
FC,FT19,51.719367,-1.067483,0,BSO,0.0,0.0,56.0,4.3,0,0,0,0,0,0,0,1
CF,FT19,51.719367,-1.067483,1,BSO,11.0,6.0,191.0,5.0,2,2110,0,0,0,0,0,0

FINAL,T19,19,D,2
IF,FT19,51.719367,-1.067483,BSO,11.0,6.0,2,2110,0,0,0,0,2,0
CF,MT19,51.631136,-1.095103,0,BSO,11.0,0.6,191.0,5.4,1,402,0,0,0,0,3,0
CA,0,187.0,2,2210,0,0,0,0,0,0
VM,0,0,0,187.0,1,2210,0,0,0,0,0,0

