SID,MID07E,07,2
CD, ,0,0,0,CGY,0,0.0,71.0,2.5,0,0,0,0,0,0,0,0
CA,0,71.0,2,1630,0,0,0,0,0,0
VM,0,0,0,67.0,0,0,0,0,0,0,0,0

SID,MID07N,07,2
CD, ,0,0,0,CGY,0,0.0,71.0,2.5,0,0,0,0,0,0,0,0
CA,0,71.0,2,1630,0,0,0,0,0,0
VM,0,0,0,7.0,0,0,0,0,0,0,0,0

SID,MID25E,25,2
CD, ,0,0,0,CGY,0,0.0,251.0,2.5,0,0,0,0,0,0,0,0
CA,0,251.0,2,1630,0,0,0,0,0,0
VM,0,0,2,67.0,0,0,0,0,0,0,0,0

SID,MID25N,25,2
CD, ,0,0,0,CGY,0,0.0,251.0,2.5,0,0,0,0,0,0,0,0
CA,0,251.0,2,1630,0,0,0,0,0,0
VM,0,0,2,7.0,0,0,0,0,0,0,0,0

APPTR,T07,07,D70T1
IF,D070T,53.203739,0.351950, ,0.0,0.0,2,5000,0,0,0,0,1,0
TF,CGY,53.091042,-0.168947,0, ,0.0,0.0,0.0,0.0,2,4030,0,0,0,0,0,0
FD,CGY,53.091042,-0.168947,0,CGY,0.0,10.0,281.0,10.0,0,0,0,0,0,0,0,0
CF,FF07,53.056933,-0.365431,1,CGY,254.0,7.4,74.0,3.0,2,2230,0,0,0,0,0,0

APPTR,T07,07,D70T2
IF,D070T,53.203739,0.351950, ,0.0,0.0,2,5000,0,0,0,0,1,0
TF,CGY,53.091042,-0.168947,0, ,0.0,0.0,0.0,0.0,2,4030,0,0,0,0,0,0
FD,CGY,53.091042,-0.168947,0,CGY,0.0,10.0,265.0,10.0,0,0,0,0,0,0,0,0
CF,FF07,53.056933,-0.365431,1,CGY,254.0,7.4,74.0,3.0,2,2230,0,0,0,0,0,0

FINAL,T07,07,D,2
IF,FF07,53.056933,-0.365431,CGY,254.0,7.4,2,2230,0,0,0,0,2,0
CF,MA07,53.084153,-0.208800,0,CGY,254.0,1.5,74.0,5.9,1,353,0,0,0,0,3,0
FA,MA07,53.084153,-0.208800,0,CGY,0.0,0.0,71.0,2,2730,0,0,0,0,0,0
VM,0,0,0,69.0,1,2730,0,0,0,0,0,0

APPTR,T25,25,D070T
IF,D070T,53.203739,0.351950, ,0.0,0.0,2,5000,0,0,0,0,1,0
TF,D070M,53.164553,0.169325,0, ,0.0,0.0,0.0,0.0,2,2030,0,0,0,0,1,0
CF,FT25,53.131308,0.015658,0,CGY,70.0,7.1,250.0,5.9,2,2030,0,0,0,0,0,0

FINAL,T25,25,D,3
IF,FT25,53.131308,0.015658,CGY,70.0,7.1,2,2030,0,0,0,0,2,0
CF,40TAC,53.113761,-0.064983,0,CGY,70.0,4.0,250.0,3.1,2,1070,0,0,0,0,0,0
CF,MT25,53.102414,-0.116978,0,CGY,70.0,2.0,250.0,2.0,1,431,0,0,0,0,3,0
FA,MT25,53.102414,-0.116978,0,CGY,0.0,0.0,251.0,2,2730,0,0,0,0,0,0
VM,0,0,2,67.0,1,2730,0,0,0,0,0,0

