SID,WO1,25,2
DF,DER25,51.445167,4.325667,0, ,0.0,0.0,2,150,0,0,0,0,0,1
CD, ,0,0,0,WDT,0,0.0,248.0,0.9,0,0,0,0,0,0,0,0
FD,WDT,51.447400,4.343925,0,WDT,0.0,5.0,255.0,5.0,0,0,0,0,0,0,0,0
CF,D264L,51.548192,4.614353,2,GZR,264.0,12.0,84.0,16.0,1,5000,0,0,0,0,0,0
CI,0, ,0.0,84.0,0,0,0,0,0,0,0,0
AF,D017I,51.707658,5.012025,2,GZR,17.0,9.0,264.0,1,9000,0,0,0,0,0,0
CF,D024P,51.807272,5.115089,0,GZR,24.0,16.0,24.0,7.0,0,0,0,0,0,0,0,1
VI,2, ,0.0,195.0,0,0,0,0,0,0,0,0
CF,GZR,51.566036,4.933522,0,GZR,0.0,0.0,225.0,14.0,0,0,0,0,0,0,0,0

SID,WO3,07,2
CD, ,0,0,0,WDT,0,0.0,68.0,0.9,0,0,0,0,0,0,0,0
FD,WDT,51.447400,4.343925,0,WDT,0.0,3.0,54.0,3.0,0,0,0,0,0,0,0,0
CI,0, ,0.0,54.0,0,0,0,0,0,0,0,0
CF,D255L,51.517300,4.622861,0,GZR,255.0,12.0,75.0,7.0,1,5000,0,0,0,0,0,0
CI,0, ,0.0,75.0,0,0,0,0,0,0,0,0
AF,D017I,51.707658,5.012025,2,GZR,17.0,9.0,255.0,1,9000,0,0,0,0,0,0
CF,D024P,51.807272,5.115089,0,GZR,24.0,16.0,24.0,7.0,0,0,0,0,0,0,0,1
VI,2, ,0.0,195.0,0,0,0,0,0,0,0,0
CF,GZR,51.566036,4.933522,0,GZR,0.0,0.0,225.0,14.0,0,0,0,0,0,0,0,0

APPTR,I07,07,D299H
IF,D299H,51.515833,4.161000, ,0.0,0.0,4,5000,3000,0,0,0,1,0
CI,0, ,0.0,299.0,0,0,0,0,0,0,0,0
AF,D264J,51.435486,4.078242,1,WDT,264.0,10.0,299.0,0,0,0,0,0,0,0,0
CF,D248I,51.402186,4.142997,0,WDT,248.3,8.0,68.0,3.0,2,2000,0,0,0,0,0,0
CF,CF07,51.413939,4.192803,0,WDZ,247.5,6.8,68.0,2.0,1,1500,0,0,0,0,0,0

FINAL,I07,07,I,3
IF,CF07,51.413939,4.192803,WDZ,247.5,6.8,1,1500,0,0,0,0,0,0
CF,FF07,51.419222,4.215222,0,WDZ,247.5,5.9,68.0,0.9,1,1500,0,0,0,0,2,0
CF,RW07,51.445167,4.325667,0,WDZ,247.5,1.5,68.0,4.4,1,93,0,0,0,0,3,0
CA,0,68.0,2,1000,0,0,0,0,0,0
CF,D067B,51.459319,4.393678,0,WDT,67.0,2.0,67.0,2.2,0,0,0,0,0,0,0,1
DF,D299H,51.515833,4.161000,1, ,0.0,0.0,1,3000,0,0,0,0,0,0

APPTR,I25,25,D029E
IF,D029E,51.518667,4.412667, ,0.0,0.0,0,0,0,0,0,0,1,0
TF,D029H,51.561500,4.454000,0, ,0.0,0.0,0.0,0.0,4,5000,3000,0,0,0,0,0
CI,0, ,0.0,29.0,0,0,0,0,0,0,0,0
AF,D057J,51.532911,4.572700,2,WDT,57.0,10.0,29.0,0,0,0,0,0,0,0,0
CF,D067I,51.496203,4.544108,0,WDT,66.6,8.1,248.0,2.0,2,2000,0,0,0,0,0,0
CF,CF25,51.484564,4.494144,0,WDO,67.4,6.8,248.0,2.0,1,1500,0,0,0,0,0,0

APPTR,I25,25,D029H
IF,D029H,51.561500,4.454000, ,0.0,0.0,4,5000,3000,0,0,0,1,0
CI,0, ,0.0,29.0,0,0,0,0,0,0,0,0
AF,D057J,51.532911,4.572700,2,WDT,57.0,10.0,29.0,0,0,0,0,0,0,0,0
CF,D067I,51.496203,4.544108,0,WDT,66.6,8.1,248.0,2.0,2,2000,0,0,0,0,0,0
CF,CF25,51.484564,4.494144,0,WDO,67.4,6.8,248.0,2.0,1,1500,0,0,0,0,0,0

FINAL,I25,25,I,3
IF,CF25,51.484564,4.494144,WDO,67.4,6.8,1,1500,0,0,0,0,0,0
CF,FF25,51.478156,4.466672,0,WDO,67.4,5.7,248.0,1.1,1,1500,0,0,0,0,2,0
CF,RW25,51.452833,4.358500,0,WDO,67.4,1.4,248.0,4.3,1,117,0,0,0,0,3,0
CA,0,248.0,2,1000,0,0,0,0,0,0
CF,D255B,51.439897,4.292017,0,WDT,255.0,2.0,255.0,1.2,0,0,0,0,0,0,0,1
DF,D029H,51.561500,4.454000,2, ,0.0,0.0,1,3000,0,0,0,0,0,0

APPTR,R07,07,PAFAZ
IF,PAFAZ,51.322500,3.979000, ,0.0,0.0,2,2000,0,0,0,0,1,0
TF,FESWA,51.384167,4.068333,0, ,0.0,0.0,0.0,0.0,2,2000,0,0,0,0,1,0

APPTR,R07,07,UCTOW
IF,UCTOW,51.462000,4.021000, ,0.0,0.0,2,2000,0,0,0,0,1,0
TF,FESWA,51.384167,4.068333,0, ,0.0,0.0,0.0,0.0,2,2000,0,0,0,0,1,0

FINAL,R07,07,R,3
IF,FESWA,51.384167,4.068333, ,0.0,0.0,2,2000,0,0,0,0,0,0
TF,WO402,51.409833,4.176500,0, ,0.0,0.0,68.0,4.3,2,2000,0,0,0,0,2,0
TF,RW07,51.445167,4.325667,0, ,0.0,0.0,68.0,6.0,1,93,0,0,0,0,3,1
TF,WO406,51.460833,4.392667,0, ,0.0,0.0,0.0,0.0,3,1000,0,0,0,0,0,1
DF,UCTOW,51.462000,4.021000,1, ,0.0,0.0,2,3000,0,0,0,0,0,0

APPTR,R25,25,BEXWI
IF,BEXWI,51.579833,4.435667, ,0.0,0.0,2,2000,0,0,0,0,1,0
TF,UPJEF,51.590667,4.568167,0, ,0.0,0.0,0.0,0.0,2,2000,0,0,0,0,0,0
TF,NIRUC,51.512667,4.614833,0, ,0.0,0.0,0.0,0.0,2,2000,0,0,0,0,1,0

APPTR,R25,25,VUZCO
IF,VUZCO,51.541833,4.739833, ,0.0,0.0,2,2000,0,0,0,0,1,0
TF,NIRUC,51.512667,4.614833,0, ,0.0,0.0,0.0,0.0,2,2000,0,0,0,0,1,0

FINAL,R25,25,R,3
IF,NIRUC,51.512667,4.614833, ,0.0,0.0,2,2000,0,0,0,0,0,0
TF,WO412,51.487500,4.506167,0, ,0.0,0.0,248.0,4.3,2,2000,0,0,0,0,2,0
TF,RW25,51.452833,4.358500,0, ,0.0,0.0,248.0,5.9,1,117,0,0,0,0,3,1
TF,WO416,51.437500,4.293333,0, ,0.0,0.0,0.0,0.0,3,1000,0,0,0,0,0,1
DF,WO417,51.419833,4.218667,0, ,0.0,0.0,0,0,0,0,0,0,0,1
DF,WO418,51.560167,4.201500,2, ,0.0,0.0,2,3000,0,0,0,0,0,0
TF,BEXWI,51.579833,4.435667,0, ,0.0,0.0,0.0,0.0,2,3000,0,0,0,0,0,0

APPTR,T07,07,D029P
IF,D029P,51.794167,5.154833, ,0.0,0.0,3,19500,0,0,0,0,1,0
TF,GZR,51.566036,4.933522,0, ,0.0,0.0,0.0,0.0,3,9000,0,0,0,0,0,0
CF,D264E,51.560167,4.800333,0,GZR,265.0,5.0,264.0,5.0,3,9000,0,0,0,0,0,0
CF,D264M,51.546664,4.587769,0,GZR,264.0,13.0,264.0,8.0,3,5000,0,0,0,0,0,0
CF,D264Z,51.526278,4.242317,0,GZR,264.0,26.0,264.0,13.0,4,5000,3000,0,0,0,0,0
CF,D304H,51.525547,4.171211,0,WDT,304.0,8.0,264.0,2.7,0,0,0,0,0,0,0,0
CI,0, ,0.0,264.0,0,0,0,0,0,0,0,0
AF,D264J,51.435486,4.078242,1,WDT,264.0,10.0,299.0,0,0,0,0,0,0,0,0
CF,D252H,51.410514,4.139225,0,WDT,252.0,8.0,72.0,2.0,2,2000,0,0,0,0,0,0
CF,FT07,51.424386,4.215947,0,WDT,252.0,5.0,72.0,3.0,1,1200,0,0,0,0,0,0

APPTR,T07,07,D264E
IF,D264E,51.560167,4.800333, ,0.0,0.0,3,9000,0,0,0,0,1,0
CF,D264M,51.546664,4.587769,0,GZR,264.0,13.0,264.0,8.0,3,5000,0,0,0,0,0,0
CF,D264Z,51.526278,4.242317,0,GZR,264.0,26.0,264.0,13.0,4,5000,3000,0,0,0,0,0
CF,D304H,51.525547,4.171211,0,WDT,304.0,8.0,264.0,2.7,0,0,0,0,0,0,0,0
CI,0, ,0.0,264.0,0,0,0,0,0,0,0,0
AF,D264J,51.435486,4.078242,1,WDT,264.0,10.0,299.0,0,0,0,0,0,0,0,0
CF,D252H,51.410514,4.139225,0,WDT,252.0,8.0,72.0,2.0,2,2000,0,0,0,0,0,0
CF,FT07,51.424386,4.215947,0,WDT,252.0,5.0,72.0,3.0,1,1200,0,0,0,0,0,0

APPTR,T07,07,D299H
IF,D299H,51.515833,4.161000, ,0.0,0.0,4,5000,3000,0,0,0,1,0
CI,0, ,0.0,299.0,0,0,0,0,0,0,0,0
AF,D264J,51.435486,4.078242,1,WDT,264.0,10.0,299.0,0,0,0,0,0,0,0,0
CF,D252H,51.410514,4.139225,0,WDT,252.0,8.0,72.0,2.0,2,2000,0,0,0,0,0,0
CF,FT07,51.424386,4.215947,0,WDT,252.0,5.0,72.0,3.0,1,1200,0,0,0,0,0,0

FINAL,T07,07,D,3
IF,FT07,51.424386,4.215947,WDT,252.0,5.0,1,1200,0,0,0,0,2,0
CF,38DME,51.429922,4.246650,0,WDT,252.0,3.8,72.0,1.2,2,700,0,0,0,0,0,0
CF,MT07,51.442808,4.318319,0,WDT,252.0,1.0,72.0,2.8,1,191,0,0,0,0,3,0
CA,0,72.0,2,1000,0,0,0,0,0,0
CF,D067B,51.459319,4.393678,0,WDT,67.0,2.0,67.0,2.0,0,0,0,0,0,0,0,1
DF,D299H,51.515833,4.161000,1, ,0.0,0.0,1,3000,0,0,0,0,0,0

APPTR,T25,25,D029E
IF,D029E,51.518667,4.412667, ,0.0,0.0,0,0,0,0,0,0,1,0
TF,D029H,51.561500,4.454000,0, ,0.0,0.0,0.0,0.0,4,5000,3000,0,0,0,0,0
CI,0, ,0.0,29.0,0,0,0,0,0,0,0,0
AF,D051J,51.547383,4.557144,2,WDT,51.0,10.0,29.0,0,0,0,0,0,0,0,0
CF,D063H,51.503519,4.537314,0,WDT,63.0,8.0,243.0,2.0,2,2000,0,0,0,0,0,0
CF,FT25,51.482511,4.464736,0,WDT,63.0,5.0,243.0,3.0,1,1200,0,0,0,0,0,0

APPTR,T25,25,D029H
IF,D029H,51.561500,4.454000, ,0.0,0.0,4,5000,3000,0,0,0,1,0
CI,0, ,0.0,29.0,0,0,0,0,0,0,0,0
AF,D051J,51.547383,4.557144,2,WDT,51.0,10.0,29.0,0,0,0,0,0,0,0,0
CF,D063H,51.503519,4.537314,0,WDT,63.0,8.0,243.0,2.0,2,2000,0,0,0,0,0,0
CF,FT25,51.482511,4.464736,0,WDT,63.0,5.0,243.0,3.0,1,1200,0,0,0,0,0,0

APPTR,T25,25,D029P
IF,D029P,51.794167,5.154833, ,0.0,0.0,3,19500,0,0,0,0,1,0
FC,D029P,51.794167,5.154833,0,GZR,0.0,0.0,209.0,8.0,0,0,0,0,0,0,0,0
CI,0, ,0.0,209.0,3,9000,0,0,0,0,0,0
CF,D063V,51.600958,4.876883,0,WDT,63.0,22.0,243.0,6.0,3,9000,0,0,0,0,0,0
CF,D063P,51.559319,4.731175,0,WDT,63.0,16.0,243.0,6.0,2,3000,0,0,0,0,0,0
CF,D063H,51.503519,4.537314,0,WDT,63.0,8.0,243.0,8.0,2,2000,0,0,0,0,0,0
CF,FT25,51.482511,4.464736,0,WDT,63.0,5.0,243.0,3.0,1,1200,0,0,0,0,0,0

APPTR,T25,25,D063V
IF,D063V,51.600958,4.876883, ,0.0,0.0,3,9000,0,0,0,0,1,0
CF,D063P,51.559319,4.731175,0,WDT,63.0,16.0,243.0,6.0,2,3000,0,0,0,0,0,0
CF,D063H,51.503519,4.537314,0,WDT,63.0,8.0,243.0,8.0,2,2000,0,0,0,0,0,0
CF,FT25,51.482511,4.464736,0,WDT,63.0,5.0,243.0,3.0,1,1200,0,0,0,0,0,0

FINAL,T25,25,D,2
IF,FT25,51.482511,4.464736,WDT,63.0,5.0,1,1200,0,0,0,0,2,0
CF,MT25,51.454431,4.368072,0,WDT,63.0,1.0,243.0,4.0,1,234,0,0,0,0,3,0
CA,0,243.0,2,1000,0,0,0,0,0,0
CF,D255B,51.439897,4.292017,0,WDT,255.0,2.0,255.0,2.0,0,0,0,0,0,0,0,1
DF,D029H,51.561500,4.454000,2, ,0.0,0.0,1,3000,0,0,0,0,0,0

