SID,ELTI1K,25,5
CA,0,246.0,2,1000,0,0,0,0,0,0
DF,ELTIG,51.753694,-7.835000,1, ,0.0,0.0,0,0,0,0,0,0,0,0

SID,ELTI1L,25,5
CA,0,246.0,2,2500,0,0,0,0,0,0
DF,ELTIG,51.753694,-7.835000,1, ,0.0,0.0,0,0,0,0,0,0,0,0

SID,ELTI1M,07,5
CA,0,66.0,2,1000,0,0,0,0,0,0
DF,ELTIG,51.753694,-7.835000,0, ,0.0,0.0,0,0,0,0,0,0,0,0

SID,ELTI1N,34,5
CA,0,344.0,2,2500,0,0,0,0,0,0
DF,ELTIG,51.753694,-7.835000,2, ,0.0,0.0,0,0,0,0,0,0,0,0

SID,ELTI1P,07,5
CA,0,66.0,2,2500,0,0,0,0,0,0
DF,ELTIG,51.753694,-7.835000,0, ,0.0,0.0,0,0,0,0,0,0,0,0

SID,ELTI1Q,16,5
CA,0,164.0,2,1000,0,0,0,0,0,0
DF,ELTIG,51.753694,-7.835000,0, ,0.0,0.0,0,0,0,0,0,0,0,0

SID,ELTI1S,16,5
CA,0,164.0,2,2500,0,0,0,0,0,0
DF,ELTIG,51.753694,-7.835000,0, ,0.0,0.0,0,0,0,0,0,0,0,0

SID,ELTI1T,34,5
CA,0,344.0,2,1000,0,0,0,0,0,0
DF,ELTIG,51.753694,-7.835000,2, ,0.0,0.0,0,0,0,0,0,0,0,0

SID,ERTE1K,25,5
CA,0,246.0,2,1000,0,0,0,0,0,0
DF,ERTER,51.562028,-8.060222,1, ,0.0,0.0,0,0,0,0,0,0,0,0

SID,ERTE1L,25,5
CA,0,246.0,2,2500,0,0,0,0,0,0
DF,ERTER,51.562028,-8.060222,1, ,0.0,0.0,0,0,0,0,0,0,0,0

SID,ERTE1M,07,5
CA,0,66.0,2,1000,0,0,0,0,0,0
DF,CK004,51.724167,-8.059444,0, ,0.0,0.0,0,0,0,0,0,0,0,0
TF,ERTER,51.562028,-8.060222,0, ,0.0,0.0,0.0,0.0,0,0,0,0,0,0,0,0

SID,ERTE1N,34,5
CA,0,344.0,2,2500,0,0,0,0,0,0
DF,EPERO,51.845778,-8.262694,2, ,0.0,0.0,0,0,0,0,0,0,0,0
TF,CK004,51.724167,-8.059444,0, ,0.0,0.0,0.0,0.0,0,0,0,0,0,0,0,0
TF,ERTER,51.562028,-8.060222,0, ,0.0,0.0,0.0,0.0,0,0,0,0,0,0,0,0

SID,ERTE1P,07,5
CA,0,66.0,2,2500,0,0,0,0,0,0
DF,CK004,51.724167,-8.059444,0, ,0.0,0.0,0,0,0,0,0,0,0,0
TF,ERTER,51.562028,-8.060222,0, ,0.0,0.0,0.0,0.0,0,0,0,0,0,0,0,0

SID,ERTE1S,16,5
CA,0,164.0,2,2500,0,0,0,0,0,0
DF,ERTER,51.562028,-8.060222,0, ,0.0,0.0,0,0,0,0,0,0,0,0

SID,ERTE1T,34,5
CA,0,344.0,2,1000,0,0,0,0,0,0
DF,EPERO,51.845778,-8.262694,2, ,0.0,0.0,0,0,0,0,0,0,0,0
TF,CK004,51.724167,-8.059444,0, ,0.0,0.0,0.0,0.0,0,0,0,0,0,0,0,0
TF,ERTER,51.562028,-8.060222,0, ,0.0,0.0,0.0,0.0,0,0,0,0,0,0,0,0

SID,GOTE1K,25,5
CA,0,246.0,2,1000,0,0,0,0,0,0
DF,GOTEM,51.823889,-7.820028,1, ,0.0,0.0,0,0,0,0,0,0,0,0

SID,GOTE1L,25,5
CA,0,246.0,2,2500,0,0,0,0,0,0
DF,GOTEM,51.823889,-7.820028,1, ,0.0,0.0,0,0,0,0,0,0,0,0

SID,GOTE1M,07,5
CA,0,66.0,2,1000,0,0,0,0,0,0
DF,GOTEM,51.823889,-7.820028,0, ,0.0,0.0,0,0,0,0,0,0,0,0

SID,GOTE1N,34,5
CA,0,344.0,2,2500,0,0,0,0,0,0
DF,GOTEM,51.823889,-7.820028,2, ,0.0,0.0,0,0,0,0,0,0,0,0

SID,GOTE1P,07,5
CA,0,66.0,2,2500,0,0,0,0,0,0
DF,GOTEM,51.823889,-7.820028,0, ,0.0,0.0,0,0,0,0,0,0,0,0

SID,GOTE1Q,16,5
CA,0,164.0,2,1000,0,0,0,0,0,0
DF,GOTEM,51.823889,-7.820028,0, ,0.0,0.0,0,0,0,0,0,0,0,0

SID,GOTE1S,16,5
CA,0,164.0,2,2500,0,0,0,0,0,0
DF,GOTEM,51.823889,-7.820028,0, ,0.0,0.0,0,0,0,0,0,0,0,0

SID,GOTE1T,34,5
CA,0,344.0,2,1000,0,0,0,0,0,0
DF,GOTEM,51.823889,-7.820028,2, ,0.0,0.0,0,0,0,0,0,0,0,0

SID,KURU1K,25,5
CA,0,246.0,2,1000,0,0,0,0,0,0
DF,KURUM,52.228639,-8.664583,2, ,0.0,0.0,0,0,0,0,0,0,0,0

SID,KURU1L,25,5
CA,0,246.0,2,2500,0,0,0,0,0,0
DF,KURUM,52.228639,-8.664583,2, ,0.0,0.0,0,0,0,0,0,0,0,0

SID,KURU1M,07,5
CA,0,66.0,2,1000,0,0,0,0,0,0
DF,KURUM,52.228639,-8.664583,1, ,0.0,0.0,0,0,0,0,0,0,0,0

SID,KURU1N,34,5
CA,0,344.0,2,2500,0,0,0,0,0,0
DF,KURUM,52.228639,-8.664583,0, ,0.0,0.0,0,0,0,0,0,0,0,0

SID,KURU1P,07,5
CA,0,66.0,2,2500,0,0,0,0,0,0
DF,KURUM,52.228639,-8.664583,1, ,0.0,0.0,0,0,0,0,0,0,0,0

SID,KURU1Q,16,5
CA,0,164.0,2,1000,0,0,0,0,0,0
DF,LANRO,51.785111,-8.709278,2, ,0.0,0.0,0,0,0,0,0,0,0,0
TF,CK001,51.833611,-8.844167,0, ,0.0,0.0,0.0,0.0,0,0,0,0,0,0,0,0
TF,CK002,52.038611,-8.979722,0, ,0.0,0.0,0.0,0.0,0,0,0,0,0,0,0,0
TF,CK003,52.129167,-8.943611,0, ,0.0,0.0,0.0,0.0,0,0,0,0,0,0,0,0
TF,KURUM,52.228639,-8.664583,0, ,0.0,0.0,0.0,0.0,0,0,0,0,0,0,0,0

SID,KURU1S,16,5
CA,0,164.0,2,2500,0,0,0,0,0,0
DF,LANRO,51.785111,-8.709278,2, ,0.0,0.0,0,0,0,0,0,0,0,0
TF,CK001,51.833611,-8.844167,0, ,0.0,0.0,0.0,0.0,0,0,0,0,0,0,0,0
TF,CK002,52.038611,-8.979722,0, ,0.0,0.0,0.0,0.0,0,0,0,0,0,0,0,0
TF,CK003,52.129167,-8.943611,0, ,0.0,0.0,0.0,0.0,0,0,0,0,0,0,0,0
TF,KURUM,52.228639,-8.664583,0, ,0.0,0.0,0.0,0.0,0,0,0,0,0,0,0,0

SID,ORTO1K,25,5
CA,0,246.0,2,1000,0,0,0,0,0,0
DF,SOVIX,51.427528,-8.562667,0, ,0.0,0.0,0,0,0,0,0,0,0,0
TF,ORTOM,51.270806,-8.299361,0, ,0.0,0.0,0.0,0.0,0,0,0,0,0,0,0,0

SID,ORTO1L,25,5
CA,0,246.0,2,2500,0,0,0,0,0,0
DF,SOVIX,51.427528,-8.562667,0, ,0.0,0.0,0,0,0,0,0,0,0,0
TF,ORTOM,51.270806,-8.299361,0, ,0.0,0.0,0.0,0.0,0,0,0,0,0,0,0,0

SID,ORTO1M,07,5
CA,0,66.0,2,1000,0,0,0,0,0,0
DF,ORTOM,51.270806,-8.299361,2, ,0.0,0.0,0,0,0,0,0,0,0,0

SID,ORTO1N,34,5
CA,0,344.0,2,2500,0,0,0,0,0,0
DF,CK005,51.704444,-8.766667,1, ,0.0,0.0,0,0,0,0,0,0,0,0
TF,CK006,51.497222,-8.639167,0, ,0.0,0.0,0.0,0.0,0,0,0,0,0,0,0,0
TF,SOVIX,51.427528,-8.562667,0, ,0.0,0.0,0.0,0.0,0,0,0,0,0,0,0,0
TF,ORTOM,51.270806,-8.299361,0, ,0.0,0.0,0.0,0.0,0,0,0,0,0,0,0,0

SID,ORTO1P,07,5
CA,0,66.0,2,2500,0,0,0,0,0,0
DF,ORTOM,51.270806,-8.299361,2, ,0.0,0.0,0,0,0,0,0,0,0,0

SID,ORTO1S,16,5
CA,0,164.0,2,2500,0,0,0,0,0,0
DF,ORTOM,51.270806,-8.299361,0, ,0.0,0.0,0,0,0,0,0,0,0,0

SID,SOVI1K,25,5
CA,0,246.0,2,1000,0,0,0,0,0,0
DF,SOVIX,51.427528,-8.562667,0, ,0.0,0.0,0,0,0,0,0,0,0,0

SID,SOVI1L,25,5
CA,0,246.0,2,2500,0,0,0,0,0,0
DF,SOVIX,51.427528,-8.562667,0, ,0.0,0.0,0,0,0,0,0,0,0,0

SID,SOVI1M,07,5
CA,0,66.0,2,1000,0,0,0,0,0,0
DF,SOVIX,51.427528,-8.562667,2, ,0.0,0.0,0,0,0,0,0,0,0,0

SID,SOVI1N,34,5
CA,0,344.0,2,2500,0,0,0,0,0,0
DF,CK005,51.704444,-8.766667,1, ,0.0,0.0,0,0,0,0,0,0,0,0
TF,CK006,51.497222,-8.639167,0, ,0.0,0.0,0.0,0.0,0,0,0,0,0,0,0,0
TF,SOVIX,51.427528,-8.562667,0, ,0.0,0.0,0.0,0.0,0,0,0,0,0,0,0,0

SID,SOVI1P,07,5
CA,0,66.0,2,2500,0,0,0,0,0,0
DF,SOVIX,51.427528,-8.562667,2, ,0.0,0.0,0,0,0,0,0,0,0,0

SID,SOVI1S,16,5
CA,0,164.0,2,2500,0,0,0,0,0,0
DF,SOVIX,51.427528,-8.562667,0, ,0.0,0.0,0,0,0,0,0,0,0,0

SID,TISM1K,25,5
CA,0,246.0,2,1000,0,0,0,0,0,0
DF,TISMO,52.134667,-8.013167,2, ,0.0,0.0,0,0,0,0,0,0,0,0

SID,TISM1L,25,5
CA,0,246.0,2,2500,0,0,0,0,0,0
DF,TISMO,52.134667,-8.013167,2, ,0.0,0.0,0,0,0,0,0,0,0,0

SID,TISM1M,07,5
CA,0,66.0,2,1000,0,0,0,0,0,0
DF,TISMO,52.134667,-8.013167,0, ,0.0,0.0,0,0,0,0,0,0,0,0

SID,TISM1N,34,5
CA,0,344.0,2,2500,0,0,0,0,0,0
DF,TISMO,52.134667,-8.013167,0, ,0.0,0.0,0,0,0,0,0,0,0,0

SID,TISM1P,07,5
CA,0,66.0,2,2500,0,0,0,0,0,0
DF,TISMO,52.134667,-8.013167,0, ,0.0,0.0,0,0,0,0,0,0,0,0

SID,TISM1Q,16,5
CA,0,164.0,2,1000,0,0,0,0,0,0
DF,TISMO,52.134667,-8.013167,1, ,0.0,0.0,0,0,0,0,0,0,0,0

SID,TISM1S,16,5
CA,0,164.0,2,2500,0,0,0,0,0,0
DF,TISMO,52.134667,-8.013167,1, ,0.0,0.0,0,0,0,0,0,0,0,0

SID,TISM1T,34,5
CA,0,344.0,2,1000,0,0,0,0,0,0
DF,TISMO,52.134667,-8.013167,0, ,0.0,0.0,0,0,0,0,0,0,0,0

SID,VAPA1K,25,5
CA,0,246.0,2,1000,0,0,0,0,0,0
DF,VAPAL,51.878639,-7.821750,1, ,0.0,0.0,0,0,0,0,0,0,0,0

SID,VAPA1L,25,5
CA,0,246.0,2,2500,0,0,0,0,0,0
DF,VAPAL,51.878639,-7.821750,1, ,0.0,0.0,0,0,0,0,0,0,0,0

SID,VAPA1M,07,5
CA,0,66.0,2,1000,0,0,0,0,0,0
DF,VAPAL,51.878639,-7.821750,0, ,0.0,0.0,0,0,0,0,0,0,0,0

SID,VAPA1N,34,5
CA,0,344.0,2,2500,0,0,0,0,0,0
DF,VAPAL,51.878639,-7.821750,2, ,0.0,0.0,0,0,0,0,0,0,0,0

SID,VAPA1P,07,5
CA,0,66.0,2,2500,0,0,0,0,0,0
DF,VAPAL,51.878639,-7.821750,0, ,0.0,0.0,0,0,0,0,0,0,0,0

SID,VAPA1Q,16,5
CA,0,164.0,2,1000,0,0,0,0,0,0
DF,VAPAL,51.878639,-7.821750,0, ,0.0,0.0,0,0,0,0,0,0,0,0

SID,VAPA1S,16,5
CA,0,164.0,2,2500,0,0,0,0,0,0
DF,VAPAL,51.878639,-7.821750,0, ,0.0,0.0,0,0,0,0,0,0,0,0

SID,VAPA1T,34,5
CA,0,344.0,2,1000,0,0,0,0,0,0
DF,VAPAL,51.878639,-7.821750,2, ,0.0,0.0,0,0,0,0,0,0,0,0

STAR,ELTI1F,07,5
IF,ELTIG,51.753694,-7.835000, ,0.0,0.0,2,8000,0,0,0,0,0,0
TF,EBABO,51.640000,-8.714361,0, ,0.0,0.0,0.0,0.0,2,6000,0,0,0,0,0,0
TF,DIGID,51.743500,-8.800528,0, ,0.0,0.0,0.0,0.0,0,0,0,0,0,0,0,0

STAR,ELTI1G,34,5
IF,ELTIG,51.753694,-7.835000, ,0.0,0.0,2,8000,0,0,0,0,0,0
TF,ROBVO,51.684444,-8.199250,0, ,0.0,0.0,0.0,0.0,2,6000,0,0,0,0,0,0
TF,ATLAM,51.644667,-8.375361,0, ,0.0,0.0,0.0,0.0,0,0,0,1,220,0,0,0

STAR,ELTI1H,25,5
IF,ELTIG,51.753694,-7.835000, ,0.0,0.0,2,8000,0,0,0,0,0,0
TF,LORLA,51.937111,-8.197611,0, ,0.0,0.0,0.0,0.0,0,0,0,0,0,0,0,0

STAR,ELTI1R,16,5
IF,ELTIG,51.753694,-7.835000, ,0.0,0.0,2,8000,0,0,0,0,0,0
TF,GIVOL,52.077889,-8.430444,0, ,0.0,0.0,0.0,0.0,2,6000,0,0,0,0,0,0
TF,BARNU,52.037750,-8.607889,0, ,0.0,0.0,0.0,0.0,0,0,0,1,220,0,0,0

STAR,ERTE1F,07,5
IF,ERTER,51.562028,-8.060222, ,0.0,0.0,2,8000,0,0,0,0,0,0
TF,EBABO,51.640000,-8.714361,0, ,0.0,0.0,0.0,0.0,2,6000,0,0,0,0,0,0
TF,DIGID,51.743500,-8.800528,0, ,0.0,0.0,0.0,0.0,0,0,0,0,0,0,0,0

STAR,ERTE1G,34,5
IF,ERTER,51.562028,-8.060222, ,0.0,0.0,2,8000,0,0,0,0,0,0
TF,ATLAM,51.644667,-8.375361,0, ,0.0,0.0,0.0,0.0,0,0,0,1,220,0,0,0

STAR,ERTE1H,25,5
IF,ERTER,51.562028,-8.060222, ,0.0,0.0,2,8000,0,0,0,0,0,0
TF,NONSI,51.833639,-8.111056,0, ,0.0,0.0,0.0,0.0,2,6000,0,0,0,0,0,0
TF,LORLA,51.937111,-8.197611,0, ,0.0,0.0,0.0,0.0,0,0,0,0,0,0,0,0

STAR,ERTE1R,16,5
IF,ERTER,51.562028,-8.060222, ,0.0,0.0,2,8000,0,0,0,0,0,0
TF,EPERO,51.845778,-8.262694,0, ,0.0,0.0,0.0,0.0,2,8000,0,0,0,0,0,0
TF,GIVOL,52.077889,-8.430444,0, ,0.0,0.0,0.0,0.0,2,6000,0,0,0,0,0,0
TF,BARNU,52.037750,-8.607889,0, ,0.0,0.0,0.0,0.0,0,0,0,1,220,0,0,0

STAR,GOTE1F,07,5
IF,GOTEM,51.823889,-7.820028, ,0.0,0.0,2,8000,0,0,0,0,0,0
TF,EBABO,51.640000,-8.714361,0, ,0.0,0.0,0.0,0.0,2,6000,0,0,0,0,0,0
TF,DIGID,51.743500,-8.800528,0, ,0.0,0.0,0.0,0.0,0,0,0,0,0,0,0,0

STAR,GOTE1G,34,5
IF,GOTEM,51.823889,-7.820028, ,0.0,0.0,2,8000,0,0,0,0,0,0
TF,ROBVO,51.684444,-8.199250,0, ,0.0,0.0,0.0,0.0,2,6000,0,0,0,0,0,0
TF,ATLAM,51.644667,-8.375361,0, ,0.0,0.0,0.0,0.0,0,0,0,1,220,0,0,0

STAR,GOTE1H,25,5
IF,GOTEM,51.823889,-7.820028, ,0.0,0.0,2,8000,0,0,0,0,0,0
TF,LORLA,51.937111,-8.197611,0, ,0.0,0.0,0.0,0.0,0,0,0,0,0,0,0,0

STAR,GOTE1R,16,5
IF,GOTEM,51.823889,-7.820028, ,0.0,0.0,2,8000,0,0,0,0,0,0
TF,GIVOL,52.077889,-8.430444,0, ,0.0,0.0,0.0,0.0,2,6000,0,0,0,0,0,0
TF,BARNU,52.037750,-8.607889,0, ,0.0,0.0,0.0,0.0,0,0,0,1,220,0,0,0

STAR,KURU1F,07,5
IF,KURUM,52.228639,-8.664583, ,0.0,0.0,0,0,0,0,0,0,0,0
TF,IDBAN,51.846917,-8.887111,0, ,0.0,0.0,0.0,0.0,2,6000,0,0,0,0,0,0
TF,DIGID,51.743500,-8.800528,0, ,0.0,0.0,0.0,0.0,0,0,0,0,0,0,0,0

STAR,KURU1G,34,5
IF,KURUM,52.228639,-8.664583, ,0.0,0.0,0,0,0,0,0,0,0,0
TF,TIRUK,51.997361,-8.785000,0, ,0.0,0.0,0.0,0.0,0,0,0,0,0,0,0,0
TF,LANRO,51.785111,-8.709278,0, ,0.0,0.0,0.0,0.0,0,0,0,0,0,0,0,0
TF,INSAL,51.604611,-8.551139,0, ,0.0,0.0,0.0,0.0,2,6000,0,0,0,0,0,0
TF,ATLAM,51.644667,-8.375361,0, ,0.0,0.0,0.0,0.0,0,0,0,1,220,0,0,0

STAR,KURU1H,25,5
IF,KURUM,52.228639,-8.664583, ,0.0,0.0,0,0,0,0,0,0,0,0
TF,MAZAN,52.040528,-8.284556,0, ,0.0,0.0,0.0,0.0,2,6000,0,0,0,0,0,0
TF,LORLA,51.937111,-8.197611,0, ,0.0,0.0,0.0,0.0,0,0,0,0,0,0,0,0

STAR,KURU1R,16,5
IF,KURUM,52.228639,-8.664583, ,0.0,0.0,0,0,0,0,0,0,0,0
TF,CK007,52.147083,-8.673333,0, ,0.0,0.0,0.0,0.0,2,6000,0,0,0,0,0,0
TF,BARNU,52.037750,-8.607889,0, ,0.0,0.0,0.0,0.0,0,0,0,1,220,0,0,0

STAR,ORTO1F,07,5
IF,ORTOM,51.270806,-8.299361, ,0.0,0.0,2,8000,0,0,0,0,0,0
TF,SOVIX,51.427528,-8.562667,0, ,0.0,0.0,0.0,0.0,0,0,0,0,0,0,0,0
TF,EBABO,51.640000,-8.714361,0, ,0.0,0.0,0.0,0.0,2,6000,0,0,0,0,0,0
TF,DIGID,51.743500,-8.800528,0, ,0.0,0.0,0.0,0.0,0,0,0,0,0,0,0,0

STAR,ORTO1G,34,5
IF,ORTOM,51.270806,-8.299361, ,0.0,0.0,2,8000,0,0,0,0,0,0
TF,ATLAM,51.644667,-8.375361,0, ,0.0,0.0,0.0,0.0,0,0,0,1,220,0,0,0

STAR,ORTO1H,25,5
IF,ORTOM,51.270806,-8.299361, ,0.0,0.0,2,8000,0,0,0,0,0,0
TF,NONSI,51.833639,-8.111056,0, ,0.0,0.0,0.0,0.0,2,6000,0,0,0,0,0,0
TF,LORLA,51.937111,-8.197611,0, ,0.0,0.0,0.0,0.0,0,0,0,0,0,0,0,0

STAR,ORTO1R,16,5
IF,ORTOM,51.270806,-8.299361, ,0.0,0.0,0,0,0,0,0,0,0,0
TF,SOVIX,51.427528,-8.562667,0, ,0.0,0.0,0.0,0.0,0,0,0,0,0,0,0,0
TF,LANRO,51.785111,-8.709278,0, ,0.0,0.0,0.0,0.0,2,8000,0,0,0,0,0,0
TF,TIRUK,51.997361,-8.785000,0, ,0.0,0.0,0.0,0.0,2,6000,0,0,0,0,0,0
TF,BARNU,52.037750,-8.607889,0, ,0.0,0.0,0.0,0.0,0,0,0,1,220,0,0,0

STAR,SOVI1F,07,5
IF,SOVIX,51.427528,-8.562667, ,0.0,0.0,2,8000,0,0,0,0,0,0
TF,EBABO,51.640000,-8.714361,0, ,0.0,0.0,0.0,0.0,2,6000,0,0,0,0,0,0
TF,DIGID,51.743500,-8.800528,0, ,0.0,0.0,0.0,0.0,0,0,0,0,0,0,0,0

STAR,SOVI1G,34,5
IF,SOVIX,51.427528,-8.562667, ,0.0,0.0,2,8000,0,0,0,0,0,0
TF,ATLAM,51.644667,-8.375361,0, ,0.0,0.0,0.0,0.0,0,0,0,1,220,0,0,0

STAR,SOVI1H,25,5
IF,SOVIX,51.427528,-8.562667, ,0.0,0.0,2,8000,0,0,0,0,0,0
TF,NONSI,51.833639,-8.111056,0, ,0.0,0.0,0.0,0.0,2,6000,0,0,0,0,0,0
TF,LORLA,51.937111,-8.197611,0, ,0.0,0.0,0.0,0.0,0,0,0,0,0,0,0,0

STAR,SOVI1R,16,5
IF,SOVIX,51.427528,-8.562667, ,0.0,0.0,2,8000,0,0,0,0,0,0
TF,LANRO,51.785111,-8.709278,0, ,0.0,0.0,0.0,0.0,2,8000,0,0,0,0,0,0
TF,TIRUK,51.997361,-8.785000,0, ,0.0,0.0,0.0,0.0,2,6000,0,0,0,0,0,0
TF,BARNU,52.037750,-8.607889,0, ,0.0,0.0,0.0,0.0,0,0,0,1,220,0,0,0

STAR,TISM1F,07,5
IF,TISMO,52.134667,-8.013167, ,0.0,0.0,2,8000,0,0,0,0,0,0
TF,IDBAN,51.846917,-8.887111,0, ,0.0,0.0,0.0,0.0,2,6000,0,0,0,0,0,0
TF,DIGID,51.743500,-8.800528,0, ,0.0,0.0,0.0,0.0,0,0,0,0,0,0,0,0

STAR,TISM1G,34,5
IF,TISMO,52.134667,-8.013167, ,0.0,0.0,2,8000,0,0,0,0,0,0
TF,ROBVO,51.684444,-8.199250,0, ,0.0,0.0,0.0,0.0,2,6000,0,0,0,0,0,0
TF,ATLAM,51.644667,-8.375361,0, ,0.0,0.0,0.0,0.0,0,0,0,1,220,0,0,0

STAR,TISM1H,25,5
IF,TISMO,52.134667,-8.013167, ,0.0,0.0,2,8000,0,0,0,0,0,0
TF,LORLA,51.937111,-8.197611,0, ,0.0,0.0,0.0,0.0,0,0,0,0,0,0,0,0

STAR,TISM1R,16,5
IF,TISMO,52.134667,-8.013167, ,0.0,0.0,2,8000,0,0,0,0,0,0
TF,GIVOL,52.077889,-8.430444,0, ,0.0,0.0,0.0,0.0,2,6000,0,0,0,0,0,0
TF,BARNU,52.037750,-8.607889,0, ,0.0,0.0,0.0,0.0,0,0,0,1,220,0,0,0

STAR,VAPA1F,07,5
IF,VAPAL,51.878639,-7.821750, ,0.0,0.0,2,8000,0,0,0,0,0,0
TF,EBABO,51.640000,-8.714361,0, ,0.0,0.0,0.0,0.0,2,6000,0,0,0,0,0,0
TF,DIGID,51.743500,-8.800528,0, ,0.0,0.0,0.0,0.0,0,0,0,0,0,0,0,0

STAR,VAPA1G,34,5
IF,VAPAL,51.878639,-7.821750, ,0.0,0.0,2,8000,0,0,0,0,0,0
TF,ROBVO,51.684444,-8.199250,0, ,0.0,0.0,0.0,0.0,2,6000,0,0,0,0,0,0
TF,ATLAM,51.644667,-8.375361,0, ,0.0,0.0,0.0,0.0,0,0,0,1,220,0,0,0

STAR,VAPA1H,25,5
IF,VAPAL,51.878639,-7.821750, ,0.0,0.0,2,8000,0,0,0,0,0,0
TF,LORLA,51.937111,-8.197611,0, ,0.0,0.0,0.0,0.0,0,0,0,0,0,0,0,0

STAR,VAPA1R,16,5
IF,VAPAL,51.878639,-7.821750, ,0.0,0.0,2,8000,0,0,0,0,0,0
TF,GIVOL,52.077889,-8.430444,0, ,0.0,0.0,0.0,0.0,2,6000,0,0,0,0,0,0
TF,BARNU,52.037750,-8.607889,0, ,0.0,0.0,0.0,0.0,0,0,0,1,220,0,0,0

APPTR,D07,07,CRK
IF,CRK,51.840608,-8.494269, ,0.0,0.0,1,4000,0,0,0,0,1,0
FD,CRK,51.840608,-8.494269,0,CRK,0.0,12.0,235.0,12.0,0,0,0,0,0,0,0,0
CF,UPLOM,51.785667,-8.689972,2,CRK,248.7,8.0,68.0,4.0,2,3000,0,0,0,0,1,0

APPTR,D07,07,UPLOM
HF,UPLOM,51.785667,-8.689972,2, ,0.0,0.0,68.0,04,2,3000,0,1,220,0,0,0,0

FINAL,D07,07,D,3
IF,UPLOM,51.785667,-8.689972,CRK,248.7,8.0,2,3000,0,0,0,0,2,0
CF,CK024,51.818639,-8.572722,0,CRK,248.7,3.2,68.0,4.8,2,1000,0,0,0,0,0,0
CF,CK025,51.833750,-8.518778,0,CRK,248.7,1.0,68.0,2.2,1,830,0,0,0,0,3,0
CF,CK031,51.895250,-8.298028,0,CRK,68.7,8.0,68.0,9.0,1,4000,0,1,220,0,0,1
DF,CRK,51.840608,-8.494269,1, ,0.0,0.0,1,4000,0,0,0,0,0,0

APPTR,D16,16,TIGPA
HF,TIGPA,51.976861,-8.555944,2, ,0.0,0.0,168.0,05.5,2,3000,0,1,220,0,0,0,0

FINAL,D16,16,D,3
IF,TIGPA,51.976861,-8.555944,CRK,347.4,8.5,2,3000,0,0,0,0,2,0
CF,CK012,51.904750,-8.523250,0,CRK,347.4,4.0,168.0,4.5,2,1620,0,0,0,0,0,0
CF,CK013,51.866278,-8.505861,0,CRK,347.4,1.6,168.0,2.4,1,859,0,0,0,0,3,0
CF,CK033,51.704278,-8.432944,0,CRK,167.4,8.5,168.0,10.1,1,4000,0,1,220,0,0,1
DF,CRK,51.840608,-8.494269,1, ,0.0,0.0,1,4000,0,0,0,0,0,0

APPTR,D25,25,CRK
IF,CRK,51.840608,-8.494269, ,0.0,0.0,1,4000,0,0,0,0,1,0
FD,CRK,51.840608,-8.494269,0,CRK,0.0,11.0,77.0,11.0,0,0,0,0,0,0,0,0
CF,GINGI,51.899139,-8.331528,1,CRK,62.8,7.0,243.0,4.0,2,3000,0,0,0,0,0,0

APPTR,D25,25,GINGI
HF,GINGI,51.899139,-8.331528,1, ,0.0,0.0,243.0,04,2,3000,0,1,220,0,0,0,0

FINAL,D25,25,D,2
IF,GINGI,51.899139,-8.331528,CRK,62.8,7.0,2,3000,0,0,0,0,2,0
CF,CK028,51.849000,-8.471028,0,CRK,62.8,1.0,243.0,6.0,1,678,0,0,0,0,3,0
CF,CK032,51.773417,-8.679806,0,CRK,242.8,8.0,243.0,9.0,1,4000,0,1,220,0,0,1
DF,CRK,51.840608,-8.494269,2, ,0.0,0.0,1,4000,0,0,0,0,0,0

APPTR,D34,34,SMILO
HF,SMILO,51.711028,-8.398722,1, ,0.0,0.0,339.0,05.4,2,3000,0,1,220,0,0,0,0

FINAL,D34,34,D,3
IF,SMILO,51.711028,-8.398722,CRK,158.4,8.6,2,3000,0,0,0,0,2,0
CF,CK019,51.795194,-8.460722,0,CRK,158.4,3.0,339.0,5.6,2,1280,0,0,0,0,0,0
CF,CK020,51.816389,-8.476361,0,CRK,158.4,1.6,339.0,1.4,1,837,0,0,0,0,3,0
CF,CK034,51.969250,-8.589722,0,CRK,338.4,8.5,339.0,10.1,1,4000,0,1,220,0,0,1
DF,CRK,51.840608,-8.494269,2, ,0.0,0.0,1,4000,0,0,0,0,0,0

APPTR,I16,16,CRK
IF,CRK,51.840608,-8.494269, ,0.0,0.0,1,4000,0,0,0,0,1,0
FD,CRK,51.840608,-8.494269,0,CRK,0.0,14.0,327.0,14.0,0,0,0,0,0,0,0,0
CF,BARNU,52.037750,-8.607889,2,ICS,343.9,13.3,164.0,2.0,2,3000,0,0,0,0,1,0

FINAL,I16,16,I,3
IF,BARNU,52.037750,-8.607889,ICS,343.9,13.3,2,3000,0,0,0,0,0,0
CF,ROVAL,51.973722,-8.569694,0,ICS,343.9,9.2,164.0,4.1,1,3000,0,0,0,0,2,0
CF,RW16,51.850269,-8.496439,0,ICS,343.9,1.3,164.0,7.9,1,534,0,0,0,0,3,0
CF,CK029,51.708417,-8.412750,0,CRK,162.0,8.5,164.0,9.1,1,4000,0,0,0,0,0,1
DF,CRK,51.840608,-8.494269,1, ,0.0,0.0,1,4000,0,1,220,0,0,0

APPTR,I34,34,CRK
IF,CRK,51.840608,-8.494269, ,0.0,0.0,1,4000,0,0,0,0,1,0
FD,CRK,51.840608,-8.494269,0,CRK,0.0,14.0,181.0,14.0,0,0,0,0,0,0,0,0
CF,ATLAM,51.644667,-8.375361,1,ICN,163.9,13.2,344.0,2.0,2,3000,0,0,0,0,1,0

FINAL,I34,34,I,3
IF,ATLAM,51.644667,-8.375361,ICN,163.9,13.2,2,3000,0,0,0,0,0,0
CF,GOSDA,51.707778,-8.412389,0,ICN,163.9,9.2,344.0,4.0,1,3000,0,0,0,0,2,0
CF,RW34,51.832267,-8.485789,0,ICN,163.9,1.2,344.0,8.0,1,515,0,0,0,0,3,0
CF,CK030,51.974167,-8.569972,0,CRK,343.7,8.5,344.0,9.1,1,4000,0,0,0,0,0,1
DF,CRK,51.840608,-8.494269,2, ,0.0,0.0,1,4000,0,1,220,0,0,0

APPTR,R07,07,EBABO
IF,EBABO,51.640000,-8.714361, ,0.0,0.0,2,6000,0,1,220,0,1,0
TF,DIGID,51.743500,-8.800528,0, ,0.0,0.0,0.0,0.0,2,3000,0,1,220,0,1,0

APPTR,R07,07,IDBAN
IF,IDBAN,51.846917,-8.887111, ,0.0,0.0,2,6000,0,1,220,0,1,0
TF,DIGID,51.743500,-8.800528,0, ,0.0,0.0,0.0,0.0,2,3000,0,1,220,0,1,0

FINAL,R07,07,R,4
IF,DIGID,51.743500,-8.800528, ,0.0,0.0,2,3000,0,0,0,0,0,0
TF,BADEN,51.781861,-8.681500,0, ,0.0,0.0,66.0,5.0,2,3000,0,0,0,0,2,0
TF,CK021,51.820139,-8.562778,0, ,0.0,0.0,66.0,5.0,2,920,0,0,0,0,0,0
TF,CK022,51.841611,-8.496000,0, ,0.0,0.0,66.0,2.8,1,521,0,0,0,0,3,1
TF,KOTEX,51.898861,-8.317139,0, ,0.0,0.0,0.0,0.0,1,4000,0,1,220,0,0,0
HM,KOTEX,51.898861,-8.317139,1, ,0.0,0.0,246.0,04.3,0,0,0,1,220,0,0,0,0

APPTR,R16,16,CK007
IF,CK007,52.147083,-8.673333, ,0.0,0.0,2,6000,0,1,250,0,1,0
TF,BARNU,52.037750,-8.607889,0, ,0.0,0.0,0.0,0.0,2,3000,0,1,220,0,1,0

APPTR,R16,16,GIVOL
IF,GIVOL,52.077889,-8.430444, ,0.0,0.0,2,6000,0,1,220,0,1,0
TF,BARNU,52.037750,-8.607889,0, ,0.0,0.0,0.0,0.0,2,3000,0,1,220,0,1,0

APPTR,R16,16,TIRUK
IF,TIRUK,51.997361,-8.785000, ,0.0,0.0,2,6000,0,1,220,0,1,0
TF,BARNU,52.037750,-8.607889,0, ,0.0,0.0,0.0,0.0,2,3000,0,1,220,0,1,0

FINAL,R16,16,R,3
IF,BARNU,52.037750,-8.607889, ,0.0,0.0,2,3000,0,0,0,0,0,0
TF,ROVAL,51.973722,-8.569694,0, ,0.0,0.0,164.0,4.1,2,3000,0,0,0,0,2,0
TF,CK008,51.858083,-8.501056,0, ,0.0,0.0,164.0,7.4,1,694,0,0,0,0,3,0
TF,GOSDA,51.707778,-8.412389,0, ,0.0,0.0,0.0,0.0,1,4000,0,1,220,0,0,0
HM,GOSDA,51.707778,-8.412389,1, ,0.0,0.0,344.0,04.3,0,0,0,1,220,0,0,0,0

APPTR,R25,25,MAZAN
IF,MAZAN,52.040528,-8.284556, ,0.0,0.0,2,6000,0,1,220,0,1,0
TF,LORLA,51.937111,-8.197611,0, ,0.0,0.0,0.0,0.0,2,3000,0,1,220,0,1,0

APPTR,R25,25,NONSI
IF,NONSI,51.833639,-8.111056, ,0.0,0.0,2,6000,0,1,220,0,1,0
TF,LORLA,51.937111,-8.197611,0, ,0.0,0.0,0.0,0.0,2,3000,0,1,220,0,1,0

FINAL,R25,25,R,3
IF,LORLA,51.937111,-8.197611, ,0.0,0.0,2,3000,0,0,0,0,0,0
TF,MULLA,51.894667,-8.330333,0, ,0.0,0.0,247.0,5.6,2,3000,0,0,0,0,2,0
TF,CK026,51.847028,-8.479111,0, ,0.0,0.0,247.0,6.2,1,552,0,0,0,0,3,1
TF,BADEN,51.781861,-8.681500,0, ,0.0,0.0,0.0,0.0,1,4000,0,1,220,0,0,0
HM,BADEN,51.781861,-8.681500,2, ,0.0,0.0,66.0,04.3,0,0,0,1,220,0,0,0,0

APPTR,R34,34,INSAL
IF,INSAL,51.604611,-8.551139, ,0.0,0.0,2,6000,0,1,220,0,1,0
TF,ATLAM,51.644667,-8.375361,0, ,0.0,0.0,0.0,0.0,2,3000,0,1,210,0,1,0

APPTR,R34,34,ROBVO
IF,ROBVO,51.684444,-8.199250, ,0.0,0.0,2,6000,0,1,220,0,1,0
TF,ATLAM,51.644667,-8.375361,0, ,0.0,0.0,0.0,0.0,2,3000,0,1,210,0,1,0

FINAL,R34,34,R,4
IF,ATLAM,51.644667,-8.375361, ,0.0,0.0,2,3000,0,1,210,0,0,0
TF,GOSDA,51.707778,-8.412389,0, ,0.0,0.0,344.0,4.0,2,3000,0,1,210,0,2,0
TF,CK014,51.799444,-8.466389,0, ,0.0,0.0,344.0,5.9,2,960,0,1,210,0,0,0
TF,CK015,51.822889,-8.480250,0, ,0.0,0.0,344.0,1.5,1,707,0,0,0,0,3,1
TF,ROVAL,51.973722,-8.569694,0, ,0.0,0.0,0.0,0.0,1,4000,0,1,220,0,0,0
HM,ROVAL,51.973722,-8.569694,2, ,0.0,0.0,164.0,04.3,0,0,0,1,220,0,0,0,0

