APPTR,J03,03,BITBO
IF,BITBO,70.373872,29.364475, ,0.0,0.0,2,4000,0,0,0,0,1,0
TF,MIKDU,70.448503,29.256231,0,G03P,0.0,0.0,0.0,0.0,2,4000,0,0,0,0,1,0

APPTR,J03,03,ERNIX
IF,ERNIX,70.482119,29.029456, ,0.0,0.0,2,4000,0,0,0,0,1,0
TF,MIKDU,70.448503,29.256231,0,G03P,0.0,0.0,0.0,0.0,2,4000,0,0,0,0,1,0

FINAL,J03,03,G,3
IF,MIKDU,70.448503,29.256231,G03P,0.0,0.0,2,4000,0,0,0,0,1,0
TF,TULSU,70.498564,29.399156,0,G03P,0.0,0.0,28.0,4.2,1,4000,0,0,0,0,2,0
TF,RW03,70.597031,29.683303,0,G03P,0.0,0.0,28.0,8.2,1,529,0,0,0,0,3,0
CA,0,28.0,2,1700,0,0,0,0,0,0
DF,MIKDU,70.448503,29.256231,2, ,0.0,0.0,0,0,0,0,0,0,0,0
HM,MIKDU,70.448503,29.256231,2, ,0.0,0.0,28.0,04.3,1,4000,0,0,0,0,0,0,0

APPTR,J21,21,LUNUX
IF,LUNUX,70.780428,29.871153, ,0.0,0.0,2,4000,0,0,0,0,1,0
TF,NAMAP,70.722483,30.051269,0,G21A,0.0,0.0,0.0,0.0,2,3000,0,0,0,0,1,0

APPTR,J21,21,OLADU
IF,OLADU,70.664364,30.230344, ,0.0,0.0,2,4000,0,0,0,0,1,0
TF,NAMAP,70.722483,30.051269,0,G21A,0.0,0.0,0.0,0.0,2,3000,0,0,0,0,1,0

FINAL,J21,21,G,3
IF,NAMAP,70.722483,30.051269,G21A,0.0,0.0,2,3000,0,0,0,0,0,0
TF,BS501,70.673772,29.907586,0,G21A,0.0,0.0,208.0,4.1,1,3000,0,0,0,0,2,0
TF,RW21,70.603478,29.702044,0,G21A,0.0,0.0,208.0,5.9,1,538,0,0,0,0,3,0
CA,0,208.0,2,2000,0,0,0,0,0,0
DF,LUNUX,70.780428,29.871153,2, ,0.0,0.0,0,0,0,0,0,0,0,0
HM,LUNUX,70.780428,29.871153,1, ,0.0,0.0,118.0,04.3,1,4000,0,0,0,0,0,0,0

APPTR,L21,21,BX1
FD,BX,70.607219,29.712936,0,BT,0.0,10.0,18.0,10.0,2,4000,0,0,0,0,1,0
CF,CF21,70.685275,29.941464,2,BT,28.0,7.5,208.0,3.0,2,2560,0,0,0,0,0,0

FINAL,L21,21,D,4
IF,CF21,70.685275,29.941464,BT,28.0,7.5,2,2560,0,0,0,0,0,0
CF,FF21,70.661486,29.871542,0,BT,28.0,5.5,208.0,2.0,2,2560,0,0,0,0,2,0
CF,34LOC,70.642436,29.815722,0,BT,28.0,3.9,208.0,1.6,2,1900,0,0,0,0,0,0
CF,MA21,70.613831,29.732192,0,BT,28.0,1.5,208.0,2.4,1,899,0,0,0,0,3,0
CD, ,0,0,0,BT,0,0.0,208.0,3.0,2,900,0,0,0,0,0,0
DF,BX,70.607219,29.712936,1, ,0.0,0.0,1,4000,0,0,0,0,0,0
HM,BX,70.607219,29.712936,2, ,0.0,0.0,208.0,04.3,0,0,0,0,0,0,0,0,0

APPTR,Q03,03,BX1
FD,BX,70.607219,29.712936,0,BT,0.0,10.0,199.0,10.0,2,4000,0,0,0,0,0,0
CF,CQ03,70.482100,29.352592,2,VRD,266.2,35.1,28.0,2.0,2,4000,0,0,0,0,1,0

FINAL,Q03,03,N,4
IF,CQ03,70.482100,29.352592,BX,0.0,0.0,2,4000,0,0,0,0,0,0
CF,FQ03,70.542067,29.524483,0,BX,0.0,0.0,28.0,5.0,2,2480,0,0,0,0,2,0
CF,40DME,70.554042,29.558983,0,BX,0.0,0.0,28.0,1.0,2,2070,0,0,0,0,0,0
CF,MQ03,70.577969,29.628114,0,BT,0.0,2.0,28.0,2.0,1,1214,0,0,0,0,3,0
CF,BX,70.607219,29.712936,0,VRD,282.9,30.8,28.0,2.5,0,0,0,0,0,0,0,0
FA,BX,70.607219,29.712936,0,VRD,0.0,0.0,28.0,2,2500,0,0,0,0,0,0
DF,BX,70.607219,29.712936,1, ,0.0,0.0,1,4000,0,0,0,0,0,0
HM,BX,70.607219,29.712936,2, ,0.0,0.0,208.0,04.3,0,0,0,0,0,0,0,0,0

APPTR,Q21,21,BX1
FD,BX,70.607219,29.712936,0,BT,0.0,10.0,18.0,10.0,2,4000,0,0,0,0,1,0
CF,CF21,70.685275,29.941464,2,VRD,295.1,29.7,208.0,3.0,2,2560,0,0,0,0,0,0

FINAL,Q21,21,N,4
IF,CF21,70.685275,29.941464,BX,0.0,0.0,2,2560,0,0,0,0,0,0
CF,FF21,70.661486,29.871542,0,BX,0.0,0.0,208.0,2.0,2,2560,0,0,0,0,2,0
CF,30DME,70.637644,29.801556,0,BX,0.0,0.0,208.0,2.0,2,1730,0,0,0,0,0,0
CF,MA21,70.613831,29.732192,0,BT,0.0,1.0,208.0,2.0,1,898,0,0,0,0,3,0
CF,BX,70.607219,29.712936,0,VRD,282.9,30.8,208.0,0.6,0,0,0,0,0,0,0,1
CD, ,0,0,0,BT,0,0.0,208.0,3.0,0,0,0,0,0,0,0,0
DF,BX,70.607219,29.712936,1, ,0.0,0.0,1,4000,0,0,0,0,0,0
HM,BX,70.607219,29.712936,2, ,0.0,0.0,208.0,04.3,0,0,0,0,0,0,0,0,0

APPTR,R03,03,BITBO
IF,BITBO,70.373872,29.364475, ,0.0,0.0,2,4000,0,0,0,0,1,0
TF,MIKDU,70.448503,29.256231,0, ,0.0,0.0,0.0,0.0,2,4000,0,0,0,0,1,0

APPTR,R03,03,ERNIX
IF,ERNIX,70.482119,29.029456, ,0.0,0.0,2,4000,0,0,0,0,1,0
TF,MIKDU,70.448503,29.256231,0, ,0.0,0.0,0.0,0.0,2,4000,0,0,0,0,1,0

FINAL,R03,03,R,3
IF,MIKDU,70.448503,29.256231, ,0.0,0.0,2,4000,0,0,0,0,1,0
TF,BS410,70.496525,29.393314,0, ,0.0,0.0,28.0,4.0,2,4000,0,0,0,0,2,0
TF,RW03,70.597031,29.683303,0, ,0.0,0.0,28.0,8.4,1,530,0,0,0,0,3,1
TF,BS420,70.689942,29.955175,0, ,0.0,0.0,0.0,0.0,0,0,0,0,0,0,0,1
DF,MIKDU,70.448503,29.256231,2, ,0.0,0.0,0,0,0,0,0,0,0,0
HM,MIKDU,70.448503,29.256231,2, ,0.0,0.0,28.0,04.3,1,4000,0,0,0,0,0,0,0

APPTR,R21,21,LUNUX
IF,LUNUX,70.780428,29.871153, ,0.0,0.0,2,4000,0,0,0,0,1,0
TF,NAMAP,70.722483,30.051269,0, ,0.0,0.0,0.0,0.0,2,3000,0,0,0,0,1,0

APPTR,R21,21,OLADU
IF,OLADU,70.664364,30.230344, ,0.0,0.0,2,4000,0,0,0,0,1,0
TF,NAMAP,70.722483,30.051269,0, ,0.0,0.0,0.0,0.0,2,3000,0,0,0,0,1,0

FINAL,R21,21,R,3
IF,NAMAP,70.722483,30.051269, ,0.0,0.0,2,3000,0,0,0,0,0,0
TF,GODIT,70.674367,29.909333,0, ,0.0,0.0,208.0,4.1,2,3000,0,0,0,0,2,0
TF,RW21,70.603478,29.702044,0, ,0.0,0.0,208.0,6.0,1,539,0,0,0,0,3,1
TF,BS502,70.525769,29.477250,0, ,0.0,0.0,0.0,0.0,0,0,0,0,0,0,0,1
DF,LUNUX,70.780428,29.871153,2, ,0.0,0.0,0,0,0,0,0,0,0,0
HM,LUNUX,70.780428,29.871153,1, ,0.0,0.0,118.0,04.3,1,4000,0,0,0,0,0,0,0

