APPTR,N22-X,22,S
IF,S,54.414639,16.368639, ,0.0,0.0,2,2000,0,0,0,0,1,0
FC,S,54.414639,16.368639,0,DAR,0.0,0.0,51.0,5.8,2,1700,0,0,0,0,0,1
CF,FN22X,54.469939,16.457225,1,DAR,30.0,4.3,217.0,2.0,2,1700,0,0,0,0,0,0

FINAL,N22-X,22,N,2
IF,FN22X,54.469939,16.457225,S,0.0,0.0,2,1700,0,0,0,0,2,0
CF,S,54.414639,16.368639,0,S,0.0,0.0,217.0,4.6,1,252,0,0,0,0,3,0
FA,S,54.414639,16.368639,0,DAR,0.0,0.0,217.0,2,1200,0,0,0,0,0,0
DF,S,54.414639,16.368639,2, ,0.0,0.0,1,2000,0,0,0,0,0,0

APPTR,N22-Y,22,SA
IF,SA,54.432250,16.396361, ,0.0,0.0,2,2000,0,0,0,0,1,0
FC,SA,54.432250,16.396361,0,DAR,0.0,0.0,51.0,5.8,2,1700,0,0,0,0,0,1
CF,FN22Y,54.480897,16.474306,1,DAR,31.4,5.2,217.0,2.0,2,1700,0,0,0,0,0,0

FINAL,N22-Y,22,N,2
IF,FN22Y,54.480897,16.474306,SA,0.0,0.0,2,1700,0,0,0,0,2,0
CF,SA,54.432250,16.396361,0,SA,0.0,0.0,217.0,4.0,1,710,0,0,0,0,3,0
FA,SA,54.432250,16.396361,0,DAR,0.0,0.0,217.0,2,1200,0,0,0,0,0,0
DF,SA,54.432250,16.396361,2, ,0.0,0.0,1,2000,0,0,0,0,0,0

APPTR,Q04,04,SA1
IF,SA,54.432250,16.396361, ,0.0,0.0,2,2000,0,0,0,0,1,0
FD,SA,54.432250,16.396361,0,DAR,8.4,6.5,234.0,6.5,2,1500,0,0,0,0,0,0
CF,CQ04,54.339314,16.248189,1,DAR,225.1,6.5,37.0,1.0,2,1500,0,0,0,0,0,0

APPTR,Q04,04,SA2
IF,SA,54.432250,16.396361, ,0.0,0.0,2,2000,0,0,0,0,1,0
FD,SA,54.432250,16.396361,0,DAR,8.4,6.5,228.0,6.5,2,1500,0,0,0,0,0,0
CF,CQ04,54.339314,16.248189,1,DAR,225.1,6.5,37.0,1.0,2,1500,0,0,0,0,0,0

FINAL,Q04,04,N,3
IF,CQ04,54.339314,16.248189,SA,0.0,0.0,2,1500,0,0,0,0,0,0
CF,FQ04,54.357778,16.277500,0,SA,0.0,0.0,37.0,1.5,2,1230,0,0,0,0,2,0
CF,MQ04,54.394861,16.337472,0,DAR,0.0,2.0,37.0,3.1,1,256,0,0,0,0,3,0
FA,MQ04,54.394861,16.337472,0,DAR,0.0,0.0,37.0,2,1000,0,0,0,0,0,0
CF,SA,54.432250,16.396361,0,DAR,8.4,1.4,37.0,1.0,0,0,0,0,0,0,0,1
DF,SA,54.432250,16.396361,2, ,0.0,0.0,1,2000,0,0,0,0,0,0

APPTR,Q22-Z,22,SA1
IF,SA,54.432250,16.396361, ,0.0,0.0,2,2000,0,0,0,0,1,0
FD,SA,54.432250,16.396361,0,DAR,8.4,6.0,60.0,6.0,2,1700,0,0,0,0,0,0
CF,CQ22,54.490619,16.489917,1,DAR,32.4,6.0,217.0,1.0,2,1700,0,0,0,0,0,0

APPTR,Q22-Z,22,SA2
IF,SA,54.432250,16.396361, ,0.0,0.0,2,2000,0,0,0,0,1,0
FD,SA,54.432250,16.396361,0,DAR,8.4,6.0,56.0,6.0,2,1700,0,0,0,0,0,0
CF,CQ22,54.490619,16.489917,1,DAR,32.4,6.0,217.0,1.0,2,1700,0,0,0,0,0,0

FINAL,Q22-Z,22,N,3
IF,CQ22,54.490619,16.489917,SA,0.0,0.0,2,1700,0,0,0,0,0,0
CF,FQ22,54.438333,16.405833,0,SA,0.0,0.0,217.0,4.3,2,1000,0,0,0,0,2,0
CF,S,54.414639,16.368639,0,DAR,0.0,0.7,217.0,1.9,1,287,0,0,0,0,3,0
FA,S,54.414639,16.368639,0,DAR,0.0,0.0,217.0,2,1000,0,0,0,0,0,0
DF,SA,54.432250,16.396361,2, ,0.0,0.0,1,2000,0,0,0,0,0,0

APPTR,T04,04,TDA1
IF,TDA,54.404806,16.358167, ,0.0,0.0,2,2000,0,0,0,0,1,0
FD,TDA,54.404806,16.358167,0,TDA,0.0,6.0,242.0,6.0,2,1500,0,0,0,0,0,0
CF,CT04,54.339242,16.229225,1,TDA,223.0,6.0,43.0,1.0,2,1500,0,0,0,0,0,0

APPTR,T04,04,TDA2
IF,TDA,54.404806,16.358167, ,0.0,0.0,2,2000,0,0,0,0,1,0
FD,TDA,54.404806,16.358167,0,TDA,0.0,6.0,235.0,6.0,2,1500,0,0,0,0,0,0
CF,CT04,54.339242,16.229225,1,TDA,223.0,6.0,43.0,1.0,2,1500,0,0,0,0,0,0

FINAL,T04,04,D,3
IF,CT04,54.339242,16.229225,TDA,223.0,6.0,2,1500,0,0,0,0,0,0
CF,FT04,54.361389,16.272222,0,TDA,223.2,4.0,43.0,2.0,2,1230,0,0,0,0,2,0
CF,MT04,54.399361,16.347389,0,TDA,223.1,0.5,43.0,3.5,1,116,0,0,0,0,3,0
CF,TDA,54.404806,16.358167,0,TDA,0.0,0.0,43.0,0.5,0,0,0,0,0,0,0,0
FA,TDA,54.404806,16.358167,0,TDA,0.0,0.0,43.0,2,1000,0,0,0,0,0,0
DF,TDA,54.404806,16.358167,2, ,0.0,0.0,1,2000,0,0,0,0,0,0

APPTR,T22,22,TDA1
IF,TDA,54.404806,16.358167, ,0.0,0.0,2,2000,0,0,0,0,1,0
FD,TDA,54.404806,16.358167,0,TDA,0.0,7.0,47.0,7.0,2,1700,0,0,0,0,0,0
CF,CT22,54.498969,16.475781,1,TDA,30.0,7.0,210.0,1.0,2,1700,0,0,0,0,0,0

APPTR,T22,22,TDA2
IF,TDA,54.404806,16.358167, ,0.0,0.0,2,2000,0,0,0,0,1,0
FD,TDA,54.404806,16.358167,0,TDA,0.0,7.0,40.0,7.0,2,1700,0,0,0,0,0,0
CF,CT22,54.498969,16.475781,1,TDA,30.0,7.0,210.0,1.0,2,1700,0,0,0,0,0,0

FINAL,T22,22,D,3
IF,CT22,54.498969,16.475781,TDA,30.0,7.0,2,1700,0,0,0,0,0,0
CF,FT22,54.439722,16.401667,0,TDA,30.0,2.6,210.0,4.4,2,1000,0,0,0,0,2,0
CF,MT22,54.411556,16.366556,0,TDA,29.9,0.5,210.0,2.1,1,211,0,0,0,0,3,0
CF,TDA,54.404806,16.358167,0,TDA,0.0,0.0,210.0,0.5,0,0,0,0,0,0,0,0
FA,TDA,54.404806,16.358167,0,TDA,0.0,0.0,210.0,2,1000,0,0,0,0,0,0
DF,TDA,54.404806,16.358167,2, ,0.0,0.0,1,2000,0,0,0,0,0,0

