APPTR,I10,10,D186O
FD,D186O,51.305667,19.095389,0,TAS,186.0,14.0,6.0,14.0,0,0,0,0,0,0,1,0
CI,0, ,0.0,6.0,0,0,0,0,0,0,0,0
AF,LK301,51.446833,18.904417,2,TAS,233.0,12.0,186.0,2,4000,0,0,0,0,0,0
AF,D271L,51.573856,18.860044,2,TAS,271.0,12.0,233.0,2,3000,0,0,0,0,0,0
CI,0,LSK,0.0,71.0,0,0,0,0,0,0,0,0

FINAL,I10,10,I,3
IF,CF10,51.610944,18.872917,LSK,281.4,13.1,2,3000,0,0,0,0,0,0
CF,FF10,51.580389,19.031361,0,LSK,281.4,6.9,101.0,6.2,1,2300,0,0,0,0,2,0
CF,RW10,51.555019,19.161864,0,LSK,281.4,1.8,101.0,5.1,1,671,0,0,0,0,3,0
CA,0,101.0,2,3000,0,0,0,0,0,0
CI,2, ,0.0,231.0,0,0,0,1,220,0,0,0
FM,TAS,51.549944,19.178222,0,TAS,0.0,0.0,186.0,1,4000,0,0,0,0,0,0

APPTR,I28-Y,28,D186O
FD,D186O,51.305667,19.095389,0,TAS,186.0,14.0,6.0,14.0,0,0,0,0,0,0,1,0
CI,0, ,0.0,6.0,0,0,0,0,0,0,0,0
AF,LK101,51.366556,19.304972,1,TAS,150.6,12.0,186.0,0,0,0,0,0,0,0,0
AF,D116L,51.443775,19.449303,1,TAS,116.0,12.0,151.0,2,3000,0,0,0,0,0,0
CI,0,IAS,0.0,326.0,0,0,0,0,0,0,0,0

FINAL,I28-Y,28,I,3
IF,CI28Y,51.491583,19.484444,IAS,101.4,12.9,2,3000,0,0,0,0,0,0
CF,FI28,51.522000,19.330444,0,IAS,101.4,6.8,281.0,6.1,1,2300,0,0,0,0,2,0
CF,RW28,51.546964,19.203139,0,IAS,101.4,1.8,281.0,5.0,1,681,0,0,0,0,3,0
FA,RW28,51.546964,19.203139,0,TAS,0.0,0.0,281.0,2,3000,0,0,0,0,0,0
CI,1, ,0.0,156.0,0,0,0,1,220,0,0,0
CF,D186O,51.305667,19.095389,0,TAS,186.0,15.0,186.0,6.0,1,4000,0,0,0,0,0,0

FINAL,I28-Z,28,I,3
IF,CI28Z,51.511883,19.381775,IAS,101.4,8.9,2,2300,0,0,0,0,0,0
CF,FI28,51.522000,19.330444,0,IAS,101.4,6.8,281.0,2.0,1,2300,0,0,0,0,2,0
CF,RW28,51.546964,19.203139,0,IAS,101.4,1.8,281.0,5.0,1,681,0,0,0,0,3,0
CA,0,281.0,2,3000,0,0,0,0,0,0
DF,TAS,51.549944,19.178222,1, ,0.0,0.0,0,0,0,1,220,0,0,0

APPTR,T10,10,D186O
FD,D186O,51.305667,19.095389,0,TAS,186.0,14.0,6.0,14.0,0,0,0,0,0,0,1,0
CI,0, ,0.0,6.0,0,0,0,0,0,0,0,0
AF,LK301,51.446833,18.904417,2,TAS,233.0,12.0,186.0,2,4000,0,0,0,0,0,0
AF,D271L,51.573856,18.860044,2,TAS,271.0,12.0,233.0,2,3000,0,0,0,0,0,0
AF,CT10,51.623417,18.880056,2,TAS,285.7,12.0,271.0,2,3000,0,0,0,0,1,0

FINAL,T10,10,D,3
IF,CT10,51.623417,18.880056,TAS,285.7,12.0,2,3000,0,0,0,0,0,0
CF,FT10,51.584833,19.037167,0,TAS,285.7,5.7,106.0,6.3,2,2300,0,0,0,0,2,0
CF,RW10,51.555019,19.161864,0,TAS,290.5,0.7,106.0,5.0,1,671,0,0,0,0,3,0
FA,RW10,51.555019,19.161864,0,TAS,0.0,0.0,106.0,2,3000,0,0,0,0,0,0
CI,2, ,0.0,216.0,0,0,0,1,220,0,0,0
CF,D186O,51.305667,19.095389,0,TAS,186.0,15.0,186.0,6.0,1,4000,0,0,0,0,0,0

APPTR,T28,28,D186O
FD,D186O,51.305667,19.095389,0,TAS,186.0,14.0,6.0,14.0,0,0,0,0,0,0,1,0
CI,0, ,0.0,6.0,0,0,0,0,0,0,0,0
AF,LK101,51.366556,19.304972,1,TAS,150.6,12.0,186.0,0,0,0,0,0,0,0,0
AF,CT28,51.502083,19.489111,1,TAS,97.7,12.0,151.0,2,3000,0,0,0,0,1,0

FINAL,T28,28,D,3
IF,CT28,51.502083,19.489111,TAS,97.7,12.0,2,3000,0,0,0,0,0,0
CF,FT28,51.526306,19.332417,0,TAS,97.8,6.0,278.0,6.1,2,2300,0,0,0,0,2,0
CF,RW28,51.546964,19.203139,0,TAS,94.9,1.0,278.0,5.0,1,681,0,0,0,0,3,0
FA,RW28,51.546964,19.203139,0,TAS,0.0,0.0,278.0,2,3000,0,0,0,0,0,0
CI,1, ,0.0,156.0,0,0,0,1,220,0,0,0
CF,D186O,51.305667,19.095389,0,TAS,186.0,15.0,186.0,6.0,1,4000,0,0,0,0,0,0

