SID,DEKU1B,28,5
CF,PO801,52.484722,16.494083,0,LAW,281.0,12.9,282.0,12.0,2,5400,0,0,0,0,0,0
TF,PO841,52.572111,16.538722,0, ,0.0,0.0,0.0,0.0,2,7000,0,0,0,0,0,0
TF,PO842,52.674278,16.608556,0, ,0.0,0.0,0.0,0.0,2,10000,0,0,0,0,0,0
TF,PO843,53.056222,16.872694,0, ,0.0,0.0,0.0,0.0,2,18000,0,0,0,0,0,0
TF,DEKUT,53.116111,17.035278,0, ,0.0,0.0,0.0,0.0,0,0,0,0,0,0,0,0

SID,DEKU1H,10,5
CF,PO901,52.387944,16.996694,0,LAW,102.6,6.5,102.0,6.0,2,2800,0,1,220,0,0,1
DF,PO902,52.560667,17.030750,1, ,0.0,0.0,2,7000,0,0,0,0,0,0
TF,PO903,52.651639,16.973111,0, ,0.0,0.0,0.0,0.0,2,10000,0,0,0,0,0,0
TF,PO904,52.751194,16.899278,0, ,0.0,0.0,0.0,0.0,0,0,0,0,0,0,0,0
TF,DEKUT,53.116111,17.035278,0, ,0.0,0.0,0.0,0.0,0,0,0,0,0,0,0,0

SID,ELSU1B,28,5
CF,PO801,52.484722,16.494083,0,LAW,281.0,12.9,282.0,12.0,2,5400,0,0,0,0,0,0
TF,PO851,52.503889,16.140139,0, ,0.0,0.0,0.0,0.0,2,8000,0,0,0,0,0,0
TF,PO852,52.509611,16.030694,0, ,0.0,0.0,0.0,0.0,2,10000,0,0,0,0,0,0
TF,ELSUP,52.540000,15.411389,0, ,0.0,0.0,0.0,0.0,0,0,0,0,0,0,0,0

SID,ELSU1H,10,5
CF,PO921,52.357500,17.152111,0,LAW,102.1,12.5,102.0,12.0,2,5400,0,1,220,0,0,0
TF,PO922,52.259583,17.100861,0, ,0.0,0.0,0.0,0.0,0,0,0,1,220,0,0,0
TF,PO923,52.291056,16.940083,0, ,0.0,0.0,0.0,0.0,2,10000,0,0,0,0,0,0
TF,PO924,52.322361,16.778917,0, ,0.0,0.0,0.0,0.0,0,0,0,0,0,0,0,0
TF,PO926,52.350611,16.632167,0, ,0.0,0.0,0.0,0.0,0,0,0,0,0,0,0,0
TF,PO927,52.403028,16.356917,0, ,0.0,0.0,0.0,0.0,0,0,0,0,0,0,0,0
TF,ELSUP,52.540000,15.411389,0, ,0.0,0.0,0.0,0.0,0,0,0,0,0,0,0,0

SID,ERNO1B,28,5
CF,PO801,52.484722,16.494083,0,LAW,281.0,12.9,282.0,12.0,2,5400,0,1,240,0,0,0
TF,PO802,52.397306,16.449611,1, ,0.0,0.0,0.0,0.0,0,0,0,1,240,0,0,0
TF,PO803,52.367583,16.605417,0, ,0.0,0.0,0.0,0.0,2,10000,0,0,0,0,0,0
TF,PO804,52.337667,16.760972,0, ,0.0,0.0,0.0,0.0,0,0,0,0,0,0,0,0
TF,PO806,52.147139,16.663361,2, ,0.0,0.0,0.0,0.0,2,13000,0,0,0,0,0,0
TF,ERNOX,52.026667,16.020556,0, ,0.0,0.0,0.0,0.0,0,0,0,0,0,0,0,0

SID,ERNO1H,10,5
CF,PO921,52.357500,17.152111,0,LAW,102.1,12.5,102.0,12.0,2,5400,0,1,220,0,0,0
TF,PO922,52.259583,17.100861,0, ,0.0,0.0,0.0,0.0,0,0,0,1,220,0,0,0
TF,PO923,52.291056,16.940083,0, ,0.0,0.0,0.0,0.0,2,10000,0,0,0,0,0,0
TF,PO924,52.322361,16.778917,0, ,0.0,0.0,0.0,0.0,0,0,0,0,0,0,0,0
TF,PO941,52.139778,16.685306,0, ,0.0,0.0,0.0,0.0,2,15000,0,0,0,0,0,0
TF,ERNOX,52.026667,16.020556,0, ,0.0,0.0,0.0,0.0,0,0,0,0,0,0,0,0

SID,OBOK1B,28,5
CF,PO801,52.484722,16.494083,0,LAW,281.0,12.9,282.0,12.0,2,5400,0,1,240,0,0,0
TF,PO802,52.397306,16.449611,1, ,0.0,0.0,0.0,0.0,0,0,0,1,240,0,0,0
TF,PO803,52.367583,16.605417,0, ,0.0,0.0,0.0,0.0,2,10000,0,0,0,0,0,0
TF,PO804,52.337667,16.760972,0, ,0.0,0.0,0.0,0.0,0,0,0,0,0,0,0,0
TF,PO821,52.307528,16.916361,0, ,0.0,0.0,0.0,0.0,0,0,0,0,0,0,0,0
TF,TENVO,52.231694,17.774194,0, ,0.0,0.0,0.0,0.0,0,0,0,0,0,0,0,0
TF,OBOKU,52.252222,18.000000,0, ,0.0,0.0,0.0,0.0,0,0,0,0,0,0,0,0

SID,OBOK1H,10,5
CF,PO921,52.357500,17.152111,0,LAW,102.1,12.5,102.0,12.0,2,5400,0,0,0,0,0,0
TF,PO931,52.289944,17.488583,0, ,0.0,0.0,0.0,0.0,2,10000,0,0,0,0,0,0
TF,TENVO,52.231694,17.774194,0, ,0.0,0.0,0.0,0.0,0,0,0,0,0,0,0,0
TF,OBOKU,52.252222,18.000000,0, ,0.0,0.0,0.0,0.0,0,0,0,0,0,0,0,0

SID,XERB1B,28,5
CF,PO801,52.484722,16.494083,0,LAW,281.0,12.9,282.0,12.0,2,5400,0,0,0,0,0,0
TF,PO831,52.580889,16.258806,0, ,0.0,0.0,0.0,0.0,2,8000,0,0,0,0,0,0
TF,PO832,52.621083,16.159861,0, ,0.0,0.0,0.0,0.0,2,10000,0,0,0,0,0,0
TF,PO833,52.725833,15.900139,0, ,0.0,0.0,0.0,0.0,2,15000,0,0,0,0,0,0
TF,XERBI,53.032222,15.671111,0, ,0.0,0.0,0.0,0.0,0,0,0,0,0,0,0,0

SID,XERB1H,10,5
CF,PO921,52.357500,17.152111,0,LAW,102.1,12.5,102.0,12.0,2,5400,0,1,220,0,0,0
TF,PO922,52.259583,17.100861,0, ,0.0,0.0,0.0,0.0,0,0,0,1,220,0,0,0
TF,PO923,52.291056,16.940083,0, ,0.0,0.0,0.0,0.0,2,10000,0,0,0,0,0,0
TF,PO924,52.322361,16.778917,0, ,0.0,0.0,0.0,0.0,0,0,0,0,0,0,0,0
TF,PO926,52.350611,16.632167,0, ,0.0,0.0,0.0,0.0,0,0,0,0,0,0,0,0
TF,PO927,52.403028,16.356917,0, ,0.0,0.0,0.0,0.0,0,0,0,0,0,0,0,0
TF,PO928,52.718222,15.913028,0, ,0.0,0.0,0.0,0.0,2,18000,0,0,0,0,0,0
TF,XERBI,53.032222,15.671111,0, ,0.0,0.0,0.0,0.0,0,0,0,0,0,0,0,0

SID,XIDN1B,28,5
CF,PO801,52.484722,16.494083,0,LAW,281.0,12.9,282.0,12.0,2,5400,0,1,240,0,0,0
TF,PO802,52.397306,16.449611,1, ,0.0,0.0,0.0,0.0,0,0,0,1,240,0,0,0
TF,PO803,52.367583,16.605417,0, ,0.0,0.0,0.0,0.0,2,10000,0,0,0,0,0,0
TF,PO804,52.337667,16.760972,0, ,0.0,0.0,0.0,0.0,0,0,0,0,0,0,0,0
TF,PO806,52.147139,16.663361,2, ,0.0,0.0,0.0,0.0,2,13000,0,0,0,0,0,0
TF,XIDNA,51.700000,16.997500,0, ,0.0,0.0,0.0,0.0,0,0,0,0,0,0,0,0

SID,XIDN1H,10,5
CF,PO921,52.357500,17.152111,0,LAW,102.1,12.5,102.0,12.0,2,5400,0,1,220,0,0,0
TF,PO922,52.259583,17.100861,0, ,0.0,0.0,0.0,0.0,0,0,0,1,220,0,0,0
TF,PO923,52.291056,16.940083,0, ,0.0,0.0,0.0,0.0,2,10000,0,0,0,0,0,0
TF,PO924,52.322361,16.778917,0, ,0.0,0.0,0.0,0.0,0,0,0,0,0,0,0,0
TF,PO941,52.139778,16.685306,0, ,0.0,0.0,0.0,0.0,0,0,0,0,0,0,0,0
TF,XIDNA,51.700000,16.997500,0, ,0.0,0.0,0.0,0.0,0,0,0,0,0,0,0,0

STAR,AKAP1M,28,5
IF,AKAPI,51.920000,16.472778, ,0.0,0.0,3,15000,0,1,250,0,0,0
TF,PO721,52.040778,16.743528,0, ,0.0,0.0,0.0,0.0,3,12000,0,1,250,0,0,0
TF,PO706,52.201722,16.917167,0, ,0.0,0.0,0.0,0.0,3,9000,0,1,250,0,0,0
TF,GOBSU,52.288889,17.011861,0, ,0.0,0.0,0.0,0.0,0,0,0,1,220,0,0,0
TF,OLBUV,52.250778,17.205806,0, ,0.0,0.0,0.0,0.0,1,8000,0,1,220,0,0,0
TF,REKRA,52.225194,17.334806,0, ,0.0,0.0,0.0,0.0,1,7000,0,1,210,0,0,0
TF,PO704,52.312278,17.380833,0, ,0.0,0.0,0.0,0.0,1,6000,0,1,210,0,0,0
TF,PO703,52.337889,17.251611,0, ,0.0,0.0,0.0,0.0,1,4500,0,1,210,0,0,0
TF,NUNBI,52.363389,17.122222,0, ,0.0,0.0,0.0,0.0,1,3000,0,1,210,0,0,0

STAR,AKAP1T,10,5
IF,AKAPI,51.920000,16.472778, ,0.0,0.0,3,13000,0,1,250,0,0,0
TF,PO661,52.010528,16.503722,0, ,0.0,0.0,0.0,0.0,2,10000,0,1,250,0,0,0
TF,PO631,52.265611,16.591556,0, ,0.0,0.0,0.0,0.0,3,9000,0,1,250,0,0,0
TF,ETABI,52.293833,16.443917,0, ,0.0,0.0,0.0,0.0,3,9000,0,1,220,0,0,0
TF,OKEKI,52.389194,16.492333,0, ,0.0,0.0,0.0,0.0,1,7000,0,1,210,0,0,0
TF,GUBNU,52.413833,16.362389,0, ,0.0,0.0,0.0,0.0,1,6000,0,1,210,0,0,0
TF,PO603,52.501278,16.406694,0, ,0.0,0.0,0.0,0.0,1,5000,0,1,210,0,0,0
TF,OBELI,52.476583,16.536861,0, ,0.0,0.0,0.0,0.0,1,3000,0,1,210,0,0,0

STAR,CMP1D,28,2
IF,CMP,52.133333,16.719167, ,0.0,0.0,0,0,0,0,0,0,0,0
AF,PO713,52.330000,17.291389,1,LAW,101.9,17.8,187.0,0,0,0,0,0,0,0,0
TF,NUNBI,52.363389,17.122222,0, ,0.0,0.0,0.0,0.0,0,0,0,0,0,0,0,0

STAR,DEKU1M,28,5
IF,DEKUT,53.116111,17.035278, ,0.0,0.0,3,17000,0,0,0,0,0,0
TF,PO742,52.738111,16.919167,0, ,0.0,0.0,0.0,0.0,0,0,0,1,250,0,0,0
TF,PO741,52.651417,16.976806,0, ,0.0,0.0,0.0,0.0,2,10000,0,1,250,0,0,0
TF,BANPI,52.466778,17.085083,0, ,0.0,0.0,0.0,0.0,1,7000,0,1,220,0,0,0
TF,RERMU,52.425000,17.297583,0, ,0.0,0.0,0.0,0.0,1,5000,0,1,210,0,0,0
TF,PO703,52.337889,17.251611,0, ,0.0,0.0,0.0,0.0,1,4500,0,1,210,0,0,0
TF,NUNBI,52.363389,17.122222,0, ,0.0,0.0,0.0,0.0,1,3000,0,1,210,0,0,0

STAR,DEKU1T,10,5
IF,DEKUT,53.116111,17.035278, ,0.0,0.0,3,17000,0,0,0,0,0,0
TF,PO651,53.067111,16.848472,0, ,0.0,0.0,0.0,0.0,0,0,0,1,250,0,0,0
TF,BAISA,52.651417,16.626528,0, ,0.0,0.0,0.0,0.0,1,10000,0,1,250,0,0,0
TF,NEPSU,52.563944,16.581583,0, ,0.0,0.0,0.0,0.0,1,8000,0,1,210,0,0,0
TF,DIDPU,52.588694,16.451194,0, ,0.0,0.0,0.0,0.0,1,7000,0,1,210,0,0,0
TF,PO603,52.501278,16.406694,0, ,0.0,0.0,0.0,0.0,1,5000,0,1,210,0,0,0
TF,OBELI,52.476583,16.536861,0, ,0.0,0.0,0.0,0.0,1,3000,0,1,210,0,0,0

STAR,DENK1M,28,5
IF,DENKO,52.816861,15.832500, ,0.0,0.0,3,17000,0,0,0,0,0,0
TF,PO743,52.779139,16.367583,0, ,0.0,0.0,0.0,0.0,0,0,0,0,0,0,0,0
TF,PO742,52.738111,16.919167,0, ,0.0,0.0,0.0,0.0,0,0,0,1,250,0,0,0
TF,PO741,52.651417,16.976806,0, ,0.0,0.0,0.0,0.0,2,10000,0,1,250,0,0,0
TF,BANPI,52.466778,17.085083,0, ,0.0,0.0,0.0,0.0,1,7000,0,1,220,0,0,0
TF,RERMU,52.425000,17.297583,0, ,0.0,0.0,0.0,0.0,1,5000,0,1,210,0,0,0
TF,PO703,52.337889,17.251611,0, ,0.0,0.0,0.0,0.0,1,4500,0,1,210,0,0,0
TF,NUNBI,52.363389,17.122222,0, ,0.0,0.0,0.0,0.0,1,3000,0,1,210,0,0,0

STAR,DENK1T,10,5
IF,DENKO,52.816861,15.832500, ,0.0,0.0,3,17000,0,1,250,0,0,0
TF,BAISA,52.651417,16.626528,0, ,0.0,0.0,0.0,0.0,1,10000,0,1,220,0,0,0
TF,NEPSU,52.563944,16.581583,0, ,0.0,0.0,0.0,0.0,1,8000,0,1,210,0,0,0
TF,DIDPU,52.588694,16.451194,0, ,0.0,0.0,0.0,0.0,1,7000,0,1,210,0,0,0
TF,PO603,52.501278,16.406694,0, ,0.0,0.0,0.0,0.0,1,5000,0,1,210,0,0,0
TF,OBELI,52.476583,16.536861,0, ,0.0,0.0,0.0,0.0,1,3000,0,1,210,0,0,0

STAR,KELO1M,28,5
IF,KELOD,52.233889,15.883333, ,0.0,0.0,3,17000,0,0,0,0,0,0
TF,PO707,52.271500,16.556389,0, ,0.0,0.0,0.0,0.0,3,9000,0,1,250,0,0,0
TF,PO706,52.201722,16.917167,0, ,0.0,0.0,0.0,0.0,3,9000,0,1,250,0,0,0
TF,GOBSU,52.288889,17.011861,0, ,0.0,0.0,0.0,0.0,0,0,0,1,220,0,0,0
TF,OLBUV,52.250778,17.205806,0, ,0.0,0.0,0.0,0.0,1,8000,0,1,220,0,0,0
TF,REKRA,52.225194,17.334806,0, ,0.0,0.0,0.0,0.0,1,7000,0,1,210,0,0,0
TF,PO704,52.312278,17.380833,0, ,0.0,0.0,0.0,0.0,1,6000,0,1,210,0,0,0
TF,PO703,52.337889,17.251611,0, ,0.0,0.0,0.0,0.0,1,4500,0,1,210,0,0,0
TF,NUNBI,52.363389,17.122222,0, ,0.0,0.0,0.0,0.0,1,3000,0,1,210,0,0,0

STAR,KELO1T,10,5
IF,KELOD,52.233889,15.883333, ,0.0,0.0,3,13000,0,1,250,0,0,0
TF,PO641,52.342306,16.187389,0, ,0.0,0.0,0.0,0.0,2,10000,0,1,250,0,0,0
TF,ETABI,52.293833,16.443917,0, ,0.0,0.0,0.0,0.0,3,9000,0,1,220,0,0,0
TF,OKEKI,52.389194,16.492333,0, ,0.0,0.0,0.0,0.0,1,7000,0,1,210,0,0,0
TF,GUBNU,52.413833,16.362389,0, ,0.0,0.0,0.0,0.0,1,6000,0,1,210,0,0,0
TF,PO603,52.501278,16.406694,0, ,0.0,0.0,0.0,0.0,1,5000,0,1,210,0,0,0
TF,OBELI,52.476583,16.536861,0, ,0.0,0.0,0.0,0.0,1,3000,0,1,210,0,0,0

STAR,MASI1M,28,5
IF,MASIV,52.012472,17.856639, ,0.0,0.0,3,15000,0,1,250,0,0,0
TF,PO732,52.074583,17.555917,0, ,0.0,0.0,0.0,0.0,2,10000,0,1,250,0,0,0
TF,PO731,52.155694,17.156028,0, ,0.0,0.0,0.0,0.0,3,9000,0,1,220,0,0,0
TF,OLBUV,52.250778,17.205806,0, ,0.0,0.0,0.0,0.0,1,8000,0,1,210,0,0,0
TF,REKRA,52.225194,17.334806,0, ,0.0,0.0,0.0,0.0,1,7000,0,1,210,0,0,0
TF,PO704,52.312278,17.380833,0, ,0.0,0.0,0.0,0.0,1,6000,0,1,210,0,0,0
TF,PO703,52.337889,17.251611,0, ,0.0,0.0,0.0,0.0,1,4500,0,1,210,0,0,0
TF,NUNBI,52.363389,17.122222,0, ,0.0,0.0,0.0,0.0,1,3000,0,1,210,0,0,0

STAR,MASI1T,10,5
IF,MASIV,52.012472,17.856639, ,0.0,0.0,3,17000,0,0,0,0,0,0
TF,PO633,52.074861,17.555917,0, ,0.0,0.0,0.0,0.0,2,10000,0,0,0,0,0,0
TF,PO632,52.210333,16.875861,0, ,0.0,0.0,0.0,0.0,3,9000,0,1,250,0,0,0
TF,PO631,52.265611,16.591556,0, ,0.0,0.0,0.0,0.0,3,9000,0,1,250,0,0,0
TF,ETABI,52.293833,16.443917,0, ,0.0,0.0,0.0,0.0,3,9000,0,1,220,0,0,0
TF,OKEKI,52.389194,16.492333,0, ,0.0,0.0,0.0,0.0,1,7000,0,1,210,0,0,0
TF,GUBNU,52.413833,16.362389,0, ,0.0,0.0,0.0,0.0,1,6000,0,1,210,0,0,0
TF,PO603,52.501278,16.406694,0, ,0.0,0.0,0.0,0.0,1,5000,0,1,210,0,0,0
TF,OBELI,52.476583,16.536861,0, ,0.0,0.0,0.0,0.0,1,3000,0,1,210,0,0,0

STAR,NILP1M,28,5
IF,NILPU,51.952778,17.175000, ,0.0,0.0,3,13000,0,1,250,0,0,0
TF,PO731,52.155694,17.156028,0, ,0.0,0.0,0.0,0.0,3,9000,0,1,220,0,0,0
TF,OLBUV,52.250778,17.205806,0, ,0.0,0.0,0.0,0.0,1,8000,0,1,210,0,0,0
TF,REKRA,52.225194,17.334806,0, ,0.0,0.0,0.0,0.0,1,7000,0,1,210,0,0,0
TF,PO704,52.312278,17.380833,0, ,0.0,0.0,0.0,0.0,1,6000,0,1,210,0,0,0
TF,PO703,52.337889,17.251611,0, ,0.0,0.0,0.0,0.0,1,4500,0,1,210,0,0,0
TF,NUNBI,52.363389,17.122222,0, ,0.0,0.0,0.0,0.0,1,3000,0,1,210,0,0,0

STAR,NILP1T,10,5
IF,NILPU,51.952778,17.175000, ,0.0,0.0,3,17000,0,0,0,0,0,0
TF,PO632,52.210333,16.875861,0, ,0.0,0.0,0.0,0.0,3,9000,0,1,250,0,0,0
TF,PO631,52.265611,16.591556,0, ,0.0,0.0,0.0,0.0,3,9000,0,1,250,0,0,0
TF,ETABI,52.293833,16.443917,0, ,0.0,0.0,0.0,0.0,3,9000,0,1,220,0,0,0
TF,OKEKI,52.389194,16.492333,0, ,0.0,0.0,0.0,0.0,1,7000,0,1,210,0,0,0
TF,GUBNU,52.413833,16.362389,0, ,0.0,0.0,0.0,0.0,1,6000,0,1,210,0,0,0
TF,PO603,52.501278,16.406694,0, ,0.0,0.0,0.0,0.0,1,5000,0,1,210,0,0,0
TF,OBELI,52.476583,16.536861,0, ,0.0,0.0,0.0,0.0,1,3000,0,1,210,0,0,0

APPTR,D10,10,PO411
IF,PO411,52.483667,16.404472, ,0.0,0.0,2,4000,0,0,0,0,1,0
CF,PO412,52.464722,16.537194,0,LAW,277.4,11.1,97.0,5.0,2,3000,0,0,0,0,1,0

FINAL,D10,10,D,3
IF,PO412,52.464722,16.537194,LAW,277.4,11.1,2,3000,0,0,0,0,0,0
CF,PO413,52.445667,16.669778,0,LAW,277.4,6.1,97.0,5.0,2,2000,0,0,0,0,2,0
CF,MD10,52.425833,16.806389,0,LAW,277.4,0.9,97.0,5.2,1,359,0,0,0,0,3,0
CF,PO414,52.375556,17.147583,0,LAW,97.4,12.0,97.0,12.9,0,0,0,0,0,0,0,1
CI,2, ,0.0,255.0,0,0,0,0,0,0,0,0
CF,PO632,52.210333,16.875861,0,CMP,46.3,7.4,225.0,10.0,0,0,0,1,220,0,0,0
CF,CMP,52.133333,16.719167,0,CMP,0.0,0.0,225.0,7.4,1,4000,0,0,0,0,0,0

APPTR,D28,28,PO481
IF,PO481,52.302472,17.284389, ,0.0,0.0,2,4000,0,0,0,0,1,0
CF,PO482,52.335583,17.159806,0,LAW,107.2,13.2,287.0,5.0,2,3500,0,0,0,0,1,0

FINAL,D28,28,D,4
IF,PO482,52.335583,17.159806,LAW,107.2,13.2,2,3500,0,0,0,0,0,0
CF,PO483,52.368583,17.035028,0,LAW,107.1,8.2,287.0,5.0,2,2800,0,0,0,0,2,0
CF,PO484,52.405972,16.892833,0,LAW,107.1,2.5,287.0,5.7,2,988,0,0,0,0,0,0
CF,MD28,52.419333,16.841806,0,LAW,107.1,0.5,287.0,2.0,1,339,0,0,0,0,3,0
CF,PO486,52.487528,16.579472,0,LAW,287.2,10.0,287.0,10.5,0,0,0,0,0,0,0,1
CI,1, ,0.0,168.0,0,0,0,0,0,0,0,0
CF,PO707,52.271500,16.556389,0,CMP,319.2,10.3,138.0,3.0,0,0,0,1,220,0,0,0
CF,CMP,52.133333,16.719167,0,CMP,0.0,0.0,138.0,10.2,1,4000,0,0,0,0,0,0

APPTR,I28-Y,28,NUNBI
IF,NUNBI,52.363389,17.122222, ,0.0,0.0,2,3000,0,0,0,0,1,0
CF,PO702,52.369056,17.093333,0,POZ,101.5,11.3,282.0,1.1,2,3000,0,0,0,0,0,0

FINAL,I28-Y,28,I,3
IF,PO702,52.369056,17.093333,POZ,101.5,11.3,2,3000,0,0,0,0,0,0
CF,PO701,52.379194,17.041528,0,POZ,101.5,9.3,282.0,2.0,1,2800,0,0,0,0,2,0
CF,RW28,52.418175,16.841094,0,POZ,101.5,1.5,282.0,7.7,1,339,0,0,0,0,3,0
CF,PO711,52.478111,16.529278,0,LAW,281.0,11.5,282.0,12.0,0,0,0,0,0,0,0,1
CI,1, ,0.0,168.0,0,0,0,0,0,0,0,0
CF,PO707,52.271500,16.556389,0,CMP,319.2,10.3,138.0,6.0,0,0,0,1,220,0,0,0
CF,CMP,52.133333,16.719167,0,CMP,0.0,0.0,138.0,10.3,1,4000,0,0,0,0,0,0

FINAL,I28-Z,28,I,3
IF,NUNBI,52.363389,17.122222,POZ,101.5,12.4,2,3000,0,0,0,0,0,0
CF,PO701,52.379194,17.041528,0,POZ,101.5,9.3,282.0,3.1,1,2800,0,0,0,0,2,0
CF,RW28,52.418175,16.841094,0,POZ,101.5,1.5,282.0,7.7,1,339,0,0,0,0,3,0
CF,PO711,52.478111,16.529278,0,LAW,281.0,11.5,282.0,12.0,0,0,0,1,220,0,0,0
TF,PO712,52.368944,16.470750,0, ,0.0,0.0,0.0,0.0,0,0,0,1,220,0,0,0
TF,PO707,52.271500,16.556389,0, ,0.0,0.0,0.0,0.0,2,4000,0,0,0,0,0,0

APPTR,L28-Y,28,NUNBI
IF,NUNBI,52.363389,17.122222, ,0.0,0.0,2,3000,0,0,0,0,1,0
CF,PO702,52.369056,17.093333,0,POZ,101.5,11.3,282.0,1.1,2,3000,0,0,0,0,0,0

FINAL,L28-Y,28,D,4
IF,PO702,52.369056,17.093333,POZ,101.5,11.3,2,3000,0,0,0,0,0,0
CF,PO701,52.379194,17.041528,0,POZ,101.5,9.3,282.0,2.0,2,2800,0,0,0,0,2,0
CF,PO699,52.406611,16.900778,0,POZ,101.5,3.8,282.0,5.4,2,1071,0,0,0,0,0,0
CF,ML28,52.414361,16.860806,0,POZ,101.5,2.3,282.0,1.5,1,581,0,0,0,0,3,0
CF,PO711,52.478111,16.529278,0,LAW,281.0,11.5,282.0,12.8,0,0,0,0,0,0,0,1
CI,1, ,0.0,168.0,0,0,0,0,0,0,0,0
CF,PO707,52.271500,16.556389,0,CMP,319.2,10.3,138.0,6.0,0,0,0,1,220,0,0,0
CF,CMP,52.133333,16.719167,0,CMP,0.0,0.0,138.0,10.3,1,4000,0,0,0,0,0,0

APPTR,R10,10,OBELI
IF,OBELI,52.476583,16.536861, ,0.0,0.0,2,3000,0,0,0,0,1,0
TF,PO602,52.460694,16.620111,0, ,0.0,0.0,0.0,0.0,0,0,0,0,0,0,0,0
TF,PO601,52.450722,16.672083,0, ,0.0,0.0,0.0,0.0,2,2000,0,0,0,0,0,0

FINAL,R10,10,R,2
IF,PO601,52.450722,16.672083, ,0.0,0.0,2,2000,0,0,0,0,2,0
TF,RW10,52.424958,16.806006,0, ,0.0,0.0,101.0,5.2,1,359,0,0,0,0,3,1
CF,PO611,52.344472,17.219583,0,LAW,102.0,15.1,101.0,16.0,0,0,0,1,220,0,0,0
TF,PO612,52.235556,17.162444,2, ,0.0,0.0,0.0,0.0,0,0,0,1,220,0,0,0
TF,PO632,52.210333,16.875861,0, ,0.0,0.0,0.0,0.0,2,4000,0,1,220,0,0,0

APPTR,R28,28,NUNBI
IF,NUNBI,52.363389,17.122222, ,0.0,0.0,2,3000,0,0,0,0,1,0
TF,PO702,52.369056,17.093333,0, ,0.0,0.0,0.0,0.0,0,0,0,0,0,0,0,0
TF,PO701,52.379194,17.041528,0, ,0.0,0.0,0.0,0.0,2,2800,0,0,0,0,0,0

FINAL,R28,28,R,2
IF,PO701,52.379194,17.041528, ,0.0,0.0,2,2800,0,0,0,0,2,0
TF,RW28,52.418175,16.841094,0, ,0.0,0.0,282.0,7.7,1,339,0,0,0,0,3,1
CF,PO711,52.478111,16.529278,0,LAW,281.0,11.5,282.0,12.0,0,0,0,1,220,0,0,0
TF,PO712,52.368944,16.470750,0, ,0.0,0.0,0.0,0.0,0,0,0,1,220,0,0,0
TF,PO707,52.271500,16.556389,0, ,0.0,0.0,0.0,0.0,2,4000,0,1,220,0,0,0

