APPTR,I30,30,D342J
IF,D342J,66.910031,21.248986, ,0.0,0.0,0,0,0,0,0,0,1,0
CF,D109J,67.051600,21.202961,0,NAT,343.3,18.6,342.0,8.6,2,2900,0,1,200,0,1,0
CF,CL30,67.067319,21.127972,0,NG,108.9,8.9,289.0,2.0,2,2900,0,0,0,0,0,0

FINAL,I30,30,I,3
IF,CL30,67.067319,21.127972,NG,108.9,8.9,2,2900,0,0,0,0,0,0
CF,FF30,67.083003,21.052889,0,NG,108.9,6.9,289.0,2.0,1,2900,0,0,0,0,2,0
CF,RW30,67.128803,20.832083,0,NG,108.9,1.0,289.0,5.9,1,1020,0,0,0,0,3,0
CA,0,289.0,2,2500,0,0,0,0,0,0
DF,OG,67.103944,20.951944,2, ,0.0,0.0,1,3400,0,0,0,0,0,0

APPTR,N30,30,OG1
IF,OG,67.103944,20.951944, ,0.0,0.0,0,0,0,0,0,0,1,0
HF,OG,67.103944,20.951944,2, ,0.0,0.0,289.0,04.3,2,2900,0,1,220,0,0,0,0

APPTR,N30,30,OG2
IF,OG,67.103944,20.951944, ,0.0,0.0,0,0,0,0,0,0,1,0
HF,OG,67.103944,20.951944,2, ,0.0,0.0,289.0,04.3,2,2900,0,1,220,0,0,0,0

FINAL,N30,30,N,2
IF,OG,67.103944,20.951944,OG,0.0,0.0,2,2110,0,0,0,0,2,0
CF,RW30,67.128803,20.832083,0,OG,0.0,0.0,289.0,3.2,1,1020,0,0,0,0,3,0
CA,0,289.0,2,2500,0,0,0,0,0,0
DF,OG,67.103944,20.951944,2, ,0.0,0.0,1,3400,0,0,0,0,0,0

APPTR,Q12,12,TG1
FD,TG,67.146278,20.743750,0,NG,0.0,9.0,311.0,9.0,2,3300,0,1,200,0,1,0
CF,FQ12,67.179786,20.566258,1,NAT,318.0,31.6,107.0,2.0,2,3300,0,0,0,0,0,0

APPTR,Q12,12,TG2
FD,TG,67.146278,20.743750,0,NG,0.0,9.0,301.0,9.0,2,3300,0,1,200,0,1,0
CF,FQ12,67.179786,20.566258,1,NAT,318.0,31.6,107.0,2.0,2,3300,0,0,0,0,0,0

APPTR,Q12,12,TG3
FD,TG,67.146278,20.743750,0,NG,0.0,9.0,298.0,9.0,2,3300,0,1,200,0,1,0
CF,FQ12,67.179786,20.566258,1,NAT,318.0,31.6,107.0,2.0,2,3300,0,0,0,0,0,0

FINAL,Q12,12,N,3
IF,FQ12,67.179786,20.566258,TG,0.0,0.0,2,3300,0,0,0,0,2,0
CF,44DME,67.162389,20.658606,0,TG,0.0,0.0,107.0,2.4,2,2400,0,0,0,0,0,0
CF,TG,67.146278,20.743750,0,NG,0.0,2.2,107.0,2.2,1,1596,0,0,0,0,3,0
FD,TG,67.146278,20.743750,0,NG,0.0,3.0,107.0,3.0,0,0,0,0,0,0,0,0
DF,TG,67.146278,20.743750,1, ,0.0,0.0,1,4000,0,0,0,0,0,0

APPTR,R12,12,NG853
IF,NG853,67.236417,20.304806, ,0.0,0.0,2,4100,0,0,0,0,1,0
TF,NG850,67.213389,20.418806,0, ,0.0,0.0,0.0,0.0,2,3300,0,0,0,0,1,0

APPTR,R12,12,NG854
IF,NG854,67.154500,20.339611, ,0.0,0.0,2,4000,0,1,215,0,1,0
TF,NG850,67.213389,20.418806,0, ,0.0,0.0,0.0,0.0,2,3300,0,1,200,0,1,0

APPTR,R12,12,NG855
IF,NG855,67.272222,20.498361, ,0.0,0.0,2,4000,0,1,215,0,1,0
TF,NG850,67.213389,20.418806,0, ,0.0,0.0,0.0,0.0,2,3300,0,1,200,0,1,0

FINAL,R12,12,R,3
IF,NG850,67.213389,20.418806, ,0.0,0.0,2,3300,0,0,0,0,0,0
TF,NG851,67.174806,20.608306,0, ,0.0,0.0,109.0,5.0,1,2670,0,0,0,0,2,0
TF,RW12,67.136008,20.797183,0, ,0.0,0.0,109.0,5.0,1,1077,0,0,0,0,3,1
TF,XEBIB,67.050472,21.207833,0, ,0.0,0.0,0.0,0.0,0,0,0,0,0,0,0,1
HM,XEBIB,67.050472,21.207833,2, ,0.0,0.0,289.0,04.3,2,3100,0,1,210,0,0,0,0

APPTR,R30,30,NG551
IF,NG551,67.026778,21.320083, ,0.0,0.0,2,3200,0,0,0,0,1,0
TF,XEBIB,67.050472,21.207833,0, ,0.0,0.0,0.0,0.0,2,3100,0,0,0,0,1,0

APPTR,R30,30,NG552
IF,NG552,67.108917,21.288778, ,0.0,0.0,2,4000,0,1,215,0,1,0
TF,XEBIB,67.050472,21.207833,0, ,0.0,0.0,0.0,0.0,2,3100,0,1,200,0,1,0

APPTR,R30,30,NG553
IF,NG553,66.991972,21.127306, ,0.0,0.0,2,4000,0,1,215,0,1,0
TF,XEBIB,67.050472,21.207833,0, ,0.0,0.0,0.0,0.0,2,3100,0,1,200,0,1,0

FINAL,R30,30,R,3
IF,XEBIB,67.050472,21.207833, ,0.0,0.0,2,3100,0,0,0,0,0,0
TF,NG550,67.089750,21.020250,0, ,0.0,0.0,289.0,5.0,1,2620,0,0,0,0,2,0
TF,RW30,67.128803,20.832083,0, ,0.0,0.0,289.0,5.0,1,1021,0,0,0,0,3,1
TF,NG852,67.181556,20.575194,0, ,0.0,0.0,0.0,0.0,0,0,0,0,0,0,0,1
DF,XEBIB,67.050472,21.207833,2, ,0.0,0.0,2,3100,0,1,200,0,0,1
HM,XEBIB,67.050472,21.207833,2, ,0.0,0.0,289.0,04.3,2,3100,0,1,210,0,0,0,0

