APPTR,D12,12,D181N
IF,D181N,63.176283,18.913025, ,0.0,0.0,0,0,0,0,0,0,0,0
TF,D181L,63.209111,18.924450,0, ,0.0,0.0,0.0,0.0,0,0,0,0,0,0,1,0
AF,D226L,63.288411,18.635192,2,OSK,226.0,12.0,181.0,2,5000,0,0,0,0,0,0
AF,D284L,63.480144,18.580100,2,OSK,284.0,12.0,226.0,2,2900,0,0,0,0,0,0
AF,CD12,63.514153,18.619125,2,OSK,295.0,12.0,284.0,2,2900,0,1,220,0,1,0

FINAL,D12,12,D,5
IF,CD12,63.514153,18.619125,OSK,295.0,12.0,2,2900,0,0,0,0,0,0
CF,FD12,63.478231,18.744250,0,OSK,295.0,8.0,115.0,4.0,2,2900,0,0,0,0,2,0
CF,35VOR,63.437683,18.884639,0,OSK,295.0,3.5,115.0,4.5,2,1350,0,0,0,0,0,0
CF,25VOR,63.428656,18.915781,0,OSK,295.0,2.5,115.0,1.0,2,1010,0,0,0,0,0,0
CF,RW12,63.413989,18.971056,0,OSK,300.2,0.8,115.0,1.7,1,404,0,0,0,0,3,0
CF,OSK,63.406056,18.993556,0,OSK,0.0,0.0,115.0,0.8,2,760,0,0,0,0,0,1
CA,0,115.0,2,2000,0,0,0,0,0,0
CF,D293D,63.440228,18.866322,2,OSK,293.0,4.0,293.0,4.0,1,2900,0,0,0,0,0,0
HM,D293D,63.440228,18.866322,2, ,0.0,0.0,113.0,04.3,2,2900,0,0,0,0,0,0,0

FINAL,I12-Y,12,I,3
IF,CI12,63.511239,18.615131,NO,293.6,12.4,2,2900,0,0,0,0,0,0
CF,FI12,63.476872,18.741550,0,NO,293.6,8.4,113.0,4.0,1,2900,0,0,0,0,2,0
CF,RW12,63.413989,18.971056,0,NO,293.6,1.2,113.0,7.2,1,404,0,0,0,0,3,0
CA,0,113.0,2,2000,0,0,0,0,0,0
DF,OD,63.437028,18.887194,2, ,0.0,0.0,2,2900,0,0,0,0,0,0
HM,OD,63.437028,18.887194,2, ,0.0,0.0,113.0,04.3,2,2900,0,1,210,0,0,0,0

APPTR,I12-Z,12,D181N
IF,D181N,63.176283,18.913025, ,0.0,0.0,0,0,0,0,0,0,0,0
TF,D181L,63.209111,18.924450,0, ,0.0,0.0,0.0,0.0,0,0,0,0,0,0,1,0
AF,D226L,63.288411,18.635192,2,OSK,226.0,12.0,181.0,2,5000,0,0,0,0,0,0
AF,D284L,63.480144,18.580100,2,OSK,284.0,12.0,226.0,2,2900,0,0,0,0,0,0
VI,0,NO,0.0,83.0,2,2900,0,1,220,0,0,0

FINAL,I12-Z,12,I,3
IF,CI12,63.511239,18.615131,NO,293.6,12.4,2,2900,0,0,0,0,0,0
CF,FI12,63.476872,18.741550,0,NO,293.6,8.4,113.0,4.0,1,2900,0,0,0,0,2,0
CF,RW12,63.413989,18.971056,0,NO,293.6,1.2,113.0,7.2,1,404,0,0,0,0,3,0
CA,0,113.0,2,2000,0,0,0,0,0,0
CF,D293D,63.440228,18.866322,2,OSK,293.0,4.0,293.0,4.0,1,2900,0,0,0,0,0,0
HM,D293D,63.440228,18.866322,2, ,0.0,0.0,113.0,04.3,2,2900,0,1,210,0,0,0,0

APPTR,N30,30,OO1
HF,OO,63.370472,19.132389,2, ,0.0,0.0,293.0,04.3,2,2200,0,0,0,0,0,0,0

APPTR,N30,30,OO2
HF,OO,63.370472,19.132389,2, ,0.0,0.0,293.0,04.3,2,2200,0,0,0,0,0,0,0

FINAL,N30,30,N,2
IF,OO,63.370472,19.132389,OO,0.0,0.0,2,1650,0,0,0,0,2,0
CF,RW30,63.404514,19.005411,0,OO,0.0,0.0,293.0,4.0,1,382,0,0,0,0,3,0
CA,0,293.0,2,2000,0,0,0,0,0,0
DF,OO,63.370472,19.132389,2, ,0.0,0.0,1,2200,0,1,210,0,0,0

APPTR,R12,12,NO852
IF,NO852,63.440278,18.518778, ,0.0,0.0,2,3000,0,0,0,0,1,0
TF,NO851,63.511333,18.615083,0, ,0.0,0.0,0.0,0.0,2,2900,0,1,210,0,1,0

APPTR,R12,12,NO853
IF,NO853,63.537167,18.519611, ,0.0,0.0,2,3100,0,0,0,0,1,0
TF,NO851,63.511333,18.615083,0, ,0.0,0.0,0.0,0.0,2,2900,0,0,0,0,1,0

APPTR,R12,12,NO854
IF,NO854,63.582278,18.711889, ,0.0,0.0,2,3000,0,0,0,0,1,0
TF,NO851,63.511333,18.615083,0, ,0.0,0.0,0.0,0.0,2,2900,0,1,210,0,1,0

FINAL,R12,12,R,3
IF,NO851,63.511333,18.615083, ,0.0,0.0,2,2900,0,0,0,0,0,0
TF,NO850,63.476778,18.742111,0, ,0.0,0.0,112.0,4.0,2,2900,0,0,0,0,2,0
TF,RW12,63.413989,18.971056,0, ,0.0,0.0,112.0,7.2,1,404,0,0,0,0,3,1
TF,NO576,63.354639,19.185389,0, ,0.0,0.0,0.0,0.0,0,0,0,0,0,0,0,1
DF,USLOM,63.366667,18.788778,2, ,0.0,0.0,2,2900,0,0,0,0,0,1
HM,USLOM,63.366667,18.788778,2, ,0.0,0.0,293.0,04.3,2,2900,0,0,0,0,0,0,0

APPTR,R30,30,NO578
IF,NO578,63.240250,19.244972, ,0.0,0.0,2,3000,0,0,0,0,1,0
TF,NO577,63.310806,19.342389,0, ,0.0,0.0,0.0,0.0,2,2200,0,1,210,0,1,0

APPTR,R30,30,NO579
IF,NO579,63.284417,19.436389, ,0.0,0.0,2,3000,0,0,0,0,1,0
TF,NO577,63.310806,19.342389,0, ,0.0,0.0,0.0,0.0,2,2200,0,0,0,0,1,0

APPTR,R30,30,NO580
IF,NO580,63.381278,19.440306, ,0.0,0.0,2,3000,0,0,0,0,1,0
TF,NO577,63.310806,19.342389,0, ,0.0,0.0,0.0,0.0,2,2200,0,1,210,0,1,0

FINAL,R30,30,R,3
IF,NO577,63.310806,19.342389, ,0.0,0.0,2,2200,0,0,0,0,0,0
TF,NO576,63.354639,19.185389,0, ,0.0,0.0,294.0,5.0,1,2200,0,0,0,0,2,0
TF,RW30,63.404514,19.005411,0, ,0.0,0.0,294.0,5.7,1,382,0,0,0,0,3,1
CF,NO855,63.461250,18.800222,0,OSK,294.6,6.2,294.0,6.5,0,0,0,1,210,0,0,1
DF,NO856,63.601528,18.849778,2, ,0.0,0.0,0,0,0,0,0,0,0,0
TF,GODVU,63.523556,19.145694,2, ,0.0,0.0,0.0,0.0,2,5000,0,0,0,0,0,1
HM,GODVU,63.523556,19.145694,1, ,0.0,0.0,114.0,04.3,2,5000,0,1,210,0,0,0,0

APPTR,S30,30,D181L
IF,D181L,63.209111,18.924450, ,0.0,0.0,0,0,0,0,0,0,0,0
TF,D181J,63.241939,18.935903,0, ,0.0,0.0,0.0,0.0,0,0,0,0,0,0,1,0
AF,CD30,63.325136,19.316817,1,OSK,111.0,10.0,181.0,2,2200,0,0,0,0,1,0

FINAL,S30,30,D,3
IF,CD30,63.325136,19.316817,OSK,111.0,10.0,2,2200,0,0,0,0,0,0
CF,FD30,63.356781,19.190961,0,OSK,111.0,6.1,291.0,3.9,2,2200,0,0,0,0,2,0
CF,RW30,63.404514,19.005411,0,OSK,98.2,0.3,291.0,5.8,1,382,0,0,0,0,3,0
CF,OSK,63.406056,18.993556,0,OSK,0.0,0.0,291.0,0.3,2,760,0,0,0,0,0,0
CA,0,291.0,2,2000,0,0,0,0,0,0
CF,D111D,63.375822,19.125514,2,OSK,109.0,4.0,111.0,4.0,1,2200,0,1,220,0,0,0
HM,D111D,63.375822,19.125514,2, ,0.0,0.0,291.0,04.3,2,2200,0,1,230,0,0,0,0

