APPTR,D10,10,SOPLI
IF,SOPLI,64.234306,20.740500, ,0.0,0.0,0,0,0,0,0,0,0,0
TF,D192M,64.426342,20.892239,0, ,0.0,0.0,0.0,0.0,0,0,0,0,0,0,1,0
AF,D217M,64.478956,20.713281,2,SKA,217.0,13.0,192.0,2,5000,0,0,0,0,0,0
AF,CD10,64.670772,20.586269,2,SKA,272.0,13.0,217.0,2,2500,0,0,0,0,1,0

FINAL,D10,10,D,4
IF,CD10,64.670772,20.586269,SKA,272.0,13.0,2,2500,0,0,0,0,0,0
CF,FD10,64.653336,20.783719,0,SKA,272.0,7.8,92.0,5.2,2,2500,0,0,0,0,2,0
CF,40VOR,64.640431,20.927850,0,SKA,272.0,4.0,92.0,3.8,2,1290,0,0,0,0,0,0
CF,RW10,64.627408,21.055786,0,SKA,264.0,0.6,92.0,3.4,1,208,0,0,0,0,3,0
CF,SKA,64.626694,21.079417,0,SKA,0.0,0.0,92.0,0.6,0,0,0,0,0,0,0,1
FA,SKA,64.626694,21.079417,0,SKA,0.0,0.0,92.0,2,1500,0,0,0,0,0,0
DF,SKA,64.626694,21.079417,2, ,0.0,0.0,1,2500,0,0,0,0,0,0

APPTR,D28,28,SOPLI
IF,SOPLI,64.234306,20.740500, ,0.0,0.0,0,0,0,0,0,0,0,0
TF,D192M,64.426342,20.892239,0, ,0.0,0.0,0.0,0.0,0,0,0,0,0,0,1,0
AF,D154M,64.419036,21.217106,1,SKA,154.0,13.0,192.0,2,5000,0,0,0,0,0,0
AF,CD28,64.552078,21.551111,1,SKA,100.0,13.0,154.0,2,2500,0,0,0,0,1,0

FINAL,D28,28,D,4
IF,CD28,64.552078,21.551111,SKA,100.0,13.0,2,2500,0,0,0,0,0,0
CF,FD28,64.580378,21.373622,0,SKA,100.0,8.1,280.0,4.9,2,2500,0,0,0,0,2,0
CF,40VO2,64.603894,21.224828,0,SKA,100.0,4.0,280.0,4.1,2,1210,0,0,0,0,0,0
CF,RW28,64.621081,21.106358,0,SKA,105.9,0.8,280.0,3.2,1,175,0,0,0,0,3,0
CF,SKA,64.626694,21.079417,0,SKA,0.0,0.0,280.0,0.8,0,0,0,0,0,0,0,1
FA,SKA,64.626694,21.079417,0,SKA,0.0,0.0,280.0,2,1500,0,0,0,0,0,0
DF,SKA,64.626694,21.079417,1, ,0.0,0.0,1,2500,0,0,0,0,0,0

APPTR,I28,28,SOPLI
IF,SOPLI,64.234306,20.740500, ,0.0,0.0,0,0,0,0,0,0,0,0
TF,D192M,64.426342,20.892239,0, ,0.0,0.0,0.0,0.0,0,0,0,0,0,0,1,0
AF,D154M,64.419036,21.217106,1,SKA,154.0,13.0,192.0,2,5000,0,0,0,0,0,0
AF,D096M,64.563383,21.560142,1,SKA,96.8,13.0,154.0,2,2500,0,0,0,0,1,0
CF,CF28,64.577183,21.452783,0,NS,96.2,10.8,276.0,2.9,2,2500,0,0,0,0,0,0

FINAL,I28,28,I,3
IF,CF28,64.577183,21.452783,NS,96.2,10.8,2,2500,0,0,0,0,0,0
CF,FF28,64.586653,21.378681,0,NS,96.2,8.8,276.0,2.0,1,2500,0,0,0,0,2,0
CF,RW28,64.621081,21.106358,0,NS,96.2,1.5,276.0,7.3,1,175,0,0,0,0,3,0
CA,0,276.0,2,1500,0,0,0,0,0,0
DF,SKA,64.626694,21.079417,1, ,0.0,0.0,1,2500,0,0,0,0,0,0

APPTR,R10,10,BALEX
IF,BALEX,64.763278,20.654306, ,0.0,0.0,2,2800,0,0,0,0,1,0
TF,NS850,64.683361,20.601278,0, ,0.0,0.0,0.0,0.0,2,2500,0,1,210,0,1,0

APPTR,R10,10,ENOVI
IF,ENOVI,64.603417,20.548611, ,0.0,0.0,2,2900,0,0,0,0,1,0
TF,NS850,64.683361,20.601278,0, ,0.0,0.0,0.0,0.0,2,2500,0,1,210,0,1,0

APPTR,R10,10,ULGOT
IF,ULGOT,64.695528,20.500444, ,0.0,0.0,2,2900,0,1,240,0,1,0
TF,NS850,64.683361,20.601278,0, ,0.0,0.0,0.0,0.0,2,2500,0,0,0,0,1,0

FINAL,R10,10,R,3
IF,NS850,64.683361,20.601278, ,0.0,0.0,2,2500,0,0,0,0,0,0
TF,NS851,64.660611,20.787889,0, ,0.0,0.0,96.0,5.0,1,2500,0,0,0,0,2,0
TF,RW10,64.627408,21.055786,0, ,0.0,0.0,96.0,7.2,1,208,0,0,0,0,3,1
TF,NS550,64.598806,21.287278,0, ,0.0,0.0,0.0,0.0,0,0,0,0,0,0,0,1
DF,VENDA,64.537361,21.017778,2, ,0.0,0.0,2,2500,0,1,210,0,0,1
HM,VENDA,64.537361,21.017778,2, ,0.0,0.0,96.0,04.3,2,2500,0,0,0,0,0,0,0

APPTR,R28,28,GATVI
IF,GATVI,64.642944,21.615639, ,0.0,0.0,2,2800,0,0,0,0,1,0
TF,LUVIX,64.563389,21.559972,0, ,0.0,0.0,0.0,0.0,2,2500,0,1,210,0,1,0

APPTR,R28,28,INDAK
IF,INDAK,64.549028,21.670917, ,0.0,0.0,2,2500,0,0,0,0,1,0
TF,LUVIX,64.563389,21.559972,0, ,0.0,0.0,0.0,0.0,2,2500,0,0,0,0,1,0

APPTR,R28,28,MOKMO
IF,MOKMO,64.483833,21.504639, ,0.0,0.0,2,2800,0,0,0,0,1,0
TF,LUVIX,64.563389,21.559972,0, ,0.0,0.0,0.0,0.0,2,2500,0,1,210,0,1,0

FINAL,R28,28,R,3
IF,LUVIX,64.563389,21.559972, ,0.0,0.0,2,2500,0,0,0,0,0,0
TF,NS571,64.586778,21.377556,0, ,0.0,0.0,277.0,4.9,1,2500,0,0,0,0,2,0
TF,RW28,64.621081,21.106358,0, ,0.0,0.0,276.0,7.3,1,172,0,0,0,0,3,1
TF,NS870,64.652000,20.862083,0, ,0.0,0.0,0.0,0.0,0,0,0,0,0,0,0,1
DF,VENDA,64.537361,21.017778,1, ,0.0,0.0,2,2500,0,1,210,0,0,1
HM,VENDA,64.537361,21.017778,2, ,0.0,0.0,96.0,04.3,2,2500,0,0,0,0,0,0,0

