SID,BENK1K,12,5
CA,0,111.0,2,1640,0,0,0,0,0,0
CF,NZ650,63.178167,14.584306,0,OSS,113.0,2.9,110.0,1.0,0,0,0,0,0,0,0,0
TF,NZ652,63.106222,14.752111,0, ,0.0,0.0,0.0,0.0,0,0,0,0,0,0,0,1
DF,NZ653,63.155111,14.985278,0, ,0.0,0.0,0,0,0,0,0,0,0,0
TF,BENKA,63.310472,15.409056,0, ,0.0,0.0,0.0,0.0,0,0,0,0,0,0,0,0

SID,BENK1L,30,5
CF,NZ950,63.212667,14.412528,0,OSS,288.2,2.2,292.0,3.0,0,0,0,0,0,0,0,1
DF,NZ400,63.303750,14.547194,2, ,0.0,0.0,0,0,0,0,0,0,0,0
TF,BENKA,63.310472,15.409056,0, ,0.0,0.0,0.0,0.0,0,0,0,0,0,0,0,0

SID,BENK2G,12,2
DF,DJ,63.178167,14.584306,0, ,0.0,0.0,0,0,0,0,0,0,0,0
FD,DJ,63.178167,14.584306,0,OSS,113.0,9.5,124.0,9.5,0,0,0,0,0,0,0,0
CI,1, ,0.0,21.0,0,0,0,0,0,0,0,0
CF,BENKA,63.310472,15.409056,0,OSS,70.6,25.9,71.0,12.0,0,0,0,0,0,0,0,0

SID,BENK4B,12,2
CA,0,111.0,2,2800,0,0,0,0,0,0
CI,0, ,0.0,41.0,0,0,0,0,0,0,0,0
CF,BENKA,63.310472,15.409056,0,OSS,70.6,25.9,71.0,19.0,0,0,0,0,0,0,0,0

SID,DIGL1K,12,5
CA,0,111.0,2,1640,0,0,0,0,0,0
CF,NZ650,63.178167,14.584306,0,OSS,113.0,2.9,110.0,1.0,0,0,0,0,0,0,0,0
TF,NZ652,63.106222,14.752111,0, ,0.0,0.0,0.0,0.0,0,0,0,0,0,0,0,1
DF,NZ663,62.999639,14.649500,0, ,0.0,0.0,0,0,0,0,0,0,0,0
TF,DIGLO,62.869333,14.420611,0, ,0.0,0.0,0.0,0.0,0,0,0,0,0,0,0,0

SID,DIGL1L,30,5
CF,NZ950,63.212667,14.412528,0,OSS,288.2,2.2,292.0,3.0,0,0,0,0,0,0,0,1
DF,NZ750,63.118417,14.337389,1, ,0.0,0.0,0,0,0,0,0,0,0,0
TF,DIGLO,62.869333,14.420611,0, ,0.0,0.0,0.0,0.0,0,0,0,0,0,0,0,0

SID,NONK1K,12,5
CA,0,111.0,2,1640,0,0,0,0,0,0
CF,NZ650,63.178167,14.584306,0,OSS,113.0,2.9,110.0,1.0,0,0,0,0,0,0,0,0
TF,NZ652,63.106222,14.752111,0, ,0.0,0.0,0.0,0.0,0,0,0,0,0,0,0,1
DF,NZ475,63.240611,14.882111,1, ,0.0,0.0,0,0,0,0,0,0,0,0
TF,NONKI,63.437806,14.747361,0, ,0.0,0.0,0.0,0.0,0,0,0,0,0,0,0,0

SID,NONK1L,30,5
CF,NZ950,63.212667,14.412528,0,OSS,288.2,2.2,292.0,3.0,0,0,0,0,0,0,0,1
DF,NZ400,63.303750,14.547194,2, ,0.0,0.0,0,0,0,0,0,0,0,0
TF,NONKI,63.437806,14.747361,0, ,0.0,0.0,0.0,0.0,0,0,0,0,0,0,0,0

SID,OSLA1K,12,5
CA,0,111.0,2,1640,0,0,0,0,0,0
CF,NZ650,63.178167,14.584306,0,OSS,113.0,2.9,110.0,1.0,0,0,0,0,0,0,0,0
TF,NZ652,63.106222,14.752111,0, ,0.0,0.0,0.0,0.0,0,0,0,0,0,0,0,1
DF,NZ655,63.048167,14.823528,0, ,0.0,0.0,0,0,0,0,0,0,0,0
TF,OSLAV,62.726361,15.183306,0, ,0.0,0.0,0.0,0.0,0,0,0,0,0,0,0,0

SID,OSLA1L,30,5
CF,NZ950,63.212667,14.412528,0,OSS,288.2,2.2,292.0,3.0,0,0,0,0,0,0,0,1
DF,NZ750,63.118417,14.337389,1, ,0.0,0.0,0,0,0,0,0,0,0,0
TF,OSLAV,62.726361,15.183306,0, ,0.0,0.0,0.0,0.0,0,0,0,0,0,0,0,0

SID,OSLA2G,12,2
DF,DJ,63.178167,14.584306,0, ,0.0,0.0,0,0,0,0,0,0,0,0
FD,DJ,63.178167,14.584306,0,OSS,112.0,9.5,124.0,9.5,0,0,0,0,0,0,0,0
CI,0, ,0.0,172.0,0,0,0,0,0,0,0,0
CF,OSLAV,62.726361,15.183306,0,OSS,141.9,34.3,142.0,19.0,0,0,0,0,0,0,0,0

SID,ULTE1K,12,5
CA,0,111.0,2,1640,0,0,0,0,0,0
CF,NZ650,63.178167,14.584306,0,OSS,113.0,2.9,110.0,1.0,0,0,0,0,0,0,0,0
TF,NZ652,63.106222,14.752111,0, ,0.0,0.0,0.0,0.0,0,0,0,0,0,0,0,1
DF,NZ654,63.082528,14.889139,0, ,0.0,0.0,0,0,0,0,0,0,0,0
TF,ULTEX,63.000028,15.436194,0, ,0.0,0.0,0.0,0.0,0,0,0,0,0,0,0,0

SID,ULTE1L,30,5
CF,NZ950,63.212667,14.412528,0,OSS,288.2,2.2,292.0,3.0,0,0,0,0,0,0,0,1
DF,NZ420,63.240583,14.577889,2, ,0.0,0.0,0,0,0,0,0,0,0,0
TF,ULTEX,63.000028,15.436194,0, ,0.0,0.0,0.0,0.0,0,0,0,0,0,0,0,0

STAR,BENK1T,30,5
IF,BENKA,63.310472,15.409056, ,0.0,0.0,2,10000,0,0,0,0,0,0
TF,NZ500,63.200861,15.148778,0, ,0.0,0.0,0.0,0.0,2,6000,0,0,0,0,0,0
TF,NZ619,63.158778,15.049639,0, ,0.0,0.0,0.0,0.0,2,3600,0,1,230,0,0,0
TF,NZ620,63.118889,14.956111,0, ,0.0,0.0,0.0,0.0,0,0,0,0,0,0,0,0
TF,NZ621,63.117222,14.827722,0, ,0.0,0.0,0.0,0.0,2,3600,0,1,210,0,0,0
TF,NZ622,63.140833,14.730750,0, ,0.0,0.0,0.0,0.0,1,3600,0,0,0,0,0,0

STAR,BENK5E,12,2
IF,BENKA,63.310472,15.409056, ,0.0,0.0,0,0,0,0,0,0,0,0
TF,D071R,63.277364,15.128006,0, ,0.0,0.0,0.0,0.0,0,0,0,0,0,0,0,0
TF,OSS,63.199556,14.487556,0, ,0.0,0.0,0.0,0.0,0,0,0,0,0,0,0,0

STAR,BENK6F,30,2
IF,BENKA,63.310472,15.409056, ,0.0,0.0,0,0,0,0,0,0,0,0
TF,D071R,63.277364,15.128006,0, ,0.0,0.0,0.0,0.0,0,0,0,0,0,0,0,0
TF,D071L,63.251747,14.914139,0, ,0.0,0.0,0.0,0.0,0,0,0,0,0,0,0,0
CI,0, ,0.0,251.0,0,0,0,0,0,0,0,0
AF,D100J,63.158911,14.844125,2,OSS,100.0,10.0,71.0,0,0,0,0,0,0,0,0
TF,CD30,63.121181,14.811603,0, ,0.0,0.0,0.0,0.0,0,0,0,0,0,0,0,0
TF,FD30,63.153403,14.678956,0, ,0.0,0.0,0.0,0.0,0,0,0,0,0,0,0,0

STAR,DIGL1T,30,5
IF,DIGLO,62.869333,14.420611, ,0.0,0.0,2,10000,0,0,0,0,0,0
TF,NZ680,62.986972,14.700750,0, ,0.0,0.0,0.0,0.0,2,6000,0,0,0,0,0,0
TF,NZ681,63.028500,14.800472,0, ,0.0,0.0,0.0,0.0,2,3600,0,1,230,0,0,0
TF,NZ640,63.067722,14.895083,0, ,0.0,0.0,0.0,0.0,0,0,0,0,0,0,0,0
TF,NZ621,63.117222,14.827722,0, ,0.0,0.0,0.0,0.0,2,3600,0,1,210,0,0,0
TF,NZ622,63.140833,14.730750,0, ,0.0,0.0,0.0,0.0,1,3600,0,0,0,0,0,0

STAR,DOFO1H,12,5
IF,DOFOK,62.709778,14.453944, ,0.0,0.0,2,10000,0,0,0,0,0,0
TF,DIGLO,62.869333,14.420611,0, ,0.0,0.0,0.0,0.0,2,7000,0,0,0,0,0,0
TF,NZ704,63.048028,14.342278,0, ,0.0,0.0,0.0,0.0,2,3800,0,0,0,0,0,0

STAR,DOFO1S,12,5
IF,DOFOK,62.709778,14.453944, ,0.0,0.0,2,10000,0,0,0,0,0,0
TF,DIGLO,62.869333,14.420611,0, ,0.0,0.0,0.0,0.0,2,7000,0,0,0,0,0,0
TF,NZ720,63.115056,14.157583,0, ,0.0,0.0,0.0,0.0,2,3800,0,0,0,0,0,0
TF,NZ825,63.191361,14.071750,0, ,0.0,0.0,0.0,0.0,0,0,0,0,0,0,0,0
TF,NZ855,63.267056,14.147639,0, ,0.0,0.0,0.0,0.0,2,2800,0,1,210,0,0,0

STAR,NONK1T,30,5
IF,NONKI,63.437806,14.747361, ,0.0,0.0,2,10000,0,0,0,0,0,0
TF,NZ440,63.233667,14.925500,0, ,0.0,0.0,0.0,0.0,2,6000,0,0,0,0,0,0
TF,NZ618,63.176417,14.974972,0, ,0.0,0.0,0.0,0.0,2,3600,0,1,230,0,0,0
TF,NZ620,63.118889,14.956111,0, ,0.0,0.0,0.0,0.0,0,0,0,0,0,0,0,0
TF,NZ621,63.117222,14.827722,0, ,0.0,0.0,0.0,0.0,2,3600,0,1,210,0,0,0
TF,NZ622,63.140833,14.730750,0, ,0.0,0.0,0.0,0.0,1,3600,0,0,0,0,0,0

STAR,OSLA1H,12,5
IF,OSLAV,62.726361,15.183306, ,0.0,0.0,2,10000,0,0,0,0,0,0
TF,NZ705,63.070861,14.436167,0, ,0.0,0.0,0.0,0.0,2,3800,0,0,0,0,0,0

STAR,OSLA1T,30,5
IF,OSLAV,62.726361,15.183306, ,0.0,0.0,2,10000,0,0,0,0,0,0
TF,NZ690,62.956167,14.990083,0, ,0.0,0.0,0.0,0.0,2,6000,0,0,0,0,0,0
TF,NZ691,63.013500,14.941361,0, ,0.0,0.0,0.0,0.0,2,3600,0,1,230,0,0,0
TF,NZ640,63.067722,14.895083,0, ,0.0,0.0,0.0,0.0,0,0,0,0,0,0,0,0
TF,NZ621,63.117222,14.827722,0, ,0.0,0.0,0.0,0.0,2,3600,0,1,210,0,0,0
TF,NZ622,63.140833,14.730750,0, ,0.0,0.0,0.0,0.0,1,3600,0,0,0,0,0,0

STAR,OSLA3S,12,5
IF,OSLAV,62.726361,15.183306, ,0.0,0.0,2,10000,0,0,0,0,0,0
TF,NZ700,63.129528,14.306250,0, ,0.0,0.0,0.0,0.0,2,3800,0,0,0,0,0,0
TF,NZ825,63.191361,14.071750,0, ,0.0,0.0,0.0,0.0,0,0,0,0,0,0,0,0
TF,NZ855,63.267056,14.147639,0, ,0.0,0.0,0.0,0.0,2,2800,0,1,210,0,0,0

STAR,OSLA5E,12,2
IF,OSLAV,62.726361,15.183306, ,0.0,0.0,0,0,0,0,0,0,0,0
TF,D142R,62.951431,14.855814,0, ,0.0,0.0,0.0,0.0,0,0,0,0,0,0,0,0
TF,OSS,63.199556,14.487556,0, ,0.0,0.0,0.0,0.0,0,0,0,0,0,0,0,0

STAR,OSLA6F,30,2
IF,OSLAV,62.726361,15.183306, ,0.0,0.0,0,0,0,0,0,0,0,0
TF,D142R,62.951431,14.855814,0, ,0.0,0.0,0.0,0.0,0,0,0,0,0,0,0,0
TF,D142L,63.034244,14.733756,0, ,0.0,0.0,0.0,0.0,0,0,0,0,0,0,0,0
CI,0, ,0.0,322.0,0,0,0,0,0,0,0,0
AF,D128J,63.088114,14.759986,1,OSS,128.0,10.0,142.0,0,0,0,0,0,0,0,0
TF,CD30,63.121181,14.811603,0, ,0.0,0.0,0.0,0.0,0,0,0,0,0,0,0,0
TF,FD30,63.153403,14.678956,0, ,0.0,0.0,0.0,0.0,0,0,0,0,0,0,0,0

STAR,ULTE1T,30,5
IF,ULTEX,63.000028,15.436194, ,0.0,0.0,2,10000,0,0,0,0,0,0
TF,NZ560,63.048111,15.188806,0, ,0.0,0.0,0.0,0.0,2,6000,0,0,0,0,0,0
TF,NZ621,63.117222,14.827722,0, ,0.0,0.0,0.0,0.0,2,3600,0,1,210,0,0,0
TF,NZ622,63.140833,14.730750,0, ,0.0,0.0,0.0,0.0,1,3600,0,0,0,0,0,0

APPTR,D12,12,OSS1
FD,OSS,63.199556,14.487556,0,OSS,0.0,8.0,251.0,8.0,2,2800,0,0,0,0,0,0
CF,FD12,63.227031,14.309931,2,OSS,285.0,5.1,105.0,3.0,2,2800,0,0,0,0,0,0

APPTR,D12,12,OSS2
FD,OSS,63.199556,14.487556,0,OSS,0.0,8.0,319.0,8.0,2,2800,0,0,0,0,0,0
CF,FD12,63.227031,14.309931,1,OSS,285.0,5.1,105.0,3.0,2,2800,0,0,0,0,0,0

APPTR,D12,12,OSS3
FD,OSS,63.199556,14.487556,0,OSS,0.0,8.0,273.0,8.0,2,2800,0,0,0,0,0,0
CF,FD12,63.227031,14.309931,2,OSS,285.0,5.1,105.0,3.0,2,2800,0,0,0,0,0,0

APPTR,D12,12,OSS4
FD,OSS,63.199556,14.487556,0,OSS,0.0,8.0,297.0,8.0,2,2800,0,0,0,0,0,0
CF,FD12,63.227031,14.309931,1,OSS,285.0,5.1,105.0,3.0,2,2800,0,0,0,0,0,0

FINAL,D12,12,D,2
IF,FD12,63.227031,14.309931,OSS,285.0,5.1,2,2800,0,0,0,0,2,0
CF,RW12,63.198808,14.479439,0,OSS,254.5,0.2,105.0,4.9,1,1245,0,0,0,0,3,0
CF,OSS,63.199556,14.487556,0,OSS,0.0,0.0,105.0,0.2,2,1640,0,0,0,0,0,0
FA,OSS,63.199556,14.487556,0,OSS,0.0,0.0,105.0,2,3600,0,0,0,0,0,0
DF,OSS,63.199556,14.487556,1, ,0.0,0.0,1,3600,0,0,0,0,0,0

APPTR,D30,30,OSS1
FD,OSS,63.199556,14.487556,0,OSS,0.0,10.0,87.0,10.0,2,3600,0,0,0,0,0,0
CF,CD30,63.121181,14.811603,2,OSS,114.0,10.0,294.0,2.0,2,3600,0,0,0,0,1,0

APPTR,D30,30,OSS2
FD,OSS,63.199556,14.487556,0,OSS,0.0,10.0,141.0,10.0,2,3600,0,0,0,0,0,0
CF,CD30,63.121181,14.811603,1,OSS,114.0,10.0,294.0,2.0,2,3600,0,0,0,0,1,0

APPTR,D30,30,OSS3
FD,OSS,63.199556,14.487556,0,OSS,0.0,10.0,104.0,10.0,2,3600,0,0,0,0,0,0
CF,CD30,63.121181,14.811603,2,OSS,114.0,10.0,294.0,2.0,2,3600,0,0,0,0,1,0

APPTR,D30,30,OSS4
FD,OSS,63.199556,14.487556,0,OSS,0.0,10.0,123.0,10.0,2,3600,0,0,0,0,0,0
CF,CD30,63.121181,14.811603,1,OSS,114.0,10.0,294.0,2.0,2,3600,0,0,0,0,1,0

FINAL,D30,30,D,3
IF,CD30,63.121181,14.811603,OSS,114.0,10.0,2,3600,0,0,0,0,0,0
CF,FD30,63.153403,14.678956,0,OSS,114.0,5.9,294.0,4.1,2,2800,0,0,0,0,2,0
CF,RW30,63.189442,14.524564,0,OSS,117.2,1.2,294.0,4.7,1,1283,0,0,0,0,3,0
CF,OSS,63.199556,14.487556,0,OSS,0.0,0.0,294.0,1.2,2,1640,0,0,0,0,0,0
FA,OSS,63.199556,14.487556,0,OSS,0.0,0.0,294.0,2,3600,0,0,0,0,0,0
DF,OSS,63.199556,14.487556,2, ,0.0,0.0,1,3600,0,0,0,0,0,0

APPTR,I12,12,NZ855
IF,NZ855,63.267056,14.147639, ,0.0,0.0,2,2800,0,1,210,0,0,0
CF,CI12,63.246472,14.248422,0,PC,289.7,8.5,110.0,3.0,2,2800,0,0,0,0,0,0

APPTR,I12,12,OSS1
IF,OSS,63.199556,14.487556, ,0.0,0.0,0,0,0,0,0,0,0,0
FD,OSS,63.199556,14.487556,0,OSS,0.0,8.0,255.0,8.0,2,2800,0,0,0,0,0,0
CF,CI12,63.246472,14.248422,2,PC,289.7,8.5,110.0,2.0,2,2800,0,0,0,0,0,0

APPTR,I12,12,OSS2
IF,OSS,63.199556,14.487556, ,0.0,0.0,0,0,0,0,0,0,0,0
FD,OSS,63.199556,14.487556,0,OSS,0.0,8.0,322.0,8.0,2,2800,0,0,0,0,0,0
CF,CI12,63.246472,14.248422,1,PC,289.7,8.5,110.0,2.0,2,2800,0,0,0,0,0,0

APPTR,I12,12,OSS3
IF,OSS,63.199556,14.487556, ,0.0,0.0,0,0,0,0,0,0,0,0
FD,OSS,63.199556,14.487556,0,OSS,0.0,8.0,277.0,8.0,2,2800,0,0,0,0,0,0
CF,CI12,63.246472,14.248422,2,PC,289.7,8.5,110.0,2.0,2,2800,0,0,0,0,0,0

APPTR,I12,12,OSS4
IF,OSS,63.199556,14.487556, ,0.0,0.0,0,0,0,0,0,0,0,0
FD,OSS,63.199556,14.487556,0,OSS,0.0,8.0,300.0,8.0,2,2800,0,0,0,0,0,0
CF,CI12,63.246472,14.248422,1,PC,289.7,8.5,110.0,2.0,2,2800,0,0,0,0,0,0

FINAL,I12,12,I,3
IF,CI12,63.246472,14.248422,PC,289.7,8.5,2,2800,0,0,0,0,0,0
CF,FI12,63.232689,14.315486,0,PC,289.7,6.5,110.0,2.0,1,2800,0,0,0,0,2,0
CF,RW12,63.198808,14.479439,0,PC,289.7,1.6,110.0,4.9,1,1245,0,0,0,0,3,0
FA,RW12,63.198808,14.479439,0,OSS,0.0,0.0,110.0,2,3600,0,0,0,0,0,0
DF,OSS,63.199556,14.487556,1, ,0.0,0.0,1,3600,0,0,0,0,0,0
HM,OSS,63.199556,14.487556,2, ,0.0,0.0,293.0,04.3,2,3600,0,0,0,0,0,0,0

FINAL,Q30,30,N,3
IF,CQ30,63.132064,14.823242,DJ,0.0,0.0,2,3600,0,0,0,0,0,0
CF,FQ30,63.158847,14.684769,0,DJ,0.0,0.0,289.0,4.1,2,2800,0,0,0,0,2,0
CF,RW30,63.189442,14.524564,0,OSS,0.0,1.2,289.0,4.7,1,1283,0,0,0,0,3,0
FA,RW30,63.189442,14.524564,0,OSS,0.0,0.0,289.0,2,3600,0,0,0,0,0,0
DF,DJ,63.178167,14.584306,2, ,0.0,0.0,1,3600,0,0,0,0,0,0

APPTR,R12-Y,12,NZ704
IF,NZ704,63.048028,14.342278, ,0.0,0.0,0,0,0,0,0,0,1,0
TF,NZ700,63.129528,14.306250,0, ,0.0,0.0,0.0,0.0,2,3800,0,0,0,0,1,0

APPTR,R12-Y,12,NZ705
IF,NZ705,63.070861,14.436167, ,0.0,0.0,0,0,0,0,0,0,1,0
TF,NZ700,63.129528,14.306250,0, ,0.0,0.0,0.0,0.0,2,3800,0,0,0,0,1,0

FINAL,R12-Y,12,R,4
IF,NZ700,63.129528,14.306250, ,0.0,0.0,2,3800,0,0,0,0,0,0
TF,NZ702,63.172889,14.293639,0, ,0.0,0.0,348.0,2.6,1,3440,0,1,175,0,2,0
RF,NZ950,63.212667,14.412528,2,NZ703,111.2,2.3,0,0,0,0,0,0,0,0
TF,RW12,63.198808,14.479439,0, ,0.0,0.0,110.0,2.0,1,1245,0,0,0,0,3,1
TF,NZ595,63.150389,14.713472,0, ,0.0,0.0,0.0,0.0,0,0,0,0,0,0,0,0
RF,NZ402,63.248389,14.814250,1,NZ401,291.5,3.3,0,0,0,1,215,0,0,0
TF,ESULO,63.303750,14.547194,0, ,0.0,0.0,0.0,0.0,0,0,0,0,0,0,0,1
HM,ESULO,63.303750,14.547194,2, ,0.0,0.0,290.0,04.3,2,3600,0,1,230,0,0,0,0

APPTR,R12-Z,12,NZ856
IF,NZ856,63.297833,13.996278, ,0.0,0.0,2,4900,0,0,0,0,1,0
TF,NZ855,63.267056,14.147639,0, ,0.0,0.0,0.0,0.0,2,2800,0,0,0,0,1,0

APPTR,R12-Z,12,NZ857
IF,NZ857,63.342722,14.223917, ,0.0,0.0,2,3700,0,0,0,0,1,0
TF,NZ855,63.267056,14.147639,0, ,0.0,0.0,0.0,0.0,2,2800,0,1,210,0,1,0

FINAL,R12-Z,12,R,3
IF,NZ855,63.267056,14.147639, ,0.0,0.0,2,2800,0,1,210,0,0,0
TF,NZ902,63.232694,14.315444,0, ,0.0,0.0,110.0,5.0,1,2800,0,0,0,0,2,0
TF,RW12,63.198808,14.479439,0, ,0.0,0.0,111.0,4.9,1,1244,0,0,0,0,3,1
CF,NZ595,63.150389,14.713472,0,OSS,111.6,6.8,111.0,7.0,0,0,0,0,0,0,0,1
DF,ESULO,63.303750,14.547194,1, ,0.0,0.0,2,3600,0,1,230,0,0,1
HM,ESULO,63.303750,14.547194,2, ,0.0,0.0,291.0,04.3,2,3600,0,1,230,0,0,0,0

APPTR,R30,30,OSLAV
IF,OSLAV,62.726361,15.183306, ,0.0,0.0,2,10000,0,0,0,0,0,0
TF,NZ690,62.956167,14.990083,0, ,0.0,0.0,0.0,0.0,2,6000,0,0,0,0,0,0
TF,NZ691,63.013500,14.941361,0, ,0.0,0.0,0.0,0.0,2,3600,0,1,230,0,1,0
TF,NZ623,63.116944,14.870472,0, ,0.0,0.0,0.0,0.0,2,3600,0,1,210,0,1,0

FINAL,R30,30,R,3
IF,NZ623,63.116944,14.870472, ,0.0,0.0,2,3600,0,1,210,0,0,0
TF,NZ624,63.138694,14.767306,0, ,0.0,0.0,291.0,3.1,2,3600,0,1,210,0,2,0
TF,RW30,63.189442,14.524564,0, ,0.0,0.0,291.0,7.3,1,1283,0,0,0,0,3,1
CA,0,291.0,2,3600,0,0,0,0,0,0
DF,DJ,63.178167,14.584306,2, ,0.0,0.0,2,3600,0,0,0,0,0,0

