FINAL,I01-Y,01,I,3
IF,CI01,59.060408,14.972311,SOE,184.7,10.9,2,2500,0,0,0,0,0,0
CF,FI01,59.092972,14.985350,0,SOE,184.7,8.9,5.0,2.0,1,2500,0,0,0,0,2,0
CF,RW01,59.207547,15.031431,0,SOE,184.7,1.9,5.0,7.0,1,215,0,0,0,0,3,0
CA,0,5.0,2,1200,0,0,0,0,0,0
DF,RB,59.134000,15.003056,2, ,0.0,0.0,1,2500,0,0,0,0,0,0

APPTR,I01-Z,01,OE595
IF,OE595,59.008694,15.116167, ,0.0,0.0,2,2900,0,0,0,0,1,0
TF,OE710,59.025639,14.958361,0,SOE,0.0,0.0,0.0,0.0,2,2500,0,1,210,0,1,0

APPTR,I01-Z,01,OE715
IF,OE715,58.944222,14.925778, ,0.0,0.0,2,2700,0,0,0,0,1,0
TF,OE710,59.025639,14.958361,0,SOE,0.0,0.0,0.0,0.0,2,2500,0,0,0,0,1,0

APPTR,I01-Z,01,OE725
IF,OE725,59.042389,14.800389, ,0.0,0.0,2,2900,0,0,0,0,1,0
TF,OE710,59.025639,14.958361,0,SOE,0.0,0.0,0.0,0.0,2,2500,0,1,210,0,1,0

FINAL,I01-Z,01,I,3
IF,OE710,59.025639,14.958361,SOE,184.7,13.1,2,2500,0,0,0,0,0,0
CF,FI01,59.092972,14.985350,0,SOE,184.7,8.9,5.0,4.1,1,2500,0,0,0,0,2,0
CF,RW01,59.207547,15.031431,0,SOE,184.7,1.9,5.0,7.0,1,215,0,0,0,0,3,0
TF,OE401,59.305222,15.070917,0, ,0.0,0.0,0.0,0.0,0,0,0,0,0,0,0,1
DF,KALJO,59.228056,15.040000,2, ,0.0,0.0,2,2900,0,1,230,0,0,1

APPTR,I19-Y,19,D005N
IF,D005N,59.461447,15.134469, ,0.0,0.0,0,0,0,0,0,0,1,0
CF,CF19,59.412617,15.114531,0,NOE,4.7,12.7,185.0,3.0,2,2900,0,0,0,0,1,0

APPTR,I19-Y,19,EN1
FD,EN,59.291056,15.065028,0,NOE,0.0,11.0,28.0,11.0,2,2900,0,1,210,0,1,0
CF,CF19,59.412617,15.114531,1,NOE,4.7,12.7,185.0,1.0,2,2900,0,0,0,0,1,0

APPTR,I19-Y,19,EN2
FD,EN,59.291056,15.065028,0,NOE,0.0,11.0,17.0,11.0,2,2900,0,1,210,0,1,0
CF,CF19,59.412617,15.114531,1,NOE,4.7,12.7,185.0,1.0,2,2900,0,0,0,0,1,0

APPTR,I19-Y,19,EN3
FD,EN,59.291056,15.065028,0,NOE,0.0,11.0,14.0,11.0,2,2900,0,1,210,0,1,0
CF,CF19,59.412617,15.114531,1,NOE,4.7,12.7,185.0,1.0,2,2900,0,0,0,0,1,0

FINAL,I19-Y,19,I,3
IF,CF19,59.412617,15.114531,NOE,4.7,12.7,2,2900,0,0,0,0,0,0
CF,FF19,59.357275,15.092006,0,NOE,4.7,9.3,185.0,3.4,1,2600,0,0,0,0,2,0
CF,RW19,59.236306,15.043028,0,NOE,4.7,1.9,185.0,7.4,1,245,0,0,0,0,3,0
CA,0,185.0,2,1500,0,0,0,0,0,0
DF,EN,59.291056,15.065028,2, ,0.0,0.0,1,2800,0,1,230,0,0,0

APPTR,I19-Z,19,OE405
IF,OE405,59.421111,15.284500, ,0.0,0.0,2,2900,0,0,0,0,1,0
TF,OE415,59.438028,15.124778,0,NOE,0.0,0.0,0.0,0.0,2,2600,0,1,210,0,1,0

APPTR,I19-Z,19,OE410
IF,OE410,59.519444,15.157889, ,0.0,0.0,2,2900,0,0,0,0,1,0
TF,OE415,59.438028,15.124778,0,NOE,0.0,0.0,0.0,0.0,2,2600,0,0,0,0,1,0

APPTR,I19-Z,19,OE855
IF,OE855,59.454778,14.964889, ,0.0,0.0,2,2900,0,0,0,0,1,0
TF,OE415,59.438028,15.124778,0,NOE,0.0,0.0,0.0,0.0,2,2900,0,1,210,0,1,0

FINAL,I19-Z,19,I,3
IF,OE415,59.438028,15.124778,NOE,4.7,14.3,2,2600,0,0,0,0,0,0
CF,FF19,59.357275,15.092006,0,NOE,4.7,9.3,185.0,5.0,1,2600,0,0,0,0,2,0
CF,RW19,59.236306,15.043028,0,NOE,4.7,1.9,185.0,7.4,1,245,0,0,0,0,3,0
TF,OE719,59.138611,15.003694,0, ,0.0,0.0,0.0,0.0,0,0,0,0,0,0,0,1
DF,KALJO,59.228056,15.040000,2, ,0.0,0.0,2,2900,0,1,230,0,0,1

APPTR,L01-Y,01,RB1
HF,RB,59.134000,15.003056,2, ,0.0,0.0,5.0,04.3,2,2500,0,1,210,0,1,0,0

APPTR,L01-Y,01,RB2
HF,RB,59.134000,15.003056,2, ,0.0,0.0,5.0,04.3,2,2500,0,1,210,0,1,0,0

APPTR,L01-Y,01,RB3
HF,RB,59.134000,15.003056,2, ,0.0,0.0,5.0,04.3,2,2500,0,1,210,0,1,0,0

FINAL,L01-Y,01,D,3
IF,CL01,59.069036,14.975764,SOE,184.7,10.4,2,2500,0,0,0,0,0,0
CF,RB,59.134000,15.003056,0,SOE,184.4,6.4,5.0,4.0,2,1660,0,0,0,0,2,0
CF,MM01,59.199583,15.028222,0,SOE,184.7,2.4,5.0,4.0,1,371,0,0,0,0,3,0
CA,0,5.0,2,1200,0,0,0,0,0,0
DF,RB,59.134000,15.003056,2, ,0.0,0.0,1,2500,0,0,0,0,0,0

APPTR,L01-Z,01,OE595
IF,OE595,59.008694,15.116167, ,0.0,0.0,2,2900,0,0,0,0,1,0
TF,OE710,59.025639,14.958361,0,SOE,0.0,0.0,0.0,0.0,2,2500,0,1,210,0,1,0

APPTR,L01-Z,01,OE715
IF,OE715,58.944222,14.925778, ,0.0,0.0,2,2700,0,0,0,0,1,0
TF,OE710,59.025639,14.958361,0,SOE,0.0,0.0,0.0,0.0,2,2500,0,0,0,0,1,0

APPTR,L01-Z,01,OE725
IF,OE725,59.042389,14.800389, ,0.0,0.0,2,2900,0,0,0,0,1,0
TF,OE710,59.025639,14.958361,0,SOE,0.0,0.0,0.0,0.0,2,2500,0,1,210,0,1,0

FINAL,L01-Z,01,D,3
IF,OE710,59.025639,14.958361,SOE,184.7,13.1,2,2500,0,0,0,0,0,0
CF,RB,59.134000,15.003056,0,SOE,184.4,6.4,5.0,6.7,2,1660,0,0,0,0,2,0
CF,MM01,59.199583,15.028222,0,SOE,184.7,2.4,5.0,4.0,1,371,0,0,0,0,3,0
TF,OE401,59.305222,15.070917,0, ,0.0,0.0,0.0,0.0,0,0,0,0,0,0,0,1
DF,KALJO,59.228056,15.040000,2, ,0.0,0.0,2,2900,0,1,230,0,0,1

APPTR,N01,01,RB1
HF,RB,59.134000,15.003056,2, ,0.0,0.0,4.0,04.3,2,2500,0,0,0,0,1,0,0

APPTR,N01,01,RB2
HF,RB,59.134000,15.003056,2, ,0.0,0.0,4.0,04.3,2,2500,0,0,0,0,1,0,0

APPTR,N01,01,RB3
HF,RB,59.134000,15.003056,2, ,0.0,0.0,4.0,04.3,2,2500,0,0,0,0,1,0,0

FINAL,N01,01,N,2
IF,RB,59.134000,15.003056,RB,0.0,0.0,2,1640,0,0,0,0,2,0
CF,RW01,59.207547,15.031431,0,RB,0.0,0.0,4.0,4.5,1,215,0,0,0,0,3,0
CA,0,4.0,2,1200,0,0,0,0,0,0
DF,RB,59.134000,15.003056,2, ,0.0,0.0,1,2500,0,0,0,0,0,0

APPTR,N19,19,RB1
FC,EN,59.291056,15.065028,0,ARS,0.0,0.0,32.0,4.6,2,2800,0,1,185,0,0,1
CF,D005E,59.365853,15.096175,1,ARS,251.1,49.4,185.0,1.0,2,2800,0,0,0,0,0,0
CF,EN,59.291056,15.065028,0,ARS,246.6,51.7,185.0,4.6,2,1320,0,0,0,0,0,0

APPTR,N19,19,RB2
FC,EN,59.291056,15.065028,0,ARS,0.0,0.0,19.0,5.8,2,2800,0,1,185,0,0,1
CF,D005E,59.365853,15.096175,1,ARS,251.1,49.4,185.0,1.5,2,2800,0,0,0,0,0,0
CF,EN,59.291056,15.065028,0,ARS,246.6,51.7,185.0,4.6,2,1320,0,0,0,0,0,0

FINAL,N19,19,N,2
IF,EN,59.291056,15.065028,EN,0.0,0.0,2,1320,0,0,0,0,2,0
CF,RW19,59.236306,15.043028,0,EN,0.0,0.0,185.0,3.4,1,245,0,0,0,0,3,0
CA,0,185.0,2,1500,0,0,0,0,0,0
DF,EN,59.291056,15.065028,2, ,0.0,0.0,1,2800,0,1,210,0,0,0

APPTR,R01,01,OE595
IF,OE595,59.008694,15.116167, ,0.0,0.0,2,2900,0,0,0,0,1,0
TF,OE710,59.025639,14.958361,0, ,0.0,0.0,0.0,0.0,2,2500,0,1,210,0,1,0

APPTR,R01,01,OE715
IF,OE715,58.944222,14.925778, ,0.0,0.0,2,2700,0,0,0,0,1,0
TF,OE710,59.025639,14.958361,0, ,0.0,0.0,0.0,0.0,2,2500,0,0,0,0,1,0

APPTR,R01,01,OE725
IF,OE725,59.042389,14.800389, ,0.0,0.0,2,2900,0,0,0,0,1,0
TF,OE710,59.025639,14.958361,0, ,0.0,0.0,0.0,0.0,2,2500,0,1,210,0,1,0

FINAL,R01,01,R,3
IF,OE710,59.025639,14.958361, ,0.0,0.0,2,2500,0,0,0,0,0,0
TF,OE700,59.090750,14.984500,0, ,0.0,0.0,5.0,4.0,1,2500,0,0,0,0,2,0
TF,RW01,59.207547,15.031431,0, ,0.0,0.0,5.0,7.2,1,215,0,0,0,0,3,1
TF,OE401,59.305222,15.070917,0, ,0.0,0.0,0.0,0.0,0,0,0,0,0,0,0,1
DF,KALJO,59.228056,15.040000,2, ,0.0,0.0,2,2900,0,1,230,0,0,1
HM,KALJO,59.228056,15.040000,2, ,0.0,0.0,5.0,04.3,2,2900,0,1,230,0,0,0,0

APPTR,R19,19,OE405
IF,OE405,59.421111,15.284500, ,0.0,0.0,2,2900,0,0,0,0,1,0
TF,OE415,59.438028,15.124778,0, ,0.0,0.0,0.0,0.0,2,2600,0,1,210,0,1,0

APPTR,R19,19,OE410
IF,OE410,59.519444,15.157889, ,0.0,0.0,2,2900,0,0,0,0,1,0
TF,OE415,59.438028,15.124778,0, ,0.0,0.0,0.0,0.0,2,2600,0,0,0,0,1,0

APPTR,R19,19,OE855
IF,OE855,59.454778,14.964889, ,0.0,0.0,2,2900,0,0,0,0,1,0
TF,OE415,59.438028,15.124778,0, ,0.0,0.0,0.0,0.0,2,2900,0,1,210,0,1,0

FINAL,R19,19,R,3
IF,OE415,59.438028,15.124778, ,0.0,0.0,2,2600,0,0,0,0,0,0
TF,OE420,59.356639,15.091750,0, ,0.0,0.0,185.0,5.0,1,2600,0,0,0,0,2,0
TF,RW19,59.236306,15.043028,0, ,0.0,0.0,185.0,7.4,1,245,0,0,0,0,3,1
TF,OE719,59.138611,15.003694,0, ,0.0,0.0,0.0,0.0,0,0,0,0,0,0,0,1
DF,KALJO,59.228056,15.040000,2, ,0.0,0.0,2,2900,0,1,230,0,0,1
HM,KALJO,59.228056,15.040000,2, ,0.0,0.0,5.0,04.3,2,2900,0,1,230,0,0,0,0

