SID,SIPS1G,03,5
DF,OK501,59.534500,13.422333,0, ,0.0,0.0,0,0,0,0,0,0,0,1
DF,OK602,59.345917,13.349333,2, ,0.0,0.0,0,0,0,0,0,0,0,0
TF,OK803,59.106583,13.125861,0, ,0.0,0.0,0.0,0.0,0,0,0,0,0,0,0,0
TF,SIPSI,58.924028,12.957778,0, ,0.0,0.0,0.0,0.0,0,0,0,0,0,0,0,0

SID,SIPS1H,21,5
DF,OK801,59.354139,13.252167,0, ,0.0,0.0,0,0,0,0,0,0,0,1
DF,SIPSI,58.924028,12.957778,0, ,0.0,0.0,0,0,0,0,0,0,0,0

SID,SIPS5B,03,2
CF,D023C,59.479133,13.369908,0,KSD,23.0,2.5,23.0,3.0,0,0,0,0,0,0,0,1
FA,D023C,59.479133,13.369908,0,KSD,0.0,0.0,23.0,2,2500,0,0,0,0,0,0
CI,2, ,0.0,146.0,0,0,0,0,0,0,0,0
CF,D184C,59.388728,13.314875,0,KSD,184.0,3.3,236.0,11.0,0,0,0,0,0,0,0,1
CF,SIPSI,58.924028,12.957778,0,KSD,195.5,33.3,195.0,30.0,0,0,0,0,0,0,0,0

SID,SIPS5C,21,2
CA,0,201.0,2,2500,0,0,0,0,0,0
CF,SIPSI,58.924028,12.957778,0,KSD,195.5,33.3,195.0,30.0,0,0,0,0,0,0,0,0

SID,TESD1G,03,5
DF,OK501,59.534500,13.422333,0, ,0.0,0.0,0,0,0,0,0,0,0,1
DF,OK502,59.619139,13.763444,0, ,0.0,0.0,0,0,0,0,0,0,0,0
TF,TESDI,59.720417,14.247333,0, ,0.0,0.0,0.0,0.0,0,0,0,0,0,0,0,0

SID,TESD1H,21,5
DF,OK801,59.354139,13.252167,0, ,0.0,0.0,0,0,0,0,0,0,0,1
DF,OK603,59.387056,13.581972,1, ,0.0,0.0,0,0,0,1,250,0,0,0
TF,TESDI,59.720417,14.247333,0, ,0.0,0.0,0.0,0.0,0,0,0,0,0,0,0,0

SID,TESD4B,03,2
CF,D023C,59.479133,13.369908,0,KSD,23.0,2.5,23.0,3.0,0,0,0,0,0,0,0,1
FA,D023C,59.479133,13.369908,0,KSD,0.0,0.0,23.0,2,2500,0,0,0,0,0,0
CI,0, ,0.0,84.0,0,0,0,0,0,0,0,0
CF,TESDI,59.720417,14.247333,0,KSD,53.7,32.6,54.0,18.0,0,0,0,0,0,0,0,0

SID,TESD4C,21,2
CF,D201C,59.397611,13.288683,0,KSD,201.0,3.0,201.0,3.0,0,0,0,0,0,0,0,1
FA,D201C,59.397611,13.288683,0,KSD,0.0,0.0,201.0,2,2500,0,0,0,0,0,0
CI,1, ,0.0,24.0,0,0,0,1,250,0,0,0
CF,TESDI,59.720417,14.247333,0,KSD,53.7,32.6,54.0,24.0,0,0,0,0,0,0,0,0

STAR,BELF1K,03,5
IF,BELFE,59.512361,13.061722, ,0.0,0.0,2,10000,0,0,0,0,0,0
TF,OK713,59.290278,13.012472,0, ,0.0,0.0,0.0,0.0,0,0,0,0,0,0,0,0
TF,SOVAS,59.254583,13.159139,0, ,0.0,0.0,0.0,0.0,2,2500,0,1,210,0,0,0

STAR,BELF1L,21,5
IF,BELFE,59.512361,13.061722, ,0.0,0.0,2,10000,0,0,0,0,0,0
TF,OK521,59.670722,13.369722,0, ,0.0,0.0,0.0,0.0,0,0,0,0,0,0,0,0
TF,NATVI,59.634583,13.517611,0, ,0.0,0.0,0.0,0.0,2,2500,0,1,210,0,0,0

STAR,SIPS1K,03,5
IF,SIPSI,58.924028,12.957778, ,0.0,0.0,2,10000,0,0,0,0,0,0
TF,OK712,59.187028,13.096389,0, ,0.0,0.0,0.0,0.0,2,5000,0,0,0,0,0,0
TF,SOVAS,59.254583,13.159139,0, ,0.0,0.0,0.0,0.0,2,2500,0,0,0,0,0,0

STAR,SIPS1L,21,5
IF,SIPSI,58.924028,12.957778, ,0.0,0.0,2,10000,0,0,0,0,0,0
TF,OK715,59.165389,13.210694,0, ,0.0,0.0,0.0,0.0,2,5000,0,0,0,0,0,0
TF,OK524,59.523528,13.593556,0, ,0.0,0.0,0.0,0.0,0,0,0,0,0,0,0,0
TF,OK523,59.598278,13.665194,0, ,0.0,0.0,0.0,0.0,0,0,0,0,0,0,0,0
TF,NATVI,59.634583,13.517611,0, ,0.0,0.0,0.0,0.0,2,2500,0,1,210,0,0,0

STAR,SIPS5E,03,2
IF,SIPSI,58.924028,12.957778, ,0.0,0.0,0,0,0,0,0,0,0,0
TF,D195P,59.192367,13.154231,0, ,0.0,0.0,0.0,0.0,2,5000,0,0,0,0,0,0
TF,D195M,59.239275,13.187281,0, ,0.0,0.0,0.0,0.0,0,0,0,0,0,0,0,1
CF,CF03,59.305361,13.206483,0,KSD,200.0,9.1,21.0,4.0,2,2500,0,0,0,0,0,0

STAR,SIPS5F,21,2
IF,SIPSI,58.924028,12.957778, ,0.0,0.0,0,0,0,0,0,0,0,0
TF,D195P,59.192367,13.154231,0, ,0.0,0.0,0.0,0.0,2,5000,0,0,0,0,0,0
TF,D195M,59.239275,13.187281,0, ,0.0,0.0,0.0,0.0,0,0,0,0,0,0,0,0
CI,0, ,0.0,15.0,0,0,0,0,0,0,0,0
AF,D032K,59.588308,13.548583,1,KSD,32.0,11.0,195.0,0,0,0,0,0,0,0,1
CF,CF21,59.583947,13.469214,0,KSD,21.3,9.5,201.0,2.0,2,2500,0,1,210,0,0,0

STAR,TESD1K,03,5
IF,TESDI,59.720417,14.247333, ,0.0,0.0,2,10000,0,0,0,0,0,0
TF,OK549,59.520583,13.867306,0, ,0.0,0.0,0.0,0.0,2,5000,0,0,0,0,0,0
TF,OK711,59.218722,13.305500,0, ,0.0,0.0,0.0,0.0,0,0,0,0,0,0,0,0
TF,SOVAS,59.254583,13.159139,0, ,0.0,0.0,0.0,0.0,2,2500,0,1,210,0,0,0

STAR,TESD1L,21,5
IF,TESDI,59.720417,14.247333, ,0.0,0.0,2,10000,0,0,0,0,0,0
TF,OK526,59.645694,13.854472,0, ,0.0,0.0,0.0,0.0,0,0,0,0,0,0,0,0
TF,OK525,59.642000,13.739250,0, ,0.0,0.0,0.0,0.0,2,5000,0,0,0,0,0,0
TF,NATVI,59.634583,13.517611,0, ,0.0,0.0,0.0,0.0,2,2500,0,1,210,0,0,0

STAR,TESD5E,03,2
IF,TESDI,59.720417,14.247333, ,0.0,0.0,0,0,0,0,0,0,0,0
TF,D054P,59.578667,13.781047,0, ,0.0,0.0,0.0,0.0,2,5000,0,0,0,0,0,0
TF,D054M,59.553244,13.696492,0, ,0.0,0.0,0.0,0.0,0,0,0,0,0,0,0,0
CI,0, ,0.0,234.0,0,0,0,0,0,0,0,0
AF,D187K,59.263544,13.257292,2,KSD,187.0,11.0,54.0,0,0,0,0,0,0,0,1
CF,CF03,59.305361,13.206483,0,KSD,200.0,9.1,21.0,2.0,2,2500,0,1,210,0,0,0

STAR,TESD5F,21,2
IF,TESDI,59.720417,14.247333, ,0.0,0.0,0,0,0,0,0,0,0,0
TF,D054P,59.578667,13.781047,0, ,0.0,0.0,0.0,0.0,2,5000,0,0,0,0,0,0
TF,D054M,59.553244,13.696492,0, ,0.0,0.0,0.0,0.0,0,0,0,0,0,0,0,0
CI,0, ,0.0,234.0,0,0,0,0,0,0,0,0
AF,D032K,59.588308,13.548583,1,KSD,32.0,11.0,54.0,0,0,0,0,0,0,0,1
CF,CF21,59.583947,13.469214,0,KSD,21.3,9.5,201.0,2.0,2,2500,0,1,210,0,0,0

FINAL,D03,03,D,2
IF,FD03,59.333761,13.241286,KSD,198.0,7.1,2,2500,0,0,0,0,2,0
CF,MD03,59.427139,13.318806,0,KSD,198.0,1.0,18.0,6.1,1,550,0,0,0,0,3,0
CF,KSD,59.442444,13.331556,0,KSD,0.0,0.0,18.0,1.0,0,0,0,0,0,0,0,0
FA,KSD,59.442444,13.331556,0,KSD,0.0,0.0,18.0,2,2500,0,0,0,0,0,0
DF,SKS,59.377083,13.273667,2, ,0.0,0.0,1,2500,0,0,0,0,0,0

FINAL,D21,21,D,3
IF,FD21,59.552481,13.446864,KSD,23.0,7.5,2,2500,0,0,0,0,2,0
CF,50VOR,59.515814,13.408344,0,KSD,23.0,5.0,203.0,2.5,2,1720,0,0,0,0,0,0
CF,RW21,59.454892,13.346967,0,KSD,27.2,0.9,203.0,4.1,1,405,0,0,0,0,3,0
CF,KSD,59.442444,13.331556,0,KSD,0.0,0.0,203.0,0.9,0,0,0,0,0,0,0,1
FA,KSD,59.442444,13.331556,0,KSD,0.0,0.0,203.0,2,2500,0,0,0,0,0,0
DF,NKS,59.532056,13.420028,2, ,0.0,0.0,1,2500,0,1,220,0,0,0

FINAL,I03,03,I,3
IF,CF03,59.305361,13.206483,SOK,200.7,10.1,2,2500,0,0,0,0,0,0
CF,FF03,59.335356,13.234553,0,SOK,200.7,8.1,21.0,2.0,1,2500,0,0,0,0,2,0
CF,RW03,59.434533,13.327764,0,SOK,200.7,1.5,21.0,6.6,1,385,0,0,0,0,3,0
FA,RW03,59.434533,13.327764,0,KSD,0.0,0.0,21.0,2,2500,0,0,0,0,0,0
DF,SKS,59.377083,13.273667,2, ,0.0,0.0,1,2500,0,0,0,0,0,0

FINAL,I21,21,I,3
IF,CF21,59.583947,13.469214,NOK,20.6,10.1,2,2500,0,0,0,0,0,0
CF,FF21,59.554000,13.440753,0,NOK,20.6,8.1,201.0,2.0,1,2500,0,0,0,0,2,0
CF,RW21,59.454892,13.346967,0,NOK,20.6,1.5,201.0,6.6,1,405,0,0,0,0,3,0
FA,RW21,59.454892,13.346967,0,KSD,0.0,0.0,201.0,2,2500,0,0,0,0,0,0
DF,NKS,59.532056,13.420028,2, ,0.0,0.0,1,2500,0,1,220,0,0,0

APPTR,R03,03,OK711
IF,OK711,59.218722,13.305500, ,0.0,0.0,2,2500,0,0,0,0,1,0
TF,SOVAS,59.254583,13.159139,0, ,0.0,0.0,0.0,0.0,2,2500,0,1,210,0,1,0

APPTR,R03,03,OK712
IF,OK712,59.187028,13.096389, ,0.0,0.0,2,5000,0,0,0,0,1,0
TF,SOVAS,59.254583,13.159139,0, ,0.0,0.0,0.0,0.0,2,2500,0,0,0,0,1,0

APPTR,R03,03,OK713
IF,OK713,59.290278,13.012472, ,0.0,0.0,2,2500,0,0,0,0,1,0
TF,SOVAS,59.254583,13.159139,0, ,0.0,0.0,0.0,0.0,2,2500,0,1,210,0,1,0

FINAL,R03,03,R,3
IF,SOVAS,59.254583,13.159139, ,0.0,0.0,2,2500,0,0,0,0,0,0
TF,OK710,59.334861,13.234083,0, ,0.0,0.0,21.0,5.4,1,2500,0,0,0,0,2,0
TF,RW03,59.434533,13.327764,0, ,0.0,0.0,21.0,6.7,1,383,0,0,0,0,3,1
TF,OK535,59.532111,13.419722,0, ,0.0,0.0,0.0,0.0,0,0,0,1,230,0,0,1
DF,OK714,59.377000,13.273417,2, ,0.0,0.0,2,2500,0,0,0,0,0,0
HM,OK714,59.377000,13.273417,1, ,0.0,0.0,21.0,04.3,2,2500,0,1,230,0,0,0,0

APPTR,R21,21,OK521
IF,OK521,59.670722,13.369722, ,0.0,0.0,2,3300,0,0,0,0,1,0
TF,NATVI,59.634583,13.517611,0, ,0.0,0.0,0.0,0.0,2,2500,0,1,210,0,1,0

APPTR,R21,21,OK522
IF,OK522,59.679472,13.560583, ,0.0,0.0,2,3300,0,0,0,0,1,0
TF,NATVI,59.634583,13.517611,0, ,0.0,0.0,0.0,0.0,2,2500,0,0,0,0,1,0

APPTR,R21,21,OK523
IF,OK523,59.598278,13.665194, ,0.0,0.0,2,2500,0,0,0,0,1,0
TF,NATVI,59.634583,13.517611,0, ,0.0,0.0,0.0,0.0,2,2500,0,1,210,0,1,0

FINAL,R21,21,R,3
IF,NATVI,59.634583,13.517611, ,0.0,0.0,2,2500,0,0,0,0,0,0
TF,OK520,59.553583,13.440361,0, ,0.0,0.0,201.0,5.4,1,2500,0,0,0,0,2,0
TF,RW21,59.454892,13.346967,0, ,0.0,0.0,201.0,6.6,1,403,0,0,0,0,3,1
TF,OK714,59.377000,13.273417,0, ,0.0,0.0,0.0,0.0,0,0,0,1,230,0,0,1
DF,OK535,59.532111,13.419722,2, ,0.0,0.0,2,2500,0,0,0,0,0,0
HM,OK535,59.532111,13.419722,2, ,0.0,0.0,201.0,04.3,2,2500,0,1,230,0,0,0,0

