SID,BESL1K,14,5
DF,PA600,65.493806,22.233000,0, ,0.0,0.0,0,0,0,0,0,0,0,1
DF,PA601,65.524833,22.519917,0, ,0.0,0.0,0,0,0,1,230,0,0,0
TF,PA450,65.603611,22.470750,0, ,0.0,0.0,0.0,0.0,0,0,0,0,0,0,0,0
TF,BESLA,65.857528,22.310250,0, ,0.0,0.0,0.0,0.0,0,0,0,0,0,0,0,0

SID,BESL1L,32,5
CA,0,307.0,2,1000,0,0,0,0,0,0
DF,PA900,65.619444,21.828000,0, ,0.0,0.0,0,0,0,0,0,0,0,0
TF,PA901,65.675083,21.824667,0, ,0.0,0.0,0.0,0.0,0,0,0,0,0,0,0,0
TF,BESLA,65.857528,22.310250,0, ,0.0,0.0,0.0,0.0,0,0,0,0,0,0,0,0

SID,BESL1P,14,2
CF,SLU03,65.508994,22.200239,0,SLU,128.7,2.5,127.0,2.0,2,470,0,0,0,0,0,1
CI,1, ,0.0,333.0,0,0,0,0,0,0,0,0
CF,BESLA,65.857528,22.310250,0,SLU,2.8,19.6,3.0,11.0,0,0,0,0,0,0,0,0

SID,BESL4C,32,2
CA,0,307.0,2,1000,0,0,0,0,0,0
CF,D290I,65.614642,21.821047,0,SLU,290.0,9.0,290.0,8.0,0,0,0,0,0,0,0,0
CI,0, ,0.0,290.0,0,0,0,0,0,0,0,0
AF,D350K,65.722928,22.134250,2,SLU,350.0,11.0,290.0,0,0,0,0,0,0,0,0
CF,BESLA,65.857528,22.310250,0,SLU,2.8,19.6,3.0,8.0,0,0,0,0,0,0,0,0

SID,RISE5B,14,2
CF,SLU03,65.508994,22.200239,0,SLU,128.7,2.5,127.0,2.0,2,470,0,0,0,0,0,1
CI,2, ,0.0,250.0,0,0,0,0,0,0,0,0
CF,RISEM,65.219056,21.242111,0,SLU,219.6,29.6,220.0,21.0,0,0,0,0,0,0,0,0

SID,RISE5C,32,2
CA,0,307.0,2,1000,0,0,0,0,0,0
CI,1, ,0.0,190.0,0,0,0,0,0,0,0,0
CF,RISEM,65.219056,21.242111,0,SLU,219.6,29.6,220.0,22.0,0,0,0,0,0,0,0,0

SID,SONI1K,14,5
DF,PA600,65.493806,22.233000,0, ,0.0,0.0,0,0,0,0,0,0,0,1
DF,PA601,65.524833,22.519917,0, ,0.0,0.0,0,0,0,1,230,0,0,0
TF,PA450,65.603611,22.470750,0, ,0.0,0.0,0.0,0.0,0,0,0,0,0,0,0,0
TF,SONIN,65.981944,21.806111,0, ,0.0,0.0,0.0,0.0,0,0,0,0,0,0,0,0

SID,SONI1L,32,5
CA,0,307.0,2,1000,0,0,0,0,0,0
DF,PA900,65.619444,21.828000,0, ,0.0,0.0,0,0,0,0,0,0,0,0
TF,PA901,65.675083,21.824667,0, ,0.0,0.0,0.0,0.0,0,0,0,0,0,0,0,0
TF,SONIN,65.981944,21.806111,0, ,0.0,0.0,0.0,0.0,0,0,0,0,0,0,0,0

SID,SONI4P,14,2
CF,SLU03,65.508994,22.200239,0,SLU,128.7,2.5,127.0,2.0,2,470,0,0,0,0,0,1
CI,1, ,0.0,316.0,0,0,0,0,0,0,0,0
CF,SONIN,65.981944,21.806111,0,SLU,333.2,27.8,333.0,14.0,0,0,0,0,0,0,0,0

SID,SONI4R,32,2
CA,0,307.0,2,470,0,0,0,0,0,0
CF,OL,65.602306,21.988694,0,SLU,305.9,5.2,307.0,4.0,0,0,0,0,0,0,0,1
CI,0, ,0.0,3.0,0,0,0,0,0,0,0,0
CF,SONIN,65.981944,21.806111,0,SLU,333.2,27.8,333.0,18.0,0,0,0,0,0,0,0,0

SID,SONI5C,32,2
CA,0,307.0,2,1000,0,0,0,0,0,0
CF,D290I,65.614642,21.821047,0,SLU,290.0,9.0,290.0,8.0,0,0,0,0,0,0,0,1
CI,0, ,0.0,6.0,0,0,0,0,0,0,0,0
CF,SONIN,65.981944,21.806111,0,SLU,333.2,27.8,333.0,10.0,0,0,0,0,0,0,0,0

SID,VERA1K,14,5
DF,PA600,65.493806,22.233000,0, ,0.0,0.0,0,0,0,0,0,0,0,1
DF,PA602,65.394583,22.210417,0, ,0.0,0.0,0,0,0,0,0,0,0,0
TF,VERAG,65.125528,21.987083,0, ,0.0,0.0,0.0,0.0,0,0,0,0,0,0,0,0

SID,VERA1L,32,5
CA,0,307.0,2,1000,0,0,0,0,0,0
DF,VERAG,65.125528,21.987083,1, ,0.0,0.0,0,0,0,0,0,0,0,0

SID,VERA5B,14,2
CF,SLU03,65.508994,22.200239,0,SLU,128.7,2.5,127.0,2.0,2,470,0,0,0,0,0,1
CI,0, ,0.0,209.0,0,0,0,0,0,0,0,0
CF,VERAG,65.125528,21.987083,0,SLU,178.5,25.2,178.0,18.0,0,0,0,0,0,0,0,0

SID,VERA5C,32,2
CA,0,307.0,2,1000,0,0,0,0,0,0
CI,1, ,0.0,150.0,0,0,0,0,0,0,0,0
CF,VERAG,65.125528,21.987083,0,SLU,178.5,25.2,178.0,17.0,0,0,0,0,0,0,0,0

STAR,BESL1S,14,5
IF,BESLA,65.857528,22.310250, ,0.0,0.0,0,0,0,0,0,0,0,0
TF,PA922,65.751611,21.931028,0, ,0.0,0.0,0.0,0.0,0,0,0,0,0,0,0,0
TF,PA920,65.695361,21.782639,0, ,0.0,0.0,0.0,0.0,2,2100,0,1,210,0,0,0

STAR,BESL1T,32,5
IF,BESLA,65.857528,22.310250, ,0.0,0.0,0,0,0,0,0,0,0,0
TF,PA591,65.800389,22.352167,0, ,0.0,0.0,0.0,0.0,2,10000,0,0,0,0,0,0
TF,PA590,65.445694,22.608306,0, ,0.0,0.0,0.0,0.0,0,0,0,0,0,0,0,0
TF,PA570,65.389972,22.462194,0, ,0.0,0.0,0.0,0.0,2,2100,0,1,210,0,0,0

STAR,BESL4E,14,2
IF,BESLA,65.857528,22.310250, ,0.0,0.0,0,0,0,0,0,0,0,0
TF,D003N,65.766933,22.259547,0, ,0.0,0.0,0.0,0.0,0,0,0,0,0,0,0,0
CI,0, ,0.0,183.0,0,0,0,0,0,0,0,0
AF,D318L,65.709036,21.877789,1,SLU,318.0,12.0,3.0,0,0,0,0,0,0,0,0
CF,FI14,65.634461,21.919167,0,SLU,306.7,7.8,127.0,3.0,2,2100,0,0,0,0,0,0

STAR,BESL4F,32,2
IF,BESLA,65.857528,22.310250, ,0.0,0.0,0,0,0,0,0,0,0,0
TF,D003N,65.766933,22.259547,0, ,0.0,0.0,0.0,0.0,0,0,0,0,0,0,0,0
CI,0, ,0.0,183.0,0,0,0,0,0,0,0,0
AF,D115L,65.425386,22.526397,2,SLU,115.0,12.0,3.0,0,0,0,0,0,0,0,0
CF,FI32,65.451328,22.326606,0,SLU,128.0,7.2,307.0,3.0,2,2100,0,0,0,0,0,0

STAR,ELBO1E,14,2
IF,ELBOG,65.162667,21.514833, ,0.0,0.0,0,0,0,0,0,0,0,0
TF,D205N,65.348689,21.817278,0, ,0.0,0.0,0.0,0.0,2,2500,0,0,0,0,0,0
CI,0, ,0.0,25.0,0,0,0,0,0,0,0,0
AF,D296L,65.656875,21.743500,2,SLU,296.0,12.0,205.0,0,0,0,0,0,0,0,0
CF,FI14,65.634461,21.919167,0,SLU,306.7,7.8,127.0,3.0,2,2100,0,0,0,0,0,0

STAR,ELBO1F,32,2
IF,ELBOG,65.162667,21.514833, ,0.0,0.0,0,0,0,0,0,0,0,0
TF,D205N,65.348689,21.817278,0, ,0.0,0.0,0.0,0.0,2,2500,0,0,0,0,0,0
CI,0, ,0.0,25.0,0,0,0,0,0,0,0,0
AF,D139L,65.369169,22.380283,1,SLU,139.0,12.0,205.0,0,0,0,0,0,0,0,0
CF,FI32,65.451328,22.326606,0,SLU,128.0,7.2,307.0,3.0,2,2100,0,0,0,0,0,0

STAR,GOSD1S,14,5
IF,GOSDI,64.988500,21.365056, ,0.0,0.0,2,10000,0,0,0,0,0,0
TF,PA921,65.638944,21.634861,0, ,0.0,0.0,0.0,0.0,0,0,0,0,0,0,0,0
TF,PA920,65.695361,21.782639,0, ,0.0,0.0,0.0,0.0,2,2100,0,1,210,0,0,0

STAR,GOSD1T,32,5
IF,GOSDI,64.988500,21.365056, ,0.0,0.0,2,10000,0,0,0,0,0,0
TF,PA700,65.119556,21.721083,0, ,0.0,0.0,0.0,0.0,2,5000,0,0,0,0,0,0
TF,PA571,65.333472,22.315056,0, ,0.0,0.0,0.0,0.0,0,0,0,0,0,0,0,0
TF,PA570,65.389972,22.462194,0, ,0.0,0.0,0.0,0.0,2,2100,0,1,210,0,0,0

STAR,RISE5E,14,2
IF,RISEM,65.219056,21.242111, ,0.0,0.0,0,0,0,0,0,0,0,0
TF,D220N,65.388933,21.709458,0, ,0.0,0.0,0.0,0.0,2,2500,0,0,0,0,0,0
CI,0, ,0.0,40.0,0,0,0,0,0,0,0,0
AF,D296L,65.656875,21.743500,2,SLU,296.0,12.0,220.0,0,0,0,0,0,0,0,0
CF,FI14,65.634461,21.919167,0,SLU,306.7,7.8,127.0,3.0,2,2100,0,0,0,0,0,0

STAR,RISE5F,32,2
IF,RISEM,65.219056,21.242111, ,0.0,0.0,0,0,0,0,0,0,0,0
TF,D220N,65.388933,21.709458,0, ,0.0,0.0,0.0,0.0,2,2500,0,0,0,0,0,0
CI,0, ,0.0,40.0,0,0,0,0,0,0,0,0
AF,D139L,65.369169,22.380283,1,SLU,139.0,12.0,220.0,0,0,0,0,0,0,0,0
CF,FI32,65.451328,22.326606,0,SLU,128.0,7.2,307.0,3.0,2,2100,0,0,0,0,0,0

STAR,SONI1S,14,5
IF,SONIN,65.981944,21.806111, ,0.0,0.0,2,10000,0,0,0,0,0,0
TF,PA920,65.695361,21.782639,0, ,0.0,0.0,0.0,0.0,2,2100,0,1,210,0,0,0

STAR,SONI1T,32,5
IF,SONIN,65.981944,21.806111, ,0.0,0.0,2,10000,0,0,0,0,0,0
TF,PA895,65.889583,21.947056,0, ,0.0,0.0,0.0,0.0,2,5000,0,0,0,0,0,0
TF,PA590,65.445694,22.608306,0, ,0.0,0.0,0.0,0.0,0,0,0,0,0,0,0,0
TF,PA570,65.389972,22.462194,0, ,0.0,0.0,0.0,0.0,2,2100,0,1,210,0,0,0

STAR,SONI4T,32,2
IF,SONIN,65.981944,21.806111, ,0.0,0.0,0,0,0,0,0,0,0,0
TF,SLU,65.540222,22.134250,0, ,0.0,0.0,0.0,0.0,2,2500,0,0,0,0,0,0
TF,D143J,65.392117,22.315133,0, ,0.0,0.0,0.0,0.0,0,0,0,0,0,0,0,1
CF,FI32,65.451328,22.326606,1,SLU,128.0,7.2,307.0,3.0,2,2100,0,0,0,0,0,0

STAR,SONI5E,14,2
IF,SONIN,65.981944,21.806111, ,0.0,0.0,0,0,0,0,0,0,0,0
TF,D333Q,65.802419,21.940892,0, ,0.0,0.0,0.0,0.0,2,2500,0,0,0,0,0,1
CR,0,SLU,313.0,188.0,0,0,0,0,0,0,0,0
CF,FI14,65.634461,21.919167,0,SLU,306.7,7.8,127.0,3.0,2,2100,0,0,0,0,0,0

STAR,TIMO1S,14,5
IF,TIMOB,65.069833,21.001417, ,0.0,0.0,2,10000,0,0,0,0,0,0
TF,RISEM,65.219056,21.242111,0, ,0.0,0.0,0.0,0.0,0,0,0,0,0,0,0,0
TF,PA921,65.638944,21.634861,0, ,0.0,0.0,0.0,0.0,0,0,0,0,0,0,0,0
TF,PA920,65.695361,21.782639,0, ,0.0,0.0,0.0,0.0,2,2100,0,1,210,0,0,0

STAR,TIMO1T,32,5
IF,TIMOB,65.069833,21.001417, ,0.0,0.0,2,10000,0,0,0,0,0,0
TF,PA701,65.168806,21.484750,0, ,0.0,0.0,0.0,0.0,2,5000,0,0,0,0,0,0
TF,PA571,65.333472,22.315056,0, ,0.0,0.0,0.0,0.0,0,0,0,0,0,0,0,0
TF,PA570,65.389972,22.462194,0, ,0.0,0.0,0.0,0.0,2,2100,0,1,210,0,0,0

FINAL,D14,14,D,3
IF,FD14,65.633261,21.916364,SLU,306.0,7.8,2,2100,0,0,0,0,2,0
CF,35VOR,65.582008,22.036672,0,SLU,306.0,3.5,126.0,4.3,2,800,0,0,0,0,0,0
CF,RW14,65.554797,22.097406,0,SLU,303.7,1.3,126.0,2.2,1,116,0,0,0,0,3,0
CF,SLU,65.540222,22.134250,0,SLU,0.0,0.0,126.0,1.3,0,0,0,0,0,0,0,1
FA,SLU,65.540222,22.134250,0,SLU,0.0,0.0,126.0,2,3100,0,0,0,0,0,0
VM,0,0,0,126.0,0,0,0,0,0,0,0,0

FINAL,D32,32,D,2
IF,FD32,65.450978,22.327167,SLU,128.0,7.2,2,2100,0,0,0,0,2,0
CF,RW32,65.532717,22.146553,0,SLU,135.8,0.6,308.0,6.7,1,72,0,0,0,0,3,0
CF,SLU,65.540222,22.134250,0,SLU,0.0,0.0,308.0,0.6,0,0,0,0,0,0,0,1
CA,0,308.0,2,3100,0,0,0,0,0,0
VM,0,0,0,308.0,0,0,0,0,0,0,0,0

FINAL,I14-Y,14,I,3
IF,PA920,65.695361,21.782639,PA,307.4,13.5,2,2100,0,0,0,0,0,0
CF,FI14,65.634461,21.919167,0,PA,307.3,8.5,127.0,5.0,1,2100,0,0,0,0,2,0
CF,RW14,65.554797,22.097406,0,PA,307.4,2.0,127.0,6.5,1,116,0,0,0,0,3,0
CA,0,127.0,2,3100,0,0,0,0,0,0
VM,0,0,0,127.0,0,0,0,0,0,0,0,0

APPTR,I14-Z,14,SLU
IF,SLU,65.540222,22.134250, ,0.0,0.0,0,0,0,0,0,0,0,0
CF,D306D,65.587972,22.022708,0,SLU,306.0,4.0,306.0,4.0,0,0,0,0,0,0,1,0
HF,D306D,65.587972,22.022708,2, ,0.0,0.0,126.0,07,2,2100,0,0,0,0,0,0,0

FINAL,I14-Z,14,I,3
IF,PA920,65.695361,21.782639,PA,307.4,13.5,2,2100,0,0,0,0,0,0
CF,FI14,65.634461,21.919167,0,PA,307.3,8.5,127.0,5.0,1,2100,0,0,0,0,2,0
CF,RW14,65.554797,22.097406,0,PA,307.3,2.0,127.0,6.5,1,116,0,0,0,0,3,0
CA,0,127.0,2,3100,0,0,0,0,0,0
VM,0,0,0,127.0,0,0,0,0,0,0,0,0

APPTR,I32,32,SLU
IF,SLU,65.540222,22.134250, ,0.0,0.0,0,0,0,0,0,0,0,0
CF,D128D,65.490808,22.241292,0,SLU,128.0,4.0,128.0,4.0,0,0,0,0,0,0,1,0
HF,D128D,65.490808,22.241292,2, ,0.0,0.0,308.0,07,2,2100,0,0,0,0,0,0,0

FINAL,I32,32,I,3
IF,PA570,65.389972,22.462194,SPA,127.2,13.6,2,2100,0,0,0,0,0,0
CF,FI32,65.451328,22.326606,0,SPA,127.3,8.6,307.0,5.0,1,2100,0,0,0,0,2,0
CF,RW32,65.532717,22.146553,0,SPA,127.3,2.0,307.0,6.7,1,72,0,0,0,0,3,0
FA,RW32,65.532717,22.146553,0,SLU,0.0,0.0,307.0,2,3100,0,0,0,0,0,0
VM,0,0,0,307.0,0,0,0,0,0,0,0,0

APPTR,L14-Y,14,OL1
HF,OL,65.602306,21.988694,2, ,0.0,0.0,127.0,04.3,2,2100,0,0,0,0,0,0,0

APPTR,L14-Y,14,OL2
HF,OL,65.602306,21.988694,2, ,0.0,0.0,127.0,04.3,2,2100,0,0,0,0,0,0,0

APPTR,L14-Y,14,OL3
HF,OL,65.602306,21.988694,2, ,0.0,0.0,127.0,04.3,2,2100,0,0,0,0,0,0,0

FINAL,L14-Y,14,D,3
IF,PA920,65.695361,21.782639,PA,307.4,13.5,2,2100,0,0,0,0,0,0
CF,OL,65.602306,21.988694,0,PA,306.9,5.9,127.0,7.6,2,1320,0,0,0,0,2,0
CF,MM14,65.561722,22.081972,0,PA,307.3,2.5,127.0,3.4,1,291,0,0,0,0,3,0
CA,0,127.0,2,3100,0,0,0,0,0,0
VM,0,0,0,127.0,0,0,0,0,0,0,0,0

APPTR,N14,14,OL1
HF,OL,65.602306,21.988694,2, ,0.0,0.0,127.0,04.3,2,2100,0,0,0,0,0,0,0

APPTR,N14,14,OL2
HF,OL,65.602306,21.988694,2, ,0.0,0.0,127.0,04.3,2,2100,0,0,0,0,0,0,0

APPTR,N14,14,OL3
HF,OL,65.602306,21.988694,2, ,0.0,0.0,127.0,04.3,2,2100,0,0,0,0,0,0,0

FINAL,N14,14,N,2
IF,OL,65.602306,21.988694,OL,0.0,0.0,2,1320,0,0,0,0,2,0
CF,RW14,65.554797,22.097406,0,OL,0.0,0.0,127.0,3.9,1,116,0,0,0,0,3,0
FA,RW14,65.554797,22.097406,0,SLU,0.0,0.0,127.0,2,3100,0,0,0,0,0,0
VM,0,0,0,127.0,0,0,0,0,0,0,0,0

APPTR,R14,14,PA851
IF,PA851,65.755861,21.644417, ,0.0,0.0,2,3000,0,0,0,0,1,0
TF,PA920,65.695361,21.782639,0, ,0.0,0.0,0.0,0.0,2,2100,0,0,0,0,1,0

APPTR,R14,14,PA921
IF,PA921,65.638944,21.634861, ,0.0,0.0,2,3100,0,0,0,0,1,0
TF,PA920,65.695361,21.782639,0, ,0.0,0.0,0.0,0.0,2,2100,0,1,210,0,1,0

APPTR,R14,14,PA922
IF,PA922,65.751611,21.931028, ,0.0,0.0,2,2100,0,0,0,0,1,0
TF,PA920,65.695361,21.782639,0, ,0.0,0.0,0.0,0.0,2,2100,0,1,210,0,1,0

FINAL,R14,14,R,3
IF,PA920,65.695361,21.782639, ,0.0,0.0,2,2100,0,0,0,0,0,0
TF,PA850,65.630694,21.927556,0, ,0.0,0.0,127.0,5.3,1,2100,0,0,0,0,2,0
TF,RW14,65.554797,22.097406,0, ,0.0,0.0,127.0,6.2,1,115,0,0,0,0,3,1
CA,0,127.0,2,3100,0,0,0,0,0,0
DF,PA852,65.578278,21.772056,2, ,0.0,0.0,0,0,0,0,0,0,0,0
TF,PA921,65.638944,21.634861,0, ,0.0,0.0,0.0,0.0,2,3100,0,0,0,0,0,0
HM,PA921,65.638944,21.634861,1, ,0.0,0.0,307.0,04.3,2,3100,0,0,0,0,0,0,0

APPTR,R32,32,PA551
IF,PA551,65.328417,22.595806, ,0.0,0.0,2,2100,0,0,0,0,1,0
TF,PA570,65.389972,22.462194,0, ,0.0,0.0,0.0,0.0,2,2100,0,0,0,0,1,0

APPTR,R32,32,PA571
IF,PA571,65.333472,22.315056, ,0.0,0.0,2,3100,0,0,0,0,1,0
TF,PA570,65.389972,22.462194,0, ,0.0,0.0,0.0,0.0,2,2100,0,1,210,0,1,0

APPTR,R32,32,PA590
IF,PA590,65.445694,22.608306, ,0.0,0.0,2,2100,0,0,0,0,1,0
TF,PA570,65.389972,22.462194,0, ,0.0,0.0,0.0,0.0,2,2100,0,1,210,0,1,0

FINAL,R32,32,R,3
IF,PA570,65.389972,22.462194, ,0.0,0.0,2,2100,0,0,0,0,0,0
TF,PA550,65.454889,22.318889,0, ,0.0,0.0,307.0,5.3,1,2100,0,0,0,0,2,0
TF,RW32,65.532717,22.146553,0, ,0.0,0.0,307.0,6.4,1,71,0,0,0,0,3,1
CA,0,307.0,2,3100,0,0,0,0,0,0
DF,PA552,65.394444,22.179972,1, ,0.0,0.0,0,0,0,0,0,0,0,0
TF,PA571,65.333472,22.315056,0, ,0.0,0.0,0.0,0.0,2,3100,0,0,0,0,0,0
HM,PA571,65.333472,22.315056,2, ,0.0,0.0,127.0,04.3,2,3100,0,0,0,0,0,0,0

