APPTR,I36,36,D172K
IF,D172K,59.162142,16.721269, ,0.0,0.0,2,2000,0,0,0,0,1,0
CF,CF36,59.195433,16.718706,0,SU,172.1,10.1,352.0,2.0,2,2000,0,0,0,0,1,0

FINAL,I36,36,I,3
IF,CF36,59.195433,16.718706,SU,172.1,10.1,2,2000,0,0,0,0,0,0
CF,FF36,59.246942,16.715306,0,SU,172.1,7.0,352.0,3.1,1,2000,0,0,0,0,2,0
CF,RW36,59.342617,16.708967,0,SU,172.1,1.3,352.0,5.8,1,181,0,0,0,0,3,0
FA,RW36,59.342617,16.708967,0,ARS,0.0,0.0,352.0,2,1200,0,0,0,0,0,0
DF,LX,59.275472,16.713139,2, ,0.0,0.0,1,2000,0,0,0,0,0,0

APPTR,Q36,36,D172K
IF,D172K,59.162142,16.721269, ,0.0,0.0,2,2000,0,0,0,0,1,0
CF,CF36,59.195433,16.718706,0,TRS,296.9,28.8,352.0,2.0,2,2000,0,0,0,0,1,0

FINAL,Q36,36,N,3
IF,CF36,59.195433,16.718706,LX,0.0,0.0,2,2000,0,0,0,0,0,0
CF,FF36,59.246942,16.715306,0,LX,0.0,0.0,352.0,3.1,2,2000,0,0,0,0,2,0
CF,RW36,59.342617,16.708967,0,SU,0.0,0.2,352.0,5.8,1,181,0,0,0,0,3,0
FA,RW36,59.342617,16.708967,0,ARS,0.0,0.0,352.0,2,1200,0,0,0,0,0,0
DF,LX,59.275472,16.713139,2, ,0.0,0.0,1,2000,0,0,0,0,0,0

APPTR,R18,18,SU500
IF,SU500,59.514361,16.795639, ,0.0,0.0,2,2000,0,0,0,0,1,0
TF,SU853,59.512694,16.697556,0, ,0.0,0.0,0.0,0.0,2,2000,0,0,0,0,1,0

APPTR,R18,18,SU851
IF,SU851,59.510944,16.599472, ,0.0,0.0,2,2000,0,0,0,0,1,0
TF,SU853,59.512694,16.697556,0, ,0.0,0.0,0.0,0.0,2,2000,0,0,0,0,1,0

APPTR,R18,18,SU852
IF,SU852,59.562528,16.694194, ,0.0,0.0,2,2200,0,0,0,0,1,0
TF,SU853,59.512694,16.697556,0, ,0.0,0.0,0.0,0.0,2,2000,0,0,0,0,1,0

FINAL,R18,18,R,3
IF,SU853,59.512694,16.697556, ,0.0,0.0,2,2000,0,0,0,0,0,0
TF,SU854,59.454528,16.701472,0, ,0.0,0.0,172.0,3.5,1,2000,0,0,0,0,2,0
TF,RW18,59.359539,16.707836,0, ,0.0,0.0,172.0,5.7,1,179,0,0,0,0,3,1
TF,SU550,59.266667,16.714000,0, ,0.0,0.0,0.0,0.0,0,0,0,0,0,0,0,1
DF,HEWAX,59.352222,16.708333,2, ,0.0,0.0,0,0,0,0,0,0,0,1
HM,HEWAX,59.352222,16.708333,1, ,0.0,0.0,172.0,04.3,2,2000,0,1,150,0,0,0,0

APPTR,R36,36,SU551
IF,SU551,59.191222,16.816278, ,0.0,0.0,2,2000,0,0,0,0,1,0
TF,SU553,59.189556,16.719139,0, ,0.0,0.0,0.0,0.0,2,2000,0,0,0,0,1,0

APPTR,R36,36,SU552
IF,SU552,59.139722,16.722444, ,0.0,0.0,2,2000,0,0,0,0,1,0
TF,SU553,59.189556,16.719139,0, ,0.0,0.0,0.0,0.0,2,2000,0,0,0,0,1,0

APPTR,R36,36,SU700
IF,SU700,59.187833,16.622000, ,0.0,0.0,2,2200,0,0,0,0,1,0
TF,SU553,59.189556,16.719139,0, ,0.0,0.0,0.0,0.0,2,2000,0,0,0,0,1,0

FINAL,R36,36,R,3
IF,SU553,59.189556,16.719139, ,0.0,0.0,2,2000,0,0,0,0,0,0
TF,SU554,59.247722,16.715278,0, ,0.0,0.0,352.0,3.5,1,2000,0,0,0,0,2,0
TF,RW36,59.342617,16.708967,0, ,0.0,0.0,352.0,5.7,1,181,0,0,0,0,3,1
TF,SU850,59.431833,16.703000,0, ,0.0,0.0,0.0,0.0,0,0,0,0,0,0,0,1
DF,HEWAX,59.352222,16.708333,2, ,0.0,0.0,0,0,0,0,0,0,0,1
HM,HEWAX,59.352222,16.708333,1, ,0.0,0.0,172.0,04.3,2,2000,0,1,150,0,0,0,0

