APPTR,I33,33,D145O
IF,D145O,65.580575,15.365497, ,0.0,0.0,2,5700,0,0,0,0,1,0
CF,CI33,65.639653,15.291964,0,IUT,144.5,11.8,325.0,4.0,2,4500,0,0,0,0,1,0

FINAL,I33,33,I,3
IF,CI33,65.639653,15.291964,IUT,144.5,11.8,2,4500,0,0,0,0,0,0
CF,FF33,65.709019,15.205133,0,IUT,144.5,7.1,325.0,4.7,1,3500,0,0,0,0,2,0
CF,RW33,65.799519,15.091058,0,IUT,144.5,1.0,325.0,6.1,1,1557,0,0,0,0,3,0
TF,D325B,65.831431,15.051042,0, ,0.0,0.0,0.0,0.0,0,0,0,0,0,0,0,1
CI,0, ,0.0,277.0,0,0,0,0,0,0,0,0
FA,NUT,65.836056,15.045556,0,VFL,0.0,0.0,247.0,2,3500,0,1,160,0,0,0
DF,SUT,65.710972,15.201444,1, ,0.0,0.0,1,5800,0,1,160,0,0,0

APPTR,L15,15,LENGO
IF,LENGO,65.980278,14.607222, ,0.0,0.0,2,8300,0,0,0,0,1,0
TF,UT850,66.022778,14.805917,0,WUT,0.0,0.0,0.0,0.0,2,5800,0,0,0,0,1,0

APPTR,L15,15,SIRVA
IF,SIRVA,66.103583,14.701111, ,0.0,0.0,2,8300,0,0,0,0,1,0
TF,UT850,66.022778,14.805917,0,WUT,0.0,0.0,0.0,0.0,2,5800,0,0,0,0,1,0

APPTR,L15,15,TAKOT
IF,TAKOT,66.053472,14.950833, ,0.0,0.0,2,6900,0,0,0,0,1,0
TF,UT850,66.022778,14.805917,0,WUT,0.0,0.0,0.0,0.0,2,5800,0,0,0,0,1,0

FINAL,L15,15,D,6
IF,UT850,66.022778,14.805917,WUT,324.6,15.3,2,5800,0,0,0,0,0,0
CF,LOC12,65.971264,14.872067,0,WUT,324.6,11.8,145.0,3.5,2,5400,0,0,0,0,0,0
CF,FF15,65.946250,14.904172,0,WUT,324.6,10.1,145.0,1.7,2,5200,0,0,0,0,2,0
CF,79LOC,65.918283,14.939981,0,WUT,324.6,8.2,145.0,1.9,2,4430,0,0,0,0,0,0
CF,69LOC,65.903561,14.958794,0,WUT,324.6,7.2,145.0,1.0,2,4030,0,0,0,0,0,0
CF,MA15,65.860850,15.013236,0,WUT,324.6,4.3,145.0,2.9,1,2882,0,0,0,0,3,0
CA,0,145.0,2,5800,0,0,0,0,0,0
DF,SUT,65.710972,15.201444,0, ,0.0,0.0,0,0,0,0,0,0,0,0
HM,SUT,65.710972,15.201444,2, ,0.0,0.0,325.0,04.3,2,5800,0,0,0,0,0,0,0

APPTR,R15,15,LENGO
IF,LENGO,65.980278,14.607222, ,0.0,0.0,2,8300,0,0,0,0,1,0
TF,UT850,66.022778,14.805917,0, ,0.0,0.0,0.0,0.0,2,5800,0,0,0,0,1,0

APPTR,R15,15,SIRVA
IF,SIRVA,66.103583,14.701111, ,0.0,0.0,2,8300,0,0,0,0,1,0
TF,UT850,66.022778,14.805917,0, ,0.0,0.0,0.0,0.0,2,5800,0,0,0,0,1,0

APPTR,R15,15,TAKOT
IF,TAKOT,66.053472,14.950833, ,0.0,0.0,2,6900,0,0,0,0,1,0
TF,UT850,66.022778,14.805917,0, ,0.0,0.0,0.0,0.0,2,5800,0,0,0,0,1,0

FINAL,R15,15,R,3
IF,UT850,66.022778,14.805917, ,0.0,0.0,2,5800,0,0,0,0,0,0
TF,UT851,65.958306,14.888833,0, ,0.0,0.0,144.0,4.4,1,5510,0,0,0,0,2,0
TF,RW15,65.811025,15.076492,0, ,0.0,0.0,144.0,10.0,1,1553,0,0,0,0,3,1
TF,SUT,65.710972,15.201444,0, ,0.0,0.0,0.0,0.0,0,0,0,0,0,0,0,1
HM,SUT,65.710972,15.201444,2, ,0.0,0.0,325.0,04.3,2,5900,0,0,0,0,0,0,0

APPTR,R33,33,BALNU
IF,BALNU,65.565750,15.383833, ,0.0,0.0,2,6300,0,0,0,0,1,0
TF,UT550,65.639639,15.291944,0, ,0.0,0.0,0.0,0.0,2,4500,0,0,0,0,1,0

APPTR,R33,33,DOSIV
IF,DOSIV,65.677583,15.471056, ,0.0,0.0,2,6900,0,1,210,0,1,0
TF,UT550,65.639639,15.291944,0, ,0.0,0.0,0.0,0.0,2,4500,0,1,210,0,1,0

APPTR,R33,33,RILUG
IF,RILUG,65.601472,15.113361, ,0.0,0.0,2,6400,0,1,210,0,1,0
TF,UT550,65.639639,15.291944,0, ,0.0,0.0,0.0,0.0,2,4500,0,1,210,0,1,0

FINAL,R33,33,R,3
IF,UT550,65.639639,15.291944, ,0.0,0.0,2,4500,0,0,0,0,0,0
TF,UT551,65.714889,15.197750,0, ,0.0,0.0,325.0,5.1,1,3500,0,0,0,0,2,0
TF,RW33,65.799519,15.091058,0, ,0.0,0.0,325.0,5.7,1,1553,0,0,0,0,3,1
TF,UT852,65.829000,15.053694,0, ,0.0,0.0,0.0,0.0,0,0,0,1,160,0,0,1
DF,UT853,65.785972,14.852722,1, ,0.0,0.0,0,0,0,1,160,0,0,0
TF,SUT,65.710972,15.201444,1, ,0.0,0.0,0.0,0.0,2,5900,0,0,0,0,0,1
HM,SUT,65.710972,15.201444,2, ,0.0,0.0,325.0,04.3,2,5900,0,1,200,0,0,0,0

