SID,CEL1A,08,5
CA,0,78.0,2,800,0,0,0,0,0,0
VI,0, ,0.0,43.0,0,0,0,0,0,0,0,0
CF,NW580,52.614167,9.591167,0,MAG,292.5,89.3,358.0,7.0,0,0,0,0,0,0,0,0
TF,CEL,52.589594,10.029461,2, ,0.0,0.0,0.0,0.0,0,0,0,1,220,0,0,0

SID,CEL1B,26,5
CA,0,258.0,2,590,0,0,0,0,0,0
CF,NW410,52.433586,9.297722,0,MAG,283.9,95.8,248.0,4.0,0,0,0,0,0,0,0,1
DF,NIE,52.625842,9.372150,2, ,0.0,0.0,0,0,0,0,0,0,0,0
TF,CEL,52.589594,10.029461,0, ,0.0,0.0,0.0,0.0,0,0,0,1,250,0,0,0

SID,NIE1A,08,5
CA,0,78.0,2,800,0,0,0,0,0,0
VI,0, ,0.0,43.0,0,0,0,0,0,0,0,0
CF,NW580,52.614167,9.591167,0,MAG,292.5,89.3,358.0,7.0,0,0,0,0,0,0,0,0
TF,NIE,52.625842,9.372150,0, ,0.0,0.0,0.0,0.0,0,0,0,1,220,0,0,0

SID,NIE1B,26,5
CA,0,258.0,2,590,0,0,0,0,0,0
CF,NW410,52.433586,9.297722,0,MAG,283.9,95.8,248.0,4.0,0,0,0,0,0,0,0,1
DF,NIE,52.625842,9.372150,2, ,0.0,0.0,0,0,0,1,250,0,0,0

SID,NW102,02,2
CA,0,23.0,2,600,0,0,0,0,0,0
CD, ,0,0,0,HAD,0,0.0,296.0,10.3,3,1000,0,1,150,0,0,0
CD, ,0,0,0,HAD,0,0.0,296.0,14.0,1,2000,0,0,0,0,0,0
VM,0,0,0,296.0,0,0,0,0,0,0,0,0

SID,NW120,20,2
CD, ,0,0,0,IWUE,0,0.0,203.0,5.0,2,2000,0,0,0,0,0,0
VM,0,0,0,203.0,0,0,0,0,0,0,0,0

SID,NW308,08,2
CD, ,0,0,0,IWUE,0,0.0,78.0,6.0,2,2000,0,0,0,0,0,0
VM,0,0,0,78.0,0,0,0,0,0,0,0,0

SID,NW326,26,2
DF,DER26,52.456014,9.412622,0, ,0.0,0.0,0,0,0,0,0,0,0,0
CD, ,0,0,0,IWUW,0,0.0,248.0,6.0,2,2000,0,0,0,0,0,0
VM,0,0,0,248.0,0,0,0,0,0,0,0,0

SID,ROBE1A,08,5
CA,0,78.0,2,800,0,0,0,0,0,0
VI,0, ,0.0,131.0,0,0,0,0,0,0,0,0
CF,NW581,52.321500,9.605833,0,MAG,281.5,83.2,176.0,6.0,0,0,0,1,220,0,0,0
TF,ROBEG,52.233617,9.269619,0, ,0.0,0.0,0.0,0.0,0,0,0,0,0,0,0,0

SID,ROBE1B,26,5
CA,0,258.0,2,590,0,0,0,0,0,0
CF,NW410,52.433586,9.297722,0,MAG,283.9,95.8,248.0,4.0,0,0,0,0,0,0,0,1
DF,ROBEG,52.233617,9.269619,0, ,0.0,0.0,0,0,0,1,250,0,0,0

SID,SAS1A,08,5
CA,0,78.0,2,800,0,0,0,0,0,0
VI,0, ,0.0,131.0,0,0,0,0,0,0,0,0
CF,NW581,52.321500,9.605833,0,MAG,281.5,83.2,176.0,6.0,0,0,0,1,220,0,0,0
TF,SAS,52.250778,9.884219,0, ,0.0,0.0,0.0,0.0,0,0,0,0,0,0,0,0

SID,VAXE1A,08,5
CA,0,78.0,2,800,0,0,0,0,0,0
VI,0, ,0.0,43.0,0,0,0,0,0,0,0,0
CF,NW580,52.614167,9.591167,0,MAG,292.5,89.3,358.0,7.0,0,0,0,0,0,0,0,0
TF,NIE,52.625842,9.372150,0, ,0.0,0.0,0.0,0.0,0,0,0,1,220,0,0,0
TF,VAXEV,52.395556,9.088056,0, ,0.0,0.0,0.0,0.0,0,0,0,0,0,0,0,0

SID,VAXE1B,26,5
CA,0,258.0,2,590,0,0,0,0,0,0
CF,NW410,52.433586,9.297722,0,MAG,283.9,95.8,248.0,4.0,0,0,0,0,0,0,0,0
TF,VAXEV,52.395556,9.088056,0, ,0.0,0.0,0.0,0.0,0,0,0,1,250,0,0,0

APPTR,I08-Z,08,IPKAP
IF,IPKAP,52.572833,9.110333, ,0.0,0.0,4,10000,3000,0,0,0,1,0
CI,0, ,0.0,117.0,0,0,0,0,0,0,0,0
AF,D272K,52.473614,9.131217,1,WUN,272.0,11.0,297.0,2,2000,0,0,0,0,0,0
CI,0,IWUE,0.0,108.0,0,0,0,0,0,0,0,0

FINAL,I08-Z,08,I,3
IF,CI08Z,52.430336,9.132528,IWUE,257.6,11.8,2,2000,0,0,0,0,0,0
CF,FI08Z,52.442764,9.267164,0,IWUE,257.6,6.8,78.0,5.0,1,2000,0,0,0,0,2,0
CF,RW08,52.456339,9.416231,0,IWUE,257.6,1.3,78.0,5.5,1,225,0,0,0,0,3,0
CA,0,78.0,2,700,0,0,0,0,0,0
CI,1, ,0.0,252.0,0,0,0,1,220,0,0,0
CF,D297J,52.540342,9.195406,0,WUN,297.0,10.0,297.0,7.0,1,1500,0,0,0,0,0,0
CF,IPKAP,52.572833,9.110333,0,WUN,297.4,13.7,297.0,3.7,1,3000,0,0,0,0,0,0
HM,IPKAP,52.572833,9.110333,2, ,0.0,0.0,117.0,05,2,3000,0,0,0,0,0,0,0

APPTR,I26-Z,26,IPKAP
IF,IPKAP,52.572833,9.110333, ,0.0,0.0,4,10000,3000,0,0,0,1,0
CI,0, ,0.0,117.0,0,0,0,0,0,0,0,0
AF,D064K,52.523108,9.707672,2,WUN,64.0,11.0,297.0,2,3000,0,0,0,0,0,0
CI,0,IWUW,0.0,228.0,2,2000,0,0,0,0,0,0

FINAL,I26-Z,26,I,3
IF,CI26Z,52.483864,9.725281,IWUW,77.6,11.7,2,2000,0,0,0,0,0,0
CF,FI26Z,52.472336,9.594711,0,IWUW,77.6,6.8,258.0,4.8,1,2000,0,0,0,0,2,0
CF,RW26,52.459000,9.445700,0,IWUW,77.6,1.3,258.0,5.5,1,228,0,0,0,0,3,0
CF,D258B,52.452767,9.375003,0,WUN,262.4,2.0,258.0,2.6,0,0,0,0,0,0,0,1
CI,2, ,0.0,342.0,0,0,0,0,0,0,0,0
CF,D297J,52.540342,9.195406,0,WUN,297.0,10.0,297.0,6.0,1,2000,0,0,0,0,0,0
CF,IPKAP,52.572833,9.110333,0,WUN,297.4,13.7,297.0,3.7,1,3000,0,0,0,0,0,0
HM,IPKAP,52.572833,9.110333,2, ,0.0,0.0,117.0,05,2,3000,0,0,0,0,0,0,0

APPTR,R08,08,NIE
IF,NIE,52.625842,9.372150, ,0.0,0.0,2,3000,0,1,230,0,1,0
TF,NW500,52.524519,9.246958,0, ,0.0,0.0,0.0,0.0,0,0,0,0,0,0,0,0
TF,NW501,52.512425,9.111994,0, ,0.0,0.0,0.0,0.0,0,0,0,0,0,0,0,0
TF,NW502,52.500331,8.977067,0, ,0.0,0.0,0.0,0.0,0,0,0,0,0,0,0,0
TF,NW503,52.488239,8.842175,0, ,0.0,0.0,0.0,0.0,2,3000,0,0,0,0,0,0
TF,NW504,52.405917,8.862111,0, ,0.0,0.0,0.0,0.0,2,3000,0,0,0,0,0,0
TF,NW505,52.418167,8.996714,0, ,0.0,0.0,0.0,0.0,2,3000,0,0,0,0,0,0
TF,NW506,52.430414,9.131356,0, ,0.0,0.0,0.0,0.0,2,2000,0,0,0,0,1,0

APPTR,R08,08,ROBEG
IF,ROBEG,52.233617,9.269619, ,0.0,0.0,2,4000,0,1,230,0,1,0
TF,NW520,52.347783,9.150792,0, ,0.0,0.0,0.0,0.0,0,0,0,0,0,0,0,0
TF,NW521,52.335689,9.016364,0, ,0.0,0.0,0.0,0.0,0,0,0,0,0,0,0,0
TF,NW522,52.323594,8.881975,0, ,0.0,0.0,0.0,0.0,2,4000,0,0,0,0,0,0
TF,NW504,52.405917,8.862111,0, ,0.0,0.0,0.0,0.0,2,3000,0,0,0,0,0,0
TF,NW505,52.418167,8.996714,0, ,0.0,0.0,0.0,0.0,2,3000,0,0,0,0,0,0
TF,NW506,52.430414,9.131356,0, ,0.0,0.0,0.0,0.0,2,2000,0,0,0,0,1,0

FINAL,R08,08,R,3
IF,NW506,52.430414,9.131356, ,0.0,0.0,2,2000,0,0,0,0,0,0
TF,NW507,52.442636,9.265683,0, ,0.0,0.0,78.0,5.0,2,2000,0,0,0,0,2,0
TF,RW08,52.456339,9.416231,0, ,0.0,0.0,78.0,5.6,1,221,0,0,0,0,3,1
CA,0,78.0,2,700,0,0,0,0,0,0
DF,NIE,52.625842,9.372150,1, ,0.0,0.0,1,3000,0,1,230,0,0,0

APPTR,R26,26,NIE
IF,NIE,52.625842,9.372150, ,0.0,0.0,2,3000,0,1,230,0,1,0
TF,NW400,52.553250,9.563542,0, ,0.0,0.0,0.0,0.0,0,0,0,0,0,0,0,0
TF,NW401,52.566592,9.710583,0, ,0.0,0.0,0.0,0.0,0,0,0,0,0,0,0,0
TF,NW402,52.578839,9.845678,0, ,0.0,0.0,0.0,0.0,0,0,0,0,0,0,0,0
TF,NW403,52.591086,9.980811,0, ,0.0,0.0,0.0,0.0,0,0,0,0,0,0,0,0
TF,NW404,52.508769,10.000794,0, ,0.0,0.0,0.0,0.0,2,3000,0,0,0,0,0,0
TF,NW405,52.496675,9.865878,0, ,0.0,0.0,0.0,0.0,2,3000,0,0,0,0,0,0
TF,NW406,52.484581,9.730997,0, ,0.0,0.0,0.0,0.0,2,2000,0,0,0,0,1,0

FINAL,R26,26,R,3
IF,NW406,52.484581,9.730997, ,0.0,0.0,2,2000,0,0,0,0,0,0
TF,NW407,52.472486,9.596153,0, ,0.0,0.0,258.0,5.0,2,2000,0,0,0,0,2,0
TF,RW26,52.459000,9.445700,0, ,0.0,0.0,258.0,5.6,1,224,0,0,0,0,3,1
CF,NW410,52.433586,9.297722,0,WUN,251.2,5.0,249.0,5.6,0,0,0,0,0,0,0,1
DF,NIE,52.625842,9.372150,2, ,0.0,0.0,1,3000,0,1,230,0,0,0

APPTR,T02,02,D197R
IF,D197R,52.180556,9.255278, ,0.0,0.0,4,6000,4000,0,0,0,1,0
CF,D197N,52.237239,9.293367,0,WUN,197.0,14.0,17.0,3.7,0,0,0,0,0,0,0,0
CF,D197K,52.283883,9.322400,0,WUN,197.0,11.0,17.0,3.0,2,3000,0,0,0,0,0,0
CF,FT02,52.361611,9.370925,0,WUN,197.0,6.0,17.0,5.0,2,1900,0,0,0,0,0,0

APPTR,T02,02,IPKAP
IF,IPKAP,52.572833,9.110333, ,0.0,0.0,4,10000,3000,0,0,0,1,0
CI,0, ,0.0,117.0,0,0,0,0,0,0,0,0
AF,D208K,52.299486,9.271131,1,WUN,208.0,11.0,297.0,2,3000,0,0,0,0,0,1
CF,FT02,52.361611,9.370925,0,WUN,197.0,6.0,17.0,5.0,2,1900,0,0,0,0,0,0

FINAL,T02,02,D,3
IF,FT02,52.361611,9.370925,WUN,197.0,6.0,2,1900,0,0,0,0,2,0
CF,20TAC,52.423775,9.409869,0,WUN,197.0,2.0,17.0,4.0,2,680,0,0,0,0,0,0
CF,MT02,52.439314,9.419622,0,WUN,197.0,1.0,17.0,1.0,1,364,0,0,0,0,3,0
CA,0,17.0,2,590,0,0,0,0,0,0
CI,1, ,0.0,252.0,0,0,0,0,0,0,0,0
CF,D297J,52.540342,9.195406,0,WUN,297.0,10.0,297.0,8.0,3,2000,0,0,0,0,0,0
CF,IPKAP,52.572833,9.110333,0,WUN,297.4,13.7,297.0,3.7,1,3000,0,0,0,0,0,0
HM,IPKAP,52.572833,9.110333,2, ,0.0,0.0,117.0,05,2,3000,0,0,0,0,0,0,0

APPTR,T08,08,IPKAP
IF,IPKAP,52.572833,9.110333, ,0.0,0.0,4,10000,3000,0,0,0,1,0
CI,0, ,0.0,117.0,0,0,0,0,0,0,0,0
AF,D264K,52.448086,9.129928,1,WUN,264.0,11.0,297.0,0,0,0,0,0,0,0,0
CF,FT08,52.451256,9.266033,0,WUN,264.0,6.0,84.0,5.0,2,1900,0,0,0,0,0,0

FINAL,T08,08,D,2
IF,FT08,52.451256,9.266033,WUN,264.0,6.0,2,1900,0,0,0,0,2,0
CF,MT08,52.454269,9.402156,0,WUN,264.0,1.0,84.0,5.0,1,392,0,0,0,0,3,0
CA,0,84.0,2,590,0,0,0,0,0,0
CI,1, ,0.0,252.0,0,0,0,1,220,0,0,0
CF,D297E,52.497656,9.312506,0,WUN,297.0,5.0,297.0,3.0,3,1400,0,0,0,0,0,0
CF,D297J,52.540342,9.195406,0,WUN,297.0,10.0,297.0,5.0,3,2000,0,0,0,0,0,0
CF,IPKAP,52.572833,9.110333,0,WUN,297.4,13.7,297.0,3.7,1,3000,0,0,0,0,0,0
HM,IPKAP,52.572833,9.110333,2, ,0.0,0.0,117.0,05,2,3000,0,0,0,0,0,0,0

APPTR,T20,20,IPKAP
IF,IPKAP,52.572833,9.110333, ,0.0,0.0,4,10000,3000,0,0,0,1,0
CI,0, ,0.0,117.0,0,0,0,0,0,0,0,0
AF,D028K,52.610003,9.588750,2,WUN,28.0,11.0,297.0,0,0,0,0,0,0,0,0
CF,FT20,52.539508,9.516169,0,WUN,28.0,6.0,208.0,5.0,1,2000,0,0,0,0,0,0

FINAL,T20,20,D,3
IF,FT20,52.539508,9.516169,WUN,28.0,6.0,1,2000,0,0,0,0,2,0
CF,38TAC,52.508475,9.484308,0,WUN,28.0,3.8,208.0,2.2,2,1310,0,0,0,0,0,0
CF,MT20,52.468967,9.443822,0,WUN,28.0,1.0,208.0,2.8,1,421,0,0,0,0,3,0
CA,0,208.0,2,590,0,0,0,0,0,0
CI,2, ,0.0,342.0,0,0,0,0,0,0,0,0
CF,D297J,52.540342,9.195406,0,WUN,297.0,10.0,297.0,7.0,3,2000,0,0,0,0,0,0
CF,IPKAP,52.572833,9.110333,0,WUN,297.4,13.7,297.0,3.7,1,3000,0,0,0,0,0,0
HM,IPKAP,52.572833,9.110333,2, ,0.0,0.0,117.0,05,2,3000,0,0,0,0,0,0,0

APPTR,T26,26,IPKAP
IF,IPKAP,52.572833,9.110333, ,0.0,0.0,4,10000,3000,0,0,0,1,0
CI,0, ,0.0,117.0,0,0,0,0,0,0,0,0
AF,D061K,52.531914,9.701461,2,WUN,61.0,11.0,297.0,2,3000,0,0,0,0,0,1
CF,FT26,52.480594,9.587367,0,WUN,71.0,6.0,251.0,5.0,2,1900,0,0,0,0,0,0

FINAL,T26,26,D,3
IF,FT26,52.480594,9.587367,WUN,71.0,6.0,2,1900,0,0,0,0,2,0
CF,28TAC,52.466892,9.503086,0,WUN,71.0,2.8,251.0,3.2,2,980,0,0,0,0,0,0
CF,MT26,52.459158,9.455700,0,WUN,71.0,1.0,251.0,1.8,1,353,0,0,0,0,3,0
CF,D251A,52.450542,9.403069,0,WUN,251.0,1.0,251.0,2.0,0,0,0,0,0,0,0,1
CI,2, ,0.0,342.0,0,0,0,0,0,0,0,0
CF,D297J,52.540342,9.195406,0,WUN,297.0,10.0,297.0,8.0,3,2000,0,0,0,0,0,0
CF,IPKAP,52.572833,9.110333,0,WUN,297.4,13.7,297.0,3.7,1,3000,0,0,0,0,0,0
HM,IPKAP,52.572833,9.110333,2, ,0.0,0.0,117.0,05,2,3000,0,0,0,0,0,0,0

