SID,DONI1E,09,2
CF,SN512,48.710094,11.355539,0,NEU,87.4,5.8,86.0,5.0,2,4000,0,0,0,0,0,1
DF,DONIX,48.693333,10.754500,1, ,0.0,0.0,2,7000,0,0,0,0,0,0

SID,DONI1W,27,2
CF,SN401,48.703422,11.063281,0,NEU,260.7,5.9,261.0,5.2,2,4000,0,0,0,0,0,0
TF,DONIX,48.693333,10.754500,0, ,0.0,0.0,0.0,0.0,2,7000,0,0,0,0,0,0

SID,SN109,09,2
CF,D090E,48.709594,11.336778,0,NEU,90.0,5.0,88.0,5.0,2,4000,0,0,0,0,0,1

SID,SN127,27,2
DF,DER27,48.711092,11.194919,0, ,0.0,0.0,2,1650,0,0,0,0,0,1
CF,D264E,48.707236,11.085356,0,NEU,264.4,5.0,265.0,4.0,2,4000,0,0,0,0,0,1

APPTR,I27,27,D043K
IF,D043K,48.837333,11.414000, ,0.0,0.0,4,10000,6000,0,0,0,1,0
CI,0, ,0.0,43.0,0,0,0,0,0,0,0,0
AF,D079N,48.740408,11.560861,2,NEU,79.0,14.0,43.0,0,0,0,0,0,0,0,1
CF,CI27,48.709131,11.485889,0,INEU,86.5,11.7,267.0,3.0,2,4000,0,0,0,0,0,0

FINAL,I27,27,I,3
IF,CI27,48.709131,11.485889,INEU,86.5,11.7,2,4000,0,0,0,0,0,0
CF,FI27,48.709653,11.417950,0,INEU,86.5,9.0,267.0,2.7,1,3700,0,0,0,0,2,0
CF,RW27,48.710900,11.228675,0,INEU,86.5,1.5,267.0,7.5,1,1297,0,0,0,0,3,0
FD,RW27,48.710900,11.228675,0,NEU,93.9,4.0,265.0,4.0,0,0,0,0,0,0,0,0
CI,2, ,0.0,89.0,0,0,0,1,230,0,0,0
CF,D043P,48.893875,11.506517,0,NEU,43.0,16.0,43.0,13.0,1,6000,0,0,0,0,0,0
HM,D043P,48.893875,11.506517,1, ,0.0,0.0,43.0,05,2,6000,0,0,0,0,0,0,0

APPTR,R27,27,ERNAS
IF,ERNAS,48.844669,11.219353, ,0.0,0.0,0,0,0,0,0,0,1,0
TF,SN510,48.842514,11.521644,0, ,0.0,0.0,0.0,0.0,2,5000,0,0,0,0,0,0
TF,SN511,48.708847,11.519094,2, ,0.0,0.0,0.0,0.0,2,4000,0,0,0,0,1,0

FINAL,R27,27,R,3
IF,SN511,48.708847,11.519094, ,0.0,0.0,2,4000,0,0,0,0,0,0
TF,SN512,48.710094,11.355539,0, ,0.0,0.0,267.0,6.5,2,2900,0,0,0,0,2,0
TF,RW27,48.710900,11.228675,0, ,0.0,0.0,267.0,5.0,1,1295,0,0,0,0,3,1
CF,SN401,48.703422,11.063281,0,NEU,260.7,5.9,262.0,6.6,0,0,0,0,0,0,0,1
DF,ERNAS,48.844669,11.219353,2, ,0.0,0.0,2,6000,0,1,230,0,0,0

APPTR,T09,09,D263O
IF,D263O,48.698833,10.834167, ,0.0,0.0,2,5000,0,0,0,0,1,0
CF,FT09,48.707197,11.060194,0,NEU,263.0,6.0,83.0,9.0,2,2900,0,0,0,0,0,0

FINAL,T09,09,D,3
IF,FT09,48.707197,11.060194,NEU,263.0,6.0,2,2900,0,0,0,0,2,0
CF,30TAC,48.709886,11.135575,0,NEU,263.0,3.0,83.0,3.0,2,2040,0,0,0,0,0,0
CF,MT09,48.711650,11.185836,0,NEU,263.0,1.0,83.0,2.0,1,1413,0,0,0,0,3,0
CF,NEU,48.712528,11.210969,0,NEU,0.0,0.0,83.0,1.0,0,0,0,0,0,0,0,0
FD,NEU,48.712528,11.210969,0,NEU,0.0,1.0,83.0,1.0,0,0,0,0,0,0,0,0
CI,1, ,0.0,267.0,0,0,0,0,0,0,0,0
CF,D318O,48.909142,10.977650,0,NEU,318.0,15.0,318.0,10.0,0,0,0,0,0,0,0,0
AF,D263O,48.698833,10.834167,1,NEU,263.0,15.0,318.0,1,5000,0,0,0,0,0,0
HM,D263O,48.698833,10.834167,1, ,0.0,0.0,83.0,04.3,2,5000,0,0,0,0,0,0,0

APPTR,T27,27,D043K
IF,D043K,48.837333,11.414000, ,0.0,0.0,4,10000,6000,0,0,0,1,0
CI,0, ,0.0,43.0,0,0,0,0,0,0,0,0
AF,D089N,48.699786,11.562722,2,NEU,89.0,14.0,43.0,0,0,0,0,0,0,0,0
CF,D089K,48.702606,11.487361,0,NEU,89.0,11.0,269.0,3.0,2,4000,0,0,0,0,0,0
CF,FT27,48.707197,11.361742,0,NEU,89.0,6.0,269.0,5.0,2,2900,0,0,0,0,0,0

FINAL,T27,27,D,2
IF,FT27,48.707197,11.361742,NEU,89.0,6.0,2,2900,0,0,0,0,2,0
CF,MT27,48.711650,11.236097,0,NEU,89.0,1.0,269.0,5.0,1,1390,0,0,0,0,3,0
CF,NEU,48.712528,11.210969,0,NEU,0.0,0.0,269.0,1.0,0,0,0,0,0,0,0,1
FD,NEU,48.712528,11.210969,0,NEU,0.0,4.0,261.0,4.0,0,0,0,0,0,0,0,0
CI,2, ,0.0,89.0,0,0,0,0,0,0,0,0
CF,D043P,48.893875,11.506517,0,NEU,43.0,16.0,43.0,13.0,1,6000,0,0,0,0,0,0
HM,D043P,48.893875,11.506517,1, ,0.0,0.0,43.0,05,0,0,0,0,0,0,0,0,0

