APPTR,D18,18,LLR
IF,LLR,56.758972,24.849333, ,0.0,0.0,2,4000,0,0,0,0,1,0
FD,LLR,56.758972,24.849333,0,LLR,0.0,9.0,334.0,9.0,2,2000,0,1,230,0,0,0
CF,FD18,56.881333,24.877139,2,LLR,359.1,7.4,179.0,2.0,1,2000,0,0,0,0,0,0

APPTR,D18,18,ZUNDE
IF,ZUNDE,57.018333,24.908528, ,0.0,0.0,0,0,0,0,0,0,1,0
CF,D359L,56.963861,24.896000,0,LLR,359.1,12.4,179.0,3.3,2,3000,0,0,0,0,1,0
CF,FD18,56.881333,24.877139,0,LLR,359.1,7.4,179.0,5.0,1,2000,0,0,0,0,0,0

FINAL,D18,18,D,2
IF,FD18,56.881333,24.877139,LLR,359.1,7.4,1,2000,0,0,0,0,2,0
CF,RW18,56.790183,24.856406,0,LLR,359.1,1.9,179.0,5.5,1,257,0,0,0,0,3,0
FA,RW18,56.790183,24.856406,0,LLR,0.0,0.0,179.0,2,1300,0,0,0,0,0,0
VM,0,0,2,270.0,2,2500,0,1,230,0,0,0

APPTR,D36,36,GISPU
IF,GISPU,56.539800,24.799744, ,0.0,0.0,2,4000,0,0,0,0,1,0
CF,D179J,56.593250,24.811917,0,LLR,179.1,10.0,359.0,3.2,2,3000,0,0,0,0,1,0
CF,FD36,56.675806,24.830528,0,LLR,179.1,5.0,359.0,5.0,1,2000,0,0,0,0,0,0

APPTR,D36,36,LLR
IF,LLR,56.758972,24.849333, ,0.0,0.0,2,4000,0,0,0,0,1,0
FD,LLR,56.758972,24.849333,0,LLR,0.0,7.0,211.0,7.0,2,2000,0,1,230,0,0,0
CF,FD36,56.675806,24.830528,1,LLR,179.1,5.0,359.0,2.0,1,2000,0,0,0,0,0,0

FINAL,D36,36,D,2
IF,FD36,56.675806,24.830528,LLR,179.1,5.0,1,2000,0,0,0,0,2,0
CF,LLR,56.758972,24.849333,0,LLR,0.0,0.0,359.0,5.0,1,410,0,0,0,0,3,0
FA,LLR,56.758972,24.849333,0,LLR,0.0,0.0,359.0,2,1300,0,0,0,0,0,0
VM,0,0,0,270.0,2,2500,0,1,230,0,0,0

APPTR,I18,18,APZUF
IF,APZUF,57.028417,24.757194, ,0.0,0.0,2,4000,0,1,230,0,1,0
TF,ZUNDE,57.018333,24.908528,0,LDE,0.0,0.0,0.0,0.0,2,4000,0,0,0,0,1,0

APPTR,I18,18,KIKJU
IF,KIKJU,57.007972,25.059778, ,0.0,0.0,2,4000,0,1,230,0,1,0
TF,ZUNDE,57.018333,24.908528,0,LDE,0.0,0.0,0.0,0.0,2,4000,0,0,0,0,1,0

FINAL,I18,18,I,3
IF,ZUNDE,57.018333,24.908528,LDE,359.1,15.4,2,4000,0,1,230,0,1,0
CF,FI18,56.929167,24.888083,0,LDE,359.1,10.0,179.0,5.4,1,3000,0,0,0,0,2,0
CF,RW18,56.790183,24.856406,0,LDE,359.1,1.5,179.0,8.4,1,257,0,0,0,0,3,0
CA,0,179.0,2,1300,0,0,0,0,0,0
VM,0,0,2,270.0,2,2500,0,1,230,0,0,0

APPTR,L18,18,APZUF
IF,APZUF,57.028417,24.757194, ,0.0,0.0,2,4000,0,1,230,0,1,0
TF,ZUNDE,57.018333,24.908528,0,LDE,0.0,0.0,0.0,0.0,2,4000,0,0,0,0,1,0

APPTR,L18,18,KIKJU
IF,KIKJU,57.007972,25.059778, ,0.0,0.0,2,4000,0,1,230,0,1,0
TF,ZUNDE,57.018333,24.908528,0,LDE,0.0,0.0,0.0,0.0,2,4000,0,0,0,0,1,0

FINAL,L18,18,D,3
IF,ZUNDE,57.018333,24.908528,LDE,359.1,15.4,2,4000,0,1,230,0,1,0
CF,FF18,56.932472,24.888861,0,LDE,359.1,10.2,179.0,5.2,1,3000,0,0,0,0,2,0
CF,MA18,56.800833,24.858833,0,LDE,359.1,2.2,179.0,8.0,1,463,0,0,0,0,3,0
CA,0,179.0,2,1300,0,0,0,0,0,0
VM,0,0,2,270.0,2,2500,0,1,230,0,0,0

APPTR,R18,18,APZUF
IF,APZUF,57.028417,24.757194, ,0.0,0.0,2,4000,0,1,220,0,1,0
TF,ZUNDE,57.018333,24.908528,0, ,0.0,0.0,0.0,0.0,2,4000,0,1,210,0,1,0

APPTR,R18,18,KIKJU
IF,KIKJU,57.007972,25.059778, ,0.0,0.0,2,4000,0,1,220,0,1,0
TF,ZUNDE,57.018333,24.908528,0, ,0.0,0.0,0.0,0.0,2,4000,0,1,210,0,1,0

FINAL,R18,18,R,3
IF,ZUNDE,57.018333,24.908528, ,0.0,0.0,2,4000,0,1,210,0,1,0
TF,GA401,56.932472,24.888825,0, ,0.0,0.0,179.0,5.2,2,3000,0,0,0,0,2,0
TF,RW18,56.790183,24.856406,0, ,0.0,0.0,179.0,8.6,1,257,0,0,0,0,3,1
CF,GA404,56.681886,24.831889,0,KNA,5.7,106.7,179.0,6.6,0,0,0,1,220,0,0,1
FM,GA404,56.681886,24.831889,2,KNA,0.0,0.0,270.0,1,2500,0,1,220,0,0,0

APPTR,R36,36,IROHE
IF,IROHE,56.549931,24.650525, ,0.0,0.0,2,4000,0,1,220,0,1,0
TF,GISPU,56.539800,24.799744,0, ,0.0,0.0,0.0,0.0,2,4000,0,1,210,0,1,0

APPTR,R36,36,VESJA
IF,VESJA,56.529589,24.949303, ,0.0,0.0,2,4000,0,1,220,0,1,0
TF,GISPU,56.539800,24.799744,0, ,0.0,0.0,0.0,0.0,2,4000,0,1,210,0,1,0

FINAL,R36,36,R,3
IF,GISPU,56.539800,24.799744, ,0.0,0.0,2,4000,0,1,210,0,1,0
TF,GA451,56.624658,24.818986,0, ,0.0,0.0,359.0,5.1,2,3000,0,0,0,0,2,0
TF,RW36,56.767897,24.851350,0, ,0.0,0.0,359.0,8.7,1,239,0,0,0,0,3,1
CF,GA454,56.876858,24.876139,0,KNA,5.0,118.4,359.0,6.6,0,0,0,1,220,0,0,1
FM,GA454,56.876858,24.876139,1,KNA,0.0,0.0,270.0,1,2500,0,1,220,0,0,0

