APPTR,D24,24,GYV
PI,GYV,-29.124719,30.585569,1,GYV,111.0,10.5,066,5.0,2,6300,0,0,0,0,0,0
CF,FD24,-29.006697,30.706397,0,GYV,66.0,9.5,246.0,1.0,2,6300,0,0,0,0,0,0

FINAL,D24,24,D,4
IF,FD24,-29.006697,30.706397,GYV,66.0,9.5,2,6300,0,0,0,0,2,0
CF,55VOR,-29.056403,30.655556,0,GYV,66.0,5.5,246.0,4.0,2,5090,0,0,0,0,0,0
CF,30VOR,-29.087461,30.623756,0,GYV,66.0,3.0,246.0,2.5,2,4290,0,0,0,0,0,0
CF,MD24,-29.104850,30.605939,0,GYV,66.0,1.6,246.0,1.4,1,3842,0,0,0,0,3,0
CF,GYV,-29.124719,30.585569,0,GYV,0.0,0.0,246.0,1.6,0,0,0,0,0,0,0,1
VI,1, ,0.0,357.0,0,0,0,0,0,0,0,0
CF,55VOR,-29.056403,30.655556,0,GYV,66.0,5.5,66.0,4.0,1,6300,0,0,0,0,0,0
HM,55VOR,-29.056403,30.655556,1, ,0.0,0.0,246.0,04,0,0,0,1,200,0,0,0,0

APPTR,R24,24,ETMUP
IF,ETMUP,-29.046622,30.789431, ,0.0,0.0,2,8100,0,1,200,0,1,0
TF,GY2T1,-28.991358,30.718144,0, ,0.0,0.0,0.0,0.0,2,6500,0,1,200,0,1,0

APPTR,R24,24,IBLUX
IF,IBLUX,-28.928706,30.780983, ,0.0,0.0,2,8100,0,1,200,0,1,0
TF,GY2T1,-28.991358,30.718144,0, ,0.0,0.0,0.0,0.0,2,6500,0,1,200,0,1,0

APPTR,R24,24,UDGOM
IF,UDGOM,-28.936058,30.646931, ,0.0,0.0,2,8100,0,1,200,0,1,0
TF,GY2T1,-28.991358,30.718144,0, ,0.0,0.0,0.0,0.0,2,6500,0,1,200,0,1,0

FINAL,R24,24,R,5
IF,GY2T1,-28.991358,30.718144, ,0.0,0.0,2,6500,0,1,200,0,0,0
TF,GY2T2,-29.023089,30.686278,0, ,0.0,0.0,246.0,2.5,2,5500,0,0,0,0,0,0
TF,GY2F1,-29.053986,30.655225,0, ,0.0,0.0,246.0,2.5,1,5100,0,0,0,0,2,0
TF,GY2F2,-29.087964,30.621044,0, ,0.0,0.0,246.0,2.7,2,4250,0,0,0,0,0,0
TF,GY2MP,-29.110322,30.598536,0, ,0.0,0.0,246.0,1.8,1,3681,0,0,0,0,3,1
FA,GY2MP,-29.110322,30.598536,0,PMV,0.0,0.0,246.0,2,4500,0,0,0,0,0,0
DF,ETMUP,-29.046622,30.789431,1, ,0.0,0.0,0,0,0,1,200,0,0,0
HM,ETMUP,-29.046622,30.789431,1, ,0.0,0.0,336.0,04.3,1,7000,0,1,200,0,0,0,0

