APPTR,R12,12,EXITU
IF,EXITU,-33.984408,23.188356, ,0.0,0.0,2,4300,0,1,210,0,1,0
TF,PG1T1,-34.066803,23.172161,0, ,0.0,0.0,0.0,0.0,2,2700,0,1,210,0,1,0

APPTR,R12,12,UDNEG
IF,UDNEG,-34.053278,23.073183, ,0.0,0.0,2,4300,0,1,210,0,1,0
TF,PG1T1,-34.066803,23.172161,0, ,0.0,0.0,0.0,0.0,2,2700,0,1,210,0,1,0

APPTR,R12,12,XARSA
IF,XARSA,-34.149194,23.155931, ,0.0,0.0,2,3500,0,1,210,0,1,0
TF,PG1T1,-34.066803,23.172161,0, ,0.0,0.0,0.0,0.0,2,2700,0,1,210,0,1,0

FINAL,R12,12,R,3
IF,PG1T1,-34.066803,23.172161, ,0.0,0.0,2,2700,0,1,210,0,0,0
TF,PG1F1,-34.078967,23.261256,0, ,0.0,0.0,127.0,4.5,2,1500,0,1,160,0,2,0
TF,RW12,-34.087336,23.322506,0, ,0.0,0.0,127.0,3.1,1,512,0,0,0,0,3,1
DF,PG1M1,-34.098147,23.401858,0, ,0.0,0.0,0,0,0,1,160,0,0,0
TF,PG1M2,-34.180358,23.384414,2, ,0.0,0.0,0.0,0.0,0,0,0,1,185,0,0,0
TF,XARSA,-34.149194,23.155931,0, ,0.0,0.0,0.0,0.0,2,3500,0,0,0,0,0,0
HM,XARSA,-34.149194,23.155931,1, ,0.0,0.0,37.0,04.3,2,3500,0,1,230,0,0,0,0

APPTR,R30,30,EGMAB
IF,EGMAB,-34.027250,23.502647, ,0.0,0.0,2,4200,0,1,210,0,1,0
TF,PG2T1,-34.109633,23.486444,0, ,0.0,0.0,0.0,0.0,2,2800,0,1,210,0,1,0

APPTR,R30,30,GENUV
IF,GENUV,-34.123089,23.585500, ,0.0,0.0,2,4200,0,1,210,0,1,0
TF,PG2T1,-34.109633,23.486444,0, ,0.0,0.0,0.0,0.0,2,2800,0,1,210,0,1,0

APPTR,R30,30,UNGOR
IF,UNGOR,-34.192014,23.470208, ,0.0,0.0,2,4200,0,1,210,0,1,0
TF,PG2T1,-34.109633,23.486444,0, ,0.0,0.0,0.0,0.0,2,2800,0,1,210,0,1,0

FINAL,R30,30,R,3
IF,PG2T1,-34.109633,23.486444, ,0.0,0.0,2,2800,0,1,210,0,0,0
TF,PG2F1,-34.097514,23.397306,0, ,0.0,0.0,307.0,4.5,2,1500,0,1,160,0,2,0
TF,RW30,-34.089142,23.335792,0, ,0.0,0.0,307.0,3.1,1,493,0,0,0,0,3,1
DF,PG2M1,-34.078364,23.256700,0, ,0.0,0.0,0,0,0,1,160,0,0,0
TF,PG2M2,-34.160575,23.239261,0, ,0.0,0.0,0.0,0.0,0,0,0,1,185,0,0,0
TF,UNGOR,-34.192014,23.470208,1, ,0.0,0.0,0.0,0.0,2,3500,0,0,0,0,0,0
HM,UNGOR,-34.192014,23.470208,2, ,0.0,0.0,37.0,04.3,2,3500,0,1,230,0,0,0,0

