APPTR,D29,29,FD291
IF,FD29,-25.650881,28.299192, ,0.0,0.0,2,8000,0,0,0,0,0,0
HF,FD29,-25.650881,28.299192,2, ,0.0,0.0,284.0,05.5,2,7000,0,1,140,0,0,0,0

APPTR,D29,29,FD292
IF,FD29,-25.650881,28.299192, ,0.0,0.0,2,7000,0,0,0,0,0,0
TF,D104G,-25.647742,28.348131,0, ,0.0,0.0,0.0,0.0,2,7000,0,0,0,0,0,0
FC,D104G,-25.647742,28.348131,0,DPV,0.0,0.0,59.0,2.7,2,7000,0,0,0,0,0,1
CF,D104G,-25.647742,28.348131,2,DPV,104.0,7.0,284.0,3.0,2,7000,0,0,0,0,0,0
CF,FD29,-25.650881,28.299192,0,DPV,104.0,4.3,284.0,2.7,2,5300,0,0,0,0,0,0

FINAL,D29,29,D,2
IF,FD29,-25.650881,28.299192,DPV,104.0,4.3,2,5300,0,0,0,0,2,0
CF,MD29,-25.654047,28.249514,0,DPV,104.0,1.6,284.0,2.7,1,4464,0,0,0,0,3,0
FD,MD29,-25.654047,28.249514,0,DPV,104.0,2.2,284.0,2.2,0,0,0,0,0,0,0,0
DF,DPV,-25.655917,28.220075,2, ,0.0,0.0,0,0,0,0,0,0,0,0
TF,FD29,-25.650881,28.299192,0, ,0.0,0.0,0.0,0.0,1,7000,0,0,0,0,0,0
HM,FD29,-25.650881,28.299192,2, ,0.0,0.0,284.0,04.3,0,0,0,1,140,0,0,0,0

APPTR,R29,29,ETUPU
IF,ETUPU,-25.664292,28.488953, ,0.0,0.0,2,9000,0,1,160,0,1,0
TF,WB2T1,-25.659836,28.378439,0, ,0.0,0.0,0.0,0.0,2,6600,0,1,160,0,1,0

APPTR,R29,29,IMSOL
IF,IMSOL,-25.744139,28.392694, ,0.0,0.0,2,8800,0,1,160,0,1,0
TF,WB2T1,-25.659836,28.378439,0, ,0.0,0.0,0.0,0.0,2,6600,0,1,160,0,1,0

APPTR,R29,29,TIKUT
IF,TIKUT,-25.584669,28.382122, ,0.0,0.0,2,7000,0,1,160,0,1,0
TF,WB2T1,-25.659836,28.378439,0, ,0.0,0.0,0.0,0.0,2,6600,0,1,160,0,1,0

FINAL,R29,29,R,3
IF,WB2T1,-25.659836,28.378439, ,0.0,0.0,2,6600,0,1,160,0,0,0
TF,WB2F1,-25.656097,28.286261,0, ,0.0,0.0,291.0,5.0,2,5100,0,1,140,0,2,0
TF,RW29,-25.653833,28.230978,0, ,0.0,0.0,291.0,3.0,1,4145,0,0,0,0,3,1
FA,RW29,-25.653833,28.230978,0,DPV,0.0,0.0,291.0,2,4500,0,1,160,0,0,0
DF,WB2M1,-25.570206,28.291172,2, ,0.0,0.0,2,6100,0,0,0,0,0,0
TF,TIKUT,-25.584669,28.382122,0, ,0.0,0.0,0.0,0.0,2,7000,0,1,160,0,0,0

