SID,ATLO2A,14,5
DF,ERBAB,-20.458333,57.741667,0, ,0.0,0.0,0,0,0,0,0,0,0,1
TF,MP202,-20.572094,58.300831,0, ,0.0,0.0,0.0,0.0,0,0,0,0,0,0,0,0
TF,MP205,-20.765950,58.682789,0, ,0.0,0.0,0.0,0.0,0,0,0,0,0,0,0,0
TF,ATLOP,-21.469167,60.092222,0, ,0.0,0.0,0.0,0.0,0,0,0,0,0,0,0,0

SID,ATLO2B,32,5
CA,0,315.0,2,920,0,0,0,0,0,0
DF,MP604,-20.552075,57.546400,1, ,0.0,0.0,0,0,0,1,210,0,0,0
TF,MP614,-20.587114,57.619136,0, ,0.0,0.0,0.0,0.0,3,7000,0,0,0,0,0,0
TF,MP624,-20.667217,57.785789,0, ,0.0,0.0,0.0,0.0,0,0,0,0,0,0,0,0
TF,MP634,-20.676264,58.057853,0, ,0.0,0.0,0.0,0.0,0,0,0,0,0,0,0,0
TF,ATLOP,-21.469167,60.092222,0, ,0.0,0.0,0.0,0.0,0,0,0,0,0,0,0,0

SID,DUPN1A,14,5
DF,ERBAB,-20.458333,57.741667,0, ,0.0,0.0,0,0,0,1,210,0,0,1
DF,MP160,-20.170136,57.606069,1, ,0.0,0.0,0,0,0,1,240,0,0,0
TF,DUPNA,-19.873611,57.499722,0, ,0.0,0.0,0.0,0.0,0,0,0,0,0,0,0,0

SID,DUPN1A,DUR1A,6
IF,DUPNA,-19.873611,57.499722, ,0.0,0.0,0,0,0,0,0,0,0,0
TF,MP176,-19.302511,57.205728,0, ,0.0,0.0,0.0,0.0,0,0,0,0,0,0,0,0
TF,DURDA,-18.089772,56.588969,0, ,0.0,0.0,0.0,0.0,0,0,0,0,0,0,0,0

SID,DUPN1A,OKM2A,6
IF,DUPNA,-19.873611,57.499722, ,0.0,0.0,0,0,0,0,0,0,0,0
TF,MP174,-19.555467,57.226028,0, ,0.0,0.0,0.0,0.0,0,0,0,0,0,0,0,0
TF,OKMAR,-18.201667,56.076944,0, ,0.0,0.0,0.0,0.0,0,0,0,0,0,0,0,0

SID,DUPN1A,TID1A,6
IF,DUPNA,-19.873611,57.499722, ,0.0,0.0,0,0,0,0,0,0,0,0
TF,MP185,-18.788347,57.567658,0, ,0.0,0.0,0.0,0.0,0,0,0,0,0,0,0,0
TF,TIDUM,-17.919211,57.621606,0, ,0.0,0.0,0.0,0.0,0,0,0,0,0,0,0,0

SID,ETGO1A,14,5
DF,EPNES,-20.450000,57.725000,0, ,0.0,0.0,0,0,0,1,210,0,0,1
DF,MP211,-20.644947,57.533381,2, ,0.0,0.0,3,10000,0,0,0,0,0,0
TF,ETGOR,-20.933333,57.078333,0, ,0.0,0.0,0.0,0.0,0,0,0,0,0,0,0,0

SID,ETGOR1,14,5
CF,EPNES,-20.450000,57.725000,0,PLS,134.9,4.0,136.0,2.0,0,0,0,0,0,0,0,1
DF,EVANA,-20.555000,57.708333,2, ,0.0,0.0,0,0,0,1,200,0,0,0
TF,OKSIT,-20.556667,57.506667,0, ,0.0,0.0,0.0,0.0,0,0,0,0,0,0,0,0
TF,ETGOR,-20.933333,57.078333,0, ,0.0,0.0,0.0,0.0,0,0,0,0,0,0,0,0

SID,EVANA1,14,5
CF,EPNES,-20.450000,57.725000,0,PLS,134.9,4.0,136.0,2.0,0,0,0,0,0,0,0,1
DF,EVANA,-20.555000,57.708333,2, ,0.0,0.0,0,0,0,1,200,0,0,0

SID,GABKI1,14,5
CF,ERBAB,-20.458333,57.741667,0,PLS,135.2,5.0,136.0,3.0,0,0,0,0,0,0,0,1
DF,OSKAR,-20.392222,57.823056,1, ,0.0,0.0,0,0,0,0,0,0,0,0
TF,GABKI,-20.010000,57.601111,0, ,0.0,0.0,0.0,0.0,0,0,0,0,0,0,0,1

SID,IBSIS1,14,5
CF,EPNES,-20.450000,57.725000,0,PLS,134.9,4.0,136.0,2.0,0,0,0,0,0,0,0,1
DF,EVANA,-20.555000,57.708333,2, ,0.0,0.0,0,0,0,1,200,0,0,0
TF,GENOV,-20.515000,57.475000,0, ,0.0,0.0,0.0,0.0,0,0,0,0,0,0,0,0
TF,IBSIS,-20.773333,56.956667,0, ,0.0,0.0,0.0,0.0,0,0,0,0,0,0,0,0

SID,IMKO1B,32,5
CF,GERUS,-20.330000,57.475000,0,PLS,315.0,11.9,315.0,12.3,2,4000,0,0,0,0,0,0
TF,MP600,-20.283114,57.404364,0, ,0.0,0.0,0.0,0.0,0,0,0,0,0,0,0,0
TF,IMKOV,-20.199089,57.277997,0, ,0.0,0.0,0.0,0.0,0,0,0,0,0,0,0,0

SID,IMKO1B,DUR1B,6
IF,IMKOV,-20.199089,57.277997, ,0.0,0.0,0,0,0,0,0,0,0,0
TF,DURDA,-18.089772,56.588969,0, ,0.0,0.0,0.0,0.0,0,0,0,0,0,0,0,0

SID,IMKO1B,OKM1B,6
IF,IMKOV,-20.199089,57.277997, ,0.0,0.0,0,0,0,0,0,0,0,0
TF,OKMAR,-18.201667,56.076944,0, ,0.0,0.0,0.0,0.0,0,0,0,0,0,0,0,0

SID,IMPA1A,14,5
DF,ERBAB,-20.458333,57.741667,0, ,0.0,0.0,0,0,0,0,0,0,0,1
TF,MP202,-20.572094,58.300831,0, ,0.0,0.0,0.0,0.0,0,0,0,0,0,0,0,0
TF,MP706,-20.486506,59.771597,0, ,0.0,0.0,0.0,0.0,0,0,0,0,0,0,0,0
TF,IMPAN,-20.196653,60.287508,0, ,0.0,0.0,0.0,0.0,0,0,0,0,0,0,0,0

SID,IMPA1B,32,5
CA,0,315.0,2,920,0,0,0,0,0,0
DF,MP604,-20.552075,57.546400,1, ,0.0,0.0,0,0,0,1,210,0,0,0
TF,MP614,-20.587114,57.619136,0, ,0.0,0.0,0.0,0.0,3,7000,0,0,0,0,0,0
TF,MP624,-20.667217,57.785789,0, ,0.0,0.0,0.0,0.0,0,0,0,0,0,0,0,0
TF,MP634,-20.676264,58.057853,0, ,0.0,0.0,0.0,0.0,0,0,0,0,0,0,0,0
TF,MP645,-20.635997,58.491864,0, ,0.0,0.0,0.0,0.0,0,0,0,0,0,0,0,0
TF,MP706,-20.486506,59.771597,0, ,0.0,0.0,0.0,0.0,0,0,0,0,0,0,0,0
TF,IMPAN,-20.196653,60.287508,0, ,0.0,0.0,0.0,0.0,0,0,0,0,0,0,0,0

SID,IMPA1D,32,5
CA,0,315.0,2,920,0,0,0,0,0,0
DF,MP605,-20.382856,57.787303,2, ,0.0,0.0,0,0,0,1,210,0,0,0
TF,MP500,-20.407139,57.929300,0, ,0.0,0.0,0.0,0.0,0,0,0,0,0,0,0,0
TF,MP635,-20.431158,58.070483,0, ,0.0,0.0,0.0,0.0,0,0,0,0,0,0,0,0
TF,MP706,-20.486506,59.771597,0, ,0.0,0.0,0.0,0.0,0,0,0,0,0,0,0,0
TF,IMPAN,-20.196653,60.287508,0, ,0.0,0.0,0.0,0.0,0,0,0,0,0,0,0,0

SID,NIBI2A,14,5
DF,EPNES,-20.450000,57.725000,0, ,0.0,0.0,0,0,0,1,210,0,0,1
DF,MP211,-20.644947,57.533381,2, ,0.0,0.0,3,10000,0,0,0,0,0,0
TF,MP212,-20.618419,57.405222,0, ,0.0,0.0,0.0,0.0,0,0,0,0,0,0,0,0
TF,MP214,-20.525453,57.263864,0, ,0.0,0.0,0.0,0.0,2,11000,0,0,0,0,0,0
TF,MP224,-20.474736,57.186900,0, ,0.0,0.0,0.0,0.0,0,0,0,0,0,0,0,0
TF,MP234,-20.341281,57.033039,0, ,0.0,0.0,0.0,0.0,0,0,0,0,0,0,0,0
TF,MP244,-20.283536,56.966597,0, ,0.0,0.0,0.0,0.0,2,17000,0,0,0,0,0,0
TF,NIBIS,-19.035000,55.548333,0, ,0.0,0.0,0.0,0.0,0,0,0,0,0,0,0,0

SID,NIBIS1,14,5
CF,ERBAB,-20.458333,57.741667,0,PLS,135.2,5.0,136.0,3.0,0,0,0,0,0,0,0,1
DF,OSKAR,-20.392222,57.823056,1, ,0.0,0.0,0,0,0,0,0,0,0,0
TF,GABKI,-20.010000,57.601111,0, ,0.0,0.0,0.0,0.0,0,0,0,0,0,0,0,1
TF,NIBIS,-19.035000,55.548333,0, ,0.0,0.0,0.0,0.0,0,0,0,0,0,0,0,1

SID,OKMAR1,14,5
CF,ERBAB,-20.458333,57.741667,0,PLS,135.2,5.0,136.0,3.0,0,0,0,0,0,0,0,1
DF,OSKAR,-20.392222,57.823056,1, ,0.0,0.0,0,0,0,0,0,0,0,0
TF,GABKI,-20.010000,57.601111,0, ,0.0,0.0,0.0,0.0,0,0,0,0,0,0,0,1
TF,OKMAR,-18.201667,56.076944,0, ,0.0,0.0,0.0,0.0,0,0,0,0,0,0,0,1

SID,OKRO1A,14,5
DF,ERBAB,-20.458333,57.741667,0, ,0.0,0.0,0,0,0,0,0,0,0,1
TF,MP202,-20.572094,58.300831,0, ,0.0,0.0,0.0,0.0,0,0,0,0,0,0,0,0
TF,MP706,-20.486506,59.771597,0, ,0.0,0.0,0.0,0.0,0,0,0,0,0,0,0,0
TF,OKROS,-20.454925,60.313744,0, ,0.0,0.0,0.0,0.0,0,0,0,0,0,0,0,0

SID,OKRO1B,32,5
CA,0,315.0,2,920,0,0,0,0,0,0
DF,MP604,-20.552075,57.546400,1, ,0.0,0.0,0,0,0,1,210,0,0,0
TF,MP614,-20.587114,57.619136,0, ,0.0,0.0,0.0,0.0,3,7000,0,0,0,0,0,0
TF,MP624,-20.667217,57.785789,0, ,0.0,0.0,0.0,0.0,0,0,0,0,0,0,0,0
TF,MP634,-20.676264,58.057853,0, ,0.0,0.0,0.0,0.0,0,0,0,0,0,0,0,0
TF,MP645,-20.635997,58.491864,0, ,0.0,0.0,0.0,0.0,0,0,0,0,0,0,0,0
TF,MP706,-20.486506,59.771597,0, ,0.0,0.0,0.0,0.0,0,0,0,0,0,0,0,0
TF,OKROS,-20.454925,60.313744,0, ,0.0,0.0,0.0,0.0,0,0,0,0,0,0,0,0

SID,OKRO1D,32,5
CA,0,315.0,2,920,0,0,0,0,0,0
DF,MP605,-20.382856,57.787303,2, ,0.0,0.0,0,0,0,1,210,0,0,0
TF,MP500,-20.407139,57.929300,0, ,0.0,0.0,0.0,0.0,0,0,0,0,0,0,0,0
TF,MP635,-20.431158,58.070483,0, ,0.0,0.0,0.0,0.0,0,0,0,0,0,0,0,0
TF,MP706,-20.486506,59.771597,0, ,0.0,0.0,0.0,0.0,0,0,0,0,0,0,0,0
TF,OKROS,-20.454925,60.313744,0, ,0.0,0.0,0.0,0.0,0,0,0,0,0,0,0,0

SID,OSKAR1,14,5
DF,ERBAB,-20.458333,57.741667,0, ,0.0,0.0,0,0,0,0,0,0,0,1
DF,OSKAR,-20.392222,57.823056,1, ,0.0,0.0,0,0,0,0,0,0,0,0

SID,PASA2A,14,5
DF,EPNES,-20.450000,57.725000,0, ,0.0,0.0,0,0,0,1,210,0,0,1
DF,MP211,-20.644947,57.533381,2, ,0.0,0.0,3,10000,0,0,0,0,0,0
TF,PASAR,-21.018333,56.400000,0, ,0.0,0.0,0.0,0.0,0,0,0,0,0,0,0,0

SID,PASA2B,32,5
CA,0,315.0,2,920,0,0,0,0,0,0
DF,MP602,-20.441825,57.508911,1, ,0.0,0.0,2,3350,0,1,210,0,0,0
TF,MP603,-20.469131,57.388044,0, ,0.0,0.0,0.0,0.0,3,7000,0,0,0,0,0,0
TF,MP612,-20.498500,57.257561,0, ,0.0,0.0,0.0,0.0,0,0,0,0,0,0,0,0
TF,PASAR,-21.018333,56.400000,0, ,0.0,0.0,0.0,0.0,0,0,0,0,0,0,0,0

SID,RASM2A,14,5
DF,EPNES,-20.450000,57.725000,0, ,0.0,0.0,0,0,0,1,210,0,0,1
DF,MP211,-20.644947,57.533381,2, ,0.0,0.0,3,10000,0,0,0,0,0,0
TF,MP212,-20.618419,57.405222,0, ,0.0,0.0,0.0,0.0,0,0,0,0,0,0,0,0
TF,MP214,-20.525453,57.263864,0, ,0.0,0.0,0.0,0.0,2,11000,0,0,0,0,0,0
TF,MP224,-20.474736,57.186900,0, ,0.0,0.0,0.0,0.0,0,0,0,0,0,0,0,0
TF,MP234,-20.341281,57.033039,0, ,0.0,0.0,0.0,0.0,0,0,0,0,0,0,0,0
TF,RASMA,-20.200000,56.033333,0, ,0.0,0.0,0.0,0.0,0,0,0,0,0,0,0,0

SID,RASM2B,32,5
CF,GERUS,-20.330000,57.475000,0,PLS,315.0,11.9,315.0,12.3,2,4000,0,0,0,0,0,0
TF,MP600,-20.283114,57.404364,0, ,0.0,0.0,0.0,0.0,0,0,0,0,0,0,0,0
TF,MP601,-20.283306,57.310542,0, ,0.0,0.0,0.0,0.0,0,0,0,0,0,0,0,0
TF,MP608,-20.283950,57.216911,0, ,0.0,0.0,0.0,0.0,3,12000,0,0,0,0,0,0
TF,MP609,-20.284969,56.188364,0, ,0.0,0.0,0.0,0.0,0,0,0,0,0,0,0,0
TF,RASMA,-20.200000,56.033333,0, ,0.0,0.0,0.0,0.0,0,0,0,0,0,0,0,0

SID,RASMA1,14,5
CF,ERBAB,-20.458333,57.741667,0,PLS,135.2,5.0,136.0,3.0,0,0,0,0,0,0,0,1
DF,OSKAR,-20.392222,57.823056,1, ,0.0,0.0,0,0,0,0,0,0,0,0
TF,GABKI,-20.010000,57.601111,0, ,0.0,0.0,0.0,0.0,0,0,0,0,0,0,0,1
TF,RASMA,-20.200000,56.033333,0, ,0.0,0.0,0.0,0.0,0,0,0,0,0,0,0,1

SID,SOBA2A,14,5
DF,EPNES,-20.450000,57.725000,0, ,0.0,0.0,0,0,0,1,210,0,0,1
DF,MP211,-20.644947,57.533381,2, ,0.0,0.0,3,10000,0,0,0,0,0,0
TF,MP212,-20.618419,57.405222,0, ,0.0,0.0,0.0,0.0,0,0,0,0,0,0,0,0
TF,MP156,-20.662156,56.916828,0, ,0.0,0.0,0.0,0.0,0,0,0,0,0,0,0,0
TF,SOBAT,-20.718333,56.265000,0, ,0.0,0.0,0.0,0.0,0,0,0,0,0,0,0,0

SID,SOBA2B,32,5
CA,0,315.0,2,920,0,0,0,0,0,0
DF,MP602,-20.441825,57.508911,1, ,0.0,0.0,2,3350,0,1,210,0,0,0
TF,MP603,-20.469131,57.388044,0, ,0.0,0.0,0.0,0.0,3,7000,0,0,0,0,0,0
TF,MP612,-20.498500,57.257561,0, ,0.0,0.0,0.0,0.0,0,0,0,0,0,0,0,0
TF,SOBAT,-20.718333,56.265000,0, ,0.0,0.0,0.0,0.0,0,0,0,0,0,0,0,0

SID,SOBAT1,14,5
CF,EPNES,-20.450000,57.725000,0,PLS,134.9,4.0,136.0,2.0,0,0,0,0,0,0,0,1
DF,EVANA,-20.555000,57.708333,2, ,0.0,0.0,0,0,0,1,200,0,0,0
TF,APRAD,-20.465000,57.455000,0, ,0.0,0.0,0.0,0.0,0,0,0,0,0,0,0,0
TF,SOBAT,-20.718333,56.265000,0, ,0.0,0.0,0.0,0.0,0,0,0,0,0,0,0,0

SID,TIDU1B,32,5
CF,GERUS,-20.330000,57.475000,0,PLS,315.0,11.9,315.0,12.3,2,4000,0,0,0,0,0,0
TF,AXUMO,-20.221667,57.518333,0, ,0.0,0.0,0.0,0.0,0,0,0,0,0,0,0,0
TF,TIDUM,-17.919211,57.621606,0, ,0.0,0.0,0.0,0.0,0,0,0,0,0,0,0,0

SID,UTRU1A,14,5
DF,ERBAB,-20.458333,57.741667,0, ,0.0,0.0,0,0,0,1,210,0,0,1
DF,MP203,-20.299014,57.861969,1, ,0.0,0.0,3,8500,0,0,0,0,0,0
TF,UTRUP,-20.198889,57.915833,0, ,0.0,0.0,0.0,0.0,0,0,0,0,0,0,0,0

SID,UTRU1A,DUR1C,6
IF,UTRUP,-20.198889,57.915833, ,0.0,0.0,0,0,0,0,0,0,0,0
TF,MP204,-20.038544,57.710331,0, ,0.0,0.0,0.0,0.0,2,11000,0,0,0,0,0,0
TF,DUPNA,-19.873611,57.499722,0, ,0.0,0.0,0.0,0.0,0,0,0,0,0,0,0,0
TF,MP176,-19.302511,57.205728,0, ,0.0,0.0,0.0,0.0,0,0,0,0,0,0,0,0
TF,DURDA,-18.089772,56.588969,0, ,0.0,0.0,0.0,0.0,0,0,0,0,0,0,0,0

SID,UTRU1A,EXI1A,6
IF,UTRUP,-20.198889,57.915833, ,0.0,0.0,0,0,0,0,0,0,0,0
TF,MP187,-20.166061,58.181136,0, ,0.0,0.0,0.0,0.0,0,0,0,0,0,0,0,0
TF,MP626,-20.137233,58.411553,0, ,0.0,0.0,0.0,0.0,0,0,0,0,0,0,0,0
TF,EXIPU,-19.475978,60.110144,0, ,0.0,0.0,0.0,0.0,0,0,0,0,0,0,0,0

SID,UTRU1A,OKM2C,6
IF,UTRUP,-20.198889,57.915833, ,0.0,0.0,0,0,0,0,0,0,0,0
TF,MP204,-20.038544,57.710331,0, ,0.0,0.0,0.0,0.0,2,11000,0,0,0,0,0,0
TF,DUPNA,-19.873611,57.499722,0, ,0.0,0.0,0.0,0.0,0,0,0,0,0,0,0,0
TF,MP174,-19.555467,57.226028,0, ,0.0,0.0,0.0,0.0,0,0,0,0,0,0,0,0
TF,OKMAR,-18.201667,56.076944,0, ,0.0,0.0,0.0,0.0,0,0,0,0,0,0,0,0

SID,UTRU1A,TEV1A,6
IF,UTRUP,-20.198889,57.915833, ,0.0,0.0,0,0,0,0,0,0,0,0
TF,TEVOD,-18.648425,59.523300,0, ,0.0,0.0,0.0,0.0,0,0,0,0,0,0,0,0

SID,UTRU1A,TID1C,6
IF,UTRUP,-20.198889,57.915833, ,0.0,0.0,0,0,0,0,0,0,0,0
TF,MP204,-20.038544,57.710331,0, ,0.0,0.0,0.0,0.0,2,11000,0,0,0,0,0,0
TF,DUPNA,-19.873611,57.499722,0, ,0.0,0.0,0.0,0.0,0,0,0,0,0,0,0,0
TF,MP185,-18.788347,57.567658,0, ,0.0,0.0,0.0,0.0,0,0,0,0,0,0,0,0
TF,TIDUM,-17.919211,57.621606,0, ,0.0,0.0,0.0,0.0,0,0,0,0,0,0,0,0

SID,UTRU1A,TIK1A,6
IF,UTRUP,-20.198889,57.915833, ,0.0,0.0,0,0,0,0,0,0,0,0
TF,MP148,-19.392419,58.199547,0, ,0.0,0.0,0.0,0.0,0,0,0,0,0,0,0,0
TF,TIKOL,-18.101172,58.648367,0, ,0.0,0.0,0.0,0.0,0,0,0,0,0,0,0,0

SID,UVDA1B,32,5
CF,GERUS,-20.330000,57.475000,0,PLS,315.0,11.9,315.0,12.3,2,4000,0,0,0,0,0,0
TF,AXUMO,-20.221667,57.518333,0, ,0.0,0.0,0.0,0.0,0,0,0,0,0,0,0,0
TF,UVDAG,-20.181111,58.051111,0, ,0.0,0.0,0.0,0.0,0,0,0,0,0,0,0,0

SID,UVDA1B,EXI1B,6
IF,UVDAG,-20.181111,58.051111, ,0.0,0.0,0,0,0,0,0,0,0,0
TF,MP626,-20.137233,58.411553,0, ,0.0,0.0,0.0,0.0,0,0,0,0,0,0,0,0
TF,EXIPU,-19.475978,60.110144,0, ,0.0,0.0,0.0,0.0,0,0,0,0,0,0,0,0

SID,UVDA1B,TEV1B,6
IF,UVDAG,-20.181111,58.051111, ,0.0,0.0,0,0,0,0,0,0,0,0
TF,TEVOD,-18.648425,59.523300,0, ,0.0,0.0,0.0,0.0,0,0,0,0,0,0,0,0

SID,UVDA1B,TIK1B,6
IF,UVDAG,-20.181111,58.051111, ,0.0,0.0,0,0,0,0,0,0,0,0
TF,TIKOL,-18.101172,58.648367,0, ,0.0,0.0,0.0,0.0,0,0,0,0,0,0,0,0

SID,UVDA1D,32,5
CA,0,315.0,2,920,0,0,0,0,0,0
DF,MP606,-20.298475,57.795619,2, ,0.0,0.0,0,0,0,1,210,0,0,0
TF,UVDAG,-20.181111,58.051111,0, ,0.0,0.0,0.0,0.0,0,0,0,0,0,0,0,0

SID,UVDA1D,EXI1D,6
IF,UVDAG,-20.181111,58.051111, ,0.0,0.0,0,0,0,0,0,0,0,0
TF,MP626,-20.137233,58.411553,0, ,0.0,0.0,0.0,0.0,0,0,0,0,0,0,0,0
TF,EXIPU,-19.475978,60.110144,0, ,0.0,0.0,0.0,0.0,0,0,0,0,0,0,0,0

SID,UVDA1D,TEV1D,6
IF,UVDAG,-20.181111,58.051111, ,0.0,0.0,0,0,0,0,0,0,0,0
TF,TEVOD,-18.648425,59.523300,0, ,0.0,0.0,0.0,0.0,0,0,0,0,0,0,0,0

SID,UVDA1D,TIK1D,6
IF,UVDAG,-20.181111,58.051111, ,0.0,0.0,0,0,0,0,0,0,0,0
TF,TIKOL,-18.101172,58.648367,0, ,0.0,0.0,0.0,0.0,0,0,0,0,0,0,0,0

STAR,DUNR1E,14,5
IF,DUNRI,-17.976483,57.100364, ,0.0,0.0,0,0,0,0,0,0,0,0
TF,MP176,-19.302511,57.205728,0, ,0.0,0.0,0.0,0.0,0,0,0,0,0,0,0,0
TF,MP174,-19.555467,57.226028,0, ,0.0,0.0,0.0,0.0,0,0,0,0,0,0,0,0
TF,IMKOV,-20.199089,57.277997,0, ,0.0,0.0,0.0,0.0,2,6000,0,0,0,0,0,0

STAR,DUNR1F,32,5
IF,DUNRI,-17.976483,57.100364, ,0.0,0.0,0,0,0,0,0,0,0,0
TF,IMKOV,-20.199089,57.277997,0, ,0.0,0.0,0.0,0.0,2,13000,0,0,0,0,0,0
TF,MP551,-20.361519,57.340800,0, ,0.0,0.0,0.0,0.0,0,0,0,0,0,0,0,0
TF,MP602,-20.441825,57.508911,0, ,0.0,0.0,0.0,0.0,0,0,0,0,0,0,0,0
TF,MP531,-20.494681,57.619839,0, ,0.0,0.0,0.0,0.0,2,8000,0,0,0,0,0,0
TF,MP501,-20.593231,57.827283,0, ,0.0,0.0,0.0,0.0,0,0,0,0,0,0,0,0
TF,ESTEK,-20.519233,57.868742,0, ,0.0,0.0,0.0,0.0,2,3600,0,0,0,0,0,0

STAR,EPTE2E,14,5
IF,EPTEK,-20.421667,56.118333, ,0.0,0.0,0,0,0,0,0,0,0,0
TF,MP158,-20.424919,56.998356,0, ,0.0,0.0,0.0,0.0,3,11000,0,0,0,0,0,0
TF,EKBAL,-20.425031,57.258317,0, ,0.0,0.0,0.0,0.0,2,6000,0,0,0,0,0,0

STAR,EPTE2F,32,5
IF,EPTEK,-20.421667,56.118333, ,0.0,0.0,0,0,0,0,0,0,0,0
TF,MP551,-20.361519,57.340800,0, ,0.0,0.0,0.0,0.0,0,0,0,0,0,0,0,0
TF,MP602,-20.441825,57.508911,0, ,0.0,0.0,0.0,0.0,0,0,0,0,0,0,0,0
TF,MP531,-20.494681,57.619839,0, ,0.0,0.0,0.0,0.0,2,8000,0,0,0,0,0,0
TF,MP501,-20.593231,57.827283,0, ,0.0,0.0,0.0,0.0,0,0,0,0,0,0,0,0
TF,ESTEK,-20.519233,57.868742,0, ,0.0,0.0,0.0,0.0,2,3600,0,0,0,0,0,0

STAR,FFLAC1,EPTEK,1
IF,EPTEK,-20.421667,56.118333, ,0.0,0.0,0,0,0,0,0,0,0,0
TF,ETKIS,-20.278333,56.598333,0, ,0.0,0.0,0.0,0.0,0,0,0,0,0,0,0,0
TF,FFLAC,-20.281611,57.371722,0, ,0.0,0.0,0.0,0.0,0,0,0,0,0,0,0,0

STAR,FFLAC1,ETGOR,1
IF,ETGOR,-20.933333,57.078333, ,0.0,0.0,0,0,0,0,0,0,0,0
TF,EPSUP,-20.636667,57.416667,0, ,0.0,0.0,0.0,0.0,0,0,0,0,0,0,0,0
AF,EVIXO,-20.425000,57.325000,2,PLS,287.1,19.0,246.0,0,0,0,0,0,0,0,0
TF,FFLAC,-20.281611,57.371722,0, ,0.0,0.0,0.0,0.0,0,0,0,0,0,0,0,0

STAR,FFLAC1,ETKIS,1
IF,RASMA,-20.200000,56.033333, ,0.0,0.0,0,0,0,0,0,0,0,0
TF,ETKIS,-20.278333,56.598333,0, ,0.0,0.0,0.0,0.0,0,0,0,0,0,0,0,0
TF,FFLAC,-20.281611,57.371722,0, ,0.0,0.0,0.0,0.0,0,0,0,0,0,0,0,0

STAR,FFLAC1,IBSIS,1
IF,PASAR,-21.018333,56.400000, ,0.0,0.0,0,0,0,0,0,0,0,0
TF,IBSIS,-20.773333,56.956667,0, ,0.0,0.0,0.0,0.0,0,0,0,0,0,0,0,0
TF,OKTAL,-20.570000,57.365000,0, ,0.0,0.0,0.0,0.0,0,0,0,0,0,0,0,0
AF,EVIXO,-20.425000,57.325000,2,PLS,287.1,19.0,261.0,0,0,0,0,0,0,0,0
TF,FFLAC,-20.281611,57.371722,0, ,0.0,0.0,0.0,0.0,0,0,0,0,0,0,0,0

STAR,FFLAC1,14,2
IF,FFLAC,-20.281611,57.371722, ,0.0,0.0,0,0,0,0,0,0,0,0
CF,BIGAR,-20.348586,57.514336,0,PLS,315.2,9.4,136.0,9.0,2,4000,0,0,0,0,0,0
CF,CPEPT,-20.363644,57.545511,0,PLS,315.2,7.4,136.0,2.0,2,3200,0,0,0,0,0,0

STAR,IMPA1E,14,5
IF,IMPAN,-20.196653,60.287508, ,0.0,0.0,0,0,0,0,0,0,0,0
TF,OKMIN,-20.301411,58.111364,0, ,0.0,0.0,0.0,0.0,0,0,0,0,0,0,0,0
TF,MP173,-20.373333,57.887653,0, ,0.0,0.0,0.0,0.0,0,0,0,0,0,0,0,0
TF,MP163,-20.323175,57.783319,0, ,0.0,0.0,0.0,0.0,2,9500,0,0,0,0,0,0
TF,MP143,-20.206633,57.541681,0, ,0.0,0.0,0.0,0.0,0,0,0,1,210,0,0,0

STAR,IMPA1F,32,5
IF,IMPAN,-20.196653,60.287508, ,0.0,0.0,0,0,0,0,0,0,0,0
TF,MP503,-20.326589,57.972756,0, ,0.0,0.0,0.0,0.0,0,0,0,0,0,0,0,0
TF,MP500,-20.407139,57.929300,0, ,0.0,0.0,0.0,0.0,0,0,0,0,0,0,0,0
TF,ESTEK,-20.519233,57.868742,0, ,0.0,0.0,0.0,0.0,2,3600,0,0,0,0,0,0

STAR,IMRU1E,14,5
IF,IMRUL,-20.953406,60.257194, ,0.0,0.0,0,0,0,0,0,0,0,0
TF,MP205,-20.765950,58.682789,0, ,0.0,0.0,0.0,0.0,0,0,0,0,0,0,0,0
TF,MP191,-20.673231,57.947542,0, ,0.0,0.0,0.0,0.0,0,0,0,0,0,0,0,0
TF,ERBOX,-20.610278,57.782222,0, ,0.0,0.0,0.0,0.0,0,0,0,0,0,0,0,0
TF,MP171,-20.558881,57.527528,0, ,0.0,0.0,0.0,0.0,2,11000,0,0,0,0,0,0
TF,MP161,-20.538333,57.426667,0, ,0.0,0.0,0.0,0.0,0,0,0,0,0,0,0,0
TF,EKBAL,-20.425031,57.258317,0, ,0.0,0.0,0.0,0.0,2,6000,0,0,0,0,0,0

STAR,IMRU1F,32,5
IF,IMRUL,-20.953406,60.257194, ,0.0,0.0,0,0,0,0,0,0,0,0
TF,MP645,-20.635997,58.491864,0, ,0.0,0.0,0.0,0.0,0,0,0,0,0,0,0,0
TF,ESTEK,-20.519233,57.868742,0, ,0.0,0.0,0.0,0.0,2,3600,0,0,0,0,0,0

STAR,OKBO1E,14,5
IF,OKBOG,-18.333236,59.114081, ,0.0,0.0,0,0,0,0,0,0,0,0
TF,MP148,-19.392419,58.199547,0, ,0.0,0.0,0.0,0.0,0,0,0,0,0,0,0,0
TF,MP146,-19.960786,57.702556,0, ,0.0,0.0,0.0,0.0,3,10000,0,0,0,0,0,0
TF,MP144,-20.045878,57.628047,0, ,0.0,0.0,0.0,0.0,0,0,0,0,0,0,0,0
TF,MP143,-20.206633,57.541681,0, ,0.0,0.0,0.0,0.0,0,0,0,1,210,0,0,0

STAR,OKBO1F,32,5
IF,OKBOG,-18.333236,59.114081, ,0.0,0.0,0,0,0,0,0,0,0,0
TF,UVDAG,-20.181111,58.051111,0, ,0.0,0.0,0.0,0.0,0,0,0,0,0,0,0,0
TF,MP503,-20.326589,57.972756,0, ,0.0,0.0,0.0,0.0,0,0,0,0,0,0,0,0
TF,MP500,-20.407139,57.929300,0, ,0.0,0.0,0.0,0.0,0,0,0,0,0,0,0,0
TF,ESTEK,-20.519233,57.868742,0, ,0.0,0.0,0.0,0.0,2,3600,0,0,0,0,0,0

STAR,PASA2E,14,5
IF,PASAR,-21.018333,56.400000, ,0.0,0.0,0,0,0,0,0,0,0,0
TF,MP156,-20.662156,56.916828,0, ,0.0,0.0,0.0,0.0,0,0,0,0,0,0,0,0
TF,MP154,-20.527272,57.111322,0, ,0.0,0.0,0.0,0.0,3,10000,0,0,0,0,0,0
TF,EKBAL,-20.425031,57.258317,0, ,0.0,0.0,0.0,0.0,2,6000,0,0,0,0,0,0

STAR,PASA2F,32,5
IF,PASAR,-21.018333,56.400000, ,0.0,0.0,0,0,0,0,0,0,0,0
TF,MP531,-20.494681,57.619839,0, ,0.0,0.0,0.0,0.0,2,8000,0,0,0,0,0,0
TF,MP501,-20.593231,57.827283,0, ,0.0,0.0,0.0,0.0,0,0,0,0,0,0,0,0
TF,ESTEK,-20.519233,57.868742,0, ,0.0,0.0,0.0,0.0,2,3600,0,0,0,0,0,0

STAR,RASM2E,14,5
IF,RASMA,-20.200000,56.033333, ,0.0,0.0,0,0,0,0,0,0,0,0
TF,MP165,-20.200564,56.740911,0, ,0.0,0.0,0.0,0.0,3,16000,0,0,0,0,0,0
TF,IMKOV,-20.199089,57.277997,0, ,0.0,0.0,0.0,0.0,2,6000,0,0,0,0,0,0

STAR,RASM2F,32,5
IF,RASMA,-20.200000,56.033333, ,0.0,0.0,0,0,0,0,0,0,0,0
TF,IMKOV,-20.199089,57.277997,0, ,0.0,0.0,0.0,0.0,2,13000,0,0,0,0,0,0
TF,MP551,-20.361519,57.340800,0, ,0.0,0.0,0.0,0.0,0,0,0,0,0,0,0,0
TF,MP602,-20.441825,57.508911,0, ,0.0,0.0,0.0,0.0,0,0,0,0,0,0,0,0
TF,MP531,-20.494681,57.619839,0, ,0.0,0.0,0.0,0.0,2,8000,0,0,0,0,0,0
TF,MP501,-20.593231,57.827283,0, ,0.0,0.0,0.0,0.0,0,0,0,0,0,0,0,0
TF,ESTEK,-20.519233,57.868742,0, ,0.0,0.0,0.0,0.0,2,3600,0,0,0,0,0,0

STAR,TIBA2E,14,5
IF,TIBAG,-18.485000,55.554722, ,0.0,0.0,0,0,0,0,0,0,0,0
TF,IMKOV,-20.199089,57.277997,0, ,0.0,0.0,0.0,0.0,2,6000,0,0,0,0,0,0

STAR,TIBA2F,32,5
IF,TIBAG,-18.485000,55.554722, ,0.0,0.0,0,0,0,0,0,0,0,0
TF,IMKOV,-20.199089,57.277997,0, ,0.0,0.0,0.0,0.0,2,13000,0,0,0,0,0,0
TF,MP551,-20.361519,57.340800,0, ,0.0,0.0,0.0,0.0,0,0,0,0,0,0,0,0
TF,MP602,-20.441825,57.508911,0, ,0.0,0.0,0.0,0.0,0,0,0,0,0,0,0,0
TF,MP531,-20.494681,57.619839,0, ,0.0,0.0,0.0,0.0,2,8000,0,0,0,0,0,0
TF,MP501,-20.593231,57.827283,0, ,0.0,0.0,0.0,0.0,0,0,0,0,0,0,0,0
TF,ESTEK,-20.519233,57.868742,0, ,0.0,0.0,0.0,0.0,2,3600,0,0,0,0,0,0

STAR,UNPU1E,14,5
IF,UNPUG,-17.961331,58.144353, ,0.0,0.0,0,0,0,0,0,0,0,0
TF,MP185,-18.788347,57.567658,0, ,0.0,0.0,0.0,0.0,0,0,0,0,0,0,0,0
TF,MP176,-19.302511,57.205728,0, ,0.0,0.0,0.0,0.0,0,0,0,0,0,0,0,0
TF,MP174,-19.555467,57.226028,0, ,0.0,0.0,0.0,0.0,0,0,0,0,0,0,0,0
TF,IMKOV,-20.199089,57.277997,0, ,0.0,0.0,0.0,0.0,2,6000,0,0,0,0,0,0

STAR,UNPU1F,32,5
IF,UNPUG,-17.961331,58.144353, ,0.0,0.0,0,0,0,0,0,0,0,0
TF,UVDAG,-20.181111,58.051111,0, ,0.0,0.0,0.0,0.0,0,0,0,0,0,0,0,0
TF,MP503,-20.326589,57.972756,0, ,0.0,0.0,0.0,0.0,0,0,0,0,0,0,0,0
TF,MP500,-20.407139,57.929300,0, ,0.0,0.0,0.0,0.0,0,0,0,0,0,0,0,0
TF,ESTEK,-20.519233,57.868742,0, ,0.0,0.0,0.0,0.0,2,3600,0,0,0,0,0,0

STAR,UTRO1E,14,5
IF,UTROD,-19.955819,60.263739, ,0.0,0.0,0,0,0,0,0,0,0,0
TF,OKMIN,-20.301411,58.111364,0, ,0.0,0.0,0.0,0.0,0,0,0,0,0,0,0,0
TF,MP173,-20.373333,57.887653,0, ,0.0,0.0,0.0,0.0,0,0,0,0,0,0,0,0
TF,MP163,-20.323175,57.783319,0, ,0.0,0.0,0.0,0.0,2,9500,0,0,0,0,0,0
TF,MP143,-20.206633,57.541681,0, ,0.0,0.0,0.0,0.0,0,0,0,1,210,0,0,0

STAR,UTRO1F,32,5
IF,UTROD,-19.955819,60.263739, ,0.0,0.0,0,0,0,0,0,0,0,0
TF,MP503,-20.326589,57.972756,0, ,0.0,0.0,0.0,0.0,0,0,0,0,0,0,0,0
TF,MP500,-20.407139,57.929300,0, ,0.0,0.0,0.0,0.0,0,0,0,0,0,0,0,0
TF,ESTEK,-20.519233,57.868742,0, ,0.0,0.0,0.0,0.0,2,3600,0,0,0,0,0,0

STAR,UVAR1E,14,5
IF,UVARI,-19.034386,59.859847, ,0.0,0.0,0,0,0,0,0,0,0,0
TF,MP193,-20.076339,58.227314,0, ,0.0,0.0,0.0,0.0,0,0,0,0,0,0,0,0
TF,MP187,-20.166061,58.181136,0, ,0.0,0.0,0.0,0.0,0,0,0,0,0,0,0,0
TF,OKMIN,-20.301411,58.111364,0, ,0.0,0.0,0.0,0.0,0,0,0,0,0,0,0,0
TF,MP173,-20.373333,57.887653,0, ,0.0,0.0,0.0,0.0,0,0,0,0,0,0,0,0
TF,MP163,-20.323175,57.783319,0, ,0.0,0.0,0.0,0.0,2,9500,0,0,0,0,0,0
TF,MP143,-20.206633,57.541681,0, ,0.0,0.0,0.0,0.0,0,0,0,1,210,0,0,0

STAR,UVAR1F,32,5
IF,UVARI,-19.034386,59.859847, ,0.0,0.0,0,0,0,0,0,0,0,0
TF,UVDAG,-20.181111,58.051111,0, ,0.0,0.0,0.0,0.0,0,0,0,0,0,0,0,0
TF,MP503,-20.326589,57.972756,0, ,0.0,0.0,0.0,0.0,0,0,0,0,0,0,0,0
TF,MP500,-20.407139,57.929300,0, ,0.0,0.0,0.0,0.0,0,0,0,0,0,0,0,0
TF,ESTEK,-20.519233,57.868742,0, ,0.0,0.0,0.0,0.0,2,3600,0,0,0,0,0,0

APPTR,D14-Y,14,FFLAC
IF,FFLAC,-20.281611,57.371722, ,0.0,0.0,2,4000,0,1,210,0,1,0
TF,D316L,-20.325536,57.466700,0, ,0.0,0.0,0.0,0.0,2,4000,0,0,0,0,0,0
CF,BIGAR,-20.348586,57.514336,0,PLS,315.1,9.4,136.0,3.0,2,4000,0,0,0,0,1,0

APPTR,D14-Y,14,PLS
IF,PLS,-20.420028,57.662389, ,0.0,0.0,2,4000,0,1,210,0,1,0
TF,D316L,-20.325536,57.466700,0, ,0.0,0.0,0.0,0.0,2,4000,0,0,0,0,0,0
FC,D316L,-20.325536,57.466700,0,PLS,0.0,0.0,1.0,4.4,2,4000,0,0,0,0,0,1
CF,D316L,-20.325536,57.466700,1,PLS,315.1,12.4,136.0,5.0,2,4000,0,0,0,0,0,0
CF,BIGAR,-20.348586,57.514336,0,PLS,315.1,9.4,136.0,3.0,2,4000,0,0,0,0,1,0

FINAL,D14-Y,14,D,6
IF,BIGAR,-20.348586,57.514336,PLS,315.1,9.4,2,4000,0,0,0,0,0,0
CF,CPEPT,-20.363644,57.545511,0,PLS,315.1,7.4,136.0,2.0,2,3400,0,0,0,0,2,0
CF,44VOR,-20.385456,57.593464,0,PLS,316.0,4.4,136.0,3.0,2,2210,0,0,0,0,0,0
CF,24VOR,-20.401175,57.624789,0,PLS,316.0,2.4,136.0,2.0,2,1420,0,0,0,0,0,0
CF,14VOR,-20.409031,57.640453,0,PLS,316.0,1.4,136.0,1.0,2,1030,0,0,0,0,0,0
CF,PLS,-20.420028,57.662389,0,PLS,0.0,0.0,136.0,1.4,1,475,0,0,0,0,3,0
VD, ,0,0,0,PLS,0.0,0.0,136.0,5.0,0,0,0,0,0,0,0,0
DF,PLS,-20.420028,57.662389,2, ,0.0,0.0,1,4000,0,0,0,0,0,0
HM,PLS,-20.420028,57.662389,1, ,0.0,0.0,316.0,04.3,2,4000,0,0,0,0,0,0,0

APPTR,D14-Z,14,EKBAL
IF,EKBAL,-20.425031,57.258317, ,0.0,0.0,2,6000,0,0,0,0,1,0
TF,MP141,-20.355453,57.379622,0, ,0.0,0.0,0.0,0.0,0,0,0,0,0,0,0,0
TF,MP889,-20.325581,57.466725,0, ,0.0,0.0,0.0,0.0,2,4000,0,1,185,0,0,0
TF,BIGAR,-20.348586,57.514336,0,PLS,0.0,0.0,0.0,0.0,2,4000,0,1,185,0,1,0

APPTR,D14-Z,14,IMKOV
IF,IMKOV,-20.199089,57.277997, ,0.0,0.0,2,6000,0,0,0,0,1,0
TF,MP142,-20.276200,57.393956,0, ,0.0,0.0,0.0,0.0,0,0,0,0,0,0,0,0
TF,MP889,-20.325581,57.466725,0, ,0.0,0.0,0.0,0.0,2,4000,0,1,185,0,0,0
TF,BIGAR,-20.348586,57.514336,0,PLS,0.0,0.0,0.0,0.0,2,4000,0,1,185,0,1,0

APPTR,D14-Z,14,MP143
IF,MP143,-20.206633,57.541681, ,0.0,0.0,2,6000,0,1,210,0,1,0
TF,MP888,-20.261014,57.448108,0, ,0.0,0.0,0.0,0.0,0,0,0,1,210,0,0,0
TF,MP889,-20.325581,57.466725,0, ,0.0,0.0,0.0,0.0,2,4000,0,1,185,0,0,0
TF,BIGAR,-20.348586,57.514336,0,PLS,0.0,0.0,0.0,0.0,2,4000,0,1,185,0,1,0

FINAL,D14-Z,14,D,6
IF,BIGAR,-20.348586,57.514336,PLS,315.1,9.4,2,4000,0,0,0,0,0,0
CF,CPEPT,-20.363644,57.545511,0,PLS,315.1,7.4,136.0,2.0,2,3400,0,0,0,0,2,0
CF,44VOR,-20.385456,57.593464,0,PLS,316.0,4.4,136.0,3.0,2,2210,0,0,0,0,0,0
CF,24VOR,-20.401175,57.624789,0,PLS,316.0,2.4,136.0,2.0,2,1420,0,0,0,0,0,0
CF,14VOR,-20.409031,57.640453,0,PLS,316.0,1.4,136.0,1.0,2,1030,0,0,0,0,0,0
CF,PLS,-20.420028,57.662389,0,PLS,0.0,0.0,136.0,1.4,1,475,0,0,0,0,3,0
TF,EPNES,-20.450000,57.725000,0, ,0.0,0.0,0.0,0.0,0,0,0,1,230,0,0,1
DF,MP167,-20.539483,57.715392,2, ,0.0,0.0,0,0,0,0,0,0,0,0
TF,MP171,-20.558881,57.527528,0, ,0.0,0.0,0.0,0.0,0,0,0,0,0,0,0,0
TF,MP161,-20.538333,57.426667,0, ,0.0,0.0,0.0,0.0,0,0,0,0,0,0,0,0
TF,EKBAL,-20.425031,57.258317,0, ,0.0,0.0,0.0,0.0,1,4000,0,0,0,0,0,0
HM,EKBAL,-20.425031,57.258317,2, ,0.0,0.0,72.0,04.3,2,4000,0,1,230,0,0,0,0

APPTR,D32-Y,32,EVOTU
IF,EVOTU,-20.630000,57.806667, ,0.0,0.0,0,0,0,1,210,0,1,0
AF,GEVEV,-20.533333,57.900000,1,PLS,134.9,15.0,165.0,2,4000,0,0,0,0,0,0
CF,CD32,-20.482811,57.787783,0,PLS,136.0,8.0,316.0,7.0,2,1990,0,0,0,0,0,0

APPTR,D32-Y,32,GEVEV
IF,GEVEV,-20.533333,57.900000, ,0.0,0.0,2,4000,0,1,210,0,1,0
CF,CD32,-20.482811,57.787783,0,PLS,136.0,8.0,316.0,7.0,2,1990,0,0,0,0,0,0

APPTR,D32-Y,32,MP500
IF,MP500,-20.407139,57.929300, ,0.0,0.0,0,0,0,1,210,0,1,0
AF,GEVEV,-20.533333,57.900000,2,PLS,134.9,15.0,105.0,2,4000,0,0,0,0,0,0
CF,CD32,-20.482811,57.787783,0,PLS,136.0,8.0,316.0,7.0,2,1990,0,0,0,0,0,0

APPTR,D32-Y,32,PLS1
IF,PLS,-20.420028,57.662389, ,0.0,0.0,2,4000,0,1,210,0,1,0
FD,PLS,-20.420028,57.662389,0,PLS,0.0,8.0,152.0,8.0,0,0,0,0,0,0,0,0
CF,CD32,-20.482811,57.787783,1,PLS,136.0,8.0,316.0,1.0,2,1990,0,0,0,0,0,0

APPTR,D32-Y,32,PLS2
IF,PLS,-20.420028,57.662389, ,0.0,0.0,2,4000,0,1,210,0,1,0
FD,PLS,-20.420028,57.662389,0,PLS,0.0,8.0,146.0,8.0,0,0,0,0,0,0,0,0
CF,CD32,-20.482811,57.787783,1,PLS,136.0,8.0,316.0,1.0,2,1990,0,0,0,0,0,0

FINAL,D32-Y,32,D,3
IF,CD32,-20.482811,57.787783,PLS,136.0,8.0,2,1990,0,0,0,0,0,0
CF,FD32,-20.473397,57.768967,0,PLS,136.0,6.8,316.0,1.2,2,1610,0,0,0,0,2,0
CF,RW32,-20.437150,57.697953,0,PLS,135.1,2.3,316.0,4.6,1,147,0,0,0,0,3,0
TF,PLS,-20.420028,57.662389,0, ,0.0,0.0,0.0,0.0,0,0,0,0,0,0,0,1
DF,MP531,-20.494681,57.619839,1, ,0.0,0.0,0,0,0,1,185,0,0,0
TF,EVOTU,-20.630000,57.806667,0, ,0.0,0.0,0.0,0.0,0,0,0,0,0,0,0,0
AF,GEVEV,-20.533333,57.900000,1,PLS,134.9,15.0,165.0,1,4000,0,0,0,0,0,0
HM,GEVEV,-20.533333,57.900000,2, ,0.0,0.0,316.0,04.3,2,4000,0,0,0,0,0,0,0

APPTR,I14-Y,14,FFLAC
IF,FFLAC,-20.281611,57.371722, ,0.0,0.0,2,4000,0,0,0,0,1,0
TF,D316L,-20.325536,57.466700,0, ,0.0,0.0,0.0,0.0,2,4000,0,0,0,0,0,0
CF,BIGAR,-20.348586,57.514336,0,IPL,315.1,11.8,136.0,3.0,2,3900,0,0,0,0,1,0

APPTR,I14-Y,14,PLS
IF,PLS,-20.420028,57.662389, ,0.0,0.0,2,4000,0,0,0,0,1,0
TF,D316L,-20.325536,57.466700,0, ,0.0,0.0,0.0,0.0,2,4000,0,0,0,0,0,0
FC,D316L,-20.325536,57.466700,0,PLS,0.0,0.0,1.0,4.4,2,4000,0,0,0,0,0,1
CF,D316L,-20.325536,57.466700,1,PLS,315.1,12.4,136.0,5.0,2,4000,0,0,0,0,0,0
CF,BIGAR,-20.348586,57.514336,0,IPL,315.1,11.8,136.0,3.0,2,3900,0,0,0,0,1,0

FINAL,I14-Y,14,I,3
IF,BIGAR,-20.348586,57.514336,IPL,315.1,11.8,2,3900,0,0,0,0,0,0
CF,CPEPT,-20.363644,57.545511,0,IPL,315.1,9.8,136.0,2.0,1,3200,0,0,0,0,2,0
CF,RW14,-20.424661,57.672019,0,IPL,315.1,1.8,136.0,8.0,1,234,0,0,0,0,3,0
VD, ,0,0,0,PLS,0.0,0.0,136.0,5.0,0,0,0,0,0,0,0,0
DF,PLS,-20.420028,57.662389,2, ,0.0,0.0,1,4000,0,0,0,0,0,0
HM,PLS,-20.420028,57.662389,1, ,0.0,0.0,316.0,04.3,2,4000,0,0,0,0,0,0,0

APPTR,I14-Z,14,EKBAL
IF,EKBAL,-20.425031,57.258317, ,0.0,0.0,2,6000,0,0,0,0,1,0
TF,MP141,-20.355453,57.379622,0, ,0.0,0.0,0.0,0.0,0,0,0,0,0,0,0,0
TF,MP889,-20.325581,57.466725,0, ,0.0,0.0,0.0,0.0,2,4000,0,1,185,0,0,0
TF,BIGAR,-20.348586,57.514336,0,IPL,0.0,0.0,0.0,0.0,2,3900,0,1,185,0,1,0

APPTR,I14-Z,14,IMKOV
IF,IMKOV,-20.199089,57.277997, ,0.0,0.0,2,6000,0,0,0,0,1,0
TF,MP142,-20.276200,57.393956,0, ,0.0,0.0,0.0,0.0,0,0,0,0,0,0,0,0
TF,MP889,-20.325581,57.466725,0, ,0.0,0.0,0.0,0.0,2,4000,0,1,185,0,0,0
TF,BIGAR,-20.348586,57.514336,0,IPL,0.0,0.0,0.0,0.0,2,3900,0,1,185,0,1,0

APPTR,I14-Z,14,MP143
IF,MP143,-20.206633,57.541681, ,0.0,0.0,2,6000,0,1,210,0,1,0
TF,MP888,-20.261014,57.448108,0, ,0.0,0.0,0.0,0.0,0,0,0,1,210,0,0,0
TF,MP889,-20.325581,57.466725,0, ,0.0,0.0,0.0,0.0,2,4000,0,1,185,0,0,0
TF,BIGAR,-20.348586,57.514336,0,IPL,0.0,0.0,0.0,0.0,2,3900,0,1,185,0,1,0

FINAL,I14-Z,14,I,3
IF,BIGAR,-20.348586,57.514336,IPL,315.1,11.8,2,3900,0,1,185,0,0,0
CF,CPEPT,-20.363644,57.545511,0,IPL,315.1,9.8,136.0,2.0,1,3200,0,0,0,0,2,0
CF,RW14,-20.424661,57.672019,0,IPL,315.1,1.8,136.0,8.0,1,234,0,0,0,0,3,1
TF,EPNES,-20.450000,57.725000,0, ,0.0,0.0,0.0,0.0,0,0,0,1,230,0,0,1
DF,MP167,-20.539483,57.715392,2, ,0.0,0.0,0,0,0,0,0,0,0,0
TF,MP171,-20.558881,57.527528,0, ,0.0,0.0,0.0,0.0,0,0,0,0,0,0,0,0
TF,MP161,-20.538333,57.426667,0, ,0.0,0.0,0.0,0.0,0,0,0,0,0,0,0,0
TF,EKBAL,-20.425031,57.258317,0, ,0.0,0.0,0.0,0.0,1,4000,0,0,0,0,0,0
HM,EKBAL,-20.425031,57.258317,2, ,0.0,0.0,72.0,04.3,2,4000,0,1,230,0,0,0,0

APPTR,L14-Y,14,FFLAC
IF,FFLAC,-20.281611,57.371722, ,0.0,0.0,2,4000,0,0,0,0,1,0
TF,D316L,-20.325536,57.466700,0, ,0.0,0.0,0.0,0.0,2,4000,0,0,0,0,0,0
CF,BIGAR,-20.348586,57.514336,0,IPL,315.1,11.8,136.0,3.0,2,4000,0,0,0,0,1,0

APPTR,L14-Y,14,PLS
IF,PLS,-20.420028,57.662389, ,0.0,0.0,2,4000,0,0,0,0,1,0
TF,D316L,-20.325536,57.466700,0, ,0.0,0.0,0.0,0.0,2,4000,0,0,0,0,0,0
FC,D316L,-20.325536,57.466700,0,PLS,0.0,0.0,1.0,4.4,2,4000,0,0,0,0,0,1
CF,D316L,-20.325536,57.466700,1,PLS,315.1,12.4,136.0,5.0,2,4000,0,0,0,0,0,0
CF,BIGAR,-20.348586,57.514336,0,IPL,315.1,11.8,136.0,3.0,2,4000,0,0,0,0,1,0

FINAL,L14-Y,14,D,6
IF,BIGAR,-20.348586,57.514336,IPL,315.1,11.8,2,4000,0,0,0,0,0,0
CF,CPEPT,-20.363644,57.545511,0,IPL,315.1,9.8,136.0,2.0,2,3200,0,0,0,0,2,0
CF,50LOC,-20.386553,57.592994,0,IPL,315.1,6.8,136.0,3.0,2,2090,0,0,0,0,0,0
CF,30LOC,-20.401792,57.624586,0,IPL,315.1,4.8,136.0,2.0,2,1350,0,0,0,0,0,0
CF,20LOC,-20.409411,57.640383,0,IPL,315.1,3.8,136.0,1.0,2,980,0,0,0,0,0,0
CF,ML14,-20.420072,57.662500,0,IPL,315.1,2.4,136.0,1.4,1,459,0,0,0,0,3,0
VD, ,0,0,0,PLS,0.0,0.0,136.0,5.0,0,0,0,0,0,0,0,0
DF,PLS,-20.420028,57.662389,2, ,0.0,0.0,1,4000,0,0,0,0,0,0
HM,PLS,-20.420028,57.662389,1, ,0.0,0.0,316.0,04.3,2,4000,0,0,0,0,0,0,0

APPTR,L14-Z,14,EKBAL
IF,EKBAL,-20.425031,57.258317, ,0.0,0.0,2,6000,0,0,0,0,1,0
TF,MP141,-20.355453,57.379622,0, ,0.0,0.0,0.0,0.0,0,0,0,0,0,0,0,0
TF,MP889,-20.325581,57.466725,0, ,0.0,0.0,0.0,0.0,2,4000,0,1,185,0,0,0
TF,BIGAR,-20.348586,57.514336,0,IPL,0.0,0.0,0.0,0.0,2,4000,0,1,185,0,1,0

APPTR,L14-Z,14,IMKOV
IF,IMKOV,-20.199089,57.277997, ,0.0,0.0,2,6000,0,0,0,0,1,0
TF,MP142,-20.276200,57.393956,0, ,0.0,0.0,0.0,0.0,0,0,0,0,0,0,0,0
TF,MP889,-20.325581,57.466725,0, ,0.0,0.0,0.0,0.0,2,4000,0,1,185,0,0,0
TF,BIGAR,-20.348586,57.514336,0,IPL,0.0,0.0,0.0,0.0,2,4000,0,1,185,0,1,0

APPTR,L14-Z,14,MP143
IF,MP143,-20.206633,57.541681, ,0.0,0.0,2,6000,0,1,210,0,1,0
TF,MP888,-20.261014,57.448108,0, ,0.0,0.0,0.0,0.0,0,0,0,1,210,0,0,0
TF,MP889,-20.325581,57.466725,0, ,0.0,0.0,0.0,0.0,2,4000,0,1,185,0,0,0
TF,BIGAR,-20.348586,57.514336,0,IPL,0.0,0.0,0.0,0.0,2,4000,0,1,185,0,1,0

FINAL,L14-Z,14,D,6
IF,BIGAR,-20.348586,57.514336,IPL,315.1,11.8,2,4000,0,1,185,0,0,0
CF,CPEPT,-20.363644,57.545511,0,IPL,315.1,9.8,136.0,2.0,2,3200,0,0,0,0,2,0
CF,50LOC,-20.386553,57.592994,0,IPL,315.1,6.8,136.0,3.0,2,2100,0,0,0,0,0,0
CF,30LOC,-20.401792,57.624586,0,IPL,315.1,4.8,136.0,2.0,2,1350,0,0,0,0,0,0
CF,20LOC,-20.409411,57.640383,0,IPL,315.1,3.8,136.0,1.0,2,980,0,0,0,0,0,0
CF,ML14,-20.420072,57.662500,0,IPL,315.1,2.4,136.0,1.4,1,459,0,0,0,0,3,0
TF,EPNES,-20.450000,57.725000,0, ,0.0,0.0,0.0,0.0,0,0,0,1,230,0,0,1
DF,MP167,-20.539483,57.715392,2, ,0.0,0.0,0,0,0,0,0,0,0,0
TF,MP171,-20.558881,57.527528,0, ,0.0,0.0,0.0,0.0,0,0,0,0,0,0,0,0
TF,MP161,-20.538333,57.426667,0, ,0.0,0.0,0.0,0.0,0,0,0,0,0,0,0,0
TF,EKBAL,-20.425031,57.258317,0, ,0.0,0.0,0.0,0.0,1,4000,0,0,0,0,0,0
HM,EKBAL,-20.425031,57.258317,2, ,0.0,0.0,72.0,04.3,2,4000,0,1,230,0,0,0,0

APPTR,R14-Z,14,EKBAL
IF,EKBAL,-20.425031,57.258317, ,0.0,0.0,2,6000,0,0,0,0,1,0
TF,MP141,-20.355453,57.379622,0, ,0.0,0.0,0.0,0.0,0,0,0,0,0,0,0,0
TF,GERUS,-20.330000,57.475000,0, ,0.0,0.0,0.0,0.0,2,3800,0,1,185,0,1,0

APPTR,R14-Z,14,IMKOV
IF,IMKOV,-20.199089,57.277997, ,0.0,0.0,2,6000,0,0,0,0,1,0
TF,MP142,-20.276200,57.393956,0, ,0.0,0.0,0.0,0.0,0,0,0,0,0,0,0,0
TF,GERUS,-20.330000,57.475000,0, ,0.0,0.0,0.0,0.0,2,3800,0,1,185,0,1,0

APPTR,R14-Z,14,MP143
IF,MP143,-20.206633,57.541681, ,0.0,0.0,0,0,0,1,210,0,1,0
TF,GERUS,-20.330000,57.475000,0, ,0.0,0.0,0.0,0.0,2,3800,0,1,185,0,1,0

FINAL,R14-Z,14,R,3
IF,GERUS,-20.330000,57.475000, ,0.0,0.0,2,3800,0,1,185,0,0,0
TF,MP100,-20.353608,57.524711,0, ,0.0,0.0,135.0,3.1,1,3500,0,0,0,0,2,0
TF,RW14,-20.424661,57.672019,0, ,0.0,0.0,135.0,9.3,1,234,0,0,0,0,3,1
TF,EPNES,-20.450000,57.725000,0, ,0.0,0.0,0.0,0.0,0,0,0,1,230,0,0,1
DF,MP167,-20.539483,57.715392,2, ,0.0,0.0,0,0,0,0,0,0,0,0
TF,MP171,-20.558881,57.527528,0, ,0.0,0.0,0.0,0.0,0,0,0,0,0,0,0,0
TF,MP161,-20.538333,57.426667,0, ,0.0,0.0,0.0,0.0,0,0,0,0,0,0,0,0
TF,EKBAL,-20.425031,57.258317,0, ,0.0,0.0,0.0,0.0,1,4000,0,0,0,0,0,0
HM,EKBAL,-20.425031,57.258317,2, ,0.0,0.0,72.0,04.3,2,4000,0,1,230,0,0,0,0

APPTR,R32-Z,32,ESTEK
IF,ESTEK,-20.519233,57.868742, ,0.0,0.0,2,3600,0,0,0,0,1,0
TF,EPNUK,-20.475172,57.777000,0, ,0.0,0.0,0.0,0.0,1,1740,0,0,0,0,0,0

FINAL,R32-Z,32,R,2
IF,EPNUK,-20.475172,57.777000, ,0.0,0.0,1,1740,0,0,0,0,2,0
TF,RW32,-20.437150,57.697953,0, ,0.0,0.0,315.0,5.0,1,147,0,0,0,0,3,1
TF,MP530,-20.421961,57.666603,0, ,0.0,0.0,0.0,0.0,0,0,0,0,0,0,0,1
DF,MP531,-20.494681,57.619839,1, ,0.0,0.0,0,0,0,1,185,0,0,0
TF,MP501,-20.593231,57.827283,0, ,0.0,0.0,0.0,0.0,0,0,0,0,0,0,0,0
TF,ESTEK,-20.519233,57.868742,0, ,0.0,0.0,0.0,0.0,1,4000,0,0,0,0,0,0
HM,ESTEK,-20.519233,57.868742,1, ,0.0,0.0,315.0,04.3,2,4000,0,1,230,0,0,0,0

