SID,ENKO1A,08,5
CF,DUDGO,-12.158667,26.431389,0,VND,294.7,140.4,79.0,3.0,0,0,0,0,0,0,0,1
TF,UVLER,-12.041417,27.063222,0, ,0.0,0.0,0.0,0.0,0,0,0,0,0,0,0,0
TF,ENKOT,-11.992222,27.325833,0, ,0.0,0.0,0.0,0.0,2,16000,0,0,0,0,0,0

SID,ENKO1B,26,5
CF,NERUP,-12.189278,26.298833,0,VND,292.9,147.1,259.0,3.0,0,0,0,0,0,0,0,1
TF,EVUKO,-12.401167,26.349417,0, ,0.0,0.0,0.0,0.0,3,9000,0,1,230,0,0,0
TF,NIBUS,-12.360333,26.526111,0, ,0.0,0.0,0.0,0.0,2,12000,0,0,0,0,0,0
TF,ETGAG,-12.306500,26.758111,0, ,0.0,0.0,0.0,0.0,0,0,0,0,0,0,0,0
TF,ETKOS,-12.194806,27.236750,0, ,0.0,0.0,0.0,0.0,0,0,0,0,0,0,0,0
TF,ENKOT,-11.992222,27.325833,0, ,0.0,0.0,0.0,0.0,2,22000,0,0,0,0,0,0

SID,FLKM1A,08,5
CF,DUDGO,-12.158667,26.431389,0,VND,294.7,140.4,79.0,3.0,0,0,0,0,0,0,0,1
TF,UTETI,-12.407417,26.490861,0, ,0.0,0.0,0.0,0.0,3,9000,0,0,0,0,0,0
TF,EPMOP,-12.464000,26.245667,0, ,0.0,0.0,0.0,0.0,2,12000,0,0,0,0,0,0
TF,FLKM,-12.254167,25.437500,0, ,0.0,0.0,0.0,0.0,2,21000,0,0,0,0,0,0

SID,FLKM1B,26,5
CF,NERUP,-12.189278,26.298833,0,VND,292.9,147.1,259.0,3.0,0,0,0,0,0,0,0,1
TF,XADKA,-12.222750,25.858861,0, ,0.0,0.0,0.0,0.0,0,0,0,0,0,0,0,0
TF,FLKM,-12.254167,25.437500,0, ,0.0,0.0,0.0,0.0,2,15500,0,0,0,0,0,0

SID,IBGO1A,08,5
CF,DUDGO,-12.158667,26.431389,0,VND,294.7,140.4,79.0,3.0,0,0,0,0,0,0,0,1
TF,UTETI,-12.407417,26.490861,0, ,0.0,0.0,0.0,0.0,3,9000,0,0,0,0,0,0
TF,SW529,-12.509028,27.098306,0, ,0.0,0.0,0.0,0.0,0,0,0,0,0,0,0,0
TF,IBGOX,-12.572500,27.482222,0, ,0.0,0.0,0.0,0.0,2,20500,0,0,0,0,0,0

SID,IBGO1B,26,5
CF,NERUP,-12.189278,26.298833,0,VND,292.9,147.1,259.0,3.0,0,0,0,0,0,0,0,1
TF,EVUKO,-12.401167,26.349417,0, ,0.0,0.0,0.0,0.0,3,9000,0,1,230,0,0,0
TF,NIBUS,-12.360333,26.526111,0, ,0.0,0.0,0.0,0.0,2,12000,0,0,0,0,0,0
TF,ETGAG,-12.306500,26.758111,0, ,0.0,0.0,0.0,0.0,0,0,0,0,0,0,0,0
TF,XABMI,-12.334361,27.260722,0, ,0.0,0.0,0.0,0.0,0,0,0,0,0,0,0,0
TF,IBGOX,-12.572500,27.482222,0, ,0.0,0.0,0.0,0.0,2,23500,0,0,0,0,0,0

SID,IMDU1A,26,5
CF,NERUP,-12.189278,26.298833,0,VND,292.9,147.1,259.0,3.0,0,0,0,0,0,0,0,1
TF,IMDUK,-12.027917,25.357083,0, ,0.0,0.0,0.0,0.0,2,16500,0,0,0,0,0,0

SID,ITLO1A,08,5
CF,DUDGO,-12.158667,26.431389,0,VND,294.7,140.4,79.0,3.0,0,0,0,0,0,0,0,1
TF,UTETI,-12.407417,26.490861,0, ,0.0,0.0,0.0,0.0,3,9000,0,0,0,0,0,0
TF,EPMOP,-12.464000,26.245667,0, ,0.0,0.0,0.0,0.0,0,0,0,0,0,0,0,0
TF,FLKM,-12.254167,25.437500,0, ,0.0,0.0,0.0,0.0,0,0,0,0,0,0,0,0
TF,ITLOR,-12.166667,25.103611,0, ,0.0,0.0,0.0,0.0,2,24500,0,0,0,0,0,0

SID,NIDO1A,08,5
CF,DUDGO,-12.158667,26.431389,0,VND,294.7,140.4,79.0,3.0,0,0,0,0,0,0,0,1
TF,UTETI,-12.407417,26.490861,0, ,0.0,0.0,0.0,0.0,3,9000,0,0,0,0,0,0
TF,EGPEG,-12.803889,26.707611,0, ,0.0,0.0,0.0,0.0,0,0,0,0,0,0,0,0
TF,NIDOS,-13.066667,26.851667,0, ,0.0,0.0,0.0,0.0,2,17500,0,0,0,0,0,0

SID,NIDO1B,26,5
CF,NERUP,-12.189278,26.298833,0,VND,292.9,147.1,259.0,3.0,0,0,0,0,0,0,0,1
TF,EVUKO,-12.401167,26.349417,0, ,0.0,0.0,0.0,0.0,3,9000,0,1,230,0,0,0
TF,NIDOS,-13.066667,26.851667,0, ,0.0,0.0,0.0,0.0,2,18500,0,0,0,0,0,0

SID,XOSE1A,08,5
CF,DUDGO,-12.158667,26.431389,0,VND,294.7,140.4,79.0,3.0,0,0,0,0,0,0,0,1
TF,UTETI,-12.407417,26.490861,0, ,0.0,0.0,0.0,0.0,3,9000,0,0,0,0,0,0
TF,UTADU,-12.566000,26.338944,0, ,0.0,0.0,0.0,0.0,0,0,0,0,0,0,0,0
TF,XOSET,-13.052389,25.871250,0, ,0.0,0.0,0.0,0.0,2,19000,0,0,0,0,0,0

SID,XOSE1B,26,5
CF,NERUP,-12.189278,26.298833,0,VND,292.9,147.1,259.0,3.0,0,0,0,0,0,0,0,1
TF,EVUKO,-12.401167,26.349417,0, ,0.0,0.0,0.0,0.0,3,9000,0,1,230,0,0,0
TF,XOSET,-13.052389,25.871250,0, ,0.0,0.0,0.0,0.0,2,18500,0,0,0,0,0,0

STAR,ENKO1A,08,5
IF,ENKOT,-11.992222,27.325833, ,0.0,0.0,2,23500,0,0,0,0,0,0
TF,ETGOP,-12.240306,27.082000,0, ,0.0,0.0,0.0,0.0,0,0,0,0,0,0,0,0
TF,ESTOD,-12.303361,26.344833,0, ,0.0,0.0,0.0,0.0,2,10000,0,0,0,0,0,0
TF,ESVAG,-12.315667,26.198028,0, ,0.0,0.0,0.0,0.0,2,8000,0,0,0,0,0,0

STAR,ENKO1B,26,5
IF,ENKOT,-11.992222,27.325833, ,0.0,0.0,2,16000,0,0,0,0,0,0
TF,UBVUG,-12.107139,26.653750,0, ,0.0,0.0,0.0,0.0,2,8000,0,0,0,0,0,0

STAR,GENU1A,08,5
IF,GENUG,-12.874694,25.634611, ,0.0,0.0,2,17500,0,0,0,0,0,0
TF,TIDIT,-12.506972,26.005639,0, ,0.0,0.0,0.0,0.0,3,11000,0,0,0,0,0,0
TF,ESVAG,-12.315667,26.198028,0, ,0.0,0.0,0.0,0.0,2,8000,0,0,0,0,0,0

STAR,GENU1B,26,5
IF,GENUG,-12.874694,25.634611, ,0.0,0.0,2,24500,0,0,0,0,0,0
TF,UTRUX,-12.376417,25.933528,0, ,0.0,0.0,0.0,0.0,0,0,0,0,0,0,0,0
TF,ERBIP,-12.260278,26.438167,0, ,0.0,0.0,0.0,0.0,2,10000,0,0,0,0,0,0
TF,UVBAV,-12.227944,26.577806,0, ,0.0,0.0,0.0,0.0,2,8000,0,0,0,0,0,0

STAR,IBGO1A,08,5
IF,IBGOX,-12.572500,27.482222, ,0.0,0.0,2,24500,0,0,0,0,0,0
TF,ETGOP,-12.240306,27.082000,0, ,0.0,0.0,0.0,0.0,0,0,0,0,0,0,0,0
TF,ESTOD,-12.303361,26.344833,0, ,0.0,0.0,0.0,0.0,2,10000,0,0,0,0,0,0
TF,ESVAG,-12.315667,26.198028,0, ,0.0,0.0,0.0,0.0,2,8000,0,0,0,0,0,0

STAR,IBGO1B,26,5
IF,IBGOX,-12.572500,27.482222, ,0.0,0.0,2,24500,0,0,0,0,0,0
TF,NIGUR,-12.514611,27.095833,0, ,0.0,0.0,0.0,0.0,0,0,0,0,0,0,0,0
TF,OKDIM,-12.457417,26.717778,0, ,0.0,0.0,0.0,0.0,3,11000,0,0,0,0,0,0
TF,UVBAV,-12.227944,26.577806,0, ,0.0,0.0,0.0,0.0,2,8000,0,0,0,0,0,0

STAR,ITLO1A,08,5
IF,ITLOR,-12.166667,25.103611, ,0.0,0.0,2,20000,0,0,0,0,0,0
TF,GESOV,-12.107333,25.730222,0, ,0.0,0.0,0.0,0.0,0,0,0,0,0,0,0,0
TF,UMVOG,-12.240750,26.075306,0, ,0.0,0.0,0.0,0.0,2,8000,0,0,0,0,0,0

STAR,ITLO1B,26,5
IF,ITLOR,-12.166667,25.103611, ,0.0,0.0,2,24500,0,0,0,0,0,0
TF,DULVU,-12.228583,25.347389,0, ,0.0,0.0,0.0,0.0,0,0,0,0,0,0,0,0
TF,UTRUX,-12.376417,25.933528,0, ,0.0,0.0,0.0,0.0,0,0,0,0,0,0,0,0
TF,ERBIP,-12.260278,26.438167,0, ,0.0,0.0,0.0,0.0,2,10000,0,0,0,0,0,0
TF,UVBAV,-12.227944,26.577806,0, ,0.0,0.0,0.0,0.0,2,8000,0,0,0,0,0,0

STAR,NIDO1A,08,5
IF,NIDOS,-13.066667,26.851667, ,0.0,0.0,2,21000,0,0,0,0,0,0
TF,XABRU,-12.901528,26.528306,0, ,0.0,0.0,0.0,0.0,0,0,0,0,0,0,0,0
TF,UTADU,-12.566000,26.338944,0, ,0.0,0.0,0.0,0.0,0,0,0,0,0,0,0,0
TF,ESVAG,-12.315667,26.198028,0, ,0.0,0.0,0.0,0.0,2,8000,0,0,0,0,0,0

STAR,NIDO1B,26,5
IF,NIDOS,-13.066667,26.851667, ,0.0,0.0,2,21000,0,0,0,0,0,0
TF,UNKED,-12.840306,26.951944,0, ,0.0,0.0,0.0,0.0,0,0,0,0,0,0,0,0
TF,OKDIM,-12.457417,26.717778,0, ,0.0,0.0,0.0,0.0,3,11000,0,0,0,0,0,0
TF,UVBAV,-12.227944,26.577806,0, ,0.0,0.0,0.0,0.0,2,8000,0,0,0,0,0,0

APPTR,N08-Y,08,SW
IF,SW,-12.170622,26.364028, ,0.0,0.0,2,6700,0,0,0,0,1,0
TF,D251D,-12.192567,26.308800,0, ,0.0,0.0,0.0,0.0,2,6700,0,0,0,0,0,0
FC,D251D,-12.192567,26.308800,0,LUB,0.0,0.0,296.0,4.4,0,0,0,0,0,0,0,1
CF,FN08Y,-12.216892,26.247539,1,LUB,245.5,82.6,71.0,1.0,2,6700,0,0,0,0,0,0

FINAL,N08-Y,08,N,2
IF,FN08Y,-12.216892,26.247539,SW,0.0,0.0,2,6700,0,0,0,0,2,0
CF,RW08,-12.176767,26.353017,0,SW,0.0,0.0,71.0,6.7,1,4584,0,0,0,0,3,0
CF,SW,-12.170622,26.364028,0,LUB,245.1,75.3,71.0,0.7,0,0,0,0,0,0,0,1
FM,SW,-12.170622,26.364028,0,LUB,0.0,0.0,71.0,1,6800,0,0,0,0,0,0

APPTR,N08-Z,08,SW
IF,SW,-12.170622,26.364028, ,0.0,0.0,2,6700,0,0,0,0,1,0
TF,D251F,-12.208233,26.269347,0, ,0.0,0.0,0.0,0.0,2,6100,0,0,0,0,0,0
FC,D251F,-12.208233,26.269347,0,LUB,0.0,0.0,296.0,3.0,0,0,0,0,0,0,0,1
CF,FN08Z,-12.205083,26.277281,1,LUB,245.4,80.7,71.0,4.0,2,6100,0,0,0,0,0,0

FINAL,N08-Z,08,N,2
IF,FN08Z,-12.205083,26.277281,SW,0.0,0.0,2,6100,0,0,0,0,2,0
CF,RW08,-12.176767,26.353017,0,SW,0.0,0.0,71.0,4.8,1,4584,0,0,0,0,3,0
CF,SW,-12.170622,26.364028,0,LUB,245.1,75.3,71.0,0.7,0,0,0,0,0,0,0,1
FM,SW,-12.170622,26.364028,0,LUB,0.0,0.0,71.0,1,6800,0,0,0,0,0,0

APPTR,N26-Y,26,SW
IF,SW,-12.170622,26.364028, ,0.0,0.0,2,6700,0,0,0,0,1,0
TF,D087D,-12.164489,26.423258,0, ,0.0,0.0,0.0,0.0,2,6700,0,0,0,0,0,0
FC,D087D,-12.164489,26.423258,0,LUB,0.0,0.0,132.0,4.4,0,0,0,0,0,0,0,1
CF,FN26Y,-12.157733,26.488386,1,LUB,242.9,68.4,267.0,1.0,2,6700,0,0,0,0,0,0

FINAL,N26-Y,26,N,2
IF,FN26Y,-12.157733,26.488386,SW,0.0,0.0,2,6700,0,0,0,0,2,0
CF,RW26,-12.171178,26.377217,0,SW,0.0,0.0,267.0,6.6,1,4604,0,0,0,0,3,0
CF,SW,-12.170622,26.364028,0,LUB,245.1,75.3,267.0,0.8,0,0,0,0,0,0,0,1
FM,SW,-12.170622,26.364028,0,LUB,0.0,0.0,267.0,1,6700,0,0,0,0,0,0

APPTR,N26-Z,26,SW
IF,SW,-12.170622,26.364028, ,0.0,0.0,2,6700,0,0,0,0,1,0
TF,D087F,-12.160103,26.465564,0, ,0.0,0.0,0.0,0.0,2,6000,0,0,0,0,0,0
FC,D087F,-12.160103,26.465564,0,LUB,0.0,0.0,132.0,3.0,0,0,0,0,0,0,0,1
CF,FN26Z,-12.161594,26.451178,1,LUB,243.6,70.5,267.0,4.0,2,6000,0,0,0,0,0,0

FINAL,N26-Z,26,N,2
IF,FN26Z,-12.161594,26.451178,SW,0.0,0.0,2,6000,0,0,0,0,2,0
CF,RW26,-12.171178,26.377217,0,SW,0.0,0.0,267.0,4.4,1,4604,0,0,0,0,3,0
CF,SW,-12.170622,26.364028,0,LUB,245.1,75.3,267.0,0.8,0,0,0,0,0,0,0,1
FM,SW,-12.170622,26.364028,0,LUB,0.0,0.0,267.0,1,6700,0,0,0,0,0,0

APPTR,R08,08,ESVAG
IF,ESVAG,-12.315667,26.198028, ,0.0,0.0,2,8000,0,0,0,0,1,0
TF,IMDEG,-12.217889,26.174750,0, ,0.0,0.0,0.0,0.0,2,7000,0,0,0,0,1,0

APPTR,R08,08,UMVOG
IF,UMVOG,-12.240750,26.075306, ,0.0,0.0,2,8000,0,0,0,0,1,0
TF,IMDEG,-12.217889,26.174750,0, ,0.0,0.0,0.0,0.0,2,7000,0,0,0,0,1,0

APPTR,R08,08,UTVEG
IF,UTVEG,-12.120056,26.151472, ,0.0,0.0,2,8000,0,0,0,0,1,0
TF,IMDEG,-12.217889,26.174750,0, ,0.0,0.0,0.0,0.0,2,7000,0,0,0,0,1,0

FINAL,R08,08,R,3
IF,IMDEG,-12.217889,26.174750, ,0.0,0.0,2,7000,0,0,0,0,0,0
TF,UNPAB,-12.194972,26.274167,0, ,0.0,0.0,79.0,6.0,2,6100,0,0,0,0,2,0
TF,RW08,-12.176767,26.353017,0, ,0.0,0.0,79.0,4.8,1,4584,0,0,0,0,3,1
CA,0,79.0,2,6700,0,0,0,0,0,0
DF,XAGEK,-12.189500,26.778250,0, ,0.0,0.0,2,6700,0,0,0,0,0,1
HM,XAGEK,-12.189500,26.778250,2, ,0.0,0.0,109.0,06,2,6700,0,1,230,0,0,0,0

APPTR,R26,26,OKRIV
IF,OKRIV,-12.032389,26.531000, ,0.0,0.0,2,8000,0,0,0,0,1,0
TF,IMGAD,-12.130167,26.554417,0, ,0.0,0.0,0.0,0.0,2,7000,0,0,0,0,1,0

APPTR,R26,26,UBVUG
IF,UBVUG,-12.107139,26.653750, ,0.0,0.0,2,8000,0,0,0,0,1,0
TF,IMGAD,-12.130167,26.554417,0, ,0.0,0.0,0.0,0.0,2,7000,0,0,0,0,1,0

APPTR,R26,26,UVBAV
IF,UVBAV,-12.227944,26.577806, ,0.0,0.0,2,8000,0,0,0,0,1,0
TF,IMGAD,-12.130167,26.554417,0, ,0.0,0.0,0.0,0.0,2,7000,0,0,0,0,1,0

FINAL,R26,26,R,3
IF,IMGAD,-12.130167,26.554417, ,0.0,0.0,2,7000,0,0,0,0,0,0
TF,UDKEV,-12.153194,26.455028,0, ,0.0,0.0,259.0,6.0,2,6100,0,0,0,0,2,0
TF,RW26,-12.171178,26.377217,0, ,0.0,0.0,259.0,4.7,1,4604,0,0,0,0,3,1
CA,0,259.0,2,6700,0,0,0,0,0,0
DF,OKNUX,-12.329333,26.077139,0, ,0.0,0.0,2,6700,0,0,0,0,0,1
HM,OKNUX,-12.329333,26.077139,1, ,0.0,0.0,220.0,06,2,6700,0,1,230,0,0,0,0

