APPTR,D02-Z,02,AMSAB
HF,AMSAB,-0.899183,8.677894,1, ,0.0,0.0,24.0,05,2,2000,0,1,230,0,1,0,0

APPTR,D02-Z,02,NUKID
IF,NUKID,-0.719139,8.564694, ,0.0,0.0,2,2000,0,0,0,0,1,0
AF,AMSAB,-0.899183,8.677894,1,PG,204.3,11.0,275.0,2,2000,0,0,0,0,1,0

APPTR,D02-Z,02,VORTA
IF,VORTA,-0.854417,8.881333, ,0.0,0.0,2,2000,0,0,0,0,1,0
AF,AMSAB,-0.899183,8.677894,2,PG,204.3,11.0,135.0,2,2000,0,0,0,0,1,0

FINAL,D02-Z,02,D,3
IF,AMSAB,-0.899183,8.677894,PG,204.3,11.0,2,2000,0,0,0,0,0,0
CF,FF02,-0.820400,8.710697,0,PG,204.0,5.9,24.0,5.1,2,2000,0,0,0,0,2,0
CF,PG,-0.728778,8.747472,0,PG,0.0,0.0,24.0,5.9,1,127,0,0,0,0,3,0
CA,0,24.0,2,1000,0,0,0,0,0,0
CI,1, ,0.0,188.0,0,0,0,0,0,0,0,0
FD,PG,-0.728778,8.747472,0,PG,0.0,16.0,218.0,16.0,1,2000,0,0,0,0,0,0
CF,AMSAB,-0.899183,8.677894,1,PG,204.3,11.0,24.0,5.0,0,0,0,0,0,0,0,0

APPTR,D20-Z,20,ERMUN
IF,ERMUN,-0.583056,8.586694, ,0.0,0.0,2,2000,0,0,0,0,1,0
AF,KETEV,-0.527339,8.829700,2,PG,24.3,13.0,314.0,2,2000,0,0,0,0,1,0

APPTR,D20-Z,20,KETEV
HF,KETEV,-0.527339,8.829700,2, ,0.0,0.0,204.0,05,2,2000,0,1,230,0,1,0,0

APPTR,D20-Z,20,NUTOP
IF,NUTOP,-0.740167,8.963528, ,0.0,0.0,2,2000,0,0,0,0,1,0
AF,KETEV,-0.527339,8.829700,1,PG,24.3,13.0,95.0,2,2000,0,0,0,0,1,0

FINAL,D20-Z,20,D,3
IF,KETEV,-0.527339,8.829700,PG,24.3,13.0,2,2000,0,0,0,0,0,0
CF,FF20,-0.609200,8.795461,0,PG,24.0,7.7,204.0,5.3,2,2000,0,0,0,0,2,0
CF,MD20Z,-0.697717,8.759936,0,PG,24.0,2.0,204.0,5.7,1,185,0,0,0,0,3,0
CA,0,204.0,2,1000,0,0,0,0,0,0
CI,2, ,0.0,42.0,0,0,0,0,0,0,0,0
FD,PG,-0.728778,8.747472,0,PG,0.0,18.0,12.0,18.0,1,2000,0,0,0,0,0,0
CF,KETEV,-0.527339,8.829700,2,PG,24.3,13.0,204.0,5.0,0,0,0,0,0,0,0,0

APPTR,I20-Y,20,KETEV
HF,KETEV,-0.527339,8.829700,2, ,0.0,0.0,204.0,04.3,2,2000,0,1,230,0,1,0,0

APPTR,I20-Y,20,KOGIV
IF,KOGIV,-0.489142,8.737367, ,0.0,0.0,2,2000,0,1,230,0,1,0
TF,KETEV,-0.527339,8.829700,0,PO,0.0,0.0,0.0,0.0,2,2000,0,1,230,0,1,0

APPTR,I20-Y,20,TIMUB
IF,TIMUB,-0.565536,8.922033, ,0.0,0.0,2,2000,0,1,230,0,1,0
TF,KETEV,-0.527339,8.829700,0,PO,0.0,0.0,0.0,0.0,2,2000,0,1,230,0,1,0

FINAL,I20-Y,20,I,3
IF,KETEV,-0.527339,8.829700,PO,24.4,13.0,2,2000,0,1,230,0,1,0
CF,OG501,-0.609444,8.796181,0,PO,24.4,7.7,204.0,5.3,1,2000,0,0,0,0,2,0
CF,RW20,-0.703878,8.757631,0,PO,24.4,1.6,204.0,6.1,1,59,0,0,0,0,3,0
CF,OG502,-0.781336,8.726008,0,PG,204.4,3.4,204.0,5.0,0,0,0,1,230,0,0,1
DF,OG503,-0.611675,8.511539,2, ,0.0,0.0,2,2000,0,1,230,0,0,0

APPTR,I20-Z,20,ERMUN
IF,ERMUN,-0.583056,8.586694, ,0.0,0.0,2,2000,0,0,0,0,1,0
AF,D015M,-0.516619,8.796125,2,PG,15.0,13.0,314.0,2,2000,0,0,0,0,0,0
VI,0,PO,0.0,174.0,0,0,0,0,0,0,0,0

APPTR,I20-Z,20,KETEV
HF,KETEV,-0.527339,8.829700,2, ,0.0,0.0,204.0,05,2,2000,0,1,230,0,1,0,0

APPTR,I20-Z,20,NUTOP
IF,NUTOP,-0.740167,8.963528, ,0.0,0.0,2,2000,0,0,0,0,1,0
AF,D033M,-0.542136,8.858869,1,PG,33.0,13.0,95.0,2,2000,0,0,0,0,0,0
VI,0,PO,0.0,234.0,0,0,0,0,0,0,0,0

FINAL,I20-Z,20,I,3
IF,KETEV,-0.527339,8.829700,PO,24.4,13.0,2,2000,0,0,0,0,0,0
CF,FI20Z,-0.608747,8.796450,0,PO,24.4,7.7,204.0,5.3,1,2000,0,0,0,0,2,0
CF,RW20,-0.703878,8.757631,0,PO,24.4,1.6,204.0,6.1,1,59,0,0,0,0,3,0
FA,RW20,-0.703878,8.757631,0,PG,0.0,0.0,204.0,2,1000,0,0,0,0,0,0
CI,2, ,0.0,42.0,0,0,0,0,0,0,0,0
FD,PG,-0.728778,8.747472,0,PG,0.0,18.0,12.0,18.0,1,2000,0,0,0,0,0,0
CF,KETEV,-0.527339,8.829700,2,PG,24.3,13.0,204.0,5.0,0,0,0,0,0,0,0,0

APPTR,R02,02,AMSAB
HF,AMSAB,-0.899183,8.677894,1, ,0.0,0.0,24.0,04.3,2,2000,0,1,230,0,1,0,0

APPTR,R02,02,METEG
IF,METEG,-0.860981,8.585556, ,0.0,0.0,2,2000,0,1,230,0,1,0
TF,AMSAB,-0.899183,8.677894,0, ,0.0,0.0,0.0,0.0,2,2000,0,1,230,0,1,0

APPTR,R02,02,RUNBO
IF,RUNBO,-0.937383,8.770233, ,0.0,0.0,2,2000,0,1,230,0,1,0
TF,AMSAB,-0.899183,8.677894,0, ,0.0,0.0,0.0,0.0,2,2000,0,1,230,0,1,0

FINAL,R02,02,R,3
IF,AMSAB,-0.899183,8.677894, ,0.0,0.0,2,2000,0,1,230,0,0,0
TF,OG401,-0.819917,8.710256,0, ,0.0,0.0,24.0,5.1,1,2000,0,0,0,0,2,0
TF,RW02,-0.725631,8.748750,0, ,0.0,0.0,24.0,6.1,1,62,0,0,0,0,3,1
CF,OG402,-0.648172,8.780372,0,PG,24.3,5.2,24.0,5.0,0,0,0,1,230,0,0,1
DF,METEG,-0.860981,8.585556,1, ,0.0,0.0,2,2000,0,1,230,0,0,0

APPTR,R20,20,KETEV
HF,KETEV,-0.527339,8.829700,2, ,0.0,0.0,204.0,04.3,2,2000,0,1,230,0,1,0,0

APPTR,R20,20,KOGIV
IF,KOGIV,-0.489142,8.737367, ,0.0,0.0,2,2000,0,1,230,0,1,0
TF,KETEV,-0.527339,8.829700,0, ,0.0,0.0,0.0,0.0,2,2000,0,1,230,0,1,0

APPTR,R20,20,TIMUB
IF,TIMUB,-0.565536,8.922033, ,0.0,0.0,2,2000,0,1,230,0,1,0
TF,KETEV,-0.527339,8.829700,0, ,0.0,0.0,0.0,0.0,2,2000,0,1,230,0,1,0

FINAL,R20,20,R,3
IF,KETEV,-0.527339,8.829700, ,0.0,0.0,2,2000,0,1,230,0,0,0
TF,OG501,-0.609444,8.796181,0, ,0.0,0.0,204.0,5.3,1,2000,0,0,0,0,2,0
TF,RW20,-0.703878,8.757631,0, ,0.0,0.0,204.0,6.1,1,59,0,0,0,0,3,1
CF,OG502,-0.781336,8.726008,0,PG,204.4,3.4,204.0,5.0,0,0,0,1,230,0,0,1
DF,OG503,-0.611675,8.511539,2, ,0.0,0.0,2,2000,0,1,230,0,0,0

APPTR,S02-Y,02,PG1
FC,PG,-0.728778,8.747472,0,PG,0.0,0.0,221.0,10.5,2,2000,0,0,0,0,0,1
CF,FF02,-0.820400,8.710697,1,PG,204.0,5.9,24.0,5.0,2,2000,0,0,0,0,0,0

APPTR,S02-Y,02,PG2
FC,PG,-0.728778,8.747472,0,PG,0.0,0.0,216.0,9.0,2,2000,0,0,0,0,0,1
CF,FF02,-0.820400,8.710697,1,PG,204.0,5.9,24.0,4.0,2,2000,0,0,0,0,0,0

FINAL,S02-Y,02,D,2
IF,FF02,-0.820400,8.710697,PG,204.0,5.9,2,2000,0,0,0,0,2,0
CF,PG,-0.728778,8.747472,0,PG,0.0,0.0,24.0,5.9,1,127,0,0,0,0,3,0
CA,0,24.0,2,1000,0,0,0,0,0,0
DF,PG,-0.728778,8.747472,1, ,0.0,0.0,1,2000,0,0,0,0,0,0

APPTR,S20-Y,20,PG1
FC,PG,-0.728778,8.747472,0,PG,0.0,0.0,7.0,10.5,2,2000,0,0,0,0,1,1
CF,FF20,-0.609200,8.795461,2,PG,24.0,7.7,204.0,3.0,2,2000,0,0,0,0,0,0

APPTR,S20-Y,20,PG2
FC,PG,-0.728778,8.747472,0,PG,0.0,0.0,12.0,9.0,2,2000,0,0,0,0,1,1
CF,FF20,-0.609200,8.795461,2,PG,24.0,7.7,204.0,2.0,2,2000,0,0,0,0,0,0

FINAL,S20-Y,20,D,2
IF,FF20,-0.609200,8.795461,PG,24.0,7.7,2,2000,0,0,0,0,2,0
CF,RW20,-0.703878,8.757631,0,PG,24.3,1.6,204.0,6.1,1,59,0,0,0,0,3,0
CF,PG,-0.728778,8.747472,0,PG,0.0,0.0,204.0,1.6,0,0,0,0,0,0,0,1
CA,0,204.0,2,1000,0,0,0,0,0,0
DF,PG,-0.728778,8.747472,2, ,0.0,0.0,1,2000,0,0,0,0,0,0

