SID,ETKA1D,01,5
CF,IBNAS,-14.238833,40.732417,0,VNC,12.5,13.5,13.0,14.0,0,0,0,0,0,0,0,0
TF,ETKAD,-13.800250,40.619917,0, ,0.0,0.0,0.0,0.0,0,0,0,0,0,0,0,0

SID,IBNE1D,01,5
CA,0,13.0,2,1000,0,0,0,0,0,0
DF,IBNET,-14.513861,40.502000,1, ,0.0,0.0,0,0,0,0,0,0,0,1
TF,OKBOB,-14.739500,40.087833,0, ,0.0,0.0,0.0,0.0,0,0,0,0,0,0,0,0

SID,NERE1D,01,5
CF,IBNAS,-14.238833,40.732417,0,VNC,12.5,13.5,13.0,14.0,0,0,0,0,0,0,0,0
TF,NERES,-13.844861,40.976722,0, ,0.0,0.0,0.0,0.0,0,0,0,0,0,0,0,0

SID,NESU1E,19,5
CA,0,193.0,2,1500,0,0,0,0,0,0
DF,NESUR,-14.201111,40.548972,2, ,0.0,0.0,0,0,0,0,0,0,0,1
TF,ETKAD,-13.800250,40.619917,0, ,0.0,0.0,0.0,0.0,0,0,0,0,0,0,0,0

SID,OKDI1E,19,5
CA,0,193.0,2,1500,0,0,0,0,0,0
DF,OKDIK,-14.217028,40.906361,1, ,0.0,0.0,0,0,0,0,0,0,0,1
TF,NERES,-13.844861,40.976722,0, ,0.0,0.0,0.0,0.0,0,0,0,0,0,0,0,0

SID,TETO1E,19,5
CA,0,193.0,2,1500,0,0,0,0,0,0
DF,TETOG,-14.650917,40.527944,0, ,0.0,0.0,0,0,0,0,0,0,0,1
TF,OKBOB,-14.739500,40.087833,0, ,0.0,0.0,0.0,0.0,0,0,0,0,0,0,0,0

STAR,ETKA1A,01,5
IF,ETKAD,-13.800250,40.619917, ,0.0,0.0,0,0,0,0,0,0,0,0
TF,APKAR,-14.296167,40.624544,0, ,0.0,0.0,0.0,0.0,2,3000,0,0,0,0,0,0
TF,APDUT,-14.662556,40.594631,0, ,0.0,0.0,0.0,0.0,2,2100,0,1,230,0,0,0

STAR,ETKA1B,19,5
IF,ETKAD,-13.800250,40.619917, ,0.0,0.0,0,0,0,0,0,0,0,0
TF,IBTIS,-14.203964,40.735311,0, ,0.0,0.0,0.0,0.0,2,2100,0,1,230,0,0,0

STAR,NERE1A,01,5
IF,NERES,-13.844861,40.976722, ,0.0,0.0,0,0,0,0,0,0,0,0
TF,APGIV,-14.678383,40.800314,0, ,0.0,0.0,0.0,0.0,2,2100,0,1,230,0,0,0

STAR,NERE1B,19,5
IF,NERES,-13.844861,40.976722, ,0.0,0.0,0,0,0,0,0,0,0,0
TF,IBTIS,-14.203964,40.735311,0, ,0.0,0.0,0.0,0.0,2,2100,0,1,230,0,0,0

STAR,OKBO1A,01,5
IF,OKBOB,-14.739500,40.087833, ,0.0,0.0,0,0,0,0,0,0,0,0
TF,APDUT,-14.662556,40.594631,0, ,0.0,0.0,0.0,0.0,2,2100,0,1,230,0,0,0

STAR,OKBO1B,19,5
IF,OKBOB,-14.739500,40.087833, ,0.0,0.0,0,0,0,0,0,0,0,0
TF,APKAR,-14.296167,40.624544,0, ,0.0,0.0,0.0,0.0,2,2200,0,1,230,0,0,0

APPTR,D01-Y,01,AVILU
IF,AVILU,-14.640000,40.872222, ,0.0,0.0,2,3000,0,0,0,0,1,0
AF,EGMIN,-14.696806,40.695417,2,VNC,192.5,14.0,147.0,2,2100,0,0,0,0,1,0

APPTR,D01-Y,01,DUPTI
IF,DUPTI,-14.613750,40.529972, ,0.0,0.0,2,3000,0,0,0,0,1,0
AF,EGMIN,-14.696806,40.695417,1,VNC,192.5,14.0,238.0,2,2100,0,0,0,0,1,0

FINAL,D01-Y,01,D,3
IF,EGMIN,-14.696806,40.695417,VNC,192.5,14.0,2,2100,0,0,0,0,1,0
CF,FD01,-14.586669,40.703144,0,VNC,193.0,7.4,13.0,6.6,2,2100,0,0,0,0,2,0
CF,MD01,-14.504964,40.710486,0,VNC,193.0,2.5,13.0,4.9,1,544,0,0,0,0,3,0
CF,VNC,-14.463194,40.714314,0,VNC,0.0,0.0,13.0,2.5,2,800,0,0,0,0,0,0
CF,D013D,-14.399911,40.719917,0,VNC,13.0,3.8,13.0,3.8,0,0,0,0,0,0,0,1
DF,VNC,-14.463194,40.714314,1, ,0.0,0.0,1,2100,0,1,230,0,0,0
HM,VNC,-14.463194,40.714314,2, ,0.0,0.0,193.0,04.3,2,2100,0,1,230,0,0,0,0

APPTR,D01-Z,01,NAC1
IF,VNC,-14.463194,40.714314, ,0.0,0.0,0,0,0,0,0,0,0,0
FD,VNC,-14.463194,40.714314,0,VNC,0.0,12.0,174.0,12.0,2,2100,0,1,230,0,0,0
CF,FD01,-14.586669,40.703144,2,VNC,193.0,7.4,13.0,5.0,2,2100,0,0,0,0,0,0

APPTR,D01-Z,01,NAC2
IF,VNC,-14.463194,40.714314, ,0.0,0.0,0,0,0,0,0,0,0,0
FD,VNC,-14.463194,40.714314,0,VNC,0.0,12.0,181.0,12.0,2,2100,0,1,230,0,0,0
CF,FD01,-14.586669,40.703144,2,VNC,193.0,7.4,13.0,5.0,2,2100,0,0,0,0,0,0

FINAL,D01-Z,01,D,2
IF,FD01,-14.586669,40.703144,VNC,193.0,7.4,2,2100,0,0,0,0,2,0
CF,MD01,-14.504964,40.710486,0,VNC,193.0,2.5,13.0,4.9,1,544,0,0,0,0,3,0
CF,VNC,-14.463194,40.714314,0,VNC,0.0,0.0,13.0,2.5,2,800,0,0,0,0,0,0
CF,D013D,-14.399911,40.719917,0,VNC,13.0,3.8,13.0,3.8,0,0,0,0,0,0,0,1
DF,VNC,-14.463194,40.714314,1, ,0.0,0.0,1,2100,0,1,230,0,0,0
HM,VNC,-14.463194,40.714314,2, ,0.0,0.0,193.0,04.3,2,2100,0,1,230,0,0,0,0

APPTR,D19-Y,19,EPSIS
IF,EPSIS,-14.334028,40.872139, ,0.0,0.0,2,3000,0,0,0,0,1,0
AF,GEVUK,-14.262944,40.730472,1,VNC,12.5,12.0,58.0,2,2000,0,0,0,0,1,0

APPTR,D19-Y,19,ERBOL
IF,ERBOL,-14.310417,40.580528, ,0.0,0.0,2,3000,0,0,0,0,1,0
AF,GEVUK,-14.262944,40.730472,2,VNC,12.5,12.0,328.0,2,2000,0,0,0,0,1,0

FINAL,D19-Y,19,D,3
IF,GEVUK,-14.262944,40.730472,VNC,12.5,12.0,2,2000,0,0,0,0,1,0
CF,FD19,-14.388239,40.720964,0,VNC,13.0,4.5,193.0,7.5,2,2000,0,0,0,0,2,0
CF,VNC,-14.463194,40.714314,0,VNC,0.0,0.0,193.0,4.5,1,566,0,0,0,0,3,0
CA,0,193.0,2,1500,0,0,0,0,0,0
DF,VNC,-14.463194,40.714314,1, ,0.0,0.0,1,2100,0,1,230,0,0,0
HM,VNC,-14.463194,40.714314,2, ,0.0,0.0,193.0,04.3,2,2100,0,1,230,0,0,0,0

FINAL,D19-Z,19,D,2
IF,FD19,-14.388239,40.720964,VNC,13.0,4.5,2,2000,0,0,0,0,2,0
CF,VNC,-14.463194,40.714314,0,VNC,0.0,0.0,193.0,4.5,1,566,0,0,0,0,3,0
CA,0,193.0,2,1500,0,0,0,0,0,0
DF,VNC,-14.463194,40.714314,1, ,0.0,0.0,1,2100,0,1,230,0,0,0
HM,VNC,-14.463194,40.714314,2, ,0.0,0.0,193.0,04.3,2,2100,0,1,230,0,0,0,0

APPTR,I19-Y,19,EPSIS
IF,EPSIS,-14.334028,40.872139, ,0.0,0.0,2,3000,0,0,0,0,1,0
AF,D025L,-14.271181,40.774444,1,VNC,25.0,12.0,58.0,2,2000,0,0,0,0,0,0
VI,0,NC,0.0,223.0,0,0,0,0,0,0,0,0

APPTR,I19-Y,19,ERBOL
IF,ERBOL,-14.310417,40.580528, ,0.0,0.0,2,3000,0,0,0,0,1,0
AF,D001L,-14.263908,40.689131,2,VNC,1.0,12.0,328.0,2,2000,0,0,0,0,0,0
VI,0,NC,0.0,163.0,0,0,0,0,0,0,0,0

FINAL,I19-Y,19,I,3
IF,GEVUK,-14.262944,40.730472,NC,12.5,14.4,2,2000,0,0,0,0,1,0
CF,FF19,-14.388319,40.720689,0,NC,12.7,6.9,193.0,7.5,1,2000,0,0,0,0,2,0
CF,RW19,-14.472472,40.713556,0,NC,12.6,1.8,193.0,5.0,1,380,0,0,0,0,3,0
CA,0,193.0,2,1500,0,0,0,0,0,0
DF,VNC,-14.463194,40.714314,1, ,0.0,0.0,1,2100,0,1,230,0,0,0
HM,VNC,-14.463194,40.714314,2, ,0.0,0.0,193.0,04.3,2,2100,0,1,230,0,0,0,0

FINAL,I19-Z,19,I,3
IF,CF19,-14.354956,40.723517,NC,12.7,8.9,2,2000,0,0,0,0,0,0
CF,FF19,-14.388319,40.720689,0,NC,12.7,6.9,193.0,2.0,1,2000,0,0,0,0,2,0
CF,RW19,-14.472472,40.713556,0,NC,12.6,1.8,193.0,5.0,1,380,0,0,0,0,3,0
CA,0,193.0,2,1500,0,0,0,0,0,0
DF,VNC,-14.463194,40.714314,1, ,0.0,0.0,1,2100,0,1,230,0,0,0
HM,VNC,-14.463194,40.714314,2, ,0.0,0.0,193.0,04.3,2,2100,0,1,230,0,0,0,0

APPTR,R01,01,APDUT
IF,APDUT,-14.662556,40.594631, ,0.0,0.0,2,2100,0,1,230,0,1,0
TF,NERAV,-14.670492,40.697469,0, ,0.0,0.0,0.0,0.0,2,2100,0,1,230,0,1,0

APPTR,R01,01,APGIV
IF,APGIV,-14.678383,40.800314, ,0.0,0.0,2,2100,0,1,230,0,1,0
TF,NERAV,-14.670492,40.697469,0, ,0.0,0.0,0.0,0.0,2,2100,0,1,230,0,1,0

APPTR,R01,01,IMKEL
IF,IMKEL,-14.770608,40.689336, ,0.0,0.0,2,2100,0,1,230,0,1,0
TF,NERAV,-14.670492,40.697469,0, ,0.0,0.0,0.0,0.0,2,2100,0,1,230,0,1,0

FINAL,R01,01,R,3
IF,NERAV,-14.670492,40.697469, ,0.0,0.0,2,2100,0,1,230,0,0,0
TF,NERET,-14.587061,40.704250,0, ,0.0,0.0,13.0,5.0,2,2100,0,0,0,0,2,0
TF,RW01,-14.500389,40.711278,0, ,0.0,0.0,13.0,5.2,1,448,0,0,0,0,3,1
FA,RW01,-14.500389,40.711278,0,VNC,0.0,0.0,13.0,2,1500,0,1,230,0,0,0
DF,APGIV,-14.678383,40.800314,2, ,0.0,0.0,2,2100,0,1,230,0,0,1
HM,APGIV,-14.678383,40.800314,1, ,0.0,0.0,283.0,04.3,2,2100,0,1,230,0,0,0,0

APPTR,R19,19,APGOD
IF,APGOD,-14.311961,40.829894, ,0.0,0.0,2,2100,0,1,230,0,1,0
TF,NESEX,-14.304086,40.727217,0, ,0.0,0.0,0.0,0.0,2,2000,0,1,230,0,1,0

APPTR,R19,19,APKAR
IF,APKAR,-14.296167,40.624544, ,0.0,0.0,2,2200,0,1,230,0,1,0
TF,NESEX,-14.304086,40.727217,0, ,0.0,0.0,0.0,0.0,2,2000,0,1,230,0,1,0

APPTR,R19,19,IBTIS
IF,IBTIS,-14.203964,40.735311, ,0.0,0.0,2,2100,0,1,230,0,1,0
TF,NESEX,-14.304086,40.727217,0, ,0.0,0.0,0.0,0.0,2,2000,0,1,230,0,1,0

FINAL,R19,19,R,3
IF,NESEX,-14.304086,40.727217, ,0.0,0.0,2,2000,0,1,230,0,0,0
TF,NEROP,-14.387517,40.720450,0, ,0.0,0.0,193.0,5.0,2,2000,0,0,0,0,2,0
TF,RW19,-14.472472,40.713556,0, ,0.0,0.0,193.0,5.1,1,380,0,0,0,0,3,1
FA,RW19,-14.472472,40.713556,0,VNC,0.0,0.0,193.0,2,1500,0,1,230,0,0,0
DF,APGOD,-14.311961,40.829894,1, ,0.0,0.0,2,2100,0,1,230,0,0,1
HM,APGOD,-14.311961,40.829894,2, ,0.0,0.0,283.0,04.3,2,2100,0,1,230,0,0,0,0

