APPTR,I13,13,SZ
IF,SZ,-20.299722,28.943333, ,0.0,0.0,0,0,0,0,0,0,0,0
TF,WO,-19.988306,28.553917,0, ,0.0,0.0,0.0,0.0,2,5800,0,0,0,0,1,0
HF,WO,-19.988306,28.553917,2, ,0.0,0.0,127.0,04.3,2,5800,0,1,230,0,0,0,0

APPTR,I13,13,WO
HF,WO,-19.988306,28.553917,2, ,0.0,0.0,127.0,04.3,2,5800,0,1,230,0,1,0,0

APPTR,I13,13,YT
IF,YT,-19.674444,28.847778, ,0.0,0.0,0,0,0,0,0,0,0,0
TF,WO,-19.988306,28.553917,0, ,0.0,0.0,0.0,0.0,2,5800,0,0,0,0,1,0
HF,WO,-19.988306,28.553917,2, ,0.0,0.0,127.0,04.3,2,5800,0,1,230,0,0,0,0

FINAL,I13,13,I,3
IF,CI13,-19.973828,28.522028,IBU,305.6,7.4,2,5800,0,0,0,0,0,0
CF,WO,-19.988306,28.553917,0,IBU,305.6,5.4,127.0,2.0,1,5640,0,0,0,0,2,0
CF,RW13,-20.016283,28.615222,0,IBU,305.3,1.5,127.0,3.9,1,4400,0,0,0,0,3,0
CA,0,127.0,2,5000,0,0,0,0,0,0
DF,WO,-19.988306,28.553917,1, ,0.0,0.0,1,5800,0,0,0,0,0,0

APPTR,S13,13,SZ
IF,SZ,-20.299722,28.943333, ,0.0,0.0,0,0,0,0,0,0,0,0
TF,WO,-19.988306,28.553917,0, ,0.0,0.0,0.0,0.0,2,6000,0,0,0,0,0,0
HF,WO,-19.988306,28.553917,2, ,0.0,0.0,127.0,04.3,2,5400,0,0,0,0,0,0,0

APPTR,S13,13,VBU
IF,VBU,-20.029056,28.643861, ,0.0,0.0,2,6000,0,0,0,0,0,0
TF,WO,-19.988306,28.553917,0, ,0.0,0.0,0.0,0.0,2,6000,0,0,0,0,0,0
HF,WO,-19.988306,28.553917,2, ,0.0,0.0,127.0,04.3,2,5400,0,0,0,0,0,0,0

APPTR,S13,13,YT
IF,YT,-19.674444,28.847778, ,0.0,0.0,0,0,0,0,0,0,0,0
TF,WO,-19.988306,28.553917,0, ,0.0,0.0,0.0,0.0,2,6000,0,0,0,0,0,0
HF,WO,-19.988306,28.553917,2, ,0.0,0.0,127.0,04.3,2,5400,0,0,0,0,0,0,0

FINAL,S13,13,D,2
IF,WO,-19.988306,28.553917,VBU,305.6,5.6,2,5400,0,0,0,0,2,0
CF,RW13,-20.016283,28.615222,0,VBU,305.3,1.8,127.0,3.9,1,4400,0,0,0,0,3,0
CA,0,127.0,2,6000,0,0,0,0,0,0
VM,0,0,0,127.0,1,6000,0,0,0,0,0,0

