APPTR,R08,08,EGVEM
IF,EGVEM,-17.876756,15.744592, ,0.0,0.0,2,5270,0,0,0,0,1,0
TF,OA08I,-17.952944,15.780694,0, ,0.0,0.0,0.0,0.0,2,5270,0,0,0,0,1,0

APPTR,R08,08,ESVAB
IF,ESVAB,-17.987497,15.701064, ,0.0,0.0,2,5270,0,0,0,0,1,0
TF,OA08I,-17.952944,15.780694,0, ,0.0,0.0,0.0,0.0,2,5270,0,0,0,0,1,0

APPTR,R08,08,IBMUX
IF,IBMUX,-18.029142,15.816814, ,0.0,0.0,2,5270,0,0,0,0,1,0
TF,OA08I,-17.952944,15.780694,0, ,0.0,0.0,0.0,0.0,2,5270,0,0,0,0,1,0

FINAL,R08,08,R,3
IF,OA08I,-17.952944,15.780694, ,0.0,0.0,2,5270,0,0,0,0,0,0
TF,OA08F,-17.918417,15.860306,0, ,0.0,0.0,73.0,5.0,2,5270,0,0,0,0,2,0
TF,RW08N,-17.883250,15.941222,0, ,0.0,0.0,73.0,5.1,1,3649,0,0,0,0,3,1
CF,OAM01,-17.863111,15.987611,0,OAV,74.8,2.5,73.0,2.9,0,0,0,0,0,0,0,1
DF,IBMUX,-18.029142,15.816814,2, ,0.0,0.0,0,0,0,0,0,0,0,0
HM,IBMUX,-18.029142,15.816814,1, ,0.0,0.0,343.0,04.3,2,5000,0,1,250,0,0,0,0

APPTR,R26,26,IBLAS
IF,IBLAS,-17.768983,16.204047, ,0.0,0.0,2,5240,0,0,0,0,1,0
TF,OA26I,-17.803556,16.124528,0, ,0.0,0.0,0.0,0.0,2,5240,0,0,0,0,1,0

APPTR,R26,26,IMTES
IF,IMTES,-17.879750,16.160619, ,0.0,0.0,2,5240,0,0,0,0,1,0
TF,OA26I,-17.803556,16.124528,0, ,0.0,0.0,0.0,0.0,2,5240,0,0,0,0,1,0

APPTR,R26,26,UNBIT
IF,UNBIT,-17.727364,16.088458, ,0.0,0.0,2,5240,0,0,0,0,1,0
TF,OA26I,-17.803556,16.124528,0, ,0.0,0.0,0.0,0.0,2,5240,0,0,0,0,1,0

FINAL,R26,26,R,3
IF,OA26I,-17.803556,16.124528, ,0.0,0.0,2,5240,0,0,0,0,0,0
TF,OA26F,-17.838139,16.044972,0, ,0.0,0.0,253.0,5.0,2,5240,0,0,0,0,2,0
TF,RW26N,-17.872694,15.965472,0, ,0.0,0.0,253.0,5.0,1,3649,0,0,0,0,3,1
CF,OAM03,-17.893472,15.917694,0,OAV,249.9,2.0,253.0,3.0,0,0,0,0,0,0,0,1
DF,IMTES,-17.879750,16.160619,1, ,0.0,0.0,0,0,0,0,0,0,0,0
HM,IMTES,-17.879750,16.160619,2, ,0.0,0.0,343.0,04.3,2,5000,0,1,250,0,0,0,0

