SID,AGIB2C,24,5
DF,CANOK,-5.906144,29.200147,0, ,0.0,0.0,1,6000,0,0,0,0,0,1
DF,AGIBU,-6.209442,29.225078,0, ,0.0,0.0,1,8400,0,0,0,0,0,0

SID,AGIB2D,06,5
DF,SUDOG,-5.844906,29.298583,0, ,0.0,0.0,1,6000,0,0,0,0,0,1
DF,AGIBU,-6.209442,29.225078,2, ,0.0,0.0,1,8400,0,0,0,0,0,0

SID,BIPG2C,24,5
DF,CANOK,-5.906144,29.200147,0, ,0.0,0.0,1,6000,0,0,0,0,0,1
DF,IDIKU,-5.866989,29.159936,0, ,0.0,0.0,0,0,0,0,0,0,0,0
TF,BIPGO,-5.540808,29.259039,0, ,0.0,0.0,0.0,0.0,1,9200,0,0,0,0,0,0

SID,BIPG2D,06,5
DF,SUDOG,-5.844906,29.298583,0, ,0.0,0.0,1,6000,0,0,0,0,0,1
DF,BIPGO,-5.540808,29.259039,0, ,0.0,0.0,1,9200,0,0,0,0,0,0

STAR,AGIB2A,24,5
IF,AGIBU,-6.209442,29.225078, ,0.0,0.0,1,8400,0,0,0,0,0,0
TF,LUMEV,-5.854086,29.439603,0, ,0.0,0.0,0.0,0.0,1,7500,0,0,0,0,0,0

STAR,AGIB2B,06,5
IF,AGIBU,-6.209442,29.225078, ,0.0,0.0,1,8400,0,0,0,0,0,0
TF,BEBAX,-6.019269,29.174547,0, ,0.0,0.0,0.0,0.0,1,7000,0,0,0,0,0,0

STAR,BIPG2A,24,5
IF,BIPGO,-5.540808,29.259039, ,0.0,0.0,1,9200,0,0,0,0,0,0
TF,ADEMA,-5.714069,29.352581,0, ,0.0,0.0,0.0,0.0,1,7500,0,0,0,0,0,0

STAR,BIPG2B,06,5
IF,BIPGO,-5.540808,29.259039, ,0.0,0.0,2,9200,0,0,0,0,0,0
TF,OKDUK,-5.879250,29.087506,0, ,0.0,0.0,0.0,0.0,1,7000,0,0,0,0,0,0

APPTR,R06,06,BEBAX
IF,BEBAX,-6.019269,29.174547, ,0.0,0.0,2,7000,0,0,0,0,1,0
TF,R06C1,-5.941578,29.143350,0, ,0.0,0.0,0.0,0.0,2,5200,0,0,0,0,0,0

APPTR,R06,06,LUXAL
IF,LUXAL,-5.985822,29.072344, ,0.0,0.0,2,7000,0,0,0,0,1,0
TF,R06C1,-5.941578,29.143350,0, ,0.0,0.0,0.0,0.0,2,5200,0,0,0,0,0,0

APPTR,R06,06,OKDUK
IF,OKDUK,-5.879250,29.087506, ,0.0,0.0,2,7000,0,0,0,0,1,0
TF,R06C1,-5.941578,29.143350,0, ,0.0,0.0,0.0,0.0,2,5200,0,0,0,0,0,0

FINAL,R06,06,R,3
IF,R06C1,-5.941578,29.143350, ,0.0,0.0,2,5200,0,0,0,0,0,0
TF,R06F1,-5.906181,29.200150,0, ,0.0,0.0,59.0,4.0,2,3700,0,0,0,0,2,0
TF,RW06,-5.879642,29.242753,0, ,0.0,0.0,59.0,3.0,1,2603,0,0,0,0,3,1
TF,R06M1,-5.853106,29.285331,0, ,0.0,0.0,0.0,0.0,0,0,0,0,0,0,0,0
TF,NIGIM,-5.822544,29.449683,0, ,0.0,0.0,0.0,0.0,1,6000,0,0,0,0,0,1
HM,NIGIM,-5.822544,29.449683,1, ,0.0,0.0,80.0,05,2,6000,0,0,0,0,0,0,0

