SID,ARAC1X,16,2
CD, ,0,0,0,HR,0,0.0,158.0,3.0,2,800,0,1,210,0,0,0
VI,1, ,0.0,350.0,0,0,0,0,0,0,0,0
CF,ARACO,28.432528,-17.452333,0,TFS,307.6,48.0,36.0,39.0,0,0,0,0,0,0,0,0

SID,LPC2X,16,2
CD, ,0,0,0,HR,0,0.0,158.0,3.0,0,0,0,0,0,0,0,0
VI,0, ,0.0,71.0,0,0,0,0,0,0,0,0
IF,HIE,27.816167,-17.886389, ,0.0,0.0,0,0,0,0,0,0,0,0
TF,TOMOS,27.547500,-15.553250,0, ,0.0,0.0,0.0,0.0,0,0,0,0,0,0,0,0
TF,LPC,27.828528,-15.432250,0, ,0.0,0.0,0.0,0.0,0,0,0,0,0,0,0,0

SID,TFN2X,16,2
CD, ,0,0,0,HR,0,0.0,158.0,3.0,2,800,0,1,210,0,0,0
VI,1, ,0.0,350.0,0,0,0,0,0,0,0,0
CF,MOROD,28.454611,-17.210972,0,TFS,319.4,38.7,47.0,49.0,0,0,0,0,0,0,0,0
TF,TESEL,28.488278,-16.833250,0, ,0.0,0.0,0.0,0.0,0,0,0,0,0,0,0,0
TF,TFN,28.536833,-16.268778,0, ,0.0,0.0,0.0,0.0,2,10000,0,0,0,0,0,0

SID,YELB1X,16,2
CF,HI400,27.729722,-17.837444,0,TFN,245.2,96.2,158.0,6.0,0,0,0,1,240,0,0,0
TF,YELBE,27.836667,-17.391833,0, ,0.0,0.0,0.0,0.0,2,9000,0,0,0,0,0,0

APPTR,Q16-A,16,HIE1
IF,HIE,27.816167,-17.886389, ,0.0,0.0,2,6000,0,1,140,0,1,0
CF,D166E,27.736994,-17.855750,0,LGM,248.0,38.3,166.0,5.0,2,4700,0,0,0,0,0,0
CF,D166I,27.673778,-17.831322,0,LGM,242.2,39.1,166.0,4.0,2,2800,0,0,0,0,0,1
CF,FQ336,27.684528,-17.804417,1,LGM,241.8,37.5,336.0,1.0,2,2800,0,0,0,0,0,0

APPTR,Q16-A,16,HIE2
IF,HIE,27.816167,-17.886389, ,0.0,0.0,2,6000,0,1,120,0,1,0
CF,D165E,27.737556,-17.854233,0,LGM,248.0,38.2,165.0,5.0,2,4700,0,0,0,0,0,0
CF,D165I,27.674728,-17.828569,0,LGM,242.2,38.9,165.0,4.0,2,2800,0,0,0,0,0,1
CF,FQ336,27.684528,-17.804417,1,LGM,241.8,37.5,336.0,1.0,2,2800,0,0,0,0,0,0

APPTR,Q16-A,16,HIE3
IF,HIE,27.816167,-17.886389, ,0.0,0.0,2,6000,0,1,100,0,1,0
CF,D163E,27.738606,-17.851169,0,LGM,248.0,38.0,163.0,5.0,2,4700,0,0,0,0,0,0
CF,D163I,27.676611,-17.823061,0,LGM,242.1,38.6,163.0,4.0,2,2800,0,0,0,0,0,1
CF,FQ336,27.684528,-17.804417,1,LGM,241.8,37.5,336.0,1.0,2,2800,0,0,0,0,0,0

FINAL,Q16-A,16,N,2
IF,FQ336,27.684528,-17.804417,HIE,0.0,0.0,2,2800,0,0,0,0,2,0
CF,MQ336,27.772250,-17.859000,0,HR,0.0,3.0,336.0,6.0,1,978,0,0,0,0,3,0
CA,0,41.0,2,5200,0,0,0,0,0,0
DF,HIE,27.816167,-17.886389,1, ,0.0,0.0,1,6000,0,0,0,0,0,0
HM,HIE,27.816167,-17.886389,1, ,0.0,0.0,166.0,04.3,2,6000,0,0,0,0,0,0,0

APPTR,Q16-B,16,HIE1
IF,HIE,27.816167,-17.886389, ,0.0,0.0,2,6000,0,1,140,0,1,0
FC,HIE,27.816167,-17.886389,0,LGM,0.0,0.0,348.0,3.0,2,4900,0,0,0,0,0,0
CF,D348I,27.959836,-17.935858,0,LGM,269.0,38.5,348.0,6.0,0,0,0,0,0,0,0,1
CF,FQ158,27.935194,-17.954694,1,LGM,267.1,39.7,158.0,1.0,2,2700,0,0,0,0,0,0

APPTR,Q16-B,16,HIE2
IF,HIE,27.816167,-17.886389, ,0.0,0.0,2,6000,0,1,120,0,1,0
FC,HIE,27.816167,-17.886389,0,LGM,0.0,0.0,347.0,3.0,2,4900,0,0,0,0,0,0
CF,D347I,27.959119,-17.938703,0,LGM,269.0,38.7,347.0,6.0,0,0,0,0,0,0,0,1
CF,FQ158,27.935194,-17.954694,1,LGM,267.1,39.7,158.0,1.0,2,2700,0,0,0,0,0,0

APPTR,Q16-B,16,HIE3
IF,HIE,27.816167,-17.886389, ,0.0,0.0,2,6000,0,1,100,0,1,0
FC,HIE,27.816167,-17.886389,0,LGM,0.0,0.0,345.0,3.0,2,4900,0,0,0,0,0,0
CF,D345I,27.957411,-17.944289,0,LGM,268.9,39.0,345.0,6.0,0,0,0,0,0,0,0,1
CF,FQ158,27.935194,-17.954694,1,LGM,267.1,39.7,158.0,1.0,2,2700,0,0,0,0,0,0

FINAL,Q16-B,16,N,2
IF,FQ158,27.935194,-17.954694,HIE,0.0,0.0,2,2700,0,0,0,0,2,0
CF,MQ158,27.875667,-17.920500,0,HR,0.0,4.0,158.0,4.0,1,1358,0,0,0,0,3,0
CI,1, ,0.0,77.0,0,0,0,1,130,0,0,0
FA,HIE,27.816167,-17.886389,0,LGM,0.0,0.0,47.0,2,4000,0,0,0,0,0,0
DF,HIE,27.816167,-17.886389,2, ,0.0,0.0,1,6000,0,0,0,0,0,0
HM,HIE,27.816167,-17.886389,2, ,0.0,0.0,346.0,04.3,2,6000,0,0,0,0,0,0,0

APPTR,Q34-A,34,HIE1
IF,HIE,27.816167,-17.886389, ,0.0,0.0,2,6000,0,1,140,0,1,0
CF,D166E,27.736994,-17.855750,0,LGM,248.0,38.3,166.0,5.0,2,4700,0,0,0,0,0,0
CF,D166I,27.673778,-17.831322,0,LGM,242.2,39.1,166.0,4.0,2,2800,0,0,0,0,0,1
CF,FQ336,27.684528,-17.804417,1,LGM,241.8,37.5,336.0,1.0,2,2800,0,0,0,0,0,0

APPTR,Q34-A,34,HIE2
IF,HIE,27.816167,-17.886389, ,0.0,0.0,2,6000,0,1,120,0,1,0
CF,D165E,27.737556,-17.854233,0,LGM,248.0,38.2,165.0,5.0,2,4700,0,0,0,0,0,0
CF,D165I,27.674728,-17.828569,0,LGM,242.2,38.9,165.0,4.0,2,2800,0,0,0,0,0,1
CF,FQ336,27.684528,-17.804417,1,LGM,241.8,37.5,336.0,1.0,2,2800,0,0,0,0,0,0

APPTR,Q34-A,34,HIE3
IF,HIE,27.816167,-17.886389, ,0.0,0.0,2,6000,0,1,100,0,1,0
CF,D163E,27.738606,-17.851169,0,LGM,248.0,38.0,163.0,5.0,2,4700,0,0,0,0,0,0
CF,D163I,27.676611,-17.823061,0,LGM,242.1,38.6,163.0,4.0,2,2800,0,0,0,0,0,1
CF,FQ336,27.684528,-17.804417,1,LGM,241.8,37.5,336.0,1.0,2,2800,0,0,0,0,0,0

FINAL,Q34-A,34,N,2
IF,FQ336,27.684528,-17.804417,HIE,0.0,0.0,2,2800,0,0,0,0,2,0
CF,MQ336,27.772250,-17.859000,0,HR,0.0,3.0,336.0,6.0,1,978,0,0,0,0,3,0
CA,0,41.0,2,5200,0,0,0,0,0,0
DF,HIE,27.816167,-17.886389,1, ,0.0,0.0,1,6000,0,0,0,0,0,0
HM,HIE,27.816167,-17.886389,1, ,0.0,0.0,166.0,04.3,2,6000,0,0,0,0,0,0,0

APPTR,Q34-B,34,HIE1
IF,HIE,27.816167,-17.886389, ,0.0,0.0,2,6000,0,1,140,0,1,0
FC,HIE,27.816167,-17.886389,0,LGM,0.0,0.0,348.0,3.0,2,4900,0,0,0,0,0,0
CF,D348I,27.959836,-17.935858,0,LGM,269.0,38.5,348.0,6.0,0,0,0,0,0,0,0,1
CF,FQ158,27.935194,-17.954694,1,LGM,267.1,39.7,158.0,1.0,2,2700,0,0,0,0,0,0

APPTR,Q34-B,34,HIE2
IF,HIE,27.816167,-17.886389, ,0.0,0.0,2,6000,0,1,120,0,1,0
FC,HIE,27.816167,-17.886389,0,LGM,0.0,0.0,347.0,3.0,2,4900,0,0,0,0,0,0
CF,D347I,27.959119,-17.938703,0,LGM,269.0,38.7,347.0,6.0,0,0,0,0,0,0,0,1
CF,FQ158,27.935194,-17.954694,1,LGM,267.1,39.7,158.0,1.0,2,2700,0,0,0,0,0,0

APPTR,Q34-B,34,HIE3
IF,HIE,27.816167,-17.886389, ,0.0,0.0,2,6000,0,1,100,0,1,0
FC,HIE,27.816167,-17.886389,0,LGM,0.0,0.0,345.0,3.0,2,4900,0,0,0,0,0,0
CF,D345I,27.957411,-17.944289,0,LGM,268.9,39.0,345.0,6.0,0,0,0,0,0,0,0,1
CF,FQ158,27.935194,-17.954694,1,LGM,267.1,39.7,158.0,1.0,2,2700,0,0,0,0,0,0

FINAL,Q34-B,34,N,2
IF,FQ158,27.935194,-17.954694,HIE,0.0,0.0,2,2700,0,0,0,0,2,0
CF,MQ158,27.875667,-17.920500,0,HR,0.0,4.0,158.0,4.0,1,1358,0,0,0,0,3,0
CI,1, ,0.0,77.0,0,0,0,1,130,0,0,0
FA,HIE,27.816167,-17.886389,0,LGM,0.0,0.0,47.0,2,4000,0,0,0,0,0,0
DF,HIE,27.816167,-17.886389,2, ,0.0,0.0,1,6000,0,0,0,0,0,0
HM,HIE,27.816167,-17.886389,2, ,0.0,0.0,346.0,04.3,2,6000,0,0,0,0,0,0,0

