APPTR,R18,18,DESAX
IF,DESAX,14.937639,-17.418500, ,0.0,0.0,2,2100,0,1,230,0,1,0
TF,TASUT,14.926806,-17.503861,0, ,0.0,0.0,0.0,0.0,2,2100,0,1,230,0,1,0

APPTR,R18,18,GUTAR
IF,GUTAR,14.915972,-17.589194, ,0.0,0.0,2,2100,0,1,230,0,1,0
TF,TASUT,14.926806,-17.503861,0, ,0.0,0.0,0.0,0.0,2,2100,0,1,230,0,1,0

APPTR,R18,18,TASUT
HF,TASUT,14.926806,-17.503861,2, ,0.0,0.0,181.0,04.3,2,2100,0,1,230,0,1,0,0

FINAL,R18,18,R,3
IF,TASUT,14.926806,-17.503861, ,0.0,0.0,2,2100,0,0,0,0,0,0
TF,OY501,14.861083,-17.495028,0, ,0.0,0.0,181.0,4.0,1,2100,0,0,0,0,2,0
TF,RWY18,14.757528,-17.481139,0, ,0.0,0.0,181.0,6.2,1,140,0,0,0,0,3,1
DF,OY502,14.674528,-17.470028,0, ,0.0,0.0,0,0,0,0,0,0,0,1
DF,GUTAR,14.915972,-17.589194,2, ,0.0,0.0,2,2100,0,1,230,0,0,0

APPTR,R36,36,KODUS
IF,KODUS,14.531194,-17.537472, ,0.0,0.0,2,2100,0,1,230,0,1,0
TF,SIBIG,14.542000,-17.452278,0, ,0.0,0.0,0.0,0.0,2,2100,0,1,230,0,1,0

FINAL,R36,36,R,3
IF,SIBIG,14.542000,-17.452278, ,0.0,0.0,2,2100,0,0,0,0,1,0
TF,OY503,14.623333,-17.463167,0, ,0.0,0.0,1.0,4.9,1,2100,0,0,0,0,2,0
TF,RW36,14.726297,-17.476958,0, ,0.0,0.0,1.0,6.2,1,124,0,0,0,0,3,1
DF,OY504,14.809222,-17.488083,0, ,0.0,0.0,0,0,0,0,0,0,0,1
DF,KODUS,14.531194,-17.537472,1, ,0.0,0.0,2,2100,0,1,230,0,0,0

