SID,AGSI2N,06,2
CA,0,57.0,2,2000,0,0,0,0,0,0
CI,2, ,0.0,189.0,0,0,0,0,0,0,0,0
CF,AGSIL,8.836667,-12.896667,0,GIA,142.5,61.2,142.0,56.0,0,0,0,0,0,0,0,0

SID,AGSI2S,24,2
CA,0,237.0,2,2000,0,0,0,0,0,0
CI,1, ,0.0,105.0,0,0,0,0,0,0,0,0
CF,AGSIL,8.836667,-12.896667,0,GIA,142.5,61.2,142.0,56.0,0,0,0,0,0,0,0,0

SID,AKNA1C,06,5
CF,CY403,9.640861,-13.536278,0,GIA,55.6,6.6,57.0,5.0,2,1000,0,1,210,0,0,1
DF,CY404,9.483667,-13.410167,2, ,0.0,0.0,3,9000,0,0,0,0,0,0
TF,AKNAM,9.120639,-13.119528,0, ,0.0,0.0,0.0,0.0,0,0,0,0,0,0,0,0

SID,AKNA1C,AGSIL,6
IF,AKNAM,9.120639,-13.119528, ,0.0,0.0,0,0,0,0,0,0,0,0
TF,AGSIL,8.836667,-12.896667,0, ,0.0,0.0,0.0,0.0,0,0,0,0,0,0,0,0

SID,AXIR2N,06,2
CA,0,57.0,2,2000,0,0,0,0,0,0
CI,1, ,0.0,282.0,0,0,0,0,0,0,0,0
CF,AXIRO,10.100000,-14.033333,0,GIA,329.4,40.1,327.0,35.0,0,0,0,0,0,0,0,0

SID,AXIR2S,24,2
CA,0,237.0,2,2000,0,0,0,0,0,0
DF,GIA,9.567967,-13.619669,1, ,0.0,0.0,0,0,0,0,0,0,0,0
TF,AXIRO,10.100000,-14.033333,0, ,0.0,0.0,0.0,0.0,0,0,0,0,0,0,0,0

SID,BIRE1C,06,5
CF,CY403,9.640861,-13.536278,0,GIA,55.6,6.6,57.0,5.0,2,1000,0,1,210,0,0,1
DF,CY404,9.483667,-13.410167,2, ,0.0,0.0,3,9000,0,0,0,0,0,0
TF,BIREL,9.066667,-13.383333,0, ,0.0,0.0,0.0,0.0,3,13000,0,0,0,0,0,0

SID,BIRE1C,LGI,6
IF,BIREL,9.066667,-13.383333, ,0.0,0.0,3,13000,0,0,0,0,0,0
TF,LGI,8.617650,-13.191522,0, ,0.0,0.0,0.0,0.0,0,0,0,0,0,0,0,0

SID,BIRE1D,24,5
CF,CY420,9.512917,-13.687556,0,GIA,237.8,5.2,237.0,5.0,0,0,0,0,0,0,0,1
DF,BIREL,9.066667,-13.383333,0, ,0.0,0.0,3,15000,0,0,0,0,0,0

SID,BIRE1D,AGSIL,6
IF,BIREL,9.066667,-13.383333, ,0.0,0.0,3,15000,0,0,0,0,0,0
TF,AGSIL,8.836667,-12.896667,0, ,0.0,0.0,0.0,0.0,0,0,0,0,0,0,0,0

SID,BIRE1D,LGI,6
IF,BIREL,9.066667,-13.383333, ,0.0,0.0,3,15000,0,0,0,0,0,0
TF,LGI,8.617650,-13.191522,0, ,0.0,0.0,0.0,0.0,0,0,0,0,0,0,0,0

SID,BIRE1D,RAMAK,6
IF,BIREL,9.066667,-13.383333, ,0.0,0.0,3,15000,0,0,0,0,0,0
TF,RAMAK,8.483333,-11.116667,0, ,0.0,0.0,0.0,0.0,0,0,0,0,0,0,0,0

SID,BIRE2N,06,2
CA,0,57.0,2,2000,0,0,0,0,0,0
CI,2, ,0.0,206.0,0,0,0,0,0,0,0,0
CF,BIREL,9.066667,-13.383333,0,GIA,161.9,33.1,163.0,29.0,0,0,0,0,0,0,0,0

SID,BIRE2S,24,2
CA,0,237.0,2,2000,0,0,0,0,0,0
CI,1, ,0.0,129.0,0,0,0,0,0,0,0,0
CF,BIREL,9.066667,-13.383333,0,GIA,161.9,33.1,163.0,29.0,0,0,0,0,0,0,0,0

SID,BOSO1C,06,5
CF,CY400,9.749417,-13.407778,0,GIA,56.2,16.6,57.0,15.0,2,4600,0,0,0,0,0,1
TF,CY407,11.053917,-13.242861,0, ,0.0,0.0,0.0,0.0,0,0,0,0,0,0,0,0
TF,BOSSO,11.590361,-13.376889,0, ,0.0,0.0,0.0,0.0,0,0,0,0,0,0,0,0

SID,BOSO1C,IRALO,6
IF,BOSSO,11.590361,-13.376889, ,0.0,0.0,0,0,0,0,0,0,0,0
TF,IRALO,12.683333,-13.651667,0, ,0.0,0.0,0.0,0.0,0,0,0,0,0,0,0,0

SID,BUKL1N,06,2
CA,0,57.0,2,2000,0,0,0,0,0,0
CI,2, ,0.0,163.0,0,0,0,0,0,0,0,0
CF,BUKLA,9.316667,-13.016667,0,GIA,119.7,38.8,119.0,34.0,0,0,0,0,0,0,0,0

SID,BUKL2S,24,2
CA,0,237.0,2,2000,0,0,0,0,0,0
CI,1, ,0.0,84.0,0,0,0,0,0,0,0,0
CF,BUKLA,9.316667,-13.016667,0,GIA,119.7,38.8,119.0,33.0,0,0,0,0,0,0,0,0

SID,DESO2N,06,2
CA,0,57.0,2,2000,0,0,0,0,0,0
CI,0, ,0.0,327.0,0,0,0,0,0,0,0,0
CF,DESOR,10.250000,-13.416667,0,GIA,23.4,42.5,23.0,39.0,0,0,0,0,0,0,0,0

SID,DESO2S,24,2
CA,0,237.0,2,2000,0,0,0,0,0,0
DF,GIA,9.567967,-13.619669,1, ,0.0,0.0,0,0,0,0,0,0,0,0
TF,DESOR,10.250000,-13.416667,2, ,0.0,0.0,0.0,0.0,0,0,0,0,0,0,0,0

SID,DIRN1C,06,5
CF,CY400,9.749417,-13.407778,0,GIA,56.2,16.6,57.0,15.0,2,4600,0,0,0,0,0,0
TF,DIRNO,11.783333,-13.150000,0, ,0.0,0.0,0.0,0.0,0,0,0,0,0,0,0,0

SID,DIRN1D,24,5
CF,CY420,9.512917,-13.687556,0,GIA,237.8,5.2,237.0,5.0,0,0,0,0,0,0,0,1
DF,CY428,9.743389,-13.726944,2, ,0.0,0.0,0,0,0,0,0,0,0,0
TF,CY429,9.852056,-13.598528,0, ,0.0,0.0,0.0,0.0,2,10000,0,0,0,0,0,0
TF,CY430,9.992611,-13.432222,0, ,0.0,0.0,0.0,0.0,0,0,0,0,0,0,0,0
TF,DIRNO,11.783333,-13.150000,0, ,0.0,0.0,0.0,0.0,0,0,0,0,0,0,0,0

SID,EDBA1C,06,5
CF,CY400,9.749417,-13.407778,0,GIA,56.2,16.6,57.0,15.0,2,4600,0,0,0,0,0,0
TF,CY401,9.919111,-13.031194,0, ,0.0,0.0,0.0,0.0,3,17000,0,0,0,0,0,0
TF,CY402,9.902361,-12.711833,0, ,0.0,0.0,0.0,0.0,3,21000,0,0,0,0,0,0
TF,EDBAL,9.866667,-12.033333,0, ,0.0,0.0,0.0,0.0,0,0,0,0,0,0,0,0

SID,EDBA1D,24,5
CF,CY420,9.512917,-13.687556,0,GIA,237.8,5.2,237.0,5.0,0,0,0,0,0,0,0,1
DF,CY421,9.484083,-13.426972,1, ,0.0,0.0,3,6000,0,0,0,0,0,0
TF,CY422,9.694167,-12.893194,0, ,0.0,0.0,0.0,0.0,3,14000,0,0,0,0,0,0
TF,EDBAL,9.866667,-12.033333,0, ,0.0,0.0,0.0,0.0,0,0,0,0,0,0,0,0

SID,EDBA2N,06,2
CA,0,57.0,2,2000,0,0,0,0,0,0
CI,0, ,0.0,116.0,0,0,0,0,0,0,0,0
IF,GIA,9.567967,-13.619669, ,0.0,0.0,0,0,0,0,0,0,0,0
TF,EDBAL,9.866667,-12.033333,0, ,0.0,0.0,0.0,0.0,0,0,0,0,0,0,0,0

SID,EDBA2S,24,2
CA,0,237.0,2,2000,0,0,0,0,0,0
CI,1, ,0.0,57.0,0,0,0,0,0,0,0,0
IF,GIA,9.567967,-13.619669, ,0.0,0.0,0,0,0,0,0,0,0,0
TF,EDBAL,9.866667,-12.033333,0, ,0.0,0.0,0.0,0.0,0,0,0,0,0,0,0,0

SID,ILGO1C,06,5
CF,CY400,9.749417,-13.407778,0,GIA,56.2,16.6,57.0,15.0,2,4600,0,0,0,0,0,0
TF,CY401,9.919111,-13.031194,0, ,0.0,0.0,0.0,0.0,3,17000,0,0,0,0,0,0
TF,ILGOT,10.150000,-12.516667,0, ,0.0,0.0,0.0,0.0,0,0,0,0,0,0,0,0

SID,ILGO1D,24,5
CF,CY420,9.512917,-13.687556,0,GIA,237.8,5.2,237.0,5.0,0,0,0,0,0,0,0,1
DF,CY421,9.484083,-13.426972,1, ,0.0,0.0,3,6000,0,0,0,0,0,0
TF,CY422,9.694167,-12.893194,0, ,0.0,0.0,0.0,0.0,3,14000,0,0,0,0,0,0
TF,CY423,9.888528,-12.732833,0, ,0.0,0.0,0.0,0.0,3,15000,0,0,0,0,0,0
TF,ILGOT,10.150000,-12.516667,0, ,0.0,0.0,0.0,0.0,0,0,0,0,0,0,0,0

SID,ILGO2N,06,2
CA,0,57.0,2,2000,0,0,0,0,0,0
CI,0, ,0.0,80.0,0,0,0,0,0,0,0,0
IF,GIA,9.567967,-13.619669, ,0.0,0.0,0,0,0,0,0,0,0,0
TF,ILGOT,10.150000,-12.516667,0, ,0.0,0.0,0.0,0.0,0,0,0,0,0,0,0,0

SID,ILGO2S,24,2
CA,0,237.0,2,2000,0,0,0,0,0,0
CI,1, ,0.0,43.0,0,0,0,0,0,0,0,0
IF,GIA,9.567967,-13.619669, ,0.0,0.0,0,0,0,0,0,0,0,0
TF,ILGOT,10.150000,-12.516667,0, ,0.0,0.0,0.0,0.0,0,0,0,0,0,0,0,0

SID,IRAL2N,06,2
CA,0,57.0,2,2000,0,0,0,0,0,0
CI,1, ,0.0,313.0,0,0,0,0,0,0,0,0
IF,GIA,9.567967,-13.619669, ,0.0,0.0,0,0,0,0,0,0,0,0
TF,IRALO,12.683333,-13.651667,0, ,0.0,0.0,0.0,0.0,0,0,0,0,0,0,0,0

SID,IRAL2S,24,2
CA,0,237.0,2,2000,0,0,0,0,0,0
DF,GIA,9.567967,-13.619669,1, ,0.0,0.0,0,0,0,0,0,0,0,0
TF,IRALO,12.683333,-13.651667,2, ,0.0,0.0,0.0,0.0,0,0,0,0,0,0,0,0

SID,KIRT1D,24,5
CF,CY420,9.512917,-13.687556,0,GIA,237.8,5.2,237.0,5.0,0,0,0,0,0,0,0,1
DF,CY424,9.736111,-13.842722,2, ,0.0,0.0,0,0,0,0,0,0,0,0
TF,CY425,9.972472,-14.011583,0, ,0.0,0.0,0.0,0.0,0,0,0,0,0,0,0,0
TF,KIRTI,10.700000,-14.533333,0, ,0.0,0.0,0.0,0.0,0,0,0,0,0,0,0,0

SID,LB2N,06,2
CA,0,57.0,2,2000,0,0,0,0,0,0
VI,0, ,0.0,13.0,0,0,0,0,0,0,0,0
IF,GIA,9.567967,-13.619669, ,0.0,0.0,0,0,0,0,0,0,0,0
TF,LB,11.326058,-12.286850,0, ,0.0,0.0,0.0,0.0,0,0,0,0,0,0,0,0

SID,LB2S,24,2
CA,0,237.0,2,2000,0,0,0,0,0,0
CI,1, ,0.0,21.0,0,0,0,0,0,0,0,0
IF,GIA,9.567967,-13.619669, ,0.0,0.0,0,0,0,0,0,0,0,0
TF,LB,11.326058,-12.286850,0, ,0.0,0.0,0.0,0.0,0,0,0,0,0,0,0,0

SID,MEMO1C,06,5
CF,CY400,9.749417,-13.407778,0,GIA,56.2,16.6,57.0,15.0,2,4600,0,0,0,0,0,0
TF,CY406,10.173417,-13.354333,0, ,0.0,0.0,0.0,0.0,0,0,0,0,0,0,0,0
TF,CY405,10.341400,-13.645528,0, ,0.0,0.0,0.0,0.0,3,19000,0,0,0,0,0,0
TF,MEMOK,10.563139,-14.027111,0, ,0.0,0.0,0.0,0.0,0,0,0,0,0,0,0,0

SID,MEMO1C,KIRTI,6
IF,MEMOK,10.563139,-14.027111, ,0.0,0.0,0,0,0,0,0,0,0,0
TF,KIRTI,10.700000,-14.533333,0, ,0.0,0.0,0.0,0.0,0,0,0,0,0,0,0,0

SID,MEMO1C,POGRA,6
IF,MEMOK,10.563139,-14.027111, ,0.0,0.0,0,0,0,0,0,0,0,0
TF,POGRA,11.666667,-14.176667,0, ,0.0,0.0,0.0,0.0,0,0,0,0,0,0,0,0

SID,NZ2N,06,2
CA,0,57.0,2,2000,0,0,0,0,0,0
CI,2, ,0.0,163.0,0,0,0,0,0,0,0,0
IF,GIA,9.567967,-13.619669, ,0.0,0.0,0,0,0,0,0,0,0,0
TF,NZ,7.819353,-8.708464,0, ,0.0,0.0,0.0,0.0,0,0,0,0,0,0,0,0

SID,NZ2S,24,2
CA,0,237.0,2,2000,0,0,0,0,0,0
CI,1, ,0.0,78.0,0,0,0,0,0,0,0,0
IF,GIA,9.567967,-13.619669, ,0.0,0.0,0,0,0,0,0,0,0,0
TF,NZ,7.819353,-8.708464,0, ,0.0,0.0,0.0,0.0,0,0,0,0,0,0,0,0

SID,POGR1D,24,5
CF,CY420,9.512917,-13.687556,0,GIA,237.8,5.2,237.0,5.0,0,0,0,0,0,0,0,1
DF,CY424,9.736111,-13.842722,2, ,0.0,0.0,0,0,0,0,0,0,0,0
TF,CY425,9.972472,-14.011583,0, ,0.0,0.0,0.0,0.0,0,0,0,0,0,0,0,0
TF,CY426,10.522472,-14.064972,0, ,0.0,0.0,0.0,0.0,3,20000,0,0,0,0,0,0
TF,CY427,10.927444,-14.104389,0, ,0.0,0.0,0.0,0.0,3,25000,0,0,0,0,0,0
TF,POGRA,11.666667,-14.176667,0, ,0.0,0.0,0.0,0.0,0,0,0,0,0,0,0,0

SID,SB2N,06,2
CA,0,57.0,2,2000,0,0,0,0,0,0
CI,1, ,0.0,313.0,0,0,0,0,0,0,0,0
IF,GIA,9.567967,-13.619669, ,0.0,0.0,0,0,0,0,0,0,0,0
TF,SB,12.572736,-13.358533,0, ,0.0,0.0,0.0,0.0,0,0,0,0,0,0,0,0

SID,SB2S,24,2
CA,0,237.0,2,2000,0,0,0,0,0,0
DF,GIA,9.567967,-13.619669,1, ,0.0,0.0,0,0,0,0,0,0,0,0
TF,SB,12.572736,-13.358533,2, ,0.0,0.0,0.0,0.0,0,0,0,0,0,0,0,0

SID,SI2N,06,2
CA,0,57.0,2,2000,0,0,0,0,0,0
CI,0, ,0.0,93.0,0,0,0,0,0,0,0,0
IF,GIA,9.567967,-13.619669, ,0.0,0.0,0,0,0,0,0,0,0,0
TF,SI,11.401061,-9.186806,0, ,0.0,0.0,0.0,0.0,0,0,0,0,0,0,0,0

SID,SI2S,24,2
CA,0,237.0,2,2000,0,0,0,0,0,0
CI,1, ,0.0,47.0,0,0,0,0,0,0,0,0
IF,GIA,9.567967,-13.619669, ,0.0,0.0,0,0,0,0,0,0,0,0
TF,SI,11.401061,-9.186806,0, ,0.0,0.0,0.0,0.0,0,0,0,0,0,0,0,0

SID,TOBO1D,24,5
CF,CY420,9.512917,-13.687556,0,GIA,237.8,5.2,237.0,5.0,0,0,0,0,0,0,0,1
DF,CY424,9.736111,-13.842722,2, ,0.0,0.0,0,0,0,0,0,0,0,0
TF,CY425,9.972472,-14.011583,0, ,0.0,0.0,0.0,0.0,0,0,0,0,0,0,0,0
TF,CY426,10.522472,-14.064972,0, ,0.0,0.0,0.0,0.0,3,20000,0,0,0,0,0,0
TF,CY427,10.927444,-14.104389,0, ,0.0,0.0,0.0,0.0,3,25000,0,0,0,0,0,0
TF,TOBOV,11.463028,-13.966944,0, ,0.0,0.0,0.0,0.0,0,0,0,0,0,0,0,0
TF,IRALO,12.683333,-13.651667,0, ,0.0,0.0,0.0,0.0,0,0,0,0,0,0,0,0

STAR,BIRE1A,LGI,4
IF,LGI,8.617650,-13.191522, ,0.0,0.0,0,0,0,0,0,0,0,0
TF,BIREL,9.066667,-13.383333,0, ,0.0,0.0,0.0,0.0,2,14000,0,0,0,0,0,0

STAR,BIRE1A,RAMAK,4
IF,RAMAK,8.483333,-11.116667, ,0.0,0.0,0,0,0,0,0,0,0,0
TF,AGSIL,8.836667,-12.896667,0, ,0.0,0.0,0.0,0.0,0,0,0,0,0,0,0,0
TF,BIREL,9.066667,-13.383333,0, ,0.0,0.0,0.0,0.0,2,14000,0,0,0,0,0,0

STAR,BIRE1A,06,6
IF,BIREL,9.066667,-13.383333, ,0.0,0.0,2,14000,0,0,0,0,0,0
TF,AGVIS,9.362667,-13.709083,0, ,0.0,0.0,0.0,0.0,2,2000,0,1,230,0,0,0

STAR,BIRE1B,24,5
IF,LGI,8.617650,-13.191522, ,0.0,0.0,0,0,0,0,0,0,0,0
TF,BIREL,9.066667,-13.383333,0, ,0.0,0.0,0.0,0.0,2,16000,0,0,0,0,0,0
TF,CY621,9.347861,-13.449889,0, ,0.0,0.0,0.0,0.0,0,0,0,0,0,0,0,0
TF,CY622,9.542778,-13.496083,0, ,0.0,0.0,0.0,0.0,2,7000,0,0,0,0,0,0
TF,GAGUD,9.618806,-13.406194,0, ,0.0,0.0,0.0,0.0,2,4600,0,1,230,0,0,0

STAR,DEGO1A,DIRNO,4
IF,DIRNO,11.783333,-13.150000, ,0.0,0.0,0,0,0,0,0,0,0,0
TF,DEGOX,10.974083,-13.591972,0, ,0.0,0.0,0.0,0.0,0,0,0,0,0,0,0,0

STAR,DEGO1A,IRALO,4
IF,IRALO,12.683333,-13.651667, ,0.0,0.0,0,0,0,0,0,0,0,0
TF,DEGOX,10.974083,-13.591972,0, ,0.0,0.0,0.0,0.0,0,0,0,0,0,0,0,0

STAR,DEGO1A,06,6
IF,DEGOX,10.974083,-13.591972, ,0.0,0.0,0,0,0,0,0,0,0,0
TF,CY606,10.605972,-13.579222,0, ,0.0,0.0,0.0,0.0,0,0,0,0,0,0,0,0
TF,CY604,10.137417,-13.563028,0, ,0.0,0.0,0.0,0.0,2,20000,0,0,0,0,0,0
TF,CY605,9.760889,-13.550056,0, ,0.0,0.0,0.0,0.0,0,0,0,0,0,0,0,0
TF,DITVU,9.515556,-13.840389,0, ,0.0,0.0,0.0,0.0,2,2000,0,1,230,0,0,0

STAR,EDBA1A,06,5
IF,EDBAL,9.866667,-12.033333, ,0.0,0.0,0,0,0,0,0,0,0,0
TF,CY601,9.800333,-12.975556,0, ,0.0,0.0,0.0,0.0,2,22000,0,0,0,0,0,0
TF,CY602,9.688278,-13.323778,0, ,0.0,0.0,0.0,0.0,0,0,0,0,0,0,0,0
TF,CY603,9.525528,-13.516528,0, ,0.0,0.0,0.0,0.0,2,10000,0,0,0,0,0,0
TF,AGVIS,9.362667,-13.709083,0, ,0.0,0.0,0.0,0.0,2,2000,0,1,230,0,0,0

STAR,EDBA1B,24,5
IF,EDBAL,9.866667,-12.033333, ,0.0,0.0,0,0,0,0,0,0,0,0
TF,CY601,9.800333,-12.975556,0, ,0.0,0.0,0.0,0.0,2,16000,0,0,0,0,0,0
TF,GAGUD,9.618806,-13.406194,0, ,0.0,0.0,0.0,0.0,2,4600,0,1,230,0,0,0

STAR,ILGO1A,06,5
IF,ILGOT,10.150000,-12.516667, ,0.0,0.0,0,0,0,0,0,0,0,0
TF,CY601,9.800333,-12.975556,0, ,0.0,0.0,0.0,0.0,2,22000,0,0,0,0,0,0
TF,CY602,9.688278,-13.323778,0, ,0.0,0.0,0.0,0.0,0,0,0,0,0,0,0,0
TF,CY603,9.525528,-13.516528,0, ,0.0,0.0,0.0,0.0,2,10000,0,0,0,0,0,0
TF,AGVIS,9.362667,-13.709083,0, ,0.0,0.0,0.0,0.0,2,2000,0,1,230,0,0,0

STAR,ILGO1B,24,5
IF,ILGOT,10.150000,-12.516667, ,0.0,0.0,0,0,0,0,0,0,0,0
TF,CY601,9.800333,-12.975556,0, ,0.0,0.0,0.0,0.0,2,16000,0,0,0,0,0,0
TF,GAGUD,9.618806,-13.406194,0, ,0.0,0.0,0.0,0.0,2,4600,0,1,230,0,0,0

STAR,KIRT1A,06,5
IF,KIRTI,10.700000,-14.533333, ,0.0,0.0,0,0,0,0,0,0,0,0
TF,CY604,10.137417,-13.563028,0, ,0.0,0.0,0.0,0.0,2,20000,0,0,0,0,0,0
TF,CY605,9.760889,-13.550056,0, ,0.0,0.0,0.0,0.0,0,0,0,0,0,0,0,0
TF,DITVU,9.515556,-13.840389,0, ,0.0,0.0,0.0,0.0,2,2000,0,1,230,0,0,0

STAR,KIRT1B,24,5
IF,KIRTI,10.700000,-14.533333, ,0.0,0.0,0,0,0,0,0,0,0,0
TF,CY623,10.370611,-13.963556,0, ,0.0,0.0,0.0,0.0,2,21000,0,0,0,0,0,0
TF,CY625,10.138056,-13.563056,0, ,0.0,0.0,0.0,0.0,0,0,0,0,0,0,0,0
TF,CY626,9.980139,-13.552222,0, ,0.0,0.0,0.0,0.0,3,9000,0,0,0,0,0,0
TF,DEKUV,9.771778,-13.537528,0, ,0.0,0.0,0.0,0.0,2,4600,0,1,230,0,0,0

STAR,MOPI1B,AGSIL,4
IF,AGSIL,8.836667,-12.896667, ,0.0,0.0,0,0,0,0,0,0,0,0
TF,MOPIS,9.205722,-13.266667,0, ,0.0,0.0,0.0,0.0,0,0,0,0,0,0,0,0

STAR,MOPI1B,RAMAK,4
IF,RAMAK,8.483333,-11.116667, ,0.0,0.0,0,0,0,0,0,0,0,0
TF,MOPIS,9.205722,-13.266667,0, ,0.0,0.0,0.0,0.0,0,0,0,0,0,0,0,0

STAR,MOPI1B,24,6
IF,MOPIS,9.205722,-13.266667, ,0.0,0.0,0,0,0,0,0,0,0,0
TF,CY621,9.347861,-13.449889,0, ,0.0,0.0,0.0,0.0,0,0,0,0,0,0,0,0
TF,CY622,9.542778,-13.496083,0, ,0.0,0.0,0.0,0.0,2,7000,0,0,0,0,0,0
TF,GAGUD,9.618806,-13.406194,0, ,0.0,0.0,0.0,0.0,2,4600,0,1,230,0,0,0

STAR,POGR1A,06,5
IF,POGRA,11.666667,-14.176667, ,0.0,0.0,0,0,0,0,0,0,0,0
TF,CY606,10.605972,-13.579222,0, ,0.0,0.0,0.0,0.0,0,0,0,0,0,0,0,0
TF,CY604,10.137417,-13.563028,0, ,0.0,0.0,0.0,0.0,2,20000,0,0,0,0,0,0
TF,CY605,9.760889,-13.550056,0, ,0.0,0.0,0.0,0.0,0,0,0,0,0,0,0,0
TF,DITVU,9.515556,-13.840389,0, ,0.0,0.0,0.0,0.0,2,2000,0,1,230,0,0,0

STAR,POGR1B,24,5
IF,POGRA,11.666667,-14.176667, ,0.0,0.0,0,0,0,0,0,0,0,0
TF,CY624,11.118694,-13.955917,0, ,0.0,0.0,0.0,0.0,2,26000,0,0,0,0,0,0
TF,CY625,10.138056,-13.563056,0, ,0.0,0.0,0.0,0.0,0,0,0,0,0,0,0,0
TF,CY626,9.980139,-13.552222,0, ,0.0,0.0,0.0,0.0,3,9000,0,0,0,0,0,0
TF,DEKUV,9.771778,-13.537528,0, ,0.0,0.0,0.0,0.0,2,4600,0,1,230,0,0,0

STAR,RALU1B,DIRNO,4
IF,DIRNO,11.783333,-13.150000, ,0.0,0.0,0,0,0,0,0,0,0,0
TF,RALUN,11.077500,-13.595583,0, ,0.0,0.0,0.0,0.0,0,0,0,0,0,0,0,0

STAR,RALU1B,IRALO,4
IF,IRALO,12.683333,-13.651667, ,0.0,0.0,0,0,0,0,0,0,0,0
TF,RALUN,11.077500,-13.595583,0, ,0.0,0.0,0.0,0.0,0,0,0,0,0,0,0,0

STAR,RALU1B,24,6
IF,RALUN,11.077500,-13.595583, ,0.0,0.0,0,0,0,0,0,0,0,0
TF,CY625,10.138056,-13.563056,0, ,0.0,0.0,0.0,0.0,0,0,0,0,0,0,0,0
TF,CY626,9.980139,-13.552222,0, ,0.0,0.0,0.0,0.0,3,9000,0,0,0,0,0,0
TF,DEKUV,9.771778,-13.537528,0, ,0.0,0.0,0.0,0.0,2,4600,0,1,230,0,0,0

APPTR,D06-Y,06,GIA1
IF,GIA,9.567967,-13.619669, ,0.0,0.0,2,3600,0,0,0,0,1,0
FD,GIA,9.567967,-13.619669,0,GIA,0.0,9.0,216.0,9.0,2,2000,0,0,0,0,0,0
CF,FD06,9.505072,-13.700744,2,GIA,239.0,6.1,59.0,3.0,2,2000,0,0,0,0,0,0

APPTR,D06-Y,06,GIA2
IF,GIA,9.567967,-13.619669, ,0.0,0.0,2,3600,0,0,0,0,1,0
FD,GIA,9.567967,-13.619669,0,GIA,0.0,9.0,229.0,9.0,2,2000,0,0,0,0,0,0
CF,FD06,9.505072,-13.700744,2,GIA,239.0,6.1,59.0,3.0,2,2000,0,0,0,0,0,0

FINAL,D06-Y,06,D,2
IF,FD06,9.505072,-13.700744,GIA,239.0,6.1,2,2000,0,0,0,0,2,0
CF,MD06,9.559717,-13.630303,0,GIA,239.0,0.8,59.0,5.3,1,309,0,0,0,0,3,0
FA,MD06,9.559717,-13.630303,0,GIA,0.0,0.0,59.0,2,1600,0,0,0,0,0,0
DF,GIA,9.567967,-13.619669,2, ,0.0,0.0,1,3600,0,0,0,0,0,0

APPTR,D06-Z,06,BIKED
IF,BIKED,9.639922,-13.808703, ,0.0,0.0,2,2000,0,0,0,0,1,0
AF,CD06Z,9.444222,-13.779136,1,GIA,239.0,12.0,298.0,2,2000,0,0,0,0,1,0

APPTR,D06-Z,06,SERAD
IF,SERAD,9.368131,-13.598519, ,0.0,0.0,2,2000,0,0,0,0,1,0
AF,CD06Z,9.444222,-13.779136,2,GIA,239.0,12.0,181.0,2,2000,0,0,0,0,1,0

FINAL,D06-Z,06,D,3
IF,CD06Z,9.444222,-13.779136,GIA,239.0,12.0,2,2000,0,0,0,0,1,0
CF,FD06,9.505072,-13.700744,0,GIA,239.0,6.1,59.0,5.9,2,2000,0,0,0,0,2,0
CF,MD06,9.559717,-13.630303,0,GIA,239.0,0.8,59.0,5.3,1,309,0,0,0,0,3,0
CF,GIA,9.567967,-13.619669,0,GIA,0.0,0.0,59.0,0.8,0,0,0,0,0,0,0,0
FA,GIA,9.567967,-13.619669,0,GIA,0.0,0.0,59.0,2,1600,0,0,0,0,0,0
VI,2, ,0.0,226.0,0,0,0,0,0,0,0,0
CF,SERAD,9.368131,-13.598519,0,GIA,181.0,12.0,181.0,7.0,1,2000,0,0,0,0,0,0

APPTR,I06-X,06,GIA1
IF,GIA,9.567967,-13.619669, ,0.0,0.0,2,3600,0,0,0,0,1,0
FD,GIA,9.567967,-13.619669,0,GIA,0.0,9.0,214.0,9.0,2,2000,0,0,0,0,0,0
CF,CI06X,9.471694,-13.736408,2,CKY,236.6,10.7,57.0,1.0,2,2000,0,0,0,0,0,0

APPTR,I06-X,06,GIA2
IF,GIA,9.567967,-13.619669, ,0.0,0.0,2,3600,0,0,0,0,1,0
FD,GIA,9.567967,-13.619669,0,GIA,0.0,9.0,227.0,9.0,2,2000,0,0,0,0,0,0
CF,CI06X,9.471694,-13.736408,2,CKY,236.6,10.7,57.0,1.0,2,2000,0,0,0,0,0,0

FINAL,I06-X,06,I,3
IF,CI06X,9.471694,-13.736408,CKY,236.6,10.7,2,2000,0,0,0,0,0,0
CF,FI06,9.503178,-13.699169,0,CKY,236.6,7.8,57.0,2.9,1,2000,0,0,0,0,2,0
CF,RW06,9.567222,-13.623364,0,CKY,236.6,1.9,57.0,5.9,1,117,0,0,0,0,3,0
CA,0,57.0,2,1600,0,0,0,0,0,0
DF,GIA,9.567967,-13.619669,2, ,0.0,0.0,1,2700,0,0,0,0,0,0

APPTR,I06-Y,06,AGVIS
IF,AGVIS,9.362667,-13.709083, ,0.0,0.0,2,2000,0,1,230,0,1,0
TF,BINUM,9.439111,-13.774722,0,CKY,0.0,0.0,0.0,0.0,2,2000,0,0,0,0,1,0

APPTR,I06-Y,06,BINUM
HF,BINUM,9.439111,-13.774722,2, ,0.0,0.0,57.0,04.3,2,2000,0,1,230,0,1,0,0

APPTR,I06-Y,06,DITVU
IF,DITVU,9.515556,-13.840389, ,0.0,0.0,2,2000,0,1,230,0,1,0
TF,BINUM,9.439111,-13.774722,0,CKY,0.0,0.0,0.0,0.0,2,2000,0,0,0,0,1,0

FINAL,I06-Y,06,I,3
IF,BINUM,9.439111,-13.774722,CKY,236.6,13.7,2,2000,0,0,0,0,0,0
CF,CY501,9.503000,-13.699278,0,CKY,236.6,7.8,57.0,5.9,1,2000,0,0,0,0,2,0
CF,RW06,9.567222,-13.623364,0,CKY,236.6,1.9,57.0,5.9,1,117,0,0,0,0,3,0
CF,CY502,9.621528,-13.559167,0,GIA,55.3,4.8,57.0,5.0,0,0,0,0,0,0,0,1
DF,AGVIS,9.362667,-13.709083,2, ,0.0,0.0,2,2000,0,1,230,0,0,0

APPTR,I06-Z,06,BIKED
IF,BIKED,9.639922,-13.808703, ,0.0,0.0,2,2000,0,0,0,0,1,0
AF,D247L,9.467456,-13.794936,1,GIA,247.0,12.0,298.0,2,2000,0,0,0,0,0,0
VI,0,CKY,0.0,87.0,0,0,0,0,0,0,0,0

APPTR,I06-Z,06,SERAD
IF,SERAD,9.368131,-13.598519, ,0.0,0.0,2,2000,0,0,0,0,1,0
AF,D227L,9.414017,-13.749736,2,GIA,227.0,12.0,181.0,2,2000,0,0,0,0,0,0
VI,0,CKY,0.0,27.0,0,0,0,0,0,0,0,0

FINAL,I06-Z,06,I,3
IF,ONPIL,9.439119,-13.774922,CKY,236.6,13.7,2,2000,0,0,0,0,1,0
CF,FI06,9.503178,-13.699169,0,CKY,236.6,7.8,57.0,5.9,1,2000,0,0,0,0,2,0
CF,RW06,9.567222,-13.623364,0,CKY,236.6,1.9,57.0,5.9,1,117,0,0,0,0,3,0
FA,RW06,9.567222,-13.623364,0,GIA,0.0,0.0,57.0,2,1600,0,0,0,0,0,0
VI,2, ,0.0,226.0,0,0,0,0,0,0,0,0
CF,SERAD,9.368131,-13.598519,0,GIA,181.0,12.0,181.0,7.0,1,2000,0,0,0,0,0,0

APPTR,R06,06,AGVIS
IF,AGVIS,9.362667,-13.709083, ,0.0,0.0,2,2000,0,1,230,0,1,0
TF,BINUM,9.439111,-13.774722,0, ,0.0,0.0,0.0,0.0,2,2000,0,0,0,0,1,0

APPTR,R06,06,BINUM
HF,BINUM,9.439111,-13.774722,2, ,0.0,0.0,57.0,04.3,2,2000,0,1,230,0,1,0,0

APPTR,R06,06,DITVU
IF,DITVU,9.515556,-13.840389, ,0.0,0.0,2,2000,0,1,230,0,1,0
TF,BINUM,9.439111,-13.774722,0, ,0.0,0.0,0.0,0.0,2,2000,0,0,0,0,1,0

FINAL,R06,06,R,3
IF,BINUM,9.439111,-13.774722, ,0.0,0.0,2,2000,0,0,0,0,0,0
TF,CY501,9.503000,-13.699278,0, ,0.0,0.0,57.0,5.9,1,2000,0,0,0,0,2,0
TF,RW06,9.567222,-13.623364,0, ,0.0,0.0,57.0,5.9,1,117,0,0,0,0,3,1
CF,CY502,9.621528,-13.559167,0,GIA,55.3,4.8,57.0,5.0,0,0,0,0,0,0,0,1
DF,AGVIS,9.362667,-13.709083,2, ,0.0,0.0,2,2000,0,1,230,0,0,0

APPTR,R24,24,DEKUV
IF,DEKUV,9.771778,-13.537528, ,0.0,0.0,2,4600,0,1,230,0,1,0
TF,KONAL,9.695306,-13.471833,0, ,0.0,0.0,0.0,0.0,2,2500,0,0,0,0,1,0

APPTR,R24,24,GAGUD
IF,GAGUD,9.618806,-13.406194, ,0.0,0.0,2,4600,0,1,230,0,1,0
TF,KONAL,9.695306,-13.471833,0, ,0.0,0.0,0.0,0.0,2,2500,0,0,0,0,1,0

FINAL,R24,24,R,3
IF,KONAL,9.695306,-13.471833, ,0.0,0.0,2,2500,0,0,0,0,0,0
TF,CY503,9.641028,-13.536083,0, ,0.0,0.0,237.0,5.0,1,1700,0,0,0,0,2,0
TF,RW24,9.586572,-13.600483,0, ,0.0,0.0,237.0,5.0,1,103,0,0,0,0,3,1
CF,CY504,9.532278,-13.664694,0,GIA,238.4,3.4,237.0,5.0,0,0,0,0,0,0,0,1
DF,GAGUD,9.618806,-13.406194,1, ,0.0,0.0,2,4600,0,1,230,0,0,0

