SID,DASENB,16,5
DF,D158J,13.979322,38.831458,0, ,0.0,0.0,0,0,0,0,0,0,0,0
TF,DEBRE,13.742675,38.914417,0, ,0.0,0.0,0.0,0.0,2,12000,0,0,0,0,0,0
TF,DASEN,13.568425,38.433464,0, ,0.0,0.0,0.0,0.0,2,18000,0,0,0,0,0,0

SID,NAISOB,16,5
DF,D158J,13.979322,38.831458,0, ,0.0,0.0,0,0,0,0,0,0,0,0
TF,DEBRE,13.742675,38.914417,0, ,0.0,0.0,0.0,0.0,2,12000,0,0,0,0,0,0
TF,NAISO,13.692953,39.280147,0, ,0.0,0.0,0.0,0.0,2,16500,0,0,0,0,0,0

SID,NIWAYB,16,5
DF,D158J,13.979322,38.831458,0, ,0.0,0.0,0,0,0,0,0,0,0,0
TF,DEBRE,13.742675,38.914417,0, ,0.0,0.0,0.0,0.0,2,12000,0,0,0,0,0,0
TF,NIWAY,13.479361,38.774536,0, ,0.0,0.0,0.0,0.0,2,16000,0,0,0,0,0,0

STAR,APKA2A,34,5
IF,APKAM,13.693056,39.280000, ,0.0,0.0,0,0,0,0,0,0,0,0
TF,AX001,13.808939,38.891200,0, ,0.0,0.0,0.0,0.0,0,0,0,0,0,0,0,0

STAR,APKA2B,34,5
IF,APKAM,13.693056,39.280000, ,0.0,0.0,0,0,0,0,0,0,0,0
TF,AX002,13.932367,38.984283,0, ,0.0,0.0,0.0,0.0,0,0,0,0,0,0,0,0

STAR,AXENA2,34,5
IF,AXENA,13.483056,38.805278, ,0.0,0.0,0,0,0,0,0,0,0,0
TF,AX001,13.808939,38.891200,0, ,0.0,0.0,0.0,0.0,0,0,0,0,0,0,0,0

STAR,EKBA2A,34,5
IF,EKBAK,13.566667,38.437222, ,0.0,0.0,0,0,0,0,0,0,0,0
TF,AX003,13.830236,38.713572,0, ,0.0,0.0,0.0,0.0,0,0,0,0,0,0,0,0

STAR,EKBA2B,34,5
IF,EKBAK,13.566667,38.437222, ,0.0,0.0,0,0,0,0,0,0,0,0
TF,AX001,13.808939,38.891200,0, ,0.0,0.0,0.0,0.0,0,0,0,0,0,0,0,0

STAR,GETU2A,34,5
IF,GETUL,13.630556,38.341389, ,0.0,0.0,0,0,0,0,0,0,0,0
TF,AX003,13.830236,38.713572,0, ,0.0,0.0,0.0,0.0,0,0,0,0,0,0,0,0

STAR,GETU2B,34,5
IF,GETUL,13.630556,38.341389, ,0.0,0.0,0,0,0,0,0,0,0,0
TF,AX001,13.808939,38.891200,0, ,0.0,0.0,0.0,0.0,0,0,0,0,0,0,0,0

STAR,TIDEG2,34,5
IF,TIDEG,14.045833,39.455278, ,0.0,0.0,0,0,0,0,0,0,0,0
TF,AX002,13.932367,38.984283,0, ,0.0,0.0,0.0,0.0,0,0,0,0,0,0,0,0

APPTR,R34,34,AX001
IF,AX001,13.808939,38.891200, ,0.0,0.0,2,14000,0,0,0,0,1,0
TF,AX004,13.935150,38.846950,0, ,0.0,0.0,0.0,0.0,2,11000,0,0,0,0,1,0

APPTR,R34,34,AX002
IF,AX002,13.932367,38.984283, ,0.0,0.0,2,14000,0,0,0,0,1,0
TF,AX004,13.935150,38.846950,0, ,0.0,0.0,0.0,0.0,2,11000,0,0,0,0,1,0

APPTR,R34,34,AX003
IF,AX003,13.830236,38.713572, ,0.0,0.0,2,14000,0,0,0,0,1,0
TF,AX004,13.935150,38.846950,0, ,0.0,0.0,0.0,0.0,2,11000,0,0,0,0,1,0

FINAL,R34,34,R,3
IF,AX004,13.935150,38.846950, ,0.0,0.0,2,11000,0,0,0,0,0,0
TF,AX005,14.013903,38.819269,0, ,0.0,0.0,338.0,5.0,1,9580,0,0,0,0,2,0
TF,AX006,14.092900,38.791569,0, ,0.0,0.0,338.0,5.0,1,7903,0,0,0,0,3,1
TF,AX007,14.187503,38.758081,0, ,0.0,0.0,0.0,0.0,0,0,0,0,0,0,0,1
CI,1, ,0.0,176.0,0,0,0,0,0,0,0,0
CF,AX008,13.982517,38.705839,0,BDR,26.7,163.6,131.0,3.0,0,0,0,0,0,0,0,0
TF,AX001,13.808939,38.891200,0, ,0.0,0.0,0.0,0.0,1,14000,0,0,0,0,0,0
HM,AX001,13.808939,38.891200,2, ,0.0,0.0,338.0,04.3,2,14000,0,0,0,0,0,0,0

