APPTR,R10,10,LL001
IF,LL001,11.910389,38.730778, ,0.0,0.0,2,11900,0,0,0,0,1,0
TF,LL005,11.964083,38.758611,0, ,0.0,0.0,0.0,0.0,2,10500,0,0,0,0,0,0
TF,LL006,11.999861,38.777167,0, ,0.0,0.0,0.0,0.0,2,9600,0,0,0,0,1,0

APPTR,R10,10,LL002
IF,LL002,12.012167,38.675889, ,0.0,0.0,2,11900,0,0,0,0,1,0
TF,LL006,11.999861,38.777167,0, ,0.0,0.0,0.0,0.0,2,9600,0,0,0,0,1,0

APPTR,R10,10,LL003
IF,LL003,12.097750,38.754306, ,0.0,0.0,2,11900,0,0,0,0,1,0
TF,LL004,12.039028,38.768028,0, ,0.0,0.0,0.0,0.0,2,10500,0,0,0,0,0,0
TF,LL006,11.999861,38.777167,0, ,0.0,0.0,0.0,0.0,2,9600,0,0,0,0,1,0

FINAL,R10,10,R,3
IF,LL006,11.999861,38.777167, ,0.0,0.0,2,9600,0,0,0,0,0,0
TF,LL007,11.990833,38.851444,0, ,0.0,0.0,95.0,4.4,1,8580,0,0,0,0,2,0
TF,LL008,11.983667,38.910500,0, ,0.0,0.0,95.0,3.5,1,7479,0,0,0,0,3,1
DF,LL009,12.035111,38.484750,2, ,0.0,0.0,2,11900,0,1,185,0,0,0

