SID,ULOL1A,35R,5
CF,SN236,24.045556,32.805833,0,ASN,349.1,4.5,348.0,4.0,2,2000,0,0,0,0,0,0
TF,SN237,24.032222,32.715833,1, ,0.0,0.0,0.0,0.0,4,6000,3000,0,0,0,0,0
TF,SN123,23.746667,32.600278,0, ,0.0,0.0,0.0,0.0,1,6000,0,0,0,0,0,0
TF,ULOLA,23.695833,32.611389,0, ,0.0,0.0,0.0,0.0,1,6000,0,0,0,0,0,0

SID,ULOL1B,17L,5
CF,SN231,23.897778,32.831667,0,ASN,166.6,4.5,168.0,4.0,2,1600,0,0,0,0,0,0
TF,ULOLA,23.695833,32.611389,0, ,0.0,0.0,0.0,0.0,2,7000,0,0,0,0,0,0

SID,VEDU1A,35R,5
CF,SN236,24.045556,32.805833,0,ASN,349.1,4.5,348.0,4.0,2,2000,0,0,0,0,0,0
TF,VEDUP,24.268611,32.648611,0, ,0.0,0.0,0.0,0.0,2,6000,0,0,0,0,0,0

SID,VEDU1B,17L,5
CF,SN231,23.897778,32.831667,0,ASN,166.6,4.5,168.0,4.0,2,1600,0,0,0,0,0,0
TF,SN233,23.906389,32.741111,2, ,0.0,0.0,0.0,0.0,2,3000,0,0,0,0,0,0
TF,SN234,24.054444,32.770556,0, ,0.0,0.0,0.0,0.0,1,6000,0,0,0,0,0,0
TF,SN235,24.144722,32.788333,0, ,0.0,0.0,0.0,0.0,1,6000,0,0,0,0,0,0
TF,VEDUP,24.268611,32.648611,0, ,0.0,0.0,0.0,0.0,1,6000,0,0,0,0,0,0

STAR,TUBA1A,35R,5
IF,TUBAX,23.763889,32.531944, ,0.0,0.0,2,8000,0,0,0,0,0,0
TF,SN123,23.746667,32.600278,0, ,0.0,0.0,0.0,0.0,1,7000,0,1,200,0,0,0

STAR,TUBA1B,17L,5
IF,TUBAX,23.763889,32.531944, ,0.0,0.0,2,9000,0,0,0,0,0,0
TF,SN113,24.104722,32.518611,0, ,0.0,0.0,0.0,0.0,1,7000,0,0,0,0,0,0

STAR,TULB1A,35R,5
IF,TULBA,24.340278,32.806944, ,0.0,0.0,2,11000,0,0,0,0,0,0
TF,SN123,23.746667,32.600278,0, ,0.0,0.0,0.0,0.0,1,7000,0,1,200,0,0,0

STAR,TULB1B,17L,5
IF,TULBA,24.340278,32.806944, ,0.0,0.0,3,7000,0,0,0,0,0,0
TF,SN112,24.228056,32.796389,0, ,0.0,0.0,0.0,0.0,1,4000,0,1,200,0,0,0

APPTR,D17L,17L,ASN1
IF,ASN,23.971778,32.816944, ,0.0,0.0,2,4000,0,0,0,0,1,0
TF,D332J,24.124500,32.742583,0, ,0.0,0.0,0.0,0.0,2,2700,0,0,0,0,0,1
CF,CD17L,24.139028,32.813944,2,ASN,355.1,10.0,175.0,1.0,2,2700,0,0,0,0,1,0

APPTR,D17L,17L,ASN2
IF,ASN,23.971778,32.816944, ,0.0,0.0,2,4000,0,0,0,0,1,0
TF,D342J,24.134028,32.772611,0, ,0.0,0.0,0.0,0.0,2,2700,0,0,0,0,0,1
CF,CD17L,24.139028,32.813944,2,ASN,355.1,10.0,175.0,1.0,2,2700,0,0,0,0,1,0

FINAL,D17L,17L,D,3
IF,CD17L,24.139028,32.813944,ASN,355.1,10.0,2,2700,0,0,0,0,0,0
CF,FD17L,24.087417,32.814861,0,ASN,355.1,6.9,175.0,3.1,1,2700,0,0,0,0,2,0
CF,MD17L,23.992167,32.816583,0,ASN,355.1,1.2,175.0,5.7,1,903,0,0,0,0,3,0
FA,MD17L,23.992167,32.816583,0,ASN,0.0,0.0,175.0,2,2500,0,0,0,0,0,0
DF,ASN,23.971778,32.816944,2, ,0.0,0.0,1,4000,0,0,0,0,0,0
HM,ASN,23.971778,32.816944,1, ,0.0,0.0,342.0,04.3,2,4000,0,0,0,0,0,0,0

APPTR,D35R,35R,ASN1
IF,ASN,23.971778,32.816944, ,0.0,0.0,2,4000,0,0,0,0,1,0
TF,D183J,23.805722,32.795028,0, ,0.0,0.0,0.0,0.0,2,2500,0,0,0,0,0,1
CF,CD35R,23.809250,32.860028,1,ASN,162.3,10.0,342.0,1.0,2,2500,0,0,0,0,1,0

APPTR,D35R,35R,ASN2
IF,ASN,23.971778,32.816944, ,0.0,0.0,2,4000,0,0,0,0,1,0
TF,D175J,23.804528,32.820361,0, ,0.0,0.0,0.0,0.0,2,2500,0,0,0,0,0,1
CF,CD35R,23.809250,32.860028,1,ASN,162.3,10.0,342.0,1.0,2,2500,0,0,0,0,1,0

APPTR,D35R,35R,D211N
IF,D211N,23.778978,32.672542, ,0.0,0.0,0,0,0,0,0,0,1,0
CI,0, ,0.0,31.0,0,0,0,0,0,0,0,0
AF,D162L,23.777069,32.869692,1,ASN,162.0,12.0,211.0,0,0,0,0,0,0,0,0
CF,CD35R,23.809250,32.860028,0,ASN,162.3,10.0,342.0,2.0,2,2500,0,0,0,0,1,0

FINAL,D35R,35R,D,3
IF,CD35R,23.809250,32.860028,ASN,162.3,10.0,2,2500,0,0,0,0,0,0
CF,FD35R,23.857083,32.847361,0,ASN,162.3,7.1,342.0,2.9,1,2500,0,0,0,0,2,0
CF,MD35R,23.936889,32.826194,0,ASN,162.3,2.2,342.0,4.9,1,953,0,0,0,0,3,0
FA,MD35R,23.936889,32.826194,0,ASN,0.0,0.0,342.0,2,3000,0,0,0,0,0,0
DF,ASN,23.971778,32.816944,1, ,0.0,0.0,1,4000,0,0,0,0,0,0
HM,ASN,23.971778,32.816944,2, ,0.0,0.0,153.0,04.3,2,4000,0,0,0,0,0,0,0

APPTR,R17L,17L,SN711
IF,SN711,24.120583,32.608028, ,0.0,0.0,2,5500,0,0,0,0,1,0
TF,SN720,24.147472,32.789472,0, ,0.0,0.0,0.0,0.0,1,3200,0,0,0,0,1,0

APPTR,R17L,17L,SN733
IF,SN733,24.271333,32.767833, ,0.0,0.0,2,5500,0,0,0,0,1,0
TF,SN720,24.147472,32.789472,0, ,0.0,0.0,0.0,0.0,1,3200,0,0,0,0,1,0

FINAL,R17L,17L,R,3
IF,SN720,24.147472,32.789472, ,0.0,0.0,1,3200,0,0,0,0,0,0
TF,SN721,24.065222,32.803833,0, ,0.0,0.0,167.0,5.0,1,2300,0,0,0,0,2,0
TF,RW17L,23.979706,32.818742,0, ,0.0,0.0,167.0,5.2,1,664,0,0,0,0,3,1
TF,SN722,23.869972,32.837861,0, ,0.0,0.0,0.0,0.0,2,1800,0,0,0,0,0,0
TF,SN717,23.843167,32.656917,0, ,0.0,0.0,0.0,0.0,2,3300,0,0,0,0,0,0
TF,SN711,24.120583,32.608028,0, ,0.0,0.0,0.0,0.0,2,5500,0,0,0,0,0,0
HM,SN711,24.120583,32.608028,2, ,0.0,0.0,77.0,04.3,2,5500,0,0,0,0,0,0,0

APPTR,R35R,35R,SN501
IF,SN501,23.756639,32.673556, ,0.0,0.0,2,6000,0,0,0,0,1,0
TF,SN504,23.783222,32.853000,0, ,0.0,0.0,0.0,0.0,1,3300,0,0,0,0,1,0

APPTR,R35R,35R,SN503
IF,SN503,23.662639,32.874000, ,0.0,0.0,2,5500,0,0,0,0,1,0
TF,SN504,23.783222,32.853000,0, ,0.0,0.0,0.0,0.0,1,3300,0,0,0,0,1,0

FINAL,R35R,35R,R,3
IF,SN504,23.783222,32.853000, ,0.0,0.0,1,3300,0,0,0,0,0,0
TF,SN505,23.866306,32.838528,0, ,0.0,0.0,347.0,5.0,1,2300,0,0,0,0,2,0
TF,RW35R,23.949397,32.824039,0, ,0.0,0.0,347.0,5.0,1,712,0,0,0,0,3,1
TF,SN506,24.078750,32.801389,0, ,0.0,0.0,0.0,0.0,2,2000,0,0,0,0,0,0
TF,SN507,24.052111,32.621556,0, ,0.0,0.0,0.0,0.0,2,3500,0,0,0,0,0,0
TF,SN501,23.756639,32.673556,0, ,0.0,0.0,0.0,0.0,2,6000,0,0,0,0,0,0
HM,SN501,23.756639,32.673556,2, ,0.0,0.0,77.0,04.3,2,6000,0,0,0,0,0,0,0

