APPTR,R15,15,AXOLU
IF,AXOLU,-2.127314,40.738261, ,0.0,0.0,2,3000,0,0,0,0,1,0
TF,OKSEG,-2.094917,40.833967,0, ,0.0,0.0,0.0,0.0,2,1700,0,0,0,0,1,0

APPTR,R15,15,USUKU
IF,USUKU,-1.992286,40.782286, ,0.0,0.0,2,3000,0,0,0,0,1,0
TF,OKSEG,-2.094917,40.833967,0, ,0.0,0.0,0.0,0.0,2,1700,0,0,0,0,1,0

FINAL,R15,15,R,3
IF,OKSEG,-2.094917,40.833967, ,0.0,0.0,2,1700,0,0,0,0,0,0
TF,OKDIL,-2.169647,40.871531,0, ,0.0,0.0,154.0,5.0,2,1700,0,0,0,0,2,0
TF,RW15,-2.251017,40.912436,0, ,0.0,0.0,154.0,5.1,1,67,0,0,0,0,3,1
CA,0,154.0,2,1000,0,0,0,0,0,0
DF,AXOLU,-2.127314,40.738261,2, ,0.0,0.0,1,3000,0,0,0,0,0,0
HM,AXOLU,-2.127314,40.738261,1, ,0.0,0.0,334.0,04.3,2,3000,0,1,230,0,0,0,0

APPTR,R33,33,APGOG
IF,APGOG,-2.456014,40.903567, ,0.0,0.0,2,3000,0,0,0,0,1,0
TF,OKNIS,-2.413883,40.994328,0, ,0.0,0.0,0.0,0.0,2,1700,0,0,0,0,1,0

APPTR,R33,33,UTOXI
IF,UTOXI,-2.501636,41.038464, ,0.0,0.0,2,3000,0,0,0,0,1,0
TF,OKNIS,-2.413883,40.994328,0, ,0.0,0.0,0.0,0.0,2,1700,0,0,0,0,1,0

FINAL,R33,33,R,3
IF,OKNIS,-2.413883,40.994328, ,0.0,0.0,2,1700,0,0,0,0,0,0
TF,XABOR,-2.339156,40.956750,0, ,0.0,0.0,334.0,5.0,2,1700,0,0,0,0,2,0
TF,RW33,-2.262508,40.918214,0, ,0.0,0.0,334.0,5.1,1,68,0,0,0,0,3,1
CA,0,334.0,2,1000,0,0,0,0,0,0
DF,APGOG,-2.456014,40.903567,1, ,0.0,0.0,1,3000,0,0,0,0,0,0
HM,APGOG,-2.456014,40.903567,2, ,0.0,0.0,154.0,04.3,2,3000,0,1,230,0,0,0,0

