APPTR,R09,09,ESTAB
IF,ESTAB,-1.286147,34.925161, ,0.0,0.0,2,8600,0,0,0,0,1,0
TF,UDKOR,-1.385694,34.911503,0, ,0.0,0.0,0.0,0.0,2,7800,0,0,0,0,1,0

APPTR,R09,09,UVOTO
IF,UVOTO,-1.346639,34.819508, ,0.0,0.0,2,8600,0,0,0,0,1,0
TF,UDKOR,-1.385694,34.911503,0, ,0.0,0.0,0.0,0.0,2,7800,0,0,0,0,1,0

FINAL,R09,09,R,3
IF,UDKOR,-1.385694,34.911503, ,0.0,0.0,2,7800,0,0,0,0,0,0
TF,XALIM,-1.399519,35.010386,0, ,0.0,0.0,98.0,6.0,2,6900,0,0,0,0,2,0
TF,NIBIT,-1.410864,35.092806,0, ,0.0,0.0,98.0,5.0,1,5284,0,0,0,0,3,1
DF,ESTAB,-1.286147,34.925161,1, ,0.0,0.0,2,8600,0,0,0,0,0,1
HM,ESTAB,-1.286147,34.925161,2, ,0.0,0.0,278.0,04.3,2,8600,0,0,0,0,0,0,0

APPTR,R27,27,NESIB
IF,NESIB,-1.281500,35.283675, ,0.0,0.0,2,8600,0,0,0,0,1,0
TF,APRAK,-1.385331,35.296497,0, ,0.0,0.0,0.0,0.0,2,7100,0,0,0,0,1,0

APPTR,R27,27,UTINI
IF,UTINI,-1.372936,35.395539, ,0.0,0.0,2,8600,0,0,0,0,1,0
TF,APRAK,-1.385331,35.296497,0, ,0.0,0.0,0.0,0.0,2,7100,0,0,0,0,1,0

FINAL,R27,27,R,3
IF,APRAK,-1.385331,35.296497, ,0.0,0.0,2,7100,0,0,0,0,0,0
TF,UTODA,-1.397725,35.197447,0, ,0.0,0.0,263.0,6.0,2,6600,0,0,0,0,2,0
TF,RW27,-1.408050,35.114900,0, ,0.0,0.0,263.0,5.0,1,5047,0,0,0,0,3,1
DF,NESIB,-1.281500,35.283675,2, ,0.0,0.0,2,8600,0,0,0,0,0,1
HM,NESIB,-1.281500,35.283675,1, ,0.0,0.0,83.0,04.3,2,8600,0,0,0,0,0,0,0

