APPTR,R09,09,DUSNO
IF,DUSNO,-6.065622,35.575028, ,0.0,0.0,2,6200,0,1,220,0,1,0
TF,DO901,-6.166075,35.572578,0, ,0.0,0.0,0.0,0.0,2,5400,0,1,220,0,1,0

APPTR,R09,09,EGPOS
IF,EGPOS,-6.163611,35.472211, ,0.0,0.0,2,5500,0,1,220,0,1,0
TF,DO901,-6.166075,35.572578,0, ,0.0,0.0,0.0,0.0,2,5400,0,1,220,0,1,0

APPTR,R09,09,XABLI
IF,XABLI,-6.266525,35.570125, ,0.0,0.0,2,6200,0,1,220,0,1,0
TF,DO901,-6.166075,35.572578,0, ,0.0,0.0,0.0,0.0,2,5400,0,1,220,0,1,0

FINAL,R09,09,R,3
IF,DO901,-6.166075,35.572578, ,0.0,0.0,2,5400,0,1,220,0,0,0
TF,DO902,-6.168125,35.656217,0, ,0.0,0.0,92.0,5.0,2,5400,0,0,0,0,2,0
TF,RW09,-6.170256,35.743619,0, ,0.0,0.0,92.0,5.2,1,3737,0,0,0,0,3,1
CF,DO903,-6.172683,35.843989,0,MOV,240.6,263.4,92.0,6.0,0,0,0,1,220,0,0,0
TF,DO904,-6.072231,35.846425,0, ,0.0,0.0,0.0,0.0,0,0,0,1,220,0,0,0
TF,DUSNO,-6.065622,35.575028,0, ,0.0,0.0,0.0,0.0,0,0,0,1,220,0,0,0
HM,DUSNO,-6.065622,35.575028,2, ,0.0,0.0,182.0,04.3,2,6200,0,1,220,0,0,0,0

APPTR,R27,27,EPTUR
IF,EPTUR,-6.074914,35.958294, ,0.0,0.0,2,7300,0,1,220,0,1,0
TF,DO701,-6.175369,35.955883,0, ,0.0,0.0,0.0,0.0,2,5700,0,1,220,0,1,0

APPTR,R27,27,IMKUR
IF,IMKUR,-6.177372,36.039525, ,0.0,0.0,2,6600,0,1,220,0,1,0
TF,DO701,-6.175369,35.955883,0, ,0.0,0.0,0.0,0.0,2,5700,0,1,220,0,1,0

APPTR,R27,27,IXAGO
IF,IXAGO,-6.275822,35.953472, ,0.0,0.0,2,6500,0,1,220,0,1,0
TF,DO701,-6.175369,35.955883,0, ,0.0,0.0,0.0,0.0,2,5700,0,1,220,0,1,0

FINAL,R27,27,R,3
IF,DO701,-6.175369,35.955883, ,0.0,0.0,2,5700,0,1,220,0,0,0
TF,DO702,-6.173364,35.872242,0, ,0.0,0.0,272.0,5.0,2,5700,0,0,0,0,2,0
TF,RW27,-6.170856,35.768394,0, ,0.0,0.0,272.0,6.2,1,3724,0,0,0,0,3,1
CA,0,272.0,2,5500,0,1,220,0,0,0
DF,XOVEK,-5.982725,35.675000,2, ,0.0,0.0,0,0,0,1,220,0,0,1
HM,XOVEK,-5.982725,35.675000,1, ,0.0,0.0,100.0,04.3,2,7000,0,1,220,0,0,0,0

