APPTR,R14,14,MOJOS
HF,MOJOS,31.720925,-91.643197,2, ,0.0,0.0,144.0,04,2,2700,0,0,0,0,1,0,0

FINAL,R14,14,R,4
IF,MOJOS,31.720925,-91.643197, ,0.0,0.0,2,2700,0,0,0,0,0,0
TF,RAGAE,31.633497,-91.567906,0, ,0.0,0.0,144.0,6.5,2,1700,0,0,0,0,2,0
TF,IXEVY,31.595472,-91.535217,0, ,0.0,0.0,144.0,2.8,2,800,0,0,0,0,0,0
TF,RW14,31.566094,-91.509986,0, ,0.0,0.0,144.0,2.2,1,105,0,0,0,0,3,1
CA,0,144.0,2,1000,0,0,0,0,0,0
DF,MOJOS,31.720925,-91.643197,2, ,0.0,0.0,2,3000,0,0,0,0,0,1
HM,MOJOS,31.720925,-91.643197,2, ,0.0,0.0,144.0,04,0,0,0,0,0,0,0,0,0

APPTR,R32,32,JOHON
IF,JOHON,31.275733,-91.804964, ,0.0,0.0,0,0,0,0,0,0,1,0
TF,MODUE,31.372781,-91.451275,0, ,0.0,0.0,0.0,0.0,2,2700,0,0,0,0,1,0

APPTR,R32,32,SETTA
IF,SETTA,31.290422,-91.134717, ,0.0,0.0,0,0,0,0,0,0,1,0
TF,MODUE,31.372781,-91.451275,0, ,0.0,0.0,0.0,0.0,2,2700,0,0,0,0,1,0

FINAL,R32,32,R,4
IF,MODUE,31.372781,-91.451275, ,0.0,0.0,2,2700,0,0,0,0,0,0
TF,RAKEE,31.480700,-91.465139,0, ,0.0,0.0,354.0,6.5,2,1700,0,0,0,0,2,0
TF,IXAJU,31.532244,-91.488592,0, ,0.0,0.0,339.0,3.3,2,640,0,0,0,0,0,0
TF,QUOTH,31.551250,-91.497247,0, ,0.0,0.0,339.0,1.2,1,261,0,0,0,0,3,1
CA,0,339.0,2,455,0,0,0,0,0,0
DF,MOJOS,31.720925,-91.643197,0, ,0.0,0.0,2,2700,0,0,0,0,0,1
HM,MOJOS,31.720925,-91.643197,2, ,0.0,0.0,144.0,04,0,0,0,0,0,0,0,0,0

