APPTR,R09,09,HALOK
IF,HALOK,41.448814,-83.445547, ,0.0,0.0,0,0,0,0,0,0,1,0
TF,KADBY,41.334878,-83.445786,0, ,0.0,0.0,0.0,0.0,2,2600,0,0,0,0,1,0

APPTR,R09,09,KADBY
HF,KADBY,41.334878,-83.445786,2, ,0.0,0.0,95.0,04,2,2600,0,0,0,0,1,0,0

APPTR,R09,09,TUMAY
IF,TUMAY,41.217519,-83.446031, ,0.0,0.0,0,0,0,0,0,0,1,0
TF,KADBY,41.334878,-83.445786,0, ,0.0,0.0,0.0,0.0,2,2600,0,0,0,0,1,0

FINAL,R09,09,R,3
IF,KADBY,41.334878,-83.445786, ,0.0,0.0,2,2600,0,0,0,0,0,0
TF,FALWA,41.334581,-83.283822,0, ,0.0,0.0,95.0,7.3,2,2400,0,0,0,0,2,0
TF,RW09,41.334225,-83.166953,0, ,0.0,0.0,95.0,5.3,1,693,0,0,0,0,3,1
CA,0,95.0,2,1063,0,0,0,0,0,0
DF,KADBY,41.334878,-83.445786,2, ,0.0,0.0,2,2600,0,0,0,0,0,1
HM,KADBY,41.334878,-83.445786,2, ,0.0,0.0,95.0,04,0,0,0,0,0,0,0,0,0

