APPTR,R09,09,ANWAF
HF,ANWAF,32.435658,-86.755003,2, ,0.0,0.0,92.0,04,2,3100,0,0,0,0,1,0,0

FINAL,R09,09,R,3
IF,ANWAF,32.435658,-86.755003, ,0.0,0.0,2,3100,0,0,0,0,0,0
TF,EKUSY,32.437394,-86.622536,0, ,0.0,0.0,92.0,6.7,2,1900,0,0,0,0,2,0
TF,RW09,32.438633,-86.521433,0, ,0.0,0.0,92.0,5.1,1,265,0,0,0,0,3,1
CA,0,92.0,2,625,0,0,0,0,0,0
DF,ANWAF,32.435658,-86.755003,1, ,0.0,0.0,2,3100,0,0,0,0,0,1
HM,ANWAF,32.435658,-86.755003,2, ,0.0,0.0,92.0,04,0,0,0,0,0,0,0,0,0

APPTR,R27,27,ZOREL
HF,ZOREL,32.442117,-86.188906,2, ,0.0,0.0,272.0,04,2,3000,0,0,0,0,1,0,0

FINAL,R27,27,R,3
IF,ZOREL,32.442117,-86.188906, ,0.0,0.0,2,3000,0,0,0,0,0,0
TF,JEMER,32.440256,-86.376742,0, ,0.0,0.0,272.0,9.5,2,2300,0,0,0,0,2,0
TF,RW27,32.438833,-86.503933,0, ,0.0,0.0,272.0,6.5,1,243,0,0,0,0,3,1
CA,0,272.0,2,496,0,0,0,0,0,0
DF,ANWAF,32.435658,-86.755003,0, ,0.0,0.0,2,3100,0,0,0,0,0,1
HM,ANWAF,32.435658,-86.755003,2, ,0.0,0.0,92.0,04,0,0,0,0,0,0,0,0,0

