APPTR,R18,18,CAGAD
HF,CAGAD,34.310414,-96.789025,2, ,0.0,0.0,180.0,04,2,3300,0,0,0,0,1,0,0

APPTR,R18,18,FIBDI
IF,FIBDI,34.301039,-96.689064, ,0.0,0.0,2,3300,0,0,0,0,1,0
TF,CAGAD,34.310414,-96.789025,0, ,0.0,0.0,0.0,0.0,2,3300,0,0,0,0,1,0

APPTR,R18,18,HAVEB
IF,HAVEB,34.319708,-96.889008, ,0.0,0.0,2,3300,0,0,0,0,1,0
TF,CAGAD,34.310414,-96.789025,0, ,0.0,0.0,0.0,0.0,2,3300,0,0,0,0,1,0

FINAL,R18,18,R,3
IF,CAGAD,34.310414,-96.789025, ,0.0,0.0,2,3300,0,0,0,0,0,0
TF,VASCE,34.227458,-96.800267,0, ,0.0,0.0,180.0,5.0,2,2500,0,0,0,0,2,0
TF,RW18,34.144503,-96.811486,0, ,0.0,0.0,180.0,5.0,1,902,0,0,0,0,3,0
CA,0,180.0,2,1290,0,0,0,0,0,0
DF,ADM,34.211586,-97.168228,2, ,0.0,0.0,2,2600,0,0,0,0,0,0
HM,ADM,34.211586,-97.168228,2, ,0.0,0.0,50.0,04,0,0,0,0,0,0,0,0,0

