APPTR,R09,09,DJB
IF,DJB,41.358064,-82.161969, ,0.0,0.0,0,0,0,0,0,0,0,0
TF,AXUBE,41.195667,-82.003778,0, ,0.0,0.0,0.0,0.0,2,3000,0,0,0,0,1,0
TF,FESTO,41.112822,-81.991281,0, ,0.0,0.0,0.0,0.0,2,2800,0,0,0,0,1,0

APPTR,R09,09,HEGAD
IF,HEGAD,41.029975,-81.978817, ,0.0,0.0,0,0,0,0,0,0,1,0
TF,FESTO,41.112822,-81.991281,0, ,0.0,0.0,0.0,0.0,2,2800,0,0,0,0,1,0

FINAL,R09,09,R,3
IF,FESTO,41.112822,-81.991281, ,0.0,0.0,2,2800,0,0,0,0,0,0
TF,JETRA,41.122211,-81.881725,0, ,0.0,0.0,91.0,5.0,2,2800,0,0,0,0,2,0
TF,RW09,41.131361,-81.773750,0, ,0.0,0.0,91.0,4.9,1,1219,0,0,0,0,3,0
CA,0,91.0,2,1590,0,0,0,0,0,0
DF,FEPLI,41.150464,-81.544219,0, ,0.0,0.0,2,2800,0,0,0,0,0,0
HM,FEPLI,41.150464,-81.544219,2, ,0.0,0.0,271.0,04,0,0,0,0,0,0,0,0,0

APPTR,R27,27,BSV
IF,BSV,40.740706,-81.432117, ,0.0,0.0,0,0,0,0,0,0,0,0
TF,JEVET,41.067572,-81.532303,0, ,0.0,0.0,0.0,0.0,2,3100,0,0,0,0,1,0
TF,FEPLI,41.150464,-81.544219,0, ,0.0,0.0,0.0,0.0,2,3100,0,0,0,0,1,0

APPTR,R27,27,CXR
IF,CXR,41.516928,-81.163186, ,0.0,0.0,0,0,0,0,0,0,0,0
TF,AVOBE,41.233353,-81.556167,0, ,0.0,0.0,0.0,0.0,2,3100,0,0,0,0,1,0
TF,FEPLI,41.150464,-81.544219,0, ,0.0,0.0,0.0,0.0,2,3100,0,0,0,0,1,0

FINAL,R27,27,R,4
IF,FEPLI,41.150464,-81.544219, ,0.0,0.0,2,3100,0,0,0,0,0,0
TF,CALSU,41.141397,-81.653869,0, ,0.0,0.0,271.0,5.0,2,2800,0,0,0,0,2,0
TF,HEDIN,41.135572,-81.723658,0, ,0.0,0.0,271.0,3.2,2,1760,0,0,0,0,0,0
TF,RW27,41.132442,-81.760922,0, ,0.0,0.0,271.0,1.7,1,1213,0,0,0,0,3,1
CA,0,271.0,2,1590,0,0,0,0,0,0
DF,FESTO,41.112822,-81.991281,0, ,0.0,0.0,2,2800,0,0,0,0,0,1
HM,FESTO,41.112822,-81.991281,2, ,0.0,0.0,91.0,04,0,0,0,0,0,0,0,0,0

APPTR,S27,27,ACO
IF,ACO,41.107903,-81.201519, ,0.0,0.0,0,0,0,0,0,0,1,0
TF,COLEN,41.119819,-81.465658,0, ,0.0,0.0,0.0,0.0,2,3000,0,0,0,0,1,0

APPTR,S27,27,NVRTL
HF,NVRTL,41.128508,-81.666878,2, ,0.0,0.0,278.0,04.3,2,3100,0,0,0,0,1,0,0

FINAL,S27,27,D,3
IF,COLEN,41.119819,-81.465658,ACO,277.5,12.0,2,3000,0,0,0,0,0,0
CF,NVRTL,41.128508,-81.666878,0,ACO,277.5,21.1,278.0,9.1,2,2800,0,0,0,0,2,0
CF,RW27,41.132442,-81.760922,0,ACO,277.5,25.4,278.0,4.3,1,1213,0,0,0,0,3,0
CA,0,278.0,2,2000,0,0,0,0,0,0
CF,NVRTL,41.128508,-81.666878,2,ACO,277.5,21.1,98.0,6.0,2,3100,0,0,0,0,0,0
HM,NVRTL,41.128508,-81.666878,2, ,0.0,0.0,278.0,04.3,2,3100,0,0,0,0,0,0,0

