SID,1U71,28,4
VA,0,284.0,2,6433,0,0,0,0,0,0
DF,PAPIE,42.467703,-111.413031,0, ,0.0,0.0,2,8700,0,0,0,0,0,0
TF,EKLKA,42.563958,-111.465128,0, ,0.0,0.0,0.0,0.0,2,10100,0,0,0,0,0,0
TF,LUNDI,42.691122,-111.869236,0, ,0.0,0.0,0.0,0.0,2,10100,0,0,0,0,0,0

SID,1U71,34,4
VA,0,344.0,2,6433,0,0,0,0,0,0
DF,PAPIE,42.467703,-111.413031,0, ,0.0,0.0,2,8700,0,0,0,0,0,0
TF,EKLKA,42.563958,-111.465128,0, ,0.0,0.0,0.0,0.0,2,10100,0,0,0,0,0,0
TF,LUNDI,42.691122,-111.869236,0, ,0.0,0.0,0.0,0.0,2,10100,0,0,0,0,0,0

SID,FIROS1,10,4
VA,0,104.0,2,6433,0,0,0,0,0,0
DF,FIROS,41.745600,-111.312836,0, ,0.0,0.0,2,8900,0,0,0,0,0,0

SID,FIROS1,16,4
VA,0,164.0,2,6433,0,0,0,0,0,0
DF,FIROS,41.745600,-111.312836,0, ,0.0,0.0,2,8900,0,0,0,0,0,0

APPTR,R10,10,LUNDI
IF,LUNDI,42.691122,-111.869236, ,0.0,0.0,0,0,0,0,0,0,1,0
TF,LEANT,42.462889,-111.634397,0, ,0.0,0.0,0.0,0.0,2,11300,0,0,0,0,1,0

APPTR,R10,10,MLD
IF,MLD,42.199900,-112.451236, ,0.0,0.0,0,0,0,0,0,0,0,0
TF,LEANT,42.462889,-111.634397,0, ,0.0,0.0,0.0,0.0,2,11700,0,0,0,0,0,1
HF,LEANT,42.462889,-111.634397,2, ,0.0,0.0,124.0,07,2,11300,0,0,0,0,1,0,0

FINAL,R10,10,R,6
IF,LEANT,42.462889,-111.634397, ,0.0,0.0,2,11300,0,0,0,0,0,0
TF,KOSCH,42.393672,-111.540539,0, ,0.0,0.0,124.0,5.9,2,10300,0,0,0,0,0,0
TF,HAXEN,42.367658,-111.505344,0, ,0.0,0.0,124.0,2.2,2,9600,0,0,0,0,2,0
TF,JUVON,42.310147,-111.427689,0, ,0.0,0.0,124.0,4.9,2,7780,0,0,0,0,0,0
TF,ISELE,42.274531,-111.379708,0, ,0.0,0.0,124.0,3.0,2,6660,0,0,0,0,0,0
TF,GLUTS,42.258164,-111.357617,0, ,0.0,0.0,124.0,1.4,1,6145,0,0,0,0,3,1
CA,0,124.0,2,6340,0,0,0,0,0,0
DF,FIROS,41.745600,-111.312836,0, ,0.0,0.0,2,11000,0,1,185,0,0,1
HM,FIROS,41.745600,-111.312836,2, ,0.0,0.0,288.0,07,0,0,0,0,0,0,0,0,0

APPTR,R28,28,BPI
IF,BPI,42.579447,-110.109214, ,0.0,0.0,0,0,0,0,0,0,1,0
TF,DHOWS,42.274042,-110.773486,0, ,0.0,0.0,0.0,0.0,2,11900,0,0,0,0,0,0
TF,CANEN,42.145928,-111.036753,0, ,0.0,0.0,0.0,0.0,2,10900,0,0,0,0,1,0

APPTR,R28,28,GEGME
IF,GEGME,41.907417,-110.722294, ,0.0,0.0,0,0,0,0,0,0,1,0
TF,CANEN,42.145928,-111.036753,0, ,0.0,0.0,0.0,0.0,2,10900,0,0,0,0,1,0

APPTR,R28,28,MLD
IF,MLD,42.199900,-112.451236, ,0.0,0.0,0,0,0,0,0,0,0,0
TF,ERRED,42.164717,-111.445781,0, ,0.0,0.0,0.0,0.0,2,11700,0,0,0,0,0,0
TF,CANEN,42.145928,-111.036753,0, ,0.0,0.0,0.0,0.0,2,10900,0,0,0,0,0,1
HF,CANEN,42.145928,-111.036753,2, ,0.0,0.0,284.0,07,2,10900,0,0,0,0,1,0,0

FINAL,R28,28,R,4
IF,CANEN,42.145928,-111.036753, ,0.0,0.0,2,10900,0,0,0,0,0,0
TF,ANUTE,42.200103,-111.191147,0, ,0.0,0.0,284.0,7.6,2,8500,0,0,0,0,2,0
TF,BOMPS,42.220719,-111.250128,0, ,0.0,0.0,284.0,2.9,2,7420,0,0,0,0,0,0
TF,RW28,42.248078,-111.328592,0, ,0.0,0.0,284.0,3.9,1,5984,0,0,0,0,3,1
CA,0,284.0,2,6560,0,0,0,0,0,0
DF,FIROS,41.745600,-111.312836,1, ,0.0,0.0,2,11000,0,1,185,0,0,1
HM,FIROS,41.745600,-111.312836,2, ,0.0,0.0,288.0,07,0,0,0,0,0,0,0,0,0

