APPTR,R02-A,02,GEGLY
HF,GEGLY,37.260200,-95.700858,2, ,0.0,0.0,12.0,04,2,2500,0,0,0,0,1,0,0

FINAL,R02-A,02,R,3
IF,GEGLY,37.260200,-95.700858, ,0.0,0.0,2,2500,0,0,0,0,0,0
TF,FELID,37.341156,-95.675586,0, ,0.0,0.0,12.0,5.0,2,2500,0,0,0,0,2,0
TF,DOFRE,37.430669,-95.647578,0, ,0.0,0.0,12.0,5.5,1,1500,0,0,0,0,3,1
CA,0,12.0,2,2000,0,0,0,0,0,0
DF,GEGLY,37.260200,-95.700858,2, ,0.0,0.0,2,2500,0,0,0,0,0,1
HM,GEGLY,37.260200,-95.700858,2, ,0.0,0.0,12.0,04,0,0,0,0,0,0,0,0,0

APPTR,R15-A,15,GEGLY
HF,GEGLY,37.260200,-95.700858,2, ,0.0,0.0,12.0,04,2,2500,0,0,0,0,1,0,0

FINAL,R15-A,15,R,3
IF,GEGLY,37.260200,-95.700858, ,0.0,0.0,2,2500,0,0,0,0,0,0
TF,FELID,37.341156,-95.675586,0, ,0.0,0.0,12.0,5.0,2,2500,0,0,0,0,2,0
TF,DOFRE,37.430669,-95.647578,0, ,0.0,0.0,12.0,5.5,1,1500,0,0,0,0,3,1
CA,0,12.0,2,2000,0,0,0,0,0,0
DF,GEGLY,37.260200,-95.700858,2, ,0.0,0.0,2,2500,0,0,0,0,0,1
HM,GEGLY,37.260200,-95.700858,2, ,0.0,0.0,12.0,04,0,0,0,0,0,0,0,0,0

APPTR,R20-A,20,GEGLY
HF,GEGLY,37.260200,-95.700858,2, ,0.0,0.0,12.0,04,2,2500,0,0,0,0,1,0,0

FINAL,R20-A,20,R,3
IF,GEGLY,37.260200,-95.700858, ,0.0,0.0,2,2500,0,0,0,0,0,0
TF,FELID,37.341156,-95.675586,0, ,0.0,0.0,12.0,5.0,2,2500,0,0,0,0,2,0
TF,DOFRE,37.430669,-95.647578,0, ,0.0,0.0,12.0,5.5,1,1500,0,0,0,0,3,1
CA,0,12.0,2,2000,0,0,0,0,0,0
DF,GEGLY,37.260200,-95.700858,2, ,0.0,0.0,2,2500,0,0,0,0,0,1
HM,GEGLY,37.260200,-95.700858,2, ,0.0,0.0,12.0,04,0,0,0,0,0,0,0,0,0

APPTR,R33-A,33,GEGLY
HF,GEGLY,37.260200,-95.700858,2, ,0.0,0.0,12.0,04,2,2500,0,0,0,0,1,0,0

FINAL,R33-A,33,R,3
IF,GEGLY,37.260200,-95.700858, ,0.0,0.0,2,2500,0,0,0,0,0,0
TF,FELID,37.341156,-95.675586,0, ,0.0,0.0,12.0,5.0,2,2500,0,0,0,0,2,0
TF,DOFRE,37.430669,-95.647578,0, ,0.0,0.0,12.0,5.5,1,1500,0,0,0,0,3,1
CA,0,12.0,2,2000,0,0,0,0,0,0
DF,GEGLY,37.260200,-95.700858,2, ,0.0,0.0,2,2500,0,0,0,0,0,1
HM,GEGLY,37.260200,-95.700858,2, ,0.0,0.0,12.0,04,0,0,0,0,0,0,0,0,0

