APPTR,R18,18,ASIME
HF,ASIME,35.667739,-98.344278,2, ,0.0,0.0,176.0,04,2,3500,0,0,0,0,1,0,0

APPTR,R18,18,FATAM
IF,FATAM,35.666967,-98.446547, ,0.0,0.0,0,0,0,0,0,0,1,0
TF,ASIME,35.667739,-98.344278,0, ,0.0,0.0,0.0,0.0,2,3500,0,0,0,0,1,0

APPTR,R18,18,JABVA
IF,JABVA,35.668425,-98.242006, ,0.0,0.0,0,0,0,0,0,0,1,0
TF,ASIME,35.667739,-98.344278,0, ,0.0,0.0,0.0,0.0,2,3500,0,0,0,0,1,0

FINAL,R18,18,R,3
IF,ASIME,35.667739,-98.344278, ,0.0,0.0,2,3500,0,0,0,0,0,0
TF,CANAD,35.584283,-98.343386,0, ,0.0,0.0,176.0,5.0,2,3000,0,0,0,0,2,0
TF,RW18,35.512708,-98.342622,0, ,0.0,0.0,176.0,4.3,1,1619,0,0,0,0,3,1
CA,0,176.0,2,1987,0,0,0,0,0,0
DF,HADMA,35.326756,-98.340642,0, ,0.0,0.0,2,3600,0,0,0,0,0,1
HM,HADMA,35.326756,-98.340642,2, ,0.0,0.0,356.0,04,0,0,0,0,0,0,0,0,0

APPTR,R36,36,EKOKE
IF,EKOKE,35.325983,-98.442481, ,0.0,0.0,0,0,0,0,0,0,1,0
TF,HADMA,35.326756,-98.340642,0, ,0.0,0.0,0.0,0.0,2,3600,0,0,0,0,1,0

APPTR,R36,36,HADMA
HF,HADMA,35.326756,-98.340642,2, ,0.0,0.0,356.0,04,2,3600,0,0,0,0,1,0,0

APPTR,R36,36,OMASE
IF,OMASE,35.327442,-98.238800, ,0.0,0.0,0,0,0,0,0,0,1,0
TF,HADMA,35.326756,-98.340642,0, ,0.0,0.0,0.0,0.0,2,3600,0,0,0,0,1,0

FINAL,R36,36,R,3
IF,HADMA,35.326756,-98.340642, ,0.0,0.0,2,3600,0,0,0,0,0,0
TF,COGNO,35.410286,-98.341531,0, ,0.0,0.0,356.0,5.0,2,3400,0,0,0,0,2,0
TF,RW36,35.501719,-98.342506,0, ,0.0,0.0,356.0,5.5,1,1630,0,0,0,0,3,1
CA,0,356.0,2,1987,0,0,0,0,0,0
DF,ASIME,35.667739,-98.344278,0, ,0.0,0.0,2,3500,0,0,0,0,0,1
HM,ASIME,35.667739,-98.344278,2, ,0.0,0.0,176.0,04,0,0,0,0,0,0,0,0,0

