SID,WIPES1,02,4
VA,0,21.0,2,2700,0,0,0,0,0,0
DF,WIPES,47.412931,-119.108172,2, ,0.0,0.0,0,0,0,0,0,0,0,0

SID,WIPES1,20,4
VA,0,201.0,2,2700,0,0,0,0,0,0
DF,WIPES,47.412931,-119.108172,0, ,0.0,0.0,0,0,0,0,0,0,0,0

APPTR,R02,02,OWOSE
IF,OWOSE,47.437019,-118.886019, ,0.0,0.0,0,0,0,0,0,0,1,0
TF,UXICY,47.588664,-118.922911,0, ,0.0,0.0,0.0,0.0,2,5000,0,0,0,0,1,0

APPTR,R02,02,WIPES
IF,WIPES,47.412931,-119.108172, ,0.0,0.0,0,0,0,0,0,0,1,0
TF,UXICY,47.588664,-118.922911,0, ,0.0,0.0,0.0,0.0,2,5000,0,0,0,0,1,0

FINAL,R02,02,R,4
IF,UXICY,47.588664,-118.922911, ,0.0,0.0,2,5000,0,0,0,0,0,0
TF,YOLDU,47.669289,-118.835478,0, ,0.0,0.0,21.0,6.0,2,4100,0,0,0,0,2,0
TF,ALISY,47.718186,-118.782286,0, ,0.0,0.0,21.0,3.6,2,2940,0,0,0,0,0,0
TF,RW02,47.749139,-118.748550,0, ,0.0,0.0,21.0,2.3,1,2205,0,0,0,0,3,1
CA,0,21.0,2,2600,0,0,0,0,0,0
DF,WIPES,47.412931,-119.108172,2, ,0.0,0.0,2,5000,0,0,0,0,0,1
HM,WIPES,47.412931,-119.108172,2, ,0.0,0.0,15.0,05,0,0,0,0,0,0,0,0,0

