APPTR,R28RA,28R,ELEGE
HF,ELEGE,40.947733,-80.637025,2, ,0.0,0.0,277.0,04,2,3600,0,0,0,0,1,0,0

APPTR,R28RA,28R,KESGE
IF,KESGE,41.031114,-80.636561, ,0.0,0.0,0,0,0,0,0,0,1,0
TF,ELEGE,40.947733,-80.637025,0, ,0.0,0.0,0.0,0.0,2,3600,0,0,0,0,1,0

APPTR,R28RA,28R,YAYUD
IF,YAYUD,40.864347,-80.637489, ,0.0,0.0,0,0,0,0,0,0,1,0
TF,ELEGE,40.947733,-80.637025,0, ,0.0,0.0,0.0,0.0,2,3600,0,0,0,0,1,0

FINAL,R28RA,28R,R,4
IF,ELEGE,40.947733,-80.637025, ,0.0,0.0,2,3600,0,0,0,0,0,0
TF,ELEZO,40.948031,-80.747000,0, ,0.0,0.0,277.0,5.0,2,2800,0,0,0,0,2,0
TF,ANELE,40.948147,-80.805011,0, ,0.0,0.0,277.0,2.6,2,1960,0,0,0,0,0,0
TF,RW28R,40.948225,-80.857503,0, ,0.0,0.0,277.0,2.4,1,1200,0,0,0,0,3,1
CA,0,277.0,2,1600,0,0,0,0,0,0
DF,ELEGE,40.947733,-80.637025,2, ,0.0,0.0,2,3600,0,0,0,0,0,1
HM,ELEGE,40.947733,-80.637025,2, ,0.0,0.0,277.0,04,0,0,0,0,0,0,0,0,0

