APPTR,R30,30,DIPGY
HF,DIPGY,43.079161,-70.536711,2, ,0.0,0.0,306.0,04,2,2000,0,0,0,0,1,0,0

APPTR,R30,30,UKPOH
IF,UKPOH,43.157314,-70.497156, ,0.0,0.0,0,0,0,0,0,0,1,0
TF,DIPGY,43.079161,-70.536711,0, ,0.0,0.0,0.0,0.0,2,2000,0,0,0,0,1,0

APPTR,R30,30,ZUVGU
IF,ZUVGU,43.000994,-70.576167, ,0.0,0.0,0,0,0,0,0,0,1,0
TF,DIPGY,43.079161,-70.536711,0, ,0.0,0.0,0.0,0.0,2,2000,0,0,0,0,1,0

FINAL,R30,30,R,3
IF,DIPGY,43.079161,-70.536711, ,0.0,0.0,2,2000,0,0,0,0,0,0
TF,IBEYU,43.113836,-70.664736,0, ,0.0,0.0,306.0,6.0,2,1700,0,0,0,0,2,0
TF,RW30,43.141939,-70.768992,0, ,0.0,0.0,306.0,4.9,1,146,0,0,0,0,3,1
CA,0,306.0,2,525,0,0,0,0,0,0
DF,PEASE,43.084475,-70.831972,1, ,0.0,0.0,2,2000,0,0,0,0,0,1
HM,PEASE,43.084475,-70.831972,2, ,0.0,0.0,52.0,04,2,2000,0,0,0,0,0,0,0

