APPTR,R08,08,CEGUV
HF,CEGUV,30.206208,-92.905492,2, ,0.0,0.0,77.0,04,2,3000,0,0,0,0,1,0,0

FINAL,R08,08,R,4
IF,CEGUV,30.206208,-92.905492, ,0.0,0.0,2,3000,0,0,0,0,0,0
TF,HALRU,30.226483,-92.782653,0, ,0.0,0.0,77.0,6.5,2,1700,0,0,0,0,2,0
TF,WEBAK,30.235892,-92.725389,0, ,0.0,0.0,77.0,3.0,2,720,0,0,0,0,0,0
TF,RW08,30.242400,-92.685683,0, ,0.0,0.0,77.0,2.1,1,67,0,0,0,0,3,1
CA,0,77.0,2,400,0,0,0,0,0,0
DF,CEGUV,30.206208,-92.905492,1, ,0.0,0.0,2,3000,0,0,0,0,0,1
HM,CEGUV,30.206208,-92.905492,2, ,0.0,0.0,77.0,04,0,0,0,0,0,0,0,0,0

APPTR,R26,26,TUYOD
HF,TUYOD,30.280706,-92.450314,2, ,0.0,0.0,257.0,04,2,3000,0,0,0,0,1,0,0

FINAL,R26,26,R,4
IF,TUYOD,30.280706,-92.450314, ,0.0,0.0,2,3000,0,0,0,0,0,0
TF,MALMS,30.260742,-92.573317,0, ,0.0,0.0,257.0,6.5,2,1700,0,0,0,0,2,0
TF,WADBO,30.249892,-92.639861,0, ,0.0,0.0,257.0,3.5,2,580,0,0,0,0,0,0
TF,RW26,30.244944,-92.670119,0, ,0.0,0.0,257.0,1.6,1,70,0,0,0,0,3,1
CA,0,257.0,2,290,0,0,0,0,0,0
DF,CEGUV,30.206208,-92.905492,0, ,0.0,0.0,2,3000,0,0,0,0,0,1
HM,CEGUV,30.206208,-92.905492,2, ,0.0,0.0,77.0,04,0,0,0,0,0,0,0,0,0

