APPTR,R14,14,ZIKUP
HF,ZIKUP,41.509550,-94.170006,2, ,0.0,0.0,141.0,04,2,3000,0,0,0,0,1,0,0

FINAL,R14,14,R,3
IF,ZIKUP,41.509550,-94.170006, ,0.0,0.0,2,3000,0,0,0,0,0,0
TF,JOLUX,41.430036,-94.089267,0, ,0.0,0.0,141.0,6.0,2,2700,0,0,0,0,2,0
TF,RW14,41.365706,-94.024133,0, ,0.0,0.0,141.0,4.9,1,1155,0,0,0,0,3,1
CA,0,141.0,2,1516,0,0,0,0,0,0
DF,JUNUG,41.226522,-93.883803,0, ,0.0,0.0,2,3000,0,0,0,0,0,1
HM,JUNUG,41.226522,-93.883803,2, ,0.0,0.0,321.0,04,0,0,0,0,0,0,0,0,0

APPTR,R32,32,JUNUG
HF,JUNUG,41.226522,-93.883803,2, ,0.0,0.0,321.0,04,2,3000,0,0,0,0,1,0,0

FINAL,R32,32,R,3
IF,JUNUG,41.226522,-93.883803, ,0.0,0.0,2,3000,0,0,0,0,0,0
TF,HUDOX,41.294269,-93.952011,0, ,0.0,0.0,321.0,5.1,2,2700,0,0,0,0,2,0
TF,RW32,41.359533,-94.017892,0, ,0.0,0.0,321.0,4.9,1,1134,0,0,0,0,3,1
CA,0,321.0,2,1516,0,0,0,0,0,0
DF,ZIKUP,41.509550,-94.170006,0, ,0.0,0.0,2,3000,0,0,0,0,0,1
HM,ZIKUP,41.509550,-94.170006,2, ,0.0,0.0,141.0,04,0,0,0,0,0,0,0,0,0

