APPTR,R03,03,YALUB
HF,YALUB,34.472292,-84.627714,2, ,0.0,0.0,100.0,04,2,3200,0,0,0,0,1,0,0

FINAL,R03,03,R,4
IF,YALUB,34.472292,-84.627714, ,0.0,0.0,2,3200,0,0,0,0,0,0
TF,WONOB,34.545847,-84.580039,0, ,0.0,0.0,33.0,5.0,2,3200,0,0,0,0,2,0
TF,UCMUK,34.584247,-84.555111,0, ,0.0,0.0,33.0,2.6,2,2360,0,0,0,0,0,0
TF,RW03,34.623953,-84.529308,0, ,0.0,0.0,33.0,2.7,1,1509,0,0,0,0,3,1
CA,0,33.0,2,1731,0,0,0,0,0,0
DF,IJUKU,34.854400,-84.379017,0, ,0.0,0.0,2,5600,0,0,0,0,0,1
HM,IJUKU,34.854400,-84.379017,2, ,0.0,0.0,213.0,04,2,5600,0,0,0,0,0,0,0

APPTR,R21,21,IJUKU
HF,IJUKU,34.854400,-84.379017,2, ,0.0,0.0,213.0,04,2,5600,0,0,0,0,1,0,0

FINAL,R21,21,R,5
IF,IJUKU,34.854400,-84.379017, ,0.0,0.0,2,5600,0,0,0,0,0,0
TF,YIZHU,34.786800,-84.423203,0, ,0.0,0.0,213.0,4.6,2,4400,0,0,0,0,0,0
TF,ZALUG,34.719186,-84.467317,0, ,0.0,0.0,213.0,4.6,2,3600,0,0,0,0,2,0
TF,WOPAM,34.669200,-84.499875,0, ,0.0,0.0,213.0,3.4,2,2400,0,0,0,0,0,0
TF,RW21,34.632439,-84.523789,0, ,0.0,0.0,213.0,2.5,1,1531,0,0,0,0,3,1
CA,0,213.0,2,2500,0,0,0,0,0,0
DF,IJUKU,34.854400,-84.379017,2, ,0.0,0.0,2,5600,0,0,0,0,0,1
HM,IJUKU,34.854400,-84.379017,2, ,0.0,0.0,213.0,04,2,5600,0,0,0,0,0,0,0

