APPTR,R02,02,DRESS
HF,DRESS,41.518317,-72.886000,2, ,0.0,0.0,19.0,04,2,3000,0,0,0,0,1,0,0

APPTR,R02,02,MAD
IF,MAD,41.313861,-72.692203, ,0.0,0.0,0,0,0,0,0,0,1,0
TF,DRESS,41.518317,-72.886000,0, ,0.0,0.0,0.0,0.0,2,3000,0,0,0,0,1,0

FINAL,R02,02,R,5
IF,DRESS,41.518317,-72.886000, ,0.0,0.0,2,3000,0,0,0,0,0,0
TF,ZEPVI,41.576036,-72.878864,0, ,0.0,0.0,19.0,3.5,2,2000,0,0,0,0,0,0
TF,UTUBE,41.609672,-72.874639,0, ,0.0,0.0,19.0,2.0,2,1900,0,0,0,0,2,0
TF,JUBEB,41.648983,-72.869736,0, ,0.0,0.0,19.0,2.4,2,1020,0,0,0,0,0,0
TF,RW02,41.684336,-72.865322,0, ,0.0,0.0,19.0,2.1,1,229,0,0,0,0,3,1
CA,0,19.0,2,1900,0,0,0,0,0,0
DF,BRISS,41.702600,-73.016708,1, ,0.0,0.0,2,3000,0,0,0,0,0,1
HM,BRISS,41.702600,-73.016708,1, ,0.0,0.0,57.0,04,0,0,0,0,0,0,0,0,0

