APPTR,R13,13,WIVEV
IF,WIVEV,41.114611,-92.960575, ,0.0,0.0,3,6000,0,0,0,0,1,0
HF,WIVEV,41.114611,-92.960575,2, ,0.0,0.0,127.0,04,2,3000,0,0,0,0,0,0,0

FINAL,R13,13,R,3
IF,WIVEV,41.114611,-92.960575, ,0.0,0.0,2,3000,0,0,0,0,0,0
TF,CEPUX,41.052042,-92.857381,0, ,0.0,0.0,127.0,6.0,2,2600,0,0,0,0,2,0
TF,RW13,40.999189,-92.770489,0, ,0.0,0.0,127.0,5.1,1,988,0,0,0,0,3,1
CA,0,127.0,2,1268,0,0,0,0,0,0
DF,KIGIQ,40.877769,-92.571775,0, ,0.0,0.0,2,3000,0,0,0,0,0,1
HM,KIGIQ,40.877769,-92.571775,2, ,0.0,0.0,307.0,04,0,0,0,0,0,0,0,0,0

APPTR,R31,31,KIGIQ
HF,KIGIQ,40.877769,-92.571775,2, ,0.0,0.0,307.0,04,2,3000,0,0,0,0,1,0,0

FINAL,R31,31,R,4
IF,KIGIQ,40.877769,-92.571775, ,0.0,0.0,2,3000,0,0,0,0,0,0
TF,UJUSU,40.940925,-92.674967,0, ,0.0,0.0,307.0,6.0,2,2600,0,0,0,0,2,0
TF,ZILTU,40.976622,-92.733456,0, ,0.0,0.0,307.0,3.4,2,1500,0,0,0,0,0,0
TF,RW31,40.993344,-92.760894,0, ,0.0,0.0,307.0,1.6,1,1003,0,0,0,0,3,1
CA,0,307.0,2,1267,0,0,0,0,0,0
DF,WIVEV,41.114611,-92.960575,0, ,0.0,0.0,2,3000,0,0,0,0,0,1
HM,WIVEV,41.114611,-92.960575,2, ,0.0,0.0,127.0,04,0,0,0,0,0,0,0,0,0

