APPTR,R18,18,ARG
IF,ARG,36.110019,-90.953694, ,0.0,0.0,0,0,0,0,0,0,0,0
TF,LESSI,36.597317,-90.749081,0, ,0.0,0.0,0.0,0.0,2,3000,0,0,0,0,1,0
TF,CAYRA,36.596547,-90.645597,0, ,0.0,0.0,0.0,0.0,2,3000,0,0,0,0,1,0

APPTR,R18,18,CAYRA
HF,CAYRA,36.596547,-90.645597,2, ,0.0,0.0,180.0,04,2,3000,0,0,0,0,1,0,0

APPTR,R18,18,NACID
IF,NACID,36.595686,-90.542114, ,0.0,0.0,0,0,0,0,0,0,1,0
TF,CAYRA,36.596547,-90.645597,0, ,0.0,0.0,0.0,0.0,2,3000,0,0,0,0,1,0

FINAL,R18,18,R,3
IF,CAYRA,36.596547,-90.645597, ,0.0,0.0,2,3000,0,0,0,0,0,0
TF,DOGAC,36.496250,-90.646814,0, ,0.0,0.0,180.0,6.0,2,2000,0,0,0,0,2,0
TF,RW18,36.410136,-90.647856,0, ,0.0,0.0,180.0,5.2,1,332,0,0,0,0,3,1
CA,0,180.0,2,693,0,0,0,0,0,0
DF,JOPRO,36.189711,-90.650514,0, ,0.0,0.0,2,3000,0,0,0,0,0,1
HM,JOPRO,36.189711,-90.650514,2, ,0.0,0.0,360.0,04,0,0,0,0,0,0,0,0,0

APPTR,R36,36,CICAP
IF,CICAP,36.188850,-90.547569, ,0.0,0.0,0,0,0,0,0,0,1,0
TF,JOPRO,36.189711,-90.650514,0, ,0.0,0.0,0.0,0.0,2,3000,0,0,0,0,1,0

APPTR,R36,36,HARIB
IF,HARIB,36.190578,-90.767375, ,0.0,0.0,0,0,0,0,0,0,1,0
TF,JOPRO,36.189711,-90.650514,0, ,0.0,0.0,0.0,0.0,2,3000,0,0,0,0,1,0

APPTR,R36,36,LEPER
IF,LEPER,37.093883,-90.504475, ,0.0,0.0,0,0,0,0,0,0,0,0
TF,JOPRO,36.189711,-90.650514,0, ,0.0,0.0,0.0,0.0,2,3000,0,0,0,0,0,1
HF,JOPRO,36.189711,-90.650514,2, ,0.0,0.0,360.0,04,2,3000,0,0,0,0,1,0,0

FINAL,R36,36,R,3
IF,JOPRO,36.189711,-90.650514, ,0.0,0.0,2,3000,0,0,0,0,0,0
TF,WAPUR,36.312211,-90.649036,0, ,0.0,0.0,360.0,7.3,2,2000,0,0,0,0,2,0
TF,RW36,36.398328,-90.647997,0, ,0.0,0.0,360.0,5.2,1,332,0,0,0,0,3,1
CA,0,360.0,2,693,0,0,0,0,0,0
DF,CAYRA,36.596547,-90.645597,0, ,0.0,0.0,2,3000,0,0,0,0,0,1
HM,CAYRA,36.596547,-90.645597,2, ,0.0,0.0,180.0,04,0,0,0,0,0,0,0,0,0

