SID,NELLL1,16,4
VA,0,161.0,2,521,0,0,0,0,0,0
DF,PLASR,42.398575,-124.623225,2, ,0.0,0.0,0,0,0,0,0,0,0,0
TF,JAVIM,42.534992,-124.582278,0, ,0.0,0.0,0.0,0.0,0,0,0,0,0,0,0,0
TF,NELLL,42.863206,-124.483208,0, ,0.0,0.0,0.0,0.0,0,0,0,0,0,0,0,0

SID,NELLL1,34,4
VI,0, ,0.0,341.0,0,0,0,0,0,0,0,0
CF,JAVIM,42.534992,-124.582278,0,CEC,327.5,47.8,297.0,9.1,0,0,0,0,0,0,0,0
TF,NELLL,42.863206,-124.483208,0, ,0.0,0.0,0.0,0.0,0,0,0,0,0,0,0,0

APPTR,R16-A,16,MUDDD
HF,MUDDD,42.610797,-124.559128,1, ,0.0,0.0,147.0,05,2,4200,0,0,0,0,1,0,0

FINAL,R16-A,16,R,3
IF,MUDDD,42.610797,-124.559128, ,0.0,0.0,2,4200,0,0,0,0,0,0
TF,PITME,42.516483,-124.514036,0, ,0.0,0.0,147.0,6.0,2,2700,0,0,0,0,2,0
TF,STRAY,42.446344,-124.452261,0, ,0.0,0.0,133.0,5.0,1,1740,0,0,0,0,3,1
CA,0,133.0,2,2100,0,0,0,0,0,0
DF,MUDDD,42.610797,-124.559128,2, ,0.0,0.0,2,4200,0,0,0,0,0,1
HM,MUDDD,42.610797,-124.559128,1, ,0.0,0.0,147.0,05,0,0,0,0,0,0,0,0,0

APPTR,R34-A,34,MUDDD
HF,MUDDD,42.610797,-124.559128,1, ,0.0,0.0,147.0,05,2,4200,0,0,0,0,1,0,0

FINAL,R34-A,34,R,3
IF,MUDDD,42.610797,-124.559128, ,0.0,0.0,2,4200,0,0,0,0,0,0
TF,PITME,42.516483,-124.514036,0, ,0.0,0.0,147.0,6.0,2,2700,0,0,0,0,2,0
TF,STRAY,42.446344,-124.452261,0, ,0.0,0.0,133.0,5.0,1,1740,0,0,0,0,3,1
CA,0,133.0,2,2100,0,0,0,0,0,0
DF,MUDDD,42.610797,-124.559128,2, ,0.0,0.0,2,4200,0,0,0,0,0,1
HM,MUDDD,42.610797,-124.559128,1, ,0.0,0.0,147.0,05,0,0,0,0,0,0,0,0,0

