APPTR,R01,01,VOTUC
IF,VOTUC,32.385061,-84.245253, ,0.0,0.0,3,6000,0,0,0,0,1,0
HF,VOTUC,32.385061,-84.245253,2, ,0.0,0.0,5.0,04,2,3300,0,0,0,0,0,0,0

FINAL,R01,01,R,3
IF,VOTUC,32.385061,-84.245253, ,0.0,0.0,2,3300,0,0,0,0,0,0
TF,PEYLI,32.489772,-84.245208,0, ,0.0,0.0,5.0,6.3,2,2300,0,0,0,0,2,0
TF,RW01,32.562897,-84.245178,0, ,0.0,0.0,5.0,4.4,1,719,0,0,0,0,3,1
CA,0,5.0,2,934,0,0,0,0,0,0
DF,JUNKU,32.762850,-84.245008,0, ,0.0,0.0,2,3000,0,0,0,0,0,1
HM,JUNKU,32.762850,-84.245008,2, ,0.0,0.0,185.0,04,0,0,0,0,0,0,0,0,0

APPTR,R19,19,JUNKU
IF,JUNKU,32.762850,-84.245008, ,0.0,0.0,0,0,0,0,0,0,1,0
HF,JUNKU,32.762850,-84.245008,2, ,0.0,0.0,185.0,04,2,3500,0,0,0,0,0,0,0

FINAL,R19,19,R,3
IF,JUNKU,32.762850,-84.245008, ,0.0,0.0,2,3500,0,0,0,0,0,0
TF,CUVDA,32.662614,-84.245136,0, ,0.0,0.0,185.0,6.0,2,2300,0,0,0,0,2,0
TF,RW19,32.576644,-84.245172,0, ,0.0,0.0,185.0,5.2,1,661,0,0,0,0,3,1
CA,0,185.0,2,847,0,0,0,0,0,0
DF,VOTUC,32.385061,-84.245253,0, ,0.0,0.0,2,3000,0,0,0,0,0,1
HM,VOTUC,32.385061,-84.245253,2, ,0.0,0.0,5.0,04,0,0,0,0,0,0,0,0,0

