APPTR,R18,18,MEGRE
HF,MEGRE,33.827697,-91.358756,2, ,0.0,0.0,180.0,04,2,2000,0,0,0,0,1,0,0

FINAL,R18,18,R,3
IF,MEGRE,33.827697,-91.358756, ,0.0,0.0,2,2000,0,0,0,0,0,0
TF,DAVCA,33.710586,-91.362189,0, ,0.0,0.0,180.0,7.0,2,1800,0,0,0,0,2,0
TF,RW18,33.625722,-91.364669,0, ,0.0,0.0,180.0,5.1,1,181,0,0,0,0,3,1
CA,0,180.0,2,541,0,0,0,0,0,0
DF,ADUCA,33.412733,-91.370878,0, ,0.0,0.0,2,2000,0,0,0,0,0,1
HM,ADUCA,33.412733,-91.370878,2, ,0.0,0.0,360.0,04,0,0,0,0,0,0,0,0,0

APPTR,R36,36,ADUCA
HF,ADUCA,33.412733,-91.370878,2, ,0.0,0.0,360.0,04,2,2000,0,0,0,0,1,0,0

FINAL,R36,36,R,4
IF,ADUCA,33.412733,-91.370878, ,0.0,0.0,2,2000,0,0,0,0,0,0
TF,WOPLA,33.529850,-91.367469,0, ,0.0,0.0,360.0,7.0,2,1800,0,0,0,0,2,0
TF,ICABA,33.588006,-91.365772,0, ,0.0,0.0,360.0,3.5,2,680,0,0,0,0,0,0
TF,RW36,33.614714,-91.364992,0, ,0.0,0.0,360.0,1.6,1,181,0,0,0,0,3,1
CA,0,360.0,2,541,0,0,0,0,0,0
DF,MEGRE,33.827697,-91.358756,0, ,0.0,0.0,2,2000,0,0,0,0,0,1
HM,MEGRE,33.827697,-91.358756,2, ,0.0,0.0,180.0,04,0,0,0,0,0,0,0,0,0

