APPTR,R17,17,IYATA
HF,IYATA,37.797322,-102.622156,2, ,0.0,0.0,171.0,07,1,7000,0,0,0,0,1,0,0

APPTR,R17,17,LAA
IF,LAA,38.197092,-102.687533, ,0.0,0.0,0,0,0,0,0,0,1,0
TF,IYATA,37.797322,-102.622156,0, ,0.0,0.0,0.0,0.0,2,7000,0,0,0,0,1,0

FINAL,R17,17,R,3
IF,IYATA,37.797322,-102.622156, ,0.0,0.0,2,7000,0,0,0,0,0,0
TF,NEYIP,37.547817,-102.619081,0, ,0.0,0.0,171.0,15.0,2,6000,0,0,0,0,2,0
TF,RW17,37.465581,-102.618072,0, ,0.0,0.0,171.0,4.9,1,4430,0,0,0,0,3,1
CA,0,171.0,2,4790,0,0,0,0,0,0
DF,IYATA,37.797322,-102.622156,2, ,0.0,0.0,2,7000,0,0,0,0,0,1
HM,IYATA,37.797322,-102.622156,2, ,0.0,0.0,171.0,07,2,7000,0,0,0,0,0,0,0

