APPTR,R09,09,ZURES
HF,ZURES,36.696144,-94.128000,2, ,0.0,0.0,88.0,04,2,3300,0,0,0,0,1,0,0

FINAL,R09,09,R,4
IF,ZURES,36.696144,-94.128000, ,0.0,0.0,2,3300,0,0,0,0,0,0
TF,INAGE,36.696892,-94.003011,0, ,0.0,0.0,88.0,6.0,2,3000,0,0,0,0,2,0
TF,HIRLA,36.697125,-93.958475,0, ,0.0,0.0,88.0,2.2,2,2300,0,0,0,0,0,0
TF,RW09,36.697378,-93.906664,0, ,0.0,0.0,88.0,2.5,1,1519,0,0,0,0,3,1
CA,0,88.0,2,1883,0,0,0,0,0,0
DF,WURUG,36.698242,-93.666422,0, ,0.0,0.0,2,3600,0,0,0,0,0,1
HM,WURUG,36.698242,-93.666422,2, ,0.0,0.0,268.0,04,0,0,0,0,0,0,0,0,0

APPTR,R27,27,WURUG
HF,WURUG,36.698242,-93.666422,2, ,0.0,0.0,268.0,04,2,3600,0,0,0,0,1,0,0

FINAL,R27,27,R,4
IF,WURUG,36.698242,-93.666422, ,0.0,0.0,2,3600,0,0,0,0,0,0
TF,JOXEV,36.697853,-93.791019,0, ,0.0,0.0,268.0,6.0,2,3100,0,0,0,0,2,0
TF,YERSU,36.697656,-93.842578,0, ,0.0,0.0,268.0,2.5,2,2300,0,0,0,0,0,0
TF,RW27,36.697433,-93.894386,0, ,0.0,0.0,268.0,2.5,1,1512,0,0,0,0,3,1
CA,0,268.0,2,1883,0,0,0,0,0,0
DF,ZURES,36.696144,-94.128000,0, ,0.0,0.0,2,3300,0,0,0,0,0,1
HM,ZURES,36.696144,-94.128000,2, ,0.0,0.0,88.0,04,0,0,0,0,0,0,0,0,0

