SID,ADW1,01L,2
VA,0,10.0,2,680,0,0,0,0,0,0
VA,0,50.0,2,3000,0,0,0,0,0,0
VM,0,0,0,50.0,0,0,0,0,0,0,0,0

SID,ADW1,01R,2
VA,0,10.0,2,680,0,0,0,0,0,0
VA,0,50.0,2,3000,0,0,0,0,0,0
VM,0,0,0,50.0,0,0,0,0,0,0,0,0

SID,CAMP1,01L,1
VA,0,10.0,2,680,0,0,0,0,0,0
VD, ,0,0,1,ADW,0.0,0.0,270.0,8.0,1,3000,0,0,0,0,0,0
VM,0,0,0,270.0,0,0,0,0,0,0,0,0

SID,CAMP1,01R,1
VA,0,10.0,2,680,0,0,0,0,0,0
VD, ,0,0,1,ADW,0.0,0.0,270.0,8.0,1,3000,0,0,0,0,0,0
VM,0,0,0,270.0,0,0,0,0,0,0,0,0

SID,CAMP1,19L,1
VA,0,190.0,2,3000,0,0,0,0,0,0
VM,0,0,0,190.0,0,0,0,0,0,0,0,0

SID,CAMP1,19R,1
VA,0,190.0,2,3000,0,0,0,0,0,0
VM,0,0,0,190.0,0,0,0,0,0,0,0,0

SID,JEFSN2,01L,4
VA,0,10.0,2,800,0,0,0,0,0,0
DF,FLMOR,38.838889,-77.097222,1, ,0.0,0.0,2,3000,0,0,0,0,0,0
TF,LINCN,38.921975,-77.261053,0, ,0.0,0.0,0.0,0.0,0,0,0,0,0,0,0,0
TF,POLKK,38.814522,-77.376444,0, ,0.0,0.0,0.0,0.0,0,0,0,0,0,0,0,0
TF,JEFSN,38.604597,-77.440836,0, ,0.0,0.0,0.0,0.0,0,0,0,1,250,0,0,0

SID,JEFSN2,01R,4
VA,0,10.0,2,800,0,0,0,0,0,0
DF,FLMOR,38.838889,-77.097222,1, ,0.0,0.0,2,3000,0,0,0,0,0,0
TF,LINCN,38.921975,-77.261053,0, ,0.0,0.0,0.0,0.0,0,0,0,0,0,0,0,0
TF,POLKK,38.814522,-77.376444,0, ,0.0,0.0,0.0,0.0,0,0,0,0,0,0,0,0
TF,JEFSN,38.604597,-77.440836,0, ,0.0,0.0,0.0,0.0,0,0,0,1,250,0,0,0

SID,JEFSN2,19L,4
DF,TYLER,38.597811,-76.877689,0, ,0.0,0.0,0,0,0,0,0,0,0,0
TF,NIKLE,38.574150,-77.152478,0, ,0.0,0.0,0.0,0.0,0,0,0,0,0,0,0,0
TF,JEFSN,38.604597,-77.440836,0, ,0.0,0.0,0.0,0.0,0,0,0,1,250,0,0,0

SID,JEFSN2,19R,4
DF,TYLER,38.597811,-76.877689,0, ,0.0,0.0,0,0,0,0,0,0,0,0
TF,NIKLE,38.574150,-77.152478,0, ,0.0,0.0,0.0,0.0,0,0,0,0,0,0,0,0
TF,JEFSN,38.604597,-77.440836,0, ,0.0,0.0,0.0,0.0,0,0,0,1,250,0,0,0

SID,JEFSN2,FLASK,6
IF,JEFSN,38.604597,-77.440836, ,0.0,0.0,0,0,0,1,250,0,0,0
TF,CLTCH,38.447672,-77.905594,0, ,0.0,0.0,0.0,0.0,0,0,0,0,0,0,0,0
TF,KERRK,38.176047,-78.393294,0, ,0.0,0.0,0.0,0.0,0,0,0,0,0,0,0,0
TF,TEEMS,37.690528,-79.197736,0, ,0.0,0.0,0.0,0.0,0,0,0,0,0,0,0,0
TF,FLASK,37.017756,-80.316283,0, ,0.0,0.0,0.0,0.0,0,0,0,0,0,0,0,0

SID,JEFSN2,GLANC,6
IF,JEFSN,38.604597,-77.440836, ,0.0,0.0,0,0,0,1,250,0,0,0
TF,SCRAM,38.371167,-77.798547,0, ,0.0,0.0,0.0,0.0,0,0,0,0,0,0,0,0
TF,DANOO,38.074233,-78.252489,0, ,0.0,0.0,0.0,0.0,0,0,0,0,0,0,0,0
TF,WALCE,37.722064,-78.798111,0, ,0.0,0.0,0.0,0.0,0,0,0,0,0,0,0,0
TF,GLANC,37.440836,-79.060458,0, ,0.0,0.0,0.0,0.0,0,0,0,0,0,0,0,0

SID,JEFSN2,MAULS,6
IF,JEFSN,38.604597,-77.440836, ,0.0,0.0,0,0,0,1,250,0,0,0
TF,CLTCH,38.447672,-77.905594,0, ,0.0,0.0,0.0,0.0,0,0,0,0,0,0,0,0
TF,KERRK,38.176047,-78.393294,0, ,0.0,0.0,0.0,0.0,0,0,0,0,0,0,0,0
TF,MAULS,37.880378,-79.330331,0, ,0.0,0.0,0.0,0.0,0,0,0,0,0,0,0,0

SID,JEFSN2,MELTN,6
IF,JEFSN,38.604597,-77.440836, ,0.0,0.0,0,0,0,1,250,0,0,0
TF,JDUBB,38.299836,-77.649933,0, ,0.0,0.0,0.0,0.0,0,0,0,0,0,0,0,0
TF,CASLY,38.054006,-77.861036,0, ,0.0,0.0,0.0,0.0,0,0,0,0,0,0,0,0
TF,MELTN,37.202561,-78.578981,0, ,0.0,0.0,0.0,0.0,0,0,0,0,0,0,0,0

SID,JEFSN2,RRSIN,6
IF,JEFSN,38.604597,-77.440836, ,0.0,0.0,0,0,0,1,250,0,0,0
TF,JDUBB,38.299836,-77.649933,0, ,0.0,0.0,0.0,0.0,0,0,0,0,0,0,0,0
TF,TYPNZ,38.045606,-77.921867,0, ,0.0,0.0,0.0,0.0,0,0,0,0,0,0,0,0
TF,SCORN,37.466611,-78.531758,0, ,0.0,0.0,0.0,0.0,0,0,0,0,0,0,0,0
TF,RRSIN,36.952039,-79.059039,0, ,0.0,0.0,0.0,0.0,0,0,0,0,0,0,0,0

SID,LINCN2,01L,4
VA,0,10.0,2,800,0,0,0,0,0,0
DF,FLMOR,38.838889,-77.097222,1, ,0.0,0.0,2,3000,0,0,0,0,0,0
TF,LINCN,38.921975,-77.261053,0, ,0.0,0.0,0.0,0.0,0,0,0,1,250,0,0,0

SID,LINCN2,01R,4
VA,0,10.0,2,800,0,0,0,0,0,0
DF,FLMOR,38.838889,-77.097222,1, ,0.0,0.0,2,3000,0,0,0,0,0,0
TF,LINCN,38.921975,-77.261053,0, ,0.0,0.0,0.0,0.0,0,0,0,1,250,0,0,0

SID,LINCN2,19L,4
DF,TYLER,38.597811,-76.877689,0, ,0.0,0.0,0,0,0,0,0,0,0,0
TF,NIKLE,38.574150,-77.152478,0, ,0.0,0.0,0.0,0.0,0,0,0,0,0,0,0,0
TF,LINCN,38.921975,-77.261053,0, ,0.0,0.0,0.0,0.0,0,0,0,1,250,0,0,0

SID,LINCN2,19R,4
DF,TYLER,38.597811,-76.877689,0, ,0.0,0.0,0,0,0,0,0,0,0,0
TF,NIKLE,38.574150,-77.152478,0, ,0.0,0.0,0.0,0.0,0,0,0,0,0,0,0,0
TF,LINCN,38.921975,-77.261053,0, ,0.0,0.0,0.0,0.0,0,0,0,1,250,0,0,0

SID,LINCN2,JERES,6
IF,LINCN,38.921975,-77.261053, ,0.0,0.0,0,0,0,1,250,0,0,0
TF,HORTO,39.117917,-77.463694,0, ,0.0,0.0,0.0,0.0,0,0,0,0,0,0,0,0
TF,JERES,39.642889,-77.455056,0, ,0.0,0.0,0.0,0.0,0,0,0,0,0,0,0,0

SID,LINCN2,MCRAY,6
IF,LINCN,38.921975,-77.261053, ,0.0,0.0,0,0,0,1,250,0,0,0
TF,HORTO,39.117917,-77.463694,0, ,0.0,0.0,0.0,0.0,0,0,0,0,0,0,0,0
TF,MCRAY,39.538247,-77.860575,0, ,0.0,0.0,0.0,0.0,0,0,0,0,0,0,0,0

SID,LINCN2,OTTTO,6
IF,LINCN,38.921975,-77.261053, ,0.0,0.0,0,0,0,1,250,0,0,0
TF,REBLL,38.845219,-77.885758,0, ,0.0,0.0,0.0,0.0,0,0,0,0,0,0,0,0
TF,OTTTO,38.854392,-78.205558,0, ,0.0,0.0,0.0,0.0,0,0,0,0,0,0,0,0

SID,LINCN2,RAMAY,6
IF,LINCN,38.921975,-77.261053, ,0.0,0.0,0,0,0,1,250,0,0,0
TF,WYNGS,38.948622,-77.851950,0, ,0.0,0.0,0.0,0.0,0,0,0,0,0,0,0,0
TF,RAMAY,38.960714,-78.216392,0, ,0.0,0.0,0.0,0.0,0,0,0,0,0,0,0,0

SID,MRNG1,01L,1
VA,0,10.0,2,3000,0,0,0,0,0,0
VM,0,0,0,10.0,0,0,0,0,0,0,0,0

SID,MRNG1,01R,1
VA,0,10.0,2,3000,0,0,0,0,0,0
VM,0,0,0,10.0,0,0,0,0,0,0,0,0

SID,MRNG1,19L,1
VA,0,190.0,2,3000,0,0,0,0,0,0
VM,0,0,0,190.0,0,0,0,0,0,0,0,0

SID,MRNG1,19R,1
VA,0,190.0,2,3000,0,0,0,0,0,0
VM,0,0,0,190.0,0,0,0,0,0,0,0,0

STAR,FRDMM6,BUCKO,4
IF,BUCKO,39.293839,-79.825028, ,0.0,0.0,1,31000,0,0,0,0,0,0
TF,DRRON,39.272811,-79.559961,0, ,0.0,0.0,0.0,0.0,4,31000,27000,0,0,0,0,0
TF,HONNR,39.246275,-79.235808,0, ,0.0,0.0,0.0,0.0,4,28000,24000,1,280,0,0,0
TF,BRVRY,39.222967,-78.963106,0, ,0.0,0.0,0.0,0.0,4,26000,22000,0,0,0,0,0
TF,COURG,39.200317,-78.729033,0, ,0.0,0.0,0.0,0.0,4,23000,20000,1,280,0,0,0
TF,PLDGE,39.164258,-78.366311,0, ,0.0,0.0,0.0,0.0,4,17000,15000,1,280,0,0,0
TF,WEWIL,39.101661,-78.114378,0, ,0.0,0.0,0.0,0.0,2,14000,0,0,0,0,0,0
TF,NEVVR,39.070358,-77.991714,0, ,0.0,0.0,0.0,0.0,2,12000,0,0,0,0,0,0
TF,FORGT,39.035372,-77.855347,0, ,0.0,0.0,0.0,0.0,2,11000,0,1,250,0,0,0
TF,SEPII,39.009200,-77.753817,0, ,0.0,0.0,0.0,0.0,2,10000,0,1,250,0,0,0
TF,ALWYZ,38.983517,-77.654594,0, ,0.0,0.0,0.0,0.0,3,10000,0,1,250,0,0,0

STAR,FRDMM6,LUISE,4
IF,LUISE,39.574275,-80.698514, ,0.0,0.0,0,0,0,0,0,0,0,0
TF,BUCKO,39.293839,-79.825028,0, ,0.0,0.0,0.0,0.0,1,31000,0,0,0,0,0,0
TF,DRRON,39.272811,-79.559961,0, ,0.0,0.0,0.0,0.0,4,31000,27000,0,0,0,0,0
TF,HONNR,39.246275,-79.235808,0, ,0.0,0.0,0.0,0.0,4,28000,24000,1,280,0,0,0
TF,BRVRY,39.222967,-78.963106,0, ,0.0,0.0,0.0,0.0,4,26000,22000,0,0,0,0,0
TF,COURG,39.200317,-78.729033,0, ,0.0,0.0,0.0,0.0,4,23000,20000,1,280,0,0,0
TF,PLDGE,39.164258,-78.366311,0, ,0.0,0.0,0.0,0.0,4,17000,15000,1,280,0,0,0
TF,WEWIL,39.101661,-78.114378,0, ,0.0,0.0,0.0,0.0,2,14000,0,0,0,0,0,0
TF,NEVVR,39.070358,-77.991714,0, ,0.0,0.0,0.0,0.0,2,12000,0,0,0,0,0,0
TF,FORGT,39.035372,-77.855347,0, ,0.0,0.0,0.0,0.0,2,11000,0,1,250,0,0,0
TF,SEPII,39.009200,-77.753817,0, ,0.0,0.0,0.0,0.0,2,10000,0,1,250,0,0,0
TF,ALWYZ,38.983517,-77.654594,0, ,0.0,0.0,0.0,0.0,3,10000,0,1,250,0,0,0

STAR,FRDMM6,01L,6
IF,ALWYZ,38.983517,-77.654594, ,0.0,0.0,3,10000,0,1,250,0,0,0
TF,LETZZ,38.911767,-77.450667,0, ,0.0,0.0,0.0,0.0,1,8000,0,0,0,0,0,0
TF,RLLLL,38.848642,-77.305619,0, ,0.0,0.0,0.0,0.0,1,6000,0,1,250,0,0,0
TF,VCTRY,38.762119,-77.113689,0, ,0.0,0.0,0.0,0.0,0,0,0,0,0,0,0,0
TF,HEROO,38.627061,-77.106186,0, ,0.0,0.0,0.0,0.0,0,0,0,0,0,0,0,1
FM,HEROO,38.627061,-77.106186,0,BAL,0.0,0.0,189.0,0,0,0,0,0,0,0,0

STAR,FRDMM6,01R,6
IF,ALWYZ,38.983517,-77.654594, ,0.0,0.0,3,10000,0,1,250,0,0,0
TF,LETZZ,38.911767,-77.450667,0, ,0.0,0.0,0.0,0.0,1,8000,0,0,0,0,0,0
TF,RLLLL,38.848642,-77.305619,0, ,0.0,0.0,0.0,0.0,1,6000,0,1,250,0,0,0
TF,VCTRY,38.762119,-77.113689,0, ,0.0,0.0,0.0,0.0,0,0,0,0,0,0,0,0
TF,HEROO,38.627061,-77.106186,0, ,0.0,0.0,0.0,0.0,0,0,0,0,0,0,0,1
FM,HEROO,38.627061,-77.106186,0,BAL,0.0,0.0,189.0,0,0,0,0,0,0,0,0

STAR,FRDMM6,19L,6
IF,ALWYZ,38.983517,-77.654594, ,0.0,0.0,3,10000,0,1,250,0,0,0
TF,FRDMM,38.942928,-77.517053,0, ,0.0,0.0,0.0,0.0,1,8000,0,1,240,0,0,0
TF,STAND,39.004492,-77.332733,0, ,0.0,0.0,0.0,0.0,0,0,0,0,0,0,0,0

STAR,FRDMM6,19R,6
IF,ALWYZ,38.983517,-77.654594, ,0.0,0.0,3,10000,0,1,250,0,0,0
TF,FRDMM,38.942928,-77.517053,0, ,0.0,0.0,0.0,0.0,1,8000,0,1,240,0,0,0
TF,STAND,39.004492,-77.332733,0, ,0.0,0.0,0.0,0.0,0,0,0,0,0,0,0,0

STAR,NUMMY3,BUCKO,1
IF,BUCKO,39.293839,-79.825028, ,0.0,0.0,1,31000,0,0,0,0,0,0
TF,HONNR,39.246275,-79.235808,0, ,0.0,0.0,0.0,0.0,1,26000,0,0,0,0,0,0
TF,ESL,39.225492,-78.989500,0, ,0.0,0.0,0.0,0.0,1,23000,0,0,0,0,0,0
TF,DRUZZ,39.163411,-78.357975,0, ,0.0,0.0,0.0,0.0,1,15000,0,0,0,0,0,0
TF,WEWIL,39.101661,-78.114378,0, ,0.0,0.0,0.0,0.0,2,14000,0,0,0,0,0,0
TF,NEVVR,39.070358,-77.991714,0, ,0.0,0.0,0.0,0.0,2,12000,0,0,0,0,0,0
TF,FORGT,39.035372,-77.855347,0, ,0.0,0.0,0.0,0.0,0,0,0,0,0,0,0,0
TF,SEPII,39.009200,-77.753817,0, ,0.0,0.0,0.0,0.0,1,11000,0,0,0,0,0,0
TF,ALWYZ,38.983517,-77.654594,0, ,0.0,0.0,0.0,0.0,0,0,0,0,0,0,0,0
TF,AML,38.934592,-77.466703,0, ,0.0,0.0,0.0,0.0,1,8000,0,0,0,0,0,0

STAR,NUMMY3,01L,3
IF,AML,38.934592,-77.466703, ,0.0,0.0,1,8000,0,0,0,0,0,0
TF,NUMMY,38.783861,-77.159442,0, ,0.0,0.0,0.0,0.0,1,6000,0,0,0,0,0,1
VM,38.810825,-76.867047,0,187.0,0,0,0,0,0,0,0,0

STAR,NUMMY3,01R,3
IF,AML,38.934592,-77.466703, ,0.0,0.0,1,8000,0,0,0,0,0,0
TF,NUMMY,38.783861,-77.159442,0, ,0.0,0.0,0.0,0.0,1,6000,0,0,0,0,0,1
VM,38.810825,-76.867047,0,187.0,0,0,0,0,0,0,0,0

STAR,NUMMY3,19L,3
IF,AML,38.934592,-77.466703, ,0.0,0.0,1,8000,0,0,0,0,0,0
VM,38.810825,-76.867047,0,70.0,0,0,0,0,0,0,0,0

STAR,NUMMY3,19R,3
IF,AML,38.934592,-77.466703, ,0.0,0.0,1,8000,0,0,0,0,0,0
VM,38.810825,-76.867047,0,70.0,0,0,0,0,0,0,0,0

STAR,SPISY2,LAFLN,4
IF,LAFLN,38.790944,-75.513256, ,0.0,0.0,0,0,0,0,0,0,0,0
TF,HOTTZ,38.781050,-75.664961,0, ,0.0,0.0,0.0,0.0,0,0,0,0,0,0,0,0
TF,BILIT,38.754394,-76.065997,0, ,0.0,0.0,0.0,0.0,0,0,0,0,0,0,0,0
TF,SPISY,38.720747,-76.531897,0, ,0.0,0.0,0.0,0.0,0,0,0,0,0,0,0,0

STAR,SPISY2,01L,6
IF,SPISY,38.720747,-76.531897, ,0.0,0.0,0,0,0,0,0,0,0,0
TF,CAPKO,38.705700,-76.745150,0, ,0.0,0.0,0.0,0.0,0,0,0,0,0,0,0,0
TF,POHIK,38.624847,-76.777947,0, ,0.0,0.0,0.0,0.0,0,0,0,0,0,0,0,0
TF,OPSIE,38.522078,-76.777319,0, ,0.0,0.0,0.0,0.0,0,0,0,0,0,0,0,1
FM,OPSIE,38.522078,-76.777319,0,ADW,0.0,0.0,190.0,0,0,0,0,0,0,0,0

STAR,SPISY2,01R,6
IF,SPISY,38.720747,-76.531897, ,0.0,0.0,0,0,0,0,0,0,0,0
TF,CAPKO,38.705700,-76.745150,0, ,0.0,0.0,0.0,0.0,0,0,0,0,0,0,0,0
TF,POHIK,38.624847,-76.777947,0, ,0.0,0.0,0.0,0.0,0,0,0,0,0,0,0,0
TF,OPSIE,38.522078,-76.777319,0, ,0.0,0.0,0.0,0.0,0,0,0,0,0,0,0,1
FM,OPSIE,38.522078,-76.777319,0,ADW,0.0,0.0,190.0,0,0,0,0,0,0,0,0

STAR,SPISY2,19L,6
IF,SPISY,38.720747,-76.531897, ,0.0,0.0,0,0,0,0,0,0,0,0
TF,DECON,38.824939,-76.653872,0, ,0.0,0.0,0.0,0.0,0,0,0,0,0,0,0,0
TF,REVOE,38.915950,-76.712303,0, ,0.0,0.0,0.0,0.0,0,0,0,0,0,0,0,1
FM,REVOE,38.915950,-76.712303,0,ADW,0.0,0.0,343.0,0,0,0,0,0,0,0,0

STAR,SPISY2,19R,6
IF,SPISY,38.720747,-76.531897, ,0.0,0.0,0,0,0,0,0,0,0,0
TF,DECON,38.824939,-76.653872,0, ,0.0,0.0,0.0,0.0,0,0,0,0,0,0,0,0
TF,REVOE,38.915950,-76.712303,0, ,0.0,0.0,0.0,0.0,0,0,0,0,0,0,0,1
FM,REVOE,38.915950,-76.712303,0,ADW,0.0,0.0,343.0,0,0,0,0,0,0,0,0

STAR,TIKEE4,BBONE,4
IF,BBONE,38.625033,-78.823836, ,0.0,0.0,0,0,0,0,0,0,0,0
TF,LURAY,38.598594,-78.566731,0, ,0.0,0.0,0.0,0.0,0,0,0,0,0,0,0,0
TF,LLBEE,38.585347,-78.426511,0, ,0.0,0.0,0.0,0.0,1,9000,0,0,0,0,0,0
TF,TIKEE,38.618436,-78.248797,0, ,0.0,0.0,0.0,0.0,0,0,0,0,0,0,0,0

STAR,TIKEE4,ESL,4
IF,ESL,39.225492,-78.989500, ,0.0,0.0,1,19000,0,0,0,0,0,0
TF,BBONE,38.625033,-78.823836,0, ,0.0,0.0,0.0,0.0,0,0,0,0,0,0,0,0
TF,LURAY,38.598594,-78.566731,0, ,0.0,0.0,0.0,0.0,0,0,0,0,0,0,0,0
TF,LLBEE,38.585347,-78.426511,0, ,0.0,0.0,0.0,0.0,1,9000,0,0,0,0,0,0
TF,TIKEE,38.618436,-78.248797,0, ,0.0,0.0,0.0,0.0,0,0,0,0,0,0,0,0

STAR,TIKEE4,SEALZ,4
IF,SEALZ,38.423211,-79.290600, ,0.0,0.0,0,0,0,0,0,0,0,0
TF,LLBEE,38.585347,-78.426511,0, ,0.0,0.0,0.0,0.0,1,9000,0,0,0,0,0,0
TF,TIKEE,38.618436,-78.248797,0, ,0.0,0.0,0.0,0.0,0,0,0,0,0,0,0,0

STAR,TIKEE4,ALL,5
IF,TIKEE,38.618436,-78.248797, ,0.0,0.0,0,0,0,0,0,0,0,0
TF,GILFF,38.362461,-77.434828,0, ,0.0,0.0,0.0,0.0,0,0,0,0,0,0,0,0
TF,HIGPO,38.371136,-77.372214,0, ,0.0,0.0,0.0,0.0,0,0,0,0,0,0,0,1
VM,38.810825,-76.867047,0,90.0,0,0,0,0,0,0,0,0

STAR,TRUPS5,HVQ,4
IF,HVQ,38.349675,-81.769914, ,0.0,0.0,0,0,0,0,0,0,0,0
TF,FIMPA,38.315228,-80.766883,0, ,0.0,0.0,0.0,0.0,0,0,0,0,0,0,0,0
TF,DILNN,38.272236,-79.731197,0, ,0.0,0.0,0.0,0.0,0,0,0,0,0,0,0,0
TF,SEALZ,38.423211,-79.290600,0, ,0.0,0.0,0.0,0.0,0,0,0,0,0,0,0,0
TF,RANJR,38.467492,-79.038911,0, ,0.0,0.0,0.0,0.0,4,28000,24000,1,280,0,0,0
TF,JARHD,38.499922,-78.852389,0, ,0.0,0.0,0.0,0.0,4,26000,22000,0,0,0,0,0
TF,PJAAE,38.530933,-78.655650,0, ,0.0,0.0,0.0,0.0,4,23000,21000,0,0,0,0,0
TF,USAAY,38.572142,-78.396342,0, ,0.0,0.0,0.0,0.0,4,21000,17000,1,280,0,0,0
TF,WEEDU,38.598325,-78.245656,0, ,0.0,0.0,0.0,0.0,4,19000,16000,0,0,0,0,0
TF,SUPRT,38.647831,-78.092692,0, ,0.0,0.0,0.0,0.0,4,17000,14000,1,280,0,0,0
TF,OOURR,38.732803,-77.827639,0, ,0.0,0.0,0.0,0.0,3,13000,0,1,250,0,0,0
TF,TRUPS,38.821011,-77.700544,0, ,0.0,0.0,0.0,0.0,1,11000,0,1,250,0,0,0

STAR,TRUPS5,SITTR,4
IF,SITTR,37.780314,-81.123250, ,0.0,0.0,0,0,0,0,0,0,0,0
TF,POMYK,37.880817,-80.839067,0, ,0.0,0.0,0.0,0.0,0,0,0,0,0,0,0,0
TF,DEBZZ,38.087197,-80.255014,0, ,0.0,0.0,0.0,0.0,0,0,0,0,0,0,0,0
TF,DILNN,38.272236,-79.731197,0, ,0.0,0.0,0.0,0.0,0,0,0,0,0,0,0,0
TF,SEALZ,38.423211,-79.290600,0, ,0.0,0.0,0.0,0.0,0,0,0,0,0,0,0,0
TF,RANJR,38.467492,-79.038911,0, ,0.0,0.0,0.0,0.0,4,28000,24000,1,280,0,0,0
TF,JARHD,38.499922,-78.852389,0, ,0.0,0.0,0.0,0.0,4,26000,22000,0,0,0,0,0
TF,PJAAE,38.530933,-78.655650,0, ,0.0,0.0,0.0,0.0,4,23000,21000,0,0,0,0,0
TF,USAAY,38.572142,-78.396342,0, ,0.0,0.0,0.0,0.0,4,21000,17000,1,280,0,0,0
TF,WEEDU,38.598325,-78.245656,0, ,0.0,0.0,0.0,0.0,4,19000,16000,0,0,0,0,0
TF,SUPRT,38.647831,-78.092692,0, ,0.0,0.0,0.0,0.0,4,17000,14000,1,280,0,0,0
TF,OOURR,38.732803,-77.827639,0, ,0.0,0.0,0.0,0.0,3,13000,0,1,250,0,0,0
TF,TRUPS,38.821011,-77.700544,0, ,0.0,0.0,0.0,0.0,1,11000,0,1,250,0,0,0

STAR,TRUPS5,01L,6
IF,TRUPS,38.821011,-77.700544, ,0.0,0.0,1,11000,0,1,250,0,0,0
TF,LETZZ,38.911767,-77.450667,0, ,0.0,0.0,0.0,0.0,1,8000,0,0,0,0,0,0
TF,RLLLL,38.848642,-77.305619,0, ,0.0,0.0,0.0,0.0,1,6000,0,1,250,0,0,0
TF,VCTRY,38.762119,-77.113689,0, ,0.0,0.0,0.0,0.0,0,0,0,0,0,0,0,0
TF,HEROO,38.627061,-77.106186,0, ,0.0,0.0,0.0,0.0,0,0,0,0,0,0,0,1
FM,HEROO,38.627061,-77.106186,0,BAL,0.0,0.0,189.0,0,0,0,0,0,0,0,0

STAR,TRUPS5,01R,6
IF,TRUPS,38.821011,-77.700544, ,0.0,0.0,1,11000,0,1,250,0,0,0
TF,LETZZ,38.911767,-77.450667,0, ,0.0,0.0,0.0,0.0,1,8000,0,0,0,0,0,0
TF,RLLLL,38.848642,-77.305619,0, ,0.0,0.0,0.0,0.0,1,6000,0,1,250,0,0,0
TF,VCTRY,38.762119,-77.113689,0, ,0.0,0.0,0.0,0.0,0,0,0,0,0,0,0,0
TF,HEROO,38.627061,-77.106186,0, ,0.0,0.0,0.0,0.0,0,0,0,0,0,0,0,1
FM,HEROO,38.627061,-77.106186,0,BAL,0.0,0.0,189.0,0,0,0,0,0,0,0,0

STAR,TRUPS5,19L,6
IF,TRUPS,38.821011,-77.700544, ,0.0,0.0,1,11000,0,1,250,0,0,0
TF,FRDMM,38.942928,-77.517053,0, ,0.0,0.0,0.0,0.0,1,8000,0,1,240,0,0,0
TF,STAND,39.004492,-77.332733,0, ,0.0,0.0,0.0,0.0,0,0,0,0,0,0,0,0

STAR,TRUPS5,19R,6
IF,TRUPS,38.821011,-77.700544, ,0.0,0.0,1,11000,0,1,250,0,0,0
TF,FRDMM,38.942928,-77.517053,0, ,0.0,0.0,0.0,0.0,1,8000,0,1,240,0,0,0
TF,STAND,39.004492,-77.332733,0, ,0.0,0.0,0.0,0.0,0,0,0,0,0,0,0,0

STAR,VUDOO2,BEEVR,4
IF,BEEVR,37.988544,-77.122383, ,0.0,0.0,3,12000,0,0,0,0,0,0
TF,TRUKK,38.093047,-76.801861,0, ,0.0,0.0,0.0,0.0,0,0,0,0,0,0,0,0
TF,VUDOO,38.225089,-76.682664,0, ,0.0,0.0,0.0,0.0,1,9000,0,0,0,0,0,0

STAR,VUDOO2,CIBAC,4
IF,CIBAC,37.524683,-76.700272, ,0.0,0.0,0,0,0,0,0,0,0,0
TF,VIIPR,37.953722,-76.701986,0, ,0.0,0.0,0.0,0.0,0,0,0,0,0,0,0,0
TF,VUDOO,38.225089,-76.682664,0, ,0.0,0.0,0.0,0.0,1,9000,0,0,0,0,0,0

STAR,VUDOO2,THHMP,4
IF,THHMP,37.491519,-77.319097, ,0.0,0.0,0,0,0,0,0,0,0,0
TF,HANKC,37.752550,-77.250728,0, ,0.0,0.0,0.0,0.0,0,0,0,0,0,0,0,0
TF,GOLOE,37.907519,-77.176803,0, ,0.0,0.0,0.0,0.0,2,13000,0,0,0,0,0,0
TF,BEEVR,37.988544,-77.122383,0, ,0.0,0.0,0.0,0.0,3,12000,0,0,0,0,0,0
TF,TRUKK,38.093047,-76.801861,0, ,0.0,0.0,0.0,0.0,0,0,0,0,0,0,0,0
TF,VUDOO,38.225089,-76.682664,0, ,0.0,0.0,0.0,0.0,1,9000,0,0,0,0,0,0

STAR,VUDOO2,01L,6
IF,VUDOO,38.225089,-76.682664, ,0.0,0.0,1,9000,0,0,0,0,0,0
TF,FUNNY,38.361956,-76.753178,0, ,0.0,0.0,0.0,0.0,1,8000,0,0,0,0,0,1
FM,FUNNY,38.361956,-76.753178,0,ADW,0.0,0.0,348.0,0,0,0,0,0,0,0,0

STAR,VUDOO2,01R,6
IF,VUDOO,38.225089,-76.682664, ,0.0,0.0,1,9000,0,0,0,0,0,0
TF,FUNNY,38.361956,-76.753178,0, ,0.0,0.0,0.0,0.0,1,8000,0,0,0,0,0,1
FM,FUNNY,38.361956,-76.753178,0,ADW,0.0,0.0,348.0,0,0,0,0,0,0,0,0

STAR,VUDOO2,19L,6
IF,VUDOO,38.225089,-76.682664, ,0.0,0.0,1,9000,0,0,0,0,0,0
TF,BEDLE,38.476572,-76.624244,0, ,0.0,0.0,0.0,0.0,1,8000,0,0,0,0,0,0
TF,HOLIO,38.664681,-76.640206,0, ,0.0,0.0,0.0,0.0,1,5000,0,0,0,0,0,0
TF,DECON,38.824939,-76.653872,0, ,0.0,0.0,0.0,0.0,0,0,0,0,0,0,0,0
TF,REVOE,38.915950,-76.712303,0, ,0.0,0.0,0.0,0.0,0,0,0,0,0,0,0,1
FM,REVOE,38.915950,-76.712303,0,ADW,0.0,0.0,343.0,0,0,0,0,0,0,0,0

STAR,VUDOO2,19R,6
IF,VUDOO,38.225089,-76.682664, ,0.0,0.0,1,9000,0,0,0,0,0,0
TF,BEDLE,38.476572,-76.624244,0, ,0.0,0.0,0.0,0.0,1,8000,0,0,0,0,0,0
TF,HOLIO,38.664681,-76.640206,0, ,0.0,0.0,0.0,0.0,1,5000,0,0,0,0,0,0
TF,DECON,38.824939,-76.653872,0, ,0.0,0.0,0.0,0.0,0,0,0,0,0,0,0,0
TF,REVOE,38.915950,-76.712303,0, ,0.0,0.0,0.0,0.0,0,0,0,0,0,0,0,1
FM,REVOE,38.915950,-76.712303,0,ADW,0.0,0.0,343.0,0,0,0,0,0,0,0,0

APPTR,I01L,01L,BAL
IF,BAL,39.171064,-76.661256, ,0.0,0.0,2,2500,0,0,0,0,0,0
TF,PREZZ,38.590422,-76.869950,0, ,0.0,0.0,0.0,0.0,2,2500,0,0,0,0,0,0
HF,PREZZ,38.590422,-76.869950,2, ,0.0,0.0,10.0,04.3,2,2500,0,1,230,0,1,0,0

APPTR,I01L,01L,DCA
IF,DCA,38.859453,-77.036436, ,0.0,0.0,2,2500,0,0,0,0,0,0
TF,PREZZ,38.590422,-76.869950,0, ,0.0,0.0,0.0,0.0,2,2500,0,0,0,0,0,0
HF,PREZZ,38.590422,-76.869950,2, ,0.0,0.0,10.0,04.3,2,2500,0,1,230,0,1,0,0

FINAL,I01L,01L,I,3
IF,PREZZ,38.590422,-76.869950,IRWS,189.9,14.2,2,2500,0,0,0,0,0,0
CF,FAWKS,38.709189,-76.870319,0,IRWS,189.9,7.1,10.0,7.1,1,2000,0,0,0,0,2,0
CF,RW01L,38.797708,-76.870594,0,IRWS,189.9,1.8,10.0,5.3,1,310,0,0,0,0,3,0
CA,0,10.0,2,680,0,0,0,0,0,0
CF,EGUDE,39.024117,-76.871303,0,ADW,9.0,13.0,9.0,13.0,2,2500,0,0,0,0,0,0
HM,EGUDE,39.024117,-76.871303,1, ,0.0,0.0,189.0,04.3,3,4000,0,1,230,0,0,0,0

APPTR,I01R,01R,DCA
IF,DCA,38.859453,-77.036436, ,0.0,0.0,2,2500,0,0,0,0,0,0
TF,BRINE,38.607036,-76.863031,0, ,0.0,0.0,0.0,0.0,2,2500,0,0,0,0,0,0
HF,BRINE,38.607036,-76.863031,2, ,0.0,0.0,10.0,04.3,2,2500,0,1,230,0,1,0,0

FINAL,I01R,01R,I,3
IF,BRINE,38.607036,-76.863031,IVJM,189.9,13.2,2,2500,0,0,0,0,0,0
CF,GREEF,38.719089,-76.863353,0,IVJM,189.9,6.5,10.0,6.7,1,1800,0,0,0,0,2,0
CF,RW01R,38.797744,-76.863581,0,IVJM,189.9,1.8,10.0,4.7,1,299,0,0,0,0,3,0
CA,0,10.0,2,680,0,0,0,0,0,0
CF,HULVI,39.024089,-76.864239,0,ADW,10.4,13.0,10.0,12.6,2,2500,0,0,0,0,0,0
HM,HULVI,39.024089,-76.864239,1, ,0.0,0.0,190.0,04.3,3,4000,0,1,230,0,0,0,0

APPTR,I19L,19L,HULVI
HF,HULVI,39.024089,-76.864239,1, ,0.0,0.0,190.0,04.3,2,2500,0,1,230,0,1,0,0

FINAL,I19L,19L,I,3
IF,HULVI,39.024089,-76.864239,IGQZ,9.9,13.7,2,2500,0,0,0,0,0,0
CF,BEEMR,38.911867,-76.863911,0,IGQZ,9.9,7.0,190.0,6.7,1,2000,0,0,0,0,2,0
CF,RW19L,38.824531,-76.863658,0,IGQZ,9.9,1.8,190.0,5.2,1,333,0,0,0,0,3,0
CA,0,190.0,2,680,0,0,0,0,0,0
CF,BRINE,38.607036,-76.863031,0,ADW,189.3,12.0,189.0,12.0,2,2500,0,0,0,0,0,0
HM,BRINE,38.607036,-76.863031,2, ,0.0,0.0,9.0,04.3,3,4000,0,1,230,0,0,0,0

APPTR,I19R,19R,EGUDE
HF,EGUDE,39.024117,-76.871303,1, ,0.0,0.0,190.0,04.3,2,2500,0,1,230,0,1,0,0

FINAL,I19R,19R,I,3
IF,EGUDE,39.024117,-76.871303,IMXK,9.9,13.8,2,2500,0,0,0,0,0,0
CF,PUFFE,38.910833,-76.870947,0,IMXK,9.9,7.1,190.0,6.8,1,2000,0,0,0,0,2,0
CF,RW19R,38.823289,-76.870675,0,IMXK,9.9,1.8,190.0,5.2,1,329,0,0,0,0,3,0
CA,0,190.0,2,680,0,0,0,0,0,0
CF,PREZZ,38.590422,-76.869950,0,ADW,190.8,13.0,191.0,13.0,2,2500,0,0,0,0,0,0
HM,PREZZ,38.590422,-76.869950,2, ,0.0,0.0,11.0,04.3,3,4000,0,1,230,0,0,0,0

APPTR,R01LA,01L,GRAVZ
HF,GRAVZ,38.665519,-76.685694,2, ,0.0,0.0,325.0,04,2,2500,0,1,230,0,1,0,0

FINAL,R01LA,01L,R,3
IF,GRAVZ,38.665519,-76.685694, ,0.0,0.0,2,2500,0,0,0,0,0,0
TF,JIMES,38.736406,-76.775886,0, ,0.0,0.0,325.0,6.0,2,1500,0,0,0,0,2,0
TF,JOLOS,38.789522,-76.843647,0, ,0.0,0.0,325.0,4.5,1,840,0,0,0,0,3,1
CA,0,325.0,2,840,0,0,0,0,0,0
DF,JUVUT,39.006792,-76.846125,2, ,0.0,0.0,2,2500,0,0,0,0,0,1
HM,JUVUT,39.006792,-76.846125,1, ,0.0,0.0,195.0,04,3,5000,0,1,230,0,0,0,0

APPTR,R01LY,01L,EDDGY
IF,EDDGY,38.806031,-76.781469, ,0.0,0.0,2,4000,0,0,0,0,1,0
TF,OVAAL,38.596478,-76.748078,0, ,0.0,0.0,0.0,0.0,2,2500,0,1,210,0,0,0
RF,PREZZ,38.590422,-76.869950,2,CFQRL,169.3,2.9,2,2500,0,0,0,0,1,0

APPTR,R01LY,01L,FUNNY
IF,FUNNY,38.361956,-76.753178, ,0.0,0.0,1,8000,0,0,0,0,1,0
TF,PREZZ,38.590422,-76.869950,0, ,0.0,0.0,0.0,0.0,2,2500,0,0,0,0,1,0

APPTR,R01LY,01L,SPISY
IF,SPISY,38.720747,-76.531897, ,0.0,0.0,0,0,0,0,0,0,1,0
TF,OFICE,38.547986,-76.726208,0, ,0.0,0.0,0.0,0.0,2,2500,0,1,210,0,0,0
RF,PREZZ,38.590422,-76.869950,2,CFGXR,280.5,3.9,2,2500,0,0,0,0,1,0

APPTR,R01LY,01L,VEEPP
IF,VEEPP,38.588867,-77.031867, ,0.0,0.0,2,2500,0,0,0,0,1,0
TF,PREZZ,38.590422,-76.869950,0, ,0.0,0.0,0.0,0.0,2,2500,0,0,0,0,1,0

FINAL,R01LY,01L,R,3
IF,PREZZ,38.590422,-76.869950, ,0.0,0.0,2,2500,0,0,0,0,0,0
TF,FAWKS,38.709189,-76.870319,0, ,0.0,0.0,10.0,7.1,2,2000,0,0,0,0,2,0
TF,RW01L,38.797708,-76.870594,0, ,0.0,0.0,10.0,5.3,1,310,0,0,0,0,3,1
TF,EGUDE,39.024117,-76.871303,0, ,0.0,0.0,0.0,0.0,2,2500,0,0,0,0,0,1
HM,EGUDE,39.024117,-76.871303,1, ,0.0,0.0,190.0,04,3,4000,0,1,230,0,0,0,0

APPTR,R01LZ,01L,IRONS
IF,IRONS,38.531100,-77.106094, ,0.0,0.0,2,2500,0,0,0,0,1,0
TF,PREZZ,38.590422,-76.869950,0, ,0.0,0.0,0.0,0.0,2,2500,0,0,0,0,1,0

APPTR,R01LZ,01L,JUDED
IF,JUDED,38.519208,-76.719775, ,0.0,0.0,2,2500,0,0,0,0,1,0
TF,PREZZ,38.590422,-76.869950,0, ,0.0,0.0,0.0,0.0,2,2500,0,0,0,0,1,0

APPTR,R01LZ,01L,PREZZ
IF,PREZZ,38.590422,-76.869950, ,0.0,0.0,3,4000,0,0,0,0,1,0
HF,PREZZ,38.590422,-76.869950,2, ,0.0,0.0,10.0,04,2,2500,0,1,230,0,0,0,0

APPTR,R01LZ,01L,SABBI
IF,SABBI,38.381886,-77.137542, ,0.0,0.0,2,2500,0,0,0,0,1,0
TF,PREZZ,38.590422,-76.869950,0, ,0.0,0.0,0.0,0.0,2,2500,0,0,0,0,1,0

APPTR,R01LZ,01L,WHINO
IF,WHINO,38.409708,-76.705186, ,0.0,0.0,2,2500,0,0,0,0,1,0
TF,PREZZ,38.590422,-76.869950,0, ,0.0,0.0,0.0,0.0,2,2500,0,0,0,0,1,0

FINAL,R01LZ,01L,R,3
IF,PREZZ,38.590422,-76.869950, ,0.0,0.0,2,2500,0,0,0,0,0,0
TF,FAWKS,38.709189,-76.870319,0, ,0.0,0.0,10.0,7.1,2,2000,0,0,0,0,2,0
TF,RW01L,38.797708,-76.870594,0, ,0.0,0.0,10.0,5.3,1,311,0,0,0,0,3,1
CA,0,10.0,2,680,0,0,0,0,0,0
DF,EGUDE,39.024117,-76.871303,0, ,0.0,0.0,2,2500,0,0,0,0,0,1
HM,EGUDE,39.024117,-76.871303,1, ,0.0,0.0,190.0,04,3,4000,0,1,230,0,0,0,0

APPTR,R01R,01R,BRINE
HF,BRINE,38.607036,-76.863031,2, ,0.0,0.0,10.0,04,2,2500,0,1,230,0,1,0,0

APPTR,R01R,01R,HUBAS
IF,HUBAS,38.556239,-76.698531, ,0.0,0.0,2,2500,0,0,0,0,1,0
TF,BRINE,38.607036,-76.863031,0, ,0.0,0.0,0.0,0.0,2,2500,0,0,0,0,1,0

APPTR,R01R,01R,IRONS
IF,IRONS,38.531100,-77.106094, ,0.0,0.0,2,2500,0,0,0,0,1,0
TF,BRINE,38.607036,-76.863031,0, ,0.0,0.0,0.0,0.0,2,2500,0,0,0,0,1,0

APPTR,R01R,01R,SABBI
IF,SABBI,38.381886,-77.137542, ,0.0,0.0,2,2500,0,0,0,0,1,0
TF,BRINE,38.607036,-76.863031,0, ,0.0,0.0,0.0,0.0,2,2500,0,0,0,0,1,0

APPTR,R01R,01R,WHINO
IF,WHINO,38.409708,-76.705186, ,0.0,0.0,2,2500,0,0,0,0,1,0
TF,BRINE,38.607036,-76.863031,0, ,0.0,0.0,0.0,0.0,2,2500,0,0,0,0,1,0

FINAL,R01R,01R,R,4
IF,BRINE,38.607036,-76.863031, ,0.0,0.0,2,2500,0,0,0,0,0,0
TF,GREEF,38.719089,-76.863353,0, ,0.0,0.0,10.0,6.7,2,1800,0,0,0,0,2,0
TF,WIPAG,38.762211,-76.863478,0, ,0.0,0.0,10.0,2.6,2,960,0,0,0,0,0,0
TF,RW01R,38.797744,-76.863581,0, ,0.0,0.0,10.0,2.1,1,299,0,0,0,0,3,1
CA,0,10.0,2,660,0,0,0,0,0,0
DF,HULVI,39.024089,-76.864239,0, ,0.0,0.0,2,2500,0,0,0,0,0,1
HM,HULVI,39.024089,-76.864239,1, ,0.0,0.0,190.0,04,3,4000,0,1,230,0,0,0,0

APPTR,R01RA,01R,GRAVZ
HF,GRAVZ,38.665519,-76.685694,2, ,0.0,0.0,325.0,04,2,2500,0,1,230,0,1,0,0

FINAL,R01RA,01R,R,3
IF,GRAVZ,38.665519,-76.685694, ,0.0,0.0,2,2500,0,0,0,0,0,0
TF,JIMES,38.736406,-76.775886,0, ,0.0,0.0,325.0,6.0,2,1500,0,0,0,0,2,0
TF,JOLOS,38.789522,-76.843647,0, ,0.0,0.0,325.0,4.5,1,840,0,0,0,0,3,1
CA,0,325.0,2,840,0,0,0,0,0,0
DF,JUVUT,39.006792,-76.846125,2, ,0.0,0.0,2,2500,0,0,0,0,0,1
HM,JUVUT,39.006792,-76.846125,1, ,0.0,0.0,195.0,04,3,5000,0,1,230,0,0,0,0

APPTR,R19L,19L,GEEMO
IF,GEEMO,39.049739,-76.509814, ,0.0,0.0,2,2500,0,0,0,0,1,0
TF,HULVI,39.024089,-76.864239,0, ,0.0,0.0,0.0,0.0,2,2500,0,0,0,0,1,0

APPTR,R19L,19L,HULVI
IF,HULVI,39.024089,-76.864239, ,0.0,0.0,3,4000,0,0,0,0,1,0
HF,HULVI,39.024089,-76.864239,1, ,0.0,0.0,190.0,04,2,2500,0,1,230,0,0,0,0

APPTR,R19L,19L,OASES
IF,OASES,39.107486,-76.985722, ,0.0,0.0,2,2500,0,0,0,0,1,0
TF,HULVI,39.024089,-76.864239,0, ,0.0,0.0,0.0,0.0,2,2500,0,0,0,0,1,0

APPTR,R19L,19L,YOKUM
IF,YOKUM,39.139656,-76.756108, ,0.0,0.0,2,2500,0,0,0,0,1,0
TF,HULVI,39.024089,-76.864239,0, ,0.0,0.0,0.0,0.0,2,2500,0,0,0,0,1,0

FINAL,R19L,19L,R,3
IF,HULVI,39.024089,-76.864239, ,0.0,0.0,2,2500,0,0,0,0,0,0
TF,BEEMR,38.911867,-76.863911,0, ,0.0,0.0,190.0,6.7,2,2000,0,0,0,0,2,0
TF,RW19L,38.824531,-76.863658,0, ,0.0,0.0,190.0,5.2,1,333,0,0,0,0,3,1
CA,0,190.0,2,680,0,0,0,0,0,0
DF,BRINE,38.607036,-76.863031,0, ,0.0,0.0,2,2500,0,0,0,0,0,1
HM,BRINE,38.607036,-76.863031,2, ,0.0,0.0,10.0,04,3,4000,0,1,230,0,0,0,0

APPTR,R19LA,19L,GRAVZ
HF,GRAVZ,38.665519,-76.685694,2, ,0.0,0.0,325.0,04,2,2500,0,1,230,0,1,0,0

FINAL,R19LA,19L,R,3
IF,GRAVZ,38.665519,-76.685694, ,0.0,0.0,2,2500,0,0,0,0,0,0
TF,JIMES,38.736406,-76.775886,0, ,0.0,0.0,325.0,6.0,2,1500,0,0,0,0,2,0
TF,JOLOS,38.789522,-76.843647,0, ,0.0,0.0,325.0,4.5,1,840,0,0,0,0,3,1
CA,0,325.0,2,840,0,0,0,0,0,0
DF,JUVUT,39.006792,-76.846125,2, ,0.0,0.0,2,2500,0,0,0,0,0,1
HM,JUVUT,39.006792,-76.846125,1, ,0.0,0.0,195.0,04,3,5000,0,1,230,0,0,0,0

APPTR,R19R,19R,EGUDE
IF,EGUDE,39.024117,-76.871303, ,0.0,0.0,3,4000,0,0,0,0,1,0
HF,EGUDE,39.024117,-76.871303,1, ,0.0,0.0,190.0,04,2,2500,0,1,230,0,0,0,0

APPTR,R19R,19R,GEEMO
IF,GEEMO,39.049739,-76.509814, ,0.0,0.0,2,2500,0,0,0,0,1,0
TF,EGUDE,39.024117,-76.871303,0, ,0.0,0.0,0.0,0.0,2,2500,0,0,0,0,1,0

APPTR,R19R,19R,OASES
IF,OASES,39.107486,-76.985722, ,0.0,0.0,2,2500,0,0,0,0,1,0
TF,EGUDE,39.024117,-76.871303,0, ,0.0,0.0,0.0,0.0,2,2500,0,0,0,0,1,0

APPTR,R19R,19R,YOKUM
IF,YOKUM,39.139656,-76.756108, ,0.0,0.0,2,2500,0,0,0,0,1,0
TF,EGUDE,39.024117,-76.871303,0, ,0.0,0.0,0.0,0.0,2,2500,0,0,0,0,1,0

FINAL,R19R,19R,R,3
IF,EGUDE,39.024117,-76.871303, ,0.0,0.0,2,2500,0,0,0,0,0,0
TF,PUFFE,38.910833,-76.870947,0, ,0.0,0.0,190.0,6.8,2,2000,0,0,0,0,2,0
TF,RW19R,38.823289,-76.870675,0, ,0.0,0.0,190.0,5.3,1,329,0,0,0,0,3,1
CA,0,190.0,2,680,0,0,0,0,0,0
DF,PREZZ,38.590422,-76.869950,0, ,0.0,0.0,2,2500,0,0,0,0,0,1
HM,PREZZ,38.590422,-76.869950,2, ,0.0,0.0,10.0,04,3,4000,0,1,230,0,0,0,0

APPTR,R19RA,19R,GRAVZ
HF,GRAVZ,38.665519,-76.685694,2, ,0.0,0.0,325.0,04,2,2500,0,1,230,0,1,0,0

FINAL,R19RA,19R,R,3
IF,GRAVZ,38.665519,-76.685694, ,0.0,0.0,2,2500,0,0,0,0,0,0
TF,JIMES,38.736406,-76.775886,0, ,0.0,0.0,325.0,6.0,2,1500,0,0,0,0,2,0
TF,JOLOS,38.789522,-76.843647,0, ,0.0,0.0,325.0,4.5,1,840,0,0,0,0,3,1
CA,0,325.0,2,840,0,0,0,0,0,0
DF,JUVUT,39.006792,-76.846125,2, ,0.0,0.0,2,2500,0,0,0,0,0,1
HM,JUVUT,39.006792,-76.846125,1, ,0.0,0.0,195.0,04,3,5000,0,1,230,0,0,0,0

APPTR,T01L,01L,NALEE
HF,NALEE,38.610539,-76.913936,2, ,0.0,0.0,21.0,04.3,2,2500,0,1,230,0,1,0,0

FINAL,T01L,01L,D,3
IF,NALEE,38.610539,-76.913936,ADW,200.8,12.0,2,2500,0,0,0,0,0,0
CF,MUDAE,38.708881,-76.890128,0,ADW,200.8,6.0,21.0,6.0,2,2000,0,0,0,0,2,0
CF,COSUR,38.794108,-76.869442,0,ADW,200.8,0.8,21.0,5.2,1,391,0,0,0,0,3,0
CF,MOTRE,39.005389,-76.902583,0,ADW,1.9,12.0,2.0,12.8,2,2500,0,0,0,0,0,0
HM,MOTRE,39.005389,-76.902583,1, ,0.0,0.0,182.0,04.3,3,5000,0,1,230,0,0,0,0

APPTR,T01R,01R,DOKME
HF,DOKME,38.608425,-76.836044,2, ,0.0,0.0,3.0,04.3,2,2500,0,1,230,0,1,0,0

FINAL,T01R,01R,D,3
IF,DOKME,38.608425,-76.836044,ADW,183.2,12.0,2,2500,0,0,0,0,0,0
CF,BAFIL,38.724392,-76.853647,0,ADW,183.2,5.0,3.0,7.0,2,1700,0,0,0,0,2,0
CF,MOPDE,38.795622,-76.864489,0,ADW,183.2,0.7,3.0,4.3,1,351,0,0,0,0,3,0
CF,JUVUT,39.006792,-76.846125,0,ADW,14.5,12.0,15.0,12.7,2,2500,0,0,0,0,0,0
HM,JUVUT,39.006792,-76.846125,1, ,0.0,0.0,195.0,04.3,3,5000,0,1,230,0,0,0,0

APPTR,T19L,19L,JUVUT
HF,JUVUT,39.006792,-76.846125,1, ,0.0,0.0,195.0,04.3,2,2500,0,1,230,0,1,0,0

FINAL,T19L,19L,D,3
IF,JUVUT,39.006792,-76.846125,ADW,14.5,12.0,2,2500,0,0,0,0,0,0
CF,HOPEE,38.890375,-76.857881,0,ADW,14.5,5.0,195.0,7.0,2,1600,0,0,0,0,2,0
CF,ISILE,38.828842,-76.864081,0,ADW,14.5,1.3,195.0,3.7,1,416,0,0,0,0,3,0
CF,DOKME,38.608425,-76.836044,0,ADW,183.2,12.0,183.0,13.3,2,2500,0,0,0,0,0,0
HM,DOKME,38.608425,-76.836044,2, ,0.0,0.0,3.0,04.3,3,5000,0,1,230,0,0,0,0

APPTR,T19R,19R,MOTRE
HF,MOTRE,39.005389,-76.902583,1, ,0.0,0.0,182.0,04.3,2,2500,0,1,230,0,1,0,0

FINAL,T19R,19R,D,4
IF,MOTRE,39.005389,-76.902583,ADW,1.9,12.0,2,2500,0,0,0,0,0,0
CF,MILBE,38.906306,-76.884394,0,ADW,1.9,6.0,182.0,6.0,2,2000,0,0,0,0,2,0
CF,JUMPE,38.855111,-76.875017,0,ADW,1.9,2.9,182.0,3.1,2,960,0,0,0,0,0,0
CF,BIMKE,38.827036,-76.869881,0,ADW,1.9,1.2,182.0,1.7,1,417,0,0,0,0,3,0
CF,NALEE,38.610539,-76.913936,0,ADW,200.8,12.0,201.0,13.1,2,2500,0,0,0,0,0,0
HM,NALEE,38.610539,-76.913936,2, ,0.0,0.0,21.0,04.3,3,5000,0,1,230,0,0,0,0

