APPTR,R04,04,SURDY
HF,SURDY,38.461003,-87.884336,2, ,0.0,0.0,43.0,04,2,2500,0,0,0,0,1,0,0

FINAL,R04,04,R,4
IF,SURDY,38.461003,-87.884336, ,0.0,0.0,2,2500,0,0,0,0,0,0
TF,POLNE,38.538142,-87.799964,0, ,0.0,0.0,43.0,6.1,2,2100,0,0,0,0,2,0
TF,QUIRE,38.569164,-87.765964,0, ,0.0,0.0,43.0,2.5,2,1300,0,0,0,0,0,0
TF,RW04,38.602031,-87.729897,0, ,0.0,0.0,43.0,2.6,1,468,0,0,0,0,3,1
CA,0,43.0,2,829,0,0,0,0,0,0
DF,RUOFF,38.751144,-87.565672,0, ,0.0,0.0,2,2500,0,0,0,0,0,1
HM,RUOFF,38.751144,-87.565672,2, ,0.0,0.0,223.0,04,0,0,0,0,0,0,0,0,0

APPTR,R22,22,LISLE
IF,LISLE,39.058669,-87.356289, ,0.0,0.0,0,0,0,0,0,0,1,0
TF,RUOFF,38.751144,-87.565672,0, ,0.0,0.0,0.0,0.0,2,2500,0,0,0,0,1,0

APPTR,R22,22,RUOFF
HF,RUOFF,38.751144,-87.565672,2, ,0.0,0.0,223.0,04,2,2500,0,0,0,0,1,0,0

FINAL,R22,22,R,4
IF,RUOFF,38.751144,-87.565672, ,0.0,0.0,2,2500,0,0,0,0,0,0
TF,HEGSI,38.674178,-87.650556,0, ,0.0,0.0,223.0,6.1,2,2100,0,0,0,0,2,0
TF,ZALRA,38.643197,-87.684653,0, ,0.0,0.0,223.0,2.5,2,1300,0,0,0,0,0,0
TF,RW22,38.610347,-87.720764,0, ,0.0,0.0,223.0,2.6,1,469,0,0,0,0,3,1
CA,0,223.0,2,679,0,0,0,0,0,0
DF,SURDY,38.461003,-87.884336,0, ,0.0,0.0,2,2500,0,0,0,0,0,1
HM,SURDY,38.461003,-87.884336,2, ,0.0,0.0,43.0,04,0,0,0,0,0,0,0,0,0

APPTR,R31,31,CLOWN
IF,CLOWN,38.522617,-87.332197, ,0.0,0.0,0,0,0,0,0,0,1,0
TF,NIYRI,38.481389,-87.542811,0, ,0.0,0.0,0.0,0.0,2,2500,0,0,0,0,1,0

APPTR,R31,31,NIYRI
HF,NIYRI,38.481389,-87.542811,2, ,0.0,0.0,313.0,04,2,2500,0,0,0,0,1,0,0

APPTR,R31,31,PRINC
IF,PRINC,38.329203,-87.616436, ,0.0,0.0,0,0,0,0,0,0,1,0
TF,NIYRI,38.481389,-87.542811,0, ,0.0,0.0,0.0,0.0,2,2500,0,0,0,0,1,0

FINAL,R31,31,R,3
IF,NIYRI,38.481389,-87.542811, ,0.0,0.0,2,2500,0,0,0,0,0,0
TF,JIPGA,38.547969,-87.640911,0, ,0.0,0.0,313.0,6.1,2,2100,0,0,0,0,2,0
TF,RW31,38.602822,-87.721961,0, ,0.0,0.0,313.0,5.0,1,474,0,0,0,0,3,1
CA,0,313.0,2,829,0,0,0,0,0,0
DF,NIYRI,38.481389,-87.542811,1, ,0.0,0.0,2,2500,0,0,0,0,0,1
HM,NIYRI,38.481389,-87.542811,2, ,0.0,0.0,313.0,04,0,0,0,0,0,0,0,0,0

