SID,GATWY1,ALL,2
IF,TWILA,38.787100,-89.552522, ,0.0,0.0,0,0,0,0,0,0,0,0

SID,GATWY1,BIB,3
IF,TWILA,38.787100,-89.552522, ,0.0,0.0,0,0,0,0,0,0,0,0
TF,JIGSY,38.842225,-89.119725,0, ,0.0,0.0,0.0,0.0,0,0,0,0,0,0,0,0
TF,BIB,38.920344,-88.481806,0, ,0.0,0.0,0.0,0.0,0,0,0,0,0,0,0,0

SID,GATWY1,CREEP,3
IF,TWILA,38.787100,-89.552522, ,0.0,0.0,0,0,0,0,0,0,0,0
TF,JIGSY,38.842225,-89.119725,0, ,0.0,0.0,0.0,0.0,0,0,0,0,0,0,0,0
TF,BIB,38.920344,-88.481806,0, ,0.0,0.0,0.0,0.0,0,0,0,0,0,0,0,0
TF,WORKE,39.117486,-87.773669,0, ,0.0,0.0,0.0,0.0,0,0,0,0,0,0,0,0
TF,KELLY,39.413678,-86.671372,0, ,0.0,0.0,0.0,0.0,0,0,0,0,0,0,0,0
TF,SHB,39.632542,-85.824317,0, ,0.0,0.0,0.0,0.0,0,0,0,0,0,0,0,0
TF,CREEP,39.920911,-84.308725,0, ,0.0,0.0,0.0,0.0,0,0,0,0,0,0,0,0

SID,GATWY1,JIGSY,3
IF,TWILA,38.787100,-89.552522, ,0.0,0.0,0,0,0,0,0,0,0,0
TF,JIGSY,38.842225,-89.119725,0, ,0.0,0.0,0.0,0.0,0,0,0,0,0,0,0,0

SID,GATWY1,ROD,3
IF,TWILA,38.787100,-89.552522, ,0.0,0.0,0,0,0,0,0,0,0,0
TF,JIGSY,38.842225,-89.119725,0, ,0.0,0.0,0.0,0.0,0,0,0,0,0,0,0,0
TF,BIB,38.920344,-88.481806,0, ,0.0,0.0,0.0,0.0,0,0,0,0,0,0,0,0
TF,WORKE,39.117486,-87.773669,0, ,0.0,0.0,0.0,0.0,0,0,0,0,0,0,0,0
TF,KELLY,39.413678,-86.671372,0, ,0.0,0.0,0.0,0.0,0,0,0,0,0,0,0,0
TF,SHB,39.632542,-85.824317,0, ,0.0,0.0,0.0,0.0,0,0,0,0,0,0,0,0
TF,ROD,40.287800,-84.043097,0, ,0.0,0.0,0.0,0.0,0,0,0,0,0,0,0,0

SID,GATWY1,VHP,3
IF,TWILA,38.787100,-89.552522, ,0.0,0.0,0,0,0,0,0,0,0,0
TF,JIGSY,38.842225,-89.119725,0, ,0.0,0.0,0.0,0.0,0,0,0,0,0,0,0,0
TF,BIB,38.920344,-88.481806,0, ,0.0,0.0,0.0,0.0,0,0,0,0,0,0,0,0
TF,WORKE,39.117486,-87.773669,0, ,0.0,0.0,0.0,0.0,0,0,0,0,0,0,0,0
TF,KELLY,39.413678,-86.671372,0, ,0.0,0.0,0.0,0.0,0,0,0,0,0,0,0,0
TF,VHP,39.814728,-86.367500,0, ,0.0,0.0,0.0,0.0,0,0,0,0,0,0,0,0

SID,LINDY8,ALL,2
IF,STL,38.860722,-90.482350, ,0.0,0.0,0,0,0,0,0,0,0,0

SID,LINDY8,ARG,3
IF,STL,38.860722,-90.482350, ,0.0,0.0,0,0,0,0,0,0,0,0
TF,SAJOY,38.195856,-90.556069,0, ,0.0,0.0,0.0,0.0,0,0,0,0,0,0,0,0
TF,MYERZ,37.198383,-90.664153,0, ,0.0,0.0,0.0,0.0,0,0,0,0,0,0,0,0
TF,ARG,36.110019,-90.953694,0, ,0.0,0.0,0.0,0.0,0,0,0,0,0,0,0,0

SID,LINDY8,LIT,3
IF,STL,38.860722,-90.482350, ,0.0,0.0,0,0,0,0,0,0,0,0
TF,SAGZA,38.227886,-90.752217,0, ,0.0,0.0,0.0,0.0,0,0,0,0,0,0,0,0
TF,TWRAY,37.601406,-91.014592,0, ,0.0,0.0,0.0,0.0,0,0,0,0,0,0,0,0
TF,LIT,34.677672,-92.180528,0, ,0.0,0.0,0.0,0.0,0,0,0,0,0,0,0,0

SID,LINDY8,MYERZ,3
IF,STL,38.860722,-90.482350, ,0.0,0.0,0,0,0,0,0,0,0,0
TF,SAJOY,38.195856,-90.556069,0, ,0.0,0.0,0.0,0.0,0,0,0,0,0,0,0,0
TF,MYERZ,37.198383,-90.664153,0, ,0.0,0.0,0.0,0.0,0,0,0,0,0,0,0,0

SID,LINDY8,VIH,3
IF,STL,38.860722,-90.482350, ,0.0,0.0,0,0,0,0,0,0,0,0
TF,KLAIR,38.411208,-91.160211,0, ,0.0,0.0,0.0,0.0,0,0,0,0,0,0,0,0
TF,VIH,38.154072,-91.706772,0, ,0.0,0.0,0.0,0.0,0,0,0,0,0,0,0,0

SID,OZARK8,ALL,2
IF,STL,38.860722,-90.482350, ,0.0,0.0,0,0,0,0,0,0,0,0

SID,OZARK8,HLV,3
IF,STL,38.860722,-90.482350, ,0.0,0.0,0,0,0,0,0,0,0,0
TF,CABIT,38.966600,-91.152089,0, ,0.0,0.0,0.0,0.0,0,0,0,0,0,0,0,0
TF,HLV,39.113542,-92.128233,0, ,0.0,0.0,0.0,0.0,0,0,0,0,0,0,0,0

SID,PLESS5,ALL,2
IF,STL,38.860722,-90.482350, ,0.0,0.0,0,0,0,0,0,0,0,0
TF,PLESS,37.809578,-88.963189,0, ,0.0,0.0,0.0,0.0,0,0,0,0,0,0,0,0

SID,PLESS5,BNA,3
IF,PLESS,37.809578,-88.963189, ,0.0,0.0,0,0,0,0,0,0,0,0
TF,DENNI,37.623011,-88.701083,0, ,0.0,0.0,0.0,0.0,0,0,0,0,0,0,0,0
TF,BNA,36.136961,-86.684772,0, ,0.0,0.0,0.0,0.0,0,0,0,0,0,0,0,0

SID,PLESS5,DENNI,3
IF,PLESS,37.809578,-88.963189, ,0.0,0.0,0,0,0,0,0,0,0,0
TF,DENNI,37.623011,-88.701083,0, ,0.0,0.0,0.0,0.0,0,0,0,0,0,0,0,0

STAR,DELMA4,ALL,5
IF,DELMA,38.137172,-90.912258, ,0.0,0.0,0,0,0,0,0,0,0,0
TF,MMRSN,38.303608,-90.814214,0, ,0.0,0.0,0.0,0.0,0,0,0,0,0,0,0,0

STAR,DELMA4,11,6
IF,MMRSN,38.303608,-90.814214, ,0.0,0.0,0,0,0,0,0,0,0,0
TF,CSX,38.752744,-90.360958,0, ,0.0,0.0,0.0,0.0,0,0,0,0,0,0,0,1
FM,CSX,38.752744,-90.360958,0,SPI,0.0,0.0,39.0,0,0,0,0,0,0,0,0

STAR,DELMA4,17,6
IF,MMRSN,38.303608,-90.814214, ,0.0,0.0,0,0,0,0,0,0,0,0
TF,CSX,38.752744,-90.360958,0, ,0.0,0.0,0.0,0.0,0,0,0,0,0,0,0,1
FM,CSX,38.752744,-90.360958,0,SPI,0.0,0.0,39.0,0,0,0,0,0,0,0,0

STAR,DELMA4,29,6
IF,MMRSN,38.303608,-90.814214, ,0.0,0.0,0,0,0,0,0,0,0,0
TF,CSX,38.752744,-90.360958,0, ,0.0,0.0,0.0,0.0,0,0,0,0,0,0,0,1
FM,CSX,38.752744,-90.360958,0,SPI,0.0,0.0,39.0,0,0,0,0,0,0,0,0

STAR,DELMA4,35,6
IF,MMRSN,38.303608,-90.814214, ,0.0,0.0,0,0,0,0,0,0,0,0
TF,CSX,38.752744,-90.360958,0, ,0.0,0.0,0.0,0.0,0,0,0,0,0,0,0,1
FM,CSX,38.752744,-90.360958,0,SPI,0.0,0.0,39.0,0,0,0,0,0,0,0,0

STAR,FARMR3,ALL,5
IF,FARMR,39.409064,-90.739775, ,0.0,0.0,0,0,0,0,0,0,0,0
TF,FASHE,39.133669,-90.260714,0, ,0.0,0.0,0.0,0.0,0,0,0,0,0,0,0,0

STAR,FARMR3,11,6
IF,FASHE,39.133669,-90.260714, ,0.0,0.0,0,0,0,0,0,0,0,0
TF,PERCY,39.067953,-90.275578,0, ,0.0,0.0,0.0,0.0,0,0,0,0,0,0,0,1
FM,PERCY,39.067953,-90.275578,0,STL,0.0,0.0,191.0,0,0,0,0,0,0,0,0

STAR,FARMR3,29,6
IF,FASHE,39.133669,-90.260714, ,0.0,0.0,0,0,0,0,0,0,0,0
TF,BKAAY,38.884783,-89.755964,0, ,0.0,0.0,0.0,0.0,0,0,0,0,0,0,0,1
FM,BKAAY,38.884783,-89.755964,0,STL,0.0,0.0,210.0,0,0,0,0,0,0,0,0

APPTR,I29,29,JACOB
IF,JACOB,38.769814,-89.685619, ,0.0,0.0,2,2100,0,0,0,0,1,0
CF,QUNIE,38.809883,-89.803097,0,IALN,114.4,13.0,294.0,6.0,2,2100,0,0,0,0,1,0

FINAL,I29,29,I,3
IF,QUNIE,38.809883,-89.803097,IALN,114.4,13.0,2,2100,0,0,0,0,0,0
CF,OSERE,38.854828,-89.935444,0,IALN,114.4,6.3,294.0,6.8,1,2100,0,0,0,0,2,0
CF,RW29,38.886422,-90.028842,0,IALN,114.4,1.5,294.0,4.8,1,581,0,0,0,0,3,0
CA,0,294.0,2,1000,0,0,0,0,0,0
VI,0, ,0.0,310.0,0,0,0,0,0,0,0,0
CF,TOPAZ,38.960308,-90.109814,0,TOY,322.0,16.0,322.0,2.8,2,2200,0,0,0,0,0,0
HM,TOPAZ,38.960308,-90.109814,1, ,0.0,0.0,142.0,04.3,0,0,0,0,0,0,0,0,0

APPTR,R11,11,FASHE
IF,FASHE,39.133669,-90.260714, ,0.0,0.0,0,0,0,0,0,0,1,0
TF,SQUAR,38.975600,-90.294181,0, ,0.0,0.0,0.0,0.0,2,2400,0,0,0,0,1,0

APPTR,R11,11,HARDI
IF,HARDI,39.090650,-90.665506, ,0.0,0.0,0,0,0,0,0,0,1,0
TF,SQUAR,38.975600,-90.294181,0, ,0.0,0.0,0.0,0.0,2,2400,0,0,0,0,1,0

APPTR,R11,11,SQUAR
IF,SQUAR,38.975600,-90.294181, ,0.0,0.0,3,5000,0,0,0,0,1,0
HF,SQUAR,38.975600,-90.294181,2, ,0.0,0.0,114.0,04,2,2400,0,0,0,0,0,0,0

FINAL,R11,11,R,4
IF,SQUAR,38.975600,-90.294181, ,0.0,0.0,2,2400,0,0,0,0,0,0
TF,KEELS,38.930828,-90.160642,0, ,0.0,0.0,114.0,6.8,2,2300,0,0,0,0,2,0
TF,HEDUV,38.907136,-90.090247,0, ,0.0,0.0,114.0,3.6,2,1140,0,0,0,0,0,0
TF,RW11,38.895239,-90.054961,0, ,0.0,0.0,114.0,1.8,1,584,0,0,0,0,3,1
CA,0,114.0,2,794,0,0,0,0,0,0
DF,QUNIE,38.809883,-89.803097,0, ,0.0,0.0,2,2100,0,0,0,0,0,1
HM,QUNIE,38.809883,-89.803097,2, ,0.0,0.0,295.0,04,0,0,0,0,0,0,0,0,0

APPTR,R17,17,FASHE
IF,FASHE,39.133669,-90.260714, ,0.0,0.0,0,0,0,0,0,0,1,0
TF,JETIK,39.094478,-90.081858,0, ,0.0,0.0,0.0,0.0,2,2200,0,0,0,0,1,0

APPTR,R17,17,GIFTS
IF,GIFTS,39.127203,-89.834536, ,0.0,0.0,0,0,0,0,0,0,1,0
TF,JETIK,39.094478,-90.081858,0, ,0.0,0.0,0.0,0.0,2,2200,0,0,0,0,1,0

APPTR,R17,17,JETIK
IF,JETIK,39.094478,-90.081858, ,0.0,0.0,3,6000,0,0,0,0,1,0
HF,JETIK,39.094478,-90.081858,2, ,0.0,0.0,174.0,04,2,2200,0,0,0,0,0,0,0

FINAL,R17,17,R,4
IF,JETIK,39.094478,-90.081858, ,0.0,0.0,2,2200,0,0,0,0,0,0
TF,POSIC,38.982086,-90.065017,0, ,0.0,0.0,174.0,6.8,2,2200,0,0,0,0,2,0
TF,YERUL,38.927469,-90.056856,0, ,0.0,0.0,174.0,3.3,2,1140,0,0,0,0,0,0
TF,RW17,38.897639,-90.052400,0, ,0.0,0.0,174.0,1.8,1,576,0,0,0,0,3,1
CA,0,174.0,2,940,0,0,0,0,0,0
DF,OGOVE,38.795908,-90.037242,0, ,0.0,0.0,0,0,0,0,0,0,0,0
TF,TOY,38.739150,-89.918592,0, ,0.0,0.0,0.0,0.0,2,3000,0,0,0,0,0,1
HM,TOY,38.739150,-89.918592,2, ,0.0,0.0,82.0,04,0,0,0,0,0,0,0,0,0

APPTR,R29,29,JACOB
IF,JACOB,38.769814,-89.685619, ,0.0,0.0,0,0,0,0,0,0,1,0
TF,QUNIE,38.809883,-89.803097,0, ,0.0,0.0,0.0,0.0,2,2100,0,0,0,0,1,0

APPTR,R29,29,TOY
IF,TOY,38.739150,-89.918592, ,0.0,0.0,0,0,0,0,0,0,0,0
TF,QUNIE,38.809883,-89.803097,0, ,0.0,0.0,0.0,0.0,2,2100,0,0,0,0,0,1
HF,QUNIE,38.809883,-89.803097,2, ,0.0,0.0,295.0,04,2,2100,0,0,0,0,1,0,0

FINAL,R29,29,R,4
IF,QUNIE,38.809883,-89.803097, ,0.0,0.0,2,2100,0,0,0,0,0,0
TF,OSERE,38.854828,-89.935444,0, ,0.0,0.0,295.0,6.8,2,2100,0,0,0,0,2,0
TF,DIYEL,38.875831,-89.997497,0, ,0.0,0.0,294.0,3.2,2,1080,0,0,0,0,0,0
TF,RW29,38.886422,-90.028842,0, ,0.0,0.0,294.0,1.6,1,581,0,0,0,0,3,1
CA,0,294.0,2,731,0,0,0,0,0,0
DF,SQUAR,38.975600,-90.294181,0, ,0.0,0.0,2,2400,0,0,0,0,0,1
HM,SQUAR,38.975600,-90.294181,2, ,0.0,0.0,114.0,04,0,0,0,0,0,0,0,0,0

APPTR,R35,35,BREEZ
IF,BREEZ,38.595411,-89.574200, ,0.0,0.0,0,0,0,0,0,0,1,0
TF,GEKKE,38.683219,-90.020531,0, ,0.0,0.0,0.0,0.0,2,2200,0,0,0,0,1,0

APPTR,R35,35,FEKRO
IF,FEKRO,38.603047,-90.344856, ,0.0,0.0,0,0,0,0,0,0,0,0
TF,BILNY,38.580842,-90.069572,0, ,0.0,0.0,0.0,0.0,2,2700,0,0,0,0,1,0
TF,GEKKE,38.683219,-90.020531,0, ,0.0,0.0,0.0,0.0,2,2200,0,0,0,0,1,0

APPTR,R35,35,GEKKE
HF,GEKKE,38.683219,-90.020531,2, ,0.0,0.0,354.0,04,2,2200,0,0,0,0,1,0,0

FINAL,R35,35,R,3
IF,GEKKE,38.683219,-90.020531, ,0.0,0.0,2,2200,0,0,0,0,0,0
TF,OGOVE,38.795908,-90.037242,0, ,0.0,0.0,354.0,6.8,2,2200,0,0,0,0,2,0
TF,RW35,38.879914,-90.049756,0, ,0.0,0.0,354.0,5.1,1,592,0,0,0,0,3,1
CA,0,354.0,2,945,0,0,0,0,0,0
DF,JETIK,39.094478,-90.081858,0, ,0.0,0.0,2,2200,0,0,0,0,0,1
HM,JETIK,39.094478,-90.081858,2, ,0.0,0.0,174.0,04,0,0,0,0,0,0,0,0,0

APPTR,V11-A,11,FASHE
IF,FASHE,39.133669,-90.260714, ,0.0,0.0,2,2700,0,0,0,0,1,0
TF,PLATU,39.043272,-90.181919,0, ,0.0,0.0,0.0,0.0,2,2300,0,0,0,0,1,0

FINAL,V11-A,11,D,4
IF,PLATU,39.043272,-90.181919,TOY,322.0,22.0,2,2300,0,0,0,0,0,0
CF,TOPAZ,38.960308,-90.109814,0,TOY,322.0,16.0,142.0,6.0,2,2200,0,0,0,0,2,0
CF,FITAG,38.916783,-90.072069,0,TOY,322.0,12.9,142.0,3.2,2,1100,0,0,0,0,0,0
CF,WEPAM,38.897136,-90.055056,0,TOY,322.0,11.4,142.0,1.4,1,1000,0,0,0,0,3,0
CA,0,142.0,2,1000,0,0,0,0,0,0
CF,TOPAZ,38.960308,-90.109814,1,TOY,322.0,16.0,322.0,5.6,2,2200,0,0,0,0,0,0
HM,TOPAZ,38.960308,-90.109814,1, ,0.0,0.0,142.0,04,0,0,0,0,0,0,0,0,0

APPTR,V17-A,17,FASHE
IF,FASHE,39.133669,-90.260714, ,0.0,0.0,2,2700,0,0,0,0,1,0
TF,PLATU,39.043272,-90.181919,0, ,0.0,0.0,0.0,0.0,2,2300,0,0,0,0,1,0

FINAL,V17-A,17,D,4
IF,PLATU,39.043272,-90.181919,TOY,322.0,22.0,2,2300,0,0,0,0,0,0
CF,TOPAZ,38.960308,-90.109814,0,TOY,322.0,16.0,142.0,6.0,2,2200,0,0,0,0,2,0
CF,FITAG,38.916783,-90.072069,0,TOY,322.0,12.9,142.0,3.2,2,1100,0,0,0,0,0,0
CF,WEPAM,38.897136,-90.055056,0,TOY,322.0,11.4,142.0,1.4,1,1000,0,0,0,0,3,0
CA,0,142.0,2,1000,0,0,0,0,0,0
CF,TOPAZ,38.960308,-90.109814,1,TOY,322.0,16.0,322.0,5.6,2,2200,0,0,0,0,0,0
HM,TOPAZ,38.960308,-90.109814,1, ,0.0,0.0,142.0,04,0,0,0,0,0,0,0,0,0

APPTR,V29-A,29,FASHE
IF,FASHE,39.133669,-90.260714, ,0.0,0.0,2,2700,0,0,0,0,1,0
TF,PLATU,39.043272,-90.181919,0, ,0.0,0.0,0.0,0.0,2,2300,0,0,0,0,1,0

FINAL,V29-A,29,D,4
IF,PLATU,39.043272,-90.181919,TOY,322.0,22.0,2,2300,0,0,0,0,0,0
CF,TOPAZ,38.960308,-90.109814,0,TOY,322.0,16.0,142.0,6.0,2,2200,0,0,0,0,2,0
CF,FITAG,38.916783,-90.072069,0,TOY,322.0,12.9,142.0,3.2,2,1100,0,0,0,0,0,0
CF,WEPAM,38.897136,-90.055056,0,TOY,322.0,11.4,142.0,1.4,1,1000,0,0,0,0,3,0
CA,0,142.0,2,1000,0,0,0,0,0,0
CF,TOPAZ,38.960308,-90.109814,1,TOY,322.0,16.0,322.0,5.6,2,2200,0,0,0,0,0,0
HM,TOPAZ,38.960308,-90.109814,1, ,0.0,0.0,142.0,04,0,0,0,0,0,0,0,0,0

APPTR,V35-A,35,FASHE
IF,FASHE,39.133669,-90.260714, ,0.0,0.0,2,2700,0,0,0,0,1,0
TF,PLATU,39.043272,-90.181919,0, ,0.0,0.0,0.0,0.0,2,2300,0,0,0,0,1,0

FINAL,V35-A,35,D,4
IF,PLATU,39.043272,-90.181919,TOY,322.0,22.0,2,2300,0,0,0,0,0,0
CF,TOPAZ,38.960308,-90.109814,0,TOY,322.0,16.0,142.0,6.0,2,2200,0,0,0,0,2,0
CF,FITAG,38.916783,-90.072069,0,TOY,322.0,12.9,142.0,3.2,2,1100,0,0,0,0,0,0
CF,WEPAM,38.897136,-90.055056,0,TOY,322.0,11.4,142.0,1.4,1,1000,0,0,0,0,3,0
CA,0,142.0,2,1000,0,0,0,0,0,0
CF,TOPAZ,38.960308,-90.109814,1,TOY,322.0,16.0,322.0,5.6,2,2200,0,0,0,0,0,0
HM,TOPAZ,38.960308,-90.109814,1, ,0.0,0.0,142.0,04,0,0,0,0,0,0,0,0,0

