APPTR,R13,13,FEDPI
HF,FEDPI,42.749336,-100.220969,2, ,0.0,0.0,128.0,05,2,5000,0,0,0,0,1,0,0

APPTR,R13,13,LESIY
IF,LESIY,42.856867,-100.078867, ,0.0,0.0,0,0,0,0,0,0,1,0
TF,FEDPI,42.749336,-100.220969,0, ,0.0,0.0,0.0,0.0,2,5000,0,0,0,0,1,0

APPTR,R13,13,TOSOE
IF,TOSOE,42.641625,-100.362583, ,0.0,0.0,0,0,0,0,0,0,1,0
TF,FEDPI,42.749336,-100.220969,0, ,0.0,0.0,0.0,0.0,2,5000,0,0,0,0,1,0

FINAL,R13,13,R,4
IF,FEDPI,42.749336,-100.220969, ,0.0,0.0,2,5000,0,0,0,0,0,0
TF,JEPNO,42.644692,-100.075189,0, ,0.0,0.0,128.0,9.0,2,4200,0,0,0,0,2,0
TF,COXIS,42.603022,-100.017344,0, ,0.0,0.0,128.0,3.6,2,3060,0,0,0,0,0,0
TF,RW13,42.587542,-99.995886,0, ,0.0,0.0,128.0,1.3,1,2637,0,0,0,0,3,1
CA,0,128.0,2,2787,0,0,0,0,0,0
DF,ERUYA,42.414658,-99.757325,0, ,0.0,0.0,2,5100,0,0,0,0,0,1
HM,ERUYA,42.414658,-99.757325,2, ,0.0,0.0,308.0,05,2,5100,0,0,0,0,0,0,0

APPTR,R17,17,EVANE
HF,EVANE,42.812983,-100.000289,2, ,0.0,0.0,173.0,05,2,5000,0,0,0,0,1,0,0

APPTR,R17,17,HANTS
IF,HANTS,42.814578,-99.796503, ,0.0,0.0,0,0,0,0,0,0,1,0
TF,EVANE,42.812983,-100.000289,0, ,0.0,0.0,0.0,0.0,2,5000,0,0,0,0,1,0

APPTR,R17,17,PIMPS
IF,PIMPS,42.811025,-100.204064, ,0.0,0.0,0,0,0,0,0,0,1,0
TF,EVANE,42.812983,-100.000289,0, ,0.0,0.0,0.0,0.0,2,5000,0,0,0,0,1,0

FINAL,R17,17,R,4
IF,EVANE,42.812983,-100.000289, ,0.0,0.0,2,5000,0,0,0,0,0,0
TF,CURVA,42.662950,-99.997881,0, ,0.0,0.0,173.0,9.0,2,4100,0,0,0,0,2,0
TF,WREAK,42.616889,-99.997144,0, ,0.0,0.0,173.0,2.8,2,3220,0,0,0,0,0,0
TF,RW17,42.586136,-99.996653,0, ,0.0,0.0,173.0,1.8,1,2633,0,0,0,0,3,1
CA,0,173.0,2,2789,0,0,0,0,0,0
DF,FUGLE,42.335378,-99.992664,0, ,0.0,0.0,2,5100,0,0,0,0,0,1
HM,FUGLE,42.335378,-99.992664,2, ,0.0,0.0,353.0,05,0,0,0,0,0,0,0,0,0

APPTR,R31,31,CEKRI
IF,CEKRI,42.521625,-99.615192, ,0.0,0.0,0,0,0,0,0,0,1,0
TF,ERUYA,42.414658,-99.757325,0, ,0.0,0.0,0.0,0.0,2,5100,0,0,0,0,1,0

APPTR,R31,31,ERUYA
HF,ERUYA,42.414658,-99.757325,2, ,0.0,0.0,308.0,05,2,5100,0,0,0,0,1,0,0

APPTR,R31,31,KUTRE
IF,KUTRE,42.307514,-99.898978, ,0.0,0.0,0,0,0,0,0,0,1,0
TF,ERUYA,42.414658,-99.757325,0, ,0.0,0.0,0.0,0.0,2,5100,0,0,0,0,1,0

FINAL,R31,31,R,4
IF,ERUYA,42.414658,-99.757325, ,0.0,0.0,2,5100,0,0,0,0,0,0
TF,SALDE,42.519708,-99.902042,0, ,0.0,0.0,308.0,9.0,2,4200,0,0,0,0,2,0
TF,MANTR,42.559239,-99.956694,0, ,0.0,0.0,308.0,3.4,2,3120,0,0,0,0,0,0
TF,RW31,42.576994,-99.981275,0, ,0.0,0.0,308.0,1.5,1,2635,0,0,0,0,3,1
CA,0,308.0,2,2785,0,0,0,0,0,0
DF,FEDPI,42.749336,-100.220969,0, ,0.0,0.0,2,5000,0,0,0,0,0,1
HM,FEDPI,42.749336,-100.220969,2, ,0.0,0.0,128.0,05,0,0,0,0,0,0,0,0,0

APPTR,R35,35,DUWAT
IF,DUWAT,42.336964,-99.790428, ,0.0,0.0,0,0,0,0,0,0,1,0
TF,FUGLE,42.335378,-99.992664,0, ,0.0,0.0,0.0,0.0,2,5100,0,0,0,0,1,0

APPTR,R35,35,ECOFI
IF,ECOFI,42.333436,-100.194892, ,0.0,0.0,0,0,0,0,0,0,1,0
TF,FUGLE,42.335378,-99.992664,0, ,0.0,0.0,0.0,0.0,2,5100,0,0,0,0,1,0

APPTR,R35,35,FUGLE
HF,FUGLE,42.335378,-99.992664,2, ,0.0,0.0,353.0,05,2,5100,0,0,0,0,1,0,0

FINAL,R35,35,R,4
IF,FUGLE,42.335378,-99.992664, ,0.0,0.0,2,5100,0,0,0,0,0,0
TF,COLSI,42.485419,-99.995047,0, ,0.0,0.0,353.0,9.0,2,4200,0,0,0,0,2,0
TF,SHERD,42.535669,-99.995847,0, ,0.0,0.0,353.0,3.0,2,3240,0,0,0,0,0,0
TF,RW35,42.567417,-99.996356,0, ,0.0,0.0,353.0,1.9,1,2633,0,0,0,0,3,1
CA,0,353.0,2,2789,0,0,0,0,0,0
DF,EVANE,42.812983,-100.000289,0, ,0.0,0.0,2,5000,0,0,0,0,0,1
HM,EVANE,42.812983,-100.000289,2, ,0.0,0.0,173.0,05,0,0,0,0,0,0,0,0,0

APPTR,S17,17,ANW
PI,ANW,42.569114,-99.989661,2,ANW,294.0,10.0,339,5.0,2,4300,0,0,0,0,1,0
CF,FF17,42.671794,-100.018497,0,ANW,339.3,6.3,159.0,3.7,2,4300,0,0,0,0,0,0

FINAL,S17,17,D,2
IF,FF17,42.671794,-100.018497,ANW,339.3,6.3,2,4300,0,0,0,0,2,0
CF,RW17,42.586136,-99.996653,0,ANW,334.2,1.1,159.0,5.2,1,2637,0,0,0,0,3,0
CF,ANW,42.569114,-99.989661,0,ANW,0.0,0.0,159.0,1.1,2,2989,0,0,0,0,0,0
CA,0,159.0,2,3500,0,0,0,0,0,0
DF,ANW,42.569114,-99.989661,2, ,0.0,0.0,2,6000,0,0,0,0,0,0
HM,ANW,42.569114,-99.989661,2, ,0.0,0.0,159.0,04.3,0,0,0,0,0,0,0,0,0

APPTR,S35,35,ANW
IF,ANW,42.569114,-99.989661, ,0.0,0.0,2,6000,0,0,0,0,0,0
PI,ANW,42.569114,-99.989661,1,ANW,233.0,10.0,188,5.0,2,6000,0,0,0,0,1,0
CF,BIYAG,42.532689,-100.004400,0,ANW,187.7,2.3,8.0,7.7,2,3300,0,0,0,0,0,0

FINAL,S35,35,D,3
IF,BIYAG,42.532689,-100.004400,ANW,187.7,2.3,2,3300,0,0,0,0,2,0
CF,ES35,42.566200,-99.990856,0,ANW,187.9,0.2,8.0,2.1,1,2633,0,0,0,0,0,1
CF,ANW,42.569114,-99.989661,0,ANW,0.0,0.0,8.0,0.2,2,2990,0,0,0,0,3,1
CA,0,8.0,2,3500,0,0,0,0,0,0
DF,ANW,42.569114,-99.989661,1, ,0.0,0.0,2,6000,0,0,0,0,0,0
HM,ANW,42.569114,-99.989661,1, ,0.0,0.0,8.0,04.3,0,0,0,0,0,0,0,0,0

