APPTR,R18,18,MIROR
IF,MIROR,37.530178,-97.800508, ,0.0,0.0,0,0,0,0,0,0,1,0
TF,UZZUF,37.358233,-98.078236,0, ,0.0,0.0,0.0,0.0,2,3300,0,0,0,0,1,0

APPTR,R18,18,UZZUF
HF,UZZUF,37.358233,-98.078236,2, ,0.0,0.0,175.0,04,2,3300,0,0,0,0,1,0,0

APPTR,R18,18,VARNR
IF,VARNR,37.586561,-98.399386, ,0.0,0.0,0,0,0,0,0,0,1,0
TF,UZZUF,37.358233,-98.078236,0, ,0.0,0.0,0.0,0.0,2,3300,0,0,0,0,1,0

FINAL,R18,18,R,4
IF,UZZUF,37.358233,-98.078236, ,0.0,0.0,2,3300,0,0,0,0,0,0
TF,WULGI,37.246833,-98.078711,0, ,0.0,0.0,175.0,6.7,2,2900,0,0,0,0,2,0
TF,CIGUP,37.203867,-98.078883,0, ,0.0,0.0,175.0,2.6,2,2080,0,0,0,0,0,0
TF,RW18,37.167544,-98.079031,0, ,0.0,0.0,175.0,2.2,1,1387,0,0,0,0,3,1
CA,0,175.0,2,3000,0,0,0,0,0,0
DF,UZZUF,37.358233,-98.078236,1, ,0.0,0.0,2,3300,0,0,0,0,0,1
HM,UZZUF,37.358233,-98.078236,2, ,0.0,0.0,175.0,04,0,0,0,0,0,0,0,0,0

APPTR,R36,36,CARON
IF,CARON,36.945142,-98.627583, ,0.0,0.0,0,0,0,0,0,0,1,0
TF,COXAV,36.959272,-98.079889,0, ,0.0,0.0,0.0,0.0,2,3000,0,0,0,0,1,0

APPTR,R36,36,COXAV
HF,COXAV,36.959272,-98.079889,2, ,0.0,0.0,355.0,04,2,3000,0,0,0,0,1,0,0

APPTR,R36,36,DOREC
IF,DOREC,36.860825,-97.437092, ,0.0,0.0,0,0,0,0,0,0,1,0
TF,COXAV,36.959272,-98.079889,0, ,0.0,0.0,0.0,0.0,2,3000,0,0,0,0,1,0

FINAL,R36,36,R,4
IF,COXAV,36.959272,-98.079889, ,0.0,0.0,2,3000,0,0,0,0,0,0
TF,HUVSO,37.074114,-98.079417,0, ,0.0,0.0,355.0,6.9,2,2900,0,0,0,0,2,0
TF,WILEX,37.118769,-98.079231,0, ,0.0,0.0,355.0,2.7,2,2040,0,0,0,0,0,0
TF,RW36,37.153808,-98.079086,0, ,0.0,0.0,355.0,2.1,1,1381,0,0,0,0,3,1
CA,0,355.0,2,1743,0,0,0,0,0,0
DF,UZZUF,37.358233,-98.078236,0, ,0.0,0.0,2,3300,0,0,0,0,0,1
HM,UZZUF,37.358233,-98.078236,2, ,0.0,0.0,175.0,04,0,0,0,0,0,0,0,0,0

