SID,ECHOO1,17L,4
VA,0,170.0,2,6385,0,0,0,0,0,0
VM,0,0,0,170.0,0,0,0,0,0,0,0,0
DF,BAPME,39.860181,-104.395064,0, ,0.0,0.0,1,8000,0,0,0,0,0,0

SID,ECHOO1,17R,4
VA,0,170.0,2,6385,0,0,0,0,0,0
VM,0,0,0,170.0,0,0,0,0,0,0,0,0
DF,BAPME,39.860181,-104.395064,0, ,0.0,0.0,1,8000,0,0,0,0,0,0

SID,ECHOO1,35L,4
VA,0,350.0,2,6385,0,0,0,0,0,0
VM,0,0,0,350.0,0,0,0,0,0,0,0,0
DF,BAPME,39.860181,-104.395064,0, ,0.0,0.0,1,8000,0,0,0,0,0,0

SID,ECHOO1,35R,4
VA,0,350.0,2,6385,0,0,0,0,0,0
VM,0,0,0,350.0,0,0,0,0,0,0,0,0
DF,BAPME,39.860181,-104.395064,0, ,0.0,0.0,1,8000,0,0,0,0,0,0

SID,ECHOO1,ALL,5
IF,BAPME,39.860181,-104.395064, ,0.0,0.0,1,8000,0,0,0,0,0,0
TF,ECHOO,39.843161,-104.143136,0, ,0.0,0.0,0.0,0.0,0,0,0,0,0,0,0,0

SID,ECHOO1,DUUZE,6
IF,ECHOO,39.843161,-104.143136, ,0.0,0.0,0,0,0,0,0,0,0,0
TF,EPKEE,39.592836,-103.799528,0, ,0.0,0.0,0.0,0.0,0,0,0,0,0,0,0,0
TF,POIZN,39.350000,-102.950000,0, ,0.0,0.0,0.0,0.0,0,0,0,0,0,0,0,0
TF,COTNN,39.138339,-102.412592,0, ,0.0,0.0,0.0,0.0,0,0,0,0,0,0,0,0
TF,DUUZE,38.850000,-101.700000,0, ,0.0,0.0,0.0,0.0,0,0,0,0,0,0,0,0

SID,ECHOO1,SHAYK,6
IF,ECHOO,39.843161,-104.143136, ,0.0,0.0,0,0,0,0,0,0,0,0
TF,EXTAN,39.743322,-103.757236,0, ,0.0,0.0,0.0,0.0,0,0,0,0,0,0,0,0
TF,SHAYK,39.545550,-101.409528,0, ,0.0,0.0,0.0,0.0,0,0,0,0,0,0,0,0

SID,ECHOO1,WYNDM,6
IF,ECHOO,39.843161,-104.143136, ,0.0,0.0,0,0,0,0,0,0,0,0
TF,EEONS,40.021561,-103.769733,0, ,0.0,0.0,0.0,0.0,0,0,0,0,0,0,0,0
TF,WYNDM,40.383222,-101.423944,0, ,0.0,0.0,0.0,0.0,0,0,0,0,0,0,0,0

SID,ECHOO1,ZIRKL,6
IF,ECHOO,39.843161,-104.143136, ,0.0,0.0,0,0,0,0,0,0,0,0
TF,EMMYS,39.883808,-103.734836,0, ,0.0,0.0,0.0,0.0,0,0,0,0,0,0,0,0
TF,ZIRKL,40.132483,-101.371469,0, ,0.0,0.0,0.0,0.0,0,0,0,0,0,0,0,0

SID,MRSHH2,17L,4
VA,0,170.0,2,6385,0,0,0,0,0,0
VM,0,0,0,170.0,0,0,0,0,0,0,0,0
DF,KRTMN,40.202733,-104.778319,1, ,0.0,0.0,0,0,0,0,0,0,0,0

SID,MRSHH2,17R,4
VA,0,170.0,2,6385,0,0,0,0,0,0
VM,0,0,0,170.0,0,0,0,0,0,0,0,0
DF,KRTMN,40.202733,-104.778319,1, ,0.0,0.0,0,0,0,0,0,0,0,0

SID,MRSHH2,35L,4
VA,0,350.0,2,6385,0,0,0,0,0,0
VM,0,0,0,350.0,0,0,0,0,0,0,0,0
DF,KRTMN,40.202733,-104.778319,0, ,0.0,0.0,0,0,0,0,0,0,0,0

SID,MRSHH2,35R,4
VA,0,350.0,2,6385,0,0,0,0,0,0
VM,0,0,0,350.0,0,0,0,0,0,0,0,0
DF,KRTMN,40.202733,-104.778319,0, ,0.0,0.0,0,0,0,0,0,0,0,0

SID,MRSHH2,ALL,5
IF,KRTMN,40.202733,-104.778319, ,0.0,0.0,1,8000,0,0,0,0,0,0
TF,MRSHH,40.394008,-104.682139,0, ,0.0,0.0,0.0,0.0,0,0,0,0,0,0,0,0

SID,MRSHH2,CHUWY,6
IF,MRSHH,40.394008,-104.682139, ,0.0,0.0,0,0,0,0,0,0,0,0
TF,YOKES,40.576933,-104.237261,0, ,0.0,0.0,0.0,0.0,0,0,0,0,0,0,0,0
TF,LNGWD,41.225864,-103.300108,0, ,0.0,0.0,0.0,0.0,0,0,0,0,0,0,0,0
TF,CHUWY,41.511881,-102.877631,0, ,0.0,0.0,0.0,0.0,0,0,0,0,0,0,0,0

SID,MRSHH2,DDRTH,6
IF,MRSHH,40.394008,-104.682139, ,0.0,0.0,0,0,0,0,0,0,0,0
TF,TIMEH,40.655103,-104.953208,0, ,0.0,0.0,0.0,0.0,0,0,0,0,0,0,0,0
TF,YAMMI,40.764942,-105.068008,0, ,0.0,0.0,0.0,0.0,0,0,0,0,0,0,0,0
TF,DDRTH,41.459186,-106.245025,0, ,0.0,0.0,0.0,0.0,0,0,0,0,0,0,0,0

SID,MRSHH2,JOBBA,6
IF,MRSHH,40.394008,-104.682139, ,0.0,0.0,0,0,0,0,0,0,0,0
TF,BRYCC,40.662192,-104.439522,0, ,0.0,0.0,0.0,0.0,0,0,0,0,0,0,0,0
TF,HHOTH,41.094886,-104.155378,0, ,0.0,0.0,0.0,0.0,0,0,0,0,0,0,0,0
TF,JOBBA,41.627722,-103.566033,0, ,0.0,0.0,0.0,0.0,0,0,0,0,0,0,0,0

SID,MRSHH2,SAABR,6
IF,MRSHH,40.394008,-104.682139, ,0.0,0.0,0,0,0,0,0,0,0,0
TF,BRYCC,40.662192,-104.439522,0, ,0.0,0.0,0.0,0.0,0,0,0,0,0,0,0,0
TF,HHOTH,41.094886,-104.155378,0, ,0.0,0.0,0.0,0.0,0,0,0,0,0,0,0,0
TF,SAABR,41.794447,-103.955972,0, ,0.0,0.0,0.0,0.0,0,0,0,0,0,0,0,0

SID,MRSHH2,XXWNG,6
IF,MRSHH,40.394008,-104.682139, ,0.0,0.0,0,0,0,0,0,0,0,0
TF,RIKKK,40.784544,-104.850197,0, ,0.0,0.0,0.0,0.0,0,0,0,0,0,0,0,0
TF,XXWNG,41.470228,-105.367331,0, ,0.0,0.0,0.0,0.0,0,0,0,0,0,0,0,0

SID,PIKES2,10,1
CA,0,103.0,2,6290,0,0,0,0,0,0
VA,0,100.0,2,6600,0,0,0,0,0,0
VM,0,0,0,100.0,0,0,0,0,0,0,0,0

SID,PIKES2,17L,1
VA,0,170.0,2,6290,0,0,0,0,0,0
VM,0,0,0,170.0,0,0,0,0,0,0,0,0

SID,PIKES2,17R,1
VA,0,170.0,2,6290,0,0,0,0,0,0
VM,0,0,0,170.0,0,0,0,0,0,0,0,0

SID,PIKES2,28,1
VA,0,283.0,2,6290,0,0,0,0,0,0
VM,0,0,0,283.0,0,0,0,0,0,0,0,0

SID,PIKES2,35L,1
VA,0,350.0,2,6290,0,0,0,0,0,0
VM,0,0,0,350.0,0,0,0,0,0,0,0,0

SID,PIKES2,35R,1
VA,0,350.0,2,6290,0,0,0,0,0,0
VM,0,0,0,350.0,0,0,0,0,0,0,0,0

SID,PIKES2,ALS,3
IF,DEN,39.812514,-104.660739, ,0.0,0.0,0,0,0,0,0,0,0,0
TF,SOLAR,39.146644,-105.059117,0, ,0.0,0.0,0.0,0.0,0,0,0,0,0,0,0,0
TF,TEHEV,38.564447,-105.400608,0, ,0.0,0.0,0.0,0.0,0,0,0,0,0,0,0,0
TF,BINKE,38.007108,-105.592672,0, ,0.0,0.0,0.0,0.0,0,0,0,0,0,0,0,0
TF,ALS,37.349158,-105.815533,0, ,0.0,0.0,0.0,0.0,0,0,0,0,0,0,0,0

SID,PIKES2,BINKE,3
IF,DEN,39.812514,-104.660739, ,0.0,0.0,0,0,0,0,0,0,0,0
TF,SOLAR,39.146644,-105.059117,0, ,0.0,0.0,0.0,0.0,0,0,0,0,0,0,0,0
TF,TEHEV,38.564447,-105.400608,0, ,0.0,0.0,0.0,0.0,0,0,0,0,0,0,0,0
TF,BINKE,38.007108,-105.592672,0, ,0.0,0.0,0.0,0.0,0,0,0,0,0,0,0,0

SID,PIKES2,PUB,3
IF,DEN,39.812514,-104.660739, ,0.0,0.0,0,0,0,0,0,0,0,0
TF,ADANE,38.915906,-104.399017,0, ,0.0,0.0,0.0,0.0,0,0,0,0,0,0,0,0
TF,DRAKE,38.606681,-104.414217,0, ,0.0,0.0,0.0,0.0,0,0,0,0,0,0,0,0
TF,PUB,38.294253,-104.429447,0, ,0.0,0.0,0.0,0.0,0,0,0,0,0,0,0,0

SID,PLAIN1,10,1
CA,0,103.0,2,6290,0,0,0,0,0,0
VA,0,100.0,2,6600,0,0,0,0,0,0
VM,0,0,0,100.0,0,0,0,0,0,0,0,0

SID,PLAIN1,17L,1
VA,0,170.0,2,6290,0,0,0,0,0,0
VM,0,0,0,170.0,0,0,0,0,0,0,0,0

SID,PLAIN1,17R,1
VA,0,170.0,2,6290,0,0,0,0,0,0
VM,0,0,0,170.0,0,0,0,0,0,0,0,0

SID,PLAIN1,28,1
VA,0,283.0,2,6290,0,0,0,0,0,0
VM,0,0,0,283.0,0,0,0,0,0,0,0,0

SID,PLAIN1,35L,1
VA,0,350.0,2,6290,0,0,0,0,0,0
VM,0,0,0,350.0,0,0,0,0,0,0,0,0

SID,PLAIN1,35R,1
VA,0,350.0,2,6290,0,0,0,0,0,0
VM,0,0,0,350.0,0,0,0,0,0,0,0,0

SID,PLAIN1,AKO,3
IF,DEN,39.812514,-104.660739, ,0.0,0.0,0,0,0,0,0,0,0,0
TF,EEONS,40.021561,-103.769733,0, ,0.0,0.0,0.0,0.0,0,0,0,0,0,0,0,0
TF,AKO,40.155556,-103.179714,0, ,0.0,0.0,0.0,0.0,0,0,0,0,0,0,0,0

SID,PLAIN1,ASHBY,3
IF,DEN,39.812514,-104.660739, ,0.0,0.0,0,0,0,0,0,0,0,0
TF,EEONS,40.021561,-103.769733,0, ,0.0,0.0,0.0,0.0,0,0,0,0,0,0,0,0
TF,AKO,40.155556,-103.179714,0, ,0.0,0.0,0.0,0.0,0,0,0,0,0,0,0,0
TF,ASHBY,40.317239,-102.001508,0, ,0.0,0.0,0.0,0.0,0,0,0,0,0,0,0,0

SID,PLAIN1,BELKE,3
IF,DEN,39.812514,-104.660739, ,0.0,0.0,0,0,0,0,0,0,0,0
TF,EMMYS,39.883808,-103.734836,0, ,0.0,0.0,0.0,0.0,0,0,0,0,0,0,0,0
TF,TEKMY,39.976144,-102.353422,0, ,0.0,0.0,0.0,0.0,0,0,0,0,0,0,0,0
TF,BELKE,40.022939,-102.008525,0, ,0.0,0.0,0.0,0.0,0,0,0,0,0,0,0,0

SID,PLAIN1,CABET,3
IF,DEN,39.812514,-104.660739, ,0.0,0.0,0,0,0,0,0,0,0,0
TF,EXTAN,39.743322,-103.757236,0, ,0.0,0.0,0.0,0.0,0,0,0,0,0,0,0,0
TF,TXC,39.698317,-103.214939,0, ,0.0,0.0,0.0,0.0,0,0,0,0,0,0,0,0
TF,CABET,39.594156,-102.010750,0, ,0.0,0.0,0.0,0.0,0,0,0,0,0,0,0,0

SID,PLAIN1,GCK,3
IF,DEN,39.812514,-104.660739, ,0.0,0.0,0,0,0,0,0,0,0,0
TF,EPKEE,39.592836,-103.799528,0, ,0.0,0.0,0.0,0.0,0,0,0,0,0,0,0,0
TF,WEEDS,39.112019,-102.012992,0, ,0.0,0.0,0.0,0.0,0,0,0,0,0,0,0,0
TF,GCK,37.919003,-100.725008,0, ,0.0,0.0,0.0,0.0,0,0,0,0,0,0,0,0

SID,PLAIN1,GLD,3
IF,DEN,39.812514,-104.660739, ,0.0,0.0,0,0,0,0,0,0,0,0
TF,EXTAN,39.743322,-103.757236,0, ,0.0,0.0,0.0,0.0,0,0,0,0,0,0,0,0
TF,TXC,39.698317,-103.214939,0, ,0.0,0.0,0.0,0.0,0,0,0,0,0,0,0,0
TF,GLD,39.387867,-101.692297,0, ,0.0,0.0,0.0,0.0,0,0,0,0,0,0,0,0

SID,PLAIN1,HCT,3
IF,DEN,39.812514,-104.660739, ,0.0,0.0,0,0,0,0,0,0,0,0
TF,EEONS,40.021561,-103.769733,0, ,0.0,0.0,0.0,0.0,0,0,0,0,0,0,0,0
TF,AKO,40.155556,-103.179714,0, ,0.0,0.0,0.0,0.0,0,0,0,0,0,0,0,0
TF,ASHBY,40.317239,-102.001508,0, ,0.0,0.0,0.0,0.0,0,0,0,0,0,0,0,0
TF,HCT,40.454061,-100.923572,0, ,0.0,0.0,0.0,0.0,0,0,0,0,0,0,0,0

SID,PLAIN1,MCK,3
IF,DEN,39.812514,-104.660739, ,0.0,0.0,0,0,0,0,0,0,0,0
TF,EMMYS,39.883808,-103.734836,0, ,0.0,0.0,0.0,0.0,0,0,0,0,0,0,0,0
TF,TEKMY,39.976144,-102.353422,0, ,0.0,0.0,0.0,0.0,0,0,0,0,0,0,0,0
TF,BELKE,40.022939,-102.008525,0, ,0.0,0.0,0.0,0.0,0,0,0,0,0,0,0,0
TF,MCK,40.203797,-100.594225,0, ,0.0,0.0,0.0,0.0,0,0,0,0,0,0,0,0

SID,PLAIN1,TXC,3
IF,DEN,39.812514,-104.660739, ,0.0,0.0,0,0,0,0,0,0,0,0
TF,EXTAN,39.743322,-103.757236,0, ,0.0,0.0,0.0,0.0,0,0,0,0,0,0,0,0
TF,TXC,39.698317,-103.214939,0, ,0.0,0.0,0.0,0.0,0,0,0,0,0,0,0,0

SID,PLAIN1,WEEDS,3
IF,DEN,39.812514,-104.660739, ,0.0,0.0,0,0,0,0,0,0,0,0
TF,EPKEE,39.592836,-103.799528,0, ,0.0,0.0,0.0,0.0,0,0,0,0,0,0,0,0
TF,WEEDS,39.112019,-102.012992,0, ,0.0,0.0,0.0,0.0,0,0,0,0,0,0,0,0

SID,ROCKI6,10,1
CA,0,103.0,2,6290,0,0,0,0,0,0
VA,0,100.0,2,6600,0,0,0,0,0,0
VM,0,0,0,100.0,0,0,0,0,0,0,0,0

SID,ROCKI6,17L,1
VA,0,170.0,2,6290,0,0,0,0,0,0
VM,0,0,0,170.0,0,0,0,0,0,0,0,0

SID,ROCKI6,17R,1
VA,0,170.0,2,6290,0,0,0,0,0,0
VM,0,0,0,170.0,0,0,0,0,0,0,0,0

SID,ROCKI6,28,1
VA,0,283.0,2,6290,0,0,0,0,0,0
VM,0,0,0,283.0,0,0,0,0,0,0,0,0

SID,ROCKI6,35L,1
VA,0,350.0,2,6290,0,0,0,0,0,0
VM,0,0,0,350.0,0,0,0,0,0,0,0,0

SID,ROCKI6,35R,1
VA,0,350.0,2,6290,0,0,0,0,0,0
VM,0,0,0,350.0,0,0,0,0,0,0,0,0

SID,ROCKI6,DBL,3
IF,DEN,39.812514,-104.660739, ,0.0,0.0,0,0,0,0,0,0,0,0
TF,CONNR,39.688831,-105.664400,0, ,0.0,0.0,0.0,0.0,0,0,0,0,0,0,0,0
TF,DBL,39.439344,-106.894681,0, ,0.0,0.0,0.0,0.0,0,0,0,0,0,0,0,0

SID,ROCKI6,DVC,3
IF,DEN,39.812514,-104.660739, ,0.0,0.0,0,0,0,0,0,0,0,0
TF,BAYLR,39.553331,-105.618344,0, ,0.0,0.0,0.0,0.0,0,0,0,0,0,0,0,0
TF,BOBBA,39.394983,-106.186128,0, ,0.0,0.0,0.0,0.0,0,0,0,0,0,0,0,0
TF,TEHRU,39.242606,-106.720892,0, ,0.0,0.0,0.0,0.0,0,0,0,0,0,0,0,0
TF,MTJ,38.506436,-107.899289,0, ,0.0,0.0,0.0,0.0,0,0,0,0,0,0,0,0
TF,DVC,37.808739,-108.931272,0, ,0.0,0.0,0.0,0.0,0,0,0,0,0,0,0,0

SID,ROCKI6,EKR,3
IF,DEN,39.812514,-104.660739, ,0.0,0.0,0,0,0,0,0,0,0,0
TF,ZIMMR,39.973450,-105.660669,0, ,0.0,0.0,0.0,0.0,0,0,0,0,0,0,0,0
TF,RLG,40.002639,-106.442489,0, ,0.0,0.0,0.0,0.0,0,0,0,0,0,0,0,0
TF,EKR,40.067442,-107.924950,0, ,0.0,0.0,0.0,0.0,0,0,0,0,0,0,0,0

SID,ROCKI6,HBU,3
IF,DEN,39.812514,-104.660739, ,0.0,0.0,0,0,0,0,0,0,0,0
TF,BAYLR,39.553331,-105.618344,0, ,0.0,0.0,0.0,0.0,0,0,0,0,0,0,0,0
TF,BOBBA,39.394983,-106.186128,0, ,0.0,0.0,0.0,0.0,0,0,0,0,0,0,0,0
TF,HBU,38.452117,-107.039714,0, ,0.0,0.0,0.0,0.0,0,0,0,0,0,0,0,0

SID,ROCKI6,MTJ,3
IF,DEN,39.812514,-104.660739, ,0.0,0.0,0,0,0,0,0,0,0,0
TF,BAYLR,39.553331,-105.618344,0, ,0.0,0.0,0.0,0.0,0,0,0,0,0,0,0,0
TF,BOBBA,39.394983,-106.186128,0, ,0.0,0.0,0.0,0.0,0,0,0,0,0,0,0,0
TF,TEHRU,39.242606,-106.720892,0, ,0.0,0.0,0.0,0.0,0,0,0,0,0,0,0,0
TF,MTJ,38.506436,-107.899289,0, ,0.0,0.0,0.0,0.0,0,0,0,0,0,0,0,0

SID,ROCKI6,RLG,3
IF,DEN,39.812514,-104.660739, ,0.0,0.0,0,0,0,0,0,0,0,0
TF,ZIMMR,39.973450,-105.660669,0, ,0.0,0.0,0.0,0.0,0,0,0,0,0,0,0,0
TF,RLG,40.002639,-106.442489,0, ,0.0,0.0,0.0,0.0,0,0,0,0,0,0,0,0

SID,SKYEE1,17L,4
VA,0,170.0,2,6385,0,0,0,0,0,0
VM,0,0,0,170.0,0,0,0,0,0,0,0,0
DF,SATLE,39.824256,-104.892172,0, ,0.0,0.0,1,8000,0,0,0,0,0,0

SID,SKYEE1,17R,4
VA,0,170.0,2,6385,0,0,0,0,0,0
VM,0,0,0,170.0,0,0,0,0,0,0,0,0
DF,SATLE,39.824256,-104.892172,0, ,0.0,0.0,1,8000,0,0,0,0,0,0

SID,SKYEE1,35L,4
VA,0,350.0,2,6385,0,0,0,0,0,0
VM,0,0,0,350.0,0,0,0,0,0,0,0,0
DF,SATLE,39.824256,-104.892172,0, ,0.0,0.0,1,8000,0,0,0,0,0,0

SID,SKYEE1,35R,4
VA,0,350.0,2,6385,0,0,0,0,0,0
VM,0,0,0,350.0,0,0,0,0,0,0,0,0
DF,SATLE,39.824256,-104.892172,0, ,0.0,0.0,1,8000,0,0,0,0,0,0

SID,SKYEE1,ALL,5
IF,SATLE,39.824256,-104.892172, ,0.0,0.0,1,8000,0,0,0,0,0,0
TF,SKYEE,39.636636,-104.840450,0, ,0.0,0.0,0.0,0.0,0,0,0,0,0,0,0,0

SID,SKYEE1,DAAYE,6
IF,SKYEE,39.636636,-104.840450, ,0.0,0.0,0,0,0,0,0,0,0,0
TF,SOLAR,39.146644,-105.059117,0, ,0.0,0.0,0.0,0.0,2,14200,0,0,0,0,0,0
TF,SMMUR,38.437194,-105.515097,0, ,0.0,0.0,0.0,0.0,2,17000,0,0,0,0,0,0
TF,DAAYE,38.011231,-105.778942,0, ,0.0,0.0,0.0,0.0,0,0,0,0,0,0,0,0

SID,SKYEE1,JOPLN,6
IF,SKYEE,39.636636,-104.840450, ,0.0,0.0,0,0,0,0,0,0,0,0
TF,SHOJO,39.114461,-104.560844,0, ,0.0,0.0,0.0,0.0,0,0,0,0,0,0,0,0
TF,SABTH,38.462739,-104.465361,0, ,0.0,0.0,0.0,0.0,0,0,0,0,0,0,0,0
TF,JOPLN,37.410453,-104.184364,0, ,0.0,0.0,0.0,0.0,0,0,0,0,0,0,0,0

SID,SKYEE1,SLEEK,6
IF,SKYEE,39.636636,-104.840450, ,0.0,0.0,0,0,0,0,0,0,0,0
TF,STAKR,39.142808,-104.362342,0, ,0.0,0.0,0.0,0.0,0,0,0,0,0,0,0,0
TF,AZARO,38.504528,-104.159422,0, ,0.0,0.0,0.0,0.0,0,0,0,0,0,0,0,0
TF,SLEEK,38.062825,-103.686203,0, ,0.0,0.0,0.0,0.0,0,0,0,0,0,0,0,0

SID,SKYEE1,SUDDZ,6
IF,SKYEE,39.636636,-104.840450, ,0.0,0.0,0,0,0,0,0,0,0,0
TF,SCAGS,39.112047,-104.842253,0, ,0.0,0.0,0.0,0.0,2,14200,0,0,0,0,0,0
TF,FRNKE,38.731167,-104.990000,0, ,0.0,0.0,0.0,0.0,2,23000,0,0,0,0,0,0
TF,SUDDZ,37.897750,-105.306775,0, ,0.0,0.0,0.0,0.0,0,0,0,0,0,0,0,0

SID,SKYEE1,VRONI,6
IF,SKYEE,39.636636,-104.840450, ,0.0,0.0,0,0,0,0,0,0,0,0
TF,SHOJO,39.114461,-104.560844,0, ,0.0,0.0,0.0,0.0,0,0,0,0,0,0,0,0
TF,SABTH,38.462739,-104.465361,0, ,0.0,0.0,0.0,0.0,0,0,0,0,0,0,0,0
TF,VRONI,37.281311,-103.519497,0, ,0.0,0.0,0.0,0.0,0,0,0,0,0,0,0,0

SID,WNGSS1,17L,4
VA,0,170.0,2,6385,0,0,0,0,0,0
VM,0,0,0,170.0,0,0,0,0,0,0,0,0
DF,BUMPZ,39.845711,-104.990508,0, ,0.0,0.0,1,8000,0,0,0,0,0,0

SID,WNGSS1,17R,4
VA,0,170.0,2,6385,0,0,0,0,0,0
VM,0,0,0,170.0,0,0,0,0,0,0,0,0
DF,BUMPZ,39.845711,-104.990508,0, ,0.0,0.0,1,8000,0,0,0,0,0,0

SID,WNGSS1,35L,4
VA,0,350.0,2,6385,0,0,0,0,0,0
VM,0,0,0,350.0,0,0,0,0,0,0,0,0
DF,BUMPZ,39.845711,-104.990508,0, ,0.0,0.0,1,8000,0,0,0,0,0,0

SID,WNGSS1,35R,4
VA,0,350.0,2,6385,0,0,0,0,0,0
VM,0,0,0,350.0,0,0,0,0,0,0,0,0
DF,BUMPZ,39.845711,-104.990508,0, ,0.0,0.0,1,8000,0,0,0,0,0,0

SID,WNGSS1,ALL,5
IF,BUMPZ,39.845711,-104.990508, ,0.0,0.0,1,8000,0,0,0,0,0,0
TF,WNGSS,39.787136,-105.228025,0, ,0.0,0.0,0.0,0.0,2,12000,0,0,0,0,0,0

SID,WNGSS1,CHNGY,6
IF,WNGSS,39.787136,-105.228025, ,0.0,0.0,2,12000,0,0,0,0,0,0
TF,ZENLO,39.869206,-105.416364,0, ,0.0,0.0,0.0,0.0,2,15000,0,0,0,0,0,0
TF,ZIMMR,39.973450,-105.660669,0, ,0.0,0.0,0.0,0.0,2,17000,0,0,0,0,0,0
TF,CHNGY,40.012078,-106.467600,0, ,0.0,0.0,0.0,0.0,0,0,0,0,0,0,0,0

SID,WNGSS1,HBU,6
IF,WNGSS,39.787136,-105.228025, ,0.0,0.0,2,12000,0,0,0,0,0,0
TF,BUBLS,39.685111,-105.398944,0, ,0.0,0.0,0.0,0.0,2,15000,0,0,0,0,0,0
TF,BRANF,39.625819,-105.497847,0, ,0.0,0.0,0.0,0.0,2,16000,0,0,0,0,0,0
TF,BAYLR,39.553331,-105.618344,0, ,0.0,0.0,0.0,0.0,2,17000,0,0,0,0,0,0
TF,BOBBA,39.394983,-106.186128,0, ,0.0,0.0,0.0,0.0,0,0,0,0,0,0,0,0
TF,HBU,38.452117,-107.039714,0, ,0.0,0.0,0.0,0.0,3,23000,0,0,0,0,0,0

SID,WNGSS1,TEHRU,6
IF,WNGSS,39.787136,-105.228025, ,0.0,0.0,2,12000,0,0,0,0,0,0
TF,BUBLS,39.685111,-105.398944,0, ,0.0,0.0,0.0,0.0,2,15000,0,0,0,0,0,0
TF,BRANF,39.625819,-105.497847,0, ,0.0,0.0,0.0,0.0,2,16000,0,0,0,0,0,0
TF,BAYLR,39.553331,-105.618344,0, ,0.0,0.0,0.0,0.0,2,17000,0,0,0,0,0,0
TF,BOBBA,39.394983,-106.186128,0, ,0.0,0.0,0.0,0.0,0,0,0,0,0,0,0,0
TF,TEHRU,39.242606,-106.720892,0, ,0.0,0.0,0.0,0.0,0,0,0,0,0,0,0,0

SID,WNGSS1,VOAXA,6
IF,WNGSS,39.787136,-105.228025, ,0.0,0.0,2,12000,0,0,0,0,0,0
TF,KINLE,39.819417,-105.440194,0, ,0.0,0.0,0.0,0.0,2,15000,0,0,0,0,0,0
TF,COORZ,39.860583,-105.718222,0, ,0.0,0.0,0.0,0.0,2,17000,0,0,0,0,0,0
TF,VOAXA,39.788450,-106.532686,0, ,0.0,0.0,0.0,0.0,0,0,0,0,0,0,0,0

SID,WNGSS1,WERNR,6
IF,WNGSS,39.787136,-105.228025, ,0.0,0.0,2,12000,0,0,0,0,0,0
TF,COUSN,39.740617,-105.435583,0, ,0.0,0.0,0.0,0.0,2,15000,0,0,0,0,0,0
TF,CONNR,39.688831,-105.664400,0, ,0.0,0.0,0.0,0.0,2,17000,0,0,0,0,0,0
TF,WERNR,39.547958,-106.671286,0, ,0.0,0.0,0.0,0.0,0,0,0,0,0,0,0,0

SID,YELLO4,10,1
CA,0,103.0,2,6290,0,0,0,0,0,0
VA,0,100.0,2,6600,0,0,0,0,0,0
VM,0,0,0,100.0,0,0,0,0,0,0,0,0

SID,YELLO4,17L,1
VA,0,170.0,2,6290,0,0,0,0,0,0
VM,0,0,0,170.0,0,0,0,0,0,0,0,0

SID,YELLO4,17R,1
VA,0,170.0,2,6290,0,0,0,0,0,0
VM,0,0,0,170.0,0,0,0,0,0,0,0,0

SID,YELLO4,28,1
VA,0,283.0,2,6290,0,0,0,0,0,0
VM,0,0,0,283.0,0,0,0,0,0,0,0,0

SID,YELLO4,35L,1
VA,0,350.0,2,6290,0,0,0,0,0,0
VM,0,0,0,350.0,0,0,0,0,0,0,0,0

SID,YELLO4,35R,1
VA,0,350.0,2,6290,0,0,0,0,0,0
VM,0,0,0,350.0,0,0,0,0,0,0,0,0

SID,YELLO4,BFF,3
IF,DEN,39.812514,-104.660739, ,0.0,0.0,0,0,0,0,0,0,0,0
TF,YOKES,40.576933,-104.237261,0, ,0.0,0.0,0.0,0.0,0,0,0,0,0,0,0,0
TF,COPLA,40.827881,-104.095947,0, ,0.0,0.0,0.0,0.0,0,0,0,0,0,0,0,0
TF,BFF,41.894164,-103.482031,0, ,0.0,0.0,0.0,0.0,0,0,0,0,0,0,0,0

SID,YELLO4,CYS,3
IF,DEN,39.812514,-104.660739, ,0.0,0.0,0,0,0,0,0,0,0,0
TF,YALES,40.794339,-104.739000,0, ,0.0,0.0,0.0,0.0,0,0,0,0,0,0,0,0
TF,CYS,41.210967,-104.772914,0, ,0.0,0.0,0.0,0.0,0,0,0,0,0,0,0,0

SID,YELLO4,HANKI,3
IF,DEN,39.812514,-104.660739, ,0.0,0.0,0,0,0,0,0,0,0,0
TF,YOKES,40.576933,-104.237261,0, ,0.0,0.0,0.0,0.0,0,0,0,0,0,0,0,0
TF,COPLA,40.827881,-104.095947,0, ,0.0,0.0,0.0,0.0,0,0,0,0,0,0,0,0
TF,HANKI,41.631981,-102.930133,0, ,0.0,0.0,0.0,0.0,0,0,0,0,0,0,0,0

SID,YELLO4,LAR,3
IF,DEN,39.812514,-104.660739, ,0.0,0.0,0,0,0,0,0,0,0,0
TF,YAMMI,40.764942,-105.068008,0, ,0.0,0.0,0.0,0.0,0,0,0,0,0,0,0,0
TF,LAR,41.337819,-105.720933,0, ,0.0,0.0,0.0,0.0,0,0,0,0,0,0,0,0

SID,YELLO4,MBW,3
IF,DEN,39.812514,-104.660739, ,0.0,0.0,0,0,0,0,0,0,0,0
TF,YAMMI,40.764942,-105.068008,0, ,0.0,0.0,0.0,0.0,2,12000,0,0,0,0,0,0
TF,MBW,41.845522,-106.004283,0, ,0.0,0.0,0.0,0.0,0,0,0,0,0,0,0,0

SID,YELLO4,NATTI,3
IF,DEN,39.812514,-104.660739, ,0.0,0.0,0,0,0,0,0,0,0,0
TF,YAMMI,40.764942,-105.068008,0, ,0.0,0.0,0.0,0.0,0,0,0,0,0,0,0,0
TF,LAR,41.337819,-105.720933,0, ,0.0,0.0,0.0,0.0,0,0,0,0,0,0,0,0
TF,NATTI,41.513422,-106.483656,0, ,0.0,0.0,0.0,0.0,0,0,0,0,0,0,0,0

SID,YELLO4,RAP,3
IF,DEN,39.812514,-104.660739, ,0.0,0.0,0,0,0,0,0,0,0,0
TF,GLL,40.503867,-104.553014,0, ,0.0,0.0,0.0,0.0,0,0,0,0,0,0,0,0
TF,RAP,43.976039,-103.012328,0, ,0.0,0.0,0.0,0.0,0,0,0,0,0,0,0,0

STAR,BRNKO3,SHRPE,4
IF,SHRPE,41.496631,-101.160211, ,0.0,0.0,0,0,0,0,0,0,0,0
TF,PYTNN,41.176028,-102.263789,0, ,0.0,0.0,0.0,0.0,0,0,0,0,0,0,0,0
TF,ELWAY,40.945078,-103.044233,0, ,0.0,0.0,0.0,0.0,0,0,0,0,0,0,0,0
TF,BRNKO,40.604819,-104.098019,0, ,0.0,0.0,0.0,0.0,4,16000,14000,0,0,0,0,0

STAR,BRNKO3,ALL,5
IF,BRNKO,40.604819,-104.098019, ,0.0,0.0,4,16000,14000,0,0,0,0,0
TF,PICKK,40.588725,-104.184511,0, ,0.0,0.0,0.0,0.0,3,14000,0,0,0,0,0,0
TF,BLTZZ,40.551417,-104.384794,0, ,0.0,0.0,0.0,0.0,1,12000,0,1,250,0,0,0
TF,BWLIN,40.448686,-104.927803,0, ,0.0,0.0,0.0,0.0,1,10000,0,0,0,0,0,0
TF,REDZN,40.223925,-105.024514,0, ,0.0,0.0,0.0,0.0,1,10000,0,0,0,0,0,0
TF,PYDRT,40.135450,-105.034897,0, ,0.0,0.0,0.0,0.0,1,9000,0,0,0,0,0,0
TF,AAYES,39.720003,-105.078708,0, ,0.0,0.0,0.0,0.0,1,9000,0,0,0,0,0,1
FM,AAYES,39.720003,-105.078708,0,TDD,0.0,0.0,150.0,0,0,0,0,0,0,0,0

STAR,DANDD1,GCK,1
IF,GCK,37.919003,-100.725008, ,0.0,0.0,0,0,0,0,0,0,0,0
TF,RYLIE,38.337311,-101.827478,0, ,0.0,0.0,0.0,0.0,0,0,0,0,0,0,0,0
TF,SELLS,38.828075,-103.173744,0, ,0.0,0.0,0.0,0.0,0,0,0,0,0,0,0,0
TF,PRAGG,38.916394,-103.291506,0, ,0.0,0.0,0.0,0.0,0,0,0,0,0,0,0,0
TF,KIPPY,39.070231,-103.497275,0, ,0.0,0.0,0.0,0.0,0,0,0,0,0,0,0,0
TF,CLEVE,39.343633,-103.866425,0, ,0.0,0.0,0.0,0.0,0,0,0,0,0,0,0,0
TF,DANDD,39.397094,-103.939133,0, ,0.0,0.0,0.0,0.0,0,0,0,0,0,0,0,0

STAR,DANDD1,GLD,1
IF,GLD,39.387867,-101.692297, ,0.0,0.0,0,0,0,0,0,0,0,0
TF,PRAGG,38.916394,-103.291506,0, ,0.0,0.0,0.0,0.0,0,0,0,0,0,0,0,0
TF,KIPPY,39.070231,-103.497275,0, ,0.0,0.0,0.0,0.0,0,0,0,0,0,0,0,0
TF,CLEVE,39.343633,-103.866425,0, ,0.0,0.0,0.0,0.0,0,0,0,0,0,0,0,0
TF,DANDD,39.397094,-103.939133,0, ,0.0,0.0,0.0,0.0,0,0,0,0,0,0,0,0

STAR,DANDD1,OATHE,1
IF,OATHE,38.849731,-101.794258, ,0.0,0.0,0,0,0,0,0,0,0,0
TF,SELLS,38.828075,-103.173744,0, ,0.0,0.0,0.0,0.0,0,0,0,0,0,0,0,0
TF,PRAGG,38.916394,-103.291506,0, ,0.0,0.0,0.0,0.0,0,0,0,0,0,0,0,0
TF,KIPPY,39.070231,-103.497275,0, ,0.0,0.0,0.0,0.0,0,0,0,0,0,0,0,0
TF,CLEVE,39.343633,-103.866425,0, ,0.0,0.0,0.0,0.0,0,0,0,0,0,0,0,0
TF,DANDD,39.397094,-103.939133,0, ,0.0,0.0,0.0,0.0,0,0,0,0,0,0,0,0

STAR,DANDD1,ALL,2
IF,DANDD,39.397094,-103.939133, ,0.0,0.0,0,0,0,0,0,0,0,0
TF,PEEDE,39.582242,-104.192283,0, ,0.0,0.0,0.0,0.0,0,0,0,0,0,0,0,0
TF,GOAVS,39.824131,-104.526231,0, ,0.0,0.0,0.0,0.0,0,0,0,0,0,0,0,0
TF,DVV,39.894689,-104.624336,0, ,0.0,0.0,0.0,0.0,0,0,0,0,0,0,0,0

STAR,DUNNN5,CAARS,4
IF,CAARS,38.005800,-102.977711, ,0.0,0.0,0,0,0,0,0,0,0,0
TF,LAYLA,38.526139,-103.674903,0, ,0.0,0.0,0.0,0.0,0,0,0,0,0,0,0,0
TF,DUNNN,38.860744,-103.951889,0, ,0.0,0.0,0.0,0.0,4,22000,19000,0,0,0,0,0

STAR,DUNNN5,FRAAY,4
IF,FRAAY,38.663103,-101.756836, ,0.0,0.0,0,0,0,0,0,0,0,0
TF,MORSN,38.625356,-103.063644,0, ,0.0,0.0,0.0,0.0,2,30000,0,0,0,0,0,0
TF,XPAIN,38.606817,-103.566028,0, ,0.0,0.0,0.0,0.0,0,0,0,0,0,0,0,0
TF,DUNNN,38.860744,-103.951889,0, ,0.0,0.0,0.0,0.0,4,22000,19000,0,0,0,0,0

STAR,DUNNN5,ALL,5
IF,DUNNN,38.860744,-103.951889, ,0.0,0.0,4,22000,19000,0,0,0,0,0
TF,IMAGN,39.022842,-104.087242,0, ,0.0,0.0,0.0,0.0,1,16000,0,0,0,0,0,0
TF,BYEBI,39.091817,-104.392544,0, ,0.0,0.0,0.0,0.0,1,14000,0,1,250,0,0,0

STAR,DUNNN5,17L,6
IF,BYEBI,39.091817,-104.392544, ,0.0,0.0,1,14000,0,1,250,0,0,0
TF,XBGIN,39.154647,-104.675594,0, ,0.0,0.0,0.0,0.0,4,14000,13000,0,0,0,0,0
TF,XLENT,39.169856,-104.740836,0, ,0.0,0.0,0.0,0.0,2,12000,0,0,0,0,0,0
TF,XPATH,39.205886,-104.834850,0, ,0.0,0.0,0.0,0.0,1,11000,0,1,240,0,0,0
TF,XWILL,39.281842,-104.880567,0, ,0.0,0.0,0.0,0.0,1,11000,0,0,0,0,0,0
TF,XHOME,39.372894,-104.944828,0, ,0.0,0.0,0.0,0.0,1,10000,0,0,0,0,0,0
TF,XMAAK,39.488175,-105.026467,0, ,0.0,0.0,0.0,0.0,1,9000,0,0,0,0,0,0
TF,XYOUU,39.528400,-105.025392,0, ,0.0,0.0,0.0,0.0,1,9000,0,0,0,0,0,1
FM,XYOUU,39.528400,-105.025392,0,DVV,0.0,0.0,353.0,0,0,0,0,0,0,0,0

STAR,DUNNN5,35R,6
IF,BYEBI,39.091817,-104.392544, ,0.0,0.0,1,14000,0,1,250,0,0,0
TF,XBGIN,39.154647,-104.675594,0, ,0.0,0.0,0.0,0.0,4,14000,13000,0,0,0,0,0
TF,XLENT,39.169856,-104.740836,0, ,0.0,0.0,0.0,0.0,2,12000,0,0,0,0,0,0
TF,XPATH,39.205886,-104.834850,0, ,0.0,0.0,0.0,0.0,1,11000,0,1,240,0,0,0
TF,XBEEE,39.277986,-104.837358,0, ,0.0,0.0,0.0,0.0,1,9000,0,1,240,0,0,0

STAR,LANDR3,BFF,1
IF,BFF,41.894164,-103.482031, ,0.0,0.0,0,0,0,0,0,0,0,0
TF,GLIMR,40.849953,-103.635053,0, ,0.0,0.0,0.0,0.0,0,0,0,0,0,0,0,0
TF,LIBIE,40.601242,-103.670631,0, ,0.0,0.0,0.0,0.0,0,0,0,0,0,0,0,0
TF,LANDR,40.357572,-104.002964,0, ,0.0,0.0,0.0,0.0,0,0,0,0,0,0,0,0

STAR,LANDR3,CYS,1
IF,CYS,41.210967,-104.772914, ,0.0,0.0,0,0,0,0,0,0,0,0
TF,GLIMR,40.849953,-103.635053,0, ,0.0,0.0,0.0,0.0,0,0,0,0,0,0,0,0
TF,LIBIE,40.601242,-103.670631,0, ,0.0,0.0,0.0,0.0,0,0,0,0,0,0,0,0
TF,LANDR,40.357572,-104.002964,0, ,0.0,0.0,0.0,0.0,0,0,0,0,0,0,0,0

STAR,LANDR3,ELJAY,1
IF,ELJAY,41.225103,-101.221461, ,0.0,0.0,0,0,0,0,0,0,0,0
TF,FONTO,40.752217,-103.462778,0, ,0.0,0.0,0.0,0.0,0,0,0,0,0,0,0,0
TF,LIBIE,40.601242,-103.670631,0, ,0.0,0.0,0.0,0.0,0,0,0,0,0,0,0,0
TF,LANDR,40.357572,-104.002964,0, ,0.0,0.0,0.0,0.0,0,0,0,0,0,0,0,0

STAR,LANDR3,SNY,1
IF,SNY,41.096683,-102.982992, ,0.0,0.0,0,0,0,0,0,0,0,0
TF,FONTO,40.752217,-103.462778,0, ,0.0,0.0,0.0,0.0,0,0,0,0,0,0,0,0
TF,LIBIE,40.601242,-103.670631,0, ,0.0,0.0,0.0,0.0,0,0,0,0,0,0,0,0
TF,LANDR,40.357572,-104.002964,0, ,0.0,0.0,0.0,0.0,0,0,0,0,0,0,0,0

STAR,LANDR3,YANKI,1
IF,YANKI,41.527511,-100.734722, ,0.0,0.0,0,0,0,0,0,0,0,0
TF,SNY,41.096683,-102.982992,0, ,0.0,0.0,0.0,0.0,0,0,0,0,0,0,0,0
TF,FONTO,40.752217,-103.462778,0, ,0.0,0.0,0.0,0.0,0,0,0,0,0,0,0,0
TF,LIBIE,40.601242,-103.670631,0, ,0.0,0.0,0.0,0.0,0,0,0,0,0,0,0,0
TF,LANDR,40.357572,-104.002964,0, ,0.0,0.0,0.0,0.0,0,0,0,0,0,0,0,0

STAR,LANDR3,ALL,2
IF,LANDR,40.357572,-104.002964, ,0.0,0.0,0,0,0,0,0,0,0,0
TF,YONDR,40.266664,-104.126033,0, ,0.0,0.0,0.0,0.0,0,0,0,0,0,0,0,0
TF,PHLAT,39.971589,-104.522003,0, ,0.0,0.0,0.0,0.0,0,0,0,0,0,0,0,0
TF,DVV,39.894689,-104.624336,0, ,0.0,0.0,0.0,0.0,0,0,0,0,0,0,0,0

STAR,LARKS3,ALS,1
IF,ALS,37.349158,-105.815533, ,0.0,0.0,0,0,0,0,0,0,0,0
TF,KANON,38.395903,-105.991822,0, ,0.0,0.0,0.0,0.0,0,0,0,0,0,0,0,0
TF,HICKY,38.771336,-106.056361,0, ,0.0,0.0,0.0,0.0,0,0,0,0,0,0,0,0
TF,TERRO,38.891094,-105.873067,0, ,0.0,0.0,0.0,0.0,0,0,0,0,0,0,0,0
TF,MURFE,39.138169,-105.491114,0, ,0.0,0.0,0.0,0.0,0,0,0,0,0,0,0,0
TF,LARKS,39.257397,-105.305161,0, ,0.0,0.0,0.0,0.0,0,0,0,0,0,0,0,0

STAR,LARKS3,HBU,1
IF,HBU,38.452117,-107.039714, ,0.0,0.0,0,0,0,0,0,0,0,0
TF,HICKY,38.771336,-106.056361,0, ,0.0,0.0,0.0,0.0,0,0,0,0,0,0,0,0
TF,TERRO,38.891094,-105.873067,0, ,0.0,0.0,0.0,0.0,0,0,0,0,0,0,0,0
TF,MURFE,39.138169,-105.491114,0, ,0.0,0.0,0.0,0.0,0,0,0,0,0,0,0,0
TF,LARKS,39.257397,-105.305161,0, ,0.0,0.0,0.0,0.0,0,0,0,0,0,0,0,0

STAR,LARKS3,LOPEC,1
IF,LOPEC,38.092661,-106.859228, ,0.0,0.0,0,0,0,0,0,0,0,0
TF,PAPPA,38.492717,-106.479069,0, ,0.0,0.0,0.0,0.0,0,0,0,0,0,0,0,0
TF,HICKY,38.771336,-106.056361,0, ,0.0,0.0,0.0,0.0,0,0,0,0,0,0,0,0
TF,TERRO,38.891094,-105.873067,0, ,0.0,0.0,0.0,0.0,0,0,0,0,0,0,0,0
TF,MURFE,39.138169,-105.491114,0, ,0.0,0.0,0.0,0.0,0,0,0,0,0,0,0,0
TF,LARKS,39.257397,-105.305161,0, ,0.0,0.0,0.0,0.0,0,0,0,0,0,0,0,0

STAR,LARKS3,PUB,1
IF,PUB,38.294253,-104.429447, ,0.0,0.0,0,0,0,0,0,0,0,0
TF,KANON,38.395903,-105.991822,0, ,0.0,0.0,0.0,0.0,0,0,0,0,0,0,0,0
TF,HICKY,38.771336,-106.056361,0, ,0.0,0.0,0.0,0.0,0,0,0,0,0,0,0,0
TF,TERRO,38.891094,-105.873067,0, ,0.0,0.0,0.0,0.0,0,0,0,0,0,0,0,0
TF,MURFE,39.138169,-105.491114,0, ,0.0,0.0,0.0,0.0,0,0,0,0,0,0,0,0
TF,LARKS,39.257397,-105.305161,0, ,0.0,0.0,0.0,0.0,0,0,0,0,0,0,0,0

STAR,LARKS3,RSK,1
IF,RSK,36.748392,-108.098900, ,0.0,0.0,0,0,0,0,0,0,0,0
TF,LOPEC,38.092661,-106.859228,0, ,0.0,0.0,0.0,0.0,0,0,0,0,0,0,0,0
TF,PAPPA,38.492717,-106.479069,0, ,0.0,0.0,0.0,0.0,0,0,0,0,0,0,0,0
TF,HICKY,38.771336,-106.056361,0, ,0.0,0.0,0.0,0.0,0,0,0,0,0,0,0,0
TF,TERRO,38.891094,-105.873067,0, ,0.0,0.0,0.0,0.0,0,0,0,0,0,0,0,0
TF,MURFE,39.138169,-105.491114,0, ,0.0,0.0,0.0,0.0,0,0,0,0,0,0,0,0
TF,LARKS,39.257397,-105.305161,0, ,0.0,0.0,0.0,0.0,0,0,0,0,0,0,0,0

STAR,LARKS3,ALL,2
IF,LARKS,39.257397,-105.305161, ,0.0,0.0,0,0,0,0,0,0,0,0
TF,PAYDD,39.401600,-105.078817,0, ,0.0,0.0,0.0,0.0,0,0,0,0,0,0,0,0
TF,HUUGE,39.578731,-104.798544,0, ,0.0,0.0,0.0,0.0,0,0,0,0,0,0,0,0
TF,FQF,39.690139,-104.620972,0, ,0.0,0.0,0.0,0.0,0,0,0,0,0,0,0,0

STAR,PINNR3,BANNA,4
IF,BANNA,41.117536,-106.232297, ,0.0,0.0,2,27000,0,0,0,0,0,0
TF,CHOTS,40.856461,-105.656222,0, ,0.0,0.0,0.0,0.0,2,17000,0,0,0,0,0,0
TF,FFEST,40.723678,-105.368800,0, ,0.0,0.0,0.0,0.0,2,14000,0,1,250,0,0,0
TF,PINNR,40.655000,-105.221089,0, ,0.0,0.0,0.0,0.0,2,12000,0,0,0,0,0,0

STAR,PINNR3,ALL,5
IF,PINNR,40.655000,-105.221089, ,0.0,0.0,2,12000,0,0,0,0,0,0
TF,TINGE,40.564472,-105.027136,0, ,0.0,0.0,0.0,0.0,4,11000,10000,0,0,0,0,0
TF,WHOAA,40.441972,-105.026439,0, ,0.0,0.0,0.0,0.0,1,10000,0,0,0,0,0,0
TF,REDZN,40.223925,-105.024514,0, ,0.0,0.0,0.0,0.0,1,10000,0,0,0,0,0,0
TF,PYDRT,40.135450,-105.034897,0, ,0.0,0.0,0.0,0.0,1,9000,0,0,0,0,0,0
TF,AAYES,39.720003,-105.078708,0, ,0.0,0.0,0.0,0.0,1,9000,0,0,0,0,0,1
FM,AAYES,39.720003,-105.078708,0,TDD,0.0,0.0,150.0,0,0,0,0,0,0,0,0

STAR,POWDR1,DBL,1
IF,DBL,39.439344,-106.894681, ,0.0,0.0,0,0,0,0,0,0,0,0
TF,JNETT,39.352311,-106.479581,0, ,0.0,0.0,0.0,0.0,0,0,0,0,0,0,0,0
TF,BASEE,39.206156,-105.800033,0, ,0.0,0.0,0.0,0.0,0,0,0,0,0,0,0,0
TF,SKEED,39.291122,-105.657347,0, ,0.0,0.0,0.0,0.0,0,0,0,0,0,0,0,0
TF,COLAS,39.342931,-105.569656,0, ,0.0,0.0,0.0,0.0,0,0,0,0,0,0,0,0
TF,POWDR,39.395219,-105.481575,0, ,0.0,0.0,0.0,0.0,0,0,0,0,0,0,0,0

STAR,POWDR1,HBU,1
IF,HBU,38.452117,-107.039714, ,0.0,0.0,0,0,0,0,0,0,0,0
TF,GRIPP,38.811578,-106.454717,0, ,0.0,0.0,0.0,0.0,0,0,0,0,0,0,0,0
TF,BASEE,39.206156,-105.800033,0, ,0.0,0.0,0.0,0.0,0,0,0,0,0,0,0,0
TF,SKEED,39.291122,-105.657347,0, ,0.0,0.0,0.0,0.0,0,0,0,0,0,0,0,0
TF,COLAS,39.342931,-105.569656,0, ,0.0,0.0,0.0,0.0,0,0,0,0,0,0,0,0
TF,POWDR,39.395219,-105.481575,0, ,0.0,0.0,0.0,0.0,0,0,0,0,0,0,0,0

STAR,POWDR1,JNC,1
IF,JNC,39.059567,-108.792575, ,0.0,0.0,0,0,0,0,0,0,0,0
TF,DIRDY,38.930050,-107.515086,0, ,0.0,0.0,0.0,0.0,0,0,0,0,0,0,0,0
TF,GRIPP,38.811578,-106.454717,0, ,0.0,0.0,0.0,0.0,0,0,0,0,0,0,0,0
TF,BASEE,39.206156,-105.800033,0, ,0.0,0.0,0.0,0.0,0,0,0,0,0,0,0,0
TF,SKEED,39.291122,-105.657347,0, ,0.0,0.0,0.0,0.0,0,0,0,0,0,0,0,0
TF,COLAS,39.342931,-105.569656,0, ,0.0,0.0,0.0,0.0,0,0,0,0,0,0,0,0
TF,POWDR,39.395219,-105.481575,0, ,0.0,0.0,0.0,0.0,0,0,0,0,0,0,0,0

STAR,POWDR1,ALL,2
IF,POWDR,39.395219,-105.481575, ,0.0,0.0,0,0,0,0,0,0,0,0
TF,HLLIE,39.584214,-105.159939,0, ,0.0,0.0,0.0,0.0,0,0,0,0,0,0,0,0
TF,SLOPE,39.794811,-104.797636,0, ,0.0,0.0,0.0,0.0,0,0,0,0,0,0,0,0
TF,DVV,39.894689,-104.624336,0, ,0.0,0.0,0.0,0.0,0,0,0,0,0,0,0,0

STAR,QUAIL1,HGO,1
IF,HGO,38.817500,-103.621389, ,0.0,0.0,0,0,0,0,0,0,0,0
TF,CONAL,39.122589,-103.966897,0, ,0.0,0.0,0.0,0.0,0,0,0,0,0,0,0,0
TF,QUAIL,39.260781,-104.124894,0, ,0.0,0.0,0.0,0.0,0,0,0,0,0,0,0,0

STAR,QUAIL1,LAA,1
IF,LAA,38.197092,-102.687533, ,0.0,0.0,0,0,0,0,0,0,0,0
TF,HYMNS,38.549139,-103.214047,0, ,0.0,0.0,0.0,0.0,0,0,0,0,0,0,0,0
TF,HGO,38.817500,-103.621389,0, ,0.0,0.0,0.0,0.0,0,0,0,0,0,0,0,0
TF,CONAL,39.122589,-103.966897,0, ,0.0,0.0,0.0,0.0,0,0,0,0,0,0,0,0
TF,QUAIL,39.260781,-104.124894,0, ,0.0,0.0,0.0,0.0,0,0,0,0,0,0,0,0

STAR,QUAIL1,TODDE,1
IF,TODDE,38.252103,-103.616508, ,0.0,0.0,0,0,0,0,0,0,0,0
TF,HGO,38.817500,-103.621389,0, ,0.0,0.0,0.0,0.0,0,0,0,0,0,0,0,0
TF,CONAL,39.122589,-103.966897,0, ,0.0,0.0,0.0,0.0,0,0,0,0,0,0,0,0
TF,QUAIL,39.260781,-104.124894,0, ,0.0,0.0,0.0,0.0,0,0,0,0,0,0,0,0

STAR,QUAIL1,ALL,2
IF,QUAIL,39.260781,-104.124894, ,0.0,0.0,0,0,0,0,0,0,0,0
TF,JEFEL,39.363997,-104.243369,0, ,0.0,0.0,0.0,0.0,0,0,0,0,0,0,0,0
TF,CELMI,39.603322,-104.519969,0, ,0.0,0.0,0.0,0.0,0,0,0,0,0,0,0,0
TF,FQF,39.690139,-104.620972,0, ,0.0,0.0,0.0,0.0,0,0,0,0,0,0,0,0

STAR,RAMMS8,CYS,1
IF,CYS,41.210967,-104.772914, ,0.0,0.0,0,0,0,0,0,0,0,0
TF,ELKEE,40.602144,-105.351781,0, ,0.0,0.0,0.0,0.0,0,0,0,0,0,0,0,0
TF,RAMMS,40.493550,-105.238811,0, ,0.0,0.0,0.0,0.0,0,0,0,0,0,0,0,0

STAR,RAMMS8,LAR,1
IF,LAR,41.337819,-105.720933, ,0.0,0.0,0,0,0,0,0,0,0,0
TF,AUTIM,40.754897,-105.511536,0, ,0.0,0.0,0.0,0.0,0,0,0,0,0,0,0,0
TF,ELKEE,40.602144,-105.351781,0, ,0.0,0.0,0.0,0.0,0,0,0,0,0,0,0,0
TF,RAMMS,40.493550,-105.238811,0, ,0.0,0.0,0.0,0.0,0,0,0,0,0,0,0,0

STAR,RAMMS8,MBW,1
IF,MBW,41.845522,-106.004283, ,0.0,0.0,0,0,0,0,0,0,0,0
TF,AUTIM,40.754897,-105.511536,0, ,0.0,0.0,0.0,0.0,0,0,0,0,0,0,0,0
TF,ELKEE,40.602144,-105.351781,0, ,0.0,0.0,0.0,0.0,0,0,0,0,0,0,0,0
TF,RAMMS,40.493550,-105.238811,0, ,0.0,0.0,0.0,0.0,0,0,0,0,0,0,0,0

STAR,RAMMS8,OCS,1
IF,OCS,41.590211,-109.015328, ,0.0,0.0,0,0,0,0,0,0,0,0
TF,ALPOE,40.957931,-106.315811,0, ,0.0,0.0,0.0,0.0,0,0,0,0,0,0,0,0
TF,AUTIM,40.754897,-105.511536,0, ,0.0,0.0,0.0,0.0,0,0,0,0,0,0,0,0
TF,ELKEE,40.602144,-105.351781,0, ,0.0,0.0,0.0,0.0,0,0,0,0,0,0,0,0
TF,RAMMS,40.493550,-105.238811,0, ,0.0,0.0,0.0,0.0,0,0,0,0,0,0,0,0

STAR,RAMMS8,ALL,2
IF,RAMMS,40.493550,-105.238811, ,0.0,0.0,0,0,0,0,0,0,0,0
TF,NIWOT,40.257222,-104.994614,0, ,0.0,0.0,0.0,0.0,0,0,0,0,0,0,0,0
TF,PRONG,40.075925,-104.808803,0, ,0.0,0.0,0.0,0.0,0,0,0,0,0,0,0,0
TF,DVV,39.894689,-104.624336,0, ,0.0,0.0,0.0,0.0,0,0,0,0,0,0,0,0

STAR,TOMSN9,CHE,1
IF,CHE,40.520081,-107.304900, ,0.0,0.0,0,0,0,0,0,0,0,0
TF,GOULL,40.522150,-106.561842,0, ,0.0,0.0,0.0,0.0,0,0,0,0,0,0,0,0
TF,FROGS,40.520033,-105.894781,0, ,0.0,0.0,0.0,0.0,0,0,0,0,0,0,0,0
TF,RIDJE,40.518175,-105.638133,0, ,0.0,0.0,0.0,0.0,0,0,0,0,0,0,0,0
TF,ALLAN,40.422961,-105.519256,0, ,0.0,0.0,0.0,0.0,0,0,0,0,0,0,0,0
TF,TOMSN,40.356742,-105.436958,0, ,0.0,0.0,0.0,0.0,0,0,0,0,0,0,0,0

STAR,TOMSN9,EKR,1
IF,EKR,40.067442,-107.924950, ,0.0,0.0,0,0,0,0,0,0,0,0
TF,FROGS,40.520033,-105.894781,0, ,0.0,0.0,0.0,0.0,0,0,0,0,0,0,0,0
TF,RIDJE,40.518175,-105.638133,0, ,0.0,0.0,0.0,0.0,0,0,0,0,0,0,0,0
TF,ALLAN,40.422961,-105.519256,0, ,0.0,0.0,0.0,0.0,0,0,0,0,0,0,0,0
TF,TOMSN,40.356742,-105.436958,0, ,0.0,0.0,0.0,0.0,0,0,0,0,0,0,0,0

STAR,TOMSN9,RLG,1
IF,RLG,40.002639,-106.442489, ,0.0,0.0,0,0,0,0,0,0,0,0
TF,FROGS,40.520033,-105.894781,0, ,0.0,0.0,0.0,0.0,0,0,0,0,0,0,0,0
TF,RIDJE,40.518175,-105.638133,0, ,0.0,0.0,0.0,0.0,0,0,0,0,0,0,0,0
TF,ALLAN,40.422961,-105.519256,0, ,0.0,0.0,0.0,0.0,0,0,0,0,0,0,0,0
TF,TOMSN,40.356742,-105.436958,0, ,0.0,0.0,0.0,0.0,0,0,0,0,0,0,0,0

STAR,TOMSN9,ALL,2
IF,TOMSN,40.356742,-105.436958, ,0.0,0.0,0,0,0,0,0,0,0,0
TF,HYGEN,40.151081,-105.182753,0, ,0.0,0.0,0.0,0.0,0,0,0,0,0,0,0,0
TF,SHAFT,39.836394,-104.798042,0, ,0.0,0.0,0.0,0.0,0,0,0,0,0,0,0,0
TF,FQF,39.690139,-104.620972,0, ,0.0,0.0,0.0,0.0,0,0,0,0,0,0,0,0

STAR,ZOMBZ5,STIFS,4
IF,STIFS,38.363258,-105.991125, ,0.0,0.0,0,0,0,0,0,0,0,0
TF,DRAGR,38.566633,-105.849839,0, ,0.0,0.0,0.0,0.0,0,0,0,0,0,0,0,0
TF,LAMOE,38.766328,-105.710169,0, ,0.0,0.0,0.0,0.0,0,0,0,0,0,0,0,0
TF,CRWLR,39.043917,-105.371150,0, ,0.0,0.0,0.0,0.0,2,16000,0,0,0,0,0,0
TF,ZOMBZ,39.188939,-105.192489,0, ,0.0,0.0,0.0,0.0,1,15000,0,1,250,0,0,0

STAR,ZOMBZ5,17L,6
IF,ZOMBZ,39.188939,-105.192489, ,0.0,0.0,1,15000,0,1,250,0,0,0
TF,XBOXX,39.190658,-105.057128,0, ,0.0,0.0,0.0,0.0,4,14000,13000,0,0,0,0,0
TF,XNICE,39.260983,-104.952711,0, ,0.0,0.0,0.0,0.0,1,12000,0,0,0,0,0,0
TF,ZHORN,39.351683,-104.956017,0, ,0.0,0.0,0.0,0.0,1,11000,0,1,210,0,0,1
FM,ZHORN,39.351683,-104.956017,0,DEN,0.0,0.0,350.0,0,0,0,0,0,0,0,0

STAR,ZOMBZ5,35R,6
IF,ZOMBZ,39.188939,-105.192489, ,0.0,0.0,1,15000,0,1,250,0,0,0
TF,XBOXX,39.190658,-105.057128,0, ,0.0,0.0,0.0,0.0,4,14000,13000,0,0,0,0,0
TF,XJOIN,39.172092,-104.942031,0, ,0.0,0.0,0.0,0.0,1,12000,0,0,0,0,0,0
TF,XPATH,39.205886,-104.834850,0, ,0.0,0.0,0.0,0.0,1,11000,0,1,240,0,0,0
TF,XBEEE,39.277986,-104.837358,0, ,0.0,0.0,0.0,0.0,1,9000,0,1,240,0,0,0

APPTR,I35R,35R,XBEEE
IF,XBEEE,39.277986,-104.837358, ,0.0,0.0,1,9000,0,0,0,0,1,0
CF,FIRPI,39.345003,-104.840444,0,IAPA,170.0,14.5,350.0,4.0,1,9000,0,0,0,0,1,0

FINAL,I35R,35R,I,3
IF,FIRPI,39.345003,-104.840444,IAPA,170.0,14.5,1,9000,0,0,0,0,0,0
CF,JIDOG,39.452164,-104.845386,0,IAPA,170.0,8.1,350.0,6.4,1,8000,0,0,0,0,2,0
CF,RW35R,39.556714,-104.850206,0,IAPA,170.0,1.8,350.0,6.3,1,5936,0,0,0,0,3,0
CA,0,350.0,2,7400,0,0,0,0,0,0
VI,2, ,0.0,160.0,0,0,0,0,0,0,0,0
CF,HOHUM,39.358719,-104.847819,0,FQF,197.0,22.5,197.0,12.0,2,9200,0,0,0,0,0,0
HM,HOHUM,39.358719,-104.847819,1, ,0.0,0.0,197.0,04.3,0,0,0,0,0,0,0,0,0

FINAL,R17L,17L,R,3
IF,LOWRE,39.688831,-104.856322, ,0.0,0.0,1,7800,0,1,210,0,0,0
TF,AFTRR,39.639597,-104.854039,0, ,0.0,0.0,170.0,3.0,2,6900,0,0,0,0,2,0
TF,RW17L,39.584144,-104.851472,0, ,0.0,0.0,170.0,3.3,1,5840,0,0,0,0,3,1
CA,0,170.0,2,6300,0,0,0,0,0,0
DF,HOHUM,39.358719,-104.847819,0, ,0.0,0.0,2,10400,0,0,0,0,0,1
HM,HOHUM,39.358719,-104.847819,1, ,0.0,0.0,200.0,07,2,10400,0,0,0,0,0,0,0

APPTR,R28,28,DILVE
IF,DILVE,39.469856,-104.502711, ,0.0,0.0,0,0,0,0,0,0,1,0
TF,DOCKY,39.499933,-104.603103,0, ,0.0,0.0,0.0,0.0,2,8100,0,0,0,0,1,0

APPTR,R28,28,EZBEL
IF,EZBEL,39.533869,-104.504736, ,0.0,0.0,0,0,0,0,0,0,1,0
TF,DOCKY,39.499933,-104.603103,0, ,0.0,0.0,0.0,0.0,2,8100,0,0,0,0,1,0

FINAL,R28,28,R,5
IF,DOCKY,39.499933,-104.603103, ,0.0,0.0,2,8100,0,0,0,0,0,0
TF,MESME,39.519136,-104.667397,0, ,0.0,0.0,283.0,3.2,2,7600,0,0,0,0,0,0
TF,NIDLY,39.536942,-104.727153,0, ,0.0,0.0,283.0,3.0,2,7500,0,0,0,0,2,0
TF,FEGIB,39.547278,-104.761897,0, ,0.0,0.0,283.0,1.7,2,6940,0,0,0,0,0,0
TF,RW28,39.568183,-104.832317,0, ,0.0,0.0,283.0,3.5,1,5835,0,0,0,0,3,1
CA,0,283.0,2,6400,0,0,0,0,0,0
DF,EZBEL,39.533869,-104.504736,2, ,0.0,0.0,2,9000,0,0,0,0,0,1
HM,EZBEL,39.533869,-104.504736,2, ,0.0,0.0,238.0,07,0,0,0,0,0,0,0,0,0

APPTR,R35R,35R,XBEEE
IF,XBEEE,39.277986,-104.837358, ,0.0,0.0,1,9000,0,1,240,0,1,0
TF,FIRPI,39.345003,-104.840444,0, ,0.0,0.0,0.0,0.0,1,9000,0,0,0,0,1,0

FINAL,R35R,35R,R,5
IF,FIRPI,39.345003,-104.840444, ,0.0,0.0,1,9000,0,0,0,0,0,0
TF,JIDOG,39.452164,-104.845386,0, ,0.0,0.0,350.0,6.4,2,8000,0,0,0,0,2,0
TF,RONNI,39.499769,-104.847578,0, ,0.0,0.0,350.0,2.9,2,7060,0,0,0,0,0,0
TF,LECET,39.518003,-104.848419,0, ,0.0,0.0,350.0,1.1,2,6700,0,0,0,0,0,0
TF,RW35R,39.556714,-104.850206,0, ,0.0,0.0,350.0,2.3,1,5936,0,0,0,0,3,1
CA,0,350.0,2,8200,0,0,0,0,0,0
DF,BPUTN,39.528864,-105.024928,1, ,0.0,0.0,2,9600,0,1,240,0,0,1
HM,BPUTN,39.528864,-105.024928,1, ,0.0,0.0,172.0,07,0,0,0,0,0,0,0,0,0

