APPTR,I01,01,AILES
IF,AILES,44.807539,-83.651425, ,0.0,0.0,0,0,0,0,0,0,1,0
VI,0, ,0.0,90.0,2,2800,0,0,0,0,0,0
CF,YARLU,44.860781,-83.560367,0,IAPN,186.8,13.9,7.0,2.7,2,2800,0,0,0,0,1,0

APPTR,I01,01,APN
IF,APN,45.082778,-83.557003, ,0.0,0.0,0,0,0,0,0,0,0,0
TF,AP,44.960772,-83.560086,0, ,0.0,0.0,0.0,0.0,2,2800,0,0,0,0,0,0
PI,AP,44.960772,-83.560086,2,APN,142.0,10.0,187,5.0,2,2800,0,0,0,0,1,0

FINAL,I01,01,I,3
IF,YARLU,44.860781,-83.560367,IAPN,186.8,13.9,2,2800,0,0,0,0,0,0
CF,AP,44.960772,-83.560086,0,IAPN,186.6,7.9,7.0,6.0,1,2761,0,0,0,0,2,0
CF,RW01,45.064942,-83.561369,0,IAPN,186.8,1.7,7.0,6.3,1,735,0,0,0,0,3,0
CA,0,7.0,2,1100,0,0,0,0,0,0
DF,AP,44.960772,-83.560086,1, ,0.0,0.0,2,2800,0,0,0,0,0,0
HM,AP,44.960772,-83.560086,2, ,0.0,0.0,7.0,04.3,0,0,0,0,0,0,0,0,0

APPTR,R01,01,JEGOB
HF,JEGOB,44.858769,-83.560361,2, ,0.0,0.0,7.0,04,2,2800,0,0,0,0,1,0,0

APPTR,R01,01,RABBO
IF,RABBO,45.331594,-84.054450, ,0.0,0.0,0,0,0,0,0,0,0,0
TF,HOLKI,44.858008,-83.677511,0, ,0.0,0.0,0.0,0.0,2,3000,0,0,0,0,1,0
TF,JEGOB,44.858769,-83.560361,0, ,0.0,0.0,0.0,0.0,2,2800,0,0,0,0,1,0

APPTR,R01,01,SPARR
IF,SPARR,45.031192,-84.417136, ,0.0,0.0,0,0,0,0,0,0,0,0
TF,HOLKI,44.858008,-83.677511,0, ,0.0,0.0,0.0,0.0,2,3100,0,0,0,0,1,0
TF,JEGOB,44.858769,-83.560361,0, ,0.0,0.0,0.0,0.0,2,2800,0,0,0,0,1,0

APPTR,R01,01,WHOOP
IF,WHOOP,44.309758,-83.819850, ,0.0,0.0,0,0,0,0,0,0,1,0
TF,JEGOB,44.858769,-83.560361,0, ,0.0,0.0,0.0,0.0,2,3000,0,0,0,0,1,0

FINAL,R01,01,R,3
IF,JEGOB,44.858769,-83.560361, ,0.0,0.0,2,2800,0,0,0,0,0,0
TF,ONSOE,44.958758,-83.560850,0, ,0.0,0.0,7.0,6.0,2,2800,0,0,0,0,2,0
TF,RW01,45.064942,-83.561369,0, ,0.0,0.0,7.0,6.4,1,735,0,0,0,0,3,1
CA,0,7.0,2,974,0,0,0,0,0,0
DF,HIMVO,45.131597,-83.561700,0, ,0.0,0.0,0,0,0,0,0,0,0,0
TF,RABBO,45.331594,-84.054450,0, ,0.0,0.0,0.0,0.0,2,3500,0,0,0,0,0,1
HM,RABBO,45.331594,-84.054450,2, ,0.0,0.0,132.0,04,0,0,0,0,0,0,0,0,0

APPTR,R07,07,GRYDR
HF,GRYDR,44.978558,-83.802183,2, ,0.0,0.0,67.0,04,2,3000,0,0,0,0,1,0,0

APPTR,R07,07,STENZ
IF,STENZ,45.072003,-83.879439, ,0.0,0.0,0,0,0,0,0,0,1,0
TF,GRYDR,44.978558,-83.802183,0, ,0.0,0.0,0.0,0.0,2,3000,0,0,0,0,1,0

APPTR,R07,07,TRSKO
IF,TRSKO,44.885061,-83.725178, ,0.0,0.0,0,0,0,0,0,0,1,0
TF,GRYDR,44.978558,-83.802183,0, ,0.0,0.0,0.0,0.0,2,3000,0,0,0,0,1,0

FINAL,R07,07,R,4
IF,GRYDR,44.978558,-83.802183, ,0.0,0.0,2,3000,0,0,0,0,0,0
TF,MILSS,45.029867,-83.678483,0, ,0.0,0.0,67.0,6.1,2,2500,0,0,0,0,2,0
TF,LEETZ,45.060439,-83.604514,0, ,0.0,0.0,67.0,3.6,2,1340,0,0,0,0,0,0
TF,RW07,45.076039,-83.566700,0, ,0.0,0.0,67.0,1.9,1,748,0,0,0,0,3,1
CA,0,67.0,2,952,0,0,0,0,0,0
DF,MUNCN,45.156058,-83.371922,0, ,0.0,0.0,2,3000,0,0,0,0,0,1
HM,MUNCN,45.156058,-83.371922,2, ,0.0,0.0,247.0,04,2,3000,0,0,0,0,0,0,0

APPTR,R19,19,APN
IF,APN,45.082778,-83.557003, ,0.0,0.0,0,0,0,0,0,0,0,0
TF,UFORE,45.282433,-83.562444,0, ,0.0,0.0,0.0,0.0,2,2500,0,0,0,0,0,1
HF,UFORE,45.282433,-83.562444,2, ,0.0,0.0,187.0,04,2,2500,0,0,0,0,1,0,0

APPTR,R19,19,RNAND
IF,RNAND,45.299794,-83.678106, ,0.0,0.0,0,0,0,0,0,0,1,0
TF,UFORE,45.282433,-83.562444,0, ,0.0,0.0,0.0,0.0,2,2500,0,0,0,0,1,0

FINAL,R19,19,R,4
IF,UFORE,45.282433,-83.562444, ,0.0,0.0,2,2500,0,0,0,0,0,0
TF,LOGOQ,45.180708,-83.561942,0, ,0.0,0.0,187.0,6.1,2,2500,0,0,0,0,2,0
TF,NOFHY,45.119625,-83.561639,0, ,0.0,0.0,187.0,3.7,2,1300,0,0,0,0,0,0
TF,RW19,45.089628,-83.561489,0, ,0.0,0.0,187.0,1.8,1,733,0,0,0,0,3,1
CA,0,187.0,2,933,0,0,0,0,0,0
DF,JEGOB,44.858769,-83.560361,0, ,0.0,0.0,2,2800,0,0,0,0,0,1
HM,JEGOB,44.858769,-83.560361,2, ,0.0,0.0,7.0,04,0,0,0,0,0,0,0,0,0

APPTR,R25,25,FRTOS
IF,FRTOS,45.082481,-83.311842, ,0.0,0.0,0,0,0,1,210,0,1,0
TF,MUNCN,45.156058,-83.371922,0, ,0.0,0.0,0.0,0.0,2,3000,0,0,0,0,1,0

APPTR,R25,25,MUNCN
HF,MUNCN,45.156058,-83.371922,2, ,0.0,0.0,247.0,04,2,3000,0,0,0,0,1,0,0

APPTR,R25,25,PAPPE
IF,PAPPE,45.229606,-83.432156, ,0.0,0.0,0,0,0,1,210,0,1,0
TF,MUNCN,45.156058,-83.371922,0, ,0.0,0.0,0.0,0.0,2,3000,0,0,0,0,1,0

FINAL,R25,25,R,4
IF,MUNCN,45.156058,-83.371922, ,0.0,0.0,2,3000,0,0,0,0,0,0
TF,STNNE,45.129333,-83.437125,0, ,0.0,0.0,247.0,3.2,2,2500,0,0,0,0,2,0
TF,FRSCH,45.096239,-83.517661,0, ,0.0,0.0,247.0,4.0,2,1240,0,0,0,0,0,0
TF,RW25,45.082972,-83.549875,0, ,0.0,0.0,247.0,1.6,1,736,0,0,0,0,3,1
CA,0,247.0,2,963,0,0,0,0,0,0
DF,GRYDR,44.978558,-83.802183,0, ,0.0,0.0,2,3000,0,0,0,0,0,1
HM,GRYDR,44.978558,-83.802183,2, ,0.0,0.0,67.0,04,0,0,0,0,0,0,0,0,0

APPTR,S01,01,SSM
IF,SSM,46.412111,-84.314872, ,0.0,0.0,0,0,0,0,0,0,0,0
TF,CALIX,45.030514,-84.140158,0, ,0.0,0.0,0.0,0.0,2,17000,0,0,0,0,1,0
TF,ISIVE,45.051778,-83.907025,0, ,0.0,0.0,0.0,0.0,2,4000,0,0,0,0,0,0
AF,CUGOD,44.834658,-83.599819,1,APN,194.0,15.0,270.0,2,2800,0,0,0,0,1,0

APPTR,S01,01,TVC
IF,TVC,44.667917,-85.550011, ,0.0,0.0,0,0,0,0,0,0,0,0
TF,CALIX,45.030514,-84.140158,0, ,0.0,0.0,0.0,0.0,2,17000,0,0,0,0,1,0
TF,ISIVE,45.051778,-83.907025,0, ,0.0,0.0,0.0,0.0,2,4000,0,0,0,0,0,0
AF,CUGOD,44.834658,-83.599819,1,APN,194.0,15.0,270.0,2,2800,0,0,0,0,1,0

APPTR,S01,01,YVV
IF,YVV,44.744839,-81.104992, ,0.0,0.0,0,0,0,0,0,0,0,0
TF,WEKOM,45.112703,-83.206614,0, ,0.0,0.0,0.0,0.0,2,17000,0,0,0,0,1,0
AF,CUGOD,44.834658,-83.599819,2,APN,194.0,15.0,90.0,2,2800,0,0,0,0,1,0

FINAL,S01,01,D,5
IF,CUGOD,44.834658,-83.599819,APN,194.0,15.0,2,2800,0,0,0,0,0,0
CF,YISUD,44.917367,-83.585589,0,APN,194.0,10.0,14.0,5.0,2,2800,0,0,0,0,0,0
CF,DIAZO,45.000094,-83.571314,0,APN,194.0,5.0,14.0,5.0,2,2000,0,0,0,0,2,0
CF,HOXAK,45.034811,-83.565311,0,APN,194.0,2.9,14.0,2.1,2,1340,0,0,0,0,0,0
CF,WUDIM,45.056314,-83.561589,0,APN,194.0,1.6,14.0,1.3,1,907,0,0,0,0,3,0
CF,BAHAI,45.330872,-83.513819,0,APN,14.0,15.0,14.0,16.6,2,5000,0,0,0,0,0,0
HM,BAHAI,45.330872,-83.513819,2, ,0.0,0.0,14.0,04.3,2,5000,0,0,0,0,0,0,0

APPTR,S19,19,APN
PI,APN,45.082778,-83.557003,2,APN,310.0,10.0,355,5.0,2,2500,0,0,0,0,1,0
CF,FF19,45.175039,-83.584728,0,APN,355.0,5.7,175.0,4.3,2,2500,0,0,0,0,0,0

FINAL,S19,19,D,3
IF,FF19,45.175039,-83.584728,APN,355.0,5.7,2,2500,0,0,0,0,2,0
CF,DAKRY,45.119000,-83.567878,0,APN,355.0,2.2,175.0,3.4,2,1340,0,0,0,0,0,0
CF,RW19,45.089628,-83.561489,0,APN,342.1,0.5,175.0,1.8,1,738,0,0,0,0,3,0
CF,APN,45.082778,-83.557003,0,APN,0.0,0.0,175.0,0.5,0,0,0,0,0,0,0,1
HM,APN,45.082778,-83.557003,2, ,0.0,0.0,175.0,04.3,2,2500,0,0,0,0,0,0,0

APPTR,T01,01,SSM
IF,SSM,46.412111,-84.314872, ,0.0,0.0,0,0,0,0,0,0,0,0
TF,CALIX,45.030514,-84.140158,0, ,0.0,0.0,0.0,0.0,2,17000,0,0,0,0,1,0
TF,ISIVE,45.051778,-83.907025,0, ,0.0,0.0,0.0,0.0,2,4000,0,0,0,0,0,0
AF,CUGOD,44.834658,-83.599819,1,APN,194.1,15.0,270.0,2,2800,0,0,0,0,1,0

APPTR,T01,01,TVC
IF,TVC,44.667917,-85.550011, ,0.0,0.0,0,0,0,0,0,0,0,0
TF,CALIX,45.030514,-84.140158,0, ,0.0,0.0,0.0,0.0,2,17000,0,0,0,0,1,0
TF,ISIVE,45.051778,-83.907025,0, ,0.0,0.0,0.0,0.0,2,4000,0,0,0,0,0,0
AF,CUGOD,44.834658,-83.599819,1,APN,194.1,15.0,270.0,2,2800,0,0,0,0,1,0

APPTR,T01,01,YVV
IF,YVV,44.744839,-81.104992, ,0.0,0.0,0,0,0,0,0,0,0,0
TF,WEKOM,45.112703,-83.206614,0, ,0.0,0.0,0.0,0.0,2,17000,0,0,0,0,1,0
AF,CUGOD,44.834658,-83.599819,2,APN,194.1,15.0,90.0,2,2800,0,0,0,0,1,0

FINAL,T01,01,D,5
IF,CUGOD,44.834658,-83.599819,APN,194.1,15.0,2,2800,0,0,0,0,0,0
CF,YISUD,44.917367,-83.585589,0,APN,194.2,10.0,14.0,5.0,2,2800,0,0,0,0,0,0
CF,DIAZO,45.000094,-83.571314,0,APN,194.4,5.0,14.0,5.0,2,2000,0,0,0,0,2,0
CF,HOXAK,45.034811,-83.565311,0,APN,194.6,2.9,14.0,2.1,2,1340,0,0,0,0,0,0
CF,WUDIM,45.056314,-83.561589,0,APN,195.2,1.6,14.0,1.3,1,907,0,0,0,0,3,0
CF,BAHAI,45.330872,-83.513819,0,APN,13.9,15.0,14.0,16.6,2,5000,0,0,0,0,0,0
HM,BAHAI,45.330872,-83.513819,2, ,0.0,0.0,14.0,04.3,2,5000,0,0,0,0,0,0,0

APPTR,T19,19,SSM
IF,SSM,46.412111,-84.314872, ,0.0,0.0,0,0,0,0,0,0,0,0
TF,CALIX,45.030514,-84.140158,0, ,0.0,0.0,0.0,0.0,2,17000,0,0,0,0,1,0
TF,ISIVE,45.051778,-83.907025,0, ,0.0,0.0,0.0,0.0,2,4000,0,0,0,0,0,0
AF,YICRU,45.327256,-83.630681,2,APN,354.9,15.0,270.0,2,2800,0,0,0,0,1,0

APPTR,T19,19,TVC
IF,TVC,44.667917,-85.550011, ,0.0,0.0,0,0,0,0,0,0,0,0
TF,CALIX,45.030514,-84.140158,0, ,0.0,0.0,0.0,0.0,2,17000,0,0,0,0,1,0
TF,ISIVE,45.051778,-83.907025,0, ,0.0,0.0,0.0,0.0,2,4000,0,0,0,0,0,0
AF,YICRU,45.327256,-83.630681,2,APN,354.9,15.0,270.0,2,2800,0,0,0,0,1,0

APPTR,T19,19,YVV
IF,YVV,44.744839,-81.104992, ,0.0,0.0,0,0,0,0,0,0,0,0
TF,WEKOM,45.112703,-83.206614,0, ,0.0,0.0,0.0,0.0,2,17000,0,0,0,0,1,0
AF,YICRU,45.327256,-83.630681,1,APN,354.9,15.0,90.0,2,2800,0,0,0,0,1,0

FINAL,T19,19,D,4
IF,YICRU,45.327256,-83.630681,APN,354.9,15.0,2,2800,0,0,0,0,0,0
CF,BRGER,45.164278,-83.581494,0,APN,354.6,5.0,175.0,10.0,2,2300,0,0,0,0,2,0
CF,ZOXOD,45.121897,-83.568750,0,APN,354.2,2.4,175.0,2.6,2,1380,0,0,0,0,0,0
CF,JUDBI,45.099078,-83.561897,0,APN,353.2,1.0,175.0,1.4,1,931,0,0,0,0,3,0
CF,LEGOR,44.838250,-83.483958,0,APN,175.1,15.0,175.0,16.0,2,5000,0,0,0,0,0,0
HM,LEGOR,44.838250,-83.483958,2, ,0.0,0.0,175.0,04.3,2,5000,0,0,0,0,0,0,0

