APPTR,I04-Y,04,LLYLE
HF,LLYLE,33.292033,-86.285706,1, ,0.0,0.0,38.0,04.3,2,2800,0,0,0,0,1,0,0
CF,GACBU,33.448758,-86.153464,0,IASN,218.4,9.5,38.0,11.5,2,2700,0,0,0,0,0,0

FINAL,I04-Y,04,I,3
IF,GACBU,33.448758,-86.153464,IASN,218.4,9.5,2,2700,0,0,0,0,0,0
CF,OXSAP,33.488086,-86.120197,0,IASN,218.4,6.6,38.0,2.9,1,2300,0,0,0,0,2,0
CF,RW04,33.562747,-86.056933,0,IASN,218.4,1.2,38.0,5.5,1,554,0,0,0,0,3,0
CA,0,38.0,2,1300,0,0,0,0,0,0
DF,JOTAV,33.605069,-86.306831,1, ,0.0,0.0,2,3700,0,0,0,0,0,0
HM,JOTAV,33.605069,-86.306831,2, ,0.0,0.0,111.0,04.3,0,0,0,0,0,0,0,0,0

APPTR,I04-Z,04,ADZIN
IF,ADZIN,33.176942,-86.382278, ,0.0,0.0,0,0,0,0,0,0,1,0
TF,LLYLE,33.292033,-86.285706,0, ,0.0,0.0,0.0,0.0,2,2800,0,0,0,0,1,0
CF,GACBU,33.448758,-86.153464,0,IASN,218.4,9.5,38.0,11.5,2,2700,0,0,0,0,0,0

APPTR,I04-Z,04,LLYLE
HF,LLYLE,33.292033,-86.285706,1, ,0.0,0.0,38.0,04.3,2,2800,0,0,0,0,1,0,0
CF,GACBU,33.448758,-86.153464,0,IASN,218.4,9.5,38.0,11.5,2,2700,0,0,0,0,0,0

FINAL,I04-Z,04,I,3
IF,GACBU,33.448758,-86.153464,IASN,218.4,9.5,2,2700,0,0,0,0,0,0
CF,OXSAP,33.488086,-86.120197,0,IASN,218.4,6.6,38.0,2.9,1,2300,0,0,0,0,2,0
CF,RW04,33.562747,-86.056933,0,IASN,218.4,1.2,38.0,5.5,1,554,0,0,0,0,3,0
CA,0,38.0,2,1300,0,0,0,0,0,0
VI,1, ,0.0,242.0,0,0,0,0,0,0,0,0
CF,JOTAV,33.605069,-86.306831,0,VUZ,95.3,30.0,275.0,8.0,2,3700,0,0,0,0,0,0
HM,JOTAV,33.605069,-86.306831,1, ,0.0,0.0,95.0,04.3,0,0,0,0,0,0,0,0,0

APPTR,R04,04,LLYLE
HF,LLYLE,33.292033,-86.285706,1, ,0.0,0.0,38.0,04,2,2800,0,0,0,0,1,0,0

FINAL,R04,04,R,5
IF,LLYLE,33.292033,-86.285706, ,0.0,0.0,2,2800,0,0,0,0,0,0
TF,GACBU,33.448758,-86.153464,0, ,0.0,0.0,38.0,11.5,2,2700,0,0,0,0,0,0
TF,OXSAP,33.488086,-86.120197,0, ,0.0,0.0,38.0,2.9,2,2300,0,0,0,0,2,0
TF,CIBOG,33.531433,-86.083483,0, ,0.0,0.0,38.0,3.2,2,1280,0,0,0,0,0,0
TF,RW04,33.562747,-86.056933,0, ,0.0,0.0,38.0,2.3,1,554,0,0,0,0,3,1
CA,0,38.0,2,1300,0,0,0,0,0,0
DF,JOTAV,33.605069,-86.306831,1, ,0.0,0.0,2,3700,0,0,0,0,0,1
HM,JOTAV,33.605069,-86.306831,2, ,0.0,0.0,111.0,04,2,3700,0,0,0,0,0,0,0

APPTR,R22,22,ZEKNE
HF,ZEKNE,33.773517,-85.877736,2, ,0.0,0.0,218.0,04,2,3100,0,0,0,0,1,0,0

FINAL,R22,22,R,4
IF,ZEKNE,33.773517,-85.877736, ,0.0,0.0,2,3100,0,0,0,0,0,0
TF,KOZJE,33.654339,-85.979156,0, ,0.0,0.0,218.0,8.8,2,2400,0,0,0,0,2,0
TF,SOVPE,33.617097,-86.010803,0, ,0.0,0.0,218.0,2.7,2,1520,0,0,0,0,0,0
TF,RW22,33.576261,-86.045469,0, ,0.0,0.0,218.0,3.0,1,573,0,0,0,0,3,1
CA,0,218.0,2,1200,0,0,0,0,0,0
DF,JOTAV,33.605069,-86.306831,2, ,0.0,0.0,2,3700,0,0,0,0,0,0
HM,JOTAV,33.605069,-86.306831,2, ,0.0,0.0,111.0,04,0,0,0,0,0,0,0,0,0

