SID,PYNUN7,15,1
VD, ,0,0,0,BAB,0.0,0.0,145.0,3.0,0,0,0,0,0,0,0,0
VR,1,BAB,86.0,300.0,2,6000,0,0,0,0,0,0
VI,0, ,0.0,300.0,0,0,0,0,0,0,0,0
CF,PYNUN,39.944172,-121.483592,0,SAC,345.0,90.0,345.0,43.0,0,0,0,0,0,0,0,0

SID,PYNUN7,33,1
VI,0, ,0.0,325.0,0,0,0,0,0,0,0,0
CF,PYNUN,39.944172,-121.483592,0,SAC,345.0,90.0,345.0,41.0,0,0,0,0,0,0,0,0

APPTR,I15-Y,15,HAPAK
IF,HAPAK,39.389075,-121.545100, ,0.0,0.0,2,3600,0,0,0,0,1,0
CF,JONUG,39.325514,-121.518944,0,IBAB,325.4,13.6,146.0,4.0,2,2600,0,0,0,0,1,0

FINAL,I15-Y,15,I,3
IF,JONUG,39.325514,-121.518944,IBAB,325.4,13.6,2,2600,0,0,0,0,0,0
CF,HAMMS,39.229689,-121.477225,0,IBAB,325.4,7.6,145.0,6.1,1,1600,0,0,0,0,2,0
CF,RW15,39.151711,-121.443350,0,IBAB,325.4,2.6,145.0,4.9,1,160,0,0,0,0,3,0
VA,0,145.0,2,700,0,0,0,0,0,0
VI,2, ,0.0,11.0,0,0,0,0,0,0,0,0
CF,HAPAK,39.389075,-121.545100,0,BAB,326.3,16.0,326.0,11.0,2,4400,0,0,0,0,0,0
HM,HAPAK,39.389075,-121.545100,2, ,0.0,0.0,146.0,09,3,10000,0,0,0,0,0,0,0

APPTR,I15-Z,15,GIMMY
IF,GIMMY,39.706778,-121.676603, ,0.0,0.0,2,12000,0,0,0,0,1,0
TF,HAPAK,39.389075,-121.545100,0, ,0.0,0.0,0.0,0.0,2,3600,0,0,0,0,0,0
CF,JONUG,39.325514,-121.518944,0,IBAB,325.4,13.6,146.0,4.0,2,2600,0,0,0,0,1,0

FINAL,I15-Z,15,I,3
IF,JONUG,39.325514,-121.518944,IBAB,325.4,13.6,2,2600,0,0,0,0,0,0
CF,HAMMS,39.229689,-121.477225,0,IBAB,325.4,7.6,145.0,6.1,1,1600,0,0,0,0,2,0
CF,RW15,39.151711,-121.443350,0,IBAB,325.4,2.6,145.0,4.9,1,160,0,0,0,0,3,0
VA,0,145.0,2,700,0,0,0,0,0,0
VI,2, ,0.0,11.0,0,0,0,0,0,0,0,0
CF,HAPAK,39.389075,-121.545100,0,BAB,326.3,16.0,326.0,11.0,2,4400,0,0,0,0,0,0
HM,HAPAK,39.389075,-121.545100,2, ,0.0,0.0,146.0,09,3,10000,0,0,0,0,0,0,0

APPTR,I33-Y,33,ZALNO
IF,ZALNO,39.065414,-121.132206, ,0.0,0.0,2,8000,0,0,0,0,1,0
AF,D136O,38.913750,-121.290381,2,BAB,136.0,15.0,90.0,2,3200,0,0,0,0,0,0
VI,0,IMIZ,0.0,295.0,0,0,0,0,0,0,0,0

FINAL,I33-Y,33,I,3
IF,ZUTUK,38.898778,-121.334178,IMIZ,145.4,16.5,2,3200,0,0,0,0,0,0
CF,ZEGSO,39.043811,-121.396692,0,IMIZ,145.4,7.3,325.0,9.2,1,1700,0,0,0,0,2,0
CF,RW33,39.120492,-121.429822,0,IMIZ,145.3,2.5,325.0,4.9,1,155,0,0,0,0,3,0
CA,0,325.0,2,520,0,0,0,0,0,0
CF,HAPAK,39.389075,-121.545100,0,BAB,326.3,16.0,326.0,16.5,2,3600,0,0,0,0,0,0
HM,HAPAK,39.389075,-121.545100,2, ,0.0,0.0,146.0,09,3,10000,0,0,0,0,0,0,0

APPTR,I33-Z,33,ZALNO
IF,ZALNO,39.065414,-121.132206, ,0.0,0.0,2,8000,0,0,0,0,1,0
AF,D136O,38.913750,-121.290381,2,BAB,136.0,15.0,90.0,2,3200,0,0,0,0,0,0
VI,0,IMIZ,0.0,295.0,0,0,0,0,0,0,0,0

FINAL,I33-Z,33,I,3
IF,ZUTUK,38.898778,-121.334178,IMIZ,145.4,16.5,2,3200,0,0,0,0,0,0
CF,ZEGSO,39.043811,-121.396692,0,IMIZ,145.4,7.3,325.0,9.2,1,1700,0,0,0,0,2,0
CF,RW33,39.120492,-121.429822,0,IMIZ,145.3,2.5,325.0,4.9,1,155,0,0,0,0,3,0
CA,0,325.0,2,520,0,0,0,0,0,0
CF,HAPAK,39.389075,-121.545100,0,BAB,326.3,16.0,326.0,16.5,2,3600,0,0,0,0,0,0
HM,HAPAK,39.389075,-121.545100,2, ,0.0,0.0,146.0,09,3,10000,0,0,0,0,0,0,0

APPTR,R15,15,GGASR
IF,GGASR,39.405797,-121.553911, ,0.0,0.0,2,3600,0,0,0,0,1,0
TF,PELAE,39.328536,-121.520200,0, ,0.0,0.0,0.0,0.0,2,2600,0,0,0,0,1,0

FINAL,R15,15,R,3
IF,PELAE,39.328536,-121.520200, ,0.0,0.0,2,2600,0,0,0,0,0,0
TF,PEDCE,39.235111,-121.479547,0, ,0.0,0.0,145.0,5.9,2,1700,0,0,0,0,2,0
TF,RW15,39.151711,-121.443350,0, ,0.0,0.0,145.0,5.3,1,160,0,0,0,0,3,1
CA,0,145.0,2,513,0,0,0,0,0,0
DF,RADRE,39.074492,-121.409917,0, ,0.0,0.0,0,0,0,0,0,0,0,0
TF,ZUTUK,38.898778,-121.334178,0, ,0.0,0.0,0.0,0.0,0,0,0,0,0,0,0,0
TF,RAGTE,38.812711,-121.151400,0, ,0.0,0.0,0.0,0.0,2,3600,0,0,0,0,0,1
HM,RAGTE,38.812711,-121.151400,1, ,0.0,0.0,105.0,09,3,10000,0,0,0,0,0,0,0

APPTR,R33,33,PEGBR
IF,PEGBR,38.950664,-121.128958, ,0.0,0.0,2,4500,0,0,0,0,1,0
TF,ZUTUK,38.898778,-121.334178,0, ,0.0,0.0,0.0,0.0,2,3200,0,0,0,0,1,0

APPTR,R33,33,TALON
IF,TALON,38.843742,-121.537894, ,0.0,0.0,2,4500,0,0,0,0,1,0
TF,ZUTUK,38.898778,-121.334178,0, ,0.0,0.0,0.0,0.0,2,3200,0,0,0,0,1,0

FINAL,R33,33,R,4
IF,ZUTUK,38.898778,-121.334178, ,0.0,0.0,2,3200,0,0,0,0,1,0
TF,ROBME,39.043819,-121.396658,0, ,0.0,0.0,325.0,9.2,2,1700,0,0,0,0,2,0
TF,BACAT,39.079392,-121.412036,0, ,0.0,0.0,325.0,2.3,2,980,0,0,0,0,0,0
TF,RW33,39.120492,-121.429822,0, ,0.0,0.0,325.0,2.6,1,155,0,0,0,0,3,1
CA,0,325.0,2,513,0,0,0,0,0,0
DF,SAKEE,39.198406,-121.463639,0, ,0.0,0.0,0,0,0,0,0,0,0,0
TF,HAPAK,39.389075,-121.545100,0, ,0.0,0.0,0.0,0.0,2,3600,0,0,0,0,0,1
HM,HAPAK,39.389075,-121.545100,2, ,0.0,0.0,146.0,09,3,10000,0,0,0,0,0,0,0

APPTR,T15-Y,15,ZARAG
IF,ZARAG,39.413150,-121.510511, ,0.0,0.0,2,4500,0,0,0,0,1,0
TF,AHART,39.331286,-121.489939,0, ,0.0,0.0,0.0,0.0,2,2600,0,0,0,0,1,0

FINAL,T15-Y,15,D,5
IF,AHART,39.331286,-121.489939,BAB,333.0,12.0,2,2600,0,0,0,0,0,0
CF,BBEEZ,39.249419,-121.469414,0,BAB,333.0,7.0,153.0,5.0,2,1800,0,0,0,0,0,0
CF,ZINUX,39.229769,-121.464492,0,BAB,333.0,5.8,153.0,1.2,2,1600,0,0,0,0,2,0
CF,JUMPS,39.197019,-121.456303,0,BAB,333.0,3.8,153.0,2.0,2,1000,0,0,0,0,0,0
CF,AGEKE,39.159358,-121.446889,0,BAB,333.0,1.5,153.0,2.3,1,311,0,0,0,0,3,0
CA,0,153.0,2,700,0,0,0,0,0,0
VI,2, ,0.0,18.0,0,0,0,0,0,0,0,0
CF,ZARAG,39.413150,-121.510511,0,BAB,333.0,17.0,333.0,12.0,2,4700,0,0,0,0,0,0
HM,ZARAG,39.413150,-121.510511,2, ,0.0,0.0,153.0,09,3,10000,0,0,0,0,0,0,0

APPTR,T15-Z,15,HOLLI
IF,HOLLI,39.822394,-121.614108, ,0.0,0.0,2,19000,0,0,0,0,1,0
TF,WEKUR,39.576864,-121.551803,0, ,0.0,0.0,0.0,0.0,2,11000,0,0,0,0,0,0
TF,ZARAG,39.413150,-121.510511,0, ,0.0,0.0,0.0,0.0,2,4400,0,0,0,0,0,0
TF,AHART,39.331286,-121.489939,0, ,0.0,0.0,0.0,0.0,2,2600,0,0,0,0,1,0

APPTR,T15-Z,15,SHLTR
IF,SHLTR,39.389572,-121.280550, ,0.0,0.0,2,10000,0,0,0,0,1,0
AF,WIKAN,39.407353,-121.339997,1,BAB,360.0,17.0,10.0,2,8000,0,0,0,0,0,0
AF,ZARAG,39.413150,-121.510511,1,BAB,333.0,17.0,360.0,2,4400,0,0,0,0,0,0
TF,AHART,39.331286,-121.489939,0, ,0.0,0.0,0.0,0.0,2,2600,0,0,0,0,1,0

FINAL,T15-Z,15,D,5
IF,AHART,39.331286,-121.489939,BAB,333.0,12.0,2,2600,0,0,0,0,0,0
CF,BBEEZ,39.249419,-121.469414,0,BAB,333.0,7.0,153.0,5.0,2,1800,0,0,0,0,0,0
CF,ZINUX,39.229769,-121.464492,0,BAB,333.0,5.8,153.0,1.2,2,1600,0,0,0,0,2,0
CF,JUMPS,39.197019,-121.456303,0,BAB,333.0,3.8,153.0,2.0,2,1000,0,0,0,0,0,0
CF,AGEKE,39.159358,-121.446889,0,BAB,333.0,1.5,153.0,2.3,1,311,0,0,0,0,3,1
CA,0,153.0,2,700,0,0,0,0,0,0
VI,2, ,0.0,18.0,0,0,0,0,0,0,0,0
CF,ZARAG,39.413150,-121.510511,0,BAB,333.0,17.0,333.0,12.0,2,4700,0,0,0,0,0,0
HM,ZARAG,39.413150,-121.510511,2, ,0.0,0.0,153.0,09,3,10000,0,0,0,0,0,0,0

APPTR,T33-Y,33,ZALNO
IF,ZALNO,39.065414,-121.132206, ,0.0,0.0,2,8000,0,0,0,0,1,0
AF,COLSO,38.911744,-121.295347,2,BAB,137.0,15.0,90.0,2,3200,0,0,0,0,1,0

FINAL,T33-Y,33,D,4
IF,COLSO,38.911744,-121.295347,BAB,137.0,15.0,2,3200,0,0,0,0,0,0
CF,SHERI,39.045597,-121.382483,0,BAB,137.0,6.0,317.0,9.0,2,1800,0,0,0,0,2,0
CF,SOROC,39.079792,-121.404806,0,BAB,137.0,3.7,317.0,2.3,2,1000,0,0,0,0,0,0
CF,EGUYO,39.112497,-121.426172,0,BAB,137.0,1.5,317.0,2.2,1,322,0,0,0,0,3,0
CF,HAPAK,39.389075,-121.545100,0,BAB,326.3,16.0,326.0,17.5,2,3600,0,0,0,0,0,0
HM,HAPAK,39.389075,-121.545100,2, ,0.0,0.0,146.0,09,3,10000,0,0,0,0,0,0,0

APPTR,T33-Z,33,ZALNO
IF,ZALNO,39.065414,-121.132206, ,0.0,0.0,2,8000,0,0,0,0,1,0
AF,COLSO,38.911744,-121.295347,2,BAB,137.0,15.0,90.0,2,3200,0,0,0,0,1,0

FINAL,T33-Z,33,D,4
IF,COLSO,38.911744,-121.295347,BAB,137.0,15.0,2,3200,0,0,0,0,0,0
CF,SHERI,39.045597,-121.382483,0,BAB,137.0,6.0,317.0,9.0,2,1800,0,0,0,0,2,0
CF,SOROC,39.079792,-121.404806,0,BAB,137.0,3.7,317.0,2.3,2,1000,0,0,0,0,0,0
CF,EGUYO,39.112497,-121.426172,0,BAB,137.0,1.5,317.0,2.2,1,322,0,0,0,0,3,0
CF,HAPAK,39.389075,-121.545100,0,BAB,326.3,16.0,326.0,17.5,2,3600,0,0,0,0,0,0
HM,HAPAK,39.389075,-121.545100,2, ,0.0,0.0,146.0,09,3,10000,0,0,0,0,0,0,0

