SID,ALISS6,13,4
VM,0,0,0,128.0,0,0,0,0,0,0,0,0
DF,TREVA,29.781961,-98.653917,0, ,0.0,0.0,2,5000,0,0,0,0,0,0

SID,ALISS6,17,4
VM,0,0,0,173.0,0,0,0,0,0,0,0,0
DF,TREVA,29.781961,-98.653917,0, ,0.0,0.0,2,5000,0,0,0,0,0,0

SID,ALISS6,31,4
VM,0,0,0,308.0,0,0,0,0,0,0,0,0
DF,TREVA,29.781961,-98.653917,0, ,0.0,0.0,2,5000,0,0,0,0,0,0

SID,ALISS6,35,4
VM,0,0,0,353.0,0,0,0,0,0,0,0,0
DF,TREVA,29.781961,-98.653917,0, ,0.0,0.0,2,5000,0,0,0,0,0,0

SID,ALISS6,ALL,5
IF,TREVA,29.781961,-98.653917, ,0.0,0.0,2,5000,0,0,0,0,0,0
TF,TATAR,29.887086,-98.802458,0, ,0.0,0.0,0.0,0.0,0,0,0,0,0,0,0,0
TF,ALISS,30.112964,-99.122117,0, ,0.0,0.0,0.0,0.0,0,0,0,0,0,0,0,0

SID,SLENA1,13,4
VM,0,0,0,128.0,0,0,0,0,0,0,0,0
DF,YENNS,29.067942,-98.321983,0, ,0.0,0.0,2,5000,0,0,0,0,0,0

SID,SLENA1,17,4
VM,0,0,0,173.0,0,0,0,0,0,0,0,0
DF,YENNS,29.067942,-98.321983,0, ,0.0,0.0,2,5000,0,0,0,0,0,0

SID,SLENA1,31,4
VM,0,0,0,308.0,0,0,0,0,0,0,0,0
DF,YENNS,29.067942,-98.321983,0, ,0.0,0.0,2,5000,0,0,0,0,0,0

SID,SLENA1,35,4
VM,0,0,0,353.0,0,0,0,0,0,0,0,0
DF,YENNS,29.067942,-98.321983,0, ,0.0,0.0,2,5000,0,0,0,0,0,0

SID,SLENA1,ALL,5
IF,YENNS,29.067942,-98.321983, ,0.0,0.0,2,5000,0,0,0,0,0,0
TF,LILJO,28.761339,-98.228331,0, ,0.0,0.0,0.0,0.0,0,0,0,0,0,0,0,0
TF,SLENA,28.488856,-98.145578,0, ,0.0,0.0,0.0,0.0,0,0,0,0,0,0,0,0

SID,SLENA1,BRENI,6
IF,SLENA,28.488856,-98.145578, ,0.0,0.0,0,0,0,0,0,0,0,0
TF,BRENI,27.903861,-97.445033,0, ,0.0,0.0,0.0,0.0,0,0,0,0,0,0,0,0

SID,SNIDR1,13,4
VM,0,0,0,128.0,0,0,0,0,0,0,0,0
DF,WRKIT,29.629456,-98.245808,0, ,0.0,0.0,2,5000,0,0,0,0,0,0

SID,SNIDR1,17,4
VM,0,0,0,173.0,0,0,0,0,0,0,0,0
DF,WRKIT,29.629456,-98.245808,0, ,0.0,0.0,2,5000,0,0,0,0,0,0

SID,SNIDR1,31,4
VM,0,0,0,308.0,0,0,0,0,0,0,0,0
DF,WRKIT,29.629456,-98.245808,0, ,0.0,0.0,2,5000,0,0,0,0,0,0

SID,SNIDR1,35,4
VM,0,0,0,353.0,0,0,0,0,0,0,0,0
DF,WRKIT,29.629456,-98.245808,0, ,0.0,0.0,2,5000,0,0,0,0,0,0

SID,SNIDR1,ALL,5
IF,WRKIT,29.629456,-98.245808, ,0.0,0.0,2,5000,0,0,0,0,0,0
TF,CHURN,29.650664,-98.017472,0, ,0.0,0.0,0.0,0.0,0,0,0,0,0,0,0,0
TF,SNIDR,29.653350,-97.830042,0, ,0.0,0.0,0.0,0.0,0,0,0,0,0,0,0,0

SID,SNIDR1,BLUMS,6
IF,SNIDR,29.653350,-97.830042, ,0.0,0.0,0,0,0,0,0,0,0,0
TF,SEEDS,29.658872,-97.249628,0, ,0.0,0.0,0.0,0.0,0,0,0,0,0,0,0,0
TF,WEMAR,29.660319,-97.010403,0, ,0.0,0.0,0.0,0.0,0,0,0,0,0,0,0,0
TF,FFSSH,29.661381,-96.799950,0, ,0.0,0.0,0.0,0.0,0,0,0,0,0,0,0,0
TF,WHAEL,29.662261,-96.504739,0, ,0.0,0.0,0.0,0.0,0,0,0,0,0,0,0,0
TF,BLUMS,29.659764,-95.752822,0, ,0.0,0.0,0.0,0.0,0,0,0,0,0,0,0,0

SID,SNIDR1,CAAGE,6
IF,SNIDR,29.653350,-97.830042, ,0.0,0.0,0,0,0,0,0,0,0,0
TF,SEEDS,29.658872,-97.249628,0, ,0.0,0.0,0.0,0.0,0,0,0,0,0,0,0,0
TF,WEMAR,29.660319,-97.010403,0, ,0.0,0.0,0.0,0.0,0,0,0,0,0,0,0,0
TF,FFSSH,29.661381,-96.799950,0, ,0.0,0.0,0.0,0.0,0,0,0,0,0,0,0,0
TF,WHAEL,29.662261,-96.504739,0, ,0.0,0.0,0.0,0.0,0,0,0,0,0,0,0,0
TF,CAAGE,29.956878,-95.345903,0, ,0.0,0.0,0.0,0.0,0,0,0,0,0,0,0,0

SID,SNIDR1,FFSSH,6
IF,SNIDR,29.653350,-97.830042, ,0.0,0.0,0,0,0,0,0,0,0,0
TF,SEEDS,29.658872,-97.249628,0, ,0.0,0.0,0.0,0.0,0,0,0,0,0,0,0,0
TF,WEMAR,29.660319,-97.010403,0, ,0.0,0.0,0.0,0.0,0,0,0,0,0,0,0,0
TF,FFSSH,29.661381,-96.799950,0, ,0.0,0.0,0.0,0.0,0,0,0,0,0,0,0,0

SID,SNIDR1,MOLLR,6
IF,SNIDR,29.653350,-97.830042, ,0.0,0.0,0,0,0,0,0,0,0,0
TF,SEEDS,29.658872,-97.249628,0, ,0.0,0.0,0.0,0.0,0,0,0,0,0,0,0,0
TF,WEMAR,29.660319,-97.010403,0, ,0.0,0.0,0.0,0.0,0,0,0,0,0,0,0,0
TF,FFSSH,29.661381,-96.799950,0, ,0.0,0.0,0.0,0.0,0,0,0,0,0,0,0,0
TF,WHAEL,29.662261,-96.504739,0, ,0.0,0.0,0.0,0.0,0,0,0,0,0,0,0,0
TF,BLUMS,29.659764,-95.752822,0, ,0.0,0.0,0.0,0.0,0,0,0,0,0,0,0,0
TF,BALIO,29.657825,-95.544414,0, ,0.0,0.0,0.0,0.0,0,0,0,0,0,0,0,0
TF,MOLLR,29.655619,-95.276619,0, ,0.0,0.0,0.0,0.0,0,0,0,0,0,0,0,0

SID,SNIDR1,SEEDS,6
IF,SNIDR,29.653350,-97.830042, ,0.0,0.0,0,0,0,0,0,0,0,0
TF,SEEDS,29.658872,-97.249628,0, ,0.0,0.0,0.0,0.0,0,0,0,0,0,0,0,0

SID,SNIDR1,WEMAR,6
IF,SNIDR,29.653350,-97.830042, ,0.0,0.0,0,0,0,0,0,0,0,0
TF,SEEDS,29.658872,-97.249628,0, ,0.0,0.0,0.0,0.0,0,0,0,0,0,0,0,0
TF,WEMAR,29.660319,-97.010403,0, ,0.0,0.0,0.0,0.0,0,0,0,0,0,0,0,0

SID,SNIDR1,WHAEL,6
IF,SNIDR,29.653350,-97.830042, ,0.0,0.0,0,0,0,0,0,0,0,0
TF,SEEDS,29.658872,-97.249628,0, ,0.0,0.0,0.0,0.0,0,0,0,0,0,0,0,0
TF,WEMAR,29.660319,-97.010403,0, ,0.0,0.0,0.0,0.0,0,0,0,0,0,0,0,0
TF,FFSSH,29.661381,-96.799950,0, ,0.0,0.0,0.0,0.0,0,0,0,0,0,0,0,0
TF,WHAEL,29.662261,-96.504739,0, ,0.0,0.0,0.0,0.0,0,0,0,0,0,0,0,0

SID,SNIDR1,WYLSN,6
IF,SNIDR,29.653350,-97.830042, ,0.0,0.0,0,0,0,0,0,0,0,0
TF,SEEDS,29.658872,-97.249628,0, ,0.0,0.0,0.0,0.0,0,0,0,0,0,0,0,0
TF,WEMAR,29.660319,-97.010403,0, ,0.0,0.0,0.0,0.0,0,0,0,0,0,0,0,0
TF,WHAEL,29.662261,-96.504739,0, ,0.0,0.0,0.0,0.0,0,0,0,0,0,0,0,0
TF,WYLSN,30.307786,-95.321964,0, ,0.0,0.0,0.0,0.0,0,0,0,0,0,0,0,0

SID,TJANO1,13,4
VM,0,0,0,128.0,0,0,0,0,0,0,0,0
DF,LVACA,29.108150,-98.683236,0, ,0.0,0.0,2,5000,0,0,0,0,0,0

SID,TJANO1,17,4
VM,0,0,0,173.0,0,0,0,0,0,0,0,0
DF,LVACA,29.108150,-98.683236,0, ,0.0,0.0,2,5000,0,0,0,0,0,0

SID,TJANO1,31,4
VM,0,0,0,308.0,0,0,0,0,0,0,0,0
DF,LVACA,29.108150,-98.683236,0, ,0.0,0.0,2,5000,0,0,0,0,0,0

SID,TJANO1,35,4
VM,0,0,0,353.0,0,0,0,0,0,0,0,0
DF,LVACA,29.108150,-98.683236,0, ,0.0,0.0,2,5000,0,0,0,0,0,0

SID,TJANO1,ALL,5
IF,LVACA,29.108150,-98.683236, ,0.0,0.0,2,5000,0,0,0,0,0,0
TF,TJANO,28.816825,-98.869425,0, ,0.0,0.0,0.0,0.0,0,0,0,0,0,0,0,0

SID,TJANO1,KAHAN,6
IF,TJANO,28.816825,-98.869425, ,0.0,0.0,0,0,0,0,0,0,0,0
TF,TEEPY,28.280281,-99.217425,0, ,0.0,0.0,0.0,0.0,0,0,0,0,0,0,0,0
TF,KAHAN,27.774233,-99.328375,0, ,0.0,0.0,0.0,0.0,0,0,0,0,0,0,0,0

SID,TJANO1,ZANNI,6
IF,TJANO,28.816825,-98.869425, ,0.0,0.0,0,0,0,0,0,0,0,0
TF,TEEPY,28.280281,-99.217425,0, ,0.0,0.0,0.0,0.0,0,0,0,0,0,0,0,0
TF,ZANNI,27.809656,-99.412208,0, ,0.0,0.0,0.0,0.0,0,0,0,0,0,0,0,0

SID,YODUH1,13,4
VM,0,0,0,128.0,0,0,0,0,0,0,0,0
DF,SITHH,29.857406,-98.420253,0, ,0.0,0.0,2,5000,0,0,0,0,0,0

SID,YODUH1,17,4
VM,0,0,0,173.0,0,0,0,0,0,0,0,0
DF,SITHH,29.857406,-98.420253,0, ,0.0,0.0,2,5000,0,0,0,0,0,0

SID,YODUH1,31,4
VM,0,0,0,308.0,0,0,0,0,0,0,0,0
DF,SITHH,29.857406,-98.420253,0, ,0.0,0.0,2,5000,0,0,0,0,0,0

SID,YODUH1,35,4
VM,0,0,0,353.0,0,0,0,0,0,0,0,0
DF,SITHH,29.857406,-98.420253,0, ,0.0,0.0,2,5000,0,0,0,0,0,0

SID,YODUH1,ALL,5
IF,SITHH,29.857406,-98.420253, ,0.0,0.0,2,5000,0,0,0,0,0,0
TF,YODUH,30.073250,-98.392514,0, ,0.0,0.0,0.0,0.0,0,0,0,0,0,0,0,0

SID,YODUH1,KLNGR,6
IF,YODUH,30.073250,-98.392514, ,0.0,0.0,0,0,0,0,0,0,0,0
TF,KLNGR,31.223553,-98.038847,0, ,0.0,0.0,0.0,0.0,0,0,0,0,0,0,0,0

SID,YODUH1,PRTZY,6
IF,YODUH,30.073250,-98.392514, ,0.0,0.0,0,0,0,0,0,0,0,0
TF,GJACK,31.303211,-99.133119,0, ,0.0,0.0,0.0,0.0,0,0,0,0,0,0,0,0
TF,PRTZY,32.481175,-99.863383,0, ,0.0,0.0,0.0,0.0,0,0,0,0,0,0,0,0

STAR,CRVZA1,BRENI,4
IF,BRENI,27.903861,-97.445033, ,0.0,0.0,0,0,0,0,0,0,0,0
TF,EELIZ,28.193542,-97.906036,0, ,0.0,0.0,0.0,0.0,0,0,0,0,0,0,0,0
TF,BUGGI,28.420072,-98.270044,0, ,0.0,0.0,0.0,0.0,0,0,0,0,0,0,0,0
TF,CRVZA,28.853972,-98.547475,0, ,0.0,0.0,0.0,0.0,4,17000,11000,1,250,0,0,0

STAR,CRVZA1,EELIZ,4
IF,EELIZ,28.193542,-97.906036, ,0.0,0.0,0,0,0,0,0,0,0,0
TF,BUGGI,28.420072,-98.270044,0, ,0.0,0.0,0.0,0.0,0,0,0,0,0,0,0,0
TF,CRVZA,28.853972,-98.547475,0, ,0.0,0.0,0.0,0.0,4,17000,11000,1,250,0,0,0

STAR,CRVZA1,HFMAN,4
IF,HFMAN,27.927156,-99.219003, ,0.0,0.0,0,0,0,0,0,0,0,0
TF,GYTON,28.203456,-99.047572,0, ,0.0,0.0,0.0,0.0,0,0,0,0,0,0,0,0
TF,PECOZ,28.673708,-98.686822,0, ,0.0,0.0,0.0,0.0,0,0,0,0,0,0,0,0
TF,CRVZA,28.853972,-98.547475,0, ,0.0,0.0,0.0,0.0,4,17000,11000,1,250,0,0,0

STAR,CRVZA1,ALL,5
IF,CRVZA,28.853972,-98.547475, ,0.0,0.0,4,17000,11000,1,250,0,0,0
TF,LLISA,29.134869,-98.543731,0, ,0.0,0.0,0.0,0.0,1,8000,0,0,0,0,0,1
FM,LLISA,29.134869,-98.543731,0,LLA,0.0,0.0,357.0,0,0,0,0,0,0,0,0

STAR,DNKIN1,MOPPP,4
IF,MOPPP,30.176178,-100.007592, ,0.0,0.0,2,24000,0,0,0,0,0,0
TF,AIRBL,29.922292,-99.214311,0, ,0.0,0.0,0.0,0.0,0,0,0,0,0,0,0,0

STAR,DNKIN1,TRVLL,4
IF,TRVLL,30.597892,-99.817364, ,0.0,0.0,0,0,0,0,0,0,0,0
TF,AIRBL,29.922292,-99.214311,0, ,0.0,0.0,0.0,0.0,0,0,0,0,0,0,0,0

STAR,DNKIN1,ALL,5
IF,AIRBL,29.922292,-99.214311, ,0.0,0.0,0,0,0,0,0,0,0,0
TF,FOLLK,29.865633,-99.059836,0, ,0.0,0.0,0.0,0.0,4,13000,9000,0,0,0,0,0
TF,DNKIN,29.833144,-98.971556,0, ,0.0,0.0,0.0,0.0,0,0,0,0,0,0,0,0
TF,RESST,29.749742,-98.836431,0, ,0.0,0.0,0.0,0.0,1,9000,0,1,210,0,0,1
FM,RESST,29.749742,-98.836431,0,PGO,0.0,0.0,121.0,0,0,0,0,0,0,0,0

STAR,POPPO1,DILLO,4
IF,DILLO,30.796322,-98.787197, ,0.0,0.0,2,22000,0,0,0,0,0,0
TF,POPPO,30.105056,-98.737800,0, ,0.0,0.0,0.0,0.0,1,10000,0,0,0,0,0,0

STAR,POPPO1,PPNUT,4
IF,PPNUT,30.891597,-99.105381, ,0.0,0.0,2,22000,0,0,0,0,0,0
TF,POPPO,30.105056,-98.737800,0, ,0.0,0.0,0.0,0.0,1,10000,0,0,0,0,0,0

STAR,POPPO1,PRTZY,4
IF,PRTZY,32.481175,-99.863383, ,0.0,0.0,0,0,0,0,0,0,0,0
TF,MUGSY,31.313272,-99.302444,0, ,0.0,0.0,0.0,0.0,0,0,0,0,0,0,0,0
TF,PPNUT,30.891597,-99.105381,0, ,0.0,0.0,0.0,0.0,2,22000,0,0,0,0,0,0
TF,POPPO,30.105056,-98.737800,0, ,0.0,0.0,0.0,0.0,1,10000,0,0,0,0,0,0

STAR,POPPO1,TRVLL,4
IF,TRVLL,30.597892,-99.817364, ,0.0,0.0,0,0,0,0,0,0,0,0
TF,POPPO,30.105056,-98.737800,0, ,0.0,0.0,0.0,0.0,1,10000,0,0,0,0,0,0

STAR,POPPO1,ALL,5
IF,POPPO,30.105056,-98.737800, ,0.0,0.0,1,10000,0,0,0,0,0,0
TF,VIICH,29.939431,-98.748278,0, ,0.0,0.0,0.0,0.0,3,9000,0,1,250,0,0,0
TF,GAYMS,29.906042,-98.750386,0, ,0.0,0.0,0.0,0.0,1,9000,0,0,0,0,0,1
FM,GAYMS,29.906042,-98.750386,0,PGO,0.0,0.0,179.0,0,0,0,0,0,0,0,0

STAR,QERVO1,BLEWE,4
IF,BLEWE,31.207681,-97.209019, ,0.0,0.0,0,0,0,0,0,0,0,0
TF,OUTLW,30.378394,-97.529908,0, ,0.0,0.0,0.0,0.0,0,0,0,0,0,0,0,0
TF,MARCS,29.897789,-97.861306,0, ,0.0,0.0,0.0,0.0,4,15000,13000,0,0,0,0,0

STAR,QERVO1,CAAGE,4
IF,CAAGE,29.956878,-95.345903, ,0.0,0.0,0,0,0,0,0,0,0,0
TF,WEEED,29.779206,-96.181928,0, ,0.0,0.0,0.0,0.0,0,0,0,0,0,0,0,0
TF,WAILN,29.808231,-96.571422,0, ,0.0,0.0,0.0,0.0,0,0,0,0,0,0,0,0
TF,HOSAY,29.845561,-97.088892,0, ,0.0,0.0,0.0,0.0,2,24000,0,0,0,0,0,0
TF,RODIO,29.869972,-97.440486,0, ,0.0,0.0,0.0,0.0,0,0,0,0,0,0,0,0
TF,MARCS,29.897789,-97.861306,0, ,0.0,0.0,0.0,0.0,4,15000,13000,0,0,0,0,0

STAR,QERVO1,LLEAD,4
IF,LLEAD,31.162322,-94.716964, ,0.0,0.0,0,0,0,0,0,0,0,0
TF,WEEED,29.779206,-96.181928,0, ,0.0,0.0,0.0,0.0,0,0,0,0,0,0,0,0
TF,WAILN,29.808231,-96.571422,0, ,0.0,0.0,0.0,0.0,0,0,0,0,0,0,0,0
TF,HOSAY,29.845561,-97.088892,0, ,0.0,0.0,0.0,0.0,2,24000,0,0,0,0,0,0
TF,RODIO,29.869972,-97.440486,0, ,0.0,0.0,0.0,0.0,0,0,0,0,0,0,0,0
TF,MARCS,29.897789,-97.861306,0, ,0.0,0.0,0.0,0.0,4,15000,13000,0,0,0,0,0

STAR,QERVO1,MOLLR,4
IF,MOLLR,29.655619,-95.276619, ,0.0,0.0,0,0,0,0,0,0,0,0
TF,WEEED,29.779206,-96.181928,0, ,0.0,0.0,0.0,0.0,0,0,0,0,0,0,0,0
TF,WAILN,29.808231,-96.571422,0, ,0.0,0.0,0.0,0.0,0,0,0,0,0,0,0,0
TF,HOSAY,29.845561,-97.088892,0, ,0.0,0.0,0.0,0.0,2,24000,0,0,0,0,0,0
TF,RODIO,29.869972,-97.440486,0, ,0.0,0.0,0.0,0.0,0,0,0,0,0,0,0,0
TF,MARCS,29.897789,-97.861306,0, ,0.0,0.0,0.0,0.0,4,15000,13000,0,0,0,0,0

STAR,QERVO1,NILBE,4
IF,NILBE,31.662167,-97.269014, ,0.0,0.0,0,0,0,0,0,0,0,0
TF,BLEWE,31.207681,-97.209019,0, ,0.0,0.0,0.0,0.0,0,0,0,0,0,0,0,0
TF,OUTLW,30.378394,-97.529908,0, ,0.0,0.0,0.0,0.0,0,0,0,0,0,0,0,0
TF,MARCS,29.897789,-97.861306,0, ,0.0,0.0,0.0,0.0,4,15000,13000,0,0,0,0,0

STAR,QERVO1,WAILN,4
IF,WAILN,29.808231,-96.571422, ,0.0,0.0,0,0,0,0,0,0,0,0
TF,HOSAY,29.845561,-97.088892,0, ,0.0,0.0,0.0,0.0,2,24000,0,0,0,0,0,0
TF,RODIO,29.869972,-97.440486,0, ,0.0,0.0,0.0,0.0,0,0,0,0,0,0,0,0
TF,MARCS,29.897789,-97.861306,0, ,0.0,0.0,0.0,0.0,4,15000,13000,0,0,0,0,0

STAR,QERVO1,WINDU,4
IF,WINDU,31.530536,-97.082517, ,0.0,0.0,0,0,0,0,0,0,0,0
TF,BLEWE,31.207681,-97.209019,0, ,0.0,0.0,0.0,0.0,0,0,0,0,0,0,0,0
TF,OUTLW,30.378394,-97.529908,0, ,0.0,0.0,0.0,0.0,0,0,0,0,0,0,0,0
TF,MARCS,29.897789,-97.861306,0, ,0.0,0.0,0.0,0.0,4,15000,13000,0,0,0,0,0

STAR,QERVO1,ALL,5
IF,MARCS,29.897789,-97.861306, ,0.0,0.0,4,15000,13000,0,0,0,0,0
TF,PGOUT,29.868878,-97.949642,0, ,0.0,0.0,0.0,0.0,4,13000,11000,1,280,0,0,0
TF,QERVO,29.841042,-98.032906,0, ,0.0,0.0,0.0,0.0,0,0,0,0,0,0,0,0
TF,POYYO,29.829128,-98.068711,0, ,0.0,0.0,0.0,0.0,1,10000,0,0,0,0,0,1
FM,POYYO,29.829128,-98.068711,0,LLA,0.0,0.0,245.0,0,0,0,0,0,0,0,0

FINAL,D13-A,13,D,3
IF,YERRI,29.738311,-97.839181,SAT,72.0,33.0,2,2500,0,0,0,0,0,0
CF,FAUST,29.721389,-97.952389,0,SAT,72.0,27.0,252.0,6.0,2,2000,0,0,0,0,2,0
CF,MA252,29.711189,-98.020289,0,SAT,72.0,23.4,252.0,3.6,1,1280,0,0,0,0,3,0
CA,0,252.0,2,1280,0,0,0,0,0,0
CF,FAUST,29.721389,-97.952389,2,SAT,72.0,27.0,72.0,3.0,2,2500,0,0,0,0,0,0
HM,FAUST,29.721389,-97.952389,2, ,0.0,0.0,252.0,04.3,0,0,0,0,0,0,0,0,0

FINAL,D17-A,17,D,3
IF,YERRI,29.738311,-97.839181,SAT,72.0,33.0,2,2500,0,0,0,0,0,0
CF,FAUST,29.721389,-97.952389,0,SAT,72.0,27.0,252.0,6.0,2,2000,0,0,0,0,2,0
CF,MA252,29.711189,-98.020289,0,SAT,72.0,23.4,252.0,3.6,1,1280,0,0,0,0,3,0
CA,0,252.0,2,1280,0,0,0,0,0,0
CF,FAUST,29.721389,-97.952389,2,SAT,72.0,27.0,72.0,3.0,2,2500,0,0,0,0,0,0
HM,FAUST,29.721389,-97.952389,2, ,0.0,0.0,252.0,04.3,0,0,0,0,0,0,0,0,0

FINAL,D31-A,31,D,3
IF,YERRI,29.738311,-97.839181,SAT,72.0,33.0,2,2500,0,0,0,0,0,0
CF,FAUST,29.721389,-97.952389,0,SAT,72.0,27.0,252.0,6.0,2,2000,0,0,0,0,2,0
CF,MA252,29.711189,-98.020289,0,SAT,72.0,23.4,252.0,3.6,1,1280,0,0,0,0,3,0
CA,0,252.0,2,1280,0,0,0,0,0,0
CF,FAUST,29.721389,-97.952389,2,SAT,72.0,27.0,72.0,3.0,2,2500,0,0,0,0,0,0
HM,FAUST,29.721389,-97.952389,2, ,0.0,0.0,252.0,04.3,0,0,0,0,0,0,0,0,0

FINAL,D35-A,35,D,3
IF,YERRI,29.738311,-97.839181,SAT,72.0,33.0,2,2500,0,0,0,0,0,0
CF,FAUST,29.721389,-97.952389,0,SAT,72.0,27.0,252.0,6.0,2,2000,0,0,0,0,2,0
CF,MA252,29.711189,-98.020289,0,SAT,72.0,23.4,252.0,3.6,1,1280,0,0,0,0,3,0
CA,0,252.0,2,1280,0,0,0,0,0,0
CF,FAUST,29.721389,-97.952389,2,SAT,72.0,27.0,72.0,3.0,2,2500,0,0,0,0,0,0
HM,FAUST,29.721389,-97.952389,2, ,0.0,0.0,252.0,04.3,0,0,0,0,0,0,0,0,0

APPTR,R13,13,MARNE
HF,MARNE,29.851728,-98.202886,2, ,0.0,0.0,128.0,04,2,3100,0,0,0,0,1,0,0

FINAL,R13,13,R,4
IF,MARNE,29.851728,-98.202886, ,0.0,0.0,2,3100,0,0,0,0,0,0
TF,EKIVY,29.807522,-98.153328,0, ,0.0,0.0,128.0,3.7,2,2800,0,0,0,0,0,0
TF,WUGHE,29.782381,-98.125169,0, ,0.0,0.0,128.0,2.1,2,2500,0,0,0,0,2,0
TF,RW13,29.715111,-98.049942,0, ,0.0,0.0,128.0,5.6,1,708,0,0,0,0,3,1
CA,0,128.0,2,908,0,0,0,0,0,0
DF,NUMMO,29.576122,-97.895003,0, ,0.0,0.0,2,3500,0,0,0,0,0,1
HM,NUMMO,29.576122,-97.895003,2, ,0.0,0.0,308.0,04,0,0,0,0,0,0,0,0,0

APPTR,R17,17,SHEPE
IF,SHEPE,29.850608,-98.201569, ,0.0,0.0,0,0,0,0,0,0,1,0
TF,ACGET,29.867994,-98.090297,0, ,0.0,0.0,0.0,0.0,2,3100,0,0,0,0,0,0
TF,EKKOP,29.821558,-98.066283,0, ,0.0,0.0,0.0,0.0,2,2600,0,0,0,0,0,0

FINAL,R17,17,R,3
IF,EKKOP,29.821558,-98.066283, ,0.0,0.0,2,2600,0,0,0,0,0,0
TF,RAZVY,29.775861,-98.042675,0, ,0.0,0.0,148.0,3.0,2,2000,0,0,0,0,2,0
TF,RW17,29.708083,-98.043653,0, ,0.0,0.0,173.0,4.1,1,693,0,0,0,0,3,1
CA,0,173.0,2,1051,0,0,0,0,0,0
DF,CUDVI,29.650303,-98.044483,0, ,0.0,0.0,0,0,0,0,0,0,0,0
TF,NUMMO,29.576122,-97.895003,0, ,0.0,0.0,0.0,0.0,2,3500,0,0,0,0,0,1
HM,NUMMO,29.576122,-97.895003,2, ,0.0,0.0,308.0,04,0,0,0,0,0,0,0,0,0

APPTR,R31,31,NUMMO
HF,NUMMO,29.576122,-97.895003,2, ,0.0,0.0,308.0,04,2,3500,0,0,0,0,1,0,0

FINAL,R31,31,R,4
IF,NUMMO,29.576122,-97.895003, ,0.0,0.0,2,3500,0,0,0,0,0,0
TF,FEKNI,29.628692,-97.953531,0, ,0.0,0.0,308.0,4.4,2,2500,0,0,0,0,0,0
TF,TIVYO,29.653025,-97.980656,0, ,0.0,0.0,308.0,2.0,2,2000,0,0,0,0,2,0
TF,RW31,29.702306,-98.035644,0, ,0.0,0.0,308.0,4.1,1,689,0,0,0,0,3,1
CA,0,308.0,2,896,0,0,0,0,0,0
DF,MARNE,29.851728,-98.202886,0, ,0.0,0.0,2,3100,0,0,0,0,0,1
HM,MARNE,29.851728,-98.202886,2, ,0.0,0.0,128.0,04,0,0,0,0,0,0,0,0,0

APPTR,R35,35,MARCS
IF,MARCS,29.897789,-97.861306, ,0.0,0.0,0,0,0,0,0,0,0,0
TF,FORES,29.499469,-98.046647,0, ,0.0,0.0,0.0,0.0,2,3000,0,0,0,0,0,1
HF,FORES,29.499469,-98.046647,2, ,0.0,0.0,353.0,04,2,3000,0,0,0,0,1,0,0

APPTR,R35,35,SAT
IF,SAT,29.644031,-98.461317, ,0.0,0.0,0,0,0,0,0,0,0,0
TF,FORES,29.499469,-98.046647,0, ,0.0,0.0,0.0,0.0,2,3000,0,0,0,0,0,1
HF,FORES,29.499469,-98.046647,2, ,0.0,0.0,353.0,04,2,3000,0,0,0,0,1,0,0

FINAL,R35,35,R,3
IF,FORES,29.499469,-98.046647, ,0.0,0.0,2,3000,0,0,0,0,0,0
TF,TAFCU,29.601322,-98.045186,0, ,0.0,0.0,353.0,6.1,2,2500,0,0,0,0,2,0
TF,RW35,29.694769,-98.043842,0, ,0.0,0.0,353.0,5.6,1,690,0,0,0,0,3,1
DF,FONEK,29.731858,-98.043308,0, ,0.0,0.0,0,0,0,0,0,0,0,0
TF,BRAUN,29.812828,-98.063231,0, ,0.0,0.0,0.0,0.0,2,3100,0,0,0,0,0,1
HM,BRAUN,29.812828,-98.063231,2, ,0.0,0.0,340.0,04,0,0,0,0,0,0,0,0,0

