APPTR,R14,14,DAWSO
IF,DAWSO,45.023506,-96.227747, ,0.0,0.0,0,0,0,0,0,0,0,0
TF,JELDI,45.434125,-95.905467,0, ,0.0,0.0,0.0,0.0,2,4000,0,0,0,0,1,0
TF,DOSCA,45.483853,-95.810492,0, ,0.0,0.0,0.0,0.0,2,2700,0,0,0,0,1,0

APPTR,R14,14,DOSCA
HF,DOSCA,45.483853,-95.810492,2, ,0.0,0.0,138.0,04,2,2700,0,0,0,0,1,0,0

APPTR,R14,14,ULJAB
IF,ULJAB,45.719525,-95.215539, ,0.0,0.0,0,0,0,0,0,0,0,0
TF,HODUL,45.533500,-95.715311,0, ,0.0,0.0,0.0,0.0,2,3600,0,0,0,0,1,0
TF,DOSCA,45.483853,-95.810492,0, ,0.0,0.0,0.0,0.0,2,2700,0,0,0,0,1,0

FINAL,R14,14,R,3
IF,DOSCA,45.483853,-95.810492, ,0.0,0.0,2,2700,0,0,0,0,0,0
TF,CUKUP,45.403586,-95.725856,0, ,0.0,0.0,138.0,6.0,2,2700,0,0,0,0,2,0
TF,RW14,45.336342,-95.655197,0, ,0.0,0.0,138.0,5.0,1,1079,0,0,0,0,3,1
CA,0,138.0,2,1382,0,0,0,0,0,0
DF,FETUD,45.180067,-95.491775,0, ,0.0,0.0,2,2700,0,0,0,0,0,1
HM,FETUD,45.180067,-95.491775,2, ,0.0,0.0,319.0,04,0,0,0,0,0,0,0,0,0

APPTR,R32,32,ARDUE
IF,ARDUE,45.045533,-95.697381, ,0.0,0.0,0,0,0,0,0,0,0,0
TF,HAXUL,45.130594,-95.586531,0, ,0.0,0.0,0.0,0.0,2,2700,0,0,0,0,1,0
TF,FETUD,45.180067,-95.491775,0, ,0.0,0.0,0.0,0.0,2,2700,0,0,0,0,1,0

APPTR,R32,32,ARMUW
IF,ARMUW,45.443447,-95.195983, ,0.0,0.0,0,0,0,0,0,0,0,0
TF,GOREC,45.229461,-95.396853,0, ,0.0,0.0,0.0,0.0,2,2900,0,0,0,0,1,0
TF,FETUD,45.180067,-95.491775,0, ,0.0,0.0,0.0,0.0,2,2700,0,0,0,0,1,0

APPTR,R32,32,CLAPS
IF,CLAPS,45.059583,-95.323156, ,0.0,0.0,0,0,0,0,0,0,1,0
TF,FETUD,45.180067,-95.491775,0, ,0.0,0.0,0.0,0.0,2,2700,0,0,0,0,1,0

APPTR,R32,32,FETUD
HF,FETUD,45.180067,-95.491775,2, ,0.0,0.0,319.0,04,2,2700,0,0,0,0,1,0,0

FINAL,R32,32,R,3
IF,FETUD,45.180067,-95.491775, ,0.0,0.0,2,2700,0,0,0,0,0,0
TF,CUCAT,45.264375,-95.579797,0, ,0.0,0.0,319.0,6.3,2,2600,0,0,0,0,2,0
TF,RW32,45.327522,-95.645944,0, ,0.0,0.0,319.0,4.7,1,1080,0,0,0,0,3,1
DF,DOSCA,45.483853,-95.810492,0, ,0.0,0.0,2,2700,0,0,0,0,0,1
HM,DOSCA,45.483853,-95.810492,2, ,0.0,0.0,138.0,04,0,0,0,0,0,0,0,0,0

