APPTR,R01,01,LAARA
IF,LAARA,30.809075,-85.922861, ,0.0,0.0,0,0,0,0,0,0,0,0
TF,PIHOD,30.681767,-85.810144,0, ,0.0,0.0,0.0,0.0,2,2000,0,0,0,0,1,0
TF,ADUBY,30.656625,-85.638664,0, ,0.0,0.0,0.0,0.0,2,2000,0,0,0,0,1,0

APPTR,R01,01,MAI
IF,MAI,30.786194,-85.124467, ,0.0,0.0,0,0,0,0,0,0,0,0
TF,BAYNA,30.631258,-85.467272,0, ,0.0,0.0,0.0,0.0,2,2000,0,0,0,0,1,0
TF,ADUBY,30.656625,-85.638664,0, ,0.0,0.0,0.0,0.0,2,2000,0,0,0,0,1,0

FINAL,R01,01,R,4
IF,ADUBY,30.656625,-85.638664, ,0.0,0.0,2,2000,0,0,0,0,0,0
TF,QUITR,30.760044,-85.618294,0, ,0.0,0.0,13.0,6.3,2,1700,0,0,0,0,2,0
TF,FEZEK,30.815197,-85.607414,0, ,0.0,0.0,13.0,3.4,2,580,0,0,0,0,0,0
TF,RW01,30.836569,-85.603194,0, ,0.0,0.0,13.0,1.3,1,146,0,0,0,0,3,1
CA,0,13.0,2,700,0,0,0,0,0,0
DF,BJLEW,30.795814,-85.439661,2, ,0.0,0.0,2,2000,0,0,0,0,0,1
HM,BJLEW,30.795814,-85.439661,1, ,0.0,0.0,92.0,04,0,0,0,0,0,0,0,0,0

APPTR,R19,19,CWATR
HF,CWATR,31.031853,-85.564597,2, ,0.0,0.0,193.0,04,2,2000,0,0,0,0,1,0,0

APPTR,R19,19,HOUND
IF,HOUND,31.084650,-85.727850, ,0.0,0.0,0,0,0,0,0,0,1,0
TF,CWATR,31.031853,-85.564597,0, ,0.0,0.0,0.0,0.0,2,2000,0,0,0,0,1,0

FINAL,R19,19,R,4
IF,CWATR,31.031853,-85.564597, ,0.0,0.0,2,2000,0,0,0,0,0,0
TF,RREHM,30.933058,-85.584142,0, ,0.0,0.0,193.0,6.0,2,1700,0,0,0,0,2,0
TF,JKOUN,30.885789,-85.593481,0, ,0.0,0.0,193.0,2.9,2,780,0,0,0,0,0,0
TF,RW19,30.851200,-85.600306,0, ,0.0,0.0,193.0,2.1,1,144,0,0,0,0,3,1
CA,0,193.0,2,486,0,0,0,0,0,0
DF,BJLEW,30.795814,-85.439661,1, ,0.0,0.0,2,2000,0,0,0,0,0,1
HM,BJLEW,30.795814,-85.439661,1, ,0.0,0.0,92.0,04,0,0,0,0,0,0,0,0,0

