APPTR,R17,17,BROKE
IF,BROKE,35.697936,-100.951258, ,0.0,0.0,0,0,0,0,0,0,0,0
TF,LEYEN,35.895858,-101.283250,0, ,0.0,0.0,0.0,0.0,2,5000,0,1,210,0,1,0
TF,JISAM,35.893208,-101.400131,0, ,0.0,0.0,0.0,0.0,2,5000,0,0,0,0,1,0

APPTR,R17,17,EXELL
IF,EXELL,35.638722,-102.094656, ,0.0,0.0,0,0,0,0,0,0,0,0
TF,CERIP,35.890444,-101.517003,0, ,0.0,0.0,0.0,0.0,2,5400,0,1,210,0,1,0
TF,JISAM,35.893208,-101.400131,0, ,0.0,0.0,0.0,0.0,2,5000,0,0,0,0,1,0

APPTR,R17,17,JISAM
IF,JISAM,35.893208,-101.400131, ,0.0,0.0,3,6000,0,0,0,0,1,0
HF,JISAM,35.893208,-101.400131,2, ,0.0,0.0,171.0,05,2,5000,0,0,0,0,0,0,0

FINAL,R17,17,R,4
IF,JISAM,35.893208,-101.400131, ,0.0,0.0,2,5000,0,0,0,0,0,0
TF,IBIGE,35.806581,-101.397100,0, ,0.0,0.0,171.0,5.2,2,4900,0,0,0,0,2,0
TF,TUKKO,35.743719,-101.394908,0, ,0.0,0.0,171.0,3.8,2,3700,0,0,0,0,0,0
TF,RW17,35.710011,-101.393736,0, ,0.0,0.0,171.0,2.0,1,3056,0,0,0,0,3,1
CA,0,171.0,2,3263,0,0,0,0,0,0
DF,CUKAS,35.506342,-101.386678,0, ,0.0,0.0,2,5100,0,0,0,0,0,1
HM,CUKAS,35.506342,-101.386678,2, ,0.0,0.0,351.0,05,0,0,0,0,0,0,0,0,0

APPTR,R35,35,BROKE
IF,BROKE,35.697936,-100.951258, ,0.0,0.0,0,0,0,0,0,0,0,0
TF,PIVOC,35.508975,-101.270361,0, ,0.0,0.0,0.0,0.0,2,5100,0,1,210,0,1,0
TF,CUKAS,35.506342,-101.386678,0, ,0.0,0.0,0.0,0.0,2,5100,0,0,0,0,1,0

APPTR,R35,35,CUKAS
HF,CUKAS,35.506342,-101.386678,2, ,0.0,0.0,351.0,05,2,5100,0,0,0,0,0,0,0

APPTR,R35,35,PNH
IF,PNH,35.235061,-101.699031, ,0.0,0.0,0,0,0,0,0,0,0,0
TF,HUBUT,35.503594,-101.502986,0, ,0.0,0.0,0.0,0.0,2,5100,0,1,210,0,1,0
TF,CUKAS,35.506342,-101.386678,0, ,0.0,0.0,0.0,0.0,2,5100,0,0,0,0,1,0

FINAL,R35,35,R,4
IF,CUKAS,35.506342,-101.386678, ,0.0,0.0,2,5100,0,0,0,0,0,0
TF,WAMGO,35.598239,-101.389864,0, ,0.0,0.0,351.0,5.5,2,4900,0,0,0,0,2,0
TF,FIDLI,35.655864,-101.391858,0, ,0.0,0.0,351.0,3.5,2,3800,0,0,0,0,0,0
TF,RW35,35.692719,-101.393133,0, ,0.0,0.0,351.0,2.2,1,3096,0,0,0,0,3,1
CA,0,351.0,2,3305,0,0,0,0,0,0
DF,JISAM,35.893208,-101.400131,0, ,0.0,0.0,2,5000,0,0,0,0,0,1
HM,JISAM,35.893208,-101.400131,2, ,0.0,0.0,171.0,05,0,0,0,0,0,0,0,0,0

