APPTR,R09,09,WOTGU
IF,WOTGU,42.953967,-79.128697, ,0.0,0.0,0,0,0,0,0,0,1,0
TF,PLICA,42.882683,-78.839633,0, ,0.0,0.0,0.0,0.0,2,3400,0,0,0,0,1,0

APPTR,R09,09,ZOBSO
IF,ZOBSO,42.744100,-78.985964, ,0.0,0.0,0,0,0,0,0,0,1,0
TF,PLICA,42.882683,-78.839633,0, ,0.0,0.0,0.0,0.0,2,3400,0,0,0,0,1,0

FINAL,R09,09,R,3
IF,PLICA,42.882683,-78.839633, ,0.0,0.0,2,3400,0,0,0,0,0,0
TF,JIDUP,42.901822,-78.729297,0, ,0.0,0.0,87.0,5.0,2,2400,0,0,0,0,2,0
TF,RW09,42.921047,-78.617778,0, ,0.0,0.0,87.0,5.1,1,792,0,0,0,0,3,1
CA,0,87.0,2,1152,0,0,0,0,0,0
DF,DMRIO,42.962144,-78.376936,0, ,0.0,0.0,2,3400,0,0,0,0,0,1
HM,DMRIO,42.962144,-78.376936,2, ,0.0,0.0,267.0,04,2,3400,0,0,0,0,0,0,0

APPTR,R27,27,DMRIO
HF,DMRIO,42.962144,-78.376936,2, ,0.0,0.0,267.0,04,2,3400,0,0,0,0,1,0,0

FINAL,R27,27,R,3
IF,DMRIO,42.962144,-78.376936, ,0.0,0.0,2,3400,0,0,0,0,0,0
TF,HEBTO,42.943342,-78.487533,0, ,0.0,0.0,267.0,5.0,2,2500,0,0,0,0,2,0
TF,RW27,42.923044,-78.606150,0, ,0.0,0.0,267.0,5.4,1,791,0,0,0,0,3,1
CA,0,267.0,2,1300,0,0,0,0,0,0
DF,DMRIO,42.962144,-78.376936,1, ,0.0,0.0,2,3400,0,0,0,0,0,1
HM,DMRIO,42.962144,-78.376936,2, ,0.0,0.0,267.0,04,2,3400,0,0,0,0,0,0,0

