APPTR,R17,17,EMLUW
IF,EMLUW,42.192061,-91.419228, ,0.0,0.0,0,0,0,0,0,0,1,0
TF,HENCH,42.181739,-91.553025,0, ,0.0,0.0,0.0,0.0,2,2600,0,0,0,0,1,0

APPTR,R17,17,HENCH
HF,HENCH,42.181739,-91.553025,2, ,0.0,0.0,172.0,04,2,2600,0,0,0,0,1,0,0

APPTR,R17,17,ZODAG
IF,ZODAG,42.171258,-91.686778, ,0.0,0.0,0,0,0,0,0,0,1,0
TF,HENCH,42.181739,-91.553025,0, ,0.0,0.0,0.0,0.0,2,2600,0,0,0,0,1,0

FINAL,R17,17,R,3
IF,HENCH,42.181739,-91.553025, ,0.0,0.0,2,2600,0,0,0,0,0,0
TF,CMENT,42.098822,-91.541386,0, ,0.0,0.0,172.0,5.0,2,2500,0,0,0,0,2,0
TF,RW17,42.034297,-91.532350,0, ,0.0,0.0,172.0,3.9,1,901,0,0,0,0,3,1
CA,0,172.0,2,1400,0,0,0,0,0,0
DF,HENCH,42.181739,-91.553025,1, ,0.0,0.0,2,2600,0,0,0,0,0,1
HM,HENCH,42.181739,-91.553025,2, ,0.0,0.0,172.0,04,0,0,0,0,0,0,0,0,0

APPTR,R35,35,LOUNG
IF,LOUNG,41.868372,-91.374642, ,0.0,0.0,0,0,0,0,0,0,1,0
TF,RUENS,41.858100,-91.507769,0, ,0.0,0.0,0.0,0.0,2,2500,0,0,0,0,1,0

APPTR,R35,35,NOVSE
IF,NOVSE,41.847675,-91.640853, ,0.0,0.0,0,0,0,0,0,0,1,0
TF,RUENS,41.858100,-91.507769,0, ,0.0,0.0,0.0,0.0,2,2500,0,0,0,0,1,0

APPTR,R35,35,RUENS
HF,RUENS,41.858100,-91.507769,2, ,0.0,0.0,352.0,04,2,2500,0,0,0,0,1,0,0

FINAL,R35,35,R,4
IF,RUENS,41.858100,-91.507769, ,0.0,0.0,2,2500,0,0,0,0,0,0
TF,SIGNS,41.941022,-91.519319,0, ,0.0,0.0,352.0,5.0,2,2500,0,0,0,0,2,0
TF,WOPVO,41.977508,-91.524411,0, ,0.0,0.0,352.0,2.2,2,1580,0,0,0,0,0,0
TF,RW35,42.024658,-91.531003,0, ,0.0,0.0,352.0,2.8,1,894,0,0,0,0,3,1
CA,0,352.0,2,1111,0,0,0,0,0,0
DF,HENCH,42.181739,-91.553025,0, ,0.0,0.0,2,2600,0,0,0,0,0,1
HM,HENCH,42.181739,-91.553025,2, ,0.0,0.0,172.0,04,0,0,0,0,0,0,0,0,0

