APPTR,R08,08,MIHAL
IF,MIHAL,41.956472,-89.874592, ,0.0,0.0,0,0,0,0,0,0,1,0
TF,UVOVE,41.797094,-89.716753,0, ,0.0,0.0,0.0,0.0,2,2700,0,0,0,0,1,0

APPTR,R08,08,UVOVE
HF,UVOVE,41.797094,-89.716753,2, ,0.0,0.0,82.0,04,2,2700,0,0,0,0,1,0,0

APPTR,R08,08,WYNET
IF,WYNET,41.431158,-89.566608, ,0.0,0.0,0,0,0,0,0,0,0,0
TF,OVAPE,41.682250,-89.688917,0, ,0.0,0.0,0.0,0.0,2,2700,0,0,0,0,1,0
TF,UVOVE,41.797094,-89.716753,0, ,0.0,0.0,0.0,0.0,2,2700,0,0,0,0,1,0

FINAL,R08,08,R,3
IF,UVOVE,41.797094,-89.716753, ,0.0,0.0,2,2700,0,0,0,0,0,0
TF,MINNR,41.817867,-89.563239,0, ,0.0,0.0,82.0,7.0,2,2400,0,0,0,0,2,0
TF,RW08,41.832456,-89.454478,0, ,0.0,0.0,82.0,5.0,1,822,0,0,0,0,3,1
CA,0,82.0,2,1185,0,0,0,0,0,0
DF,ANCUT,41.866311,-89.198842,0, ,0.0,0.0,2,2700,0,0,0,0,0,1
HM,ANCUT,41.866311,-89.198842,2, ,0.0,0.0,262.0,04,0,0,0,0,0,0,0,0,0

APPTR,R26,26,ANCUT
HF,ANCUT,41.866311,-89.198842,2, ,0.0,0.0,262.0,04,2,2700,0,0,0,0,1,0,0

APPTR,R26,26,CHANA
IF,CHANA,41.973650,-89.199275, ,0.0,0.0,0,0,0,0,0,0,1,0
TF,ANCUT,41.866311,-89.198842,0, ,0.0,0.0,0.0,0.0,2,2700,0,0,0,0,1,0

APPTR,R26,26,WEPTA
IF,WEPTA,41.752350,-89.172117, ,0.0,0.0,0,0,0,0,0,0,1,0
TF,ANCUT,41.866311,-89.198842,0, ,0.0,0.0,0.0,0.0,2,2700,0,0,0,0,1,0

FINAL,R26,26,R,3
IF,ANCUT,41.866311,-89.198842, ,0.0,0.0,2,2700,0,0,0,0,0,0
TF,WLLOW,41.848781,-89.331775,0, ,0.0,0.0,262.0,6.1,2,2400,0,0,0,0,2,0
TF,RW26,41.834336,-89.440400,0, ,0.0,0.0,262.0,5.0,1,824,0,0,0,0,3,1
CA,0,262.0,2,1034,0,0,0,0,0,0
DF,UVOVE,41.797094,-89.716753,0, ,0.0,0.0,2,2700,0,0,0,0,0,1
HM,UVOVE,41.797094,-89.716753,2, ,0.0,0.0,82.0,04,0,0,0,0,0,0,0,0,0

