APPTR,R17,17,HOLIG
IF,HOLIG,37.288208,-95.387108, ,0.0,0.0,0,0,0,0,0,0,1,0
TF,ZOMAX,37.287911,-95.575075,0, ,0.0,0.0,0.0,0.0,2,3000,0,0,0,0,1,0

APPTR,R17,17,WOLIK
IF,WOLIK,37.287314,-95.763039, ,0.0,0.0,0,0,0,0,0,0,1,0
TF,ZOMAX,37.287911,-95.575075,0, ,0.0,0.0,0.0,0.0,2,3000,0,0,0,0,1,0

APPTR,R17,17,ZOMAX
HF,ZOMAX,37.287911,-95.575075,2, ,0.0,0.0,175.0,04,2,3000,0,0,0,0,1,0,0

FINAL,R17,17,R,4
IF,ZOMAX,37.287911,-95.575075, ,0.0,0.0,2,3000,0,0,0,0,0,0
TF,KOYEY,37.187786,-95.574703,0, ,0.0,0.0,175.0,6.0,2,2400,0,0,0,0,2,0
TF,JOLRO,37.142444,-95.574536,0, ,0.0,0.0,175.0,2.7,2,1520,0,0,0,0,0,0
TF,RW17,37.103228,-95.574389,0, ,0.0,0.0,175.0,2.4,1,786,0,0,0,0,3,1
CA,0,175.0,2,1003,0,0,0,0,0,0
DF,NEIGH,36.903214,-95.573644,0, ,0.0,0.0,2,2500,0,0,0,0,0,1
HM,NEIGH,36.903214,-95.573644,2, ,0.0,0.0,355.0,04,0,0,0,0,0,0,0,0,0

APPTR,R35,35,FOLLZ
IF,FOLLZ,36.903519,-95.386625, ,0.0,0.0,0,0,0,0,0,0,1,0
TF,NEIGH,36.903214,-95.573644,0, ,0.0,0.0,0.0,0.0,2,2500,0,0,0,0,1,0

APPTR,R35,35,HORSU
IF,HORSU,36.902614,-95.760661, ,0.0,0.0,0,0,0,0,0,0,1,0
TF,NEIGH,36.903214,-95.573644,0, ,0.0,0.0,0.0,0.0,2,2500,0,0,0,0,1,0

APPTR,R35,35,NEIGH
HF,NEIGH,36.903214,-95.573644,2, ,0.0,0.0,355.0,04,2,2500,0,0,0,0,1,0,0

FINAL,R35,35,R,3
IF,NEIGH,36.903214,-95.573644, ,0.0,0.0,2,2500,0,0,0,0,0,0
TF,IWATI,37.002378,-95.574017,0, ,0.0,0.0,355.0,5.9,2,2400,0,0,0,0,2,0
TF,RW35,37.087111,-95.574331,0, ,0.0,0.0,355.0,5.1,1,774,0,0,0,0,3,1
CA,0,355.0,2,1001,0,0,0,0,0,0
DF,ZOMAX,37.287911,-95.575075,0, ,0.0,0.0,2,3000,0,0,0,0,0,1
HM,ZOMAX,37.287911,-95.575075,2, ,0.0,0.0,175.0,04,0,0,0,0,0,0,0,0,0

