SID,AHMET4,06,4
VA,0,56.0,2,1900,0,0,0,0,0,0
VM,0,0,2,180.0,0,0,0,0,0,0,0,0
DF,AHMET,41.313361,-81.459292,0, ,0.0,0.0,2,3000,0,0,0,0,0,0

SID,AHMET4,24,4
VA,0,236.0,2,1900,0,0,0,0,0,0
VM,0,0,0,180.0,0,0,0,0,0,0,0,0
DF,AHMET,41.313361,-81.459292,0, ,0.0,0.0,2,3000,0,0,0,0,0,0

SID,AHMET4,ALL,5
IF,AHMET,41.313361,-81.459292, ,0.0,0.0,2,3000,0,0,0,0,0,0
TF,KKIDS,41.201747,-81.412172,0, ,0.0,0.0,0.0,0.0,3,14000,0,0,0,0,0,0

SID,AHMET4,EWC,6
IF,KKIDS,41.201747,-81.412172, ,0.0,0.0,3,14000,0,0,0,0,0,0
TF,ZAVEE,41.074233,-80.647064,0, ,0.0,0.0,0.0,0.0,0,0,0,0,0,0,0,0
TF,EWC,40.824933,-80.211544,0, ,0.0,0.0,0.0,0.0,0,0,0,0,0,0,0,0

SID,AHMET4,NUSMM,6
IF,KKIDS,41.201747,-81.412172, ,0.0,0.0,3,14000,0,0,0,0,0,0
TF,NUSMM,40.033692,-80.817228,0, ,0.0,0.0,0.0,0.0,0,0,0,0,0,0,0,0

SID,CAVVS4,06,4
VA,0,57.0,2,1900,0,0,0,0,0,0
VM,0,0,2,180.0,0,0,0,0,0,0,0,0
DF,LBRON,40.956839,-82.095928,0, ,0.0,0.0,2,10000,0,0,0,0,0,0

SID,CAVVS4,24,4
VA,0,237.0,2,1900,0,0,0,0,0,0
VM,0,0,0,180.0,0,0,0,0,0,0,0,0
DF,LBRON,40.956839,-82.095928,0, ,0.0,0.0,2,10000,0,0,0,0,0,0

SID,CAVVS4,ALL,5
IF,LBRON,40.956839,-82.095928, ,0.0,0.0,2,10000,0,0,0,0,0,0
TF,CAVVS,40.627400,-82.298664,0, ,0.0,0.0,0.0,0.0,0,0,0,0,0,0,0,0

SID,CAVVS4,APE,6
IF,CAVVS,40.627400,-82.298664, ,0.0,0.0,0,0,0,0,0,0,0,0
TF,APE,40.151064,-82.588300,0, ,0.0,0.0,0.0,0.0,0,0,0,0,0,0,0,0

SID,GTLKE4,06,4
VA,0,57.0,2,1900,0,0,0,0,0,0
VM,0,0,0,330.0,0,0,0,0,0,0,0,0
DF,AYYLE,41.282097,-82.462919,0, ,0.0,0.0,2,9000,0,0,0,0,0,0

SID,GTLKE4,24,4
VA,0,237.0,2,1900,0,0,0,0,0,0
VM,0,0,2,330.0,0,0,0,0,0,0,0,0
DF,AYYLE,41.282097,-82.462919,0, ,0.0,0.0,2,9000,0,0,0,0,0,0

SID,GTLKE4,ALL,5
IF,AYYLE,41.282097,-82.462919, ,0.0,0.0,2,9000,0,0,0,0,0,0
TF,BRNIN,41.276844,-82.637236,0, ,0.0,0.0,0.0,0.0,3,14000,0,0,0,0,0,0
TF,GTLKE,41.309328,-82.986014,0, ,0.0,0.0,0.0,0.0,0,0,0,0,0,0,0,0

SID,GTLKE4,ALPHE,6
IF,GTLKE,41.309328,-82.986014, ,0.0,0.0,0,0,0,0,0,0,0,0
TF,DORRT,41.909583,-83.869650,0, ,0.0,0.0,0.0,0.0,0,0,0,0,0,0,0,0
TF,ALPHE,42.435900,-84.509917,0, ,0.0,0.0,0.0,0.0,0,0,0,0,0,0,0,0

SID,GTLKE4,BAGEL,6
IF,GTLKE,41.309328,-82.986014, ,0.0,0.0,0,0,0,0,0,0,0,0
TF,ELEOT,41.343389,-83.301719,0, ,0.0,0.0,0.0,0.0,0,0,0,0,0,0,0,0
TF,MUNDR,41.477694,-84.298169,0, ,0.0,0.0,0.0,0.0,0,0,0,0,0,0,0,0
TF,BAGEL,41.515975,-85.613689,0, ,0.0,0.0,0.0,0.0,0,0,0,0,0,0,0,0

SID,GTLKE4,DAIFE,6
IF,GTLKE,41.309328,-82.986014, ,0.0,0.0,0,0,0,0,0,0,0,0
TF,ELEOT,41.343389,-83.301719,0, ,0.0,0.0,0.0,0.0,0,0,0,0,0,0,0,0
TF,NOLNN,41.234375,-84.636669,0, ,0.0,0.0,0.0,0.0,0,0,0,0,0,0,0,0
TF,DAIFE,41.268889,-85.855278,0, ,0.0,0.0,0.0,0.0,0,0,0,0,0,0,0,0

SID,GTLKE4,YABRO,6
IF,GTLKE,41.309328,-82.986014, ,0.0,0.0,0,0,0,0,0,0,0,0
TF,ELEOT,41.343389,-83.301719,0, ,0.0,0.0,0.0,0.0,0,0,0,0,0,0,0,0
TF,NESSS,41.364072,-84.617828,0, ,0.0,0.0,0.0,0.0,0,0,0,0,0,0,0,0
TF,YABRO,41.394636,-85.707297,0, ,0.0,0.0,0.0,0.0,0,0,0,0,0,0,0,0

SID,MYCAR4,06,4
VA,0,56.0,2,1900,0,0,0,0,0,0
VM,0,0,0,330.0,0,0,0,0,0,0,0,0
DF,OCIFR,41.786117,-81.373231,0, ,0.0,0.0,2,3000,0,0,0,0,0,0

SID,MYCAR4,24,4
VA,0,236.0,2,1900,0,0,0,0,0,0
VM,0,0,2,330.0,0,0,0,0,0,0,0,0
DF,OCIFR,41.786117,-81.373231,0, ,0.0,0.0,2,3000,0,0,0,0,0,0

SID,MYCAR4,ALL,5
IF,OCIFR,41.786117,-81.373231, ,0.0,0.0,2,3000,0,0,0,0,0,0
TF,WHARS,41.858250,-81.080922,0, ,0.0,0.0,0.0,0.0,3,14000,0,0,0,0,0,0
TF,MYCAR,41.927181,-80.794206,0, ,0.0,0.0,0.0,0.0,0,0,0,0,0,0,0,0

SID,ZAAPA5,06,4
VA,0,57.0,2,1900,0,0,0,0,0,0
VM,0,0,0,330.0,0,0,0,0,0,0,0,0
DF,MOHUM,41.189256,-82.442967,0, ,0.0,0.0,2,9000,0,0,0,0,0,0

SID,ZAAPA5,24,4
VA,0,237.0,2,1900,0,0,0,0,0,0
VM,0,0,2,330.0,0,0,0,0,0,0,0,0
DF,MOHUM,41.189256,-82.442967,0, ,0.0,0.0,2,9000,0,0,0,0,0,0

SID,ZAAPA5,ALL,5
IF,MOHUM,41.189256,-82.442967, ,0.0,0.0,2,9000,0,0,0,0,0,0
TF,ZAAPA,41.105325,-82.763242,0, ,0.0,0.0,0.0,0.0,3,14000,0,0,0,0,0,0

SID,ZAAPA5,PUUDL,6
IF,ZAAPA,41.105325,-82.763242, ,0.0,0.0,3,14000,0,0,0,0,0,0
TF,PUUDL,40.120667,-84.055956,0, ,0.0,0.0,0.0,0.0,0,0,0,0,0,0,0,0

SID,ZAAPA5,SINKR,6
IF,ZAAPA,41.105325,-82.763242, ,0.0,0.0,3,14000,0,0,0,0,0,0
TF,YELOE,40.897447,-83.917372,0, ,0.0,0.0,0.0,0.0,0,0,0,0,0,0,0,0
TF,SINKR,40.451292,-84.385203,0, ,0.0,0.0,0.0,0.0,0,0,0,0,0,0,0,0

SID,ZAAPA5,SNNOH,6
IF,ZAAPA,41.105325,-82.763242, ,0.0,0.0,3,14000,0,0,0,0,0,0
TF,YELOE,40.897447,-83.917372,0, ,0.0,0.0,0.0,0.0,0,0,0,0,0,0,0,0
TF,SNNOH,39.873289,-86.053306,0, ,0.0,0.0,0.0,0.0,0,0,0,0,0,0,0,0

STAR,BRWNZ4,BENJO,4
IF,BENJO,41.885681,-85.209208, ,0.0,0.0,0,0,0,0,0,0,0,0
TF,COWCH,41.948094,-84.282506,0, ,0.0,0.0,0.0,0.0,0,0,0,0,0,0,0,0
TF,FRYYE,42.007747,-83.336450,0, ,0.0,0.0,0.0,0.0,2,24000,0,1,280,0,0,0
TF,MCKOY,41.990594,-83.108572,0, ,0.0,0.0,0.0,0.0,2,21000,0,0,0,0,0,0
TF,WEEDN,41.977019,-82.934994,0, ,0.0,0.0,0.0,0.0,2,19000,0,1,280,0,0,0
TF,RDZON,41.964539,-82.779292,0, ,0.0,0.0,0.0,0.0,2,17000,0,0,0,0,0,0
TF,WINNZ,41.924072,-82.574897,0, ,0.0,0.0,0.0,0.0,2,14000,0,0,0,0,0,0
TF,GOLIC,41.892958,-82.417739,0, ,0.0,0.0,0.0,0.0,0,0,0,0,0,0,0,0
TF,BRWNZ,41.852506,-82.213292,0, ,0.0,0.0,0.0,0.0,4,14000,11000,1,280,0,0,0

STAR,BRWNZ4,DETMR,4
IF,DETMR,42.119039,-85.094164, ,0.0,0.0,0,0,0,0,0,0,0,0
TF,CHUUB,42.078714,-84.405919,0, ,0.0,0.0,0.0,0.0,0,0,0,0,0,0,0,0
TF,FRYYE,42.007747,-83.336450,0, ,0.0,0.0,0.0,0.0,2,24000,0,1,280,0,0,0
TF,MCKOY,41.990594,-83.108572,0, ,0.0,0.0,0.0,0.0,2,21000,0,0,0,0,0,0
TF,WEEDN,41.977019,-82.934994,0, ,0.0,0.0,0.0,0.0,2,19000,0,1,280,0,0,0
TF,RDZON,41.964539,-82.779292,0, ,0.0,0.0,0.0,0.0,2,17000,0,0,0,0,0,0
TF,WINNZ,41.924072,-82.574897,0, ,0.0,0.0,0.0,0.0,2,14000,0,0,0,0,0,0
TF,GOLIC,41.892958,-82.417739,0, ,0.0,0.0,0.0,0.0,0,0,0,0,0,0,0,0
TF,BRWNZ,41.852506,-82.213292,0, ,0.0,0.0,0.0,0.0,4,14000,11000,1,280,0,0,0

STAR,BRWNZ4,DOZRR,4
IF,DOZRR,42.018103,-82.187206, ,0.0,0.0,2,11000,0,0,0,0,0,0
TF,BRWNZ,41.852506,-82.213292,0, ,0.0,0.0,0.0,0.0,4,14000,11000,1,280,0,0,0

STAR,BRWNZ4,FRYYE,4
IF,FRYYE,42.007747,-83.336450, ,0.0,0.0,2,24000,0,1,280,0,0,0
TF,MCKOY,41.990594,-83.108572,0, ,0.0,0.0,0.0,0.0,2,21000,0,0,0,0,0,0
TF,WEEDN,41.977019,-82.934994,0, ,0.0,0.0,0.0,0.0,2,19000,0,1,280,0,0,0
TF,RDZON,41.964539,-82.779292,0, ,0.0,0.0,0.0,0.0,2,17000,0,0,0,0,0,0
TF,WINNZ,41.924072,-82.574897,0, ,0.0,0.0,0.0,0.0,2,14000,0,0,0,0,0,0
TF,GOLIC,41.892958,-82.417739,0, ,0.0,0.0,0.0,0.0,0,0,0,0,0,0,0,0
TF,BRWNZ,41.852506,-82.213292,0, ,0.0,0.0,0.0,0.0,4,14000,11000,1,280,0,0,0

STAR,BRWNZ4,HASTE,4
IF,HASTE,42.670953,-85.167361, ,0.0,0.0,0,0,0,0,0,0,0,0
TF,MNZEL,42.544450,-84.751581,0, ,0.0,0.0,0.0,0.0,0,0,0,0,0,0,0,0
TF,KWYNN,42.146967,-83.697781,0, ,0.0,0.0,0.0,0.0,0,0,0,0,0,0,0,0
TF,FRYYE,42.007747,-83.336450,0, ,0.0,0.0,0.0,0.0,2,24000,0,1,280,0,0,0
TF,MCKOY,41.990594,-83.108572,0, ,0.0,0.0,0.0,0.0,2,21000,0,0,0,0,0,0
TF,WEEDN,41.977019,-82.934994,0, ,0.0,0.0,0.0,0.0,2,19000,0,1,280,0,0,0
TF,RDZON,41.964539,-82.779292,0, ,0.0,0.0,0.0,0.0,2,17000,0,0,0,0,0,0
TF,WINNZ,41.924072,-82.574897,0, ,0.0,0.0,0.0,0.0,2,14000,0,0,0,0,0,0
TF,GOLIC,41.892958,-82.417739,0, ,0.0,0.0,0.0,0.0,0,0,0,0,0,0,0,0
TF,BRWNZ,41.852506,-82.213292,0, ,0.0,0.0,0.0,0.0,4,14000,11000,1,280,0,0,0

STAR,BRWNZ4,OLYEE,4
IF,OLYEE,42.784631,-85.486114, ,0.0,0.0,0,0,0,0,0,0,0,0
TF,SCHAM,42.702675,-85.060889,0, ,0.0,0.0,0.0,0.0,0,0,0,0,0,0,0,0
TF,HAVEN,42.541456,-84.246892,0, ,0.0,0.0,0.0,0.0,0,0,0,0,0,0,0,0
TF,KWYNN,42.146967,-83.697781,0, ,0.0,0.0,0.0,0.0,0,0,0,0,0,0,0,0
TF,FRYYE,42.007747,-83.336450,0, ,0.0,0.0,0.0,0.0,2,24000,0,1,280,0,0,0
TF,MCKOY,41.990594,-83.108572,0, ,0.0,0.0,0.0,0.0,2,21000,0,0,0,0,0,0
TF,WEEDN,41.977019,-82.934994,0, ,0.0,0.0,0.0,0.0,2,19000,0,1,280,0,0,0
TF,RDZON,41.964539,-82.779292,0, ,0.0,0.0,0.0,0.0,2,17000,0,0,0,0,0,0
TF,WINNZ,41.924072,-82.574897,0, ,0.0,0.0,0.0,0.0,2,14000,0,0,0,0,0,0
TF,GOLIC,41.892958,-82.417739,0, ,0.0,0.0,0.0,0.0,0,0,0,0,0,0,0,0
TF,BRWNZ,41.852506,-82.213292,0, ,0.0,0.0,0.0,0.0,4,14000,11000,1,280,0,0,0

STAR,BRWNZ4,WINNZ,4
IF,WINNZ,41.924072,-82.574897, ,0.0,0.0,2,14000,0,0,0,0,0,0
TF,GOLIC,41.892958,-82.417739,0, ,0.0,0.0,0.0,0.0,0,0,0,0,0,0,0,0
TF,BRWNZ,41.852506,-82.213292,0, ,0.0,0.0,0.0,0.0,4,14000,11000,1,280,0,0,0

STAR,BRWNZ4,ALL,5
IF,BRWNZ,41.852506,-82.213292, ,0.0,0.0,4,14000,11000,1,280,0,0,0
TF,SLOTR,41.819628,-81.846650,0, ,0.0,0.0,0.0,0.0,0,0,0,0,0,0,0,0
TF,SIIPE,41.800639,-81.629381,0, ,0.0,0.0,0.0,0.0,1,7000,0,0,0,0,0,0
FM,SIIPE,41.800639,-81.629381,0,EWC,0.0,0.0,105.0,0,0,0,0,0,0,0,0

STAR,ROKNN3,DRUGA,4
IF,DRUGA,39.687972,-83.996836, ,0.0,0.0,0,0,0,0,0,0,0,0
TF,DEAHD,40.181714,-83.447064,0, ,0.0,0.0,0.0,0.0,0,0,0,0,0,0,0,0
TF,HEADZ,40.486386,-83.065364,0, ,0.0,0.0,0.0,0.0,4,23000,17000,1,280,0,0,0
TF,ROKNN,40.931206,-82.503933,0, ,0.0,0.0,0.0,0.0,4,17000,10000,1,280,0,0,0

STAR,ROKNN3,TALKN,4
IF,TALKN,40.101247,-84.309203, ,0.0,0.0,0,0,0,0,0,0,0,0
TF,DEAHD,40.181714,-83.447064,0, ,0.0,0.0,0.0,0.0,0,0,0,0,0,0,0,0
TF,HEADZ,40.486386,-83.065364,0, ,0.0,0.0,0.0,0.0,4,23000,17000,1,280,0,0,0
TF,ROKNN,40.931206,-82.503933,0, ,0.0,0.0,0.0,0.0,4,17000,10000,1,280,0,0,0

STAR,ROKNN3,ALL,5
IF,ROKNN,40.931206,-82.503933, ,0.0,0.0,4,17000,10000,1,280,0,0,0
TF,DEVOH,41.051036,-82.350947,0, ,0.0,0.0,0.0,0.0,4,14000,8000,0,0,0,0,0
TF,MICKJ,41.218272,-82.129714,0, ,0.0,0.0,0.0,0.0,1,8000,0,0,0,0,0,1
FM,MICKJ,41.218272,-82.129714,0,EWC,0.0,0.0,53.0,0,0,0,0,0,0,0,0

STAR,ROLLN2,JANYS,4
IF,JANYS,39.777761,-82.008633, ,0.0,0.0,0,0,0,0,0,0,0,0
TF,JPLIN,40.355158,-81.868833,0, ,0.0,0.0,0.0,0.0,0,0,0,0,0,0,0,0
TF,GEDDY,40.536447,-81.826572,0, ,0.0,0.0,0.0,0.0,4,23000,17000,1,280,0,0,0
TF,ROLLN,40.881431,-81.745650,0, ,0.0,0.0,0.0,0.0,4,17000,11000,1,280,0,0,0

STAR,ROLLN2,ALL,5
IF,ROLLN,40.881431,-81.745650, ,0.0,0.0,4,17000,11000,1,280,0,0,0
TF,STOHN,41.051608,-81.738628,0, ,0.0,0.0,0.0,0.0,4,14000,9000,0,0,0,0,0
TF,HENDX,41.141325,-81.680067,0, ,0.0,0.0,0.0,0.0,1,9000,0,0,0,0,0,1
FM,HENDX,41.141325,-81.680067,0,EWC,0.0,0.0,34.0,0,0,0,0,0,0,0,0

STAR,TRYBE4,LFTON,4
IF,LFTON,41.667928,-80.513094, ,0.0,0.0,4,23000,17000,0,0,0,0,0
TF,HFNER,41.622014,-80.680689,0, ,0.0,0.0,0.0,0.0,2,16000,0,1,280,0,0,0
TF,TRYBE,41.516144,-81.059419,0, ,0.0,0.0,0.0,0.0,4,19000,10000,1,280,0,0,0

STAR,TRYBE4,THOME,4
IF,THOME,42.130108,-78.779133, ,0.0,0.0,0,0,0,0,0,0,0,0
TF,BEELL,41.790056,-80.062867,0, ,0.0,0.0,0.0,0.0,2,24000,0,1,280,0,0,0
TF,LFTON,41.667928,-80.513094,0, ,0.0,0.0,0.0,0.0,4,23000,17000,0,0,0,0,0
TF,HFNER,41.622014,-80.680689,0, ,0.0,0.0,0.0,0.0,2,16000,0,1,280,0,0,0
TF,TRYBE,41.516144,-81.059419,0, ,0.0,0.0,0.0,0.0,4,19000,10000,1,280,0,0,0

STAR,TRYBE4,UPPRR,4
IF,UPPRR,41.244069,-80.138831, ,0.0,0.0,2,24000,0,1,280,0,0,0
TF,DECRR,41.406442,-80.683253,0, ,0.0,0.0,0.0,0.0,4,23000,16000,1,280,0,0,0
TF,TRYBE,41.516144,-81.059419,0, ,0.0,0.0,0.0,0.0,4,19000,10000,1,280,0,0,0

STAR,TRYBE4,ALL,5
IF,TRYBE,41.516144,-81.059419, ,0.0,0.0,4,19000,10000,1,280,0,0,0
TF,NAGGY,41.506939,-81.280928,0, ,0.0,0.0,0.0,0.0,2,7000,0,0,0,0,0,0
TF,TOONZ,41.548644,-81.335261,0, ,0.0,0.0,0.0,0.0,1,6000,0,0,0,0,0,1
FM,TOONZ,41.548644,-81.335261,0,EWC,0.0,0.0,320.0,0,0,0,0,0,0,0,0

APPTR,I24,24,WEIDS
IF,WEIDS,41.721200,-81.112569, ,0.0,0.0,0,0,0,0,0,0,1,0
TF,EBLIS,41.704036,-81.269192,0, ,0.0,0.0,0.0,0.0,2,3000,0,0,0,0,1,0
CF,IMUSY,41.656156,-81.344222,0,ICGF,57.5,9.0,237.0,4.4,2,3000,0,0,0,0,0,0

FINAL,I24,24,I,3
IF,IMUSY,41.656156,-81.344222,ICGF,57.5,9.0,2,3000,0,0,0,0,0,0
CF,KROOK,41.615567,-81.407681,0,ICGF,57.5,5.2,237.0,3.8,1,2300,0,0,0,0,2,0
CF,RW24,41.568581,-81.480969,0,ICGF,57.5,0.9,237.0,4.3,1,917,0,0,0,0,3,0
CA,0,237.0,2,1600,0,0,0,0,0,0
CF,CXR,41.516928,-81.163186,1,CXR,0.0,0.0,106.0,14.0,2,3100,0,0,0,0,0,0
HM,CXR,41.516928,-81.163186,2, ,0.0,0.0,106.0,04.3,0,0,0,0,0,0,0,0,0

FINAL,R06,06,R,3
IF,ZONIA,41.450308,-81.664675, ,0.0,0.0,2,2200,0,0,0,0,0,0
TF,EUKER,41.516528,-81.561958,0, ,0.0,0.0,57.0,6.1,2,2200,0,0,0,0,2,0
TF,RW06,41.560231,-81.493978,0, ,0.0,0.0,57.0,4.0,1,916,0,0,0,0,3,1
CA,0,57.0,2,1175,0,0,0,0,0,0
DF,IFSEH,41.625547,-81.392094,0, ,0.0,0.0,0,0,0,0,0,0,0,0
TF,CXR,41.516928,-81.163186,0, ,0.0,0.0,0.0,0.0,2,3100,0,0,0,0,0,1
HM,CXR,41.516928,-81.163186,2, ,0.0,0.0,151.0,04,0,0,0,0,0,0,0,0,0

APPTR,R24,24,WEIDS
IF,WEIDS,41.721200,-81.112569, ,0.0,0.0,0,0,0,0,0,0,1,0
TF,EBLIS,41.704036,-81.269192,0, ,0.0,0.0,0.0,0.0,2,3000,0,0,0,0,1,0

FINAL,R24,24,R,4
IF,EBLIS,41.704036,-81.269192, ,0.0,0.0,2,3000,0,0,0,0,0,0
TF,IMUSY,41.656156,-81.344222,0, ,0.0,0.0,238.0,4.4,2,3000,0,0,0,0,0,0
TF,KROOK,41.615567,-81.407681,0, ,0.0,0.0,238.0,3.8,2,2300,0,0,0,0,2,0
TF,RW24,41.568581,-81.480969,0, ,0.0,0.0,238.0,4.3,1,917,0,0,0,0,3,1
CA,0,238.0,2,2500,0,0,0,0,0,0
DF,ZUPKO,41.347456,-81.446031,0, ,0.0,0.0,2,3000,0,0,0,0,0,1
HM,ZUPKO,41.347456,-81.446031,2, ,0.0,0.0,196.0,04,0,0,0,0,0,0,0,0,0

