APPTR,R13-B,13,AANZA
HF,AANZA,43.762933,-91.485617,2, ,0.0,0.0,184.0,04,2,2900,0,0,0,0,1,0,0

FINAL,R13-B,13,R,3
IF,AANZA,43.762933,-91.485617, ,0.0,0.0,2,2900,0,0,0,0,0,0
TF,AUTOS,43.679908,-91.495639,0, ,0.0,0.0,184.0,5.0,2,2900,0,0,0,0,2,0
TF,MAFYE,43.599603,-91.505306,0, ,0.0,0.0,184.0,4.8,1,1820,0,0,0,0,3,1
CA,0,184.0,2,2900,0,0,0,0,0,0
DF,AANZA,43.762933,-91.485617,1, ,0.0,0.0,2,2900,0,0,0,0,0,1
HM,AANZA,43.762933,-91.485617,2, ,0.0,0.0,184.0,04,0,0,0,0,0,0,0,0,0

APPTR,R31-B,31,AANZA
HF,AANZA,43.762933,-91.485617,2, ,0.0,0.0,184.0,04,2,2900,0,0,0,0,1,0,0

FINAL,R31-B,31,R,3
IF,AANZA,43.762933,-91.485617, ,0.0,0.0,2,2900,0,0,0,0,0,0
TF,AUTOS,43.679908,-91.495639,0, ,0.0,0.0,184.0,5.0,2,2900,0,0,0,0,2,0
TF,MAFYE,43.599603,-91.505306,0, ,0.0,0.0,184.0,4.8,1,1820,0,0,0,0,3,1
CA,0,184.0,2,2900,0,0,0,0,0,0
DF,AANZA,43.762933,-91.485617,1, ,0.0,0.0,2,2900,0,0,0,0,0,1
HM,AANZA,43.762933,-91.485617,2, ,0.0,0.0,184.0,04,0,0,0,0,0,0,0,0,0

APPTR,V13-A,13,AUTOS
HF,AUTOS,43.679908,-91.495639,2, ,0.0,0.0,184.0,04.3,2,2900,0,0,0,0,1,0,0

FINAL,V13-A,13,D,3
IF,ODI,43.912331,-91.467517,ODI,0.0,0.0,2,2900,0,0,0,0,0,0
CF,AUTOS,43.679908,-91.495639,0,ODI,184.0,14.0,184.0,14.0,2,2900,0,0,0,0,2,0
CF,MAFYE,43.599603,-91.505306,0,ODI,184.0,18.8,184.0,4.8,1,1820,0,0,0,0,3,0
CA,0,184.0,2,2900,0,0,0,0,0,0
CF,AUTOS,43.679908,-91.495639,1,ODI,184.0,14.0,4.0,10.0,0,0,0,0,0,0,0,0
HM,AUTOS,43.679908,-91.495639,2, ,0.0,0.0,184.0,04.3,0,0,0,0,0,0,0,0,0

APPTR,V31-A,31,AUTOS
HF,AUTOS,43.679908,-91.495639,2, ,0.0,0.0,184.0,04.3,2,2900,0,0,0,0,1,0,0

FINAL,V31-A,31,D,3
IF,ODI,43.912331,-91.467517,ODI,0.0,0.0,2,2900,0,0,0,0,0,0
CF,AUTOS,43.679908,-91.495639,0,ODI,184.0,14.0,184.0,14.0,2,2900,0,0,0,0,2,0
CF,MAFYE,43.599603,-91.505306,0,ODI,184.0,18.8,184.0,4.8,1,1820,0,0,0,0,3,0
CA,0,184.0,2,2900,0,0,0,0,0,0
CF,AUTOS,43.679908,-91.495639,1,ODI,184.0,14.0,4.0,10.0,0,0,0,0,0,0,0,0
HM,AUTOS,43.679908,-91.495639,2, ,0.0,0.0,184.0,04.3,0,0,0,0,0,0,0,0,0

