APPTR,R18,18,WARAP
HF,WARAP,42.934033,-95.542494,2, ,0.0,0.0,178.0,04,2,3200,0,0,0,0,1,0,0

FINAL,R18,18,R,4
IF,WARAP,42.934033,-95.542494, ,0.0,0.0,2,3200,0,0,0,0,0,0
TF,GOTTA,42.827694,-95.549397,0, ,0.0,0.0,178.0,6.4,2,3000,0,0,0,0,2,0
TF,KALNE,42.771222,-95.553050,0, ,0.0,0.0,178.0,3.4,2,1920,0,0,0,0,0,0
TF,RW18,42.736339,-95.555344,0, ,0.0,0.0,178.0,2.1,1,1253,0,0,0,0,3,1
CA,0,178.0,2,1627,0,0,0,0,0,0
DF,YACYU,42.534481,-95.568278,0, ,0.0,0.0,2,3000,0,0,0,0,0,1
HM,YACYU,42.534481,-95.568278,2, ,0.0,0.0,358.0,04,0,0,0,0,0,0,0,0,0

APPTR,R36,36,CISAC
IF,CISAC,42.897731,-95.531042, ,0.0,0.0,0,0,0,0,0,0,0,0
TF,YACYU,42.534481,-95.568278,0, ,0.0,0.0,0.0,0.0,2,3000,0,0,0,0,0,1
HF,YACYU,42.534481,-95.568278,2, ,0.0,0.0,358.0,04,2,3000,0,0,0,0,1,0,0

APPTR,R36,36,CUSHO
IF,CUSHO,42.420942,-95.770950, ,0.0,0.0,0,0,0,0,0,0,0,0
TF,BAMDY,42.538367,-95.680875,0, ,0.0,0.0,0.0,0.0,2,3000,0,0,0,0,1,0
TF,YACYU,42.534481,-95.568278,0, ,0.0,0.0,0.0,0.0,2,3000,0,0,0,0,1,0

APPTR,R36,36,NEMAH
IF,NEMAH,42.504778,-95.139625, ,0.0,0.0,0,0,0,0,0,0,0,0
TF,ACLIK,42.530483,-95.455694,0, ,0.0,0.0,0.0,0.0,2,3000,0,0,0,0,1,0
TF,YACYU,42.534481,-95.568278,0, ,0.0,0.0,0.0,0.0,2,3000,0,0,0,0,1,0

FINAL,R36,36,R,4
IF,YACYU,42.534481,-95.568278, ,0.0,0.0,2,3000,0,0,0,0,0,0
TF,ATNUY,42.649861,-95.560883,0, ,0.0,0.0,358.0,6.9,2,3000,0,0,0,0,2,0
TF,CAPLO,42.693419,-95.558075,0, ,0.0,0.0,358.0,2.6,2,2000,0,0,0,0,0,0
TF,RW36,42.725375,-95.556014,0, ,0.0,0.0,358.0,1.9,1,1266,0,0,0,0,3,1
CA,0,358.0,2,1800,0,0,0,0,0,0
DF,YACYU,42.534481,-95.568278,2, ,0.0,0.0,2,3000,0,0,0,0,0,1
HM,YACYU,42.534481,-95.568278,2, ,0.0,0.0,358.0,04,0,0,0,0,0,0,0,0,0

