STAR,CBUSS2,WWSHR,4
IF,WWSHR,41.342803,-82.051600, ,0.0,0.0,0,0,0,0,0,0,0,0
TF,WAAHU,40.634503,-82.419469,0, ,0.0,0.0,0.0,0.0,0,0,0,0,0,0,0,0
TF,BUGZZ,40.565011,-82.454067,0, ,0.0,0.0,0.0,0.0,0,0,0,0,0,0,0,0

STAR,CBUSS2,ALL,5
IF,BUGZZ,40.565011,-82.454067, ,0.0,0.0,0,0,0,0,0,0,0,0
TF,CBUSS,40.325303,-82.540511,0, ,0.0,0.0,0.0,0.0,4,12000,8000,0,0,0,0,0

STAR,CBUSS2,10L,6
IF,CBUSS,40.325303,-82.540511, ,0.0,0.0,4,12000,8000,0,0,0,0,0
TF,GARMM,40.186475,-82.725214,0, ,0.0,0.0,0.0,0.0,4,9000,8000,0,0,0,0,0
TF,TAMOE,40.118989,-82.815239,0, ,0.0,0.0,0.0,0.0,4,7000,6000,0,0,0,0,0
TF,FLIIP,40.087497,-82.856958,0, ,0.0,0.0,0.0,0.0,0,0,0,0,0,0,0,0
TF,WILGO,40.090936,-82.922000,0, ,0.0,0.0,0.0,0.0,1,6000,0,1,210,0,0,1
FM,WILGO,40.090936,-82.922000,0,AIR,0.0,0.0,281.0,0,0,0,0,0,0,0,0

STAR,CBUSS2,10R,6
IF,CBUSS,40.325303,-82.540511, ,0.0,0.0,4,12000,8000,0,0,0,0,0
TF,GARMM,40.186475,-82.725214,0, ,0.0,0.0,0.0,0.0,4,9000,8000,0,0,0,0,0
TF,TAMOE,40.118989,-82.815239,0, ,0.0,0.0,0.0,0.0,4,7000,6000,0,0,0,0,0
TF,FLIIP,40.087497,-82.856958,0, ,0.0,0.0,0.0,0.0,0,0,0,0,0,0,0,0
TF,WILGO,40.090936,-82.922000,0, ,0.0,0.0,0.0,0.0,1,6000,0,1,210,0,0,1
FM,WILGO,40.090936,-82.922000,0,AIR,0.0,0.0,281.0,0,0,0,0,0,0,0,0

STAR,CBUSS2,28L,6
IF,CBUSS,40.325303,-82.540511, ,0.0,0.0,4,12000,8000,0,0,0,0,0
TF,MOLLS,40.132133,-82.609194,0, ,0.0,0.0,0.0,0.0,0,0,0,0,0,0,0,0
TF,NHERD,40.048911,-82.633819,0, ,0.0,0.0,0.0,0.0,1,5000,0,1,210,0,0,1
FM,NHERD,40.048911,-82.633819,0,AIR,0.0,0.0,200.0,0,0,0,0,0,0,0,0

STAR,CBUSS2,28R,6
IF,CBUSS,40.325303,-82.540511, ,0.0,0.0,4,12000,8000,0,0,0,0,0
TF,MOLLS,40.132133,-82.609194,0, ,0.0,0.0,0.0,0.0,0,0,0,0,0,0,0,0
TF,FAVUS,40.058906,-82.639411,0, ,0.0,0.0,0.0,0.0,1,5000,0,1,210,0,0,1
FM,FAVUS,40.058906,-82.639411,0,AIR,0.0,0.0,205.0,0,0,0,0,0,0,0,0

STAR,CLPRR3,AIR,4
IF,AIR,40.017025,-80.817228, ,0.0,0.0,2,24000,0,0,0,0,0,0
TF,MEYRR,39.811333,-81.492567,0, ,0.0,0.0,0.0,0.0,4,22000,16000,0,0,0,0,0
TF,CLPRR,39.623942,-82.127247,0, ,0.0,0.0,0.0,0.0,4,18000,11000,0,0,0,0,0

STAR,CLPRR3,ZANDR,4
IF,ZANDR,40.005208,-81.532875, ,0.0,0.0,0,0,0,0,0,0,0,0
TF,SACHO,39.805653,-81.845528,0, ,0.0,0.0,0.0,0.0,0,0,0,0,0,0,0,0
TF,CLPRR,39.623942,-82.127247,0, ,0.0,0.0,0.0,0.0,4,18000,11000,0,0,0,0,0

STAR,CLPRR3,ALL,5
IF,CLPRR,39.623942,-82.127247, ,0.0,0.0,4,18000,11000,0,0,0,0,0
TF,HWKNG,39.738244,-82.328467,0, ,0.0,0.0,0.0,0.0,0,0,0,0,0,0,0,0

STAR,CLPRR3,10L,6
IF,HWKNG,39.738244,-82.328467, ,0.0,0.0,0,0,0,0,0,0,0,0
TF,BLOKO,39.898431,-82.756878,0, ,0.0,0.0,0.0,0.0,0,0,0,0,0,0,0,0
TF,PAYJJ,39.900847,-82.800075,0, ,0.0,0.0,0.0,0.0,1,8000,0,1,210,0,0,1
FM,PAYJJ,39.900847,-82.800075,0,AIR,0.0,0.0,281.0,0,0,0,0,0,0,0,0

STAR,CLPRR3,10R,6
IF,HWKNG,39.738244,-82.328467, ,0.0,0.0,0,0,0,0,0,0,0,0
TF,BLOKO,39.898431,-82.756878,0, ,0.0,0.0,0.0,0.0,0,0,0,0,0,0,0,0
TF,PAYJJ,39.900847,-82.800075,0, ,0.0,0.0,0.0,0.0,1,8000,0,1,210,0,0,1
FM,PAYJJ,39.900847,-82.800075,0,AIR,0.0,0.0,281.0,0,0,0,0,0,0,0,0

STAR,CLPRR3,28L,6
IF,HWKNG,39.738244,-82.328467, ,0.0,0.0,0,0,0,0,0,0,0,0
TF,HAMON,39.974928,-82.584772,0, ,0.0,0.0,0.0,0.0,1,4000,0,0,0,0,0,1
FM,HAMON,39.974928,-82.584772,0,AIR,0.0,0.0,327.0,0,0,0,0,0,0,0,0

STAR,CLPRR3,28R,6
IF,HWKNG,39.738244,-82.328467, ,0.0,0.0,0,0,0,0,0,0,0,0
TF,YELYU,39.984842,-82.590383,0, ,0.0,0.0,0.0,0.0,1,4000,0,0,0,0,0,1
FM,YELYU,39.984842,-82.590383,0,AIR,0.0,0.0,328.0,0,0,0,0,0,0,0,0

STAR,DUBLN1,BRYEN,4
IF,BRYEN,40.854369,-84.780250, ,0.0,0.0,3,23000,0,0,0,0,0,0
TF,CHDRS,40.521358,-83.721158,0, ,0.0,0.0,0.0,0.0,0,0,0,0,0,0,0,0
TF,IKALE,40.443589,-83.479653,0, ,0.0,0.0,0.0,0.0,0,0,0,0,0,0,0,0
TF,MELZZ,40.313422,-83.247186,0, ,0.0,0.0,0.0,0.0,0,0,0,0,0,0,0,0

STAR,DUBLN1,ESSIE,4
IF,ESSIE,40.550000,-83.396339, ,0.0,0.0,1,10000,0,0,0,0,0,0
TF,MELZZ,40.313422,-83.247186,0, ,0.0,0.0,0.0,0.0,0,0,0,0,0,0,0,0

STAR,DUBLN1,FBC,4
IF,FBC,40.955333,-83.756025, ,0.0,0.0,0,0,0,0,0,0,0,0
TF,ESSIE,40.550000,-83.396339,0, ,0.0,0.0,0.0,0.0,1,10000,0,0,0,0,0,0
TF,MELZZ,40.313422,-83.247186,0, ,0.0,0.0,0.0,0.0,0,0,0,0,0,0,0,0

STAR,DUBLN1,JADUB,4
IF,JADUB,40.029714,-85.343461, ,0.0,0.0,2,24000,0,0,0,0,0,0
TF,CYRAH,40.389642,-83.731811,0, ,0.0,0.0,0.0,0.0,0,0,0,0,0,0,0,0
TF,IKALE,40.443589,-83.479653,0, ,0.0,0.0,0.0,0.0,0,0,0,0,0,0,0,0
TF,MELZZ,40.313422,-83.247186,0, ,0.0,0.0,0.0,0.0,0,0,0,0,0,0,0,0

STAR,DUBLN1,ALL,5
IF,MELZZ,40.313422,-83.247186, ,0.0,0.0,0,0,0,0,0,0,0,0
TF,DUBLN,40.202956,-83.132317,0, ,0.0,0.0,0.0,0.0,0,0,0,0,0,0,0,0

STAR,DUBLN1,10L,6
IF,DUBLN,40.202956,-83.132317, ,0.0,0.0,0,0,0,0,0,0,0,0
TF,ZELON,40.160911,-83.131283,0, ,0.0,0.0,0.0,0.0,1,5000,0,0,0,0,0,0
TF,MADZY,40.089128,-83.134628,0, ,0.0,0.0,0.0,0.0,1,5000,0,1,210,0,0,1
FM,MADZY,40.089128,-83.134628,0,AIR,0.0,0.0,189.0,0,0,0,0,0,0,0,0

STAR,DUBLN1,10R,6
IF,DUBLN,40.202956,-83.132317, ,0.0,0.0,0,0,0,0,0,0,0,0
TF,WESDA,40.161028,-83.133492,0, ,0.0,0.0,0.0,0.0,1,5000,0,0,0,0,0,0
TF,HELDI,40.079731,-83.136603,0, ,0.0,0.0,0.0,0.0,1,5000,0,1,210,0,0,1
FM,HELDI,40.079731,-83.136603,0,AIR,0.0,0.0,189.0,0,0,0,0,0,0,0,0

STAR,DUBLN1,28L,6
IF,DUBLN,40.202956,-83.132317, ,0.0,0.0,0,0,0,0,0,0,0,0
TF,TRLGY,40.167944,-83.061150,0, ,0.0,0.0,0.0,0.0,4,9000,8000,0,0,0,0,0
TF,POLRS,40.111181,-82.953431,0, ,0.0,0.0,0.0,0.0,4,7000,6000,0,0,0,0,0
TF,TACES,40.090119,-82.916322,0, ,0.0,0.0,0.0,0.0,0,0,0,0,0,0,0,0
TF,TEEZE,40.086506,-82.848108,0, ,0.0,0.0,0.0,0.0,1,6000,0,1,210,0,0,1
FM,TEEZE,40.086506,-82.848108,0,AIR,0.0,0.0,101.0,0,0,0,0,0,0,0,0

STAR,DUBLN1,28R,6
IF,DUBLN,40.202956,-83.132317, ,0.0,0.0,0,0,0,0,0,0,0,0
TF,TRLGY,40.167944,-83.061150,0, ,0.0,0.0,0.0,0.0,4,9000,8000,0,0,0,0,0
TF,POLRS,40.111181,-82.953431,0, ,0.0,0.0,0.0,0.0,4,7000,6000,0,0,0,0,0
TF,TACES,40.090119,-82.916322,0, ,0.0,0.0,0.0,0.0,0,0,0,0,0,0,0,0
TF,TEEZE,40.086506,-82.848108,0, ,0.0,0.0,0.0,0.0,1,6000,0,1,210,0,0,1
FM,TEEZE,40.086506,-82.848108,0,AIR,0.0,0.0,101.0,0,0,0,0,0,0,0,0

STAR,JAKTZ2,GETTA,4
IF,GETTA,38.093019,-85.589000, ,0.0,0.0,0,0,0,0,0,0,0,0
TF,JIMUR,39.021561,-84.683925,0, ,0.0,0.0,0.0,0.0,2,24000,0,0,0,0,0,0
TF,MOAKS,39.295189,-84.195919,0, ,0.0,0.0,0.0,0.0,0,0,0,0,0,0,0,0
TF,PODGY,39.391406,-83.945631,0, ,0.0,0.0,0.0,0.0,4,23000,17000,0,0,0,0,0
TF,FISUL,39.503347,-83.651781,0, ,0.0,0.0,0.0,0.0,4,21000,15000,0,0,0,0,0
TF,JAKTZ,39.591022,-83.419586,0, ,0.0,0.0,0.0,0.0,4,16000,10000,0,0,0,0,0

STAR,JAKTZ2,JUDDI,4
IF,JUDDI,38.759356,-86.440172, ,0.0,0.0,0,0,0,0,0,0,0,0
TF,JIMUR,39.021561,-84.683925,0, ,0.0,0.0,0.0,0.0,2,24000,0,0,0,0,0,0
TF,MOAKS,39.295189,-84.195919,0, ,0.0,0.0,0.0,0.0,0,0,0,0,0,0,0,0
TF,PODGY,39.391406,-83.945631,0, ,0.0,0.0,0.0,0.0,4,23000,17000,0,0,0,0,0
TF,FISUL,39.503347,-83.651781,0, ,0.0,0.0,0.0,0.0,4,21000,15000,0,0,0,0,0
TF,JAKTZ,39.591022,-83.419586,0, ,0.0,0.0,0.0,0.0,4,16000,10000,0,0,0,0,0

STAR,JAKTZ2,ALL,5
IF,JAKTZ,39.591022,-83.419586, ,0.0,0.0,4,16000,10000,0,0,0,0,0
TF,RSCOT,39.722394,-83.286297,0, ,0.0,0.0,0.0,0.0,0,0,0,0,0,0,0,0

STAR,JAKTZ2,10L,6
IF,RSCOT,39.722394,-83.286297, ,0.0,0.0,0,0,0,0,0,0,0,0
TF,SHMDT,39.857619,-83.208156,0, ,0.0,0.0,0.0,0.0,1,5000,0,0,0,0,0,0
TF,WATSU,39.893956,-83.186856,0, ,0.0,0.0,0.0,0.0,0,0,0,0,0,0,0,0
TF,YUKAN,39.939650,-83.149964,0, ,0.0,0.0,0.0,0.0,1,5000,0,1,210,0,0,1
FM,YUKAN,39.939650,-83.149964,0,AIR,0.0,0.0,39.0,0,0,0,0,0,0,0,0

STAR,JAKTZ2,10R,6
IF,RSCOT,39.722394,-83.286297, ,0.0,0.0,0,0,0,0,0,0,0,0
TF,SHMDT,39.857619,-83.208156,0, ,0.0,0.0,0.0,0.0,1,5000,0,0,0,0,0,0
TF,WATSU,39.893956,-83.186856,0, ,0.0,0.0,0.0,0.0,0,0,0,0,0,0,0,0
TF,HANTI,39.930083,-83.151842,0, ,0.0,0.0,0.0,0.0,1,5000,0,1,210,0,0,1
FM,HANTI,39.930083,-83.151842,0,AIR,0.0,0.0,44.0,0,0,0,0,0,0,0,0

STAR,JAKTZ2,28L,6
IF,RSCOT,39.722394,-83.286297, ,0.0,0.0,0,0,0,0,0,0,0,0
TF,OBETZ,39.787678,-83.158381,0, ,0.0,0.0,0.0,0.0,0,0,0,0,0,0,0,0
TF,ELUPY,39.831072,-83.074767,0, ,0.0,0.0,0.0,0.0,4,9000,8000,0,0,0,0,0
TF,EDWIB,39.877475,-82.984853,0, ,0.0,0.0,0.0,0.0,2,7000,0,0,0,0,0,0
TF,GAGBE,39.907164,-82.927269,0, ,0.0,0.0,0.0,0.0,0,0,0,0,0,0,0,0
TF,JESCE,39.903553,-82.858886,0, ,0.0,0.0,0.0,0.0,1,6000,0,1,210,0,0,1
FM,JESCE,39.903553,-82.858886,0,AIR,0.0,0.0,101.0,0,0,0,0,0,0,0,0

STAR,JAKTZ2,28R,6
IF,RSCOT,39.722394,-83.286297, ,0.0,0.0,0,0,0,0,0,0,0,0
TF,OBETZ,39.787678,-83.158381,0, ,0.0,0.0,0.0,0.0,0,0,0,0,0,0,0,0
TF,ELUPY,39.831072,-83.074767,0, ,0.0,0.0,0.0,0.0,4,9000,8000,0,0,0,0,0
TF,EDWIB,39.877475,-82.984853,0, ,0.0,0.0,0.0,0.0,2,7000,0,0,0,0,0,0
TF,GAGBE,39.907164,-82.927269,0, ,0.0,0.0,0.0,0.0,0,0,0,0,0,0,0,0
TF,JESCE,39.903553,-82.858886,0, ,0.0,0.0,0.0,0.0,1,6000,0,1,210,0,0,1
FM,JESCE,39.903553,-82.858886,0,AIR,0.0,0.0,101.0,0,0,0,0,0,0,0,0

STAR,SCRLT2,HACKS,4
IF,HACKS,39.129414,-81.093028, ,0.0,0.0,0,0,0,0,0,0,0,0
TF,SCRLT,39.502914,-82.350839,0, ,0.0,0.0,0.0,0.0,4,17000,10000,0,0,0,0,0

STAR,SCRLT2,MCGNS,4
IF,MCGNS,38.486539,-82.159064, ,0.0,0.0,0,0,0,0,0,0,0,0
TF,ZEDNO,39.090364,-82.272322,0, ,0.0,0.0,0.0,0.0,0,0,0,0,0,0,0,0
TF,SCRLT,39.502914,-82.350839,0, ,0.0,0.0,0.0,0.0,4,17000,10000,0,0,0,0,0

STAR,SCRLT2,ALL,5
IF,SCRLT,39.502914,-82.350839, ,0.0,0.0,4,17000,10000,0,0,0,0,0
TF,BRTUS,39.714714,-82.551233,0, ,0.0,0.0,0.0,0.0,0,0,0,0,0,0,0,0

STAR,SCRLT2,10L,6
IF,BRTUS,39.714714,-82.551233, ,0.0,0.0,0,0,0,0,0,0,0,0
TF,OHECH,39.800719,-82.695228,0, ,0.0,0.0,0.0,0.0,3,7000,0,0,0,0,0,0
TF,RIMEE,39.904700,-82.868794,0, ,0.0,0.0,0.0,0.0,0,0,0,0,0,0,0,0
TF,SLATS,39.908208,-82.933608,0, ,0.0,0.0,0.0,0.0,1,6000,0,1,210,0,0,1
FM,SLATS,39.908208,-82.933608,0,AIR,0.0,0.0,281.0,0,0,0,0,0,0,0,0

STAR,SCRLT2,10R,6
IF,BRTUS,39.714714,-82.551233, ,0.0,0.0,0,0,0,0,0,0,0,0
TF,OHECH,39.800719,-82.695228,0, ,0.0,0.0,0.0,0.0,3,7000,0,0,0,0,0,0
TF,RIMEE,39.904700,-82.868794,0, ,0.0,0.0,0.0,0.0,0,0,0,0,0,0,0,0
TF,SLATS,39.908208,-82.933608,0, ,0.0,0.0,0.0,0.0,1,6000,0,1,210,0,0,1
FM,SLATS,39.908208,-82.933608,0,AIR,0.0,0.0,281.0,0,0,0,0,0,0,0,0

STAR,SCRLT2,28L,6
IF,BRTUS,39.714714,-82.551233, ,0.0,0.0,0,0,0,0,0,0,0,0
TF,EYEOH,39.812911,-82.637483,0, ,0.0,0.0,0.0,0.0,0,0,0,0,0,0,0,0
TF,XAVYR,39.906164,-82.647325,0, ,0.0,0.0,0.0,0.0,1,5000,0,1,210,0,0,1
FM,XAVYR,39.906164,-82.647325,0,AIR,0.0,0.0,360.0,0,0,0,0,0,0,0,0

STAR,SCRLT2,28R,6
IF,BRTUS,39.714714,-82.551233, ,0.0,0.0,0,0,0,0,0,0,0,0
TF,EYEOH,39.812911,-82.637483,0, ,0.0,0.0,0.0,0.0,0,0,0,0,0,0,0,0
TF,WERUP,39.915964,-82.652878,0, ,0.0,0.0,0.0,0.0,1,5000,0,1,210,0,0,1
FM,WERUP,39.915964,-82.652878,0,AIR,0.0,0.0,360.0,0,0,0,0,0,0,0,0

APPTR,I10L,10L,AMITE
IF,AMITE,40.019167,-83.196781, ,0.0,0.0,0,0,0,0,0,0,1,0
TF,POGLE,40.015056,-83.121042,0, ,0.0,0.0,0.0,0.0,2,4000,0,0,0,0,0,0
CF,MESRE,40.012497,-83.074358,0,ICBP,281.2,9.2,101.0,2.2,2,3300,0,0,0,0,1,0

APPTR,I10L,10L,APE
IF,APE,40.151064,-82.588300, ,0.0,0.0,0,0,0,0,0,0,0,0
TF,MESRE,40.012497,-83.074358,0, ,0.0,0.0,0.0,0.0,2,3300,0,0,0,0,0,0
HF,MESRE,40.012497,-83.074358,2, ,0.0,0.0,101.0,04.3,2,3300,0,0,0,0,1,0,0

FINAL,I10L,10L,I,3
IF,MESRE,40.012497,-83.074358,ICBP,281.2,9.2,2,3300,0,0,0,0,0,0
CF,CCREW,40.008667,-83.005128,0,ICBP,281.2,6.0,101.0,3.2,1,2300,0,0,0,0,2,0
CF,RW10L,40.003203,-82.907636,0,ICBP,281.2,1.5,101.0,4.5,1,865,0,0,0,0,3,0
CA,0,101.0,2,1400,0,0,0,0,0,0
DF,APE,40.151064,-82.588300,0, ,0.0,0.0,2,3000,0,0,0,0,0,0
HM,APE,40.151064,-82.588300,2, ,0.0,0.0,235.0,04.3,0,0,0,0,0,0,0,0,0

APPTR,I10R,10R,APE
IF,APE,40.151064,-82.588300, ,0.0,0.0,0,0,0,0,0,0,0,0
TF,JOGMA,40.002944,-83.076275,0, ,0.0,0.0,0.0,0.0,2,3300,0,0,0,0,0,0
HF,JOGMA,40.002944,-83.076275,2, ,0.0,0.0,101.0,04.3,2,3300,0,0,0,0,1,0,0

APPTR,I10R,10R,EPATY
IF,EPATY,40.009578,-83.198300, ,0.0,0.0,0,0,0,0,0,0,1,0
TF,AVUSE,40.005478,-83.122572,0, ,0.0,0.0,0.0,0.0,2,4000,0,0,0,0,0,0
CF,JOGMA,40.002944,-83.076275,0,IAQI,281.2,9.6,101.0,2.1,2,3300,0,0,0,0,1,0

FINAL,I10R,10R,I,3
IF,JOGMA,40.002944,-83.076275,IAQI,281.2,9.6,2,3300,0,0,0,0,0,0
CF,SHUUU,39.999125,-83.007050,0,IAQI,281.2,6.4,101.0,3.2,1,2300,0,0,0,0,2,0
CF,RW10R,39.993653,-82.909178,0,IAQI,281.2,1.8,101.0,4.5,1,859,0,0,0,0,3,0
CA,0,101.0,2,1400,0,0,0,0,0,0
DF,BU,39.819278,-83.204633,2, ,0.0,0.0,2,3000,0,0,0,0,0,0
HM,BU,39.819278,-83.204633,1, ,0.0,0.0,38.0,04.3,0,0,0,0,0,0,0,0,0

APPTR,I28L,28L,APE
IF,APE,40.151064,-82.588300, ,0.0,0.0,0,0,0,0,0,0,0,0
TF,VUZLI,39.979361,-82.660436,0, ,0.0,0.0,0.0,0.0,2,4000,0,0,0,0,1,0
CF,BKEYE,39.982044,-82.706703,0,ICMH,101.2,9.5,281.0,2.1,2,3300,0,0,0,0,1,0

APPTR,I28L,28L,HAMON
IF,HAMON,39.974928,-82.584772, ,0.0,0.0,0,0,0,0,0,0,0,0
TF,VUZLI,39.979361,-82.660436,0, ,0.0,0.0,0.0,0.0,2,4000,0,0,0,0,1,0
CF,BKEYE,39.982044,-82.706703,0,ICMH,101.2,9.5,281.0,2.1,2,3300,0,0,0,0,1,0

FINAL,I28L,28L,I,3
IF,BKEYE,39.982044,-82.706703,ICMH,101.2,9.5,2,3300,0,0,0,0,0,0
CF,LMITD,39.986053,-82.775892,0,ICMH,101.2,6.3,281.0,3.2,1,2300,0,0,0,0,2,0
CF,RW28L,39.991614,-82.873181,0,ICMH,101.2,1.8,281.0,4.5,1,867,0,0,0,0,3,0
CA,0,281.0,2,1400,0,0,0,0,0,0
DF,BU,39.819278,-83.204633,0, ,0.0,0.0,2,3000,0,0,0,0,0,0
HM,BU,39.819278,-83.204633,1, ,0.0,0.0,38.0,04.3,0,0,0,0,0,0,0,0,0

APPTR,I28R,28R,APE
IF,APE,40.151064,-82.588300, ,0.0,0.0,0,0,0,0,0,0,0,0
TF,ORDIW,39.989303,-82.666056,0, ,0.0,0.0,0.0,0.0,2,4000,0,0,0,0,1,0
CF,WINAT,39.992003,-82.712328,0,IONB,101.2,9.2,281.0,2.1,2,3300,0,0,0,0,1,0

APPTR,I28R,28R,YELYU
IF,YELYU,39.984842,-82.590383, ,0.0,0.0,0,0,0,0,0,0,0,0
TF,ORDIW,39.989303,-82.666056,0, ,0.0,0.0,0.0,0.0,2,4000,0,0,0,0,1,0
CF,WINAT,39.992003,-82.712328,0,IONB,101.2,9.2,281.0,2.1,2,3300,0,0,0,0,1,0

FINAL,I28R,28R,I,3
IF,WINAT,39.992003,-82.712328,IONB,101.2,9.2,2,3300,0,0,0,0,0,0
CF,WEEKZ,39.996011,-82.781525,0,IONB,101.2,6.0,281.0,3.2,1,2300,0,0,0,0,2,0
CF,RW28R,40.001592,-82.879158,0,IONB,101.2,1.5,281.0,4.5,1,862,0,0,0,0,3,0
CA,0,281.0,2,1400,0,0,0,0,0,0
DF,APE,40.151064,-82.588300,2, ,0.0,0.0,2,3000,0,0,0,0,0,0
HM,APE,40.151064,-82.588300,2, ,0.0,0.0,235.0,04.3,0,0,0,0,0,0,0,0,0

APPTR,R10LY,10L,FLANK
HF,FLANK,40.012617,-83.076522,2, ,0.0,0.0,101.0,04,2,3300,0,0,0,0,1,0,0

FINAL,R10LY,10L,R,4
IF,FLANK,40.012617,-83.076522, ,0.0,0.0,2,3300,0,0,0,0,0,0
TF,CCREW,40.008667,-83.005128,0, ,0.0,0.0,101.0,3.3,2,2300,0,0,0,0,2,0
TF,SILKN,40.006253,-82.961861,0, ,0.0,0.0,101.0,2.0,2,1660,0,0,0,0,0,0
TF,RW10L,40.003203,-82.907636,0, ,0.0,0.0,101.0,2.5,1,865,0,0,0,0,3,1
CA,0,101.0,2,1400,0,0,0,0,0,0
DF,APE,40.151064,-82.588300,0, ,0.0,0.0,2,3000,0,0,0,0,0,1
HM,APE,40.151064,-82.588300,2, ,0.0,0.0,235.0,04,0,0,0,0,0,0,0,0,0

APPTR,R10LZ,10L,AMITE
IF,AMITE,40.019167,-83.196781, ,0.0,0.0,0,0,0,0,0,0,1,0
TF,POGLE,40.015056,-83.121042,0, ,0.0,0.0,0.0,0.0,2,4000,0,0,0,0,0,0
TF,MESRE,40.012497,-83.074358,0, ,0.0,0.0,0.0,0.0,2,3000,0,1,210,0,1,0
TF,CCREW,40.008667,-83.005128,0, ,0.0,0.0,0.0,0.0,2,2300,0,0,0,0,0,0

APPTR,R10LZ,10L,MADZY
IF,MADZY,40.089128,-83.134628, ,0.0,0.0,1,5000,0,1,210,0,1,0
TF,JARTO,40.031681,-83.112722,0, ,0.0,0.0,0.0,0.0,2,3900,0,0,0,0,0,0
TF,MESRE,40.012497,-83.074358,0, ,0.0,0.0,0.0,0.0,2,3000,0,1,210,0,1,0
TF,CCREW,40.008667,-83.005128,0, ,0.0,0.0,0.0,0.0,2,2300,0,0,0,0,0,0

APPTR,R10LZ,10L,PAYJJ
IF,PAYJJ,39.900847,-82.800075, ,0.0,0.0,1,8000,0,1,210,0,1,0
TF,ELTEE,39.912564,-83.014008,0, ,0.0,0.0,0.0,0.0,2,5100,0,0,0,0,0,0
RF,CCREW,40.008667,-83.005128,2,CFFDP,157.9,2.9,2,2300,0,0,0,0,0,0

APPTR,R10LZ,10L,SLATS
IF,SLATS,39.908208,-82.933608, ,0.0,0.0,1,6000,0,1,210,0,1,0
TF,ELTEE,39.912564,-83.014008,0, ,0.0,0.0,0.0,0.0,2,5100,0,0,0,0,0,0
RF,CCREW,40.008667,-83.005128,2,CFFDP,44.3,2.9,2,2300,0,0,0,0,0,0

APPTR,R10LZ,10L,WILGO
IF,WILGO,40.090936,-82.922000, ,0.0,0.0,1,6000,0,1,210,0,1,0
TF,HINDO,40.095172,-82.996939,0, ,0.0,0.0,0.0,0.0,2,4900,0,0,0,0,0,0
RF,OMANY,40.074772,-83.049022,1,CFFDM,173.5,2.6,2,4000,0,0,0,0,0,0
RF,FANAS,40.015103,-83.030864,1,CFFDM,114.6,2.6,2,2700,0,0,0,0,0,0
RF,CCREW,40.008667,-83.005128,1,CFFDM,244.7,2.6,2,2300,0,0,0,0,0,0

APPTR,R10LZ,10L,YUKAN
IF,YUKAN,39.939650,-83.149964, ,0.0,0.0,1,5000,0,1,210,0,1,0
TF,EVELE,39.996939,-83.118531,0, ,0.0,0.0,0.0,0.0,2,4000,0,0,0,0,0,0
TF,MESRE,40.012497,-83.074358,0, ,0.0,0.0,0.0,0.0,2,3000,0,1,210,0,1,0
TF,CCREW,40.008667,-83.005128,0, ,0.0,0.0,0.0,0.0,2,2300,0,0,0,0,0,0

FINAL,R10LZ,10L,R,2
IF,CCREW,40.008667,-83.005128, ,0.0,0.0,2,2300,0,0,0,0,2,0
TF,RW10L,40.003203,-82.907636,0, ,0.0,0.0,101.0,4.5,1,866,0,0,0,0,3,1
CA,0,101.0,2,1400,0,0,0,0,0,0
DF,APE,40.151064,-82.588300,0, ,0.0,0.0,2,3000,0,0,0,0,0,1
HM,APE,40.151064,-82.588300,2, ,0.0,0.0,235.0,04,0,0,0,0,0,0,0,0,0

APPTR,R10RY,10R,BATTI
HF,BATTI,40.003064,-83.078439,2, ,0.0,0.0,101.0,04,2,3300,0,0,0,0,1,0,0

FINAL,R10RY,10R,R,4
IF,BATTI,40.003064,-83.078439, ,0.0,0.0,2,3300,0,0,0,0,0,0
TF,SHUUU,39.999125,-83.007050,0, ,0.0,0.0,101.0,3.3,2,2300,0,0,0,0,2,0
TF,DEBBY,39.996717,-82.963789,0, ,0.0,0.0,101.0,2.0,2,1660,0,0,0,0,0,0
TF,RW10R,39.993653,-82.909178,0, ,0.0,0.0,101.0,2.5,1,859,0,0,0,0,3,1
CA,0,101.0,2,1400,0,0,0,0,0,0
DF,BU,39.819278,-83.204633,2, ,0.0,0.0,2,3000,0,0,0,0,0,1
HM,BU,39.819278,-83.204633,1, ,0.0,0.0,38.0,04,0,0,0,0,0,0,0,0,0

APPTR,R10RZ,10R,EPATY
IF,EPATY,40.009578,-83.198300, ,0.0,0.0,0,0,0,0,0,0,1,0
TF,AVUSE,40.005478,-83.122572,0, ,0.0,0.0,0.0,0.0,2,4000,0,0,0,0,0,0
TF,JOGMA,40.002944,-83.076275,0, ,0.0,0.0,0.0,0.0,2,3300,0,0,0,0,1,0
TF,SHUUU,39.999125,-83.007050,0, ,0.0,0.0,0.0,0.0,2,2300,0,0,0,0,0,0

APPTR,R10RZ,10R,HANTI
IF,HANTI,39.930083,-83.151842, ,0.0,0.0,1,5000,0,1,210,0,1,0
TF,ZOGIK,39.987194,-83.120325,0, ,0.0,0.0,0.0,0.0,2,4000,0,0,0,0,0,0
TF,JOGMA,40.002944,-83.076275,0, ,0.0,0.0,0.0,0.0,2,3300,0,0,0,0,1,0
TF,SHUUU,39.999125,-83.007050,0, ,0.0,0.0,0.0,0.0,2,2300,0,0,0,0,0,0

APPTR,R10RZ,10R,HELDI
IF,HELDI,40.079731,-83.136603, ,0.0,0.0,1,5000,0,1,210,0,1,0
TF,RRNLD,40.022317,-83.114483,0, ,0.0,0.0,0.0,0.0,2,3900,0,0,0,0,0,0
TF,JOGMA,40.002944,-83.076275,0, ,0.0,0.0,0.0,0.0,2,3300,0,0,0,0,1,0
TF,SHUUU,39.999125,-83.007050,0, ,0.0,0.0,0.0,0.0,2,2300,0,0,0,0,0,0

APPTR,R10RZ,10R,PAYJJ
IF,PAYJJ,39.900847,-82.800075, ,0.0,0.0,1,8000,0,1,210,0,1,0
TF,TOYON,39.912608,-83.015033,0, ,0.0,0.0,0.0,0.0,2,4900,0,0,0,0,0,0
RF,SHUUU,39.999125,-83.007050,2,CFFDW,154.5,2.6,2,2300,0,0,0,0,0,0

APPTR,R10RZ,10R,SLATS
IF,SLATS,39.908208,-82.933608, ,0.0,0.0,1,6000,0,1,210,0,1,0
TF,TOYON,39.912608,-83.015033,0, ,0.0,0.0,0.0,0.0,2,4900,0,0,0,0,0,0
RF,SHUUU,39.999125,-83.007050,2,CFFDW,41.6,2.6,2,2300,0,0,0,0,0,0

APPTR,R10RZ,10R,WILGO
IF,WILGO,40.090936,-82.922000, ,0.0,0.0,1,6000,0,1,210,0,1,0
TF,CASER,40.095278,-82.997908,0, ,0.0,0.0,0.0,0.0,2,5100,0,0,0,0,0,0
RF,HESAR,40.063653,-83.061503,1,CFFDS,166.3,2.9,2,4000,0,0,0,0,0,0
RF,ARNIT,40.005178,-83.033250,1,CFFDR,113.3,2.9,2,2700,0,0,0,0,0,0
RF,SHUUU,39.999125,-83.007050,1,CFFDR,366.3,2.9,2,2300,0,0,0,0,0,0

FINAL,R10RZ,10R,R,2
IF,SHUUU,39.999125,-83.007050, ,0.0,0.0,2,2300,0,0,0,0,2,0
TF,RW10R,39.993653,-82.909178,0, ,0.0,0.0,101.0,4.5,1,859,0,0,0,0,3,1
CA,0,101.0,2,1400,0,0,0,0,0,0
DF,BU,39.819278,-83.204633,2, ,0.0,0.0,2,3000,0,0,0,0,0,1
HM,BU,39.819278,-83.204633,1, ,0.0,0.0,38.0,04,0,0,0,0,0,0,0,0,0

APPTR,R28LY,28L,BAZEL
HF,BAZEL,39.981922,-82.704542,2, ,0.0,0.0,281.0,04,2,3300,0,0,0,0,1,0,0

FINAL,R28LY,28L,R,4
IF,BAZEL,39.981922,-82.704542, ,0.0,0.0,2,3300,0,0,0,0,0,0
TF,LMITD,39.986053,-82.775892,0, ,0.0,0.0,281.0,3.3,2,2300,0,0,0,0,2,0
TF,ZIGTI,39.988903,-82.825608,0, ,0.0,0.0,281.0,2.3,2,1560,0,0,0,0,0,0
TF,RW28L,39.991614,-82.873181,0, ,0.0,0.0,281.0,2.2,1,867,0,0,0,0,3,1
CA,0,281.0,2,1400,0,0,0,0,0,0
DF,BU,39.819278,-83.204633,0, ,0.0,0.0,2,3000,0,0,0,0,0,1
HM,BU,39.819278,-83.204633,1, ,0.0,0.0,38.0,04,0,0,0,0,0,0,0,0,0

APPTR,R28LZ,28L,HAMON
IF,HAMON,39.974928,-82.584772, ,0.0,0.0,0,0,0,0,0,0,1,0
TF,VUZLI,39.979361,-82.660436,0, ,0.0,0.0,0.0,0.0,2,4000,0,0,0,0,0,0
TF,BKEYE,39.982044,-82.706703,0, ,0.0,0.0,0.0,0.0,2,3300,0,0,0,0,1,0
TF,LMITD,39.986053,-82.775892,0, ,0.0,0.0,0.0,0.0,2,2300,0,0,0,0,0,0

APPTR,R28LZ,28L,JESCE
IF,JESCE,39.903553,-82.858886, ,0.0,0.0,1,6000,0,1,210,0,1,0
TF,WILSO,39.899544,-82.784028,0, ,0.0,0.0,0.0,0.0,2,4800,0,0,0,0,0,0
RF,NOLNE,39.944825,-82.723819,1,CFFLL,323.0,2.6,2,3500,0,0,0,0,0,0
RF,LMITD,39.986053,-82.775892,1,CFFLL,67.0,2.6,2,2300,0,0,0,0,0,0

APPTR,R28LZ,28L,NHERD
IF,NHERD,40.048911,-82.633819, ,0.0,0.0,1,5000,0,1,210,0,1,0
TF,SPACY,39.996492,-82.667611,0, ,0.0,0.0,0.0,0.0,2,3900,0,0,0,0,0,0
TF,BKEYE,39.982044,-82.706703,0, ,0.0,0.0,0.0,0.0,2,3300,0,0,0,0,1,0
TF,LMITD,39.986053,-82.775892,0, ,0.0,0.0,0.0,0.0,2,2300,0,0,0,0,0,0

APPTR,R28LZ,28L,TEEZE
IF,TEEZE,40.086506,-82.848108, ,0.0,0.0,1,6000,0,1,210,0,1,0
TF,TAYZZ,40.082228,-82.766883,0, ,0.0,0.0,0.0,0.0,2,5100,0,0,0,0,0,0
RF,LMITD,39.986053,-82.775892,2,CFFLM,136.1,2.9,2,2300,0,0,0,0,0,0

APPTR,R28LZ,28L,XAVYR
IF,XAVYR,39.906164,-82.647325, ,0.0,0.0,1,5000,0,1,210,0,1,0
TF,GUBER,39.963228,-82.670900,0, ,0.0,0.0,0.0,0.0,2,3900,0,0,0,0,0,0
TF,BKEYE,39.982044,-82.706703,0, ,0.0,0.0,0.0,0.0,2,3300,0,0,0,0,1,0
TF,LMITD,39.986053,-82.775892,0, ,0.0,0.0,0.0,0.0,2,2300,0,0,0,0,0,0

FINAL,R28LZ,28L,R,2
IF,LMITD,39.986053,-82.775892, ,0.0,0.0,2,2300,0,0,0,0,2,0
TF,RW28L,39.991614,-82.873181,0, ,0.0,0.0,281.0,4.5,1,867,0,0,0,0,3,1
CA,0,281.0,2,1400,0,0,0,0,0,0
DF,BU,39.819278,-83.204633,0, ,0.0,0.0,2,3000,0,0,0,0,0,1
HM,BU,39.819278,-83.204633,1, ,0.0,0.0,38.0,04,0,0,0,0,0,0,0,0,0

APPTR,R28RY,28R,BAATZ
HF,BAATZ,39.991881,-82.710164,2, ,0.0,0.0,281.0,04,2,3300,0,0,0,0,1,0,0

FINAL,R28RY,28R,R,4
IF,BAATZ,39.991881,-82.710164, ,0.0,0.0,2,3300,0,0,0,0,0,0
TF,WEEKZ,39.996011,-82.781525,0, ,0.0,0.0,281.0,3.3,2,2300,0,0,0,0,2,0
TF,UNOIT,39.999128,-82.835900,0, ,0.0,0.0,281.0,2.5,2,1480,0,0,0,0,0,0
TF,RW28R,40.001592,-82.879158,0, ,0.0,0.0,281.0,2.0,1,862,0,0,0,0,3,1
CA,0,281.0,2,1400,0,0,0,0,0,0
DF,APE,40.151064,-82.588300,2, ,0.0,0.0,2,3000,0,0,0,0,0,1
HM,APE,40.151064,-82.588300,2, ,0.0,0.0,235.0,04,0,0,0,0,0,0,0,0,0

APPTR,R28RZ,28R,FAVUS
IF,FAVUS,40.058906,-82.639411, ,0.0,0.0,1,5000,0,1,210,0,1,0
TF,BOLDS,40.006450,-82.673231,0, ,0.0,0.0,0.0,0.0,2,3900,0,0,0,0,0,0
TF,WINAT,39.992003,-82.712328,0, ,0.0,0.0,0.0,0.0,2,3300,0,0,0,0,1,0
TF,WEEKZ,39.996011,-82.781525,0, ,0.0,0.0,0.0,0.0,2,2300,0,0,0,0,0,0

APPTR,R28RZ,28R,JESCE
IF,JESCE,39.903553,-82.858886, ,0.0,0.0,1,6000,0,1,210,0,1,0
TF,HUSOR,39.899939,-82.790506,0, ,0.0,0.0,0.0,0.0,2,5100,0,0,0,0,0,0
RF,GIMPS,39.957075,-82.724747,1,CFFLB,318.9,2.9,2,3500,0,0,0,0,0,0
RF,WEEKZ,39.996011,-82.781525,1,CFFLB,337.7,2.9,2,2300,0,0,0,0,0,0

APPTR,R28RZ,28R,TEEZE
IF,TEEZE,40.086506,-82.848108, ,0.0,0.0,1,6000,0,1,210,0,1,0
TF,DWYFE,40.082517,-82.773375,0, ,0.0,0.0,0.0,0.0,2,4900,0,0,0,0,0,0
RF,WEEKZ,39.996011,-82.781525,2,CFFLC,136.1,2.6,2,2300,0,0,0,0,0,0

APPTR,R28RZ,28R,WERUP
IF,WERUP,39.915964,-82.652878, ,0.0,0.0,1,5000,0,1,210,0,1,0
TF,SINPE,39.973186,-82.676519,0, ,0.0,0.0,0.0,0.0,2,3900,0,0,0,0,0,0
TF,WINAT,39.992003,-82.712328,0, ,0.0,0.0,0.0,0.0,2,3300,0,0,0,0,1,0
TF,WEEKZ,39.996011,-82.781525,0, ,0.0,0.0,0.0,0.0,2,2300,0,0,0,0,0,0

APPTR,R28RZ,28R,YELYU
IF,YELYU,39.984842,-82.590383, ,0.0,0.0,0,0,0,0,0,0,1,0
TF,ORDIW,39.989303,-82.666056,0, ,0.0,0.0,0.0,0.0,2,4000,0,0,0,0,0,0
TF,WINAT,39.992003,-82.712328,0, ,0.0,0.0,0.0,0.0,2,3300,0,0,0,0,1,0
TF,WEEKZ,39.996011,-82.781525,0, ,0.0,0.0,0.0,0.0,2,2300,0,0,0,0,0,0

FINAL,R28RZ,28R,R,2
IF,WEEKZ,39.996011,-82.781525, ,0.0,0.0,2,2300,0,0,0,0,2,0
TF,RW28R,40.001592,-82.879158,0, ,0.0,0.0,281.0,4.5,1,862,0,0,0,0,3,1
CA,0,281.0,2,1400,0,0,0,0,0,0
DF,APE,40.151064,-82.588300,2, ,0.0,0.0,2,3000,0,0,0,0,0,1
HM,APE,40.151064,-82.588300,2, ,0.0,0.0,235.0,04,0,0,0,0,0,0,0,0,0

