STAR,BUKHD3,RIZZZ,4
IF,RIZZZ,35.488361,-86.061053, ,0.0,0.0,0,0,0,0,0,0,0,0
TF,MDTWN,34.830725,-85.435961,0, ,0.0,0.0,0.0,0.0,0,0,0,0,0,0,0,0
TF,HLNDS,34.491908,-85.116581,0, ,0.0,0.0,0.0,0.0,0,0,0,0,0,0,0,0

STAR,BUKHD3,WUDYA,4
IF,WUDYA,36.367389,-84.937961, ,0.0,0.0,0,0,0,0,0,0,0,0
TF,HAVVE,34.999253,-85.182167,0, ,0.0,0.0,0.0,0.0,0,0,0,0,0,0,0,0
TF,HLNDS,34.491908,-85.116581,0, ,0.0,0.0,0.0,0.0,0,0,0,0,0,0,0,0

STAR,BUKHD3,ALL,5
IF,HLNDS,34.491908,-85.116581, ,0.0,0.0,0,0,0,0,0,0,0,0
TF,BUKHD,34.209861,-84.852722,0, ,0.0,0.0,0.0,0.0,0,0,0,0,0,0,0,0
TF,CCOKE,34.156625,-84.643953,0, ,0.0,0.0,0.0,0.0,0,0,0,0,0,0,0,1
FM,CCOKE,34.156625,-84.643953,0,DBN,0.0,0.0,112.0,0,0,0,0,0,0,0,0

STAR,DEHAN3,APPLS,4
IF,APPLS,35.908631,-83.672547, ,0.0,0.0,0,0,0,0,0,0,0,0
TF,HIGGI,35.446269,-83.778069,0, ,0.0,0.0,0.0,0.0,0,0,0,0,0,0,0,0
TF,HELNN,35.015308,-83.869403,0, ,0.0,0.0,0.0,0.0,0,0,0,0,0,0,0,0
TF,AWSON,34.480322,-83.984292,0, ,0.0,0.0,0.0,0.0,0,0,0,0,0,0,0,0

STAR,DEHAN3,MILBY,4
IF,MILBY,34.683953,-83.311814, ,0.0,0.0,0,0,0,0,0,0,0,0
TF,AWSON,34.480322,-83.984292,0, ,0.0,0.0,0.0,0.0,0,0,0,0,0,0,0,0

STAR,DEHAN3,SCNRY,4
IF,SCNRY,36.008597,-83.050067, ,0.0,0.0,0,0,0,0,0,0,0,0
TF,TRALZ,34.991883,-83.675442,0, ,0.0,0.0,0.0,0.0,0,0,0,0,0,0,0,0
TF,AWSON,34.480322,-83.984292,0, ,0.0,0.0,0.0,0.0,0,0,0,0,0,0,0,0

STAR,DEHAN3,VIEWS,4
IF,VIEWS,35.597089,-82.414081, ,0.0,0.0,0,0,0,0,0,0,0,0
TF,TARAA,34.856461,-83.463375,0, ,0.0,0.0,0.0,0.0,0,0,0,0,0,0,0,0
TF,AWSON,34.480322,-83.984292,0, ,0.0,0.0,0.0,0.0,0,0,0,0,0,0,0,0

STAR,DEHAN3,ALL,5
IF,AWSON,34.480322,-83.984292, ,0.0,0.0,0,0,0,0,0,0,0,0
TF,DEHAN,34.316736,-84.071692,0, ,0.0,0.0,0.0,0.0,0,0,0,0,0,0,0,0
TF,TFALS,34.257672,-84.101622,0, ,0.0,0.0,0.0,0.0,0,0,0,0,0,0,0,0
TF,WTWTH,34.145089,-84.042931,0, ,0.0,0.0,0.0,0.0,0,0,0,0,0,0,0,1
FM,WTWTH,34.145089,-84.042931,0,DBN,0.0,0.0,162.0,0,0,0,0,0,0,0,0

STAR,SWTEE2,BIZKT,4
IF,BIZKT,34.087797,-85.637903, ,0.0,0.0,0,0,0,0,0,0,0,0
TF,SWTEE,33.959267,-85.149444,0, ,0.0,0.0,0.0,0.0,0,0,0,0,0,0,0,0

STAR,SWTEE2,LPTON,4
IF,LPTON,34.429031,-86.979853, ,0.0,0.0,0,0,0,0,0,0,0,0
TF,OKRAA,34.257681,-86.297644,0, ,0.0,0.0,0.0,0.0,0,0,0,0,0,0,0,0
TF,BIZKT,34.087797,-85.637903,0, ,0.0,0.0,0.0,0.0,0,0,0,0,0,0,0,0
TF,SWTEE,33.959267,-85.149444,0, ,0.0,0.0,0.0,0.0,0,0,0,0,0,0,0,0

STAR,SWTEE2,ALL,5
IF,SWTEE,33.959267,-85.149444, ,0.0,0.0,0,0,0,0,0,0,0,0
TF,LACCE,33.959225,-85.049192,0, ,0.0,0.0,0.0,0.0,0,0,0,0,0,0,0,1
FM,LACCE,33.959225,-85.049192,0,DBN,0.0,0.0,95.0,0,0,0,0,0,0,0,0

APPTR,R10,10,OSUCE
IF,OSUCE,33.542117,-84.084961, ,0.0,0.0,0,0,0,0,0,0,1,0
TF,JIKVI,33.650178,-84.072872,0, ,0.0,0.0,0.0,0.0,2,2500,0,0,0,0,1,0

APPTR,R10,10,UGISE
IF,UGISE,33.816419,-84.054222, ,0.0,0.0,0,0,0,0,0,0,1,0
TF,JIKVI,33.650178,-84.072872,0, ,0.0,0.0,0.0,0.0,2,2500,0,0,0,0,1,0

FINAL,R10,10,R,3
IF,JIKVI,33.650178,-84.072872, ,0.0,0.0,2,2500,0,0,0,0,0,0
TF,FAPRO,33.640128,-83.945439,0, ,0.0,0.0,100.0,6.4,2,2500,0,0,0,0,2,0
TF,RW10,33.633033,-83.856431,0, ,0.0,0.0,100.0,4.5,1,835,0,0,0,0,3,1
CA,0,100.0,2,1220,0,0,0,0,0,0
DF,IBAYY,33.612428,-83.602417,0, ,0.0,0.0,2,2600,0,0,0,0,0,1
HM,IBAYY,33.612428,-83.602417,2, ,0.0,0.0,281.0,04,0,0,0,0,0,0,0,0,0

APPTR,R28,28,IBAYY
HF,IBAYY,33.612428,-83.602417,2, ,0.0,0.0,281.0,04,2,2600,0,0,0,0,1,0,0

FINAL,R28,28,R,3
IF,IBAYY,33.612428,-83.602417, ,0.0,0.0,2,2600,0,0,0,0,0,0
TF,ATTIV,33.623344,-83.736186,0, ,0.0,0.0,281.0,6.7,2,2500,0,0,0,0,2,0
TF,RW28,33.631592,-83.838444,0, ,0.0,0.0,281.0,5.2,1,861,0,0,0,0,3,1
CA,0,281.0,2,1300,0,0,0,0,0,0
DF,IBAYY,33.612428,-83.602417,1, ,0.0,0.0,2,2600,0,0,0,0,0,1
HM,IBAYY,33.612428,-83.602417,2, ,0.0,0.0,281.0,04,0,0,0,0,0,0,0,0,0

