SID,AZALA4,ALL,5
IF,NKLAS,33.823386,-82.364464, ,0.0,0.0,0,0,0,0,0,0,0,0
TF,AMENN,33.984006,-82.225550,0, ,0.0,0.0,0.0,0.0,0,0,0,0,0,0,0,0
TF,AZALA,34.253947,-82.295569,0, ,0.0,0.0,0.0,0.0,0,0,0,0,0,0,0,1
VM,0,0,0,352.0,0,0,0,0,0,0,0,0

SID,CHATT6,ALL,5
IF,BRDYE,33.854467,-82.067494, ,0.0,0.0,0,0,0,0,0,0,0,0
TF,SWANG,34.001506,-81.972600,0, ,0.0,0.0,0.0,0.0,0,0,0,0,0,0,0,0
TF,CHATT,34.152678,-81.874644,0, ,0.0,0.0,0.0,0.0,0,0,0,0,0,0,0,0

SID,CHATT6,GSO,6
IF,CHATT,34.152678,-81.874644, ,0.0,0.0,0,0,0,0,0,0,0,0
TF,GSO,36.045692,-79.976372,0, ,0.0,0.0,0.0,0.0,0,0,0,0,0,0,0,0

SID,CHATT6,HOGAP,6
IF,CHATT,34.152678,-81.874644, ,0.0,0.0,0,0,0,0,0,0,0,0
TF,HOGAP,35.214542,-81.649106,0, ,0.0,0.0,0.0,0.0,0,0,0,0,0,0,0,0

SID,MISTY6,ALL,5
IF,PMPAS,33.461244,-82.527253, ,0.0,0.0,0,0,0,0,0,0,0,0
TF,HARLE,33.378764,-82.648958,0, ,0.0,0.0,0.0,0.0,0,0,0,0,0,0,0,0
TF,MISTY,33.246247,-82.843506,0, ,0.0,0.0,0.0,0.0,0,0,0,0,0,0,0,0
TF,HADOC,33.120500,-83.027144,0, ,0.0,0.0,0.0,0.0,0,0,0,0,0,0,0,1
VM,0,0,0,235.0,0,0,0,0,0,0,0,0

SID,NDINA5,ALL,5
IF,PMPAS,33.461244,-82.527253, ,0.0,0.0,0,0,0,0,0,0,0,0
TF,ANNAN,33.458406,-82.742775,0, ,0.0,0.0,0.0,0.0,0,0,0,0,0,0,0,0
TF,NDINA,33.455486,-82.935761,0, ,0.0,0.0,0.0,0.0,0,0,0,0,0,0,0,1
VM,0,0,0,273.0,0,0,0,0,0,0,0,0

SID,SAMMI4,ALL,5
IF,TRPLE,33.721106,-82.063528, ,0.0,0.0,0,0,0,0,0,0,0,0
TF,BOGII,33.751086,-81.846642,0, ,0.0,0.0,0.0,0.0,0,0,0,0,0,0,0,0
TF,SAMMI,33.778644,-81.644625,0, ,0.0,0.0,0.0,0.0,0,0,0,0,0,0,0,1
VM,0,0,0,85.0,0,0,0,0,0,0,0,0

APPTR,D05-B,05,IRQ
IF,IRQ,33.707353,-82.162064, ,0.0,0.0,0,0,0,0,0,0,1,0
TF,JUTEL,33.645828,-82.130978,0, ,0.0,0.0,0.0,0.0,2,2100,0,0,0,0,1,0

FINAL,D05-B,05,D,4
IF,JUTEL,33.645828,-82.130978,IRQ,161.1,4.0,2,2100,0,0,0,0,0,0
CF,EBANS,33.553525,-82.084428,0,IRQ,161.1,10.0,161.0,6.0,2,2100,0,0,0,0,2,0
CF,HOGUV,33.507367,-82.061192,0,IRQ,161.1,13.0,161.0,3.0,2,1160,0,0,0,0,0,0
CF,MAFLU,33.470781,-82.042792,0,IRQ,161.1,15.4,161.0,2.4,1,1020,0,0,0,0,3,1
DF,IRQ,33.707353,-82.162064,1, ,0.0,0.0,2,2100,0,0,0,0,0,0
HM,IRQ,33.707353,-82.162064,2, ,0.0,0.0,161.0,04.3,0,0,0,0,0,0,0,0,0

APPTR,D11-B,11,IRQ
IF,IRQ,33.707353,-82.162064, ,0.0,0.0,0,0,0,0,0,0,1,0
TF,JUTEL,33.645828,-82.130978,0, ,0.0,0.0,0.0,0.0,2,2100,0,0,0,0,1,0

FINAL,D11-B,11,D,4
IF,JUTEL,33.645828,-82.130978,IRQ,161.1,4.0,2,2100,0,0,0,0,0,0
CF,EBANS,33.553525,-82.084428,0,IRQ,161.1,10.0,161.0,6.0,2,2100,0,0,0,0,2,0
CF,HOGUV,33.507367,-82.061192,0,IRQ,161.1,13.0,161.0,3.0,2,1160,0,0,0,0,0,0
CF,MAFLU,33.470781,-82.042792,0,IRQ,161.1,15.4,161.0,2.4,1,1020,0,0,0,0,3,1
DF,IRQ,33.707353,-82.162064,1, ,0.0,0.0,2,2100,0,0,0,0,0,0
HM,IRQ,33.707353,-82.162064,2, ,0.0,0.0,161.0,04.3,0,0,0,0,0,0,0,0,0

APPTR,D23-B,23,IRQ
IF,IRQ,33.707353,-82.162064, ,0.0,0.0,0,0,0,0,0,0,1,0
TF,JUTEL,33.645828,-82.130978,0, ,0.0,0.0,0.0,0.0,2,2100,0,0,0,0,1,0

FINAL,D23-B,23,D,4
IF,JUTEL,33.645828,-82.130978,IRQ,161.1,4.0,2,2100,0,0,0,0,0,0
CF,EBANS,33.553525,-82.084428,0,IRQ,161.1,10.0,161.0,6.0,2,2100,0,0,0,0,2,0
CF,HOGUV,33.507367,-82.061192,0,IRQ,161.1,13.0,161.0,3.0,2,1160,0,0,0,0,0,0
CF,MAFLU,33.470781,-82.042792,0,IRQ,161.1,15.4,161.0,2.4,1,1020,0,0,0,0,3,1
DF,IRQ,33.707353,-82.162064,1, ,0.0,0.0,2,2100,0,0,0,0,0,0
HM,IRQ,33.707353,-82.162064,2, ,0.0,0.0,161.0,04.3,0,0,0,0,0,0,0,0,0

APPTR,D29-B,29,IRQ
IF,IRQ,33.707353,-82.162064, ,0.0,0.0,0,0,0,0,0,0,1,0
TF,JUTEL,33.645828,-82.130978,0, ,0.0,0.0,0.0,0.0,2,2100,0,0,0,0,1,0

FINAL,D29-B,29,D,4
IF,JUTEL,33.645828,-82.130978,IRQ,161.1,4.0,2,2100,0,0,0,0,0,0
CF,EBANS,33.553525,-82.084428,0,IRQ,161.1,10.0,161.0,6.0,2,2100,0,0,0,0,2,0
CF,HOGUV,33.507367,-82.061192,0,IRQ,161.1,13.0,161.0,3.0,2,1160,0,0,0,0,0,0
CF,MAFLU,33.470781,-82.042792,0,IRQ,161.1,15.4,161.0,2.4,1,1020,0,0,0,0,3,1
DF,IRQ,33.707353,-82.162064,1, ,0.0,0.0,2,2100,0,0,0,0,0,0
HM,IRQ,33.707353,-82.162064,2, ,0.0,0.0,161.0,04.3,0,0,0,0,0,0,0,0,0

FINAL,R05,05,R,3
IF,TASPE,33.313036,-82.166944, ,0.0,0.0,2,2700,0,0,0,0,0,0
TF,CABOM,33.401311,-82.110483,0, ,0.0,0.0,32.0,6.0,2,2000,0,0,0,0,2,0
TF,RW05,33.461350,-82.043128,0, ,0.0,0.0,47.0,4.9,1,428,0,0,0,0,3,1
CA,0,47.0,2,661,0,0,0,0,0,0
DF,FAMGO,33.595731,-81.893867,0, ,0.0,0.0,2,3400,0,0,0,0,0,1
HM,FAMGO,33.595731,-81.893867,2, ,0.0,0.0,47.0,04,2,3400,0,0,0,0,0,0,0

APPTR,R11-Y,11,FOGOB
IF,FOGOB,33.408203,-82.283928, ,0.0,0.0,0,0,0,0,0,0,1,0
TF,JODVU,33.512078,-82.253978,0, ,0.0,0.0,0.0,0.0,2,2100,0,0,0,0,1,0

APPTR,R11-Y,11,INIKE
IF,INIKE,33.615944,-82.223956, ,0.0,0.0,0,0,0,0,0,0,1,0
TF,JODVU,33.512078,-82.253978,0, ,0.0,0.0,0.0,0.0,2,2100,0,0,0,0,1,0

APPTR,R11-Y,11,JODVU
HF,JODVU,33.512078,-82.253978,2, ,0.0,0.0,108.0,04,2,2100,0,0,0,0,1,0,0

FINAL,R11-Y,11,R,3
IF,JODVU,33.512078,-82.253978, ,0.0,0.0,2,2100,0,0,0,0,0,0
TF,JITOL,33.485714,-82.124206,0, ,0.0,0.0,108.0,6.7,2,2000,0,0,0,0,2,0
TF,RW11,33.469508,-82.044808,0, ,0.0,0.0,108.0,4.1,1,476,0,0,0,0,3,1
CA,0,108.0,2,1400,0,0,0,0,0,0
DF,JODVU,33.512078,-82.253978,1, ,0.0,0.0,2,2100,0,0,0,0,0,1
HM,JODVU,33.512078,-82.253978,2, ,0.0,0.0,108.0,04,0,0,0,0,0,0,0,0,0

