APPTR,R17,17,ADM
IF,ADM,34.211586,-97.168228, ,0.0,0.0,0,0,0,0,0,0,0,0
TF,BECAR,34.667286,-97.861728,0, ,0.0,0.0,0.0,0.0,2,3000,0,1,210,0,1,0
TF,CEPAC,34.666308,-97.962750,0, ,0.0,0.0,0.0,0.0,2,3000,0,1,180,0,1,0

APPTR,R17,17,CEPAC
HF,CEPAC,34.666308,-97.962750,2, ,0.0,0.0,175.0,04,2,3000,0,1,180,0,1,0,0

APPTR,R17,17,LAW
IF,LAW,34.496181,-98.413094, ,0.0,0.0,0,0,0,0,0,0,0,0
TF,ACUDI,34.665247,-98.063769,0, ,0.0,0.0,0.0,0.0,2,3000,0,1,210,0,1,0
TF,CEPAC,34.666308,-97.962750,0, ,0.0,0.0,0.0,0.0,2,3000,0,1,180,0,1,0

FINAL,R17,17,R,4
IF,CEPAC,34.666308,-97.962750, ,0.0,0.0,2,3000,0,1,180,0,0,0
TF,DOCTA,34.565614,-97.961261,0, ,0.0,0.0,175.0,6.0,2,2800,0,0,0,0,2,0
TF,TEPCO,34.525081,-97.960661,0, ,0.0,0.0,175.0,2.4,2,2020,0,0,0,0,0,0
TF,RW17,34.480008,-97.959994,0, ,0.0,0.0,175.0,2.7,1,1167,0,0,0,0,3,1
CA,0,175.0,2,1314,0,0,0,0,0,0
DF,ACUGI,34.278103,-97.957022,0, ,0.0,0.0,2,3000,0,0,0,0,0,1
HM,ACUGI,34.278103,-97.957022,2, ,0.0,0.0,355.0,04,0,0,0,0,0,0,0,0,0

APPTR,R35,35,ACUGI
HF,ACUGI,34.278103,-97.957022,2, ,0.0,0.0,355.0,04,2,3000,0,1,180,0,1,0,0

APPTR,R35,35,ADM
IF,ADM,34.211586,-97.168228, ,0.0,0.0,0,0,0,0,0,0,0,0
TF,CALSA,34.279083,-97.856467,0, ,0.0,0.0,0.0,0.0,2,3000,0,0,0,0,1,0
TF,ACUGI,34.278103,-97.957022,0, ,0.0,0.0,0.0,0.0,2,3000,0,1,180,0,1,0

APPTR,R35,35,LAW
IF,LAW,34.496181,-98.413094, ,0.0,0.0,0,0,0,0,0,0,0,0
TF,BICAL,34.277042,-98.057575,0, ,0.0,0.0,0.0,0.0,2,3000,0,0,0,0,1,0
TF,ACUGI,34.278103,-97.957022,0, ,0.0,0.0,0.0,0.0,2,3000,0,1,180,0,1,0

FINAL,R35,35,R,3
IF,ACUGI,34.278103,-97.957022, ,0.0,0.0,2,3000,0,1,180,0,0,0
TF,GYROE,34.380283,-97.958525,0, ,0.0,0.0,355.0,6.1,2,2700,0,0,0,0,2,0
TF,RW35,34.462628,-97.959739,0, ,0.0,0.0,355.0,4.9,1,1129,0,0,0,0,3,1
CA,0,355.0,2,1294,0,0,0,0,0,0
DF,CEPAC,34.666308,-97.962750,0, ,0.0,0.0,2,3000,0,0,0,0,0,1
HM,CEPAC,34.666308,-97.962750,2, ,0.0,0.0,175.0,04,0,0,0,0,0,0,0,0,0

