APPTR,R04,04,RUQAW
HF,RUQAW,35.837589,-89.574278,2, ,0.0,0.0,41.0,04,2,2900,0,0,0,0,1,0,0

FINAL,R04,04,R,4
IF,RUQAW,35.837589,-89.574278, ,0.0,0.0,2,2900,0,0,0,0,0,0
TF,ZOMXE,35.923950,-89.483764,0, ,0.0,0.0,41.0,6.8,2,2000,0,0,0,0,2,0
TF,AYECU,35.963794,-89.441914,0, ,0.0,0.0,41.0,3.1,2,1000,0,0,0,0,0,0
TF,RW04,35.990439,-89.413894,0, ,0.0,0.0,41.0,2.1,1,332,0,0,0,0,3,1
CA,0,41.0,2,588,0,0,0,0,0,0
DF,AYODO,36.151869,-89.243622,0, ,0.0,0.0,2,2900,0,0,0,0,0,1
HM,AYODO,36.151869,-89.243622,2, ,0.0,0.0,222.0,04,0,0,0,0,0,0,0,0,0

APPTR,R22,22,AYODO
HF,AYODO,36.151869,-89.243622,2, ,0.0,0.0,222.0,04,2,2900,0,0,0,0,1,0,0

FINAL,R22,22,R,4
IF,AYODO,36.151869,-89.243622, ,0.0,0.0,2,2900,0,0,0,0,0,0
TF,CAGAC,36.065644,-89.334689,0, ,0.0,0.0,222.0,6.8,2,2000,0,0,0,0,2,0
TF,DAKNE,36.030061,-89.372192,0, ,0.0,0.0,222.0,2.8,2,1100,0,0,0,0,0,0
TF,RW22,36.000886,-89.402903,0, ,0.0,0.0,222.0,2.3,1,374,0,0,0,0,3,1
CA,0,222.0,2,584,0,0,0,0,0,0
DF,RUQAW,35.837589,-89.574278,0, ,0.0,0.0,2,2900,0,0,0,0,0,1
HM,RUQAW,35.837589,-89.574278,2, ,0.0,0.0,41.0,04,0,0,0,0,0,0,0,0,0

