SID,AEROZ2,13,4
VM,0,0,0,126.0,0,0,0,0,0,0,0,0
DF,AMUSE,30.456447,-98.294189,0, ,0.0,0.0,2,5000,0,0,0,0,0,0

SID,AEROZ2,31,4
VM,0,0,0,306.0,0,0,0,0,0,0,0,0
DF,AMUSE,30.456447,-98.294189,0, ,0.0,0.0,2,5000,0,0,0,0,0,0

SID,AEROZ2,ALL,5
IF,AMUSE,30.456447,-98.294189, ,0.0,0.0,2,5000,0,0,0,0,0,0
TF,AEROZ,30.703744,-98.863639,0, ,0.0,0.0,0.0,0.0,0,0,0,0,0,0,0,0

SID,AEROZ2,SJT,6
IF,AEROZ,30.703744,-98.863639, ,0.0,0.0,0,0,0,0,0,0,0,0
TF,SJT,31.374956,-100.454869,0, ,0.0,0.0,0.0,0.0,0,0,0,0,0,0,0,0

SID,BNDIA3,13,4
VM,0,0,0,126.0,0,0,0,0,0,0,0,0
DF,GARDS,30.052089,-97.946586,0, ,0.0,0.0,2,5000,0,0,0,0,0,0

SID,BNDIA3,31,4
VM,0,0,0,306.0,0,0,0,0,0,0,0,0
DF,GARDS,30.052089,-97.946586,0, ,0.0,0.0,2,5000,0,0,0,0,0,0

SID,BNDIA3,ALL,5
IF,GARDS,30.052089,-97.946586, ,0.0,0.0,2,5000,0,0,0,0,0,0
TF,BNDIA,29.644144,-98.461172,0, ,0.0,0.0,0.0,0.0,0,0,0,0,0,0,0,0

SID,ELOEL3,13,4
VM,0,0,0,126.0,0,0,0,0,0,0,0,0
DF,WLMRT,30.740783,-97.859331,0, ,0.0,0.0,2,5000,0,0,0,0,0,0

SID,ELOEL3,31,4
VM,0,0,0,306.0,0,0,0,0,0,0,0,0
DF,WLMRT,30.740783,-97.859331,0, ,0.0,0.0,2,5000,0,0,0,0,0,0

SID,ELOEL3,ALL,5
IF,WLMRT,30.740783,-97.859331, ,0.0,0.0,2,5000,0,0,0,0,0,0
TF,ELOEL,30.905364,-97.920572,0, ,0.0,0.0,0.0,0.0,0,0,0,0,0,0,0,0

SID,ELOEL3,ABI,6
IF,ELOEL,30.905364,-97.920572, ,0.0,0.0,0,0,0,0,0,0,0,0
TF,FORSS,31.172189,-98.077739,0, ,0.0,0.0,0.0,0.0,0,0,0,0,0,0,0,0
TF,ABI,32.481331,-99.863453,0, ,0.0,0.0,0.0,0.0,0,0,0,0,0,0,0,0

SID,ELOEL3,FORSS,6
IF,ELOEL,30.905364,-97.920572, ,0.0,0.0,0,0,0,0,0,0,0,0
TF,FORSS,31.172189,-98.077739,0, ,0.0,0.0,0.0,0.0,0,0,0,0,0,0,0,0

SID,ELOEL3,KLNGR,6
IF,ELOEL,30.905364,-97.920572, ,0.0,0.0,0,0,0,0,0,0,0,0
TF,KLNGR,31.223553,-98.038847,0, ,0.0,0.0,0.0,0.0,0,0,0,0,0,0,0,0

SID,ILEXY4,13,4
VM,0,0,0,126.0,0,0,0,0,0,0,0,0
DF,HOOKK,30.360000,-97.203022,0, ,0.0,0.0,2,5000,0,0,0,0,0,0

SID,ILEXY4,31,4
VM,0,0,0,306.0,0,0,0,0,0,0,0,0
DF,HOOKK,30.360000,-97.203022,0, ,0.0,0.0,2,5000,0,0,0,0,0,0

SID,ILEXY4,ALL,5
IF,HOOKK,30.360000,-97.203022, ,0.0,0.0,2,5000,0,0,0,0,0,0
TF,ILEXY,30.352778,-97.079294,0, ,0.0,0.0,0.0,0.0,0,0,0,0,0,0,0,0

SID,ILEXY4,JAYJO,6
IF,ILEXY,30.352778,-97.079294, ,0.0,0.0,0,0,0,0,0,0,0,0
TF,JAYJO,30.337150,-96.815014,0, ,0.0,0.0,0.0,0.0,0,0,0,0,0,0,0,0

SID,ILEXY4,ZENZI,6
IF,ILEXY,30.352778,-97.079294, ,0.0,0.0,0,0,0,0,0,0,0,0
TF,JAYJO,30.337150,-96.815014,0, ,0.0,0.0,0.0,0.0,0,0,0,0,0,0,0,0
TF,ASHRR,30.317936,-96.507683,0, ,0.0,0.0,0.0,0.0,0,0,0,0,0,0,0,0
TF,ZENZI,30.288539,-96.058431,0, ,0.0,0.0,0.0,0.0,0,0,0,0,0,0,0,0

SID,MUCKY3,13,4
VM,0,0,0,126.0,0,0,0,0,0,0,0,0
DF,PAYDA,30.290967,-98.204844,0, ,0.0,0.0,2,5000,0,0,0,0,0,0

SID,MUCKY3,31,4
VM,0,0,0,306.0,0,0,0,0,0,0,0,0
DF,PAYDA,30.290967,-98.204844,0, ,0.0,0.0,2,5000,0,0,0,0,0,0

SID,MUCKY3,ALL,5
IF,PAYDA,30.290967,-98.204844, ,0.0,0.0,2,5000,0,0,0,0,0,0
TF,MUCKY,30.418617,-98.865214,0, ,0.0,0.0,0.0,0.0,0,0,0,0,0,0,0,0

SID,SAYBR3,13,4
VM,0,0,0,126.0,0,0,0,0,0,0,0,0
DF,MUNCH,30.576394,-97.294614,0, ,0.0,0.0,2,5000,0,0,0,0,0,0

SID,SAYBR3,31,4
VM,0,0,0,306.0,0,0,0,0,0,0,0,0
DF,MUNCH,30.576394,-97.294614,0, ,0.0,0.0,2,5000,0,0,0,0,0,0

SID,SAYBR3,ALL,5
IF,MUNCH,30.576394,-97.294614, ,0.0,0.0,2,5000,0,0,0,0,0,0
TF,SAYBR,30.973414,-97.046742,0, ,0.0,0.0,0.0,0.0,0,0,0,0,0,0,0,0

STAR,BLEWE5,ACT,1
IF,ACT,31.662231,-97.269014, ,0.0,0.0,0,0,0,0,0,0,0,0
TF,BLEWE,31.207681,-97.209019,0, ,0.0,0.0,0.0,0.0,0,0,0,0,0,0,0,0

STAR,BLEWE5,WINDU,1
IF,WINDU,31.530536,-97.082517, ,0.0,0.0,0,0,0,0,0,0,0,0
TF,BLEWE,31.207681,-97.209019,0, ,0.0,0.0,0.0,0.0,0,0,0,0,0,0,0,0

STAR,BLEWE5,ALL,2
IF,BLEWE,31.207681,-97.209019, ,0.0,0.0,0,0,0,0,0,0,0,0
TF,SEWZY,30.813269,-97.362364,0, ,0.0,0.0,0.0,0.0,0,0,0,0,0,0,0,0
TF,CWK,30.378550,-97.529847,0, ,0.0,0.0,0.0,0.0,0,0,0,0,0,0,0,0

STAR,POTRR2,DBOYS,4
IF,DBOYS,29.713828,-95.687069, ,0.0,0.0,0,0,0,0,0,0,0,0
TF,WEEED,29.779206,-96.181928,0, ,0.0,0.0,0.0,0.0,0,0,0,0,0,0,0,0
TF,DOOEE,29.790150,-96.326950,0, ,0.0,0.0,0.0,0.0,0,0,0,0,0,0,0,0
TF,WAILN,29.808231,-96.571422,0, ,0.0,0.0,0.0,0.0,0,0,0,0,0,0,0,0
TF,WLEEE,30.049486,-96.870350,0, ,0.0,0.0,0.0,0.0,0,0,0,0,0,0,0,0

STAR,POTRR2,LUKKN,4
IF,LUKKN,29.864550,-95.781872, ,0.0,0.0,0,0,0,0,0,0,0,0
TF,WEEED,29.779206,-96.181928,0, ,0.0,0.0,0.0,0.0,0,0,0,0,0,0,0,0
TF,DOOEE,29.790150,-96.326950,0, ,0.0,0.0,0.0,0.0,0,0,0,0,0,0,0,0
TF,WAILN,29.808231,-96.571422,0, ,0.0,0.0,0.0,0.0,0,0,0,0,0,0,0,0
TF,WLEEE,30.049486,-96.870350,0, ,0.0,0.0,0.0,0.0,0,0,0,0,0,0,0,0

STAR,POTRR2,MNURE,4
IF,MNURE,29.993022,-96.566067, ,0.0,0.0,0,0,0,0,0,0,0,0
TF,WLEEE,30.049486,-96.870350,0, ,0.0,0.0,0.0,0.0,0,0,0,0,0,0,0,0

STAR,POTRR2,WEEED,4
IF,WEEED,29.779206,-96.181928, ,0.0,0.0,0,0,0,0,0,0,0,0
TF,DOOEE,29.790150,-96.326950,0, ,0.0,0.0,0.0,0.0,0,0,0,0,0,0,0,0
TF,WAILN,29.808231,-96.571422,0, ,0.0,0.0,0.0,0.0,0,0,0,0,0,0,0,0
TF,WLEEE,30.049486,-96.870350,0, ,0.0,0.0,0.0,0.0,0,0,0,0,0,0,0,0

STAR,POTRR2,ALL,5
IF,WLEEE,30.049486,-96.870350, ,0.0,0.0,0,0,0,0,0,0,0,0
TF,POTRR,30.076828,-96.961094,0, ,0.0,0.0,0.0,0.0,0,0,0,0,0,0,0,1
FM,POTRR,30.076828,-96.961094,0,RND,0.0,0.0,284.0,0,0,0,0,0,0,0,0

STAR,SZAGI1,CHILD,4
IF,CHILD,31.061436,-100.461283, ,0.0,0.0,0,0,0,0,0,0,0,0
TF,NXUSS,31.064875,-100.053806,0, ,0.0,0.0,0.0,0.0,0,0,0,0,0,0,0,0
TF,WINEE,31.067906,-99.155881,0, ,0.0,0.0,0.0,0.0,0,0,0,0,0,0,0,0
TF,SZAGI,30.864767,-98.419781,0, ,0.0,0.0,0.0,0.0,0,0,0,0,0,0,0,0

STAR,SZAGI1,FUSCO,4
IF,FUSCO,31.176928,-101.329167, ,0.0,0.0,0,0,0,0,0,0,0,0
TF,CHILD,31.061436,-100.461283,0, ,0.0,0.0,0.0,0.0,0,0,0,0,0,0,0,0
TF,NXUSS,31.064875,-100.053806,0, ,0.0,0.0,0.0,0.0,0,0,0,0,0,0,0,0
TF,WINEE,31.067906,-99.155881,0, ,0.0,0.0,0.0,0.0,0,0,0,0,0,0,0,0
TF,SZAGI,30.864767,-98.419781,0, ,0.0,0.0,0.0,0.0,0,0,0,0,0,0,0,0

STAR,SZAGI1,UCOKA,4
IF,UCOKA,31.316667,-100.083333, ,0.0,0.0,0,0,0,0,0,0,0,0
TF,WINEE,31.067906,-99.155881,0, ,0.0,0.0,0.0,0.0,0,0,0,0,0,0,0,0
TF,SZAGI,30.864767,-98.419781,0, ,0.0,0.0,0.0,0.0,0,0,0,0,0,0,0,0

STAR,SZAGI1,WINEE,4
IF,WINEE,31.067906,-99.155881, ,0.0,0.0,0,0,0,0,0,0,0,0
TF,SZAGI,30.864767,-98.419781,0, ,0.0,0.0,0.0,0.0,0,0,0,0,0,0,0,0

STAR,SZAGI1,ALL,5
IF,SZAGI,30.864767,-98.419781, ,0.0,0.0,0,0,0,0,0,0,0,0
TF,KALLA,30.721078,-98.077350,0, ,0.0,0.0,0.0,0.0,0,0,0,0,0,0,0,0
TF,LNTIC,30.610056,-97.873111,0, ,0.0,0.0,0.0,0.0,0,0,0,0,0,0,0,1
FM,LNTIC,30.610056,-97.873111,0,LLA,0.0,0.0,118.0,0,0,0,0,0,0,0,0

APPTR,R13,13,DARTE
IF,DARTE,30.766133,-97.451833, ,0.0,0.0,0,0,0,0,0,0,0,0
TF,CUSAT,30.585378,-97.665656,0, ,0.0,0.0,0.0,0.0,2,3000,0,1,210,0,1,0
TF,FESIS,30.522692,-97.729439,0, ,0.0,0.0,0.0,0.0,2,2500,0,0,0,0,1,0

APPTR,R13,13,TXAAS
IF,TXAAS,30.459972,-97.793139, ,0.0,0.0,0,0,0,1,210,0,1,0
TF,FESIS,30.522692,-97.729439,0, ,0.0,0.0,0.0,0.0,2,2500,0,0,0,0,1,0

FINAL,R13,13,R,4
IF,FESIS,30.522692,-97.729439, ,0.0,0.0,2,2500,0,0,0,0,0,0
TF,IKOXE,30.455997,-97.642000,0, ,0.0,0.0,126.0,6.0,2,2200,0,0,0,0,2,0
TF,JIDKI,30.427936,-97.605275,0, ,0.0,0.0,126.0,2.5,2,1380,0,0,0,0,0,0
TF,RW13,30.402517,-97.572031,0, ,0.0,0.0,126.0,2.3,1,659,0,0,0,0,3,1
CA,0,126.0,2,870,0,0,0,0,0,0
DF,CIRMU,30.278367,-97.410047,0, ,0.0,0.0,2,2200,0,0,0,0,0,1
HM,CIRMU,30.278367,-97.410047,2, ,0.0,0.0,307.0,04,0,0,0,0,0,0,0,0,0

APPTR,R31,31,SCOLL
IF,SCOLL,30.445156,-97.208742, ,0.0,0.0,0,0,0,0,0,0,0,0
TF,EFVEP,30.347325,-97.326200,0, ,0.0,0.0,0.0,0.0,2,2200,0,1,210,0,1,0
TF,CIRMU,30.278367,-97.410047,0, ,0.0,0.0,0.0,0.0,2,2100,0,0,0,0,1,0

APPTR,R31,31,ZAMBS
IF,ZAMBS,30.203278,-97.486522, ,0.0,0.0,0,0,0,1,210,0,1,0
TF,CIRMU,30.278367,-97.410047,0, ,0.0,0.0,0.0,0.0,2,2100,0,0,0,0,1,0

FINAL,R31,31,R,4
IF,CIRMU,30.278367,-97.410047, ,0.0,0.0,2,2100,0,0,0,0,0,0
TF,HIDSU,30.345303,-97.497300,0, ,0.0,0.0,307.0,6.1,2,2000,0,0,0,0,2,0
TF,ASESY,30.374956,-97.536014,0, ,0.0,0.0,306.0,2.7,2,1140,0,0,0,0,0,0
TF,RW31,30.392644,-97.559128,0, ,0.0,0.0,306.0,1.6,1,637,0,0,0,0,3,1
CA,0,306.0,2,812,0,0,0,0,0,0
DF,GUKWI,30.446022,-97.628947,0, ,0.0,0.0,0,0,0,0,0,0,0,0
TF,DARTE,30.766133,-97.451833,0, ,0.0,0.0,0.0,0.0,2,3500,0,0,0,0,0,1
HM,DARTE,30.766133,-97.451833,2, ,0.0,0.0,60.0,04,0,0,0,0,0,0,0,0,0

