APPTR,R32,32,WUNKI
IF,WUNKI,44.492228,-103.684058, ,0.0,0.0,3,10000,0,0,0,0,1,0
HF,WUNKI,44.492228,-103.684058,2, ,0.0,0.0,321.0,07,2,7600,0,0,0,0,0,0,0

FINAL,R32,32,R,4
IF,WUNKI,44.492228,-103.684058, ,0.0,0.0,2,7600,0,0,0,0,0,0
TF,GAGPY,44.604633,-103.766503,0, ,0.0,0.0,321.0,7.6,2,5900,0,0,0,0,2,0
TF,COCAK,44.683028,-103.824217,0, ,0.0,0.0,321.0,5.3,2,4200,0,0,0,0,0,0
TF,RW32,44.728747,-103.857956,0, ,0.0,0.0,321.0,3.1,1,3220,0,0,0,0,3,1
CA,0,321.0,2,3800,0,0,0,0,0,0
DF,WUNKI,44.492228,-103.684058,2, ,0.0,0.0,2,7600,0,0,0,0,0,1
HM,WUNKI,44.492228,-103.684058,2, ,0.0,0.0,321.0,07,2,7600,0,0,0,0,0,0,0

