APPTR,I06,06,UNOLY
HF,UNOLY,42.006333,-77.141558,2, ,0.0,0.0,62.0,04,2,4000,0,0,0,0,1,0,0

FINAL,I06,06,I,3
IF,UNOLY,42.006333,-77.141558,IUEK,242.4,15.2,2,4000,0,0,0,0,0,0
CF,JOKEN,42.080886,-77.021219,0,IUEK,242.4,8.2,62.0,7.0,1,3200,0,0,0,0,2,0
CF,RW06,42.154664,-76.901644,0,IUEK,242.4,1.3,62.0,7.0,1,992,0,0,0,0,3,0
CA,0,62.0,2,1360,0,0,0,0,0,0
DF,IREKE,42.315789,-76.638856,0, ,0.0,0.0,2,4000,0,0,0,0,0,0
HM,IREKE,42.315789,-76.638856,2, ,0.0,0.0,242.0,04,0,0,0,0,0,0,0,0,0

APPTR,I24,24,IREKE
HF,IREKE,42.315789,-76.638856,2, ,0.0,0.0,242.0,04,2,4000,0,0,0,0,1,0,0

FINAL,I24,24,I,3
IF,IREKE,42.315789,-76.638856,IELM,62.4,15.5,2,4000,0,0,0,0,0,0
CF,ALP,42.238703,-76.763972,0,IELM,62.6,8.2,242.0,7.2,1,3158,0,0,0,0,2,0
CF,RW24,42.167258,-76.881183,0,IELM,62.4,1.5,242.0,6.8,1,1007,0,0,0,0,3,0
CA,0,242.0,2,1360,0,0,0,0,0,0
DF,UNOLY,42.006333,-77.141558,0, ,0.0,0.0,2,4000,0,0,0,0,0,0
HM,UNOLY,42.006333,-77.141558,2, ,0.0,0.0,62.0,04,0,0,0,0,0,0,0,0,0

APPTR,R06,06,UNOLY
HF,UNOLY,42.006333,-77.141558,2, ,0.0,0.0,62.0,04,2,4000,0,0,0,0,1,0,0

FINAL,R06,06,R,4
IF,UNOLY,42.006333,-77.141558, ,0.0,0.0,2,4000,0,0,0,0,0,0
TF,JOKEN,42.080886,-77.021219,0, ,0.0,0.0,62.0,7.0,2,3200,0,0,0,0,2,0
TF,CONAC,42.110208,-76.973753,0, ,0.0,0.0,62.0,2.8,2,2320,0,0,0,0,0,0
TF,RW06,42.154664,-76.901644,0, ,0.0,0.0,62.0,4.2,1,992,0,0,0,0,3,1
CA,0,62.0,2,1144,0,0,0,0,0,0
DF,IREKE,42.315789,-76.638856,0, ,0.0,0.0,2,4000,0,0,0,0,0,1
HM,IREKE,42.315789,-76.638856,2, ,0.0,0.0,243.0,04,0,0,0,0,0,0,0,0,0

APPTR,R10,10,MIXUE
HF,MIXUE,42.154725,-77.189292,2, ,0.0,0.0,101.0,04,2,4000,0,0,0,0,1,0,0

FINAL,R10,10,R,3
IF,MIXUE,42.154725,-77.189292, ,0.0,0.0,2,4000,0,0,0,0,0,0
TF,HABOM,42.156256,-77.054858,0, ,0.0,0.0,101.0,6.0,2,3400,0,0,0,0,2,0
TF,RW10,42.157794,-76.902947,0, ,0.0,0.0,101.0,6.8,1,984,0,0,0,0,3,1
CA,0,101.0,2,1355,0,0,0,0,0,0
DF,CEKAN,42.160333,-76.586067,0, ,0.0,0.0,2,4000,0,0,0,0,0,1
HM,CEKAN,42.160333,-76.586067,2, ,0.0,0.0,281.0,04,0,0,0,0,0,0,0,0,0

APPTR,R24,24,IREKE
HF,IREKE,42.315789,-76.638856,2, ,0.0,0.0,243.0,04,2,4000,0,0,0,0,1,0,0

FINAL,R24,24,R,4
IF,IREKE,42.315789,-76.638856, ,0.0,0.0,2,4000,0,0,0,0,0,0
TF,CERUP,42.240383,-76.762131,0, ,0.0,0.0,243.0,7.1,2,3200,0,0,0,0,2,0
TF,ERINN,42.202314,-76.824169,0, ,0.0,0.0,242.0,3.6,2,2040,0,0,0,0,0,0
TF,RW24,42.167258,-76.881183,0, ,0.0,0.0,242.0,3.3,1,1007,0,0,0,0,3,1
CA,0,242.0,2,1154,0,0,0,0,0,0
DF,UNOLY,42.006333,-77.141558,0, ,0.0,0.0,2,4000,0,0,0,0,0,1
HM,UNOLY,42.006333,-77.141558,2, ,0.0,0.0,62.0,04,0,0,0,0,0,0,0,0,0

APPTR,R28,28,CEKAN
HF,CEKAN,42.160333,-76.586067,2, ,0.0,0.0,281.0,04,2,4000,0,0,0,0,1,0,0

FINAL,R28,28,R,4
IF,CEKAN,42.160333,-76.586067, ,0.0,0.0,2,4000,0,0,0,0,0,0
TF,FIDON,42.159364,-76.720517,0, ,0.0,0.0,281.0,6.0,2,3400,0,0,0,0,2,0
TF,ZIGAN,42.158781,-76.792628,0, ,0.0,0.0,281.0,3.2,2,2320,0,0,0,0,0,0
TF,RW28,42.157969,-76.884500,0, ,0.0,0.0,281.0,4.1,1,994,0,0,0,0,3,1
CA,0,281.0,2,1355,0,0,0,0,0,0
DF,MIXUE,42.154725,-77.189292,0, ,0.0,0.0,2,4000,0,0,0,0,0,1
HM,MIXUE,42.154725,-77.189292,2, ,0.0,0.0,101.0,04,0,0,0,0,0,0,0,0,0

