APPTR,R11-C,11,BANDR
IF,BANDR,47.258372,-121.492253, ,0.0,0.0,0,0,0,0,0,0,0,0
TF,BEEZR,47.124703,-120.895608,0, ,0.0,0.0,0.0,0.0,2,8000,0,0,0,0,1,0
TF,ZOBIM,47.157928,-120.748319,0, ,0.0,0.0,0.0,0.0,2,6600,0,0,0,0,1,0

APPTR,R11-C,11,ELN
IF,ELN,47.024375,-120.458414, ,0.0,0.0,0,0,0,0,0,0,0,0
TF,ZOBIM,47.157928,-120.748319,0, ,0.0,0.0,0.0,0.0,2,6600,0,0,0,0,0,1
HF,ZOBIM,47.157928,-120.748319,2, ,0.0,0.0,107.0,07,2,6600,0,0,0,0,1,0,0

APPTR,R11-C,11,WUSVI
IF,WUSVI,47.047631,-120.968986, ,0.0,0.0,0,0,0,0,0,0,0,0
TF,BEEZR,47.124703,-120.895608,0, ,0.0,0.0,0.0,0.0,2,8000,0,0,0,0,1,0
TF,ZOBIM,47.157928,-120.748319,0, ,0.0,0.0,0.0,0.0,2,6600,0,0,0,0,1,0

FINAL,R11-C,11,R,4
IF,ZOBIM,47.157928,-120.748319, ,0.0,0.0,2,6600,0,0,0,0,0,0
TF,COBDI,47.119731,-120.662411,0, ,0.0,0.0,107.0,4.2,2,5300,0,0,0,0,2,0
TF,FOGIG,47.076328,-120.594042,0, ,0.0,0.0,117.0,3.8,2,3880,0,0,0,0,0,0
TF,RW11,47.038864,-120.535167,0, ,0.0,0.0,117.0,3.3,1,1803,0,0,0,0,3,1
CA,0,117.0,2,2700,0,0,0,0,0,0
DF,GEBTE,46.860836,-120.504772,2, ,0.0,0.0,0,0,0,0,0,0,0,0
TF,SELAH,46.700836,-120.549856,0, ,0.0,0.0,0.0,0.0,2,5500,0,0,0,0,0,1
HM,SELAH,46.700836,-120.549856,2, ,0.0,0.0,175.0,05,0,0,0,0,0,0,0,0,0

APPTR,R29,29,AYISO
IF,AYISO,47.069989,-120.428533, ,0.0,0.0,0,0,0,0,0,0,0,0
TF,ELIYO,47.004244,-120.303311,0, ,0.0,0.0,0.0,0.0,2,6200,0,0,0,0,1,0
TF,LARDY,46.937894,-120.377147,0, ,0.0,0.0,0.0,0.0,2,4100,0,0,0,0,0,0
TF,NELUE,46.973767,-120.433181,0, ,0.0,0.0,0.0,0.0,2,3300,0,0,0,0,0,0

APPTR,R29,29,BOVYA
IF,BOVYA,47.061478,-120.237364, ,0.0,0.0,0,0,0,0,0,0,0,0
TF,ELIYO,47.004244,-120.303311,0, ,0.0,0.0,0.0,0.0,2,6400,0,0,0,0,1,0
TF,LARDY,46.937894,-120.377147,0, ,0.0,0.0,0.0,0.0,2,4100,0,0,0,0,0,0
TF,NELUE,46.973767,-120.433181,0, ,0.0,0.0,0.0,0.0,2,3300,0,0,0,0,0,0

FINAL,R29,29,R,3
IF,NELUE,46.973767,-120.433181, ,0.0,0.0,2,3300,0,0,0,0,0,0
TF,KITSE,46.994997,-120.466400,0, ,0.0,0.0,297.0,1.9,2,2800,0,0,0,0,2,0
TF,RW29,47.030828,-120.522550,0, ,0.0,0.0,297.0,3.2,1,1787,0,0,0,0,3,1
CA,0,297.0,2,2170,0,0,0,0,0,0
DF,ELIYO,47.004244,-120.303311,2, ,0.0,0.0,2,5400,0,0,0,0,0,1
HM,ELIYO,47.004244,-120.303311,2, ,0.0,0.0,107.0,04,0,0,0,0,0,0,0,0,0

APPTR,V11-A,11,CETEP
IF,CETEP,47.176531,-120.359075, ,0.0,0.0,0,0,0,0,0,0,1,0
AF,DACPE,47.099811,-120.241075,2,ELN,42.0,10.0,3.0,2,7500,0,0,0,0,0,0
AF,ECILA,47.064447,-120.221889,2,ELN,55.0,10.0,42.0,2,6500,0,0,0,0,0,0
AF,FEDVU,46.914947,-120.274961,2,ELN,110.0,10.0,55.0,2,5100,0,0,0,0,1,0
CF,DIBPE,46.991589,-120.403319,0,ELN,110.0,3.0,290.0,7.0,2,4100,0,0,0,0,0,0

APPTR,V11-A,11,ELN
PI,ELN,47.024375,-120.458414,1,ELN,155.0,10.0,110,5.0,2,5000,0,0,0,0,1,0
CF,DIBPE,46.991589,-120.403319,0,ELN,110.0,3.0,290.0,7.0,2,4100,0,0,0,0,0,0

APPTR,V11-A,11,GEBTE
IF,GEBTE,46.860836,-120.504772, ,0.0,0.0,0,0,0,0,0,0,1,0
AF,FEDVU,46.914947,-120.274961,1,ELN,110.0,10.0,170.0,2,5100,0,0,0,0,1,0
CF,DIBPE,46.991589,-120.403319,0,ELN,110.0,3.0,290.0,7.0,2,4100,0,0,0,0,0,0

FINAL,V11-A,11,D,3
IF,DIBPE,46.991589,-120.403319,ELN,110.0,3.0,2,4100,0,0,0,0,0,0
CF,ELN,47.024375,-120.458414,0,ELN,0.0,0.0,290.0,3.0,2,3200,0,0,0,0,2,0
CF,MIVSE,47.032742,-120.520667,0,ELN,260.1,2.6,260.0,2.6,1,2420,0,0,0,0,3,0
CA,0,260.0,2,2420,0,0,0,0,0,0
DF,ELN,47.024375,-120.458414,1, ,0.0,0.0,2,5000,0,0,0,0,0,0
HM,ELN,47.024375,-120.458414,1, ,0.0,0.0,290.0,04.3,0,0,0,0,0,0,0,0,0

APPTR,V11-B,11,ELN
PI,ELN,47.024375,-120.458414,1,ELN,129.0,5.0,084,5.0,2,5300,0,0,0,0,1,0
CF,ELN,47.024375,-120.458414,0,ELN,0.0,0.0,264.0,3.0,2,4300,0,0,0,0,0,0

APPTR,V11-B,11,ICEBE
IF,ICEBE,47.077233,-120.306333, ,0.0,0.0,0,0,0,0,0,0,1,0
AF,JIDES,46.994089,-120.293817,2,ELN,84.0,7.0,42.0,2,5700,0,0,0,0,0,0
CF,ELN,47.024375,-120.458414,0,ELN,0.0,0.0,264.0,7.0,2,4300,0,0,0,0,0,0

APPTR,V11-B,11,KADSE
IF,KADSE,46.909900,-120.490883, ,0.0,0.0,0,0,0,0,0,0,1,0
AF,JIDES,46.994089,-120.293817,1,ELN,84.0,7.0,170.0,2,5700,0,0,0,0,0,0
CF,ELN,47.024375,-120.458414,0,ELN,0.0,0.0,264.0,7.0,2,4300,0,0,0,0,0,0

APPTR,V11-B,11,PIGVE
IF,PIGVE,47.130792,-120.388614, ,0.0,0.0,0,0,0,0,0,0,1,0
AF,ICEBE,47.077233,-120.306333,2,ELN,42.0,7.0,3.0,2,6500,0,0,0,0,0,0
AF,JIDES,46.994089,-120.293817,2,ELN,84.0,7.0,42.0,2,5700,0,0,0,0,0,0
CF,ELN,47.024375,-120.458414,0,ELN,0.0,0.0,264.0,7.0,2,4300,0,0,0,0,0,0

FINAL,V11-B,11,D,2
IF,ELN,47.024375,-120.458414,ELN,0.0,0.0,2,4300,0,0,0,0,2,0
CF,MIVSE,47.032742,-120.520667,0,ELN,260.1,2.6,260.0,2.6,1,3260,0,0,0,0,3,0
CA,0,260.0,2,4400,0,0,0,0,0,0
DF,ELN,47.024375,-120.458414,2, ,0.0,0.0,2,5700,0,0,0,0,0,0
HM,ELN,47.024375,-120.458414,1, ,0.0,0.0,264.0,04.3,0,0,0,1,175,0,0,0,0

APPTR,V29-A,29,CETEP
IF,CETEP,47.176531,-120.359075, ,0.0,0.0,0,0,0,0,0,0,1,0
AF,DACPE,47.099811,-120.241075,2,ELN,42.0,10.0,3.0,2,7500,0,0,0,0,0,0
AF,ECILA,47.064447,-120.221889,2,ELN,55.0,10.0,42.0,2,6500,0,0,0,0,0,0
AF,FEDVU,46.914947,-120.274961,2,ELN,110.0,10.0,55.0,2,5100,0,0,0,0,1,0
CF,DIBPE,46.991589,-120.403319,0,ELN,110.0,3.0,290.0,7.0,2,4100,0,0,0,0,0,0

APPTR,V29-A,29,ELN
PI,ELN,47.024375,-120.458414,1,ELN,155.0,10.0,110,5.0,2,5000,0,0,0,0,1,0
CF,DIBPE,46.991589,-120.403319,0,ELN,110.0,3.0,290.0,7.0,2,4100,0,0,0,0,0,0

APPTR,V29-A,29,GEBTE
IF,GEBTE,46.860836,-120.504772, ,0.0,0.0,0,0,0,0,0,0,1,0
AF,FEDVU,46.914947,-120.274961,1,ELN,110.0,10.0,170.0,2,5100,0,0,0,0,1,0
CF,DIBPE,46.991589,-120.403319,0,ELN,110.0,3.0,290.0,7.0,2,4100,0,0,0,0,0,0

FINAL,V29-A,29,D,3
IF,DIBPE,46.991589,-120.403319,ELN,110.0,3.0,2,4100,0,0,0,0,0,0
CF,ELN,47.024375,-120.458414,0,ELN,0.0,0.0,290.0,3.0,2,3200,0,0,0,0,2,0
CF,MIVSE,47.032742,-120.520667,0,ELN,260.1,2.6,260.0,2.6,1,2420,0,0,0,0,3,0
CA,0,260.0,2,2420,0,0,0,0,0,0
DF,ELN,47.024375,-120.458414,1, ,0.0,0.0,2,5000,0,0,0,0,0,0
HM,ELN,47.024375,-120.458414,1, ,0.0,0.0,290.0,04.3,0,0,0,0,0,0,0,0,0

APPTR,V29-B,29,ELN
PI,ELN,47.024375,-120.458414,1,ELN,129.0,5.0,084,5.0,2,5300,0,0,0,0,1,0
CF,ELN,47.024375,-120.458414,0,ELN,0.0,0.0,264.0,3.0,2,4300,0,0,0,0,0,0

APPTR,V29-B,29,ICEBE
IF,ICEBE,47.077233,-120.306333, ,0.0,0.0,0,0,0,0,0,0,1,0
AF,JIDES,46.994089,-120.293817,2,ELN,84.0,7.0,42.0,2,5700,0,0,0,0,0,0
CF,ELN,47.024375,-120.458414,0,ELN,0.0,0.0,264.0,7.0,2,4300,0,0,0,0,0,0

APPTR,V29-B,29,KADSE
IF,KADSE,46.909900,-120.490883, ,0.0,0.0,0,0,0,0,0,0,1,0
AF,JIDES,46.994089,-120.293817,1,ELN,84.0,7.0,170.0,2,5700,0,0,0,0,0,0
CF,ELN,47.024375,-120.458414,0,ELN,0.0,0.0,264.0,7.0,2,4300,0,0,0,0,0,0

APPTR,V29-B,29,PIGVE
IF,PIGVE,47.130792,-120.388614, ,0.0,0.0,0,0,0,0,0,0,1,0
AF,ICEBE,47.077233,-120.306333,2,ELN,42.0,7.0,3.0,2,6500,0,0,0,0,0,0
AF,JIDES,46.994089,-120.293817,2,ELN,84.0,7.0,42.0,2,5700,0,0,0,0,0,0
CF,ELN,47.024375,-120.458414,0,ELN,0.0,0.0,264.0,7.0,2,4300,0,0,0,0,0,0

FINAL,V29-B,29,D,2
IF,ELN,47.024375,-120.458414,ELN,0.0,0.0,2,4300,0,0,0,0,2,0
CF,MIVSE,47.032742,-120.520667,0,ELN,260.1,2.6,260.0,2.6,1,3260,0,0,0,0,3,0
CA,0,260.0,2,4400,0,0,0,0,0,0
DF,ELN,47.024375,-120.458414,2, ,0.0,0.0,2,5700,0,0,0,0,0,0
HM,ELN,47.024375,-120.458414,1, ,0.0,0.0,264.0,04.3,0,0,0,1,175,0,0,0,0

