APPTR,B28,28,ESC
IF,ESC,45.722636,-87.089597, ,0.0,0.0,0,0,0,0,0,0,0,0
TF,KULAH,45.718925,-86.946975,0, ,0.0,0.0,0.0,0.0,2,2500,0,0,0,0,0,0
PI,KULAH,45.718925,-86.946975,2,DJB,51.0,10.0,096,5.0,2,2500,0,0,0,0,1,0

APPTR,B28,28,WINEP
IF,WINEP,45.537861,-86.980664, ,0.0,0.0,0,0,0,0,0,0,1,0
AF,D102L,45.680722,-86.810575,1,ESC,102.0,12.0,157.0,2,2500,0,0,0,0,0,0
VI,0,IESC,0.0,306.0,0,0,0,0,0,0,0,0

APPTR,B28,28,ZELUK
IF,ZELUK,45.797039,-86.824444, ,0.0,0.0,0,0,0,0,0,0,1,0
AF,D081L,45.753567,-86.807486,2,ESC,81.0,12.0,68.0,2,2500,0,0,0,0,0,0
VI,0,IESC,0.0,246.0,0,0,0,0,0,0,0,0

FINAL,B28,28,D,4
IF,HABTI,45.717089,-86.804244,IESC,95.9,11.7,2,2500,0,0,0,0,0,0
CF,KULAH,45.718925,-86.946975,0,IESC,95.9,5.7,276.0,6.0,2,2500,0,0,0,0,2,0
CF,YARUD,45.720011,-87.038925,0,IESC,95.9,1.8,276.0,3.9,2,1280,0,0,0,0,0,0
CF,NOCCI,45.720372,-87.070806,0,IESC,95.9,0.5,276.0,1.3,1,856,0,0,0,0,3,0
CA,0,276.0,2,2500,0,0,0,0,0,0
DF,ESC,45.722636,-87.089597,2, ,0.0,0.0,0,0,0,0,0,0,0,0
HM,ESC,45.722636,-87.089597,2, ,0.0,0.0,86.0,04.3,0,0,0,0,0,0,0,0,0

APPTR,I10,10,ESC
IF,ESC,45.722636,-87.089597, ,0.0,0.0,0,0,0,0,0,0,0,0
TF,PIKLE,45.721981,-87.224850,0, ,0.0,0.0,0.0,0.0,2,2500,0,0,0,0,0,0
PI,PIKLE,45.721981,-87.224850,2,DJB,231.0,10.0,276,5.0,2,2500,0,0,0,0,1,0

APPTR,I10,10,MAARC
IF,MAARC,45.560908,-87.257233, ,0.0,0.0,0,0,0,0,0,0,1,0
AF,D260L,45.687569,-87.370569,2,ESC,260.0,12.0,216.0,2,2500,0,0,0,0,0,0
VI,0,IESC,0.0,66.0,0,0,0,0,0,0,0,0

APPTR,I10,10,VNZNT
IF,VNZNT,45.912206,-87.180533, ,0.0,0.0,0,0,0,0,0,0,1,0
AF,D280L,45.757011,-87.370919,1,ESC,280.0,12.0,341.0,2,2500,0,0,0,0,0,0
VI,0,IESC,0.0,126.0,0,0,0,0,0,0,0,0

FINAL,I10,10,I,3
IF,REBON,45.723258,-87.375072,IESC,275.9,12.3,2,2500,0,0,0,0,0,0
CF,PIKLE,45.721981,-87.224850,0,IESC,275.9,6.0,96.0,6.3,1,2198,0,0,0,0,2,0
CF,RW10,45.720822,-87.111936,0,IESC,275.9,1.2,96.0,4.8,1,665,0,0,0,0,3,0
CA,0,96.0,2,2100,0,0,0,0,0,0
DF,ESC,45.722636,-87.089597,2, ,0.0,0.0,2,2500,0,0,0,0,0,0
HM,ESC,45.722636,-87.089597,2, ,0.0,0.0,86.0,04.3,0,0,0,0,0,0,0,0,0

APPTR,R01,01,WOKOL
HF,WOKOL,45.534981,-87.090794,2, ,0.0,0.0,6.0,04,2,2700,0,0,0,0,1,0,0

FINAL,R01,01,R,3
IF,WOKOL,45.534981,-87.090794, ,0.0,0.0,2,2700,0,0,0,0,0,0
TF,CUXUG,45.636614,-87.088553,0, ,0.0,0.0,6.0,6.1,2,2200,0,0,0,0,2,0
TF,RW01,45.718375,-87.086742,0, ,0.0,0.0,6.0,4.9,1,637,0,0,0,0,3,1
CA,0,6.0,2,1100,0,0,0,0,0,0
DF,ZALKI,45.880617,-87.165336,0, ,0.0,0.0,2,2800,0,0,0,0,0,1
HM,ZALKI,45.880617,-87.165336,2, ,0.0,0.0,166.0,04,0,0,0,0,0,0,0,0,0

APPTR,R10,10,NAYGI
IF,NAYGI,45.806617,-87.368831, ,0.0,0.0,0,0,0,0,0,0,1,0
TF,YEBUG,45.723308,-87.370264,0, ,0.0,0.0,0.0,0.0,2,2500,0,0,0,0,1,0

APPTR,R10,10,VUYUK
IF,VUYUK,45.640000,-87.371694, ,0.0,0.0,0,0,0,0,0,0,1,0
TF,YEBUG,45.723308,-87.370264,0, ,0.0,0.0,0.0,0.0,2,2500,0,0,0,0,1,0

APPTR,R10,10,YEBUG
HF,YEBUG,45.723308,-87.370264,2, ,0.0,0.0,96.0,04,2,2500,0,0,0,0,1,0,0

FINAL,R10,10,R,4
IF,YEBUG,45.723308,-87.370264, ,0.0,0.0,2,2500,0,0,0,0,0,0
TF,JAGED,45.721983,-87.225081,0, ,0.0,0.0,96.0,6.1,2,2200,0,0,0,0,2,0
TF,UYEPI,45.721372,-87.164267,0, ,0.0,0.0,96.0,2.6,2,1360,0,0,0,0,0,0
TF,RW10,45.720822,-87.111936,0, ,0.0,0.0,96.0,2.2,1,665,0,0,0,0,3,1
CA,0,96.0,2,809,0,0,0,0,0,0
DF,ZUMAB,45.717392,-86.826772,0, ,0.0,0.0,2,2500,0,0,0,0,0,1
HM,ZUMAB,45.717392,-86.826772,2, ,0.0,0.0,276.0,04,0,0,0,0,0,0,0,0,0

APPTR,R19,19,CESIS
HF,CESIS,45.913250,-87.082400,2, ,0.0,0.0,186.0,04,2,2700,0,0,0,0,1,0,0

FINAL,R19,19,R,3
IF,CESIS,45.913250,-87.082400, ,0.0,0.0,2,2700,0,0,0,0,0,0
TF,HERRY,45.813286,-87.084625,0, ,0.0,0.0,186.0,6.0,2,2200,0,0,0,0,2,0
TF,RW19,45.732128,-87.086436,0, ,0.0,0.0,186.0,4.9,1,649,0,0,0,0,3,1
CA,0,186.0,2,1100,0,0,0,0,0,0
DF,CESIS,45.913250,-87.082400,2, ,0.0,0.0,2,2700,0,0,0,0,0,1
HM,CESIS,45.913250,-87.082400,2, ,0.0,0.0,186.0,04,0,0,0,0,0,0,0,0,0

APPTR,R28,28,JAGOG
IF,JAGOG,45.550792,-86.831283, ,0.0,0.0,0,0,0,0,0,0,1,0
TF,ZUMAB,45.717392,-86.826772,0, ,0.0,0.0,0.0,0.0,2,2500,0,0,0,0,1,0

APPTR,R28,28,KESIW
IF,KESIW,45.883986,-86.822233, ,0.0,0.0,0,0,0,0,0,0,1,0
TF,ZUMAB,45.717392,-86.826772,0, ,0.0,0.0,0.0,0.0,2,2500,0,0,0,0,1,0

APPTR,R28,28,ZUMAB
HF,ZUMAB,45.717392,-86.826772,2, ,0.0,0.0,276.0,04,2,2500,0,0,0,0,1,0,0

FINAL,R28,28,R,4
IF,ZUMAB,45.717392,-86.826772, ,0.0,0.0,2,2500,0,0,0,0,0,0
TF,JUVNU,45.719208,-86.970439,0, ,0.0,0.0,276.0,6.0,2,2200,0,0,0,0,2,0
TF,TULTE,45.719875,-87.027033,0, ,0.0,0.0,276.0,2.4,2,1440,0,0,0,0,0,0
TF,RW28,45.720544,-87.086500,0, ,0.0,0.0,276.0,2.5,1,646,0,0,0,0,3,1
CA,0,276.0,2,846,0,0,0,0,0,0
DF,YEBUG,45.723308,-87.370264,0, ,0.0,0.0,2,2500,0,0,0,0,0,1
HM,YEBUG,45.723308,-87.370264,2, ,0.0,0.0,96.0,04,0,0,0,0,0,0,0,0,0

APPTR,S01,01,ESC
PI,ESC,45.722636,-87.089597,2,ESC,126.0,10.0,171,5.0,2,2200,0,0,0,0,1,0
CF,FF01,45.637397,-87.070353,0,ESC,171.0,5.2,351.0,5.2,2,2200,0,0,0,0,0,0

FINAL,S01,01,D,2
IF,FF01,45.637397,-87.070353,ESC,171.0,5.2,2,2200,0,0,0,0,2,0
CF,RW01,45.718375,-87.086742,0,ESC,154.8,0.3,351.0,4.9,1,637,0,0,0,0,3,0
CF,ESC,45.722636,-87.089597,0,ESC,0.0,0.0,351.0,0.3,2,1010,0,0,0,0,0,1
CA,0,351.0,2,2400,0,0,0,0,0,0
DF,ESC,45.722636,-87.089597,2, ,0.0,0.0,0,0,0,0,0,0,0,0
HM,ESC,45.722636,-87.089597,2, ,0.0,0.0,351.0,04.3,0,0,0,0,0,0,0,0,0

