STAR,HYPER9,ALB,4
IF,ALB,42.747281,-73.803183, ,0.0,0.0,0,0,0,0,0,0,0,0
TF,ATWAN,41.737508,-73.820631,0, ,0.0,0.0,0.0,0.0,0,0,0,0,0,0,0,0
TF,FILGA,41.407814,-74.020103,0, ,0.0,0.0,0.0,0.0,0,0,0,0,0,0,0,0
TF,KEAVR,41.191178,-74.242683,0, ,0.0,0.0,0.0,0.0,0,0,0,0,0,0,0,0
TF,BOTLS,40.918956,-74.830219,0, ,0.0,0.0,0.0,0.0,0,0,0,0,0,0,0,0
TF,JETTZ,40.659722,-75.378889,0, ,0.0,0.0,0.0,0.0,0,0,0,0,0,0,0,0
TF,SARAA,40.439325,-75.887861,0, ,0.0,0.0,0.0,0.0,0,0,0,0,0,0,0,0
TF,LRP,40.119975,-76.291294,0, ,0.0,0.0,0.0,0.0,0,0,0,0,0,0,0,0
TF,JOANE,40.044022,-76.455944,0, ,0.0,0.0,0.0,0.0,0,0,0,0,0,0,0,0
TF,DELRO,39.965475,-76.625344,0, ,0.0,0.0,0.0,0.0,0,0,0,0,0,0,0,0
TF,LIRCH,39.826767,-76.922231,0, ,0.0,0.0,0.0,0.0,0,0,0,0,0,0,0,0

STAR,HYPER9,BAF,4
IF,BAF,42.161958,-72.716200, ,0.0,0.0,0,0,0,0,0,0,0,0
TF,BIGGO,41.955808,-73.067942,0, ,0.0,0.0,0.0,0.0,0,0,0,0,0,0,0,0
TF,YORKE,41.806042,-73.320589,0, ,0.0,0.0,0.0,0.0,0,0,0,0,0,0,0,0
TF,GANDE,41.510183,-73.814453,0, ,0.0,0.0,0.0,0.0,0,0,0,0,0,0,0,0
TF,KEAVR,41.191178,-74.242683,0, ,0.0,0.0,0.0,0.0,0,0,0,0,0,0,0,0
TF,BOTLS,40.918956,-74.830219,0, ,0.0,0.0,0.0,0.0,0,0,0,0,0,0,0,0
TF,JETTZ,40.659722,-75.378889,0, ,0.0,0.0,0.0,0.0,0,0,0,0,0,0,0,0
TF,SARAA,40.439325,-75.887861,0, ,0.0,0.0,0.0,0.0,0,0,0,0,0,0,0,0
TF,LRP,40.119975,-76.291294,0, ,0.0,0.0,0.0,0.0,0,0,0,0,0,0,0,0
TF,JOANE,40.044022,-76.455944,0, ,0.0,0.0,0.0,0.0,0,0,0,0,0,0,0,0
TF,DELRO,39.965475,-76.625344,0, ,0.0,0.0,0.0,0.0,0,0,0,0,0,0,0,0
TF,LIRCH,39.826767,-76.922231,0, ,0.0,0.0,0.0,0.0,0,0,0,0,0,0,0,0

STAR,HYPER9,BANKK,4
IF,BANKK,40.266931,-74.900008, ,0.0,0.0,0,0,0,0,0,0,0,0
TF,HIKES,40.382203,-75.615250,0, ,0.0,0.0,0.0,0.0,0,0,0,0,0,0,0,0
TF,LRP,40.119975,-76.291294,0, ,0.0,0.0,0.0,0.0,0,0,0,0,0,0,0,0
TF,JOANE,40.044022,-76.455944,0, ,0.0,0.0,0.0,0.0,0,0,0,0,0,0,0,0
TF,DELRO,39.965475,-76.625344,0, ,0.0,0.0,0.0,0.0,0,0,0,0,0,0,0,0
TF,LIRCH,39.826767,-76.922231,0, ,0.0,0.0,0.0,0.0,0,0,0,0,0,0,0,0

STAR,HYPER9,FILGA,4
IF,FILGA,41.407814,-74.020103, ,0.0,0.0,0,0,0,0,0,0,0,0
TF,KEAVR,41.191178,-74.242683,0, ,0.0,0.0,0.0,0.0,0,0,0,0,0,0,0,0
TF,BOTLS,40.918956,-74.830219,0, ,0.0,0.0,0.0,0.0,0,0,0,0,0,0,0,0
TF,JETTZ,40.659722,-75.378889,0, ,0.0,0.0,0.0,0.0,0,0,0,0,0,0,0,0
TF,SARAA,40.439325,-75.887861,0, ,0.0,0.0,0.0,0.0,0,0,0,0,0,0,0,0
TF,LRP,40.119975,-76.291294,0, ,0.0,0.0,0.0,0.0,0,0,0,0,0,0,0,0
TF,JOANE,40.044022,-76.455944,0, ,0.0,0.0,0.0,0.0,0,0,0,0,0,0,0,0
TF,DELRO,39.965475,-76.625344,0, ,0.0,0.0,0.0,0.0,0,0,0,0,0,0,0,0
TF,LIRCH,39.826767,-76.922231,0, ,0.0,0.0,0.0,0.0,0,0,0,0,0,0,0,0

STAR,HYPER9,GANDE,4
IF,GANDE,41.510183,-73.814453, ,0.0,0.0,0,0,0,0,0,0,0,0
TF,KEAVR,41.191178,-74.242683,0, ,0.0,0.0,0.0,0.0,0,0,0,0,0,0,0,0
TF,BOTLS,40.918956,-74.830219,0, ,0.0,0.0,0.0,0.0,0,0,0,0,0,0,0,0
TF,JETTZ,40.659722,-75.378889,0, ,0.0,0.0,0.0,0.0,0,0,0,0,0,0,0,0
TF,SARAA,40.439325,-75.887861,0, ,0.0,0.0,0.0,0.0,0,0,0,0,0,0,0,0
TF,LRP,40.119975,-76.291294,0, ,0.0,0.0,0.0,0.0,0,0,0,0,0,0,0,0
TF,JOANE,40.044022,-76.455944,0, ,0.0,0.0,0.0,0.0,0,0,0,0,0,0,0,0
TF,DELRO,39.965475,-76.625344,0, ,0.0,0.0,0.0,0.0,0,0,0,0,0,0,0,0
TF,LIRCH,39.826767,-76.922231,0, ,0.0,0.0,0.0,0.0,0,0,0,0,0,0,0,0

STAR,HYPER9,MXE,4
IF,MXE,39.918050,-75.670822, ,0.0,0.0,0,0,0,0,0,0,0,0
TF,DELRO,39.965475,-76.625344,0, ,0.0,0.0,0.0,0.0,0,0,0,0,0,0,0,0
TF,LIRCH,39.826767,-76.922231,0, ,0.0,0.0,0.0,0.0,0,0,0,0,0,0,0,0

STAR,HYPER9,PARKE,4
IF,PARKE,40.683183,-75.076478, ,0.0,0.0,0,0,0,0,0,0,0,0
TF,JETTZ,40.659722,-75.378889,0, ,0.0,0.0,0.0,0.0,0,0,0,0,0,0,0,0
TF,SARAA,40.439325,-75.887861,0, ,0.0,0.0,0.0,0.0,0,0,0,0,0,0,0,0
TF,LRP,40.119975,-76.291294,0, ,0.0,0.0,0.0,0.0,0,0,0,0,0,0,0,0
TF,JOANE,40.044022,-76.455944,0, ,0.0,0.0,0.0,0.0,0,0,0,0,0,0,0,0
TF,DELRO,39.965475,-76.625344,0, ,0.0,0.0,0.0,0.0,0,0,0,0,0,0,0,0
TF,LIRCH,39.826767,-76.922231,0, ,0.0,0.0,0.0,0.0,0,0,0,0,0,0,0,0

STAR,HYPER9,RBV,4
IF,RBV,40.202403,-74.495025, ,0.0,0.0,0,0,0,0,0,0,0,0
TF,BANKK,40.266931,-74.900008,0, ,0.0,0.0,0.0,0.0,0,0,0,0,0,0,0,0
TF,HIKES,40.382203,-75.615250,0, ,0.0,0.0,0.0,0.0,0,0,0,0,0,0,0,0
TF,LRP,40.119975,-76.291294,0, ,0.0,0.0,0.0,0.0,0,0,0,0,0,0,0,0
TF,JOANE,40.044022,-76.455944,0, ,0.0,0.0,0.0,0.0,0,0,0,0,0,0,0,0
TF,DELRO,39.965475,-76.625344,0, ,0.0,0.0,0.0,0.0,0,0,0,0,0,0,0,0
TF,LIRCH,39.826767,-76.922231,0, ,0.0,0.0,0.0,0.0,0,0,0,0,0,0,0,0

STAR,HYPER9,ALL,5
IF,LIRCH,39.826767,-76.922231, ,0.0,0.0,0,0,0,0,0,0,0,0
TF,BINNS,39.785061,-77.010994,0, ,0.0,0.0,0.0,0.0,0,0,0,0,0,0,0,0
TF,HYPER,39.683933,-77.225094,0, ,0.0,0.0,0.0,0.0,1,10000,0,1,250,0,0,0
TF,PHATT,39.574864,-77.356083,0, ,0.0,0.0,0.0,0.0,1,9000,0,0,0,0,0,1
FM,PHATT,39.574864,-77.356083,0,ADW,0.0,0.0,230.0,0,0,0,0,0,0,0,0

STAR,TIKEE4,BBONE,4
IF,BBONE,38.625033,-78.823836, ,0.0,0.0,0,0,0,0,0,0,0,0
TF,LURAY,38.598594,-78.566731,0, ,0.0,0.0,0.0,0.0,0,0,0,0,0,0,0,0
TF,LLBEE,38.585347,-78.426511,0, ,0.0,0.0,0.0,0.0,1,9000,0,0,0,0,0,0
TF,TIKEE,38.618436,-78.248797,0, ,0.0,0.0,0.0,0.0,0,0,0,0,0,0,0,0

STAR,TIKEE4,ESL,4
IF,ESL,39.225492,-78.989500, ,0.0,0.0,1,19000,0,0,0,0,0,0
TF,BBONE,38.625033,-78.823836,0, ,0.0,0.0,0.0,0.0,0,0,0,0,0,0,0,0
TF,LURAY,38.598594,-78.566731,0, ,0.0,0.0,0.0,0.0,0,0,0,0,0,0,0,0
TF,LLBEE,38.585347,-78.426511,0, ,0.0,0.0,0.0,0.0,1,9000,0,0,0,0,0,0
TF,TIKEE,38.618436,-78.248797,0, ,0.0,0.0,0.0,0.0,0,0,0,0,0,0,0,0

STAR,TIKEE4,SEALZ,4
IF,SEALZ,38.423211,-79.290600, ,0.0,0.0,0,0,0,0,0,0,0,0
TF,LLBEE,38.585347,-78.426511,0, ,0.0,0.0,0.0,0.0,1,9000,0,0,0,0,0,0
TF,TIKEE,38.618436,-78.248797,0, ,0.0,0.0,0.0,0.0,0,0,0,0,0,0,0,0

STAR,TIKEE4,ALL,5
IF,TIKEE,38.618436,-78.248797, ,0.0,0.0,0,0,0,0,0,0,0,0
TF,JETIS,38.626792,-78.186403,0, ,0.0,0.0,0.0,0.0,0,0,0,0,0,0,0,1
VM,38.266894,-77.449242,0,90.0,0,0,0,0,0,0,0,0

APPTR,N24,24,BRV
IF,BRV,38.336258,-77.352867, ,0.0,0.0,0,0,0,0,0,0,0,0
TF,EZF,38.266347,-77.450508,0, ,0.0,0.0,0.0,0.0,2,1900,0,0,0,0,0,0
PI,EZF,38.266347,-77.450508,1,ADW,102.0,10.0,057,5.0,2,1900,0,0,0,0,1,0
CF,FF24,38.332717,-77.360103,0,ADW,229.4,36.7,237.0,4.2,2,1900,0,0,0,0,0,0

FINAL,N24,24,N,2
IF,FF24,38.332717,-77.360103,EZF,0.0,0.0,2,1900,0,0,0,0,2,0
CF,RW24,38.269003,-77.445439,0,EZF,0.0,0.0,237.0,5.6,1,132,0,0,0,0,3,0
CF,EZF,38.266347,-77.450508,0,ADW,230.5,42.5,237.0,0.3,0,0,0,0,0,0,0,1
HM,EZF,38.266347,-77.450508,1, ,0.0,0.0,237.0,04.3,2,1900,0,0,0,0,0,0,0

APPTR,R24,24,BRV
IF,BRV,38.336258,-77.352867, ,0.0,0.0,0,0,0,0,0,0,0,0
TF,DURWO,38.385847,-77.294794,0, ,0.0,0.0,0.0,0.0,2,2000,0,0,0,0,0,1
HF,DURWO,38.385847,-77.294794,1, ,0.0,0.0,236.0,04,2,2000,0,0,0,0,1,0,0

APPTR,R24,24,GVE
IF,GVE,38.013600,-78.153028, ,0.0,0.0,0,0,0,0,0,0,0,0
TF,DURWO,38.385847,-77.294794,0, ,0.0,0.0,0.0,0.0,2,2900,0,0,0,0,0,1
HF,DURWO,38.385847,-77.294794,1, ,0.0,0.0,236.0,04,2,2000,0,0,0,0,1,0,0

FINAL,R24,24,R,3
IF,DURWO,38.385847,-77.294794, ,0.0,0.0,2,2000,0,0,0,0,0,0
TF,ZADMN,38.326850,-77.371014,0, ,0.0,0.0,236.0,5.0,2,1700,0,0,0,0,2,0
TF,RW24,38.269003,-77.445439,0, ,0.0,0.0,235.0,4.9,1,132,0,0,0,0,3,1
CA,0,235.0,2,485,0,0,0,0,0,0
DF,CAMIR,38.229269,-77.496669,0, ,0.0,0.0,2,2000,0,0,0,0,0,1
HM,CAMIR,38.229269,-77.496669,2, ,0.0,0.0,235.0,04,0,0,0,0,0,0,0,0,0

