APPTR,R18,18,FITUB
IF,FITUB,32.359417,-95.927503, ,0.0,0.0,0,0,0,0,0,0,1,0
TF,HEKEV,32.359733,-95.829122,0, ,0.0,0.0,0.0,0.0,2,3000,0,0,0,0,1,0

APPTR,R18,18,FZT
IF,FZT,32.074606,-95.530792, ,0.0,0.0,0,0,0,0,0,0,0,0
TF,CISID,32.359972,-95.730739,0, ,0.0,0.0,0.0,0.0,2,3000,0,0,0,0,1,0
TF,HEKEV,32.359733,-95.829122,0, ,0.0,0.0,0.0,0.0,2,3000,0,0,0,0,1,0

APPTR,R18,18,HEKEV
HF,HEKEV,32.359733,-95.829122,2, ,0.0,0.0,178.0,04,2,3000,0,0,0,0,1,0,0

FINAL,R18,18,R,4
IF,HEKEV,32.359733,-95.829122, ,0.0,0.0,2,3000,0,0,0,0,0,0
TF,WAMAM,32.259792,-95.828733,0, ,0.0,0.0,178.0,6.0,2,2200,0,0,0,0,2,0
TF,IDYAZ,32.212531,-95.828550,0, ,0.0,0.0,178.0,2.8,2,1320,0,0,0,0,0,0
TF,RW18,32.169342,-95.828378,0, ,0.0,0.0,178.0,2.6,1,475,0,0,0,0,3,1
CA,0,178.0,2,844,0,0,0,0,0,0
DF,UBUTE,31.967981,-95.827594,0, ,0.0,0.0,2,3000,0,0,0,0,0,1
HM,UBUTE,31.967981,-95.827594,2, ,0.0,0.0,358.0,04,0,0,0,0,0,0,0,0,0

APPTR,R36,36,FZT
IF,FZT,32.074606,-95.530792, ,0.0,0.0,0,0,0,0,0,0,0,0
TF,CUMAX,31.968219,-95.729633,0, ,0.0,0.0,0.0,0.0,2,3000,0,0,0,0,1,0
TF,UBUTE,31.967981,-95.827594,0, ,0.0,0.0,0.0,0.0,2,3000,0,0,0,0,1,0

APPTR,R36,36,NARCS
IF,NARCS,31.809372,-96.128761, ,0.0,0.0,0,0,0,0,0,0,0,0
TF,ZALUS,31.967667,-95.925556,0, ,0.0,0.0,0.0,0.0,2,3000,0,0,0,0,1,0
TF,UBUTE,31.967981,-95.827594,0, ,0.0,0.0,0.0,0.0,2,3000,0,0,0,0,1,0

APPTR,R36,36,UBUTE
HF,UBUTE,31.967981,-95.827594,2, ,0.0,0.0,358.0,04,2,3000,0,0,0,0,1,0,0

FINAL,R36,36,R,3
IF,UBUTE,31.967981,-95.827594, ,0.0,0.0,2,3000,0,0,0,0,0,0
TF,HUGBI,32.090922,-95.828075,0, ,0.0,0.0,358.0,7.4,2,2200,0,0,0,0,2,0
TF,RW36,32.158378,-95.828336,0, ,0.0,0.0,358.0,4.0,1,484,0,0,0,0,3,1
CA,0,358.0,2,844,0,0,0,0,0,0
DF,HEKEV,32.359733,-95.829122,0, ,0.0,0.0,2,3000,0,0,0,0,0,1
HM,HEKEV,32.359733,-95.829122,2, ,0.0,0.0,178.0,04,0,0,0,0,0,0,0,0,0

