APPTR,R31,31,CLIME
IF,CLIME,38.661750,-104.447392, ,0.0,0.0,2,8400,0,0,0,0,1,0
TF,BUTBY,38.548714,-104.603767,0, ,0.0,0.0,0.0,0.0,2,8400,0,0,0,0,1,0

FINAL,R31,31,R,3
IF,BUTBY,38.548714,-104.603767, ,0.0,0.0,2,8400,0,0,0,0,0,0
TF,HYBRO,38.609797,-104.675650,0, ,0.0,0.0,309.0,5.0,2,7500,0,0,0,0,2,0
TF,RW31,38.673769,-104.751125,0, ,0.0,0.0,309.0,5.2,1,5836,0,0,0,0,3,1
CA,0,309.0,2,6400,0,0,0,0,0,0
DF,CLIME,38.661750,-104.447392,0, ,0.0,0.0,2,8400,0,0,0,0,0,1
HM,CLIME,38.661750,-104.447392,2, ,0.0,0.0,219.0,04,3,10400,0,1,230,0,0,0,0

