APPTR,R04,04,WIBSU
HF,WIBSU,34.159747,-81.256411,2, ,0.0,0.0,45.0,04,2,2300,0,0,0,0,1,0,0

FINAL,R04,04,R,3
IF,WIBSU,34.159747,-81.256411, ,0.0,0.0,2,2300,0,0,0,0,0,0
TF,TEPID,34.249103,-81.171792,0, ,0.0,0.0,45.0,6.8,2,2100,0,0,0,0,2,0
TF,RW04,34.310564,-81.113456,0, ,0.0,0.0,45.0,4.7,1,616,0,0,0,0,3,1
CA,0,45.0,2,828,0,0,0,0,0,0
DF,KICKY,34.468147,-80.963406,0, ,0.0,0.0,2,2300,0,0,0,0,0,1
HM,KICKY,34.468147,-80.963406,2, ,0.0,0.0,225.0,04,0,0,0,0,0,0,0,0,0

APPTR,R22,22,KICKY
HF,KICKY,34.468147,-80.963406,2, ,0.0,0.0,225.0,04,2,2300,0,0,0,0,1,0,0

FINAL,R22,22,R,3
IF,KICKY,34.468147,-80.963406, ,0.0,0.0,2,2300,0,0,0,0,0,0
TF,STUPE,34.379058,-81.048325,0, ,0.0,0.0,225.0,6.8,2,2000,0,0,0,0,2,0
TF,RW22,34.321375,-81.103183,0, ,0.0,0.0,225.0,4.4,1,599,0,0,0,0,3,1
CA,0,225.0,2,824,0,0,0,0,0,0
DF,WIBSU,34.159747,-81.256411,0, ,0.0,0.0,2,2300,0,0,0,0,0,1
HM,WIBSU,34.159747,-81.256411,2, ,0.0,0.0,45.0,04,0,0,0,0,0,0,0,0,0

