APPTR,R01,01,DOSYA
IF,DOSYA,43.249233,-85.880925, ,0.0,0.0,0,0,0,0,0,0,1,0
TF,SACOL,43.248767,-85.994947,0, ,0.0,0.0,0.0,0.0,2,2900,0,0,0,0,1,0

APPTR,R01,01,HEVMI
IF,HEVMI,43.248186,-86.108967, ,0.0,0.0,0,0,0,0,0,0,1,0
TF,SACOL,43.248767,-85.994947,0, ,0.0,0.0,0.0,0.0,2,2900,0,0,0,0,1,0

APPTR,R01,01,SACOL
HF,SACOL,43.248767,-85.994947,2, ,0.0,0.0,4.0,04,2,2900,0,0,0,0,1,0,0

FINAL,R01,01,R,3
IF,SACOL,43.248767,-85.994947, ,0.0,0.0,2,2900,0,0,0,0,0,0
TF,ZORHO,43.350414,-85.995817,0, ,0.0,0.0,4.0,6.1,2,2300,0,0,0,0,2,0
TF,RW01,43.427967,-85.996486,0, ,0.0,0.0,4.0,4.7,1,798,0,0,0,0,3,1
CA,0,4.0,2,1036,0,0,0,0,0,0
DF,OJANA,43.635639,-85.998278,0, ,0.0,0.0,2,2900,0,0,0,0,0,1
HM,OJANA,43.635639,-85.998278,2, ,0.0,0.0,184.0,04,0,0,0,0,0,0,0,0,0

APPTR,R19,19,OJANA
HF,OJANA,43.635639,-85.998278,2, ,0.0,0.0,184.0,04,2,2900,0,0,0,0,1,0,0

APPTR,R19,19,PAMEQ
IF,PAMEQ,43.636106,-85.883528, ,0.0,0.0,0,0,0,0,0,0,1,0
TF,OJANA,43.635639,-85.998278,0, ,0.0,0.0,0.0,0.0,2,2900,0,0,0,0,1,0

APPTR,R19,19,RUBUC
IF,RUBUC,43.635058,-86.112983, ,0.0,0.0,0,0,0,0,0,0,1,0
TF,OJANA,43.635639,-85.998278,0, ,0.0,0.0,0.0,0.0,2,2900,0,0,0,0,1,0

FINAL,R19,19,R,3
IF,OJANA,43.635639,-85.998278, ,0.0,0.0,2,2900,0,0,0,0,0,0
TF,NOBNY,43.532939,-85.997389,0, ,0.0,0.0,184.0,6.2,2,2500,0,0,0,0,2,0
TF,RW19,43.445797,-85.996639,0, ,0.0,0.0,184.0,5.2,1,809,0,0,0,0,3,1
CA,0,184.0,2,1074,0,0,0,0,0,0
DF,SACOL,43.248767,-85.994947,0, ,0.0,0.0,2,2900,0,0,0,0,0,1
HM,SACOL,43.248767,-85.994947,2, ,0.0,0.0,4.0,04,0,0,0,0,0,0,0,0,0

