SID,CHIEF9,16,1
VA,0,155.0,2,1700,0,0,0,0,0,0
VM,0,0,0,155.0,0,0,0,0,0,0,0,0
DF,MCI,39.285283,-94.737061,0, ,0.0,0.0,0,0,0,0,0,0,0,0

SID,CHIEF9,34,1
VA,0,335.0,2,1180,0,0,0,0,0,0
VM,0,0,0,335.0,0,0,0,0,0,0,0,0
DF,MCI,39.285283,-94.737061,0, ,0.0,0.0,0,0,0,0,0,0,0,0

SID,CHIEF9,CATTS,3
IF,MCI,39.285283,-94.737061, ,0.0,0.0,0,0,0,0,0,0,0,0
TF,OZAKI,39.295269,-95.359478,0, ,0.0,0.0,0.0,0.0,0,0,0,0,0,0,0,0
TF,CATTS,39.303219,-96.153803,0, ,0.0,0.0,0.0,0.0,0,0,0,0,0,0,0,0

SID,CHIEF9,STJ,3
IF,MCI,39.285283,-94.737061, ,0.0,0.0,0,0,0,0,0,0,0,0
TF,STJ,39.960578,-94.925219,0, ,0.0,0.0,0.0,0.0,0,0,0,0,0,0,0,0

SID,LAKES5,16,1
VA,0,155.0,2,1700,0,0,0,0,0,0
VM,0,0,0,155.0,0,0,0,0,0,0,0,0
DF,MCI,39.285283,-94.737061,0, ,0.0,0.0,0,0,0,0,0,0,0,0

SID,LAKES5,34,1
VM,0,0,0,335.0,0,0,0,0,0,0,0,0
DF,MCI,39.285283,-94.737061,0, ,0.0,0.0,0,0,0,0,0,0,0,0

SID,LAKES5,COU,3
IF,MCI,39.285283,-94.737061, ,0.0,0.0,0,0,0,0,0,0,0,0
TF,ANX,39.095425,-94.128836,0, ,0.0,0.0,0.0,0.0,0,0,0,0,0,0,0,0
TF,FRANC,39.008350,-92.850319,0, ,0.0,0.0,0.0,0.0,0,0,0,0,0,0,0,0
TF,COU,38.810822,-92.218275,0, ,0.0,0.0,0.0,0.0,0,0,0,0,0,0,0,0

SID,LAKES5,FRANC,3
IF,MCI,39.285283,-94.737061, ,0.0,0.0,0,0,0,0,0,0,0,0
TF,ANX,39.095425,-94.128836,0, ,0.0,0.0,0.0,0.0,0,0,0,0,0,0,0,0
TF,FRANC,39.008350,-92.850319,0, ,0.0,0.0,0.0,0.0,0,0,0,0,0,0,0,0

SID,LAKES5,SPI,3
IF,MCI,39.285283,-94.737061, ,0.0,0.0,0,0,0,0,0,0,0,0
TF,BLUZY,39.385983,-93.952911,0, ,0.0,0.0,0.0,0.0,0,0,0,0,0,0,0,0
TF,TWAIN,39.672375,-91.443092,0, ,0.0,0.0,0.0,0.0,0,0,0,0,0,0,0,0
TF,SPI,39.839733,-89.677736,0, ,0.0,0.0,0.0,0.0,0,0,0,0,0,0,0,0

SID,LAKES5,TWAIN,3
IF,MCI,39.285283,-94.737061, ,0.0,0.0,0,0,0,0,0,0,0,0
TF,BLUZY,39.385983,-93.952911,0, ,0.0,0.0,0.0,0.0,0,0,0,0,0,0,0,0
TF,TWAIN,39.672375,-91.443092,0, ,0.0,0.0,0.0,0.0,0,0,0,0,0,0,0,0

SID,RACER8,16,1
VA,0,155.0,2,1700,0,0,0,0,0,0
VM,0,0,0,155.0,0,0,0,0,0,0,0,0

SID,RACER8,34,1
VA,0,335.0,2,1180,0,0,0,0,0,0
VM,0,0,0,335.0,0,0,0,0,0,0,0,0

SID,RACER8,BUM,3
IF,MCI,39.285283,-94.737061, ,0.0,0.0,0,0,0,0,0,0,0,0
TF,GRILD,38.695581,-94.591358,0, ,0.0,0.0,0.0,0.0,0,0,0,0,0,0,0,0
TF,BUM,38.272081,-94.488261,0, ,0.0,0.0,0.0,0.0,0,0,0,0,0,0,0,0

SID,RACER8,DOSOA,3
IF,MCI,39.285283,-94.737061, ,0.0,0.0,0,0,0,0,0,0,0,0
TF,SPRNT,38.738394,-94.929869,0, ,0.0,0.0,0.0,0.0,0,0,0,0,0,0,0,0
TF,DOSOA,38.170719,-95.126814,0, ,0.0,0.0,0.0,0.0,0,0,0,0,0,0,0,0

SID,RACER8,SGF,3
IF,MCI,39.285283,-94.737061, ,0.0,0.0,0,0,0,0,0,0,0,0
TF,GRILD,38.695581,-94.591358,0, ,0.0,0.0,0.0,0.0,0,0,0,0,0,0,0,0
TF,BUM,38.272081,-94.488261,0, ,0.0,0.0,0.0,0.0,0,0,0,0,0,0,0,0
TF,SGF,37.355947,-93.334044,0, ,0.0,0.0,0.0,0.0,0,0,0,0,0,0,0,0

SID,ROYAL2,16,1
VA,0,155.0,2,1700,0,0,0,0,0,0
VM,0,0,0,155.0,0,0,0,0,0,0,0,0
DF,MCI,39.285283,-94.737061,0, ,0.0,0.0,0,0,0,0,0,0,0,0

SID,ROYAL2,34,1
VA,0,335.0,2,1180,0,0,0,0,0,0
VM,0,0,0,335.0,0,0,0,0,0,0,0,0
DF,MCI,39.285283,-94.737061,2, ,0.0,0.0,0,0,0,0,0,0,0,0

SID,ROYAL2,ARENZ,3
IF,MCI,39.285283,-94.737061, ,0.0,0.0,0,0,0,0,0,0,0,0
TF,CAYKO,39.763708,-94.136506,0, ,0.0,0.0,0.0,0.0,0,0,0,0,0,0,0,0
TF,JTHRO,40.001731,-93.833111,0, ,0.0,0.0,0.0,0.0,0,0,0,0,0,0,0,0
TF,ARENZ,40.143739,-93.650561,0, ,0.0,0.0,0.0,0.0,0,0,0,0,0,0,0,0

SID,ROYAL2,BODYN,3
IF,MCI,39.285283,-94.737061, ,0.0,0.0,0,0,0,0,0,0,0,0
TF,CAYKO,39.763708,-94.136506,0, ,0.0,0.0,0.0,0.0,0,0,0,0,0,0,0,0
TF,JTHRO,40.001731,-93.833111,0, ,0.0,0.0,0.0,0.0,0,0,0,0,0,0,0,0
TF,ARENZ,40.143739,-93.650561,0, ,0.0,0.0,0.0,0.0,0,0,0,0,0,0,0,0
TF,BODYN,40.341964,-92.135011,0, ,0.0,0.0,0.0,0.0,0,0,0,0,0,0,0,0

SID,ROYAL2,TONCE,3
IF,MCI,39.285283,-94.737061, ,0.0,0.0,0,0,0,0,0,0,0,0
TF,JDOGG,39.949944,-94.661508,0, ,0.0,0.0,0.0,0.0,0,0,0,0,0,0,0,0
TF,TONCE,40.282225,-94.623183,0, ,0.0,0.0,0.0,0.0,0,0,0,0,0,0,0,0

SID,TIFTO8,16,1
VA,0,155.0,2,1700,0,0,0,0,0,0
VM,0,0,0,155.0,0,0,0,0,0,0,0,0
DF,MCI,39.285283,-94.737061,0, ,0.0,0.0,0,0,0,0,0,0,0,0

SID,TIFTO8,34,1
VA,0,335.0,2,1180,0,0,0,0,0,0
VM,0,0,0,335.0,0,0,0,0,0,0,0,0
DF,MCI,39.285283,-94.737061,0, ,0.0,0.0,0,0,0,0,0,0,0,0

SID,TIFTO8,TIFTO,3
IF,MCI,39.285283,-94.737061, ,0.0,0.0,0,0,0,0,0,0,0,0
TF,DIGGY,39.454867,-95.343664,0, ,0.0,0.0,0.0,0.0,0,0,0,0,0,0,0,0
TF,TIFTO,39.604767,-95.892106,0, ,0.0,0.0,0.0,0.0,0,0,0,0,0,0,0,0

SID,WLDCT6,16,1
VA,0,155.0,2,1700,0,0,0,0,0,0
VM,0,0,0,155.0,0,0,0,0,0,0,0,0
DF,MCI,39.285283,-94.737061,0, ,0.0,0.0,0,0,0,0,0,0,0,0

SID,WLDCT6,34,1
VA,0,335.0,2,1180,0,0,0,0,0,0
VM,0,0,0,335.0,0,0,0,0,0,0,0,0
DF,MCI,39.285283,-94.737061,0, ,0.0,0.0,0,0,0,0,0,0,0,0

SID,WLDCT6,ICT,3
IF,MCI,39.285283,-94.737061, ,0.0,0.0,0,0,0,0,0,0,0,0
TF,TYTUS,39.213892,-95.374125,0, ,0.0,0.0,0.0,0.0,0,0,0,0,0,0,0,0
TF,KENTN,39.146664,-95.946350,0, ,0.0,0.0,0.0,0.0,0,0,0,0,0,0,0,0
TF,ICT,37.745258,-97.583828,0, ,0.0,0.0,0.0,0.0,0,0,0,0,0,0,0,0

SID,WLDCT6,KENTN,3
IF,MCI,39.285283,-94.737061, ,0.0,0.0,0,0,0,0,0,0,0,0
TF,TYTUS,39.213892,-95.374125,0, ,0.0,0.0,0.0,0.0,0,0,0,0,0,0,0,0
TF,KENTN,39.146664,-95.946350,0, ,0.0,0.0,0.0,0.0,0,0,0,0,0,0,0,0

SID,WLDCT6,SLN,3
IF,MCI,39.285283,-94.737061, ,0.0,0.0,0,0,0,0,0,0,0,0
TF,TYTUS,39.213892,-95.374125,0, ,0.0,0.0,0.0,0.0,0,0,0,0,0,0,0,0
TF,KENTN,39.146664,-95.946350,0, ,0.0,0.0,0.0,0.0,0,0,0,0,0,0,0,0
TF,SLN,38.925139,-97.621333,0, ,0.0,0.0,0.0,0.0,0,0,0,0,0,0,0,0

STAR,BQS8,IRK,1
IF,IRK,40.135017,-92.591714, ,0.0,0.0,0,0,0,0,0,0,0,0
TF,FONIX,39.835039,-93.366428,0, ,0.0,0.0,0.0,0.0,0,0,0,0,0,0,0,0
TF,BQS,39.630556,-93.875278,0, ,0.0,0.0,0.0,0.0,4,14000,12000,0,0,0,0,0

STAR,BQS8,LMN,1
IF,LMN,40.596764,-93.967592, ,0.0,0.0,0,0,0,0,0,0,0,0
TF,BQS,39.630556,-93.875278,0, ,0.0,0.0,0.0,0.0,4,14000,12000,0,0,0,0,0

STAR,BQS8,SPI,1
IF,SPI,39.839733,-89.677736, ,0.0,0.0,0,0,0,0,0,0,0,0
TF,HUGIN,39.728733,-92.268217,0, ,0.0,0.0,0.0,0.0,0,0,0,0,0,0,0,0
TF,BQS,39.630556,-93.875278,0, ,0.0,0.0,0.0,0.0,4,14000,12000,0,0,0,0,0

STAR,BQS8,ALL,2
IF,BQS,39.630556,-93.875278, ,0.0,0.0,4,14000,12000,0,0,0,0,0
TF,DONNS,39.539567,-94.055958,0, ,0.0,0.0,0.0,0.0,2,12000,0,0,0,0,0,0
VM,39.368333,-94.914714,0,241.0,0,0,0,0,0,0,0,0

STAR,JHAWK8,EMP,1
IF,EMP,38.291144,-96.138111, ,0.0,0.0,0,0,0,0,0,0,0,0
TF,JHAWK,38.805514,-95.420939,0, ,0.0,0.0,0.0,0.0,0,0,0,0,0,0,0,0

STAR,JHAWK8,ALL,2
IF,JHAWK,38.805514,-95.420939, ,0.0,0.0,0,0,0,0,0,0,0,0
TF,HOOZE,38.895078,-95.294403,0, ,0.0,0.0,0.0,0.0,0,0,0,0,0,0,0,0
TF,RUGBB,39.006867,-95.135819,0, ,0.0,0.0,0.0,0.0,0,0,0,0,0,0,0,0
TF,NOAHS,39.174072,-94.896931,0, ,0.0,0.0,0.0,0.0,0,0,0,1,210,0,0,0
VM,39.368333,-94.914714,0,10.0,0,0,0,0,0,0,0,0

STAR,TYGER7,SGF,1
IF,SGF,37.355947,-93.334044, ,0.0,0.0,0,0,0,0,0,0,0,0
TF,KRAZO,38.118308,-93.760850,0, ,0.0,0.0,0.0,0.0,0,0,0,0,0,0,0,0
TF,TYGER,38.683369,-94.083633,0, ,0.0,0.0,0.0,0.0,0,0,0,0,0,0,0,0

STAR,TYGER7,ALL,2
IF,TYGER,38.683369,-94.083633, ,0.0,0.0,0,0,0,0,0,0,0,0
TF,TRIKE,38.840156,-94.252389,0, ,0.0,0.0,0.0,0.0,0,0,0,0,0,0,0,0
TF,MORAY,38.954814,-94.376439,0, ,0.0,0.0,0.0,0.0,0,0,0,0,0,0,0,0
TF,SLABB,39.171019,-94.611847,0, ,0.0,0.0,0.0,0.0,0,0,0,1,210,0,0,1
VM,39.368333,-94.914714,0,10.0,0,0,0,0,0,0,0,0

APPTR,R16,16,ASEVE
IF,ASEVE,39.501050,-95.094211, ,0.0,0.0,0,0,0,0,0,0,1,0
TF,KORSE,39.530519,-94.993475,0, ,0.0,0.0,0.0,0.0,2,3000,0,0,0,0,1,0

APPTR,R16,16,CAWNU
IF,CAWNU,39.559903,-94.892653, ,0.0,0.0,0,0,0,0,0,0,1,0
TF,KORSE,39.530519,-94.993475,0, ,0.0,0.0,0.0,0.0,2,3000,0,0,0,0,1,0

APPTR,R16,16,KORSE
HF,KORSE,39.530519,-94.993475,2, ,0.0,0.0,155.0,04,2,3000,0,0,0,0,1,0,0

FINAL,R16,16,R,4
IF,KORSE,39.530519,-94.993475, ,0.0,0.0,2,3000,0,0,0,0,0,0
TF,GLEET,39.450733,-94.954675,0, ,0.0,0.0,155.0,5.1,2,2400,0,0,0,0,2,0
TF,PUNTS,39.421228,-94.940350,0, ,0.0,0.0,155.0,1.9,2,1780,0,0,0,0,0,0
TF,RW16,39.374408,-94.917650,0, ,0.0,0.0,155.0,3.0,1,821,0,0,0,0,3,1
CA,0,155.0,2,1171,0,0,0,0,0,0
DF,PAKLY,39.204581,-94.835556,0, ,0.0,0.0,2,3100,0,0,0,0,0,1
HM,PAKLY,39.204581,-94.835556,2, ,0.0,0.0,335.0,04,0,0,0,0,0,0,0,0,0

APPTR,R34,34,ACTIP
IF,ACTIP,39.233831,-94.735136, ,0.0,0.0,0,0,0,0,0,0,1,0
TF,PAKLY,39.204581,-94.835556,0, ,0.0,0.0,0.0,0.0,2,3100,0,0,0,0,1,0

APPTR,R34,34,BORFY
IF,BORFY,39.175244,-94.935892, ,0.0,0.0,0,0,0,0,0,0,1,0
TF,PAKLY,39.204581,-94.835556,0, ,0.0,0.0,0.0,0.0,2,3100,0,0,0,0,1,0

APPTR,R34,34,PAKLY
HF,PAKLY,39.204581,-94.835556,2, ,0.0,0.0,335.0,04,2,3100,0,0,0,0,1,0,0

FINAL,R34,34,R,3
IF,PAKLY,39.204581,-94.835556, ,0.0,0.0,2,3100,0,0,0,0,0,0
TF,KURNE,39.284172,-94.873975,0, ,0.0,0.0,335.0,5.1,2,2400,0,0,0,0,2,0
TF,RW34,39.360742,-94.911031,0, ,0.0,0.0,335.0,4.9,1,816,0,0,0,0,3,1
CA,0,335.0,2,1171,0,0,0,0,0,0
DF,KORSE,39.530519,-94.993475,0, ,0.0,0.0,2,3000,0,0,0,0,0,1
HM,KORSE,39.530519,-94.993475,2, ,0.0,0.0,155.0,04,0,0,0,0,0,0,0,0,0

FINAL,V16-A,16,D,3
IF,MCI,39.285283,-94.737061,MCI,0.0,0.0,2,4000,0,0,0,0,1,0
CF,ZANDO,39.328331,-94.829019,0,MCI,296.1,5.0,296.0,5.0,2,2400,0,0,0,0,2,0
CF,NONYI,39.365033,-94.907642,0,MCI,296.1,9.3,296.0,4.3,1,1640,0,0,0,0,3,0
CA,0,296.0,2,1640,0,0,0,0,0,0
VI,0, ,0.0,340.0,0,0,0,0,0,0,0,0
CF,BOWLR,39.622581,-95.183406,0,MCI,309.4,29.0,309.0,15.0,2,3000,0,0,0,0,0,0
HM,BOWLR,39.622581,-95.183406,2, ,0.0,0.0,309.0,04.3,0,0,0,0,0,0,0,0,0

FINAL,V34-A,34,D,3
IF,MCI,39.285283,-94.737061,MCI,0.0,0.0,2,4000,0,0,0,0,1,0
CF,ZANDO,39.328331,-94.829019,0,MCI,296.1,5.0,296.0,5.0,2,2400,0,0,0,0,2,0
CF,NONYI,39.365033,-94.907642,0,MCI,296.1,9.3,296.0,4.3,1,1640,0,0,0,0,3,0
CA,0,296.0,2,1640,0,0,0,0,0,0
VI,0, ,0.0,340.0,0,0,0,0,0,0,0,0
CF,BOWLR,39.622581,-95.183406,0,MCI,309.4,29.0,309.0,15.0,2,3000,0,0,0,0,0,0
HM,BOWLR,39.622581,-95.183406,2, ,0.0,0.0,309.0,04.3,0,0,0,0,0,0,0,0,0

