APPTR,R01,01,NYATE
HF,NYATE,34.996475,-89.429625,2, ,0.0,0.0,8.0,04,2,3000,0,0,0,0,1,0,0

FINAL,R01,01,R,3
IF,NYATE,34.996475,-89.429625, ,0.0,0.0,2,3000,0,0,0,0,0,0
TF,CIPOG,35.124008,-89.408414,0, ,0.0,0.0,8.0,7.7,2,2100,0,0,0,0,2,0
TF,RW01,35.200900,-89.395594,0, ,0.0,0.0,8.0,4.7,1,496,0,0,0,0,3,1
CA,0,8.0,2,747,0,0,0,0,0,0
DF,RSTEE,35.420903,-89.358783,0, ,0.0,0.0,2,3000,0,0,0,0,0,1
HM,RSTEE,35.420903,-89.358783,2, ,0.0,0.0,188.0,04,0,0,0,0,0,0,0,0,0

APPTR,R19,19,RSTEE
HF,RSTEE,35.420903,-89.358783,2, ,0.0,0.0,188.0,04,2,3000,0,0,0,0,1,0,0

FINAL,R19,19,R,3
IF,RSTEE,35.420903,-89.358783, ,0.0,0.0,2,3000,0,0,0,0,0,0
TF,BLLIS,35.288617,-89.380942,0, ,0.0,0.0,188.0,8.0,2,2000,0,0,0,0,2,0
TF,RW19,35.214508,-89.393322,0, ,0.0,0.0,188.0,4.5,1,478,0,0,0,0,3,1
CA,0,188.0,2,683,0,0,0,0,0,0
DF,NYATE,34.996475,-89.429625,0, ,0.0,0.0,2,3000,0,0,0,0,0,1
HM,NYATE,34.996475,-89.429625,2, ,0.0,0.0,8.0,04,0,0,0,0,0,0,0,0,0

