APPTR,R18,18,OREPE
IF,OREPE,38.974975,-89.671353, ,0.0,0.0,0,0,0,0,0,0,0,0
TF,LWEIS,39.088692,-89.528781,0, ,0.0,0.0,0.0,0.0,2,3000,0,0,0,0,1,0
TF,XUHAS,39.026133,-89.377578,0, ,0.0,0.0,0.0,0.0,2,3000,0,0,0,0,1,0

APPTR,R18,18,XUHAS
HF,XUHAS,39.026133,-89.377578,2, ,0.0,0.0,182.0,04,2,3000,0,0,0,0,1,0,0

FINAL,R18,18,R,4
IF,XUHAS,39.026133,-89.377578, ,0.0,0.0,2,3000,0,0,0,0,0,0
TF,WIZGY,38.926042,-89.376972,0, ,0.0,0.0,182.0,6.0,2,2200,0,0,0,0,2,0
TF,NUBTE,38.877883,-89.376681,0, ,0.0,0.0,182.0,2.9,2,1280,0,0,0,0,0,0
TF,RW18,38.841181,-89.376461,0, ,0.0,0.0,182.0,2.2,1,580,0,0,0,0,3,1
CA,0,182.0,2,848,0,0,0,0,0,0
DF,HODAN,38.661478,-89.375381,0, ,0.0,0.0,2,2300,0,0,0,0,0,1
HM,HODAN,38.661478,-89.375381,2, ,0.0,0.0,2.0,04,0,0,0,0,0,0,0,0,0

APPTR,R36,36,BREEZ
IF,BREEZ,38.595411,-89.574200, ,0.0,0.0,0,0,0,0,0,0,1,0
TF,HODAN,38.661478,-89.375381,0, ,0.0,0.0,0.0,0.0,2,2300,0,0,0,0,1,0

APPTR,R36,36,ENL
IF,ENL,38.420000,-89.158997, ,0.0,0.0,0,0,0,0,0,0,1,0
TF,HODAN,38.661478,-89.375381,0, ,0.0,0.0,0.0,0.0,2,2300,0,0,0,0,1,0

APPTR,R36,36,HODAN
HF,HODAN,38.661478,-89.375381,2, ,0.0,0.0,2.0,04,2,2300,0,0,0,0,1,0,0

FINAL,R36,36,R,4
IF,HODAN,38.661478,-89.375381, ,0.0,0.0,2,2300,0,0,0,0,0,0
TF,TOWNY,38.744894,-89.375881,0, ,0.0,0.0,2.0,5.0,2,2200,0,0,0,0,2,0
TF,SPEAN,38.793492,-89.376172,0, ,0.0,0.0,2.0,2.9,2,1260,0,0,0,0,0,0
TF,RW36,38.830194,-89.376394,0, ,0.0,0.0,2.0,2.2,1,572,0,0,0,0,3,1
CA,0,2.0,2,847,0,0,0,0,0,0
DF,XUHAS,39.026133,-89.377578,0, ,0.0,0.0,2,3000,0,0,0,0,0,1
HM,XUHAS,39.026133,-89.377578,2, ,0.0,0.0,182.0,04,0,0,0,0,0,0,0,0,0

