APPTR,R17,17,HOOKK
IF,HOOKK,30.360000,-97.203022, ,0.0,0.0,0,0,0,0,0,0,1,0
TF,PPENS,30.355758,-97.001594,0, ,0.0,0.0,0.0,0.0,2,2300,0,0,0,0,1,0

APPTR,R17,17,MNURE
IF,MNURE,29.993022,-96.566067, ,0.0,0.0,0,0,0,0,0,0,0,0
TF,JAYJO,30.337150,-96.815014,0, ,0.0,0.0,0.0,0.0,2,2500,0,0,0,0,0,0
TF,JOMBU,30.365733,-96.886581,0, ,0.0,0.0,0.0,0.0,2,2300,0,0,0,0,1,0
TF,PPENS,30.355758,-97.001594,0, ,0.0,0.0,0.0,0.0,2,2300,0,0,0,0,1,0

APPTR,R17,17,PPENS
HF,PPENS,30.355758,-97.001594,2, ,0.0,0.0,168.0,04,2,2300,0,0,0,0,1,0,0

FINAL,R17,17,R,4
IF,PPENS,30.355758,-97.001594, ,0.0,0.0,2,2300,0,0,0,0,0,0
TF,HARQE,30.240511,-96.988250,0, ,0.0,0.0,168.0,6.9,2,2100,0,0,0,0,2,0
TF,RICIE,30.215469,-96.985356,0, ,0.0,0.0,168.0,1.5,2,1500,0,0,0,0,0,0
TF,RW17,30.174739,-96.980650,0, ,0.0,0.0,168.0,2.5,1,524,0,0,0,0,3,1
CA,0,168.0,2,820,0,0,0,0,0,0
DF,RAMOS,29.980772,-96.958292,0, ,0.0,0.0,2,2500,0,0,0,0,0,1
HM,RAMOS,29.980772,-96.958292,2, ,0.0,0.0,348.0,04,0,0,0,0,0,0,0,0,0

APPTR,R35,35,CRAYS
IF,CRAYS,29.918453,-97.433183, ,0.0,0.0,0,0,0,0,0,0,0,0
TF,POYLU,29.970731,-97.072850,0, ,0.0,0.0,0.0,0.0,2,2600,0,0,0,0,1,0
TF,RAMOS,29.980772,-96.958292,0, ,0.0,0.0,0.0,0.0,2,2500,0,0,0,0,1,0

APPTR,R35,35,JAYJO
IF,JAYJO,30.337150,-96.815014, ,0.0,0.0,0,0,0,0,0,0,0,0
TF,IWOKU,29.990714,-96.843708,0, ,0.0,0.0,0.0,0.0,2,2500,0,0,0,0,1,0
TF,RAMOS,29.980772,-96.958292,0, ,0.0,0.0,0.0,0.0,2,2500,0,0,0,0,1,0

APPTR,R35,35,MNURE
IF,MNURE,29.993022,-96.566067, ,0.0,0.0,0,0,0,0,0,0,0,0
TF,IWOKU,29.990714,-96.843708,0, ,0.0,0.0,0.0,0.0,2,2500,0,0,0,0,1,0
TF,RAMOS,29.980772,-96.958292,0, ,0.0,0.0,0.0,0.0,2,2500,0,0,0,0,1,0

APPTR,R35,35,RAMOS
HF,RAMOS,29.980772,-96.958292,2, ,0.0,0.0,348.0,04,2,2500,0,0,0,0,1,0,0

FINAL,R35,35,R,4
IF,RAMOS,29.980772,-96.958292, ,0.0,0.0,2,2500,0,0,0,0,0,0
TF,IYAHE,30.089319,-96.970792,0, ,0.0,0.0,348.0,6.5,2,2100,0,0,0,0,2,0
TF,RIKHO,30.137208,-96.976317,0, ,0.0,0.0,348.0,2.9,2,1060,0,0,0,0,0,0
TF,RW35,30.163794,-96.979386,0, ,0.0,0.0,348.0,1.6,1,489,0,0,0,0,3,1
CA,0,348.0,2,800,0,0,0,0,0,0
DF,PPENS,30.355758,-97.001594,0, ,0.0,0.0,2,2500,0,0,0,0,0,1
HM,PPENS,30.355758,-97.001594,2, ,0.0,0.0,168.0,04,0,0,0,0,0,0,0,0,0

