APPTR,R18-Y,18,ACTED
HF,ACTED,32.557222,-99.021394,2, ,0.0,0.0,177.0,04,2,3500,0,0,0,0,1,0,0

APPTR,R18-Y,18,MAZES
IF,MAZES,32.558197,-99.141678, ,0.0,0.0,0,0,0,0,0,0,1,0
TF,ACTED,32.557222,-99.021394,0, ,0.0,0.0,0.0,0.0,2,3500,0,1,200,0,1,0

APPTR,R18-Y,18,ODORE
IF,ODORE,32.556133,-98.901114, ,0.0,0.0,0,0,0,0,0,0,1,0
TF,ACTED,32.557222,-99.021394,0, ,0.0,0.0,0.0,0.0,2,3500,0,1,200,0,1,0

FINAL,R18-Y,18,R,4
IF,ACTED,32.557222,-99.021394, ,0.0,0.0,2,3500,0,1,200,0,0,0
TF,CASIG,32.454683,-99.022622,0, ,0.0,0.0,177.0,6.1,2,3300,0,0,0,0,2,0
TF,FABSI,32.414831,-99.023097,0, ,0.0,0.0,177.0,2.4,2,2540,0,0,0,0,0,0
TF,RW18,32.373525,-99.023589,0, ,0.0,0.0,177.0,2.5,1,1752,0,0,0,0,3,1
CA,0,177.0,2,1961,0,0,0,0,0,0
DF,GROFF,32.173156,-99.025975,0, ,0.0,0.0,2,3700,0,0,0,0,0,1
HM,GROFF,32.173156,-99.025975,2, ,0.0,0.0,357.0,04,0,0,0,0,0,0,0,0,0

APPTR,R18-Z,18,ACTED
HF,ACTED,32.557222,-99.021394,2, ,0.0,0.0,177.0,04,2,3500,0,0,0,0,1,0,0

APPTR,R18-Z,18,MAZES
IF,MAZES,32.558197,-99.141678, ,0.0,0.0,0,0,0,0,0,0,1,0
TF,ACTED,32.557222,-99.021394,0, ,0.0,0.0,0.0,0.0,2,3500,0,1,200,0,1,0

APPTR,R18-Z,18,ODORE
IF,ODORE,32.556133,-98.901114, ,0.0,0.0,0,0,0,0,0,0,1,0
TF,ACTED,32.557222,-99.021394,0, ,0.0,0.0,0.0,0.0,2,3500,0,1,200,0,1,0

FINAL,R18-Z,18,R,3
IF,ACTED,32.557222,-99.021394, ,0.0,0.0,2,3500,0,1,200,0,0,0
TF,CASIG,32.454683,-99.022622,0, ,0.0,0.0,177.0,6.1,2,3300,0,0,0,0,2,0
TF,RW18,32.373525,-99.023589,0, ,0.0,0.0,177.0,4.9,1,1752,0,0,0,0,3,1
CA,0,177.0,2,1990,0,0,0,0,0,0
DF,GROFF,32.173156,-99.025975,0, ,0.0,0.0,2,3700,0,0,0,0,0,1
HM,GROFF,32.173156,-99.025975,2, ,0.0,0.0,357.0,04,0,0,0,0,0,0,0,0,0

APPTR,R36,36,GROFF
HF,GROFF,32.173156,-99.025975,2, ,0.0,0.0,357.0,04,2,3700,0,0,0,0,1,0,0

APPTR,R36,36,JOPSA
IF,JOPSA,32.172067,-98.906200, ,0.0,0.0,0,0,0,0,0,0,1,0
TF,GROFF,32.173156,-99.025975,0, ,0.0,0.0,0.0,0.0,2,3700,0,1,200,0,1,0

APPTR,R36,36,PEALS
IF,PEALS,32.174131,-99.145753, ,0.0,0.0,0,0,0,0,0,0,1,0
TF,GROFF,32.173156,-99.025975,0, ,0.0,0.0,0.0,0.0,2,3700,0,1,200,0,1,0

FINAL,R36,36,R,3
IF,GROFF,32.173156,-99.025975, ,0.0,0.0,2,3700,0,1,200,0,0,0
TF,HOOFS,32.282633,-99.024669,0, ,0.0,0.0,357.0,6.6,2,3300,0,0,0,0,2,0
TF,RW36,32.356861,-99.023789,0, ,0.0,0.0,357.0,4.4,1,1771,0,0,0,0,3,1
CA,0,357.0,2,1961,0,0,0,0,0,0
DF,ACTED,32.557222,-99.021394,0, ,0.0,0.0,2,3500,0,0,0,0,0,1
HM,ACTED,32.557222,-99.021394,2, ,0.0,0.0,177.0,04,0,0,0,0,0,0,0,0,0

