APPTR,R18,18,CESRO
IF,CESRO,34.315744,-88.091011, ,0.0,0.0,2,2400,0,0,0,0,1,0
TF,DUVBY,34.313047,-87.990458,0, ,0.0,0.0,0.0,0.0,2,2400,0,0,0,0,1,0

APPTR,R18,18,DUVBY
HF,DUVBY,34.313047,-87.990458,2, ,0.0,0.0,181.0,04,2,2400,0,0,0,0,1,0,0

APPTR,R18,18,EBAHU
IF,EBAHU,34.310267,-87.889911, ,0.0,0.0,2,2500,0,0,0,0,1,0
TF,DUVBY,34.313047,-87.990458,0, ,0.0,0.0,0.0,0.0,2,2400,0,0,0,0,1,0

FINAL,R18,18,R,3
IF,DUVBY,34.313047,-87.990458, ,0.0,0.0,2,2400,0,0,0,0,0,0
TF,FEGMI,34.203672,-87.994789,0, ,0.0,0.0,181.0,6.6,2,2000,0,0,0,0,2,0
TF,RW18,34.124486,-87.997917,0, ,0.0,0.0,181.0,4.8,1,469,0,0,0,0,3,1
DF,DEPST,33.920831,-88.005936,0, ,0.0,0.0,2,2400,0,0,0,0,0,1
HM,DEPST,33.920831,-88.005936,2, ,0.0,0.0,1.0,04,0,0,0,0,0,0,0,0,0

APPTR,R36,36,CADBO
IF,CADBO,33.923528,-88.106025, ,0.0,0.0,2,2400,0,0,0,0,1,0
TF,DEPST,33.920831,-88.005936,0, ,0.0,0.0,0.0,0.0,2,2400,0,0,0,0,1,0

APPTR,R36,36,DEPST
HF,DEPST,33.920831,-88.005936,2, ,0.0,0.0,1.0,04,2,2400,0,0,0,0,1,0,0

APPTR,R36,36,JAGPA
IF,JAGPA,33.918050,-87.905853, ,0.0,0.0,2,2600,0,0,0,0,1,0
TF,DEPST,33.920831,-88.005936,0, ,0.0,0.0,0.0,0.0,2,2400,0,0,0,0,1,0

FINAL,R36,36,R,3
IF,DEPST,33.920831,-88.005936, ,0.0,0.0,2,2400,0,0,0,0,0,0
TF,HALEC,34.028736,-88.001692,0, ,0.0,0.0,1.0,6.5,2,2000,0,0,0,0,2,0
TF,RW36,34.109397,-87.998511,0, ,0.0,0.0,1.0,4.8,1,440,0,0,0,0,3,1
DF,DUVBY,34.313047,-87.990458,0, ,0.0,0.0,2,2400,0,0,0,0,0,1
HM,DUVBY,34.313047,-87.990458,2, ,0.0,0.0,181.0,04,0,0,0,0,0,0,0,0,0

