APPTR,R03,03,EETEE
IF,EETEE,35.406489,-79.676556, ,0.0,0.0,0,0,0,0,0,0,0,0
TF,OVUVE,35.419500,-79.832725,0, ,0.0,0.0,0.0,0.0,2,3300,0,0,0,0,1,0
TF,FAPOG,35.495514,-79.971519,0, ,0.0,0.0,0.0,0.0,2,3300,0,0,0,0,1,0

APPTR,R03,03,GANTS
IF,GANTS,35.453178,-80.104456, ,0.0,0.0,0,0,0,0,0,0,1,0
TF,FAPOG,35.495514,-79.971519,0, ,0.0,0.0,0.0,0.0,2,3300,0,0,0,0,1,0

FINAL,R03,03,R,3
IF,FAPOG,35.495514,-79.971519, ,0.0,0.0,2,3300,0,0,0,0,0,0
TF,GABNE,35.573153,-79.934053,0, ,0.0,0.0,30.0,5.0,2,2500,0,0,0,0,2,0
TF,RW03,35.647497,-79.898136,0, ,0.0,0.0,30.0,4.8,1,721,0,0,0,0,3,1
CA,0,30.0,2,1920,0,0,0,0,0,0
DF,KEWPI,35.702867,-80.050708,1, ,0.0,0.0,2,3000,0,1,250,0,0,1
HM,KEWPI,35.702867,-80.050708,2, ,0.0,0.0,13.0,04,0,0,0,0,0,0,0,0,0

APPTR,R21,21,CEEDE
IF,CEEDE,35.903294,-79.853100, ,0.0,0.0,0,0,0,0,0,0,1,0
TF,HABUG,35.819478,-79.786792,0, ,0.0,0.0,0.0,0.0,2,3700,0,0,0,0,1,0

APPTR,R21,21,LIB
IF,LIB,35.811622,-79.612592, ,0.0,0.0,0,0,0,0,0,0,1,0
TF,HABUG,35.819478,-79.786792,0, ,0.0,0.0,0.0,0.0,2,3700,0,0,0,0,1,0

FINAL,R21,21,R,4
IF,HABUG,35.819478,-79.786792, ,0.0,0.0,2,3700,0,0,0,0,0,0
TF,COLUN,35.753778,-79.846628,0, ,0.0,0.0,225.0,4.9,2,2600,0,0,0,0,2,0
TF,HUGIS,35.709675,-79.868022,0, ,0.0,0.0,210.0,2.8,2,1680,0,0,0,0,0,0
TF,RW21,35.661553,-79.891339,0, ,0.0,0.0,210.0,3.1,1,708,0,0,0,0,3,1
CA,0,210.0,2,3000,0,0,0,0,0,0
DF,KEWPI,35.702867,-80.050708,2, ,0.0,0.0,2,3000,0,0,0,0,0,1
HM,KEWPI,35.702867,-80.050708,2, ,0.0,0.0,13.0,04,0,0,0,0,0,0,0,0,0

