SID,SPACX2,07,4
VA,0,73.0,2,580,0,0,0,0,0,0
DF,SPACX,33.822339,-118.443939,2, ,0.0,0.0,1,3000,0,0,0,0,0,0
FM,SPACX,33.822339,-118.443939,0,LAX,0.0,0.0,200.0,0,0,0,0,0,0,0,0

SID,SPACX2,25,4
VI,0, ,0.0,253.0,0,0,0,0,0,0,0,0
CF,SPACX,33.822339,-118.443939,0,LAX,170.1,6.7,200.0,7.2,1,3000,0,0,0,0,0,0
FM,SPACX,33.822339,-118.443939,0,LAX,0.0,0.0,200.0,0,0,0,0,0,0,0,0

STAR,EMMLN1,DAG,1
IF,DAG,34.962458,-116.578167, ,0.0,0.0,0,0,0,0,0,0,0,0
TF,BASAL,34.757775,-116.861831,0, ,0.0,0.0,0.0,0.0,1,10000,0,0,0,0,0,0
TF,APLES,34.548467,-117.149483,0, ,0.0,0.0,0.0,0.0,1,10000,0,0,0,0,0,0

STAR,EMMLN1,HEC,1
IF,HEC,34.797017,-116.462922, ,0.0,0.0,0,0,0,0,0,0,0,0
TF,GILLM,34.624958,-116.939764,0, ,0.0,0.0,0.0,0.0,0,0,0,0,0,0,0,0
TF,APLES,34.548467,-117.149483,0, ,0.0,0.0,0.0,0.0,1,10000,0,0,0,0,0,0

STAR,EMMLN1,ALL,2
IF,APLES,34.548467,-117.149483, ,0.0,0.0,1,10000,0,0,0,0,0,0
TF,EMMLN,34.440803,-117.214947,0, ,0.0,0.0,0.0,0.0,0,0,0,0,0,0,0,0
TF,CAPTZ,34.284392,-117.309722,0, ,0.0,0.0,0.0,0.0,1,10000,0,0,0,0,0,0
TF,RRIZE,34.086817,-117.428881,0, ,0.0,0.0,0.0,0.0,1,8100,0,0,0,0,0,0
TF,PDZ,33.918336,-117.529997,0, ,0.0,0.0,0.0,0.0,1,6000,0,0,0,0,0,0
TF,RNDAL,33.974978,-117.784900,0, ,0.0,0.0,0.0,0.0,1,6000,0,0,0,0,0,1
VM,33.922861,-118.335083,0,250.0,0,0,0,0,0,0,0,0

STAR,IRNMN2,BURGL,4
IF,BURGL,35.666022,-120.107739, ,0.0,0.0,0,0,0,0,0,0,0,0
TF,DOUIT,35.288858,-119.824239,0, ,0.0,0.0,0.0,0.0,0,0,0,0,0,0,0,0
TF,CROWY,34.915097,-119.476178,0, ,0.0,0.0,0.0,0.0,4,29000,26000,0,0,0,0,0
TF,MUPTT,34.749897,-119.328397,0, ,0.0,0.0,0.0,0.0,4,27000,23000,1,280,0,0,0
TF,MDOTS,34.651739,-119.242597,0, ,0.0,0.0,0.0,0.0,4,24000,20000,0,0,0,0,0
TF,GRIPR,34.564047,-119.166981,0, ,0.0,0.0,0.0,0.0,4,23000,19000,0,0,0,0,0
TF,BIKNG,34.442658,-119.059553,0, ,0.0,0.0,0.0,0.0,4,20000,16000,0,0,0,0,0
TF,RUNNN,34.342956,-118.973192,0, ,0.0,0.0,0.0,0.0,4,17000,14000,0,0,0,0,0
TF,IRNMN,34.255711,-118.894047,0, ,0.0,0.0,0.0,0.0,4,16000,12000,0,0,0,0,0

STAR,IRNMN2,FRASR,4
IF,FRASR,34.637622,-118.956400, ,0.0,0.0,0,0,0,0,0,0,0,0
TF,IRNMN,34.255711,-118.894047,0, ,0.0,0.0,0.0,0.0,4,16000,12000,0,0,0,0,0

STAR,IRNMN2,MUPTT,4
IF,MUPTT,34.749897,-119.328397, ,0.0,0.0,4,27000,23000,1,280,0,0,0
TF,MDOTS,34.651739,-119.242597,0, ,0.0,0.0,0.0,0.0,4,24000,20000,0,0,0,0,0
TF,GRIPR,34.564047,-119.166981,0, ,0.0,0.0,0.0,0.0,4,23000,19000,0,0,0,0,0
TF,BIKNG,34.442658,-119.059553,0, ,0.0,0.0,0.0,0.0,4,20000,16000,0,0,0,0,0
TF,RUNNN,34.342956,-118.973192,0, ,0.0,0.0,0.0,0.0,4,17000,14000,0,0,0,0,0
TF,IRNMN,34.255711,-118.894047,0, ,0.0,0.0,0.0,0.0,4,16000,12000,0,0,0,0,0

STAR,IRNMN2,REBRG,4
IF,REBRG,35.981389,-119.614722, ,0.0,0.0,0,0,0,0,0,0,0,0
TF,STADD,35.666925,-119.732675,0, ,0.0,0.0,0.0,0.0,0,0,0,0,0,0,0,0
TF,DOUIT,35.288858,-119.824239,0, ,0.0,0.0,0.0,0.0,0,0,0,0,0,0,0,0
TF,CROWY,34.915097,-119.476178,0, ,0.0,0.0,0.0,0.0,4,29000,26000,0,0,0,0,0
TF,MUPTT,34.749897,-119.328397,0, ,0.0,0.0,0.0,0.0,4,27000,23000,1,280,0,0,0
TF,MDOTS,34.651739,-119.242597,0, ,0.0,0.0,0.0,0.0,4,24000,20000,0,0,0,0,0
TF,GRIPR,34.564047,-119.166981,0, ,0.0,0.0,0.0,0.0,4,23000,19000,0,0,0,0,0
TF,BIKNG,34.442658,-119.059553,0, ,0.0,0.0,0.0,0.0,4,20000,16000,0,0,0,0,0
TF,RUNNN,34.342956,-118.973192,0, ,0.0,0.0,0.0,0.0,4,17000,14000,0,0,0,0,0
TF,IRNMN,34.255711,-118.894047,0, ,0.0,0.0,0.0,0.0,4,16000,12000,0,0,0,0,0

STAR,IRNMN2,ALL,5
IF,IRNMN,34.255711,-118.894047, ,0.0,0.0,4,16000,12000,0,0,0,0,0
TF,SYMON,34.165081,-118.810819,0, ,0.0,0.0,0.0,0.0,4,13000,12000,1,250,0,0,0
TF,BAYST,34.029647,-118.663667,0, ,0.0,0.0,0.0,0.0,2,9000,0,1,240,0,0,0
TF,JUUSE,34.019319,-118.554078,0, ,0.0,0.0,0.0,0.0,4,9000,8000,0,0,0,0,0
TF,CLIFY,34.010178,-118.457106,0, ,0.0,0.0,0.0,0.0,4,8000,7000,1,210,0,0,0
TF,DAHJR,34.027175,-118.358394,0, ,0.0,0.0,0.0,0.0,1,6000,0,1,210,0,0,0
TF,GADDO,34.033261,-118.298681,0, ,0.0,0.0,0.0,0.0,1,6000,0,0,0,0,0,1
FM,GADDO,34.033261,-118.298681,0,TFD,0.0,0.0,71.0,0,0,0,0,0,0,0,0

STAR,RYDRR2,CERNL,4
IF,CERNL,33.278383,-122.427131, ,0.0,0.0,0,0,0,0,0,0,0,0
TF,GAASR,34.126378,-120.638422,0, ,0.0,0.0,0.0,0.0,0,0,0,0,0,0,0,0
TF,SERCO,34.192011,-120.318983,0, ,0.0,0.0,0.0,0.0,4,21000,19000,0,0,0,0,0
TF,HUULL,34.201614,-120.065869,0, ,0.0,0.0,0.0,0.0,4,20000,17000,1,280,0,0,0
TF,GNZZO,34.191150,-119.359442,0, ,0.0,0.0,0.0,0.0,4,14000,13000,0,0,0,0,0
TF,RYDRR,34.186125,-119.063161,0, ,0.0,0.0,0.0,0.0,1,11000,0,1,250,0,0,0

STAR,RYDRR2,EESSA,4
IF,EESSA,33.896386,-119.655336, ,0.0,0.0,4,20000,17000,1,280,0,0,0
TF,GKNEE,34.061614,-119.318572,0, ,0.0,0.0,0.0,0.0,4,13000,12000,0,0,0,0,0
TF,RYDRR,34.186125,-119.063161,0, ,0.0,0.0,0.0,0.0,1,11000,0,1,250,0,0,0

STAR,RYDRR2,ELKEY,4
IF,ELKEY,32.683364,-122.051008, ,0.0,0.0,0,0,0,0,0,0,0,0
TF,EESSA,33.896386,-119.655336,0, ,0.0,0.0,0.0,0.0,4,20000,17000,1,280,0,0,0
TF,GKNEE,34.061614,-119.318572,0, ,0.0,0.0,0.0,0.0,4,13000,12000,0,0,0,0,0
TF,RYDRR,34.186125,-119.063161,0, ,0.0,0.0,0.0,0.0,1,11000,0,1,250,0,0,0

STAR,RYDRR2,SNAXX,4
IF,SNAXX,34.139511,-120.977433, ,0.0,0.0,0,0,0,0,0,0,0,0
TF,SERCO,34.192011,-120.318983,0, ,0.0,0.0,0.0,0.0,4,21000,19000,0,0,0,0,0
TF,HUULL,34.201614,-120.065869,0, ,0.0,0.0,0.0,0.0,4,20000,17000,1,280,0,0,0
TF,GNZZO,34.191150,-119.359442,0, ,0.0,0.0,0.0,0.0,4,14000,13000,0,0,0,0,0
TF,RYDRR,34.186125,-119.063161,0, ,0.0,0.0,0.0,0.0,1,11000,0,1,250,0,0,0

STAR,RYDRR2,ALL,5
IF,RYDRR,34.186125,-119.063161, ,0.0,0.0,1,11000,0,1,250,0,0,0
TF,KEVVI,34.064483,-118.752483,0, ,0.0,0.0,0.0,0.0,2,10000,0,0,0,0,0,0
TF,BAYST,34.029647,-118.663667,0, ,0.0,0.0,0.0,0.0,2,9000,0,1,240,0,0,0
TF,JUUSE,34.019319,-118.554078,0, ,0.0,0.0,0.0,0.0,4,9000,8000,0,0,0,0,0
TF,CLIFY,34.010178,-118.457106,0, ,0.0,0.0,0.0,0.0,4,8000,7000,1,210,0,0,0
TF,DAHJR,34.027175,-118.358394,0, ,0.0,0.0,0.0,0.0,1,6000,0,1,210,0,0,0
TF,GADDO,34.033261,-118.298681,0, ,0.0,0.0,0.0,0.0,1,6000,0,0,0,0,0,1
FM,GADDO,34.033261,-118.298681,0,TFD,0.0,0.0,71.0,0,0,0,0,0,0,0,0

APPTR,L25,25,POWUP
FC,POWUP,33.944792,-117.851825,0,SLI,0.0,0.0,253.0,6.9,2,2700,0,0,0,0,1,0
CF,WELLZ,33.935089,-118.070689,0,IHHR,72.7,13.6,253.0,4.0,1,2700,0,0,0,0,1,0

APPTR,L25,25,SLI
FC,SLI,33.783300,-118.054758,0,SLI,0.0,0.0,340.0,5.1,2,2700,0,0,0,0,1,0
CF,WELLZ,33.935089,-118.070689,0,IHHR,72.7,13.6,340.0,4.0,1,2700,0,0,0,0,1,0

FINAL,L25,25,D,4
IF,WELLZ,33.935089,-118.070689,IHHR,72.7,13.6,1,2700,0,0,0,0,0,0
CF,HASHY,33.929325,-118.196692,0,IHHR,72.7,7.3,253.0,6.3,1,1500,0,0,0,0,0,0
CF,ZANIR,33.927133,-118.243847,0,IHHR,72.7,5.0,253.0,2.4,2,1500,0,0,0,0,2,0
CF,WARVA,33.923922,-118.312336,0,IHHR,72.7,1.6,253.0,3.4,1,376,0,0,0,0,3,0
CA,0,253.0,2,470,0,0,0,0,0,0
VI,0, ,0.0,210.0,0,0,0,0,0,0,0,0
CF,LIMBO,33.759564,-118.450203,0,LAX,170.0,10.4,170.0,5.0,2,3000,0,0,0,0,0,0
HM,LIMBO,33.759564,-118.450203,2, ,0.0,0.0,71.0,04.3,0,0,0,0,0,0,0,0,0

APPTR,R07,07,SLI
IF,SLI,33.783300,-118.054758, ,0.0,0.0,0,0,0,0,0,0,1,0
TF,WILMA,33.771158,-118.259489,0, ,0.0,0.0,0.0,0.0,2,4000,0,0,0,0,0,0
TF,LIMBO,33.759564,-118.450203,0, ,0.0,0.0,0.0,0.0,2,4000,0,0,0,0,0,0
TF,INISH,33.753911,-118.541322,0, ,0.0,0.0,0.0,0.0,2,4000,0,0,0,0,0,0
TF,TANDY,33.746575,-118.658072,0, ,0.0,0.0,0.0,0.0,2,4000,0,0,0,0,0,0
TF,JOHME,33.829742,-118.666792,0, ,0.0,0.0,0.0,0.0,2,3600,0,0,0,0,0,0
TF,MEANA,33.894031,-118.549067,0, ,0.0,0.0,0.0,0.0,2,3600,0,0,0,0,1,0

APPTR,R07,07,TANDY
IF,TANDY,33.746575,-118.658072, ,0.0,0.0,0,0,0,0,0,0,1,0
TF,JOHME,33.829742,-118.666792,0, ,0.0,0.0,0.0,0.0,2,3600,0,0,0,0,0,0
TF,MEANA,33.894031,-118.549067,0, ,0.0,0.0,0.0,0.0,2,3600,0,0,0,0,1,0

FINAL,R07,07,R,3
IF,MEANA,33.894031,-118.549067, ,0.0,0.0,2,3600,0,0,0,0,0,0
TF,ZEFER,33.909428,-118.485581,0, ,0.0,0.0,60.0,3.3,2,2800,0,0,0,0,2,0
TF,CFLBQ,33.922767,-118.340161,0, ,0.0,0.0,70.0,7.3,1,124,0,0,0,0,3,1
CA,0,70.0,2,342,0,0,0,0,0,0
DF,DOODY,33.895117,-118.102114,0, ,0.0,0.0,0,0,0,0,0,0,0,0
TF,SLI,33.783300,-118.054758,0, ,0.0,0.0,0.0,0.0,2,4000,0,0,0,0,0,1
HM,SLI,33.783300,-118.054758,1, ,0.0,0.0,351.0,04,2,4000,0,0,0,0,0,0,0

APPTR,R25,25,PDZ
IF,PDZ,33.918336,-117.529997, ,0.0,0.0,0,0,0,0,0,0,0,0
TF,CAKUT,33.952072,-117.681492,0, ,0.0,0.0,0.0,0.0,2,3900,0,0,0,0,1,0
TF,POWUP,33.944792,-117.851825,0, ,0.0,0.0,0.0,0.0,2,3400,0,0,0,0,0,0
TF,WELLZ,33.935089,-118.070689,0, ,0.0,0.0,0.0,0.0,1,2700,0,0,0,0,1,0

APPTR,R25,25,SLI
IF,SLI,33.783300,-118.054758, ,0.0,0.0,0,0,0,0,0,0,1,0
TF,WELLZ,33.935089,-118.070689,0, ,0.0,0.0,0.0,0.0,1,2700,0,0,0,0,1,0

FINAL,R25,25,R,4
IF,WELLZ,33.935089,-118.070689, ,0.0,0.0,1,2700,0,0,0,0,0,0
TF,HASHY,33.929325,-118.196692,0, ,0.0,0.0,253.0,6.3,1,1500,0,0,0,0,0,0
TF,ZANIR,33.927133,-118.243847,0, ,0.0,0.0,253.0,2.4,2,1500,0,0,0,0,2,0
TF,RW25,33.923156,-118.328564,0, ,0.0,0.0,253.0,4.2,1,120,0,0,0,0,3,1
CA,0,253.0,2,800,0,0,0,0,0,0
DF,LIMBO,33.759564,-118.450203,0, ,0.0,0.0,2,3000,0,0,0,0,0,1
HM,LIMBO,33.759564,-118.450203,2, ,0.0,0.0,71.0,04,2,3000,0,0,0,0,0,0,0

APPTR,S25,25,ELMOO
IF,ELMOO,34.098500,-118.081258, ,0.0,0.0,0,0,0,0,0,0,1,0
TF,NORWA,33.900394,-118.064575,0, ,0.0,0.0,0.0,0.0,2,2700,0,0,0,0,1,0

APPTR,S25,25,LAHAB
IF,LAHAB,33.925653,-117.925894, ,0.0,0.0,0,0,0,0,0,0,1,0
TF,DMYHV,33.890653,-117.957628,0, ,0.0,0.0,0.0,0.0,2,2700,0,0,0,0,0,0
TF,NORWA,33.900394,-118.064575,0, ,0.0,0.0,0.0,0.0,2,2700,0,0,0,0,1,0

APPTR,S25,25,SLI
IF,SLI,33.783300,-118.054758, ,0.0,0.0,0,0,0,0,0,0,1,0
TF,NORWA,33.900394,-118.064575,0, ,0.0,0.0,0.0,0.0,2,2700,0,0,0,0,1,0

FINAL,S25,25,D,3
IF,NORWA,33.900394,-118.064575,LAX,81.0,18.5,2,2700,0,0,0,0,0,0
CF,BELLI,33.914156,-118.217417,0,LAX,81.0,10.8,261.0,7.7,2,1900,0,0,0,0,2,0
CF,VIVSE,33.923461,-118.322044,0,LAX,81.0,5.5,261.0,5.3,1,208,0,0,0,0,3,0
CA,0,261.0,2,470,0,0,0,0,0,0
VI,0, ,0.0,210.0,0,0,0,0,0,0,0,0
CF,LIMBO,33.759564,-118.450203,0,LAX,170.0,10.4,170.0,6.0,2,3000,0,0,0,0,0,0
HM,LIMBO,33.759564,-118.450203,2, ,0.0,0.0,71.0,04.3,0,0,0,0,0,0,0,0,0

