SID,HKY1,06,1
VA,0,61.0,2,1590,0,0,0,0,0,0
VM,0,0,0,61.0,0,0,0,0,0,0,0,0

SID,HKY1,24,1
VA,0,241.0,2,1590,0,0,0,0,0,0
VM,0,0,0,241.0,0,0,0,0,0,0,0,0

APPTR,D24,24,BZM
PI,BZM,35.868853,-81.240528,1,BZM,109.0,10.0,064,5.0,2,4000,0,0,0,0,1,0
CF,BZM,35.868853,-81.240528,0,BZM,0.0,0.0,244.0,8.0,2,4000,0,0,0,0,0,0
TF,CF24,35.844433,-81.268489,0, ,0.0,0.0,0.0,0.0,2,3400,0,0,0,0,0,0

APPTR,D24,24,RIVYR
IF,RIVYR,36.011597,-81.039572, ,0.0,0.0,0,0,0,0,0,0,1,0
TF,BZM,35.868853,-81.240528,0, ,0.0,0.0,0.0,0.0,2,4000,0,0,0,0,0,0
TF,CF24,35.844433,-81.268489,0, ,0.0,0.0,0.0,0.0,2,3400,0,0,0,0,0,0

APPTR,D24,24,SANFI
IF,SANFI,35.961522,-80.992622, ,0.0,0.0,0,0,0,0,0,0,1,0
TF,BZM,35.868853,-81.240528,0, ,0.0,0.0,0.0,0.0,2,4000,0,0,0,0,0,0
TF,CF24,35.844433,-81.268489,0, ,0.0,0.0,0.0,0.0,2,3400,0,0,0,0,0,0

FINAL,D24,24,D,3
IF,CF24,35.844433,-81.268489,BZM,229.0,2.0,2,3400,0,0,0,0,0,0
CF,FF24,35.807794,-81.310400,0,BZM,229.0,5.0,229.0,3.0,2,2700,0,0,0,0,2,0
CF,MA24,35.746697,-81.380167,0,BZM,229.0,10.0,229.0,5.0,1,1280,0,0,0,0,3,0
CA,0,229.0,2,1590,0,0,0,0,0,0
VI,2, ,0.0,340.0,0,0,0,0,0,0,0,0
CF,BZM,35.868853,-81.240528,2,BZM,0.0,0.0,94.0,14.0,2,4000,0,0,0,0,0,0
HM,BZM,35.868853,-81.240528,2, ,0.0,0.0,244.0,04.3,0,0,0,0,0,0,0,0,0

APPTR,I24,24,BZM
IF,BZM,35.868853,-81.240528, ,0.0,0.0,0,0,0,0,0,0,0,0
TF,TAWBA,35.786606,-81.305650,0, ,0.0,0.0,0.0,0.0,2,4200,0,0,0,0,0,0
PI,TAWBA,35.786606,-81.305650,1,BZM,106.0,10.0,061,5.0,2,3400,0,0,0,0,1,0
CF,MIRTY,35.824492,-81.238075,0,IHKY,61.4,9.6,241.0,6.0,2,3400,0,0,0,0,1,0

APPTR,I24,24,SANFI
IF,SANFI,35.961522,-80.992622, ,0.0,0.0,0,0,0,0,0,0,1,0
CF,MIRTY,35.824492,-81.238075,0,IHKY,61.4,9.6,241.0,14.5,2,3400,0,0,0,0,1,0

APPTR,I24,24,VAESE
IF,VAESE,35.731056,-81.550253, ,0.0,0.0,0,0,0,0,0,0,0,0
TF,TAWBA,35.786606,-81.305650,0, ,0.0,0.0,0.0,0.0,2,4500,0,0,0,0,0,0
PI,TAWBA,35.786606,-81.305650,1,BZM,106.0,10.0,061,5.0,2,3400,0,0,0,0,1,0
CF,MIRTY,35.824492,-81.238075,0,IHKY,61.4,9.6,241.0,6.0,2,3400,0,0,0,0,1,0

FINAL,I24,24,I,3
IF,MIRTY,35.824492,-81.238075,IHKY,61.4,9.6,2,3400,0,0,0,0,0,0
CF,TAWBA,35.786606,-81.305650,0,IHKY,61.3,5.6,241.0,4.0,1,2640,0,0,0,0,2,0
CF,RW24,35.744983,-81.379561,0,IHKY,61.4,1.2,241.0,4.4,1,1243,0,0,0,0,3,0
CA,0,241.0,2,1700,0,0,0,0,0,0
VI,2, ,0.0,340.0,0,0,0,0,0,0,0,0
CF,BZM,35.868853,-81.240528,2,BZM,0.0,0.0,94.0,14.0,2,4000,0,0,0,0,0,0
HM,BZM,35.868853,-81.240528,1, ,0.0,0.0,183.0,04.3,0,0,0,0,0,0,0,0,0

APPTR,R06,06,ALDOH
IF,ALDOH,35.709217,-81.300364, ,0.0,0.0,0,0,0,0,0,0,0,0
TF,ZOMAR,35.603011,-81.630900,0, ,0.0,0.0,0.0,0.0,2,4800,0,0,0,0,0,1
HF,ZOMAR,35.603011,-81.630900,2, ,0.0,0.0,61.0,05,2,4800,0,0,0,0,1,0,0

APPTR,R06,06,GENOD
IF,GENOD,35.551678,-81.949181, ,0.0,0.0,0,0,0,0,0,0,1,0
TF,ZOMAR,35.603011,-81.630900,0, ,0.0,0.0,0.0,0.0,2,4800,0,0,0,0,1,0

FINAL,R06,06,R,4
IF,ZOMAR,35.603011,-81.630900, ,0.0,0.0,2,4800,0,0,0,0,0,0
TF,KUVRE,35.660019,-81.530114,0, ,0.0,0.0,61.0,6.0,2,3700,0,0,0,0,2,0
TF,JAKTO,35.705967,-81.448781,0, ,0.0,0.0,61.0,4.8,2,2160,0,0,0,0,0,0
TF,RW06,35.734992,-81.397303,0, ,0.0,0.0,61.0,3.1,1,1186,0,0,0,0,3,1
CA,0,61.0,2,1590,0,0,0,0,0,0
DF,PETIC,35.772914,-81.329892,0, ,0.0,0.0,0,0,0,0,0,0,0,0
TF,BZM,35.868853,-81.240528,0, ,0.0,0.0,0.0,0.0,2,4100,0,0,0,0,0,1
HM,BZM,35.868853,-81.240528,1, ,0.0,0.0,183.0,05,2,4100,0,0,0,0,0,0,0

APPTR,R24,24,INKEH
HF,INKEH,35.845178,-81.201069,2, ,0.0,0.0,242.0,04,2,3400,0,0,0,0,1,0,0

APPTR,R24,24,OWALT
IF,OWALT,35.749475,-80.882558, ,0.0,0.0,0,0,0,0,0,0,1,0
TF,INKEH,35.845178,-81.201069,0, ,0.0,0.0,0.0,0.0,2,3400,0,0,0,0,1,0

APPTR,R24,24,SANFI
IF,SANFI,35.961522,-80.992622, ,0.0,0.0,0,0,0,0,0,0,1,0
TF,INKEH,35.845178,-81.201069,0, ,0.0,0.0,0.0,0.0,2,3400,0,0,0,0,1,0

FINAL,R24,24,R,3
IF,INKEH,35.845178,-81.201069, ,0.0,0.0,2,3400,0,0,0,0,0,0
TF,OMERE,35.788369,-81.302431,0, ,0.0,0.0,242.0,6.0,2,2700,0,0,0,0,2,0
TF,RW24,35.744983,-81.379561,0, ,0.0,0.0,241.0,4.6,1,1243,0,0,0,0,3,1
CA,0,241.0,2,2000,0,0,0,0,0,0
DF,ZUGAT,35.982592,-81.264047,2, ,0.0,0.0,2,5400,0,0,0,0,0,1
HM,ZUGAT,35.982592,-81.264047,2, ,0.0,0.0,190.0,05,2,5400,0,0,0,0,0,0,0

