SID,CLOUA4,16,1
CA,0,158.0,2,6000,0,0,0,0,0,0
DF,HMN,32.862103,-106.109122,2, ,0.0,0.0,2,9000,0,0,0,0,0,0
TF,CLOUD,32.869956,-105.832253,0, ,0.0,0.0,0.0,0.0,2,12100,0,0,0,0,0,0

SID,CLOUA4,22,1
CA,0,218.0,2,6000,0,0,0,0,0,0
DF,HMN,32.862103,-106.109122,1, ,0.0,0.0,2,9000,0,0,0,0,0,0
TF,CLOUD,32.869956,-105.832253,0, ,0.0,0.0,0.0,0.0,2,12100,0,0,0,0,0,0

SID,CLOUA4,25,1
CA,0,249.0,2,6000,0,0,0,0,0,0
DF,HMN,32.862103,-106.109122,1, ,0.0,0.0,2,9000,0,0,0,0,0,0
TF,CLOUD,32.869956,-105.832253,0, ,0.0,0.0,0.0,0.0,2,12100,0,0,0,0,0,0

SID,CLOUB4,16,4
CA,0,158.0,2,6000,0,0,0,0,0,0
DF,CLOUD,32.869956,-105.832253,1, ,0.0,0.0,2,12100,0,0,0,0,0,0

SID,CLOUB4,22,4
CA,0,218.0,2,6000,0,0,0,0,0,0
DF,CLOUD,32.869956,-105.832253,1, ,0.0,0.0,2,12100,0,0,0,0,0,0

SID,CLOUB4,25,4
CA,0,249.0,2,6000,0,0,0,0,0,0
DF,CLOUD,32.869956,-105.832253,2, ,0.0,0.0,2,12100,0,0,0,0,0,0

SID,DIEZL1,04,1
CA,0,38.0,2,4500,0,0,0,0,0,0
CF,BENTT,33.122400,-105.830269,0,HMN,32.0,21.0,32.0,20.8,1,15000,0,0,0,0,0,0

SID,DIEZL1,16,1
VA,0,158.0,2,4500,0,0,0,0,0,0
VI,1, ,0.0,347.0,0,0,0,0,0,0,0,0
CF,CONOK,33.035703,-105.923403,0,HMN,32.0,14.0,32.0,9.0,0,0,0,0,0,0,0,0
TF,BENTT,33.122400,-105.830269,0, ,0.0,0.0,0.0,0.0,1,15000,0,0,0,0,0,0

SID,DIEZL1,34,1
VA,0,338.0,2,4500,0,0,0,0,0,0
VI,2, ,0.0,77.0,0,0,0,0,0,0,0,0
CF,BENTT,33.122400,-105.830269,0,HMN,32.0,21.0,32.0,19.0,1,15000,0,0,0,0,0,0

SID,IZZYY1,16,4
VA,0,158.0,2,6000,0,0,0,0,0,0
DF,IZZYY,33.095694,-106.263011,2, ,0.0,0.0,2,11000,0,0,0,0,0,0

SID,IZZYY1,22,4
VA,0,218.0,2,4800,0,0,0,0,0,0
DF,IZZYY,33.095694,-106.263011,2, ,0.0,0.0,2,11000,0,0,0,0,0,0

SID,IZZYY1,25,4
VA,0,249.0,2,4800,0,0,0,0,0,0
DF,IZZYY,33.095694,-106.263011,0, ,0.0,0.0,2,11000,0,0,0,0,0,0

SID,OHDEE1,04,1
VA,0,38.0,2,4500,0,0,0,0,0,0
VI,0, ,0.0,125.0,0,0,0,0,0,0,0,0
CF,GINGR,32.861675,-105.588700,0,HMN,79.9,26.3,80.0,25.0,1,15000,0,0,0,0,0,0

SID,OHDEE1,16,1
VA,0,158.0,2,4500,0,0,0,0,0,0
VI,1, ,0.0,35.0,0,0,0,0,0,0,0,0
CF,GINGR,32.861675,-105.588700,0,HMN,79.9,26.3,80.0,22.0,1,15000,0,0,0,0,0,0

SID,OHDEE1,34,1
VA,0,338.0,2,4500,0,0,0,0,0,0
VI,2, ,0.0,125.0,0,0,0,0,0,0,0,0
CF,GINGR,32.861675,-105.588700,0,HMN,79.9,26.3,80.0,23.0,1,15000,0,0,0,0,0,0

APPTR,I16-X,16,ZOVOS
IF,ZOVOS,33.221419,-106.018250, ,0.0,0.0,2,13000,0,0,0,0,1,0
TF,JULBO,33.139764,-106.038967,0, ,0.0,0.0,0.0,0.0,2,11000,0,0,0,0,0,0
AF,TOGIE,33.140069,-106.177547,1,HMN,338.3,17.0,2.0,2,8600,0,0,0,0,0,0
TF,JEMTO,33.107369,-106.169475,0, ,0.0,0.0,0.0,0.0,2,7600,0,0,0,0,1,0
CF,CAPAR,33.042083,-106.152689,0,IMUK,337.8,13.0,158.0,4.0,2,6400,0,0,0,0,0,0

FINAL,I16-X,16,I,3
IF,CAPAR,33.042083,-106.152689,IMUK,337.8,13.0,2,6400,0,0,0,0,0,0
CF,FETER,32.957386,-106.130950,0,IMUK,337.8,7.8,158.0,5.2,1,5600,0,0,0,0,2,0
CF,RW16,32.866594,-106.107692,0,IMUK,337.8,2.2,158.0,5.6,1,4124,0,0,0,0,3,0
CA,0,158.0,2,5000,0,0,0,0,0,0
CF,JOBAM,33.035589,-106.228075,2,HMN,320.0,12.0,320.0,13.0,2,7000,0,0,0,0,0,0
HM,JOBAM,33.035589,-106.228075,2, ,0.0,0.0,140.0,05,3,10000,0,1,265,0,0,0,0

APPTR,I16-Z,16,FITZZ
IF,FITZZ,32.786378,-105.723858, ,0.0,0.0,2,13000,0,0,0,0,1,0
TF,FIBOD,32.797811,-105.781606,0, ,0.0,0.0,0.0,0.0,2,13000,0,0,0,0,0,0
AF,FIRIK,33.079383,-105.892375,1,HMN,30.0,17.0,93.0,2,11500,0,0,0,0,0,0
AF,TULEE,33.128814,-105.993731,1,HMN,10.0,17.0,30.0,2,9100,0,0,0,0,0,0
AF,JULBO,33.139764,-106.038967,1,HMN,2.0,17.0,10.0,2,8000,0,0,0,0,0,0
AF,TOGIE,33.140069,-106.177547,1,HMN,338.3,17.0,2.0,2,7000,0,0,0,0,0,0
TF,JEMTO,33.107369,-106.169475,0, ,0.0,0.0,0.0,0.0,2,7000,0,0,0,0,1,0
CF,CAPAR,33.042083,-106.152689,0,IMUK,337.8,13.0,158.0,4.0,2,6900,0,0,0,0,0,0

APPTR,I16-Z,16,ZOVOS
IF,ZOVOS,33.221419,-106.018250, ,0.0,0.0,2,13000,0,0,0,0,1,0
TF,JULBO,33.139764,-106.038967,0, ,0.0,0.0,0.0,0.0,2,8000,0,0,0,0,0,0
AF,TOGIE,33.140069,-106.177547,1,HMN,338.3,17.0,2.0,2,7000,0,0,0,0,0,0
TF,JEMTO,33.107369,-106.169475,0, ,0.0,0.0,0.0,0.0,2,7000,0,0,0,0,1,0
CF,CAPAR,33.042083,-106.152689,0,IMUK,337.8,13.0,158.0,4.0,2,6900,0,0,0,0,0,0

FINAL,I16-Z,16,I,3
IF,CAPAR,33.042083,-106.152689,IMUK,337.8,13.0,2,6900,0,0,0,0,0,0
CF,FETER,32.957386,-106.130950,0,IMUK,337.8,7.8,158.0,5.2,1,5600,0,0,0,0,2,0
CF,RW16,32.866594,-106.107692,0,IMUK,337.8,2.2,158.0,5.6,1,4124,0,0,0,0,3,0
CA,0,158.0,2,5000,0,0,0,0,0,0
CF,JOBAM,33.035589,-106.228075,2,HMN,320.0,12.0,320.0,13.0,2,7000,0,0,0,0,0,0
HM,JOBAM,33.035589,-106.228075,2, ,0.0,0.0,140.0,05,3,10000,0,1,265,0,0,0,0

APPTR,I22,22,FITZZ
IF,FITZZ,32.786378,-105.723858, ,0.0,0.0,2,13000,0,0,0,0,1,0
TF,FIBOD,32.797811,-105.781606,0, ,0.0,0.0,0.0,0.0,2,13000,0,0,0,0,0,0
AF,FEPUN,32.910961,-105.777675,1,HMN,70.0,17.0,93.0,2,13000,0,0,0,0,0,0
AF,OGEPE,33.003706,-105.817350,1,HMN,50.0,17.0,70.0,2,11000,0,0,0,0,0,0
AF,CIDMA,33.053881,-105.860842,1,HMN,37.4,17.0,50.0,2,10500,0,0,0,0,0,0
TF,ODOXE,33.031525,-105.890303,0, ,0.0,0.0,0.0,0.0,2,9800,0,0,0,0,0,0
TF,CIGID,32.997956,-105.934442,0, ,0.0,0.0,0.0,0.0,2,8400,0,0,0,0,1,0
TF,HUXOG,32.975572,-105.963858,0, ,0.0,0.0,0.0,0.0,2,8000,0,0,0,0,0,0
CF,JIPVI,32.953183,-105.993261,0,IHMN,37.8,9.8,218.0,2.0,2,7100,0,0,0,0,0,0

APPTR,I22,22,SUMBE
IF,SUMBE,33.087397,-105.816617, ,0.0,0.0,2,13000,0,0,0,0,1,0
TF,CIDMA,33.053881,-105.860842,0, ,0.0,0.0,0.0,0.0,2,10500,0,0,0,0,0,0
TF,ODOXE,33.031525,-105.890303,0, ,0.0,0.0,0.0,0.0,2,9800,0,0,0,0,0,0
TF,CIGID,32.997956,-105.934442,0, ,0.0,0.0,0.0,0.0,2,8400,0,0,0,0,1,0
TF,HUXOG,32.975572,-105.963858,0, ,0.0,0.0,0.0,0.0,2,8000,0,0,0,0,0,0
CF,JIPVI,32.953183,-105.993261,0,IHMN,37.8,9.8,218.0,2.0,2,7100,0,0,0,0,0,0

APPTR,I22,22,ZOVOS
IF,ZOVOS,33.221419,-106.018250, ,0.0,0.0,2,13000,0,0,0,0,1,0
TF,JULBO,33.139764,-106.038967,0, ,0.0,0.0,0.0,0.0,2,12000,0,0,0,0,0,0
AF,CIDMA,33.053881,-105.860842,2,HMN,37.4,17.0,2.0,2,10500,0,0,0,0,0,0
TF,ODOXE,33.031525,-105.890303,0, ,0.0,0.0,0.0,0.0,2,9800,0,0,0,0,0,0
TF,CIGID,32.997956,-105.934442,0, ,0.0,0.0,0.0,0.0,2,8400,0,0,0,0,1,0
TF,HUXOG,32.975572,-105.963858,0, ,0.0,0.0,0.0,0.0,2,8000,0,0,0,0,0,0
CF,JIPVI,32.953183,-105.993261,0,IHMN,37.8,9.8,218.0,2.0,2,7100,0,0,0,0,0,0

FINAL,I22,22,I,3
IF,JIPVI,32.953183,-105.993261,IHMN,37.8,9.8,2,7100,0,0,0,0,0,0
CF,HOLIX,32.921403,-106.034947,0,IHMN,37.8,7.0,218.0,2.8,1,5700,0,0,0,0,2,0
CF,RW22,32.866322,-106.107114,0,IHMN,37.8,2.0,218.0,4.9,1,4134,0,0,0,0,3,0
CA,0,218.0,2,5000,0,0,0,0,0,0
CF,JOBAM,33.035589,-106.228075,2,HMN,320.0,12.0,320.0,12.0,2,7000,0,0,0,0,0,0
HM,JOBAM,33.035589,-106.228075,2, ,0.0,0.0,140.0,05,3,10000,0,1,265,0,0,0,0

APPTR,R16,16,JEMTO
HF,JEMTO,33.107369,-106.169475,1, ,0.0,0.0,158.0,07,1,8000,0,1,265,0,1,0,0

FINAL,R16,16,R,4
IF,JEMTO,33.107369,-106.169475, ,0.0,0.0,2,8000,0,0,0,0,0,0
TF,FAGUS,33.042189,-106.152714,0, ,0.0,0.0,158.0,4.0,2,6900,0,0,0,0,0,0
TF,FETER,32.957386,-106.130950,0, ,0.0,0.0,158.0,5.2,2,5800,0,0,0,0,2,0
TF,RW16,32.866594,-106.107692,0, ,0.0,0.0,158.0,5.6,1,4134,0,0,0,0,3,1
CA,0,158.0,2,5000,0,0,0,0,0,0
DF,JOBAM,33.035589,-106.228075,2, ,0.0,0.0,2,7000,0,0,0,0,0,1
HM,JOBAM,33.035589,-106.228075,2, ,0.0,0.0,140.0,05,3,10000,0,1,265,0,0,0,0

APPTR,R22,22,KASTL
IF,KASTL,33.120892,-105.772358, ,0.0,0.0,2,11000,0,0,0,0,1,0
TF,COPOR,33.076222,-105.831361,0, ,0.0,0.0,0.0,0.0,2,10200,0,0,0,0,0,0
TF,DACAG,33.023656,-105.900672,0, ,0.0,0.0,0.0,0.0,2,10000,0,0,0,0,0,0
TF,LEVAK,32.990108,-105.944831,0, ,0.0,0.0,0.0,0.0,2,7600,0,0,0,0,1,0

FINAL,R22,22,R,5
IF,LEVAK,32.990108,-105.944831, ,0.0,0.0,2,7600,0,0,0,0,0,0
TF,DANLE,32.960614,-105.983572,0, ,0.0,0.0,218.0,2.6,2,6800,0,0,0,0,0,0
TF,CIMVU,32.921419,-106.034992,0, ,0.0,0.0,218.0,3.5,2,5700,0,0,0,0,2,0
TF,JOGDI,32.893875,-106.071064,0, ,0.0,0.0,218.0,2.5,2,4900,0,0,0,0,0,0
TF,RW22,32.866322,-106.107114,0, ,0.0,0.0,218.0,2.5,1,4134,0,0,0,0,3,1
CA,0,218.0,2,5000,0,0,0,0,0,0
DF,JOBAM,33.035589,-106.228075,2, ,0.0,0.0,2,7000,0,0,0,0,0,1
HM,JOBAM,33.035589,-106.228075,2, ,0.0,0.0,140.0,05,3,10000,0,1,265,0,0,0,0

FINAL,R34,34,R,3
IF,WINOK,32.621781,-106.045233, ,0.0,0.0,2,7000,0,0,0,0,1,0
TF,DANNK,32.752383,-106.078511,0, ,0.0,0.0,338.0,8.0,2,5500,0,0,0,0,2,0
TF,RW34,32.834003,-106.099358,0, ,0.0,0.0,338.0,5.0,1,4093,0,0,0,0,3,1
CA,0,338.0,2,4800,0,0,0,0,0,0
DF,FAVAT,33.143864,-106.067997,0, ,0.0,0.0,1,10000,0,0,0,0,0,1
HM,FAVAT,33.143864,-106.067997,1, ,0.0,0.0,337.0,07,1,10000,0,0,0,0,0,0,0

APPTR,T16,16,FITZZ
IF,FITZZ,32.786378,-105.723858, ,0.0,0.0,2,13000,0,0,0,0,1,0
TF,FIBOD,32.797811,-105.781606,0, ,0.0,0.0,0.0,0.0,0,0,0,0,0,0,0,0
AF,FIRIK,33.079383,-105.892375,1,HMN,30.0,17.0,93.0,2,13000,0,0,0,0,0,0
AF,TULEE,33.128814,-105.993731,1,HMN,10.0,17.0,30.0,2,11000,0,0,0,0,0,0
AF,FODSU,33.143214,-106.156086,1,HMN,342.0,17.0,10.0,0,0,0,0,0,0,0,0
TF,FORUR,33.044003,-106.139475,0, ,0.0,0.0,0.0,0.0,2,7500,0,0,0,0,1,0

APPTR,T16,16,FODSU
IF,FODSU,33.143214,-106.156086, ,0.0,0.0,2,9000,0,0,0,0,1,0
TF,FORUR,33.044003,-106.139475,0, ,0.0,0.0,0.0,0.0,2,7500,0,0,0,0,1,0

APPTR,T16,16,ZOVOS
IF,ZOVOS,33.221419,-106.018250, ,0.0,0.0,2,13000,0,0,0,0,1,0
TF,CFHMN,33.098222,-106.148547,0, ,0.0,0.0,0.0,0.0,0,0,0,0,0,0,0,0
TF,FORUR,33.044003,-106.139475,0, ,0.0,0.0,0.0,0.0,2,7500,0,0,0,0,1,0

FINAL,T16,16,D,3
IF,FORUR,33.044003,-106.139475,HMN,342.0,11.0,2,7500,0,0,0,0,0,0
CF,HANUL,32.944786,-106.122903,0,HMN,342.0,5.0,162.0,6.0,2,5600,0,0,0,0,2,0
CF,JEKRA,32.874669,-106.111217,0,HMN,342.0,0.8,162.0,4.2,1,4290,0,0,0,0,3,0
CA,0,162.0,2,5000,0,0,0,0,0,0
CF,JOBAM,33.035589,-106.228075,2,HMN,320.0,12.0,320.0,11.0,2,7000,0,0,0,0,0,0
HM,JOBAM,33.035589,-106.228075,2, ,0.0,0.0,140.0,05,3,10000,0,1,265,0,0,0,0

APPTR,T22,22,FITZZ
IF,FITZZ,32.786378,-105.723858, ,0.0,0.0,2,13000,0,0,0,0,1,0
TF,FIBOD,32.797811,-105.781606,0, ,0.0,0.0,0.0,0.0,2,13000,0,0,0,0,0,0
AF,FEPUN,32.910961,-105.777675,1,HMN,70.0,17.0,93.0,2,12000,0,0,0,0,0,0
AF,OGEPE,33.003706,-105.817350,1,HMN,50.0,17.0,70.0,2,11000,0,0,0,0,0,0
AF,FAPNI,33.066094,-105.874919,1,HMN,34.0,17.0,50.0,2,10500,0,0,0,0,0,0
TF,LESKY,33.054106,-105.888728,0, ,0.0,0.0,0.0,0.0,2,9800,0,0,0,0,0,0
TF,WUSBO,33.042119,-105.902531,0, ,0.0,0.0,0.0,0.0,2,9100,0,0,0,0,0,0
TF,WOKEB,33.030128,-105.916328,0, ,0.0,0.0,0.0,0.0,2,8300,0,0,0,0,1,0

APPTR,T22,22,MONGO
IF,MONGO,33.102047,-105.833478, ,0.0,0.0,2,13000,0,0,0,0,1,0
TF,FAPNI,33.066094,-105.874919,0, ,0.0,0.0,0.0,0.0,2,10500,0,0,0,0,0,0
TF,LESKY,33.054106,-105.888728,0, ,0.0,0.0,0.0,0.0,2,9800,0,0,0,0,0,0
TF,WUSBO,33.042119,-105.902531,0, ,0.0,0.0,0.0,0.0,2,9100,0,0,0,0,0,0
TF,WOKEB,33.030128,-105.916328,0, ,0.0,0.0,0.0,0.0,2,8300,0,0,0,0,1,0

APPTR,T22,22,ZOVOS
IF,ZOVOS,33.221419,-106.018250, ,0.0,0.0,2,13000,0,0,0,0,1,0
TF,JULBO,33.139764,-106.038967,0, ,0.0,0.0,0.0,0.0,2,13000,0,0,0,0,0,0
AF,FAPNI,33.066094,-105.874919,2,HMN,34.0,17.0,2.0,2,10500,0,0,0,0,0,0
TF,LESKY,33.054106,-105.888728,0, ,0.0,0.0,0.0,0.0,2,9800,0,0,0,0,0,0
TF,WUSBO,33.042119,-105.902531,0, ,0.0,0.0,0.0,0.0,2,9100,0,0,0,0,0,0
TF,WOKEB,33.030128,-105.916328,0, ,0.0,0.0,0.0,0.0,2,8300,0,0,0,0,1,0

FINAL,T22,22,D,8
IF,WOKEB,33.030128,-105.916328,HMN,34.0,14.0,2,8300,0,0,0,0,0,0
CF,FAMLO,32.994147,-105.957703,0,HMN,34.0,11.0,214.0,3.0,2,7400,0,0,0,0,0,0
CF,PEATE,32.976153,-105.978378,0,HMN,34.0,9.5,214.0,1.5,2,7000,0,0,0,0,0,0
CF,JEREV,32.958153,-105.999044,0,HMN,34.0,8.0,214.0,1.5,2,6600,0,0,0,0,0,0
CF,LLAWN,32.940153,-106.019703,0,HMN,34.0,6.5,214.0,1.5,2,6200,0,0,0,0,0,0
CF,CUVMA,32.922147,-106.040350,0,HMN,34.0,5.0,214.0,1.5,2,5800,0,0,0,0,2,0
CF,SUMVE,32.896933,-106.069247,0,HMN,34.0,2.9,214.0,2.1,2,4980,0,0,0,0,0,0
CF,CUTNU,32.871111,-106.098811,0,HMN,34.0,0.8,214.0,2.2,1,4312,0,0,0,0,3,0
CA,0,214.0,2,5000,0,0,0,0,0,0
CF,JOBAM,33.035589,-106.228075,2,HMN,320.0,12.0,320.0,11.0,2,7000,0,0,0,0,0,0
HM,JOBAM,33.035589,-106.228075,2, ,0.0,0.0,140.0,05,3,10000,0,1,265,0,0,0,0

APPTR,T34,34,FITZZ
IF,FITZZ,32.786378,-105.723858, ,0.0,0.0,2,13000,0,0,0,0,1,0
TF,HEBUL,32.816811,-105.877886,0, ,0.0,0.0,0.0,0.0,2,13000,0,0,0,0,0,0
TF,HMN,32.862103,-106.109122,0, ,0.0,0.0,0.0,0.0,0,0,0,0,0,0,0,0
TF,HEGDI,32.631850,-106.157103,0, ,0.0,0.0,0.0,0.0,2,10000,0,0,0,0,0,0
AF,HEVTU,32.637339,-106.032958,1,HMN,154.0,14.0,180.0,2,6900,0,0,0,0,1,0

APPTR,T34,34,ZOVOS
IF,ZOVOS,33.221419,-106.018250, ,0.0,0.0,2,13000,0,0,0,0,1,0
TF,LAYKZ,33.058103,-106.059647,0, ,0.0,0.0,0.0,0.0,2,13000,0,0,0,0,0,0
TF,HMN,32.862103,-106.109122,0, ,0.0,0.0,0.0,0.0,0,0,0,0,0,0,0,0
TF,HEGDI,32.631850,-106.157103,0, ,0.0,0.0,0.0,0.0,2,10000,0,0,0,0,0,0
AF,HEVTU,32.637339,-106.032958,1,HMN,154.0,14.0,180.0,2,6900,0,0,0,0,1,0

FINAL,T34,34,D,3
IF,HEVTU,32.637339,-106.032958,HMN,154.0,14.0,2,6900,0,0,0,0,0,0
CF,HIBSI,32.749728,-106.070992,0,HMN,154.0,7.0,334.0,7.0,2,5600,0,0,0,0,2,0
CF,HODMI,32.825181,-106.096583,0,HMN,154.0,2.3,334.0,4.7,1,4250,0,0,0,0,3,0
CA,0,334.0,2,5000,0,0,0,0,0,0
CF,JOBAM,33.035589,-106.228075,0,HMN,320.0,12.0,320.0,11.0,2,7000,0,0,0,0,0,0
HM,JOBAM,33.035589,-106.228075,2, ,0.0,0.0,140.0,05,3,10000,0,1,265,0,0,0,0

