APPTR,L06,06,RDU
IF,RDU,35.872522,-78.783342, ,0.0,0.0,0,0,0,0,0,0,0,0
TF,HXO,36.301222,-78.618511,0, ,0.0,0.0,0.0,0.0,2,3000,0,0,0,0,0,0
HF,HXO,36.301222,-78.618511,2, ,0.0,0.0,60.0,04.3,2,2600,0,0,0,0,1,0,0

APPTR,L06,06,SBV
IF,SBV,36.675039,-79.014500, ,0.0,0.0,0,0,0,0,0,0,0,0
TF,HXO,36.301222,-78.618511,0, ,0.0,0.0,0.0,0.0,2,3000,0,0,0,0,0,0
HF,HXO,36.301222,-78.618511,2, ,0.0,0.0,60.0,04.3,2,2600,0,0,0,0,1,0,0

FINAL,L06,06,D,3
IF,CFBDS,36.260672,-78.684003,IHNZ,240.2,10.1,2,2600,0,0,0,0,0,0
CF,HXO,36.301222,-78.618511,0,IHNZ,239.3,6.1,60.0,4.0,2,2400,0,0,0,0,2,0
CF,RW06,36.356408,-78.537106,0,IHNZ,240.2,1.0,60.0,5.2,1,576,0,0,0,0,3,0
CA,0,60.0,2,1200,0,0,0,0,0,0
DF,HXO,36.301222,-78.618511,2, ,0.0,0.0,2,2600,0,0,0,0,0,0
HM,HXO,36.301222,-78.618511,2, ,0.0,0.0,60.0,04.3,0,0,0,0,0,0,0,0,0

APPTR,R06,06,KOVPE
HF,KOVPE,36.230722,-78.729669,2, ,0.0,0.0,60.0,04,2,3000,0,0,0,0,1,0,0

APPTR,R06,06,WEGIT
IF,WEGIT,36.113853,-78.613278, ,0.0,0.0,0,0,0,0,0,0,1,0
TF,KOVPE,36.230722,-78.729669,0, ,0.0,0.0,0.0,0.0,2,3000,0,0,0,0,1,0

APPTR,R06,06,YETVU
IF,YETVU,36.347475,-78.846408, ,0.0,0.0,0,0,0,0,0,0,1,0
TF,KOVPE,36.230722,-78.729669,0, ,0.0,0.0,0.0,0.0,2,3000,0,0,0,0,1,0

FINAL,R06,06,R,4
IF,KOVPE,36.230722,-78.729669, ,0.0,0.0,2,3000,0,0,0,0,0,0
TF,UCELU,36.293203,-78.634147,0, ,0.0,0.0,60.0,6.0,2,2500,0,0,0,0,2,0
TF,HAXEG,36.335486,-78.569256,0, ,0.0,0.0,60.0,4.0,2,1200,0,0,0,0,0,0
TF,RW06,36.356408,-78.537106,0, ,0.0,0.0,60.0,2.0,1,576,0,0,0,0,3,1
CA,0,60.0,2,810,0,0,0,0,0,0
DF,VEKUC,36.482214,-78.343094,0, ,0.0,0.0,2,3000,0,0,0,0,0,1
HM,VEKUC,36.482214,-78.343094,2, ,0.0,0.0,240.0,04,0,0,0,0,0,0,0,0,0

APPTR,R24,24,TMAAC
IF,TMAAC,36.404017,-78.265675, ,0.0,0.0,0,0,0,0,0,0,1,0
TF,VEKUC,36.482214,-78.343094,0, ,0.0,0.0,0.0,0.0,2,3000,0,0,0,0,1,0

APPTR,R24,24,VEKUC
HF,VEKUC,36.482214,-78.343094,2, ,0.0,0.0,240.0,04,2,3000,0,0,0,0,1,0,0

APPTR,R24,24,ZEPLA
IF,ZEPLA,36.560361,-78.420669, ,0.0,0.0,0,0,0,0,0,0,1,0
TF,VEKUC,36.482214,-78.343094,0, ,0.0,0.0,0.0,0.0,2,3000,0,0,0,0,1,0

FINAL,R24,24,R,4
IF,VEKUC,36.482214,-78.343094, ,0.0,0.0,2,3000,0,0,0,0,0,0
TF,OYISE,36.430014,-78.423733,0, ,0.0,0.0,240.0,5.0,2,2500,0,0,0,0,2,0
TF,XOJZY,36.386781,-78.490369,0, ,0.0,0.0,240.0,4.1,2,1180,0,0,0,0,0,0
TF,RW24,36.365875,-78.522547,0, ,0.0,0.0,240.0,2.0,1,545,0,0,0,0,3,1
CA,0,240.0,2,773,0,0,0,0,0,0
DF,KOVPE,36.230722,-78.729669,0, ,0.0,0.0,2,3000,0,0,0,0,0,1
HM,KOVPE,36.230722,-78.729669,2, ,0.0,0.0,60.0,04,0,0,0,0,0,0,0,0,0

