APPTR,I36,36,SAMMY
IF,SAMMY,30.178053,-86.670169, ,0.0,0.0,2,1600,0,0,0,0,1,0
CF,TESNE,30.311486,-86.679269,0,IHRT,179.0,8.0,358.0,8.0,2,1500,0,0,0,0,0,0

FINAL,I36,36,I,3
IF,TESNE,30.311486,-86.679269,IHRT,179.0,8.0,2,1500,0,0,0,0,0,0
CF,WETGO,30.340719,-86.682244,0,IHRT,179.3,6.3,358.0,1.8,1,1300,0,0,0,0,2,0
CF,RW36,30.415753,-86.687731,0,IHRT,179.0,1.8,358.0,4.5,1,86,0,0,0,0,3,0
CA,0,358.0,2,438,0,0,0,0,0,0
CF,ORTIZ,30.611797,-86.690289,0,HRT,0.0,11.0,360.0,10.7,2,1800,0,0,0,0,0,0
HM,ORTIZ,30.611797,-86.690289,2, ,0.0,0.0,180.0,05,0,0,0,1,230,0,0,0,0

APPTR,R18,18,EVACI
IF,EVACI,30.653656,-86.513406, ,0.0,0.0,2,1800,0,0,0,0,1,0
TF,VLAAD,30.642053,-86.706150,0, ,0.0,0.0,0.0,0.0,1,1800,0,0,0,0,1,0

APPTR,R18,18,FANTU
IF,FANTU,30.630167,-86.898847, ,0.0,0.0,2,1800,0,0,0,0,1,0
TF,VLAAD,30.642053,-86.706150,0, ,0.0,0.0,0.0,0.0,1,1800,0,0,0,0,1,0

APPTR,R18,18,VLAAD
HF,VLAAD,30.642053,-86.706150,2, ,0.0,0.0,179.0,05,1,1800,0,1,230,0,1,0,0

FINAL,R18,18,R,3
IF,VLAAD,30.642053,-86.706150, ,0.0,0.0,1,1800,0,0,0,0,0,0
TF,BASDE,30.542069,-86.698008,0, ,0.0,0.0,179.0,6.0,2,1700,0,0,0,0,2,0
TF,RW18,30.442083,-86.689872,0, ,0.0,0.0,179.0,6.0,1,78,0,0,0,0,3,1
CA,0,179.0,2,285,0,0,0,0,0,0
DF,CAKIB,30.215775,-86.671514,0, ,0.0,0.0,2,1800,0,0,0,0,0,1
HM,CAKIB,30.215775,-86.671514,1, ,0.0,0.0,179.0,05,3,3800,0,1,230,0,0,0,0

APPTR,R36,36,ALURE
IF,ALURE,30.227353,-86.479603, ,0.0,0.0,2,1800,0,0,0,0,1,0
TF,CAKIB,30.215775,-86.671514,0, ,0.0,0.0,0.0,0.0,1,1800,0,0,0,0,1,0

APPTR,R36,36,CAKIB
HF,CAKIB,30.215775,-86.671514,2, ,0.0,0.0,359.0,05,1,1800,0,1,230,0,1,0,0

APPTR,R36,36,CAMAM
IF,CAMAM,30.203922,-86.863381, ,0.0,0.0,2,1800,0,0,0,0,1,0
TF,CAKIB,30.215775,-86.671514,0, ,0.0,0.0,0.0,0.0,1,1800,0,0,0,0,1,0

FINAL,R36,36,R,3
IF,CAKIB,30.215775,-86.671514, ,0.0,0.0,1,1800,0,0,0,0,0,0
TF,JASPR,30.315764,-86.679614,0, ,0.0,0.0,359.0,6.0,2,1700,0,0,0,0,2,0
TF,RW36,30.415753,-86.687731,0, ,0.0,0.0,359.0,6.0,1,86,0,0,0,0,3,1
CA,0,359.0,2,237,0,0,0,0,0,0
DF,VLAAD,30.642053,-86.706150,0, ,0.0,0.0,1,3000,0,0,0,0,0,1
HM,VLAAD,30.642053,-86.706150,2, ,0.0,0.0,359.0,05,0,0,0,1,230,0,0,0,0

APPTR,T18,18,ORTIZ
HF,ORTIZ,30.611797,-86.690289,2, ,0.0,0.0,180.0,05,2,1700,0,1,230,0,1,0,0
TF,BEBDE,30.544975,-86.690289,0, ,0.0,0.0,0.0,0.0,2,1500,0,0,0,0,0,0

FINAL,T18,18,D,4
IF,BEBDE,30.544975,-86.690289,HRT,0.0,7.0,2,1500,0,0,0,0,0,0
CF,JEDAD,30.511564,-86.690289,0,HRT,0.0,5.0,180.0,2.0,2,1300,0,0,0,0,2,0
CF,MENBE,30.483164,-86.690289,0,HRT,0.0,3.3,180.0,1.7,2,720,0,0,0,0,0,0
CF,OODEE,30.450419,-86.690289,0,HRT,0.1,1.3,180.0,2.0,1,233,0,0,0,0,3,0
CA,0,180.0,2,440,0,0,0,0,0,0
CF,HAMBI,30.246056,-86.660831,0,HRT,172.0,11.0,172.0,11.3,2,1800,0,0,0,0,0,0
HM,HAMBI,30.246056,-86.660831,1, ,0.0,0.0,352.0,05,0,0,0,1,230,0,0,0,0

APPTR,T36,36,HAMBI
HF,HAMBI,30.246056,-86.660831,1, ,0.0,0.0,352.0,05,2,1600,0,1,230,0,1,0,0
TF,ZIPOD,30.312231,-86.671531,0, ,0.0,0.0,0.0,0.0,2,1500,0,0,0,0,0,0

FINAL,T36,36,D,3
IF,ZIPOD,30.312231,-86.671531,HRT,172.0,7.0,2,1500,0,0,0,0,0,0
CF,WIXES,30.345319,-86.676886,0,HRT,172.0,5.0,352.0,2.0,2,1200,0,0,0,0,2,0
CF,EMVEE,30.404047,-86.686400,0,HRT,171.9,1.5,352.0,3.5,1,275,0,0,0,0,3,0
CA,0,352.0,2,440,0,0,0,0,0,0
CF,ORTIZ,30.611797,-86.690289,0,HRT,0.0,11.0,360.0,11.4,2,1800,0,0,0,0,0,0
HM,ORTIZ,30.611797,-86.690289,2, ,0.0,0.0,180.0,05,0,0,0,1,230,0,0,0,0

