APPTR,R01,01,MIZZA
IF,MIZZA,39.497058,-84.456742, ,0.0,0.0,0,0,0,0,0,0,0,0
TF,WUSPU,39.253967,-84.271419,0, ,0.0,0.0,0.0,0.0,2,2800,0,0,0,0,0,1
HF,WUSPU,39.253967,-84.271419,2, ,0.0,0.0,9.0,04,2,2800,0,0,0,0,1,0,0

FINAL,R01,01,R,3
IF,WUSPU,39.253967,-84.271419, ,0.0,0.0,2,2800,0,0,0,0,0,0
TF,ZAMHO,39.380033,-84.259572,0, ,0.0,0.0,9.0,7.6,2,2500,0,0,0,0,2,0
TF,RW01,39.456269,-84.252403,0, ,0.0,0.0,9.0,4.6,1,944,0,0,0,0,3,1
CA,0,9.0,2,1400,0,0,0,0,0,0
DF,ELIHO,39.684553,-84.359564,0, ,0.0,0.0,2,3000,0,0,0,0,0,1
HM,ELIHO,39.684553,-84.359564,2, ,0.0,0.0,114.0,04,0,0,0,0,0,0,0,0,0

APPTR,R19,19,SHIRT
IF,SHIRT,39.632978,-83.571150, ,0.0,0.0,0,0,0,0,0,0,0,0
TF,OSDIE,39.686847,-84.154050,0, ,0.0,0.0,0.0,0.0,2,3000,0,0,0,0,1,0
TF,YOVUC,39.633381,-84.235667,0, ,0.0,0.0,0.0,0.0,2,3000,0,0,0,0,1,0

APPTR,R19,19,ZAKIT
IF,ZAKIT,39.724506,-84.338856, ,0.0,0.0,0,0,0,0,0,0,1,0
TF,YOVUC,39.633381,-84.235667,0, ,0.0,0.0,0.0,0.0,2,3000,0,0,0,0,1,0

FINAL,R19,19,R,4
IF,YOVUC,39.633381,-84.235667, ,0.0,0.0,2,3000,0,0,0,0,0,0
TF,LULOC,39.538183,-84.244675,0, ,0.0,0.0,189.0,5.7,2,2500,0,0,0,0,2,0
TF,XODJI,39.491628,-84.249069,0, ,0.0,0.0,189.0,2.8,2,1460,0,0,0,0,0,0
TF,RW19,39.468333,-84.251267,0, ,0.0,0.0,189.0,1.4,1,940,0,0,0,0,3,1
CA,0,189.0,2,1280,0,0,0,0,0,0
DF,WUSPU,39.253967,-84.271419,0, ,0.0,0.0,2,3000,0,0,0,0,0,1
HM,WUSPU,39.253967,-84.271419,2, ,0.0,0.0,9.0,04,0,0,0,0,0,0,0,0,0

