APPTR,R04,04,JAGXA
HF,JAGXA,38.912994,-84.366492,2, ,0.0,0.0,40.0,04,2,2500,0,0,0,0,1,0,0

APPTR,R04,04,JOTPA
IF,JOTPA,38.792128,-84.263728, ,0.0,0.0,0,0,0,0,0,0,1,0
TF,JAGXA,38.912994,-84.366492,0, ,0.0,0.0,0.0,0.0,2,2500,0,0,0,0,1,0

FINAL,R04,04,R,4
IF,JAGXA,38.912994,-84.366492, ,0.0,0.0,2,2500,0,0,0,0,0,0
TF,LICAJ,39.007069,-84.277717,0, ,0.0,0.0,40.0,7.0,2,2500,0,0,0,0,2,0
TF,WUPGO,39.047147,-84.239806,0, ,0.0,0.0,40.0,3.0,2,1540,0,0,0,0,0,0
TF,RW04,39.075331,-84.213114,0, ,0.0,0.0,40.0,2.1,1,880,0,0,0,0,3,1
CA,0,40.0,2,1243,0,0,0,0,0,0
DF,JERAL,39.245511,-84.051322,0, ,0.0,0.0,2,2600,0,0,0,0,0,1
HM,JERAL,39.245511,-84.051322,2, ,0.0,0.0,221.0,04,0,0,0,0,0,0,0,0,0

APPTR,R22,22,JERAL
HF,JERAL,39.245511,-84.051322,2, ,0.0,0.0,221.0,04,2,2600,0,0,0,0,1,0,0

FINAL,R22,22,R,4
IF,JERAL,39.245511,-84.051322, ,0.0,0.0,2,2600,0,0,0,0,0,0
TF,GOSCE,39.152142,-84.140231,0, ,0.0,0.0,221.0,7.0,2,2500,0,0,0,0,2,0
TF,JEDIX,39.106656,-84.183417,0, ,0.0,0.0,220.0,3.4,2,1420,0,0,0,0,0,0
TF,RW22,39.082333,-84.206478,0, ,0.0,0.0,220.0,1.8,1,863,0,0,0,0,3,1
CA,0,220.0,2,1160,0,0,0,0,0,0
DF,JAGXA,38.912994,-84.366492,0, ,0.0,0.0,2,2500,0,0,0,0,0,1
HM,JAGXA,38.912994,-84.366492,2, ,0.0,0.0,40.0,04,0,0,0,0,0,0,0,0,0

