APPTR,R26-A,26,EIKON
HF,EIKON,39.710022,-84.040278,2, ,0.0,0.0,264.0,04,2,3000,0,0,0,0,1,0,0

FINAL,R26-A,26,R,4
IF,EIKON,39.710022,-84.040278, ,0.0,0.0,2,3000,0,0,0,0,0,0
TF,LYLLY,39.698186,-84.125286,0, ,0.0,0.0,264.0,4.0,2,3000,0,0,0,0,2,0
TF,HAVEK,39.689869,-84.184736,0, ,0.0,0.0,264.0,2.8,2,1780,0,0,0,0,0,0
TF,RW26,39.682903,-84.234356,0, ,0.0,0.0,264.0,2.3,1,760,0,0,0,0,3,1
CA,0,264.0,2,1500,0,0,0,0,0,0
DF,EIKON,39.710022,-84.040278,1, ,0.0,0.0,2,3000,0,0,0,0,0,1
HM,EIKON,39.710022,-84.040278,2, ,0.0,0.0,264.0,04,0,0,0,0,0,0,0,0,0

