APPTR,R10,10,RICKZ
HF,RICKZ,37.807014,-86.677842,2, ,0.0,0.0,101.0,04,2,4000,0,0,0,0,1,0,0

FINAL,R10,10,R,3
IF,RICKZ,37.807014,-86.677842, ,0.0,0.0,2,4000,0,0,0,0,0,0
TF,ERESE,37.795828,-86.558008,0, ,0.0,0.0,101.0,5.7,2,2500,0,0,0,0,2,0
TF,RW10,37.785461,-86.448139,0, ,0.0,0.0,101.0,5.3,1,768,0,0,0,0,3,1
CA,0,101.0,2,1036,0,0,0,0,0,0
DF,MCHLL,37.762128,-86.204836,0, ,0.0,0.0,2,4000,0,0,0,0,0,1
HM,MCHLL,37.762128,-86.204836,2, ,0.0,0.0,281.0,04,2,4000,0,0,0,0,0,0,0

APPTR,R28,28,MCHLL
HF,MCHLL,37.762128,-86.204836,2, ,0.0,0.0,281.0,04,2,4000,0,0,0,0,1,0,0

FINAL,R28,28,R,4
IF,MCHLL,37.762128,-86.204836, ,0.0,0.0,2,4000,0,0,0,0,0,0
TF,BOITE,37.773408,-86.321803,0, ,0.0,0.0,281.0,5.6,2,2500,0,0,0,0,2,0
TF,MOPAE,37.778592,-86.375950,0, ,0.0,0.0,281.0,2.6,2,1660,0,0,0,0,0,0
TF,RW28,37.784156,-86.434394,0, ,0.0,0.0,281.0,2.8,1,782,0,0,0,0,3,1
CA,0,281.0,2,1040,0,0,0,0,0,0
DF,RICKZ,37.807014,-86.677842,0, ,0.0,0.0,2,4000,0,0,0,0,0,1
HM,RICKZ,37.807014,-86.677842,2, ,0.0,0.0,101.0,04,2,4000,0,0,0,0,0,0,0

