APPTR,R25,25,BUCKA
HF,BUCKA,41.708114,-91.288214,2, ,0.0,0.0,252.0,04,2,3300,0,0,0,0,1,0,0

FINAL,R25,25,R,5
IF,BUCKA,41.708114,-91.288214, ,0.0,0.0,2,3300,0,0,0,0,0,0
TF,HEWRI,41.686369,-91.372450,0, ,0.0,0.0,252.0,4.0,2,2800,0,0,0,0,0,0
TF,GRAFY,41.670214,-91.434772,0, ,0.0,0.0,252.0,3.0,2,2300,0,0,0,0,2,0
TF,ROLOC,41.655478,-91.491514,0, ,0.0,0.0,252.0,2.7,2,1440,0,0,0,0,0,0
TF,RW25,41.642611,-91.540947,0, ,0.0,0.0,252.0,2.4,1,691,0,0,0,0,3,1
CA,0,252.0,2,1200,0,0,0,0,0,0
DF,IOW,41.518961,-91.613253,0, ,0.0,0.0,2,2600,0,0,0,0,0,1
HM,IOW,41.518961,-91.613253,2, ,0.0,0.0,352.0,04,2,2600,0,0,0,0,0,0,0

APPTR,R30,30,ICWAR
HF,ICWAR,41.527739,-91.333414,2, ,0.0,0.0,306.0,04,2,3000,0,0,0,0,1,0,0

FINAL,R30,30,R,4
IF,ICWAR,41.527739,-91.333414, ,0.0,0.0,2,3000,0,0,0,0,0,0
TF,CURTT,41.584806,-91.442811,0, ,0.0,0.0,306.0,6.0,2,2400,0,0,0,0,2,0
TF,VANNE,41.614242,-91.499419,0, ,0.0,0.0,306.0,3.1,2,1400,0,0,0,0,0,0
TF,RW30,41.635819,-91.540986,0, ,0.0,0.0,306.0,2.3,1,689,0,0,0,0,3,1
CA,0,306.0,2,1800,0,0,0,0,0,0
DF,IOW,41.518961,-91.613253,1, ,0.0,0.0,2,3000,0,0,0,0,0,1
HM,IOW,41.518961,-91.613253,2, ,0.0,0.0,352.0,04,0,0,0,0,0,0,0,0,0

APPTR,V07-A,07,IOW
PI,IOW,41.518961,-91.613253,1,IOW,242.0,10.0,197,5.0,2,2300,0,0,0,0,1,0
CF,IOW,41.518961,-91.613253,0,IOW,0.0,0.0,17.0,8.0,2,2300,0,0,0,0,0,0

FINAL,V07-A,07,D,2
IF,IOW,41.518961,-91.613253,IOW,0.0,0.0,2,2300,0,0,0,0,2,0
CF,NUYIB,41.635881,-91.549928,0,IOW,17.1,7.6,17.0,7.6,1,1300,0,0,0,0,3,0
CA,0,17.0,2,1300,0,0,0,0,0,0
DF,IOW,41.518961,-91.613253,1, ,0.0,0.0,2,2600,0,0,0,0,0,0
HM,IOW,41.518961,-91.613253,1, ,0.0,0.0,17.0,04.3,0,0,0,0,0,0,0,0,0

APPTR,V12-A,12,IOW
PI,IOW,41.518961,-91.613253,1,IOW,242.0,10.0,197,5.0,2,2300,0,0,0,0,1,0
CF,IOW,41.518961,-91.613253,0,IOW,0.0,0.0,17.0,8.0,2,2300,0,0,0,0,0,0

FINAL,V12-A,12,D,2
IF,IOW,41.518961,-91.613253,IOW,0.0,0.0,2,2300,0,0,0,0,2,0
CF,NUYIB,41.635881,-91.549928,0,IOW,17.1,7.6,17.0,7.6,1,1300,0,0,0,0,3,0
CA,0,17.0,2,1300,0,0,0,0,0,0
DF,IOW,41.518961,-91.613253,1, ,0.0,0.0,2,2600,0,0,0,0,0,0
HM,IOW,41.518961,-91.613253,1, ,0.0,0.0,17.0,04.3,0,0,0,0,0,0,0,0,0

APPTR,V25-A,25,IOW
PI,IOW,41.518961,-91.613253,1,IOW,242.0,10.0,197,5.0,2,2300,0,0,0,0,1,0
CF,IOW,41.518961,-91.613253,0,IOW,0.0,0.0,17.0,8.0,2,2300,0,0,0,0,0,0

FINAL,V25-A,25,D,2
IF,IOW,41.518961,-91.613253,IOW,0.0,0.0,2,2300,0,0,0,0,2,0
CF,NUYIB,41.635881,-91.549928,0,IOW,17.1,7.6,17.0,7.6,1,1300,0,0,0,0,3,0
CA,0,17.0,2,1300,0,0,0,0,0,0
DF,IOW,41.518961,-91.613253,1, ,0.0,0.0,2,2600,0,0,0,0,0,0
HM,IOW,41.518961,-91.613253,1, ,0.0,0.0,17.0,04.3,0,0,0,0,0,0,0,0,0

APPTR,V30-A,30,IOW
PI,IOW,41.518961,-91.613253,1,IOW,242.0,10.0,197,5.0,2,2300,0,0,0,0,1,0
CF,IOW,41.518961,-91.613253,0,IOW,0.0,0.0,17.0,8.0,2,2300,0,0,0,0,0,0

FINAL,V30-A,30,D,2
IF,IOW,41.518961,-91.613253,IOW,0.0,0.0,2,2300,0,0,0,0,2,0
CF,NUYIB,41.635881,-91.549928,0,IOW,17.1,7.6,17.0,7.6,1,1300,0,0,0,0,3,0
CA,0,17.0,2,1300,0,0,0,0,0,0
DF,IOW,41.518961,-91.613253,1, ,0.0,0.0,2,2600,0,0,0,0,0,0
HM,IOW,41.518961,-91.613253,1, ,0.0,0.0,17.0,04.3,0,0,0,0,0,0,0,0,0

