APPTR,N19,19,IRS
PI,IRS,41.813144,-85.433786,1,VIO,30.0,10.0,345,5.0,2,2500,0,0,0,0,1,0
CF,FF19,41.897908,-85.472853,0,VIO,182.8,53.3,165.0,4.6,2,2500,0,0,0,0,0,0

FINAL,N19,19,N,3
IF,FF19,41.897908,-85.472853,IRS,0.0,0.0,2,2500,0,0,0,0,2,0
CF,EP19,41.821117,-85.437456,0,IRS,0.0,0.0,165.0,4.9,1,948,0,0,0,0,0,1
CF,IRS,41.813144,-85.433786,0,IRS,0.0,0.0,165.0,0.5,2,1325,0,0,0,0,3,1
CA,0,165.0,2,2500,0,0,0,0,0,0
DF,IRS,41.813144,-85.433786,1, ,0.0,0.0,0,0,0,0,0,0,0,0
HM,IRS,41.813144,-85.433786,1, ,0.0,0.0,165.0,04.3,0,0,0,0,0,0,0,0,0

APPTR,N24,24,IRS
PI,IRS,41.813144,-85.433786,2,VIO,11.0,10.0,056,5.0,2,2500,0,0,0,0,1,0
CF,FF24,41.864575,-85.345658,0,VIO,177.0,55.7,236.0,5.0,2,2500,0,0,0,0,0,0

FINAL,N24,24,N,2
IF,FF24,41.864575,-85.345658,IRS,0.0,0.0,2,2500,0,0,0,0,2,0
CF,RW24,41.816142,-85.430553,0,IRS,0.0,0.0,236.0,4.8,1,975,0,0,0,0,3,0
CF,IRS,41.813144,-85.433786,0,VIO,181.2,58.5,236.0,0.2,0,0,0,0,0,0,0,1
CA,0,236.0,2,2500,0,0,0,0,0,0
DF,IRS,41.813144,-85.433786,2, ,0.0,0.0,0,0,0,0,0,0,0,0
HM,IRS,41.813144,-85.433786,2, ,0.0,0.0,236.0,04.3,0,0,0,0,0,0,0,0,0

APPTR,R01,01,EYEZI
IF,EYEZI,41.624603,-85.328178, ,0.0,0.0,0,0,0,0,0,0,1,0
TF,JETKI,41.624206,-85.439514,0, ,0.0,0.0,0.0,0.0,2,3000,0,0,0,0,1,0

APPTR,R01,01,HERLU
IF,HERLU,41.623700,-85.550850, ,0.0,0.0,0,0,0,0,0,0,1,0
TF,JETKI,41.624206,-85.439514,0, ,0.0,0.0,0.0,0.0,2,3000,0,0,0,0,1,0

APPTR,R01,01,JETKI
HF,JETKI,41.624206,-85.439514,2, ,0.0,0.0,6.0,04,2,3000,0,0,0,0,1,0,0

FINAL,R01,01,R,3
IF,JETKI,41.624206,-85.439514, ,0.0,0.0,2,3000,0,0,0,0,0,0
TF,NUHTO,41.725969,-85.440247,0, ,0.0,0.0,6.0,6.1,2,2500,0,0,0,0,2,0
TF,RW01,41.805953,-85.440825,0, ,0.0,0.0,6.0,4.8,1,952,0,0,0,0,3,1
CA,0,6.0,2,1178,0,0,0,0,0,0
DF,UKANE,42.003639,-85.442264,0, ,0.0,0.0,2,2500,0,0,0,0,0,1
HM,UKANE,42.003639,-85.442264,2, ,0.0,0.0,186.0,04,0,0,0,0,0,0,0,0,0

APPTR,R19,19,NUPGE
IF,NUPGE,42.004556,-85.081608, ,0.0,0.0,0,0,0,0,0,0,0,0
TF,WIREP,42.045672,-85.345706,0, ,0.0,0.0,0.0,0.0,2,2500,0,0,0,0,1,0
TF,UKANE,42.003639,-85.442264,0, ,0.0,0.0,0.0,0.0,2,2500,0,0,0,0,1,0

APPTR,R19,19,RESGY
IF,RESGY,42.113925,-85.585281, ,0.0,0.0,0,0,0,0,0,0,1,0
TF,UKANE,42.003639,-85.442264,0, ,0.0,0.0,0.0,0.0,2,2500,0,0,0,0,1,0

APPTR,R19,19,UKANE
HF,UKANE,42.003639,-85.442264,2, ,0.0,0.0,186.0,04,2,2500,0,0,0,0,1,0,0

FINAL,R19,19,R,3
IF,UKANE,42.003639,-85.442264, ,0.0,0.0,2,2500,0,0,0,0,0,0
TF,ZUGDA,41.901475,-85.441517,0, ,0.0,0.0,186.0,6.1,2,2500,0,0,0,0,2,0
TF,RW19,41.820225,-85.440928,0, ,0.0,0.0,186.0,4.9,1,948,0,0,0,0,3,1
CA,0,186.0,2,1229,0,0,0,0,0,0
DF,JETKI,41.624206,-85.439514,0, ,0.0,0.0,2,3000,0,0,0,0,0,1
HM,JETKI,41.624206,-85.439514,2, ,0.0,0.0,6.0,04,0,0,0,0,0,0,0,0,0

