STAR,ALYNA4,BEAUX,4
IF,BEAUX,28.970197,-79.974775, ,0.0,0.0,0,0,0,0,0,0,0,0
TF,SURFR,28.830942,-80.474608,0, ,0.0,0.0,0.0,0.0,1,14000,0,0,0,0,0,0
TF,ALYNA,28.784825,-81.030539,0, ,0.0,0.0,0.0,0.0,0,0,0,0,0,0,0,0

STAR,ALYNA4,GRDON,4
IF,GRDON,29.377972,-80.646642, ,0.0,0.0,0,0,0,0,0,0,0,0
TF,TIMIE,29.013817,-80.740178,0, ,0.0,0.0,0.0,0.0,1,12000,0,0,0,0,0,0
TF,BURNE,28.882597,-80.780436,0, ,0.0,0.0,0.0,0.0,0,0,0,0,0,0,0,0
TF,ALYNA,28.784825,-81.030539,0, ,0.0,0.0,0.0,0.0,0,0,0,0,0,0,0,0

STAR,ALYNA4,HIBAC,4
IF,HIBAC,29.094064,-79.567958, ,0.0,0.0,0,0,0,0,0,0,0,0
TF,BEAUX,28.970197,-79.974775,0, ,0.0,0.0,0.0,0.0,0,0,0,0,0,0,0,0
TF,SURFR,28.830942,-80.474608,0, ,0.0,0.0,0.0,0.0,1,14000,0,0,0,0,0,0
TF,ALYNA,28.784825,-81.030539,0, ,0.0,0.0,0.0,0.0,0,0,0,0,0,0,0,0

STAR,ALYNA4,SURFR,4
IF,SURFR,28.830942,-80.474608, ,0.0,0.0,1,14000,0,0,0,0,0,0
TF,ALYNA,28.784825,-81.030539,0, ,0.0,0.0,0.0,0.0,0,0,0,0,0,0,0,0

STAR,ALYNA4,WOPNR,4
IF,WOPNR,30.626675,-81.074011, ,0.0,0.0,0,0,0,0,0,0,0,0
TF,PRMUS,29.818242,-81.122428,0, ,0.0,0.0,0.0,0.0,0,0,0,0,0,0,0,0
TF,TIMIE,29.013817,-80.740178,0, ,0.0,0.0,0.0,0.0,1,12000,0,0,0,0,0,0
TF,BURNE,28.882597,-80.780436,0, ,0.0,0.0,0.0,0.0,0,0,0,0,0,0,0,0
TF,ALYNA,28.784825,-81.030539,0, ,0.0,0.0,0.0,0.0,0,0,0,0,0,0,0,0

STAR,ALYNA4,ALL,5
IF,ALYNA,28.784825,-81.030539, ,0.0,0.0,0,0,0,0,0,0,0,0
TF,BUDLE,28.758858,-81.155703,0, ,0.0,0.0,0.0,0.0,1,6000,0,0,0,0,0,1
VM,28.289808,-81.437081,0,263.0,0,0,0,0,0,0,0,0

STAR,BITHO7,ALL,2
IF,OMN,29.303250,-81.112697, ,0.0,0.0,0,0,0,0,0,0,0,0
TF,LAMMA,29.014419,-81.089714,0, ,0.0,0.0,0.0,0.0,0,0,0,0,0,0,0,0
TF,JESUP,28.888431,-81.079733,0, ,0.0,0.0,0.0,0.0,0,0,0,0,0,0,0,0
TF,COZMO,28.799106,-81.072672,0, ,0.0,0.0,0.0,0.0,0,0,0,0,0,0,0,0
TF,BITHO,28.630942,-81.059408,0, ,0.0,0.0,0.0,0.0,0,0,0,0,0,0,0,0

STAR,GOOFY7,PBI,1
IF,PBI,26.680056,-80.086489, ,0.0,0.0,0,0,0,0,0,0,0,0
TF,LLNCH,27.435464,-80.695683,0, ,0.0,0.0,0.0,0.0,0,0,0,0,0,0,0,0
TF,BAIRN,27.947881,-81.115097,0, ,0.0,0.0,0.0,0.0,0,0,0,0,0,0,0,0

STAR,GOOFY7,PHK,1
IF,PHK,26.782742,-80.691433, ,0.0,0.0,0,0,0,0,0,0,0,0
TF,BAIRN,27.947881,-81.115097,0, ,0.0,0.0,0.0,0.0,0,0,0,0,0,0,0,0

STAR,GOOFY7,TRV,1
IF,TRV,27.678406,-80.489733, ,0.0,0.0,0,0,0,0,0,0,0,0
TF,BAIRN,27.947881,-81.115097,0, ,0.0,0.0,0.0,0.0,0,0,0,0,0,0,0,0

STAR,GOOFY7,ALL,2
IF,BAIRN,27.947881,-81.115097, ,0.0,0.0,0,0,0,0,0,0,0,0
TF,ODDEL,28.095975,-81.169511,0, ,0.0,0.0,0.0,0.0,0,0,0,0,0,0,0,0
TF,SABOT,28.251417,-81.226989,0, ,0.0,0.0,0.0,0.0,0,0,0,0,0,0,0,0

STAR,JAFAR3,BITTE,4
IF,BITTE,29.738231,-83.147978, ,0.0,0.0,0,0,0,0,0,0,0,0
TF,BRKWL,29.291522,-82.191658,0, ,0.0,0.0,0.0,0.0,0,0,0,0,0,0,0,0
TF,JAFAR,28.986944,-82.046944,0, ,0.0,0.0,0.0,0.0,0,0,0,0,0,0,0,0

STAR,JAFAR3,BRKWL,4
IF,BRKWL,29.291522,-82.191658, ,0.0,0.0,0,0,0,0,0,0,0,0
TF,JAFAR,28.986944,-82.046944,0, ,0.0,0.0,0.0,0.0,0,0,0,0,0,0,0,0

STAR,JAFAR3,MJKAL,4
IF,MJKAL,30.793025,-83.095739, ,0.0,0.0,0,0,0,0,0,0,0,0
TF,HUNKR,30.118075,-82.405206,0, ,0.0,0.0,0.0,0.0,0,0,0,0,0,0,0,0
TF,DOWNO,29.776969,-82.310925,0, ,0.0,0.0,0.0,0.0,0,0,0,0,0,0,0,0
TF,BRKWL,29.291522,-82.191658,0, ,0.0,0.0,0.0,0.0,0,0,0,0,0,0,0,0
TF,JAFAR,28.986944,-82.046944,0, ,0.0,0.0,0.0,0.0,0,0,0,0,0,0,0,0

STAR,JAFAR3,ALL,5
IF,JAFAR,28.986944,-82.046944, ,0.0,0.0,0,0,0,0,0,0,0,0
TF,RINGG,28.879492,-81.920794,0, ,0.0,0.0,0.0,0.0,0,0,0,0,0,0,0,0
TF,FLIPY,28.805000,-81.845675,0, ,0.0,0.0,0.0,0.0,1,11000,0,1,250,0,0,1
FM,FLIPY,28.805000,-81.845675,0,SGJ,0.0,0.0,144.0,0,0,0,0,0,0,0,0

STAR,JOKRS3,COREA,4
IF,COREA,26.635822,-81.214525, ,0.0,0.0,0,0,0,0,0,0,0,0
TF,SIMIE,27.272633,-81.728569,0, ,0.0,0.0,0.0,0.0,0,0,0,0,0,0,0,0
TF,FAZES,27.655397,-81.857328,0, ,0.0,0.0,0.0,0.0,0,0,0,0,0,0,0,0
TF,MOANS,27.913881,-81.748581,0, ,0.0,0.0,0.0,0.0,0,0,0,0,0,0,0,0
TF,JOKRS,28.033953,-81.723389,0, ,0.0,0.0,0.0,0.0,0,0,0,0,0,0,0,0

STAR,JOKRS3,CSHEL,4
IF,CSHEL,27.023422,-81.744672, ,0.0,0.0,0,0,0,0,0,0,0,0
TF,SIMIE,27.272633,-81.728569,0, ,0.0,0.0,0.0,0.0,0,0,0,0,0,0,0,0
TF,FAZES,27.655397,-81.857328,0, ,0.0,0.0,0.0,0.0,0,0,0,0,0,0,0,0
TF,MOANS,27.913881,-81.748581,0, ,0.0,0.0,0.0,0.0,0,0,0,0,0,0,0,0
TF,JOKRS,28.033953,-81.723389,0, ,0.0,0.0,0.0,0.0,0,0,0,0,0,0,0,0

STAR,JOKRS3,FAZES,4
IF,FAZES,27.655397,-81.857328, ,0.0,0.0,0,0,0,0,0,0,0,0
TF,MOANS,27.913881,-81.748581,0, ,0.0,0.0,0.0,0.0,0,0,0,0,0,0,0,0
TF,JOKRS,28.033953,-81.723389,0, ,0.0,0.0,0.0,0.0,0,0,0,0,0,0,0,0

STAR,JOKRS3,FERAL,4
IF,FERAL,26.513156,-81.771039, ,0.0,0.0,0,0,0,0,0,0,0,0
TF,CSHEL,27.023422,-81.744672,0, ,0.0,0.0,0.0,0.0,0,0,0,0,0,0,0,0
TF,SIMIE,27.272633,-81.728569,0, ,0.0,0.0,0.0,0.0,0,0,0,0,0,0,0,0
TF,FAZES,27.655397,-81.857328,0, ,0.0,0.0,0.0,0.0,0,0,0,0,0,0,0,0
TF,MOANS,27.913881,-81.748581,0, ,0.0,0.0,0.0,0.0,0,0,0,0,0,0,0,0
TF,JOKRS,28.033953,-81.723389,0, ,0.0,0.0,0.0,0.0,0,0,0,0,0,0,0,0

STAR,JOKRS3,MOANS,4
IF,MOANS,27.913881,-81.748581, ,0.0,0.0,0,0,0,0,0,0,0,0
TF,JOKRS,28.033953,-81.723389,0, ,0.0,0.0,0.0,0.0,0,0,0,0,0,0,0,0

STAR,JOKRS3,ALL,5
IF,JOKRS,28.033953,-81.723389, ,0.0,0.0,0,0,0,0,0,0,0,0
TF,ZALEK,28.138664,-81.634706,0, ,0.0,0.0,0.0,0.0,0,0,0,0,0,0,0,1
VM,28.289808,-81.437081,0,43.0,0,0,0,0,0,0,0,0

STAR,LEESE3,OCF,1
IF,OCF,29.177478,-82.226333, ,0.0,0.0,0,0,0,0,0,0,0,0
TF,ALADN,29.068183,-82.071525,0, ,0.0,0.0,0.0,0.0,0,0,0,0,0,0,0,0
TF,SHIMM,28.966456,-81.927939,0, ,0.0,0.0,0.0,0.0,0,0,0,0,0,0,0,0
TF,LEESE,28.860106,-81.778244,0, ,0.0,0.0,0.0,0.0,0,0,0,0,0,0,0,0

STAR,LEESE3,OTK,1
IF,OTK,30.780447,-83.279728, ,0.0,0.0,0,0,0,0,0,0,0,0
TF,OCF,29.177478,-82.226333,0, ,0.0,0.0,0.0,0.0,0,0,0,0,0,0,0,0
TF,ALADN,29.068183,-82.071525,0, ,0.0,0.0,0.0,0.0,0,0,0,0,0,0,0,0
TF,SHIMM,28.966456,-81.927939,0, ,0.0,0.0,0.0,0.0,0,0,0,0,0,0,0,0
TF,LEESE,28.860106,-81.778244,0, ,0.0,0.0,0.0,0.0,0,0,0,0,0,0,0,0

STAR,LEESE3,SAV,1
IF,SAV,32.146267,-81.199106, ,0.0,0.0,0,0,0,0,0,0,0,0
TF,SHEMP,30.932136,-82.384497,0, ,0.0,0.0,0.0,0.0,0,0,0,0,0,0,0,0
TF,OCF,29.177478,-82.226333,0, ,0.0,0.0,0.0,0.0,0,0,0,0,0,0,0,0
TF,ALADN,29.068183,-82.071525,0, ,0.0,0.0,0.0,0.0,0,0,0,0,0,0,0,0
TF,SHIMM,28.966456,-81.927939,0, ,0.0,0.0,0.0,0.0,0,0,0,0,0,0,0,0
TF,LEESE,28.860106,-81.778244,0, ,0.0,0.0,0.0,0.0,0,0,0,0,0,0,0,0

STAR,LEESE3,ALL,2
IF,LEESE,28.860106,-81.778244, ,0.0,0.0,0,0,0,0,0,0,0,0
TF,ORL,28.542722,-81.335014,0, ,0.0,0.0,0.0,0.0,0,0,0,0,0,0,0,0

STAR,MINEE6,BOXKR,1
IF,BOXKR,27.585992,-83.298789, ,0.0,0.0,0,0,0,0,0,0,0,0
TF,SYKES,27.664711,-83.049783,0, ,0.0,0.0,0.0,0.0,0,0,0,0,0,0,0,0
TF,GUMMY,27.826503,-82.532353,0, ,0.0,0.0,0.0,0.0,0,0,0,0,0,0,0,0
TF,LAL,27.986197,-82.013906,0, ,0.0,0.0,0.0,0.0,0,0,0,0,0,0,0,0
TF,ANDRO,28.049181,-81.885686,0, ,0.0,0.0,0.0,0.0,0,0,0,0,0,0,0,0
TF,MINEE,28.118339,-81.744494,0, ,0.0,0.0,0.0,0.0,0,0,0,0,0,0,0,0

STAR,MINEE6,PIE,1
IF,PIE,27.907764,-82.684308, ,0.0,0.0,0,0,0,0,0,0,0,0
TF,GUMMY,27.826503,-82.532353,0, ,0.0,0.0,0.0,0.0,0,0,0,0,0,0,0,0
TF,LAL,27.986197,-82.013906,0, ,0.0,0.0,0.0,0.0,0,0,0,0,0,0,0,0
TF,ANDRO,28.049181,-81.885686,0, ,0.0,0.0,0.0,0.0,0,0,0,0,0,0,0,0
TF,MINEE,28.118339,-81.744494,0, ,0.0,0.0,0.0,0.0,0,0,0,0,0,0,0,0

STAR,MINEE6,RSW,1
IF,RSW,26.529886,-81.775769, ,0.0,0.0,0,0,0,0,0,0,0,0
TF,DOWNN,27.510767,-81.756578,0, ,0.0,0.0,0.0,0.0,0,0,0,0,0,0,0,0
TF,MOANS,27.913881,-81.748581,0, ,0.0,0.0,0.0,0.0,0,0,0,0,0,0,0,0
TF,MINEE,28.118339,-81.744494,0, ,0.0,0.0,0.0,0.0,0,0,0,0,0,0,0,0

STAR,MINEE6,ALL,2
IF,MINEE,28.118339,-81.744494, ,0.0,0.0,0,0,0,0,0,0,0,0
TF,UNITY,28.261508,-81.450583,0, ,0.0,0.0,0.0,0.0,0,0,0,0,0,0,0,0
TF,ORL,28.542722,-81.335014,0, ,0.0,0.0,0.0,0.0,0,0,0,0,0,0,0,0

STAR,PRICY4,BAYNE,4
IF,BAYNE,28.055622,-82.928200, ,0.0,0.0,0,0,0,0,0,0,0,0
TF,BULKS,27.876700,-82.410822,0, ,0.0,0.0,0.0,0.0,4,20000,19000,1,280,0,0,0
TF,PRICY,28.054656,-81.966064,0, ,0.0,0.0,0.0,0.0,4,16000,13000,1,250,0,0,0

STAR,PRICY4,BULKS,4
IF,BULKS,27.876700,-82.410822, ,0.0,0.0,4,20000,19000,1,280,0,0,0
TF,PRICY,28.054656,-81.966064,0, ,0.0,0.0,0.0,0.0,4,16000,13000,1,250,0,0,0

STAR,PRICY4,CHIVE,4
IF,CHIVE,27.880317,-83.264844, ,0.0,0.0,4,26000,24000,0,0,0,0,0
TF,DECKS,27.880592,-82.672400,0, ,0.0,0.0,0.0,0.0,2,21000,0,0,0,0,0,0
TF,BULKS,27.876700,-82.410822,0, ,0.0,0.0,0.0,0.0,4,20000,19000,1,280,0,0,0
TF,PRICY,28.054656,-81.966064,0, ,0.0,0.0,0.0,0.0,4,16000,13000,1,250,0,0,0

STAR,PRICY4,CHRGE,4
IF,CHRGE,27.812356,-84.832203, ,0.0,0.0,0,0,0,0,0,0,0,0
TF,DAAWG,27.854278,-83.915422,0, ,0.0,0.0,0.0,0.0,0,0,0,0,0,0,0,0
TF,CHIVE,27.880317,-83.264844,0, ,0.0,0.0,0.0,0.0,4,26000,24000,0,0,0,0,0
TF,DECKS,27.880592,-82.672400,0, ,0.0,0.0,0.0,0.0,2,21000,0,0,0,0,0,0
TF,BULKS,27.876700,-82.410822,0, ,0.0,0.0,0.0,0.0,4,20000,19000,1,280,0,0,0
TF,PRICY,28.054656,-81.966064,0, ,0.0,0.0,0.0,0.0,4,16000,13000,1,250,0,0,0

STAR,PRICY4,CIGAR,4
IF,CIGAR,27.493503,-84.783197, ,0.0,0.0,0,0,0,0,0,0,0,0
TF,DAAWG,27.854278,-83.915422,0, ,0.0,0.0,0.0,0.0,0,0,0,0,0,0,0,0
TF,CHIVE,27.880317,-83.264844,0, ,0.0,0.0,0.0,0.0,4,26000,24000,0,0,0,0,0
TF,DECKS,27.880592,-82.672400,0, ,0.0,0.0,0.0,0.0,2,21000,0,0,0,0,0,0
TF,BULKS,27.876700,-82.410822,0, ,0.0,0.0,0.0,0.0,4,20000,19000,1,280,0,0,0
TF,PRICY,28.054656,-81.966064,0, ,0.0,0.0,0.0,0.0,4,16000,13000,1,250,0,0,0

STAR,PRICY4,DOZES,4
IF,DOZES,27.523842,-83.230683, ,0.0,0.0,1,24000,0,0,0,0,0,0
TF,QUAYL,27.775997,-82.646500,0, ,0.0,0.0,0.0,0.0,2,21000,0,0,0,0,0,0
TF,BULKS,27.876700,-82.410822,0, ,0.0,0.0,0.0,0.0,4,20000,19000,1,280,0,0,0
TF,PRICY,28.054656,-81.966064,0, ,0.0,0.0,0.0,0.0,4,16000,13000,1,250,0,0,0

STAR,PRICY4,ALL,5
IF,PRICY,28.054656,-81.966064, ,0.0,0.0,4,16000,13000,1,250,0,0,0
TF,BOCCE,28.088792,-81.882147,0, ,0.0,0.0,0.0,0.0,0,0,0,0,0,0,0,0
TF,OTKEE,28.150169,-81.799586,0, ,0.0,0.0,0.0,0.0,1,11000,0,0,0,0,0,1
FM,OTKEE,28.150169,-81.799586,0,SGJ,0.0,0.0,56.0,0,0,0,0,0,0,0,0

STAR,RIDES2,CCLUB,4
IF,CCLUB,27.216175,-79.521311, ,0.0,0.0,0,0,0,0,0,0,0,0
TF,ZALUP,27.773375,-80.771342,0, ,0.0,0.0,0.0,0.0,0,0,0,0,0,0,0,0
TF,RIDES,27.917075,-81.093786,0, ,0.0,0.0,0.0,0.0,2,8000,0,0,0,0,0,0

STAR,RIDES2,CHEFS,4
IF,CHEFS,27.370825,-80.760822, ,0.0,0.0,4,21000,19000,1,280,0,0,0
TF,MOOTS,27.564722,-80.844792,0, ,0.0,0.0,0.0,0.0,2,15000,0,0,0,0,0,0
TF,RIDES,27.917075,-81.093786,0, ,0.0,0.0,0.0,0.0,2,8000,0,0,0,0,0,0

STAR,RIDES2,KUTNE,4
IF,KUTNE,25.728547,-80.662211, ,0.0,0.0,0,0,0,0,0,0,0,0
TF,CORNN,26.621189,-80.448864,0, ,0.0,0.0,0.0,0.0,0,0,0,0,0,0,0,0
TF,BANDZ,27.105367,-80.649419,0, ,0.0,0.0,0.0,0.0,3,23000,0,0,0,0,0,0
TF,CHEFS,27.370825,-80.760822,0, ,0.0,0.0,0.0,0.0,4,21000,19000,1,280,0,0,0
TF,MOOTS,27.564722,-80.844792,0, ,0.0,0.0,0.0,0.0,2,15000,0,0,0,0,0,0
TF,RIDES,27.917075,-81.093786,0, ,0.0,0.0,0.0,0.0,2,8000,0,0,0,0,0,0

STAR,RIDES2,LAIZY,4
IF,LAIZY,26.422261,-79.922211, ,0.0,0.0,0,0,0,0,0,0,0,0
TF,CORNN,26.621189,-80.448864,0, ,0.0,0.0,0.0,0.0,0,0,0,0,0,0,0,0
TF,BANDZ,27.105367,-80.649419,0, ,0.0,0.0,0.0,0.0,3,23000,0,0,0,0,0,0
TF,CHEFS,27.370825,-80.760822,0, ,0.0,0.0,0.0,0.0,4,21000,19000,1,280,0,0,0
TF,MOOTS,27.564722,-80.844792,0, ,0.0,0.0,0.0,0.0,2,15000,0,0,0,0,0,0
TF,RIDES,27.917075,-81.093786,0, ,0.0,0.0,0.0,0.0,2,8000,0,0,0,0,0,0

STAR,RIDES2,OCTAL,4
IF,OCTAL,26.150533,-80.203222, ,0.0,0.0,0,0,0,0,0,0,0,0
TF,CORNN,26.621189,-80.448864,0, ,0.0,0.0,0.0,0.0,0,0,0,0,0,0,0,0
TF,BANDZ,27.105367,-80.649419,0, ,0.0,0.0,0.0,0.0,3,23000,0,0,0,0,0,0
TF,CHEFS,27.370825,-80.760822,0, ,0.0,0.0,0.0,0.0,4,21000,19000,1,280,0,0,0
TF,MOOTS,27.564722,-80.844792,0, ,0.0,0.0,0.0,0.0,2,15000,0,0,0,0,0,0
TF,RIDES,27.917075,-81.093786,0, ,0.0,0.0,0.0,0.0,2,8000,0,0,0,0,0,0

STAR,RIDES2,SPIFF,4
IF,SPIFF,27.814531,-80.296608, ,0.0,0.0,0,0,0,0,0,0,0,0
TF,ZALUP,27.773375,-80.771342,0, ,0.0,0.0,0.0,0.0,0,0,0,0,0,0,0,0
TF,RIDES,27.917075,-81.093786,0, ,0.0,0.0,0.0,0.0,2,8000,0,0,0,0,0,0

STAR,RIDES2,WAPOM,4
IF,WAPOM,27.321683,-80.855983, ,0.0,0.0,0,0,0,0,0,0,0,0
TF,RIDES,27.917075,-81.093786,0, ,0.0,0.0,0.0,0.0,2,8000,0,0,0,0,0,0

STAR,RIDES2,ALL,5
IF,RIDES,27.917075,-81.093786, ,0.0,0.0,2,8000,0,0,0,0,0,0
TF,WIGET,28.014636,-81.141086,0, ,0.0,0.0,0.0,0.0,1,8000,0,0,0,0,0,1
VM,28.289808,-81.437081,0,290.0,0,0,0,0,0,0,0,0

STAR,SHREK2,BIGDE,4
IF,BIGDE,30.709400,-83.010169, ,0.0,0.0,0,0,0,0,0,0,0,0
TF,EATTR,29.302906,-82.257136,0, ,0.0,0.0,0.0,0.0,0,0,0,0,0,0,0,0
TF,WANDD,29.151200,-82.177303,0, ,0.0,0.0,0.0,0.0,0,0,0,0,0,0,0,0
TF,SHREK,28.993631,-81.919856,0, ,0.0,0.0,0.0,0.0,0,0,0,0,0,0,0,0

STAR,SHREK2,BITTE,4
IF,BITTE,29.738231,-83.147978, ,0.0,0.0,0,0,0,0,0,0,0,0
TF,WAKOS,29.246661,-82.333597,0, ,0.0,0.0,0.0,0.0,0,0,0,0,0,0,0,0
TF,WANDD,29.151200,-82.177303,0, ,0.0,0.0,0.0,0.0,0,0,0,0,0,0,0,0
TF,SHREK,28.993631,-81.919856,0, ,0.0,0.0,0.0,0.0,0,0,0,0,0,0,0,0

STAR,SHREK2,MMOSS,4
IF,MMOSS,30.420644,-82.164467, ,0.0,0.0,0,0,0,0,0,0,0,0
TF,NOLLE,29.715778,-82.140544,0, ,0.0,0.0,0.0,0.0,0,0,0,0,0,0,0,0
TF,COAXE,29.479389,-82.093681,0, ,0.0,0.0,0.0,0.0,0,0,0,0,0,0,0,0
TF,GRTNG,29.307214,-82.059686,0, ,0.0,0.0,0.0,0.0,0,0,0,0,0,0,0,0
TF,SHREK,28.993631,-81.919856,0, ,0.0,0.0,0.0,0.0,0,0,0,0,0,0,0,0

STAR,SHREK2,ALL,5
IF,SHREK,28.993631,-81.919856, ,0.0,0.0,0,0,0,0,0,0,0,0
TF,STNKY,28.897736,-81.765147,0, ,0.0,0.0,0.0,0.0,0,0,0,0,0,0,0,1
VM,28.289808,-81.437081,0,115.0,0,0,0,0,0,0,0,0

STAR,SNFLD3,FORYU,4
IF,FORYU,29.296244,-81.179033, ,0.0,0.0,2,13000,0,0,0,0,0,0
TF,NICCK,29.187911,-81.169489,0, ,0.0,0.0,0.0,0.0,2,12000,0,0,0,0,0,0
TF,SNFLD,29.067497,-81.117086,0, ,0.0,0.0,0.0,0.0,2,10000,0,0,0,0,0,0

STAR,SNFLD3,LPERD,4
IF,LPERD,30.602550,-81.281156, ,0.0,0.0,4,34000,30000,0,0,0,0,0
TF,NOOMN,29.707792,-81.214247,0, ,0.0,0.0,0.0,0.0,2,23000,0,0,0,0,0,0
TF,FORYU,29.296244,-81.179033,0, ,0.0,0.0,0.0,0.0,2,13000,0,0,0,0,0,0
TF,NICCK,29.187911,-81.169489,0, ,0.0,0.0,0.0,0.0,2,12000,0,0,0,0,0,0
TF,SNFLD,29.067497,-81.117086,0, ,0.0,0.0,0.0,0.0,2,10000,0,0,0,0,0,0

STAR,SNFLD3,ALL,5
IF,SNFLD,29.067497,-81.117086, ,0.0,0.0,2,10000,0,0,0,0,0,0
TF,JRRYY,28.973836,-81.081539,0, ,0.0,0.0,0.0,0.0,0,0,0,0,0,0,0,0
TF,SECOY,28.907122,-81.072450,0, ,0.0,0.0,0.0,0.0,1,9000,0,0,0,0,0,1
FM,SECOY,28.907122,-81.072450,0,SGJ,0.0,0.0,179.0,0,0,0,0,0,0,0,0

FINAL,I15,15,I,3
IF,WERPO,28.429908,-81.535931,IISM,333.1,10.6,2,2000,0,0,0,0,0,0
CF,WADSI,28.343439,-81.474928,0,IISM,333.1,4.5,153.0,6.1,1,1200,0,0,0,0,2,0
CF,RW15,28.296247,-81.441697,0,IISM,333.1,1.1,153.0,3.3,1,131,0,0,0,0,3,0
CA,0,153.0,2,600,0,0,0,0,0,0
VI,0, ,0.0,240.0,0,0,0,0,0,0,0,0
CF,TEMPE,28.102911,-81.515494,0,ORL,200.0,28.0,200.0,7.0,2,2200,0,0,0,0,0,0
HM,TEMPE,28.102911,-81.515494,1, ,0.0,0.0,20.0,04.3,0,0,0,0,0,0,0,0,0

APPTR,R06,06,JENSN
IF,JENSN,28.343314,-81.763606, ,0.0,0.0,0,0,0,0,0,0,0,0
TF,ZOVLU,28.255064,-81.687325,0, ,0.0,0.0,0.0,0.0,2,2000,0,1,210,0,1,0
TF,FOJSO,28.185494,-81.627311,0, ,0.0,0.0,0.0,0.0,2,2000,0,0,0,0,1,0

APPTR,R06,06,YOJIX
IF,YOJIX,28.045567,-81.562594, ,0.0,0.0,0,0,0,0,0,0,0,0
TF,VACTE,28.102822,-81.613628,0, ,0.0,0.0,0.0,0.0,2,2000,0,0,0,0,1,0
TF,FOJSO,28.185494,-81.627311,0, ,0.0,0.0,0.0,0.0,2,2000,0,0,0,0,1,0

FINAL,R06,06,R,4
IF,FOJSO,28.185494,-81.627311, ,0.0,0.0,2,2000,0,0,0,0,0,0
TF,TOTNY,28.243094,-81.523256,0, ,0.0,0.0,63.0,6.5,2,1700,0,0,0,0,2,0
TF,EHECU,28.269158,-81.476086,0, ,0.0,0.0,63.0,3.0,2,760,0,0,0,0,0,0
TF,RW06,28.286844,-81.444050,0, ,0.0,0.0,63.0,2.0,1,125,0,0,0,0,3,1
CA,0,63.0,2,600,0,0,0,0,0,0
DF,JENSN,28.343314,-81.763606,1, ,0.0,0.0,2,4000,0,0,0,0,0,1
HM,JENSN,28.343314,-81.763606,2, ,0.0,0.0,67.0,04,0,0,0,0,0,0,0,0,0

APPTR,R15,15,JENSN
IF,JENSN,28.343314,-81.763606, ,0.0,0.0,0,0,0,0,0,0,1,0
TF,WERPO,28.429908,-81.535931,0, ,0.0,0.0,0.0,0.0,2,2000,0,0,0,0,1,0

APPTR,R15,15,ORL
IF,ORL,28.542722,-81.335014, ,0.0,0.0,0,0,0,0,0,0,1,0
TF,WERPO,28.429908,-81.535931,0, ,0.0,0.0,0.0,0.0,2,2000,0,0,0,0,1,0

FINAL,R15,15,R,3
IF,WERPO,28.429908,-81.535931, ,0.0,0.0,2,2000,0,0,0,0,0,0
TF,WADSI,28.343439,-81.474928,0, ,0.0,0.0,153.0,6.1,2,1200,0,0,0,0,2,0
TF,RW15,28.296247,-81.441697,0, ,0.0,0.0,153.0,3.3,1,131,0,0,0,0,3,1
DF,YARTU,28.239506,-81.401789,0, ,0.0,0.0,0,0,0,0,0,0,0,0
TF,TEMPE,28.102911,-81.515494,0, ,0.0,0.0,0.0,0.0,2,2200,0,0,0,0,0,1
HM,TEMPE,28.102911,-81.515494,1, ,0.0,0.0,25.0,04,0,0,0,0,0,0,0,0,0

APPTR,R33,33,PRESK
IF,PRESK,28.336203,-81.137839, ,0.0,0.0,0,0,0,0,0,0,0,0
TF,UFRAJ,28.160936,-81.226356,0, ,0.0,0.0,0.0,0.0,2,2000,0,1,210,0,1,0
TF,AXMEB,28.126733,-81.322603,0, ,0.0,0.0,0.0,0.0,2,2000,0,0,0,0,1,0

APPTR,R33,33,YONMA
IF,YONMA,28.065467,-81.408661, ,0.0,0.0,0,0,0,1,210,0,1,0
TF,AXMEB,28.126733,-81.322603,0, ,0.0,0.0,0.0,0.0,2,2000,0,0,0,0,1,0

FINAL,R33,33,R,3
IF,AXMEB,28.126733,-81.322603, ,0.0,0.0,2,2000,0,0,0,0,0,0
TF,LOJUF,28.211917,-81.382392,0, ,0.0,0.0,333.0,6.0,2,1700,0,0,0,0,2,0
TF,RW33,28.282239,-81.431839,0, ,0.0,0.0,333.0,5.0,1,121,0,0,0,0,3,1
CA,0,333.0,2,540,0,0,0,0,0,0
DF,CAMBE,28.316044,-81.612828,0, ,0.0,0.0,2,2000,0,0,0,0,0,1
HM,CAMBE,28.316044,-81.612828,2, ,0.0,0.0,47.0,04,0,0,0,0,0,0,0,0,0

