APPTR,I32,32,CFB
IF,CFB,42.157492,-76.136472, ,0.0,0.0,0,0,0,0,0,0,1,0
TF,OCCIE,42.316122,-76.201822,0,IITH,0.0,0.0,0.0,0.0,2,3400,0,0,0,0,1,0

FINAL,I32,32,I,3
IF,OCCIE,42.316122,-76.201822,IITH,144.5,16.2,2,3400,0,0,0,0,0,0
CF,VRNAH,42.423600,-76.359250,0,IITH,144.5,6.7,325.0,9.5,1,3000,0,0,0,0,2,0
CF,RW32,42.484897,-76.449431,0,IITH,144.5,1.3,325.0,5.4,1,1153,0,0,0,0,3,0
CA,0,325.0,2,2600,0,0,0,0,0,0
VI,1, ,0.0,180.0,0,0,0,0,0,0,0,0
CF,MESTE,42.305986,-76.479292,0,CFB,310.4,17.7,130.0,5.0,2,4000,0,0,0,0,0,0
HM,MESTE,42.305986,-76.479292,2, ,0.0,0.0,130.0,04.3,0,0,0,0,0,0,0,0,0

APPTR,R14-Y,14,VAFKU
IF,VAFKU,42.532267,-76.691767, ,0.0,0.0,0,0,0,0,0,0,1,0
TF,TIFZY,42.599553,-76.618903,0, ,0.0,0.0,0.0,0.0,2,3100,0,0,0,0,1,0

FINAL,R14-Y,14,R,3
IF,TIFZY,42.599553,-76.618903, ,0.0,0.0,2,3100,0,0,0,0,0,0
TF,STATN,42.531964,-76.518881,0, ,0.0,0.0,144.0,6.0,2,2100,0,0,0,0,2,0
TF,RW14,42.497831,-76.468497,0, ,0.0,0.0,144.0,3.0,1,1127,0,0,0,0,3,1
CA,0,144.0,2,1500,0,0,0,0,0,0
DF,VAFKU,42.532267,-76.691767,2, ,0.0,0.0,2,3700,0,0,0,0,0,1
HM,VAFKU,42.532267,-76.691767,2, ,0.0,0.0,51.0,04,0,0,0,0,0,0,0,0,0

APPTR,R14-Z,14,VAFKU
IF,VAFKU,42.532267,-76.691767, ,0.0,0.0,0,0,0,0,0,0,1,0
TF,TIFZY,42.599553,-76.618903,0, ,0.0,0.0,0.0,0.0,2,3100,0,0,0,0,1,0

FINAL,R14-Z,14,R,3
IF,TIFZY,42.599553,-76.618903, ,0.0,0.0,2,3100,0,0,0,0,0,0
TF,STATN,42.531964,-76.518881,0, ,0.0,0.0,144.0,6.0,2,2100,0,0,0,0,2,0
TF,RW14,42.497831,-76.468497,0, ,0.0,0.0,144.0,3.0,1,1127,0,0,0,0,3,1
DF,HUBTU,42.462903,-76.417033,0, ,0.0,0.0,0,0,0,0,0,0,0,0
TF,MESTE,42.305986,-76.479292,0, ,0.0,0.0,0.0,0.0,2,3800,0,0,0,0,0,1
HM,MESTE,42.305986,-76.479292,1, ,0.0,0.0,132.0,04,0,0,0,0,0,0,0,0,0

APPTR,R32,32,CFB
IF,CFB,42.157492,-76.136472, ,0.0,0.0,0,0,0,0,0,0,1,0
TF,OCCIE,42.316122,-76.201822,0, ,0.0,0.0,0.0,0.0,2,3400,0,0,0,0,1,0

FINAL,R32,32,R,3
IF,OCCIE,42.316122,-76.201822, ,0.0,0.0,2,3400,0,0,0,0,0,0
TF,CONUL,42.424444,-76.360497,0, ,0.0,0.0,325.0,9.6,2,3000,0,0,0,0,2,0
TF,RW32,42.484897,-76.449431,0, ,0.0,0.0,325.0,5.4,1,1153,0,0,0,0,3,1
CA,0,325.0,2,1385,0,0,0,0,0,0
DF,STATN,42.531964,-76.518881,0, ,0.0,0.0,0,0,0,0,0,0,0,0
TF,VAFKU,42.532267,-76.691767,0, ,0.0,0.0,0.0,0.0,2,3700,0,0,0,0,0,1
HM,VAFKU,42.532267,-76.691767,2, ,0.0,0.0,51.0,04,0,0,0,0,0,0,0,0,0

