APPTR,R11,11,HABLE
IF,HABLE,31.352689,-82.102767, ,0.0,0.0,0,0,0,0,0,0,0,0
TF,COMTA,31.501311,-82.107811,0, ,0.0,0.0,0.0,0.0,2,2700,0,0,0,0,1,0
TF,KOGSE,31.583714,-82.091958,0, ,0.0,0.0,0.0,0.0,2,2700,0,0,0,0,1,0

APPTR,R11,11,WABIT
IF,WABIT,31.671625,-82.007117, ,0.0,0.0,0,0,0,0,0,0,0,0
TF,KOGSE,31.583714,-82.091958,0, ,0.0,0.0,0.0,0.0,2,2700,0,0,0,0,0,0
HF,KOGSE,31.583714,-82.091958,2, ,0.0,0.0,103.0,04,2,2700,0,0,0,0,1,0,0

FINAL,R11,11,R,3
IF,KOGSE,31.583714,-82.091958, ,0.0,0.0,2,2700,0,0,0,0,0,0
TF,JATAS,31.567075,-81.974503,0, ,0.0,0.0,103.0,6.1,2,1700,0,0,0,0,2,0
TF,RW11,31.555208,-81.891225,0, ,0.0,0.0,103.0,4.3,1,167,0,0,0,0,3,1
DF,EGOXY,31.537283,-81.766189,0, ,0.0,0.0,0,0,0,0,0,0,0,0
TF,FEJYY,31.370019,-81.895025,2, ,0.0,0.0,0.0,0.0,0,0,0,0,0,0,0,0
TF,KOGSE,31.583714,-82.091958,0, ,0.0,0.0,0.0,0.0,2,2700,0,0,0,0,0,1
HM,KOGSE,31.583714,-82.091958,2, ,0.0,0.0,103.0,04,0,0,0,0,0,0,0,0,0

APPTR,R29,29,HABLE
IF,HABLE,31.352689,-82.102767, ,0.0,0.0,0,0,0,0,0,0,0,0
TF,OCADA,31.440100,-81.679633,0, ,0.0,0.0,0.0,0.0,2,2700,0,0,0,0,1,0
TF,HESUB,31.522450,-81.663406,0, ,0.0,0.0,0.0,0.0,2,2700,0,0,0,0,1,0

APPTR,R29,29,HESUB
HF,HESUB,31.522450,-81.663406,2, ,0.0,0.0,284.0,04,2,2700,0,0,0,0,1,0,0

FINAL,R29,29,R,3
IF,HESUB,31.522450,-81.663406, ,0.0,0.0,2,2700,0,0,0,0,0,0
TF,JEMUX,31.539172,-81.779331,0, ,0.0,0.0,284.0,6.0,2,1700,0,0,0,0,2,0
TF,RW29,31.552719,-81.873811,0, ,0.0,0.0,284.0,4.9,1,115,0,0,0,0,3,1
CA,0,284.0,2,364,0,0,0,0,0,0
DF,KOGSE,31.583714,-82.091958,0, ,0.0,0.0,2,2700,0,0,0,0,0,1
HM,KOGSE,31.583714,-82.091958,2, ,0.0,0.0,103.0,04,0,0,0,0,0,0,0,0,0

