APPTR,R35,35,LINDR
IF,LINDR,46.161761,-93.430208, ,0.0,0.0,0,0,0,0,0,0,0,0
TF,DANHI,45.719978,-93.236014,0, ,0.0,0.0,0.0,0.0,2,2900,0,0,0,0,0,1
HF,DANHI,45.719978,-93.236014,2, ,0.0,0.0,352.0,04,2,2600,0,0,0,0,1,0,0

APPTR,R35,35,OLLEE
IF,OLLEE,45.535525,-93.581525, ,0.0,0.0,0,0,0,0,0,0,1,0
TF,DANHI,45.719978,-93.236014,0, ,0.0,0.0,0.0,0.0,2,2600,0,0,0,0,1,0

FINAL,R35,35,R,4
IF,DANHI,45.719978,-93.236014, ,0.0,0.0,2,2600,0,0,0,0,0,0
TF,CAKUK,45.802428,-93.253119,0, ,0.0,0.0,352.0,5.0,2,2600,0,0,0,0,2,0
TF,ARCED,45.854675,-93.263986,0, ,0.0,0.0,352.0,3.2,2,1580,0,0,0,0,0,0
TF,RW35,45.882706,-93.269822,0, ,0.0,0.0,352.0,1.7,1,1050,0,0,0,0,3,1
CA,0,352.0,2,1269,0,0,0,0,0,0
DF,LINDR,46.161761,-93.430208,0, ,0.0,0.0,2,5500,0,0,0,0,0,1
HM,LINDR,46.161761,-93.430208,2, ,0.0,0.0,358.0,05,2,5500,0,0,0,0,0,0,0

