APPTR,R09,09,AYTON
IF,AYTON,39.957389,-91.786958, ,0.0,0.0,0,0,0,0,0,0,0,0
TF,CADLI,39.723806,-91.967111,0, ,0.0,0.0,0.0,0.0,2,2700,0,1,210,0,1,0
TF,FANKI,39.640444,-91.970428,0, ,0.0,0.0,0.0,0.0,2,2700,0,0,0,0,1,0

APPTR,R09,09,FANKI
HF,FANKI,39.640444,-91.970428,2, ,0.0,0.0,91.0,04,2,2700,0,0,0,0,1,0,0

APPTR,R09,09,GEPLE
IF,GEPLE,39.557083,-91.973736, ,0.0,0.0,0,0,0,1,210,0,1,0
TF,FANKI,39.640444,-91.970428,0, ,0.0,0.0,0.0,0.0,2,2700,0,0,0,0,1,0

FINAL,R09,09,R,3
IF,FANKI,39.640444,-91.970428, ,0.0,0.0,2,2700,0,0,0,0,0,0
TF,EDORE,39.637322,-91.841900,0, ,0.0,0.0,91.0,6.0,2,2400,0,0,0,0,2,0
TF,RW09,39.634572,-91.733233,0, ,0.0,0.0,91.0,5.0,1,772,0,0,0,0,3,1
CA,0,91.0,2,1137,0,0,0,0,0,0
DF,HIMNI,39.628461,-91.505164,0, ,0.0,0.0,2,2600,0,0,0,0,0,1
HM,HIMNI,39.628461,-91.505164,2, ,0.0,0.0,271.0,04,0,0,0,0,0,0,0,0,0

APPTR,R27,27,HIMNI
HF,HIMNI,39.628461,-91.505164,2, ,0.0,0.0,271.0,04,2,2600,0,0,0,0,1,0,0

APPTR,R27,27,OKOPY
IF,OKOPY,39.711808,-91.501283, ,0.0,0.0,0,0,0,1,210,0,1,0
TF,HIMNI,39.628461,-91.505164,0, ,0.0,0.0,0.0,0.0,2,2600,0,0,0,0,1,0

APPTR,R27,27,UDHOY
IF,UDHOY,39.545111,-91.509036, ,0.0,0.0,0,0,0,1,210,0,1,0
TF,HIMNI,39.628461,-91.505164,0, ,0.0,0.0,0.0,0.0,2,2600,0,0,0,0,1,0

FINAL,R27,27,R,3
IF,HIMNI,39.628461,-91.505164, ,0.0,0.0,2,2600,0,0,0,0,0,0
TF,QOSME,39.631406,-91.612956,0, ,0.0,0.0,271.0,5.0,2,2400,0,0,0,0,2,0
TF,RW27,39.634250,-91.720756,0, ,0.0,0.0,271.0,5.0,1,770,0,0,0,0,3,1
CA,0,271.0,2,1137,0,0,0,0,0,0
DF,FANKI,39.640444,-91.970428,0, ,0.0,0.0,2,2700,0,0,0,0,0,1
HM,FANKI,39.640444,-91.970428,2, ,0.0,0.0,91.0,04,0,0,0,0,0,0,0,0,0

