APPTR,R21,21,HUXIK
IF,HUXIK,38.814269,-84.235036, ,0.0,0.0,2,2500,0,0,0,0,1,0
TF,JIKRU,38.841575,-84.308178,0, ,0.0,0.0,0.0,0.0,2,2500,0,0,0,0,1,0

APPTR,R21,21,JIKRU
HF,JIKRU,38.841575,-84.308178,1, ,0.0,0.0,211.0,04,2,2500,0,0,0,0,1,0,0

APPTR,R21,21,WOGEM
IF,WOGEM,38.868833,-84.381375, ,0.0,0.0,2,2500,0,0,0,0,1,0
TF,JIKRU,38.841575,-84.308178,0, ,0.0,0.0,0.0,0.0,2,2500,0,0,0,0,1,0

FINAL,R21,21,R,3
IF,JIKRU,38.841575,-84.308178, ,0.0,0.0,2,2500,0,0,0,0,0,0
TF,ZUBVO,38.778775,-84.346425,0, ,0.0,0.0,211.0,4.2,2,2400,0,0,0,0,2,0
TF,RW21,38.709025,-84.388814,0, ,0.0,0.0,211.0,4.6,1,926,0,0,0,0,3,1
CA,0,211.0,2,1299,0,0,0,0,0,0
DF,YANUR,38.582450,-84.465508,0, ,0.0,0.0,2,2600,0,0,0,0,0,1
HM,YANUR,38.582450,-84.465508,2, ,0.0,0.0,31.0,04,0,0,0,0,0,0,0,0,0

APPTR,V03-A,03,FLM
PI,FLM,38.649442,-84.310603,1,FLM,180.0,10.0,135,5.0,2,2500,0,0,0,0,1,0
CF,FLM,38.649442,-84.310603,0,FLM,0.0,0.0,315.0,8.0,2,2300,0,0,0,0,0,0

FINAL,V03-A,03,D,2
IF,FLM,38.649442,-84.310603,FLM,0.0,0.0,2,2300,0,0,0,0,2,0
CF,MAJIB,38.703200,-84.390358,0,FLM,314.7,4.9,315.0,4.9,1,1400,0,0,0,0,3,1
DF,FLM,38.649442,-84.310603,2, ,0.0,0.0,2,2500,0,0,0,0,0,0
HM,FLM,38.649442,-84.310603,1, ,0.0,0.0,315.0,04.3,0,0,0,0,0,0,0,0,0

APPTR,V21-A,21,FLM
PI,FLM,38.649442,-84.310603,1,FLM,180.0,10.0,135,5.0,2,2500,0,0,0,0,1,0
CF,FLM,38.649442,-84.310603,0,FLM,0.0,0.0,315.0,8.0,2,2300,0,0,0,0,0,0

FINAL,V21-A,21,D,2
IF,FLM,38.649442,-84.310603,FLM,0.0,0.0,2,2300,0,0,0,0,2,0
CF,MAJIB,38.703200,-84.390358,0,FLM,314.7,4.9,315.0,4.9,1,1400,0,0,0,0,3,1
DF,FLM,38.649442,-84.310603,2, ,0.0,0.0,2,2500,0,0,0,0,0,0
HM,FLM,38.649442,-84.310603,1, ,0.0,0.0,315.0,04.3,0,0,0,0,0,0,0,0,0

