SID,OWAYY1,10,5
VA,0,96.0,2,642,0,0,0,0,0,0
DF,OWAYY,27.878225,-82.035517,2, ,0.0,0.0,1,2000,0,0,0,0,0,0
FM,OWAYY,27.878225,-82.035517,0,SGJ,0.0,0.0,230.0,0,0,0,0,0,0,0,0

SID,SBOAT1,10,5
VA,0,96.0,2,642,0,0,0,0,0,0
DF,WEMLA,27.998808,-81.903150,0, ,0.0,0.0,2,1500,0,0,0,0,0,0
TF,RAVME,28.058553,-81.909378,0, ,0.0,0.0,0.0,0.0,0,0,0,1,210,0,0,0
TF,SBOAT,28.120356,-81.982472,0, ,0.0,0.0,0.0,0.0,1,2000,0,0,0,0,0,0
FM,SBOAT,28.120356,-81.982472,0,SGJ,0.0,0.0,260.0,0,0,0,0,0,0,0,0

STAR,LUBBR3,KRVUR,4
IF,KRVUR,30.742264,-82.941775, ,0.0,0.0,0,0,0,0,0,0,0,0
TF,WNWUD,30.157808,-82.252983,0, ,0.0,0.0,0.0,0.0,0,0,0,0,0,0,0,0
TF,SSPAZ,29.592139,-82.180219,0, ,0.0,0.0,0.0,0.0,0,0,0,0,0,0,0,0
TF,BATTN,29.171756,-82.127358,0, ,0.0,0.0,0.0,0.0,0,0,0,0,0,0,0,0
TF,LUBBR,28.678992,-82.117058,0, ,0.0,0.0,0.0,0.0,0,0,0,0,0,0,0,0

STAR,LUBBR3,KYYUU,4
IF,KYYUU,30.637175,-82.198822, ,0.0,0.0,0,0,0,0,0,0,0,0
TF,WNWUD,30.157808,-82.252983,0, ,0.0,0.0,0.0,0.0,0,0,0,0,0,0,0,0
TF,SSPAZ,29.592139,-82.180219,0, ,0.0,0.0,0.0,0.0,0,0,0,0,0,0,0,0
TF,BATTN,29.171756,-82.127358,0, ,0.0,0.0,0.0,0.0,0,0,0,0,0,0,0,0
TF,LUBBR,28.678992,-82.117058,0, ,0.0,0.0,0.0,0.0,0,0,0,0,0,0,0,0

STAR,LUBBR3,SSPAZ,4
IF,SSPAZ,29.592139,-82.180219, ,0.0,0.0,0,0,0,0,0,0,0,0
TF,BATTN,29.171756,-82.127358,0, ,0.0,0.0,0.0,0.0,0,0,0,0,0,0,0,0
TF,LUBBR,28.678992,-82.117058,0, ,0.0,0.0,0.0,0.0,0,0,0,0,0,0,0,0

STAR,LUBBR3,05,6
IF,LUBBR,28.678992,-82.117058, ,0.0,0.0,0,0,0,0,0,0,0,0
TF,ZEBON,28.487322,-82.089625,0, ,0.0,0.0,0.0,0.0,0,0,0,0,0,0,0,0
TF,ZEPHR,28.236264,-82.051536,0, ,0.0,0.0,0.0,0.0,2,3000,0,0,0,0,0,1
FM,ZEPHR,28.236264,-82.051536,0,SRQ,0.0,0.0,177.0,0,0,0,0,0,0,0,0

STAR,LUBBR3,10,6
IF,LUBBR,28.678992,-82.117058, ,0.0,0.0,0,0,0,0,0,0,0,0
TF,ZEBON,28.487322,-82.089625,0, ,0.0,0.0,0.0,0.0,0,0,0,0,0,0,0,0
TF,ZEPHR,28.236264,-82.051536,0, ,0.0,0.0,0.0,0.0,2,3000,0,0,0,0,0,1
FM,ZEPHR,28.236264,-82.051536,0,SRQ,0.0,0.0,177.0,0,0,0,0,0,0,0,0

STAR,LUBBR3,23,6
IF,LUBBR,28.678992,-82.117058, ,0.0,0.0,0,0,0,0,0,0,0,0
TF,ZEBON,28.487322,-82.089625,0, ,0.0,0.0,0.0,0.0,0,0,0,0,0,0,0,0
TF,ZEPHR,28.236264,-82.051536,0, ,0.0,0.0,0.0,0.0,2,3000,0,0,0,0,0,1
FM,ZEPHR,28.236264,-82.051536,0,SRQ,0.0,0.0,177.0,0,0,0,0,0,0,0,0

STAR,LUBBR3,28,6
IF,LUBBR,28.678992,-82.117058, ,0.0,0.0,0,0,0,0,0,0,0,0
TF,ZEBON,28.487322,-82.089625,0, ,0.0,0.0,0.0,0.0,0,0,0,0,0,0,0,0
TF,ZEPHR,28.236264,-82.051536,0, ,0.0,0.0,0.0,0.0,2,3000,0,0,0,0,0,1
FM,ZEPHR,28.236264,-82.051536,0,SRQ,0.0,0.0,177.0,0,0,0,0,0,0,0,0

STAR,MAATY5,ACORI,4
IF,ACORI,31.773156,-85.858197, ,0.0,0.0,0,0,0,0,0,0,0,0
TF,CABLO,30.774722,-84.840000,0, ,0.0,0.0,0.0,0.0,0,0,0,0,0,0,0,0
TF,THRTL,30.330553,-84.396964,0, ,0.0,0.0,0.0,0.0,0,0,0,0,0,0,0,0
TF,HEVVN,29.821975,-83.895247,0, ,0.0,0.0,0.0,0.0,0,0,0,0,0,0,0,0
TF,LEGGT,29.222933,-83.510722,0, ,0.0,0.0,0.0,0.0,0,0,0,0,0,0,0,0
TF,GOJOE,29.031042,-83.388797,0, ,0.0,0.0,0.0,0.0,0,0,0,0,0,0,0,0
TF,AAHOY,28.570644,-83.097906,0, ,0.0,0.0,0.0,0.0,0,0,0,0,0,0,0,0
TF,MAATY,28.419217,-83.002881,0, ,0.0,0.0,0.0,0.0,4,11000,8000,0,0,0,0,0

STAR,MAATY5,BADDD,4
IF,BADDD,31.543800,-82.701483, ,0.0,0.0,0,0,0,0,0,0,0,0
TF,GPEEE,31.227892,-83.870856,0, ,0.0,0.0,0.0,0.0,0,0,0,0,0,0,0,0
TF,THRTL,30.330553,-84.396964,0, ,0.0,0.0,0.0,0.0,0,0,0,0,0,0,0,0
TF,HEVVN,29.821975,-83.895247,0, ,0.0,0.0,0.0,0.0,0,0,0,0,0,0,0,0
TF,LEGGT,29.222933,-83.510722,0, ,0.0,0.0,0.0,0.0,0,0,0,0,0,0,0,0
TF,GOJOE,29.031042,-83.388797,0, ,0.0,0.0,0.0,0.0,0,0,0,0,0,0,0,0
TF,AAHOY,28.570644,-83.097906,0, ,0.0,0.0,0.0,0.0,0,0,0,0,0,0,0,0
TF,MAATY,28.419217,-83.002881,0, ,0.0,0.0,0.0,0.0,4,11000,8000,0,0,0,0,0

STAR,MAATY5,DEFUN,4
IF,DEFUN,30.814242,-86.131414, ,0.0,0.0,0,0,0,0,0,0,0,0
TF,CABLO,30.774722,-84.840000,0, ,0.0,0.0,0.0,0.0,0,0,0,0,0,0,0,0
TF,THRTL,30.330553,-84.396964,0, ,0.0,0.0,0.0,0.0,0,0,0,0,0,0,0,0
TF,HEVVN,29.821975,-83.895247,0, ,0.0,0.0,0.0,0.0,0,0,0,0,0,0,0,0
TF,LEGGT,29.222933,-83.510722,0, ,0.0,0.0,0.0,0.0,0,0,0,0,0,0,0,0
TF,GOJOE,29.031042,-83.388797,0, ,0.0,0.0,0.0,0.0,0,0,0,0,0,0,0,0
TF,AAHOY,28.570644,-83.097906,0, ,0.0,0.0,0.0,0.0,0,0,0,0,0,0,0,0
TF,MAATY,28.419217,-83.002881,0, ,0.0,0.0,0.0,0.0,4,11000,8000,0,0,0,0,0

STAR,MAATY5,GOJOE,4
IF,GOJOE,29.031042,-83.388797, ,0.0,0.0,0,0,0,0,0,0,0,0
TF,AAHOY,28.570644,-83.097906,0, ,0.0,0.0,0.0,0.0,0,0,0,0,0,0,0,0
TF,MAATY,28.419217,-83.002881,0, ,0.0,0.0,0.0,0.0,4,11000,8000,0,0,0,0,0

STAR,MAATY5,HEVVN,4
IF,HEVVN,29.821975,-83.895247, ,0.0,0.0,0,0,0,0,0,0,0,0
TF,LEGGT,29.222933,-83.510722,0, ,0.0,0.0,0.0,0.0,0,0,0,0,0,0,0,0
TF,GOJOE,29.031042,-83.388797,0, ,0.0,0.0,0.0,0.0,0,0,0,0,0,0,0,0
TF,AAHOY,28.570644,-83.097906,0, ,0.0,0.0,0.0,0.0,0,0,0,0,0,0,0,0
TF,MAATY,28.419217,-83.002881,0, ,0.0,0.0,0.0,0.0,4,11000,8000,0,0,0,0,0

STAR,MAATY5,HONID,4
IF,HONID,31.647308,-84.395167, ,0.0,0.0,0,0,0,0,0,0,0,0
TF,THRTL,30.330553,-84.396964,0, ,0.0,0.0,0.0,0.0,0,0,0,0,0,0,0,0
TF,HEVVN,29.821975,-83.895247,0, ,0.0,0.0,0.0,0.0,0,0,0,0,0,0,0,0
TF,LEGGT,29.222933,-83.510722,0, ,0.0,0.0,0.0,0.0,0,0,0,0,0,0,0,0
TF,GOJOE,29.031042,-83.388797,0, ,0.0,0.0,0.0,0.0,0,0,0,0,0,0,0,0
TF,AAHOY,28.570644,-83.097906,0, ,0.0,0.0,0.0,0.0,0,0,0,0,0,0,0,0
TF,MAATY,28.419217,-83.002881,0, ,0.0,0.0,0.0,0.0,4,11000,8000,0,0,0,0,0

STAR,MAATY5,05,6
IF,MAATY,28.419217,-83.002881, ,0.0,0.0,4,11000,8000,0,0,0,0,0
TF,GOOFS,28.342578,-82.954903,0, ,0.0,0.0,0.0,0.0,1,11000,0,0,0,0,0,1
VM,27.987639,-82.019000,0,155.0,0,0,0,0,0,0,0,0

STAR,MAATY5,10,6
IF,MAATY,28.419217,-83.002881, ,0.0,0.0,4,11000,8000,0,0,0,0,0
TF,GOOFS,28.342578,-82.954903,0, ,0.0,0.0,0.0,0.0,1,11000,0,0,0,0,0,1
VM,27.987639,-82.019000,0,155.0,0,0,0,0,0,0,0,0

STAR,MAATY5,23,6
IF,MAATY,28.419217,-83.002881, ,0.0,0.0,4,11000,8000,0,0,0,0,0
TF,GOOFS,28.342578,-82.954903,0, ,0.0,0.0,0.0,0.0,1,11000,0,0,0,0,0,1
VM,27.987639,-82.019000,0,155.0,0,0,0,0,0,0,0,0

STAR,MAATY5,28,6
IF,MAATY,28.419217,-83.002881, ,0.0,0.0,4,11000,8000,0,0,0,0,0
TF,GOOFS,28.342578,-82.954903,0, ,0.0,0.0,0.0,0.0,1,11000,0,0,0,0,0,1
VM,27.987639,-82.019000,0,155.0,0,0,0,0,0,0,0,0

STAR,RAYZZ2,CHRGE,4
IF,CHRGE,27.812356,-84.832203, ,0.0,0.0,0,0,0,0,0,0,0,0
TF,DAAWG,27.854278,-83.915422,0, ,0.0,0.0,0.0,0.0,3,21000,0,0,0,0,0,0
TF,RAYZZ,27.913797,-83.168664,0, ,0.0,0.0,0.0,0.0,1,10000,0,0,0,0,0,0

STAR,RAYZZ2,CIGAR,4
IF,CIGAR,27.493503,-84.783197, ,0.0,0.0,0,0,0,0,0,0,0,0
TF,DAAWG,27.854278,-83.915422,0, ,0.0,0.0,0.0,0.0,3,21000,0,0,0,0,0,0
TF,RAYZZ,27.913797,-83.168664,0, ,0.0,0.0,0.0,0.0,1,10000,0,0,0,0,0,0

STAR,RAYZZ2,DAAWG,4
IF,DAAWG,27.854278,-83.915422, ,0.0,0.0,3,21000,0,0,0,0,0,0
TF,RAYZZ,27.913797,-83.168664,0, ,0.0,0.0,0.0,0.0,1,10000,0,0,0,0,0,0

STAR,RAYZZ2,05,6
IF,RAYZZ,27.913797,-83.168664, ,0.0,0.0,1,10000,0,0,0,0,0,0
TF,SHKRA,27.924908,-83.031553,0, ,0.0,0.0,0.0,0.0,0,0,0,0,0,0,0,1
FM,SHKRA,27.924908,-83.031553,0,SRQ,0.0,0.0,90.0,0,0,0,0,0,0,0,0

STAR,RAYZZ2,10,6
IF,RAYZZ,27.913797,-83.168664, ,0.0,0.0,1,10000,0,0,0,0,0,0
TF,SHKRA,27.924908,-83.031553,0, ,0.0,0.0,0.0,0.0,0,0,0,0,0,0,0,1
FM,SHKRA,27.924908,-83.031553,0,SRQ,0.0,0.0,90.0,0,0,0,0,0,0,0,0

STAR,RAYZZ2,23,6
IF,RAYZZ,27.913797,-83.168664, ,0.0,0.0,1,10000,0,0,0,0,0,0
TF,SHKRA,27.924908,-83.031553,0, ,0.0,0.0,0.0,0.0,0,0,0,0,0,0,0,1
FM,SHKRA,27.924908,-83.031553,0,SRQ,0.0,0.0,90.0,0,0,0,0,0,0,0,0

STAR,RAYZZ2,28,6
IF,RAYZZ,27.913797,-83.168664, ,0.0,0.0,1,10000,0,0,0,0,0,0
TF,SHKRA,27.924908,-83.031553,0, ,0.0,0.0,0.0,0.0,0,0,0,0,0,0,0,1
FM,SHKRA,27.924908,-83.031553,0,SRQ,0.0,0.0,90.0,0,0,0,0,0,0,0,0

APPTR,I10,10,LAL
IF,LAL,27.986197,-82.013906, ,0.0,0.0,0,0,0,0,0,0,0,0
TF,ARSHW,27.988617,-82.236442,0, ,0.0,0.0,0.0,0.0,2,2700,0,0,0,0,0,0
HF,ARSHW,27.988617,-82.236442,2, ,0.0,0.0,96.0,04.3,2,2700,0,0,0,0,1,0,0

FINAL,I10,10,I,3
IF,ARSHW,27.988617,-82.236442,ILAL,275.9,12.3,2,2700,0,0,0,0,0,0
CF,FLYEN,27.989006,-82.123333,0,ILAL,275.9,6.3,96.0,6.0,1,1700,0,0,0,0,2,0
CF,RW10,27.989236,-82.033869,0,ILAL,275.9,1.6,96.0,4.8,1,187,0,0,0,0,3,0
CA,0,96.0,2,1000,0,0,0,0,0,0
VI,1, ,0.0,292.0,0,0,0,0,0,0,0,0
CF,PLUMY,28.170897,-82.130539,0,LAL,329.8,12.7,330.0,8.0,2,2000,0,0,0,0,0,0
HM,PLUMY,28.170897,-82.130539,2, ,0.0,0.0,247.0,04.3,0,0,0,0,0,0,0,0,0

APPTR,R05,05,IPUNE
IF,IPUNE,27.914367,-82.230244, ,0.0,0.0,0,0,0,0,0,0,1,0
TF,ZUXON,27.855525,-82.163472,0, ,0.0,0.0,0.0,0.0,2,2700,0,0,0,0,1,0

APPTR,R05,05,SANOY
IF,SANOY,27.796650,-82.096772, ,0.0,0.0,0,0,0,0,0,0,1,0
TF,ZUXON,27.855525,-82.163472,0, ,0.0,0.0,0.0,0.0,2,2700,0,0,0,0,1,0

APPTR,R05,05,ZUXON
HF,ZUXON,27.855525,-82.163472,2, ,0.0,0.0,51.0,05,2,2700,0,0,0,0,1,0,0

FINAL,R05,05,R,3
IF,ZUXON,27.855525,-82.163472, ,0.0,0.0,2,2700,0,0,0,0,0,0
TF,BIYAT,27.927839,-82.082644,0, ,0.0,0.0,51.0,6.1,2,1700,0,0,0,0,2,0
TF,RW05,27.983450,-82.020372,0, ,0.0,0.0,51.0,4.7,1,186,0,0,0,0,3,1
CA,0,51.0,2,336,0,0,0,0,0,0
DF,OBTOQ,28.048603,-81.947308,0, ,0.0,0.0,0,0,0,0,0,0,0,0
TF,PLUMY,28.170897,-82.130539,1, ,0.0,0.0,0.0,0.0,2,2000,0,0,0,0,0,1
HM,PLUMY,28.170897,-82.130539,2, ,0.0,0.0,243.0,04,0,0,0,0,0,0,0,0,0

APPTR,R10,10,ARSHW
HF,ARSHW,27.988617,-82.236442,2, ,0.0,0.0,96.0,04,2,2700,0,0,0,0,1,0,0

APPTR,R10,10,BOMRR
IF,BOMRR,27.891019,-82.235964, ,0.0,0.0,0,0,0,1,210,0,1,0
TF,ARSHW,27.988617,-82.236442,0, ,0.0,0.0,0.0,0.0,2,2700,0,0,0,0,1,0

APPTR,R10,10,GUUNR
IF,GUUNR,28.086214,-82.236922, ,0.0,0.0,0,0,0,1,210,0,1,0
TF,ARSHW,27.988617,-82.236442,0, ,0.0,0.0,0.0,0.0,2,2700,0,0,0,0,1,0

FINAL,R10,10,R,4
IF,ARSHW,27.988617,-82.236442, ,0.0,0.0,2,2700,0,0,0,0,0,0
TF,FLYEN,27.989006,-82.123333,0, ,0.0,0.0,96.0,6.0,2,1700,0,0,0,0,2,0
TF,SUNFN,27.989161,-82.065397,0, ,0.0,0.0,96.0,3.1,2,720,0,0,0,0,0,0
TF,RW10,27.989236,-82.033869,0, ,0.0,0.0,96.0,1.7,1,187,0,0,0,0,3,1
CA,0,96.0,2,1100,0,0,0,0,0,0
DF,PLUMY,28.170897,-82.130539,1, ,0.0,0.0,2,2000,0,0,0,0,0,1
HM,PLUMY,28.170897,-82.130539,2, ,0.0,0.0,243.0,04,0,0,0,0,0,0,0,0,0

APPTR,R23,23,EHAGU
IF,EHAGU,28.061825,-81.799442, ,0.0,0.0,0,0,0,0,0,0,1,0
TF,JOVMU,28.120844,-81.866142,0, ,0.0,0.0,0.0,0.0,2,2700,0,0,0,0,1,0

APPTR,R23,23,JOVMU
HF,JOVMU,28.120844,-81.866142,2, ,0.0,0.0,231.0,05,2,2700,0,0,0,0,1,0,0

APPTR,R23,23,LEZTI
IF,LEZTI,28.179831,-81.932914, ,0.0,0.0,0,0,0,0,0,0,1,0
TF,JOVMU,28.120844,-81.866142,0, ,0.0,0.0,0.0,0.0,2,2700,0,0,0,0,1,0

FINAL,R23,23,R,3
IF,JOVMU,28.120844,-81.866142, ,0.0,0.0,2,2700,0,0,0,0,0,0
TF,OBTOQ,28.048603,-81.947308,0, ,0.0,0.0,231.0,6.1,2,1700,0,0,0,0,2,0
TF,RW23,27.993200,-82.009447,0, ,0.0,0.0,231.0,4.7,1,191,0,0,0,0,3,1
CA,0,231.0,2,426,0,0,0,0,0,0
DF,BIYAT,27.927839,-82.082644,0, ,0.0,0.0,0,0,0,0,0,0,0,0
TF,MIREE,28.015703,-82.154592,2, ,0.0,0.0,0.0,0.0,0,0,0,0,0,0,0,0
TF,PLUMY,28.170897,-82.130539,0, ,0.0,0.0,0.0,0.0,2,2000,0,0,0,0,0,1
HM,PLUMY,28.170897,-82.130539,2, ,0.0,0.0,243.0,04,0,0,0,0,0,0,0,0,0

APPTR,R28,28,GILDE
HF,GILDE,27.989564,-81.803244,2, ,0.0,0.0,276.0,04,2,2700,0,0,0,0,1,0,0

APPTR,R28,28,KONDE
IF,KONDE,28.087181,-81.803322, ,0.0,0.0,0,0,0,0,0,0,1,0
TF,GILDE,27.989564,-81.803244,0, ,0.0,0.0,0.0,0.0,2,2700,0,0,0,0,1,0

APPTR,R28,28,RETME
IF,RETME,27.891986,-81.803167, ,0.0,0.0,0,0,0,0,0,0,1,0
TF,GILDE,27.989564,-81.803244,0, ,0.0,0.0,0.0,0.0,2,2700,0,0,0,0,1,0

FINAL,R28,28,R,4
IF,GILDE,27.989564,-81.803244, ,0.0,0.0,2,2700,0,0,0,0,0,0
TF,ECADE,27.989450,-81.918075,0, ,0.0,0.0,276.0,6.1,2,1700,0,0,0,0,2,0
TF,CUVNA,27.989364,-81.971281,0, ,0.0,0.0,276.0,2.8,2,800,0,0,0,0,0,0
TF,RW28,27.989294,-82.007533,0, ,0.0,0.0,276.0,1.9,1,187,0,0,0,0,3,1
CA,0,276.0,2,1000,0,0,0,0,0,0
DF,PLUMY,28.170897,-82.130539,0, ,0.0,0.0,2,2000,0,0,0,0,0,1
HM,PLUMY,28.170897,-82.130539,2, ,0.0,0.0,243.0,04,0,0,0,0,0,0,0,0,0

APPTR,R28-Y,28,AKINE
IF,AKINE,27.918678,-81.921506, ,0.0,0.0,1,3000,0,0,0,0,0,0
TF,JASGI,27.924883,-81.827692,0, ,0.0,0.0,0.0,0.0,1,3000,0,1,210,0,1,0
TF,MAHZY,28.001911,-81.834122,0, ,0.0,0.0,0.0,0.0,2,3000,0,1,210,0,1,0

APPTR,R28-Y,28,KATRE
IF,KATRE,28.078239,-81.831092, ,0.0,0.0,1,3000,0,1,210,0,1,0
TF,MAHZY,28.001911,-81.834122,0, ,0.0,0.0,0.0,0.0,2,3000,0,1,210,0,1,0

FINAL,R28-Y,28,R,4
IF,MAHZY,28.001911,-81.834122, ,0.0,0.0,2,3000,0,1,210,0,0,0
TF,CEBVO,27.995039,-81.941469,0, ,0.0,0.0,272.0,5.7,2,1400,0,0,0,0,2,0
TF,GRDEE,27.991336,-81.981153,0, ,0.0,0.0,270.0,2.1,2,680,0,0,0,0,0,0
TF,DICEL,27.988869,-82.007508,0, ,0.0,0.0,270.0,1.4,1,202,0,0,0,0,3,1
CA,0,270.0,2,600,0,0,0,0,0,0
DF,PLUMY,28.170897,-82.130539,0, ,0.0,0.0,2,2000,0,0,0,0,0,1
HM,PLUMY,28.170897,-82.130539,2, ,0.0,0.0,243.0,04,0,0,0,0,0,0,0,0,0

APPTR,R28-Z,28,AKINE
IF,AKINE,27.918678,-81.921506, ,0.0,0.0,1,3000,0,0,0,0,0,0
TF,JASGI,27.924883,-81.827692,0, ,0.0,0.0,0.0,0.0,1,3000,0,1,210,0,1,0
TF,MAHZY,28.001911,-81.834122,0, ,0.0,0.0,0.0,0.0,2,3000,0,1,210,0,1,0

APPTR,R28-Z,28,KATRE
IF,KATRE,28.078239,-81.831092, ,0.0,0.0,1,3000,0,1,210,0,1,0
TF,MAHZY,28.001911,-81.834122,0, ,0.0,0.0,0.0,0.0,2,3000,0,1,210,0,1,0

FINAL,R28-Z,28,R,6
IF,MAHZY,28.001911,-81.834122, ,0.0,0.0,2,3000,0,1,210,0,0,0
TF,HODAV,27.995719,-81.930706,0, ,0.0,0.0,272.0,5.1,2,1600,0,0,0,0,2,0
TF,NILVE,27.994928,-81.942983,0, ,0.0,0.0,272.0,0.7,0,0,0,0,0,0,0,0
RF,LLNDA,27.990956,-81.967539,1,CFKJJ,266.9,6.2,0,0,0,0,0,0,0,0
RF,FASIB,27.989347,-81.979922,2,CFJWH,275.2,2.3,0,0,0,0,0,0,0,0
TF,RW28,27.989294,-82.007533,0, ,0.0,0.0,276.0,1.5,1,202,0,0,0,0,3,1
CA,0,276.0,2,600,0,0,0,0,0,0
DF,PLUMY,28.170897,-82.130539,0, ,0.0,0.0,2,2000,0,0,0,0,0,1
HM,PLUMY,28.170897,-82.130539,2, ,0.0,0.0,243.0,04,0,0,0,0,0,0,0,0,0

FINAL,S10,10,D,4
IF,LLEGO,28.007161,-82.218122,LAL,275.7,10.9,2,2000,0,0,0,0,0,0
CF,AIRBS,27.995675,-82.105872,0,LAL,275.6,4.9,96.0,6.0,2,1400,0,0,0,0,2,0
CF,UDATE,27.991589,-82.066247,0,LAL,275.6,2.8,96.0,2.1,2,700,0,0,0,0,0,0
CF,HANAX,27.988261,-82.033997,0,LAL,275.6,1.1,96.0,1.7,1,185,0,0,0,0,3,0
CA,0,96.0,2,1000,0,0,0,0,0,0
VI,1, ,0.0,294.0,0,0,0,0,0,0,0,0
CF,PLUMY,28.170897,-82.130539,0,LAL,329.8,12.7,330.0,8.0,2,2000,0,0,0,0,0,0
HM,PLUMY,28.170897,-82.130539,2, ,0.0,0.0,247.0,04.3,0,0,0,0,0,0,0,0,0

APPTR,S28,28,LAL
PI,LAL,27.986197,-82.013906,1,LAL,121.0,10.0,076,5.0,2,2000,0,0,0,0,1,0
CF,FF28,28.008686,-81.901100,0,LAL,76.3,6.1,256.0,3.9,2,2000,0,0,0,0,0,0

FINAL,S28,28,D,3
IF,FF28,28.008686,-81.901100,LAL,76.3,6.1,2,2000,0,0,0,0,2,0
CF,AMBAZ,27.996100,-81.964297,0,LAL,76.3,2.7,256.0,3.4,2,920,0,0,0,0,0,0
CF,RW28,27.989294,-82.007533,0,LAL,60.3,0.4,256.0,2.3,1,187,0,0,0,0,3,0
CF,LAL,27.986197,-82.013906,0,LAL,0.0,0.0,256.0,0.4,0,0,0,0,0,0,0,1
CA,0,256.0,2,1000,0,0,0,0,0,0
VI,2, ,0.0,17.0,0,0,0,0,0,0,0,0
CF,PLUMY,28.170897,-82.130539,0,LAL,329.8,12.7,330.0,6.0,2,2000,0,0,0,0,0,0
HM,PLUMY,28.170897,-82.130539,2, ,0.0,0.0,247.0,04.3,0,0,0,0,0,0,0,0,0

