APPTR,I10R,10R,UNSUN
IF,UNSUN,42.751311,-85.080472, ,0.0,0.0,0,0,0,0,0,0,1,0
VI,0, ,0.0,50.0,2,2500,0,0,0,0,0,0
CF,PETKE,42.779836,-84.840939,0,ICPQ,275.6,12.2,96.0,8.8,2,2500,0,0,0,0,1,0

FINAL,I10R,10R,I,3
IF,PETKE,42.779836,-84.840939,ICPQ,275.6,12.2,2,2500,0,0,0,0,0,0
CF,FAMLI,42.778958,-84.702781,0,ICPQ,275.6,6.1,96.0,6.1,1,2367,0,0,0,0,2,0
CF,RW10R,42.778203,-84.601056,0,ICPQ,275.6,1.6,96.0,4.5,1,916,0,0,0,0,3,0
CA,0,96.0,2,2000,0,0,0,0,0,0
CF,ERRYS,42.862639,-84.148456,0,FNT,256.7,18.8,77.0,19.0,2,2700,0,0,0,0,0,0
HM,ERRYS,42.862639,-84.148456,2, ,0.0,0.0,257.0,04.3,0,0,0,0,0,0,0,0,0

APPTR,I28L,28L,QUBEE
HF,QUBEE,42.774775,-84.236506,2, ,0.0,0.0,276.0,04.3,2,2500,0,0,0,0,1,0,0
CF,WIGSA,42.775642,-84.317967,0,ILAN,95.6,12.7,276.0,3.6,2,2500,0,0,0,0,0,0

FINAL,I28L,28L,I,3
IF,WIGSA,42.775642,-84.317967,ILAN,95.6,12.7,2,2500,0,0,0,0,0,0
CF,BURYE,42.777042,-84.462869,0,ILAN,95.6,6.3,276.0,6.4,1,2400,0,0,0,0,2,0
CF,RW28L,42.777956,-84.569375,0,ILAN,95.6,1.6,276.0,4.7,1,901,0,0,0,0,3,0
CA,0,276.0,2,2500,0,0,0,0,0,0
VI,0, ,0.0,250.0,0,0,0,0,0,0,0,0
CF,UNSUN,42.751311,-85.080472,0,VIO,100.4,18.5,280.0,14.0,2,3000,0,0,0,0,0,0
HM,UNSUN,42.751311,-85.080472,2, ,0.0,0.0,100.0,04.3,0,0,0,0,0,0,0,0,0

APPTR,R06,06,BOODY
IF,BOODY,42.579594,-84.686328, ,0.0,0.0,0,0,0,0,0,0,1,0
TF,EGUTY,42.672714,-84.781583,0, ,0.0,0.0,0.0,0.0,2,3000,0,0,0,0,1,0

APPTR,R06,06,EGUTY
HF,EGUTY,42.672714,-84.781583,2, ,0.0,0.0,58.0,04,2,3000,0,0,0,0,1,0,0

APPTR,R06,06,HOYTV
IF,HOYTV,42.765756,-84.877125, ,0.0,0.0,0,0,0,0,0,0,1,0
TF,EGUTY,42.672714,-84.781583,0, ,0.0,0.0,0.0,0.0,2,3000,0,0,0,0,1,0

FINAL,R06,06,R,4
IF,EGUTY,42.672714,-84.781583, ,0.0,0.0,2,3000,0,0,0,0,0,0
TF,STJOE,42.735314,-84.669208,0, ,0.0,0.0,58.0,6.2,2,2100,0,0,0,0,2,0
TF,LEKPE,42.753881,-84.635797,0, ,0.0,0.0,58.0,1.9,2,1500,0,0,0,0,0,0
TF,RW06,42.773167,-84.601044,0, ,0.0,0.0,58.0,1.9,1,899,0,0,0,0,3,1
CA,0,58.0,2,1109,0,0,0,0,0,0
DF,FETUM,42.888967,-84.391550,0, ,0.0,0.0,2,3000,0,0,0,0,0,1
HM,FETUM,42.888967,-84.391550,2, ,0.0,0.0,238.0,04,0,0,0,0,0,0,0,0,0

APPTR,R10R,10R,ILLOV
IF,ILLOV,42.663108,-84.842381, ,0.0,0.0,0,0,0,0,0,0,1,0
TF,OCTEC,42.779806,-84.841167,0, ,0.0,0.0,0.0,0.0,2,3000,0,0,0,0,1,0

APPTR,R10R,10R,JATVA
IF,JATVA,42.896500,-84.839947, ,0.0,0.0,0,0,0,0,0,0,1,0
TF,OCTEC,42.779806,-84.841167,0, ,0.0,0.0,0.0,0.0,2,3000,0,0,0,0,1,0

APPTR,R10R,10R,OCTEC
HF,OCTEC,42.779806,-84.841167,2, ,0.0,0.0,95.0,04,2,3000,0,0,0,0,1,0,0

FINAL,R10R,10R,R,4
IF,OCTEC,42.779806,-84.841167, ,0.0,0.0,2,3000,0,0,0,0,0,0
TF,AZDEZ,42.778967,-84.706475,0, ,0.0,0.0,95.0,6.0,2,2400,0,0,0,0,2,0
TF,CIRAT,42.778597,-84.653764,0, ,0.0,0.0,96.0,2.3,2,1640,0,0,0,0,0,0
TF,RW10R,42.778203,-84.601056,0, ,0.0,0.0,96.0,2.3,1,916,0,0,0,0,3,1
CA,0,96.0,2,1061,0,0,0,0,0,0
DF,DUTVE,42.775781,-84.328425,0, ,0.0,0.0,2,3000,0,0,0,0,0,1
HM,DUTVE,42.775781,-84.328425,2, ,0.0,0.0,276.0,04,0,0,0,0,0,0,0,0,0

APPTR,R24,24,AFJEF
IF,AFJEF,42.982322,-84.486850, ,0.0,0.0,0,0,0,0,0,0,1,0
TF,FETUM,42.888967,-84.391550,0, ,0.0,0.0,0.0,0.0,2,3000,0,0,0,0,1,0

APPTR,R24,24,FETUM
HF,FETUM,42.888967,-84.391550,2, ,0.0,0.0,238.0,04,2,3000,0,0,0,0,1,0,0

APPTR,R24,24,GOYBU
IF,GOYBU,42.795533,-84.296539, ,0.0,0.0,0,0,0,0,0,0,1,0
TF,FETUM,42.888967,-84.391550,0, ,0.0,0.0,0.0,0.0,2,3000,0,0,0,0,1,0

FINAL,R24,24,R,4
IF,FETUM,42.888967,-84.391550, ,0.0,0.0,2,3000,0,0,0,0,0,0
TF,HAKEK,42.828947,-84.500319,0, ,0.0,0.0,238.0,6.0,2,2400,0,0,0,0,2,0
TF,TIBRE,42.805192,-84.543256,0, ,0.0,0.0,238.0,2.4,2,1640,0,0,0,0,0,0
TF,RW24,42.781422,-84.586158,0, ,0.0,0.0,238.0,2.4,1,890,0,0,0,0,3,1
CA,0,238.0,2,1162,0,0,0,0,0,0
DF,EGUTY,42.672714,-84.781583,0, ,0.0,0.0,2,3000,0,0,0,0,0,1
HM,EGUTY,42.672714,-84.781583,2, ,0.0,0.0,58.0,04,0,0,0,0,0,0,0,0,0

APPTR,R28L,28L,DUTVE
HF,DUTVE,42.775781,-84.328425,2, ,0.0,0.0,276.0,04,2,3000,0,0,0,0,1,0,0

FINAL,R28L,28L,R,3
IF,DUTVE,42.775781,-84.328425, ,0.0,0.0,2,3000,0,0,0,0,0,0
TF,BURYE,42.777042,-84.462869,0, ,0.0,0.0,276.0,5.9,2,2400,0,0,0,0,2,0
TF,RW28L,42.777956,-84.569375,0, ,0.0,0.0,276.0,4.7,1,901,0,0,0,0,3,1
CA,0,276.0,2,1052,0,0,0,0,0,0
DF,OCTEC,42.779806,-84.841167,0, ,0.0,0.0,2,3000,0,0,0,0,0,1
HM,OCTEC,42.779806,-84.841167,2, ,0.0,0.0,95.0,04,0,0,0,0,0,0,0,0,0

