APPTR,I24,24,IGOCI
HF,IGOCI,40.449411,-79.172894,2, ,0.0,0.0,236.0,04.3,2,4200,0,0,0,0,1,0,0

FINAL,I24,24,I,3
IF,IGOCI,40.449411,-79.172894,ILBE,55.8,16.0,2,4200,0,0,0,0,0,0
CF,ZINTA,40.378433,-79.268706,0,ILBE,55.8,9.9,236.0,6.1,1,3900,0,0,0,0,2,0
CF,RW24,40.279344,-79.401953,0,ILBE,55.8,1.4,236.0,8.5,1,1185,0,0,0,0,3,0
CA,0,236.0,2,2000,0,0,0,0,0,0
DF,AGC,40.278644,-80.040856,0, ,0.0,0.0,2,5000,0,0,0,0,0,0
HM,AGC,40.278644,-80.040856,2, ,0.0,0.0,56.0,04.3,0,0,0,0,0,0,0,0,0

APPTR,R06,06,WETAB
HF,WETAB,40.140928,-79.587083,2, ,0.0,0.0,56.0,04,2,4000,0,0,0,0,1,0,0

FINAL,R06,06,R,3
IF,WETAB,40.140928,-79.587083, ,0.0,0.0,2,4000,0,0,0,0,0,0
TF,ARNIE,40.211997,-79.492172,0, ,0.0,0.0,56.0,6.1,2,2700,0,0,0,0,2,0
TF,RW06,40.265231,-79.420883,0, ,0.0,0.0,56.0,4.6,1,1244,0,0,0,0,3,1
CA,0,56.0,2,1449,0,0,0,0,0,0
DF,IGOCI,40.449411,-79.172894,0, ,0.0,0.0,2,4200,0,0,0,0,0,1
HM,IGOCI,40.449411,-79.172894,2, ,0.0,0.0,236.0,05,0,0,0,0,0,0,0,0,0

APPTR,R24,24,IGOCI
HF,IGOCI,40.449411,-79.172894,2, ,0.0,0.0,236.0,05,2,4200,0,0,0,0,1,0,0

FINAL,R24,24,R,4
IF,IGOCI,40.449411,-79.172894, ,0.0,0.0,2,4200,0,0,0,0,0,0
TF,ZINTA,40.378433,-79.268706,0, ,0.0,0.0,236.0,6.1,2,3900,0,0,0,0,2,0
TF,XICBU,40.314231,-79.355108,0, ,0.0,0.0,236.0,5.5,2,2140,0,0,0,0,0,0
TF,RW24,40.279344,-79.401953,0, ,0.0,0.0,236.0,3.0,1,1185,0,0,0,0,3,1
CA,0,236.0,2,1345,0,0,0,0,0,0
DF,WETAB,40.140928,-79.587083,0, ,0.0,0.0,2,4200,0,0,0,0,0,1
HM,WETAB,40.140928,-79.587083,2, ,0.0,0.0,56.0,04,2,4200,0,0,0,0,0,0,0

