SID,ANAHM1,08L,1
VA,0,76.0,2,800,0,0,0,0,0,0
VM,0,0,0,76.0,0,0,0,0,0,0,0,0
DF,SLI,33.783300,-118.054758,0, ,0.0,0.0,0,0,0,0,0,0,0,0

SID,ANAHM1,08R,1
VA,0,76.0,2,800,0,0,0,0,0,0
VM,0,0,0,76.0,0,0,0,0,0,0,0,0
DF,SLI,33.783300,-118.054758,0, ,0.0,0.0,0,0,0,0,0,0,0,0

SID,ANAHM1,12,1
VA,0,121.0,2,800,0,0,0,0,0,0
VM,0,0,0,121.0,0,0,0,0,0,0,0,0
DF,SLI,33.783300,-118.054758,0, ,0.0,0.0,0,0,0,0,0,0,0,0

SID,ANAHM1,26L,1
VA,0,256.0,2,800,0,0,0,0,0,0
VM,0,0,0,256.0,0,0,0,0,0,0,0,0
DF,SLI,33.783300,-118.054758,0, ,0.0,0.0,0,0,0,0,0,0,0,0

SID,ANAHM1,26R,1
VA,0,256.0,2,800,0,0,0,0,0,0
VM,0,0,0,256.0,0,0,0,0,0,0,0,0
DF,SLI,33.783300,-118.054758,0, ,0.0,0.0,0,0,0,0,0,0,0,0

SID,ANAHM1,30,1
VA,0,301.0,2,800,0,0,0,0,0,0
VM,0,0,0,301.0,0,0,0,0,0,0,0,0
DF,SLI,33.783300,-118.054758,0, ,0.0,0.0,0,0,0,0,0,0,0,0

SID,ANAHM1,HEC,3
IF,SLI,33.783300,-118.054758, ,0.0,0.0,0,0,0,0,0,0,0,0
TF,PDZ,33.918336,-117.529997,0, ,0.0,0.0,0.0,0.0,0,0,0,0,0,0,0,0
TF,APLES,34.548467,-117.149483,0, ,0.0,0.0,0.0,0.0,2,10000,0,0,0,0,0,0
TF,HEC,34.797017,-116.462922,0, ,0.0,0.0,0.0,0.0,0,0,0,0,0,0,0,0

SID,ANAHM1,LHS,3
IF,SLI,33.783300,-118.054758, ,0.0,0.0,0,0,0,0,0,0,0,0
TF,POXKU,33.853742,-117.782358,0, ,0.0,0.0,0.0,0.0,0,0,0,0,0,0,0,0
TF,BAYJY,34.007350,-117.785586,0, ,0.0,0.0,0.0,0.0,0,0,0,0,0,0,0,0
TF,DARTS,34.156047,-118.269594,0, ,0.0,0.0,0.0,0.0,0,0,0,0,0,0,0,0
TF,LHS,34.682972,-118.576939,0, ,0.0,0.0,0.0,0.0,0,0,0,0,0,0,0,0

SID,ANAHM1,VTU,3
IF,SLI,33.783300,-118.054758, ,0.0,0.0,0,0,0,0,0,0,0,0
TF,WILMA,33.771158,-118.259489,0, ,0.0,0.0,0.0,0.0,0,0,0,0,0,0,0,0
TF,LAX,33.933150,-118.432014,0, ,0.0,0.0,0.0,0.0,0,0,0,0,0,0,0,0
TF,SADDE,34.038994,-118.764633,0, ,0.0,0.0,0.0,0.0,0,0,0,0,0,0,0,0
TF,VTU,34.115064,-119.049500,0, ,0.0,0.0,0.0,0.0,0,0,0,0,0,0,0,0

SID,FRITR3,12,4
VA,0,121.0,2,600,0,0,0,0,0,0
VM,0,0,0,121.0,0,0,0,0,0,0,0,0
DF,FRITR,33.644603,-118.038819,0, ,0.0,0.0,2,5000,0,0,0,0,0,0

SID,FRITR3,26R,4
VA,0,256.0,2,580,0,0,0,0,0,0
VM,0,0,0,180.0,0,0,0,0,0,0,0,0
DF,FRITR,33.644603,-118.038819,0, ,0.0,0.0,2,5000,0,0,0,0,0,0

SID,FRITR3,30,4
VA,0,301.0,2,1500,0,0,0,0,0,0
VM,0,0,1,180.0,0,0,0,0,0,0,0,0
DF,FRITR,33.644603,-118.038819,0, ,0.0,0.0,2,5000,0,0,0,0,0,0

SID,FRITR3,ALL,5
IF,FRITR,33.644603,-118.038819, ,0.0,0.0,2,5000,0,0,0,0,0,0
TF,DOTSS,33.644106,-117.795283,0, ,0.0,0.0,0.0,0.0,0,0,0,0,0,0,0,0

SID,FRITR3,AVRRY,6
IF,DOTSS,33.644106,-117.795283, ,0.0,0.0,0,0,0,0,0,0,0,0
TF,AREAE,33.634422,-117.233639,0, ,0.0,0.0,0.0,0.0,0,0,0,0,0,0,0,0
TF,PEELR,33.611006,-116.336933,0, ,0.0,0.0,0.0,0.0,0,0,0,0,0,0,0,0
TF,MTBAL,33.603314,-116.042306,0, ,0.0,0.0,0.0,0.0,0,0,0,0,0,0,0,0
TF,AVRRY,33.752042,-115.570711,0, ,0.0,0.0,0.0,0.0,0,0,0,0,0,0,0,0

SID,FRITR3,CNERY,6
IF,DOTSS,33.644106,-117.795283, ,0.0,0.0,0,0,0,0,0,0,0,0
TF,WIILD,33.504817,-117.233300,0, ,0.0,0.0,0.0,0.0,0,0,0,0,0,0,0,0
TF,BLCKD,33.492158,-116.424483,0, ,0.0,0.0,0.0,0.0,0,0,0,0,0,0,0,0
TF,CSTWY,33.486047,-116.034181,0, ,0.0,0.0,0.0,0.0,0,0,0,0,0,0,0,0
TF,CNERY,33.617708,-115.582422,0, ,0.0,0.0,0.0,0.0,0,0,0,0,0,0,0,1

SID,FRITR3,TCATE,6
IF,DOTSS,33.644106,-117.795283, ,0.0,0.0,0,0,0,0,0,0,0,0
TF,WIILD,33.504817,-117.233300,0, ,0.0,0.0,0.0,0.0,0,0,0,0,0,0,0,0
TF,TCATE,32.808075,-116.483300,0, ,0.0,0.0,0.0,0.0,0,0,0,0,0,0,0,0

SID,HAWWC3,08L,4
VA,0,76.0,2,580,0,0,0,0,0,0
VM,0,0,0,76.0,0,0,0,0,0,0,0,0
DF,PIJIN,33.867553,-118.328556,0, ,0.0,0.0,2,4000,0,0,0,0,0,0
TF,HAWWC,33.915256,-118.414100,0, ,0.0,0.0,0.0,0.0,2,5000,0,0,0,0,0,0

SID,HAWWC3,08R,4
VA,0,76.0,2,580,0,0,0,0,0,0
VM,0,0,0,76.0,0,0,0,0,0,0,0,0
DF,PIJIN,33.867553,-118.328556,0, ,0.0,0.0,2,4000,0,0,0,0,0,0
TF,HAWWC,33.915256,-118.414100,0, ,0.0,0.0,0.0,0.0,2,5000,0,0,0,0,0,0

SID,HAWWC3,12,4
VA,0,121.0,2,580,0,0,0,0,0,0
VM,0,0,0,121.0,0,0,0,0,0,0,0,0
DF,PIJIN,33.867553,-118.328556,0, ,0.0,0.0,2,4000,0,0,0,0,0,0
TF,HAWWC,33.915256,-118.414100,0, ,0.0,0.0,0.0,0.0,2,5000,0,0,0,0,0,0

SID,HAWWC3,26L,4
VA,0,256.0,2,800,0,0,0,0,0,0
VM,0,0,0,270.0,0,0,0,0,0,0,0,0
DF,PIJIN,33.867553,-118.328556,0, ,0.0,0.0,2,4000,0,0,0,0,0,0
TF,HAWWC,33.915256,-118.414100,0, ,0.0,0.0,0.0,0.0,2,5000,0,0,0,0,0,0

SID,HAWWC3,26R,4
VA,0,256.0,2,580,0,0,0,0,0,0
VM,0,0,0,270.0,0,0,0,0,0,0,0,0
DF,PIJIN,33.867553,-118.328556,0, ,0.0,0.0,2,4000,0,0,0,0,0,0
TF,HAWWC,33.915256,-118.414100,0, ,0.0,0.0,0.0,0.0,2,5000,0,0,0,0,0,0

SID,HAWWC3,30,4
VA,0,301.0,2,580,0,0,0,0,0,0
VM,0,0,0,270.0,0,0,0,0,0,0,0,0
DF,PIJIN,33.867553,-118.328556,0, ,0.0,0.0,2,4000,0,0,0,0,0,0
TF,HAWWC,33.915256,-118.414100,0, ,0.0,0.0,0.0,0.0,2,5000,0,0,0,0,0,0

SID,HAWWC3,IKAYE,6
IF,HAWWC,33.915256,-118.414100, ,0.0,0.0,2,5000,0,0,0,0,0,0
TF,WROBN,34.007469,-118.494472,0, ,0.0,0.0,0.0,0.0,1,6000,0,0,0,0,0,0
TF,ORIYL,34.053550,-118.592797,0, ,0.0,0.0,0.0,0.0,0,0,0,0,0,0,0,0
TF,MOOOS,34.051303,-118.760811,0, ,0.0,0.0,0.0,0.0,0,0,0,0,0,0,0,0
TF,IKAYE,34.143056,-119.010278,0, ,0.0,0.0,0.0,0.0,0,0,0,0,0,0,0,0

SID,TOPMM5,12,4
VA,0,121.0,2,560,0,0,0,0,0,0
DF,OMMAA,33.727061,-118.039236,0, ,0.0,0.0,1,3000,0,0,0,0,0,0
TF,PLTAA,33.667275,-118.080586,0, ,0.0,0.0,0.0,0.0,0,0,0,0,0,0,0,0
TF,AAYJY,33.685547,-118.172375,0, ,0.0,0.0,0.0,0.0,0,0,0,0,0,0,0,0
TF,QMARY,33.761392,-118.166692,0, ,0.0,0.0,0.0,0.0,1,4000,0,0,0,0,0,0
TF,TOPMM,33.861656,-118.248497,0, ,0.0,0.0,0.0,0.0,2,2400,0,1,200,0,0,0

SID,TOPMM5,26R,4
VI,0, ,0.0,256.0,0,0,0,0,0,0,0,0
CF,TOPMM,33.861656,-118.248497,0,ELB,279.4,28.2,302.0,4.0,2,2400,0,1,200,0,0,0

SID,TOPMM5,30,4
VI,0, ,0.0,301.0,0,0,0,0,0,0,0,0
CF,TOPMM,33.861656,-118.248497,0,ELB,279.4,28.2,269.0,3.9,2,2400,0,1,200,0,0,0

SID,TOPMM5,COREZ,6
IF,TOPMM,33.861656,-118.248497, ,0.0,0.0,2,2400,0,1,200,0,0,0
TF,PYPES,33.900119,-118.444247,0, ,0.0,0.0,0.0,0.0,2,7000,0,0,0,0,0,0
TF,PLTFM,33.987917,-118.502472,0, ,0.0,0.0,0.0,0.0,2,10000,0,0,0,0,0,0
TF,OVEUR,34.099900,-118.556450,0, ,0.0,0.0,0.0,0.0,0,0,0,0,0,0,0,0
TF,OROSZ,34.426717,-118.674169,0, ,0.0,0.0,0.0,0.0,2,14000,0,1,250,0,0,0
TF,SHORS,34.795447,-118.935381,0, ,0.0,0.0,0.0,0.0,0,0,0,0,0,0,0,0
TF,MDWAY,34.975139,-119.063883,0, ,0.0,0.0,0.0,0.0,0,0,0,0,0,0,0,0
TF,COREZ,35.556667,-119.483883,0, ,0.0,0.0,0.0,0.0,0,0,0,0,0,0,0,0

SID,TOPMM5,CSTRO,6
IF,TOPMM,33.861656,-118.248497, ,0.0,0.0,2,2400,0,1,200,0,0,0
TF,PYPES,33.900119,-118.444247,0, ,0.0,0.0,0.0,0.0,2,7000,0,0,0,0,0,0
TF,PLTFM,33.987917,-118.502472,0, ,0.0,0.0,0.0,0.0,2,10000,0,0,0,0,0,0
TF,OVEUR,34.099900,-118.556450,0, ,0.0,0.0,0.0,0.0,0,0,0,0,0,0,0,0
TF,OROSZ,34.426717,-118.674169,0, ,0.0,0.0,0.0,0.0,2,14000,0,1,250,0,0,0
TF,HEYJO,34.719536,-118.731400,0, ,0.0,0.0,0.0,0.0,0,0,0,0,0,0,0,0
TF,CSTRO,35.447961,-119.235278,0, ,0.0,0.0,0.0,0.0,0,0,0,0,0,0,0,0

SID,ZOOMM3,12,4
VA,0,121.0,2,600,0,0,0,0,0,0
VM,0,0,0,121.0,0,0,0,0,0,0,0,0
DF,CAHIL,33.906269,-117.944792,0, ,0.0,0.0,2,15000,0,0,0,0,0,0

SID,ZOOMM3,26R,4
VA,0,256.0,2,580,0,0,0,0,0,0
VM,0,0,0,180.0,0,0,0,0,0,0,0,0
DF,CAHIL,33.906269,-117.944792,0, ,0.0,0.0,2,15000,0,0,0,0,0,0

SID,ZOOMM3,30,4
VA,0,301.0,2,1500,0,0,0,0,0,0
VM,0,0,1,180.0,0,0,0,0,0,0,0,0
DF,CAHIL,33.906269,-117.944792,0, ,0.0,0.0,2,15000,0,0,0,0,0,0

SID,ZOOMM3,ALL,5
IF,CAHIL,33.906269,-117.944792, ,0.0,0.0,2,15000,0,0,0,0,0,0
TF,ZOOMM,33.952614,-117.902475,0, ,0.0,0.0,0.0,0.0,2,16000,0,0,0,0,0,0

SID,ZOOMM3,BEALE,6
IF,ZOOMM,33.952614,-117.902475, ,0.0,0.0,2,16000,0,0,0,0,0,0
TF,SEBBY,34.089686,-117.776978,0, ,0.0,0.0,0.0,0.0,0,0,0,0,0,0,0,0
TF,PLAYY,34.299817,-117.464669,0, ,0.0,0.0,0.0,0.0,0,0,0,0,0,0,0,0
TF,ARCUS,34.541667,-117.101783,0, ,0.0,0.0,0.0,0.0,0,0,0,0,0,0,0,0
TF,YELAH,34.854167,-116.644694,0, ,0.0,0.0,0.0,0.0,0,0,0,0,0,0,0,0
TF,WYZEE,35.696089,-115.503525,0, ,0.0,0.0,0.0,0.0,0,0,0,0,0,0,0,0
TF,BEALE,36.182453,-114.826136,0, ,0.0,0.0,0.0,0.0,0,0,0,0,0,0,0,0

SID,ZOOMM3,HAILO,6
IF,ZOOMM,33.952614,-117.902475, ,0.0,0.0,2,16000,0,0,0,0,0,0
TF,SEBBY,34.089686,-117.776978,0, ,0.0,0.0,0.0,0.0,0,0,0,0,0,0,0,0
TF,PLAYY,34.299817,-117.464669,0, ,0.0,0.0,0.0,0.0,0,0,0,0,0,0,0,0
TF,GUNNR,34.876944,-116.986944,0, ,0.0,0.0,0.0,0.0,0,0,0,0,0,0,0,0
TF,ARRMY,35.063333,-116.740000,0, ,0.0,0.0,0.0,0.0,0,0,0,0,0,0,0,0
TF,HAILO,35.637222,-115.971111,0, ,0.0,0.0,0.0,0.0,0,0,0,0,0,0,0,0

SID,ZOOMM3,LAS,6
IF,ZOOMM,33.952614,-117.902475, ,0.0,0.0,2,16000,0,0,0,0,0,0
TF,SEBBY,34.089686,-117.776978,0, ,0.0,0.0,0.0,0.0,0,0,0,0,0,0,0,0
TF,PLAYY,34.299817,-117.464669,0, ,0.0,0.0,0.0,0.0,0,0,0,0,0,0,0,0
TF,NNAVY,34.919633,-116.728022,0, ,0.0,0.0,0.0,0.0,0,0,0,0,0,0,0,0
TF,BLAZN,35.632003,-115.779461,0, ,0.0,0.0,0.0,0.0,0,0,0,0,0,0,0,0
TF,LAS,36.079703,-115.159797,0, ,0.0,0.0,0.0,0.0,0,0,0,0,0,0,0,0

SID,ZOOMM3,MISEN,6
IF,ZOOMM,33.952614,-117.902475, ,0.0,0.0,2,16000,0,0,0,0,0,0
TF,SEBBY,34.089686,-117.776978,0, ,0.0,0.0,0.0,0.0,0,0,0,0,0,0,0,0
TF,PLAYY,34.299817,-117.464669,0, ,0.0,0.0,0.0,0.0,0,0,0,0,0,0,0,0
TF,ARCUS,34.541667,-117.101783,0, ,0.0,0.0,0.0,0.0,0,0,0,0,0,0,0,0
TF,YELAH,34.854167,-116.644694,0, ,0.0,0.0,0.0,0.0,0,0,0,0,0,0,0,0
TF,MISEN,35.102350,-116.403850,0, ,0.0,0.0,0.0,0.0,0,0,0,0,0,0,0,0

SID,ZOOMM3,NNAVY,6
IF,ZOOMM,33.952614,-117.902475, ,0.0,0.0,2,16000,0,0,0,0,0,0
TF,SEBBY,34.089686,-117.776978,0, ,0.0,0.0,0.0,0.0,0,0,0,0,0,0,0,0
TF,PLAYY,34.299817,-117.464669,0, ,0.0,0.0,0.0,0.0,0,0,0,0,0,0,0,0
TF,NNAVY,34.919633,-116.728022,0, ,0.0,0.0,0.0,0.0,0,0,0,0,0,0,0,0

STAR,BAUBB3,TCUPS,4
IF,TCUPS,34.075292,-119.786011, ,0.0,0.0,2,26000,0,1,280,0,0,0
TF,RUKKI,33.898056,-119.433056,0, ,0.0,0.0,0.0,0.0,2,21000,0,0,0,0,0,0
TF,SCANN,33.708214,-119.046125,0, ,0.0,0.0,0.0,0.0,0,0,0,0,0,0,0,0
TF,BAUBB,33.571667,-118.774753,0, ,0.0,0.0,0.0,0.0,4,13000,11000,0,0,0,0,0

STAR,BAUBB3,TILLT,4
IF,TILLT,35.453672,-121.000975, ,0.0,0.0,0,0,0,0,0,0,0,0
TF,ZIPRR,35.045703,-120.561906,0, ,0.0,0.0,0.0,0.0,0,0,0,0,0,0,0,0
TF,WURLL,34.692742,-120.276714,0, ,0.0,0.0,0.0,0.0,0,0,0,0,0,0,0,0
TF,TCUPS,34.075292,-119.786011,0, ,0.0,0.0,0.0,0.0,2,26000,0,1,280,0,0,0
TF,RUKKI,33.898056,-119.433056,0, ,0.0,0.0,0.0,0.0,2,21000,0,0,0,0,0,0
TF,SCANN,33.708214,-119.046125,0, ,0.0,0.0,0.0,0.0,0,0,0,0,0,0,0,0
TF,BAUBB,33.571667,-118.774753,0, ,0.0,0.0,0.0,0.0,4,13000,11000,0,0,0,0,0

STAR,BAUBB3,ALL,5
IF,BAUBB,33.571667,-118.774753, ,0.0,0.0,4,13000,11000,0,0,0,0,0
TF,STYFF,33.521667,-118.465667,0, ,0.0,0.0,0.0,0.0,4,9000,7000,0,0,0,0,0

STAR,BAUBB3,12,6
IF,STYFF,33.521667,-118.465667, ,0.0,0.0,4,9000,7000,0,0,0,0,0
TF,KAYNN,33.518222,-118.332028,0, ,0.0,0.0,0.0,0.0,4,7000,5000,0,0,0,0,0
TF,PADDR,33.591633,-118.283517,0, ,0.0,0.0,0.0,0.0,4,6000,5000,1,200,0,0,0
TF,QGATE,33.708800,-118.222783,0, ,0.0,0.0,0.0,0.0,0,0,0,0,0,0,0,0
TF,BREKE,33.762797,-118.239475,0, ,0.0,0.0,0.0,0.0,1,3000,0,0,0,0,0,0

STAR,BAUBB3,26R,6
IF,STYFF,33.521667,-118.465667, ,0.0,0.0,4,9000,7000,0,0,0,0,0
TF,KAYNN,33.518222,-118.332028,0, ,0.0,0.0,0.0,0.0,4,7000,5000,0,0,0,0,0
TF,LAXBB,33.567500,-118.178000,0, ,0.0,0.0,0.0,0.0,3,5000,0,1,200,0,0,0
TF,ALBAS,33.599633,-118.077822,0, ,0.0,0.0,0.0,0.0,1,4000,0,0,0,0,0,0
TF,EZKEL,33.627319,-118.055497,0, ,0.0,0.0,0.0,0.0,1,4000,0,0,0,0,0,1
FM,EZKEL,33.627319,-118.055497,0,IPL,0.0,0.0,20.0,0,0,0,0,0,0,0,0

STAR,BAUBB3,30,6
IF,STYFF,33.521667,-118.465667, ,0.0,0.0,4,9000,7000,0,0,0,0,0
TF,KAYNN,33.518222,-118.332028,0, ,0.0,0.0,0.0,0.0,4,7000,5000,0,0,0,0,0
TF,LAXBB,33.567500,-118.178000,0, ,0.0,0.0,0.0,0.0,3,5000,0,1,200,0,0,0
TF,ALBAS,33.599633,-118.077822,0, ,0.0,0.0,0.0,0.0,1,4000,0,0,0,0,0,0
TF,EZKEL,33.627319,-118.055497,0, ,0.0,0.0,0.0,0.0,1,4000,0,0,0,0,0,1
FM,EZKEL,33.627319,-118.055497,0,IPL,0.0,0.0,20.0,0,0,0,0,0,0,0,0

STAR,DSNEE6,EED,4
IF,EED,34.766003,-114.474103, ,0.0,0.0,0,0,0,0,0,0,0,0
TF,ONLYY,34.457036,-114.956242,0, ,0.0,0.0,0.0,0.0,0,0,0,0,0,0,0,0
TF,FOVOL,34.053333,-115.576944,0, ,0.0,0.0,0.0,0.0,2,28000,0,0,0,0,0,0
TF,DRTHI,33.964786,-116.203008,0, ,0.0,0.0,0.0,0.0,2,24000,0,1,280,0,0,0
TF,CHURO,33.948994,-116.330386,0, ,0.0,0.0,0.0,0.0,2,22000,0,0,0,0,0,0
TF,BRCKK,33.922464,-116.544714,0, ,0.0,0.0,0.0,0.0,2,20000,0,0,0,0,0,0
TF,ROADE,33.895042,-116.756953,0, ,0.0,0.0,0.0,0.0,4,19000,17000,0,0,0,0,0
TF,PHIYA,33.870481,-116.981522,0, ,0.0,0.0,0.0,0.0,1,14000,0,0,0,0,0,0
TF,TOETO,33.843533,-117.223536,0, ,0.0,0.0,0.0,0.0,3,10000,0,0,0,0,0,0
TF,DSNEE,33.818189,-117.447239,0, ,0.0,0.0,0.0,0.0,1,8000,0,1,220,0,0,0

STAR,DSNEE6,EMLLD,4
IF,EMLLD,33.758000,-114.146111, ,0.0,0.0,0,0,0,0,0,0,0,0
TF,LITNG,33.845922,-114.912178,0, ,0.0,0.0,0.0,0.0,0,0,0,0,0,0,0,0
TF,WTTCH,33.925942,-115.646778,0, ,0.0,0.0,0.0,0.0,2,26000,0,0,0,0,0,0
TF,DRTHI,33.964786,-116.203008,0, ,0.0,0.0,0.0,0.0,2,24000,0,1,280,0,0,0
TF,CHURO,33.948994,-116.330386,0, ,0.0,0.0,0.0,0.0,2,22000,0,0,0,0,0,0
TF,BRCKK,33.922464,-116.544714,0, ,0.0,0.0,0.0,0.0,2,20000,0,0,0,0,0,0
TF,ROADE,33.895042,-116.756953,0, ,0.0,0.0,0.0,0.0,4,19000,17000,0,0,0,0,0
TF,PHIYA,33.870481,-116.981522,0, ,0.0,0.0,0.0,0.0,1,14000,0,0,0,0,0,0
TF,TOETO,33.843533,-117.223536,0, ,0.0,0.0,0.0,0.0,3,10000,0,0,0,0,0,0
TF,DSNEE,33.818189,-117.447239,0, ,0.0,0.0,0.0,0.0,1,8000,0,1,220,0,0,0

STAR,DSNEE6,FEYLA,4
IF,FEYLA,35.226811,-115.901325, ,0.0,0.0,0,0,0,0,0,0,0,0
TF,LRSON,34.883300,-116.332958,0, ,0.0,0.0,0.0,0.0,2,28000,0,0,0,0,0,0
TF,GITRR,34.693194,-116.574811,0, ,0.0,0.0,0.0,0.0,2,25000,0,1,280,0,0,0
TF,KCHOW,34.504047,-116.779386,0, ,0.0,0.0,0.0,0.0,2,20000,0,0,0,0,0,0
TF,AASPN,34.268203,-117.032656,0, ,0.0,0.0,0.0,0.0,1,14000,0,0,0,0,0,0
TF,KADYN,34.171858,-117.102222,0, ,0.0,0.0,0.0,0.0,3,13000,0,0,0,0,0,0
TF,EROCK,33.996694,-117.196064,0, ,0.0,0.0,0.0,0.0,2,12000,0,1,250,0,0,0
TF,LUQAS,33.934514,-117.282886,0, ,0.0,0.0,0.0,0.0,3,11000,0,0,0,0,0,0
TF,DSNEE,33.818189,-117.447239,0, ,0.0,0.0,0.0,0.0,1,8000,0,1,220,0,0,0

STAR,DSNEE6,HIMDU,4
IF,HIMDU,34.401667,-114.014167, ,0.0,0.0,0,0,0,0,0,0,0,0
TF,WEELL,34.337389,-114.308194,0, ,0.0,0.0,0.0,0.0,0,0,0,0,0,0,0,0
TF,WURMO,34.253611,-114.690556,0, ,0.0,0.0,0.0,0.0,0,0,0,0,0,0,0,0
TF,THERS,34.193094,-114.954903,0, ,0.0,0.0,0.0,0.0,0,0,0,0,0,0,0,0
TF,FOVOL,34.053333,-115.576944,0, ,0.0,0.0,0.0,0.0,2,28000,0,0,0,0,0,0
TF,DRTHI,33.964786,-116.203008,0, ,0.0,0.0,0.0,0.0,2,24000,0,1,280,0,0,0
TF,CHURO,33.948994,-116.330386,0, ,0.0,0.0,0.0,0.0,2,22000,0,0,0,0,0,0
TF,BRCKK,33.922464,-116.544714,0, ,0.0,0.0,0.0,0.0,2,20000,0,0,0,0,0,0
TF,ROADE,33.895042,-116.756953,0, ,0.0,0.0,0.0,0.0,4,19000,17000,0,0,0,0,0
TF,PHIYA,33.870481,-116.981522,0, ,0.0,0.0,0.0,0.0,1,14000,0,0,0,0,0,0
TF,TOETO,33.843533,-117.223536,0, ,0.0,0.0,0.0,0.0,3,10000,0,0,0,0,0,0
TF,DSNEE,33.818189,-117.447239,0, ,0.0,0.0,0.0,0.0,1,8000,0,1,220,0,0,0

STAR,DSNEE6,LRSON,4
IF,LRSON,34.883300,-116.332958, ,0.0,0.0,2,28000,0,0,0,0,0,0
TF,GITRR,34.693194,-116.574811,0, ,0.0,0.0,0.0,0.0,2,25000,0,1,280,0,0,0
TF,KCHOW,34.504047,-116.779386,0, ,0.0,0.0,0.0,0.0,2,20000,0,0,0,0,0,0
TF,AASPN,34.268203,-117.032656,0, ,0.0,0.0,0.0,0.0,1,14000,0,0,0,0,0,0
TF,KADYN,34.171858,-117.102222,0, ,0.0,0.0,0.0,0.0,3,13000,0,0,0,0,0,0
TF,EROCK,33.996694,-117.196064,0, ,0.0,0.0,0.0,0.0,2,12000,0,1,250,0,0,0
TF,LUQAS,33.934514,-117.282886,0, ,0.0,0.0,0.0,0.0,3,11000,0,0,0,0,0,0
TF,DSNEE,33.818189,-117.447239,0, ,0.0,0.0,0.0,0.0,1,8000,0,1,220,0,0,0

STAR,DSNEE6,MARUE,4
IF,MARUE,35.256389,-114.881944, ,0.0,0.0,0,0,0,0,0,0,0,0
TF,SCROW,35.136419,-115.350433,0, ,0.0,0.0,0.0,0.0,0,0,0,0,0,0,0,0
TF,FJAYY,35.027783,-115.769961,0, ,0.0,0.0,0.0,0.0,0,0,0,0,0,0,0,0
TF,LRSON,34.883300,-116.332958,0, ,0.0,0.0,0.0,0.0,2,28000,0,0,0,0,0,0
TF,GITRR,34.693194,-116.574811,0, ,0.0,0.0,0.0,0.0,2,25000,0,1,280,0,0,0
TF,KCHOW,34.504047,-116.779386,0, ,0.0,0.0,0.0,0.0,2,20000,0,0,0,0,0,0
TF,AASPN,34.268203,-117.032656,0, ,0.0,0.0,0.0,0.0,1,14000,0,0,0,0,0,0
TF,KADYN,34.171858,-117.102222,0, ,0.0,0.0,0.0,0.0,3,13000,0,0,0,0,0,0
TF,EROCK,33.996694,-117.196064,0, ,0.0,0.0,0.0,0.0,2,12000,0,1,250,0,0,0
TF,LUQAS,33.934514,-117.282886,0, ,0.0,0.0,0.0,0.0,3,11000,0,0,0,0,0,0
TF,DSNEE,33.818189,-117.447239,0, ,0.0,0.0,0.0,0.0,1,8000,0,1,220,0,0,0

STAR,DSNEE6,NATEE,4
IF,NATEE,35.620556,-115.373889, ,0.0,0.0,0,0,0,0,0,0,0,0
TF,FEYLA,35.226811,-115.901325,0, ,0.0,0.0,0.0,0.0,0,0,0,0,0,0,0,0
TF,LRSON,34.883300,-116.332958,0, ,0.0,0.0,0.0,0.0,2,28000,0,0,0,0,0,0
TF,GITRR,34.693194,-116.574811,0, ,0.0,0.0,0.0,0.0,2,25000,0,1,280,0,0,0
TF,KCHOW,34.504047,-116.779386,0, ,0.0,0.0,0.0,0.0,2,20000,0,0,0,0,0,0
TF,AASPN,34.268203,-117.032656,0, ,0.0,0.0,0.0,0.0,1,14000,0,0,0,0,0,0
TF,KADYN,34.171858,-117.102222,0, ,0.0,0.0,0.0,0.0,3,13000,0,0,0,0,0,0
TF,EROCK,33.996694,-117.196064,0, ,0.0,0.0,0.0,0.0,2,12000,0,1,250,0,0,0
TF,LUQAS,33.934514,-117.282886,0, ,0.0,0.0,0.0,0.0,3,11000,0,0,0,0,0,0
TF,DSNEE,33.818189,-117.447239,0, ,0.0,0.0,0.0,0.0,1,8000,0,1,220,0,0,0

STAR,DSNEE6,12,6
IF,DSNEE,33.818189,-117.447239, ,0.0,0.0,1,8000,0,1,220,0,0,0
TF,MCKYE,33.763775,-117.625550,0, ,0.0,0.0,0.0,0.0,2,7200,0,0,0,0,0,0
TF,MOUSS,33.749783,-117.672353,0, ,0.0,0.0,0.0,0.0,2,6600,0,0,0,0,0,0
TF,GOOFY,33.691533,-117.868331,0, ,0.0,0.0,0.0,0.0,1,4000,0,0,0,0,0,0
TF,PIBBB,33.674614,-117.925939,0, ,0.0,0.0,0.0,0.0,1,4000,0,0,0,0,0,0
TF,LUVCI,33.675114,-118.051022,0, ,0.0,0.0,0.0,0.0,0,0,0,0,0,0,0,0
TF,QGATE,33.708800,-118.222783,0, ,0.0,0.0,0.0,0.0,2,3000,0,0,0,0,0,0
TF,BREKE,33.762797,-118.239475,0, ,0.0,0.0,0.0,0.0,1,3000,0,0,0,0,0,0

STAR,DSNEE6,26R,6
IF,DSNEE,33.818189,-117.447239, ,0.0,0.0,1,8000,0,1,220,0,0,0
TF,MCKYE,33.763775,-117.625550,0, ,0.0,0.0,0.0,0.0,2,7200,0,0,0,0,0,0
TF,MOUSS,33.749783,-117.672353,0, ,0.0,0.0,0.0,0.0,2,6600,0,0,0,0,0,0
TF,GOOFY,33.691533,-117.868331,0, ,0.0,0.0,0.0,0.0,1,4000,0,0,0,0,0,0
TF,MIDDS,33.674239,-117.925778,0, ,0.0,0.0,0.0,0.0,1,4000,0,0,0,0,0,1
FM,MIDDS,33.674239,-117.925778,0,ELB,0.0,0.0,236.0,0,0,0,0,0,0,0,0

STAR,DSNEE6,30,6
IF,DSNEE,33.818189,-117.447239, ,0.0,0.0,1,8000,0,1,220,0,0,0
TF,MCKYE,33.763775,-117.625550,0, ,0.0,0.0,0.0,0.0,2,7200,0,0,0,0,0,0
TF,MOUSS,33.749783,-117.672353,0, ,0.0,0.0,0.0,0.0,2,6600,0,0,0,0,0,0
TF,GOOFY,33.691533,-117.868331,0, ,0.0,0.0,0.0,0.0,1,4000,0,0,0,0,0,0
TF,MIDDS,33.674239,-117.925778,0, ,0.0,0.0,0.0,0.0,1,4000,0,0,0,0,0,1
FM,MIDDS,33.674239,-117.925778,0,ELB,0.0,0.0,236.0,0,0,0,0,0,0,0,0

STAR,EMMLN1,DAG,1
IF,DAG,34.962458,-116.578167, ,0.0,0.0,0,0,0,0,0,0,0,0
TF,BASAL,34.757775,-116.861831,0, ,0.0,0.0,0.0,0.0,1,10000,0,0,0,0,0,0
TF,APLES,34.548467,-117.149483,0, ,0.0,0.0,0.0,0.0,1,10000,0,0,0,0,0,0

STAR,EMMLN1,HEC,1
IF,HEC,34.797017,-116.462922, ,0.0,0.0,0,0,0,0,0,0,0,0
TF,GILLM,34.624958,-116.939764,0, ,0.0,0.0,0.0,0.0,0,0,0,0,0,0,0,0
TF,APLES,34.548467,-117.149483,0, ,0.0,0.0,0.0,0.0,1,10000,0,0,0,0,0,0

STAR,EMMLN1,ALL,2
IF,APLES,34.548467,-117.149483, ,0.0,0.0,1,10000,0,0,0,0,0,0
TF,EMMLN,34.440803,-117.214947,0, ,0.0,0.0,0.0,0.0,0,0,0,0,0,0,0,0
TF,CAPTZ,34.284392,-117.309722,0, ,0.0,0.0,0.0,0.0,1,10000,0,0,0,0,0,0
TF,RRIZE,34.086817,-117.428881,0, ,0.0,0.0,0.0,0.0,1,8100,0,0,0,0,0,0
TF,PDZ,33.918336,-117.529997,0, ,0.0,0.0,0.0,0.0,1,6000,0,0,0,0,0,0
TF,DOWDD,33.985414,-117.832167,0, ,0.0,0.0,0.0,0.0,1,6000,0,0,0,0,0,0
TF,AHEIM,33.820314,-117.911947,0, ,0.0,0.0,0.0,0.0,1,6000,0,0,0,0,0,0
TF,SLI,33.783300,-118.054758,0, ,0.0,0.0,0.0,0.0,1,6000,0,0,0,0,0,1
VM,33.817931,-118.151892,0,210.0,0,0,0,0,0,0,0,0

STAR,KAYOH8,HEC,1
IF,HEC,34.797017,-116.462922, ,0.0,0.0,0,0,0,0,0,0,0,0
TF,BULGY,34.667825,-116.621944,0, ,0.0,0.0,0.0,0.0,0,0,0,0,0,0,0,0
TF,DAWNA,34.264978,-117.113061,0, ,0.0,0.0,0.0,0.0,0,0,0,0,0,0,0,0
TF,HDF,33.776331,-117.185325,0, ,0.0,0.0,0.0,0.0,0,0,0,0,0,0,0,0
TF,FRETS,33.779542,-117.497689,0, ,0.0,0.0,0.0,0.0,0,0,0,0,0,0,0,0
TF,KAYOH,33.780333,-117.590144,0, ,0.0,0.0,0.0,0.0,0,0,0,0,0,0,0,0

STAR,KAYOH8,PSP,1
IF,PSP,33.870014,-116.429772, ,0.0,0.0,0,0,0,0,0,0,0,0
TF,AHLEX,33.882314,-116.689594,0, ,0.0,0.0,0.0,0.0,0,0,0,0,0,0,0,0
TF,BANDS,33.889608,-116.849481,0, ,0.0,0.0,0.0,0.0,0,0,0,0,0,0,0,0
TF,HDF,33.776331,-117.185325,0, ,0.0,0.0,0.0,0.0,0,0,0,0,0,0,0,0
TF,FRETS,33.779542,-117.497689,0, ,0.0,0.0,0.0,0.0,0,0,0,0,0,0,0,0
TF,KAYOH,33.780333,-117.590144,0, ,0.0,0.0,0.0,0.0,0,0,0,0,0,0,0,0

STAR,KAYOH8,ALL,2
IF,KAYOH,33.780333,-117.590144, ,0.0,0.0,0,0,0,0,0,0,0,0
TF,JOGIT,33.781761,-117.780853,0, ,0.0,0.0,0.0,0.0,0,0,0,0,0,0,0,0
TF,SLI,33.783300,-118.054758,0, ,0.0,0.0,0.0,0.0,0,0,0,0,0,0,0,0

STAR,PCIFC3,ELLBC,4
IF,ELLBC,35.063411,-119.833656, ,0.0,0.0,0,0,0,0,0,0,0,0
TF,GOONA,34.633961,-119.317736,0, ,0.0,0.0,0.0,0.0,2,30000,0,0,0,0,0,0
TF,GUDBY,34.505692,-119.163767,0, ,0.0,0.0,0.0,0.0,2,28000,0,0,0,0,0,0
TF,YORBS,34.402142,-119.043236,0, ,0.0,0.0,0.0,0.0,2,25000,0,1,280,0,0,0
TF,PCIFC,34.229208,-118.845997,0, ,0.0,0.0,0.0,0.0,2,20000,0,0,0,0,0,0

STAR,PCIFC3,GOONA,4
IF,GOONA,34.633961,-119.317736, ,0.0,0.0,2,30000,0,0,0,0,0,0
TF,GUDBY,34.505692,-119.163767,0, ,0.0,0.0,0.0,0.0,2,28000,0,0,0,0,0,0
TF,YORBS,34.402142,-119.043236,0, ,0.0,0.0,0.0,0.0,2,25000,0,1,280,0,0,0
TF,PCIFC,34.229208,-118.845997,0, ,0.0,0.0,0.0,0.0,2,20000,0,0,0,0,0,0

STAR,PCIFC3,RDHOT,4
IF,RDHOT,35.592586,-120.360119, ,0.0,0.0,0,0,0,0,0,0,0,0
TF,ELLBC,35.063411,-119.833656,0, ,0.0,0.0,0.0,0.0,0,0,0,0,0,0,0,0
TF,GOONA,34.633961,-119.317736,0, ,0.0,0.0,0.0,0.0,2,30000,0,0,0,0,0,0
TF,GUDBY,34.505692,-119.163767,0, ,0.0,0.0,0.0,0.0,2,28000,0,0,0,0,0,0
TF,YORBS,34.402142,-119.043236,0, ,0.0,0.0,0.0,0.0,2,25000,0,1,280,0,0,0
TF,PCIFC,34.229208,-118.845997,0, ,0.0,0.0,0.0,0.0,2,20000,0,0,0,0,0,0

STAR,PCIFC3,REBRG,4
IF,REBRG,35.981389,-119.614722, ,0.0,0.0,0,0,0,0,0,0,0,0
TF,MMTLY,35.658197,-119.680458,0, ,0.0,0.0,0.0,0.0,0,0,0,0,0,0,0,0
TF,REESR,34.736531,-119.175903,0, ,0.0,0.0,0.0,0.0,2,30000,0,0,0,0,0,0
TF,RCHEL,34.577156,-119.074642,0, ,0.0,0.0,0.0,0.0,2,28000,0,0,0,0,0,0
TF,SHOLN,34.447608,-118.990828,0, ,0.0,0.0,0.0,0.0,2,25000,0,1,280,0,0,0
TF,PCIFC,34.229208,-118.845997,0, ,0.0,0.0,0.0,0.0,2,20000,0,0,0,0,0,0

STAR,PCIFC3,REESR,4
IF,REESR,34.736531,-119.175903, ,0.0,0.0,2,30000,0,0,0,0,0,0
TF,RCHEL,34.577156,-119.074642,0, ,0.0,0.0,0.0,0.0,2,28000,0,0,0,0,0,0
TF,SHOLN,34.447608,-118.990828,0, ,0.0,0.0,0.0,0.0,2,25000,0,1,280,0,0,0
TF,PCIFC,34.229208,-118.845997,0, ,0.0,0.0,0.0,0.0,2,20000,0,0,0,0,0,0

STAR,PCIFC3,ALL,5
IF,PCIFC,34.229208,-118.845997, ,0.0,0.0,2,20000,0,0,0,0,0,0
TF,CRAYN,34.078069,-118.786153,0, ,0.0,0.0,0.0,0.0,2,17000,0,0,0,0,0,0
TF,SIPPP,33.909050,-118.720722,0, ,0.0,0.0,0.0,0.0,2,14000,0,0,0,0,0,0
TF,TANDY,33.746575,-118.658072,0, ,0.0,0.0,0.0,0.0,4,14000,13000,0,0,0,0,0
TF,OHSEA,33.596456,-118.638925,0, ,0.0,0.0,0.0,0.0,0,0,0,0,0,0,0,0
TF,STYFF,33.521667,-118.465667,0, ,0.0,0.0,0.0,0.0,4,9000,7000,0,0,0,0,0

STAR,PCIFC3,12,6
IF,STYFF,33.521667,-118.465667, ,0.0,0.0,4,9000,7000,0,0,0,0,0
TF,KAYNN,33.518222,-118.332028,0, ,0.0,0.0,0.0,0.0,4,7000,5000,0,0,0,0,0
TF,PADDR,33.591633,-118.283517,0, ,0.0,0.0,0.0,0.0,4,6000,5000,1,200,0,0,0
TF,QGATE,33.708800,-118.222783,0, ,0.0,0.0,0.0,0.0,0,0,0,0,0,0,0,0
TF,BREKE,33.762797,-118.239475,0, ,0.0,0.0,0.0,0.0,1,3000,0,0,0,0,0,0

STAR,PCIFC3,26R,6
IF,STYFF,33.521667,-118.465667, ,0.0,0.0,4,9000,7000,0,0,0,0,0
TF,KAYNN,33.518222,-118.332028,0, ,0.0,0.0,0.0,0.0,4,7000,5000,0,0,0,0,0
TF,LAXBB,33.567500,-118.178000,0, ,0.0,0.0,0.0,0.0,3,5000,0,1,200,0,0,0
TF,ALBAS,33.599633,-118.077822,0, ,0.0,0.0,0.0,0.0,1,4000,0,0,0,0,0,0
TF,EZKEL,33.627319,-118.055497,0, ,0.0,0.0,0.0,0.0,1,4000,0,0,0,0,0,1
FM,EZKEL,33.627319,-118.055497,0,IPL,0.0,0.0,20.0,0,0,0,0,0,0,0,0

STAR,PCIFC3,30,6
IF,STYFF,33.521667,-118.465667, ,0.0,0.0,4,9000,7000,0,0,0,0,0
TF,KAYNN,33.518222,-118.332028,0, ,0.0,0.0,0.0,0.0,4,7000,5000,0,0,0,0,0
TF,LAXBB,33.567500,-118.178000,0, ,0.0,0.0,0.0,0.0,3,5000,0,1,200,0,0,0
TF,ALBAS,33.599633,-118.077822,0, ,0.0,0.0,0.0,0.0,1,4000,0,0,0,0,0,0
TF,EZKEL,33.627319,-118.055497,0, ,0.0,0.0,0.0,0.0,1,4000,0,0,0,0,0,1
FM,EZKEL,33.627319,-118.055497,0,IPL,0.0,0.0,20.0,0,0,0,0,0,0,0,0

STAR,ROOBY3,EED,4
IF,EED,34.766003,-114.474103, ,0.0,0.0,0,0,0,0,0,0,0,0
TF,ONLYY,34.457036,-114.956242,0, ,0.0,0.0,0.0,0.0,0,0,0,0,0,0,0,0
TF,FOVOL,34.053333,-115.576944,0, ,0.0,0.0,0.0,0.0,0,0,0,0,0,0,0,0
TF,DRTHI,33.964786,-116.203008,0, ,0.0,0.0,0.0,0.0,0,0,0,0,0,0,0,0
TF,CHURO,33.948994,-116.330386,0, ,0.0,0.0,0.0,0.0,2,24000,0,1,280,0,0,0
TF,BRCKK,33.922464,-116.544714,0, ,0.0,0.0,0.0,0.0,2,21000,0,0,0,0,0,0
TF,ROADE,33.895042,-116.756953,0, ,0.0,0.0,0.0,0.0,4,19000,17000,0,0,0,0,0
TF,PHIYA,33.870481,-116.981522,0, ,0.0,0.0,0.0,0.0,4,14000,12000,0,0,0,0,0
TF,ROOBY,33.837114,-117.293075,0, ,0.0,0.0,0.0,0.0,1,10000,0,0,0,0,0,0

STAR,ROOBY3,EMLLD,4
IF,EMLLD,33.758000,-114.146111, ,0.0,0.0,0,0,0,0,0,0,0,0
TF,LITNG,33.845922,-114.912178,0, ,0.0,0.0,0.0,0.0,0,0,0,0,0,0,0,0
TF,WTTCH,33.925942,-115.646778,0, ,0.0,0.0,0.0,0.0,2,30000,0,0,0,0,0,0
TF,DRTHI,33.964786,-116.203008,0, ,0.0,0.0,0.0,0.0,0,0,0,0,0,0,0,0
TF,CHURO,33.948994,-116.330386,0, ,0.0,0.0,0.0,0.0,2,24000,0,1,280,0,0,0
TF,BRCKK,33.922464,-116.544714,0, ,0.0,0.0,0.0,0.0,2,21000,0,0,0,0,0,0
TF,ROADE,33.895042,-116.756953,0, ,0.0,0.0,0.0,0.0,4,19000,17000,0,0,0,0,0
TF,PHIYA,33.870481,-116.981522,0, ,0.0,0.0,0.0,0.0,4,14000,12000,0,0,0,0,0
TF,ROOBY,33.837114,-117.293075,0, ,0.0,0.0,0.0,0.0,1,10000,0,0,0,0,0,0

STAR,ROOBY3,FEYLA,4
IF,FEYLA,35.226811,-115.901325, ,0.0,0.0,0,0,0,0,0,0,0,0
TF,LRSON,34.883300,-116.332958,0, ,0.0,0.0,0.0,0.0,2,28000,0,0,0,0,0,0
TF,GITRR,34.693194,-116.574811,0, ,0.0,0.0,0.0,0.0,2,25000,0,1,280,0,0,0
TF,DUUNN,34.503989,-116.759803,0, ,0.0,0.0,0.0,0.0,2,20000,0,0,0,0,0,0
TF,CARZZ,34.336708,-116.953864,0, ,0.0,0.0,0.0,0.0,2,15000,0,0,0,0,0,0
TF,AASPN,34.268203,-117.032656,0, ,0.0,0.0,0.0,0.0,1,14000,0,0,0,0,0,0
TF,KADYN,34.171858,-117.102222,0, ,0.0,0.0,0.0,0.0,3,13000,0,0,0,0,0,0
TF,JRDDN,33.971231,-117.219881,0, ,0.0,0.0,0.0,0.0,2,12000,0,0,0,0,0,0
TF,ROOBY,33.837114,-117.293075,0, ,0.0,0.0,0.0,0.0,1,10000,0,0,0,0,0,0

STAR,ROOBY3,HIMDU,4
IF,HIMDU,34.401667,-114.014167, ,0.0,0.0,0,0,0,0,0,0,0,0
TF,WEELL,34.337389,-114.308194,0, ,0.0,0.0,0.0,0.0,0,0,0,0,0,0,0,0
TF,WURMO,34.253611,-114.690556,0, ,0.0,0.0,0.0,0.0,0,0,0,0,0,0,0,0
TF,THERS,34.193094,-114.954903,0, ,0.0,0.0,0.0,0.0,0,0,0,0,0,0,0,0
TF,FOVOL,34.053333,-115.576944,0, ,0.0,0.0,0.0,0.0,0,0,0,0,0,0,0,0
TF,DRTHI,33.964786,-116.203008,0, ,0.0,0.0,0.0,0.0,0,0,0,0,0,0,0,0
TF,CHURO,33.948994,-116.330386,0, ,0.0,0.0,0.0,0.0,2,24000,0,1,280,0,0,0
TF,BRCKK,33.922464,-116.544714,0, ,0.0,0.0,0.0,0.0,2,21000,0,0,0,0,0,0
TF,ROADE,33.895042,-116.756953,0, ,0.0,0.0,0.0,0.0,4,19000,17000,0,0,0,0,0
TF,PHIYA,33.870481,-116.981522,0, ,0.0,0.0,0.0,0.0,4,14000,12000,0,0,0,0,0
TF,ROOBY,33.837114,-117.293075,0, ,0.0,0.0,0.0,0.0,1,10000,0,0,0,0,0,0

STAR,ROOBY3,LRSON,4
IF,LRSON,34.883300,-116.332958, ,0.0,0.0,2,28000,0,0,0,0,0,0
TF,GITRR,34.693194,-116.574811,0, ,0.0,0.0,0.0,0.0,2,25000,0,1,280,0,0,0
TF,DUUNN,34.503989,-116.759803,0, ,0.0,0.0,0.0,0.0,2,20000,0,0,0,0,0,0
TF,CARZZ,34.336708,-116.953864,0, ,0.0,0.0,0.0,0.0,2,15000,0,0,0,0,0,0
TF,AASPN,34.268203,-117.032656,0, ,0.0,0.0,0.0,0.0,1,14000,0,0,0,0,0,0
TF,KADYN,34.171858,-117.102222,0, ,0.0,0.0,0.0,0.0,3,13000,0,0,0,0,0,0
TF,JRDDN,33.971231,-117.219881,0, ,0.0,0.0,0.0,0.0,2,12000,0,0,0,0,0,0
TF,ROOBY,33.837114,-117.293075,0, ,0.0,0.0,0.0,0.0,1,10000,0,0,0,0,0,0

STAR,ROOBY3,MARUE,4
IF,MARUE,35.256389,-114.881944, ,0.0,0.0,0,0,0,0,0,0,0,0
TF,SCROW,35.136419,-115.350433,0, ,0.0,0.0,0.0,0.0,0,0,0,0,0,0,0,0
TF,FJAYY,35.027783,-115.769961,0, ,0.0,0.0,0.0,0.0,0,0,0,0,0,0,0,0
TF,LRSON,34.883300,-116.332958,0, ,0.0,0.0,0.0,0.0,2,28000,0,0,0,0,0,0
TF,GITRR,34.693194,-116.574811,0, ,0.0,0.0,0.0,0.0,2,25000,0,1,280,0,0,0
TF,DUUNN,34.503989,-116.759803,0, ,0.0,0.0,0.0,0.0,2,20000,0,0,0,0,0,0
TF,CARZZ,34.336708,-116.953864,0, ,0.0,0.0,0.0,0.0,2,15000,0,0,0,0,0,0
TF,AASPN,34.268203,-117.032656,0, ,0.0,0.0,0.0,0.0,1,14000,0,0,0,0,0,0
TF,KADYN,34.171858,-117.102222,0, ,0.0,0.0,0.0,0.0,3,13000,0,0,0,0,0,0
TF,JRDDN,33.971231,-117.219881,0, ,0.0,0.0,0.0,0.0,2,12000,0,0,0,0,0,0
TF,ROOBY,33.837114,-117.293075,0, ,0.0,0.0,0.0,0.0,1,10000,0,0,0,0,0,0

STAR,ROOBY3,NATEE,4
IF,NATEE,35.620556,-115.373889, ,0.0,0.0,0,0,0,0,0,0,0,0
TF,FEYLA,35.226811,-115.901325,0, ,0.0,0.0,0.0,0.0,0,0,0,0,0,0,0,0
TF,LRSON,34.883300,-116.332958,0, ,0.0,0.0,0.0,0.0,2,28000,0,0,0,0,0,0
TF,GITRR,34.693194,-116.574811,0, ,0.0,0.0,0.0,0.0,2,25000,0,1,280,0,0,0
TF,DUUNN,34.503989,-116.759803,0, ,0.0,0.0,0.0,0.0,2,20000,0,0,0,0,0,0
TF,CARZZ,34.336708,-116.953864,0, ,0.0,0.0,0.0,0.0,2,15000,0,0,0,0,0,0
TF,AASPN,34.268203,-117.032656,0, ,0.0,0.0,0.0,0.0,1,14000,0,0,0,0,0,0
TF,KADYN,34.171858,-117.102222,0, ,0.0,0.0,0.0,0.0,3,13000,0,0,0,0,0,0
TF,JRDDN,33.971231,-117.219881,0, ,0.0,0.0,0.0,0.0,2,12000,0,0,0,0,0,0
TF,ROOBY,33.837114,-117.293075,0, ,0.0,0.0,0.0,0.0,1,10000,0,0,0,0,0,0

STAR,ROOBY3,ALL,5
IF,ROOBY,33.837114,-117.293075, ,0.0,0.0,1,10000,0,0,0,0,0,0
TF,SLPPR,33.702339,-117.373247,0, ,0.0,0.0,0.0,0.0,2,8000,0,0,0,0,0,0
TF,WRSTL,33.576056,-117.448028,0, ,0.0,0.0,0.0,0.0,4,8000,6000,0,0,0,0,0
TF,JITSU,33.573750,-117.561306,0, ,0.0,0.0,0.0,0.0,2,5500,0,1,220,0,0,0
TF,FYTRR,33.571206,-117.702678,0, ,0.0,0.0,0.0,0.0,1,4000,0,1,210,0,0,1
VM,33.817931,-118.151892,0,270.0,0,0,0,0,0,0,0,0

STAR,TANDY5,FIM,1
IF,FIM,34.356694,-118.881292, ,0.0,0.0,0,0,0,0,0,0,0,0
TF,SADDE,34.038994,-118.764633,0, ,0.0,0.0,0.0,0.0,0,0,0,0,0,0,0,0

STAR,TANDY5,FLW,1
IF,FLW,35.093083,-119.865578, ,0.0,0.0,0,0,0,0,0,0,0,0
TF,SADDE,34.038994,-118.764633,0, ,0.0,0.0,0.0,0.0,0,0,0,0,0,0,0,0

STAR,TANDY5,ALL,2
IF,SADDE,34.038994,-118.764633, ,0.0,0.0,0,0,0,0,0,0,0,0
TF,MERMA,33.895808,-118.712358,0, ,0.0,0.0,0.0,0.0,0,0,0,0,0,0,0,0
TF,TANDY,33.746575,-118.658072,0, ,0.0,0.0,0.0,0.0,0,0,0,0,0,0,0,0
TF,PAROL,33.596050,-118.604942,0, ,0.0,0.0,0.0,0.0,0,0,0,0,0,0,0,0
TF,SXC,33.375056,-118.419911,0, ,0.0,0.0,0.0,0.0,0,0,0,0,0,0,0,0
TF,ALBAS,33.599633,-118.077822,0, ,0.0,0.0,0.0,0.0,0,0,0,0,0,0,0,0
TF,SLI,33.783300,-118.054758,0, ,0.0,0.0,0.0,0.0,0,0,0,0,0,0,0,0

APPTR,I30,30,EZKEL
IF,EZKEL,33.627319,-118.055497, ,0.0,0.0,1,4000,0,0,0,0,1,0
TF,LUCIG,33.696942,-118.005436,0, ,0.0,0.0,0.0,0.0,2,3000,0,0,0,0,0,0

APPTR,I30,30,MIDDS
IF,MIDDS,33.674239,-117.925778, ,0.0,0.0,1,4000,0,0,0,0,1,0
VI,0, ,0.0,255.0,0,0,0,0,0,0,0,0
CF,LUCIG,33.696942,-118.005436,0,ILGB,120.7,11.1,301.0,2.0,2,3000,0,0,0,0,1,0

APPTR,I30,30,SLI
IF,SLI,33.783300,-118.054758, ,0.0,0.0,0,0,0,0,0,0,0,0
CF,GUNEY,33.754983,-118.075458,0,SLI,196.4,2.0,196.0,2.0,2,2000,0,0,0,0,0,0
HF,GUNEY,33.754983,-118.075458,1, ,0.0,0.0,301.0,04.3,2,1600,0,0,0,0,1,0,0

FINAL,I30,30,I,3
IF,LUCIG,33.696942,-118.005436,ILGB,120.7,11.1,2,3000,0,0,0,0,0,0
CF,GUNEY,33.754983,-118.075458,0,ILGB,120.7,6.1,301.0,4.9,1,1600,0,0,0,0,2,0
CF,RW30,33.810733,-118.142822,0,ILGB,120.7,1.4,301.0,4.7,1,89,0,0,0,0,3,0
CA,0,301.0,2,800,0,0,0,0,0,0
VI,1, ,0.0,200.0,0,0,0,0,0,0,0,0
CF,PADDR,33.591633,-118.283517,0,LAX,145.0,21.8,145.0,7.0,2,3000,0,0,0,0,0,0
HM,PADDR,33.591633,-118.283517,1, ,0.0,0.0,325.0,04.3,0,0,0,0,0,0,0,0,0

FINAL,R12,12,R,5
IF,BREKE,33.762797,-118.239475, ,0.0,0.0,1,3000,0,0,0,0,0,0
TF,JUXAT,33.815806,-118.257336,0, ,0.0,0.0,330.0,3.3,2,2500,0,1,200,0,0,0
RF,WRYAN,33.857467,-118.230403,2,CFVCC,90.8,2.0,2,1500,0,0,0,0,2,0
RF,TIDOY,33.849217,-118.189394,2,CFVCC,122.1,2.0,0,0,0,0,0,0,0,0
TF,RW12,33.823594,-118.158378,0, ,0.0,0.0,121.0,2.2,1,100,0,0,0,0,3,1
TF,GUNEY,33.754983,-118.075458,0, ,0.0,0.0,0.0,0.0,0,0,0,0,0,0,0,0
RF,LUVCI,33.675114,-118.051022,2,CFVKB,183.7,4.8,0,0,0,0,0,0,0,0
TF,ALBAS,33.599633,-118.077822,0, ,0.0,0.0,0.0,0.0,2,3000,0,0,0,0,0,1
HM,ALBAS,33.599633,-118.077822,1, ,0.0,0.0,352.0,04,0,0,0,0,0,0,0,0,0

APPTR,R26R,26R,DRTTY
IF,DRTTY,33.615153,-117.907619, ,0.0,0.0,1,3000,0,0,0,0,1,0
TF,LUCIG,33.696942,-118.005436,0, ,0.0,0.0,0.0,0.0,2,3000,0,1,180,0,1,0

APPTR,R26R,26R,EZKEL
IF,EZKEL,33.627319,-118.055497, ,0.0,0.0,1,4000,0,0,0,0,1,0
TF,LUCIG,33.696942,-118.005436,0, ,0.0,0.0,0.0,0.0,2,3000,0,1,180,0,1,0

APPTR,R26R,26R,MIDDS
IF,MIDDS,33.674239,-117.925778, ,0.0,0.0,1,4000,0,0,0,0,1,0
TF,LUCIG,33.696942,-118.005436,0, ,0.0,0.0,0.0,0.0,2,3000,0,1,180,0,1,0

FINAL,R26R,26R,R,5
IF,LUCIG,33.696942,-118.005436, ,0.0,0.0,2,3000,0,1,180,0,0,0
TF,JILAN,33.737922,-118.054822,0, ,0.0,0.0,301.0,3.5,2,2800,0,0,0,0,2,0
RF,CASIV,33.773489,-118.064186,2,CFVBV,312.7,2.0,0,0,0,0,0,0,0,0
RF,BUCAS,33.822578,-118.104872,1,CFVBW,257.5,2.2,0,0,0,0,0,0,0,0
TF,RW26R,33.822706,-118.144889,0, ,0.0,0.0,256.0,2.0,1,95,0,0,0,0,3,1
CA,0,256.0,2,800,0,0,0,0,0,0
DF,PADDR,33.591633,-118.283517,0, ,0.0,0.0,2,3000,0,0,0,0,0,1
HM,PADDR,33.591633,-118.283517,1, ,0.0,0.0,326.0,04,2,3000,0,0,0,0,0,0,0

APPTR,R30-Y,30,DRTTY
IF,DRTTY,33.615153,-117.907619, ,0.0,0.0,1,3000,0,0,0,0,1,0
TF,LUCIG,33.696942,-118.005436,0, ,0.0,0.0,0.0,0.0,2,3000,0,1,180,0,1,0

APPTR,R30-Y,30,EZKEL
IF,EZKEL,33.627319,-118.055497, ,0.0,0.0,1,4000,0,0,0,0,1,0
TF,LUCIG,33.696942,-118.005436,0, ,0.0,0.0,0.0,0.0,2,3000,0,1,180,0,1,0

APPTR,R30-Y,30,MIDDS
IF,MIDDS,33.674239,-117.925778, ,0.0,0.0,1,4000,0,0,0,0,1,0
TF,LUCIG,33.696942,-118.005436,0, ,0.0,0.0,0.0,0.0,2,3000,0,1,180,0,1,0

FINAL,R30-Y,30,R,3
IF,LUCIG,33.696942,-118.005436, ,0.0,0.0,2,3000,0,0,0,0,0,0
TF,GUNEY,33.754983,-118.075458,0, ,0.0,0.0,301.0,4.9,2,1600,0,0,0,0,2,0
TF,RW30,33.810733,-118.142822,0, ,0.0,0.0,301.0,4.7,1,89,0,0,0,0,3,1
CA,0,301.0,2,800,0,0,0,0,0,0
DF,PADDR,33.591633,-118.283517,1, ,0.0,0.0,2,3000,0,0,0,0,0,1
HM,PADDR,33.591633,-118.283517,1, ,0.0,0.0,326.0,04,0,0,0,0,0,0,0,0,0

APPTR,R30-Z,30,DRTTY
IF,DRTTY,33.615153,-117.907619, ,0.0,0.0,1,3000,0,0,0,0,1,0
TF,LUCIG,33.696942,-118.005436,0, ,0.0,0.0,0.0,0.0,2,3000,0,0,0,0,1,0

APPTR,R30-Z,30,EZKEL
IF,EZKEL,33.627319,-118.055497, ,0.0,0.0,1,4000,0,0,0,0,1,0
TF,LUCIG,33.696942,-118.005436,0, ,0.0,0.0,0.0,0.0,2,3000,0,0,0,0,1,0

APPTR,R30-Z,30,MIDDS
IF,MIDDS,33.674239,-117.925778, ,0.0,0.0,1,4000,0,0,0,0,1,0
TF,LUCIG,33.696942,-118.005436,0, ,0.0,0.0,0.0,0.0,2,3000,0,0,0,0,1,0

FINAL,R30-Z,30,R,3
IF,LUCIG,33.696942,-118.005436, ,0.0,0.0,2,3000,0,0,0,0,0,0
TF,GUNEY,33.754983,-118.075458,0, ,0.0,0.0,301.0,4.9,2,1600,0,0,0,0,2,0
TF,RW30,33.810733,-118.142822,0, ,0.0,0.0,301.0,4.7,1,89,0,0,0,0,3,1
CA,0,301.0,2,800,0,0,0,0,0,0
DF,PADDR,33.591633,-118.283517,1, ,0.0,0.0,2,3000,0,0,0,0,0,1
HM,PADDR,33.591633,-118.283517,1, ,0.0,0.0,326.0,04,0,0,0,0,0,0,0,0,0

APPTR,S30,30,MIDDS
IF,MIDDS,33.674239,-117.925778, ,0.0,0.0,0,0,0,0,0,0,1,0
TF,SLI,33.783300,-118.054758,0, ,0.0,0.0,0.0,0.0,2,1500,0,0,0,0,0,0

APPTR,S30,30,SLI
IF,SLI,33.783300,-118.054758, ,0.0,0.0,3,17500,0,0,0,0,1,0
HF,SLI,33.783300,-118.054758,1, ,0.0,0.0,300.0,04.3,2,1500,0,0,0,0,0,0,0

FINAL,S30,30,D,2
IF,SLI,33.783300,-118.054758,SLI,0.0,0.0,2,1500,0,0,0,0,2,0
CF,MAJCU,33.806117,-118.129936,0,SLI,275.0,4.0,275.0,4.0,1,297,0,0,0,0,3,0
CA,0,275.0,2,460,0,0,0,0,0,0
VI,0, ,0.0,200.0,0,0,0,0,0,0,0,0
CF,PADDR,33.591633,-118.283517,0,LAX,145.0,21.8,145.0,4.0,2,3000,0,0,0,0,0,0
HM,PADDR,33.591633,-118.283517,1, ,0.0,0.0,325.0,04.3,0,0,0,0,0,0,0,0,0

