APPTR,R13,13,ARMUW
IF,ARMUW,45.443447,-95.195983, ,0.0,0.0,0,0,0,0,0,0,1,0
TF,UNIYI,45.238667,-94.684956,0, ,0.0,0.0,0.0,0.0,2,2900,0,0,0,0,1,0

APPTR,R13,13,FITAS
IF,FITAS,45.065000,-95.169486, ,0.0,0.0,0,0,0,0,0,0,1,0
TF,UNIYI,45.238667,-94.684956,0, ,0.0,0.0,0.0,0.0,2,2900,0,0,0,0,1,0

APPTR,R13,13,UNIYI
HF,UNIYI,45.238667,-94.684956,2, ,0.0,0.0,136.0,04,2,2900,0,0,0,0,1,0,0

FINAL,R13,13,R,3
IF,UNIYI,45.238667,-94.684956, ,0.0,0.0,2,2900,0,0,0,0,0,0
TF,JEGRU,45.163825,-94.590836,0, ,0.0,0.0,136.0,6.0,2,2800,0,0,0,0,2,0
TF,RW13,45.101239,-94.512394,0, ,0.0,0.0,136.0,5.0,1,1179,0,0,0,0,3,1
TF,ANIML,44.955333,-94.330414,0, ,0.0,0.0,0.0,0.0,2,2800,0,0,0,0,0,1
HM,ANIML,44.955333,-94.330414,2, ,0.0,0.0,317.0,04,0,0,0,0,0,0,0,0,0

APPTR,R31,31,ANIML
HF,ANIML,44.955333,-94.330414,2, ,0.0,0.0,317.0,04,2,2800,0,0,0,0,1,0,0

APPTR,R31,31,COMOS
IF,COMOS,44.620683,-94.740989, ,0.0,0.0,0,0,0,0,0,0,1,0
TF,ANIML,44.955333,-94.330414,0, ,0.0,0.0,0.0,0.0,2,2800,0,0,0,0,1,0

APPTR,R31,31,MAYER
IF,MAYER,44.917992,-93.974744, ,0.0,0.0,0,0,0,0,0,0,1,0
TF,ANIML,44.955333,-94.330414,0, ,0.0,0.0,0.0,0.0,2,2800,0,0,0,0,1,0

FINAL,R31,31,R,4
IF,ANIML,44.955333,-94.330414, ,0.0,0.0,2,2800,0,0,0,0,0,0
TF,EBVOF,45.030397,-94.423875,0, ,0.0,0.0,317.0,6.0,2,2800,0,0,0,0,2,0
TF,ZODBA,45.073067,-94.477161,0, ,0.0,0.0,317.0,3.4,2,1680,0,0,0,0,0,0
TF,RW31,45.093025,-94.502119,0, ,0.0,0.0,317.0,1.6,1,1179,0,0,0,0,3,1
DF,UNIYI,45.238667,-94.684956,0, ,0.0,0.0,2,2900,0,0,0,0,0,1
HM,UNIYI,45.238667,-94.684956,2, ,0.0,0.0,136.0,04,0,0,0,0,0,0,0,0,0

