SID,ECHOO1,ALL,5
IF,BAPME,39.860181,-104.395064, ,0.0,0.0,1,8000,0,0,0,0,0,0
TF,ECHOO,39.843161,-104.143136,0, ,0.0,0.0,0.0,0.0,0,0,0,0,0,0,0,0

SID,ECHOO1,DUUZE,6
IF,ECHOO,39.843161,-104.143136, ,0.0,0.0,0,0,0,0,0,0,0,0
TF,EPKEE,39.592836,-103.799528,0, ,0.0,0.0,0.0,0.0,0,0,0,0,0,0,0,0
TF,POIZN,39.350000,-102.950000,0, ,0.0,0.0,0.0,0.0,0,0,0,0,0,0,0,0
TF,COTNN,39.138339,-102.412592,0, ,0.0,0.0,0.0,0.0,0,0,0,0,0,0,0,0
TF,DUUZE,38.850000,-101.700000,0, ,0.0,0.0,0.0,0.0,0,0,0,0,0,0,0,0

SID,ECHOO1,SHAYK,6
IF,ECHOO,39.843161,-104.143136, ,0.0,0.0,0,0,0,0,0,0,0,0
TF,EXTAN,39.743322,-103.757236,0, ,0.0,0.0,0.0,0.0,0,0,0,0,0,0,0,0
TF,SHAYK,39.545550,-101.409528,0, ,0.0,0.0,0.0,0.0,0,0,0,0,0,0,0,0

SID,ECHOO1,WYNDM,6
IF,ECHOO,39.843161,-104.143136, ,0.0,0.0,0,0,0,0,0,0,0,0
TF,EEONS,40.021561,-103.769733,0, ,0.0,0.0,0.0,0.0,0,0,0,0,0,0,0,0
TF,WYNDM,40.383222,-101.423944,0, ,0.0,0.0,0.0,0.0,0,0,0,0,0,0,0,0

SID,ECHOO1,ZIRKL,6
IF,ECHOO,39.843161,-104.143136, ,0.0,0.0,0,0,0,0,0,0,0,0
TF,EMMYS,39.883808,-103.734836,0, ,0.0,0.0,0.0,0.0,0,0,0,0,0,0,0,0
TF,ZIRKL,40.132483,-101.371469,0, ,0.0,0.0,0.0,0.0,0,0,0,0,0,0,0,0

SID,MRSHH2,ALL,5
IF,KRTMN,40.202733,-104.778319, ,0.0,0.0,1,8000,0,0,0,0,0,0
TF,MRSHH,40.394008,-104.682139,0, ,0.0,0.0,0.0,0.0,0,0,0,0,0,0,0,0

SID,MRSHH2,CHUWY,6
IF,MRSHH,40.394008,-104.682139, ,0.0,0.0,0,0,0,0,0,0,0,0
TF,YOKES,40.576933,-104.237261,0, ,0.0,0.0,0.0,0.0,0,0,0,0,0,0,0,0
TF,LNGWD,41.225864,-103.300108,0, ,0.0,0.0,0.0,0.0,0,0,0,0,0,0,0,0
TF,CHUWY,41.511881,-102.877631,0, ,0.0,0.0,0.0,0.0,0,0,0,0,0,0,0,0

SID,MRSHH2,DDRTH,6
IF,MRSHH,40.394008,-104.682139, ,0.0,0.0,0,0,0,0,0,0,0,0
TF,TIMEH,40.655103,-104.953208,0, ,0.0,0.0,0.0,0.0,0,0,0,0,0,0,0,0
TF,YAMMI,40.764942,-105.068008,0, ,0.0,0.0,0.0,0.0,0,0,0,0,0,0,0,0
TF,DDRTH,41.459186,-106.245025,0, ,0.0,0.0,0.0,0.0,0,0,0,0,0,0,0,0

SID,MRSHH2,JOBBA,6
IF,MRSHH,40.394008,-104.682139, ,0.0,0.0,0,0,0,0,0,0,0,0
TF,BRYCC,40.662192,-104.439522,0, ,0.0,0.0,0.0,0.0,0,0,0,0,0,0,0,0
TF,HHOTH,41.094886,-104.155378,0, ,0.0,0.0,0.0,0.0,0,0,0,0,0,0,0,0
TF,JOBBA,41.627722,-103.566033,0, ,0.0,0.0,0.0,0.0,0,0,0,0,0,0,0,0

SID,MRSHH2,SAABR,6
IF,MRSHH,40.394008,-104.682139, ,0.0,0.0,0,0,0,0,0,0,0,0
TF,BRYCC,40.662192,-104.439522,0, ,0.0,0.0,0.0,0.0,0,0,0,0,0,0,0,0
TF,HHOTH,41.094886,-104.155378,0, ,0.0,0.0,0.0,0.0,0,0,0,0,0,0,0,0
TF,SAABR,41.794447,-103.955972,0, ,0.0,0.0,0.0,0.0,0,0,0,0,0,0,0,0

SID,MRSHH2,XXWNG,6
IF,MRSHH,40.394008,-104.682139, ,0.0,0.0,0,0,0,0,0,0,0,0
TF,RIKKK,40.784544,-104.850197,0, ,0.0,0.0,0.0,0.0,0,0,0,0,0,0,0,0
TF,XXWNG,41.470228,-105.367331,0, ,0.0,0.0,0.0,0.0,0,0,0,0,0,0,0,0

SID,SKYEE1,ALL,5
IF,SATLE,39.824256,-104.892172, ,0.0,0.0,1,8000,0,0,0,0,0,0
TF,SKYEE,39.636636,-104.840450,0, ,0.0,0.0,0.0,0.0,0,0,0,0,0,0,0,0

SID,SKYEE1,DAAYE,6
IF,SKYEE,39.636636,-104.840450, ,0.0,0.0,0,0,0,0,0,0,0,0
TF,SOLAR,39.146644,-105.059117,0, ,0.0,0.0,0.0,0.0,2,14200,0,0,0,0,0,0
TF,SMMUR,38.437194,-105.515097,0, ,0.0,0.0,0.0,0.0,2,17000,0,0,0,0,0,0
TF,DAAYE,38.011231,-105.778942,0, ,0.0,0.0,0.0,0.0,0,0,0,0,0,0,0,0

SID,SKYEE1,JOPLN,6
IF,SKYEE,39.636636,-104.840450, ,0.0,0.0,0,0,0,0,0,0,0,0
TF,SHOJO,39.114461,-104.560844,0, ,0.0,0.0,0.0,0.0,0,0,0,0,0,0,0,0
TF,SABTH,38.462739,-104.465361,0, ,0.0,0.0,0.0,0.0,0,0,0,0,0,0,0,0
TF,JOPLN,37.410453,-104.184364,0, ,0.0,0.0,0.0,0.0,0,0,0,0,0,0,0,0

SID,SKYEE1,SLEEK,6
IF,SKYEE,39.636636,-104.840450, ,0.0,0.0,0,0,0,0,0,0,0,0
TF,STAKR,39.142808,-104.362342,0, ,0.0,0.0,0.0,0.0,0,0,0,0,0,0,0,0
TF,AZARO,38.504528,-104.159422,0, ,0.0,0.0,0.0,0.0,0,0,0,0,0,0,0,0
TF,SLEEK,38.062825,-103.686203,0, ,0.0,0.0,0.0,0.0,0,0,0,0,0,0,0,0

SID,SKYEE1,SUDDZ,6
IF,SKYEE,39.636636,-104.840450, ,0.0,0.0,0,0,0,0,0,0,0,0
TF,SCAGS,39.112047,-104.842253,0, ,0.0,0.0,0.0,0.0,2,14200,0,0,0,0,0,0
TF,FRNKE,38.731167,-104.990000,0, ,0.0,0.0,0.0,0.0,2,23000,0,0,0,0,0,0
TF,SUDDZ,37.897750,-105.306775,0, ,0.0,0.0,0.0,0.0,0,0,0,0,0,0,0,0

SID,SKYEE1,VRONI,6
IF,SKYEE,39.636636,-104.840450, ,0.0,0.0,0,0,0,0,0,0,0,0
TF,SHOJO,39.114461,-104.560844,0, ,0.0,0.0,0.0,0.0,0,0,0,0,0,0,0,0
TF,SABTH,38.462739,-104.465361,0, ,0.0,0.0,0.0,0.0,0,0,0,0,0,0,0,0
TF,VRONI,37.281311,-103.519497,0, ,0.0,0.0,0.0,0.0,0,0,0,0,0,0,0,0

SID,WNGSS1,ALL,5
IF,BUMPZ,39.845711,-104.990508, ,0.0,0.0,1,8000,0,0,0,0,0,0
TF,WNGSS,39.787136,-105.228025,0, ,0.0,0.0,0.0,0.0,2,12000,0,0,0,0,0,0

SID,WNGSS1,CHNGY,6
IF,WNGSS,39.787136,-105.228025, ,0.0,0.0,2,12000,0,0,0,0,0,0
TF,ZENLO,39.869206,-105.416364,0, ,0.0,0.0,0.0,0.0,2,15000,0,0,0,0,0,0
TF,ZIMMR,39.973450,-105.660669,0, ,0.0,0.0,0.0,0.0,2,17000,0,0,0,0,0,0
TF,CHNGY,40.012078,-106.467600,0, ,0.0,0.0,0.0,0.0,0,0,0,0,0,0,0,0

SID,WNGSS1,HBU,6
IF,WNGSS,39.787136,-105.228025, ,0.0,0.0,2,12000,0,0,0,0,0,0
TF,BUBLS,39.685111,-105.398944,0, ,0.0,0.0,0.0,0.0,2,15000,0,0,0,0,0,0
TF,BRANF,39.625819,-105.497847,0, ,0.0,0.0,0.0,0.0,2,16000,0,0,0,0,0,0
TF,BAYLR,39.553331,-105.618344,0, ,0.0,0.0,0.0,0.0,2,17000,0,0,0,0,0,0
TF,BOBBA,39.394983,-106.186128,0, ,0.0,0.0,0.0,0.0,0,0,0,0,0,0,0,0
TF,HBU,38.452117,-107.039714,0, ,0.0,0.0,0.0,0.0,3,23000,0,0,0,0,0,0

SID,WNGSS1,TEHRU,6
IF,WNGSS,39.787136,-105.228025, ,0.0,0.0,2,12000,0,0,0,0,0,0
TF,BUBLS,39.685111,-105.398944,0, ,0.0,0.0,0.0,0.0,2,15000,0,0,0,0,0,0
TF,BRANF,39.625819,-105.497847,0, ,0.0,0.0,0.0,0.0,2,16000,0,0,0,0,0,0
TF,BAYLR,39.553331,-105.618344,0, ,0.0,0.0,0.0,0.0,2,17000,0,0,0,0,0,0
TF,BOBBA,39.394983,-106.186128,0, ,0.0,0.0,0.0,0.0,0,0,0,0,0,0,0,0
TF,TEHRU,39.242606,-106.720892,0, ,0.0,0.0,0.0,0.0,0,0,0,0,0,0,0,0

SID,WNGSS1,VOAXA,6
IF,WNGSS,39.787136,-105.228025, ,0.0,0.0,2,12000,0,0,0,0,0,0
TF,KINLE,39.819417,-105.440194,0, ,0.0,0.0,0.0,0.0,2,15000,0,0,0,0,0,0
TF,COORZ,39.860583,-105.718222,0, ,0.0,0.0,0.0,0.0,2,17000,0,0,0,0,0,0
TF,VOAXA,39.788450,-106.532686,0, ,0.0,0.0,0.0,0.0,0,0,0,0,0,0,0,0

SID,WNGSS1,WERNR,6
IF,WNGSS,39.787136,-105.228025, ,0.0,0.0,2,12000,0,0,0,0,0,0
TF,COUSN,39.740617,-105.435583,0, ,0.0,0.0,0.0,0.0,2,15000,0,0,0,0,0,0
TF,CONNR,39.688831,-105.664400,0, ,0.0,0.0,0.0,0.0,2,17000,0,0,0,0,0,0
TF,WERNR,39.547958,-106.671286,0, ,0.0,0.0,0.0,0.0,0,0,0,0,0,0,0,0

STAR,BRNKO3,SHRPE,4
IF,SHRPE,41.496631,-101.160211, ,0.0,0.0,0,0,0,0,0,0,0,0
TF,PYTNN,41.176028,-102.263789,0, ,0.0,0.0,0.0,0.0,0,0,0,0,0,0,0,0
TF,ELWAY,40.945078,-103.044233,0, ,0.0,0.0,0.0,0.0,0,0,0,0,0,0,0,0
TF,BRNKO,40.604819,-104.098019,0, ,0.0,0.0,0.0,0.0,4,16000,14000,0,0,0,0,0

STAR,BRNKO3,ALL,5
IF,BRNKO,40.604819,-104.098019, ,0.0,0.0,4,16000,14000,0,0,0,0,0
TF,PICKK,40.588725,-104.184511,0, ,0.0,0.0,0.0,0.0,3,14000,0,0,0,0,0,0
TF,BLTZZ,40.551417,-104.384794,0, ,0.0,0.0,0.0,0.0,1,12000,0,1,250,0,0,0
TF,BWLIN,40.448686,-104.927803,0, ,0.0,0.0,0.0,0.0,1,10000,0,0,0,0,0,0
TF,REDZN,40.223925,-105.024514,0, ,0.0,0.0,0.0,0.0,1,10000,0,0,0,0,0,0
TF,HBALL,40.140867,-105.034261,0, ,0.0,0.0,0.0,0.0,1,9000,0,0,0,0,0,1
FM,HBALL,40.140867,-105.034261,0,TDD,0.0,0.0,176.0,0,0,0,0,0,0,0,0

STAR,PINNR3,BANNA,4
IF,BANNA,41.117536,-106.232297, ,0.0,0.0,2,27000,0,0,0,0,0,0
TF,CHOTS,40.856461,-105.656222,0, ,0.0,0.0,0.0,0.0,2,17000,0,0,0,0,0,0
TF,FFEST,40.723678,-105.368800,0, ,0.0,0.0,0.0,0.0,2,14000,0,1,250,0,0,0
TF,PINNR,40.655000,-105.221089,0, ,0.0,0.0,0.0,0.0,2,12000,0,0,0,0,0,0

STAR,PINNR3,ALL,5
IF,PINNR,40.655000,-105.221089, ,0.0,0.0,2,12000,0,0,0,0,0,0
TF,TINGE,40.564472,-105.027136,0, ,0.0,0.0,0.0,0.0,4,11000,10000,0,0,0,0,0
TF,WHOAA,40.441972,-105.026439,0, ,0.0,0.0,0.0,0.0,1,10000,0,0,0,0,0,0
TF,REDZN,40.223925,-105.024514,0, ,0.0,0.0,0.0,0.0,1,10000,0,0,0,0,0,0
TF,HBALL,40.140867,-105.034261,0, ,0.0,0.0,0.0,0.0,1,9000,0,0,0,0,0,1
FM,HBALL,40.140867,-105.034261,0,TDD,0.0,0.0,176.0,0,0,0,0,0,0,0,0

FINAL,D11-A,11,D,4
IF,BJC,39.913039,-105.138986,BJC,0.0,0.0,2,9200,0,0,0,0,1,0
CF,ALFIE,40.060500,-105.153161,0,BJC,344.8,8.9,345.0,8.9,2,7100,0,0,0,0,2,0
CF,COMUR,40.111689,-105.158083,0,BJC,344.8,11.9,345.0,3.1,2,6020,0,0,0,0,0,0
CF,WISAB,40.159928,-105.162731,0,BJC,344.8,14.8,345.0,2.9,1,5880,0,0,0,0,3,0
CA,0,345.0,2,5880,0,0,0,0,0,0
DF,GLL,40.503867,-104.553014,2, ,0.0,0.0,2,7000,0,0,0,0,0,0
HM,GLL,40.503867,-104.553014,2, ,0.0,0.0,205.0,04.3,0,0,0,0,0,0,0,0,0

FINAL,D29-A,29,D,4
IF,BJC,39.913039,-105.138986,BJC,0.0,0.0,2,9200,0,0,0,0,1,0
CF,ALFIE,40.060500,-105.153161,0,BJC,344.8,8.9,345.0,8.9,2,7100,0,0,0,0,2,0
CF,COMUR,40.111689,-105.158083,0,BJC,344.8,11.9,345.0,3.1,2,6020,0,0,0,0,0,0
CF,WISAB,40.159928,-105.162731,0,BJC,344.8,14.8,345.0,2.9,1,5880,0,0,0,0,3,0
CA,0,345.0,2,5880,0,0,0,0,0,0
DF,GLL,40.503867,-104.553014,2, ,0.0,0.0,2,7000,0,0,0,0,0,0
HM,GLL,40.503867,-104.553014,2, ,0.0,0.0,205.0,04.3,0,0,0,0,0,0,0,0,0

FINAL,R11-B,11,R,4
IF,BJC,39.913039,-105.138986, ,0.0,0.0,2,9200,0,0,0,0,1,0
TF,ALFIE,40.060500,-105.153161,0, ,0.0,0.0,346.0,8.9,2,7000,0,0,0,0,2,0
TF,COMUR,40.111689,-105.158083,0, ,0.0,0.0,346.0,3.1,2,6020,0,0,0,0,0,0
TF,WISAB,40.159928,-105.162731,0, ,0.0,0.0,346.0,2.9,1,5880,0,0,0,0,3,0
CA,0,346.0,2,5880,0,0,0,0,0,0
DF,GLL,40.503867,-104.553014,2, ,0.0,0.0,2,7200,0,0,0,0,0,0
HM,GLL,40.503867,-104.553014,2, ,0.0,0.0,208.0,07,0,0,0,0,0,0,0,0,0

APPTR,R29,29,FIPSS
IF,FIPSS,39.958061,-104.946175, ,0.0,0.0,0,0,0,0,0,0,1,0
TF,FIMUR,40.051469,-104.935019,0, ,0.0,0.0,0.0,0.0,2,7300,0,0,0,0,1,0

APPTR,R29,29,WOLTS
IF,WOLTS,40.048628,-104.780936, ,0.0,0.0,0,0,0,0,0,0,1,0
TF,FIMUR,40.051469,-104.935019,0, ,0.0,0.0,0.0,0.0,2,7300,0,0,0,0,1,0

FINAL,R29,29,R,3
IF,FIMUR,40.051469,-104.935019, ,0.0,0.0,2,7300,0,0,0,0,0,0
TF,MELVN,40.106203,-105.045475,0, ,0.0,0.0,293.0,6.1,2,7000,0,0,0,0,2,0
TF,RW29,40.160839,-105.156408,0, ,0.0,0.0,293.0,6.1,1,5066,0,0,0,0,3,1
CA,0,293.0,2,5540,0,0,0,0,0,0
DF,NIWOT,40.257222,-104.994614,2, ,0.0,0.0,2,7400,0,1,200,0,0,1
HM,NIWOT,40.257222,-104.994614,2, ,0.0,0.0,311.0,07,2,7400,0,0,0,0,0,0,0

FINAL,R29-B,29,R,4
IF,BJC,39.913039,-105.138986, ,0.0,0.0,2,9200,0,0,0,0,1,0
TF,ALFIE,40.060500,-105.153161,0, ,0.0,0.0,346.0,8.9,2,7000,0,0,0,0,2,0
TF,COMUR,40.111689,-105.158083,0, ,0.0,0.0,346.0,3.1,2,6020,0,0,0,0,0,0
TF,WISAB,40.159928,-105.162731,0, ,0.0,0.0,346.0,2.9,1,5880,0,0,0,0,3,0
CA,0,346.0,2,5880,0,0,0,0,0,0
DF,GLL,40.503867,-104.553014,2, ,0.0,0.0,2,7200,0,0,0,0,0,0
HM,GLL,40.503867,-104.553014,2, ,0.0,0.0,208.0,07,0,0,0,0,0,0,0,0,0

