APPTR,L24,24,GZG
IF,GZG,36.825100,-82.078975, ,0.0,0.0,0,0,0,0,0,0,0,0
TF,ICONU,36.963628,-82.199992,0, ,0.0,0.0,0.0,0.0,2,6000,0,0,0,0,1,0
TF,JUBTO,37.100117,-82.319783,0,IOWN,0.0,0.0,0.0,0.0,2,4600,0,0,0,0,1,0

APPTR,L24,24,JUBTO
HF,JUBTO,37.100117,-82.319783,2, ,0.0,0.0,242.0,04.3,2,4600,0,0,0,0,1,0,0

FINAL,L24,24,D,3
IF,JUBTO,37.100117,-82.319783,IOWN,62.2,12.6,2,4600,0,0,0,0,0,0
CF,CUXOR,37.020114,-82.469294,0,IOWN,62.2,4.0,242.0,8.6,2,3700,0,0,0,0,2,0
CF,RW24,36.991553,-82.522486,0,IOWN,62.2,0.9,242.0,3.1,1,2721,0,0,0,0,3,0
CA,0,242.0,2,3300,0,0,0,0,0,0
DF,JUBTO,37.100117,-82.319783,2, ,0.0,0.0,2,4600,0,0,0,0,0,0
HM,JUBTO,37.100117,-82.319783,2, ,0.0,0.0,242.0,04.3,0,0,0,0,0,0,0,0,0

APPTR,R06,06,HILTO
IF,HILTO,36.696794,-82.435400, ,0.0,0.0,0,0,0,0,0,0,0,0
TF,HODNU,36.813942,-82.696942,0, ,0.0,0.0,0.0,0.0,2,6000,0,0,0,0,1,0
TF,TOYOR,36.886425,-82.748375,0, ,0.0,0.0,0.0,0.0,2,5300,0,0,0,0,1,0

APPTR,R06,06,RISTE
IF,RISTE,37.150811,-82.973439, ,0.0,0.0,0,0,0,0,0,0,1,0
TF,TOYOR,36.886425,-82.748375,0, ,0.0,0.0,0.0,0.0,2,5300,0,0,0,0,1,0

FINAL,R06,06,R,3
IF,TOYOR,36.886425,-82.748375, ,0.0,0.0,2,5300,0,0,0,0,0,0
TF,SOCLE,36.941114,-82.628869,0, ,0.0,0.0,66.0,6.6,2,4500,0,0,0,0,2,0
TF,VECON,36.978892,-82.546036,0, ,0.0,0.0,66.0,4.6,1,2887,0,0,0,0,3,1
CA,0,66.0,2,3560,0,0,0,0,0,0
DF,RISTE,37.150811,-82.973439,1, ,0.0,0.0,2,6400,0,0,0,0,0,1
HM,RISTE,37.150811,-82.973439,2, ,0.0,0.0,140.0,07,0,0,0,0,0,0,0,0,0

APPTR,R24,24,AZQ
IF,AZQ,37.391258,-83.263006, ,0.0,0.0,0,0,0,0,0,0,0,0
TF,LYDIC,37.238908,-82.435558,0, ,0.0,0.0,0.0,0.0,2,6400,0,0,0,0,1,0
TF,JUBTO,37.100117,-82.319783,0, ,0.0,0.0,0.0,0.0,2,5400,0,0,0,0,1,0

APPTR,R24,24,GZG
IF,GZG,36.825100,-82.078975, ,0.0,0.0,0,0,0,0,0,0,0,0
TF,KUDUZ,36.989000,-82.227464,0, ,0.0,0.0,0.0,0.0,2,6400,0,0,0,0,1,0
TF,JUBTO,37.100117,-82.319783,0, ,0.0,0.0,0.0,0.0,2,5400,0,0,0,0,1,0

APPTR,R24,24,JUBTO
HF,JUBTO,37.100117,-82.319783,2, ,0.0,0.0,242.0,05,2,5400,0,0,0,0,1,0,0

FINAL,R24,24,R,3
IF,JUBTO,37.100117,-82.319783, ,0.0,0.0,2,5400,0,0,0,0,0,0
TF,MILFR,37.037036,-82.437733,0, ,0.0,0.0,242.0,6.8,2,4300,0,0,0,0,2,0
TF,RW24,36.991553,-82.522486,0, ,0.0,0.0,242.0,4.9,1,2740,0,0,0,0,3,1
CA,0,242.0,2,2962,0,0,0,0,0,0
DF,HOGIB,36.955597,-82.589353,0, ,0.0,0.0,0,0,0,0,0,0,0,0
TF,FLENR,36.945631,-82.728542,0, ,0.0,0.0,0.0,0.0,2,6400,0,0,0,0,0,1
HM,FLENR,36.945631,-82.728542,2, ,0.0,0.0,142.0,07,2,6400,0,0,0,0,0,0,0

