STAR,JMONY2,CYBIL,4
IF,CYBIL,40.316667,-87.864444, ,0.0,0.0,0,0,0,0,0,0,0,0
TF,AGILE,40.050000,-87.850000,0, ,0.0,0.0,0.0,0.0,0,0,0,0,0,0,0,0
TF,KNGFU,39.716667,-87.716667,0, ,0.0,0.0,0.0,0.0,0,0,0,0,0,0,0,0
TF,SHARE,39.492147,-87.508594,0, ,0.0,0.0,0.0,0.0,0,0,0,0,0,0,0,0
TF,SUUPR,39.046617,-86.936519,0, ,0.0,0.0,0.0,0.0,3,23000,0,0,0,0,0,0
TF,GDAYE,38.987369,-86.861256,0, ,0.0,0.0,0.0,0.0,2,20000,0,0,0,0,0,0

STAR,JMONY2,SHARE,4
IF,SHARE,39.492147,-87.508594, ,0.0,0.0,0,0,0,0,0,0,0,0
TF,SUUPR,39.046617,-86.936519,0, ,0.0,0.0,0.0,0.0,3,23000,0,0,0,0,0,0
TF,GDAYE,38.987369,-86.861256,0, ,0.0,0.0,0.0,0.0,2,20000,0,0,0,0,0,0

STAR,JMONY2,ALL,5
IF,GDAYE,38.987369,-86.861256, ,0.0,0.0,2,20000,0,0,0,0,0,0
TF,LISZA,38.723661,-86.702592,0, ,0.0,0.0,0.0,0.0,4,17000,14000,1,280,0,0,0
TF,JMONY,38.568703,-86.609356,0, ,0.0,0.0,0.0,0.0,4,15000,13000,0,0,0,0,0
TF,RCTIC,38.556942,-86.461058,0, ,0.0,0.0,0.0,0.0,4,13000,11000,0,0,0,0,0
TF,CHKIN,38.562136,-86.312469,0, ,0.0,0.0,0.0,0.0,4,11000,9000,0,0,0,0,0
TF,LEGGZ,38.567142,-86.163858,0, ,0.0,0.0,0.0,0.0,4,9000,7000,0,0,0,0,0
TF,MYDOG,38.571958,-86.015228,0, ,0.0,0.0,0.0,0.0,1,6000,0,0,0,0,0,1
FM,MYDOG,38.571958,-86.015228,0,ROD,0.0,0.0,93.0,0,0,0,0,0,0,0,0

STAR,LEDDL1,GLAZR,4
IF,GLAZR,36.422439,-84.780358, ,0.0,0.0,0,0,0,0,0,0,0,0
TF,DNUTS,36.897808,-84.751792,0, ,0.0,0.0,0.0,0.0,0,0,0,0,0,0,0,0
TF,ARUSH,37.450164,-84.934686,0, ,0.0,0.0,0.0,0.0,0,0,0,0,0,0,0,0
TF,COBBZ,37.577250,-85.070922,0, ,0.0,0.0,0.0,0.0,4,16000,14000,1,280,0,0,0

STAR,LEDDL1,LAFOX,4
IF,LAFOX,37.089978,-84.186311, ,0.0,0.0,0,0,0,0,0,0,0,0
TF,KOFEY,37.316708,-84.756553,0, ,0.0,0.0,0.0,0.0,0,0,0,0,0,0,0,0
TF,ARUSH,37.450164,-84.934686,0, ,0.0,0.0,0.0,0.0,0,0,0,0,0,0,0,0
TF,COBBZ,37.577250,-85.070922,0, ,0.0,0.0,0.0,0.0,4,16000,14000,1,280,0,0,0

STAR,LEDDL1,YOCKY,4
IF,YOCKY,37.654108,-84.156236, ,0.0,0.0,0,0,0,0,0,0,0,0
TF,ARUSH,37.450164,-84.934686,0, ,0.0,0.0,0.0,0.0,0,0,0,0,0,0,0,0
TF,COBBZ,37.577250,-85.070922,0, ,0.0,0.0,0.0,0.0,4,16000,14000,1,280,0,0,0

STAR,LEDDL1,ALL,5
IF,COBBZ,37.577250,-85.070922, ,0.0,0.0,4,16000,14000,1,280,0,0,0
TF,LEDDL,37.732711,-85.130881,0, ,0.0,0.0,0.0,0.0,4,13000,11000,0,0,0,0,0
TF,SODAA,37.845053,-85.171156,0, ,0.0,0.0,0.0,0.0,4,11000,9000,0,0,0,0,0
TF,LUEEY,37.957594,-85.211672,0, ,0.0,0.0,0.0,0.0,4,9000,7000,0,0,0,0,0
TF,PNNIC,38.146167,-85.321725,0, ,0.0,0.0,0.0,0.0,1,5000,0,0,0,0,0,1
FM,PNNIC,38.146167,-85.321725,0,ROD,0.0,0.0,331.0,0,0,0,0,0,0,0,0

STAR,MBELL5,BUMPY,4
IF,BUMPY,36.542722,-89.135308, ,0.0,0.0,0,0,0,0,0,0,0,0
TF,PENBE,37.654308,-88.158728,0, ,0.0,0.0,0.0,0.0,0,0,0,0,0,0,0,0
TF,XXTRA,37.847436,-87.497478,0, ,0.0,0.0,0.0,0.0,0,0,0,0,0,0,0,0
TF,JIINN,37.727067,-86.539722,0, ,0.0,0.0,0.0,0.0,4,16000,14000,1,280,0,0,0

STAR,MBELL5,IMOUT,4
IF,IMOUT,38.300167,-89.045892, ,0.0,0.0,0,0,0,0,0,0,0,0
TF,VENMO,38.229547,-88.279058,0, ,0.0,0.0,0.0,0.0,0,0,0,0,0,0,0,0
TF,XXTRA,37.847436,-87.497478,0, ,0.0,0.0,0.0,0.0,0,0,0,0,0,0,0,0
TF,JIINN,37.727067,-86.539722,0, ,0.0,0.0,0.0,0.0,4,16000,14000,1,280,0,0,0

STAR,MBELL5,MOOCH,4
IF,MOOCH,37.026669,-89.919242, ,0.0,0.0,0,0,0,0,0,0,0,0
TF,PENBE,37.654308,-88.158728,0, ,0.0,0.0,0.0,0.0,0,0,0,0,0,0,0,0
TF,XXTRA,37.847436,-87.497478,0, ,0.0,0.0,0.0,0.0,0,0,0,0,0,0,0,0
TF,JIINN,37.727067,-86.539722,0, ,0.0,0.0,0.0,0.0,4,16000,14000,1,280,0,0,0

STAR,MBELL5,PENBE,4
IF,PENBE,37.654308,-88.158728, ,0.0,0.0,0,0,0,0,0,0,0,0
TF,XXTRA,37.847436,-87.497478,0, ,0.0,0.0,0.0,0.0,0,0,0,0,0,0,0,0
TF,JIINN,37.727067,-86.539722,0, ,0.0,0.0,0.0,0.0,4,16000,14000,1,280,0,0,0

STAR,MBELL5,ALL,5
IF,JIINN,37.727067,-86.539722, ,0.0,0.0,4,16000,14000,1,280,0,0,0
TF,MBELL,37.760117,-86.344058,0, ,0.0,0.0,0.0,0.0,4,15000,13000,0,0,0,0,0
TF,LOKBL,37.748786,-86.197644,0, ,0.0,0.0,0.0,0.0,4,13000,11000,0,0,0,0,0
TF,LIYAH,37.738650,-86.051103,0, ,0.0,0.0,0.0,0.0,4,11000,9000,0,0,0,0,0
TF,PRKER,37.727644,-85.904689,0, ,0.0,0.0,0.0,0.0,4,9000,7000,0,0,0,0,0
TF,MOWGN,37.714747,-85.736147,0, ,0.0,0.0,0.0,0.0,1,6000,0,0,0,0,0,1
FM,MOWGN,37.714747,-85.736147,0,ROD,0.0,0.0,90.0,0,0,0,0,0,0,0,0

APPTR,N33,33,LK
PI,LK,38.144803,-85.633394,2,CVG,123.0,10.0,168,5.0,2,2500,0,0,0,0,1,0
CF,LK,38.144803,-85.633394,0,CVG,224.3,68.1,348.0,8.0,2,2200,0,0,0,0,0,0

FINAL,N33,33,N,2
IF,LK,38.144803,-85.633394,LK,0.0,0.0,2,2200,0,0,0,0,2,0
CF,RW33,38.224211,-85.661781,0,LK,0.0,0.0,348.0,4.9,1,561,0,0,0,0,3,0
CA,0,348.0,2,950,0,0,0,0,0,0
DF,LK,38.144803,-85.633394,2, ,0.0,0.0,2,2500,0,0,0,0,0,0
HM,LK,38.144803,-85.633394,2, ,0.0,0.0,348.0,04.3,0,0,0,0,0,0,0,0,0

APPTR,R24,24,NUNYA
HF,NUNYA,38.318703,-85.467331,2, ,0.0,0.0,244.0,04,2,3000,0,0,0,0,1,0,0

FINAL,R24,24,R,4
IF,NUNYA,38.318703,-85.467331, ,0.0,0.0,2,3000,0,0,0,0,0,0
TF,BNNUS,38.276494,-85.558989,0, ,0.0,0.0,244.0,5.0,2,2300,0,0,0,0,2,0
TF,RUHEE,38.247931,-85.620800,0, ,0.0,0.0,244.0,3.4,2,1220,0,0,0,0,0,0
TF,RW24,38.231053,-85.657297,0, ,0.0,0.0,244.0,2.0,1,587,0,0,0,0,3,1
CA,0,244.0,2,1100,0,0,0,0,0,0
DF,CAANT,38.085344,-85.532261,1, ,0.0,0.0,2,3000,0,0,0,0,0,1
HM,CAANT,38.085344,-85.532261,2, ,0.0,0.0,328.0,04,0,0,0,0,0,0,0,0,0

APPTR,R33,33,ANDYE
IF,ANDYE,38.014511,-85.591892, ,0.0,0.0,0,0,0,0,0,0,1,0
TF,CAANT,38.085344,-85.532261,0, ,0.0,0.0,0.0,0.0,2,3000,0,0,0,0,1,0

APPTR,R33,33,CAANT
HF,CAANT,38.085344,-85.532261,2, ,0.0,0.0,328.0,04,2,3000,0,0,0,0,1,0,0

APPTR,R33,33,IFALN
IF,IFALN,38.142719,-85.428425, ,0.0,0.0,0,0,0,0,0,0,1,0
TF,CAANT,38.085344,-85.532261,0, ,0.0,0.0,0.0,0.0,2,3000,0,0,0,0,1,0

FINAL,R33,33,R,4
IF,CAANT,38.085344,-85.532261, ,0.0,0.0,2,3000,0,0,0,0,0,0
TF,GDUPP,38.151192,-85.593600,0, ,0.0,0.0,328.0,4.9,2,2300,0,0,0,0,2,0
TF,PUXOJ,38.197353,-85.636683,0, ,0.0,0.0,328.0,3.4,2,1200,0,0,0,0,0,0
TF,RW33,38.224211,-85.661781,0, ,0.0,0.0,328.0,2.0,1,561,0,0,0,0,3,1
CA,0,328.0,2,1000,0,0,0,0,0,0
DF,ZOPOM,38.237206,-85.451075,2, ,0.0,0.0,2,3000,0,0,0,0,0,1
HM,ZOPOM,38.237206,-85.451075,2, ,0.0,0.0,221.0,04,0,0,0,0,0,0,0,0,0

