APPTR,R14,14,PATYY
IF,PATYY,37.491556,-121.049981, ,0.0,0.0,0,0,0,0,0,0,1,0
TF,FOSDI,37.293564,-121.014817,0, ,0.0,0.0,0.0,0.0,2,3300,0,0,0,0,1,0

FINAL,R14,14,R,4
IF,FOSDI,37.293564,-121.014817, ,0.0,0.0,2,3300,0,0,0,0,0,0
TF,EGSOW,37.144625,-120.920708,0, ,0.0,0.0,137.0,10.0,2,1800,0,0,0,0,2,0
TF,COGIS,37.092383,-120.887800,0, ,0.0,0.0,137.0,3.5,2,660,0,0,0,0,0,0
TF,RW14,37.068542,-120.872797,0, ,0.0,0.0,137.0,1.6,1,151,0,0,0,0,3,1
CA,0,137.0,2,455,0,0,0,0,0,0
DF,GEZJO,37.035375,-120.851942,0, ,0.0,0.0,0,0,0,0,0,0,0,0
TF,PXN,36.715458,-120.778683,0, ,0.0,0.0,0.0,0.0,2,6500,0,0,0,0,0,1
HM,PXN,36.715458,-120.778683,2, ,0.0,0.0,335.0,07,2,6500,0,0,0,0,0,0,0

APPTR,R32,32,MENDO
IF,MENDO,36.766008,-120.495250, ,0.0,0.0,0,0,0,0,0,0,1,0
TF,ILESE,36.835306,-120.726575,0, ,0.0,0.0,0.0,0.0,2,3600,0,0,0,0,1,0

APPTR,R32,32,PXN
IF,PXN,36.715458,-120.778683, ,0.0,0.0,0,0,0,0,0,0,1,0
TF,ILESE,36.835306,-120.726575,0, ,0.0,0.0,0.0,0.0,2,3600,0,0,0,0,1,0

FINAL,R32,32,R,5
IF,ILESE,36.835306,-120.726575, ,0.0,0.0,2,3600,0,0,0,0,0,0
TF,LUMTY,36.959075,-120.804047,0, ,0.0,0.0,317.0,8.3,2,2200,0,0,0,0,0,0
TF,HEBTA,36.982419,-120.818750,0, ,0.0,0.0,317.0,1.6,2,1800,0,0,0,0,2,0
TF,GEZJO,37.035375,-120.851942,0, ,0.0,0.0,317.0,3.6,2,680,0,0,0,0,0,0
TF,RW32,37.059219,-120.866933,0, ,0.0,0.0,317.0,1.6,1,159,0,0,0,0,3,1
CA,0,317.0,2,520,0,0,0,0,0,0
DF,COGIS,37.092383,-120.887800,0, ,0.0,0.0,0,0,0,0,0,0,0,0
TF,VOLTA,37.274225,-120.973431,0, ,0.0,0.0,0.0,0.0,2,3000,0,0,0,0,0,1
HM,VOLTA,37.274225,-120.973431,2, ,0.0,0.0,329.0,04,0,0,0,0,0,0,0,0,0

