APPTR,R16,16,YOTUD
IF,YOTUD,33.230033,-101.757536, ,0.0,0.0,0,0,0,0,0,0,1,0
TF,ZOPNI,33.079081,-102.017297,0, ,0.0,0.0,0.0,0.0,2,5500,0,0,0,0,1,0

APPTR,R16,16,ZOPNI
IF,ZOPNI,33.079081,-102.017297, ,0.0,0.0,3,6000,0,0,0,0,1,0
HF,ZOPNI,33.079081,-102.017297,2, ,0.0,0.0,159.0,05,2,5500,0,0,0,0,0,0,0

FINAL,R16,16,R,3
IF,ZOPNI,33.079081,-102.017297, ,0.0,0.0,2,5500,0,0,0,0,0,0
TF,HIPKO,32.839786,-101.942850,0, ,0.0,0.0,159.0,14.8,2,4600,0,0,0,0,2,0
TF,RW16,32.760486,-101.918292,0, ,0.0,0.0,159.0,4.9,1,3037,0,0,0,0,3,1
CA,0,159.0,2,3245,0,0,0,0,0,0
DF,YUPUC,32.554458,-101.854639,0, ,0.0,0.0,2,5500,0,0,0,0,0,1
HM,YUPUC,32.554458,-101.854639,2, ,0.0,0.0,339.0,05,0,0,0,0,0,0,0,0,0

APPTR,R34,34,BGS
IF,BGS,32.385589,-101.483683, ,0.0,0.0,0,0,0,0,0,0,0,0
TF,TUDOY,32.527847,-101.740592,0, ,0.0,0.0,0.0,0.0,2,5500,0,0,0,0,1,0
TF,YUPUC,32.554458,-101.854639,0, ,0.0,0.0,0.0,0.0,2,5500,0,0,0,0,1,0

APPTR,R34,34,MERGE
IF,MERGE,32.285061,-102.146250, ,0.0,0.0,0,0,0,0,0,0,0,0
TF,ZIKEK,32.484036,-101.938772,0, ,0.0,0.0,0.0,0.0,2,5500,0,0,0,0,1,0
TF,YUPUC,32.554458,-101.854639,0, ,0.0,0.0,0.0,0.0,2,5500,0,0,0,0,1,0

APPTR,R34,34,YUPUC
IF,YUPUC,32.554458,-101.854639, ,0.0,0.0,3,6000,0,0,0,0,1,0
HF,YUPUC,32.554458,-101.854639,2, ,0.0,0.0,339.0,05,2,5500,0,0,0,0,0,0,0

FINAL,R34,34,R,3
IF,YUPUC,32.554458,-101.854639, ,0.0,0.0,2,5500,0,0,0,0,0,0
TF,WUVUR,32.667564,-101.889569,0, ,0.0,0.0,339.0,7.0,2,4600,0,0,0,0,2,0
TF,RW34,32.747186,-101.914178,0, ,0.0,0.0,339.0,4.9,1,3031,0,0,0,0,3,1
CA,0,339.0,2,3194,0,0,0,0,0,0
DF,ZOPNI,33.079081,-102.017297,0, ,0.0,0.0,2,5500,0,0,0,0,0,1
HM,ZOPNI,33.079081,-102.017297,2, ,0.0,0.0,159.0,05,0,0,0,0,0,0,0,0,0

