SID,CHIEF9,ALL,2
IF,MCI,39.285283,-94.737061, ,0.0,0.0,0,0,0,0,0,0,0,0

SID,CHIEF9,CATTS,3
IF,MCI,39.285283,-94.737061, ,0.0,0.0,0,0,0,0,0,0,0,0
TF,OZAKI,39.295269,-95.359478,0, ,0.0,0.0,0.0,0.0,0,0,0,0,0,0,0,0
TF,CATTS,39.303219,-96.153803,0, ,0.0,0.0,0.0,0.0,0,0,0,0,0,0,0,0

SID,CHIEF9,STJ,3
IF,MCI,39.285283,-94.737061, ,0.0,0.0,0,0,0,0,0,0,0,0
TF,STJ,39.960578,-94.925219,0, ,0.0,0.0,0.0,0.0,0,0,0,0,0,0,0,0

SID,LAKES5,ALL,2
IF,MCI,39.285283,-94.737061, ,0.0,0.0,0,0,0,0,0,0,0,0

SID,LAKES5,COU,3
IF,MCI,39.285283,-94.737061, ,0.0,0.0,0,0,0,0,0,0,0,0
TF,ANX,39.095425,-94.128836,0, ,0.0,0.0,0.0,0.0,0,0,0,0,0,0,0,0
TF,FRANC,39.008350,-92.850319,0, ,0.0,0.0,0.0,0.0,0,0,0,0,0,0,0,0
TF,COU,38.810822,-92.218275,0, ,0.0,0.0,0.0,0.0,0,0,0,0,0,0,0,0

SID,LAKES5,FRANC,3
IF,MCI,39.285283,-94.737061, ,0.0,0.0,0,0,0,0,0,0,0,0
TF,ANX,39.095425,-94.128836,0, ,0.0,0.0,0.0,0.0,0,0,0,0,0,0,0,0
TF,FRANC,39.008350,-92.850319,0, ,0.0,0.0,0.0,0.0,0,0,0,0,0,0,0,0

SID,LAKES5,SPI,3
IF,MCI,39.285283,-94.737061, ,0.0,0.0,0,0,0,0,0,0,0,0
TF,BLUZY,39.385983,-93.952911,0, ,0.0,0.0,0.0,0.0,0,0,0,0,0,0,0,0
TF,TWAIN,39.672375,-91.443092,0, ,0.0,0.0,0.0,0.0,0,0,0,0,0,0,0,0
TF,SPI,39.839733,-89.677736,0, ,0.0,0.0,0.0,0.0,0,0,0,0,0,0,0,0

SID,LAKES5,TWAIN,3
IF,MCI,39.285283,-94.737061, ,0.0,0.0,0,0,0,0,0,0,0,0
TF,BLUZY,39.385983,-93.952911,0, ,0.0,0.0,0.0,0.0,0,0,0,0,0,0,0,0
TF,TWAIN,39.672375,-91.443092,0, ,0.0,0.0,0.0,0.0,0,0,0,0,0,0,0,0

SID,RACER8,ALL,2
IF,MCI,39.285283,-94.737061, ,0.0,0.0,0,0,0,0,0,0,0,0

SID,RACER8,BUM,3
IF,MCI,39.285283,-94.737061, ,0.0,0.0,0,0,0,0,0,0,0,0
TF,GRILD,38.695581,-94.591358,0, ,0.0,0.0,0.0,0.0,0,0,0,0,0,0,0,0
TF,BUM,38.272081,-94.488261,0, ,0.0,0.0,0.0,0.0,0,0,0,0,0,0,0,0

SID,RACER8,DOSOA,3
IF,MCI,39.285283,-94.737061, ,0.0,0.0,0,0,0,0,0,0,0,0
TF,SPRNT,38.738394,-94.929869,0, ,0.0,0.0,0.0,0.0,0,0,0,0,0,0,0,0
TF,DOSOA,38.170719,-95.126814,0, ,0.0,0.0,0.0,0.0,0,0,0,0,0,0,0,0

SID,RACER8,SGF,3
IF,MCI,39.285283,-94.737061, ,0.0,0.0,0,0,0,0,0,0,0,0
TF,GRILD,38.695581,-94.591358,0, ,0.0,0.0,0.0,0.0,0,0,0,0,0,0,0,0
TF,BUM,38.272081,-94.488261,0, ,0.0,0.0,0.0,0.0,0,0,0,0,0,0,0,0
TF,SGF,37.355947,-93.334044,0, ,0.0,0.0,0.0,0.0,0,0,0,0,0,0,0,0

SID,ROYAL2,ALL,2
IF,MCI,39.285283,-94.737061, ,0.0,0.0,0,0,0,0,0,0,0,0

SID,ROYAL2,ARENZ,3
IF,MCI,39.285283,-94.737061, ,0.0,0.0,0,0,0,0,0,0,0,0
TF,CAYKO,39.763708,-94.136506,0, ,0.0,0.0,0.0,0.0,0,0,0,0,0,0,0,0
TF,JTHRO,40.001731,-93.833111,0, ,0.0,0.0,0.0,0.0,0,0,0,0,0,0,0,0
TF,ARENZ,40.143739,-93.650561,0, ,0.0,0.0,0.0,0.0,0,0,0,0,0,0,0,0

SID,ROYAL2,BODYN,3
IF,MCI,39.285283,-94.737061, ,0.0,0.0,0,0,0,0,0,0,0,0
TF,CAYKO,39.763708,-94.136506,0, ,0.0,0.0,0.0,0.0,0,0,0,0,0,0,0,0
TF,JTHRO,40.001731,-93.833111,0, ,0.0,0.0,0.0,0.0,0,0,0,0,0,0,0,0
TF,ARENZ,40.143739,-93.650561,0, ,0.0,0.0,0.0,0.0,0,0,0,0,0,0,0,0
TF,BODYN,40.341964,-92.135011,0, ,0.0,0.0,0.0,0.0,0,0,0,0,0,0,0,0

SID,ROYAL2,TONCE,3
IF,MCI,39.285283,-94.737061, ,0.0,0.0,0,0,0,0,0,0,0,0
TF,JDOGG,39.949944,-94.661508,0, ,0.0,0.0,0.0,0.0,0,0,0,0,0,0,0,0
TF,TONCE,40.282225,-94.623183,0, ,0.0,0.0,0.0,0.0,0,0,0,0,0,0,0,0

SID,TIFTO8,ALL,2
IF,MCI,39.285283,-94.737061, ,0.0,0.0,0,0,0,0,0,0,0,0

SID,TIFTO8,TIFTO,3
IF,MCI,39.285283,-94.737061, ,0.0,0.0,0,0,0,0,0,0,0,0
TF,DIGGY,39.454867,-95.343664,0, ,0.0,0.0,0.0,0.0,0,0,0,0,0,0,0,0
TF,TIFTO,39.604767,-95.892106,0, ,0.0,0.0,0.0,0.0,0,0,0,0,0,0,0,0

SID,WLDCT6,ALL,2
IF,MCI,39.285283,-94.737061, ,0.0,0.0,0,0,0,0,0,0,0,0

SID,WLDCT6,ICT,3
IF,MCI,39.285283,-94.737061, ,0.0,0.0,0,0,0,0,0,0,0,0
TF,TYTUS,39.213892,-95.374125,0, ,0.0,0.0,0.0,0.0,0,0,0,0,0,0,0,0
TF,KENTN,39.146664,-95.946350,0, ,0.0,0.0,0.0,0.0,0,0,0,0,0,0,0,0
TF,ICT,37.745258,-97.583828,0, ,0.0,0.0,0.0,0.0,0,0,0,0,0,0,0,0

SID,WLDCT6,KENTN,3
IF,MCI,39.285283,-94.737061, ,0.0,0.0,0,0,0,0,0,0,0,0
TF,TYTUS,39.213892,-95.374125,0, ,0.0,0.0,0.0,0.0,0,0,0,0,0,0,0,0
TF,KENTN,39.146664,-95.946350,0, ,0.0,0.0,0.0,0.0,0,0,0,0,0,0,0,0

SID,WLDCT6,SLN,3
IF,MCI,39.285283,-94.737061, ,0.0,0.0,0,0,0,0,0,0,0,0
TF,TYTUS,39.213892,-95.374125,0, ,0.0,0.0,0.0,0.0,0,0,0,0,0,0,0,0
TF,KENTN,39.146664,-95.946350,0, ,0.0,0.0,0.0,0.0,0,0,0,0,0,0,0,0
TF,SLN,38.925139,-97.621333,0, ,0.0,0.0,0.0,0.0,0,0,0,0,0,0,0,0

STAR,BQS8,IRK,1
IF,IRK,40.135017,-92.591714, ,0.0,0.0,0,0,0,0,0,0,0,0
TF,FONIX,39.835039,-93.366428,0, ,0.0,0.0,0.0,0.0,0,0,0,0,0,0,0,0
TF,BQS,39.630556,-93.875278,0, ,0.0,0.0,0.0,0.0,4,14000,12000,0,0,0,0,0

STAR,BQS8,LMN,1
IF,LMN,40.596764,-93.967592, ,0.0,0.0,0,0,0,0,0,0,0,0
TF,BQS,39.630556,-93.875278,0, ,0.0,0.0,0.0,0.0,4,14000,12000,0,0,0,0,0

STAR,BQS8,SPI,1
IF,SPI,39.839733,-89.677736, ,0.0,0.0,0,0,0,0,0,0,0,0
TF,HUGIN,39.728733,-92.268217,0, ,0.0,0.0,0.0,0.0,0,0,0,0,0,0,0,0
TF,BQS,39.630556,-93.875278,0, ,0.0,0.0,0.0,0.0,4,14000,12000,0,0,0,0,0

STAR,BQS8,ALL,2
IF,BQS,39.630556,-93.875278, ,0.0,0.0,4,14000,12000,0,0,0,0,0
TF,DONNS,39.539567,-94.055958,0, ,0.0,0.0,0.0,0.0,2,12000,0,0,0,0,0,0
VM,38.959097,-94.371894,0,241.0,0,0,0,0,0,0,0,0

STAR,JHAWK8,EMP,1
IF,EMP,38.291144,-96.138111, ,0.0,0.0,0,0,0,0,0,0,0,0
TF,JHAWK,38.805514,-95.420939,0, ,0.0,0.0,0.0,0.0,0,0,0,0,0,0,0,0

STAR,JHAWK8,ALL,2
IF,JHAWK,38.805514,-95.420939, ,0.0,0.0,0,0,0,0,0,0,0,0
TF,HOOZE,38.895078,-95.294403,0, ,0.0,0.0,0.0,0.0,0,0,0,0,0,0,0,0

STAR,TYGER7,SGF,1
IF,SGF,37.355947,-93.334044, ,0.0,0.0,0,0,0,0,0,0,0,0
TF,KRAZO,38.118308,-93.760850,0, ,0.0,0.0,0.0,0.0,0,0,0,0,0,0,0,0
TF,TYGER,38.683369,-94.083633,0, ,0.0,0.0,0.0,0.0,0,0,0,0,0,0,0,0

STAR,TYGER7,ALL,2
IF,TYGER,38.683369,-94.083633, ,0.0,0.0,0,0,0,0,0,0,0,0
TF,TRIKE,38.840156,-94.252389,0, ,0.0,0.0,0.0,0.0,0,0,0,0,0,0,0,0

APPTR,R11,11,CILKU
HF,CILKU,39.049969,-94.641875,2, ,0.0,0.0,111.0,04,2,4000,0,0,0,0,1,0,0

FINAL,R11,11,R,4
IF,CILKU,39.049969,-94.641875, ,0.0,0.0,2,4000,0,0,0,0,0,0
TF,FIMSU,38.992875,-94.471800,0, ,0.0,0.0,111.0,8.7,2,2600,0,0,0,0,2,0
TF,EYAKA,38.972300,-94.410797,0, ,0.0,0.0,111.0,3.1,2,1600,0,0,0,0,0,0
TF,RW11,38.960386,-94.375489,0, ,0.0,0.0,111.0,1.8,1,1038,0,0,0,0,3,1
CA,0,111.0,2,1254,0,0,0,0,0,0
DF,ZONKI,38.876983,-94.129708,0, ,0.0,0.0,2,3100,0,0,0,0,0,1
HM,ZONKI,38.876983,-94.129708,1, ,0.0,0.0,292.0,04,0,0,0,0,0,0,0,0,0

APPTR,R18,18,SOXOE
HF,SOXOE,39.165233,-94.358339,1, ,0.0,0.0,181.0,04,2,3000,0,0,0,0,1,0,0

FINAL,R18,18,R,3
IF,SOXOE,39.165233,-94.358339, ,0.0,0.0,2,3000,0,0,0,0,0,0
TF,KISNE,39.048919,-94.367200,0, ,0.0,0.0,181.0,7.0,2,2600,0,0,0,0,2,0
TF,RW18,38.967281,-94.373403,0, ,0.0,0.0,181.0,4.9,1,1039,0,0,0,0,3,1
CA,0,181.0,2,1249,0,0,0,0,0,0
DF,WOMPO,38.757214,-94.389297,0, ,0.0,0.0,2,3000,0,0,0,0,0,1
HM,WOMPO,38.757214,-94.389297,1, ,0.0,0.0,1.0,04,0,0,0,0,0,0,0,0,0

APPTR,R29,29,ZONKI
HF,ZONKI,38.876983,-94.129708,1, ,0.0,0.0,292.0,04,2,3100,0,0,0,0,1,0,0

FINAL,R29,29,R,4
IF,ZONKI,38.876983,-94.129708, ,0.0,0.0,2,3100,0,0,0,0,0,0
TF,PUKAS,38.923547,-94.266664,0, ,0.0,0.0,292.0,7.0,2,2600,0,0,0,0,2,0
TF,ZEVED,38.944753,-94.329253,0, ,0.0,0.0,291.0,3.2,2,1580,0,0,0,0,0,0
TF,RW29,38.956025,-94.362578,0, ,0.0,0.0,291.0,1.7,1,1041,0,0,0,0,3,1
CA,0,291.0,2,1500,0,0,0,0,0,0
DF,LYMES,39.249575,-94.112606,2, ,0.0,0.0,2,3000,0,0,0,0,0,1
HM,LYMES,39.249575,-94.112606,1, ,0.0,0.0,269.0,04,0,0,0,0,0,0,0,0,0

APPTR,R36,36,WOMPO
HF,WOMPO,38.757214,-94.389297,1, ,0.0,0.0,1.0,04,2,3000,0,0,0,0,1,0,0

FINAL,R36,36,R,4
IF,WOMPO,38.757214,-94.389297, ,0.0,0.0,2,3000,0,0,0,0,0,0
TF,JAPES,38.870153,-94.380764,0, ,0.0,0.0,1.0,6.8,2,2600,0,0,0,0,2,0
TF,JOBAD,38.913903,-94.377453,0, ,0.0,0.0,1.0,2.6,2,1760,0,0,0,0,0,0
TF,RW36,38.952206,-94.374547,0, ,0.0,0.0,1.0,2.3,1,1031,0,0,0,0,3,1
CA,0,1.0,2,1299,0,0,0,0,0,0
DF,SOXOE,39.165233,-94.358339,0, ,0.0,0.0,2,3000,0,0,0,0,0,1
HM,SOXOE,39.165233,-94.358339,1, ,0.0,0.0,181.0,04,0,0,0,0,0,0,0,0,0

FINAL,V11-A,11,D,3
IF,ANX,39.095425,-94.128836,ANX,0.0,0.0,2,2900,0,0,0,0,1,0
CF,JIFIE,39.013231,-94.284839,0,ANX,229.0,8.8,229.0,8.8,2,2500,0,0,0,0,2,0
CF,CATRU,38.967050,-94.372156,0,ANX,229.0,13.7,229.0,4.9,1,1780,0,0,0,0,3,0
CA,0,229.0,2,1780,0,0,0,0,0,0
DF,ANX,39.095425,-94.128836,1, ,0.0,0.0,2,2900,0,0,0,0,0,0
HM,ANX,39.095425,-94.128836,2, ,0.0,0.0,268.0,04.3,0,0,0,0,0,0,0,0,0

FINAL,V18-A,18,D,3
IF,ANX,39.095425,-94.128836,ANX,0.0,0.0,2,2900,0,0,0,0,1,0
CF,JIFIE,39.013231,-94.284839,0,ANX,229.0,8.8,229.0,8.8,2,2500,0,0,0,0,2,0
CF,CATRU,38.967050,-94.372156,0,ANX,229.0,13.7,229.0,4.9,1,1780,0,0,0,0,3,0
CA,0,229.0,2,1780,0,0,0,0,0,0
DF,ANX,39.095425,-94.128836,1, ,0.0,0.0,2,2900,0,0,0,0,0,0
HM,ANX,39.095425,-94.128836,2, ,0.0,0.0,268.0,04.3,0,0,0,0,0,0,0,0,0

FINAL,V29-A,29,D,3
IF,ANX,39.095425,-94.128836,ANX,0.0,0.0,2,2900,0,0,0,0,1,0
CF,JIFIE,39.013231,-94.284839,0,ANX,229.0,8.8,229.0,8.8,2,2500,0,0,0,0,2,0
CF,CATRU,38.967050,-94.372156,0,ANX,229.0,13.7,229.0,4.9,1,1780,0,0,0,0,3,0
CA,0,229.0,2,1780,0,0,0,0,0,0
DF,ANX,39.095425,-94.128836,1, ,0.0,0.0,2,2900,0,0,0,0,0,0
HM,ANX,39.095425,-94.128836,2, ,0.0,0.0,268.0,04.3,0,0,0,0,0,0,0,0,0

FINAL,V36-A,36,D,3
IF,ANX,39.095425,-94.128836,ANX,0.0,0.0,2,2900,0,0,0,0,1,0
CF,JIFIE,39.013231,-94.284839,0,ANX,229.0,8.8,229.0,8.8,2,2500,0,0,0,0,2,0
CF,CATRU,38.967050,-94.372156,0,ANX,229.0,13.7,229.0,4.9,1,1780,0,0,0,0,3,0
CA,0,229.0,2,1780,0,0,0,0,0,0
DF,ANX,39.095425,-94.128836,1, ,0.0,0.0,2,2900,0,0,0,0,0,0
HM,ANX,39.095425,-94.128836,2, ,0.0,0.0,268.0,04.3,0,0,0,0,0,0,0,0,0

