APPTR,R17,17,DISKS
IF,DISKS,38.360486,-98.872003, ,0.0,0.0,0,0,0,0,0,0,0,0
TF,JUTMA,38.569992,-98.350886,0, ,0.0,0.0,0.0,0.0,2,3900,0,0,0,0,1,0
TF,PAPDY,38.536622,-98.230703,0, ,0.0,0.0,0.0,0.0,2,3400,0,0,0,0,1,0

APPTR,R17,17,HUT
IF,HUT,37.996919,-97.934153, ,0.0,0.0,0,0,0,0,0,0,0,0
TF,PAPDY,38.536622,-98.230703,0, ,0.0,0.0,0.0,0.0,2,3400,0,0,0,0,0,1
HF,PAPDY,38.536622,-98.230703,2, ,0.0,0.0,174.0,04,2,3400,0,0,0,0,1,0,0

FINAL,R17,17,R,4
IF,PAPDY,38.536622,-98.230703, ,0.0,0.0,2,3400,0,0,0,0,0,0
TF,TOZGO,38.428181,-98.229519,0, ,0.0,0.0,174.0,6.5,2,3300,0,0,0,0,2,0
TF,DAVGE,38.374653,-98.228936,0, ,0.0,0.0,174.0,3.2,2,2260,0,0,0,0,0,0
TF,RW17,38.346292,-98.228631,0, ,0.0,0.0,174.0,1.7,1,1737,0,0,0,0,3,1
CA,0,174.0,2,2080,0,0,0,0,0,0
DF,OCISE,38.142856,-98.226425,0, ,0.0,0.0,2,3400,0,0,0,0,0,1
HM,OCISE,38.142856,-98.226425,2, ,0.0,0.0,354.0,04,0,0,0,0,0,0,0,0,0

APPTR,R35,35,DISKS
IF,DISKS,38.360486,-98.872003, ,0.0,0.0,0,0,0,0,0,0,0,0
TF,ATZOS,38.107753,-98.345108,0, ,0.0,0.0,0.0,0.0,2,3500,0,0,0,0,1,0
TF,OCISE,38.142856,-98.226425,0, ,0.0,0.0,0.0,0.0,2,3400,0,0,0,0,1,0

APPTR,R35,35,GUTER
IF,GUTER,38.309367,-97.749139, ,0.0,0.0,0,0,0,0,0,0,0,0
TF,IDEZY,38.143878,-98.057414,0, ,0.0,0.0,0.0,0.0,2,3400,0,0,0,0,1,0
TF,OCISE,38.142856,-98.226425,0, ,0.0,0.0,0.0,0.0,2,3400,0,0,0,0,1,0

APPTR,R35,35,HUT
IF,HUT,37.996919,-97.934153, ,0.0,0.0,0,0,0,0,0,0,1,0
TF,OCISE,38.142856,-98.226425,0, ,0.0,0.0,0.0,0.0,2,3400,0,0,0,0,1,0

APPTR,R35,35,OCISE
IF,OCISE,38.142856,-98.226425, ,0.0,0.0,3,6000,0,0,0,0,1,0
HF,OCISE,38.142856,-98.226425,2, ,0.0,0.0,354.0,04,2,3400,0,0,0,0,0,0,0

FINAL,R35,35,R,4
IF,OCISE,38.142856,-98.226425, ,0.0,0.0,2,3400,0,0,0,0,0,0
TF,EBAXY,38.251303,-98.227597,0, ,0.0,0.0,354.0,6.5,2,3300,0,0,0,0,2,0
TF,SIRGE,38.304181,-98.228169,0, ,0.0,0.0,354.0,3.2,2,2280,0,0,0,0,0,0
TF,RW35,38.334211,-98.228497,0, ,0.0,0.0,354.0,1.8,1,1717,0,0,0,0,3,1
CA,0,354.0,2,2016,0,0,0,0,0,0
DF,PAPDY,38.536622,-98.230703,0, ,0.0,0.0,2,3400,0,0,0,0,0,1
HM,PAPDY,38.536622,-98.230703,2, ,0.0,0.0,174.0,04,0,0,0,0,0,0,0,0,0

APPTR,V17-A,17,EXPEL
IF,EXPEL,38.383736,-98.266017, ,0.0,0.0,0,0,0,0,0,0,0,0
TF,FOSIL,38.273308,-98.170836,0, ,0.0,0.0,0.0,0.0,2,3400,0,0,0,0,0,0
HF,FOSIL,38.273308,-98.170836,2, ,0.0,0.0,322.0,04.3,2,3300,0,0,0,0,1,0,0

APPTR,V17-A,17,HUT
IF,HUT,37.996919,-97.934153, ,0.0,0.0,0,0,0,0,0,0,1,0
TF,ZEGNI,38.176642,-98.087800,0, ,0.0,0.0,0.0,0.0,2,3300,0,0,0,0,1,0

FINAL,V17-A,17,D,3
IF,ZEGNI,38.176642,-98.087800, ,0.0,0.0,2,3300,0,0,0,0,0,0
CF,FOSIL,38.273308,-98.170836,0,HUT,322.0,20.0,322.0,7.0,2,3300,0,0,0,0,2,0
CF,NUYXE,38.336239,-98.224739,0,HUT,322.0,24.6,322.0,4.6,1,2400,0,0,0,0,3,0
CF,EXPEL,38.383736,-98.266017,0,HUT,322.0,28.0,322.0,3.5,2,3400,0,0,0,0,0,0
HM,EXPEL,38.383736,-98.266017,2, ,0.0,0.0,142.0,04.3,0,0,0,0,0,0,0,0,0

APPTR,V35-A,35,EXPEL
IF,EXPEL,38.383736,-98.266017, ,0.0,0.0,0,0,0,0,0,0,0,0
TF,FOSIL,38.273308,-98.170836,0, ,0.0,0.0,0.0,0.0,2,3400,0,0,0,0,0,0
HF,FOSIL,38.273308,-98.170836,2, ,0.0,0.0,322.0,04.3,2,3300,0,0,0,0,1,0,0

APPTR,V35-A,35,HUT
IF,HUT,37.996919,-97.934153, ,0.0,0.0,0,0,0,0,0,0,1,0
TF,ZEGNI,38.176642,-98.087800,0, ,0.0,0.0,0.0,0.0,2,3300,0,0,0,0,1,0

FINAL,V35-A,35,D,3
IF,ZEGNI,38.176642,-98.087800, ,0.0,0.0,2,3300,0,0,0,0,0,0
CF,FOSIL,38.273308,-98.170836,0,HUT,322.0,20.0,322.0,7.0,2,3300,0,0,0,0,2,0
CF,NUYXE,38.336239,-98.224739,0,HUT,322.0,24.6,322.0,4.6,1,2400,0,0,0,0,3,0
CF,EXPEL,38.383736,-98.266017,0,HUT,322.0,28.0,322.0,3.5,2,3400,0,0,0,0,0,0
HM,EXPEL,38.383736,-98.266017,2, ,0.0,0.0,142.0,04.3,0,0,0,0,0,0,0,0,0

