APPTR,D04,04,TXK
IF,TXK,33.513883,-94.073239, ,0.0,0.0,0,0,0,0,0,0,0,0
TF,IZANO,33.621553,-93.858256,0, ,0.0,0.0,0.0,0.0,2,3000,0,0,0,0,0,0
HF,IZANO,33.621553,-93.858256,2, ,0.0,0.0,52.0,04.3,2,3000,0,0,0,0,1,0,0

FINAL,D04,04,D,4
IF,IZANO,33.621553,-93.858256,TXK,52.1,12.6,2,3000,0,0,0,0,0,0
CF,NUPKE,33.673739,-93.753564,0,TXK,52.1,18.7,52.0,6.1,2,2000,0,0,0,0,2,0
CF,WEBIS,33.701089,-93.698586,0,TXK,52.1,21.9,52.0,3.2,2,980,0,0,0,0,0,0
CF,PACTS,33.717203,-93.666769,0,TXK,52.0,23.7,52.0,1.9,1,387,0,0,0,0,3,0
CF,ZELEB,33.819653,-93.466394,0,TXK,51.8,35.5,52.0,11.8,2,2000,0,0,0,0,0,0
HM,ZELEB,33.819653,-93.466394,2, ,0.0,0.0,232.0,04.3,0,0,0,0,0,0,0,0,0

APPTR,R04,04,STUNT
HF,STUNT,33.591281,-93.831242,2, ,0.0,0.0,45.0,04,2,3000,0,0,0,0,1,0,0

FINAL,R04,04,R,4
IF,STUNT,33.591281,-93.831242, ,0.0,0.0,2,3000,0,0,0,0,0,0
TF,POBOY,33.659981,-93.741353,0, ,0.0,0.0,45.0,6.1,2,2000,0,0,0,0,2,0
TF,KOLTR,33.697853,-93.691706,0, ,0.0,0.0,45.0,3.4,2,920,0,0,0,0,0,0
TF,RW04,33.716978,-93.666608,0, ,0.0,0.0,45.0,1.7,1,387,0,0,0,0,3,1
CA,0,45.0,2,759,0,0,0,0,0,0
DF,AZLON,33.849175,-93.492647,0, ,0.0,0.0,2,3000,0,0,0,0,0,1
HM,AZLON,33.849175,-93.492647,2, ,0.0,0.0,225.0,04,0,0,0,0,0,0,0,0,0

APPTR,R16,16,ODYIY
HF,ODYIY,33.939556,-93.713225,2, ,0.0,0.0,164.0,04,2,3400,0,0,0,0,1,0,0

APPTR,R16,16,PAWEJ
IF,PAWEJ,33.921406,-93.810981, ,0.0,0.0,2,3400,0,0,0,0,1,0
TF,ODYIY,33.939556,-93.713225,0, ,0.0,0.0,0.0,0.0,2,3400,0,0,0,0,1,0

APPTR,R16,16,VOJIB
IF,VOJIB,33.957614,-93.615422, ,0.0,0.0,2,3400,0,0,0,0,1,0
TF,ODYIY,33.939556,-93.713225,0, ,0.0,0.0,0.0,0.0,2,3400,0,0,0,0,1,0

FINAL,R16,16,R,3
IF,ODYIY,33.939556,-93.713225, ,0.0,0.0,2,3400,0,0,0,0,0,0
TF,INNUP,33.824808,-93.682664,0, ,0.0,0.0,164.0,7.0,2,2300,0,0,0,0,2,0
TF,RW16,33.727653,-93.656864,0, ,0.0,0.0,164.0,6.0,1,409,0,0,0,0,3,0
CA,0,164.0,2,759,0,0,0,0,0,0
DF,AGEGE,33.549797,-93.609772,0, ,0.0,0.0,2,2000,0,0,0,0,0,0
HM,AGEGE,33.549797,-93.609772,2, ,0.0,0.0,345.0,04,0,0,0,0,0,0,0,0,0

APPTR,R22,22,AZLON
HF,AZLON,33.849175,-93.492647,2, ,0.0,0.0,225.0,04,2,3000,0,0,0,0,1,0,0

FINAL,R22,22,R,4
IF,AZLON,33.849175,-93.492647, ,0.0,0.0,2,3000,0,0,0,0,0,0
TF,CLICK,33.780647,-93.582919,0, ,0.0,0.0,225.0,6.1,2,2000,0,0,0,0,2,0
TF,JEDSI,33.746436,-93.627900,0, ,0.0,0.0,225.0,3.0,2,1020,0,0,0,0,0,0
TF,RW22,33.723944,-93.657444,0, ,0.0,0.0,225.0,2.0,1,394,0,0,0,0,3,1
CA,0,225.0,2,759,0,0,0,0,0,0
DF,STUNT,33.591281,-93.831242,0, ,0.0,0.0,2,3000,0,0,0,0,0,1
HM,STUNT,33.591281,-93.831242,2, ,0.0,0.0,45.0,04,0,0,0,0,0,0,0,0,0

