APPTR,R01,01,BNA
IF,BNA,36.136961,-86.684772, ,0.0,0.0,0,0,0,0,0,0,0,0
TF,OYOTU,36.007344,-86.445792,0, ,0.0,0.0,0.0,0.0,2,3000,0,0,0,0,1,0
TF,JOGUB,35.997869,-86.343750,0, ,0.0,0.0,0.0,0.0,2,3000,0,0,0,0,0,0
TF,WEPKA,36.049272,-86.336478,0, ,0.0,0.0,0.0,0.0,2,2700,0,0,0,0,0,0

APPTR,R01,01,HARME
IF,HARME,36.329286,-86.042511, ,0.0,0.0,0,0,0,0,0,0,0,0
TF,UROGE,35.988306,-86.241733,0, ,0.0,0.0,0.0,0.0,2,3000,0,0,0,0,1,0
TF,JOGUB,35.997869,-86.343750,0, ,0.0,0.0,0.0,0.0,2,3000,0,0,0,0,0,0
TF,WEPKA,36.049272,-86.336478,0, ,0.0,0.0,0.0,0.0,2,2700,0,0,0,0,0,0

APPTR,R01,01,JOGUB
HF,JOGUB,35.997869,-86.343750,2, ,0.0,0.0,9.0,04,2,3000,0,0,0,0,1,0,0
TF,WEPKA,36.049272,-86.336478,0, ,0.0,0.0,0.0,0.0,2,2700,0,0,0,0,0,0

FINAL,R01,01,R,4
IF,WEPKA,36.049272,-86.336478, ,0.0,0.0,2,2700,0,0,0,0,0,0
TF,KOGCE,36.099053,-86.329425,0, ,0.0,0.0,9.0,3.0,2,2300,0,0,0,0,2,0
TF,PIDUE,36.134997,-86.324328,0, ,0.0,0.0,9.0,2.2,2,1580,0,0,0,0,0,0
TF,RW01,36.184739,-86.317264,0, ,0.0,0.0,9.0,3.0,1,631,0,0,0,0,3,1
DF,LATGE,36.384456,-86.288903,0, ,0.0,0.0,2,3000,0,0,0,0,0,1
HM,LATGE,36.384456,-86.288903,1, ,0.0,0.0,189.0,04,0,0,0,0,0,0,0,0,0

APPTR,R19,19,BNA
IF,BNA,36.136961,-86.684772, ,0.0,0.0,0,0,0,0,0,0,0,0
TF,TAVUY,36.393958,-86.391442,0, ,0.0,0.0,0.0,0.0,2,3000,0,0,0,0,1,0
TF,LATGE,36.384456,-86.288903,0, ,0.0,0.0,0.0,0.0,2,3000,0,0,0,0,1,0

APPTR,R19,19,HARME
IF,HARME,36.329286,-86.042511, ,0.0,0.0,0,0,0,0,0,0,0,0
TF,CIVUX,36.374864,-86.186389,0, ,0.0,0.0,0.0,0.0,2,3000,0,0,0,0,1,0
TF,LATGE,36.384456,-86.288903,0, ,0.0,0.0,0.0,0.0,2,3000,0,0,0,0,1,0

APPTR,R19,19,LATGE
HF,LATGE,36.384456,-86.288903,1, ,0.0,0.0,189.0,04,2,3000,0,0,0,0,1,0,0

FINAL,R19,19,R,3
IF,LATGE,36.384456,-86.288903, ,0.0,0.0,2,3000,0,0,0,0,0,0
TF,DATMY,36.283267,-86.303289,0, ,0.0,0.0,189.0,6.1,2,2300,0,0,0,0,2,0
TF,RW19,36.195931,-86.315675,0, ,0.0,0.0,189.0,5.3,1,598,0,0,0,0,3,1
DF,JOGUB,35.997869,-86.343750,0, ,0.0,0.0,2,3000,0,0,0,0,0,1
HM,JOGUB,35.997869,-86.343750,2, ,0.0,0.0,9.0,04,0,0,0,0,0,0,0,0,0

