APPTR,R22,22,JODGA
IF,JODGA,34.405642,-92.536900, ,0.0,0.0,0,0,0,0,0,0,1,0
TF,WOTDO,34.467744,-92.604225,0, ,0.0,0.0,0.0,0.0,2,2500,0,0,0,0,1,0

APPTR,R22,22,TAYUV
IF,TAYUV,34.563200,-92.707983, ,0.0,0.0,0,0,0,0,0,0,1,0
TF,WOTDO,34.467744,-92.604225,0, ,0.0,0.0,0.0,0.0,2,2500,0,0,0,0,1,0

APPTR,R22,22,WOTDO
HF,WOTDO,34.467744,-92.604225,2, ,0.0,0.0,228.0,05,2,2500,0,0,0,0,1,0,0

FINAL,R22,22,R,3
IF,WOTDO,34.467744,-92.604225, ,0.0,0.0,2,2500,0,0,0,0,0,0
TF,AHEWY,34.390231,-92.708200,0, ,0.0,0.0,228.0,6.9,2,1900,0,0,0,0,2,0
TF,RW22,34.335961,-92.759025,0, ,0.0,0.0,218.0,4.1,1,573,0,0,0,0,3,1
CA,0,218.0,2,938,0,0,0,0,0,0
DF,WOTDO,34.467744,-92.604225,1, ,0.0,0.0,2,2500,0,0,0,0,0,1
HM,WOTDO,34.467744,-92.604225,2, ,0.0,0.0,228.0,05,0,0,0,0,0,0,0,0,0

