APPTR,R15,15,UMEMY
HF,UMEMY,36.622461,-90.031922,2, ,0.0,0.0,152.0,04,2,2400,0,0,0,0,1,0,0

FINAL,R15,15,R,3
IF,UMEMY,36.622461,-90.031922, ,0.0,0.0,2,2400,0,0,0,0,0,0
TF,WUTIV,36.521386,-89.959392,0, ,0.0,0.0,152.0,7.0,2,1900,0,0,0,0,2,0
TF,RW15,36.449103,-89.907658,0, ,0.0,0.0,152.0,5.0,1,307,0,0,0,0,3,1
CA,0,152.0,2,669,0,0,0,0,0,0
DF,ZOXUM,36.264881,-89.776342,0, ,0.0,0.0,2,2400,0,0,0,0,0,1
HM,ZOXUM,36.264881,-89.776342,2, ,0.0,0.0,332.0,04,0,0,0,0,0,0,0,0,0

APPTR,R33,33,ZOXUM
HF,ZOXUM,36.264881,-89.776342,2, ,0.0,0.0,332.0,04,2,2400,0,0,0,0,1,0,0

FINAL,R33,33,R,4
IF,ZOXUM,36.264881,-89.776342, ,0.0,0.0,2,2400,0,0,0,0,0,0
TF,WEPKI,36.366169,-89.848450,0, ,0.0,0.0,332.0,7.0,2,1900,0,0,0,0,2,0
TF,ZESBO,36.409483,-89.879353,0, ,0.0,0.0,332.0,3.0,2,940,0,0,0,0,0,0
TF,RW33,36.438392,-89.900000,0, ,0.0,0.0,332.0,2.0,1,309,0,0,0,0,3,1
CA,0,332.0,2,669,0,0,0,0,0,0
DF,UMEMY,36.622461,-90.031922,0, ,0.0,0.0,2,2400,0,0,0,0,0,1
HM,UMEMY,36.622461,-90.031922,2, ,0.0,0.0,152.0,04,0,0,0,0,0,0,0,0,0

