APPTR,R12,12,BLEAR
IF,BLEAR,36.821322,-120.180189, ,0.0,0.0,0,0,0,0,0,0,0,0
TF,RUGUE,37.043581,-120.387342,0, ,0.0,0.0,0.0,0.0,2,2000,0,0,0,0,1,0
TF,IDAYI,37.125822,-120.283794,0, ,0.0,0.0,0.0,0.0,2,2000,0,0,0,0,1,0

APPTR,R12,12,EBTUW
IF,EBTUW,37.323131,-120.247553, ,0.0,0.0,0,0,0,0,0,0,0,0
TF,COPPY,37.209806,-120.182342,0, ,0.0,0.0,0.0,0.0,2,2000,0,0,0,0,1,0
TF,IDAYI,37.125822,-120.283794,0, ,0.0,0.0,0.0,0.0,2,2000,0,0,0,0,1,0

FINAL,R12,12,R,4
IF,IDAYI,37.125822,-120.283794, ,0.0,0.0,2,2000,0,0,0,0,0,0
TF,FOSAB,37.053831,-120.193811,0, ,0.0,0.0,122.0,6.1,2,1900,0,0,0,0,2,0
TF,CIVSI,37.023494,-120.155942,0, ,0.0,0.0,122.0,2.6,2,1080,0,0,0,0,0,0
TF,RW12,36.993986,-120.119158,0, ,0.0,0.0,122.0,2.5,1,285,0,0,0,0,3,1
CA,0,122.0,2,800,0,0,0,0,0,0
DF,KITBY,36.768706,-120.044650,0, ,0.0,0.0,2,2000,0,0,0,0,0,1
HM,KITBY,36.768706,-120.044650,2, ,0.0,0.0,119.0,04,0,0,0,0,0,0,0,0,0

APPTR,R30,30,BLEAR
IF,BLEAR,36.821322,-120.180189, ,0.0,0.0,0,0,0,0,0,0,0,0
TF,KITBY,36.768706,-120.044650,0, ,0.0,0.0,0.0,0.0,2,2000,0,0,0,0,1,0
TF,GEVRY,36.851353,-119.941975,0, ,0.0,0.0,0.0,0.0,2,2000,0,0,0,0,1,0

APPTR,R30,30,NIVEE
IF,NIVEE,37.035722,-119.738297, ,0.0,0.0,0,0,0,0,0,0,0,0
TF,JENYE,36.931381,-119.837489,0, ,0.0,0.0,0.0,0.0,2,3500,0,0,0,0,1,0
TF,GEVRY,36.851353,-119.941975,0, ,0.0,0.0,0.0,0.0,2,2000,0,0,0,0,1,0

FINAL,R30,30,R,4
IF,GEVRY,36.851353,-119.941975, ,0.0,0.0,2,2000,0,0,0,0,0,0
TF,HATXI,36.923506,-120.031467,0, ,0.0,0.0,302.0,6.1,2,1900,0,0,0,0,2,0
TF,KNOSP,36.961958,-120.079286,0, ,0.0,0.0,302.0,3.3,2,860,0,0,0,0,0,0
TF,RW30,36.983214,-120.105742,0, ,0.0,0.0,302.0,1.8,1,290,0,0,0,0,3,1
CA,0,302.0,2,800,0,0,0,0,0,0
DF,KITBY,36.768706,-120.044650,1, ,0.0,0.0,2,2000,0,0,0,0,0,1
HM,KITBY,36.768706,-120.044650,2, ,0.0,0.0,119.0,04,0,0,0,0,0,0,0,0,0

