FINAL,I28,28,I,3
IF,JANUP,44.267492,-85.975761,IMBL,97.4,12.2,2,2800,0,0,0,0,0,0
CF,JEPOT,44.270769,-86.142864,0,IMBL,97.4,5.0,277.0,7.2,1,1921,0,0,0,0,2,0
CF,RW28,44.272444,-86.233839,0,IMBL,97.4,1.1,277.0,3.9,1,671,0,0,0,0,3,0
CA,0,277.0,2,2000,0,0,0,0,0,0
DF,JEPOT,44.270769,-86.142864,2, ,0.0,0.0,2,2500,0,0,0,0,0,0
HM,JEPOT,44.270769,-86.142864,2, ,0.0,0.0,277.0,04.3,0,0,0,0,0,0,0,0,0

APPTR,R10,10,GOSDE
HF,GOSDE,44.276811,-86.490789,2, ,0.0,0.0,97.0,04,2,2500,0,0,0,0,1,0,0

APPTR,R10,10,YULNU
IF,YULNU,44.078342,-86.860883, ,0.0,0.0,0,0,0,0,0,0,1,0
TF,GOSDE,44.276811,-86.490789,0, ,0.0,0.0,0.0,0.0,2,2500,0,0,0,0,1,0

FINAL,R10,10,R,3
IF,GOSDE,44.276811,-86.490789, ,0.0,0.0,2,2500,0,0,0,0,0,0
TF,IMATE,44.274517,-86.351636,0, ,0.0,0.0,97.0,6.0,2,2000,0,0,0,0,2,0
TF,RW10,44.272822,-86.254833,0, ,0.0,0.0,97.0,4.2,1,671,0,0,0,0,3,1
CA,0,97.0,2,890,0,0,0,0,0,0
DF,HALGI,44.267936,-85.997978,0, ,0.0,0.0,2,3000,0,0,0,0,0,1
HM,HALGI,44.267936,-85.997978,2, ,0.0,0.0,278.0,04,0,0,0,0,0,0,0,0,0

APPTR,R28,28,BABBE
IF,BABBE,44.216542,-85.619350, ,0.0,0.0,0,0,0,0,0,0,1,0
TF,HALGI,44.267936,-85.997978,0, ,0.0,0.0,0.0,0.0,2,3000,0,0,0,0,1,0

APPTR,R28,28,HALGI
HF,HALGI,44.267936,-85.997978,2, ,0.0,0.0,278.0,04,2,3000,0,0,0,0,1,0,0

FINAL,R28,28,R,4
IF,HALGI,44.267936,-85.997978, ,0.0,0.0,2,3000,0,0,0,0,0,0
TF,HASIG,44.270656,-86.137100,0, ,0.0,0.0,278.0,6.0,2,2000,0,0,0,0,2,0
TF,CUPSA,44.271683,-86.192097,0, ,0.0,0.0,278.0,2.4,2,1240,0,0,0,0,0,0
TF,RW28,44.272444,-86.233839,0, ,0.0,0.0,278.0,1.8,1,671,0,0,0,0,3,1
CA,0,278.0,2,821,0,0,0,0,0,0
DF,GOSDE,44.276811,-86.490789,0, ,0.0,0.0,2,2500,0,0,0,0,0,1
HM,GOSDE,44.276811,-86.490789,2, ,0.0,0.0,97.0,04,0,0,0,0,0,0,0,0,0

