APPTR,R18,18,ITZEB
IF,ITZEB,36.075347,-86.223047, ,0.0,0.0,0,0,0,0,0,0,1,0
TF,UZFUR,36.080439,-86.366836,0, ,0.0,0.0,0.0,0.0,2,3000,0,0,0,0,1,0

APPTR,R18,18,LOXTY
IF,LOXTY,36.085358,-86.510642, ,0.0,0.0,0,0,0,0,0,0,1,0
TF,UZFUR,36.080439,-86.366836,0, ,0.0,0.0,0.0,0.0,2,3000,0,0,0,0,1,0

APPTR,R18,18,UZFUR
HF,UZFUR,36.080439,-86.366836,2, ,0.0,0.0,184.0,04,2,3000,0,0,0,0,1,0,0

FINAL,R18,18,R,4
IF,UZFUR,36.080439,-86.366836, ,0.0,0.0,2,3000,0,0,0,0,0,0
TF,ESKOC,35.982578,-86.371997,0, ,0.0,0.0,184.0,5.9,2,2500,0,0,0,0,2,0
TF,AHINO,35.936875,-86.374408,0, ,0.0,0.0,184.0,2.7,2,1620,0,0,0,0,0,0
TF,RW18,35.885169,-86.377122,0, ,0.0,0.0,184.0,3.1,1,638,0,0,0,0,3,1
CA,0,184.0,2,859,0,0,0,0,0,0
DF,URACE,35.675392,-86.388136,0, ,0.0,0.0,2,3000,0,0,0,0,0,1
HM,URACE,35.675392,-86.388136,2, ,0.0,0.0,4.0,04,0,0,0,0,0,0,0,0,0

APPTR,R36,36,URACE
HF,URACE,35.675392,-86.388136,2, ,0.0,0.0,4.0,04,2,3000,0,0,0,0,1,0,0

FINAL,R36,36,R,3
IF,URACE,35.675392,-86.388136, ,0.0,0.0,2,3000,0,0,0,0,0,0
TF,ESSUN,35.795886,-86.381858,0, ,0.0,0.0,4.0,7.2,2,2500,0,0,0,0,2,0
TF,RW36,35.872958,-86.377769,0, ,0.0,0.0,4.0,4.6,1,659,0,0,0,0,3,1
CA,0,4.0,2,941,0,0,0,0,0,0
DF,UZFUR,36.080439,-86.366836,0, ,0.0,0.0,2,3000,0,0,0,0,0,1
HM,UZFUR,36.080439,-86.366836,2, ,0.0,0.0,184.0,04,0,0,0,0,0,0,0,0,0

