APPTR,R36,36,MAD
IF,MAD,41.313861,-72.692203, ,0.0,0.0,0,0,0,0,0,0,1,0
TF,DIKIE,41.363733,-72.765725,0, ,0.0,0.0,0.0,0.0,2,2000,0,0,0,0,1,0

APPTR,R36,36,YODEL
IF,YODEL,41.390381,-72.658478, ,0.0,0.0,0,0,0,0,0,0,1,0
TF,DIKIE,41.363733,-72.765725,0, ,0.0,0.0,0.0,0.0,2,2000,0,0,0,0,1,0

FINAL,R36,36,R,4
IF,DIKIE,41.363733,-72.765725, ,0.0,0.0,2,2000,0,0,0,0,0,0
TF,NESSA,41.427061,-72.793536,0, ,0.0,0.0,356.0,4.0,2,1700,0,0,0,0,2,0
TF,JANOL,41.463519,-72.809575,0, ,0.0,0.0,356.0,2.3,2,960,0,0,0,0,0,0
TF,RW36,41.504678,-72.827700,0, ,0.0,0.0,356.0,2.6,1,139,0,0,0,0,3,1
CA,0,356.0,2,800,0,0,0,0,0,0
DF,WEGOT,41.540383,-72.592275,2, ,0.0,0.0,2,2500,0,0,0,0,0,1
HM,WEGOT,41.540383,-72.592275,1, ,0.0,0.0,212.0,04,0,0,0,0,0,0,0,0,0

APPTR,S36,36,ACELA
HF,ACELA,41.438858,-72.780853,1, ,0.0,0.0,345.0,04.3,2,2100,0,0,0,0,1,0,0

APPTR,S36,36,MAD
IF,MAD,41.313861,-72.692203, ,0.0,0.0,0,0,0,0,0,0,1,0
TF,ACELA,41.438858,-72.780853,0, ,0.0,0.0,0.0,0.0,2,1800,0,0,0,0,0,0

FINAL,S36,36,D,3
IF,ACELA,41.438858,-72.780853,MAD,344.9,8.5,2,1800,0,0,0,0,2,0
CF,JUMGO,41.468136,-72.801669,0,MAD,344.9,10.5,345.0,2.0,2,1060,0,0,0,0,0,0
CF,RW36,41.504678,-72.827700,0,MAD,344.9,13.0,345.0,2.5,1,137,0,0,0,0,3,0
CA,0,345.0,2,510,0,0,0,0,0,0
CF,MIDDL,41.547217,-72.747172,2,HFD,251.0,10.6,71.0,4.0,2,2700,0,0,0,0,0,0
HM,MIDDL,41.547217,-72.747172,1, ,0.0,0.0,71.0,04.3,2,2700,0,0,0,0,0,0,0

