APPTR,R05,05,AUBRY
IF,AUBRY,35.864200,-83.591058, ,0.0,0.0,0,0,0,0,0,0,1,0
TF,YURSU,36.042756,-83.571675,0, ,0.0,0.0,0.0,0.0,2,4200,0,0,0,0,1,0

APPTR,R05,05,TAMPI
IF,TAMPI,36.246167,-83.391003, ,0.0,0.0,0,0,0,0,0,0,0,0
TF,YURSU,36.042756,-83.571675,0, ,0.0,0.0,0.0,0.0,2,4200,0,0,0,0,0,1
HF,YURSU,36.042756,-83.571675,2, ,0.0,0.0,53.0,05,2,4200,0,0,0,0,1,0,0

FINAL,R05,05,R,3
IF,YURSU,36.042756,-83.571675, ,0.0,0.0,2,4200,0,0,0,0,0,0
TF,SIQCU,36.111231,-83.473467,0, ,0.0,0.0,53.0,6.3,2,3200,0,0,0,0,2,0
TF,RW05,36.174275,-83.382808,0, ,0.0,0.0,53.0,5.8,1,1352,0,0,0,0,3,1
CA,0,53.0,2,2000,0,0,0,0,0,0
DF,YURSU,36.042756,-83.571675,2, ,0.0,0.0,2,4200,0,0,0,0,0,1
HM,YURSU,36.042756,-83.571675,2, ,0.0,0.0,53.0,05,0,0,0,0,0,0,0,0,0

APPTR,R23,23,FARLI
IF,FARLI,36.468953,-83.058114, ,0.0,0.0,0,0,0,0,0,0,1,0
TF,NIBGE,36.316983,-83.176661,0, ,0.0,0.0,0.0,0.0,2,4300,0,0,0,0,1,0

APPTR,R23,23,OTWAY
IF,OTWAY,36.217517,-82.871072, ,0.0,0.0,0,0,0,0,0,0,1,0
TF,NIBGE,36.316983,-83.176661,0, ,0.0,0.0,0.0,0.0,2,4300,0,0,0,0,1,0

APPTR,R23,23,TAMPI
IF,TAMPI,36.246167,-83.391003, ,0.0,0.0,0,0,0,0,0,0,0,0
TF,NIBGE,36.316983,-83.176661,0, ,0.0,0.0,0.0,0.0,2,4300,0,0,0,0,0,1
HF,NIBGE,36.316983,-83.176661,2, ,0.0,0.0,234.0,05,2,4300,0,0,0,0,1,0,0

APPTR,R23,23,WHINS
IF,WHINS,36.094594,-83.277944, ,0.0,0.0,0,0,0,0,0,0,0,0
TF,NIBGE,36.316983,-83.176661,0, ,0.0,0.0,0.0,0.0,2,4300,0,0,0,0,0,1
HF,NIBGE,36.316983,-83.176661,2, ,0.0,0.0,234.0,05,2,4300,0,0,0,0,1,0,0

FINAL,R23,23,R,3
IF,NIBGE,36.316983,-83.176661, ,0.0,0.0,2,4300,0,0,0,0,0,0
TF,WINRI,36.248686,-83.275475,0, ,0.0,0.0,234.0,6.3,2,3200,0,0,0,0,2,0
TF,RW23,36.184489,-83.368094,0, ,0.0,0.0,233.0,5.9,1,1315,0,0,0,0,3,1
CA,0,233.0,2,1571,0,0,0,0,0,0
DF,SIQCU,36.111231,-83.473467,0, ,0.0,0.0,0,0,0,0,0,0,0,0
TF,MALIN,36.221561,-83.762278,0, ,0.0,0.0,0.0,0.0,2,5000,0,0,0,0,0,1
HM,MALIN,36.221561,-83.762278,2, ,0.0,0.0,270.0,05,0,0,0,0,0,0,0,0,0

