APPTR,R05,05,ALGTR
IF,ALGTR,35.933353,-76.065986, ,0.0,0.0,0,0,0,0,0,0,1,0
TF,ROWZO,35.790067,-75.819667,0, ,0.0,0.0,0.0,0.0,2,1500,0,0,0,0,1,0

FINAL,R05,05,R,3
IF,ROWZO,35.790067,-75.819667, ,0.0,0.0,2,1500,0,0,0,0,0,0
TF,OZUBE,35.875569,-75.737650,0, ,0.0,0.0,47.0,6.5,2,1000,0,0,0,0,2,0
TF,RW05,35.914619,-75.700119,0, ,0.0,0.0,47.0,3.0,1,54,0,0,0,0,3,1
CA,0,47.0,2,500,0,0,0,0,0,0
DF,ALGTR,35.933353,-76.065986,1, ,0.0,0.0,2,3000,0,0,0,0,0,1
HM,ALGTR,35.933353,-76.065986,2, ,0.0,0.0,281.0,04,0,0,0,0,0,0,0,0,0

APPTR,R17,17,ALGTR
IF,ALGTR,35.933353,-76.065986, ,0.0,0.0,0,0,0,0,0,0,0,0
TF,EARNY,36.101494,-75.785167,0, ,0.0,0.0,0.0,0.0,2,2200,0,0,0,0,0,1
HF,EARNY,36.101494,-75.785167,2, ,0.0,0.0,167.0,04,2,2200,0,0,0,0,1,0,0

APPTR,R17,17,OCSIP
IF,OCSIP,36.137486,-76.004292, ,0.0,0.0,0,0,0,0,0,0,1,0
TF,EARNY,36.101494,-75.785167,0, ,0.0,0.0,0.0,0.0,2,2200,0,0,0,0,1,0

FINAL,R17,17,R,3
IF,EARNY,36.101494,-75.785167, ,0.0,0.0,2,2200,0,0,0,0,0,0
TF,IWOSE,35.997875,-75.733542,0, ,0.0,0.0,167.0,6.7,2,1600,0,0,0,0,2,0
TF,RW17,35.922928,-75.696294,0, ,0.0,0.0,167.0,4.8,1,53,0,0,0,0,3,1
CA,0,167.0,2,413,0,0,0,0,0,0
DF,EARNY,36.101494,-75.785167,1, ,0.0,0.0,2,2200,0,0,0,0,0,1
HM,EARNY,36.101494,-75.785167,2, ,0.0,0.0,167.0,04,0,0,0,0,0,0,0,0,0

APPTR,R23,23,NORTN
IF,NORTN,36.046069,-75.874464, ,0.0,0.0,0,0,0,0,0,0,0,0
TF,JUMIT,36.177175,-75.708153,0, ,0.0,0.0,0.0,0.0,2,2200,0,0,0,0,1,0
TF,TALOW,36.074231,-75.546217,0, ,0.0,0.0,0.0,0.0,2,2200,0,0,0,0,1,0

APPTR,R23,23,TALOW
HF,TALOW,36.074231,-75.546217,2, ,0.0,0.0,227.0,04,2,2200,0,0,0,0,1,0,0

FINAL,R23,23,R,3
IF,TALOW,36.074231,-75.546217, ,0.0,0.0,2,2200,0,0,0,0,0,0
TF,BLEEK,35.986283,-75.631117,0, ,0.0,0.0,227.0,6.7,2,1600,0,0,0,0,2,0
TF,RW23,35.922622,-75.692419,0, ,0.0,0.0,227.0,4.8,1,57,0,0,0,0,3,1
CA,0,227.0,2,600,0,0,0,0,0,0
DF,NORTN,36.046069,-75.874464,2, ,0.0,0.0,2,4000,0,0,0,0,0,1
HM,NORTN,36.046069,-75.874464,2, ,0.0,0.0,319.0,04,2,4000,0,0,0,0,0,0,0

