APPTR,R03,03,NIYIB
IF,NIYIB,31.746350,-82.811917, ,0.0,0.0,0,0,0,0,0,0,0,0
TF,ZEXUB,31.872286,-82.883956,0, ,0.0,0.0,0.0,0.0,2,3000,0,0,0,0,1,0
TF,JOKVU,31.904681,-82.974169,0, ,0.0,0.0,0.0,0.0,2,3000,0,0,0,0,1,0

APPTR,R03,03,SEYBO
IF,SEYBO,31.956761,-83.119181, ,0.0,0.0,0,0,0,0,0,0,1,0
TF,JOKVU,31.904681,-82.974169,0, ,0.0,0.0,0.0,0.0,2,3000,0,0,0,0,1,0

FINAL,R03,03,R,3
IF,JOKVU,31.904681,-82.974169, ,0.0,0.0,2,3000,0,0,0,0,0,0
TF,KOGPE,32.011339,-82.921669,0, ,0.0,0.0,26.0,6.9,2,1900,0,0,0,0,2,0
TF,RW03,32.090661,-82.882539,0, ,0.0,0.0,26.0,5.2,1,236,0,0,0,0,3,1
DF,OTUVE,32.185467,-82.835722,0, ,0.0,0.0,0,0,0,0,0,0,0,0
TF,IYONU,32.289222,-82.743278,0, ,0.0,0.0,0.0,0.0,2,3000,0,0,0,0,0,1
HM,IYONU,32.289222,-82.743278,2, ,0.0,0.0,168.0,04,0,0,0,0,0,0,0,0,0

APPTR,R21,21,CENVA
IF,CENVA,32.008944,-83.195686, ,0.0,0.0,0,0,0,0,0,0,0,0
TF,FINAN,32.280853,-82.788517,0, ,0.0,0.0,0.0,0.0,2,3000,0,0,0,0,0,1
HF,FINAN,32.280853,-82.788517,2, ,0.0,0.0,206.0,04,2,3000,0,0,0,0,1,0,0

APPTR,R21,21,DBN
IF,DBN,32.563461,-82.830044, ,0.0,0.0,0,0,0,0,0,0,1,0
TF,FINAN,32.280853,-82.788517,0, ,0.0,0.0,0.0,0.0,2,3000,0,0,0,0,1,0

FINAL,R21,21,R,3
IF,FINAN,32.280853,-82.788517, ,0.0,0.0,2,3000,0,0,0,0,0,0
TF,OTUVE,32.185467,-82.835722,0, ,0.0,0.0,206.0,6.2,2,2000,0,0,0,0,2,0
TF,RW21,32.103333,-82.876286,0, ,0.0,0.0,206.0,5.3,1,231,0,0,0,0,3,1
CA,0,206.0,2,603,0,0,0,0,0,0
DF,FINAN,32.280853,-82.788517,2, ,0.0,0.0,2,3000,0,0,0,0,0,1
HM,FINAN,32.280853,-82.788517,2, ,0.0,0.0,206.0,04,0,0,0,0,0,0,0,0,0

