APPTR,R04,04,ZUPOV
HF,ZUPOV,42.725439,-90.415100,2, ,0.0,0.0,40.0,04,2,3500,0,0,0,0,1,0,0

FINAL,R04,04,R,3
IF,ZUPOV,42.725439,-90.415100, ,0.0,0.0,2,3500,0,0,0,0,0,0
TF,JANUN,42.813708,-90.314164,0, ,0.0,0.0,40.0,6.9,2,2900,0,0,0,0,2,0
TF,RW04,42.881564,-90.236306,0, ,0.0,0.0,40.0,5.3,1,1204,0,0,0,0,3,1
CA,0,40.0,2,1418,0,0,0,0,0,0
DF,ZOBIK,43.044694,-90.048217,0, ,0.0,0.0,2,3600,0,0,0,0,0,1
HM,ZOBIK,43.044694,-90.048217,2, ,0.0,0.0,220.0,04,0,0,0,0,0,0,0,0,0

APPTR,R11,11,YIDUC
HF,YIDUC,42.963053,-90.511164,2, ,0.0,0.0,111.0,04,2,3500,0,0,0,0,1,0,0

FINAL,R11,11,R,4
IF,YIDUC,42.963053,-90.511164, ,0.0,0.0,2,3500,0,0,0,0,0,0
TF,JAROS,42.922428,-90.364067,0, ,0.0,0.0,111.0,6.9,2,2900,0,0,0,0,2,0
TF,HIKUW,42.900442,-90.284822,0, ,0.0,0.0,111.0,3.7,2,1700,0,0,0,0,0,0
TF,RW11,42.890419,-90.248769,0, ,0.0,0.0,111.0,1.7,1,1169,0,0,0,0,3,1
CA,0,111.0,2,1402,0,0,0,0,0,0
DF,YECNU,42.812850,-89.971714,0, ,0.0,0.0,2,3600,0,0,0,0,0,1
HM,YECNU,42.812850,-89.971714,2, ,0.0,0.0,291.0,04,0,0,0,0,0,0,0,0,0

APPTR,R22,22,ZOBIK
HF,ZOBIK,43.044694,-90.048217,2, ,0.0,0.0,220.0,04,2,3600,0,0,0,0,1,0,0

FINAL,R22,22,R,4
IF,ZOBIK,43.044694,-90.048217, ,0.0,0.0,2,3600,0,0,0,0,0,0
TF,JADUX,42.956631,-90.149925,0, ,0.0,0.0,220.0,6.9,2,2900,0,0,0,0,2,0
TF,EYDUF,42.912025,-90.201289,0, ,0.0,0.0,220.0,3.5,2,1780,0,0,0,0,0,0
TF,RW22,42.889108,-90.227639,0, ,0.0,0.0,220.0,1.8,1,1211,0,0,0,0,3,1
CA,0,220.0,2,1421,0,0,0,0,0,0
DF,ZUPOV,42.725439,-90.415100,0, ,0.0,0.0,2,3500,0,0,0,0,0,1
HM,ZUPOV,42.725439,-90.415100,2, ,0.0,0.0,40.0,04,0,0,0,0,0,0,0,0,0

APPTR,R29,29,YECNU
HF,YECNU,42.812850,-89.971714,2, ,0.0,0.0,291.0,04,2,3600,0,0,0,0,1,0,0

FINAL,R29,29,R,4
IF,YECNU,42.812850,-89.971714, ,0.0,0.0,2,3600,0,0,0,0,0,0
TF,JALAN,42.854047,-90.118481,0, ,0.0,0.0,291.0,6.9,2,2900,0,0,0,0,2,0
TF,GIVGE,42.874328,-90.191050,0, ,0.0,0.0,291.0,3.4,2,1800,0,0,0,0,0,0
TF,RW29,42.885561,-90.231322,0, ,0.0,0.0,291.0,1.9,1,1204,0,0,0,0,3,1
CA,0,291.0,2,1414,0,0,0,0,0,0
DF,YIDUC,42.963053,-90.511164,0, ,0.0,0.0,2,3500,0,0,0,0,0,1
HM,YIDUC,42.963053,-90.511164,2, ,0.0,0.0,111.0,04,0,0,0,0,0,0,0,0,0

