APPTR,I14,14,MRGGO
IF,MRGGO,39.222292,-121.278661, ,0.0,0.0,0,0,0,0,0,0,0,0
TF,MYV,39.098644,-121.573058,0, ,0.0,0.0,0.0,0.0,2,4300,0,0,0,0,0,0
TF,CULUL,39.176419,-121.614025,0, ,0.0,0.0,0.0,0.0,2,2100,0,0,0,0,0,0
PI,CULUL,39.176419,-121.614025,1,MYV,6.0,10.0,321,5.0,2,2100,0,0,0,0,1,0

APPTR,I14,14,ZUBUD
IF,ZUBUD,39.445919,-121.763472, ,0.0,0.0,0,0,0,0,0,0,1,0
CF,FONTS,39.330581,-121.699361,0,IMYV,320.8,15.9,141.0,7.5,2,2000,0,0,0,0,1,0

FINAL,I14,14,I,3
IF,FONTS,39.330581,-121.699361,IMYV,320.8,15.9,2,2000,0,0,0,0,0,0
CF,CULUL,39.176419,-121.614025,0,IMYV,320.8,5.8,141.0,10.1,1,1600,0,0,0,0,2,0
CF,RW14,39.104911,-121.574589,0,IMYV,320.8,1.2,141.0,4.7,1,114,0,0,0,0,3,0
CA,0,141.0,2,1000,0,0,0,0,0,0
VI,2, ,0.0,308.0,0,0,0,0,0,0,0,0
CF,YUBBA,39.123828,-121.769381,0,MYV,263.4,9.3,263.0,3.4,2,4000,0,0,0,0,0,0
HM,YUBBA,39.123828,-121.769381,2, ,0.0,0.0,263.0,04.3,0,0,0,0,0,0,0,0,0

APPTR,R14,14,GRIDD
IF,GRIDD,39.327414,-121.835417, ,0.0,0.0,0,0,0,0,0,0,0,0
TF,FONTS,39.330581,-121.699361,0, ,0.0,0.0,0.0,0.0,2,3000,0,0,0,0,1,0
TF,UTNAC,39.268128,-121.664736,0, ,0.0,0.0,0.0,0.0,2,2000,0,0,0,0,1,0

FINAL,R14,14,R,3
IF,UTNAC,39.268128,-121.664736, ,0.0,0.0,2,2000,0,0,0,0,0,0
TF,HALOW,39.175542,-121.613544,0, ,0.0,0.0,141.0,6.0,2,1600,0,0,0,0,2,0
TF,RW14,39.104911,-121.574589,0, ,0.0,0.0,141.0,4.6,1,114,0,0,0,0,3,1
DF,TUXUY,39.013378,-121.524225,0, ,0.0,0.0,0,0,0,0,0,0,0,0
TF,RADNE,39.005803,-121.695006,2, ,0.0,0.0,0.0,0.0,0,0,0,0,0,0,0,0
TF,YUBBA,39.123828,-121.769381,0, ,0.0,0.0,0.0,0.0,2,4000,0,0,0,0,0,1
HM,YUBBA,39.123828,-121.769381,2, ,0.0,0.0,330.0,04,0,0,0,0,0,0,0,0,0

APPTR,R32,32,EYPOF
IF,EYPOF,38.867689,-121.686792, ,0.0,0.0,0,0,0,0,0,0,1,0
TF,VUJOR,38.920781,-121.473419,0, ,0.0,0.0,0.0,0.0,2,2000,0,0,0,0,1,0

APPTR,R32,32,HAGAN
IF,HAGAN,38.888100,-121.106494, ,0.0,0.0,0,0,0,0,0,0,0,0
TF,OTRUW,38.956375,-121.324253,0, ,0.0,0.0,0.0,0.0,2,3900,0,0,0,0,1,0
TF,VUJOR,38.920781,-121.473419,0, ,0.0,0.0,0.0,0.0,2,2000,0,0,0,0,1,0

APPTR,R32,32,MRGGO
IF,MRGGO,39.222292,-121.278661, ,0.0,0.0,0,0,0,0,0,0,0,0
TF,OTRUW,38.956375,-121.324253,0, ,0.0,0.0,0.0,0.0,2,4300,0,0,0,0,1,0
TF,VUJOR,38.920781,-121.473419,0, ,0.0,0.0,0.0,0.0,2,2000,0,0,0,0,1,0

FINAL,R32,32,R,3
IF,VUJOR,38.920781,-121.473419, ,0.0,0.0,2,2000,0,0,0,0,0,0
TF,TUXUY,39.013378,-121.524225,0, ,0.0,0.0,321.0,6.0,2,1700,0,0,0,0,2,0
TF,RW32,39.089756,-121.566242,0, ,0.0,0.0,321.0,5.0,1,92,0,0,0,0,3,1
DF,HALOW,39.175542,-121.613544,0, ,0.0,0.0,0,0,0,0,0,0,0,0
TF,GRIDD,39.327414,-121.835417,0, ,0.0,0.0,0.0,0.0,2,4000,0,0,0,0,0,1
HM,GRIDD,39.327414,-121.835417,2, ,0.0,0.0,322.0,04,0,0,0,0,0,0,0,0,0

