APPTR,I23-Y,23,JAZIR
HF,JAZIR,32.626456,-80.565339,2, ,0.0,0.0,227.0,05,1,2400,0,1,230,0,1,0,0

FINAL,I23-Y,23,I,3
IF,JAZIR,32.626456,-80.565339,INBC,46.9,12.8,2,2400,0,0,0,0,0,0
CF,LINOZ,32.551914,-80.644383,0,INBC,46.9,6.8,227.0,6.0,1,1500,0,0,0,0,2,0
CF,RW23,32.495536,-80.704061,0,INBC,46.9,2.2,227.0,4.5,1,56,0,0,0,0,3,0
CA,0,227.0,2,500,0,0,0,0,0,0
CF,BRAYS,32.532092,-80.817642,0,NBC,307.0,6.0,307.0,6.0,2,3000,0,0,0,0,0,0
HM,BRAYS,32.532092,-80.817642,1, ,0.0,0.0,127.0,05,1,3000,0,1,230,0,0,0,0

APPTR,I23-Z,23,JAZIR
HF,JAZIR,32.626456,-80.565339,2, ,0.0,0.0,227.0,05,1,2400,0,1,230,0,1,0,0

FINAL,I23-Z,23,I,3
IF,JAZIR,32.626456,-80.565339,INBC,46.9,12.8,2,2400,0,0,0,0,0,0
CF,LINOZ,32.551914,-80.644383,0,INBC,46.9,6.8,227.0,6.0,1,1500,0,0,0,0,2,0
CF,RW23,32.495536,-80.704061,0,INBC,46.9,2.2,227.0,4.5,1,56,0,0,0,0,3,0
CA,0,227.0,2,500,0,0,0,0,0,0
CF,BRAYS,32.532092,-80.817642,0,NBC,307.0,6.0,307.0,6.0,2,3000,0,0,0,0,0,0
HM,BRAYS,32.532092,-80.817642,1, ,0.0,0.0,127.0,05,1,3000,0,1,230,0,0,0,0

APPTR,R05,05,FULON
IF,FULON,32.540292,-81.079317, ,0.0,0.0,2,5000,0,1,230,0,1,0
TF,FOSSS,32.376136,-80.864917,0, ,0.0,0.0,0.0,0.0,1,2000,0,0,0,0,1,0

FINAL,R05,05,R,3
IF,FOSSS,32.376136,-80.864917, ,0.0,0.0,1,2000,0,1,210,0,0,0
TF,GAYLR,32.422653,-80.781044,0, ,0.0,0.0,62.0,5.1,2,1300,0,0,0,0,2,0
TF,RW05,32.470558,-80.730467,0, ,0.0,0.0,47.0,3.9,1,75,0,0,0,0,3,1
CA,0,47.0,2,237,0,0,0,0,0,0
DF,HOWEL,32.614411,-80.578128,0, ,0.0,0.0,2,3000,0,0,0,0,0,1
HM,HOWEL,32.614411,-80.578128,2, ,0.0,0.0,180.0,04,1,3000,0,0,0,0,0,0,0

APPTR,R14,14,FARRL
HF,FARRL,32.590786,-80.855439,2, ,0.0,0.0,187.0,04,1,2000,0,1,230,0,1,0,0

APPTR,R14,14,KASKE
IF,KASKE,32.726069,-80.724947, ,0.0,0.0,2,4000,0,0,0,0,1,0
TF,FARRL,32.590786,-80.855439,0, ,0.0,0.0,0.0,0.0,1,2000,0,0,0,0,1,0

APPTR,R14,14,SAV
IF,SAV,32.146267,-81.199106, ,0.0,0.0,2,4000,0,0,0,0,0,0
TF,FULON,32.540292,-81.079317,0, ,0.0,0.0,0.0,0.0,2,4000,0,0,0,0,1,0
TF,FARRL,32.590786,-80.855439,0, ,0.0,0.0,0.0,0.0,1,2000,0,0,0,0,1,0

FINAL,R14,14,R,3
IF,FARRL,32.590786,-80.855439, ,0.0,0.0,1,2000,0,0,0,0,0,0
TF,DBLNC,32.519192,-80.771783,0, ,0.0,0.0,140.0,6.0,2,1000,0,0,0,0,2,0
TF,RW14,32.484600,-80.731389,0, ,0.0,0.0,140.0,2.9,1,72,0,0,0,0,3,1
CA,0,140.0,2,700,0,0,0,0,0,0
DF,MEECH,32.484847,-80.408086,0, ,0.0,0.0,2,3000,0,0,0,0,0,1
HM,MEECH,32.484847,-80.408086,2, ,0.0,0.0,187.0,04,3,6000,0,1,230,0,0,0,0

APPTR,R23,23,HOWEL
HF,HOWEL,32.614411,-80.578128,2, ,0.0,0.0,180.0,04,1,2400,0,1,230,0,1,0,0

APPTR,R23,23,KASKE
IF,KASKE,32.726069,-80.724947, ,0.0,0.0,2,4000,0,0,0,0,1,0
TF,HOWEL,32.614411,-80.578128,0, ,0.0,0.0,0.0,0.0,1,2400,0,0,0,0,1,0

APPTR,R23,23,MEECH
IF,MEECH,32.484847,-80.408086, ,0.0,0.0,2,4000,0,0,0,0,1,0
TF,HOWEL,32.614411,-80.578128,0, ,0.0,0.0,0.0,0.0,1,2400,0,0,0,0,1,0

FINAL,R23,23,R,3
IF,HOWEL,32.614411,-80.578128, ,0.0,0.0,1,2400,0,0,0,0,0,0
TF,PAAPY,32.532381,-80.665072,0, ,0.0,0.0,227.0,6.6,2,1000,0,0,0,0,2,0
TF,RW23,32.495536,-80.704061,0, ,0.0,0.0,227.0,3.0,1,56,0,0,0,0,3,1
CA,0,227.0,2,216,0,0,0,0,0,0
DF,ATBUY,32.395986,-80.809147,0, ,0.0,0.0,2,3000,0,0,0,0,0,1
HM,ATBUY,32.395986,-80.809147,2, ,0.0,0.0,227.0,04,3,6000,0,1,230,0,0,0,0

APPTR,R32,32,MEECH
IF,MEECH,32.484847,-80.408086, ,0.0,0.0,2,4000,0,0,0,0,1,0
TF,BAURR,32.348469,-80.572858,0, ,0.0,0.0,0.0,0.0,1,1900,0,0,0,0,1,0

APPTR,R32,32,SAV
IF,SAV,32.146267,-81.199106, ,0.0,0.0,2,4000,0,0,0,0,0,0
TF,MUZAK,32.229983,-80.709450,0, ,0.0,0.0,0.0,0.0,2,4000,0,0,0,0,1,0
TF,BAURR,32.348469,-80.572858,0, ,0.0,0.0,0.0,0.0,1,1900,0,0,0,0,1,0

FINAL,R32,32,R,3
IF,BAURR,32.348469,-80.572858, ,0.0,0.0,1,1900,0,0,0,0,0,0
TF,DNAHU,32.430367,-80.668142,0, ,0.0,0.0,320.0,6.9,2,1100,0,0,0,0,2,0
TF,RW32,32.468967,-80.713142,0, ,0.0,0.0,320.0,3.2,1,64,0,0,0,0,3,1
CA,0,320.0,2,312,0,0,0,0,0,0
DF,FARRL,32.590786,-80.855439,0, ,0.0,0.0,2,3000,0,0,0,0,0,1
HM,FARRL,32.590786,-80.855439,2, ,0.0,0.0,187.0,04,3,4200,0,0,0,0,0,0,0

FINAL,T05,05,D,3
IF,KKAYE,32.368722,-80.865167,NBC,233.7,10.0,2,1900,0,0,0,0,1,0
CF,REBOW,32.412867,-80.806075,0,NBC,233.7,6.0,54.0,4.0,2,1500,0,0,0,0,2,0
CF,WUVUB,32.462497,-80.739531,0,NBC,233.7,1.5,54.0,4.5,1,259,0,0,0,0,3,0
CA,0,54.0,2,1000,0,0,0,0,0,0
CF,COSAW,32.560086,-80.647786,0,NBC,41.0,6.0,41.0,5.6,2,3000,0,0,0,0,0,0
HM,COSAW,32.560086,-80.647786,2, ,0.0,0.0,221.0,07,1,3000,0,1,310,0,0,0,0

APPTR,T14,14,BRAYS
HF,BRAYS,32.532092,-80.817642,1, ,0.0,0.0,127.0,05,2,1700,0,1,230,0,1,0,0

FINAL,T14,14,D,2
IF,BRAYS,32.532092,-80.817642,NBC,307.0,6.0,2,1700,0,0,0,0,2,0
CF,WUSAL,32.492306,-80.742397,0,NBC,307.0,1.5,127.0,4.5,1,297,0,0,0,0,3,0
CA,0,127.0,2,440,0,0,0,0,0,0
FA,NBC,32.479033,-80.717331,0,NBC,0.0,0.0,120.0,2,1600,0,0,0,0,0,0
VI,1, ,0.0,330.0,0,0,0,0,0,0,0,0
CF,COSAW,32.560086,-80.647786,0,NBC,41.0,6.0,41.0,2.0,2,3000,0,0,0,0,0,0
HM,COSAW,32.560086,-80.647786,2, ,0.0,0.0,221.0,07,3,6000,0,1,310,0,0,0,0

APPTR,T14-Y,14,CHS
IF,CHS,32.894319,-80.037814, ,0.0,0.0,2,18000,0,0,0,0,0,0
TF,GAZEL,31.998300,-80.786600,0, ,0.0,0.0,0.0,0.0,2,18000,0,0,0,0,1,0
HF,GAZEL,31.998300,-80.786600,2, ,0.0,0.0,12.0,10,1,18000,0,1,310,0,0,0,0
TF,GYPAD,32.230386,-80.753253,0, ,0.0,0.0,0.0,0.0,2,11000,0,0,0,0,0,0
TF,USSAD,32.313272,-80.741300,0, ,0.0,0.0,0.0,0.0,3,10000,0,0,0,0,0,0
TF,NBC,32.479033,-80.717331,0, ,0.0,0.0,0.0,0.0,0,0,0,0,0,0,0,0
TF,WANRA,32.694517,-80.686044,0, ,0.0,0.0,0.0,0.0,2,7000,0,0,0,0,0,0
AF,WATMA,32.593900,-80.934822,1,NBC,307.0,13.0,12.0,2,3000,0,0,0,0,1,0

APPTR,T14-Y,14,SAV
IF,SAV,32.146267,-81.199106, ,0.0,0.0,2,18000,0,0,0,0,0,0
TF,GAZEL,31.998300,-80.786600,0, ,0.0,0.0,0.0,0.0,2,18000,0,0,0,0,1,0
TF,GYPAD,32.230386,-80.753253,0, ,0.0,0.0,0.0,0.0,2,11000,0,0,0,0,0,0
TF,USSAD,32.313272,-80.741300,0, ,0.0,0.0,0.0,0.0,3,10000,0,0,0,0,0,0
TF,NBC,32.479033,-80.717331,0, ,0.0,0.0,0.0,0.0,0,0,0,0,0,0,0,0
TF,WANRA,32.694517,-80.686044,0, ,0.0,0.0,0.0,0.0,2,7000,0,0,0,0,0,0
AF,WATMA,32.593900,-80.934822,1,NBC,307.0,13.0,12.0,2,3000,0,0,0,0,1,0

FINAL,T14-Y,14,D,3
IF,WATMA,32.593900,-80.934822,NBC,307.0,13.0,2,3000,0,0,0,0,0,0
CF,BRAYS,32.532092,-80.817642,0,NBC,307.0,6.0,127.0,7.0,2,1700,0,0,0,0,2,0
CF,WUSAL,32.492306,-80.742397,0,NBC,307.0,1.5,127.0,4.5,1,297,0,0,0,0,3,0
CA,0,127.0,2,440,0,0,0,0,0,0
FA,NBC,32.479033,-80.717331,0,NBC,0.0,0.0,120.0,2,1600,0,0,0,0,0,0
VI,1, ,0.0,330.0,0,0,0,0,0,0,0,0
CF,COSAW,32.560086,-80.647786,0,NBC,41.0,6.0,41.0,2.0,2,3000,0,0,0,0,0,0
HM,COSAW,32.560086,-80.647786,2, ,0.0,0.0,221.0,04,1,3000,0,1,310,0,0,0,0

APPTR,T14-Z,14,CHS
IF,CHS,32.894319,-80.037814, ,0.0,0.0,2,18000,0,0,0,0,0,0
TF,MICKK,33.031481,-80.491439,0, ,0.0,0.0,0.0,0.0,2,18000,0,0,0,0,1,0
TF,NCNAL,32.810558,-80.582133,0, ,0.0,0.0,0.0,0.0,2,11000,0,0,0,0,0,0
TF,NIMAE,32.763206,-80.601508,0, ,0.0,0.0,0.0,0.0,3,10000,0,0,0,0,0,0
TF,NUWUR,32.684283,-80.633756,0, ,0.0,0.0,0.0,0.0,2,7000,0,0,0,0,0,0
AF,WATMA,32.593900,-80.934822,1,NBC,307.0,13.0,24.0,2,3000,0,0,0,0,1,0

APPTR,T14-Z,14,SAV
IF,SAV,32.146267,-81.199106, ,0.0,0.0,2,18000,0,0,0,0,0,0
TF,MICKK,33.031481,-80.491439,0, ,0.0,0.0,0.0,0.0,2,18000,0,0,0,0,1,0
HF,MICKK,33.031481,-80.491439,2, ,0.0,0.0,204.0,10,1,18000,0,1,230,0,0,0,0
TF,NCNAL,32.810558,-80.582133,0, ,0.0,0.0,0.0,0.0,2,11000,0,0,0,0,0,0
TF,NIMAE,32.763206,-80.601508,0, ,0.0,0.0,0.0,0.0,3,10000,0,0,0,0,0,0
TF,NUWUR,32.684283,-80.633756,0, ,0.0,0.0,0.0,0.0,2,7000,0,0,0,0,0,0
AF,WATMA,32.593900,-80.934822,1,NBC,307.0,13.0,24.0,2,3000,0,0,0,0,1,0

FINAL,T14-Z,14,D,3
IF,WATMA,32.593900,-80.934822,NBC,307.0,13.0,2,3000,0,0,0,0,0,0
CF,BRAYS,32.532092,-80.817642,0,NBC,307.0,6.0,127.0,7.0,2,1700,0,0,0,0,2,0
CF,WUSAL,32.492306,-80.742397,0,NBC,307.0,1.5,127.0,4.5,1,297,0,0,0,0,3,0
CA,0,127.0,2,440,0,0,0,0,0,0
FA,NBC,32.479033,-80.717331,0,NBC,0.0,0.0,120.0,2,1600,0,0,0,0,0,0
VI,1, ,0.0,330.0,0,0,0,0,0,0,0,0
CF,COSAW,32.560086,-80.647786,0,NBC,41.0,6.0,41.0,2.0,2,3000,0,0,0,0,0,0
HM,COSAW,32.560086,-80.647786,2, ,0.0,0.0,221.0,04,1,3000,0,1,310,0,0,0,0

APPTR,T23,23,FEPIM
HF,FEPIM,32.641086,-80.578111,2, ,0.0,0.0,221.0,05,1,2400,0,1,230,0,1,0,0

FINAL,T23,23,D,3
IF,FEPIM,32.641086,-80.578111,NBC,41.0,12.0,2,2400,0,0,0,0,0,0
CF,COSAW,32.560086,-80.647786,0,NBC,41.0,6.0,221.0,6.0,2,1500,0,0,0,0,2,0
CF,WEMSA,32.502003,-80.697642,0,NBC,41.0,1.7,221.0,4.3,1,208,0,0,0,0,3,0
CA,0,221.0,2,500,0,0,0,0,0,0
CF,BRAYS,32.532092,-80.817642,0,NBC,307.0,6.0,307.0,5.0,2,3000,0,0,0,0,0,0
HM,BRAYS,32.532092,-80.817642,1, ,0.0,0.0,127.0,07,1,3000,0,1,310,0,0,0,0

APPTR,T23-X,23,CHS
IF,CHS,32.894319,-80.037814, ,0.0,0.0,2,11000,0,0,0,0,0,0
TF,BRAYS,32.532092,-80.817642,0, ,0.0,0.0,0.0,0.0,2,11000,0,0,0,0,1,0
HF,BRAYS,32.532092,-80.817642,1, ,0.0,0.0,127.0,08,2,11000,0,1,230,0,0,0,0
TF,NBC,32.479033,-80.717331,0, ,0.0,0.0,0.0,0.0,0,0,0,0,0,0,0,0
TF,JETTE,32.435669,-80.527114,0, ,0.0,0.0,0.0,0.0,2,3000,0,0,0,0,0,0
AF,WIBEM,32.614092,-80.601353,1,NBC,41.0,10.0,110.0,2,2300,0,0,0,0,1,0

APPTR,T23-X,23,JETTE
IF,JETTE,32.435669,-80.527114, ,0.0,0.0,4,5000,3000,0,0,0,1,0
AF,WIBEM,32.614092,-80.601353,1,NBC,41.0,10.0,110.0,2,2300,0,0,0,0,1,0

APPTR,T23-X,23,SAV
IF,SAV,32.146267,-81.199106, ,0.0,0.0,2,11000,0,0,0,0,0,0
TF,BRAYS,32.532092,-80.817642,0, ,0.0,0.0,0.0,0.0,2,11000,0,0,0,0,1,0
TF,NBC,32.479033,-80.717331,0, ,0.0,0.0,0.0,0.0,0,0,0,0,0,0,0,0
TF,JETTE,32.435669,-80.527114,0, ,0.0,0.0,0.0,0.0,2,3000,0,0,0,0,0,0
AF,WIBEM,32.614092,-80.601353,1,NBC,41.0,10.0,110.0,2,2300,0,0,0,0,1,0

FINAL,T23-X,23,D,3
IF,WIBEM,32.614092,-80.601353,NBC,41.0,10.0,2,2300,0,0,0,0,0,0
CF,COSAW,32.560086,-80.647786,0,NBC,41.0,6.0,221.0,4.0,2,1600,0,0,0,0,2,0
CF,WEMSA,32.502003,-80.697642,0,NBC,41.0,1.7,221.0,4.3,1,219,0,0,0,0,3,0
CA,0,221.0,2,500,0,0,0,0,0,0
CF,BRAYS,32.532092,-80.817642,0,NBC,307.0,6.0,307.0,5.0,2,3000,0,0,0,0,0,0
HM,BRAYS,32.532092,-80.817642,1, ,0.0,0.0,127.0,08,3,6000,0,1,230,0,0,0,0

APPTR,T23-Y,23,CHS
IF,CHS,32.894319,-80.037814, ,0.0,0.0,2,18000,0,0,0,0,0,0
TF,GAZEL,31.998300,-80.786600,0, ,0.0,0.0,0.0,0.0,2,18000,0,0,0,0,1,0
HF,GAZEL,31.998300,-80.786600,2, ,0.0,0.0,12.0,10,2,18000,0,1,310,0,0,0,0
TF,GYPAD,32.230386,-80.753253,0, ,0.0,0.0,0.0,0.0,2,11000,0,0,0,0,0,0
TF,USSAD,32.313272,-80.741300,0, ,0.0,0.0,0.0,0.0,2,10000,0,0,0,0,0,0
TF,NBC,32.479033,-80.717331,0, ,0.0,0.0,0.0,0.0,0,0,0,0,0,0,0,0
TF,WEKDU,32.644794,-80.693278,0, ,0.0,0.0,0.0,0.0,2,3000,0,0,0,0,0,0
AF,WIBEM,32.614092,-80.601353,2,NBC,41.0,10.0,12.0,2,2400,0,0,0,0,1,0

APPTR,T23-Y,23,SAV
IF,SAV,32.146267,-81.199106, ,0.0,0.0,2,18000,0,0,0,0,0,0
TF,GAZEL,31.998300,-80.786600,0, ,0.0,0.0,0.0,0.0,2,18000,0,0,0,0,1,0
TF,GYPAD,32.230386,-80.753253,0, ,0.0,0.0,0.0,0.0,2,11000,0,0,0,0,0,0
TF,USSAD,32.313272,-80.741300,0, ,0.0,0.0,0.0,0.0,2,10000,0,0,0,0,0,0
TF,NBC,32.479033,-80.717331,0, ,0.0,0.0,0.0,0.0,0,0,0,0,0,0,0,0
TF,WEKDU,32.644794,-80.693278,0, ,0.0,0.0,0.0,0.0,2,3000,0,0,0,0,0,0
AF,WIBEM,32.614092,-80.601353,2,NBC,41.0,10.0,12.0,2,2400,0,0,0,0,1,0

FINAL,T23-Y,23,D,3
IF,WIBEM,32.614092,-80.601353,NBC,41.0,10.0,2,2400,0,0,0,0,0,0
CF,COSAW,32.560086,-80.647786,0,NBC,41.0,6.0,221.0,4.0,2,1600,0,0,0,0,2,0
CF,WEMSA,32.502003,-80.697642,0,NBC,41.0,1.7,221.0,4.3,1,219,0,0,0,0,3,0
CA,0,221.0,2,500,0,0,0,0,0,0
CF,BRAYS,32.532092,-80.817642,0,NBC,307.0,6.0,307.0,5.0,2,3000,0,0,0,0,0,0
HM,BRAYS,32.532092,-80.817642,1, ,0.0,0.0,127.0,05,1,3000,0,1,230,0,0,0,0

APPTR,T23-Z,23,CHS
IF,CHS,32.894319,-80.037814, ,0.0,0.0,2,18000,0,0,0,0,0,0
TF,MICKK,33.031481,-80.491439,0, ,0.0,0.0,0.0,0.0,2,18000,0,0,0,0,1,0
TF,NCNAL,32.810558,-80.582133,0, ,0.0,0.0,0.0,0.0,2,11000,0,0,0,0,0,0
VI,0, ,0.0,176.0,3,10000,0,0,0,0,0,0
CF,WIBEM,32.614092,-80.601353,0,NBC,41.0,10.0,221.0,4.0,2,2400,0,0,0,0,1,0

APPTR,T23-Z,23,SAV
IF,SAV,32.146267,-81.199106, ,0.0,0.0,2,18000,0,0,0,0,0,0
TF,MICKK,33.031481,-80.491439,0, ,0.0,0.0,0.0,0.0,2,18000,0,0,0,0,1,0
HF,MICKK,33.031481,-80.491439,2, ,0.0,0.0,204.0,10,1,18000,0,1,230,0,0,0,0
TF,NCNAL,32.810558,-80.582133,0, ,0.0,0.0,0.0,0.0,2,11000,0,0,0,0,0,0
VI,0, ,0.0,176.0,3,10000,0,0,0,0,0,0
CF,WIBEM,32.614092,-80.601353,0,NBC,41.0,10.0,221.0,4.0,2,2400,0,0,0,0,1,0

FINAL,T23-Z,23,D,3
IF,WIBEM,32.614092,-80.601353,NBC,41.0,10.0,2,2400,0,0,0,0,0,0
CF,COSAW,32.560086,-80.647786,0,NBC,41.0,6.0,221.0,4.0,2,1600,0,0,0,0,2,0
CF,WEMSA,32.502003,-80.697642,0,NBC,41.0,1.7,221.0,4.3,1,219,0,0,0,0,3,0
CA,0,221.0,2,500,0,0,0,0,0,0
CF,BRAYS,32.532092,-80.817642,0,NBC,307.0,6.0,307.0,5.0,2,3000,0,0,0,0,0,0
HM,BRAYS,32.532092,-80.817642,1, ,0.0,0.0,127.0,05,1,3000,0,1,230,0,0,0,0

FINAL,T32,32,D,3
IF,EABRT,32.312819,-80.585364,NBC,151.0,12.0,2,1900,0,0,0,0,0,0
CF,KDNCE,32.402869,-80.656786,0,NBC,151.0,5.5,331.0,6.5,2,1500,0,0,0,0,2,0
CF,BULRN,32.463803,-80.705214,0,NBC,151.0,1.1,331.0,4.4,1,207,0,0,0,0,3,0
CA,0,331.0,2,440,0,0,0,0,0,0
CF,BRAYS,32.532092,-80.817642,0,NBC,307.0,6.0,307.0,7.0,2,3000,0,0,0,0,0,0
HM,BRAYS,32.532092,-80.817642,1, ,0.0,0.0,127.0,07,1,3000,0,1,310,0,0,0,0

