APPTR,R16,16,HLC
IF,HLC,39.258747,-100.225850, ,0.0,0.0,0,0,0,0,0,0,0,0
TF,VAYUP,40.033444,-99.961308,0, ,0.0,0.0,0.0,0.0,2,4300,0,0,0,0,0,1
HF,VAYUP,40.033444,-99.961308,2, ,0.0,0.0,156.0,05,2,4300,0,0,0,0,1,0,0

APPTR,R16,16,MCK
IF,MCK,40.203797,-100.594225, ,0.0,0.0,0,0,0,0,0,0,0,0
TF,HELGI,40.010703,-100.065672,0, ,0.0,0.0,0.0,0.0,2,4300,0,0,0,0,1,0
TF,VAYUP,40.033444,-99.961308,0, ,0.0,0.0,0.0,0.0,2,4300,0,0,0,0,1,0

APPTR,R16,16,RISHO
IF,RISHO,39.612603,-98.973042, ,0.0,0.0,0,0,0,0,0,0,0,0
TF,BACBA,40.056092,-99.856875,0, ,0.0,0.0,0.0,0.0,2,4300,0,0,0,0,1,0
TF,VAYUP,40.033444,-99.961308,0, ,0.0,0.0,0.0,0.0,2,4300,0,0,0,0,1,0

FINAL,R16,16,R,4
IF,VAYUP,40.033444,-99.961308, ,0.0,0.0,2,4300,0,0,0,0,0,0
TF,DOPPE,39.936936,-99.925856,0, ,0.0,0.0,156.0,6.0,2,4000,0,0,0,0,2,0
TF,UYICA,39.890103,-99.908689,0, ,0.0,0.0,156.0,2.9,2,3040,0,0,0,0,0,0
TF,RW16,39.858800,-99.897228,0, ,0.0,0.0,156.0,2.0,1,2429,0,0,0,0,3,1
DF,CEYAL,39.670733,-99.828586,0, ,0.0,0.0,2,4300,0,0,0,0,0,1
HM,CEYAL,39.670733,-99.828586,2, ,0.0,0.0,336.0,05,0,0,0,0,0,0,0,0,0

APPTR,R34,34,HLC
IF,HLC,39.258747,-100.225850, ,0.0,0.0,0,0,0,0,0,0,0,0
TF,LASEC,39.638867,-99.974019,0, ,0.0,0.0,0.0,0.0,2,4300,0,0,0,0,1,0
TF,CEYAL,39.670733,-99.828586,0, ,0.0,0.0,0.0,0.0,2,4300,0,0,0,0,1,0

APPTR,R34,34,MCK
IF,MCK,40.203797,-100.594225, ,0.0,0.0,0,0,0,0,0,0,0,0
TF,CEYAL,39.670733,-99.828586,0, ,0.0,0.0,0.0,0.0,2,4300,0,0,0,0,0,1
HF,CEYAL,39.670733,-99.828586,2, ,0.0,0.0,336.0,05,2,4300,0,0,0,0,1,0,0

APPTR,R34,34,RISHO
IF,RISHO,39.612603,-98.973042, ,0.0,0.0,0,0,0,0,0,0,0,0
TF,RACCO,39.702111,-99.683067,0, ,0.0,0.0,0.0,0.0,2,4300,0,0,0,0,1,0
TF,CEYAL,39.670733,-99.828586,0, ,0.0,0.0,0.0,0.0,2,4300,0,0,0,0,1,0

FINAL,R34,34,R,4
IF,CEYAL,39.670733,-99.828586, ,0.0,0.0,2,4300,0,0,0,0,0,0
TF,WEKES,39.765994,-99.863308,0, ,0.0,0.0,336.0,5.9,2,4000,0,0,0,0,2,0
TF,BINCA,39.813381,-99.880614,0, ,0.0,0.0,336.0,3.0,2,3060,0,0,0,0,0,0
TF,RW34,39.846381,-99.892683,0, ,0.0,0.0,336.0,2.1,1,2405,0,0,0,0,3,1
CA,0,336.0,2,2626,0,0,0,0,0,0
DF,VAYUP,40.033444,-99.961308,0, ,0.0,0.0,2,4300,0,0,0,0,0,1
HM,VAYUP,40.033444,-99.961308,2, ,0.0,0.0,156.0,05,0,0,0,0,0,0,0,0,0

