APPTR,R10,10,ASQEV
HF,ASQEV,42.996378,-74.612511,2, ,0.0,0.0,103.0,04,2,3700,0,0,0,0,1,0,0

APPTR,R10,10,ELHUC
IF,ELHUC,42.913028,-74.611322, ,0.0,0.0,0,0,0,0,0,0,1,0
TF,ASQEV,42.996378,-74.612511,0, ,0.0,0.0,0.0,0.0,2,3700,0,0,0,0,1,0

APPTR,R10,10,IQNIS
IF,IQNIS,43.079728,-74.613703, ,0.0,0.0,0,0,0,0,0,0,1,0
TF,ASQEV,42.996378,-74.612511,0, ,0.0,0.0,0.0,0.0,2,3700,0,0,0,0,1,0

FINAL,R10,10,R,4
IF,ASQEV,42.996378,-74.612511, ,0.0,0.0,2,3700,0,0,0,0,0,0
TF,EYIZU,42.997269,-74.486444,0, ,0.0,0.0,103.0,5.6,2,3000,0,0,0,0,2,0
TF,QIQZI,42.997817,-74.398350,0, ,0.0,0.0,103.0,3.9,2,1620,0,0,0,0,0,0
TF,RW10,42.998156,-74.337028,0, ,0.0,0.0,103.0,2.7,1,905,0,0,0,0,3,1
CA,0,103.0,2,1129,0,0,0,0,0,0
DF,LURYO,42.999211,-74.082014,0, ,0.0,0.0,2,5000,0,0,0,0,0,1
HM,LURYO,42.999211,-74.082014,2, ,0.0,0.0,103.0,05,2,5000,0,0,0,0,0,0,0

APPTR,R28,28,COMUM
IF,COMUM,43.082564,-74.082489, ,0.0,0.0,0,0,0,0,0,0,1,0
TF,LURYO,42.999211,-74.082014,0, ,0.0,0.0,0.0,0.0,2,3700,0,0,0,0,1,0

APPTR,R28,28,JUPEV
IF,JUPEV,42.915858,-74.081539, ,0.0,0.0,0,0,0,0,0,0,1,0
TF,LURYO,42.999211,-74.082014,0, ,0.0,0.0,0.0,0.0,2,3700,0,0,0,0,1,0

APPTR,R28,28,LURYO
HF,LURYO,42.999211,-74.082014,2, ,0.0,0.0,284.0,04,2,3700,0,0,0,0,1,0,0

FINAL,R28,28,R,4
IF,LURYO,42.999211,-74.082014, ,0.0,0.0,2,3700,0,0,0,0,0,0
TF,IQHET,42.998725,-74.217300,0, ,0.0,0.0,284.0,6.0,2,2500,0,0,0,0,2,0
TF,YIYIW,42.998531,-74.260758,0, ,0.0,0.0,284.0,1.9,2,1640,0,0,0,0,0,0
TF,RW28,42.998233,-74.322081,0, ,0.0,0.0,284.0,2.7,1,933,0,0,0,0,3,1
CA,0,284.0,2,1131,0,0,0,0,0,0
DF,ASQEV,42.996378,-74.612511,0, ,0.0,0.0,2,5000,0,0,0,0,0,1
HM,ASQEV,42.996378,-74.612511,2, ,0.0,0.0,284.0,05,2,5000,0,0,0,0,0,0,0

