SID,CHOTT1,16,4
VA,0,160.0,2,5040,0,0,0,0,0,0
DF,CHOTT,40.022789,-121.014894,0, ,0.0,0.0,0,0,0,0,0,0,0,1
HA,CHOTT,40.022789,-121.014894,2, ,0.0,0.0,314.0,07,2,10500,0,0,0,0,0,0,0

SID,CHOTT1,34,4
VA,0,340.0,2,5040,0,0,0,0,0,0
DF,LSSEN,40.425731,-121.402433,0, ,0.0,0.0,0,0,0,0,0,0,0,0
TF,DBOBO,40.547369,-121.364236,0, ,0.0,0.0,0.0,0.0,2,10000,0,1,250,0,0,0
TF,HYMRY,40.488164,-121.042972,0, ,0.0,0.0,0.0,0.0,0,0,0,0,0,0,0,0
TF,CHOTT,40.022789,-121.014894,0, ,0.0,0.0,0.0,0.0,0,0,0,0,0,0,0,1
HA,CHOTT,40.022789,-121.014894,2, ,0.0,0.0,314.0,07,2,10500,0,0,0,0,0,0,0

APPTR,R34,34,FTHER
IF,FTHER,39.747372,-121.470472, ,0.0,0.0,0,0,0,0,0,0,0,0
TF,ALMNR,39.995103,-121.182969,0, ,0.0,0.0,0.0,0.0,2,10500,0,1,210,0,1,0
TF,SONDY,40.094753,-121.122506,0, ,0.0,0.0,0.0,0.0,2,8200,0,0,0,0,1,0

APPTR,R34,34,MRGGO
IF,MRGGO,39.222292,-121.278661, ,0.0,0.0,0,0,0,0,0,0,0,0
TF,PADDA,39.848053,-120.855675,0, ,0.0,0.0,0.0,0.0,2,10500,0,0,0,0,0,0
TF,CHOTT,40.022789,-121.014894,0, ,0.0,0.0,0.0,0.0,2,10500,0,0,0,0,1,0
TF,SONDY,40.094753,-121.122506,0, ,0.0,0.0,0.0,0.0,2,8200,0,0,0,0,1,0

FINAL,R34,34,R,4
IF,SONDY,40.094753,-121.122506, ,0.0,0.0,2,8200,0,0,0,0,0,0
TF,GDBOY,40.149936,-121.204761,0, ,0.0,0.0,298.0,5.0,2,7100,0,1,180,0,0,0
TF,RDCHF,40.193306,-121.227344,0, ,0.0,0.0,325.0,2.8,2,6500,0,0,0,0,2,0
TF,RW34,40.275522,-121.240108,0, ,0.0,0.0,340.0,5.0,1,4560,0,0,0,0,3,1
CA,0,340.0,2,5200,0,0,0,0,0,0
DF,CHOTT,40.022789,-121.014894,2, ,0.0,0.0,2,10500,0,1,165,0,0,1
HM,CHOTT,40.022789,-121.014894,2, ,0.0,0.0,314.0,07,2,10500,0,0,0,0,0,0,0

