APPTR,R18,18,BFV
IF,BFV,35.236944,-99.206167, ,0.0,0.0,0,0,0,0,0,0,0,0
TF,WILVO,35.107253,-99.472431,0, ,0.0,0.0,0.0,0.0,2,3600,0,0,0,0,1,0
TF,AARGH,34.893069,-99.907731,0, ,0.0,0.0,0.0,0.0,2,3600,0,0,0,0,1,0

APPTR,R18,18,JAPUX
IF,JAPUX,34.480494,-100.018383, ,0.0,0.0,0,0,0,0,0,0,0,0
TF,AARGH,34.893069,-99.907731,0, ,0.0,0.0,0.0,0.0,2,3600,0,0,0,0,0,1
HF,AARGH,34.893069,-99.907731,2, ,0.0,0.0,175.0,04,2,3600,0,0,0,0,1,0,0

APPTR,R18,18,JUMEK
IF,JUMEK,34.679947,-99.528531, ,0.0,0.0,0,0,0,0,0,0,0,0
TF,AARGH,34.893069,-99.907731,0, ,0.0,0.0,0.0,0.0,2,3600,0,0,0,0,0,1
HF,AARGH,34.893069,-99.907731,2, ,0.0,0.0,175.0,04,2,3600,0,0,0,0,1,0,0

APPTR,R18,18,WUDPI
IF,WUDPI,35.242294,-100.559647, ,0.0,0.0,0,0,0,0,0,0,0,0
TF,LOBIY,35.038533,-100.214658,0, ,0.0,0.0,0.0,0.0,2,4400,0,0,0,0,1,0
TF,RUKEE,34.929508,-99.984361,0, ,0.0,0.0,0.0,0.0,2,3700,0,0,0,0,0,0
TF,AARGH,34.893069,-99.907731,0, ,0.0,0.0,0.0,0.0,2,3600,0,0,0,0,1,0

FINAL,R18,18,R,3
IF,AARGH,34.893069,-99.907731, ,0.0,0.0,2,3600,0,0,0,0,0,0
TF,LSLIE,34.798694,-99.908156,0, ,0.0,0.0,175.0,5.7,2,3400,0,0,0,0,2,0
TF,RW18,34.709408,-99.908547,0, ,0.0,0.0,175.0,5.4,1,1699,0,0,0,0,3,1
CA,0,175.0,2,2060,0,0,0,0,0,0
DF,SMOTE,34.525147,-99.909364,0, ,0.0,0.0,2,3700,0,0,0,0,0,1
HM,SMOTE,34.525147,-99.909364,2, ,0.0,0.0,355.0,04,0,0,0,0,0,0,0,0,0

APPTR,R36,36,SMOTE
IF,SMOTE,34.525147,-99.909364, ,0.0,0.0,3,6000,0,0,0,0,1,0
HF,SMOTE,34.525147,-99.909364,2, ,0.0,0.0,355.0,04,2,3700,0,0,0,0,0,0,0

FINAL,R36,36,R,3
IF,SMOTE,34.525147,-99.909364, ,0.0,0.0,2,3700,0,0,0,0,0,0
TF,IZTAN,34.616986,-99.908950,0, ,0.0,0.0,355.0,5.5,2,3300,0,0,0,0,2,0
TF,RW36,34.701172,-99.908583,0, ,0.0,0.0,355.0,5.0,1,1699,0,0,0,0,3,1
CA,0,355.0,2,2060,0,0,0,0,0,0
DF,AARGH,34.893069,-99.907731,0, ,0.0,0.0,2,3600,0,0,0,0,0,1
HM,AARGH,34.893069,-99.907731,2, ,0.0,0.0,175.0,04,0,0,0,0,0,0,0,0,0

