SID,RDD1,16,1
CA,0,160.0,2,2000,0,0,0,0,0,0
DF,RBL,40.098911,-122.236350,0, ,0.0,0.0,0,0,0,0,0,0,0,0

SID,RDD1,34,1
VA,0,340.0,2,1130,0,0,0,0,0,0
VI,2, ,0.0,100.0,0,0,0,0,0,0,0,0
CF,RDD,40.504561,-122.291700,0,RDD,0.0,0.0,150.0,6.0,0,0,0,0,0,0,0,0
CF,RBL,40.098911,-122.236350,0,RBL,0.0,0.0,156.0,24.5,0,0,0,0,0,0,0,0

APPTR,R16-A,16,FARRO
IF,FARRO,40.823711,-121.991472, ,0.0,0.0,2,10000,0,0,0,0,1,0
TF,KISSK,40.887186,-122.284828,0, ,0.0,0.0,0.0,0.0,2,6000,0,0,0,0,0,0
TF,CACTI,40.829189,-122.375658,0, ,0.0,0.0,0.0,0.0,2,5700,0,0,0,0,1,0

APPTR,R16-A,16,MOSTY
IF,MOSTY,40.906981,-122.574425, ,0.0,0.0,0,0,0,0,0,0,1,0
TF,JIVIN,40.861172,-122.457211,0, ,0.0,0.0,0.0,0.0,2,7000,0,0,0,0,0,0
TF,CACTI,40.829189,-122.375658,0, ,0.0,0.0,0.0,0.0,2,5700,0,0,0,0,1,0

FINAL,R16-A,16,R,7
IF,CACTI,40.829189,-122.375658, ,0.0,0.0,2,5700,0,0,0,0,0,0
TF,ASAYE,40.778381,-122.388228,0, ,0.0,0.0,177.0,3.1,2,4200,0,0,0,0,0,0
TF,BRECK,40.713475,-122.408256,0, ,0.0,0.0,179.0,4.0,2,4000,0,0,0,0,2,0
TF,GADDI,40.692625,-122.408283,0, ,0.0,0.0,166.0,1.3,2,3500,0,0,0,0,0,0
TF,POMAC,40.652600,-122.408339,0, ,0.0,0.0,166.0,2.4,2,2560,0,0,0,0,0,0
TF,MADYT,40.626900,-122.408375,0, ,0.0,0.0,166.0,1.5,2,1960,0,0,0,0,0,0
TF,RBRTZ,40.581069,-122.408439,0, ,0.0,0.0,166.0,2.8,1,882,0,0,0,0,3,1
CA,0,166.0,2,1123,0,0,0,0,0,0
DF,WHISH,40.516025,-122.408528,0, ,0.0,0.0,0,0,0,0,0,0,0,0
TF,EVEMY,40.290053,-122.491269,0, ,0.0,0.0,0.0,0.0,2,4000,0,0,0,0,0,1
HM,EVEMY,40.290053,-122.491269,2, ,0.0,0.0,182.0,04,0,0,0,0,0,0,0,0,0

APPTR,R34-A,34,FARRO
IF,FARRO,40.823711,-121.991472, ,0.0,0.0,2,10000,0,0,0,0,1,0
TF,KISSK,40.887186,-122.284828,0, ,0.0,0.0,0.0,0.0,2,6000,0,0,0,0,0,0
TF,CACTI,40.829189,-122.375658,0, ,0.0,0.0,0.0,0.0,2,5700,0,0,0,0,1,0

APPTR,R34-A,34,MOSTY
IF,MOSTY,40.906981,-122.574425, ,0.0,0.0,0,0,0,0,0,0,1,0
TF,JIVIN,40.861172,-122.457211,0, ,0.0,0.0,0.0,0.0,2,7000,0,0,0,0,0,0
TF,CACTI,40.829189,-122.375658,0, ,0.0,0.0,0.0,0.0,2,5700,0,0,0,0,1,0

FINAL,R34-A,34,R,7
IF,CACTI,40.829189,-122.375658, ,0.0,0.0,2,5700,0,0,0,0,0,0
TF,ASAYE,40.778381,-122.388228,0, ,0.0,0.0,177.0,3.1,2,4200,0,0,0,0,0,0
TF,BRECK,40.713475,-122.408256,0, ,0.0,0.0,179.0,4.0,2,4000,0,0,0,0,2,0
TF,GADDI,40.692625,-122.408283,0, ,0.0,0.0,166.0,1.3,2,3500,0,0,0,0,0,0
TF,POMAC,40.652600,-122.408339,0, ,0.0,0.0,166.0,2.4,2,2560,0,0,0,0,0,0
TF,MADYT,40.626900,-122.408375,0, ,0.0,0.0,166.0,1.5,2,1960,0,0,0,0,0,0
TF,RBRTZ,40.581069,-122.408439,0, ,0.0,0.0,166.0,2.8,1,882,0,0,0,0,3,1
CA,0,166.0,2,1123,0,0,0,0,0,0
DF,WHISH,40.516025,-122.408528,0, ,0.0,0.0,0,0,0,0,0,0,0,0
TF,EVEMY,40.290053,-122.491269,0, ,0.0,0.0,0.0,0.0,2,4000,0,0,0,0,0,1
HM,EVEMY,40.290053,-122.491269,2, ,0.0,0.0,182.0,04,0,0,0,0,0,0,0,0,0

APPTR,R34-B,34,DOSSI
IF,DOSSI,40.270594,-122.406706, ,0.0,0.0,2,3700,0,0,0,0,1,0
TF,HIKIP,40.374933,-122.406539,0, ,0.0,0.0,0.0,0.0,2,3000,0,0,0,0,1,0

APPTR,R34-B,34,TOMAD
IF,TOMAD,40.254392,-122.764114, ,0.0,0.0,0,0,0,0,0,0,1,0
TF,BASKS,40.334047,-122.540294,0, ,0.0,0.0,0.0,0.0,2,5900,0,0,0,0,0,0
TF,HIKIP,40.374933,-122.406539,0, ,0.0,0.0,0.0,0.0,2,3000,0,0,0,0,1,0

FINAL,R34-B,34,R,3
IF,HIKIP,40.374933,-122.406539, ,0.0,0.0,2,3000,0,0,0,0,0,0
TF,CARMY,40.471347,-122.392100,0, ,0.0,0.0,353.0,5.8,2,3000,0,0,0,0,2,0
TF,RW34,40.570381,-122.406844,0, ,0.0,0.0,340.0,6.0,1,779,0,0,0,0,3,1
CA,0,340.0,2,1123,0,0,0,0,0,0
DF,WAMES,40.684361,-122.406414,0, ,0.0,0.0,0,0,0,0,0,0,0,0
TF,JIRKO,40.811822,-122.380506,0, ,0.0,0.0,0.0,0.0,0,0,0,0,0,0,0,0
TF,FARRO,40.823711,-121.991472,0, ,0.0,0.0,0.0,0.0,2,10000,0,0,0,0,0,1
HM,FARRO,40.823711,-121.991472,2, ,0.0,0.0,74.0,07,2,10000,0,0,0,0,0,0,0

