APPTR,L05,05,EWN
IF,EWN,35.073142,-77.045067, ,0.0,0.0,0,0,0,0,0,0,0,0
TF,RNW,35.509656,-77.106625,0, ,0.0,0.0,0.0,0.0,2,2000,0,0,0,0,0,0
HF,RNW,35.509656,-77.106625,2, ,0.0,0.0,45.0,04.3,2,1600,0,0,0,0,1,0,0

APPTR,L05,05,ISO
IF,ISO,35.370956,-77.558336, ,0.0,0.0,0,0,0,0,0,0,0,0
TF,RNW,35.509656,-77.106625,0, ,0.0,0.0,0.0,0.0,2,3100,0,0,0,0,0,0
HF,RNW,35.509656,-77.106625,2, ,0.0,0.0,45.0,04.3,2,1600,0,0,0,0,1,0,0

APPTR,L05,05,PEARS
IF,PEARS,35.786767,-76.950547, ,0.0,0.0,0,0,0,0,0,0,0,0
TF,RNW,35.509656,-77.106625,0, ,0.0,0.0,0.0,0.0,2,2000,0,0,0,0,0,0
HF,RNW,35.509656,-77.106625,2, ,0.0,0.0,45.0,04.3,2,1600,0,0,0,0,1,0,0

APPTR,L05,05,TYI
IF,TYI,35.976725,-77.703731, ,0.0,0.0,0,0,0,0,0,0,0,0
TF,RNW,35.509656,-77.106625,0, ,0.0,0.0,0.0,0.0,2,2000,0,0,0,0,0,0
HF,RNW,35.509656,-77.106625,2, ,0.0,0.0,45.0,04.3,2,1600,0,0,0,0,1,0,0

FINAL,L05,05,D,3
IF,CF05,35.444644,-77.167939,IOCW,224.8,10.0,2,1600,0,0,0,0,0,0
CF,RNW,35.509656,-77.106625,0,IOCW,223.9,5.1,45.0,4.9,2,1600,0,0,0,0,2,0
CF,RW05,35.566714,-77.056400,0,IOCW,224.8,0.9,45.0,4.2,1,76,0,0,0,0,3,0
CA,0,45.0,2,1000,0,0,0,0,0,0
DF,RNW,35.509656,-77.106625,2, ,0.0,0.0,2,1600,0,0,0,0,0,0
HM,RNW,35.509656,-77.106625,2, ,0.0,0.0,45.0,04.3,0,0,0,0,0,0,0,0,0

APPTR,R05,05,EWN
IF,EWN,35.073142,-77.045067, ,0.0,0.0,0,0,0,0,0,0,0,0
TF,DECOI,35.371803,-77.107014,0, ,0.0,0.0,0.0,0.0,2,2000,0,0,0,0,1,0
TF,COULD,35.421697,-77.188725,0, ,0.0,0.0,0.0,0.0,2,2000,0,0,0,0,1,0

APPTR,R05,05,ISO
IF,ISO,35.370956,-77.558336, ,0.0,0.0,0,0,0,0,0,0,0,0
TF,BROAM,35.471536,-77.270536,0, ,0.0,0.0,0.0,0.0,2,3100,0,0,0,0,1,0
TF,COULD,35.421697,-77.188725,0, ,0.0,0.0,0.0,0.0,2,2000,0,0,0,0,1,0

FINAL,R05,05,R,3
IF,COULD,35.421697,-77.188725, ,0.0,0.0,2,2000,0,0,0,0,0,0
TF,BROTH,35.503278,-77.114358,0, ,0.0,0.0,45.0,6.1,2,1600,0,0,0,0,2,0
TF,RW05,35.566714,-77.056400,0, ,0.0,0.0,45.0,4.7,1,70,0,0,0,0,3,1
DF,HALAX,35.726019,-76.910358,0, ,0.0,0.0,2,2600,0,0,0,0,0,1
HM,HALAX,35.726019,-76.910358,2, ,0.0,0.0,225.0,04,0,0,0,0,0,0,0,0,0

APPTR,R23,23,HALAX
HF,HALAX,35.726019,-76.910358,2, ,0.0,0.0,225.0,04,2,2600,0,0,0,0,1,0,0

APPTR,R23,23,PUNGO
IF,PUNGO,35.610553,-76.450919, ,0.0,0.0,0,0,0,0,0,0,0,0
TF,CAGLU,35.675939,-76.828508,0, ,0.0,0.0,0.0,0.0,2,2600,0,0,0,0,1,0
TF,HALAX,35.726019,-76.910358,0, ,0.0,0.0,0.0,0.0,2,2600,0,0,0,0,1,0

APPTR,R23,23,ZAGGY
IF,ZAGGY,35.799550,-77.267003, ,0.0,0.0,0,0,0,0,0,0,0,0
TF,DIBNE,35.776042,-76.992311,0, ,0.0,0.0,0.0,0.0,2,2600,0,0,0,0,1,0
TF,HALAX,35.726019,-76.910358,0, ,0.0,0.0,0.0,0.0,2,2600,0,0,0,0,1,0

FINAL,R23,23,R,3
IF,HALAX,35.726019,-76.910358, ,0.0,0.0,2,2600,0,0,0,0,0,0
TF,JOROX,35.644461,-76.985219,0, ,0.0,0.0,225.0,6.1,2,1700,0,0,0,0,2,0
TF,RW23,35.577278,-77.046739,0, ,0.0,0.0,225.0,5.0,1,77,0,0,0,0,3,1
DF,SODOY,35.490339,-77.126153,0, ,0.0,0.0,0,0,0,0,0,0,0,0
TF,KEKBE,35.643864,-77.249419,2, ,0.0,0.0,0.0,0.0,0,0,0,0,0,0,0,0
TF,HALAX,35.726019,-76.910358,2, ,0.0,0.0,0.0,0.0,2,2600,0,0,0,0,0,1
HM,HALAX,35.726019,-76.910358,2, ,0.0,0.0,225.0,04,0,0,0,0,0,0,0,0,0

APPTR,R35,35,EWN
IF,EWN,35.073142,-77.045067, ,0.0,0.0,0,0,0,0,0,0,0,0
TF,WATGO,35.366306,-77.044600,0, ,0.0,0.0,0.0,0.0,2,2400,0,0,0,0,1,0
TF,JUMDO,35.401269,-76.952058,0, ,0.0,0.0,0.0,0.0,2,2400,0,0,0,0,1,0

APPTR,R35,35,PEARS
IF,PEARS,35.786767,-76.950547, ,0.0,0.0,0,0,0,0,0,0,0,0
TF,MERPE,35.436164,-76.859436,0, ,0.0,0.0,0.0,0.0,2,2400,0,0,0,0,1,0
TF,JUMDO,35.401269,-76.952058,0, ,0.0,0.0,0.0,0.0,2,2400,0,0,0,0,1,0

FINAL,R35,35,R,3
IF,JUMDO,35.401269,-76.952058, ,0.0,0.0,2,2400,0,0,0,0,0,0
TF,ZAMPI,35.493725,-77.004147,0, ,0.0,0.0,343.0,6.1,2,1600,0,0,0,0,2,0
TF,RW35,35.565425,-77.044636,0, ,0.0,0.0,343.0,4.7,1,74,0,0,0,0,3,1
DF,ZIPDA,35.648208,-77.091475,0, ,0.0,0.0,0,0,0,0,0,0,0,0
TF,HALAX,35.726019,-76.910358,0, ,0.0,0.0,0.0,0.0,2,2600,0,0,0,0,0,1
HM,HALAX,35.726019,-76.910358,2, ,0.0,0.0,225.0,04,0,0,0,0,0,0,0,0,0

