APPTR,R34,34,GLD
IF,GLD,39.387867,-101.692297, ,0.0,0.0,0,0,0,0,0,0,0,0
TF,RUPYO,38.902186,-100.873228,0, ,0.0,0.0,0.0,0.0,2,5500,0,0,0,0,1,0
TF,LIBNE,38.918192,-100.768450,0, ,0.0,0.0,0.0,0.0,2,4700,0,0,0,0,1,0

APPTR,R34,34,HLC
IF,HLC,39.258747,-100.225850, ,0.0,0.0,0,0,0,0,0,0,0,0
TF,PIYCI,38.934103,-100.663625,0, ,0.0,0.0,0.0,0.0,2,4700,0,0,0,0,1,0
TF,LIBNE,38.918192,-100.768450,0, ,0.0,0.0,0.0,0.0,2,4700,0,0,0,0,1,0

APPTR,R34,34,LIBNE
HF,LIBNE,38.918192,-100.768450,2, ,0.0,0.0,341.0,05,2,4700,0,0,0,0,1,0,0

FINAL,R34,34,R,3
IF,LIBNE,38.918192,-100.768450, ,0.0,0.0,2,4700,0,0,0,0,0,0
TF,HOLKO,39.020058,-100.793906,0, ,0.0,0.0,341.0,6.2,2,4700,0,0,0,0,2,0
TF,RW34,39.103211,-100.814742,0, ,0.0,0.0,341.0,5.1,1,3059,0,0,0,0,3,1
CA,0,341.0,2,3285,0,0,0,0,0,0
DF,CUGGA,39.317667,-100.868661,0, ,0.0,0.0,2,4700,0,0,0,0,0,1
HM,CUGGA,39.317667,-100.868661,2, ,0.0,0.0,269.0,05,0,0,0,0,0,0,0,0,0

