APPTR,R05,05,GACEC
HF,GACEC,33.317992,-81.013833,2, ,0.0,0.0,49.0,04,2,2000,0,0,0,0,1,0,0

APPTR,R05,05,HAXIB
IF,HAXIB,33.396506,-81.117017, ,0.0,0.0,0,0,0,0,0,0,1,0
TF,GACEC,33.317992,-81.013833,0, ,0.0,0.0,0.0,0.0,2,2000,0,0,0,0,1,0

APPTR,R05,05,HIBDO
IF,HIBDO,33.239392,-80.910833, ,0.0,0.0,0,0,0,0,0,0,1,0
TF,GACEC,33.317992,-81.013833,0, ,0.0,0.0,0.0,0.0,2,2000,0,0,0,0,1,0

FINAL,R05,05,R,4
IF,GACEC,33.317992,-81.013833, ,0.0,0.0,2,2000,0,0,0,0,0,0
TF,DUCGE,33.395306,-80.930147,0, ,0.0,0.0,49.0,6.3,2,1800,0,0,0,0,2,0
TF,JILBI,33.425564,-80.897339,0, ,0.0,0.0,49.0,2.5,2,1020,0,0,0,0,0,0
TF,RW05,33.456383,-80.863886,0, ,0.0,0.0,49.0,2.5,1,225,0,0,0,0,3,1
CA,0,49.0,2,441,0,0,0,0,0,0
DF,FOLGI,33.601264,-80.706158,0, ,0.0,0.0,2,2000,0,0,0,0,0,1
HM,FOLGI,33.601264,-80.706158,2, ,0.0,0.0,229.0,04,0,0,0,0,0,0,0,0,0

APPTR,R17,17,ALD
IF,ALD,33.012494,-81.292233, ,0.0,0.0,0,0,0,0,0,0,0,0
TF,JENAK,33.624747,-81.008300,0, ,0.0,0.0,0.0,0.0,2,2000,0,0,0,0,1,0
TF,SUNOE,33.643197,-80.910961,0, ,0.0,0.0,0.0,0.0,2,2000,0,0,0,0,1,0

APPTR,R17,17,COINT
IF,COINT,33.972908,-80.631508, ,0.0,0.0,0,0,0,0,0,0,0,0
TF,KAVNE,33.661569,-80.813581,0, ,0.0,0.0,0.0,0.0,2,2000,0,0,0,0,1,0
TF,SUNOE,33.643197,-80.910961,0, ,0.0,0.0,0.0,0.0,2,2000,0,0,0,0,1,0

APPTR,R17,17,SUNOE
HF,SUNOE,33.643197,-80.910961,2, ,0.0,0.0,164.0,04,2,2000,0,0,0,0,1,0,0

FINAL,R17,17,R,4
IF,SUNOE,33.643197,-80.910961, ,0.0,0.0,2,2000,0,0,0,0,0,0
TF,YAYUS,33.540708,-80.883294,0, ,0.0,0.0,174.0,6.3,2,1800,0,0,0,0,2,0
TF,HILMI,33.509642,-80.874922,0, ,0.0,0.0,174.0,1.9,2,1180,0,0,0,0,0,0
TF,RW17,33.460778,-80.861767,0, ,0.0,0.0,174.0,3.0,1,216,0,0,0,0,3,1
CA,0,174.0,2,595,0,0,0,0,0,0
DF,CUGRA,33.267114,-80.809764,0, ,0.0,0.0,2,2000,0,0,0,0,0,1
HM,CUGRA,33.267114,-80.809764,1, ,0.0,0.0,354.0,04,0,0,0,0,0,0,0,0,0

APPTR,R23,23,FOLGI
HF,FOLGI,33.601264,-80.706158,2, ,0.0,0.0,229.0,04,2,2000,0,0,0,0,1,0,0

APPTR,R23,23,UCERI
IF,UCERI,33.680036,-80.809394, ,0.0,0.0,0,0,0,0,0,0,1,0
TF,FOLGI,33.601264,-80.706158,0, ,0.0,0.0,0.0,0.0,2,2000,0,0,0,0,1,0

APPTR,R23,23,WEVLU
IF,WEVLU,33.522406,-80.603111, ,0.0,0.0,0,0,0,0,0,0,1,0
TF,FOLGI,33.601264,-80.706158,0, ,0.0,0.0,0.0,0.0,2,2000,0,0,0,0,1,0

FINAL,R23,23,R,4
IF,FOLGI,33.601264,-80.706158, ,0.0,0.0,2,2000,0,0,0,0,0,0
TF,TOSCU,33.526197,-80.787978,0, ,0.0,0.0,229.0,6.1,2,1800,0,0,0,0,2,0
TF,RUVVO,33.495969,-80.820864,0, ,0.0,0.0,229.0,2.5,2,1020,0,0,0,0,0,0
TF,RW23,33.465544,-80.853936,0, ,0.0,0.0,229.0,2.5,1,235,0,0,0,0,3,1
CA,0,229.0,2,459,0,0,0,0,0,0
DF,GACEC,33.317992,-81.013833,0, ,0.0,0.0,2,2000,0,0,0,0,0,1
HM,GACEC,33.317992,-81.013833,2, ,0.0,0.0,49.0,04,0,0,0,0,0,0,0,0,0

APPTR,R35,35,CUBAB
IF,CUBAB,33.241372,-80.945469, ,0.0,0.0,0,0,0,0,0,0,1,0
TF,CUGRA,33.267114,-80.809764,0, ,0.0,0.0,0.0,0.0,2,2000,0,0,0,0,1,0

APPTR,R35,35,CUGRA
HF,CUGRA,33.267114,-80.809764,1, ,0.0,0.0,354.0,04,2,2000,0,0,0,0,1,0,0

APPTR,R35,35,JASRI
IF,JASRI,33.292708,-80.673978, ,0.0,0.0,0,0,0,0,0,0,1,0
TF,CUGRA,33.267114,-80.809764,0, ,0.0,0.0,0.0,0.0,2,2000,0,0,0,0,1,0

FINAL,R35,35,R,3
IF,CUGRA,33.267114,-80.809764, ,0.0,0.0,2,2000,0,0,0,0,0,0
TF,HIPTI,33.365892,-80.836261,0, ,0.0,0.0,354.0,6.1,2,1800,0,0,0,0,2,0
TF,RW35,33.446303,-80.857872,0, ,0.0,0.0,354.0,4.9,1,228,0,0,0,0,3,1
CA,0,354.0,2,436,0,0,0,0,0,0
DF,SUNOE,33.643197,-80.910961,0, ,0.0,0.0,2,2000,0,0,0,0,0,1
HM,SUNOE,33.643197,-80.910961,2, ,0.0,0.0,164.0,04,0,0,0,0,0,0,0,0,0

