SID,OCN1,07,1
CA,0,67.0,2,430,0,0,0,0,0,0
VR,2,OCN,173.0,247.0,0,0,0,0,0,0,0,0
VI,2, ,0.0,345.0,0,0,0,0,0,0,0,0
CF,OCN,33.240633,-117.417719,0,OCN,0.0,0.0,30.0,5.0,0,0,0,1,200,0,0,0

SID,OCN1,25,1
CA,0,247.0,2,430,0,0,0,0,0,0
VI,0, ,0.0,232.0,0,0,0,0,0,0,0,0
FA,OCN,33.240633,-117.417719,0,OCN,0.0,0.0,173.0,2,1700,0,0,0,0,0,0
VI,2, ,0.0,347.0,0,0,0,0,0,0,0,0
CF,OCN,33.240633,-117.417719,0,OCN,0.0,0.0,30.0,7.0,0,0,0,1,200,0,0,0

APPTR,R07,07,CATHO
HF,CATHO,33.173681,-117.548761,2, ,0.0,0.0,62.0,04,2,1700,0,0,0,0,1,0,0

APPTR,R07,07,GEWKI
IF,GEWKI,33.254272,-117.574717, ,0.0,0.0,0,0,0,0,0,0,1,0
TF,CATHO,33.173681,-117.548761,0, ,0.0,0.0,0.0,0.0,2,1700,0,0,0,0,1,0

APPTR,R07,07,HIJOS
IF,HIJOS,33.093083,-117.522856, ,0.0,0.0,0,0,0,0,0,0,1,0
TF,CATHO,33.173681,-117.548761,0, ,0.0,0.0,0.0,0.0,2,1700,0,0,0,0,1,0

APPTR,R07,07,PACIF
IF,PACIF,33.285886,-117.748033, ,0.0,0.0,0,0,0,0,0,0,1,0
TF,CATHO,33.173681,-117.548761,0, ,0.0,0.0,0.0,0.0,2,1700,0,0,0,0,1,0

FINAL,R07,07,R,3
IF,CATHO,33.173681,-117.548761, ,0.0,0.0,2,1700,0,0,0,0,0,0
TF,OCICE,33.195458,-117.452906,0, ,0.0,0.0,62.0,5.0,2,1700,0,0,0,0,2,0
TF,RW07,33.217325,-117.355875,0, ,0.0,0.0,62.0,5.1,1,65,0,0,0,0,3,1
CA,0,62.0,2,428,0,0,0,0,0,0
DF,CATHO,33.173681,-117.548761,2, ,0.0,0.0,2,2000,0,0,0,0,0,1
HM,CATHO,33.173681,-117.548761,2, ,0.0,0.0,62.0,04,0,0,0,0,0,0,0,0,0

APPTR,R25,25,BONDO
IF,BONDO,33.194342,-117.027292, ,0.0,0.0,0,0,0,0,0,0,1,0
TF,AJIYO,33.224814,-117.098331,0, ,0.0,0.0,0.0,0.0,2,3600,0,0,0,0,0,0
TF,GIWHE,33.247556,-117.151447,0, ,0.0,0.0,0.0,0.0,2,3200,0,0,0,0,1,0

APPTR,R25,25,FITMU
IF,FITMU,33.329797,-117.168583, ,0.0,0.0,0,0,0,0,0,0,1,0
TF,GIWHE,33.247556,-117.151447,0, ,0.0,0.0,0.0,0.0,2,3200,0,0,0,0,1,0

APPTR,R25,25,HIXAL
IF,HIXAL,33.165311,-117.134347, ,0.0,0.0,0,0,0,0,0,0,1,0
TF,GIWHE,33.247556,-117.151447,0, ,0.0,0.0,0.0,0.0,2,3200,0,0,0,0,1,0

FINAL,R25,25,R,5
IF,GIWHE,33.247556,-117.151447, ,0.0,0.0,2,3200,0,0,0,0,0,0
TF,OCNIH,33.238942,-117.210078,0, ,0.0,0.0,247.0,3.0,2,2700,0,0,0,0,2,0
TF,RUVPE,33.233517,-117.246794,0, ,0.0,0.0,247.0,1.9,2,2000,0,0,0,0,0,0
TF,ZILVI,33.227361,-117.288342,0, ,0.0,0.0,247.0,2.1,2,1200,0,0,0,0,0,0
TF,RW25,33.218628,-117.347142,0, ,0.0,0.0,247.0,3.0,1,83,0,0,0,0,3,1
CA,0,247.0,2,428,0,0,0,0,0,0
DF,CATHO,33.173681,-117.548761,0, ,0.0,0.0,2,2000,0,0,0,0,0,1
HM,CATHO,33.173681,-117.548761,2, ,0.0,0.0,62.0,04,0,0,0,0,0,0,0,0,0

APPTR,V07-A,07,OCN
HF,OCN,33.240633,-117.417719,2, ,0.0,0.0,90.0,04.3,2,2500,0,0,0,0,1,0,0

FINAL,V07-A,07,D,2
IF,OCN,33.240633,-117.417719,OCN,0.0,0.0,2,2500,0,0,0,0,2,0
CF,MA96,33.220211,-117.354472,0,OCN,96.0,3.4,96.0,3.4,1,980,0,0,0,0,3,0
VI,0, ,0.0,30.0,0,0,0,0,0,0,0,0
CF,VISTA,33.219072,-117.234497,0,OCN,82.9,9.3,83.0,5.0,2,5600,0,0,0,0,0,0
HM,VISTA,33.219072,-117.234497,1, ,0.0,0.0,263.0,04.3,2,5600,0,0,0,0,0,0,0

APPTR,V25-A,25,OCN
HF,OCN,33.240633,-117.417719,2, ,0.0,0.0,90.0,04.3,2,2500,0,0,0,0,1,0,0

FINAL,V25-A,25,D,2
IF,OCN,33.240633,-117.417719,OCN,0.0,0.0,2,2500,0,0,0,0,2,0
CF,MA96,33.220211,-117.354472,0,OCN,96.0,3.4,96.0,3.4,1,980,0,0,0,0,3,0
VI,0, ,0.0,30.0,0,0,0,0,0,0,0,0
CF,VISTA,33.219072,-117.234497,0,OCN,82.9,9.3,83.0,5.0,2,5600,0,0,0,0,0,0
HM,VISTA,33.219072,-117.234497,1, ,0.0,0.0,263.0,04.3,2,5600,0,0,0,0,0,0,0

