APPTR,L11,11,ALAKE
HF,ALAKE,38.792944,-88.469244,1, ,0.0,0.0,110.0,04.3,2,2100,0,0,0,0,1,0,0

APPTR,L11,11,BIB
IF,BIB,38.920344,-88.481806, ,0.0,0.0,0,0,0,0,0,0,1,0
TF,ALAKE,38.792944,-88.469244,0,ILZW,0.0,0.0,0.0,0.0,2,2100,0,0,0,0,1,0

APPTR,L11,11,ENL
IF,ENL,38.420000,-89.158997, ,0.0,0.0,0,0,0,0,0,0,1,0
TF,ALAKE,38.792944,-88.469244,0,ILZW,0.0,0.0,0.0,0.0,2,2600,0,0,0,0,1,0

FINAL,L11,11,D,3
IF,ALAKE,38.792944,-88.469244,ILZW,290.1,14.8,2,2100,0,0,0,0,0,0
CF,LYMON,38.747078,-88.277742,0,ILZW,290.2,5.4,110.0,9.4,2,2000,0,0,0,0,2,0
CF,RW11,38.724594,-88.184472,0,ILZW,290.1,0.8,110.0,4.6,1,527,0,0,0,0,3,0
CA,0,110.0,2,890,0,0,0,0,0,0
VI,2, ,0.0,290.0,0,0,0,0,0,0,0,0
CF,ALAKE,38.792944,-88.469244,0,BIB,172.6,7.7,353.0,5.0,2,2400,0,0,0,0,0,0
HM,ALAKE,38.792944,-88.469244,1, ,0.0,0.0,110.0,04.3,0,0,0,0,0,0,0,0,0

APPTR,N04,04,BIB
IF,BIB,38.920344,-88.481806, ,0.0,0.0,0,0,0,0,0,0,0,0
TF,OLY,38.718217,-88.172639,0, ,0.0,0.0,0.0,0.0,2,2400,0,0,0,0,0,0
PI,OLY,38.718217,-88.172639,2,MZZ,183.0,10.0,228,5.0,2,2000,0,0,0,0,1,0
CF,FN03,38.659589,-88.247378,0,MZZ,231.1,162.1,48.0,5.0,2,2000,0,0,0,0,0,0

FINAL,N04,04,N,2
IF,FN03,38.659589,-88.247378,OLY,0.0,0.0,2,2000,0,0,0,0,2,0
CF,RW04,38.716556,-88.178792,0,OLY,0.0,0.0,48.0,4.7,1,505,0,0,0,0,3,0
CF,OLY,38.718217,-88.172639,0,MZZ,231.2,157.1,48.0,0.3,0,0,0,0,0,0,0,1
HM,OLY,38.718217,-88.172639,2, ,0.0,0.0,48.0,04.3,2,2400,0,0,0,0,0,0,0

APPTR,R04,04,HOGTU
IF,HOGTU,38.572631,-88.311289, ,0.0,0.0,3,6000,0,0,0,0,1,0
HF,HOGTU,38.572631,-88.311289,2, ,0.0,0.0,39.0,04,2,3000,0,0,0,0,0,0,0

APPTR,R04,04,KILDE
IF,KILDE,38.621383,-88.397542, ,0.0,0.0,0,0,0,0,0,0,1,0
TF,HOGTU,38.572631,-88.311289,0, ,0.0,0.0,0.0,0.0,2,3000,0,0,0,0,1,0

APPTR,R04,04,PUPJE
IF,PUPJE,38.523814,-88.225153, ,0.0,0.0,0,0,0,0,0,0,1,0
TF,HOGTU,38.572631,-88.311289,0, ,0.0,0.0,0.0,0.0,2,3000,0,0,0,0,1,0

FINAL,R04,04,R,3
IF,HOGTU,38.572631,-88.311289, ,0.0,0.0,2,3000,0,0,0,0,0,0
TF,OBCUJ,38.653878,-88.236575,0, ,0.0,0.0,39.0,6.0,2,2000,0,0,0,0,2,0
TF,RW04,38.716556,-88.178792,0, ,0.0,0.0,39.0,4.6,1,505,0,0,0,0,3,1
CA,0,39.0,2,882,0,0,0,0,0,0
DF,HOGTU,38.572631,-88.311289,2, ,0.0,0.0,2,3000,0,0,0,0,0,1
HM,HOGTU,38.572631,-88.311289,2, ,0.0,0.0,39.0,04,0,0,0,0,0,0,0,0,0

APPTR,R11,11,FOYWU
HF,FOYWU,38.780125,-88.415456,2, ,0.0,0.0,110.0,04,2,3000,0,0,0,0,1,0,0

FINAL,R11,11,R,3
IF,FOYWU,38.780125,-88.415456, ,0.0,0.0,2,3000,0,0,0,0,0,0
TF,WAKDU,38.747375,-88.278953,0, ,0.0,0.0,110.0,6.7,2,2000,0,0,0,0,2,0
TF,RW11,38.724594,-88.184472,0, ,0.0,0.0,110.0,4.6,1,522,0,0,0,0,3,1
CA,0,110.0,2,1500,0,0,0,0,0,0
DF,FOYWU,38.780125,-88.415456,2, ,0.0,0.0,2,3000,0,0,0,0,0,1
HM,FOYWU,38.780125,-88.415456,2, ,0.0,0.0,110.0,04,0,0,0,0,0,0,0,0,0

