APPTR,R22,22,SAHAJ
IF,SAHAJ,30.166461,-93.569594, ,0.0,0.0,0,0,0,0,0,0,1,0
TF,WARES,30.222644,-93.640753,0, ,0.0,0.0,0.0,0.0,2,2000,0,0,0,0,1,0

APPTR,R22,22,WLYMS
IF,WLYMS,30.278789,-93.711994, ,0.0,0.0,0,0,0,0,0,0,1,0
TF,WARES,30.222644,-93.640753,0, ,0.0,0.0,0.0,0.0,2,2000,0,0,0,0,1,0

FINAL,R22,22,R,3
IF,WARES,30.222644,-93.640753, ,0.0,0.0,2,2000,0,0,0,0,0,0
TF,IBCED,30.147900,-93.718844,0, ,0.0,0.0,220.0,6.0,2,2000,0,0,0,0,2,0
TF,RW22,30.073656,-93.796247,0, ,0.0,0.0,220.0,6.0,1,57,0,0,0,0,3,1
DF,KEDKY,30.005511,-93.867153,0, ,0.0,0.0,0,0,0,0,0,0,0,0
TF,POPEY,29.891033,-93.621825,1, ,0.0,0.0,0.0,0.0,2,2000,0,0,0,0,0,1
HM,POPEY,29.891033,-93.621825,2, ,0.0,0.0,296.0,04,0,0,0,0,0,0,0,0,0

