STAR,CBUSS2,WWSHR,4
IF,WWSHR,41.342803,-82.051600, ,0.0,0.0,0,0,0,0,0,0,0,0
TF,WAAHU,40.634503,-82.419469,0, ,0.0,0.0,0.0,0.0,0,0,0,0,0,0,0,0
TF,BUGZZ,40.565011,-82.454067,0, ,0.0,0.0,0.0,0.0,0,0,0,0,0,0,0,0

STAR,CBUSS2,ALL,5
IF,BUGZZ,40.565011,-82.454067, ,0.0,0.0,0,0,0,0,0,0,0,0
TF,AGING,40.454886,-82.491369,0, ,0.0,0.0,0.0,0.0,0,0,0,0,0,0,0,0
TF,RIGEE,40.371236,-82.519619,0, ,0.0,0.0,0.0,0.0,1,5000,0,0,0,0,0,1
FM,RIGEE,40.371236,-82.519619,0,AIR,0.0,0.0,201.0,0,0,0,0,0,0,0,0

STAR,CLPRR3,AIR,4
IF,AIR,40.017025,-80.817228, ,0.0,0.0,2,24000,0,0,0,0,0,0
TF,MEYRR,39.811333,-81.492567,0, ,0.0,0.0,0.0,0.0,4,22000,16000,0,0,0,0,0
TF,CLPRR,39.623942,-82.127247,0, ,0.0,0.0,0.0,0.0,4,18000,11000,0,0,0,0,0

STAR,CLPRR3,ZANDR,4
IF,ZANDR,40.005208,-81.532875, ,0.0,0.0,0,0,0,0,0,0,0,0
TF,SACHO,39.805653,-81.845528,0, ,0.0,0.0,0.0,0.0,0,0,0,0,0,0,0,0
TF,CLPRR,39.623942,-82.127247,0, ,0.0,0.0,0.0,0.0,4,18000,11000,0,0,0,0,0

STAR,CLPRR3,ALL,5
IF,CLPRR,39.623942,-82.127247, ,0.0,0.0,4,18000,11000,0,0,0,0,0
TF,DAYVE,39.719633,-82.296736,0, ,0.0,0.0,0.0,0.0,0,0,0,0,0,0,0,0
TF,WHEEN,39.769883,-82.291942,0, ,0.0,0.0,0.0,0.0,1,9000,0,0,0,0,0,1
FM,WHEEN,39.769883,-82.291942,0,AIR,0.0,0.0,11.0,0,0,0,0,0,0,0,0

STAR,DUBLN1,BRYEN,4
IF,BRYEN,40.854369,-84.780250, ,0.0,0.0,3,23000,0,0,0,0,0,0
TF,CHDRS,40.521358,-83.721158,0, ,0.0,0.0,0.0,0.0,0,0,0,0,0,0,0,0
TF,IKALE,40.443589,-83.479653,0, ,0.0,0.0,0.0,0.0,0,0,0,0,0,0,0,0
TF,MELZZ,40.313422,-83.247186,0, ,0.0,0.0,0.0,0.0,0,0,0,0,0,0,0,0

STAR,DUBLN1,ESSIE,4
IF,ESSIE,40.550000,-83.396339, ,0.0,0.0,1,10000,0,0,0,0,0,0
TF,MELZZ,40.313422,-83.247186,0, ,0.0,0.0,0.0,0.0,0,0,0,0,0,0,0,0

STAR,DUBLN1,FBC,4
IF,FBC,40.955333,-83.756025, ,0.0,0.0,0,0,0,0,0,0,0,0
TF,ESSIE,40.550000,-83.396339,0, ,0.0,0.0,0.0,0.0,1,10000,0,0,0,0,0,0
TF,MELZZ,40.313422,-83.247186,0, ,0.0,0.0,0.0,0.0,0,0,0,0,0,0,0,0

STAR,DUBLN1,JADUB,4
IF,JADUB,40.029714,-85.343461, ,0.0,0.0,2,24000,0,0,0,0,0,0
TF,CYRAH,40.389642,-83.731811,0, ,0.0,0.0,0.0,0.0,0,0,0,0,0,0,0,0
TF,IKALE,40.443589,-83.479653,0, ,0.0,0.0,0.0,0.0,0,0,0,0,0,0,0,0
TF,MELZZ,40.313422,-83.247186,0, ,0.0,0.0,0.0,0.0,0,0,0,0,0,0,0,0

STAR,DUBLN1,ALL,5
IF,MELZZ,40.313422,-83.247186, ,0.0,0.0,0,0,0,0,0,0,0,0
TF,VBILT,40.294550,-83.146525,0, ,0.0,0.0,0.0,0.0,1,5000,0,0,0,0,0,1
FM,VBILT,40.294550,-83.146525,0,AIR,0.0,0.0,111.0,0,0,0,0,0,0,0,0

STAR,JAKTZ2,GETTA,4
IF,GETTA,38.093019,-85.589000, ,0.0,0.0,0,0,0,0,0,0,0,0
TF,JIMUR,39.021561,-84.683925,0, ,0.0,0.0,0.0,0.0,2,24000,0,0,0,0,0,0
TF,MOAKS,39.295189,-84.195919,0, ,0.0,0.0,0.0,0.0,0,0,0,0,0,0,0,0
TF,PODGY,39.391406,-83.945631,0, ,0.0,0.0,0.0,0.0,4,23000,17000,0,0,0,0,0
TF,FISUL,39.503347,-83.651781,0, ,0.0,0.0,0.0,0.0,4,21000,15000,0,0,0,0,0
TF,JAKTZ,39.591022,-83.419586,0, ,0.0,0.0,0.0,0.0,4,16000,10000,0,0,0,0,0

STAR,JAKTZ2,JUDDI,4
IF,JUDDI,38.759356,-86.440172, ,0.0,0.0,0,0,0,0,0,0,0,0
TF,JIMUR,39.021561,-84.683925,0, ,0.0,0.0,0.0,0.0,2,24000,0,0,0,0,0,0
TF,MOAKS,39.295189,-84.195919,0, ,0.0,0.0,0.0,0.0,0,0,0,0,0,0,0,0
TF,PODGY,39.391406,-83.945631,0, ,0.0,0.0,0.0,0.0,4,23000,17000,0,0,0,0,0
TF,FISUL,39.503347,-83.651781,0, ,0.0,0.0,0.0,0.0,4,21000,15000,0,0,0,0,0
TF,JAKTZ,39.591022,-83.419586,0, ,0.0,0.0,0.0,0.0,4,16000,10000,0,0,0,0,0

STAR,JAKTZ2,ALL,5
IF,JAKTZ,39.591022,-83.419586, ,0.0,0.0,4,16000,10000,0,0,0,0,0
TF,RIBLE,39.816447,-83.350575,0, ,0.0,0.0,0.0,0.0,1,10000,0,0,0,0,0,1
FM,RIBLE,39.816447,-83.350575,0,AIR,0.0,0.0,20.0,0,0,0,0,0,0,0,0

STAR,SCRLT2,HACKS,4
IF,HACKS,39.129414,-81.093028, ,0.0,0.0,0,0,0,0,0,0,0,0
TF,SCRLT,39.502914,-82.350839,0, ,0.0,0.0,0.0,0.0,4,17000,10000,0,0,0,0,0

STAR,SCRLT2,MCGNS,4
IF,MCGNS,38.486539,-82.159064, ,0.0,0.0,0,0,0,0,0,0,0,0
TF,ZEDNO,39.090364,-82.272322,0, ,0.0,0.0,0.0,0.0,0,0,0,0,0,0,0,0
TF,SCRLT,39.502914,-82.350839,0, ,0.0,0.0,0.0,0.0,4,17000,10000,0,0,0,0,0

STAR,SCRLT2,ALL,5
IF,SCRLT,39.502914,-82.350839, ,0.0,0.0,4,17000,10000,0,0,0,0,0
TF,WONIK,39.619342,-82.418914,0, ,0.0,0.0,0.0,0.0,0,0,0,0,0,0,0,0
TF,JONPA,39.690906,-82.509819,0, ,0.0,0.0,0.0,0.0,0,0,0,0,0,0,0,0
TF,PAEON,39.794956,-82.493239,0, ,0.0,0.0,0.0,0.0,1,8000,0,0,0,0,0,1
FM,PAEON,39.794956,-82.493239,0,AIR,0.0,0.0,10.0,0,0,0,0,0,0,0,0

APPTR,I09R,09R,LIMPS
IF,LIMPS,39.830061,-83.200833, ,0.0,0.0,0,0,0,0,0,0,0,0
TF,FULER,40.072517,-83.197981,0, ,0.0,0.0,0.0,0.0,2,2700,0,0,0,0,0,0
PI,FULER,40.072517,-83.197981,1,APE,317.0,10.0,272,5.0,2,2700,0,0,0,0,1,0

FINAL,I09R,09R,I,3
IF,IKMUJ,40.067086,-83.330717,IOSU,272.1,12.5,2,2700,0,0,0,0,0,0
CF,FULER,40.072517,-83.197981,0,IOSU,272.1,6.4,92.0,6.1,1,2688,0,0,0,0,2,0
CF,RW09R,40.077147,-83.081603,0,IOSU,272.1,1.0,92.0,5.4,1,952,0,0,0,0,3,0
CA,0,92.0,2,2000,0,0,0,0,0,0
DF,FULER,40.072517,-83.197981,1, ,0.0,0.0,2,3000,0,0,0,0,0,0
HM,FULER,40.072517,-83.197981,1, ,0.0,0.0,92.0,04.3,0,0,0,0,0,0,0,0,0

APPTR,N09R,09R,LIMPS
IF,LIMPS,39.830061,-83.200833, ,0.0,0.0,0,0,0,0,0,0,0,0
TF,OS,40.073617,-83.198061,0, ,0.0,0.0,0.0,0.0,2,2700,0,0,0,0,0,0
PI,OS,40.073617,-83.198061,1,APE,318.0,10.0,273,5.0,2,2700,0,0,0,0,1,0
CF,OS,40.073617,-83.198061,0,APE,266.8,28.5,93.0,8.0,2,2700,0,0,0,0,0,0

FINAL,N09R,09R,N,2
IF,OS,40.073617,-83.198061,OS,0.0,0.0,2,2700,0,0,0,0,2,0
CF,RW09R,40.077147,-83.081603,0,OS,0.0,0.0,93.0,5.4,1,952,0,0,0,0,3,0
CA,0,93.0,2,3100,0,0,0,0,0,0
DF,OS,40.073617,-83.198061,1, ,0.0,0.0,0,0,0,0,0,0,0,0
HM,OS,40.073617,-83.198061,1, ,0.0,0.0,92.0,04.3,0,0,0,0,0,0,0,0,0

APPTR,R09R,09R,APE
IF,APE,40.151064,-82.588300, ,0.0,0.0,0,0,0,0,0,0,0,0
TF,GLYBU,40.067372,-83.323781,0, ,0.0,0.0,0.0,0.0,2,3000,0,0,0,0,0,1
HF,GLYBU,40.067372,-83.323781,2, ,0.0,0.0,92.0,04,2,3000,0,0,0,0,1,0,0

APPTR,R09R,09R,MECAN
IF,MECAN,40.086181,-83.508222, ,0.0,0.0,0,0,0,0,0,0,1,0
TF,GLYBU,40.067372,-83.323781,0, ,0.0,0.0,0.0,0.0,2,3000,0,0,0,0,1,0

FINAL,R09R,09R,R,3
IF,GLYBU,40.067372,-83.323781, ,0.0,0.0,2,3000,0,0,0,0,0,0
TF,YOPDU,40.072683,-83.193808,0, ,0.0,0.0,92.0,6.0,2,2600,0,0,0,0,2,0
TF,RW09R,40.077147,-83.081603,0, ,0.0,0.0,92.0,5.2,1,952,0,0,0,0,3,1
CA,0,92.0,2,1101,0,0,0,0,0,0
DF,KOLNY,40.086144,-82.846878,0, ,0.0,0.0,2,3200,0,0,0,0,0,1
HM,KOLNY,40.086144,-82.846878,2, ,0.0,0.0,272.0,04,0,0,0,0,0,0,0,0,0

APPTR,R27L,27L,APE
IF,APE,40.151064,-82.588300, ,0.0,0.0,0,0,0,0,0,0,1,0
TF,KOLNY,40.086144,-82.846878,0, ,0.0,0.0,0.0,0.0,2,3000,0,0,0,0,1,0

APPTR,R27L,27L,DIPNE
IF,DIPNE,40.113292,-83.136692, ,0.0,0.0,0,0,0,0,0,0,0,0
TF,KOLNY,40.086144,-82.846878,0, ,0.0,0.0,0.0,0.0,2,3000,0,0,0,0,0,1
HF,KOLNY,40.086144,-82.846878,2, ,0.0,0.0,272.0,04,2,3000,0,0,0,0,1,0,0

FINAL,R27L,27L,R,4
IF,KOLNY,40.086144,-82.846878, ,0.0,0.0,2,3000,0,0,0,0,0,0
TF,RITOQ,40.081978,-82.957131,0, ,0.0,0.0,272.0,5.1,2,2500,0,0,0,0,2,0
TF,HUBIM,40.079206,-83.029053,0, ,0.0,0.0,272.0,3.3,2,1420,0,0,0,0,0,0
TF,RW27L,40.077847,-83.063747,0, ,0.0,0.0,272.0,1.6,1,934,0,0,0,0,3,1
CA,0,272.0,2,1139,0,0,0,0,0,0
DF,GLYBU,40.067372,-83.323781,0, ,0.0,0.0,2,3200,0,0,0,0,0,1
HM,GLYBU,40.067372,-83.323781,2, ,0.0,0.0,92.0,04,0,0,0,0,0,0,0,0,0

