SID,CLIOS2,06,1
VA,0,64.0,2,710,0,0,0,0,0,0
VI,1, ,0.0,330.0,0,0,0,0,0,0,0,0
CF,CLIOS,31.692886,-85.671164,0,OZR,9.4,25.5,9.0,21.0,0,0,0,0,0,0,0,0

SID,CLIOS2,18,1
VA,0,184.0,2,710,0,0,0,0,0,0
VI,1, ,0.0,330.0,0,0,0,0,0,0,0,0
CF,CLIOS,31.692886,-85.671164,0,OZR,9.4,25.5,9.0,19.0,0,0,0,0,0,0,0,0

SID,CLIOS2,24,1
VA,0,244.0,2,710,0,0,0,0,0,0
VI,2, ,0.0,50.0,0,0,0,0,0,0,0,0
CF,CLIOS,31.692886,-85.671164,0,OZR,9.4,25.5,9.0,20.0,0,0,0,0,0,0,0,0

SID,CLIOS2,36,1
VA,0,4.0,2,710,0,0,0,0,0,0
VI,0, ,0.0,350.0,0,0,0,0,0,0,0,0
CF,CLIOS,31.692886,-85.671164,0,OZR,9.4,25.5,9.0,24.0,0,0,0,0,0,0,0,0

SID,HAXES1,06,4
VA,0,64.0,2,801,0,0,0,0,0,0
DF,HAXES,31.442428,-86.015789,1, ,0.0,0.0,3,6000,0,0,0,0,0,0

SID,HAXES1,18,4
VA,0,184.0,2,801,0,0,0,0,0,0
DF,HAXES,31.442428,-86.015789,2, ,0.0,0.0,3,6000,0,0,0,0,0,0

SID,HAXES1,24,4
VA,0,244.0,2,801,0,0,0,0,0,0
DF,HAXES,31.442428,-86.015789,0, ,0.0,0.0,3,6000,0,0,0,0,0,0

SID,HAXES1,36,4
VA,0,4.0,2,801,0,0,0,0,0,0
DF,HAXES,31.442428,-86.015789,0, ,0.0,0.0,3,6000,0,0,0,0,0,0

SID,HAXES1,ENNTT,6
IF,HAXES,31.442428,-86.015789, ,0.0,0.0,3,6000,0,0,0,0,0,0
TF,ENNTT,31.689281,-86.317297,0, ,0.0,0.0,0.0,0.0,3,6000,0,0,0,0,0,0

SID,HOUND2,06,1
CA,0,64.0,2,701,0,0,0,0,0,0
VI,2, ,0.0,205.0,0,0,0,0,0,0,0,0
CF,HOUND,31.084650,-85.727850,0,OZR,183.4,11.0,183.0,2.0,0,0,0,0,0,0,0,0

SID,HOUND2,18,1
CA,0,184.0,2,701,0,0,0,0,0,0
VI,0, ,0.0,205.0,0,0,0,0,0,0,0,0
CF,HOUND,31.084650,-85.727850,0,OZR,183.4,11.0,183.0,9.0,0,0,0,0,0,0,0,0

SID,HOUND2,24,1
CA,0,244.0,2,701,0,0,0,0,0,0
VI,1, ,0.0,120.0,0,0,0,0,0,0,0,0
CF,HOUND,31.084650,-85.727850,0,OZR,183.4,11.0,183.0,8.0,0,0,0,0,0,0,0,0

SID,HOUND2,36,1
CA,0,4.0,2,701,0,0,0,0,0,0
VI,2, ,0.0,205.0,0,0,0,0,0,0,0,0
CF,HOUND,31.084650,-85.727850,0,OZR,183.4,11.0,183.0,2.0,0,0,0,0,0,0,0,0

SID,OPPTO2,06,1
CA,0,64.0,2,701,0,0,0,0,0,0
VM,0,0,1,270.0,0,0,0,0,0,0,0,0
CF,OPPTO,31.268281,-86.181058,0,OZR,273.0,23.4,273.0,23.0,0,0,0,0,0,0,0,0

SID,OPPTO2,18,1
CA,0,184.0,2,701,0,0,0,0,0,0
VM,0,0,0,205.0,0,0,0,0,0,0,0,0
CF,OPPTO,31.268281,-86.181058,0,OZR,273.0,23.4,273.0,23.0,0,0,0,0,0,0,0,0

SID,OPPTO2,24,1
CA,0,244.0,2,701,0,0,0,0,0,0
VM,0,0,0,300.0,0,0,0,0,0,0,0,0
CF,OPPTO,31.268281,-86.181058,0,OZR,273.0,23.4,273.0,23.0,0,0,0,0,0,0,0,0

SID,OPPTO2,36,1
CA,0,4.0,2,701,0,0,0,0,0,0
VM,0,0,1,270.0,0,0,0,0,0,0,0,0
CF,OPPTO,31.268281,-86.181058,0,OZR,273.0,23.4,273.0,23.0,0,0,0,0,0,0,0,0

SID,OPPTO2,CEW,3
IF,OPPTO,31.268281,-86.181058, ,0.0,0.0,0,0,0,0,0,0,0,0
TF,CEW,30.826175,-86.679144,0, ,0.0,0.0,0.0,0.0,0,0,0,0,0,0,0,0

SID,OZR1,06,4
VA,0,64.0,2,801,0,0,0,0,0,0
DF,HOUND,31.084650,-85.727850,2, ,0.0,0.0,0,0,0,0,0,0,0,0

SID,OZR1,18,4
DF,HOUND,31.084650,-85.727850,0, ,0.0,0.0,0,0,0,0,0,0,0,0

SID,OZR1,24,4
VA,0,244.0,2,801,0,0,0,0,0,0
DF,HOUND,31.084650,-85.727850,0, ,0.0,0.0,0,0,0,0,0,0,0,0

SID,OZR1,36,4
VA,0,4.0,2,801,0,0,0,0,0,0
DF,HOUND,31.084650,-85.727850,2, ,0.0,0.0,0,0,0,0,0,0,0,0

SID,OZR1,DARED,6
IF,HOUND,31.084650,-85.727850, ,0.0,0.0,0,0,0,0,0,0,0,0
TF,DARED,31.001486,-85.850658,0, ,0.0,0.0,0.0,0.0,0,0,0,0,0,0,0,0

SID,POPER1,06,1
CA,0,64.0,2,701,0,0,0,0,0,0
VI,2, ,0.0,205.0,0,0,0,0,0,0,0,0
CF,HOUND,31.084650,-85.727850,0,OZR,183.4,11.0,183.0,2.0,0,0,0,0,0,0,0,0

SID,POPER1,18,1
CA,0,184.0,2,701,0,0,0,0,0,0
VI,0, ,0.0,205.0,0,0,0,0,0,0,0,0
CF,HOUND,31.084650,-85.727850,0,OZR,183.4,11.0,183.0,9.0,0,0,0,0,0,0,0,0

SID,POPER1,24,1
CA,0,244.0,2,701,0,0,0,0,0,0
VI,1, ,0.0,120.0,0,0,0,0,0,0,0,0
CF,HOUND,31.084650,-85.727850,0,OZR,183.4,11.0,183.0,8.0,0,0,0,0,0,0,0,0

SID,POPER1,36,1
CA,0,4.0,2,701,0,0,0,0,0,0
VI,2, ,0.0,205.0,0,0,0,0,0,0,0,0
CF,HOUND,31.084650,-85.727850,0,OZR,183.4,11.0,183.0,2.0,0,0,0,0,0,0,0,0

SID,POPER1,ALL,2
IF,HOUND,31.084650,-85.727850, ,0.0,0.0,0,0,0,0,0,0,0,0
TF,POPER,30.973211,-85.501433,0, ,0.0,0.0,0.0,0.0,0,0,0,0,0,0,0,0

SID,POPER1,CHEWS,3
IF,POPER,30.973211,-85.501433, ,0.0,0.0,0,0,0,0,0,0,0,0
TF,CHEWS,30.798725,-85.540603,0, ,0.0,0.0,0.0,0.0,0,0,0,0,0,0,0,0

SID,POPER1,MAI,3
IF,POPER,30.973211,-85.501433, ,0.0,0.0,0,0,0,0,0,0,0,0
TF,MAI,30.786194,-85.124467,0, ,0.0,0.0,0.0,0.0,0,0,0,0,0,0,0,0

SID,SKIPO2,06,1
CA,0,64.0,2,701,0,0,0,0,0,0
VI,0, ,0.0,360.0,0,0,0,0,0,0,0,0
CF,SKIPO,31.549381,-85.588878,0,OZR,25.8,18.2,26.0,14.0,0,0,0,0,0,0,0,0

SID,SKIPO2,18,1
CA,0,184.0,2,701,0,0,0,0,0,0
VI,1, ,0.0,360.0,0,0,0,0,0,0,0,0
CF,SKIPO,31.549381,-85.588878,0,OZR,25.8,18.2,26.0,8.0,0,0,0,0,0,0,0,0

SID,SKIPO2,24,1
CA,0,244.0,2,701,0,0,0,0,0,0
VI,2, ,0.0,50.0,0,0,0,0,0,0,0,0
CF,SKIPO,31.549381,-85.588878,0,OZR,25.8,18.2,26.0,10.0,0,0,0,0,0,0,0,0

SID,SKIPO2,36,1
CA,0,4.0,2,701,0,0,0,0,0,0
VI,0, ,0.0,360.0,0,0,0,0,0,0,0,0
CF,SKIPO,31.549381,-85.588878,0,OZR,25.8,18.2,26.0,17.0,0,0,0,0,0,0,0,0

APPTR,I06,06,EDN
IF,EDN,31.296372,-85.902736, ,0.0,0.0,2,2000,0,0,0,0,0,0
TF,JAMUP,31.223611,-85.817833,0, ,0.0,0.0,0.0,0.0,4,6000,2000,0,0,0,0,0
PI,JAMUP,31.223611,-85.817833,2,OZR,199.0,10.0,244,5.0,2,2000,0,0,0,0,1,0

APPTR,I06,06,RRS
IF,RRS,31.284586,-85.431208, ,0.0,0.0,4,6000,2000,0,0,0,0,0
TF,JAMUP,31.223611,-85.817833,0, ,0.0,0.0,0.0,0.0,4,6000,2000,0,0,0,0,0
PI,JAMUP,31.223611,-85.817833,2,OZR,199.0,10.0,244,5.0,2,2000,0,0,0,0,1,0

FINAL,I06,06,I,3
IF,JONAL,31.174058,-85.920319,IOZR,243.7,12.7,2,2000,0,0,0,0,0,0
CF,JAMUP,31.223611,-85.817833,0,IOZR,243.7,6.7,64.0,6.1,1,2000,0,0,0,0,2,0
CF,RW06,31.270614,-85.720367,0,IOZR,243.8,0.9,64.0,5.7,1,353,0,0,0,0,3,0
CA,0,64.0,2,800,0,0,0,0,0,0
DF,RRS,31.284586,-85.431208,0, ,0.0,0.0,2,2000,0,0,0,0,0,0
HM,RRS,31.284586,-85.431208,1, ,0.0,0.0,330.0,04.3,3,6000,0,1,230,0,0,0,0

APPTR,R06,06,EDN
IF,EDN,31.296372,-85.902736, ,0.0,0.0,2,2000,0,0,0,0,0,0
TF,JONAL,31.174058,-85.920319,0, ,0.0,0.0,0.0,0.0,2,2000,0,0,0,0,0,0
HF,JONAL,31.174058,-85.920319,2, ,0.0,0.0,64.0,05,2,2000,0,1,230,0,1,0,0

APPTR,R06,06,HOUND
IF,HOUND,31.084650,-85.727850, ,0.0,0.0,2,2000,0,0,0,0,0,0
TF,JONAL,31.174058,-85.920319,0, ,0.0,0.0,0.0,0.0,2,2000,0,0,0,0,0,0
HF,JONAL,31.174058,-85.920319,2, ,0.0,0.0,64.0,05,2,2000,0,1,230,0,1,0,0

APPTR,R06,06,OPPTO
IF,OPPTO,31.268281,-86.181058, ,0.0,0.0,2,2000,0,0,0,0,1,0
TF,JONAL,31.174058,-85.920319,0, ,0.0,0.0,0.0,0.0,2,2000,0,0,0,0,1,0

FINAL,R06,06,R,4
IF,JONAL,31.174058,-85.920319, ,0.0,0.0,2,2000,0,0,0,0,0,0
TF,JAMUP,31.223611,-85.817833,0, ,0.0,0.0,64.0,6.1,2,2000,0,0,0,0,2,1
TF,YOYLU,31.245303,-85.772881,0, ,0.0,0.0,64.0,2.7,2,1240,0,0,0,0,0,0
TF,RW06,31.270614,-85.720367,0, ,0.0,0.0,64.0,3.1,1,353,0,0,0,0,3,1
CA,0,64.0,2,498,0,0,0,0,0,0
DF,ZAKAB,31.335892,-85.584572,0, ,0.0,0.0,2,2000,0,0,0,0,0,1
HM,ZAKAB,31.335892,-85.584572,2, ,0.0,0.0,244.0,05,3,6000,0,1,230,0,0,0,0

APPTR,R36,36,EPARR
IF,EPARR,31.071708,-85.813761, ,0.0,0.0,2,3000,0,1,210,0,1,0
TF,GWEBB,31.070361,-85.716742,0, ,0.0,0.0,0.0,0.0,1,3000,0,1,185,0,1,0

APPTR,R36,36,GWEBB
HF,GWEBB,31.070361,-85.716742,2, ,0.0,0.0,4.0,04,2,3000,0,1,230,0,1,0,0

APPTR,R36,36,JDRIG
IF,JDRIG,31.068939,-85.619725, ,0.0,0.0,2,3000,0,1,210,0,1,0
TF,GWEBB,31.070361,-85.716742,0, ,0.0,0.0,0.0,0.0,1,3000,0,1,185,0,1,0

FINAL,R36,36,R,3
IF,GWEBB,31.070361,-85.716742, ,0.0,0.0,1,3000,0,1,185,0,0,0
TF,LEEPH,31.185239,-85.714531,0, ,0.0,0.0,4.0,6.9,2,2000,0,0,0,0,2,0
TF,RW36,31.270781,-85.712881,0, ,0.0,0.0,4.0,5.1,1,347,0,0,0,0,3,1
CA,0,4.0,2,548,0,0,0,0,0,0
DF,RKEMP,31.588097,-85.706733,0, ,0.0,0.0,2,2000,0,0,0,0,0,1
HM,RKEMP,31.588097,-85.706733,1, ,0.0,0.0,184.0,04,3,6000,0,1,230,0,0,0,0

APPTR,S06,06,HOUND
IF,HOUND,31.084650,-85.727850, ,0.0,0.0,2,2000,0,0,0,0,0,0
TF,OZR,31.268947,-85.726311,0, ,0.0,0.0,0.0,0.0,2,2000,0,0,0,0,0,0
PI,OZR,31.268947,-85.726311,1,OZR,281.0,10.0,236,5.0,2,2000,0,0,0,0,1,0
CF,FF06,31.219997,-85.801861,0,OZR,236.0,4.9,56.0,5.1,2,2000,0,0,0,0,0,0

APPTR,S06,06,OPPTO
IF,OPPTO,31.268281,-86.181058, ,0.0,0.0,2,2000,0,0,0,0,0,0
TF,OZR,31.268947,-85.726311,0, ,0.0,0.0,0.0,0.0,2,2000,0,0,0,0,0,0
PI,OZR,31.268947,-85.726311,1,OZR,281.0,10.0,236,5.0,2,2000,0,0,0,0,1,0
CF,FF06,31.219997,-85.801861,0,OZR,236.0,4.9,56.0,5.1,2,2000,0,0,0,0,0,0

APPTR,S06,06,RRS
IF,RRS,31.284586,-85.431208, ,0.0,0.0,2,2000,0,0,0,0,0,0
TF,OZR,31.268947,-85.726311,0, ,0.0,0.0,0.0,0.0,2,2000,0,0,0,0,0,0
PI,OZR,31.268947,-85.726311,1,OZR,281.0,10.0,236,5.0,2,2000,0,0,0,0,1,0
CF,FF06,31.219997,-85.801861,0,OZR,236.0,4.9,56.0,5.1,2,2000,0,0,0,0,0,0

FINAL,S06,06,D,2
IF,FF06,31.219997,-85.801861,OZR,236.0,4.9,2,2000,0,0,0,0,2,0
CF,OZR,31.268947,-85.726311,0,OZR,0.0,0.0,56.0,4.9,1,451,0,0,0,0,3,0
CA,0,56.0,2,701,0,0,0,0,0,0
CF,REHOB,31.128594,-85.662767,2,OZR,161.7,9.0,162.0,9.0,2,2000,0,0,0,0,0,0
HM,REHOB,31.128594,-85.662767,2, ,0.0,0.0,342.0,04.3,3,5000,0,1,230,0,0,0,0

APPTR,S24,24,HOUND
IF,HOUND,31.084650,-85.727850, ,0.0,0.0,2,2000,0,0,0,0,0,0
TF,OZR,31.268947,-85.726311,0, ,0.0,0.0,0.0,0.0,2,2000,0,0,0,0,0,0
TF,TUPPS,31.354122,-85.531575,0, ,0.0,0.0,0.0,0.0,2,2000,0,0,0,0,0,0
HF,TUPPS,31.354122,-85.531575,1, ,0.0,0.0,246.0,04.3,2,2000,0,1,230,0,1,0,0

APPTR,S24,24,OPPTO
IF,OPPTO,31.268281,-86.181058, ,0.0,0.0,2,2000,0,0,0,0,0,0
TF,OZR,31.268947,-85.726311,0, ,0.0,0.0,0.0,0.0,2,2000,0,0,0,0,0,0
TF,TUPPS,31.354122,-85.531575,0, ,0.0,0.0,0.0,0.0,2,2000,0,0,0,0,0,0
HF,TUPPS,31.354122,-85.531575,1, ,0.0,0.0,246.0,04.3,2,2000,0,1,230,0,1,0,0

APPTR,S24,24,RRS
IF,RRS,31.284586,-85.431208, ,0.0,0.0,2,2000,0,0,0,0,1,0
TF,TUPPS,31.354122,-85.531575,0, ,0.0,0.0,0.0,0.0,2,2000,0,0,0,0,1,0

FINAL,S24,24,D,3
IF,TUPPS,31.354122,-85.531575,OZR,66.0,11.2,2,2000,0,0,0,0,0,0
CF,ARTTS,31.303756,-85.647075,0,OZR,65.9,4.6,246.0,6.7,2,1500,0,0,0,0,2,0
CF,RW24,31.276722,-85.707672,0,OZR,67.1,1.1,246.0,3.5,1,340,0,0,0,0,3,0
CF,OZR,31.268947,-85.726311,0,OZR,0.0,0.0,246.0,1.1,0,0,0,0,0,0,0,1
CA,0,246.0,2,800,0,0,0,0,0,0
CF,REHOB,31.128594,-85.662767,0,OZR,161.7,9.0,162.0,9.0,2,2000,0,0,0,0,0,0
HM,REHOB,31.128594,-85.662767,2, ,0.0,0.0,342.0,04.3,3,6000,0,1,230,0,0,0,0

