SID,IZTIR2,09,4
VA,0,90.0,2,3600,0,1,200,0,0,0
DF,HAWRA,33.434014,-110.840664,1, ,0.0,0.0,0,0,0,1,200,0,0,0
TF,RIPUW,33.590633,-111.051269,0, ,0.0,0.0,0.0,0.0,1,7000,0,1,200,0,0,0
TF,IZTIR,33.737544,-111.127950,0, ,0.0,0.0,0.0,0.0,0,0,0,1,250,0,0,0

SID,IZTIR2,27,4
VA,0,270.0,2,3900,0,1,200,0,0,0
DF,HAWRA,33.434014,-110.840664,0, ,0.0,0.0,0,0,0,1,200,0,0,0
TF,RIPUW,33.590633,-111.051269,0, ,0.0,0.0,0.0,0.0,1,7000,0,1,200,0,0,0
TF,IZTIR,33.737544,-111.127950,0, ,0.0,0.0,0.0,0.0,0,0,0,1,250,0,0,0

APPTR,R27,27,GRINE
IF,GRINE,33.607869,-111.489256, ,0.0,0.0,0,0,0,0,0,0,0,0
TF,BILDY,33.419200,-110.738222,0, ,0.0,0.0,0.0,0.0,2,8500,0,0,0,0,0,0
TF,IFURI,33.343942,-110.446497,0, ,0.0,0.0,0.0,0.0,2,7200,0,0,0,0,0,1
HF,IFURI,33.343942,-110.446497,1, ,0.0,0.0,275.0,07,2,7200,0,0,0,0,1,0,0

FINAL,R27,27,R,4
IF,IFURI,33.343942,-110.446497, ,0.0,0.0,2,7200,0,0,0,0,0,0
TF,HURFY,33.346678,-110.542250,0, ,0.0,0.0,260.0,4.8,2,5800,0,0,0,0,2,0
TF,WUNVO,33.347953,-110.587606,0, ,0.0,0.0,260.0,2.3,2,4780,0,0,0,0,0,0
TF,GOBFO,33.349550,-110.645342,0, ,0.0,0.0,260.0,2.9,1,3487,0,0,0,0,3,1
CA,0,260.0,2,4600,0,0,0,0,0,0
DF,IFURI,33.343942,-110.446497,2, ,0.0,0.0,2,7200,0,1,175,0,0,1
HM,IFURI,33.343942,-110.446497,1, ,0.0,0.0,275.0,04,2,7200,0,1,230,0,0,0,0

