STAR,PYE3,ENI,1
IF,ENI,39.053217,-123.274328, ,0.0,0.0,0,0,0,0,0,0,0,0
TF,PYE,38.079756,-122.867828,0, ,0.0,0.0,0.0,0.0,0,0,0,0,0,0,0,0

STAR,PYE3,SAC,1
IF,SAC,38.443739,-121.551653, ,0.0,0.0,0,0,0,0,0,0,0,0
TF,POPES,38.485947,-122.345878,0, ,0.0,0.0,0.0,0.0,0,0,0,0,0,0,0,0
TF,PYE,38.079756,-122.867828,0, ,0.0,0.0,0.0,0.0,0,0,0,0,0,0,0,0

STAR,PYE3,ALL,2
IF,PYE,38.079756,-122.867828, ,0.0,0.0,0,0,0,0,0,0,0,0
TF,STINS,37.823678,-122.756683,0, ,0.0,0.0,0.0,0.0,0,0,0,0,0,0,0,0
TF,HADLY,37.402358,-122.575592,0, ,0.0,0.0,0.0,0.0,0,0,0,0,0,0,0,0
TF,OSI,37.392500,-122.281303,0, ,0.0,0.0,0.0,0.0,0,0,0,0,0,0,0,0

APPTR,R31,31,CREDO
IF,CREDO,37.145267,-121.986372, ,0.0,0.0,0,0,0,0,0,0,1,0
TF,DOCAL,37.243969,-122.020589,0, ,0.0,0.0,0.0,0.0,2,4500,0,0,0,0,1,0

APPTR,R31,31,SAPID
IF,SAPID,37.191314,-122.179722, ,0.0,0.0,0,0,0,0,0,0,1,0
TF,YERKS,37.231186,-122.059372,0, ,0.0,0.0,0.0,0.0,2,4800,0,0,0,0,0,0
TF,DOCAL,37.243969,-122.020589,0, ,0.0,0.0,0.0,0.0,2,4500,0,0,0,0,1,0

FINAL,R31,31,R,4
IF,DOCAL,37.243969,-122.020589, ,0.0,0.0,2,4500,0,0,0,0,0,0
TF,ACHOZ,37.303431,-122.041394,0, ,0.0,0.0,329.0,3.7,2,3500,0,0,0,0,0,0
TF,PUDBY,37.381558,-122.068006,0, ,0.0,0.0,330.0,4.9,2,2200,0,0,0,0,2,0
TF,GIDGY,37.452022,-122.106031,0, ,0.0,0.0,322.0,4.6,1,241,0,0,0,0,3,1
CA,0,322.0,2,1400,0,0,0,0,0,0
DF,SJC,37.374711,-121.944669,2, ,0.0,0.0,2,3000,0,0,0,0,0,1
HM,SJC,37.374711,-121.944669,1, ,0.0,0.0,286.0,04,0,0,0,0,0,0,0,0,0

