APPTR,R18,18,PHK
IF,PHK,26.782742,-80.691433, ,0.0,0.0,0,0,0,0,0,0,0,0
TF,WIKIN,26.966453,-80.716100,0, ,0.0,0.0,0.0,0.0,2,1500,0,0,0,0,0,1
HF,WIKIN,26.966453,-80.716100,1, ,0.0,0.0,181.0,04,2,1500,0,0,0,0,1,0,0

FINAL,R18,18,R,3
IF,WIKIN,26.966453,-80.716100, ,0.0,0.0,2,1500,0,0,0,0,0,0
TF,SETUE,26.864928,-80.703372,0, ,0.0,0.0,181.0,6.1,2,1500,0,0,0,0,2,0
TF,RW18,26.790389,-80.694025,0, ,0.0,0.0,181.0,4.5,1,71,0,0,0,0,3,1
CA,0,181.0,2,342,0,0,0,0,0,0
DF,PASAE,26.604639,-80.670808,0, ,0.0,0.0,2,2000,0,0,0,0,0,1
HM,PASAE,26.604639,-80.670808,2, ,0.0,0.0,1.0,04,0,0,0,0,0,0,0,0,0

APPTR,R36,36,HEDLY
IF,HEDLY,26.582669,-80.597011, ,0.0,0.0,0,0,0,0,0,0,1,0
TF,PASAE,26.604639,-80.670808,0, ,0.0,0.0,0.0,0.0,2,1500,0,0,0,0,1,0

APPTR,R36,36,PHK
IF,PHK,26.782742,-80.691433, ,0.0,0.0,0,0,0,0,0,0,0,0
TF,PASAE,26.604639,-80.670808,0, ,0.0,0.0,0.0,0.0,2,1500,0,0,0,0,0,1
HF,PASAE,26.604639,-80.670808,2, ,0.0,0.0,1.0,04,2,1500,0,0,0,0,1,0,0

APPTR,R36,36,THNDR
IF,THNDR,26.627322,-80.866586, ,0.0,0.0,0,0,0,0,0,0,0,0
TF,PASAE,26.604639,-80.670808,0, ,0.0,0.0,0.0,0.0,2,1500,0,0,0,0,0,1
HF,PASAE,26.604639,-80.670808,2, ,0.0,0.0,1.0,04,2,1500,0,0,0,0,1,0,0

FINAL,R36,36,R,3
IF,PASAE,26.604639,-80.670808, ,0.0,0.0,2,1500,0,0,0,0,0,0
TF,HOREP,26.704989,-80.683333,0, ,0.0,0.0,1.0,6.0,2,1500,0,0,0,0,2,0
TF,RW36,26.779550,-80.692667,0, ,0.0,0.0,1.0,4.5,1,71,0,0,0,0,3,1
CA,0,1.0,2,416,0,0,0,0,0,0
DF,WIKIN,26.966453,-80.716100,0, ,0.0,0.0,2,2000,0,0,0,0,0,1
HM,WIKIN,26.966453,-80.716100,1, ,0.0,0.0,181.0,04,0,0,0,0,0,0,0,0,0

