APPTR,R06,06,BUCLA
HF,BUCLA,40.822969,-88.841225,2, ,0.0,0.0,60.0,04,2,3000,0,0,0,0,1,0,0

APPTR,R06,06,HUMUL
IF,HUMUL,40.778719,-89.060658, ,0.0,0.0,0,0,0,0,0,0,1,0
TF,BUCLA,40.822969,-88.841225,0, ,0.0,0.0,0.0,0.0,2,3000,0,0,0,0,1,0

APPTR,R06,06,RBS
IF,RBS,40.581703,-88.164267, ,0.0,0.0,0,0,0,0,0,0,0,0
TF,METSE,40.751994,-88.783639,0, ,0.0,0.0,0.0,0.0,2,3000,0,0,0,0,1,0
TF,BUCLA,40.822969,-88.841225,0, ,0.0,0.0,0.0,0.0,2,3000,0,0,0,0,1,0

APPTR,R06,06,SMARS
IF,SMARS,41.127272,-88.860617, ,0.0,0.0,0,0,0,0,0,0,0,0
TF,LARTE,40.893914,-88.898933,0, ,0.0,0.0,0.0,0.0,2,3000,0,0,0,0,1,0
TF,BUCLA,40.822969,-88.841225,0, ,0.0,0.0,0.0,0.0,2,3000,0,0,0,0,1,0

FINAL,R06,06,R,3
IF,BUCLA,40.822969,-88.841225, ,0.0,0.0,2,3000,0,0,0,0,0,0
TF,CEGRA,40.877294,-88.725114,0, ,0.0,0.0,60.0,6.2,2,2300,0,0,0,0,2,0
TF,RW06,40.920864,-88.631667,0, ,0.0,0.0,60.0,5.0,1,689,0,0,0,0,3,1
CA,0,60.0,2,1040,0,0,0,0,0,0
DF,KEJDO,41.025525,-88.406025,0, ,0.0,0.0,2,3000,0,0,0,0,0,1
HM,KEJDO,41.025525,-88.406025,2, ,0.0,0.0,241.0,04,0,0,0,0,0,0,0,0,0

APPTR,R24,24,KEJDO
HF,KEJDO,41.025525,-88.406025,2, ,0.0,0.0,241.0,04,2,3000,0,0,0,0,1,0,0

APPTR,R24,24,MOTIF
IF,MOTIF,41.229589,-88.500986, ,0.0,0.0,0,0,0,0,0,0,0,0
TF,USUTE,41.096689,-88.463436,0, ,0.0,0.0,0.0,0.0,2,3000,0,0,0,0,1,0
TF,KEJDO,41.025525,-88.406025,0, ,0.0,0.0,0.0,0.0,2,3000,0,0,0,0,1,0

APPTR,R24,24,RBS
IF,RBS,40.581703,-88.164267, ,0.0,0.0,0,0,0,0,0,0,0,0
TF,ILEBY,40.954331,-88.348739,0, ,0.0,0.0,0.0,0.0,2,3000,0,0,0,0,1,0
TF,KEJDO,41.025525,-88.406025,0, ,0.0,0.0,0.0,0.0,2,3000,0,0,0,0,1,0

FINAL,R24,24,R,3
IF,KEJDO,41.025525,-88.406025, ,0.0,0.0,2,3000,0,0,0,0,0,0
TF,VONFY,40.971194,-88.523367,0, ,0.0,0.0,241.0,6.3,2,2300,0,0,0,0,2,0
TF,RW24,40.928042,-88.616244,0, ,0.0,0.0,241.0,5.0,1,701,0,0,0,0,3,1
CA,0,241.0,2,916,0,0,0,0,0,0
DF,BUCLA,40.822969,-88.841225,0, ,0.0,0.0,2,3000,0,0,0,0,0,1
HM,BUCLA,40.822969,-88.841225,2, ,0.0,0.0,60.0,04,0,0,0,0,0,0,0,0,0

