APPTR,R16,16,CATVO
IF,CATVO,30.861428,-93.116086, ,0.0,0.0,0,0,0,0,0,0,0,0
TF,COCOS,31.228531,-93.264753,0, ,0.0,0.0,0.0,0.0,2,2000,0,0,0,0,0,1
HF,COCOS,31.228531,-93.264753,2, ,0.0,0.0,160.0,05,2,2000,0,1,230,0,1,0,0

APPTR,R16,16,DXB
IF,DXB,30.752136,-93.334747, ,0.0,0.0,0,0,0,0,0,0,0,0
TF,COCOS,31.228531,-93.264753,0, ,0.0,0.0,0.0,0.0,2,2000,0,0,0,0,0,1
HF,COCOS,31.228531,-93.264753,2, ,0.0,0.0,160.0,05,2,2000,0,1,230,0,1,0,0

FINAL,R16,16,R,3
IF,COCOS,31.228531,-93.264753, ,0.0,0.0,2,2000,0,0,0,0,0,0
TF,BITAY,31.129989,-93.226853,0, ,0.0,0.0,160.0,6.2,2,2000,0,0,0,0,2,0
TF,RW16,31.049600,-93.193631,0, ,0.0,0.0,158.0,5.1,1,373,0,0,0,0,3,1
CA,0,158.0,2,729,0,0,0,0,0,0
DF,CATVO,30.861428,-93.116086,0, ,0.0,0.0,2,2000,0,0,0,0,0,1
HM,CATVO,30.861428,-93.116086,1, ,0.0,0.0,338.0,05,0,0,0,1,230,0,0,0,0

APPTR,R34,34,COCOS
IF,COCOS,31.228531,-93.264753, ,0.0,0.0,0,0,0,0,0,0,0,0
TF,CATVO,30.861428,-93.116086,0, ,0.0,0.0,0.0,0.0,2,2000,0,0,0,0,0,1
HF,CATVO,30.861428,-93.116086,1, ,0.0,0.0,338.0,05,2,2000,0,1,230,0,1,0,0

APPTR,R34,34,DXB
IF,DXB,30.752136,-93.334747, ,0.0,0.0,2,2000,0,0,0,0,1,0
TF,CATVO,30.861428,-93.116086,0, ,0.0,0.0,0.0,0.0,2,2000,0,0,0,0,1,0

FINAL,R34,34,R,3
IF,CATVO,30.861428,-93.116086, ,0.0,0.0,2,2000,0,0,0,0,0,0
TF,BIYAL,30.956553,-93.155247,0, ,0.0,0.0,338.0,6.0,2,2000,0,0,0,0,2,1
TF,RW34,31.039461,-93.189444,0, ,0.0,0.0,338.0,5.3,1,323,0,0,0,0,3,1
CA,0,338.0,2,729,0,0,0,0,0,0
DF,BITAY,31.129989,-93.226853,0, ,0.0,0.0,0,0,0,0,0,0,0,0
TF,COCOS,31.228531,-93.264753,0, ,0.0,0.0,0.0,0.0,2,2000,0,0,0,0,0,1
HM,COCOS,31.228531,-93.264753,2, ,0.0,0.0,160.0,05,0,0,0,1,230,0,0,0,0

APPTR,V16,16,CATVO
IF,CATVO,30.861428,-93.116086, ,0.0,0.0,2,2000,0,0,0,0,0,0
TF,FXU,31.111461,-93.219175,0, ,0.0,0.0,0.0,0.0,2,2000,0,0,0,0,0,0
PI,FXU,31.111461,-93.219175,2,AEX,293.0,10.0,338,5.0,2,2000,0,0,0,0,1,0
CF,FXU,31.111461,-93.219175,0,AEX,254.0,38.0,158.0,8.0,2,1600,0,0,0,0,0,0

APPTR,V16,16,COCOS
IF,COCOS,31.228531,-93.264753, ,0.0,0.0,2,2000,0,1,230,0,1,0
TF,FXU,31.111461,-93.219175,0, ,0.0,0.0,0.0,0.0,2,1600,0,0,0,0,0,0

APPTR,V16,16,DXB
IF,DXB,30.752136,-93.334747, ,0.0,0.0,2,2000,0,0,0,0,0,0
TF,FXU,31.111461,-93.219175,0, ,0.0,0.0,0.0,0.0,2,2000,0,0,0,0,0,0
PI,FXU,31.111461,-93.219175,2,AEX,293.0,10.0,338,5.0,2,2000,0,0,0,0,1,0
CF,FXU,31.111461,-93.219175,0,AEX,254.0,38.0,158.0,8.0,2,1600,0,0,0,0,0,0

FINAL,V16,16,D,2
IF,FXU,31.111461,-93.219175,FXU,0.0,0.0,2,1600,0,0,0,0,2,0
CF,RW16,31.049600,-93.193631,0,FXU,158.4,3.9,158.0,3.9,1,373,0,0,0,0,3,0
CA,0,158.0,2,730,0,0,0,0,0,0
CF,COCOS,31.228531,-93.264753,2,AEX,264.7,39.3,340.0,11.3,2,2000,0,0,0,0,0,0
HM,COCOS,31.228531,-93.264753,2, ,0.0,0.0,160.0,04.3,3,6000,0,1,230,0,0,0,0

