SID,JORJO5,12,4
VA,0,121.0,2,1160,0,0,0,0,0,0
VM,0,0,0,121.0,0,0,0,0,0,0,0,0
DF,JILYN,41.992850,-87.986264,0, ,0.0,0.0,0,0,0,0,0,0,0,0

SID,JORJO5,16,4
VA,0,162.0,2,1160,0,0,0,0,0,0
VM,0,0,0,162.0,0,0,0,0,0,0,0,0
DF,JILYN,41.992850,-87.986264,0, ,0.0,0.0,0,0,0,0,0,0,0,0

SID,JORJO5,30,4
VA,0,301.0,2,1160,0,0,0,0,0,0
VM,0,0,0,301.0,0,0,0,0,0,0,0,0
DF,JILYN,41.992850,-87.986264,0, ,0.0,0.0,0,0,0,0,0,0,0,0

SID,JORJO5,34,4
VA,0,342.0,2,1160,0,0,0,0,0,0
VM,0,0,0,342.0,0,0,0,0,0,0,0,0
DF,JILYN,41.992850,-87.986264,0, ,0.0,0.0,0,0,0,0,0,0,0,0

SID,JORJO5,ALL,5
IF,JILYN,41.992850,-87.986264, ,0.0,0.0,0,0,0,0,0,0,0,0
TF,JORJO,41.884483,-87.988550,0, ,0.0,0.0,0.0,0.0,0,0,0,0,0,0,0,0

SID,JORJO5,AKMIE,6
IF,JORJO,41.884483,-87.988550, ,0.0,0.0,0,0,0,0,0,0,0,0
TF,AHLOU,41.650833,-88.124453,0, ,0.0,0.0,0.0,0.0,0,0,0,0,0,0,0,0
TF,ACITO,41.398611,-88.183333,0, ,0.0,0.0,0.0,0.0,0,0,0,0,0,0,0,0
TF,ADELL,41.249722,-88.250000,0, ,0.0,0.0,0.0,0.0,0,0,0,0,0,0,0,0
TF,AKMIE,40.710769,-88.491125,0, ,0.0,0.0,0.0,0.0,0,0,0,0,0,0,0,0

SID,JORJO5,ARLYN,6
IF,JORJO,41.884483,-87.988550, ,0.0,0.0,0,0,0,0,0,0,0,0
TF,AHLOU,41.650833,-88.124453,0, ,0.0,0.0,0.0,0.0,0,0,0,0,0,0,0,0
TF,ACITO,41.398611,-88.183333,0, ,0.0,0.0,0.0,0.0,0,0,0,0,0,0,0,0
TF,ADELL,41.249722,-88.250000,0, ,0.0,0.0,0.0,0.0,0,0,0,0,0,0,0,0
TF,AKMIE,40.710769,-88.491125,0, ,0.0,0.0,0.0,0.0,0,0,0,0,0,0,0,0
TF,ARLYN,40.316667,-88.666667,0, ,0.0,0.0,0.0,0.0,0,0,0,0,0,0,0,0

SID,JORJO5,BEKKI,6
IF,JORJO,41.884483,-87.988550, ,0.0,0.0,0,0,0,0,0,0,0,0
TF,BRBIE,41.650833,-88.022761,0, ,0.0,0.0,0.0,0.0,0,0,0,0,0,0,0,0
TF,BACEN,41.406667,-88.029722,0, ,0.0,0.0,0.0,0.0,0,0,0,0,0,0,0,0
TF,BLOKR,41.249722,-88.083333,0, ,0.0,0.0,0.0,0.0,0,0,0,0,0,0,0,0
TF,BEKKI,40.316667,-88.348333,0, ,0.0,0.0,0.0,0.0,0,0,0,0,0,0,0,0

SID,JORJO5,RBS,6
IF,JORJO,41.884483,-87.988550, ,0.0,0.0,0,0,0,0,0,0,0,0
TF,BRBIE,41.650833,-88.022761,0, ,0.0,0.0,0.0,0.0,0,0,0,0,0,0,0,0
TF,BACEN,41.406667,-88.029722,0, ,0.0,0.0,0.0,0.0,0,0,0,0,0,0,0,0
TF,BLOKR,41.249722,-88.083333,0, ,0.0,0.0,0.0,0.0,0,0,0,0,0,0,0,0
TF,RBS,40.581703,-88.164267,0, ,0.0,0.0,0.0,0.0,0,0,0,0,0,0,0,0

SID,MONKZ5,12,4
VA,0,121.0,2,1160,0,0,0,0,0,0
VM,0,0,0,121.0,0,0,0,0,0,0,0,0
DF,ZYDEK,41.992300,-87.814400,0, ,0.0,0.0,0,0,0,0,0,0,0,0

SID,MONKZ5,16,4
VA,0,162.0,2,1160,0,0,0,0,0,0
VM,0,0,0,162.0,0,0,0,0,0,0,0,0
DF,ZYDEK,41.992300,-87.814400,0, ,0.0,0.0,0,0,0,0,0,0,0,0

SID,MONKZ5,30,4
VA,0,301.0,2,1160,0,0,0,0,0,0
VM,0,0,0,301.0,0,0,0,0,0,0,0,0
DF,ZYDEK,41.992300,-87.814400,0, ,0.0,0.0,0,0,0,0,0,0,0,0

SID,MONKZ5,34,4
VA,0,342.0,2,1160,0,0,0,0,0,0
VM,0,0,0,342.0,0,0,0,0,0,0,0,0
DF,ZYDEK,41.992300,-87.814400,0, ,0.0,0.0,0,0,0,0,0,0,0,0

SID,MONKZ5,ALL,5
IF,ZYDEK,41.992300,-87.814400, ,0.0,0.0,0,0,0,0,0,0,0,0
TF,MONKZ,41.884331,-87.801797,0, ,0.0,0.0,0.0,0.0,0,0,0,0,0,0,0,0

SID,MONKZ5,CYBIL,6
IF,MONKZ,41.884331,-87.801797, ,0.0,0.0,0,0,0,0,0,0,0,0
TF,CATER,41.650833,-87.839722,0, ,0.0,0.0,0.0,0.0,0,0,0,0,0,0,0,0
TF,CMSKY,41.413056,-87.877222,0, ,0.0,0.0,0.0,0.0,0,0,0,0,0,0,0,0
TF,CARYN,41.249722,-87.892500,0, ,0.0,0.0,0.0,0.0,0,0,0,0,0,0,0,0
TF,CYBIL,40.316667,-87.864444,0, ,0.0,0.0,0.0,0.0,0,0,0,0,0,0,0,0

SID,MONKZ5,DONVE,6
IF,MONKZ,41.884331,-87.801797, ,0.0,0.0,0,0,0,0,0,0,0,0
TF,DWANE,41.650833,-87.734742,0, ,0.0,0.0,0.0,0.0,0,0,0,0,0,0,0,0
TF,DENNT,41.419167,-87.724722,0, ,0.0,0.0,0.0,0.0,0,0,0,0,0,0,0,0
TF,DARCY,41.202222,-87.725833,0, ,0.0,0.0,0.0,0.0,0,0,0,0,0,0,0,0
TF,DREGS,40.316667,-87.607500,0, ,0.0,0.0,0.0,0.0,0,0,0,0,0,0,0,0
TF,DONVE,39.986389,-87.625833,0, ,0.0,0.0,0.0,0.0,0,0,0,0,0,0,0,0

SID,MONKZ5,ELANR,6
IF,MONKZ,41.884331,-87.801797, ,0.0,0.0,0,0,0,0,0,0,0,0
TF,EZRAH,41.650833,-87.635239,0, ,0.0,0.0,0.0,0.0,0,0,0,0,0,0,0,0
TF,EARND,41.425278,-87.572222,0, ,0.0,0.0,0.0,0.0,0,0,0,0,0,0,0,0
TF,ELANR,41.201667,-87.533333,0, ,0.0,0.0,0.0,0.0,0,0,0,0,0,0,0,0

SID,MONKZ5,EMEGE,6
IF,MONKZ,41.884331,-87.801797, ,0.0,0.0,0,0,0,0,0,0,0,0
TF,EZRAH,41.650833,-87.635239,0, ,0.0,0.0,0.0,0.0,0,0,0,0,0,0,0,0
TF,EARND,41.425278,-87.572222,0, ,0.0,0.0,0.0,0.0,0,0,0,0,0,0,0,0
TF,ELANR,41.201667,-87.533333,0, ,0.0,0.0,0.0,0.0,0,0,0,0,0,0,0,0
TF,EMMLY,40.450000,-87.333333,0, ,0.0,0.0,0.0,0.0,0,0,0,0,0,0,0,0
TF,ETAME,39.984444,-86.900000,0, ,0.0,0.0,0.0,0.0,0,0,0,0,0,0,0,0
TF,EMEGE,39.713056,-86.677778,0, ,0.0,0.0,0.0,0.0,0,0,0,0,0,0,0,0

SID,MONKZ5,EMMLY,6
IF,MONKZ,41.884331,-87.801797, ,0.0,0.0,0,0,0,0,0,0,0,0
TF,EZRAH,41.650833,-87.635239,0, ,0.0,0.0,0.0,0.0,0,0,0,0,0,0,0,0
TF,EARND,41.425278,-87.572222,0, ,0.0,0.0,0.0,0.0,0,0,0,0,0,0,0,0
TF,ELANR,41.201667,-87.533333,0, ,0.0,0.0,0.0,0.0,0,0,0,0,0,0,0,0
TF,EMMLY,40.450000,-87.333333,0, ,0.0,0.0,0.0,0.0,0,0,0,0,0,0,0,0

SID,MONKZ5,ERECO,6
IF,MONKZ,41.884331,-87.801797, ,0.0,0.0,0,0,0,0,0,0,0,0
TF,EZRAH,41.650833,-87.635239,0, ,0.0,0.0,0.0,0.0,0,0,0,0,0,0,0,0
TF,EARND,41.425278,-87.572222,0, ,0.0,0.0,0.0,0.0,0,0,0,0,0,0,0,0
TF,ELANR,41.201667,-87.533333,0, ,0.0,0.0,0.0,0.0,0,0,0,0,0,0,0,0
TF,EMMLY,40.450000,-87.333333,0, ,0.0,0.0,0.0,0.0,0,0,0,0,0,0,0,0
TF,ERECO,39.986389,-87.116667,0, ,0.0,0.0,0.0,0.0,0,0,0,0,0,0,0,0

SID,MONKZ5,SCOTO,6
IF,MONKZ,41.884331,-87.801797, ,0.0,0.0,0,0,0,0,0,0,0,0
TF,DWANE,41.650833,-87.734742,0, ,0.0,0.0,0.0,0.0,0,0,0,0,0,0,0,0
TF,DENNT,41.419167,-87.724722,0, ,0.0,0.0,0.0,0.0,0,0,0,0,0,0,0,0
TF,DARCY,41.202222,-87.725833,0, ,0.0,0.0,0.0,0.0,0,0,0,0,0,0,0,0
TF,DREGS,40.316667,-87.607500,0, ,0.0,0.0,0.0,0.0,0,0,0,0,0,0,0,0
TF,DUMGE,39.986389,-87.398333,0, ,0.0,0.0,0.0,0.0,0,0,0,0,0,0,0,0
TF,SCOTO,39.169147,-86.854719,0, ,0.0,0.0,0.0,0.0,0,0,0,0,0,0,0,0

STAR,GOPAC3,CHZHD,4
IF,CHZHD,41.018392,-88.621742, ,0.0,0.0,0,0,0,0,0,0,0,0
TF,LEEDN,41.713158,-88.316353,0, ,0.0,0.0,0.0,0.0,0,0,0,0,0,0,0,0
TF,MUMPR,42.243583,-88.349803,0, ,0.0,0.0,0.0,0.0,0,0,0,0,0,0,0,0
TF,DETIE,42.359344,-88.363439,0, ,0.0,0.0,0.0,0.0,0,0,0,0,0,0,0,0
TF,MOWSR,42.548156,-88.396033,0, ,0.0,0.0,0.0,0.0,0,0,0,0,0,0,0,0
TF,TRUDO,42.684022,-88.419797,0, ,0.0,0.0,0.0,0.0,0,0,0,1,250,0,0,0
TF,KNARF,42.738825,-88.432867,0, ,0.0,0.0,0.0,0.0,0,0,0,0,0,0,0,0
TF,GOPAC,42.816739,-88.415853,0, ,0.0,0.0,0.0,0.0,0,0,0,0,0,0,0,0

STAR,GOPAC3,LEEDN,4
IF,LEEDN,41.713158,-88.316353, ,0.0,0.0,0,0,0,0,0,0,0,0
TF,MUMPR,42.243583,-88.349803,0, ,0.0,0.0,0.0,0.0,0,0,0,0,0,0,0,0
TF,DETIE,42.359344,-88.363439,0, ,0.0,0.0,0.0,0.0,0,0,0,0,0,0,0,0
TF,MOWSR,42.548156,-88.396033,0, ,0.0,0.0,0.0,0.0,0,0,0,0,0,0,0,0
TF,TRUDO,42.684022,-88.419797,0, ,0.0,0.0,0.0,0.0,0,0,0,1,250,0,0,0
TF,KNARF,42.738825,-88.432867,0, ,0.0,0.0,0.0,0.0,0,0,0,0,0,0,0,0
TF,GOPAC,42.816739,-88.415853,0, ,0.0,0.0,0.0,0.0,0,0,0,0,0,0,0,0

STAR,GOPAC3,OGECA,4
IF,OGECA,42.640153,-92.083631, ,0.0,0.0,0,0,0,0,0,0,0,0
TF,OHLIE,42.725817,-90.197431,0, ,0.0,0.0,0.0,0.0,0,0,0,0,0,0,0,0
TF,YEDSU,42.758719,-89.176881,0, ,0.0,0.0,0.0,0.0,0,0,0,0,0,0,0,0
TF,GIWFY,42.762114,-89.017950,0, ,0.0,0.0,0.0,0.0,0,0,0,0,0,0,0,0
TF,KPACK,42.768122,-88.861675,0, ,0.0,0.0,0.0,0.0,0,0,0,0,0,0,0,0
TF,ZOWRO,42.772847,-88.665681,0, ,0.0,0.0,0.0,0.0,0,0,0,0,0,0,0,0
TF,LEEDR,42.796536,-88.532131,0, ,0.0,0.0,0.0,0.0,0,0,0,1,250,0,0,0
TF,GOPAC,42.816739,-88.415853,0, ,0.0,0.0,0.0,0.0,0,0,0,0,0,0,0,0

STAR,GOPAC3,ALL,5
IF,GOPAC,42.816739,-88.415853, ,0.0,0.0,0,0,0,0,0,0,0,0
TF,TAAIL,42.851217,-88.279828,0, ,0.0,0.0,0.0,0.0,0,0,0,0,0,0,0,1
FM,TAAIL,42.851217,-88.279828,0,VIO,0.0,0.0,75.0,0,0,0,0,0,0,0,0

APPTR,I16,16,OBK
PI,OBK,42.221378,-87.951669,1,OBK,26.0,10.0,341,5.0,2,2700,0,0,0,0,1,0

FINAL,I16,16,I,3
IF,CF16,42.294644,-87.997539,IPWK,340.6,11.9,2,2700,0,0,0,0,0,0
CF,PAMME,42.201589,-87.948361,0,IPWK,340.6,5.9,161.0,6.0,1,2300,0,0,0,0,2,0
CF,RW16,42.123328,-87.907128,0,IPWK,340.6,0.9,161.0,5.0,1,695,0,0,0,0,3,0
CA,0,161.0,2,1400,0,0,0,0,0,0
DF,OBK,42.221378,-87.951669,1, ,0.0,0.0,2,2700,0,0,0,0,0,0
HM,OBK,42.221378,-87.951669,1, ,0.0,0.0,163.0,04.3,2,2700,0,0,0,0,0,0,0

APPTR,R16,16,FILLZ
IF,FILLZ,42.252397,-88.168206, ,0.0,0.0,0,0,0,0,0,0,1,0
TF,HIGUH,42.301344,-88.001128,0, ,0.0,0.0,0.0,0.0,2,2500,0,0,0,0,1,0

APPTR,R16,16,HIGUH
HF,HIGUH,42.301344,-88.001128,2, ,0.0,0.0,161.0,04,2,2500,0,0,0,0,1,0,0

APPTR,R16,16,OYFAM
IF,OYFAM,42.350047,-87.833792, ,0.0,0.0,0,0,0,0,0,0,1,0
TF,HIGUH,42.301344,-88.001128,0, ,0.0,0.0,0.0,0.0,2,2500,0,0,0,0,1,0

FINAL,R16,16,R,4
IF,HIGUH,42.301344,-88.001128, ,0.0,0.0,2,2500,0,0,0,0,0,0
TF,PAMME,42.201589,-87.948361,0, ,0.0,0.0,161.0,6.4,2,2300,0,0,0,0,2,0
TF,FUGIO,42.154400,-87.923483,0, ,0.0,0.0,161.0,3.0,2,1320,0,0,0,0,0,0
TF,RW16,42.123328,-87.907128,0, ,0.0,0.0,161.0,2.0,1,695,0,0,0,0,3,1
CA,0,161.0,2,1200,0,0,0,0,0,0
DF,DEERE,42.199133,-87.603903,1, ,0.0,0.0,2,2100,0,0,0,0,0,1
HM,DEERE,42.199133,-87.603903,2, ,0.0,0.0,218.0,04,0,0,0,0,0,0,0,0,0

APPTR,R30,30,THORR
IF,THORR,42.123256,-87.600306, ,0.0,0.0,2,2500,0,0,0,0,1,0
TF,GENAZ,42.065486,-87.705747,0, ,0.0,0.0,0.0,0.0,2,2500,0,0,0,0,1,0

FINAL,R30,30,R,3
IF,GENAZ,42.065486,-87.705747, ,0.0,0.0,2,2500,0,0,0,0,0,0
TF,DUSTY,42.072967,-87.800031,0, ,0.0,0.0,278.0,4.2,2,2200,0,0,0,0,2,0
TF,RW30,42.110267,-87.894206,0, ,0.0,0.0,300.0,4.8,1,683,0,0,0,0,3,1
CA,0,300.0,2,1047,0,0,0,0,0,0
DF,HIGUH,42.301344,-88.001128,0, ,0.0,0.0,2,2500,0,0,0,0,0,1
HM,HIGUH,42.301344,-88.001128,2, ,0.0,0.0,161.0,04,0,0,0,0,0,0,0,0,0

APPTR,S16,16,OBK
PI,OBK,42.221378,-87.951669,1,OBK,29.0,10.0,344,5.0,2,2700,0,0,0,0,1,0
CF,OBK,42.221378,-87.951669,0,OBK,0.0,0.0,164.0,8.0,2,2700,0,0,0,0,0,0

FINAL,S16,16,D,3
IF,OBK,42.221378,-87.951669,OBK,0.0,0.0,2,2700,0,0,0,0,2,0
CF,47VOR,42.146936,-87.919264,0,OBK,164.0,4.7,164.0,4.7,2,1200,0,0,0,0,0,0
CF,RW16,42.123328,-87.907128,0,OBK,163.3,6.2,164.0,1.5,1,691,0,0,0,0,3,0
CA,0,164.0,2,1400,0,0,0,0,0,0
DF,OBK,42.221378,-87.951669,1, ,0.0,0.0,2,2700,0,0,0,0,0,0
HM,OBK,42.221378,-87.951669,1, ,0.0,0.0,163.0,04.3,0,0,0,0,0,0,0,0,0

