APPTR,R08-A,08,HDF
IF,HDF,33.776331,-117.185325, ,0.0,0.0,0,0,0,0,0,0,1,0
TF,WEEDD,33.902611,-117.146378,0, ,0.0,0.0,0.0,0.0,2,6000,0,0,0,0,1,0

APPTR,R08-A,08,PDZ
IF,PDZ,33.918336,-117.529997, ,0.0,0.0,0,0,0,0,0,0,0,0
TF,WEEDD,33.902611,-117.146378,0, ,0.0,0.0,0.0,0.0,2,6000,0,0,0,0,0,1
HF,WEEDD,33.902611,-117.146378,2, ,0.0,0.0,346.0,05,2,6000,0,0,0,0,1,0,0

FINAL,R08-A,08,R,3
IF,WEEDD,33.902611,-117.146378, ,0.0,0.0,2,6000,0,0,0,0,0,0
TF,ERGOH,34.001781,-117.146378,0, ,0.0,0.0,346.0,5.9,2,4500,0,0,0,0,2,0
TF,LUHLU,34.085161,-117.146378,0, ,0.0,0.0,346.0,5.0,1,3820,0,0,0,0,3,1
DF,WEEDD,33.902611,-117.146378,1, ,0.0,0.0,2,7000,0,1,230,0,0,1
HM,WEEDD,33.902611,-117.146378,2, ,0.0,0.0,346.0,05,2,7000,0,0,0,0,0,0,0

APPTR,R26-A,26,HDF
IF,HDF,33.776331,-117.185325, ,0.0,0.0,0,0,0,0,0,0,1,0
TF,WEEDD,33.902611,-117.146378,0, ,0.0,0.0,0.0,0.0,2,6000,0,0,0,0,1,0

APPTR,R26-A,26,PDZ
IF,PDZ,33.918336,-117.529997, ,0.0,0.0,0,0,0,0,0,0,0,0
TF,WEEDD,33.902611,-117.146378,0, ,0.0,0.0,0.0,0.0,2,6000,0,0,0,0,0,1
HF,WEEDD,33.902611,-117.146378,2, ,0.0,0.0,346.0,05,2,6000,0,0,0,0,1,0,0

FINAL,R26-A,26,R,3
IF,WEEDD,33.902611,-117.146378, ,0.0,0.0,2,6000,0,0,0,0,0,0
TF,ERGOH,34.001781,-117.146378,0, ,0.0,0.0,346.0,5.9,2,4500,0,0,0,0,2,0
TF,LUHLU,34.085161,-117.146378,0, ,0.0,0.0,346.0,5.0,1,3820,0,0,0,0,3,1
DF,WEEDD,33.902611,-117.146378,1, ,0.0,0.0,2,7000,0,1,230,0,0,1
HM,WEEDD,33.902611,-117.146378,2, ,0.0,0.0,346.0,05,2,7000,0,0,0,0,0,0,0

