APPTR,I01,01,RMG
IF,RMG,34.162564,-85.119408, ,0.0,0.0,0,0,0,0,0,0,0,0
TF,KAREL,34.196436,-85.174692,0, ,0.0,0.0,0.0,0.0,2,3900,0,0,0,0,0,0
HF,KAREL,34.196436,-85.174692,2, ,0.0,0.0,7.0,04.3,2,3000,0,0,0,0,1,0,0

FINAL,I01,01,I,3
IF,KAREL,34.196436,-85.174692,IHBQ,187.0,10.1,2,3000,0,0,0,0,0,0
CF,JIDOK,34.252989,-85.168808,0,IHBQ,187.0,6.7,7.0,3.4,1,2400,0,0,0,0,2,0
CF,RW01,34.342764,-85.159453,0,IHBQ,187.0,1.3,7.0,5.4,1,681,0,0,0,0,3,0
CA,0,7.0,2,1200,0,0,0,0,0,0
DF,RMG,34.162564,-85.119408,2, ,0.0,0.0,2,4000,0,0,0,0,0,0
HM,RMG,34.162564,-85.119408,1, ,0.0,0.0,349.0,04.3,2,4000,0,0,0,0,0,0,0

APPTR,R01,01,WOBIK
HF,WOBIK,34.154139,-85.179103,2, ,0.0,0.0,7.0,04,2,3000,0,0,0,0,1,0,0

FINAL,R01,01,R,4
IF,WOBIK,34.154139,-85.179103, ,0.0,0.0,2,3000,0,0,0,0,0,0
TF,JIDOK,34.252989,-85.168808,0, ,0.0,0.0,7.0,5.9,2,2400,0,0,0,0,2,0
TF,WEXEX,34.308356,-85.163042,0, ,0.0,0.0,7.0,3.3,2,1340,0,0,0,0,0,0
TF,RW01,34.342764,-85.159453,0, ,0.0,0.0,7.0,2.1,1,681,0,0,0,0,3,1
CA,0,7.0,2,1200,0,0,0,0,0,0
DF,WOBIK,34.154139,-85.179103,2, ,0.0,0.0,2,3000,0,0,0,0,0,1
HM,WOBIK,34.154139,-85.179103,2, ,0.0,0.0,7.0,04,0,0,0,0,0,0,0,0,0

APPTR,R07,07,JIVNA
HF,JIVNA,34.235058,-85.364311,2, ,0.0,0.0,57.0,04,2,3200,0,0,0,0,1,0,0

FINAL,R07,07,R,4
IF,JIVNA,34.235058,-85.364311, ,0.0,0.0,2,3200,0,0,0,0,0,0
TF,HUPOX,34.292819,-85.265431,0, ,0.0,0.0,57.0,6.0,2,2600,0,0,0,0,2,0
TF,UYIVE,34.316933,-85.224081,0, ,0.0,0.0,57.0,2.5,2,1800,0,0,0,0,0,0
TF,GOXIW,34.345672,-85.174742,0, ,0.0,0.0,57.0,3.0,1,842,0,0,0,0,3,1
CA,0,57.0,2,1044,0,0,0,0,0,0
DF,JIVNA,34.235058,-85.364311,2, ,0.0,0.0,2,3200,0,0,0,0,0,1
HM,JIVNA,34.235058,-85.364311,2, ,0.0,0.0,57.0,04,0,0,0,0,0,0,0,0,0

APPTR,R19,19,JISET
HF,JISET,34.568444,-85.135828,2, ,0.0,0.0,187.0,04,2,3600,0,0,0,0,1,0,0

FINAL,R19,19,R,4
IF,JISET,34.568444,-85.135828, ,0.0,0.0,2,3600,0,0,0,0,0,0
TF,WEMIP,34.470483,-85.146108,0, ,0.0,0.0,187.0,5.9,2,2800,0,0,0,0,2,0
TF,DEBIY,34.420347,-85.151350,0, ,0.0,0.0,187.0,3.0,2,1840,0,0,0,0,0,0
TF,RW19,34.359206,-85.157736,0, ,0.0,0.0,187.0,3.7,1,669,0,0,0,0,3,1
CA,0,187.0,2,2000,0,0,0,0,0,0
DF,JISET,34.568444,-85.135828,1, ,0.0,0.0,2,3600,0,0,0,0,0,1
HM,JISET,34.568444,-85.135828,2, ,0.0,0.0,187.0,04,0,0,0,0,0,0,0,0,0

APPTR,R25,25,VAYKU
HF,VAYKU,34.418350,-84.933958,2, ,0.0,0.0,252.0,04,2,3100,0,0,0,0,1,0,0

FINAL,R25,25,R,4
IF,VAYKU,34.418350,-84.933958, ,0.0,0.0,2,3100,0,0,0,0,0,0
TF,UROCI,34.383678,-85.049061,0, ,0.0,0.0,252.0,6.1,2,2400,0,0,0,0,2,0
TF,VEYUY,34.365728,-85.108483,0, ,0.0,0.0,252.0,3.1,2,1400,0,0,0,0,0,0
TF,RW25,34.352628,-85.151775,0, ,0.0,0.0,252.0,2.3,1,671,0,0,0,0,3,1
CA,0,252.0,2,1100,0,0,0,0,0,0
DF,VAYKU,34.418350,-84.933958,1, ,0.0,0.0,2,3100,0,0,0,0,0,1
HM,VAYKU,34.418350,-84.933958,2, ,0.0,0.0,252.0,04,0,0,0,0,0,0,0,0,0

