APPTR,I22,22,OSH
IF,OSH,43.990431,-88.555933, ,0.0,0.0,0,0,0,0,0,0,0,0
TF,CUVUN,43.855725,-87.768617,0, ,0.0,0.0,0.0,0.0,2,3000,0,0,0,0,0,0
PI,CUVUN,43.855725,-87.768617,2,GRB,352.0,10.0,037,5.0,2,2600,0,0,0,0,1,0

FINAL,I22,22,I,3
IF,CF22,43.937408,-87.688811,IHEV,37.2,13.0,2,2600,0,0,0,0,0,0
CF,CUVUN,43.855725,-87.768617,0,IHEV,37.2,7.0,217.0,6.0,1,2600,0,0,0,0,2,0
CF,RW22,43.778422,-87.843889,0,IHEV,37.2,1.3,217.0,5.7,1,793,0,0,0,0,3,0
CA,0,217.0,2,1400,0,0,0,0,0,0
VI,2, ,0.0,338.0,0,0,0,0,0,0,0,0
CF,LEWKO,43.891122,-88.236722,0,OSH,111.2,15.1,291.0,12.0,2,3000,0,0,0,0,0,0
HM,LEWKO,43.891122,-88.236722,2, ,0.0,0.0,291.0,04.3,0,0,0,0,0,0,0,0,0

APPTR,R04,04,TORRU
HF,TORRU,43.601011,-88.015725,2, ,0.0,0.0,37.0,04,2,3000,0,0,0,0,1,0,0

FINAL,R04,04,R,3
IF,TORRU,43.601011,-88.015725, ,0.0,0.0,2,3000,0,0,0,0,0,0
TF,JAMEK,43.681669,-87.937756,0, ,0.0,0.0,37.0,5.9,2,2700,0,0,0,0,2,0
TF,RW04,43.763169,-87.858711,0, ,0.0,0.0,37.0,6.0,1,796,0,0,0,0,3,1
CA,0,37.0,2,994,0,0,0,0,0,0
DF,JADNI,43.936261,-87.689936,0, ,0.0,0.0,2,3000,0,0,0,0,0,1
HM,JADNI,43.936261,-87.689936,2, ,0.0,0.0,217.0,04,0,0,0,0,0,0,0,0,0

APPTR,R13,13,LEWKO
IF,LEWKO,43.891122,-88.236722, ,0.0,0.0,0,0,0,0,0,0,1,0
TF,ORMEE,43.891997,-88.060689,0, ,0.0,0.0,0.0,0.0,2,3000,0,0,0,0,1,0

APPTR,R13,13,NEROE
IF,NEROE,44.303428,-87.482469, ,0.0,0.0,0,0,0,0,0,0,0,0
TF,CLINS,44.076772,-87.983156,0, ,0.0,0.0,0.0,0.0,2,3000,0,0,0,0,1,0
TF,ORMEE,43.891997,-88.060689,0, ,0.0,0.0,0.0,0.0,2,3000,0,0,0,0,1,0

APPTR,R13,13,ORMEE
HF,ORMEE,43.891997,-88.060689,2, ,0.0,0.0,131.0,04,2,3000,0,0,0,0,1,0,0

FINAL,R13,13,R,4
IF,ORMEE,43.891997,-88.060689, ,0.0,0.0,2,3000,0,0,0,0,0,0
TF,CONAX,43.828658,-87.953725,0, ,0.0,0.0,131.0,6.0,2,2500,0,0,0,0,2,0
TF,HOSLA,43.791661,-87.891436,0, ,0.0,0.0,131.0,3.5,2,1360,0,0,0,0,0,0
TF,RW13,43.772728,-87.859608,0, ,0.0,0.0,131.0,1.8,1,805,0,0,0,0,3,1
CA,0,131.0,2,1155,0,0,0,0,0,0
DF,ORMEE,43.891997,-88.060689,2, ,0.0,0.0,2,3000,0,0,0,0,0,1
HM,ORMEE,43.891997,-88.060689,2, ,0.0,0.0,131.0,04,0,0,0,0,0,0,0,0,0

APPTR,R22,22,GAYLE
IF,GAYLE,43.493783,-87.003633, ,0.0,0.0,0,0,0,0,0,0,0,0
TF,JADNI,43.936261,-87.689936,0, ,0.0,0.0,0.0,0.0,2,3000,0,0,0,0,0,1
HF,JADNI,43.936261,-87.689936,2, ,0.0,0.0,217.0,04,2,3000,0,0,0,0,1,0,0

FINAL,R22,22,R,4
IF,JADNI,43.936261,-87.689936, ,0.0,0.0,2,3000,0,0,0,0,0,0
TF,CUVUN,43.855725,-87.768617,0, ,0.0,0.0,217.0,5.9,2,2600,0,0,0,0,2,0
TF,VUXCY,43.800225,-87.822686,0, ,0.0,0.0,217.0,4.1,2,1300,0,0,0,0,0,0
TF,RW22,43.778422,-87.843889,0, ,0.0,0.0,217.0,1.6,1,793,0,0,0,0,3,1
CA,0,217.0,2,943,0,0,0,0,0,0
DF,TORRU,43.601011,-88.015725,0, ,0.0,0.0,2,3000,0,0,0,0,0,1
HM,TORRU,43.601011,-88.015725,2, ,0.0,0.0,37.0,04,0,0,0,0,0,0,0,0,0

APPTR,R31,31,WOKNO
IF,WOKNO,43.483406,-87.782894, ,0.0,0.0,0,0,0,0,0,0,1,0
TF,FONAB,43.647447,-87.649892,0, ,0.0,0.0,0.0,0.0,2,3000,0,0,0,0,1,0

FINAL,R31,31,R,3
IF,FONAB,43.647447,-87.649892, ,0.0,0.0,2,3000,0,0,0,0,0,0
TF,DECEK,43.711072,-87.756211,0, ,0.0,0.0,312.0,6.0,2,2400,0,0,0,0,2,0
TF,RW31,43.764019,-87.844983,0, ,0.0,0.0,311.0,5.0,1,779,0,0,0,0,3,1
CA,0,311.0,2,1155,0,0,0,0,0,0
DF,WOKNO,43.483406,-87.782894,1, ,0.0,0.0,2,3000,0,0,0,0,0,1
HM,WOKNO,43.483406,-87.782894,2, ,0.0,0.0,32.0,04,0,0,0,0,0,0,0,0,0

