APPTR,R05,05,BRADZ
IF,BRADZ,48.159119,-111.998939, ,0.0,0.0,0,0,0,0,0,0,0,0
TF,DOTVE,48.331775,-112.091631,0, ,0.0,0.0,0.0,0.0,2,9000,0,0,0,0,0,0
TF,CAVBU,48.452447,-112.156811,0, ,0.0,0.0,0.0,0.0,2,9000,0,0,0,0,0,1
HF,CAVBU,48.452447,-112.156811,2, ,0.0,0.0,50.0,07,2,7000,0,0,0,0,1,0,0

APPTR,R05,05,CTB
IF,CTB,48.564947,-112.343256, ,0.0,0.0,0,0,0,0,0,0,0,0
TF,CAVBU,48.452447,-112.156811,0, ,0.0,0.0,0.0,0.0,2,9000,0,0,0,0,0,1
HF,CAVBU,48.452447,-112.156811,2, ,0.0,0.0,50.0,07,2,7000,0,0,0,0,1,0,0

APPTR,R05,05,PENRY
IF,PENRY,48.081953,-112.244328, ,0.0,0.0,0,0,0,0,0,0,0,0
TF,DOTVE,48.331775,-112.091631,0, ,0.0,0.0,0.0,0.0,2,9000,0,0,0,0,0,0
TF,CAVBU,48.452447,-112.156811,0, ,0.0,0.0,0.0,0.0,2,9000,0,0,0,0,0,1
HF,CAVBU,48.452447,-112.156811,2, ,0.0,0.0,50.0,07,2,7000,0,0,0,0,1,0,0

APPTR,R05,05,WEBVO
IF,WEBVO,48.562958,-111.454753, ,0.0,0.0,0,0,0,0,0,0,0,0
TF,CAVBU,48.452447,-112.156811,0, ,0.0,0.0,0.0,0.0,2,9000,0,0,0,0,0,1
HF,CAVBU,48.452447,-112.156811,2, ,0.0,0.0,50.0,07,2,7000,0,0,0,0,1,0,0

FINAL,R05,05,R,4
IF,CAVBU,48.452447,-112.156811, ,0.0,0.0,2,7000,0,0,0,0,0,0
TF,IXIPE,48.502064,-111.998125,0, ,0.0,0.0,50.0,7.0,2,5100,0,0,0,0,2,0
TF,UZOHU,48.519303,-111.942756,0, ,0.0,0.0,50.0,2.4,2,4300,0,0,0,0,0,0
TF,RW05,48.538353,-111.881428,0, ,0.0,0.0,50.0,2.7,1,3463,0,0,0,0,3,1
CA,0,50.0,2,3733,0,0,0,0,0,0
DF,YENUP,48.632267,-111.576761,0, ,0.0,0.0,2,9000,0,0,0,0,0,1
HM,YENUP,48.632267,-111.576761,2, ,0.0,0.0,230.0,07,2,9000,0,0,0,0,0,0,0

APPTR,R23,23,BRADZ
IF,BRADZ,48.159119,-111.998939, ,0.0,0.0,0,0,0,0,0,0,0,0
TF,YENUP,48.632267,-111.576761,0, ,0.0,0.0,0.0,0.0,2,9000,0,0,0,0,0,1
HF,YENUP,48.632267,-111.576761,2, ,0.0,0.0,230.0,07,2,7000,0,0,0,0,1,0,0

APPTR,R23,23,CTB
IF,CTB,48.564947,-112.343256, ,0.0,0.0,0,0,0,0,0,0,0,0
TF,YENUP,48.632267,-111.576761,0, ,0.0,0.0,0.0,0.0,2,9000,0,0,0,0,0,1
HF,YENUP,48.632267,-111.576761,2, ,0.0,0.0,230.0,07,2,7000,0,0,0,0,1,0,0

APPTR,R23,23,WEBVO
IF,WEBVO,48.562958,-111.454753, ,0.0,0.0,0,0,0,0,0,0,0,0
TF,YENUP,48.632267,-111.576761,0, ,0.0,0.0,0.0,0.0,2,9000,0,0,0,0,0,1
HF,YENUP,48.632267,-111.576761,2, ,0.0,0.0,230.0,07,2,7000,0,0,0,0,1,0,0

FINAL,R23,23,R,4
IF,YENUP,48.632267,-111.576761, ,0.0,0.0,2,7000,0,0,0,0,0,0
TF,JIKBO,48.579753,-111.747586,0, ,0.0,0.0,230.0,7.5,2,5100,0,0,0,0,2,0
TF,ZIRTA,48.556828,-111.821792,0, ,0.0,0.0,230.0,3.3,2,4060,0,0,0,0,0,0
TF,RW23,48.544156,-111.862714,0, ,0.0,0.0,230.0,1.8,1,3488,0,0,0,0,3,1
CA,0,230.0,2,4300,0,0,0,0,0,0
DF,YENUP,48.632267,-111.576761,2, ,0.0,0.0,2,9000,0,0,0,0,0,1
HM,YENUP,48.632267,-111.576761,2, ,0.0,0.0,230.0,07,2,9000,0,0,0,0,0,0,0

