APPTR,R01,01,CATUM
HF,CATUM,47.530008,-104.309831,2, ,0.0,0.0,15.0,05,2,4600,0,0,0,0,1,0,0

APPTR,R01,01,EXADE
IF,EXADE,47.599106,-104.544614, ,0.0,0.0,0,0,0,0,0,0,1,0
TF,CATUM,47.530008,-104.309831,0, ,0.0,0.0,0.0,0.0,2,4600,0,0,0,0,1,0

FINAL,R01,01,R,4
IF,CATUM,47.530008,-104.309831, ,0.0,0.0,2,4600,0,0,0,0,0,0
TF,BOSPE,47.617544,-104.253147,0, ,0.0,0.0,15.0,5.7,2,3700,0,0,0,0,2,0
TF,JUNEG,47.656458,-104.227881,0, ,0.0,0.0,15.0,2.6,2,2880,0,0,0,0,0,0
TF,RW01,47.697633,-104.201100,0, ,0.0,0.0,15.0,2.7,1,2028,0,0,0,0,3,1
CA,0,15.0,2,2238,0,0,0,0,0,0
DF,HAKET,47.884203,-104.079178,0, ,0.0,0.0,2,4600,0,0,0,0,0,1
HM,HAKET,47.884203,-104.079178,2, ,0.0,0.0,195.0,05,0,0,0,0,0,0,0,0,0

APPTR,R19,19,GINBE
IF,GINBE,48.009850,-103.912203, ,0.0,0.0,0,0,0,0,0,0,1,0
TF,HAKET,47.884203,-104.079178,0, ,0.0,0.0,0.0,0.0,2,4600,0,0,0,0,1,0

APPTR,R19,19,LAMBE
IF,LAMBE,47.761361,-104.350217, ,0.0,0.0,0,0,0,0,0,0,0,0
TF,HAKET,47.884203,-104.079178,0, ,0.0,0.0,0.0,0.0,2,4600,0,0,0,0,0,1
HF,HAKET,47.884203,-104.079178,2, ,0.0,0.0,195.0,05,2,4600,0,0,0,0,1,0,0

FINAL,R19,19,R,4
IF,HAKET,47.884203,-104.079178, ,0.0,0.0,2,4600,0,0,0,0,0,0
TF,FANIX,47.791533,-104.139858,0, ,0.0,0.0,195.0,6.1,2,3700,0,0,0,0,2,0
TF,OKAGE,47.750069,-104.166931,0, ,0.0,0.0,195.0,2.7,2,2800,0,0,0,0,0,0
TF,RW19,47.711950,-104.191781,0, ,0.0,0.0,195.0,2.5,1,2038,0,0,0,0,3,1
CA,0,195.0,2,2234,0,0,0,0,0,0
DF,CATUM,47.530008,-104.309831,0, ,0.0,0.0,2,4600,0,0,0,0,0,1
HM,CATUM,47.530008,-104.309831,2, ,0.0,0.0,15.0,05,0,0,0,0,0,0,0,0,0

