SID,BANGR9,16C,4
VA,0,164.0,2,932,0,0,0,0,0,0
DF,OTLIE,47.397825,-122.311561,0, ,0.0,0.0,0,0,0,0,0,0,0,1
TF,RENBE,47.320364,-122.311544,0, ,0.0,0.0,0.0,0.0,2,3000,0,0,0,0,0,0
TF,RICHR,47.306689,-122.437564,0, ,0.0,0.0,0.0,0.0,0,0,0,0,0,0,0,0
TF,TOMRE,47.335456,-122.516894,0, ,0.0,0.0,0.0,0.0,0,0,0,0,0,0,0,0
TF,BANGR,47.643903,-122.914914,0, ,0.0,0.0,0.0,0.0,2,10000,0,0,0,0,0,0

SID,BANGR9,16L,4
VA,0,164.0,2,932,0,0,0,0,0,0
DF,CAVOB,47.396192,-122.308347,0, ,0.0,0.0,0,0,0,0,0,0,0,1
TF,RENBE,47.320364,-122.311544,0, ,0.0,0.0,0.0,0.0,2,3000,0,0,0,0,0,0
TF,RICHR,47.306689,-122.437564,0, ,0.0,0.0,0.0,0.0,0,0,0,0,0,0,0,0
TF,TOMRE,47.335456,-122.516894,0, ,0.0,0.0,0.0,0.0,0,0,0,0,0,0,0,0
TF,BANGR,47.643903,-122.914914,0, ,0.0,0.0,0.0,0.0,2,10000,0,0,0,0,0,0

SID,BANGR9,16R,4
VA,0,164.0,2,932,0,0,0,0,0,0
DF,WESET,47.405847,-122.318353,0, ,0.0,0.0,0,0,0,0,0,0,0,1
TF,RENBE,47.320364,-122.311544,0, ,0.0,0.0,0.0,0.0,2,3000,0,0,0,0,0,0
TF,RICHR,47.306689,-122.437564,0, ,0.0,0.0,0.0,0.0,0,0,0,0,0,0,0,0
TF,TOMRE,47.335456,-122.516894,0, ,0.0,0.0,0.0,0.0,0,0,0,0,0,0,0,0
TF,BANGR,47.643903,-122.914914,0, ,0.0,0.0,0.0,0.0,2,10000,0,0,0,0,0,0

SID,BANGR9,34C,4
VA,0,344.0,2,932,0,0,0,0,0,0
DF,NESOE,47.498789,-122.310681,0, ,0.0,0.0,0,0,0,0,0,0,0,1
TF,WUREL,47.555422,-122.310183,0, ,0.0,0.0,0.0,0.0,2,3100,0,0,0,0,0,0
TF,ATOME,47.607564,-122.363225,0, ,0.0,0.0,0.0,0.0,0,0,0,0,0,0,0,0
TF,BREMM,47.620000,-122.468333,0, ,0.0,0.0,0.0,0.0,0,0,0,0,0,0,0,0
TF,BANGR,47.643903,-122.914914,0, ,0.0,0.0,0.0,0.0,2,10000,0,0,0,0,0,0

SID,BANGR9,34L,4
VA,0,344.0,2,932,0,0,0,0,0,0
DF,CUSBU,47.498522,-122.317564,0, ,0.0,0.0,0,0,0,0,0,0,0,1
TF,WUREL,47.555422,-122.310183,0, ,0.0,0.0,0.0,0.0,2,3100,0,0,0,0,0,0
TF,ATOME,47.607564,-122.363225,0, ,0.0,0.0,0.0,0.0,0,0,0,0,0,0,0,0
TF,BREMM,47.620000,-122.468333,0, ,0.0,0.0,0.0,0.0,0,0,0,0,0,0,0,0
TF,BANGR,47.643903,-122.914914,0, ,0.0,0.0,0.0,0.0,2,10000,0,0,0,0,0,0

SID,BANGR9,34R,4
VA,0,344.0,2,932,0,0,0,0,0,0
DF,DODVE,47.498775,-122.307444,0, ,0.0,0.0,0,0,0,0,0,0,0,1
TF,WUREL,47.555422,-122.310183,0, ,0.0,0.0,0.0,0.0,2,3100,0,0,0,0,0,0
TF,ATOME,47.607564,-122.363225,0, ,0.0,0.0,0.0,0.0,0,0,0,0,0,0,0,0
TF,BREMM,47.620000,-122.468333,0, ,0.0,0.0,0.0,0.0,0,0,0,0,0,0,0,0
TF,BANGR,47.643903,-122.914914,0, ,0.0,0.0,0.0,0.0,2,10000,0,0,0,0,0,0

SID,BANGR9,ARRIE,6
IF,BANGR,47.643903,-122.914914, ,0.0,0.0,2,10000,0,0,0,0,0,0
TF,ARRIE,47.879892,-123.475833,0, ,0.0,0.0,0.0,0.0,0,0,0,0,0,0,0,0

SID,BANGR9,PANGL,6
IF,BANGR,47.643903,-122.914914, ,0.0,0.0,2,10000,0,0,0,0,0,0
TF,PANGL,48.150269,-123.670239,0, ,0.0,0.0,0.0,0.0,0,0,0,0,0,0,0,0

SID,ELMAA5,16C,1
CA,0,164.0,2,840,0,0,0,0,0,0
CF,PEAKK,47.352167,-122.309667,0,SEA,161.0,5.0,161.0,6.0,2,3000,0,0,0,0,0,1

SID,ELMAA5,16L,1
CA,0,164.0,2,840,0,0,0,0,0,0
CF,PEAKK,47.352167,-122.309667,0,SEA,161.0,5.0,165.0,6.0,2,3000,0,0,0,0,0,1

SID,ELMAA5,16R,1
CA,0,164.0,2,840,0,0,0,0,0,0
CF,PEAKK,47.352167,-122.309667,0,SEA,161.0,5.0,161.0,6.0,2,3000,0,0,0,0,0,1

SID,ELMAA5,ALL,2
IF,PEAKK,47.352167,-122.309667, ,0.0,0.0,2,3000,0,0,0,0,0,0
VI,0, ,0.0,251.0,0,0,0,0,0,0,0,0
CF,ELMAA,47.148042,-123.409550,0,HQM,49.1,32.7,230.0,36.2,0,0,0,0,0,0,0,0

SID,ELMAA5,HQM,3
IF,ELMAA,47.148042,-123.409550, ,0.0,0.0,0,0,0,0,0,0,0,0
TF,HQM,46.947042,-124.149269,0, ,0.0,0.0,0.0,0.0,0,0,0,0,0,0,0,0

SID,HAROB6,16C,4
VA,0,164.0,2,932,0,0,0,0,0,0
DF,OTLIE,47.397825,-122.311561,0, ,0.0,0.0,0,0,0,0,0,0,0,1
TF,RENBE,47.320364,-122.311544,0, ,0.0,0.0,0.0,0.0,2,3000,0,0,0,0,0,0
TF,RICHR,47.306689,-122.437564,0, ,0.0,0.0,0.0,0.0,0,0,0,0,0,0,0,0
TF,EMRLD,47.315831,-122.769664,0, ,0.0,0.0,0.0,0.0,0,0,0,0,0,0,0,0
TF,HAROB,47.243333,-123.040833,0, ,0.0,0.0,0.0,0.0,2,10000,0,0,0,0,0,0

SID,HAROB6,16L,4
VA,0,164.0,2,932,0,0,0,0,0,0
DF,CAVOB,47.396192,-122.308347,0, ,0.0,0.0,0,0,0,0,0,0,0,1
TF,RENBE,47.320364,-122.311544,0, ,0.0,0.0,0.0,0.0,2,3000,0,0,0,0,0,0
TF,RICHR,47.306689,-122.437564,0, ,0.0,0.0,0.0,0.0,0,0,0,0,0,0,0,0
TF,EMRLD,47.315831,-122.769664,0, ,0.0,0.0,0.0,0.0,0,0,0,0,0,0,0,0
TF,HAROB,47.243333,-123.040833,0, ,0.0,0.0,0.0,0.0,2,10000,0,0,0,0,0,0

SID,HAROB6,16R,4
VA,0,164.0,2,932,0,0,0,0,0,0
DF,WESET,47.405847,-122.318353,0, ,0.0,0.0,0,0,0,0,0,0,0,1
TF,RENBE,47.320364,-122.311544,0, ,0.0,0.0,0.0,0.0,2,3000,0,0,0,0,0,0
TF,RICHR,47.306689,-122.437564,0, ,0.0,0.0,0.0,0.0,0,0,0,0,0,0,0,0
TF,EMRLD,47.315831,-122.769664,0, ,0.0,0.0,0.0,0.0,0,0,0,0,0,0,0,0
TF,HAROB,47.243333,-123.040833,0, ,0.0,0.0,0.0,0.0,2,10000,0,0,0,0,0,0

SID,HAROB6,34C,4
VA,0,344.0,2,932,0,0,0,0,0,0
DF,NESOE,47.498789,-122.310681,0, ,0.0,0.0,0,0,0,0,0,0,0,1
TF,WUREL,47.555422,-122.310183,0, ,0.0,0.0,0.0,0.0,2,3100,0,0,0,0,0,0
TF,ATOME,47.607564,-122.363225,0, ,0.0,0.0,0.0,0.0,0,0,0,0,0,0,0,0
TF,BREMM,47.620000,-122.468333,0, ,0.0,0.0,0.0,0.0,0,0,0,0,0,0,0,0
TF,HAROB,47.243333,-123.040833,0, ,0.0,0.0,0.0,0.0,2,10000,0,0,0,0,0,0

SID,HAROB6,34L,4
VA,0,344.0,2,932,0,0,0,0,0,0
DF,CUSBU,47.498522,-122.317564,0, ,0.0,0.0,0,0,0,0,0,0,0,1
TF,WUREL,47.555422,-122.310183,0, ,0.0,0.0,0.0,0.0,2,3100,0,0,0,0,0,0
TF,ATOME,47.607564,-122.363225,0, ,0.0,0.0,0.0,0.0,0,0,0,0,0,0,0,0
TF,BREMM,47.620000,-122.468333,0, ,0.0,0.0,0.0,0.0,0,0,0,0,0,0,0,0
TF,HAROB,47.243333,-123.040833,0, ,0.0,0.0,0.0,0.0,2,10000,0,0,0,0,0,0

SID,HAROB6,34R,4
VA,0,344.0,2,932,0,0,0,0,0,0
DF,DODVE,47.498775,-122.307444,0, ,0.0,0.0,0,0,0,0,0,0,0,1
TF,WUREL,47.555422,-122.310183,0, ,0.0,0.0,0.0,0.0,2,3100,0,0,0,0,0,0
TF,ATOME,47.607564,-122.363225,0, ,0.0,0.0,0.0,0.0,0,0,0,0,0,0,0,0
TF,BREMM,47.620000,-122.468333,0, ,0.0,0.0,0.0,0.0,0,0,0,0,0,0,0,0
TF,HAROB,47.243333,-123.040833,0, ,0.0,0.0,0.0,0.0,2,10000,0,0,0,0,0,0

SID,HAROB6,ERAVE,6
IF,HAROB,47.243333,-123.040833, ,0.0,0.0,2,10000,0,0,0,0,0,0
TF,ERAVE,46.909722,-123.401667,0, ,0.0,0.0,0.0,0.0,0,0,0,0,0,0,0,0

SID,HAROB6,FEPOT,6
IF,HAROB,47.243333,-123.040833, ,0.0,0.0,2,10000,0,0,0,0,0,0
TF,FEPOT,47.080833,-123.218889,0, ,0.0,0.0,0.0,0.0,0,0,0,0,0,0,0,0

SID,HAROB6,HISKU,6
IF,HAROB,47.243333,-123.040833, ,0.0,0.0,2,10000,0,0,0,0,0,0
TF,FEPOT,47.080833,-123.218889,0, ,0.0,0.0,0.0,0.0,0,0,0,0,0,0,0,0
TF,HISKU,44.500000,-122.944167,0, ,0.0,0.0,0.0,0.0,0,0,0,0,0,0,0,0

SID,HAROB6,HQM,6
IF,HAROB,47.243333,-123.040833, ,0.0,0.0,2,10000,0,0,0,0,0,0
TF,HQM,46.947042,-124.149269,0, ,0.0,0.0,0.0,0.0,0,0,0,0,0,0,0,0

SID,ISBRG1,34C,4
VA,0,344.0,2,940,0,0,0,0,0,0
DF,NESOE,47.498789,-122.310681,0, ,0.0,0.0,0,0,0,0,0,0,0,0
TF,WUREL,47.555422,-122.310183,0, ,0.0,0.0,0.0,0.0,2,3100,0,0,0,0,0,0

SID,ISBRG1,34L,4
VA,0,344.0,2,940,0,0,0,0,0,0
DF,CUSBU,47.498522,-122.317564,0, ,0.0,0.0,0,0,0,0,0,0,0,0
TF,WUREL,47.555422,-122.310183,0, ,0.0,0.0,0.0,0.0,2,3100,0,0,0,0,0,0

SID,ISBRG1,34R,4
VA,0,344.0,2,940,0,0,0,0,0,0
DF,DODVE,47.498775,-122.307444,0, ,0.0,0.0,0,0,0,0,0,0,0,0
TF,WUREL,47.555422,-122.310183,0, ,0.0,0.0,0.0,0.0,2,3100,0,0,0,0,0,0

SID,ISBRG1,ALL,5
IF,WUREL,47.555422,-122.310183, ,0.0,0.0,2,3100,0,0,0,0,0,0
TF,ATOME,47.607564,-122.363225,0, ,0.0,0.0,0.0,0.0,0,0,0,0,0,0,0,0
TF,BREMM,47.620000,-122.468333,0, ,0.0,0.0,0.0,0.0,0,0,0,0,0,0,0,0
TF,ISBRG,47.627967,-122.617361,0, ,0.0,0.0,0.0,0.0,0,0,0,0,0,0,0,1
FM,ISBRG,47.627967,-122.617361,0,SKA,0.0,0.0,259.0,0,0,0,0,0,0,0,0

SID,JEFPO1,34C,4
VA,0,344.0,2,940,0,0,0,0,0,0
DF,NESOE,47.498789,-122.310681,0, ,0.0,0.0,0,0,0,0,0,0,0,0
TF,WUREL,47.555422,-122.310183,0, ,0.0,0.0,0.0,0.0,2,3100,0,0,0,0,0,0

SID,JEFPO1,34L,4
VA,0,344.0,2,940,0,0,0,0,0,0
DF,CUSBU,47.498522,-122.317564,0, ,0.0,0.0,0,0,0,0,0,0,0,0
TF,WUREL,47.555422,-122.310183,0, ,0.0,0.0,0.0,0.0,2,3100,0,0,0,0,0,0

SID,JEFPO1,34R,4
VA,0,344.0,2,940,0,0,0,0,0,0
DF,DODVE,47.498775,-122.307444,0, ,0.0,0.0,0,0,0,0,0,0,0,0
TF,WUREL,47.555422,-122.310183,0, ,0.0,0.0,0.0,0.0,2,3100,0,0,0,0,0,0

SID,JEFPO1,ALL,5
IF,WUREL,47.555422,-122.310183, ,0.0,0.0,2,3100,0,0,0,0,0,0
TF,ATOME,47.607564,-122.363225,0, ,0.0,0.0,0.0,0.0,0,0,0,0,0,0,0,0
TF,CENEX,47.640311,-122.457600,0, ,0.0,0.0,0.0,0.0,0,0,0,0,0,0,0,0
TF,JEFPO,47.729106,-122.459756,0, ,0.0,0.0,0.0,0.0,0,0,0,0,0,0,0,1
FM,JEFPO,47.729106,-122.459756,0,SKA,0.0,0.0,343.0,0,0,0,0,0,0,0,0

SID,MONTN2,16C,1
CA,0,164.0,2,840,0,0,0,0,0,0
CF,PEAKK,47.352167,-122.309667,0,SEA,161.0,5.0,161.0,6.0,2,3000,0,0,0,0,0,1
VM,0,0,0,71.0,0,0,0,0,0,0,0,0

SID,MONTN2,16L,1
CA,0,164.0,2,840,0,0,0,0,0,0
CF,PEAKK,47.352167,-122.309667,0,SEA,161.0,5.0,161.0,6.0,2,3000,0,0,0,0,0,1
VM,0,0,0,71.0,0,0,0,0,0,0,0,0

SID,MONTN2,16R,1
CA,0,164.0,2,840,0,0,0,0,0,0
CF,PEAKK,47.352167,-122.309667,0,SEA,161.0,5.0,161.0,6.0,2,3000,0,0,0,0,0,1
VM,0,0,0,71.0,0,0,0,0,0,0,0,0

SID,MONTN2,34C,1
CA,0,344.0,2,840,0,0,0,0,0,0
CF,NEZUG,47.568667,-122.309667,0,SEA,341.0,8.0,341.0,7.0,2,4000,0,0,0,0,0,1
VM,0,0,0,71.0,0,0,0,0,0,0,0,0

SID,MONTN2,34L,1
CA,0,344.0,2,840,0,0,0,0,0,0
CF,NEZUG,47.568667,-122.309667,0,SEA,341.0,8.0,341.0,7.0,2,4000,0,0,0,0,0,1
VM,0,0,0,71.0,0,0,0,0,0,0,0,0

SID,MONTN2,34R,1
CA,0,344.0,2,840,0,0,0,0,0,0
CF,NEZUG,47.568667,-122.309667,0,SEA,341.0,8.0,341.0,7.0,2,4000,0,0,0,0,0,1
VM,0,0,0,71.0,0,0,0,0,0,0,0,0

SID,OZWLD1,34C,4
VA,0,344.0,2,940,0,0,0,0,0,0
DF,NESOE,47.498789,-122.310681,0, ,0.0,0.0,0,0,0,0,0,0,0,0
TF,WUREL,47.555422,-122.310183,0, ,0.0,0.0,0.0,0.0,2,3100,0,0,0,0,0,0

SID,OZWLD1,34L,4
VA,0,344.0,2,940,0,0,0,0,0,0
DF,CUSBU,47.498522,-122.317564,0, ,0.0,0.0,0,0,0,0,0,0,0,0
TF,WUREL,47.555422,-122.310183,0, ,0.0,0.0,0.0,0.0,2,3100,0,0,0,0,0,0

SID,OZWLD1,34R,4
VA,0,344.0,2,940,0,0,0,0,0,0
DF,DODVE,47.498775,-122.307444,0, ,0.0,0.0,0,0,0,0,0,0,0,0
TF,WUREL,47.555422,-122.310183,0, ,0.0,0.0,0.0,0.0,2,3100,0,0,0,0,0,0

SID,OZWLD1,ALL,5
IF,WUREL,47.555422,-122.310183, ,0.0,0.0,2,3100,0,0,0,0,0,0
TF,ATOME,47.607564,-122.363225,0, ,0.0,0.0,0.0,0.0,0,0,0,0,0,0,0,0
TF,BREMM,47.620000,-122.468333,0, ,0.0,0.0,0.0,0.0,0,0,0,0,0,0,0,0
TF,OZWLD,47.542775,-122.584411,0, ,0.0,0.0,0.0,0.0,0,0,0,0,0,0,0,1
FM,OZWLD,47.542775,-122.584411,0,SKA,0.0,0.0,210.0,0,0,0,0,0,0,0,0

SID,SEA9,16C,1
VA,0,163.0,2,840,0,0,0,0,0,0
FM,SEA,47.435372,-122.309617,0,SEA,0.0,0.0,161.0,0,0,0,0,0,0,0,0

SID,SEA9,16L,1
VA,0,165.0,2,840,0,0,0,0,0,0
FM,SEA,47.435372,-122.309617,0,SEA,0.0,0.0,161.0,0,0,0,0,0,0,0,0

SID,SEA9,16R,1
CA,0,164.0,2,840,0,0,0,0,0,0
VA,0,158.0,2,840,0,0,0,0,0,0
FM,SEA,47.435372,-122.309617,0,SEA,0.0,0.0,161.0,0,0,0,0,0,0,0,0

SID,SEA9,34C,1
VA,0,345.0,2,840,0,0,0,0,0,0
FM,SEA,47.435372,-122.309617,0,SEA,0.0,0.0,341.0,0,0,0,0,0,0,0,0

SID,SEA9,34L,1
CA,0,344.0,2,840,0,0,0,0,0,0
VA,0,350.0,2,840,0,0,0,0,0,0
FM,SEA,47.435372,-122.309617,0,SEA,0.0,0.0,341.0,0,0,0,0,0,0,0,0

SID,SEA9,34R,1
CA,0,344.0,2,840,0,0,0,0,0,0
VA,0,341.0,2,840,0,0,0,0,0,0
FM,SEA,47.435372,-122.309617,0,SEA,0.0,0.0,341.0,0,0,0,0,0,0,0,0

SID,SUMMA2,16C,1
CA,0,164.0,2,840,0,0,0,0,0,0
CF,NEVJO,47.252167,-122.309667,0,SEA,161.0,11.0,161.0,12.0,0,0,0,0,0,0,0,1
VI,0, ,0.0,131.0,0,0,0,0,0,0,0,0
CF,SUMMA,46.617858,-121.988322,0,SEA,145.8,50.8,146.0,37.0,0,0,0,0,0,0,0,0

SID,SUMMA2,16L,1
CA,0,164.0,2,840,0,0,0,0,0,0
CF,NEVJO,47.252167,-122.309667,0,SEA,161.0,11.0,161.0,12.0,0,0,0,0,0,0,0,1
VI,0, ,0.0,131.0,0,0,0,0,0,0,0,0
CF,SUMMA,46.617858,-121.988322,0,SEA,145.8,50.8,146.0,37.0,0,0,0,0,0,0,0,0

SID,SUMMA2,16R,1
CA,0,164.0,2,840,0,0,0,0,0,0
CF,NEVJO,47.252167,-122.309667,0,SEA,161.0,11.0,161.0,12.0,0,0,0,0,0,0,0,1
VI,0, ,0.0,131.0,0,0,0,0,0,0,0,0
CF,SUMMA,46.617858,-121.988322,0,SEA,145.8,50.8,146.0,37.0,0,0,0,0,0,0,0,0

SID,SUMMA2,34C,1
CA,0,344.0,2,840,0,0,0,0,0,0
CF,NEZUG,47.568667,-122.309667,0,SEA,341.0,8.0,341.0,7.0,2,4000,0,0,0,0,0,1
VM,0,0,2,90.0,0,0,0,0,0,0,0,0
DF,SUMMA,46.617858,-121.988322,0, ,0.0,0.0,0,0,0,0,0,0,0,0

SID,SUMMA2,34L,1
CA,0,344.0,2,840,0,0,0,0,0,0
CF,NEZUG,47.568667,-122.309667,0,SEA,341.0,8.0,341.0,7.0,2,4000,0,0,0,0,0,1
VM,0,0,2,90.0,0,0,0,0,0,0,0,0
DF,SUMMA,46.617858,-121.988322,0, ,0.0,0.0,0,0,0,0,0,0,0,0

SID,SUMMA2,34R,1
CA,0,344.0,2,840,0,0,0,0,0,0
CF,NEZUG,47.568667,-122.309667,0,SEA,341.0,8.0,341.0,7.0,2,4000,0,0,0,0,0,1
VM,0,0,2,90.0,0,0,0,0,0,0,0,0
DF,SUMMA,46.617858,-121.988322,0, ,0.0,0.0,0,0,0,0,0,0,0,0

SID,SUMMA2,BKE,3
IF,SUMMA,46.617858,-121.988322, ,0.0,0.0,0,0,0,0,0,0,0,0
TF,WANTA,46.473289,-121.623631,0, ,0.0,0.0,0.0,0.0,0,0,0,0,0,0,0,0
TF,KOTAA,45.720592,-119.800008,0, ,0.0,0.0,0.0,0.0,0,0,0,0,0,0,0,0
TF,BKE,44.840600,-117.807869,0, ,0.0,0.0,0.0,0.0,0,0,0,0,0,0,0,0

SID,SUMMA2,LKV,3
IF,SUMMA,46.617858,-121.988322, ,0.0,0.0,0,0,0,0,0,0,0,0
TF,LKV,42.492844,-120.507106,0, ,0.0,0.0,0.0,0.0,0,0,0,0,0,0,0,0

STAR,CHINS5,PDT,1
IF,PDT,45.698419,-118.938711, ,0.0,0.0,0,0,0,0,0,0,0,0
TF,BRUKK,46.191350,-119.780044,0, ,0.0,0.0,0.0,0.0,0,0,0,0,0,0,0,0
TF,SUNED,46.294875,-119.960042,0, ,0.0,0.0,0.0,0.0,0,0,0,0,0,0,0,0
TF,YKM,46.570244,-120.444636,0, ,0.0,0.0,0.0,0.0,0,0,0,0,0,0,0,0
TF,CHINS,46.811506,-120.952158,0, ,0.0,0.0,0.0,0.0,0,0,0,0,0,0,0,0

STAR,CHINS5,SUNED,1
IF,SUNED,46.294875,-119.960042, ,0.0,0.0,0,0,0,0,0,0,0,0
TF,YKM,46.570244,-120.444636,0, ,0.0,0.0,0.0,0.0,0,0,0,0,0,0,0,0
TF,CHINS,46.811506,-120.952158,0, ,0.0,0.0,0.0,0.0,0,0,0,0,0,0,0,0

STAR,CHINS5,YKM,1
IF,YKM,46.570244,-120.444636, ,0.0,0.0,0,0,0,0,0,0,0,0
TF,CHINS,46.811506,-120.952158,0, ,0.0,0.0,0.0,0.0,0,0,0,0,0,0,0,0

STAR,CHINS5,ALL,2
IF,CHINS,46.811506,-120.952158, ,0.0,0.0,0,0,0,0,0,0,0,0
TF,RADDY,47.074469,-121.516181,0, ,0.0,0.0,0.0,0.0,0,0,0,0,0,0,0,0

STAR,CHINS5,16L,3
IF,RADDY,47.074469,-121.516181, ,0.0,0.0,2,16000,0,1,270,0,0,0
TF,HUMPP,47.209375,-121.810125,0, ,0.0,0.0,0.0,0.0,3,15000,0,0,0,0,0,0
TF,AUBRN,47.361789,-122.145983,0, ,0.0,0.0,0.0,0.0,1,12000,0,1,250,0,0,0
VM,47.449889,-122.311778,0,343.0,0,0,0,0,0,0,0,0

STAR,CHINS5,16R,3
IF,RADDY,47.074469,-121.516181, ,0.0,0.0,2,16000,0,1,270,0,0,0
TF,HUMPP,47.209375,-121.810125,0, ,0.0,0.0,0.0,0.0,3,15000,0,0,0,0,0,0
TF,AUBRN,47.361789,-122.145983,0, ,0.0,0.0,0.0,0.0,1,12000,0,1,250,0,0,0
VM,47.449889,-122.311778,0,343.0,0,0,0,0,0,0,0,0

STAR,CHINS5,16C,3
IF,RADDY,47.074469,-121.516181, ,0.0,0.0,2,16000,0,1,270,0,0,0
TF,HUMPP,47.209375,-121.810125,0, ,0.0,0.0,0.0,0.0,3,15000,0,0,0,0,0,0
TF,AUBRN,47.361789,-122.145983,0, ,0.0,0.0,0.0,0.0,1,12000,0,1,250,0,0,0
VM,47.449889,-122.311778,0,343.0,0,0,0,0,0,0,0,0

STAR,CHINS5,34L,3
IF,RADDY,47.074469,-121.516181, ,0.0,0.0,1,12000,0,1,250,0,0,0
TF,HUMPP,47.209375,-121.810125,0, ,0.0,0.0,0.0,0.0,0,0,0,0,0,0,0,0
TF,AUBRN,47.361789,-122.145983,0, ,0.0,0.0,0.0,0.0,0,0,0,0,0,0,0,0
VM,47.449889,-122.311778,0,250.0,0,0,0,0,0,0,0,0

STAR,CHINS5,34R,3
IF,RADDY,47.074469,-121.516181, ,0.0,0.0,1,12000,0,1,250,0,0,0
TF,HUMPP,47.209375,-121.810125,0, ,0.0,0.0,0.0,0.0,0,0,0,0,0,0,0,0
TF,AUBRN,47.361789,-122.145983,0, ,0.0,0.0,0.0,0.0,0,0,0,0,0,0,0,0
VM,47.449889,-122.311778,0,250.0,0,0,0,0,0,0,0,0

STAR,CHINS5,34C,3
IF,RADDY,47.074469,-121.516181, ,0.0,0.0,1,12000,0,1,250,0,0,0
TF,HUMPP,47.209375,-121.810125,0, ,0.0,0.0,0.0,0.0,0,0,0,0,0,0,0,0
TF,AUBRN,47.361789,-122.145983,0, ,0.0,0.0,0.0,0.0,0,0,0,0,0,0,0,0
VM,47.449889,-122.311778,0,250.0,0,0,0,0,0,0,0,0

STAR,GLASR3,GEG,1
IF,GEG,47.564947,-117.626886, ,0.0,0.0,0,0,0,0,0,0,0,0
TF,TEMPL,47.729894,-119.484386,0, ,0.0,0.0,0.0,0.0,0,0,0,0,0,0,0,0
TF,WITRO,47.780461,-120.136661,0, ,0.0,0.0,0.0,0.0,0,0,0,0,0,0,0,0
TF,ODAHL,47.827886,-120.798578,0, ,0.0,0.0,0.0,0.0,0,0,0,0,0,0,0,0
TF,GLASR,47.854278,-121.192803,0, ,0.0,0.0,0.0,0.0,0,0,0,0,0,0,0,0

STAR,GLASR3,MLP,1
IF,MLP,47.456903,-115.646044, ,0.0,0.0,0,0,0,0,0,0,0,0
TF,GEG,47.564947,-117.626886,0, ,0.0,0.0,0.0,0.0,0,0,0,0,0,0,0,0
TF,TEMPL,47.729894,-119.484386,0, ,0.0,0.0,0.0,0.0,0,0,0,0,0,0,0,0
TF,WITRO,47.780461,-120.136661,0, ,0.0,0.0,0.0,0.0,0,0,0,0,0,0,0,0
TF,ODAHL,47.827886,-120.798578,0, ,0.0,0.0,0.0,0.0,0,0,0,0,0,0,0,0
TF,GLASR,47.854278,-121.192803,0, ,0.0,0.0,0.0,0.0,0,0,0,0,0,0,0,0

STAR,GLASR3,TEMPL,1
IF,TEMPL,47.729894,-119.484386, ,0.0,0.0,0,0,0,0,0,0,0,0
TF,WITRO,47.780461,-120.136661,0, ,0.0,0.0,0.0,0.0,0,0,0,0,0,0,0,0
TF,ODAHL,47.827886,-120.798578,0, ,0.0,0.0,0.0,0.0,0,0,0,0,0,0,0,0
TF,GLASR,47.854278,-121.192803,0, ,0.0,0.0,0.0,0.0,0,0,0,0,0,0,0,0

STAR,GLASR3,YXC,1
IF,YXC,49.554275,-116.088303, ,0.0,0.0,0,0,0,0,0,0,0,0
TF,GEG,47.564947,-117.626886,0, ,0.0,0.0,0.0,0.0,0,0,0,0,0,0,0,0
TF,TEMPL,47.729894,-119.484386,0, ,0.0,0.0,0.0,0.0,0,0,0,0,0,0,0,0
TF,WITRO,47.780461,-120.136661,0, ,0.0,0.0,0.0,0.0,0,0,0,0,0,0,0,0
TF,ODAHL,47.827886,-120.798578,0, ,0.0,0.0,0.0,0.0,0,0,0,0,0,0,0,0
TF,GLASR,47.854278,-121.192803,0, ,0.0,0.0,0.0,0.0,0,0,0,0,0,0,0,0

STAR,GLASR3,ALL,2
IF,GLASR,47.854278,-121.192803, ,0.0,0.0,0,0,0,0,0,0,0,0
TF,JAKSN,47.886447,-121.703717,0, ,0.0,0.0,0.0,0.0,0,0,0,0,0,0,0,0

STAR,GLASR3,16L,3
IF,JAKSN,47.886447,-121.703717, ,0.0,0.0,1,12000,0,1,250,0,0,0
TF,WOODI,47.768739,-121.863250,0, ,0.0,0.0,0.0,0.0,0,0,0,0,0,0,0,0
TF,HETHR,47.559047,-122.144961,0, ,0.0,0.0,0.0,0.0,0,0,0,0,0,0,0,0
VM,47.449889,-122.311778,0,250.0,0,0,0,0,0,0,0,0

STAR,GLASR3,16R,3
IF,JAKSN,47.886447,-121.703717, ,0.0,0.0,1,12000,0,1,250,0,0,0
TF,WOODI,47.768739,-121.863250,0, ,0.0,0.0,0.0,0.0,0,0,0,0,0,0,0,0
TF,HETHR,47.559047,-122.144961,0, ,0.0,0.0,0.0,0.0,0,0,0,0,0,0,0,0
VM,47.449889,-122.311778,0,250.0,0,0,0,0,0,0,0,0

STAR,GLASR3,16C,3
IF,JAKSN,47.886447,-121.703717, ,0.0,0.0,1,12000,0,1,250,0,0,0
TF,WOODI,47.768739,-121.863250,0, ,0.0,0.0,0.0,0.0,0,0,0,0,0,0,0,0
TF,HETHR,47.559047,-122.144961,0, ,0.0,0.0,0.0,0.0,0,0,0,0,0,0,0,0
VM,47.449889,-122.311778,0,250.0,0,0,0,0,0,0,0,0

STAR,GLASR3,34L,3
IF,JAKSN,47.886447,-121.703717, ,0.0,0.0,2,16000,0,1,270,0,0,0
TF,WOODI,47.768739,-121.863250,0, ,0.0,0.0,0.0,0.0,3,14000,0,0,0,0,0,0
TF,HETHR,47.559047,-122.144961,0, ,0.0,0.0,0.0,0.0,1,12000,0,1,250,0,0,0
VM,47.449889,-122.311778,0,163.0,0,0,0,0,0,0,0,0

STAR,GLASR3,34R,3
IF,JAKSN,47.886447,-121.703717, ,0.0,0.0,2,16000,0,1,270,0,0,0
TF,WOODI,47.768739,-121.863250,0, ,0.0,0.0,0.0,0.0,3,14000,0,0,0,0,0,0
TF,HETHR,47.559047,-122.144961,0, ,0.0,0.0,0.0,0.0,1,12000,0,1,250,0,0,0
VM,47.449889,-122.311778,0,163.0,0,0,0,0,0,0,0,0

STAR,GLASR3,34C,3
IF,JAKSN,47.886447,-121.703717, ,0.0,0.0,2,16000,0,1,270,0,0,0
TF,WOODI,47.768739,-121.863250,0, ,0.0,0.0,0.0,0.0,3,14000,0,0,0,0,0,0
TF,HETHR,47.559047,-122.144961,0, ,0.0,0.0,0.0,0.0,1,12000,0,1,250,0,0,0
VM,47.449889,-122.311778,0,163.0,0,0,0,0,0,0,0,0

STAR,HAWKZ8,BLYTZ,4
IF,BLYTZ,43.784150,-121.303842, ,0.0,0.0,0,0,0,0,0,0,0,0
TF,ESLEY,45.296183,-122.286647,0, ,0.0,0.0,0.0,0.0,0,0,0,0,0,0,0,0
TF,BTG,45.747811,-122.591536,0, ,0.0,0.0,0.0,0.0,2,24000,0,0,0,0,0,0
TF,PTERA,46.094311,-122.677469,0, ,0.0,0.0,0.0,0.0,2,22000,0,0,0,0,0,0
TF,KRIEG,46.320208,-122.722206,0, ,0.0,0.0,0.0,0.0,0,0,0,0,0,0,0,0
TF,HAWKZ,46.784703,-122.738969,0, ,0.0,0.0,0.0,0.0,2,12000,0,1,270,0,0,0

STAR,HAWKZ8,BTG,4
IF,BTG,45.747811,-122.591536, ,0.0,0.0,2,24000,0,0,0,0,0,0
TF,PTERA,46.094311,-122.677469,0, ,0.0,0.0,0.0,0.0,2,22000,0,0,0,0,0,0
TF,KRIEG,46.320208,-122.722206,0, ,0.0,0.0,0.0,0.0,0,0,0,0,0,0,0,0
TF,HAWKZ,46.784703,-122.738969,0, ,0.0,0.0,0.0,0.0,2,12000,0,1,270,0,0,0

STAR,HAWKZ8,KNGDM,4
IF,KNGDM,43.352958,-122.004250, ,0.0,0.0,0,0,0,0,0,0,0,0
TF,WRUSL,45.255667,-122.466769,0, ,0.0,0.0,0.0,0.0,0,0,0,0,0,0,0,0
TF,BTG,45.747811,-122.591536,0, ,0.0,0.0,0.0,0.0,2,24000,0,0,0,0,0,0
TF,PTERA,46.094311,-122.677469,0, ,0.0,0.0,0.0,0.0,2,22000,0,0,0,0,0,0
TF,KRIEG,46.320208,-122.722206,0, ,0.0,0.0,0.0,0.0,0,0,0,0,0,0,0,0
TF,HAWKZ,46.784703,-122.738969,0, ,0.0,0.0,0.0,0.0,2,12000,0,1,270,0,0,0

STAR,HAWKZ8,KRIEG,4
IF,KRIEG,46.320208,-122.722206, ,0.0,0.0,0,0,0,0,0,0,0,0
TF,HAWKZ,46.784703,-122.738969,0, ,0.0,0.0,0.0,0.0,2,12000,0,1,270,0,0,0

STAR,HAWKZ8,LATAY,4
IF,LATAY,46.407856,-125.071811, ,0.0,0.0,0,0,0,0,0,0,0,0
TF,AAYRR,46.646819,-123.722389,0, ,0.0,0.0,0.0,0.0,0,0,0,0,0,0,0,0
TF,HAWKZ,46.784703,-122.738969,0, ,0.0,0.0,0.0,0.0,2,12000,0,1,270,0,0,0

STAR,HAWKZ8,LKV,4
IF,LKV,42.492844,-120.507106, ,0.0,0.0,0,0,0,0,0,0,0,0
TF,BLYTZ,43.784150,-121.303842,0, ,0.0,0.0,0.0,0.0,0,0,0,0,0,0,0,0
TF,ESLEY,45.296183,-122.286647,0, ,0.0,0.0,0.0,0.0,0,0,0,0,0,0,0,0
TF,BTG,45.747811,-122.591536,0, ,0.0,0.0,0.0,0.0,2,24000,0,0,0,0,0,0
TF,PTERA,46.094311,-122.677469,0, ,0.0,0.0,0.0,0.0,2,22000,0,0,0,0,0,0
TF,KRIEG,46.320208,-122.722206,0, ,0.0,0.0,0.0,0.0,0,0,0,0,0,0,0,0
TF,HAWKZ,46.784703,-122.738969,0, ,0.0,0.0,0.0,0.0,2,12000,0,1,270,0,0,0

STAR,HAWKZ8,LMT,4
IF,LMT,42.153142,-121.727528, ,0.0,0.0,0,0,0,0,0,0,0,0
TF,KNGDM,43.352958,-122.004250,0, ,0.0,0.0,0.0,0.0,0,0,0,0,0,0,0,0
TF,WRUSL,45.255667,-122.466769,0, ,0.0,0.0,0.0,0.0,0,0,0,0,0,0,0,0
TF,BTG,45.747811,-122.591536,0, ,0.0,0.0,0.0,0.0,2,24000,0,0,0,0,0,0
TF,PTERA,46.094311,-122.677469,0, ,0.0,0.0,0.0,0.0,2,22000,0,0,0,0,0,0
TF,KRIEG,46.320208,-122.722206,0, ,0.0,0.0,0.0,0.0,0,0,0,0,0,0,0,0
TF,HAWKZ,46.784703,-122.738969,0, ,0.0,0.0,0.0,0.0,2,12000,0,1,270,0,0,0

STAR,HAWKZ8,ALL,5
IF,HAWKZ,46.784703,-122.738969, ,0.0,0.0,2,12000,0,1,270,0,0,0
TF,LIINE,46.844219,-122.668506,0, ,0.0,0.0,0.0,0.0,0,0,0,0,0,0,0,0

STAR,HAWKZ8,16L,6
IF,LIINE,46.844219,-122.668506, ,0.0,0.0,0,0,0,0,0,0,0,0
TF,PIKEZ,46.937761,-122.562019,0, ,0.0,0.0,0.0,0.0,4,15000,12000,1,250,0,0,0
TF,COFAY,47.078842,-122.500436,0, ,0.0,0.0,0.0,0.0,0,0,0,0,0,0,0,0
TF,BREVE,47.189928,-122.480128,0, ,0.0,0.0,0.0,0.0,4,11000,10000,1,250,0,0,0
TF,NETTZ,47.352500,-122.455278,0, ,0.0,0.0,0.0,0.0,2,8000,0,1,230,0,0,0
TF,KWEST,47.409136,-122.455317,0, ,0.0,0.0,0.0,0.0,2,7000,0,0,0,0,0,0
TF,VASHN,47.511503,-122.455367,0, ,0.0,0.0,0.0,0.0,1,6000,0,1,210,0,0,1
FM,VASHN,47.511503,-122.455367,0,GTF,0.0,0.0,344.0,0,0,0,0,0,0,0,0

STAR,HAWKZ8,16R,6
IF,LIINE,46.844219,-122.668506, ,0.0,0.0,0,0,0,0,0,0,0,0
TF,PIKEZ,46.937761,-122.562019,0, ,0.0,0.0,0.0,0.0,4,15000,12000,1,250,0,0,0
TF,COFAY,47.078842,-122.500436,0, ,0.0,0.0,0.0,0.0,0,0,0,0,0,0,0,0
TF,BREVE,47.189928,-122.480128,0, ,0.0,0.0,0.0,0.0,4,11000,10000,1,250,0,0,0
TF,NETTZ,47.352500,-122.455278,0, ,0.0,0.0,0.0,0.0,2,8000,0,1,230,0,0,0
TF,KWEST,47.409136,-122.455317,0, ,0.0,0.0,0.0,0.0,2,7000,0,0,0,0,0,0
TF,VASHN,47.511503,-122.455367,0, ,0.0,0.0,0.0,0.0,1,6000,0,1,210,0,0,1
FM,VASHN,47.511503,-122.455367,0,GTF,0.0,0.0,344.0,0,0,0,0,0,0,0,0

STAR,HAWKZ8,16C,6
IF,LIINE,46.844219,-122.668506, ,0.0,0.0,0,0,0,0,0,0,0,0
TF,PIKEZ,46.937761,-122.562019,0, ,0.0,0.0,0.0,0.0,4,15000,12000,1,250,0,0,0
TF,COFAY,47.078842,-122.500436,0, ,0.0,0.0,0.0,0.0,0,0,0,0,0,0,0,0
TF,BREVE,47.189928,-122.480128,0, ,0.0,0.0,0.0,0.0,4,11000,10000,1,250,0,0,0
TF,NETTZ,47.352500,-122.455278,0, ,0.0,0.0,0.0,0.0,2,8000,0,1,230,0,0,0
TF,KWEST,47.409136,-122.455317,0, ,0.0,0.0,0.0,0.0,2,7000,0,0,0,0,0,0
TF,VASHN,47.511503,-122.455367,0, ,0.0,0.0,0.0,0.0,1,6000,0,1,210,0,0,1
FM,VASHN,47.511503,-122.455367,0,GTF,0.0,0.0,344.0,0,0,0,0,0,0,0,0

STAR,HAWKZ8,34L,6
IF,LIINE,46.844219,-122.668506, ,0.0,0.0,0,0,0,0,0,0,0,0
TF,FOOTT,46.908286,-122.580258,0, ,0.0,0.0,0.0,0.0,4,12000,10000,1,250,0,0,0
TF,GOALZ,46.982456,-122.468500,0, ,0.0,0.0,0.0,0.0,2,9000,0,1,230,0,0,0
TF,SONDR,47.123803,-122.348972,0, ,0.0,0.0,0.0,0.0,1,6000,0,1,230,0,0,0

STAR,HAWKZ8,34R,6
IF,LIINE,46.844219,-122.668506, ,0.0,0.0,0,0,0,0,0,0,0,0
TF,FOOTT,46.908286,-122.580258,0, ,0.0,0.0,0.0,0.0,4,12000,10000,1,250,0,0,0
TF,GOALZ,46.982456,-122.468500,0, ,0.0,0.0,0.0,0.0,2,9000,0,1,230,0,0,0
TF,SONDR,47.123803,-122.348972,0, ,0.0,0.0,0.0,0.0,1,6000,0,1,230,0,0,0

STAR,HAWKZ8,34C,6
IF,LIINE,46.844219,-122.668506, ,0.0,0.0,0,0,0,0,0,0,0,0
TF,FOOTT,46.908286,-122.580258,0, ,0.0,0.0,0.0,0.0,4,12000,10000,1,250,0,0,0
TF,GOALZ,46.982456,-122.468500,0, ,0.0,0.0,0.0,0.0,2,9000,0,1,230,0,0,0
TF,SONDR,47.123803,-122.348972,0, ,0.0,0.0,0.0,0.0,1,6000,0,1,230,0,0,0

STAR,JAWBN7,TOU,1
IF,TOU,48.299900,-124.627044, ,0.0,0.0,0,0,0,0,0,0,0,0
TF,JAWBN,48.031739,-122.843239,0, ,0.0,0.0,0.0,0.0,0,0,0,0,0,0,0,0

STAR,JAWBN7,16C,3
IF,JAWBN,48.031739,-122.843239, ,0.0,0.0,1,12000,0,1,250,0,0,0
TF,DIGGN,47.947175,-122.766689,0, ,0.0,0.0,0.0,0.0,0,0,0,0,0,0,0,0
TF,ALKIA,47.621025,-122.474217,0, ,0.0,0.0,0.0,0.0,0,0,0,0,0,0,0,0
VM,47.449889,-122.311778,0,70.0,0,0,0,0,0,0,0,0

STAR,JAWBN7,16L,3
IF,JAWBN,48.031739,-122.843239, ,0.0,0.0,1,12000,0,1,250,0,0,0
TF,DIGGN,47.947175,-122.766689,0, ,0.0,0.0,0.0,0.0,0,0,0,0,0,0,0,0
TF,ALKIA,47.621025,-122.474217,0, ,0.0,0.0,0.0,0.0,0,0,0,0,0,0,0,0
VM,47.449889,-122.311778,0,70.0,0,0,0,0,0,0,0,0

STAR,JAWBN7,16R,3
IF,JAWBN,48.031739,-122.843239, ,0.0,0.0,1,12000,0,1,250,0,0,0
TF,DIGGN,47.947175,-122.766689,0, ,0.0,0.0,0.0,0.0,0,0,0,0,0,0,0,0
TF,ALKIA,47.621025,-122.474217,0, ,0.0,0.0,0.0,0.0,0,0,0,0,0,0,0,0
VM,47.449889,-122.311778,0,70.0,0,0,0,0,0,0,0,0

STAR,JAWBN7,34C,3
IF,JAWBN,48.031739,-122.843239, ,0.0,0.0,2,16000,0,1,270,0,0,0
TF,DIGGN,47.947175,-122.766689,0, ,0.0,0.0,0.0,0.0,0,0,0,0,0,0,0,0
TF,ALKIA,47.621025,-122.474217,0, ,0.0,0.0,0.0,0.0,1,12000,0,1,250,0,0,0
VM,47.449889,-122.311778,0,163.0,0,0,0,0,0,0,0,0

STAR,JAWBN7,34L,3
IF,JAWBN,48.031739,-122.843239, ,0.0,0.0,2,16000,0,1,270,0,0,0
TF,DIGGN,47.947175,-122.766689,0, ,0.0,0.0,0.0,0.0,0,0,0,0,0,0,0,0
TF,ALKIA,47.621025,-122.474217,0, ,0.0,0.0,0.0,0.0,1,12000,0,1,250,0,0,0
VM,47.449889,-122.311778,0,163.0,0,0,0,0,0,0,0,0

STAR,JAWBN7,34R,3
IF,JAWBN,48.031739,-122.843239, ,0.0,0.0,2,16000,0,1,270,0,0,0
TF,DIGGN,47.947175,-122.766689,0, ,0.0,0.0,0.0,0.0,0,0,0,0,0,0,0,0
TF,ALKIA,47.621025,-122.474217,0, ,0.0,0.0,0.0,0.0,1,12000,0,1,250,0,0,0
VM,47.449889,-122.311778,0,163.0,0,0,0,0,0,0,0,0

STAR,MARNR8,BUHNR,4
IF,BUHNR,48.171667,-122.890833, ,0.0,0.0,2,12000,0,0,0,0,0,0
TF,MARNR,48.038867,-122.849908,0, ,0.0,0.0,0.0,0.0,2,12000,0,1,270,0,0,0

STAR,MARNR8,JIGEB,4
IF,JIGEB,48.231719,-123.025469, ,0.0,0.0,2,12000,0,0,0,0,0,0
TF,MARNR,48.038867,-122.849908,0, ,0.0,0.0,0.0,0.0,2,12000,0,1,270,0,0,0

STAR,MARNR8,ROESH,4
IF,ROESH,48.631242,-123.018994, ,0.0,0.0,0,0,0,0,0,0,0,0
TF,MARNR,48.038867,-122.849908,0, ,0.0,0.0,0.0,0.0,2,12000,0,1,270,0,0,0

STAR,MARNR8,TOU,4
IF,TOU,48.299900,-124.627044, ,0.0,0.0,2,20000,0,0,0,0,0,0
TF,LOOOO,48.120556,-123.383056,0, ,0.0,0.0,0.0,0.0,2,17000,0,1,280,0,0,0
TF,MARNR,48.038867,-122.849908,0, ,0.0,0.0,0.0,0.0,2,12000,0,1,270,0,0,0

STAR,MARNR8,VIXOR,4
IF,VIXOR,48.727050,-123.484489, ,0.0,0.0,2,20000,0,0,0,0,0,0
TF,ORCUS,48.344317,-123.128892,0, ,0.0,0.0,0.0,0.0,2,17000,0,1,280,0,0,0
TF,MARNR,48.038867,-122.849908,0, ,0.0,0.0,0.0,0.0,2,12000,0,1,270,0,0,0

STAR,MARNR8,16L,6
IF,MARNR,48.038867,-122.849908, ,0.0,0.0,2,12000,0,1,270,0,0,0
TF,BOANE,47.985000,-122.725278,0, ,0.0,0.0,0.0,0.0,2,11000,0,1,250,0,0,0
TF,NEHOS,47.923839,-122.470614,0, ,0.0,0.0,0.0,0.0,2,8000,0,1,230,0,0,0
TF,GRIFY,47.769172,-122.402064,0, ,0.0,0.0,0.0,0.0,1,6000,0,1,210,0,0,0

STAR,MARNR8,16R,6
IF,MARNR,48.038867,-122.849908, ,0.0,0.0,2,12000,0,1,270,0,0,0
TF,BOANE,47.985000,-122.725278,0, ,0.0,0.0,0.0,0.0,2,11000,0,1,250,0,0,0
TF,NEHOS,47.923839,-122.470614,0, ,0.0,0.0,0.0,0.0,2,8000,0,1,230,0,0,0
TF,GRIFY,47.769172,-122.402064,0, ,0.0,0.0,0.0,0.0,1,6000,0,1,210,0,0,0

STAR,MARNR8,16C,6
IF,MARNR,48.038867,-122.849908, ,0.0,0.0,2,12000,0,1,270,0,0,0
TF,BOANE,47.985000,-122.725278,0, ,0.0,0.0,0.0,0.0,2,11000,0,1,250,0,0,0
TF,NEHOS,47.923839,-122.470614,0, ,0.0,0.0,0.0,0.0,2,8000,0,1,230,0,0,0
TF,GRIFY,47.769172,-122.402064,0, ,0.0,0.0,0.0,0.0,1,6000,0,1,210,0,0,0

STAR,MARNR8,34L,6
IF,MARNR,48.038867,-122.849908, ,0.0,0.0,2,12000,0,1,270,0,0,0
TF,PNELA,47.924997,-122.746828,0, ,0.0,0.0,0.0,0.0,2,12000,0,1,270,0,0,0
TF,VEGGN,47.721606,-122.564258,0, ,0.0,0.0,0.0,0.0,4,15000,11000,1,250,0,0,0
TF,UNITT,47.575056,-122.463706,0, ,0.0,0.0,0.0,0.0,2,10000,0,0,0,0,0,0
TF,WUBET,47.468861,-122.464700,0, ,0.0,0.0,0.0,0.0,2,8000,0,1,230,0,0,0
TF,SHIPZ,47.358072,-122.465697,0, ,0.0,0.0,0.0,0.0,1,7000,0,1,210,0,0,0
TF,EMMSS,47.299769,-122.466200,0, ,0.0,0.0,0.0,0.0,1,7000,0,0,0,0,0,1
FM,EMMSS,47.299769,-122.466200,0,SKA,0.0,0.0,164.0,0,0,0,0,0,0,0,0

STAR,MARNR8,34R,6
IF,MARNR,48.038867,-122.849908, ,0.0,0.0,2,12000,0,1,270,0,0,0
TF,PNELA,47.924997,-122.746828,0, ,0.0,0.0,0.0,0.0,2,12000,0,1,270,0,0,0
TF,VEGGN,47.721606,-122.564258,0, ,0.0,0.0,0.0,0.0,4,15000,11000,1,250,0,0,0
TF,UNITT,47.575056,-122.463706,0, ,0.0,0.0,0.0,0.0,2,10000,0,0,0,0,0,0
TF,WUBET,47.468861,-122.464700,0, ,0.0,0.0,0.0,0.0,2,8000,0,1,230,0,0,0
TF,SHIPZ,47.358072,-122.465697,0, ,0.0,0.0,0.0,0.0,1,7000,0,1,210,0,0,0
TF,EMMSS,47.299769,-122.466200,0, ,0.0,0.0,0.0,0.0,1,7000,0,0,0,0,0,1
FM,EMMSS,47.299769,-122.466200,0,SKA,0.0,0.0,164.0,0,0,0,0,0,0,0,0

STAR,MARNR8,34C,6
IF,MARNR,48.038867,-122.849908, ,0.0,0.0,2,12000,0,1,270,0,0,0
TF,PNELA,47.924997,-122.746828,0, ,0.0,0.0,0.0,0.0,2,12000,0,1,270,0,0,0
TF,VEGGN,47.721606,-122.564258,0, ,0.0,0.0,0.0,0.0,4,15000,11000,1,250,0,0,0
TF,UNITT,47.575056,-122.463706,0, ,0.0,0.0,0.0,0.0,2,10000,0,0,0,0,0,0
TF,WUBET,47.468861,-122.464700,0, ,0.0,0.0,0.0,0.0,2,8000,0,1,230,0,0,0
TF,SHIPZ,47.358072,-122.465697,0, ,0.0,0.0,0.0,0.0,1,7000,0,1,210,0,0,0
TF,EMMSS,47.299769,-122.466200,0, ,0.0,0.0,0.0,0.0,1,7000,0,0,0,0,0,1
FM,EMMSS,47.299769,-122.466200,0,SKA,0.0,0.0,164.0,0,0,0,0,0,0,0,0

STAR,OLM2,BTG,1
IF,BTG,45.747811,-122.591536, ,0.0,0.0,0,0,0,0,0,0,0,0
TF,COUGA,46.092008,-122.677386,0, ,0.0,0.0,0.0,0.0,0,0,0,0,0,0,0,0
TF,OLM,46.971639,-122.901833,0, ,0.0,0.0,0.0,0.0,0,0,0,0,0,0,0,0

STAR,OLM2,UBG,1
IF,UBG,45.353233,-122.978147, ,0.0,0.0,0,0,0,0,0,0,0,0
TF,OLM,46.971639,-122.901833,0, ,0.0,0.0,0.0,0.0,0,0,0,0,0,0,0,0

STAR,OLM2,16L,3
IF,OLM,46.971639,-122.901833, ,0.0,0.0,2,17000,0,1,270,0,0,0
TF,LACEE,47.047036,-122.805897,0, ,0.0,0.0,0.0,0.0,0,0,0,0,0,0,0,0
TF,ARVAD,47.222636,-122.581000,0, ,0.0,0.0,0.0,0.0,1,13000,0,1,250,0,0,0
TF,FOURT,47.297764,-122.484147,0, ,0.0,0.0,0.0,0.0,0,0,0,0,0,0,0,1
VM,47.449889,-122.311778,0,343.0,0,0,0,0,0,0,0,0

STAR,OLM2,16R,3
IF,OLM,46.971639,-122.901833, ,0.0,0.0,2,17000,0,1,270,0,0,0
TF,LACEE,47.047036,-122.805897,0, ,0.0,0.0,0.0,0.0,0,0,0,0,0,0,0,0
TF,ARVAD,47.222636,-122.581000,0, ,0.0,0.0,0.0,0.0,1,13000,0,1,250,0,0,0
TF,FOURT,47.297764,-122.484147,0, ,0.0,0.0,0.0,0.0,0,0,0,0,0,0,0,1
VM,47.449889,-122.311778,0,343.0,0,0,0,0,0,0,0,0

STAR,OLM2,16C,3
IF,OLM,46.971639,-122.901833, ,0.0,0.0,2,17000,0,1,270,0,0,0
TF,LACEE,47.047036,-122.805897,0, ,0.0,0.0,0.0,0.0,0,0,0,0,0,0,0,0
TF,ARVAD,47.222636,-122.581000,0, ,0.0,0.0,0.0,0.0,1,13000,0,1,250,0,0,0
TF,FOURT,47.297764,-122.484147,0, ,0.0,0.0,0.0,0.0,0,0,0,0,0,0,0,1
VM,47.449889,-122.311778,0,343.0,0,0,0,0,0,0,0,0

STAR,OLM2,34L,3
IF,OLM,46.971639,-122.901833, ,0.0,0.0,1,13000,0,1,250,0,0,0
TF,LACEE,47.047036,-122.805897,0, ,0.0,0.0,0.0,0.0,0,0,0,0,0,0,0,0
TF,ARVAD,47.222636,-122.581000,0, ,0.0,0.0,0.0,0.0,0,0,0,0,0,0,0,0
TF,FOURT,47.297764,-122.484147,0, ,0.0,0.0,0.0,0.0,0,0,0,0,0,0,0,1
VM,47.449889,-122.311778,0,70.0,0,0,0,0,0,0,0,0

STAR,OLM2,34R,3
IF,OLM,46.971639,-122.901833, ,0.0,0.0,1,13000,0,1,250,0,0,0
TF,LACEE,47.047036,-122.805897,0, ,0.0,0.0,0.0,0.0,0,0,0,0,0,0,0,0
TF,ARVAD,47.222636,-122.581000,0, ,0.0,0.0,0.0,0.0,0,0,0,0,0,0,0,0
TF,FOURT,47.297764,-122.484147,0, ,0.0,0.0,0.0,0.0,0,0,0,0,0,0,0,1
VM,47.449889,-122.311778,0,70.0,0,0,0,0,0,0,0,0

STAR,OLM2,34C,3
IF,OLM,46.971639,-122.901833, ,0.0,0.0,1,13000,0,1,250,0,0,0
TF,LACEE,47.047036,-122.805897,0, ,0.0,0.0,0.0,0.0,0,0,0,0,0,0,0,0
TF,ARVAD,47.222636,-122.581000,0, ,0.0,0.0,0.0,0.0,0,0,0,0,0,0,0,0
TF,FOURT,47.297764,-122.484147,0, ,0.0,0.0,0.0,0.0,0,0,0,0,0,0,0,1
VM,47.449889,-122.311778,0,70.0,0,0,0,0,0,0,0,0

STAR,SKYKO1,EPH,1
IF,EPH,47.377919,-119.424003, ,0.0,0.0,2,18000,0,0,0,0,0,0
TF,SKYKO,47.767200,-121.428878,0, ,0.0,0.0,0.0,0.0,4,16000,13000,0,0,0,0,0

STAR,SKYKO1,ODESS,1
IF,ODESS,47.136894,-117.974186, ,0.0,0.0,2,18000,0,0,0,0,0,0
TF,EPH,47.377919,-119.424003,0, ,0.0,0.0,0.0,0.0,2,18000,0,0,0,0,0,0
TF,SKYKO,47.767200,-121.428878,0, ,0.0,0.0,0.0,0.0,4,16000,13000,0,0,0,0,0

STAR,SKYKO1,ALL,2
IF,SKYKO,47.767200,-121.428878, ,0.0,0.0,4,16000,13000,0,0,0,0,0
TF,HUVUS,47.831019,-121.778983,0, ,0.0,0.0,0.0,0.0,4,13000,10000,0,0,0,0,0

STAR,SKYKO1,16L,3
IF,HUVUS,47.831019,-121.778983, ,0.0,0.0,4,13000,10000,0,0,0,0,0
TF,HETHR,47.559047,-122.144961,0, ,0.0,0.0,0.0,0.0,4,13000,10000,0,0,0,0,0
VM,47.449889,-122.311778,0,250.0,0,0,0,0,0,0,0,0

STAR,SKYKO1,16R,3
IF,HUVUS,47.831019,-121.778983, ,0.0,0.0,4,13000,10000,0,0,0,0,0
TF,HETHR,47.559047,-122.144961,0, ,0.0,0.0,0.0,0.0,4,13000,10000,0,0,0,0,0
VM,47.449889,-122.311778,0,250.0,0,0,0,0,0,0,0,0

STAR,SKYKO1,16C,3
IF,HUVUS,47.831019,-121.778983, ,0.0,0.0,4,13000,10000,0,0,0,0,0
TF,HETHR,47.559047,-122.144961,0, ,0.0,0.0,0.0,0.0,4,13000,10000,0,0,0,0,0
VM,47.449889,-122.311778,0,250.0,0,0,0,0,0,0,0,0

STAR,SKYKO1,34L,3
IF,HUVUS,47.831019,-121.778983, ,0.0,0.0,4,13000,10000,0,0,0,0,0
TF,HETHR,47.559047,-122.144961,0, ,0.0,0.0,0.0,0.0,4,13000,10000,0,0,0,0,0
VM,47.449889,-122.311778,0,163.0,0,0,0,0,0,0,0,0

STAR,SKYKO1,34R,3
IF,HUVUS,47.831019,-121.778983, ,0.0,0.0,4,13000,10000,0,0,0,0,0
TF,HETHR,47.559047,-122.144961,0, ,0.0,0.0,0.0,0.0,4,13000,10000,0,0,0,0,0
VM,47.449889,-122.311778,0,163.0,0,0,0,0,0,0,0,0

STAR,SKYKO1,34C,3
IF,HUVUS,47.831019,-121.778983, ,0.0,0.0,4,13000,10000,0,0,0,0,0
TF,HETHR,47.559047,-122.144961,0, ,0.0,0.0,0.0,0.0,4,13000,10000,0,0,0,0,0
VM,47.449889,-122.311778,0,163.0,0,0,0,0,0,0,0,0

APPTR,I16C,16C,ERYKA
IF,ERYKA,47.699889,-122.308911, ,0.0,0.0,2,5000,0,0,0,0,1,0
TF,MGNUM,47.647592,-122.309372,0, ,0.0,0.0,0.0,0.0,2,4000,0,0,0,0,1,0
CF,ANVIL,47.605753,-122.309742,0,ISZI,344.3,10.2,164.0,2.5,2,3200,0,0,0,0,0,0

APPTR,I16C,16C,GRIFY
IF,GRIFY,47.769172,-122.402064, ,0.0,0.0,1,6000,0,1,210,0,1,0
TF,MGNUM,47.647592,-122.309372,0, ,0.0,0.0,0.0,0.0,2,4000,0,0,0,0,1,0
CF,ANVIL,47.605753,-122.309742,0,ISZI,344.3,10.2,164.0,2.5,2,3200,0,0,0,0,0,0

APPTR,I16C,16C,HULTO
IF,HULTO,47.752206,-122.308444, ,0.0,0.0,2,6000,0,0,0,0,1,0
TF,ERYKA,47.699889,-122.308911,0, ,0.0,0.0,0.0,0.0,2,5000,0,0,0,0,0,0
TF,MGNUM,47.647592,-122.309372,0, ,0.0,0.0,0.0,0.0,2,4000,0,0,0,0,1,0
CF,ANVIL,47.605753,-122.309742,0,ISZI,344.3,10.2,164.0,2.5,2,3200,0,0,0,0,0,0

APPTR,I16C,16C,PAE
IF,PAE,47.919833,-122.277800, ,0.0,0.0,0,0,0,0,0,0,0,0
TF,JINRU,47.804514,-122.307981,0, ,0.0,0.0,0.0,0.0,2,7000,0,0,0,0,1,0
TF,HULTO,47.752206,-122.308444,0, ,0.0,0.0,0.0,0.0,2,6000,0,0,0,0,0,0
TF,ERYKA,47.699889,-122.308911,0, ,0.0,0.0,0.0,0.0,2,5000,0,0,0,0,0,0
TF,MGNUM,47.647592,-122.309372,0, ,0.0,0.0,0.0,0.0,2,4000,0,0,0,0,1,0
CF,ANVIL,47.605753,-122.309742,0,ISZI,344.3,10.2,164.0,2.5,2,3200,0,0,0,0,0,0

FINAL,I16C,16C,I,3
IF,ANVIL,47.605753,-122.309742,ISZI,344.3,10.2,2,3200,0,0,0,0,0,0
CF,SODOE,47.537758,-122.310339,0,ISZI,344.3,6.2,164.0,4.1,1,1900,0,0,0,0,2,0
CF,RW16C,47.463811,-122.310983,0,ISZI,344.3,1.7,164.0,4.4,1,484,0,0,0,0,3,0
CA,0,164.0,2,840,0,0,0,0,0,0
CF,TEBNE,47.395400,-122.309272,0,SEA,160.7,2.4,161.0,3.0,3,2000,0,0,0,0,0,0
CF,MILLT,47.252153,-122.308003,0,SEA,160.7,11.0,161.0,8.6,2,5000,0,0,0,0,0,0
HM,MILLT,47.252153,-122.308003,2, ,0.0,0.0,341.0,04.3,2,5000,0,0,0,0,0,0,0

APPTR,I16L,16L,GRIFY
IF,GRIFY,47.769172,-122.402064, ,0.0,0.0,1,6000,0,1,210,0,1,0
TF,HELZR,47.647950,-122.306136,0, ,0.0,0.0,0.0,0.0,2,4000,0,0,0,0,1,0
CF,KARFO,47.605975,-122.306506,0,ISNQ,344.3,10.7,164.0,2.5,2,3200,0,0,0,0,0,0

APPTR,I16L,16L,KENMO
IF,KENMO,47.699881,-122.305675, ,0.0,0.0,2,5000,0,0,0,0,1,0
TF,HELZR,47.647950,-122.306136,0, ,0.0,0.0,0.0,0.0,2,4000,0,0,0,0,1,0
CF,KARFO,47.605975,-122.306506,0,ISNQ,344.3,10.7,164.0,2.5,2,3200,0,0,0,0,0,0

APPTR,I16L,16L,PAE
IF,PAE,47.919833,-122.277800, ,0.0,0.0,0,0,0,0,0,0,0,0
TF,ZEDKI,47.804872,-122.304747,0, ,0.0,0.0,0.0,0.0,2,7000,0,0,0,0,1,0
TF,WUMUL,47.752564,-122.305211,0, ,0.0,0.0,0.0,0.0,2,6000,0,0,0,0,0,0
TF,KENMO,47.699881,-122.305675,0, ,0.0,0.0,0.0,0.0,2,5000,0,0,0,0,0,0
TF,HELZR,47.647950,-122.306136,0, ,0.0,0.0,0.0,0.0,2,4000,0,0,0,0,1,0
CF,KARFO,47.605975,-122.306506,0,ISNQ,344.3,10.7,164.0,2.5,2,3200,0,0,0,0,0,0

APPTR,I16L,16L,WUMUL
IF,WUMUL,47.752564,-122.305211, ,0.0,0.0,2,6000,0,0,0,0,1,0
TF,KENMO,47.699881,-122.305675,0, ,0.0,0.0,0.0,0.0,2,5000,0,0,0,0,0,0
TF,HELZR,47.647950,-122.306136,0, ,0.0,0.0,0.0,0.0,2,4000,0,0,0,0,1,0
CF,KARFO,47.605975,-122.306506,0,ISNQ,344.3,10.7,164.0,2.5,2,3200,0,0,0,0,0,0

FINAL,I16L,16L,I,3
IF,KARFO,47.605975,-122.306506,ISNQ,344.3,10.7,2,3200,0,0,0,0,0,0
CF,DGLAS,47.537658,-122.307103,0,ISNQ,344.3,6.6,164.0,4.1,1,1900,0,0,0,0,2,0
CF,RW16L,47.463794,-122.307750,0,ISNQ,344.3,2.1,164.0,4.4,1,488,0,0,0,0,3,0
VA,0,165.0,2,900,0,0,0,0,0,0
CF,TEBNE,47.395400,-122.309272,0,SEA,160.7,2.4,161.0,3.1,3,2000,0,0,0,0,0,0
CF,MILLT,47.252153,-122.308003,0,SEA,160.7,11.0,161.0,8.6,2,5000,0,0,0,0,0,0
HM,MILLT,47.252153,-122.308003,2, ,0.0,0.0,341.0,04.3,2,5000,0,0,0,0,0,0,0

APPTR,I16R,16R,AGANE
IF,AGANE,47.700769,-122.315836, ,0.0,0.0,2,5000,0,0,0,0,1,0
TF,CELAK,47.648472,-122.316286,0, ,0.0,0.0,0.0,0.0,2,4000,0,0,0,0,1,0
CF,BUGNE,47.606633,-122.316642,0,ICJL,344.3,10.1,164.0,2.5,2,3200,0,0,0,0,0,0

APPTR,I16R,16R,CIBUX
IF,CIBUX,47.753086,-122.315389, ,0.0,0.0,2,6000,0,0,0,0,1,0
TF,AGANE,47.700769,-122.315836,0, ,0.0,0.0,0.0,0.0,2,5000,0,0,0,0,0,0
TF,CELAK,47.648472,-122.316286,0, ,0.0,0.0,0.0,0.0,2,4000,0,0,0,0,1,0
CF,BUGNE,47.606633,-122.316642,0,ICJL,344.3,10.1,164.0,2.5,2,3200,0,0,0,0,0,0

APPTR,I16R,16R,GRIFY
IF,GRIFY,47.769172,-122.402064, ,0.0,0.0,1,6000,0,1,210,0,1,0
TF,CELAK,47.648472,-122.316286,0, ,0.0,0.0,0.0,0.0,2,4000,0,0,0,0,1,0
CF,BUGNE,47.606633,-122.316642,0,ICJL,344.3,10.1,164.0,2.5,2,3200,0,0,0,0,0,0

APPTR,I16R,16R,PAE
IF,PAE,47.919833,-122.277800, ,0.0,0.0,0,0,0,0,0,0,0,0
TF,ZIKRO,47.805394,-122.314942,0, ,0.0,0.0,0.0,0.0,2,7000,0,0,0,0,1,0
TF,CIBUX,47.753086,-122.315389,0, ,0.0,0.0,0.0,0.0,2,6000,0,0,0,0,0,0
TF,AGANE,47.700769,-122.315836,0, ,0.0,0.0,0.0,0.0,2,5000,0,0,0,0,0,0
TF,CELAK,47.648472,-122.316286,0, ,0.0,0.0,0.0,0.0,2,4000,0,0,0,0,1,0
CF,BUGNE,47.606633,-122.316642,0,ICJL,344.3,10.1,164.0,2.5,2,3200,0,0,0,0,0,0

FINAL,I16R,16R,I,3
IF,BUGNE,47.606633,-122.316642,ICJL,344.3,10.1,2,3200,0,0,0,0,0,0
CF,FINKA,47.538639,-122.317222,0,ICJL,344.3,6.1,164.0,4.1,1,1900,0,0,0,0,2,0
CF,RW16R,47.463836,-122.317856,0,ICJL,344.3,1.6,164.0,4.5,1,470,0,0,0,0,3,0
CA,0,164.0,2,900,0,0,0,0,0,0
VI,0, ,0.0,195.0,0,0,0,0,0,0,0,0
CF,TECEE,47.402572,-122.365167,0,SEA,210.0,3.0,210.0,2.0,3,2000,0,0,0,0,0,0
CF,ZERLI,47.271108,-122.586683,0,SEA,210.0,15.0,210.0,12.0,2,5000,0,0,0,0,0,0
HM,ZERLI,47.271108,-122.586683,2, ,0.0,0.0,30.0,04.3,2,5000,0,0,0,0,0,0,0

APPTR,I34C,34C,CIDUG
IF,CIDUG,47.007803,-122.382731, ,0.0,0.0,0,0,0,0,0,0,1,0
VI,0, ,0.0,27.0,2,5000,0,0,0,0,0,0
CF,LORIE,47.198347,-122.313297,0,SEA,161.6,14.2,344.0,8.6,2,5000,0,0,0,0,1,0
CF,ODBOE,47.250647,-122.312844,0,ITUC,164.3,12.9,344.0,3.1,2,4000,0,0,0,0,0,0

APPTR,I34C,34C,SONDR
IF,SONDR,47.123803,-122.348972, ,0.0,0.0,2,6000,0,0,0,0,1,0
TF,LORIE,47.198347,-122.313297,0, ,0.0,0.0,0.0,0.0,2,5000,0,0,0,0,0,0
CF,ODBOE,47.250647,-122.312844,0,ITUC,164.3,12.9,344.0,3.1,2,4000,0,0,0,0,0,0

FINAL,I34C,34C,I,3
IF,ODBOE,47.250647,-122.312844,ITUC,164.3,12.9,2,4000,0,0,0,0,0,0
CF,TIFYS,47.334333,-122.312117,0,ITUC,164.3,7.9,344.0,5.0,1,2400,0,0,0,0,2,0
CF,RW34C,47.437972,-122.311211,0,ITUC,164.3,1.6,344.0,6.2,1,419,0,0,0,0,3,0
CA,0,344.0,2,840,0,0,0,0,0,0
CF,COYLA,47.513442,-122.309542,0,SEA,341.0,4.7,341.0,4.0,2,3000,0,0,0,0,0,0
CF,MGNUM,47.647592,-122.309372,0,SEA,341.0,12.7,341.0,8.1,2,5000,0,0,0,0,0,0
HM,MGNUM,47.647592,-122.309372,2, ,0.0,0.0,161.0,04.3,0,0,0,0,0,0,0,0,0

APPTR,I34L,34L,CIDUG
IF,CIDUG,47.007803,-122.382731, ,0.0,0.0,0,0,0,0,0,0,1,0
VI,0, ,0.0,29.0,2,5000,0,0,0,0,0,0
CF,HIPRO,47.200519,-122.320086,0,SEA,162.7,14.1,344.0,9.1,2,5000,0,0,0,0,1,0
CF,JOSTA,47.252819,-122.319647,0,IBEJ,164.3,12.8,344.0,3.1,2,4000,0,0,0,0,0,0

APPTR,I34L,34L,SONDR
IF,SONDR,47.123803,-122.348972, ,0.0,0.0,2,6000,0,0,0,0,1,0
TF,HIPRO,47.200519,-122.320086,0, ,0.0,0.0,0.0,0.0,2,5000,0,0,0,0,1,0
CF,JOSTA,47.252819,-122.319647,0,IBEJ,164.3,12.8,344.0,3.1,2,4000,0,0,0,0,0,0

FINAL,I34L,34L,I,3
IF,JOSTA,47.252819,-122.319647,IBEJ,164.3,12.8,2,4000,0,0,0,0,0,0
CF,JALON,47.336506,-122.318939,0,IBEJ,164.3,7.8,344.0,5.0,1,2400,0,0,0,0,2,0
CF,RW34L,47.440533,-122.318058,0,IBEJ,164.3,1.6,344.0,6.3,1,411,0,0,0,0,3,0
CA,0,344.0,2,900,0,0,0,0,0,0
VI,0, ,0.0,300.0,0,0,0,0,0,0,0,0
CF,WEXUB,47.578086,-122.436406,0,SEA,310.0,10.0,310.0,2.4,2,3000,0,0,0,0,0,0
CF,LOFAL,47.851553,-122.680517,0,SEA,310.1,29.2,310.0,19.2,2,5000,0,0,0,0,0,0
HM,LOFAL,47.851553,-122.680517,1, ,0.0,0.0,130.0,04.3,0,0,0,0,0,0,0,0,0

APPTR,I34R,34R,JIPOX
IF,JIPOX,47.064406,-122.311219, ,0.0,0.0,2,7000,0,0,0,0,1,0
TF,WAGTI,47.116719,-122.310767,0, ,0.0,0.0,0.0,0.0,2,6000,0,0,0,0,0,0
TF,NEEAL,47.169031,-122.310319,0, ,0.0,0.0,0.0,0.0,2,5000,0,0,0,0,1,0
CF,KLEWS,47.226092,-122.309825,0,ISEA,164.3,14.4,344.0,3.4,2,4000,0,0,0,0,0,0

APPTR,I34R,34R,SONDR
IF,SONDR,47.123803,-122.348972, ,0.0,0.0,1,6000,0,1,230,0,1,0
TF,NEEAL,47.169031,-122.310319,0, ,0.0,0.0,0.0,0.0,2,5000,0,0,0,0,1,0
CF,KLEWS,47.226092,-122.309825,0,ISEA,164.3,14.4,344.0,3.4,2,4000,0,0,0,0,0,0

APPTR,I34R,34R,WAGTI
IF,WAGTI,47.116719,-122.310767, ,0.0,0.0,2,6000,0,0,0,0,1,0
TF,NEEAL,47.169031,-122.310319,0, ,0.0,0.0,0.0,0.0,2,5000,0,0,0,0,1,0
CF,KLEWS,47.226092,-122.309825,0,ISEA,164.3,14.4,344.0,3.4,2,4000,0,0,0,0,0,0

FINAL,I34R,34R,I,3
IF,KLEWS,47.226092,-122.309825,ISEA,164.3,14.4,2,4000,0,0,0,0,0,0
CF,BUCKK,47.328817,-122.308933,0,ISEA,164.3,8.2,344.0,6.2,1,2200,0,0,0,0,2,0
CF,RW34R,47.431172,-122.308039,0,ISEA,164.3,2.0,344.0,6.1,1,407,0,0,0,0,3,0
CA,0,344.0,2,840,0,0,0,0,0,0
CF,COYLA,47.513442,-122.309542,0,SEA,341.0,4.7,341.0,3.9,2,3000,0,0,0,0,0,0
CF,MGNUM,47.647592,-122.309372,0,SEA,341.0,12.7,341.0,7.7,2,5000,0,0,0,0,0,0
HM,MGNUM,47.647592,-122.309372,2, ,0.0,0.0,161.0,04.3,2,5000,0,0,0,0,0,0,0

APPTR,R16CY,16C,GRIFY
IF,GRIFY,47.769172,-122.402064, ,0.0,0.0,2,6000,0,0,0,0,1,0
TF,MGNUM,47.647592,-122.309372,0, ,0.0,0.0,0.0,0.0,2,4000,0,0,0,0,1,0

APPTR,R16CY,16C,PAE
IF,PAE,47.919833,-122.277800, ,0.0,0.0,0,0,0,0,0,0,0,0
TF,ERYKA,47.699889,-122.308911,0, ,0.0,0.0,0.0,0.0,2,5000,0,0,0,0,1,0
TF,MGNUM,47.647592,-122.309372,0, ,0.0,0.0,0.0,0.0,2,4000,0,0,0,0,1,0

FINAL,R16CY,16C,R,4
IF,MGNUM,47.647592,-122.309372, ,0.0,0.0,2,4000,0,0,0,0,0,0
TF,ANVIL,47.605753,-122.309742,0, ,0.0,0.0,164.0,2.5,2,3200,0,0,0,0,0,0
TF,SODOE,47.537758,-122.310339,0, ,0.0,0.0,164.0,4.1,2,1900,0,0,0,0,2,0
TF,RW16C,47.463811,-122.310983,0, ,0.0,0.0,164.0,4.4,1,487,0,0,0,0,3,1
CA,0,164.0,2,630,0,0,0,0,0,0
DF,OTLIE,47.397825,-122.311561,0, ,0.0,0.0,3,2000,0,0,0,0,0,0
TF,MILLT,47.252153,-122.308003,0, ,0.0,0.0,0.0,0.0,2,5000,0,0,0,0,0,1
HM,MILLT,47.252153,-122.308003,2, ,0.0,0.0,344.0,05,0,0,0,0,0,0,0,0,0

APPTR,R16CZ,16C,GRIFY
IF,GRIFY,47.769172,-122.402064, ,0.0,0.0,1,6000,0,1,210,0,1,0
TF,MGNUM,47.647592,-122.309372,0, ,0.0,0.0,0.0,0.0,2,4000,0,0,0,0,1,0
TF,ANVIL,47.605753,-122.309742,0, ,0.0,0.0,0.0,0.0,2,3200,0,0,0,0,0,0
TF,EPUDE,47.554406,-122.310194,0, ,0.0,0.0,0.0,0.0,2,2200,0,0,0,0,0,0
TF,SODOE,47.537758,-122.310339,0, ,0.0,0.0,0.0,0.0,2,1900,0,0,0,0,0,0

APPTR,R16CZ,16C,PAE
IF,PAE,47.919833,-122.277800, ,0.0,0.0,0,0,0,0,0,0,0,0
TF,ERYKA,47.699889,-122.308911,0, ,0.0,0.0,0.0,0.0,2,5000,0,0,0,0,1,0
TF,MGNUM,47.647592,-122.309372,0, ,0.0,0.0,0.0,0.0,2,4000,0,0,0,0,1,0
TF,ANVIL,47.605753,-122.309742,0, ,0.0,0.0,0.0,0.0,2,3200,0,0,0,0,0,0
TF,EPUDE,47.554406,-122.310194,0, ,0.0,0.0,0.0,0.0,2,2200,0,0,0,0,0,0
TF,SODOE,47.537758,-122.310339,0, ,0.0,0.0,0.0,0.0,2,1900,0,0,0,0,0,0

APPTR,R16CZ,16C,PPAUL
IF,PPAUL,47.741261,-122.504897, ,0.0,0.0,2,5900,0,0,0,0,1,0
TF,FERIE,47.697239,-122.483956,0, ,0.0,0.0,0.0,0.0,2,5300,0,0,0,0,0,0
TF,HEGEM,47.646133,-122.459689,0, ,0.0,0.0,0.0,0.0,2,5000,0,1,230,0,0,0
RF,SEGAW,47.609656,-122.385864,1,CFBRK,88.4,3.2,2,3700,0,1,210,0,0,0
RF,PINTR,47.602972,-122.350450,2,CFBRH,133.5,2.8,2,3200,0,0,0,0,0,0
RF,EPUDE,47.554406,-122.310194,2,CFBRX,163.1,3.4,2,2200,0,0,0,0,0,0
TF,SODOE,47.537758,-122.310339,0, ,0.0,0.0,0.0,0.0,2,1900,0,0,0,0,0,0

APPTR,R16CZ,16C,VASHN
IF,VASHN,47.511503,-122.455367, ,0.0,0.0,1,6000,0,1,210,0,1,0
TF,RAYUU,47.563103,-122.455067,0, ,0.0,0.0,0.0,0.0,2,5000,0,0,0,0,0,0
RF,SEGAW,47.609656,-122.385864,2,CFMFT,88.4,2.8,2,3700,0,1,210,0,0,0
RF,PINTR,47.602972,-122.350450,2,CFBRH,133.5,2.8,2,3200,0,0,0,0,0,0
RF,EPUDE,47.554406,-122.310194,2,CFBRX,163.1,3.4,2,2200,0,0,0,0,0,0
TF,SODOE,47.537758,-122.310339,0, ,0.0,0.0,0.0,0.0,2,1900,0,0,0,0,0,0

FINAL,R16CZ,16C,R,2
IF,SODOE,47.537758,-122.310339, ,0.0,0.0,2,1900,0,0,0,0,2,0
TF,RW16C,47.463811,-122.310983,0, ,0.0,0.0,164.0,4.4,1,487,0,0,0,0,3,1
DF,ZIVDI,47.367192,-122.311831,0, ,0.0,0.0,3,2000,0,0,0,0,0,0
TF,MILLT,47.252153,-122.308003,0, ,0.0,0.0,0.0,0.0,2,5000,0,0,0,0,0,1
HM,MILLT,47.252153,-122.308003,2, ,0.0,0.0,344.0,05,2,5000,0,0,0,0,0,0,0

APPTR,R16LY,16L,GRIFY
IF,GRIFY,47.769172,-122.402064, ,0.0,0.0,2,6000,0,0,0,0,1,0
TF,HELZR,47.647950,-122.306136,0, ,0.0,0.0,0.0,0.0,2,4000,0,0,0,0,1,0

APPTR,R16LY,16L,PAE
IF,PAE,47.919833,-122.277800, ,0.0,0.0,0,0,0,0,0,0,0,0
TF,KENMO,47.699881,-122.305675,0, ,0.0,0.0,0.0,0.0,2,5000,0,0,0,0,1,0
TF,HELZR,47.647950,-122.306136,0, ,0.0,0.0,0.0,0.0,2,4000,0,0,0,0,1,0

FINAL,R16LY,16L,R,4
IF,HELZR,47.647950,-122.306136, ,0.0,0.0,2,4000,0,0,0,0,0,0
TF,KARFO,47.605975,-122.306506,0, ,0.0,0.0,164.0,2.5,2,3200,0,0,0,0,0,0
TF,DGLAS,47.537658,-122.307103,0, ,0.0,0.0,164.0,4.1,2,1900,0,0,0,0,2,0
TF,RW16L,47.463794,-122.307750,0, ,0.0,0.0,164.0,4.4,1,487,0,0,0,0,3,1
CA,0,164.0,2,700,0,0,0,0,0,0
DF,CAVOB,47.396192,-122.308347,0, ,0.0,0.0,3,2000,0,0,0,0,0,0
TF,MILLT,47.252153,-122.308003,0, ,0.0,0.0,0.0,0.0,2,5000,0,0,0,0,0,1
HM,MILLT,47.252153,-122.308003,2, ,0.0,0.0,344.0,05,0,0,0,0,0,0,0,0,0

APPTR,R16LZ,16L,GRIFY
IF,GRIFY,47.769172,-122.402064, ,0.0,0.0,1,6000,0,1,210,0,1,0
TF,HELZR,47.647950,-122.306136,0, ,0.0,0.0,0.0,0.0,2,4000,0,0,0,0,1,0
TF,KARFO,47.605975,-122.306506,0, ,0.0,0.0,0.0,0.0,2,3200,0,0,0,0,0,0

APPTR,R16LZ,16L,PAE
IF,PAE,47.919833,-122.277800, ,0.0,0.0,0,0,0,0,0,0,0,0
TF,KENMO,47.699881,-122.305675,0, ,0.0,0.0,0.0,0.0,2,5000,0,0,0,0,1,0
TF,HELZR,47.647950,-122.306136,0, ,0.0,0.0,0.0,0.0,2,4000,0,0,0,0,1,0
TF,KARFO,47.605975,-122.306506,0, ,0.0,0.0,0.0,0.0,2,3200,0,0,0,0,0,0

FINAL,R16LZ,16L,R,3
IF,KARFO,47.605975,-122.306506, ,0.0,0.0,2,3200,0,0,0,0,0,0
TF,DGLAS,47.537658,-122.307103,0, ,0.0,0.0,164.0,4.1,2,1900,0,0,0,0,2,0
TF,RW16L,47.463794,-122.307750,0, ,0.0,0.0,164.0,4.4,1,488,0,0,0,0,3,1
TF,YORUC,47.368183,-122.308583,0, ,0.0,0.0,0.0,0.0,3,2000,0,0,0,0,0,0
TF,MILLT,47.252153,-122.308003,0, ,0.0,0.0,0.0,0.0,2,5000,0,0,0,0,0,1
HM,MILLT,47.252153,-122.308003,2, ,0.0,0.0,344.0,05,2,5000,0,0,0,0,0,0,0

APPTR,R16RY,16R,GRIFY
IF,GRIFY,47.769172,-122.402064, ,0.0,0.0,2,6000,0,0,0,0,1,0
TF,CELAK,47.648472,-122.316286,0, ,0.0,0.0,0.0,0.0,2,4000,0,0,0,0,1,0

APPTR,R16RY,16R,PAE
IF,PAE,47.919833,-122.277800, ,0.0,0.0,0,0,0,0,0,0,0,0
TF,AGANE,47.700769,-122.315836,0, ,0.0,0.0,0.0,0.0,2,5000,0,0,0,0,1,0
TF,CELAK,47.648472,-122.316286,0, ,0.0,0.0,0.0,0.0,2,4000,0,0,0,0,1,0

FINAL,R16RY,16R,R,4
IF,CELAK,47.648472,-122.316286, ,0.0,0.0,2,4000,0,0,0,0,0,0
TF,BUGNE,47.606633,-122.316642,0, ,0.0,0.0,164.0,2.5,2,3200,0,0,0,0,0,0
TF,FINKA,47.538639,-122.317222,0, ,0.0,0.0,164.0,4.1,2,1900,0,0,0,0,2,0
TF,RW16R,47.463836,-122.317856,0, ,0.0,0.0,164.0,4.5,1,470,0,0,0,0,3,1
CA,0,164.0,2,900,0,0,0,0,0,0
DF,ZERLI,47.271108,-122.586683,0, ,0.0,0.0,1,2000,0,0,0,0,0,1
HM,ZERLI,47.271108,-122.586683,2, ,0.0,0.0,31.0,04,0,0,0,0,0,0,0,0,0

APPTR,R16RZ,16R,GRIFY
IF,GRIFY,47.769172,-122.402064, ,0.0,0.0,1,6000,0,1,210,0,1,0
TF,CELAK,47.648472,-122.316286,0, ,0.0,0.0,0.0,0.0,2,4000,0,0,0,0,1,0
TF,BUGNE,47.606633,-122.316642,0, ,0.0,0.0,0.0,0.0,2,3200,0,0,0,0,0,0
TF,WOTIK,47.562650,-122.317017,0, ,0.0,0.0,0.0,0.0,2,2300,0,0,0,0,0,0
TF,FINKA,47.538639,-122.317222,0, ,0.0,0.0,0.0,0.0,2,1900,0,0,0,0,0,0

APPTR,R16RZ,16R,PAE
IF,PAE,47.919833,-122.277800, ,0.0,0.0,0,0,0,0,0,0,0,0
TF,AGANE,47.700769,-122.315836,0, ,0.0,0.0,0.0,0.0,2,5000,0,0,0,0,1,0
TF,CELAK,47.648472,-122.316286,0, ,0.0,0.0,0.0,0.0,2,4000,0,0,0,0,1,0
TF,BUGNE,47.606633,-122.316642,0, ,0.0,0.0,0.0,0.0,2,3200,0,0,0,0,0,0
TF,WOTIK,47.562650,-122.317017,0, ,0.0,0.0,0.0,0.0,2,2300,0,0,0,0,0,0
TF,FINKA,47.538639,-122.317222,0, ,0.0,0.0,0.0,0.0,2,1900,0,0,0,0,0,0

APPTR,R16RZ,16R,PPAUL
IF,PPAUL,47.741261,-122.504897, ,0.0,0.0,2,5900,0,0,0,0,1,0
TF,FERIE,47.697239,-122.483956,0, ,0.0,0.0,0.0,0.0,2,5300,0,0,0,0,0,0
TF,HEGEM,47.646133,-122.459689,0, ,0.0,0.0,0.0,0.0,2,5000,0,1,230,0,0,0
RF,SEGAW,47.609656,-122.385864,1,CFBRK,88.4,3.2,2,3700,0,1,210,0,0,0
RF,PINTR,47.602972,-122.350450,2,CFCHS,133.5,2.8,2,3200,0,0,0,0,0,0
RF,WOTIK,47.562650,-122.317017,2,CFDRK,163.1,2.8,2,2300,0,0,0,0,0,0
TF,FINKA,47.538639,-122.317222,0, ,0.0,0.0,0.0,0.0,2,1900,0,0,0,0,0,0

APPTR,R16RZ,16R,VASHN
IF,VASHN,47.511503,-122.455367, ,0.0,0.0,1,6000,0,1,210,0,1,0
TF,RAYUU,47.563103,-122.455067,0, ,0.0,0.0,0.0,0.0,2,5000,0,0,0,0,0,0
RF,SEGAW,47.609656,-122.385864,2,CFDRK,88.4,2.8,2,3700,0,1,210,0,0,0
RF,PINTR,47.602972,-122.350450,2,CFCHS,133.5,2.8,2,3200,0,0,0,0,0,0
RF,WOTIK,47.562650,-122.317017,2,CFDRK,163.1,2.8,2,2300,0,0,0,0,0,0
TF,FINKA,47.538639,-122.317222,0, ,0.0,0.0,0.0,0.0,2,1900,0,0,0,0,0,0

FINAL,R16RZ,16R,R,2
IF,FINKA,47.538639,-122.317222, ,0.0,0.0,2,1900,0,0,0,0,2,0
TF,RW16R,47.463836,-122.317856,0, ,0.0,0.0,164.0,4.5,1,470,0,0,0,0,3,1
CA,0,164.0,2,900,0,0,0,0,0,0
DF,ZERLI,47.271108,-122.586683,0, ,0.0,0.0,1,2000,0,0,0,0,0,1
HM,ZERLI,47.271108,-122.586683,2, ,0.0,0.0,31.0,04,1,2000,0,0,0,0,0,0,0

APPTR,R34CY,34C,CIDUG
IF,CIDUG,47.007803,-122.382731, ,0.0,0.0,0,0,0,0,0,0,0,0
TF,ATEVE,47.054517,-122.314544,0, ,0.0,0.0,0.0,0.0,2,5000,0,0,0,0,1,0
TF,LORIE,47.198347,-122.313297,0, ,0.0,0.0,0.0,0.0,2,5000,0,0,0,0,1,0

APPTR,R34CY,34C,SONDR
IF,SONDR,47.123803,-122.348972, ,0.0,0.0,2,6000,0,0,0,0,1,0
TF,LORIE,47.198347,-122.313297,0, ,0.0,0.0,0.0,0.0,2,5000,0,0,0,0,1,0

FINAL,R34CY,34C,R,5
IF,LORIE,47.198347,-122.313297, ,0.0,0.0,2,5000,0,0,0,0,0,0
TF,ODBOE,47.250647,-122.312844,0, ,0.0,0.0,344.0,3.1,2,4000,0,0,0,0,0,0
TF,TIFYS,47.334333,-122.312117,0, ,0.0,0.0,344.0,5.0,2,2400,0,0,0,0,2,0
TF,RYBKA,47.406319,-122.311489,0, ,0.0,0.0,344.0,4.3,2,1020,0,0,0,0,0,0
TF,RW34C,47.437972,-122.311211,0, ,0.0,0.0,344.0,1.9,1,419,0,0,0,0,3,1
CA,0,344.0,2,610,0,0,0,0,0,0
DF,MGNUM,47.647592,-122.309372,0, ,0.0,0.0,2,5000,0,0,0,0,0,1
HM,MGNUM,47.647592,-122.309372,2, ,0.0,0.0,164.0,05,0,0,0,0,0,0,0,0,0

APPTR,R34CZ,34C,SHIPZ
IF,SHIPZ,47.358072,-122.465697, ,0.0,0.0,1,7000,0,1,210,0,1,0
TF,BELNE,47.305683,-122.466150,0, ,0.0,0.0,0.0,0.0,2,6000,0,0,0,0,0,0
RF,LANGL,47.262225,-122.429747,1,CFBRP,54.4,3.0,2,5000,0,0,0,0,0,0
RF,FAWNA,47.287211,-122.318622,1,CFCHZ,-5.6,3.2,2,3300,0,0,0,0,0,0
RF,ZINUB,47.307753,-122.312347,1,CFCHZ,-16.9,3.2,2,2900,0,0,0,0,0,0
TF,TIFYS,47.334333,-122.312117,0, ,0.0,0.0,0.0,0.0,2,2400,0,0,0,0,0,0

APPTR,R34CZ,34C,SONDR
IF,SONDR,47.123803,-122.348972, ,0.0,0.0,1,6000,0,1,230,0,1,0
TF,LORIE,47.198347,-122.313297,0, ,0.0,0.0,0.0,0.0,2,5000,0,0,0,0,1,0
TF,ZINUB,47.307753,-122.312347,0, ,0.0,0.0,0.0,0.0,2,2900,0,0,0,0,0,0
TF,TIFYS,47.334333,-122.312117,0, ,0.0,0.0,0.0,0.0,2,2400,0,0,0,0,0,0

FINAL,R34CZ,34C,R,2
IF,TIFYS,47.334333,-122.312117, ,0.0,0.0,2,2400,0,0,0,0,2,0
TF,RW34C,47.437972,-122.311211,0, ,0.0,0.0,344.0,6.2,1,419,0,0,0,0,3,1
TF,MGNUM,47.647592,-122.309372,0, ,0.0,0.0,0.0,0.0,2,5000,0,0,0,0,0,1
HM,MGNUM,47.647592,-122.309372,2, ,0.0,0.0,164.0,05,2,5000,0,0,0,0,0,0,0

APPTR,R34LY,34L,CIDUG
IF,CIDUG,47.007803,-122.382731, ,0.0,0.0,0,0,0,0,0,0,1,0
TF,HIPRO,47.200519,-122.320086,0, ,0.0,0.0,0.0,0.0,2,5000,0,0,0,0,1,0

APPTR,R34LY,34L,SONDR
IF,SONDR,47.123803,-122.348972, ,0.0,0.0,2,6000,0,0,0,0,1,0
TF,HIPRO,47.200519,-122.320086,0, ,0.0,0.0,0.0,0.0,2,5000,0,0,0,0,1,0

FINAL,R34LY,34L,R,5
IF,HIPRO,47.200519,-122.320086, ,0.0,0.0,2,5000,0,0,0,0,0,0
TF,JOSTA,47.252819,-122.319647,0, ,0.0,0.0,344.0,3.1,2,4000,0,0,0,0,0,0
TF,JALON,47.336506,-122.318939,0, ,0.0,0.0,344.0,5.0,2,2400,0,0,0,0,2,0
TF,HOVOS,47.407219,-122.318342,0, ,0.0,0.0,344.0,4.3,2,1040,0,0,0,0,0,0
TF,RW34L,47.440533,-122.318058,0, ,0.0,0.0,344.0,2.0,1,411,0,0,0,0,3,1
CA,0,344.0,2,900,0,0,0,0,0,0
DF,LOFAL,47.851553,-122.680517,0, ,0.0,0.0,2,5000,0,0,0,0,0,1
HM,LOFAL,47.851553,-122.680517,2, ,0.0,0.0,310.0,05,0,0,0,0,0,0,0,0,0

APPTR,R34LZ,34L,SHIPZ
IF,SHIPZ,47.358072,-122.465697, ,0.0,0.0,1,7000,0,1,210,0,1,0
TF,BELNE,47.305683,-122.466150,0, ,0.0,0.0,0.0,0.0,2,6000,0,0,0,0,0,0
RF,LANGL,47.262225,-122.429747,1,CFBRP,42.9,3.0,2,5000,0,0,0,0,0,0
RF,BAKMN,47.305106,-122.319203,1,CFBRP,-16.9,3.0,2,3000,0,0,0,0,0,0
TF,JALON,47.336506,-122.318939,0, ,0.0,0.0,0.0,0.0,2,2400,0,0,0,0,0,0

APPTR,R34LZ,34L,SONDR
IF,SONDR,47.123803,-122.348972, ,0.0,0.0,1,6000,0,1,230,0,1,0
TF,HIPRO,47.200519,-122.320086,0, ,0.0,0.0,0.0,0.0,2,5000,0,0,0,0,1,0
TF,BAKMN,47.305106,-122.319203,0, ,0.0,0.0,0.0,0.0,2,3000,0,0,0,0,0,0
TF,JALON,47.336506,-122.318939,0, ,0.0,0.0,0.0,0.0,2,2400,0,0,0,0,0,0

FINAL,R34LZ,34L,R,2
IF,JALON,47.336506,-122.318939, ,0.0,0.0,2,2400,0,0,0,0,2,0
TF,RW34L,47.440533,-122.318058,0, ,0.0,0.0,344.0,6.3,1,411,0,0,0,0,3,1
CA,0,344.0,2,900,0,0,0,0,0,0
DF,LOFAL,47.851553,-122.680517,0, ,0.0,0.0,2,5000,0,0,0,0,0,1
HM,LOFAL,47.851553,-122.680517,2, ,0.0,0.0,144.0,05,0,0,0,0,0,0,0,0,0

APPTR,R34RY,34R,CIDUG
IF,CIDUG,47.007803,-122.382731, ,0.0,0.0,0,0,0,0,0,0,0,0
TF,EBOCA,47.056747,-122.311292,0, ,0.0,0.0,0.0,0.0,2,5000,0,0,0,0,1,0
TF,NEEAL,47.169031,-122.310319,0, ,0.0,0.0,0.0,0.0,2,5000,0,0,0,0,1,0

APPTR,R34RY,34R,SONDR
IF,SONDR,47.123803,-122.348972, ,0.0,0.0,2,6000,0,0,0,0,1,0
TF,NEEAL,47.169031,-122.310319,0, ,0.0,0.0,0.0,0.0,2,5000,0,0,0,0,1,0

FINAL,R34RY,34R,R,5
IF,NEEAL,47.169031,-122.310319, ,0.0,0.0,2,5000,0,0,0,0,0,0
TF,KLEWS,47.226092,-122.309825,0, ,0.0,0.0,344.0,3.4,2,4000,0,0,0,0,0,0
TF,BUCKK,47.328817,-122.308933,0, ,0.0,0.0,344.0,6.2,2,2200,0,0,0,0,2,0
TF,CNNTI,47.394525,-122.308358,0, ,0.0,0.0,344.0,3.9,2,1040,0,0,0,0,0,0
TF,RW34R,47.431172,-122.308039,0, ,0.0,0.0,344.0,2.2,1,407,0,0,0,0,3,1
CA,0,344.0,2,572,0,0,0,0,0,0
DF,DODVE,47.498775,-122.307444,0, ,0.0,0.0,2,3000,0,0,0,0,0,0
TF,MGNUM,47.647592,-122.309372,0, ,0.0,0.0,0.0,0.0,2,5000,0,0,0,0,0,1
HM,MGNUM,47.647592,-122.309372,2, ,0.0,0.0,164.0,05,0,0,0,0,0,0,0,0,0

APPTR,R34RZ,34R,SONDR
IF,SONDR,47.123803,-122.348972, ,0.0,0.0,1,6000,0,1,230,0,1,0
TF,NEEAL,47.169031,-122.310319,0, ,0.0,0.0,0.0,0.0,2,5000,0,0,0,0,1,0
TF,BEKKR,47.283161,-122.309331,0, ,0.0,0.0,0.0,0.0,2,3000,0,0,0,0,0,0

FINAL,R34RZ,34R,R,3
IF,BEKKR,47.283161,-122.309331, ,0.0,0.0,2,3000,0,0,0,0,0,0
TF,BUCKK,47.328817,-122.308933,0, ,0.0,0.0,344.0,2.7,2,2200,0,0,0,0,2,0
TF,RW34R,47.431172,-122.308039,0, ,0.0,0.0,344.0,6.1,1,407,0,0,0,0,3,1
TF,CASDA,47.514458,-122.307308,0, ,0.0,0.0,0.0,0.0,0,0,0,0,0,0,0,0
TF,MGNUM,47.647592,-122.309372,0, ,0.0,0.0,0.0,0.0,2,5000,0,0,0,0,0,1
HM,MGNUM,47.647592,-122.309372,2, ,0.0,0.0,164.0,05,2,5000,0,0,0,0,0,0,0

