STAR,HILIE3,MLP,1
IF,MLP,47.456903,-115.646044, ,0.0,0.0,0,0,0,0,0,0,0,0
TF,HILIE,47.518147,-116.689703,0, ,0.0,0.0,0.0,0.0,0,0,0,0,0,0,0,0

STAR,HILIE3,ALL,2
IF,HILIE,47.518147,-116.689703, ,0.0,0.0,0,0,0,0,0,0,0,0
TF,ROPES,47.541408,-117.136006,0, ,0.0,0.0,0.0,0.0,0,0,0,0,0,0,0,0

STAR,ZOOMR2,EPH,1
IF,EPH,47.377919,-119.424003, ,0.0,0.0,0,0,0,0,0,0,0,0
TF,ZOOMR,47.425525,-118.309339,0, ,0.0,0.0,0.0,0.0,0,0,0,0,0,0,0,0

STAR,ZOOMR2,MWH,1
IF,MWH,47.210864,-119.316817, ,0.0,0.0,0,0,0,0,0,0,0,0
TF,ZOOMR,47.425525,-118.309339,0, ,0.0,0.0,0.0,0.0,0,0,0,0,0,0,0,0

STAR,ZOOMR2,ALL,2
IF,ZOOMR,47.425525,-118.309339, ,0.0,0.0,0,0,0,0,0,0,0,0
TF,GANGS,47.502950,-117.933261,0, ,0.0,0.0,0.0,0.0,0,0,0,0,0,0,0,0

APPTR,I05,05,KNOCK
IF,KNOCK,47.823069,-117.802906, ,0.0,0.0,2,7000,0,0,0,0,1,0
AF,D240N,47.553214,-117.996319,1,SKA,240.0,14.0,320.0,2,5000,0,0,0,0,0,0
VI,0,IFRC,0.0,81.0,0,0,0,0,0,0,0,0

FINAL,I05,05,I,3
IF,CATET,47.520161,-117.979956,IFRC,230.8,15.7,2,5000,0,0,0,0,0,0
CF,PAIGE,47.576869,-117.786772,0,IFRC,230.8,7.1,51.0,8.6,1,4000,0,0,0,0,2,0
CF,RW05,47.607525,-117.681683,0,IFRC,230.7,2.5,51.0,4.6,1,2520,0,0,0,0,3,0
CA,0,51.0,2,2870,0,0,0,0,0,0
CF,FANOT,47.625236,-117.618161,0,SKA,47.0,2.0,47.0,2.3,0,0,0,0,0,0,0,0
VI,1, ,0.0,275.0,0,0,0,0,0,0,0,0
CF,KNOCK,47.823069,-117.802906,0,SKA,320.0,14.0,320.0,7.0,2,7000,0,0,0,0,0,0
HM,KNOCK,47.823069,-117.802906,2, ,0.0,0.0,140.0,08,3,9000,0,1,310,0,0,0,0

APPTR,I23,23,KNOCK
IF,KNOCK,47.823069,-117.802906, ,0.0,0.0,2,7000,0,0,0,0,1,0
AF,D041N,47.736764,-117.372144,2,SKA,41.0,14.0,320.0,2,5000,0,0,0,0,0,0
VI,0,ISKA,0.0,201.0,0,0,0,0,0,0,0,0

FINAL,I23,23,I,3
IF,MEDNE,47.704475,-117.346419,ISKA,50.7,15.1,2,5000,0,0,0,0,0,0
CF,HAFRD,47.645875,-117.549619,0,ISKA,50.7,6.2,231.0,9.0,1,3600,0,0,0,0,2,0
CF,RW23,47.622583,-117.629919,0,ISKA,50.7,2.6,231.0,3.5,1,2471,0,0,0,0,3,0
CA,0,231.0,2,2870,0,0,0,0,0,0
CF,CAGAM,47.599264,-117.708642,0,SKA,235.0,2.0,235.0,3.0,0,0,0,0,0,0,0,0
VI,2, ,0.0,5.0,0,0,0,0,0,0,0,0
CF,KNOCK,47.823069,-117.802906,0,SKA,320.0,14.0,320.0,8.0,2,7000,0,0,0,0,0,0
HM,KNOCK,47.823069,-117.802906,2, ,0.0,0.0,140.0,08,3,9000,0,1,310,0,0,0,0

APPTR,R05,05,GRAPH
IF,GRAPH,47.267686,-118.005703, ,0.0,0.0,2,6000,0,0,0,0,1,0
TF,CATET,47.520161,-117.979956,0, ,0.0,0.0,0.0,0.0,2,5000,0,0,0,0,1,0

APPTR,R05,05,YICUB
IF,YICUB,47.469228,-118.097928, ,0.0,0.0,2,5000,0,0,0,0,1,0
TF,CATET,47.520161,-117.979956,0, ,0.0,0.0,0.0,0.0,2,5000,0,0,0,0,1,0

FINAL,R05,05,R,3
IF,CATET,47.520161,-117.979956, ,0.0,0.0,2,5000,0,0,0,0,0,0
TF,PAIGE,47.576869,-117.786772,0, ,0.0,0.0,50.0,8.6,2,4000,0,0,0,0,2,0
TF,RW05,47.607525,-117.681683,0, ,0.0,0.0,51.0,4.7,1,2520,0,0,0,0,3,1
CA,0,51.0,2,2862,0,0,0,0,0,0
DF,KNOCK,47.823069,-117.802906,1, ,0.0,0.0,2,7000,0,0,0,0,0,1
HM,KNOCK,47.823069,-117.802906,2, ,0.0,0.0,140.0,08,3,9000,0,0,0,0,0,0,0

APPTR,R23,23,CEMOM
IF,CEMOM,47.877481,-117.394081, ,0.0,0.0,2,7000,0,0,0,0,1,0
TF,MEDNE,47.704475,-117.346419,0, ,0.0,0.0,0.0,0.0,2,5000,0,0,0,0,1,0

APPTR,R23,23,JURSY
IF,JURSY,47.682672,-117.045925, ,0.0,0.0,2,8000,0,0,0,0,1,0
TF,MEDNE,47.704475,-117.346419,0, ,0.0,0.0,0.0,0.0,2,5000,0,0,0,0,1,0

FINAL,R23,23,R,3
IF,MEDNE,47.704475,-117.346419, ,0.0,0.0,2,5000,0,0,0,0,0,0
TF,HAFRD,47.645875,-117.549619,0, ,0.0,0.0,231.0,9.0,2,3600,0,0,0,0,2,0
TF,RW23,47.622583,-117.629919,0, ,0.0,0.0,231.0,3.6,1,2471,0,0,0,0,3,1
CA,0,231.0,2,3000,0,0,0,0,0,0
DF,KNOCK,47.823069,-117.802906,2, ,0.0,0.0,2,7000,0,0,0,0,0,1
HM,KNOCK,47.823069,-117.802906,2, ,0.0,0.0,140.0,08,3,9000,0,0,0,0,0,0,0

APPTR,T05,05,KNOCK
IF,KNOCK,47.823069,-117.802906, ,0.0,0.0,2,7000,0,0,0,0,1,0
AF,WUGUX,47.545361,-117.993153,1,SKA,238.0,14.0,320.0,2,5000,0,0,0,0,1,0

FINAL,T05,05,D,3
IF,WUGUX,47.545361,-117.993153,SKA,238.0,14.0,2,5000,0,0,0,0,0,0
CF,JESCA,47.585256,-117.789867,0,SKA,238.0,5.4,58.0,8.6,2,4000,0,0,0,0,2,0
CF,WUNON,47.604147,-117.692844,0,SKA,238.0,1.3,58.0,4.1,1,2679,0,0,0,0,3,0
CA,0,58.0,2,2870,0,0,0,0,0,0
CF,FANOT,47.625236,-117.618161,0,SKA,47.0,2.0,47.0,2.3,0,0,0,0,0,0,0,0
VI,1, ,0.0,275.0,0,0,0,0,0,0,0,0
CF,KNOCK,47.823069,-117.802906,0,SKA,320.0,14.0,320.0,7.0,2,7000,0,0,0,0,0,0
HM,KNOCK,47.823069,-117.802906,2, ,0.0,0.0,140.0,08,3,9000,0,1,310,0,0,0,0

APPTR,T23,23,KNOCK
IF,KNOCK,47.823069,-117.802906, ,0.0,0.0,2,7000,0,0,0,0,1,0
AF,ROSAE,47.719194,-117.356944,2,SKA,46.0,14.0,320.0,2,5000,0,0,0,0,1,0

FINAL,T23,23,D,3
IF,ROSAE,47.719194,-117.356944,SKA,46.0,14.0,2,5000,0,0,0,0,0,0
CF,WINGI,47.649169,-117.553242,0,SKA,46.0,5.0,226.0,9.0,2,3600,0,0,0,0,2,0
CF,ITODE,47.625753,-117.618556,0,SKA,46.0,2.0,226.0,3.0,1,2632,0,0,0,0,3,0
CA,0,226.0,2,2870,0,0,0,0,0,0
CF,CAGAM,47.599264,-117.708642,0,SKA,235.0,2.0,235.0,3.0,0,0,0,0,0,0,0,0
VI,2, ,0.0,5.0,0,0,0,0,0,0,0,0
CF,KNOCK,47.823069,-117.802906,0,SKA,320.0,14.0,320.0,8.0,2,7000,0,0,0,0,0,0
HM,KNOCK,47.823069,-117.802906,2, ,0.0,0.0,140.0,08,3,9000,0,1,310,0,0,0,0

