APPTR,R18,18,AXQAC
IF,AXQAC,38.847444,-88.802403, ,0.0,0.0,2,2600,0,0,0,0,1,0
TF,EDHUJ,38.848406,-88.962400,0, ,0.0,0.0,0.0,0.0,2,2600,0,0,0,0,1,0

APPTR,R18,18,EDHUJ
HF,EDHUJ,38.848406,-88.962400,2, ,0.0,0.0,181.0,04,2,2600,0,0,0,0,1,0,0

APPTR,R18,18,WIWDU
IF,WIWDU,38.849147,-89.122400, ,0.0,0.0,2,2600,0,0,0,0,1,0
TF,EDHUJ,38.848406,-88.962400,0, ,0.0,0.0,0.0,0.0,2,2600,0,0,0,0,1,0

FINAL,R18,18,R,4
IF,EDHUJ,38.848406,-88.962400, ,0.0,0.0,2,2600,0,0,0,0,0,0
TF,UQULO,38.731628,-88.963417,0, ,0.0,0.0,181.0,7.0,2,2200,0,0,0,0,2,0
TF,JEGUS,38.675186,-88.963908,0, ,0.0,0.0,181.0,3.4,2,1120,0,0,0,0,0,0
TF,RW18,38.648494,-88.964139,0, ,0.0,0.0,181.0,1.6,1,613,0,0,0,0,3,1
CA,0,181.0,2,773,0,0,0,0,0,0
DF,EMLIJ,38.436794,-88.965972,0, ,0.0,0.0,2,2600,0,0,0,0,0,1
HM,EMLIJ,38.436794,-88.965972,2, ,0.0,0.0,1.0,04,0,0,0,0,0,0,0,0,0

APPTR,R36,36,EMLIJ
HF,EMLIJ,38.436794,-88.965972,2, ,0.0,0.0,1.0,04,2,2600,0,0,0,0,1,0,0

APPTR,R36,36,NENUJ
IF,NENUJ,38.435833,-88.806886, ,0.0,0.0,2,2600,0,0,0,0,1,0
TF,EMLIJ,38.436794,-88.965972,0, ,0.0,0.0,0.0,0.0,2,2600,0,0,0,0,1,0

APPTR,R36,36,QAMKI
IF,QAMKI,38.437539,-89.125061, ,0.0,0.0,2,2600,0,0,0,0,1,0
TF,EMLIJ,38.436794,-88.965972,0, ,0.0,0.0,0.0,0.0,2,2600,0,0,0,0,1,0

FINAL,R36,36,R,3
IF,EMLIJ,38.436794,-88.965972, ,0.0,0.0,2,2600,0,0,0,0,0,0
TF,OBDIW,38.553578,-88.964961,0, ,0.0,0.0,1.0,7.0,2,2200,0,0,0,0,2,0
TF,RW36,38.637242,-88.964236,0, ,0.0,0.0,1.0,5.0,1,603,0,0,0,0,3,1
CA,0,1.0,2,973,0,0,0,0,0,0
DF,EDHUJ,38.848406,-88.962400,0, ,0.0,0.0,2,2600,0,0,0,0,0,1
HM,EDHUJ,38.848406,-88.962400,2, ,0.0,0.0,181.0,04,0,0,0,0,0,0,0,0,0

