STAR,BLFRG3,COREA,4
IF,COREA,26.635822,-81.214525, ,0.0,0.0,0,0,0,0,0,0,0,0
TF,BLFRG,27.082836,-81.838544,0, ,0.0,0.0,0.0,0.0,0,0,0,0,0,0,0,0

STAR,BLFRG3,FERAL,4
IF,FERAL,26.513156,-81.771039, ,0.0,0.0,0,0,0,0,0,0,0,0
TF,BLFRG,27.082836,-81.838544,0, ,0.0,0.0,0.0,0.0,0,0,0,0,0,0,0,0

STAR,BLFRG3,JAYMC,4
IF,JAYMC,26.980833,-81.368889, ,0.0,0.0,0,0,0,0,0,0,0,0
TF,BLFRG,27.082836,-81.838544,0, ,0.0,0.0,0.0,0.0,0,0,0,0,0,0,0,0

STAR,BLFRG3,OCTAL,4
IF,OCTAL,26.150533,-80.203222, ,0.0,0.0,0,0,0,0,0,0,0,0
TF,COREA,26.635822,-81.214525,0, ,0.0,0.0,0.0,0.0,0,0,0,0,0,0,0,0
TF,BLFRG,27.082836,-81.838544,0, ,0.0,0.0,0.0,0.0,0,0,0,0,0,0,0,0

STAR,BLFRG3,ALL,5
IF,BLFRG,27.082836,-81.838544, ,0.0,0.0,0,0,0,0,0,0,0,0
TF,COSAR,27.369028,-82.080961,0, ,0.0,0.0,0.0,0.0,0,0,0,0,0,0,0,0
TF,DSIDE,27.441683,-82.148506,0, ,0.0,0.0,0.0,0.0,0,0,0,0,0,0,0,0
TF,OXISE,27.535633,-82.250903,0, ,0.0,0.0,0.0,0.0,2,4000,0,0,0,0,0,1
FM,OXISE,27.535633,-82.250903,0,SRQ,0.0,0.0,285.0,0,0,0,0,0,0,0,0

STAR,BRDGE9,LBV,1
IF,LBV,26.828186,-81.391439, ,0.0,0.0,0,0,0,0,0,0,0,0
TF,ROGAN,27.250794,-81.892858,0, ,0.0,0.0,0.0,0.0,0,0,0,0,0,0,0,0
TF,BRDGE,27.452583,-82.134372,0, ,0.0,0.0,0.0,0.0,0,0,0,0,0,0,0,0

STAR,BRDGE9,PHK,1
IF,PHK,26.782742,-80.691433, ,0.0,0.0,0,0,0,0,0,0,0,0
TF,BRDGE,27.452583,-82.134372,0, ,0.0,0.0,0.0,0.0,0,0,0,0,0,0,0,0

STAR,BRDGE9,RSW,1
IF,RSW,26.529886,-81.775769, ,0.0,0.0,0,0,0,0,0,0,0,0
TF,ROGAN,27.250794,-81.892858,0, ,0.0,0.0,0.0,0.0,0,0,0,0,0,0,0,0
TF,BRDGE,27.452583,-82.134372,0, ,0.0,0.0,0.0,0.0,0,0,0,0,0,0,0,0

STAR,BRDGE9,ALL,2
IF,BRDGE,27.452583,-82.134372, ,0.0,0.0,0,0,0,0,0,0,0,0
TF,JSTRM,27.691825,-82.422519,0, ,0.0,0.0,0.0,0.0,0,0,0,0,0,0,0,0
TF,PIE,27.907764,-82.684308,0, ,0.0,0.0,0.0,0.0,0,0,0,0,0,0,0,0

APPTR,R07,07,PHIEL
HF,PHIEL,27.684108,-82.801228,2, ,0.0,0.0,67.0,04,2,2000,0,0,0,0,1,0,0

APPTR,R07,07,PIE
IF,PIE,27.907764,-82.684308, ,0.0,0.0,0,0,0,0,0,0,0,0
TF,LOYIL,27.771022,-82.853239,0, ,0.0,0.0,0.0,0.0,2,2000,0,0,0,0,1,0
TF,PHIEL,27.684108,-82.801228,0, ,0.0,0.0,0.0,0.0,2,2000,0,0,0,0,1,0

APPTR,R07,07,SRQ
IF,SRQ,27.407017,-82.563661, ,0.0,0.0,0,0,0,0,0,0,0,0
TF,CWBIL,27.594475,-82.758592,0, ,0.0,0.0,0.0,0.0,2,2000,0,0,0,0,1,0
TF,PHIEL,27.684108,-82.801228,0, ,0.0,0.0,0.0,0.0,2,2000,0,0,0,0,1,0

FINAL,R07,07,R,3
IF,PHIEL,27.684108,-82.801228, ,0.0,0.0,2,2000,0,0,0,0,0,0
TF,TONYJ,27.727078,-82.710189,0, ,0.0,0.0,67.0,5.5,2,1700,0,0,0,0,2,0
TF,RW07,27.763894,-82.632103,0, ,0.0,0.0,67.0,4.7,1,47,0,0,0,0,3,1
CA,0,67.0,2,407,0,0,0,0,0,0
DF,PHIEL,27.684108,-82.801228,2, ,0.0,0.0,2,2000,0,0,0,0,0,1
HM,PHIEL,27.684108,-82.801228,2, ,0.0,0.0,67.0,04,0,0,0,0,0,0,0,0,0

APPTR,R18,18,PIE
HF,PIE,27.907764,-82.684308,2, ,0.0,0.0,157.0,04,2,2000,0,0,0,0,1,0,0

FINAL,R18,18,R,3
IF,PIE,27.907764,-82.684308, ,0.0,0.0,2,2000,0,0,0,0,0,0
TF,RUTHV,27.831261,-82.639233,0, ,0.0,0.0,157.0,5.2,2,1700,0,0,0,0,2,0
TF,PICOL,27.776231,-82.624892,0, ,0.0,0.0,172.0,3.4,1,260,0,0,0,0,3,1
CA,0,172.0,2,800,0,0,0,0,0,0
DF,PIE,27.907764,-82.684308,2, ,0.0,0.0,2,2000,0,0,0,0,0,1
HM,PIE,27.907764,-82.684308,2, ,0.0,0.0,157.0,04,0,0,0,0,0,0,0,0,0

APPTR,R36,36,JRGAL
HF,JRGAL,27.586800,-82.606836,2, ,0.0,0.0,357.0,04,2,2000,0,0,0,0,1,0,0

FINAL,R36,36,R,3
IF,JRGAL,27.586800,-82.606836, ,0.0,0.0,2,2000,0,0,0,0,0,0
TF,WHITD,27.696039,-82.624314,0, ,0.0,0.0,357.0,6.6,2,1700,0,0,0,0,2,0
TF,BENWA,27.745900,-82.624672,0, ,0.0,0.0,5.0,3.0,1,433,0,0,0,0,3,1
CA,0,5.0,2,433,0,0,0,0,0,0
DF,JRGAL,27.586800,-82.606836,2, ,0.0,0.0,2,2000,0,0,0,0,0,1
HM,JRGAL,27.586800,-82.606836,2, ,0.0,0.0,357.0,04,0,0,0,0,0,0,0,0,0

