APPTR,B07,07,CVA
IF,CVA,41.708547,-90.483314, ,0.0,0.0,0,0,0,0,0,0,1,0
TF,GIBON,41.654692,-89.995039,0,ISQI,0.0,0.0,0.0,0.0,2,2700,0,0,0,0,1,0

FINAL,B07,07,D,4
IF,GIBON,41.654692,-89.995039,ISQI,252.1,14.7,2,2700,0,0,0,0,0,0
CF,JIGRO,41.708817,-89.796672,0,ISQI,252.1,5.2,72.0,9.5,2,2400,0,0,0,0,2,0
CF,IROCI,41.728431,-89.724394,0,ISQI,252.1,1.7,72.0,3.5,2,1300,0,0,0,0,0,0
CF,HUNAX,41.735444,-89.698497,0,ISQI,252.1,0.5,72.0,1.2,1,907,0,0,0,0,3,0
CF,REVCO,41.805308,-89.439097,0,OBK,251.9,71.1,72.0,12.4,2,2700,0,0,0,0,0,0
HM,REVCO,41.805308,-89.439097,2, ,0.0,0.0,252.0,04.3,0,0,0,0,0,0,0,0,0

APPTR,I25,25,ZADAK
IF,ZADAK,41.827764,-89.355144, ,0.0,0.0,2,2700,0,0,0,0,1,0
CF,REVCO,41.805308,-89.439097,0,ISQI,72.1,11.9,252.0,4.0,2,2700,0,0,0,0,1,0

FINAL,I25,25,I,3
IF,REVCO,41.805308,-89.439097,ISQI,72.1,11.9,2,2700,0,0,0,0,0,0
CF,FOVON,41.777139,-89.543950,0,ISQI,72.1,6.9,252.0,5.0,1,2500,0,0,0,0,2,0
CF,RW25,41.745231,-89.662317,0,ISQI,72.1,1.2,252.0,5.7,1,701,0,0,0,0,3,0
CA,0,252.0,2,1050,0,0,0,0,0,0
CF,VOSUY,41.936544,-89.478017,2,CVA,68.8,47.1,69.0,14.0,2,3000,0,0,0,0,0,0
HM,VOSUY,41.936544,-89.478017,2, ,0.0,0.0,249.0,04.3,0,0,0,0,0,0,0,0,0

APPTR,R07,07,CVA
IF,CVA,41.708547,-90.483314, ,0.0,0.0,0,0,0,0,0,0,1,0
TF,KEBEY,41.674464,-89.922758,0, ,0.0,0.0,0.0,0.0,2,2700,0,0,0,0,1,0

APPTR,R07,07,GENSO
IF,GENSO,41.362319,-90.248106, ,0.0,0.0,0,0,0,0,0,0,1,0
TF,KEBEY,41.674464,-89.922758,0, ,0.0,0.0,0.0,0.0,2,2700,0,0,0,0,1,0

FINAL,R07,07,R,4
IF,KEBEY,41.674464,-89.922758, ,0.0,0.0,2,2700,0,0,0,0,0,0
TF,JIGRO,41.708817,-89.796672,0, ,0.0,0.0,72.0,6.0,2,2400,0,0,0,0,2,0
TF,IROCI,41.728431,-89.724394,0, ,0.0,0.0,72.0,3.5,2,1300,0,0,0,0,0,0
TF,RW07,41.739175,-89.684714,0, ,0.0,0.0,72.0,1.9,1,697,0,0,0,0,3,1
CA,0,72.0,2,1020,0,0,0,0,0,0
DF,HELEG,41.810956,-89.417867,0, ,0.0,0.0,2,2700,0,0,0,0,0,1
HM,HELEG,41.810956,-89.417867,2, ,0.0,0.0,252.0,04,0,0,0,0,0,0,0,0,0

APPTR,R25,25,HELEG
HF,HELEG,41.810956,-89.417867,2, ,0.0,0.0,252.0,04,2,2500,0,0,0,0,1,0,0

APPTR,R25,25,TRIDE
IF,TRIDE,41.466508,-89.199353, ,0.0,0.0,0,0,0,0,0,0,0,0
TF,TEVUE,41.685333,-89.357950,0, ,0.0,0.0,0.0,0.0,2,2500,0,0,0,0,1,0
TF,HELEG,41.810956,-89.417867,0, ,0.0,0.0,0.0,0.0,2,2500,0,0,0,0,1,0

APPTR,R25,25,VOSUY
IF,VOSUY,41.936544,-89.478017, ,0.0,0.0,0,0,0,0,0,0,1,0
TF,HELEG,41.810956,-89.417867,0, ,0.0,0.0,0.0,0.0,2,2500,0,0,0,0,1,0

FINAL,R25,25,R,4
IF,HELEG,41.810956,-89.417867, ,0.0,0.0,2,2500,0,0,0,0,0,0
TF,FOVON,41.777139,-89.543950,0, ,0.0,0.0,252.0,6.0,2,2500,0,0,0,0,2,0
TF,COVKA,41.757106,-89.618328,0, ,0.0,0.0,252.0,3.6,2,1360,0,0,0,0,0,0
TF,RW25,41.745231,-89.662317,0, ,0.0,0.0,252.0,2.1,1,701,0,0,0,0,3,1
CA,0,252.0,2,847,0,0,0,0,0,0
DF,KEBEY,41.674464,-89.922758,0, ,0.0,0.0,2,2700,0,0,0,0,0,1
HM,KEBEY,41.674464,-89.922758,2, ,0.0,0.0,72.0,04,0,0,0,0,0,0,0,0,0

