FINAL,R02,02,R,3
IF,NENSE,44.590553,-87.503769, ,0.0,0.0,2,3500,0,0,0,0,1,0
TF,JUVOL,44.754567,-87.451244,0, ,0.0,0.0,16.0,10.1,2,2400,0,0,0,0,2,0
TF,RW02,44.836925,-87.424750,0, ,0.0,0.0,16.0,5.1,1,762,0,0,0,0,3,1
CA,0,16.0,2,1013,0,0,0,0,0,0
DF,VOBUY,45.031489,-87.361817,0, ,0.0,0.0,2,2600,0,0,0,0,0,1
HM,VOBUY,45.031489,-87.361817,2, ,0.0,0.0,196.0,04,0,0,0,0,0,0,0,0,0

APPTR,R10,10,AGOMA
IF,AGOMA,44.585725,-87.603581, ,0.0,0.0,0,0,0,0,0,0,0,0
TF,SAWRY,44.771161,-87.693731,0, ,0.0,0.0,0.0,0.0,2,2600,0,0,0,0,1,0
TF,FOLGO,44.854400,-87.687853,0, ,0.0,0.0,0.0,0.0,2,2600,0,0,0,0,1,0

APPTR,R10,10,FOLGO
HF,FOLGO,44.854400,-87.687853,2, ,0.0,0.0,96.0,04,2,2600,0,0,0,0,1,0,0

APPTR,R10,10,WARWF
IF,WARWF,44.930292,-87.867783, ,0.0,0.0,0,0,0,0,0,0,1,0
TF,FOLGO,44.854400,-87.687853,0, ,0.0,0.0,0.0,0.0,2,2600,0,0,0,0,1,0

FINAL,R10,10,R,3
IF,FOLGO,44.854400,-87.687853, ,0.0,0.0,2,2600,0,0,0,0,0,0
TF,NURKE,44.849211,-87.545125,0, ,0.0,0.0,96.0,6.1,2,2400,0,0,0,0,2,0
TF,RW10,44.844742,-87.425931,0, ,0.0,0.0,96.0,5.1,1,753,0,0,0,0,3,1
CA,0,96.0,2,1120,0,0,0,0,0,0
DF,TOTUE,44.833972,-87.151597,0, ,0.0,0.0,2,2600,0,0,0,0,0,1
HM,TOTUE,44.833972,-87.151597,2, ,0.0,0.0,276.0,04,0,0,0,0,0,0,0,0,0

APPTR,R20,20,ARCHS
IF,ARCHS,45.057581,-87.522197, ,0.0,0.0,0,0,0,0,0,0,1,0
TF,VOBUY,45.031489,-87.361817,0, ,0.0,0.0,0.0,0.0,2,2600,0,0,0,0,1,0

APPTR,R20,20,CENEB
IF,CENEB,45.051194,-87.230750, ,0.0,0.0,0,0,0,0,0,0,1,0
TF,VOBUY,45.031489,-87.361817,0, ,0.0,0.0,0.0,0.0,2,2600,0,0,0,0,1,0

APPTR,R20,20,RASUE
IF,RASUE,45.089897,-87.467514, ,0.0,0.0,0,0,0,0,0,0,1,0
TF,VOBUY,45.031489,-87.361817,0, ,0.0,0.0,0.0,0.0,2,2600,0,0,0,0,1,0

APPTR,R20,20,VOBUY
HF,VOBUY,45.031489,-87.361817,2, ,0.0,0.0,196.0,04,2,2600,0,0,0,0,1,0,0

FINAL,R20,20,R,4
IF,VOBUY,45.031489,-87.361817, ,0.0,0.0,2,2600,0,0,0,0,0,0
TF,LOSSI,44.933364,-87.393658,0, ,0.0,0.0,196.0,6.0,2,2400,0,0,0,0,2,0
TF,YUKTU,44.894600,-87.406169,0, ,0.0,0.0,196.0,2.4,2,1640,0,0,0,0,0,0
TF,RW20,44.849222,-87.420792,0, ,0.0,0.0,196.0,2.8,1,750,0,0,0,0,3,1
CA,0,196.0,2,974,0,0,0,0,0,0
DF,NENSE,44.590553,-87.503769,0, ,0.0,0.0,2,3500,0,0,0,0,0,1
HM,NENSE,44.590553,-87.503769,2, ,0.0,0.0,16.0,04,0,0,0,0,0,0,0,0,0

APPTR,R28,28,TOTUE
HF,TOTUE,44.833972,-87.151597,2, ,0.0,0.0,276.0,04,2,2600,0,0,0,0,1,0,0

APPTR,R28,28,WABOT
IF,WABOT,44.950442,-87.142269, ,0.0,0.0,0,0,0,0,0,0,1,0
TF,TOTUE,44.833972,-87.151597,0, ,0.0,0.0,0.0,0.0,2,2600,0,0,0,0,1,0

APPTR,R28,28,ZUXIN
IF,ZUXIN,44.606142,-87.169761, ,0.0,0.0,0,0,0,0,0,0,0,0
TF,VINOF,44.717500,-87.160889,0, ,0.0,0.0,0.0,0.0,2,2600,0,0,0,0,1,0
TF,TOTUE,44.833972,-87.151597,0, ,0.0,0.0,0.0,0.0,2,2600,0,0,0,0,1,0

FINAL,R28,28,R,3
IF,TOTUE,44.833972,-87.151597, ,0.0,0.0,2,2600,0,0,0,0,0,0
TF,FELET,44.839622,-87.292592,0, ,0.0,0.0,276.0,6.0,2,2400,0,0,0,0,2,0
TF,RW28,44.844275,-87.413617,0, ,0.0,0.0,276.0,5.2,1,766,0,0,0,0,3,1
CA,0,276.0,2,1124,0,0,0,0,0,0
DF,FOLGO,44.854400,-87.687853,0, ,0.0,0.0,2,2600,0,0,0,0,0,1
HM,FOLGO,44.854400,-87.687853,2, ,0.0,0.0,96.0,04,0,0,0,0,0,0,0,0,0

