SID,ALTNN2,09L,4
VM,0,0,0,93.0,0,0,0,0,0,0,0,0
DF,AGERS,26.376731,-80.227758,0, ,0.0,0.0,2,5000,0,0,0,0,0,0

SID,ALTNN2,09R,4
VM,0,0,0,93.0,0,0,0,0,0,0,0,0
DF,AGERS,26.376731,-80.227758,0, ,0.0,0.0,2,5000,0,0,0,0,0,0

SID,ALTNN2,13,4
VM,0,0,0,133.0,0,0,0,0,0,0,0,0
DF,AGERS,26.376731,-80.227758,0, ,0.0,0.0,2,5000,0,0,0,0,0,0

SID,ALTNN2,27L,4
VM,0,0,0,273.0,0,0,0,0,0,0,0,0
DF,AGERS,26.376731,-80.227758,0, ,0.0,0.0,2,5000,0,0,0,0,0,0

SID,ALTNN2,27R,4
VM,0,0,0,273.0,0,0,0,0,0,0,0,0
DF,AGERS,26.376731,-80.227758,0, ,0.0,0.0,2,5000,0,0,0,0,0,0

SID,ALTNN2,31,4
VM,0,0,0,313.0,0,0,0,0,0,0,0,0
DF,AGERS,26.376731,-80.227758,0, ,0.0,0.0,2,5000,0,0,0,0,0,0

SID,ALTNN2,ALL,5
IF,AGERS,26.376731,-80.227758, ,0.0,0.0,2,5000,0,0,0,0,0,0
TF,PERTS,26.561800,-80.246789,0, ,0.0,0.0,0.0,0.0,0,0,0,0,0,0,0,0
TF,ALTNN,26.706761,-80.270908,0, ,0.0,0.0,0.0,0.0,0,0,0,0,0,0,0,0

SID,ALTNN2,DUCEN,6
IF,ALTNN,26.706761,-80.270908, ,0.0,0.0,0,0,0,0,0,0,0,0
TF,MMART,26.939367,-80.368228,0, ,0.0,0.0,0.0,0.0,0,0,0,0,0,0,0,0
TF,ENWOD,27.090886,-80.429344,0, ,0.0,0.0,0.0,0.0,0,0,0,0,0,0,0,0
TF,SEAZY,27.364978,-80.550472,0, ,0.0,0.0,0.0,0.0,0,0,0,0,0,0,0,0
TF,DUCEN,29.276064,-81.323122,0, ,0.0,0.0,0.0,0.0,0,0,0,0,0,0,0,0

SID,BNGOS4,09L,4
VM,0,0,0,93.0,0,0,0,0,0,0,0,0
DF,MRENO,26.362508,-80.926961,0, ,0.0,0.0,2,5000,0,0,0,0,0,0

SID,BNGOS4,09R,4
VM,0,0,0,93.0,0,0,0,0,0,0,0,0
DF,MRENO,26.362508,-80.926961,0, ,0.0,0.0,2,5000,0,0,0,0,0,0

SID,BNGOS4,13,4
VM,0,0,0,133.0,0,0,0,0,0,0,0,0
DF,MRENO,26.362508,-80.926961,0, ,0.0,0.0,2,5000,0,0,0,0,0,0

SID,BNGOS4,27L,4
VM,0,0,0,273.0,0,0,0,0,0,0,0,0
DF,MRENO,26.362508,-80.926961,0, ,0.0,0.0,2,5000,0,0,0,0,0,0

SID,BNGOS4,27R,4
VM,0,0,0,273.0,0,0,0,0,0,0,0,0
DF,MRENO,26.362508,-80.926961,0, ,0.0,0.0,2,5000,0,0,0,0,0,0

SID,BNGOS4,31,4
VM,0,0,0,313.0,0,0,0,0,0,0,0,0
DF,MRENO,26.362508,-80.926961,0, ,0.0,0.0,2,5000,0,0,0,0,0,0

SID,BNGOS4,ALL,5
IF,MRENO,26.362508,-80.926961, ,0.0,0.0,2,5000,0,0,0,0,0,0
TF,BNGOS,26.512089,-81.084003,0, ,0.0,0.0,0.0,0.0,0,0,0,0,0,0,0,0

SID,BNGOS4,COREA,6
IF,BNGOS,26.512089,-81.084003, ,0.0,0.0,0,0,0,0,0,0,0,0
TF,COREA,26.635822,-81.214525,0, ,0.0,0.0,0.0,0.0,0,0,0,0,0,0,0,0

SID,BNGOS4,DOLIE,6
IF,BNGOS,26.512089,-81.084003, ,0.0,0.0,0,0,0,0,0,0,0,0
TF,COREA,26.635822,-81.214525,0, ,0.0,0.0,0.0,0.0,0,0,0,0,0,0,0,0
TF,DOLIE,27.285614,-81.910047,0, ,0.0,0.0,0.0,0.0,0,0,0,0,0,0,0,0

SID,BNGOS4,MERKS,6
IF,BNGOS,26.512089,-81.084003, ,0.0,0.0,0,0,0,0,0,0,0,0
TF,MERKS,26.500358,-81.232058,0, ,0.0,0.0,0.0,0.0,0,0,0,0,0,0,0,0

SID,DORRL2,09L,4
VM,0,0,0,93.0,0,0,0,0,0,0,0,0
DF,LIFRR,26.365897,-80.354983,0, ,0.0,0.0,2,4000,0,0,0,0,0,0

SID,DORRL2,09R,4
VM,0,0,0,93.0,0,0,0,0,0,0,0,0
DF,LIFRR,26.365897,-80.354983,0, ,0.0,0.0,2,4000,0,0,0,0,0,0

SID,DORRL2,13,4
VM,0,0,0,133.0,0,0,0,0,0,0,0,0
DF,LIFRR,26.365897,-80.354983,0, ,0.0,0.0,2,4000,0,0,0,0,0,0

SID,DORRL2,27L,4
VM,0,0,0,273.0,0,0,0,0,0,0,0,0
DF,LIFRR,26.365897,-80.354983,0, ,0.0,0.0,2,4000,0,0,0,0,0,0

SID,DORRL2,27R,4
VM,0,0,0,273.0,0,0,0,0,0,0,0,0
DF,LIFRR,26.365897,-80.354983,0, ,0.0,0.0,2,4000,0,0,0,0,0,0

SID,DORRL2,31,4
VM,0,0,0,313.0,0,0,0,0,0,0,0,0
DF,LIFRR,26.365897,-80.354983,0, ,0.0,0.0,2,4000,0,0,0,0,0,0

SID,DORRL2,ALL,5
IF,LIFRR,26.365897,-80.354983, ,0.0,0.0,2,4000,0,0,0,0,0,0
TF,BOGYY,26.513925,-80.367078,0, ,0.0,0.0,0.0,0.0,0,0,0,0,0,0,0,0
TF,DORRL,26.698325,-80.371775,0, ,0.0,0.0,0.0,0.0,0,0,0,0,0,0,0,0

SID,DORRL2,MATLK,6
IF,DORRL,26.698325,-80.371775, ,0.0,0.0,0,0,0,0,0,0,0,0
TF,BENNS,27.225683,-80.594106,0, ,0.0,0.0,0.0,0.0,0,0,0,0,0,0,0,0
TF,FUNNR,27.634281,-80.764472,0, ,0.0,0.0,0.0,0.0,0,0,0,0,0,0,0,0
TF,MATLK,27.826817,-80.951186,0, ,0.0,0.0,0.0,0.0,0,0,0,0,0,0,0,0

SID,DORRL2,ONEWY,6
IF,DORRL,26.698325,-80.371775, ,0.0,0.0,0,0,0,0,0,0,0,0
TF,BENNS,27.225683,-80.594106,0, ,0.0,0.0,0.0,0.0,0,0,0,0,0,0,0,0
TF,FUNNR,27.634281,-80.764472,0, ,0.0,0.0,0.0,0.0,0,0,0,0,0,0,0,0
TF,ONEWY,28.364906,-81.055844,0, ,0.0,0.0,0.0,0.0,0,0,0,0,0,0,0,0

SID,FLMGO2,09L,4
VM,0,0,0,93.0,0,0,0,0,0,0,0,0
DF,ALNZO,26.484397,-80.564642,0, ,0.0,0.0,2,5000,0,0,0,0,0,0

SID,FLMGO2,09R,4
VM,0,0,0,93.0,0,0,0,0,0,0,0,0
DF,ALNZO,26.484397,-80.564642,0, ,0.0,0.0,2,5000,0,0,0,0,0,0

SID,FLMGO2,13,4
VM,0,0,0,133.0,0,0,0,0,0,0,0,0
DF,ALNZO,26.484397,-80.564642,0, ,0.0,0.0,2,5000,0,0,0,0,0,0

SID,FLMGO2,27L,4
VM,0,0,0,273.0,0,0,0,0,0,0,0,0
DF,ALNZO,26.484397,-80.564642,0, ,0.0,0.0,2,5000,0,0,0,0,0,0

SID,FLMGO2,27R,4
VM,0,0,0,273.0,0,0,0,0,0,0,0,0
DF,ALNZO,26.484397,-80.564642,0, ,0.0,0.0,2,5000,0,0,0,0,0,0

SID,FLMGO2,31,4
VM,0,0,0,313.0,0,0,0,0,0,0,0,0
DF,ALNZO,26.484397,-80.564642,0, ,0.0,0.0,2,5000,0,0,0,0,0,0

SID,FLMGO2,ALL,5
IF,ALNZO,26.484397,-80.564642, ,0.0,0.0,2,5000,0,0,0,0,0,0
TF,FLMGO,26.911414,-80.700519,0, ,0.0,0.0,0.0,0.0,0,0,0,0,0,0,0,0

SID,FLMGO2,STYMY,6
IF,FLMGO,26.911414,-80.700519, ,0.0,0.0,0,0,0,0,0,0,0,0
TF,WAPOM,27.321683,-80.855983,0, ,0.0,0.0,0.0,0.0,0,0,0,0,0,0,0,0
TF,STYMY,28.036736,-81.151519,0, ,0.0,0.0,0.0,0.0,0,0,0,0,0,0,0,0

SID,FLMGO2,WAPOM,6
IF,FLMGO,26.911414,-80.700519, ,0.0,0.0,0,0,0,0,0,0,0,0
TF,WAPOM,27.321683,-80.855983,0, ,0.0,0.0,0.0,0.0,0,0,0,0,0,0,0,0

SID,FOLZZ3,09L,4
VM,0,0,0,93.0,0,0,0,0,0,0,0,0
DF,MARCK,26.105731,-79.638028,0, ,0.0,0.0,2,5000,0,0,0,0,0,0

SID,FOLZZ3,09R,4
VM,0,0,0,93.0,0,0,0,0,0,0,0,0
DF,MARCK,26.105731,-79.638028,0, ,0.0,0.0,2,5000,0,0,0,0,0,0

SID,FOLZZ3,13,4
VM,0,0,0,133.0,0,0,0,0,0,0,0,0
DF,MARCK,26.105731,-79.638028,0, ,0.0,0.0,2,5000,0,0,0,0,0,0

SID,FOLZZ3,27L,4
VM,0,0,0,273.0,0,0,0,0,0,0,0,0
DF,MARCK,26.105731,-79.638028,0, ,0.0,0.0,2,5000,0,0,0,0,0,0

SID,FOLZZ3,27R,4
VM,0,0,0,273.0,0,0,0,0,0,0,0,0
DF,MARCK,26.105731,-79.638028,0, ,0.0,0.0,2,5000,0,0,0,0,0,0

SID,FOLZZ3,31,4
VM,0,0,0,313.0,0,0,0,0,0,0,0,0
DF,MARCK,26.105731,-79.638028,0, ,0.0,0.0,2,5000,0,0,0,0,0,0

SID,FOLZZ3,ALL,5
IF,MARCK,26.105731,-79.638028, ,0.0,0.0,2,5000,0,0,0,0,0,0
TF,FOLZZ,26.288975,-79.349097,0, ,0.0,0.0,0.0,0.0,0,0,0,0,0,0,0,0

SID,FOLZZ3,ALYRA,6
IF,FOLZZ,26.288975,-79.349097, ,0.0,0.0,0,0,0,0,0,0,0,0
TF,GOZZR,27.285492,-78.633217,0, ,0.0,0.0,0.0,0.0,0,0,0,0,0,0,0,0
TF,ALYRA,29.486475,-78.342722,0, ,0.0,0.0,0.0,0.0,0,0,0,0,0,0,0,0

SID,FOLZZ3,GOZZR,6
IF,FOLZZ,26.288975,-79.349097, ,0.0,0.0,0,0,0,0,0,0,0,0
TF,GOZZR,27.285492,-78.633217,0, ,0.0,0.0,0.0,0.0,0,0,0,0,0,0,0,0

SID,FOLZZ3,PADUS,6
IF,FOLZZ,26.288975,-79.349097, ,0.0,0.0,0,0,0,0,0,0,0,0
TF,PADUS,26.354008,-79.108583,0, ,0.0,0.0,0.0,0.0,0,0,0,0,0,0,0,0

SID,FOLZZ3,SNAGY,6
IF,FOLZZ,26.288975,-79.349097, ,0.0,0.0,0,0,0,0,0,0,0,0
TF,GOZZR,27.285492,-78.633217,0, ,0.0,0.0,0.0,0.0,0,0,0,0,0,0,0,0
TF,SNAGY,29.607331,-76.864272,0, ,0.0,0.0,0.0,0.0,0,0,0,0,0,0,0,0

SID,FOLZZ3,SUMRS,6
IF,FOLZZ,26.288975,-79.349097, ,0.0,0.0,0,0,0,0,0,0,0,0
TF,GOZZR,27.285492,-78.633217,0, ,0.0,0.0,0.0,0.0,0,0,0,0,0,0,0,0
TF,SUMRS,28.711689,-76.558497,0, ,0.0,0.0,0.0,0.0,0,0,0,0,0,0,0,0

SID,FOLZZ3,ZFP,6
IF,FOLZZ,26.288975,-79.349097, ,0.0,0.0,0,0,0,0,0,0,0,0
TF,ZFP,26.555347,-78.697850,0, ,0.0,0.0,0.0,0.0,0,0,0,0,0,0,0,0

SID,HURCN4,09L,4
VM,0,0,0,93.0,0,0,0,0,0,0,0,0
DF,JOENZ,26.402911,-80.720044,0, ,0.0,0.0,2,5000,0,0,0,0,0,0

SID,HURCN4,09R,4
VM,0,0,0,93.0,0,0,0,0,0,0,0,0
DF,JOENZ,26.402911,-80.720044,0, ,0.0,0.0,2,5000,0,0,0,0,0,0

SID,HURCN4,13,4
VM,0,0,0,133.0,0,0,0,0,0,0,0,0
DF,JOENZ,26.402911,-80.720044,0, ,0.0,0.0,2,5000,0,0,0,0,0,0

SID,HURCN4,27L,4
VM,0,0,0,273.0,0,0,0,0,0,0,0,0
DF,JOENZ,26.402911,-80.720044,0, ,0.0,0.0,2,5000,0,0,0,0,0,0

SID,HURCN4,27R,4
VM,0,0,0,273.0,0,0,0,0,0,0,0,0
DF,JOENZ,26.402911,-80.720044,0, ,0.0,0.0,2,5000,0,0,0,0,0,0

SID,HURCN4,31,4
VM,0,0,0,313.0,0,0,0,0,0,0,0,0
DF,JOENZ,26.402911,-80.720044,0, ,0.0,0.0,2,5000,0,0,0,0,0,0

SID,HURCN4,ALL,5
IF,JOENZ,26.402911,-80.720044, ,0.0,0.0,2,5000,0,0,0,0,0,0
TF,HURCN,26.508172,-80.847283,0, ,0.0,0.0,0.0,0.0,0,0,0,0,0,0,0,0

SID,HURCN4,KPASA,6
IF,HURCN,26.508172,-80.847283, ,0.0,0.0,0,0,0,0,0,0,0,0
TF,BLAAK,27.044281,-81.336611,0, ,0.0,0.0,0.0,0.0,0,0,0,0,0,0,0,0
TF,PYROS,27.337411,-81.522942,0, ,0.0,0.0,0.0,0.0,0,0,0,0,0,0,0,0
TF,KPASA,28.176111,-81.907500,0, ,0.0,0.0,0.0,0.0,0,0,0,0,0,0,0,0

SID,HURCN4,SMELZ,6
IF,HURCN,26.508172,-80.847283, ,0.0,0.0,0,0,0,0,0,0,0,0
TF,THEUU,27.050508,-81.508500,0, ,0.0,0.0,0.0,0.0,0,0,0,0,0,0,0,0
TF,GNARL,27.459789,-81.804494,0, ,0.0,0.0,0.0,0.0,0,0,0,0,0,0,0,0
TF,SMELZ,28.083056,-82.109444,0, ,0.0,0.0,0.0,0.0,0,0,0,0,0,0,0,0

SID,LIFRR2,09L,4
VM,0,0,0,93.0,0,0,0,0,0,0,0,0
DF,LIFRR,26.365897,-80.354983,0, ,0.0,0.0,2,4000,0,0,0,0,0,0

SID,LIFRR2,09R,4
VM,0,0,0,93.0,0,0,0,0,0,0,0,0
DF,LIFRR,26.365897,-80.354983,0, ,0.0,0.0,2,4000,0,0,0,0,0,0

SID,LIFRR2,13,4
VM,0,0,0,133.0,0,0,0,0,0,0,0,0
DF,LIFRR,26.365897,-80.354983,0, ,0.0,0.0,2,4000,0,0,0,0,0,0

SID,LIFRR2,27L,4
VM,0,0,0,273.0,0,0,0,0,0,0,0,0
DF,LIFRR,26.365897,-80.354983,0, ,0.0,0.0,2,4000,0,0,0,0,0,0

SID,LIFRR2,27R,4
VM,0,0,0,273.0,0,0,0,0,0,0,0,0
DF,LIFRR,26.365897,-80.354983,0, ,0.0,0.0,2,4000,0,0,0,0,0,0

SID,LIFRR2,31,4
VM,0,0,0,313.0,0,0,0,0,0,0,0,0
DF,LIFRR,26.365897,-80.354983,0, ,0.0,0.0,2,4000,0,0,0,0,0,0

SID,LIFRR2,ALL,5
IF,LIFRR,26.365897,-80.354983, ,0.0,0.0,2,4000,0,0,0,0,0,0
TF,BOBOE,26.480200,-80.384786,0, ,0.0,0.0,0.0,0.0,0,0,0,0,0,0,0,0

SID,LIFRR2,BAIRN,6
IF,BOBOE,26.480200,-80.384786, ,0.0,0.0,0,0,0,0,0,0,0,0
TF,DURRY,26.729711,-80.402569,0, ,0.0,0.0,0.0,0.0,0,0,0,0,0,0,0,0
TF,CLEFF,27.000919,-80.543964,0, ,0.0,0.0,0.0,0.0,0,0,0,0,0,0,0,0
TF,BAIRN,27.947881,-81.115097,0, ,0.0,0.0,0.0,0.0,0,0,0,0,0,0,0,0

SID,LIFRR2,WIXED,6
IF,BOBOE,26.480200,-80.384786, ,0.0,0.0,0,0,0,0,0,0,0,0
TF,DURRY,26.729711,-80.402569,0, ,0.0,0.0,0.0,0.0,0,0,0,0,0,0,0,0
TF,CLEFF,27.000919,-80.543964,0, ,0.0,0.0,0.0,0.0,0,0,0,0,0,0,0,0
TF,WIXED,27.690239,-80.499044,0, ,0.0,0.0,0.0,0.0,0,0,0,0,0,0,0,0

SID,MAYNR3,ALL,5
IF,AUSTI,25.234878,-80.440483, ,0.0,0.0,2,5000,0,0,0,0,0,0
TF,MAYNR,24.819833,-80.576122,0, ,0.0,0.0,0.0,0.0,0,0,0,0,0,0,0,0

SID,MAYNR3,CANOA,6
IF,MAYNR,24.819833,-80.576122, ,0.0,0.0,0,0,0,0,0,0,0,0
TF,MCLAW,24.563611,-81.016667,0, ,0.0,0.0,0.0,0.0,0,0,0,0,0,0,0,0
TF,SLIPT,24.454761,-81.664561,0, ,0.0,0.0,0.0,0.0,0,0,0,0,0,0,0,0
TF,JABOX,24.167283,-82.325489,0, ,0.0,0.0,0.0,0.0,0,0,0,0,0,0,0,0
TF,CANOA,24.000000,-83.050000,0, ,0.0,0.0,0.0,0.0,0,0,0,0,0,0,0,0

SID,MAYNR3,FUNDI,6
IF,MAYNR,24.819833,-80.576122, ,0.0,0.0,0,0,0,0,0,0,0,0
TF,MCLAW,24.563611,-81.016667,0, ,0.0,0.0,0.0,0.0,0,0,0,0,0,0,0,0
TF,FUNDI,24.000000,-81.011944,0, ,0.0,0.0,0.0,0.0,0,0,0,0,0,0,0,0

SID,MAYNR3,MAXIM,6
IF,MAYNR,24.819833,-80.576122, ,0.0,0.0,0,0,0,0,0,0,0,0
TF,MCLAW,24.563611,-81.016667,0, ,0.0,0.0,0.0,0.0,0,0,0,0,0,0,0,0
TF,SLIPT,24.454761,-81.664561,0, ,0.0,0.0,0.0,0.0,0,0,0,0,0,0,0,0
TF,JABOX,24.167283,-82.325489,0, ,0.0,0.0,0.0,0.0,0,0,0,0,0,0,0,0
TF,MAXIM,24.000000,-82.518814,0, ,0.0,0.0,0.0,0.0,0,0,0,0,0,0,0,0

SID,MELLZ2,09L,4
VM,0,0,0,93.0,0,0,0,0,0,0,0,0
DF,DAYAK,25.254383,-80.172517,0, ,0.0,0.0,2,5000,0,0,0,0,0,0

SID,MELLZ2,09R,4
VM,0,0,0,93.0,0,0,0,0,0,0,0,0
DF,DAYAK,25.254383,-80.172517,0, ,0.0,0.0,2,5000,0,0,0,0,0,0

SID,MELLZ2,13,4
VM,0,0,0,133.0,0,0,0,0,0,0,0,0
DF,DAYAK,25.254383,-80.172517,0, ,0.0,0.0,2,5000,0,0,0,0,0,0

SID,MELLZ2,27L,4
VM,0,0,0,273.0,0,0,0,0,0,0,0,0
DF,DAYAK,25.254383,-80.172517,0, ,0.0,0.0,2,5000,0,0,0,0,0,0

SID,MELLZ2,27R,4
VM,0,0,0,273.0,0,0,0,0,0,0,0,0
DF,DAYAK,25.254383,-80.172517,0, ,0.0,0.0,2,5000,0,0,0,0,0,0

SID,MELLZ2,31,4
VM,0,0,0,313.0,0,0,0,0,0,0,0,0
DF,DAYAK,25.254383,-80.172517,0, ,0.0,0.0,2,5000,0,0,0,0,0,0

SID,MELLZ2,ALL,5
IF,DAYAK,25.254383,-80.172517, ,0.0,0.0,2,5000,0,0,0,0,0,0
TF,MELLZ,25.152831,-80.040019,0, ,0.0,0.0,0.0,0.0,0,0,0,0,0,0,0,0

SID,MELLZ2,GLAMS,6
IF,MELLZ,25.152831,-80.040019, ,0.0,0.0,0,0,0,0,0,0,0,0
TF,GLAMS,24.890167,-79.699044,0, ,0.0,0.0,0.0,0.0,0,0,0,0,0,0,0,0

SID,MELLZ2,URSUS,6
IF,MELLZ,25.152831,-80.040019, ,0.0,0.0,0,0,0,0,0,0,0,0
TF,GLAMS,24.890167,-79.699044,0, ,0.0,0.0,0.0,0.0,0,0,0,0,0,0,0,0
TF,LRODD,24.305711,-79.288964,0, ,0.0,0.0,0.0,0.0,0,0,0,0,0,0,0,0
TF,URSUS,24.000053,-79.069800,0, ,0.0,0.0,0.0,0.0,0,0,0,0,0,0,0,0

STAR,ANNEY4,MLB,1
IF,MLB,28.105283,-80.635339, ,0.0,0.0,0,0,0,0,0,0,0,0
TF,TRV,27.678406,-80.489733,0, ,0.0,0.0,0.0,0.0,0,0,0,0,0,0,0,0
TF,PHORD,27.301289,-80.336406,0, ,0.0,0.0,0.0,0.0,0,0,0,0,0,0,0,0
TF,PBI,26.680056,-80.086489,0, ,0.0,0.0,0.0,0.0,0,0,0,0,0,0,0,0
TF,ANNEY,26.465658,-80.049456,0, ,0.0,0.0,0.0,0.0,0,0,0,0,0,0,0,0

STAR,ANNEY4,OMN,1
IF,OMN,29.303250,-81.112697, ,0.0,0.0,0,0,0,0,0,0,0,0
TF,PCMAN,28.547975,-80.810428,0, ,0.0,0.0,0.0,0.0,0,0,0,0,0,0,0,0
TF,MLB,28.105283,-80.635339,0, ,0.0,0.0,0.0,0.0,0,0,0,0,0,0,0,0
TF,TRV,27.678406,-80.489733,0, ,0.0,0.0,0.0,0.0,0,0,0,0,0,0,0,0
TF,PHORD,27.301289,-80.336406,0, ,0.0,0.0,0.0,0.0,0,0,0,0,0,0,0,0
TF,PBI,26.680056,-80.086489,0, ,0.0,0.0,0.0,0.0,0,0,0,0,0,0,0,0
TF,ANNEY,26.465658,-80.049456,0, ,0.0,0.0,0.0,0.0,0,0,0,0,0,0,0,0

STAR,ANNEY4,SNSBK,1
IF,SNSBK,26.507753,-79.439269, ,0.0,0.0,0,0,0,0,0,0,0,0
TF,ANNEY,26.465658,-80.049456,0, ,0.0,0.0,0.0,0.0,0,0,0,0,0,0,0,0

STAR,ANNEY4,TRV,1
IF,TRV,27.678406,-80.489733, ,0.0,0.0,0,0,0,0,0,0,0,0
TF,PHORD,27.301289,-80.336406,0, ,0.0,0.0,0.0,0.0,0,0,0,0,0,0,0,0
TF,PBI,26.680056,-80.086489,0, ,0.0,0.0,0.0,0.0,0,0,0,0,0,0,0,0
TF,ANNEY,26.465658,-80.049456,0, ,0.0,0.0,0.0,0.0,0,0,0,0,0,0,0,0

STAR,ANNEY4,ALL,2
IF,ANNEY,26.465658,-80.049456, ,0.0,0.0,0,0,0,0,0,0,0,0
TF,HILEY,26.254392,-80.013083,0, ,0.0,0.0,0.0,0.0,0,0,0,0,0,0,0,0
TF,KAINS,25.963053,-80.095203,0, ,0.0,0.0,0.0,0.0,0,0,0,0,0,0,0,0
TF,VKZ,25.751903,-80.154444,0, ,0.0,0.0,0.0,0.0,0,0,0,0,0,0,0,0

STAR,BLUFI4,MLB,1
IF,MLB,28.105283,-80.635339, ,0.0,0.0,0,0,0,0,0,0,0,0
TF,LEBUR,27.630561,-79.955469,0, ,0.0,0.0,0.0,0.0,0,0,0,0,0,0,0,0
TF,DALOO,27.210908,-80.013597,0, ,0.0,0.0,0.0,0.0,0,0,0,0,0,0,0,0
TF,TOPPR,27.126308,-80.025261,0, ,0.0,0.0,0.0,0.0,0,0,0,0,0,0,0,0
TF,BLUFI,26.893850,-79.831406,0, ,0.0,0.0,0.0,0.0,0,0,0,0,0,0,0,0

STAR,BLUFI4,ALL,2
IF,BLUFI,26.893850,-79.831406, ,0.0,0.0,0,0,0,0,0,0,0,0
TF,HEATT,26.490942,-79.946147,0, ,0.0,0.0,0.0,0.0,0,0,0,0,0,0,0,0
TF,KAINS,25.963053,-80.095203,0, ,0.0,0.0,0.0,0.0,0,0,0,0,0,0,0,0
TF,VKZ,25.751903,-80.154444,0, ,0.0,0.0,0.0,0.0,0,0,0,0,0,0,0,0

STAR,BNFSH2,FIROL,4
IF,FIROL,26.640464,-77.008958, ,0.0,0.0,0,0,0,0,0,0,0,0
TF,JITIL,26.609544,-77.689644,0, ,0.0,0.0,0.0,0.0,0,0,0,0,0,0,0,0
TF,REPEE,26.570436,-78.424681,0, ,0.0,0.0,0.0,0.0,0,0,0,0,0,0,0,0
TF,MUNRO,26.540014,-79.013817,0, ,0.0,0.0,0.0,0.0,0,0,0,0,0,0,0,0
TF,BICAP,26.539769,-79.549922,0, ,0.0,0.0,0.0,0.0,2,19000,0,1,280,0,0,0
TF,ENRGY,26.457953,-79.724531,0, ,0.0,0.0,0.0,0.0,3,16000,0,0,0,0,0,0
TF,WOOSA,26.384606,-79.813728,0, ,0.0,0.0,0.0,0.0,0,0,0,0,0,0,0,0
TF,CASTT,26.325881,-79.907647,0, ,0.0,0.0,0.0,0.0,2,12000,0,1,250,0,0,0
TF,BNFSH,26.254397,-80.021706,0, ,0.0,0.0,0.0,0.0,2,11000,0,0,0,0,0,0

STAR,BNFSH2,GELDE,4
IF,GELDE,26.625769,-79.665783, ,0.0,0.0,2,17000,0,1,280,0,0,0
TF,ENRGY,26.457953,-79.724531,0, ,0.0,0.0,0.0,0.0,3,16000,0,0,0,0,0,0
TF,WOOSA,26.384606,-79.813728,0, ,0.0,0.0,0.0,0.0,0,0,0,0,0,0,0,0
TF,CASTT,26.325881,-79.907647,0, ,0.0,0.0,0.0,0.0,2,12000,0,1,250,0,0,0
TF,BNFSH,26.254397,-80.021706,0, ,0.0,0.0,0.0,0.0,2,11000,0,0,0,0,0,0

STAR,BNFSH2,HOAGG,4
IF,HOAGG,29.784364,-78.842736, ,0.0,0.0,0,0,0,0,0,0,0,0
TF,JORAY,28.342814,-79.034967,0, ,0.0,0.0,0.0,0.0,0,0,0,0,0,0,0,0
TF,MOGAE,27.306719,-79.418481,0, ,0.0,0.0,0.0,0.0,0,0,0,0,0,0,0,0
TF,WOLAP,27.050819,-79.512031,0, ,0.0,0.0,0.0,0.0,2,24000,0,0,0,0,0,0
TF,CIKEN,26.891919,-79.569894,0, ,0.0,0.0,0.0,0.0,2,22000,0,0,0,0,0,0
TF,GELDE,26.625769,-79.665783,0, ,0.0,0.0,0.0,0.0,2,17000,0,1,280,0,0,0
TF,ENRGY,26.457953,-79.724531,0, ,0.0,0.0,0.0,0.0,3,16000,0,0,0,0,0,0
TF,WOOSA,26.384606,-79.813728,0, ,0.0,0.0,0.0,0.0,0,0,0,0,0,0,0,0
TF,CASTT,26.325881,-79.907647,0, ,0.0,0.0,0.0,0.0,2,12000,0,1,250,0,0,0
TF,BNFSH,26.254397,-80.021706,0, ,0.0,0.0,0.0,0.0,2,11000,0,0,0,0,0,0

STAR,BNFSH2,MOGAE,4
IF,MOGAE,27.306719,-79.418481, ,0.0,0.0,0,0,0,0,0,0,0,0
TF,WOLAP,27.050819,-79.512031,0, ,0.0,0.0,0.0,0.0,2,24000,0,0,0,0,0,0
TF,CIKEN,26.891919,-79.569894,0, ,0.0,0.0,0.0,0.0,2,22000,0,0,0,0,0,0
TF,GELDE,26.625769,-79.665783,0, ,0.0,0.0,0.0,0.0,2,17000,0,1,280,0,0,0
TF,ENRGY,26.457953,-79.724531,0, ,0.0,0.0,0.0,0.0,3,16000,0,0,0,0,0,0
TF,WOOSA,26.384606,-79.813728,0, ,0.0,0.0,0.0,0.0,0,0,0,0,0,0,0,0
TF,CASTT,26.325881,-79.907647,0, ,0.0,0.0,0.0,0.0,2,12000,0,1,250,0,0,0
TF,BNFSH,26.254397,-80.021706,0, ,0.0,0.0,0.0,0.0,2,11000,0,0,0,0,0,0

STAR,BNFSH2,MORME,4
IF,MORME,27.316653,-77.801597, ,0.0,0.0,0,0,0,0,0,0,0,0
TF,POSSE,27.248964,-78.972622,0, ,0.0,0.0,0.0,0.0,2,24000,0,1,280,0,0,0
TF,CIKEN,26.891919,-79.569894,0, ,0.0,0.0,0.0,0.0,2,22000,0,0,0,0,0,0
TF,GELDE,26.625769,-79.665783,0, ,0.0,0.0,0.0,0.0,2,17000,0,1,280,0,0,0
TF,ENRGY,26.457953,-79.724531,0, ,0.0,0.0,0.0,0.0,3,16000,0,0,0,0,0,0
TF,WOOSA,26.384606,-79.813728,0, ,0.0,0.0,0.0,0.0,0,0,0,0,0,0,0,0
TF,CASTT,26.325881,-79.907647,0, ,0.0,0.0,0.0,0.0,2,12000,0,1,250,0,0,0
TF,BNFSH,26.254397,-80.021706,0, ,0.0,0.0,0.0,0.0,2,11000,0,0,0,0,0,0

STAR,BNFSH2,MUNRO,4
IF,MUNRO,26.540014,-79.013817, ,0.0,0.0,0,0,0,0,0,0,0,0
TF,BICAP,26.539769,-79.549922,0, ,0.0,0.0,0.0,0.0,2,19000,0,1,280,0,0,0
TF,ENRGY,26.457953,-79.724531,0, ,0.0,0.0,0.0,0.0,3,16000,0,0,0,0,0,0
TF,WOOSA,26.384606,-79.813728,0, ,0.0,0.0,0.0,0.0,0,0,0,0,0,0,0,0
TF,CASTT,26.325881,-79.907647,0, ,0.0,0.0,0.0,0.0,2,12000,0,1,250,0,0,0
TF,BNFSH,26.254397,-80.021706,0, ,0.0,0.0,0.0,0.0,2,11000,0,0,0,0,0,0

STAR,BNFSH2,REPEE,4
IF,REPEE,26.570436,-78.424681, ,0.0,0.0,0,0,0,0,0,0,0,0
TF,MUNRO,26.540014,-79.013817,0, ,0.0,0.0,0.0,0.0,0,0,0,0,0,0,0,0
TF,BICAP,26.539769,-79.549922,0, ,0.0,0.0,0.0,0.0,2,19000,0,1,280,0,0,0
TF,ENRGY,26.457953,-79.724531,0, ,0.0,0.0,0.0,0.0,3,16000,0,0,0,0,0,0
TF,WOOSA,26.384606,-79.813728,0, ,0.0,0.0,0.0,0.0,0,0,0,0,0,0,0,0
TF,CASTT,26.325881,-79.907647,0, ,0.0,0.0,0.0,0.0,2,12000,0,1,250,0,0,0
TF,BNFSH,26.254397,-80.021706,0, ,0.0,0.0,0.0,0.0,2,11000,0,0,0,0,0,0

STAR,BNFSH2,SNAGY,4
IF,SNAGY,29.607331,-76.864272, ,0.0,0.0,0,0,0,0,0,0,0,0
TF,HOVAX,29.137472,-77.684153,0, ,0.0,0.0,0.0,0.0,0,0,0,0,0,0,0,0
TF,JORAY,28.342814,-79.034967,0, ,0.0,0.0,0.0,0.0,0,0,0,0,0,0,0,0
TF,MOGAE,27.306719,-79.418481,0, ,0.0,0.0,0.0,0.0,0,0,0,0,0,0,0,0
TF,WOLAP,27.050819,-79.512031,0, ,0.0,0.0,0.0,0.0,2,24000,0,0,0,0,0,0
TF,CIKEN,26.891919,-79.569894,0, ,0.0,0.0,0.0,0.0,2,22000,0,0,0,0,0,0
TF,GELDE,26.625769,-79.665783,0, ,0.0,0.0,0.0,0.0,2,17000,0,1,280,0,0,0
TF,ENRGY,26.457953,-79.724531,0, ,0.0,0.0,0.0,0.0,3,16000,0,0,0,0,0,0
TF,WOOSA,26.384606,-79.813728,0, ,0.0,0.0,0.0,0.0,0,0,0,0,0,0,0,0
TF,CASTT,26.325881,-79.907647,0, ,0.0,0.0,0.0,0.0,2,12000,0,1,250,0,0,0
TF,BNFSH,26.254397,-80.021706,0, ,0.0,0.0,0.0,0.0,2,11000,0,0,0,0,0,0

STAR,BNFSH2,SUMRS,4
IF,SUMRS,28.711689,-76.558497, ,0.0,0.0,0,0,0,0,0,0,0,0
TF,PAAZZ,28.554631,-77.652436,0, ,0.0,0.0,0.0,0.0,0,0,0,0,0,0,0,0
TF,JORAY,28.342814,-79.034967,0, ,0.0,0.0,0.0,0.0,0,0,0,0,0,0,0,0
TF,MOGAE,27.306719,-79.418481,0, ,0.0,0.0,0.0,0.0,0,0,0,0,0,0,0,0
TF,WOLAP,27.050819,-79.512031,0, ,0.0,0.0,0.0,0.0,2,24000,0,0,0,0,0,0
TF,CIKEN,26.891919,-79.569894,0, ,0.0,0.0,0.0,0.0,2,22000,0,0,0,0,0,0
TF,GELDE,26.625769,-79.665783,0, ,0.0,0.0,0.0,0.0,2,17000,0,1,280,0,0,0
TF,ENRGY,26.457953,-79.724531,0, ,0.0,0.0,0.0,0.0,3,16000,0,0,0,0,0,0
TF,WOOSA,26.384606,-79.813728,0, ,0.0,0.0,0.0,0.0,0,0,0,0,0,0,0,0
TF,CASTT,26.325881,-79.907647,0, ,0.0,0.0,0.0,0.0,2,12000,0,1,250,0,0,0
TF,BNFSH,26.254397,-80.021706,0, ,0.0,0.0,0.0,0.0,2,11000,0,0,0,0,0,0

STAR,BNFSH2,ALL,5
IF,BNFSH,26.254397,-80.021706, ,0.0,0.0,2,11000,0,0,0,0,0,0
TF,KEYZZ,26.211894,-80.031431,0, ,0.0,0.0,0.0,0.0,2,11000,0,0,0,0,0,0
TF,CARMA,26.076667,-80.062319,0, ,0.0,0.0,0.0,0.0,4,10000,9000,0,0,0,0,0
TF,YARTO,25.893142,-80.106436,0, ,0.0,0.0,0.0,0.0,1,8000,0,0,0,0,0,1
VM,25.647564,-80.433225,0,180.0,0,0,0,0,0,0,0,0

STAR,CSTAL2,DDANY,4
IF,DDANY,28.211506,-80.672622, ,0.0,0.0,0,0,0,0,0,0,0,0
TF,GREAD,27.658097,-80.507078,0, ,0.0,0.0,0.0,0.0,0,0,0,0,0,0,0,0
TF,XPRSO,27.212678,-80.330942,0, ,0.0,0.0,0.0,0.0,2,24000,0,0,0,0,0,0
TF,YEPPA,26.863153,-80.195419,0, ,0.0,0.0,0.0,0.0,0,0,0,0,0,0,0,0
TF,RECEK,26.711753,-80.139269,0, ,0.0,0.0,0.0,0.0,2,15000,0,1,280,0,0,0
TF,BJOTA,26.599281,-80.108775,0, ,0.0,0.0,0.0,0.0,2,13000,0,0,0,0,0,0
TF,CSTAL,26.461061,-80.074242,0, ,0.0,0.0,0.0,0.0,3,16000,0,0,0,0,0,0

STAR,CSTAL2,DEBRL,4
IF,DEBRL,29.296869,-81.134133, ,0.0,0.0,0,0,0,0,0,0,0,0
TF,BEEIN,28.762825,-80.934503,0, ,0.0,0.0,0.0,0.0,0,0,0,0,0,0,0,0
TF,KAIZR,28.381061,-80.752844,0, ,0.0,0.0,0.0,0.0,0,0,0,0,0,0,0,0
TF,DDANY,28.211506,-80.672622,0, ,0.0,0.0,0.0,0.0,0,0,0,0,0,0,0,0
TF,GREAD,27.658097,-80.507078,0, ,0.0,0.0,0.0,0.0,0,0,0,0,0,0,0,0
TF,XPRSO,27.212678,-80.330942,0, ,0.0,0.0,0.0,0.0,2,24000,0,0,0,0,0,0
TF,YEPPA,26.863153,-80.195419,0, ,0.0,0.0,0.0,0.0,0,0,0,0,0,0,0,0
TF,RECEK,26.711753,-80.139269,0, ,0.0,0.0,0.0,0.0,2,15000,0,1,280,0,0,0
TF,BJOTA,26.599281,-80.108775,0, ,0.0,0.0,0.0,0.0,2,13000,0,0,0,0,0,0
TF,CSTAL,26.461061,-80.074242,0, ,0.0,0.0,0.0,0.0,3,16000,0,0,0,0,0,0

STAR,CSTAL2,GREAD,4
IF,GREAD,27.658097,-80.507078, ,0.0,0.0,0,0,0,0,0,0,0,0
TF,XPRSO,27.212678,-80.330942,0, ,0.0,0.0,0.0,0.0,2,24000,0,0,0,0,0,0
TF,YEPPA,26.863153,-80.195419,0, ,0.0,0.0,0.0,0.0,0,0,0,0,0,0,0,0
TF,RECEK,26.711753,-80.139269,0, ,0.0,0.0,0.0,0.0,2,15000,0,1,280,0,0,0
TF,BJOTA,26.599281,-80.108775,0, ,0.0,0.0,0.0,0.0,2,13000,0,0,0,0,0,0
TF,CSTAL,26.461061,-80.074242,0, ,0.0,0.0,0.0,0.0,3,16000,0,0,0,0,0,0

STAR,CSTAL2,XPRSO,4
IF,XPRSO,27.212678,-80.330942, ,0.0,0.0,2,24000,0,0,0,0,0,0
TF,YEPPA,26.863153,-80.195419,0, ,0.0,0.0,0.0,0.0,0,0,0,0,0,0,0,0
TF,RECEK,26.711753,-80.139269,0, ,0.0,0.0,0.0,0.0,2,15000,0,1,280,0,0,0
TF,BJOTA,26.599281,-80.108775,0, ,0.0,0.0,0.0,0.0,2,13000,0,0,0,0,0,0
TF,CSTAL,26.461061,-80.074242,0, ,0.0,0.0,0.0,0.0,3,16000,0,0,0,0,0,0

STAR,CSTAL2,ALL,5
IF,CSTAL,26.461061,-80.074242, ,0.0,0.0,3,16000,0,0,0,0,0,0
TF,YACKO,26.395642,-80.060372,0, ,0.0,0.0,0.0,0.0,3,13000,0,0,0,0,0,0
TF,ZYGGY,26.327056,-80.041583,0, ,0.0,0.0,0.0,0.0,2,11000,0,1,250,0,0,0
TF,BNFSH,26.254397,-80.021706,0, ,0.0,0.0,0.0,0.0,2,11000,0,0,0,0,0,0
TF,KEYZZ,26.211894,-80.031431,0, ,0.0,0.0,0.0,0.0,2,11000,0,0,0,0,0,0
TF,CARMA,26.076667,-80.062319,0, ,0.0,0.0,0.0,0.0,4,10000,9000,0,0,0,0,0
TF,YARTO,25.893142,-80.106436,0, ,0.0,0.0,0.0,0.0,1,8000,0,0,0,0,0,1
VM,25.647564,-80.433225,0,180.0,0,0,0,0,0,0,0,0

STAR,DVALL4,EYW,1
IF,EYW,24.585878,-81.800475, ,0.0,0.0,0,0,0,0,0,0,0,0
TF,CARNU,25.138369,-81.325589,0, ,0.0,0.0,0.0,0.0,0,0,0,0,0,0,0,0
TF,DVALL,25.514686,-80.998956,0, ,0.0,0.0,0.0,0.0,0,0,0,0,0,0,0,0

STAR,DVALL4,ALL,2
IF,DVALL,25.514686,-80.998956, ,0.0,0.0,0,0,0,0,0,0,0,0
TF,WEVER,25.552381,-80.913636,0, ,0.0,0.0,0.0,0.0,0,0,0,0,0,0,0,0
TF,FAMIN,25.585625,-80.838356,0, ,0.0,0.0,0.0,0.0,0,0,0,0,0,0,0,0
TF,DHP,25.799964,-80.349036,0, ,0.0,0.0,0.0,0.0,0,0,0,0,0,0,0,0

STAR,FOWEE2,ZEUSS,1
IF,ZEUSS,24.000000,-78.795833, ,0.0,0.0,0,0,0,0,0,0,0,0
TF,PYLON,24.794867,-79.026617,0, ,0.0,0.0,0.0,0.0,0,0,0,0,0,0,0,0
TF,FOWEE,24.937058,-79.192458,0, ,0.0,0.0,0.0,0.0,0,0,0,0,0,0,0,0

STAR,FOWEE2,ZQA,1
IF,ZQA,25.025522,-77.446431, ,0.0,0.0,0,0,0,0,0,0,0,0
TF,LUCSS,24.969031,-78.606731,0, ,0.0,0.0,0.0,0.0,0,0,0,0,0,0,0,0
TF,FOWEE,24.937058,-79.192458,0, ,0.0,0.0,0.0,0.0,0,0,0,0,0,0,0,0

STAR,FOWEE2,ALL,2
IF,FOWEE,24.937058,-79.192458, ,0.0,0.0,0,0,0,0,0,0,0,0
TF,JUNUR,25.387897,-79.722167,0, ,0.0,0.0,0.0,0.0,0,0,0,0,0,0,0,0
TF,LUVLY,25.662392,-80.138797,0, ,0.0,0.0,0.0,0.0,0,0,0,0,0,0,0,0
TF,DHP,25.799964,-80.349036,0, ,0.0,0.0,0.0,0.0,0,0,0,0,0,0,0,0

STAR,FROGZ4,ACORI,4
IF,ACORI,31.773156,-85.858197, ,0.0,0.0,0,0,0,0,0,0,0,0
TF,BULZI,30.373592,-84.076242,0, ,0.0,0.0,0.0,0.0,0,0,0,0,0,0,0,0
TF,SNAPY,29.814214,-83.706558,0, ,0.0,0.0,0.0,0.0,0,0,0,0,0,0,0,0
TF,NICKI,29.255608,-83.342167,0, ,0.0,0.0,0.0,0.0,0,0,0,0,0,0,0,0
TF,BROMO,28.010633,-82.717358,0, ,0.0,0.0,0.0,0.0,0,0,0,0,0,0,0,0
TF,SCURF,27.531158,-82.622919,0, ,0.0,0.0,0.0,0.0,0,0,0,0,0,0,0,0
TF,PLOWS,26.915125,-82.442589,0, ,0.0,0.0,0.0,0.0,2,34000,0,0,0,0,0,0
TF,MATNY,26.530289,-82.074336,0, ,0.0,0.0,0.0,0.0,0,0,0,0,0,0,0,0
TF,KLEET,26.237158,-81.779664,0, ,0.0,0.0,0.0,0.0,4,28000,21000,1,280,0,0,0
TF,BARBN,26.070414,-81.396892,0, ,0.0,0.0,0.0,0.0,2,15000,0,0,0,0,0,0
TF,JAMAS,25.949636,-81.120181,0, ,0.0,0.0,0.0,0.0,2,11000,0,1,280,0,0,0
TF,FROGZ,25.913178,-81.037000,0, ,0.0,0.0,0.0,0.0,0,0,0,0,0,0,0,0

STAR,FROGZ4,BROMO,4
IF,BROMO,28.010633,-82.717358, ,0.0,0.0,0,0,0,0,0,0,0,0
TF,SCURF,27.531158,-82.622919,0, ,0.0,0.0,0.0,0.0,0,0,0,0,0,0,0,0
TF,PLOWS,26.915125,-82.442589,0, ,0.0,0.0,0.0,0.0,2,34000,0,0,0,0,0,0
TF,MATNY,26.530289,-82.074336,0, ,0.0,0.0,0.0,0.0,0,0,0,0,0,0,0,0
TF,KLEET,26.237158,-81.779664,0, ,0.0,0.0,0.0,0.0,4,28000,21000,1,280,0,0,0
TF,BARBN,26.070414,-81.396892,0, ,0.0,0.0,0.0,0.0,2,15000,0,0,0,0,0,0
TF,JAMAS,25.949636,-81.120181,0, ,0.0,0.0,0.0,0.0,2,11000,0,1,280,0,0,0
TF,FROGZ,25.913178,-81.037000,0, ,0.0,0.0,0.0,0.0,0,0,0,0,0,0,0,0

STAR,FROGZ4,DEFUN,4
IF,DEFUN,30.814242,-86.131414, ,0.0,0.0,0,0,0,0,0,0,0,0
TF,CABLO,30.774722,-84.840000,0, ,0.0,0.0,0.0,0.0,0,0,0,0,0,0,0,0
TF,BULZI,30.373592,-84.076242,0, ,0.0,0.0,0.0,0.0,0,0,0,0,0,0,0,0
TF,SNAPY,29.814214,-83.706558,0, ,0.0,0.0,0.0,0.0,0,0,0,0,0,0,0,0
TF,NICKI,29.255608,-83.342167,0, ,0.0,0.0,0.0,0.0,0,0,0,0,0,0,0,0
TF,BROMO,28.010633,-82.717358,0, ,0.0,0.0,0.0,0.0,0,0,0,0,0,0,0,0
TF,SCURF,27.531158,-82.622919,0, ,0.0,0.0,0.0,0.0,0,0,0,0,0,0,0,0
TF,PLOWS,26.915125,-82.442589,0, ,0.0,0.0,0.0,0.0,2,34000,0,0,0,0,0,0
TF,MATNY,26.530289,-82.074336,0, ,0.0,0.0,0.0,0.0,0,0,0,0,0,0,0,0
TF,KLEET,26.237158,-81.779664,0, ,0.0,0.0,0.0,0.0,4,28000,21000,1,280,0,0,0
TF,BARBN,26.070414,-81.396892,0, ,0.0,0.0,0.0,0.0,2,15000,0,0,0,0,0,0
TF,JAMAS,25.949636,-81.120181,0, ,0.0,0.0,0.0,0.0,2,11000,0,1,280,0,0,0
TF,FROGZ,25.913178,-81.037000,0, ,0.0,0.0,0.0,0.0,0,0,0,0,0,0,0,0

STAR,FROGZ4,GAWKS,4
IF,GAWKS,27.181494,-83.087547, ,0.0,0.0,0,0,0,0,0,0,0,0
TF,BAGGS,27.134244,-82.840889,0, ,0.0,0.0,0.0,0.0,0,0,0,0,0,0,0,0
TF,PLOWS,26.915125,-82.442589,0, ,0.0,0.0,0.0,0.0,2,34000,0,0,0,0,0,0
TF,MATNY,26.530289,-82.074336,0, ,0.0,0.0,0.0,0.0,0,0,0,0,0,0,0,0
TF,KLEET,26.237158,-81.779664,0, ,0.0,0.0,0.0,0.0,4,28000,21000,1,280,0,0,0
TF,BARBN,26.070414,-81.396892,0, ,0.0,0.0,0.0,0.0,2,15000,0,0,0,0,0,0
TF,JAMAS,25.949636,-81.120181,0, ,0.0,0.0,0.0,0.0,2,11000,0,1,280,0,0,0
TF,FROGZ,25.913178,-81.037000,0, ,0.0,0.0,0.0,0.0,0,0,0,0,0,0,0,0

STAR,FROGZ4,HONID,4
IF,HONID,31.647308,-84.395167, ,0.0,0.0,0,0,0,0,0,0,0,0
TF,IPOKE,30.843903,-84.193011,0, ,0.0,0.0,0.0,0.0,0,0,0,0,0,0,0,0
TF,BULZI,30.373592,-84.076242,0, ,0.0,0.0,0.0,0.0,0,0,0,0,0,0,0,0
TF,SNAPY,29.814214,-83.706558,0, ,0.0,0.0,0.0,0.0,0,0,0,0,0,0,0,0
TF,NICKI,29.255608,-83.342167,0, ,0.0,0.0,0.0,0.0,0,0,0,0,0,0,0,0
TF,BROMO,28.010633,-82.717358,0, ,0.0,0.0,0.0,0.0,0,0,0,0,0,0,0,0
TF,SCURF,27.531158,-82.622919,0, ,0.0,0.0,0.0,0.0,0,0,0,0,0,0,0,0
TF,PLOWS,26.915125,-82.442589,0, ,0.0,0.0,0.0,0.0,2,34000,0,0,0,0,0,0
TF,MATNY,26.530289,-82.074336,0, ,0.0,0.0,0.0,0.0,0,0,0,0,0,0,0,0
TF,KLEET,26.237158,-81.779664,0, ,0.0,0.0,0.0,0.0,4,28000,21000,1,280,0,0,0
TF,BARBN,26.070414,-81.396892,0, ,0.0,0.0,0.0,0.0,2,15000,0,0,0,0,0,0
TF,JAMAS,25.949636,-81.120181,0, ,0.0,0.0,0.0,0.0,2,11000,0,1,280,0,0,0
TF,FROGZ,25.913178,-81.037000,0, ,0.0,0.0,0.0,0.0,0,0,0,0,0,0,0,0

STAR,FROGZ4,MARCI,4
IF,MARCI,25.891067,-81.783992, ,0.0,0.0,4,28000,21000,1,280,0,0,0
TF,SUMPS,25.909369,-81.200533,0, ,0.0,0.0,0.0,0.0,2,11000,0,1,280,0,0,0
TF,FROGZ,25.913178,-81.037000,0, ,0.0,0.0,0.0,0.0,0,0,0,0,0,0,0,0

STAR,FROGZ4,SABEE,4
IF,SABEE,27.087833,-82.191481, ,0.0,0.0,3,25000,0,1,280,0,0,0
TF,EXACT,26.758306,-82.127672,0, ,0.0,0.0,0.0,0.0,0,0,0,0,0,0,0,0
TF,MATNY,26.530289,-82.074336,0, ,0.0,0.0,0.0,0.0,0,0,0,0,0,0,0,0
TF,KLEET,26.237158,-81.779664,0, ,0.0,0.0,0.0,0.0,4,28000,21000,1,280,0,0,0
TF,BARBN,26.070414,-81.396892,0, ,0.0,0.0,0.0,0.0,2,15000,0,0,0,0,0,0
TF,JAMAS,25.949636,-81.120181,0, ,0.0,0.0,0.0,0.0,2,11000,0,1,280,0,0,0
TF,FROGZ,25.913178,-81.037000,0, ,0.0,0.0,0.0,0.0,0,0,0,0,0,0,0,0

STAR,FROGZ4,SCURF,4
IF,SCURF,27.531158,-82.622919, ,0.0,0.0,0,0,0,0,0,0,0,0
TF,PLOWS,26.915125,-82.442589,0, ,0.0,0.0,0.0,0.0,2,34000,0,0,0,0,0,0
TF,MATNY,26.530289,-82.074336,0, ,0.0,0.0,0.0,0.0,0,0,0,0,0,0,0,0
TF,KLEET,26.237158,-81.779664,0, ,0.0,0.0,0.0,0.0,4,28000,21000,1,280,0,0,0
TF,BARBN,26.070414,-81.396892,0, ,0.0,0.0,0.0,0.0,2,15000,0,0,0,0,0,0
TF,JAMAS,25.949636,-81.120181,0, ,0.0,0.0,0.0,0.0,2,11000,0,1,280,0,0,0
TF,FROGZ,25.913178,-81.037000,0, ,0.0,0.0,0.0,0.0,0,0,0,0,0,0,0,0

STAR,FROGZ4,ALL,5
IF,FROGZ,25.913178,-81.037000, ,0.0,0.0,0,0,0,0,0,0,0,0
TF,HATUG,25.835164,-80.915839,0, ,0.0,0.0,0.0,0.0,1,9000,0,0,0,0,0,1
VM,25.647564,-80.433225,0,140.0,0,0,0,0,0,0,0,0

STAR,PALMZ2,PIE,1
IF,PIE,27.907764,-82.684308, ,0.0,0.0,0,0,0,0,0,0,0,0
TF,SRQ,27.407017,-82.563661,0, ,0.0,0.0,0.0,0.0,0,0,0,0,0,0,0,0
TF,PALMZ,25.923719,-81.509253,0, ,0.0,0.0,0.0,0.0,0,0,0,0,0,0,0,0

STAR,PALMZ2,RSW,1
IF,RSW,26.529886,-81.775769, ,0.0,0.0,0,0,0,0,0,0,0,0
TF,DUMDY,26.128567,-81.598986,0, ,0.0,0.0,0.0,0.0,0,0,0,0,0,0,0,0
TF,PALMZ,25.923719,-81.509253,0, ,0.0,0.0,0.0,0.0,0,0,0,0,0,0,0,0

STAR,PALMZ2,SRQ,1
IF,SRQ,27.407017,-82.563661, ,0.0,0.0,0,0,0,0,0,0,0,0
TF,PALMZ,25.923719,-81.509253,0, ,0.0,0.0,0.0,0.0,0,0,0,0,0,0,0,0

STAR,PALMZ2,ALL,2
IF,PALMZ,25.923719,-81.509253, ,0.0,0.0,0,0,0,0,0,0,0,0
TF,PRIVY,25.888786,-81.172131,0, ,0.0,0.0,0.0,0.0,0,0,0,0,0,0,0,0
TF,COOFS,25.871714,-81.010422,0, ,0.0,0.0,0.0,0.0,0,0,0,0,0,0,0,0
TF,DHP,25.799964,-80.349036,0, ,0.0,0.0,0.0,0.0,0,0,0,0,0,0,0,0

STAR,SNDBR3,CANOA,4
IF,CANOA,24.000000,-83.050000, ,0.0,0.0,0,0,0,0,0,0,0,0
TF,JABOX,24.167283,-82.325489,0, ,0.0,0.0,0.0,0.0,0,0,0,0,0,0,0,0
TF,SLIPT,24.454761,-81.664561,0, ,0.0,0.0,0.0,0.0,0,0,0,0,0,0,0,0
TF,CONCK,24.694211,-81.346442,0, ,0.0,0.0,0.0,0.0,4,30000,25000,1,280,0,0,0
TF,PAMPR,24.864550,-81.118844,0, ,0.0,0.0,0.0,0.0,2,23000,0,1,280,0,0,0
TF,SNDBR,25.387436,-80.860236,0, ,0.0,0.0,0.0,0.0,0,0,0,0,0,0,0,0

STAR,SNDBR3,CITAG,4
IF,CITAG,26.237036,-81.779542, ,0.0,0.0,0,0,0,0,0,0,0,0
TF,KARTR,25.496044,-81.512844,0, ,0.0,0.0,0.0,0.0,0,0,0,0,0,0,0,0
TF,PYREX,25.222858,-81.321772,0, ,0.0,0.0,0.0,0.0,3,19000,0,0,0,0,0,0
TF,SNDBR,25.387436,-80.860236,0, ,0.0,0.0,0.0,0.0,0,0,0,0,0,0,0,0

STAR,SNDBR3,IKBIX,4
IF,IKBIX,24.000000,-81.233333, ,0.0,0.0,0,0,0,0,0,0,0,0
TF,PEAKY,24.589922,-81.148308,0, ,0.0,0.0,0.0,0.0,0,0,0,0,0,0,0,0
TF,PAMPR,24.864550,-81.118844,0, ,0.0,0.0,0.0,0.0,2,23000,0,1,280,0,0,0
TF,SNDBR,25.387436,-80.860236,0, ,0.0,0.0,0.0,0.0,0,0,0,0,0,0,0,0

STAR,SNDBR3,MAXIM,4
IF,MAXIM,24.000000,-82.518814, ,0.0,0.0,0,0,0,0,0,0,0,0
TF,JABOX,24.167283,-82.325489,0, ,0.0,0.0,0.0,0.0,0,0,0,0,0,0,0,0
TF,SLIPT,24.454761,-81.664561,0, ,0.0,0.0,0.0,0.0,0,0,0,0,0,0,0,0
TF,CONCK,24.694211,-81.346442,0, ,0.0,0.0,0.0,0.0,4,30000,25000,1,280,0,0,0
TF,PAMPR,24.864550,-81.118844,0, ,0.0,0.0,0.0,0.0,2,23000,0,1,280,0,0,0
TF,SNDBR,25.387436,-80.860236,0, ,0.0,0.0,0.0,0.0,0,0,0,0,0,0,0,0

STAR,SNDBR3,PAMPR,4
IF,PAMPR,24.864550,-81.118844, ,0.0,0.0,2,23000,0,1,280,0,0,0
TF,SNDBR,25.387436,-80.860236,0, ,0.0,0.0,0.0,0.0,0,0,0,0,0,0,0,0

STAR,SNDBR3,ALL,5
IF,SNDBR,25.387436,-80.860236, ,0.0,0.0,0,0,0,0,0,0,0,0
TF,CJAAY,25.571353,-80.785672,0, ,0.0,0.0,0.0,0.0,0,0,0,0,0,0,0,1
FM,CJAAY,25.571353,-80.785672,0,SRQ,0.0,0.0,25.0,0,0,0,0,0,0,0,0

STAR,TARPN3,DEBRL,4
IF,DEBRL,29.296869,-81.134133, ,0.0,0.0,0,0,0,0,0,0,0,0
TF,DAVEC,27.678322,-80.489686,0, ,0.0,0.0,0.0,0.0,0,0,0,0,0,0,0,0
TF,RONQU,27.367014,-80.022747,0, ,0.0,0.0,0.0,0.0,0,0,0,0,0,0,0,0
TF,BLUFI,26.893850,-79.831406,0, ,0.0,0.0,0.0,0.0,0,0,0,0,0,0,0,0
TF,TARPN,26.517453,-79.980889,0, ,0.0,0.0,0.0,0.0,0,0,0,0,0,0,0,0

STAR,TARPN3,HIBAC,4
IF,HIBAC,29.094064,-79.567958, ,0.0,0.0,0,0,0,0,0,0,0,0
TF,JIPOD,28.094886,-80.320533,0, ,0.0,0.0,0.0,0.0,0,0,0,0,0,0,0,0
TF,WIDET,27.682822,-80.151428,0, ,0.0,0.0,0.0,0.0,0,0,0,0,0,0,0,0
TF,RONQU,27.367014,-80.022747,0, ,0.0,0.0,0.0,0.0,0,0,0,0,0,0,0,0
TF,BLUFI,26.893850,-79.831406,0, ,0.0,0.0,0.0,0.0,0,0,0,0,0,0,0,0
TF,TARPN,26.517453,-79.980889,0, ,0.0,0.0,0.0,0.0,0,0,0,0,0,0,0,0

STAR,TARPN3,JIPOD,4
IF,JIPOD,28.094886,-80.320533, ,0.0,0.0,0,0,0,0,0,0,0,0
TF,WIDET,27.682822,-80.151428,0, ,0.0,0.0,0.0,0.0,0,0,0,0,0,0,0,0
TF,RONQU,27.367014,-80.022747,0, ,0.0,0.0,0.0,0.0,0,0,0,0,0,0,0,0
TF,BLUFI,26.893850,-79.831406,0, ,0.0,0.0,0.0,0.0,0,0,0,0,0,0,0,0
TF,TARPN,26.517453,-79.980889,0, ,0.0,0.0,0.0,0.0,0,0,0,0,0,0,0,0

STAR,TARPN3,KENLL,4
IF,KENLL,29.574542,-81.123683, ,0.0,0.0,0,0,0,0,0,0,0,0
TF,JIPOD,28.094886,-80.320533,0, ,0.0,0.0,0.0,0.0,0,0,0,0,0,0,0,0
TF,WIDET,27.682822,-80.151428,0, ,0.0,0.0,0.0,0.0,0,0,0,0,0,0,0,0
TF,RONQU,27.367014,-80.022747,0, ,0.0,0.0,0.0,0.0,0,0,0,0,0,0,0,0
TF,BLUFI,26.893850,-79.831406,0, ,0.0,0.0,0.0,0.0,0,0,0,0,0,0,0,0
TF,TARPN,26.517453,-79.980889,0, ,0.0,0.0,0.0,0.0,0,0,0,0,0,0,0,0

STAR,TARPN3,RONQU,4
IF,RONQU,27.367014,-80.022747, ,0.0,0.0,0,0,0,0,0,0,0,0
TF,BLUFI,26.893850,-79.831406,0, ,0.0,0.0,0.0,0.0,0,0,0,0,0,0,0,0
TF,TARPN,26.517453,-79.980889,0, ,0.0,0.0,0.0,0.0,0,0,0,0,0,0,0,0

STAR,TARPN3,ALL,5
IF,TARPN,26.517453,-79.980889, ,0.0,0.0,0,0,0,0,0,0,0,0
TF,SPNER,26.428811,-80.022056,0, ,0.0,0.0,0.0,0.0,0,0,0,0,0,0,0,0
TF,IMAPY,26.301142,-80.037208,0, ,0.0,0.0,0.0,0.0,0,0,0,0,0,0,0,1
FM,IMAPY,26.301142,-80.037208,0,SRQ,0.0,0.0,191.0,0,0,0,0,0,0,0,0

STAR,VIICE2,MADIZ,4
IF,MADIZ,24.269628,-77.873289, ,0.0,0.0,0,0,0,0,0,0,0,0
TF,WLMES,24.789572,-78.724481,0, ,0.0,0.0,0.0,0.0,2,28000,0,0,0,0,0,0
TF,CLYER,25.025231,-79.115275,0, ,0.0,0.0,0.0,0.0,2,21000,0,0,0,0,0,0
TF,JJETS,25.200953,-79.408781,0, ,0.0,0.0,0.0,0.0,2,15000,0,1,280,0,0,0
TF,VIICE,25.388606,-79.724242,0, ,0.0,0.0,0.0,0.0,3,16000,0,0,0,0,0,0

STAR,VIICE2,NICKO,4
IF,NICKO,24.990925,-78.179322, ,0.0,0.0,0,0,0,0,0,0,0,0
TF,PTOON,24.953981,-78.633503,0, ,0.0,0.0,0.0,0.0,2,28000,0,0,0,0,0,0
TF,CLYER,25.025231,-79.115275,0, ,0.0,0.0,0.0,0.0,2,21000,0,0,0,0,0,0
TF,JJETS,25.200953,-79.408781,0, ,0.0,0.0,0.0,0.0,2,15000,0,1,280,0,0,0
TF,VIICE,25.388606,-79.724242,0, ,0.0,0.0,0.0,0.0,3,16000,0,0,0,0,0,0

STAR,VIICE2,PTOON,4
IF,PTOON,24.953981,-78.633503, ,0.0,0.0,2,28000,0,0,0,0,0,0
TF,CLYER,25.025231,-79.115275,0, ,0.0,0.0,0.0,0.0,2,21000,0,0,0,0,0,0
TF,JJETS,25.200953,-79.408781,0, ,0.0,0.0,0.0,0.0,2,15000,0,1,280,0,0,0
TF,VIICE,25.388606,-79.724242,0, ,0.0,0.0,0.0,0.0,3,16000,0,0,0,0,0,0

STAR,VIICE2,ZEGEE,4
IF,ZEGEE,24.824300,-79.343978, ,0.0,0.0,2,21000,0,0,0,0,0,0
TF,KROKT,25.096603,-79.526953,0, ,0.0,0.0,0.0,0.0,2,15000,0,1,280,0,0,0
TF,VIICE,25.388606,-79.724242,0, ,0.0,0.0,0.0,0.0,3,16000,0,0,0,0,0,0

STAR,VIICE2,ZEUSS,4
IF,ZEUSS,24.000000,-78.795833, ,0.0,0.0,0,0,0,0,0,0,0,0
TF,MULYN,24.494656,-79.123750,0, ,0.0,0.0,0.0,0.0,2,28000,0,0,0,0,0,0
TF,ZEGEE,24.824300,-79.343978,0, ,0.0,0.0,0.0,0.0,2,21000,0,0,0,0,0,0
TF,KROKT,25.096603,-79.526953,0, ,0.0,0.0,0.0,0.0,2,15000,0,1,280,0,0,0
TF,VIICE,25.388606,-79.724242,0, ,0.0,0.0,0.0,0.0,3,16000,0,0,0,0,0,0

STAR,VIICE2,ZQA,4
IF,ZQA,25.025522,-77.446431, ,0.0,0.0,0,0,0,0,0,0,0,0
TF,SUTON,24.972750,-78.056358,0, ,0.0,0.0,0.0,0.0,0,0,0,0,0,0,0,0
TF,PTOON,24.953981,-78.633503,0, ,0.0,0.0,0.0,0.0,2,28000,0,0,0,0,0,0
TF,CLYER,25.025231,-79.115275,0, ,0.0,0.0,0.0,0.0,2,21000,0,0,0,0,0,0
TF,JJETS,25.200953,-79.408781,0, ,0.0,0.0,0.0,0.0,2,15000,0,1,280,0,0,0
TF,VIICE,25.388606,-79.724242,0, ,0.0,0.0,0.0,0.0,3,16000,0,0,0,0,0,0

STAR,VIICE2,ALL,5
IF,VIICE,25.388606,-79.724242, ,0.0,0.0,3,16000,0,0,0,0,0,0
TF,FRARI,25.424433,-79.772522,0, ,0.0,0.0,0.0,0.0,1,10000,0,1,250,0,0,1
FM,FRARI,25.424433,-79.772522,0,SRQ,0.0,0.0,314.0,0,0,0,0,0,0,0,0

APPTR,I09R,09R,VKZ
IF,VKZ,25.751903,-80.154444, ,0.0,0.0,0,0,0,0,0,0,0,0
TF,LAYDN,25.639331,-80.524397,0, ,0.0,0.0,0.0,0.0,2,2500,0,0,0,0,0,0
PI,LAYDN,25.639331,-80.524397,1,VKZ,318.0,10.0,273,5.0,2,2000,0,0,0,0,1,0

FINAL,I09R,09R,I,3
IF,CFDXW,25.634519,-80.634886,ITMB,273.3,11.8,2,2000,0,0,0,0,0,0
CF,LAYDN,25.639331,-80.524397,0,ITMB,273.3,5.8,93.0,6.0,1,1500,0,0,0,0,2,0
CF,RW09R,25.642900,-80.441094,0,ITMB,273.3,1.3,93.0,4.5,1,60,0,0,0,0,3,0
CA,0,93.0,2,2000,0,0,0,0,0,0
VI,0, ,0.0,88.0,0,0,0,0,0,0,0,0
CF,LUVLY,25.662392,-80.138797,0,DHP,129.8,14.1,130.0,2.0,0,0,0,0,0,0,0,0
HM,LUVLY,25.662392,-80.138797,2, ,0.0,0.0,310.0,04.3,0,0,0,0,0,0,0,0,0

APPTR,R09L,09L,DHP
IF,DHP,25.799964,-80.349036, ,0.0,0.0,0,0,0,0,0,0,0,0
TF,JULED,25.644214,-80.634811,0, ,0.0,0.0,0.0,0.0,2,2000,0,0,0,0,0,1
HF,JULED,25.644214,-80.634811,1, ,0.0,0.0,93.0,04,2,2000,0,0,0,0,1,0,0

APPTR,R09L,09L,FOGSO
IF,FOGSO,25.630311,-80.736703, ,0.0,0.0,0,0,0,0,0,0,0,0
TF,JULED,25.644214,-80.634811,0, ,0.0,0.0,0.0,0.0,2,2300,0,0,0,0,0,1
HF,JULED,25.644214,-80.634811,1, ,0.0,0.0,93.0,04,2,2000,0,0,0,0,1,0,0

APPTR,R09L,09L,VKZ
IF,VKZ,25.751903,-80.154444, ,0.0,0.0,0,0,0,0,0,0,0,0
TF,JULED,25.644214,-80.634811,0, ,0.0,0.0,0.0,0.0,2,2100,0,0,0,0,0,1
HF,JULED,25.644214,-80.634811,1, ,0.0,0.0,93.0,04,2,2000,0,0,0,0,1,0,0

FINAL,R09L,09L,R,4
IF,JULED,25.644214,-80.634811, ,0.0,0.0,2,2000,0,0,0,0,0,0
TF,HASDU,25.649103,-80.522494,0, ,0.0,0.0,93.0,6.1,2,1500,0,0,0,0,2,0
TF,JOGNO,25.651536,-80.465878,0, ,0.0,0.0,93.0,3.1,2,500,0,0,0,0,0,0
TF,RW09L,25.652636,-80.440083,0, ,0.0,0.0,93.0,1.4,1,58,0,0,0,0,3,1
DF,HOTMA,25.662569,-80.201967,0, ,0.0,0.0,2,2000,0,0,0,0,0,1
HM,HOTMA,25.662569,-80.201967,2, ,0.0,0.0,273.0,04,0,0,0,0,0,0,0,0,0

APPTR,R09R,09R,DHP
IF,DHP,25.799964,-80.349036, ,0.0,0.0,0,0,0,0,0,0,0,0
TF,HAXAM,25.634439,-80.636728,0, ,0.0,0.0,0.0,0.0,2,2000,0,0,0,0,0,1
HF,HAXAM,25.634439,-80.636728,1, ,0.0,0.0,93.0,04,2,2000,0,0,0,0,1,0,0

APPTR,R09R,09R,FOGSO
IF,FOGSO,25.630311,-80.736703, ,0.0,0.0,0,0,0,0,0,0,1,0
TF,HAXAM,25.634439,-80.636728,0, ,0.0,0.0,0.0,0.0,2,2000,0,0,0,0,1,0

APPTR,R09R,09R,VKZ
IF,VKZ,25.751903,-80.154444, ,0.0,0.0,0,0,0,0,0,0,0,0
TF,HAXAM,25.634439,-80.636728,0, ,0.0,0.0,0.0,0.0,2,2100,0,0,0,0,0,1
HF,HAXAM,25.634439,-80.636728,1, ,0.0,0.0,93.0,04,2,2000,0,0,0,0,1,0,0

FINAL,R09R,09R,R,3
IF,HAXAM,25.634439,-80.636728, ,0.0,0.0,2,2000,0,0,0,0,0,0
TF,LAYDN,25.639331,-80.524397,0, ,0.0,0.0,93.0,6.1,2,1500,0,0,0,0,2,0
TF,RW09R,25.642900,-80.441094,0, ,0.0,0.0,93.0,4.5,1,60,0,0,0,0,3,1
CA,0,93.0,2,210,0,0,0,0,0,0
DF,JURER,25.651264,-80.241628,0, ,0.0,0.0,2,3000,0,0,0,0,0,1
HM,JURER,25.651264,-80.241628,2, ,0.0,0.0,87.0,04,2,3000,0,0,0,0,0,0,0

APPTR,R27L,27L,LUVLY
IF,LUVLY,25.662392,-80.138797, ,0.0,0.0,0,0,0,0,0,0,1,0
TF,CACSA,25.652964,-80.199972,0, ,0.0,0.0,0.0,0.0,2,2000,0,0,0,0,1,0

FINAL,R27L,27L,R,4
IF,CACSA,25.652964,-80.199972, ,0.0,0.0,2,2000,0,0,0,0,0,0
TF,ZAGUN,25.648400,-80.310547,0, ,0.0,0.0,273.0,6.0,2,2000,0,0,0,0,2,0
TF,JINGI,25.645000,-80.391586,0, ,0.0,0.0,273.0,4.4,2,580,0,0,0,0,0,0
TF,RW27L,25.643675,-80.422906,0, ,0.0,0.0,273.0,1.7,1,58,0,0,0,0,3,1
CA,0,273.0,2,208,0,0,0,0,0,0
DF,HAXAM,25.634439,-80.636728,0, ,0.0,0.0,2,2000,0,0,0,0,0,1
HM,HAXAM,25.634439,-80.636728,1, ,0.0,0.0,93.0,04,0,0,0,0,0,0,0,0,0

APPTR,R27R,27R,LUVLY
IF,LUVLY,25.662392,-80.138797, ,0.0,0.0,0,0,0,0,0,0,1,0
TF,HOTMA,25.662569,-80.201967,0, ,0.0,0.0,0.0,0.0,2,2000,0,0,0,0,1,0

FINAL,R27R,27R,R,4
IF,HOTMA,25.662569,-80.201967, ,0.0,0.0,2,2000,0,0,0,0,0,0
TF,FITOL,25.657928,-80.314389,0, ,0.0,0.0,273.0,6.1,2,2000,0,0,0,0,2,0
TF,ELJOM,25.654372,-80.399122,0, ,0.0,0.0,273.0,4.6,2,500,0,0,0,0,0,0
TF,RW27R,25.653281,-80.424914,0, ,0.0,0.0,273.0,1.4,1,58,0,0,0,0,3,1
DF,JULED,25.644214,-80.634811,0, ,0.0,0.0,2,2000,0,0,0,0,0,1
HM,JULED,25.644214,-80.634811,1, ,0.0,0.0,93.0,04,0,0,0,0,0,0,0,0,0

