APPTR,N10,10,BFF
IF,BFF,41.894164,-103.482031, ,0.0,0.0,0,0,0,0,0,0,0,0
TF,TOR,42.065786,-104.153364,0, ,0.0,0.0,0.0,0.0,2,7200,0,0,0,0,0,0
PI,TOR,42.065786,-104.153364,1,SAE,326.0,10.0,281,5.0,2,6500,0,0,0,0,1,0
CF,FF10,42.101747,-104.302417,0,SAE,291.2,128.1,101.0,3.0,2,6500,0,0,0,0,0,0

APPTR,N10,10,CYS
IF,CYS,41.210967,-104.772914, ,0.0,0.0,0,0,0,0,0,0,0,0
TF,TOR,42.065786,-104.153364,0, ,0.0,0.0,0.0,0.0,2,8600,0,0,0,0,0,0
PI,TOR,42.065786,-104.153364,1,SAE,326.0,10.0,281,5.0,2,6500,0,0,0,0,1,0
CF,FF10,42.101747,-104.302417,0,SAE,291.2,128.1,101.0,3.0,2,6500,0,0,0,0,0,0

APPTR,N10,10,TST
IF,TST,42.558772,-103.312147, ,0.0,0.0,0,0,0,0,0,0,0,0
TF,TOR,42.065786,-104.153364,0, ,0.0,0.0,0.0,0.0,2,7400,0,0,0,0,0,0
PI,TOR,42.065786,-104.153364,1,SAE,326.0,10.0,281,5.0,2,6500,0,0,0,0,1,0
CF,FF10,42.101747,-104.302417,0,SAE,291.2,128.1,101.0,3.0,2,6500,0,0,0,0,0,0

FINAL,N10,10,N,2
IF,FF10,42.101747,-104.302417,TOR,0.0,0.0,2,6500,0,0,0,0,2,0
CF,RW10,42.067161,-104.163972,0,TOR,0.0,0.0,101.0,6.5,1,4255,0,0,0,0,3,0
CF,TOR,42.065786,-104.153364,0,SAE,291.7,121.1,101.0,0.5,2,6500,0,0,0,0,0,0
HM,TOR,42.065786,-104.153364,2, ,0.0,0.0,281.0,04.3,0,0,0,0,0,0,0,0,0

APPTR,N28,28,BFF
IF,BFF,41.894164,-103.482031, ,0.0,0.0,0,0,0,0,0,0,0,0
TF,TOR,42.065786,-104.153364,0, ,0.0,0.0,0.0,0.0,2,7200,0,0,0,0,0,0
PI,TOR,42.065786,-104.153364,2,SAE,71.0,10.0,116,5.0,2,6200,0,0,0,0,1,0
CF,FF28,42.005592,-104.029239,0,SAE,291.2,114.6,296.0,3.4,2,6200,0,0,0,0,0,0

APPTR,N28,28,CYS
IF,CYS,41.210967,-104.772914, ,0.0,0.0,0,0,0,0,0,0,0,0
TF,TOR,42.065786,-104.153364,0, ,0.0,0.0,0.0,0.0,2,8500,0,0,0,0,0,0
PI,TOR,42.065786,-104.153364,2,SAE,71.0,10.0,116,5.0,2,6200,0,0,0,0,1,0
CF,FF28,42.005592,-104.029239,0,SAE,291.2,114.6,296.0,3.4,2,6200,0,0,0,0,0,0

APPTR,N28,28,TST
IF,TST,42.558772,-103.312147, ,0.0,0.0,0,0,0,0,0,0,0,0
TF,TOR,42.065786,-104.153364,0, ,0.0,0.0,0.0,0.0,2,7400,0,0,0,0,0,0
PI,TOR,42.065786,-104.153364,2,SAE,71.0,10.0,116,5.0,2,6200,0,0,0,0,1,0
CF,FF28,42.005592,-104.029239,0,SAE,291.2,114.6,296.0,3.4,2,6200,0,0,0,0,0,0

FINAL,N28,28,N,2
IF,FF28,42.005592,-104.029239,TOR,0.0,0.0,2,6200,0,0,0,0,2,0
CF,RW28,42.060439,-104.145008,0,TOR,0.0,0.0,296.0,6.1,1,4247,0,0,0,0,3,0
CF,TOR,42.065786,-104.153364,0,SAE,291.7,121.1,296.0,0.5,2,6500,0,0,0,0,0,0
HM,TOR,42.065786,-104.153364,1, ,0.0,0.0,116.0,04.3,0,0,0,0,0,0,0,0,0

APPTR,R10,10,HOCXU
IF,HOCXU,41.987972,-104.736544, ,0.0,0.0,0,0,0,0,0,0,1,0
TF,WISUS,42.063422,-104.551633,0, ,0.0,0.0,0.0,0.0,2,6800,0,0,0,0,0,0
TF,KUVZU,42.138572,-104.366283,0, ,0.0,0.0,0.0,0.0,2,6300,0,0,0,0,1,0

APPTR,R10,10,KACTI
IF,KACTI,42.341944,-104.288019, ,0.0,0.0,0,0,0,0,0,0,1,0
TF,KUVZU,42.138572,-104.366283,0, ,0.0,0.0,0.0,0.0,2,6300,0,0,0,0,1,0

FINAL,R10,10,R,4
IF,KUVZU,42.138572,-104.366283, ,0.0,0.0,2,6300,0,0,0,0,0,0
TF,BIQCI,42.099842,-104.256344,0, ,0.0,0.0,108.0,5.4,2,5700,0,0,0,0,2,0
TF,WOVEB,42.079189,-104.197933,0, ,0.0,0.0,108.0,2.9,2,4780,0,0,0,0,0,0
TF,RW10,42.067161,-104.163972,0, ,0.0,0.0,108.0,1.7,1,4245,0,0,0,0,3,1
CA,0,108.0,2,4457,0,0,0,0,0,0
DF,CIKSI,41.987814,-103.940989,0, ,0.0,0.0,2,6200,0,0,0,0,0,1
HM,CIKSI,41.987814,-103.940989,2, ,0.0,0.0,289.0,07,0,0,0,0,0,0,0,0,0

APPTR,R28,28,CIKSI
HF,CIKSI,41.987814,-103.940989,2, ,0.0,0.0,289.0,07,2,6200,0,0,0,0,1,0,0

APPTR,R28,28,WHARF
IF,WHARF,42.069681,-103.851681, ,0.0,0.0,0,0,0,0,0,0,1,0
TF,CIKSI,41.987814,-103.940989,0, ,0.0,0.0,0.0,0.0,2,6200,0,0,0,0,1,0

FINAL,R28,28,R,4
IF,CIKSI,41.987814,-103.940989, ,0.0,0.0,2,6200,0,0,0,0,0,0
TF,QIFZY,42.031989,-104.064900,0, ,0.0,0.0,289.0,6.1,2,5500,0,0,0,0,2,0
TF,HOLSO,42.038750,-104.083914,0, ,0.0,0.0,289.0,0.9,2,5200,0,0,0,0,0,0
TF,RW28,42.060439,-104.145008,0, ,0.0,0.0,289.0,3.0,1,4237,0,0,0,0,3,1
CA,0,289.0,2,4452,0,0,0,0,0,0
DF,KUVZU,42.138572,-104.366283,0, ,0.0,0.0,2,6500,0,0,0,0,0,1
HM,KUVZU,42.138572,-104.366283,2, ,0.0,0.0,108.0,07,0,0,0,0,0,0,0,0,0

