APPTR,R09,09,SEZJI
IF,SEZJI,44.803278,-108.913511, ,0.0,0.0,0,0,0,0,0,0,1,0
TF,KODTE,44.967347,-108.721178,0, ,0.0,0.0,0.0,0.0,2,6900,0,0,0,0,1,0

APPTR,R09,09,SOLME
IF,SOLME,45.303628,-108.771036, ,0.0,0.0,0,0,0,0,0,0,1,0
TF,KODTE,44.967347,-108.721178,0, ,0.0,0.0,0.0,0.0,2,6900,0,0,0,0,1,0

FINAL,R09,09,R,4
IF,KODTE,44.967347,-108.721178, ,0.0,0.0,2,6900,0,0,0,0,0,0
TF,YODUS,44.940400,-108.585439,0, ,0.0,0.0,95.0,6.0,2,6000,0,0,0,0,2,0
TF,HIMIG,44.927131,-108.518928,0, ,0.0,0.0,95.0,2.9,2,5060,0,0,0,0,0,0
TF,RW09,44.914022,-108.453453,0, ,0.0,0.0,95.0,2.9,1,4138,0,0,0,0,3,1
CA,0,95.0,2,4600,0,0,0,0,0,0
DF,SEZJI,44.803278,-108.913511,2, ,0.0,0.0,2,8500,0,0,0,0,0,1
HM,SEZJI,44.803278,-108.913511,2, ,0.0,0.0,360.0,07,0,0,0,0,0,0,0,0,0

