APPTR,R18,18,EBJEL
HF,EBJEL,38.455408,-95.725975,2, ,0.0,0.0,175.0,04,2,3000,0,0,0,0,1,0,0

FINAL,R18,18,R,3
IF,EBJEL,38.455408,-95.725975, ,0.0,0.0,2,3000,0,0,0,0,0,0
TF,ARYAR,38.372286,-95.725417,0, ,0.0,0.0,175.0,5.0,2,2400,0,0,0,0,2,0
TF,RW18,38.310033,-95.725008,0, ,0.0,0.0,175.0,3.7,1,1212,0,0,0,0,3,1
CA,0,175.0,2,1424,0,0,0,0,0,0
DF,JUZRO,38.101058,-95.723625,0, ,0.0,0.0,2,3000,0,0,0,0,0,1
HM,JUZRO,38.101058,-95.723625,2, ,0.0,0.0,355.0,04,0,0,0,0,0,0,0,0,0

APPTR,R36,36,FOWNE
IF,FOWNE,38.025469,-95.919056, ,0.0,0.0,0,0,0,0,0,0,1,0
TF,JUZRO,38.101058,-95.723625,0, ,0.0,0.0,0.0,0.0,2,3000,0,0,0,0,1,0

APPTR,R36,36,JUZRO
HF,JUZRO,38.101058,-95.723625,2, ,0.0,0.0,355.0,04,2,3000,0,0,0,0,1,0,0

APPTR,R36,36,KACED
IF,KACED,38.001464,-95.582606, ,0.0,0.0,0,0,0,0,0,0,1,0
TF,JUZRO,38.101058,-95.723625,0, ,0.0,0.0,0.0,0.0,2,3000,0,0,0,0,1,0

FINAL,R36,36,R,4
IF,JUZRO,38.101058,-95.723625, ,0.0,0.0,2,3000,0,0,0,0,0,0
TF,ANTSY,38.211789,-95.724361,0, ,0.0,0.0,355.0,6.6,2,2800,0,0,0,0,2,0
TF,CUTOV,38.273608,-95.724767,0, ,0.0,0.0,355.0,3.7,2,1620,0,0,0,0,0,0
TF,RW36,38.294931,-95.724908,0, ,0.0,0.0,355.0,1.3,1,1213,0,0,0,0,3,1
CA,0,355.0,2,1424,0,0,0,0,0,0
DF,EBJEL,38.455408,-95.725975,0, ,0.0,0.0,2,3000,0,0,0,0,0,1
HM,EBJEL,38.455408,-95.725975,2, ,0.0,0.0,175.0,04,0,0,0,0,0,0,0,0,0

