APPTR,R02,02,DREAR
IF,DREAR,43.138108,-89.049917, ,0.0,0.0,0,0,0,0,0,0,1,0
TF,FIBVU,43.238447,-88.779411,0, ,0.0,0.0,0.0,0.0,2,3000,0,0,0,0,1,0

APPTR,R02,02,FIBVU
HF,FIBVU,43.238447,-88.779411,2, ,0.0,0.0,18.0,04,2,3000,0,0,0,0,1,0,0

APPTR,R02,02,WAITS
IF,WAITS,43.127303,-88.637539, ,0.0,0.0,0,0,0,0,0,0,1,0
TF,FIBVU,43.238447,-88.779411,0, ,0.0,0.0,0.0,0.0,2,3000,0,0,0,0,1,0

FINAL,R02,02,R,3
IF,FIBVU,43.238447,-88.779411, ,0.0,0.0,2,3000,0,0,0,0,0,0
TF,EGACA,43.336375,-88.738014,0, ,0.0,0.0,18.0,6.2,2,2700,0,0,0,0,2,0
TF,RW02,43.421600,-88.701872,0, ,0.0,0.0,18.0,5.4,1,970,0,0,0,0,3,1
DF,NUNEF,43.614450,-88.619664,0, ,0.0,0.0,2,3000,0,0,0,0,0,1
HM,NUNEF,43.614450,-88.619664,2, ,0.0,0.0,198.0,04,0,0,0,0,0,0,0,0,0

APPTR,R08,08,DREAR
IF,DREAR,43.138108,-89.049917, ,0.0,0.0,0,0,0,0,0,0,1,0
TF,PEBIY,43.390458,-88.974736,0, ,0.0,0.0,0.0,0.0,2,3000,0,0,0,0,1,0

APPTR,R08,08,PEBIY
HF,PEBIY,43.390458,-88.974736,2, ,0.0,0.0,81.0,05,2,3000,0,0,0,0,1,0,0

APPTR,R08,08,RANDO
IF,RANDO,43.482894,-89.029592, ,0.0,0.0,0,0,0,0,0,0,1,0
TF,PEBIY,43.390458,-88.974736,0, ,0.0,0.0,0.0,0.0,2,3000,0,0,0,0,1,0

FINAL,R08,08,R,3
IF,PEBIY,43.390458,-88.974736, ,0.0,0.0,2,3000,0,0,0,0,0,0
TF,GOPBE,43.408578,-88.839628,0, ,0.0,0.0,81.0,6.0,2,2700,0,0,0,0,2,0
TF,RW08,43.424928,-88.716589,0, ,0.0,0.0,81.0,5.5,1,930,0,0,0,0,3,1
CA,0,81.0,2,1334,0,0,0,0,0,0
DF,CORIR,43.467353,-88.392364,0, ,0.0,0.0,2,3000,0,0,0,0,0,1
HM,CORIR,43.467353,-88.392364,2, ,0.0,0.0,261.0,04,0,0,0,0,0,0,0,0,0

APPTR,R20,20,BAE
IF,BAE,43.116853,-88.284344, ,0.0,0.0,0,0,0,0,0,0,0,0
TF,NUNEF,43.614450,-88.619664,0, ,0.0,0.0,0.0,0.0,2,3000,0,0,0,0,0,1
HF,NUNEF,43.614450,-88.619664,2, ,0.0,0.0,198.0,04,2,3000,0,0,0,0,1,0,0

APPTR,R20,20,OSH
IF,OSH,43.990431,-88.555933, ,0.0,0.0,0,0,0,0,0,0,1,0
TF,NUNEF,43.614450,-88.619664,0, ,0.0,0.0,0.0,0.0,2,3000,0,0,0,0,1,0

APPTR,R20,20,RANDO
IF,RANDO,43.482894,-89.029592, ,0.0,0.0,0,0,0,0,0,0,0,0
TF,SOTTE,43.639128,-88.729256,0, ,0.0,0.0,0.0,0.0,2,3000,0,0,0,0,1,0
TF,NUNEF,43.614450,-88.619664,0, ,0.0,0.0,0.0,0.0,2,3000,0,0,0,0,1,0

FINAL,R20,20,R,3
IF,NUNEF,43.614450,-88.619664, ,0.0,0.0,2,3000,0,0,0,0,0,0
TF,HOMNY,43.517283,-88.661153,0, ,0.0,0.0,198.0,6.1,2,2700,0,0,0,0,2,0
TF,RW20,43.432158,-88.697389,0, ,0.0,0.0,198.0,5.4,1,972,0,0,0,0,3,1
DF,FIBVU,43.238447,-88.779411,0, ,0.0,0.0,2,3000,0,0,0,0,0,1
HM,FIBVU,43.238447,-88.779411,2, ,0.0,0.0,18.0,04,0,0,0,0,0,0,0,0,0

APPTR,R26,26,RANDO
IF,RANDO,43.482894,-89.029592, ,0.0,0.0,0,0,0,0,0,0,0,0
TF,CORIR,43.467353,-88.392364,0, ,0.0,0.0,0.0,0.0,2,3000,0,0,0,0,0,0
HF,CORIR,43.467353,-88.392364,2, ,0.0,0.0,261.0,04,2,3000,0,0,0,0,1,0,0

FINAL,R26,26,R,3
IF,CORIR,43.467353,-88.392364, ,0.0,0.0,2,3000,0,0,0,0,0,0
TF,DODGE,43.443281,-88.577258,0, ,0.0,0.0,261.0,8.2,2,2700,0,0,0,0,2,0
TF,RW26,43.427411,-88.697814,0, ,0.0,0.0,261.0,5.4,1,968,0,0,0,0,3,1
CA,0,261.0,2,1334,0,0,0,0,0,0
DF,PEBIY,43.390458,-88.974736,0, ,0.0,0.0,2,3000,0,0,0,0,0,1
HM,PEBIY,43.390458,-88.974736,2, ,0.0,0.0,81.0,05,0,0,0,0,0,0,0,0,0

