APPTR,L09-Y,09,JODIB
HF,JODIB,34.386878,-89.764722,2, ,0.0,0.0,92.0,04,2,2800,0,0,0,0,1,0,0

FINAL,L09-Y,09,D,3
IF,JODIB,34.386878,-89.764722,IUVD,271.8,12.0,2,2800,0,0,0,0,0,0
CF,TUNNG,34.385378,-89.625972,0,IUVD,271.8,5.1,92.0,6.9,2,1800,0,0,0,0,2,0
CF,RW09,34.384444,-89.546072,0,IUVD,271.9,1.1,92.0,4.0,1,453,0,0,0,0,3,0
CA,0,92.0,2,1100,0,0,0,0,0,0
DF,JODIB,34.386878,-89.764722,1, ,0.0,0.0,2,2800,0,0,0,0,0,0
HM,JODIB,34.386878,-89.764722,2, ,0.0,0.0,92.0,04,0,0,0,0,0,0,0,0,0

APPTR,L09-Z,09,HLI
IF,HLI,34.770244,-89.496519, ,0.0,0.0,0,0,0,0,0,0,0,0
TF,TUNNG,34.385378,-89.625972,0, ,0.0,0.0,0.0,0.0,2,3000,0,0,0,0,0,0
PI,TUNNG,34.385378,-89.625972,1,HLI,317.0,10.0,272,5.0,2,2800,0,0,0,0,1,0

APPTR,L09-Z,09,ZETUR
FC,ZETUR,34.388622,-89.958519,0,HLI,0.0,0.0,92.0,5.6,2,2800,0,0,0,0,1,0
CF,JODIB,34.386878,-89.764722,0,IUVD,271.8,12.0,92.0,4.0,2,2800,0,0,0,0,1,0

FINAL,L09-Z,09,D,3
IF,JODIB,34.386878,-89.764722,IUVD,271.8,12.0,2,2800,0,0,0,0,0,0
CF,TUNNG,34.385378,-89.625972,0,IUVD,271.8,5.1,92.0,6.9,2,1800,0,0,0,0,2,0
CF,RW09,34.384444,-89.546072,0,IUVD,271.9,1.1,92.0,4.0,1,453,0,0,0,0,3,0
CA,0,92.0,2,1100,0,0,0,0,0,0
DF,TUNNG,34.385378,-89.625972,1, ,0.0,0.0,2,2800,0,0,0,0,0,0
HM,TUNNG,34.385378,-89.625972,1, ,0.0,0.0,92.0,04.3,0,0,0,0,0,0,0,0,0

APPTR,R09,09,ELLII
IF,ELLII,34.281706,-89.766289, ,0.0,0.0,0,0,0,0,0,0,1,0
TF,JODIB,34.386878,-89.764722,0, ,0.0,0.0,0.0,0.0,2,2800,0,0,0,0,1,0

APPTR,R09,09,JODIB
HF,JODIB,34.386878,-89.764722,2, ,0.0,0.0,92.0,04,2,2800,0,0,0,0,1,0,0

APPTR,R09,09,RCHEY
IF,RCHEY,34.492050,-89.763153, ,0.0,0.0,0,0,0,0,0,0,1,0
TF,JODIB,34.386878,-89.764722,0, ,0.0,0.0,0.0,0.0,2,2800,0,0,0,0,1,0

FINAL,R09,09,R,4
IF,JODIB,34.386878,-89.764722, ,0.0,0.0,2,2800,0,0,0,0,0,0
TF,ETEEN,34.385581,-89.643903,0, ,0.0,0.0,92.0,6.0,2,2000,0,0,0,0,2,0
TF,MNING,34.385003,-89.593319,0, ,0.0,0.0,92.0,2.5,2,1200,0,0,0,0,0,0
TF,RW09,34.384444,-89.546072,0, ,0.0,0.0,92.0,2.4,1,453,0,0,0,0,3,1
CA,0,92.0,2,618,0,0,0,0,0,0
DF,GROVV,34.381453,-89.314900,0, ,0.0,0.0,2,2800,0,0,0,0,0,1
HM,GROVV,34.381453,-89.314900,2, ,0.0,0.0,272.0,04,0,0,0,0,0,0,0,0,0

APPTR,R27,27,BIACO
IF,BIACO,34.486617,-89.312772, ,0.0,0.0,0,0,0,0,0,0,1,0
TF,GROVV,34.381453,-89.314900,0, ,0.0,0.0,0.0,0.0,2,2800,0,0,0,0,1,1

APPTR,R27,27,FLKNR
IF,FLKNR,34.276286,-89.317022, ,0.0,0.0,0,0,0,0,0,0,1,0
TF,GROVV,34.381453,-89.314900,0, ,0.0,0.0,0.0,0.0,2,2800,0,0,0,0,1,1

APPTR,R27,27,GROVV
HF,GROVV,34.381453,-89.314900,2, ,0.0,0.0,272.0,04,2,2800,0,0,0,0,1,0,0

FINAL,R27,27,R,4
IF,GROVV,34.381453,-89.314900, ,0.0,0.0,2,2800,0,0,0,0,0,0
TF,VAUHT,34.383069,-89.435708,0, ,0.0,0.0,272.0,6.0,2,2200,0,0,0,0,2,0
TF,SWAYZ,34.383636,-89.480131,0, ,0.0,0.0,272.0,2.2,2,1380,0,0,0,0,0,0
TF,RW27,34.384219,-89.527517,0, ,0.0,0.0,272.0,2.4,1,505,0,0,0,0,3,1
CA,0,272.0,2,852,0,0,0,0,0,0
DF,JODIB,34.386878,-89.764722,0, ,0.0,0.0,2,2800,0,0,0,0,0,1
HM,JODIB,34.386878,-89.764722,2, ,0.0,0.0,92.0,04,0,0,0,0,0,0,0,0,0

APPTR,V09-A,09,HLI
IF,HLI,34.770244,-89.496519, ,0.0,0.0,0,0,0,0,0,0,1,0
TF,HHOTY,34.603922,-89.513942,0, ,0.0,0.0,0.0,0.0,2,2400,0,0,0,0,1,0
TF,TODYY,34.578972,-89.516547,0, ,0.0,0.0,0.0,0.0,2,2400,0,0,0,0,0,0

APPTR,V09-A,09,NUJLE
IF,NUJLE,34.765353,-89.294303, ,0.0,0.0,0,0,0,0,0,0,1,0
AF,HHOTY,34.603922,-89.513942,2,HLI,182.0,10.0,89.0,2,2400,0,0,0,0,1,0
CF,TODYY,34.578972,-89.516547,0,HLI,182.0,11.5,182.0,1.5,2,2400,0,0,0,0,0,0

APPTR,V09-A,09,YUGPU
IF,YUGPU,34.738200,-89.695031, ,0.0,0.0,0,0,0,0,0,0,1,0
AF,HHOTY,34.603922,-89.513942,1,HLI,182.0,10.0,256.0,2,2400,0,0,0,0,1,0
CF,TODYY,34.578972,-89.516547,0,HLI,182.0,11.5,182.0,1.5,2,2400,0,0,0,0,0,0

FINAL,V09-A,09,D,4
IF,TODYY,34.578972,-89.516547,HLI,182.0,11.5,2,2400,0,0,0,0,0,0
CF,FLIMM,34.479175,-89.526961,0,HLI,182.0,17.5,182.0,6.0,2,2400,0,0,0,0,2,0
CF,FLLAM,34.412642,-89.533892,0,HLI,182.0,21.5,182.0,4.0,2,1440,0,0,0,0,0,0
CF,GLLLM,34.384881,-89.536778,0,HLI,182.0,23.2,182.0,1.7,1,1380,0,0,0,0,3,0
VI,2, ,0.0,30.0,0,0,0,0,0,0,0,0
CF,TODYY,34.578972,-89.516547,0,HLI,182.0,11.5,2.0,4.0,2,2400,0,0,0,0,0,0
HM,TODYY,34.578972,-89.516547,2, ,0.0,0.0,182.0,04.3,0,0,0,0,0,0,0,0,0

APPTR,V27-A,27,HLI
IF,HLI,34.770244,-89.496519, ,0.0,0.0,0,0,0,0,0,0,1,0
TF,HHOTY,34.603922,-89.513942,0, ,0.0,0.0,0.0,0.0,2,2400,0,0,0,0,1,0
TF,TODYY,34.578972,-89.516547,0, ,0.0,0.0,0.0,0.0,2,2400,0,0,0,0,0,0

APPTR,V27-A,27,NUJLE
IF,NUJLE,34.765353,-89.294303, ,0.0,0.0,0,0,0,0,0,0,1,0
AF,HHOTY,34.603922,-89.513942,2,HLI,182.0,10.0,89.0,2,2400,0,0,0,0,1,0
CF,TODYY,34.578972,-89.516547,0,HLI,182.0,11.5,182.0,1.5,2,2400,0,0,0,0,0,0

APPTR,V27-A,27,YUGPU
IF,YUGPU,34.738200,-89.695031, ,0.0,0.0,0,0,0,0,0,0,1,0
AF,HHOTY,34.603922,-89.513942,1,HLI,182.0,10.0,256.0,2,2400,0,0,0,0,1,0
CF,TODYY,34.578972,-89.516547,0,HLI,182.0,11.5,182.0,1.5,2,2400,0,0,0,0,0,0

FINAL,V27-A,27,D,4
IF,TODYY,34.578972,-89.516547,HLI,182.0,11.5,2,2400,0,0,0,0,0,0
CF,FLIMM,34.479175,-89.526961,0,HLI,182.0,17.5,182.0,6.0,2,2400,0,0,0,0,2,0
CF,FLLAM,34.412642,-89.533892,0,HLI,182.0,21.5,182.0,4.0,2,1440,0,0,0,0,0,0
CF,GLLLM,34.384881,-89.536778,0,HLI,182.0,23.2,182.0,1.7,1,1380,0,0,0,0,3,0
VI,2, ,0.0,30.0,0,0,0,0,0,0,0,0
CF,TODYY,34.578972,-89.516547,0,HLI,182.0,11.5,2.0,4.0,2,2400,0,0,0,0,0,0
HM,TODYY,34.578972,-89.516547,2, ,0.0,0.0,182.0,04.3,0,0,0,0,0,0,0,0,0

