APPTR,L24,24,GZG
IF,GZG,36.825100,-82.078975, ,0.0,0.0,0,0,0,0,0,0,0,0
TF,AKQON,36.740792,-81.934222,0, ,0.0,0.0,0.0,0.0,2,6500,0,0,0,0,0,0
HF,AKQON,36.740792,-81.934222,1, ,0.0,0.0,241.0,04.3,2,4300,0,0,0,0,1,0,0

FINAL,L24,24,D,4
IF,CF24,36.777964,-81.865433,IVJI,61.0,10.6,2,4300,0,0,0,0,0,0
CF,AKQON,36.740792,-81.934222,0,IVJI,61.0,6.6,241.0,4.0,2,4000,0,0,0,0,2,0
CF,BUNTE,36.712183,-81.987067,0,IVJI,61.0,3.5,241.0,3.1,2,2940,0,0,0,0,0,0
CF,RW24,36.690533,-82.027006,0,IVJI,61.0,1.2,241.0,2.3,1,2138,0,0,0,0,3,0
CA,0,241.0,2,3900,0,0,0,0,0,0
DF,AKQON,36.740792,-81.934222,1, ,0.0,0.0,2,4800,0,1,210,0,0,1
HM,AKQON,36.740792,-81.934222,1, ,0.0,0.0,241.0,05,0,0,0,0,0,0,0,0,0

APPTR,R06,06,HILTO
IF,HILTO,36.696794,-82.435400, ,0.0,0.0,0,0,0,0,0,0,1,0
TF,HOSED,36.574369,-82.240397,0, ,0.0,0.0,0.0,0.0,2,4600,0,0,0,0,1,0

APPTR,R06,06,TAKEN
IF,TAKEN,36.336883,-82.470339, ,0.0,0.0,0,0,0,0,0,0,1,0
TF,HOSED,36.574369,-82.240397,0, ,0.0,0.0,0.0,0.0,2,4600,0,0,0,0,1,0

FINAL,R06,06,R,3
IF,HOSED,36.574369,-82.240397, ,0.0,0.0,2,4600,0,0,0,0,0,0
TF,FOSEK,36.629572,-82.139206,0, ,0.0,0.0,61.0,5.9,2,3900,0,0,0,0,2,0
TF,RW06,36.682094,-82.042561,0, ,0.0,0.0,61.0,5.6,1,2108,0,0,0,0,3,1
CA,0,61.0,2,2456,0,0,0,0,0,0
DF,KURRU,36.801044,-81.822717,0, ,0.0,0.0,2,7300,0,0,0,0,0,1
HM,KURRU,36.801044,-81.822717,1, ,0.0,0.0,265.0,07,2,7300,0,0,0,0,0,0,0

APPTR,R24,24,HORAL
IF,HORAL,36.437219,-82.129578, ,0.0,0.0,0,0,0,0,0,0,0,0
TF,HOWER,36.662828,-81.938914,0, ,0.0,0.0,0.0,0.0,2,6700,0,0,0,0,0,0
TF,KURRU,36.801044,-81.822717,0, ,0.0,0.0,0.0,0.0,2,5100,0,0,0,0,0,1
HF,KURRU,36.801044,-81.822717,1, ,0.0,0.0,265.0,05,2,5100,0,0,0,0,1,0,0

APPTR,R24,24,MIFJU
IF,MIFJU,36.881292,-81.794214, ,0.0,0.0,0,0,0,0,0,0,1,0
TF,KURRU,36.801044,-81.822717,0, ,0.0,0.0,0.0,0.0,2,5100,0,0,0,0,1,0

APPTR,R24,24,STOVE
IF,STOVE,36.763097,-81.427306, ,0.0,0.0,0,0,0,0,0,0,0,0
TF,ZOLUB,36.750931,-81.714956,0, ,0.0,0.0,0.0,0.0,2,6600,0,0,0,0,1,0
TF,KURRU,36.801044,-81.822717,0, ,0.0,0.0,0.0,0.0,2,5100,0,0,0,0,1,0

FINAL,R24,24,R,4
IF,KURRU,36.801044,-81.822717, ,0.0,0.0,2,5100,0,0,0,0,0,0
TF,AKQON,36.740792,-81.934222,0, ,0.0,0.0,241.0,6.5,2,4000,0,0,0,0,2,0
TF,VIMIW,36.716908,-81.978342,0, ,0.0,0.0,241.0,2.6,2,3100,0,0,0,0,0,0
TF,RW24,36.690533,-82.027006,0, ,0.0,0.0,241.0,2.8,1,2138,0,0,0,0,3,1
CA,0,241.0,2,2900,0,0,0,0,0,0
DF,KURRU,36.801044,-81.822717,1, ,0.0,0.0,2,7300,0,0,0,0,0,1
HM,KURRU,36.801044,-81.822717,1, ,0.0,0.0,265.0,05,2,7300,0,0,0,0,0,0,0

