APPTR,R05,05,BYRNE
IF,BYRNE,35.065197,-78.607942, ,0.0,0.0,0,0,0,0,0,0,0,0
TF,WIKOG,35.098678,-78.326222,0, ,0.0,0.0,0.0,0.0,2,2000,0,0,0,0,1,0
TF,YATUV,35.078389,-78.186183,0, ,0.0,0.0,0.0,0.0,2,2000,0,0,0,0,1,0

APPTR,R05,05,WALLO
IF,WALLO,34.876456,-77.962469, ,0.0,0.0,0,0,0,0,0,0,1,0
TF,YATUV,35.078389,-78.186183,0, ,0.0,0.0,0.0,0.0,2,2000,0,0,0,0,1,0

FINAL,R05,05,R,4
IF,YATUV,35.078389,-78.186183, ,0.0,0.0,2,2000,0,0,0,0,0,0
TF,BORRG,35.161239,-78.100811,0, ,0.0,0.0,49.0,6.5,2,1800,0,0,0,0,2,0
TF,CEGAV,35.186669,-78.074561,0, ,0.0,0.0,49.0,2.0,2,1060,0,0,0,0,0,0
TF,RW05,35.215950,-78.044306,0, ,0.0,0.0,49.0,2.3,1,226,0,0,0,0,3,1
CA,0,49.0,2,900,0,0,0,0,0,0
DF,WIKOG,35.098678,-78.326222,2, ,0.0,0.0,2,2000,0,0,0,0,0,1
HM,WIKOG,35.098678,-78.326222,2, ,0.0,0.0,109.0,04,0,0,0,0,0,0,0,0,0

APPTR,R23,23,ESTER
IF,ESTER,35.480289,-77.821469, ,0.0,0.0,0,0,0,0,0,0,1,0
TF,ZOVEM,35.383914,-77.870219,0, ,0.0,0.0,0.0,0.0,2,2000,0,0,0,0,1,0

FINAL,R23,23,R,4
IF,ZOVEM,35.383914,-77.870219, ,0.0,0.0,2,2000,0,0,0,0,0,0
TF,DALNN,35.289603,-77.968089,0, ,0.0,0.0,229.0,7.4,2,1800,0,0,0,0,2,0
TF,ZOTIL,35.251881,-78.007147,0, ,0.0,0.0,229.0,3.0,2,840,0,0,0,0,0,0
TF,RW23,35.226425,-78.033478,0, ,0.0,0.0,229.0,2.0,1,218,0,0,0,0,3,1
CA,0,229.0,2,700,0,0,0,0,0,0
DF,WIKOG,35.098678,-78.326222,0, ,0.0,0.0,2,2000,0,0,0,0,0,1
HM,WIKOG,35.098678,-78.326222,2, ,0.0,0.0,109.0,04,0,0,0,0,0,0,0,0,0

