APPTR,R01,01,HCM
IF,HCM,37.448661,-76.711353, ,0.0,0.0,0,0,0,0,0,0,1,0
TF,JUBJI,37.462372,-76.447322,0, ,0.0,0.0,0.0,0.0,2,1600,0,0,0,0,1,0

APPTR,R01,01,JUBJI
HF,JUBJI,37.462372,-76.447322,2, ,0.0,0.0,10.0,04,2,1600,0,0,0,0,1,0,0

APPTR,R01,01,OUTLA
IF,OUTLA,37.345967,-75.998356, ,0.0,0.0,0,0,0,0,0,0,1,0
TF,JUBJI,37.462372,-76.447322,0, ,0.0,0.0,0.0,0.0,2,1600,0,0,0,0,1,0

FINAL,R01,01,R,3
IF,JUBJI,37.462372,-76.447322, ,0.0,0.0,2,1600,0,0,0,0,0,0
TF,IFESO,37.559706,-76.446725,0, ,0.0,0.0,10.0,5.8,2,1100,0,0,0,0,2,0
TF,RW01,37.599289,-76.446481,0, ,0.0,0.0,10.0,2.4,1,92,0,0,0,0,3,1
CA,0,10.0,2,430,0,0,0,0,0,0
DF,JUBJI,37.462372,-76.447322,2, ,0.0,0.0,2,1600,0,0,0,0,0,1
HM,JUBJI,37.462372,-76.447322,2, ,0.0,0.0,10.0,04,0,0,0,0,0,0,0,0,0

