APPTR,R06-M,06,ZUN
HF,ZUN,34.965753,-109.154508,2, ,0.0,0.0,46.0,07,2,9000,0,0,0,0,1,0,0

FINAL,R06-M,06,R,4
IF,ZUN,34.965753,-109.154508, ,0.0,0.0,2,9000,0,0,0,0,0,0
TF,ANILY,35.024414,-109.053797,0, ,0.0,0.0,46.0,6.1,2,8200,0,0,0,0,2,0
TF,ZABLU,35.042961,-108.994422,0, ,0.0,0.0,60.0,3.1,2,7160,0,0,0,0,0,0
TF,RW06,35.057756,-108.946969,0, ,0.0,0.0,60.0,2.5,1,6347,0,0,0,0,3,1
CA,0,60.0,2,7100,0,0,0,0,0,0
DF,ZUN,34.965753,-109.154508,2, ,0.0,0.0,2,9000,0,0,0,0,0,1
HM,ZUN,34.965753,-109.154508,2, ,0.0,0.0,46.0,07,0,0,0,0,0,0,0,0,0

APPTR,R24-M,24,ZUN
IF,ZUN,34.965753,-109.154508, ,0.0,0.0,0,0,0,0,0,0,0,0
TF,CESAC,35.136650,-108.692633,0, ,0.0,0.0,0.0,0.0,2,10300,0,0,0,0,0,1
HF,CESAC,35.136650,-108.692633,2, ,0.0,0.0,240.0,07,2,10300,0,0,0,0,1,0,0

FINAL,R24-M,24,R,5
IF,CESAC,35.136650,-108.692633, ,0.0,0.0,2,10300,0,0,0,0,0,0
TF,FAREK,35.111361,-108.774400,0, ,0.0,0.0,240.0,4.3,2,9000,0,0,0,0,0,0
TF,HAGAP,35.092800,-108.834267,0, ,0.0,0.0,240.0,3.2,2,8000,0,0,0,0,2,0
TF,JAGMU,35.074819,-108.892147,0, ,0.0,0.0,240.0,3.1,2,7020,0,0,0,0,0,0
TF,RW24,35.063594,-108.928228,0, ,0.0,0.0,240.0,1.9,1,6424,0,0,0,0,3,1
CA,0,240.0,2,7000,0,0,0,0,0,0
DF,ZUN,34.965753,-109.154508,0, ,0.0,0.0,2,9000,0,0,0,0,0,1
HM,ZUN,34.965753,-109.154508,2, ,0.0,0.0,46.0,07,0,0,0,0,0,0,0,0,0

