APPTR,I22,22,AMALE
IF,AMALE,39.954531,-82.152050, ,0.0,0.0,0,0,0,0,0,0,1,0
AF,CEVAY,40.107614,-81.748628,2,ZZV,39.5,12.0,280.0,2,3000,0,0,0,0,0,0
CF,PENIC,40.077878,-81.774661,0,ITNF,39.8,10.2,220.0,2.2,2,2700,0,0,0,0,0,0

APPTR,I22,22,CINAB
IF,CINAB,40.014581,-82.134481, ,0.0,0.0,0,0,0,0,0,0,1,0
AF,CEVAY,40.107614,-81.748628,2,ZZV,39.5,12.0,298.0,2,3000,0,0,0,0,0,0
CF,PENIC,40.077878,-81.774661,0,ITNF,39.8,10.2,220.0,2.2,2,2700,0,0,0,0,0,0

APPTR,I22,22,MUNOE
IF,MUNOE,39.895183,-81.639519, ,0.0,0.0,0,0,0,0,0,0,1,0
AF,CEVAY,40.107614,-81.748628,1,ZZV,39.5,12.0,109.0,2,3000,0,0,0,0,0,0
CF,PENIC,40.077878,-81.774661,0,ITNF,39.8,10.2,220.0,2.2,2,2700,0,0,0,0,0,0

APPTR,I22,22,SABGE
IF,SABGE,39.960119,-81.633744, ,0.0,0.0,0,0,0,0,0,0,1,0
AF,CEVAY,40.107614,-81.748628,1,ZZV,39.5,12.0,90.0,2,3000,0,0,0,0,0,0
CF,PENIC,40.077878,-81.774661,0,ITNF,39.8,10.2,220.0,2.2,2,2700,0,0,0,0,0,0

APPTR,I22,22,ZZV
IF,ZZV,39.940858,-81.892603, ,0.0,0.0,0,0,0,0,0,0,0,0
TF,CEVAY,40.107614,-81.748628,0, ,0.0,0.0,0.0,0.0,2,3000,0,0,0,0,0,0
HF,CEVAY,40.107614,-81.748628,2, ,0.0,0.0,220.0,04.3,2,3000,0,0,0,0,1,0,0
CF,PENIC,40.077878,-81.774661,0,ITNF,39.8,10.2,220.0,2.2,2,2700,0,0,0,0,0,0

FINAL,I22,22,I,3
IF,PENIC,40.077878,-81.774661,ITNF,39.8,10.2,2,2700,0,0,0,0,0,0
CF,PROLE,40.023631,-81.822092,0,ITNF,39.8,6.3,220.0,3.9,1,2600,0,0,0,0,2,0
CF,RW22,39.950450,-81.885925,0,ITNF,39.8,1.0,220.0,5.3,1,917,0,0,0,0,3,0
CA,0,220.0,2,1400,0,0,0,0,0,0
VI,1, ,0.0,360.0,0,0,0,0,0,0,0,0
CF,CEVAY,40.107614,-81.748628,0,ZZV,39.5,12.0,40.0,7.0,2,3000,0,0,0,0,0,0
HM,CEVAY,40.107614,-81.748628,2, ,0.0,0.0,220.0,04.3,0,0,0,0,0,0,0,0,0

APPTR,R04,04,RUTEE
HF,RUTEE,39.783661,-82.030769,2, ,0.0,0.0,40.0,04,2,2800,0,0,0,0,1,0,0

FINAL,R04,04,R,4
IF,RUTEE,39.783661,-82.030769, ,0.0,0.0,2,2800,0,0,0,0,0,0
TF,CANSI,39.866858,-81.958628,0, ,0.0,0.0,40.0,6.0,2,2600,0,0,0,0,2,0
TF,GIRNS,39.914108,-81.917558,0, ,0.0,0.0,40.0,3.4,2,1500,0,0,0,0,0,0
TF,RW04,39.939050,-81.895850,0, ,0.0,0.0,40.0,1.8,1,941,0,0,0,0,3,1
CA,0,40.0,2,1150,0,0,0,0,0,0
DF,TWAES,40.106692,-81.749436,0, ,0.0,0.0,2,2900,0,0,0,0,0,1
HM,TWAES,40.106692,-81.749436,2, ,0.0,0.0,220.0,04,0,0,0,0,0,0,0,0,0

APPTR,R22,22,TWAES
HF,TWAES,40.106692,-81.749436,2, ,0.0,0.0,220.0,04,2,2900,0,0,0,0,1,0,0

FINAL,R22,22,R,4
IF,TWAES,40.106692,-81.749436, ,0.0,0.0,2,2900,0,0,0,0,0,0
TF,PROLE,40.023631,-81.822092,0, ,0.0,0.0,220.0,6.0,2,2600,0,0,0,0,2,0
TF,NODSE,39.979542,-81.860569,0, ,0.0,0.0,220.0,3.2,2,1580,0,0,0,0,0,0
TF,RW22,39.950450,-81.885925,0, ,0.0,0.0,220.0,2.1,1,917,0,0,0,0,3,1
CA,0,220.0,2,1092,0,0,0,0,0,0
DF,RUTEE,39.783661,-82.030769,0, ,0.0,0.0,2,2800,0,0,0,0,0,1
HM,RUTEE,39.783661,-82.030769,2, ,0.0,0.0,40.0,04,0,0,0,0,0,0,0,0,0

