SID,EBIT2U,20,5
CF,BURQE,44.423944,14.314861,0,NTL,197.0,9.2,198.0,9.0,0,0,0,0,0,0,0,0
TF,LO802,44.402611,14.390222,0, ,0.0,0.0,0.0,0.0,0,0,0,0,0,0,0,0
TF,EBITA,44.385000,14.769167,0, ,0.0,0.0,0.0,0.0,1,4000,0,0,0,0,0,0

SID,EBIT2V,02,5
CF,HEPOZ,44.721167,14.479333,0,NTL,18.1,10.0,18.0,9.7,0,0,0,0,0,0,0,0
TF,TULOF,44.684250,14.609611,0, ,0.0,0.0,0.0,0.0,0,0,0,0,0,0,0,0
TF,EBITA,44.385000,14.769167,0, ,0.0,0.0,0.0,0.0,1,4000,0,0,0,0,0,0

SID,EBIT3C,02,2
CA,0,18.0,2,1100,0,0,0,0,0,0
CA,0,18.0,2,1500,0,0,0,0,0,0
CF,LOS,44.527097,14.472847,2,RJK,181.5,42.0,182.0,4.0,2,3000,0,0,0,0,0,0
TF,EBITA,44.385000,14.769167,0, ,0.0,0.0,0.0,0.0,2,5000,0,0,0,0,0,0

SID,EBIT4D,20,2
CA,0,198.0,2,1300,0,0,0,0,0,0
DF,LOS,44.527097,14.472847,1, ,0.0,0.0,2,3000,0,0,0,0,0,0
TF,EBITA,44.385000,14.769167,0, ,0.0,0.0,0.0,0.0,2,5000,0,0,0,0,0,0

SID,GISE1U,20,5
CF,BURQE,44.423944,14.314861,0,NTL,197.0,9.2,198.0,9.0,0,0,0,0,0,0,0,0
TF,LO802,44.402611,14.390222,0, ,0.0,0.0,0.0,0.0,0,0,0,0,0,0,0,0
TF,GISER,45.061667,15.173889,0, ,0.0,0.0,0.0,0.0,3,8000,0,0,0,0,0,0

SID,GISE1V,02,5
CF,HEPOZ,44.721167,14.479333,0,NTL,18.1,10.0,18.0,9.7,0,0,0,0,0,0,0,0
TF,GISER,45.061667,15.173889,0, ,0.0,0.0,0.0,0.0,3,8000,0,0,0,0,0,0

SID,LABI1U,20,5
CF,BURQE,44.423944,14.314861,0,NTL,197.0,9.2,198.0,9.0,0,0,0,0,0,0,0,0
TF,LO803,44.587389,13.931667,2, ,0.0,0.0,0.0,0.0,0,0,0,0,0,0,0,0
TF,LO804,44.819972,13.542944,0, ,0.0,0.0,0.0,0.0,0,0,0,0,0,0,0,0
TF,LABIN,44.985833,13.091389,0, ,0.0,0.0,0.0,0.0,3,8000,0,0,0,0,0,0

SID,LABI1V,02,5
CF,HEPOZ,44.721167,14.479333,0,NTL,18.1,10.0,18.0,9.7,0,0,0,0,0,0,0,0
TF,KOHOD,44.757972,14.348861,0, ,0.0,0.0,0.0,0.0,0,0,0,0,0,0,0,0
TF,LABIN,44.985833,13.091389,0, ,0.0,0.0,0.0,0.0,3,8000,0,0,0,0,0,0

SID,PUL1U,20,5
CF,BURQE,44.423944,14.314861,0,NTL,197.0,9.2,198.0,9.0,0,0,0,0,0,0,0,0
TF,LO803,44.587389,13.931667,2, ,0.0,0.0,0.0,0.0,0,0,0,0,0,0,0,0
TF,PUL,44.892367,13.918119,0, ,0.0,0.0,0.0,0.0,3,6000,0,0,0,0,0,0

SID,PUL1V,02,5
CF,HEPOZ,44.721167,14.479333,0,NTL,18.1,10.0,18.0,9.7,0,0,0,0,0,0,0,0
TF,KOHOD,44.757972,14.348861,0, ,0.0,0.0,0.0,0.0,0,0,0,0,0,0,0,0
TF,PUL,44.892367,13.918119,0, ,0.0,0.0,0.0,0.0,3,6000,0,0,0,0,0,0

SID,PUL3F,20,2
CA,0,198.0,2,1000,0,0,0,0,0,0
CI,2, ,0.0,347.0,0,0,0,0,0,0,0,0
CF,PUL,44.892367,13.918119,0,PUL,0.0,0.0,309.0,22.0,2,5000,0,0,0,0,0,0

SID,PUL4E,02,2
CA,0,18.0,2,1100,0,0,0,0,0,0
CA,0,18.0,2,1500,0,0,0,0,0,0
CF,PUL31,44.556189,14.476189,2,PUL,126.0,31.3,182.0,2.0,0,0,0,0,0,0,0,1
CF,PUL,44.892367,13.918119,2,PUL,0.0,0.0,309.0,30.0,2,5000,0,0,0,0,0,0

SID,ULPI3J,02,2
CA,0,18.0,2,1100,0,0,0,0,0,0
CA,0,18.0,2,1500,0,0,0,0,0,0
CI,0, ,0.0,100.0,2,5000,0,0,0,0,0,0
CF,ULPIN,44.703611,14.653889,0,RJK,169.2,31.5,32.0,8.0,2,8000,0,0,0,0,0,0

SID,ULPI3L,20,2
CA,0,198.0,2,1300,0,0,0,0,0,0
DF,LOS,44.527097,14.472847,1, ,0.0,0.0,2,3000,0,0,0,0,0,0
TF,ULPIN,44.703611,14.653889,0, ,0.0,0.0,0.0,0.0,2,8000,0,0,0,0,0,0

STAR,CRE4C,ALL,2
IF,CRE,44.902881,14.416547, ,0.0,0.0,0,0,0,0,0,0,0,0
TF,LOS,44.527097,14.472847,0, ,0.0,0.0,0.0,0.0,0,0,0,0,0,0,0,0

STAR,GISE1Y,20,5
IF,GISER,45.061667,15.173889, ,0.0,0.0,2,9000,0,1,180,0,0,0
TF,LO705,44.838389,14.838750,0, ,0.0,0.0,0.0,0.0,2,6200,0,0,0,0,0,0
TF,TULOF,44.684250,14.609611,0, ,0.0,0.0,0.0,0.0,2,3000,0,0,0,0,0,0

STAR,GISE1Z,02,5
IF,GISER,45.061667,15.173889, ,0.0,0.0,2,9000,0,1,180,0,0,0
TF,TULOF,44.684250,14.609611,0, ,0.0,0.0,0.0,0.0,2,6200,0,0,0,0,0,0
TF,LO706,44.565000,14.543139,0, ,0.0,0.0,0.0,0.0,0,0,0,0,0,0,0,0
TF,LEZZA,44.387167,14.444583,0, ,0.0,0.0,0.0,0.0,2,3000,0,0,0,0,0,0

STAR,LABI1W,20,5
IF,LABIN,44.985833,13.091389, ,0.0,0.0,2,9000,0,0,0,0,0,0
TF,LO701,44.692389,13.993250,0, ,0.0,0.0,0.0,0.0,0,0,0,0,0,0,0,0
TF,LO702,44.602611,14.263056,0, ,0.0,0.0,0.0,0.0,0,0,0,0,0,0,0,0
TF,KOHOD,44.757972,14.348861,1, ,0.0,0.0,0.0,0.0,2,3500,0,0,0,0,0,0

STAR,LABI1X,02,5
IF,LABIN,44.985833,13.091389, ,0.0,0.0,2,9000,0,0,0,0,0,0
TF,LO701,44.692389,13.993250,0, ,0.0,0.0,0.0,0.0,0,0,0,0,0,0,0,0
TF,LO702,44.602611,14.263056,0, ,0.0,0.0,0.0,0.0,0,0,0,0,0,0,0,0
TF,PUQQI,44.460556,14.184972,0, ,0.0,0.0,0.0,0.0,2,3000,0,0,0,0,0,0

STAR,MINT1Y,20,5
IF,MINTU,44.340000,14.695556, ,0.0,0.0,2,5000,0,0,0,0,0,0
TF,LO706,44.565000,14.543139,0, ,0.0,0.0,0.0,0.0,0,0,0,0,0,0,0,0
TF,TULOF,44.684250,14.609611,0, ,0.0,0.0,0.0,0.0,2,3000,0,0,0,0,0,0

STAR,MINT1Z,02,5
IF,MINTU,44.340000,14.695556, ,0.0,0.0,2,5000,0,0,0,0,0,0
TF,LEZZA,44.387167,14.444583,0, ,0.0,0.0,0.0,0.0,2,3000,0,0,0,0,0,0

STAR,MINT3A,ALL,2
IF,MINTU,44.340000,14.695556, ,0.0,0.0,0,0,0,0,0,0,0,0
TF,D130L,44.427417,14.591806,0, ,0.0,0.0,0.0,0.0,0,0,0,0,0,0,0,0
TF,LOS,44.527097,14.472847,0, ,0.0,0.0,0.0,0.0,0,0,0,0,0,0,0,0

STAR,PUL1W,20,5
IF,PUL,44.892367,13.918119, ,0.0,0.0,2,7000,0,1,180,0,0,0
TF,LO701,44.692389,13.993250,0, ,0.0,0.0,0.0,0.0,0,0,0,0,0,0,0,0
TF,LO702,44.602611,14.263056,0, ,0.0,0.0,0.0,0.0,0,0,0,0,0,0,0,0
TF,KOHOD,44.757972,14.348861,1, ,0.0,0.0,0.0,0.0,2,3500,0,0,0,0,0,0

STAR,PUL1X,02,5
IF,PUL,44.892367,13.918119, ,0.0,0.0,2,7000,0,1,180,0,0,0
TF,LO701,44.692389,13.993250,0, ,0.0,0.0,0.0,0.0,0,0,0,0,0,0,0,0
TF,LO702,44.602611,14.263056,0, ,0.0,0.0,0.0,0.0,0,0,0,0,0,0,0,0
TF,PUQQI,44.460556,14.184972,0, ,0.0,0.0,0.0,0.0,2,3000,0,0,0,0,0,0

STAR,PUL3C,ALL,2
IF,PUL,44.892367,13.918119, ,0.0,0.0,0,0,0,0,0,0,0,0
TF,D312L,44.710167,14.196222,0, ,0.0,0.0,0.0,0.0,0,0,0,0,0,0,0,0
TF,LOS,44.527097,14.472847,0, ,0.0,0.0,0.0,0.0,0,0,0,0,0,0,0,0

STAR,ULPI3G,ALL,2
IF,ULPIN,44.703611,14.653889, ,0.0,0.0,0,0,0,0,0,0,0,0
TF,D053L,44.675972,14.625389,0, ,0.0,0.0,0.0,0.0,0,0,0,0,0,0,0,0
TF,LOS,44.527097,14.472847,0, ,0.0,0.0,0.0,0.0,0,0,0,0,0,0,0,0

APPTR,D02,02,D053L
IF,D053L,44.675972,14.625389, ,0.0,0.0,2,3000,0,0,0,0,1,0
CI,0, ,0.0,212.0,0,0,0,0,0,0,0,0
AF,D085J,44.569181,14.624164,2,NTL,85.0,10.0,53.0,2,3000,0,0,0,0,0,0
AF,CD02,44.407806,14.319944,2,NTL,193.8,10.0,85.0,2,2300,0,0,0,0,1,0

APPTR,D02,02,D130L
IF,D130L,44.427417,14.591806, ,0.0,0.0,2,3000,0,0,0,0,1,0
CI,0, ,0.0,316.0,0,0,0,0,0,0,0,0
AF,CD02,44.407806,14.319944,2,NTL,193.8,10.0,130.0,2,2300,0,0,0,0,1,0

APPTR,D02,02,D312L
IF,D312L,44.710167,14.196222, ,0.0,0.0,2,3000,0,0,0,0,1,0
CI,0, ,0.0,129.0,0,0,0,0,0,0,0,0
AF,CD02,44.407806,14.319944,1,NTL,193.8,10.0,312.0,2,2300,0,0,0,0,1,0

APPTR,D02,02,LOS
IF,LOS,44.527097,14.472847, ,0.0,0.0,0,0,0,0,0,0,1,0
CF,D337I,44.442861,14.513333,0,NTL,140.7,9.1,157.0,5.3,2,2300,0,0,0,0,0,0
CI,0, ,0.0,157.0,0,0,0,0,0,0,0,0
AF,CD02,44.407806,14.319944,2,NTL,193.8,10.0,141.0,2,2300,0,0,0,0,1,0

FINAL,D02,02,D,3
IF,CD02,44.407806,14.319944,NTL,193.8,10.0,2,2300,0,0,0,0,0,0
CF,FD02,44.488056,14.355861,0,NTL,193.8,4.9,14.0,5.1,2,1700,0,0,0,0,2,0
CF,MD02,44.542722,14.380361,0,NTL,193.8,1.5,14.0,3.4,1,595,0,0,0,0,3,0
CF,NTL,44.566511,14.391053,0,NTL,0.0,0.0,14.0,1.5,0,0,0,0,0,0,0,1
CI,0, ,0.0,95.0,0,0,0,0,0,0,0,0
CF,D065G,44.606083,14.532167,0,NTL,64.5,6.5,65.0,5.0,0,0,0,0,0,0,0,1
DF,LOS,44.527097,14.472847,2, ,0.0,0.0,1,3000,0,0,0,0,0,0
HM,LOS,44.527097,14.472847,2, ,0.0,0.0,157.0,04.3,2,3000,0,0,0,0,0,0,0

APPTR,N02-A,02,LOS
IF,LOS,44.527097,14.472847, ,0.0,0.0,2,3000,0,0,0,0,1,0
FC,LOS,44.527097,14.472847,0,PUL,0.0,0.0,156.0,4.3,2,2300,0,0,0,0,0,1
CF,LOS,44.527097,14.472847,1,PUL,128.5,32.3,300.0,4.0,2,2300,0,0,0,0,0,0

APPTR,N02-A,02,MINTU
IF,MINTU,44.340000,14.695556, ,0.0,0.0,0,0,0,0,0,0,1,0
CF,PUL39,44.441694,14.574778,0,PUL,129.7,39.0,316.0,8.0,2,2300,0,0,0,0,1,0
CF,LOS,44.527097,14.472847,0,PUL,128.5,32.3,316.0,6.7,2,2300,0,0,0,0,0,0

FINAL,N02-A,02,N,2
IF,LOS,44.527097,14.472847,LOS,0.0,0.0,2,2300,0,0,0,0,2,0
CF,MN300,44.565906,14.393189,0,LOS,0.0,0.0,300.0,4.1,1,1070,0,0,0,0,3,0
CA,1,207.0,2,2000,0,0,0,0,0,0
DF,LOS,44.527097,14.472847,1, ,0.0,0.0,1,3000,0,0,0,0,0,0

APPTR,N20-A,20,LOS
IF,LOS,44.527097,14.472847, ,0.0,0.0,2,3000,0,0,0,0,1,0
FC,LOS,44.527097,14.472847,0,PUL,0.0,0.0,156.0,4.3,2,2300,0,0,0,0,0,1
CF,LOS,44.527097,14.472847,1,PUL,128.5,32.3,300.0,4.0,2,2300,0,0,0,0,0,0

APPTR,N20-A,20,MINTU
IF,MINTU,44.340000,14.695556, ,0.0,0.0,0,0,0,0,0,0,1,0
CF,PUL39,44.441694,14.574778,0,PUL,129.7,39.0,316.0,8.0,2,2300,0,0,0,0,1,0
CF,LOS,44.527097,14.472847,0,PUL,128.5,32.3,316.0,6.7,2,2300,0,0,0,0,0,0

FINAL,N20-A,20,N,2
IF,LOS,44.527097,14.472847,LOS,0.0,0.0,2,2300,0,0,0,0,2,0
CF,MN300,44.565906,14.393189,0,LOS,0.0,0.0,300.0,4.1,1,1070,0,0,0,0,3,0
CA,1,207.0,2,2000,0,0,0,0,0,0
DF,LOS,44.527097,14.472847,1, ,0.0,0.0,1,3000,0,0,0,0,0,0

APPTR,R02,02,LEZZA
IF,LEZZA,44.387167,14.444583, ,0.0,0.0,2,3000,0,0,0,0,1,0
TF,BURQE,44.423944,14.314861,0, ,0.0,0.0,0.0,0.0,2,2300,0,0,0,0,1,0

APPTR,R02,02,PUQQI
IF,PUQQI,44.460556,14.184972, ,0.0,0.0,2,3000,0,0,0,0,1,0
TF,BURQE,44.423944,14.314861,0, ,0.0,0.0,0.0,0.0,2,2300,0,0,0,0,1,0

FINAL,R02,02,R,3
IF,BURQE,44.423944,14.314861, ,0.0,0.0,2,2300,0,0,0,0,1,0
TF,MIJJA,44.488889,14.350639,0, ,0.0,0.0,18.0,4.2,2,1700,0,0,0,0,2,0
TF,RW02,44.563447,14.391831,0, ,0.0,0.0,18.0,4.8,1,169,0,0,0,0,3,1
TF,LO401,44.625444,14.426167,0, ,0.0,0.0,0.0,0.0,0,0,0,0,0,0,0,0
TF,LO402,44.588556,14.556250,0, ,0.0,0.0,0.0,0.0,0,0,0,0,0,0,0,0
TF,LEZZA,44.387167,14.444583,0, ,0.0,0.0,0.0,0.0,1,3000,0,0,0,0,0,0

APPTR,R20,20,KOHOD
IF,KOHOD,44.757972,14.348861, ,0.0,0.0,2,3500,0,0,0,0,1,0
TF,HEPOZ,44.721167,14.479333,0, ,0.0,0.0,0.0,0.0,2,3000,0,0,0,0,1,0

APPTR,R20,20,TULOF
IF,TULOF,44.684250,14.609611, ,0.0,0.0,2,3000,0,0,0,0,1,0
TF,HEPOZ,44.721167,14.479333,0, ,0.0,0.0,0.0,0.0,2,3000,0,0,0,0,1,0

FINAL,R20,20,R,3
IF,HEPOZ,44.721167,14.479333, ,0.0,0.0,2,3000,0,0,0,0,1,0
TF,ETVIM,44.646528,14.437833,0, ,0.0,0.0,198.0,4.8,2,2000,0,0,0,0,2,0
TF,RW20,44.570878,14.395942,0, ,0.0,0.0,198.0,4.9,1,186,0,0,0,0,3,1
TF,LO501,44.508889,14.361667,0, ,0.0,0.0,0.0,0.0,0,0,0,0,0,0,0,0
TF,LO502,44.472056,14.491556,0, ,0.0,0.0,0.0,0.0,0,0,0,0,0,0,0,0
TF,TULOF,44.684250,14.609611,0, ,0.0,0.0,0.0,0.0,1,3000,0,0,0,0,0,0
HM,TULOF,44.684250,14.609611,2, ,0.0,0.0,288.0,04.3,1,3000,0,1,170,0,0,0,0

