SID,HIJ2Q,02,2
DF,JRZ,36.815194,-6.026528,0, ,0.0,0.0,0,0,0,0,0,0,0,0
TF,SVL,37.427583,-5.762222,0, ,0.0,0.0,0.0,0.0,0,0,0,0,0,0,0,0
TF,HIJ,38.508139,-5.099694,0, ,0.0,0.0,0.0,0.0,2,10000,0,0,0,0,0,0

SID,HIJ2V,20,2
VD, ,0,0,0,JRZ,0.0,0.0,202.0,15.0,0,0,0,0,0,0,0,0
VI,0, ,0.0,202.0,0,0,0,0,0,0,0,0
AF,D124Q,36.660306,-5.731189,1,JRZ,124.0,17.0,202.0,0,0,0,0,0,0,0,0
TF,NAVUT,36.704444,-5.693611,0, ,0.0,0.0,0.0,0.0,0,0,0,0,0,0,0,0
TF,MRN,37.175056,-5.618889,0, ,0.0,0.0,0.0,0.0,0,0,0,0,0,0,0,0
TF,SPIEL,38.166389,-5.061667,0, ,0.0,0.0,0.0,0.0,0,0,0,0,0,0,0,0
TF,HIJ,38.508139,-5.099694,0, ,0.0,0.0,0.0,0.0,2,10000,0,0,0,0,0,0

SID,MAR2W,20,2
VD, ,0,0,0,JRZ,0.0,0.0,202.0,15.0,0,0,0,0,0,0,0,0
VI,0, ,0.0,202.0,0,0,0,0,0,0,0,0
AF,D124Q,36.660306,-5.731189,1,JRZ,124.0,17.0,202.0,0,0,0,0,0,0,0,0
TF,NAVUT,36.704444,-5.693611,0, ,0.0,0.0,0.0,0.0,0,0,0,0,0,0,0,0
TF,MAR,37.055306,-4.939889,0, ,0.0,0.0,0.0,0.0,2,10000,0,0,0,0,0,0

SID,MAR3Q,02,2
DF,JRZ,36.815194,-6.026528,0, ,0.0,0.0,0,0,0,0,0,0,0,1
TF,ALORA,36.817639,-5.211889,0, ,0.0,0.0,0.0,0.0,0,0,0,0,0,0,0,0
TF,MAR,37.055306,-4.939889,0, ,0.0,0.0,0.0,0.0,2,10000,0,0,0,0,0,0

SID,MGA3Q,02,2
DF,JRZ,36.815194,-6.026528,0, ,0.0,0.0,0,0,0,0,0,0,0,1
TF,ALORA,36.817639,-5.211889,0, ,0.0,0.0,0.0,0.0,0,0,0,0,0,0,0,0
TF,MGA,36.814306,-4.369583,0, ,0.0,0.0,0.0,0.0,2,10000,0,0,0,0,0,0

SID,MGA4K,20,2
VD, ,0,0,0,JRZ,0.0,0.0,202.0,15.0,0,0,0,0,0,0,0,0
VI,0, ,0.0,202.0,0,0,0,0,0,0,0,0
AF,D124Q,36.660306,-5.731189,1,JRZ,124.0,17.0,202.0,0,0,0,0,0,0,0,0
TF,NAVUT,36.704444,-5.693611,0, ,0.0,0.0,0.0,0.0,0,0,0,0,0,0,0,0
TF,MGA,36.814306,-4.369583,0, ,0.0,0.0,0.0,0.0,2,10000,0,0,0,0,0,0

SID,ONUB2Q,02,2
DF,JRZ,36.815194,-6.026528,0, ,0.0,0.0,0,0,0,0,0,0,0,0
TF,D355M,37.030994,-6.054297,0, ,0.0,0.0,0.0,0.0,2,3500,0,0,0,0,0,0
TF,JRZ29,37.288275,-6.087614,0, ,0.0,0.0,0.0,0.0,0,0,0,0,0,0,0,0
VI,0, ,0.0,289.0,0,0,0,0,0,0,0,0
CF,ONUBA,37.246722,-6.760000,0,JRZ,307.5,43.7,259.0,28.0,2,10000,0,0,0,0,0,0

SID,ONUB2S,20,5
CF,JR001,36.582067,-6.139233,0,JRZ,202.3,15.0,203.0,10.0,2,3100,0,0,0,0,0,1
DF,JR002,36.820122,-6.234281,2, ,0.0,0.0,2,7000,0,0,0,0,0,0
TF,JR003,37.353750,-6.175800,0, ,0.0,0.0,0.0,0.0,2,7000,0,0,0,0,0,0
TF,ONUBA,37.246722,-6.760000,0, ,0.0,0.0,0.0,0.0,2,10000,0,0,0,0,0,1

SID,ONUB2V,20,2
VD, ,0,0,0,JRZ,0.0,0.0,202.0,15.0,0,0,0,0,0,0,0,0
VI,0, ,0.0,203.0,0,0,0,0,0,0,0,0
AF,D124Q,36.660306,-5.731189,1,JRZ,124.0,17.0,202.0,0,0,0,0,0,0,0,0
TF,NAVUT,36.704444,-5.693611,0, ,0.0,0.0,0.0,0.0,0,0,0,0,0,0,0,0
TF,MRN,37.175056,-5.618889,0, ,0.0,0.0,0.0,0.0,0,0,0,0,0,0,0,1
CI,1, ,0.0,226.0,0,0,0,0,0,0,0,0
CF,ONUBA,37.246722,-6.760000,0,MRN,276.8,54.9,276.0,52.0,2,10000,0,0,0,0,0,0

SID,OXAC1Q,02,2
DF,JRZ,36.815194,-6.026528,0, ,0.0,0.0,0,0,0,0,0,0,0,0
TF,D355M,37.030994,-6.054297,0, ,0.0,0.0,0.0,0.0,2,3500,0,0,0,0,0,0
TF,ARROS,37.595222,-6.127667,0, ,0.0,0.0,0.0,0.0,0,0,0,0,0,0,0,0
TF,D341V,37.780150,-5.922300,0, ,0.0,0.0,0.0,0.0,0,0,0,0,0,0,0,0
TF,OXACA,37.950000,-6.000000,0, ,0.0,0.0,0.0,0.0,2,25000,0,0,0,0,0,0

SID,OXAC1S,20,5
CF,JR001,36.582067,-6.139233,0,JRZ,202.3,15.0,203.0,10.0,2,3100,0,0,0,0,0,1
DF,JR002,36.820122,-6.234281,2, ,0.0,0.0,2,7000,0,0,0,0,0,0
TF,JR003,37.353750,-6.175800,0, ,0.0,0.0,0.0,0.0,2,15500,0,0,0,0,0,0
TF,OXACA,37.950000,-6.000000,0, ,0.0,0.0,0.0,0.0,2,25000,0,0,0,0,0,1

SID,PEPA2W,20,2
VD, ,0,0,0,JRZ,0.0,0.0,202.0,15.0,0,0,0,0,0,0,0,0
VI,0, ,0.0,202.0,0,0,0,0,0,0,0,0
AF,D124Q,36.660306,-5.731189,1,JRZ,124.0,17.0,202.0,0,0,0,0,0,0,0,0
TF,NAVUT,36.704444,-5.693611,0, ,0.0,0.0,0.0,0.0,0,0,0,0,0,0,0,0
TF,MGA,36.814306,-4.369583,0, ,0.0,0.0,0.0,0.0,0,0,0,0,0,0,0,0
TF,PEPAS,37.159722,-3.570833,0, ,0.0,0.0,0.0,0.0,2,15000,0,0,0,0,0,0

SID,PEPA3Q,02,2
DF,JRZ,36.815194,-6.026528,0, ,0.0,0.0,0,0,0,0,0,0,0,1
TF,ALORA,36.817639,-5.211889,0, ,0.0,0.0,0.0,0.0,0,0,0,0,0,0,0,0
TF,MGA,36.814306,-4.369583,0, ,0.0,0.0,0.0,0.0,0,0,0,0,0,0,0,0
TF,PEPAS,37.159722,-3.570833,0, ,0.0,0.0,0.0,0.0,2,15000,0,0,0,0,0,0

SID,SANT2Q,02,2
DF,JRZ,36.815194,-6.026528,0, ,0.0,0.0,0,0,0,0,0,0,0,0
TF,D355M,37.030994,-6.054297,0, ,0.0,0.0,0.0,0.0,2,3500,0,0,0,0,0,0
TF,ARROS,37.595222,-6.127667,0, ,0.0,0.0,0.0,0.0,0,0,0,0,0,0,0,0
TF,SANTA,37.668528,-6.298361,0, ,0.0,0.0,0.0,0.0,2,10000,0,0,0,0,0,0

SID,SANT2S,20,5
CF,JR001,36.582067,-6.139233,0,JRZ,202.3,15.0,203.0,10.0,2,3100,0,0,0,0,0,1
DF,JR002,36.820122,-6.234281,2, ,0.0,0.0,2,7000,0,0,0,0,0,0
TF,JR003,37.353750,-6.175800,0, ,0.0,0.0,0.0,0.0,2,7000,0,0,0,0,0,0
TF,SANTA,37.668528,-6.298361,0, ,0.0,0.0,0.0,0.0,2,10000,0,0,0,0,0,1

SID,SANT2V,20,2
VD, ,0,0,0,JRZ,0.0,0.0,202.0,15.0,0,0,0,0,0,0,0,0
VI,0, ,0.0,202.0,0,0,0,0,0,0,0,0
AF,D124Q,36.660306,-5.731189,1,JRZ,124.0,17.0,202.0,0,0,0,0,0,0,0,0
TF,NAVUT,36.704444,-5.693611,0, ,0.0,0.0,0.0,0.0,0,0,0,0,0,0,0,0
TF,MRN,37.175056,-5.618889,0, ,0.0,0.0,0.0,0.0,0,0,0,0,0,0,0,0
TF,SVL,37.427583,-5.762222,0, ,0.0,0.0,0.0,0.0,0,0,0,0,0,0,0,0
TF,ARROS,37.595222,-6.127667,0, ,0.0,0.0,0.0,0.0,0,0,0,0,0,0,0,0
TF,SANTA,37.668528,-6.298361,0, ,0.0,0.0,0.0,0.0,2,10000,0,0,0,0,0,0

SID,VJF2V,20,2
VD, ,0,0,0,JRZ,0.0,0.0,202.0,15.0,0,0,0,0,0,0,0,0
CF,VJF,36.239333,-5.975500,0,VJF,0.0,0.0,160.0,22.0,2,10000,0,0,0,0,0,0

SID,VJF3P,02,2
DF,JRZ,36.815194,-6.026528,0, ,0.0,0.0,0,0,0,0,0,0,0,0
TF,D020F,36.909869,-5.985958,0, ,0.0,0.0,0.0,0.0,0,0,0,1,210,0,0,1
DF,JRZ,36.815194,-6.026528,1, ,0.0,0.0,0,0,0,0,0,0,0,0
TF,VJF,36.239333,-5.975500,0, ,0.0,0.0,0.0,0.0,2,10000,0,0,0,0,0,0

SID,VJF3Q,02,2
DF,JRZ,36.815194,-6.026528,0, ,0.0,0.0,0,0,0,0,0,0,0,1
CF,VJ32A,36.763767,-5.929922,2,VJF,5.0,31.5,185.0,2.0,2,3000,0,0,0,0,0,0
TF,VJF,36.239333,-5.975500,0, ,0.0,0.0,0.0,0.0,2,10000,0,0,0,0,0,0

STAR,HIJ2T,02,2
IF,HIJ,38.508139,-5.099694, ,0.0,0.0,2,10000,0,0,0,0,0,0
TF,SPIEL,38.166389,-5.061667,0, ,0.0,0.0,0.0,0.0,0,0,0,0,0,0,0,0
TF,MRN,37.175056,-5.618889,0, ,0.0,0.0,0.0,0.0,0,0,0,0,0,0,0,0
TF,ARSAS,36.855250,-5.790667,0, ,0.0,0.0,0.0,0.0,0,0,0,0,0,0,0,0
TF,KUBAS,36.514556,-5.890472,0, ,0.0,0.0,0.0,0.0,0,0,0,0,0,0,0,0

STAR,HIJ2U,20,2
IF,HIJ,38.508139,-5.099694, ,0.0,0.0,2,10000,0,0,0,0,0,0
TF,SVL,37.427583,-5.762222,0, ,0.0,0.0,0.0,0.0,0,0,0,0,0,0,0,0
TF,XETAN,37.017806,-5.929528,0, ,0.0,0.0,0.0,0.0,0,0,0,0,0,0,0,0
TF,JRZ,36.815194,-6.026528,0, ,0.0,0.0,0.0,0.0,0,0,0,0,0,0,0,0

STAR,MAR2T,02,2
IF,MAR,37.055306,-4.939889, ,0.0,0.0,2,10000,0,0,0,0,0,0
TF,D251W,36.921042,-5.397008,0, ,0.0,0.0,0.0,0.0,0,0,0,0,0,0,0,0
TF,ARSAS,36.855250,-5.790667,0, ,0.0,0.0,0.0,0.0,0,0,0,0,0,0,0,0
TF,KUBAS,36.514556,-5.890472,0, ,0.0,0.0,0.0,0.0,0,0,0,0,0,0,0,0

STAR,MAR3U,20,2
IF,MAR,37.055306,-4.939889, ,0.0,0.0,2,10000,0,0,0,0,0,0
TF,D251W,36.921042,-5.397008,0, ,0.0,0.0,0.0,0.0,0,0,0,0,0,0,0,0
TF,D079X,36.897514,-5.538747,0, ,0.0,0.0,0.0,0.0,0,0,0,0,0,0,0,0
TF,ARSAS,36.855250,-5.790667,0, ,0.0,0.0,0.0,0.0,0,0,0,0,0,0,0,0

STAR,MGA2S,02,2
IF,MGA,36.814306,-4.369583, ,0.0,0.0,2,10000,0,0,0,0,0,0
TF,MGA47,36.932358,-5.328447,0, ,0.0,0.0,0.0,0.0,0,0,0,0,0,0,0,0
TF,ARSAS,36.855250,-5.790667,0, ,0.0,0.0,0.0,0.0,0,0,0,0,0,0,0,0
TF,KUBAS,36.514556,-5.890472,0, ,0.0,0.0,0.0,0.0,0,0,0,0,0,0,0,0

STAR,MGA3U,20,2
IF,MGA,36.814306,-4.369583, ,0.0,0.0,2,10000,0,0,0,0,0,0
TF,MGA47,36.932358,-5.328447,0, ,0.0,0.0,0.0,0.0,0,0,0,0,0,0,0,0
TF,D251W,36.921042,-5.397008,0, ,0.0,0.0,0.0,0.0,0,0,0,0,0,0,0,0
TF,D079X,36.897514,-5.538747,0, ,0.0,0.0,0.0,0.0,0,0,0,0,0,0,0,0
TF,ARSAS,36.855250,-5.790667,0, ,0.0,0.0,0.0,0.0,0,0,0,0,0,0,0,0

STAR,MGA4T,02,2
IF,MGA,36.814306,-4.369583, ,0.0,0.0,2,10000,0,0,0,0,0,0
FD,MGA,36.814306,-4.369583,0,MGA,0.0,55.0,262.0,55.0,0,0,0,0,0,0,0,0
CF,MGA72,36.618639,-5.831714,0,MGA,262.0,71.5,262.0,16.0,0,0,0,0,0,0,0,1
CF,KUBAS,36.514556,-5.890472,0,VJF,15.0,17.0,195.0,6.0,0,0,0,0,0,0,0,0

STAR,ONUB2T,02,2
IF,ONUBA,37.246722,-6.760000, ,0.0,0.0,2,10000,0,0,0,0,0,0
TF,MRN,37.175056,-5.618889,0, ,0.0,0.0,0.0,0.0,0,0,0,0,0,0,0,0
TF,ARSAS,36.855250,-5.790667,0, ,0.0,0.0,0.0,0.0,0,0,0,0,0,0,0,0
TF,KUBAS,36.514556,-5.890472,0, ,0.0,0.0,0.0,0.0,0,0,0,0,0,0,0,0

STAR,ONUB2U,20,2
IF,ONUBA,37.246722,-6.760000, ,0.0,0.0,2,10000,0,0,0,0,0,0
TF,D276L,37.191061,-5.859022,0, ,0.0,0.0,0.0,0.0,0,0,0,0,0,0,0,0
TF,XETAN,37.017806,-5.929528,0, ,0.0,0.0,0.0,0.0,0,0,0,0,0,0,0,0
TF,JRZ,36.815194,-6.026528,0, ,0.0,0.0,0.0,0.0,0,0,0,0,0,0,0,0

STAR,SVL2T,02,2
IF,SVL,37.427583,-5.762222, ,0.0,0.0,2,10000,0,0,0,0,0,0
TF,MRN,37.175056,-5.618889,0, ,0.0,0.0,0.0,0.0,0,0,0,0,0,0,0,0
TF,ARSAS,36.855250,-5.790667,0, ,0.0,0.0,0.0,0.0,0,0,0,0,0,0,0,0
TF,KUBAS,36.514556,-5.890472,0, ,0.0,0.0,0.0,0.0,0,0,0,0,0,0,0,0

STAR,SVL2U,20,2
IF,SVL,37.427583,-5.762222, ,0.0,0.0,2,10000,0,0,0,0,0,0
TF,XETAN,37.017806,-5.929528,0, ,0.0,0.0,0.0,0.0,0,0,0,0,0,0,0,0
TF,JRZ,36.815194,-6.026528,0, ,0.0,0.0,0.0,0.0,0,0,0,0,0,0,0,0

STAR,VJF2S,20,2
IF,VJF,36.239333,-5.975500, ,0.0,0.0,2,10000,0,0,0,0,0,0
TF,ARSAS,36.855250,-5.790667,0, ,0.0,0.0,0.0,0.0,0,0,0,0,0,0,0,0

STAR,VJF2T,02,2
IF,VJF,36.239333,-5.975500, ,0.0,0.0,2,10000,0,0,0,0,0,0
TF,KUBAS,36.514556,-5.890472,0, ,0.0,0.0,0.0,0.0,0,0,0,0,0,0,0,0

STAR,VJF2U,20,2
IF,VJF,36.239333,-5.975500, ,0.0,0.0,2,10000,0,0,0,0,0,0
TF,D015U,36.571900,-5.876075,0, ,0.0,0.0,0.0,0.0,0,0,0,0,0,0,0,0
TF,JRZ,36.815194,-6.026528,0, ,0.0,0.0,0.0,0.0,0,0,0,0,0,0,0,0

APPTR,D02,02,KUBAS
HF,KUBAS,36.514556,-5.890472,1, ,0.0,0.0,195.0,05,2,4000,0,0,0,0,1,0,0
AF,D196S,36.508861,-6.128192,2,JRZ,196.0,19.0,160.0,0,0,0,0,0,0,0,0
AF,D202S,36.519078,-6.167314,2,JRZ,202.0,19.0,196.0,0,0,0,0,0,0,0,0
CF,CD02,36.581556,-6.137722,0,JRZ,202.0,15.0,22.0,4.0,2,2500,0,0,0,0,1,0

FINAL,D02,02,D,3
IF,CD02,36.581556,-6.137722,JRZ,202.0,15.0,2,2500,0,0,0,0,0,0
CF,FD02,36.659472,-6.100722,0,JRZ,202.0,10.0,22.0,5.0,2,1600,0,0,0,0,2,0
CF,MD02,36.721806,-6.071056,0,JRZ,202.0,6.0,22.0,4.0,1,386,0,0,0,0,3,0
CF,JRZ,36.815194,-6.026528,0,JRZ,0.0,0.0,22.0,6.0,0,0,0,0,0,0,0,1
VI,2, ,0.0,136.0,0,0,0,1,220,0,0,0
CF,D091I,36.815047,-5.839719,0,JRZ,91.0,9.0,91.0,6.0,0,0,0,0,0,0,0,1
CF,VJF32,36.749336,-5.817461,2,JRZ,112.3,10.8,195.0,4.0,2,3000,0,0,0,0,0,0
CF,KUBAS,36.514556,-5.890472,0,JRZ,160.9,19.2,195.0,14.5,2,4000,0,0,0,0,0,0
HM,KUBAS,36.514556,-5.890472,1, ,0.0,0.0,195.0,05,2,4000,0,0,0,0,0,0,0

APPTR,D20,20,ARSAS
IF,ARSAS,36.855250,-5.790667, ,0.0,0.0,2,5000,0,0,0,0,1,0
CI,0, ,0.0,259.0,0,0,0,0,0,0,0,0
AF,D034J,36.955100,-5.913272,1,JRZ,34.0,10.0,79.0,2,3000,0,0,0,0,0,0
AF,D022J,36.970214,-5.949675,1,JRZ,22.7,10.0,34.0,0,0,0,0,0,0,0,0
CF,CD20,36.924361,-5.974333,0,JRZ,22.0,7.0,202.0,3.0,2,3000,0,0,0,0,1,0

APPTR,D20,20,XETAN
IF,XETAN,37.017806,-5.929528, ,0.0,0.0,1,5000,0,0,0,0,1,0
CF,CD20,36.924361,-5.974333,0,JRZ,22.0,7.0,202.0,6.0,2,3000,0,0,0,0,1,0

FINAL,D20,20,D,3
IF,CD20,36.924361,-5.974333,JRZ,22.0,7.0,2,3000,0,0,0,0,0,0
CF,FD20,36.833528,-6.017750,0,JRZ,22.1,1.2,202.0,5.8,2,1700,0,0,0,0,2,0
CF,MD20,36.768556,-6.048778,0,JRZ,202.0,3.0,202.0,4.2,1,434,0,0,0,0,3,0
CF,D202J,36.667158,-6.097056,0,JRZ,202.0,9.5,202.0,6.5,0,0,0,0,0,0,0,1
CF,D202L,36.634428,-6.112611,0,JRZ,202.0,11.6,202.0,2.1,0,0,0,0,0,0,0,0
AF,D146L,36.656394,-5.888589,1,JRZ,146.0,11.6,202.0,2,3000,0,0,0,0,0,0
AF,ARSAS,36.855250,-5.790667,1,JRZ,79.0,11.6,146.0,1,5000,0,0,0,0,0,0
HM,ARSAS,36.855250,-5.790667,1, ,0.0,0.0,259.0,05.4,2,5000,0,1,210,0,0,0,0

APPTR,I20-Y,20,JER1
HF,JER,36.834472,-6.016222,2, ,0.0,0.0,202.0,04.3,2,2600,0,1,230,0,1,0,0

APPTR,I20-Y,20,JER2
HF,JER,36.834472,-6.016222,2, ,0.0,0.0,202.0,04.3,2,2600,0,1,230,0,1,0,0

FINAL,I20-Y,20,I,3
IF,CF20Y,36.893350,-5.987381,IJR,22.4,10.4,2,2600,0,0,0,0,0,0
CF,JER,36.834472,-6.016222,0,IJR,22.4,6.6,202.0,3.8,1,1800,0,0,0,0,2,0
CF,RW20,36.754269,-6.055406,0,IJR,22.4,1.4,202.0,5.2,1,145,0,0,0,0,3,0
CA,0,202.0,2,900,0,0,0,0,0,0
CF,JER,36.834472,-6.016222,1,VJF,357.9,35.7,352.0,8.0,1,2600,0,1,210,0,0,0
HM,JER,36.834472,-6.016222,2, ,0.0,0.0,202.0,04.3,2,2600,0,0,0,0,0,0,0

APPTR,I20-Z,20,ARSAS
IF,ARSAS,36.855250,-5.790667, ,0.0,0.0,2,5000,0,0,0,0,1,0
CI,0, ,0.0,259.0,0,0,0,0,0,0,0,0
AF,D034J,36.955100,-5.913272,1,JRZ,34.0,10.0,79.0,2,3000,0,0,0,0,0,0
AF,D022J,36.970214,-5.949675,1,JRZ,22.7,10.0,34.0,0,0,0,0,0,0,0,0
CF,CF20Z,36.925111,-5.971861,0,IJR,22.4,12.4,202.0,2.9,2,3000,0,0,0,0,1,0

APPTR,I20-Z,20,XETAN
IF,XETAN,37.017806,-5.929528, ,0.0,0.0,1,5000,0,0,0,0,1,0
CF,CF20Z,36.925111,-5.971861,0,IJR,22.4,12.4,202.0,5.9,2,3000,0,0,0,0,1,0

FINAL,I20-Z,20,I,3
IF,CF20Z,36.925111,-5.971861,IJR,22.4,12.4,2,3000,0,0,0,0,0,0
CF,FI20Z,36.843278,-6.011917,0,IJR,22.4,7.1,202.0,5.3,1,2000,0,0,0,0,2,0
CF,RW20,36.754269,-6.055406,0,IJR,22.4,1.4,202.0,5.7,1,145,0,0,0,0,3,0
FD,RW20,36.754269,-6.055406,0,JRZ,201.9,9.5,202.0,9.5,0,0,0,0,0,0,0,0
CF,D202L,36.634428,-6.112611,0,JRZ,202.0,11.6,202.0,2.1,0,0,0,0,0,0,0,0
AF,D146L,36.656394,-5.888589,1,JRZ,146.0,11.6,202.0,2,3000,0,0,0,0,0,0
AF,ARSAS,36.855250,-5.790667,1,JRZ,79.0,11.6,146.0,1,5000,0,0,0,0,0,0
HM,ARSAS,36.855250,-5.790667,1, ,0.0,0.0,259.0,05.4,2,5000,0,1,210,0,0,0,0

APPTR,L20-Y,20,JER1
HF,JER,36.834472,-6.016222,2, ,0.0,0.0,202.0,04.3,2,2600,0,1,230,0,1,0,0

APPTR,L20-Y,20,JER2
HF,JER,36.834472,-6.016222,2, ,0.0,0.0,202.0,04.3,2,2600,0,1,230,0,1,0,0

FINAL,L20-Y,20,D,3
IF,CF20Y,36.893350,-5.987381,IJR,22.4,10.4,2,2600,0,0,0,0,0,0
CF,JER,36.834472,-6.016222,0,IJR,22.4,6.6,202.0,3.8,2,1800,0,0,0,0,2,0
CF,ML20Y,36.764056,-6.050639,0,IJR,22.4,2.0,202.0,4.6,1,354,0,0,0,0,3,0
CA,0,202.0,2,900,0,0,0,0,0,0
CF,JER,36.834472,-6.016222,1,VJF,357.9,35.7,352.0,8.0,1,2600,0,1,210,0,0,0
HM,JER,36.834472,-6.016222,2, ,0.0,0.0,202.0,04.3,2,2600,0,0,0,0,0,0,0

APPTR,L20-Z,20,ARSAS
IF,ARSAS,36.855250,-5.790667, ,0.0,0.0,2,5000,0,0,0,0,1,0
CI,0, ,0.0,259.0,0,0,0,0,0,0,0,0
AF,D034J,36.955100,-5.913272,1,JRZ,34.0,10.0,79.0,2,3000,0,0,0,0,0,0
AF,D022J,36.970214,-5.949675,1,JRZ,22.7,10.0,34.0,0,0,0,0,0,0,0,0
CF,CF20Z,36.925111,-5.971861,0,IJR,22.4,12.4,202.0,2.9,2,3000,0,0,0,0,1,0

APPTR,L20-Z,20,XETAN
IF,XETAN,37.017806,-5.929528, ,0.0,0.0,1,5000,0,0,0,0,1,0
CF,CF20Z,36.925111,-5.971861,0,IJR,22.4,12.4,202.0,5.9,2,3000,0,0,0,0,1,0

FINAL,L20-Z,20,D,3
IF,CF20Z,36.925111,-5.971861,IJR,22.4,12.4,2,3000,0,0,0,0,0,0
CF,FF20Z,36.847306,-6.009944,0,IJR,22.4,7.4,202.0,5.0,2,2000,0,0,0,0,2,0
CF,ML20Z,36.769806,-6.047806,0,IJR,22.5,2.4,202.0,5.0,1,464,0,0,0,0,3,0
FD,ML20Z,36.769806,-6.047806,0,JRZ,201.7,9.5,202.0,9.5,0,0,0,0,0,0,0,0
CF,D202L,36.634428,-6.112611,0,JRZ,202.0,11.6,202.0,2.1,0,0,0,0,0,0,0,0
AF,D146L,36.656394,-5.888589,1,JRZ,146.0,11.6,202.0,2,3000,0,0,0,0,0,0
AF,ARSAS,36.855250,-5.790667,1,JRZ,79.0,11.6,146.0,1,5000,0,0,0,0,0,0
HM,ARSAS,36.855250,-5.790667,1, ,0.0,0.0,259.0,05.4,2,5000,0,1,210,0,0,0,0

APPTR,N20,20,JER1
HF,JER,36.834472,-6.016222,2, ,0.0,0.0,202.0,04.3,2,2600,0,1,230,0,1,0,0

APPTR,N20,20,JER2
HF,JER,36.834472,-6.016222,2, ,0.0,0.0,202.0,04.3,2,2600,0,1,230,0,1,0,0

FINAL,N20,20,N,2
IF,JER,36.834472,-6.016222,JER,0.0,0.0,2,1800,0,0,0,0,2,0
CF,RW20,36.754269,-6.055406,0,JER,0.0,0.0,203.0,5.2,1,145,0,0,0,0,3,0
FA,RW20,36.754269,-6.055406,0,VJF,0.0,0.0,203.0,2,1200,0,0,0,0,0,0
CF,JER,36.834472,-6.016222,1,VJF,357.9,35.7,352.0,8.0,1,2600,0,1,210,0,0,0
HM,JER,36.834472,-6.016222,2, ,0.0,0.0,202.0,04.3,2,2600,0,0,0,0,0,0,0

APPTR,R02-Y,02,KUBAS
IF,KUBAS,36.514556,-5.890472, ,0.0,0.0,2,5000,0,0,0,0,1,0
TF,JR400,36.498306,-6.029333,0, ,0.0,0.0,0.0,0.0,2,4000,0,0,0,0,0,0
TF,JR405,36.519806,-6.169417,0, ,0.0,0.0,0.0,0.0,2,2500,0,0,0,0,0,0
TF,JR10S,36.581972,-6.139250,2, ,0.0,0.0,0.0,0.0,2,2500,0,0,0,0,1,0

FINAL,R02-Y,02,R,3
IF,JR10S,36.581972,-6.139250, ,0.0,0.0,2,2500,0,0,0,0,0,0
TF,JR05S,36.663556,-6.099611,0, ,0.0,0.0,22.0,5.2,2,1600,0,0,0,0,2,0
TF,RW02,36.734975,-6.064814,0, ,0.0,0.0,22.0,4.6,1,117,0,0,0,0,3,1
CF,JR410,36.792806,-6.036611,0,VJF,355.9,33.3,22.0,3.7,0,0,0,1,185,0,0,0
TF,JR415,36.814167,-5.797194,0, ,0.0,0.0,0.0,0.0,0,0,0,1,185,0,0,0
TF,JR420,36.743528,-5.819278,2, ,0.0,0.0,0.0,0.0,2,3000,0,1,185,0,0,0
TF,KUBAS,36.514556,-5.890472,0, ,0.0,0.0,0.0,0.0,1,5000,0,0,0,0,0,0
HM,KUBAS,36.514556,-5.890472,1, ,0.0,0.0,195.0,04.3,2,5000,0,0,0,0,0,0,0

APPTR,R02-Z,02,KUBAS
IF,KUBAS,36.514556,-5.890472, ,0.0,0.0,2,5000,0,0,0,0,1,0
TF,JR400,36.498306,-6.029333,0, ,0.0,0.0,0.0,0.0,2,4000,0,0,0,0,0,0
TF,JR405,36.519806,-6.169417,0, ,0.0,0.0,0.0,0.0,2,2500,0,0,0,0,0,0
TF,JR10S,36.581972,-6.139250,2, ,0.0,0.0,0.0,0.0,2,2500,0,0,0,0,1,0

FINAL,R02-Z,02,R,3
IF,JR10S,36.581972,-6.139250, ,0.0,0.0,2,2500,0,0,0,0,0,0
TF,JR05S,36.663556,-6.099611,0, ,0.0,0.0,22.0,5.2,2,1600,0,0,0,0,2,0
TF,RW02,36.734975,-6.064814,0, ,0.0,0.0,22.0,4.6,1,117,0,0,0,0,3,1
CF,JR410,36.792806,-6.036611,0,VJF,355.9,33.3,22.0,3.7,0,0,0,1,185,0,0,0
TF,JR415,36.814167,-5.797194,0, ,0.0,0.0,0.0,0.0,0,0,0,1,185,0,0,0
TF,JR420,36.743528,-5.819278,2, ,0.0,0.0,0.0,0.0,2,3000,0,1,185,0,0,0
TF,KUBAS,36.514556,-5.890472,0, ,0.0,0.0,0.0,0.0,1,5000,0,0,0,0,0,0
HM,KUBAS,36.514556,-5.890472,1, ,0.0,0.0,195.0,04.3,2,5000,0,0,0,0,0,0,0

