APPTR,D03,03,BBI1
IF,BBI,41.016694,-5.456833, ,0.0,0.0,2,4500,0,0,0,0,1,0
CF,D209H,40.898864,-5.539381,0,BBI,209.0,8.0,209.0,8.0,2,4500,0,0,0,0,0,0
FD,D209H,40.898864,-5.539381,0,BBI,209.0,12.0,164.0,12.0,2,4500,0,0,0,0,0,0
CF,D209N,40.809750,-5.601194,2,BBI,208.9,14.0,344.0,1.0,2,4500,0,1,220,0,1,0
CF,CD03,40.854683,-5.570308,0,BBI,209.0,11.0,29.0,3.0,2,4000,0,0,0,0,0,0

APPTR,D03,03,BBI2
IF,BBI,41.016694,-5.456833, ,0.0,0.0,2,4500,0,0,0,0,1,0
CF,CD03,40.854683,-5.570308,0,BBI,209.0,11.0,209.0,11.0,2,4500,0,0,0,0,0,0
FD,CD03,40.854683,-5.570308,0,BBI,209.0,13.0,164.0,13.0,2,4500,0,0,0,0,0,0
CF,D209N,40.809750,-5.601194,2,BBI,208.9,14.0,344.0,1.0,2,4500,0,0,0,0,1,0
CF,CD03,40.854683,-5.570308,0,BBI,209.0,11.0,29.0,3.0,2,4000,0,0,0,0,0,0

FINAL,D03,03,D,4
IF,CD03,40.854683,-5.570308,BBI,209.0,11.0,2,4000,0,0,0,0,0,0
CF,FD03,40.883472,-5.549889,0,BBI,208.9,9.0,29.0,2.0,2,4000,0,0,0,0,2,0
CF,70VOR,40.913592,-5.529067,0,BBI,209.0,7.0,29.0,2.0,2,3350,0,0,0,0,0,0
CF,RW03,40.942025,-5.509036,0,BBI,208.9,5.1,29.0,1.9,1,2645,0,0,0,0,3,0
CF,BBI,41.016694,-5.456833,0,BBI,0.0,0.0,29.0,5.1,1,4500,0,0,0,0,0,0
HM,BBI,41.016694,-5.456833,2, ,0.0,0.0,209.0,04.3,2,4500,0,1,230,0,0,0,0

APPTR,D21,21,BBI
HF,BBI,41.016694,-5.456833,2, ,0.0,0.0,209.0,04.3,2,4500,0,0,0,0,1,0,0

FINAL,D21,21,D,3
IF,BBI,41.016694,-5.456833,BBI,0.0,0.0,2,3800,0,0,0,0,2,0
CF,18VOR,40.990186,-5.475431,0,BBI,209.0,1.8,209.0,1.8,2,3260,0,0,0,0,0,0
CF,MD21,40.972444,-5.487722,0,BBI,208.9,3.0,209.0,1.2,1,2873,0,0,0,0,3,0
FA,MD21,40.972444,-5.487722,0,BBI,0.0,0.0,209.0,2,3100,0,1,250,0,0,0
CI,0, ,0.0,280.0,0,0,0,0,0,0,0,0
CF,SERNA,40.916333,-5.632333,0,BBI,234.0,10.0,234.0,4.0,1,4500,0,0,0,0,0,0
HM,SERNA,40.916333,-5.632333,2, ,0.0,0.0,54.0,04.3,2,4500,0,0,0,0,0,0,0

FINAL,I21-Y,21,I,3
IF,CI21Y,41.077717,-5.414061,IALR,28.9,9.4,2,4500,0,0,0,0,0,0
CF,FF21,41.048250,-5.434694,0,IALR,28.9,7.4,209.0,2.0,1,4500,0,0,0,0,2,0
CF,RW21,40.962025,-5.495064,0,IALR,28.9,1.5,209.0,5.9,1,2639,0,0,0,0,3,0
CA,0,209.0,2,3500,0,0,0,0,0,0
CF,D030E,41.028056,-5.448889,1,TSC,30.1,5.0,30.0,6.0,1,4500,0,0,0,0,0,0
HM,D030E,41.028056,-5.448889,2, ,0.0,0.0,210.0,04.3,2,4500,0,1,230,0,0,0,0

APPTR,I21-Z,21,D129L
IF,D129L,40.892556,-5.249778, ,0.0,0.0,2,5500,0,0,0,0,1,0
CI,0, ,0.0,309.0,0,0,0,0,0,0,0,0
AF,D029O,41.164017,-5.353428,1,BBI,28.9,10.0,129.0,2,5000,0,0,0,0,0,0
CF,CI21Z,41.097667,-5.399944,0,IALR,28.9,10.7,209.0,4.5,2,5000,0,0,0,0,1,0

FINAL,I21-Z,21,I,3
IF,CI21Z,41.097667,-5.399944,IALR,28.9,10.7,2,5000,0,0,0,0,0,0
CF,FI21Z,41.046833,-5.435694,0,IALR,28.9,7.3,209.0,3.5,1,4500,0,0,0,0,2,0
CF,RW21,40.962025,-5.495064,0,IALR,28.9,1.5,209.0,5.8,1,2639,0,0,0,0,3,0
FA,RW21,40.962025,-5.495064,0,BBI,0.0,0.0,210.0,2,3100,0,1,240,0,0,0
CI,0, ,0.0,288.0,0,0,0,0,0,0,0,0
CF,SUCUS,40.899917,-5.748667,0,BBI,243.3,15.0,243.0,8.0,1,4500,0,0,0,0,0,0
HM,SUCUS,40.899917,-5.748667,1, ,0.0,0.0,63.0,04.3,2,4500,0,0,0,0,0,0,0

APPTR,L21-Z,21,D129L
IF,D129L,40.892556,-5.249778, ,0.0,0.0,2,5500,0,0,0,0,1,0
CI,0, ,0.0,309.0,0,0,0,0,0,0,0,0
AF,D029O,41.164017,-5.353428,1,BBI,28.9,10.0,129.0,2,5000,0,0,0,0,0,0
CF,CL21Z,41.119750,-5.384417,0,IALR,28.9,12.2,209.0,3.0,2,5000,0,0,0,0,1,0

FINAL,L21-Z,21,D,4
IF,CL21Z,41.119750,-5.384417,IALR,28.9,12.2,2,5000,0,0,0,0,0,0
CF,FF21,41.048250,-5.434694,0,IALR,28.9,7.4,209.0,4.9,2,4500,0,0,0,0,2,0
CF,21LOC,40.990647,-5.475053,0,IALR,28.9,3.5,209.0,3.9,2,3300,0,0,0,0,0,0
CF,ML21Z,40.970861,-5.488889,0,IALR,28.9,2.1,209.0,1.3,1,2844,0,0,0,0,3,0
CA,0,209.0,2,3100,0,1,240,0,0,0
CI,0, ,0.0,288.0,0,0,0,0,0,0,0,0
CF,SUCUS,40.899917,-5.748667,0,BBI,243.3,15.0,243.0,8.0,1,4500,0,0,0,0,0,0
HM,SUCUS,40.899917,-5.748667,1, ,0.0,0.0,63.0,04.3,2,4500,0,0,0,0,0,0,0

APPTR,T03,03,CT03
HF,CT03,40.790278,-5.591667,2, ,0.0,0.0,23.0,04.3,2,5000,0,1,230,0,1,0,0

FINAL,T03,03,D,4
IF,CT03,40.790278,-5.591667,TSC,203.4,10.7,2,5000,0,0,0,0,0,0
CF,FT03,40.863056,-5.553889,0,TSC,204.0,6.0,23.0,4.7,2,4200,0,0,0,0,2,0
CF,30TA2,40.909150,-5.528192,0,TSC,204.0,3.0,23.0,3.0,2,3300,0,0,0,0,0,0
CF,MT03,40.939864,-5.511047,0,TSC,204.0,1.0,23.0,2.0,1,2694,0,0,0,0,3,0
CA,0,23.0,2,3000,0,0,0,0,0,0
DF,CT03,40.790278,-5.591667,2, ,0.0,0.0,1,5000,0,0,0,0,0,0
HM,CT03,40.790278,-5.591667,2, ,0.0,0.0,23.0,04.3,2,5000,0,1,230,0,0,0,0

APPTR,T21-Z,21,D223E
IF,D223E,40.893333,-5.576111, ,0.0,0.0,2,20000,0,0,0,0,1,0
CF,TSC,40.955222,-5.502472,0,TSC,0.0,0.0,43.0,5.0,0,0,0,0,0,0,0,0
FD,TSC,40.955222,-5.502472,0,TSC,0.0,12.0,43.0,12.0,3,10000,0,0,0,0,0,0
CF,CT21Z,41.122967,-5.358336,1,TSC,34.0,12.0,214.0,1.0,2,4500,0,0,0,0,0,0

FINAL,T21-Z,21,D,4
IF,CT21Z,41.122967,-5.358336,TSC,34.0,12.0,2,4500,0,0,0,0,0,0
CF,FT21Z,41.053056,-5.418611,0,TSC,34.0,7.0,214.0,5.0,2,4500,0,0,0,0,2,0
CF,30TAC,40.997175,-5.466506,0,TSC,34.0,3.0,214.0,4.0,2,3360,0,0,0,0,0,0
CF,MT21Z,40.969206,-5.490489,0,TSC,34.0,1.0,214.0,2.0,1,2781,0,0,0,0,3,0
CF,TSC,40.955222,-5.502472,0,TSC,0.0,0.0,214.0,1.0,0,0,0,0,0,0,0,0
FD,TSC,40.955222,-5.502472,0,TSC,0.0,10.0,209.0,10.0,0,0,0,0,0,0,0,0
CF,D223E,40.893333,-5.576111,2,TSC,223.1,5.0,43.0,6.0,2,20000,0,0,0,0,0,0
HM,D223E,40.893333,-5.576111,2, ,0.0,0.0,43.0,05,2,20000,0,0,0,0,0,0,0

