APPTR,R11,11,BOBMA
IF,BOBMA,50.312528,3.148083, ,0.0,0.0,2,2000,0,1,185,0,1,0
TF,VAMOP,50.390472,3.193833,0, ,0.0,0.0,0.0,0.0,2,2000,0,1,185,0,1,0

APPTR,R11,11,NAVAN
IF,NAVAN,50.468389,3.239722, ,0.0,0.0,2,2000,0,1,185,0,1,0
TF,VAMOP,50.390472,3.193833,0, ,0.0,0.0,0.0,0.0,2,2000,0,1,185,0,1,0

FINAL,R11,11,R,3
IF,VAMOP,50.390472,3.193833, ,0.0,0.0,2,2000,0,1,185,0,1,0
TF,FAV11,50.361111,3.315639,0, ,0.0,0.0,109.0,5.0,1,2000,0,0,0,0,2,0
TF,RW11,50.327986,3.452311,0, ,0.0,0.0,109.0,5.6,1,211,0,0,0,0,3,1
TF,AV510,50.310222,3.525222,0, ,0.0,0.0,0.0,0.0,0,0,0,1,160,0,0,1
DF,BOBMA,50.312528,3.148083,2, ,0.0,0.0,1,2000,0,1,185,0,0,0
HM,BOBMA,50.312528,3.148083,2, ,0.0,0.0,39.0,04.3,2,2000,0,1,230,0,0,0,0

APPTR,R29,29,ERLED
IF,ERLED,50.297111,3.880472, ,0.0,0.0,2,3000,0,1,220,0,1,0
TF,VADEP,50.241556,3.804861,0, ,0.0,0.0,0.0,0.0,2,3000,0,1,210,0,1,0

APPTR,R29,29,EXEKO
IF,EXEKO,50.161833,3.802528, ,0.0,0.0,2,3000,0,1,220,0,1,0
TF,VADEP,50.241556,3.804861,0, ,0.0,0.0,0.0,0.0,2,3000,0,1,210,0,1,0

FINAL,R29,29,R,3
IF,VADEP,50.241556,3.804861, ,0.0,0.0,2,3000,0,1,210,0,1,0
TF,FAV29,50.271361,3.683889,0, ,0.0,0.0,290.0,5.0,1,3000,0,0,0,0,2,0
TF,RW29,50.323453,3.470944,0, ,0.0,0.0,290.0,8.8,1,208,0,0,0,0,3,1
DF,AV410,50.344139,3.385833,0, ,0.0,0.0,0,0,0,1,160,0,0,0
TF,AV412,50.401778,3.420028,0, ,0.0,0.0,0.0,0.0,0,0,0,0,0,0,0,0
TF,AV414,50.426722,3.542444,0, ,0.0,0.0,0.0,0.0,0,0,0,0,0,0,0,0
TF,AV416,50.384500,3.584167,0, ,0.0,0.0,0.0,0.0,3,2000,0,1,210,0,0,0
TF,EXEKO,50.161833,3.802528,0, ,0.0,0.0,0.0,0.0,1,3000,0,1,220,0,0,0
HM,EXEKO,50.161833,3.802528,2, ,0.0,0.0,360.0,04.3,2,3000,0,1,220,0,0,0,0

