SID,CNA6E,11,2
CD, ,0,0,0,BMC,0,0.0,106.0,1.5,2,670,0,0,0,0,0,0
CA,2,258.0,2,4000,0,0,0,0,0,0
VI,2, ,0.0,50.0,0,0,0,0,0,0,0,0
CF,ROVFU,45.147500,-0.550000,0,BMC,20.7,20.6,20.0,16.0,0,0,0,0,0,0,0,0
TF,CNA,45.659556,-0.311639,0, ,0.0,0.0,0.0,0.0,0,0,0,0,0,0,0,0

SID,CNA6P,23,5
CF,BD230,44.790722,-0.769528,0,BMC,223.6,3.0,225.0,3.0,0,0,0,0,0,0,0,1
DF,BD923,44.932306,-0.821056,2, ,0.0,0.0,0,0,0,0,0,0,0,0
TF,ROVFU,45.147500,-0.550000,0, ,0.0,0.0,0.0,0.0,0,0,0,0,0,0,0,0
TF,CNA,45.659556,-0.311639,0, ,0.0,0.0,0.0,0.0,0,0,0,0,0,0,0,0

SID,CNA6Q,05,5
CF,BD905,44.935222,-0.562250,0,BMC,46.2,9.4,45.0,9.0,0,0,0,0,0,0,0,0
TF,BD955,45.053111,-0.555417,0, ,0.0,0.0,0.0,0.0,0,0,0,0,0,0,0,0
TF,ROVFU,45.147500,-0.550000,0, ,0.0,0.0,0.0,0.0,0,0,0,0,0,0,0,0
TF,CNA,45.659556,-0.311639,0, ,0.0,0.0,0.0,0.0,0,0,0,0,0,0,0,0

SID,CNA6R,29,5
DF,DER29,44.831567,-0.729242,0, ,0.0,0.0,0,0,0,0,0,0,0,1
CA,0,296.0,2,660,0,0,0,0,0,0
DF,BD923,44.932306,-0.821056,0, ,0.0,0.0,0,0,0,0,0,0,0,0
TF,ROVFU,45.147500,-0.550000,0, ,0.0,0.0,0.0,0.0,0,0,0,0,0,0,0,0
TF,CNA,45.659556,-0.311639,0, ,0.0,0.0,0.0,0.0,0,0,0,0,0,0,0,0

SID,OBLO6E,11,5
CA,0,106.0,2,670,0,0,0,0,0,0
CI,2, ,0.0,223.0,0,0,0,0,0,0,0,0
CF,D178G,44.710356,-0.715328,0,BMC,178.0,7.0,178.0,3.0,2,5000,0,0,0,0,0,0
TF,OCSID,44.698639,-0.714750,0, ,0.0,0.0,0.0,0.0,0,0,0,0,0,0,0,0
TF,OBLOC,44.676806,-0.152917,0, ,0.0,0.0,0.0,0.0,0,0,0,0,0,0,0,0

SID,OBLO6P,23,5
CF,BD423,44.779028,-0.786222,0,BMC,224.1,4.0,225.0,4.0,0,0,0,1,220,0,0,1
CF,BD427,44.660306,-0.648389,1,BMC,162.7,10.5,126.0,7.0,2,5000,0,0,0,0,0,0
TF,OBLOC,44.676806,-0.152917,0, ,0.0,0.0,0.0,0.0,0,0,0,0,0,0,0,0

SID,OBLO6Q,05,5
CF,BD905,44.935222,-0.562250,0,BMC,46.2,9.4,45.0,9.0,0,0,0,0,0,0,0,0
TF,BD961,44.832167,-0.443278,2, ,0.0,0.0,0.0,0.0,0,0,0,0,0,0,0,0
TF,BD963,44.722528,-0.317333,0, ,0.0,0.0,0.0,0.0,0,0,0,0,0,0,0,0
TF,OBLOC,44.676806,-0.152917,0, ,0.0,0.0,0.0,0.0,0,0,0,0,0,0,0,0

SID,OBLO6R,29,5
DF,DER29,44.831567,-0.729242,0, ,0.0,0.0,0,0,0,0,0,0,0,1
CA,0,276.0,2,660,0,0,0,0,0,0
DF,BD929,44.696806,-0.726556,1, ,0.0,0.0,0,0,0,0,0,0,0,0
TF,D172V,44.694631,-0.659744,0, ,0.0,0.0,0.0,0.0,2,5000,0,0,0,0,0,0
TF,BD935,44.691528,-0.566389,0, ,0.0,0.0,0.0,0.0,0,0,0,0,0,0,0,0
TF,OBLOC,44.676806,-0.152917,0, ,0.0,0.0,0.0,0.0,0,0,0,0,0,0,0,0

SID,OBLO6Z,05,5
CA,0,45.0,2,670,0,0,0,0,0,0
VI,2, ,0.0,149.0,0,0,0,0,0,0,0,0
CF,OBZAM,44.684444,-0.362194,0,BMC,119.0,17.6,119.0,13.0,0,0,0,0,0,0,0,0
TF,OBLOC,44.676806,-0.152917,0, ,0.0,0.0,0.0,0.0,0,0,0,0,0,0,0,0

SID,ROYA6E,11,5
CD, ,0,0,0,BMC,0,0.0,106.0,1.5,2,670,0,0,0,0,0,0
CA,2,258.0,2,4000,0,0,0,0,0,0
VI,2, ,0.0,50.0,0,0,0,0,0,0,0,0
CF,ROVFU,45.147500,-0.550000,0,BMC,20.7,20.6,20.0,16.0,0,0,0,0,0,0,0,0
TF,BD411,45.310278,-0.901611,0, ,0.0,0.0,0.0,0.0,0,0,0,0,0,0,0,0
TF,ROYAN,45.666667,-1.036667,0, ,0.0,0.0,0.0,0.0,0,0,0,0,0,0,0,0

SID,ROYA6P,23,5
CF,BD230,44.790722,-0.769528,0,BMC,223.6,3.0,225.0,3.0,0,0,0,0,0,0,0,1
DF,BD923,44.932306,-0.821056,2, ,0.0,0.0,0,0,0,0,0,0,0,0
TF,BD927,45.116944,-0.829028,0, ,0.0,0.0,0.0,0.0,0,0,0,0,0,0,0,0
TF,ROYAN,45.666667,-1.036667,0, ,0.0,0.0,0.0,0.0,0,0,0,0,0,0,0,0

SID,ROYA6Q,05,5
CF,BD905,44.935222,-0.562250,0,BMC,46.2,9.4,45.0,9.0,0,0,0,0,0,0,0,0
TF,BD955,45.053111,-0.555417,0, ,0.0,0.0,0.0,0.0,0,0,0,0,0,0,0,0
TF,ROYAN,45.666667,-1.036667,0, ,0.0,0.0,0.0,0.0,0,0,0,0,0,0,0,0

SID,ROYA6R,29,5
DF,DER29,44.831567,-0.729242,0, ,0.0,0.0,0,0,0,0,0,0,0,1
CA,0,296.0,2,660,0,0,0,0,0,0
DF,BD923,44.932306,-0.821056,0, ,0.0,0.0,0,0,0,0,0,0,0,0
TF,BD927,45.116944,-0.829028,0, ,0.0,0.0,0.0,0.0,0,0,0,0,0,0,0,0
TF,ROYAN,45.666667,-1.036667,0, ,0.0,0.0,0.0,0.0,0,0,0,0,0,0,0,0

SID,ROYA6Z,05,2
CD, ,0,0,0,BMC,0,0.0,45.0,2.5,0,0,0,0,0,0,0,0
CI,1, ,0.0,297.0,0,0,0,0,0,0,0,0
CF,ROYAN,45.666667,-1.036667,0,BMC,345.3,52.1,345.0,47.0,0,0,0,0,0,0,0,0

SID,VAVI6A,23,2
CD, ,0,0,0,BMC,0,0.0,225.0,4.0,0,0,0,0,0,0,0,0
CD, ,0,0,0,BMC,0,0.0,166.0,8.5,0,0,0,0,0,0,0,0
CI,0, ,0.0,133.0,0,0,0,0,0,0,0,0
CF,VAVIX,44.277778,-0.694083,0,BMC,178.0,33.0,178.0,24.0,0,0,0,0,0,0,0,0

SID,VAVI6E,11,2
CA,0,106.0,2,670,0,0,0,0,0,0
CI,2, ,0.0,223.0,0,0,0,0,0,0,0,0
CF,VAVIX,44.277778,-0.694083,0,BMC,178.0,33.0,178.0,29.0,0,0,0,0,0,0,0,0

SID,VAVI6P,23,5
CF,BD423,44.779028,-0.786222,0,BMC,224.1,4.0,225.0,4.0,0,0,0,0,0,0,0,1
DF,BD425,44.655556,-0.779167,0, ,0.0,0.0,0,0,0,0,0,0,0,0
TF,VAVIX,44.277778,-0.694083,0, ,0.0,0.0,0.0,0.0,0,0,0,0,0,0,0,0

SID,VAVI6Q,05,5
CF,BD905,44.935222,-0.562250,0,BMC,46.2,9.4,45.0,9.0,0,0,0,0,0,0,0,0
TF,BD961,44.832167,-0.443278,2, ,0.0,0.0,0.0,0.0,0,0,0,0,0,0,0,0
TF,VAVIX,44.277778,-0.694083,0, ,0.0,0.0,0.0,0.0,0,0,0,0,0,0,0,0

SID,VAVI6R,29,5
DF,DER29,44.831567,-0.729242,0, ,0.0,0.0,0,0,0,0,0,0,0,1
CA,0,276.0,2,660,0,0,0,0,0,0
DF,BD929,44.696806,-0.726556,1, ,0.0,0.0,0,0,0,0,0,0,0,0
TF,VAVIX,44.277778,-0.694083,0, ,0.0,0.0,0.0,0.0,0,0,0,0,0,0,0,0

SID,VAVI6W,29,2
DF,DER29,44.831567,-0.729242,0, ,0.0,0.0,0,0,0,0,0,0,0,1
CA,0,276.0,2,670,0,0,0,0,0,0
CI,1, ,0.0,148.0,0,0,0,0,0,0,0,0
CF,VAVIX,44.277778,-0.694083,0,BMC,178.0,33.0,178.0,25.0,0,0,0,0,0,0,0,0

SID,VAVI6Z,05,5
CA,0,45.0,2,670,0,0,0,0,0,0
VI,2, ,0.0,149.0,0,0,0,0,0,0,0,0
CF,OBZAM,44.684444,-0.362194,0,BMC,119.0,17.6,119.0,13.0,0,0,0,0,0,0,0,0
TF,BD965,44.554389,-0.319833,0, ,0.0,0.0,0.0,0.0,0,0,0,0,0,0,0,0
TF,VAVIX,44.277778,-0.694083,0, ,0.0,0.0,0.0,0.0,0,0,0,0,0,0,0,0

STAR,CNA2K,ALL,2
IF,CNA,45.659556,-0.311639, ,0.0,0.0,3,20000,0,0,0,0,0,0
TF,D173K,45.477333,-0.283394,0, ,0.0,0.0,0.0,0.0,2,8000,0,0,0,0,0,0
TF,BMC29,45.165867,-0.235542,0, ,0.0,0.0,0.0,0.0,0,0,0,0,0,0,0,0
TF,VAGNA,45.095361,-0.337278,0, ,0.0,0.0,0.0,0.0,0,0,0,0,0,0,0,0

STAR,CNA2L,ALL,5
IF,CNA,45.659556,-0.311639, ,0.0,0.0,3,20000,0,0,0,0,0,0
TF,BD011,45.476889,-0.281722,0, ,0.0,0.0,0.0,0.0,2,8000,0,0,0,0,0,0
TF,BD002,45.168556,-0.231667,0, ,0.0,0.0,0.0,0.0,0,0,0,0,0,0,0,0
TF,VAGNA,45.095361,-0.337278,0, ,0.0,0.0,0.0,0.0,4,12000,5000,0,0,0,0,0

STAR,LMG2K,ALL,2
IF,LMG,45.815917,1.025583, ,0.0,0.0,0,0,0,0,0,0,0,0
TF,MARRE,45.435000,0.283611,0, ,0.0,0.0,0.0,0.0,4,24000,20000,0,0,0,0,0
TF,CHALA,45.355278,0.130833,0, ,0.0,0.0,0.0,0.0,4,19000,16000,0,0,0,0,0
TF,BMC29,45.165867,-0.235542,0, ,0.0,0.0,0.0,0.0,0,0,0,0,0,0,0,0
TF,VAGNA,45.095361,-0.337278,0, ,0.0,0.0,0.0,0.0,0,0,0,0,0,0,0,0

STAR,LMG2L,ALL,5
IF,LMG,45.815917,1.025583, ,0.0,0.0,0,0,0,0,0,0,0,0
TF,MARRE,45.435000,0.283611,0, ,0.0,0.0,0.0,0.0,4,24000,20000,0,0,0,0,0
TF,CHALA,45.355278,0.130833,0, ,0.0,0.0,0.0,0.0,4,19000,16000,0,0,0,0,0
TF,BD001,45.276694,-0.022250,0, ,0.0,0.0,0.0,0.0,0,0,0,0,0,0,0,0
TF,BD002,45.168556,-0.231667,0, ,0.0,0.0,0.0,0.0,0,0,0,0,0,0,0,0
TF,VAGNA,45.095361,-0.337278,0, ,0.0,0.0,0.0,0.0,4,12000,5000,0,0,0,0,0

STAR,MIRB2K,ALL,2
IF,MIRBA,44.723889,0.326944, ,0.0,0.0,3,17000,0,0,0,0,0,0
TF,CNA51,44.893139,0.208581,0, ,0.0,0.0,0.0,0.0,0,0,0,0,0,0,0,0
TF,BMC39,44.932575,0.180892,0, ,0.0,0.0,0.0,0.0,0,0,0,0,0,0,0,0
TF,LIBRU,44.889667,-0.189917,0, ,0.0,0.0,0.0,0.0,0,0,0,0,0,0,0,0

STAR,MIRB2L,ALL,5
IF,MIRBA,44.723889,0.326944, ,0.0,0.0,3,17000,0,0,0,0,0,0
TF,LIBRU,44.889667,-0.189917,0, ,0.0,0.0,0.0,0.0,4,12000,5000,0,0,0,0,0

STAR,ROYA2K,ALL,2
IF,ROYAN,45.666667,-1.036667, ,0.0,0.0,3,15000,0,0,0,0,0,0
TF,ETPAR,45.195917,-0.861778,0, ,0.0,0.0,0.0,0.0,0,0,0,0,0,0,0,0

STAR,ROYA2L,ALL,5
IF,ROYAN,45.666667,-1.036667, ,0.0,0.0,3,15000,0,0,0,0,0,0
TF,ETPAR,45.195917,-0.861778,0, ,0.0,0.0,0.0,0.0,4,12000,5000,0,0,0,0,0

STAR,VAVI2L,ALL,5
IF,VAVIX,44.277778,-0.694083, ,0.0,0.0,3,15000,0,0,0,0,0,0
TF,DIRAX,44.552139,-0.454389,0, ,0.0,0.0,0.0,0.0,4,9000,5000,0,0,0,0,0

STAR,VELI2L,ALL,5
IF,VELIN,44.980000,0.155556, ,0.0,0.0,3,15000,0,0,0,0,0,0
TF,LIBRU,44.889667,-0.189917,0, ,0.0,0.0,0.0,0.0,4,12000,5000,0,0,0,0,0

APPTR,D05,05,DIRAX
IF,DIRAX,44.552139,-0.454389, ,0.0,0.0,0,0,0,0,0,0,1,0
TF,D145L,44.661789,-0.557436,0, ,0.0,0.0,0.0,0.0,0,0,0,0,0,0,0,0
CI,0, ,0.0,325.0,0,0,0,0,0,0,0,0
AF,D166J,44.665222,-0.664614,2,BMC,166.0,10.0,145.0,2,5000,0,0,0,0,0,0
AF,D196J,44.666722,-0.785481,2,BMC,196.0,10.0,166.0,3,4000,0,0,0,0,0,0
AF,D213J,44.687100,-0.848347,2,BMC,213.0,10.0,196.0,1,3000,0,1,180,0,0,0
CF,FD05,44.758139,-0.808028,0,BMC,222.0,5.6,42.0,4.0,2,2000,0,0,0,0,0,0

FINAL,D05,05,D,2
IF,FD05,44.758139,-0.808028,BMC,222.0,5.6,2,2000,0,0,0,0,2,0
CF,RW05,44.819103,-0.728983,0,BMC,215.6,0.6,42.0,5.0,1,209,0,0,0,0,3,0
CF,BMC,44.826944,-0.721111,0,BMC,0.0,0.0,42.0,0.6,0,0,0,0,0,0,0,1
FD,BMC,44.826944,-0.721111,0,BMC,0.0,2.5,42.0,2.5,0,0,0,0,0,0,0,0
CI,1, ,0.0,309.0,0,0,0,0,0,0,0,0
CF,BMC28,45.290983,-0.790206,0,BMC,354.0,28.0,354.0,25.0,0,0,0,0,0,0,0,1
CF,ETPAR,45.195917,-0.861778,1,BMC,344.9,22.9,164.0,5.0,1,4000,0,0,0,0,0,0
HM,ETPAR,45.195917,-0.861778,1, ,0.0,0.0,164.0,05,2,4000,0,1,220,0,0,0,0

APPTR,D11,11,ETPAR
IF,ETPAR,45.195917,-0.861778, ,0.0,0.0,0,0,0,0,0,0,1,0
CF,D344L,45.020014,-0.794481,0,BMC,344.9,12.0,164.0,10.9,1,4000,0,0,0,0,0,0
CI,0, ,0.0,164.0,0,0,0,0,0,0,0,0
AF,D305J,44.922369,-0.913258,1,BMC,305.0,10.0,344.0,1,3000,0,1,185,0,0,0
CF,FD11,44.863472,-0.836722,0,BMC,294.0,5.4,114.0,5.0,2,2000,0,0,0,0,0,0

FINAL,D11,11,D,3
IF,FD11,44.863472,-0.836722,BMC,294.0,5.4,2,2000,0,0,0,0,2,0
CF,34VOR,44.849967,-0.793878,0,BMC,294.0,3.4,114.0,2.0,2,1260,0,0,0,0,0,0
CF,MD11,44.835753,-0.748925,0,BMC,294.0,1.3,114.0,2.1,1,516,0,0,0,0,3,0
CF,D114B,44.816769,-0.689025,0,BMC,114.0,1.5,114.0,2.8,3,3000,0,1,200,0,0,1
CI,2, ,0.0,223.0,0,0,0,0,0,0,0,0
CF,D178S,44.518808,-0.706069,0,BMC,178.0,18.5,178.0,14.5,1,5000,0,0,0,0,0,1
TF,D178T,44.492825,-0.704808,0, ,0.0,0.0,0.0,0.0,0,0,0,0,0,0,0,0
AF,DIRAX,44.552139,-0.454389,1,BMC,145.2,20.1,178.0,2,5000,0,0,0,0,0,0

APPTR,D23,23,VAGNA
IF,VAGNA,45.095361,-0.337278, ,0.0,0.0,0,0,0,0,0,0,1,0
TF,D048U,45.060531,-0.354156,0, ,0.0,0.0,0.0,0.0,0,0,0,0,0,0,0,0
CF,D048N,44.982800,-0.476806,0,BMC,48.0,14.0,228.0,7.0,1,3000,0,0,0,0,0,0
CF,FD23,44.937778,-0.547639,0,BMC,48.0,10.0,228.0,4.0,1,3000,0,0,0,0,0,0

FINAL,D23,23,D,2
IF,FD23,44.937778,-0.547639,BMC,48.0,10.0,1,3000,0,0,0,0,2,0
CF,MD23,44.849242,-0.686289,0,BMC,48.0,2.0,228.0,8.0,1,489,0,0,0,0,3,0
CF,BMC,44.826944,-0.721111,0,BMC,0.0,0.0,228.0,2.0,0,0,0,0,0,0,0,0
FD,BMC,44.826944,-0.721111,0,BMC,0.0,3.0,228.0,3.0,0,0,0,0,0,0,0,0
CI,2, ,0.0,40.0,0,0,0,1,220,0,0,0
CF,BMC28,45.290983,-0.790206,0,BMC,354.0,28.0,354.0,24.0,0,0,0,0,0,0,0,1
CF,ETPAR,45.195917,-0.861778,1,BMC,344.9,22.9,164.0,5.0,1,4000,0,0,0,0,0,0
HM,ETPAR,45.195917,-0.861778,1, ,0.0,0.0,164.0,05,2,4000,0,1,220,0,0,0,0

APPTR,D29,29,LIBRU
FC,LIBRU,44.889667,-0.189917,0,BMC,0.0,0.0,216.0,9.0,0,0,0,0,0,0,1,0
CF,D101Q,44.772217,-0.330678,0,BMC,101.0,17.0,281.0,1.0,3,4000,0,1,220,0,0,0
CF,D101N,44.781969,-0.399525,0,BMC,101.0,14.0,281.0,3.0,1,3000,0,0,0,0,1,0
CF,CD29,44.783917,-0.413297,0,BMC,101.0,13.4,281.0,0.6,1,3000,0,0,0,0,0,0

FINAL,D29,29,D,3
IF,CD29,44.783917,-0.413297,BMC,101.0,13.4,1,3000,0,0,0,0,0,0
CF,FD29,44.794667,-0.499806,0,BMC,101.5,9.7,281.0,3.8,1,3000,0,0,0,0,2,0
CF,MD29,44.821850,-0.684331,0,BMC,101.0,1.6,281.0,8.0,1,432,0,0,0,0,3,0
CF,BMC,44.826944,-0.721111,0,BMC,0.0,0.0,281.0,1.6,0,0,0,0,0,0,0,1
CI,2, ,0.0,40.0,0,0,0,1,190,0,0,0
CF,BMC28,45.290983,-0.790206,0,BMC,354.0,28.0,354.0,25.0,0,0,0,0,0,0,0,1
CF,ETPAR,45.195917,-0.861778,1,BMC,344.9,22.9,164.0,5.0,1,4000,0,0,0,0,0,0
HM,ETPAR,45.195917,-0.861778,1, ,0.0,0.0,164.0,05,2,4000,0,1,220,0,0,0,0

APPTR,I23,23,DIRAX
IF,DIRAX,44.552139,-0.454389, ,0.0,0.0,0,0,0,0,0,0,1,0
TF,BD232,44.894917,-0.358861,0, ,0.0,0.0,0.0,0.0,0,0,0,1,220,0,0,0
TF,IBD23,44.987806,-0.487111,0, ,0.0,0.0,0.0,0.0,4,4200,3000,1,210,0,1,0
CF,CF23,44.963978,-0.521231,0,BD,45.5,12.8,225.0,2.0,1,3000,0,0,0,0,0,0

APPTR,I23,23,ETPAR
IF,ETPAR,45.195917,-0.861778, ,0.0,0.0,0,0,0,0,0,0,1,0
TF,BD231,45.087139,-0.623944,0, ,0.0,0.0,0.0,0.0,0,0,0,1,220,0,0,0
TF,IBD23,44.987806,-0.487111,0, ,0.0,0.0,0.0,0.0,4,4200,3000,1,210,0,1,0
CF,CF23,44.963978,-0.521231,0,BD,45.5,12.8,225.0,2.0,1,3000,0,0,0,0,0,0

APPTR,I23,23,LIBRU
IF,LIBRU,44.889667,-0.189917, ,0.0,0.0,0,0,0,0,0,0,1,0
TF,BD232,44.894917,-0.358861,0, ,0.0,0.0,0.0,0.0,0,0,0,1,220,0,0,0
TF,IBD23,44.987806,-0.487111,0, ,0.0,0.0,0.0,0.0,4,4200,3000,1,210,0,1,0
CF,CF23,44.963978,-0.521231,0,BD,45.5,12.8,225.0,2.0,1,3000,0,0,0,0,0,0

APPTR,I23,23,VAGN1
IF,VAGNA,45.095361,-0.337278, ,0.0,0.0,0,0,0,0,0,0,1,0
TF,IBD23,44.987806,-0.487111,0, ,0.0,0.0,0.0,0.0,4,4200,3000,1,210,0,1,0
CF,CF23,44.963978,-0.521231,0,BD,45.5,12.8,225.0,2.0,1,3000,0,0,0,0,0,0

APPTR,I23,23,VAGN2
IF,VAGNA,45.095361,-0.337278, ,0.0,0.0,0,0,0,0,0,0,1,0
CF,D045N,44.989147,-0.484972,0,BMC,45.9,14.0,225.0,9.0,1,3000,0,0,0,0,0,0
CF,CF23,44.963978,-0.521231,0,BD,45.5,12.8,225.0,2.2,1,3000,0,0,0,0,0,0

FINAL,I23,23,I,3
IF,CF23,44.963978,-0.521231,BD,45.5,12.8,1,3000,0,0,0,0,0,0
CF,FF23,44.941111,-0.554083,0,BD,45.5,10.8,225.0,2.0,1,3000,0,0,0,0,2,0
CF,RW23,44.838694,-0.701000,0,BD,45.5,2.0,225.0,8.8,1,205,0,0,0,0,3,0
CF,D225D,44.791017,-0.768539,0,BMC,223.2,3.0,225.0,4.1,0,0,0,0,0,0,0,1
CI,2, ,0.0,40.0,0,0,0,1,220,0,0,0
CF,BMC28,45.290983,-0.790206,0,BMC,354.0,28.0,354.0,24.0,0,0,0,0,0,0,0,1
CF,ETPAR,45.195917,-0.861778,1,BMC,344.9,22.9,164.0,5.0,1,4000,0,0,0,0,0,0
HM,ETPAR,45.195917,-0.861778,1, ,0.0,0.0,164.0,05,2,4000,0,1,220,0,0,0,0

APPTR,I29,29,DIRAX
IF,DIRAX,44.552139,-0.454389, ,0.0,0.0,0,0,0,1,220,0,1,0
TF,BD292,44.665083,-0.430222,0, ,0.0,0.0,0.0,0.0,4,6000,3000,1,220,0,0,0
TF,IBD29,44.763917,-0.409000,0, ,0.0,0.0,0.0,0.0,4,4000,3000,1,200,0,1,0
CF,CF29,44.774586,-0.458747,0,BEI,106.4,12.2,286.0,2.2,1,3000,0,0,0,0,0,0

APPTR,I29,29,ETPAR
IF,ETPAR,45.195917,-0.861778, ,0.0,0.0,0,0,0,1,220,0,1,0
TF,BD291,44.852278,-0.371861,0, ,0.0,0.0,0.0,0.0,3,6000,0,1,220,0,0,0
TF,IBD29,44.763917,-0.409000,0, ,0.0,0.0,0.0,0.0,4,4000,3000,1,200,0,1,0
CF,CF29,44.774586,-0.458747,0,BEI,106.4,12.2,286.0,2.2,1,3000,0,0,0,0,0,0

APPTR,I29,29,LIBR1
IF,LIBRU,44.889667,-0.189917, ,0.0,0.0,0,0,0,1,220,0,1,0
TF,IBD29,44.763917,-0.409000,0, ,0.0,0.0,0.0,0.0,4,4000,3000,1,200,0,1,0
CF,CF29,44.774586,-0.458747,0,BEI,106.4,12.2,286.0,2.2,1,3000,0,0,0,0,0,0

APPTR,I29,29,LIBR2
FC,LIBRU,44.889667,-0.189917,0,BMC,0.0,0.0,216.0,10.0,0,0,0,0,0,0,1,0
CF,D106P,44.750283,-0.344428,0,BMC,105.8,16.7,286.0,1.0,3,4000,0,1,220,0,0,0
CF,D106M,44.763164,-0.404939,0,BMC,105.7,14.0,286.0,2.7,1,3000,0,0,0,0,1,0
CF,CF29,44.774586,-0.458747,0,BEI,106.4,12.2,286.0,2.4,1,3000,0,0,0,0,0,0

APPTR,I29,29,VAGNA
IF,VAGNA,45.095361,-0.337278, ,0.0,0.0,0,0,0,1,220,0,1,0
TF,BD291,44.852278,-0.371861,0, ,0.0,0.0,0.0,0.0,3,6000,0,1,220,0,0,0
TF,IBD29,44.763917,-0.409000,0, ,0.0,0.0,0.0,0.0,4,4000,3000,1,200,0,1,0
CF,CF29,44.774586,-0.458747,0,BEI,106.4,12.2,286.0,2.2,1,3000,0,0,0,0,0,0

FINAL,I29,29,I,3
IF,CF29,44.774586,-0.458747,BEI,106.4,12.2,1,3000,0,0,0,0,0,0
CF,FF29,44.783833,-0.503222,0,BEI,106.4,10.2,286.0,2.0,1,3000,0,0,0,0,2,0
CF,RW29,44.825411,-0.699900,0,BEI,106.4,1.5,286.0,8.8,1,210,0,0,0,0,3,0
CA,0,286.0,2,700,0,0,0,0,0,0
CI,2, ,0.0,40.0,0,0,0,1,190,0,0,0
CF,BMC28,45.290983,-0.790206,0,BMC,354.0,28.0,354.0,25.0,0,0,0,0,0,0,0,1
CF,ETPAR,45.195917,-0.861778,1,BMC,344.9,22.9,164.0,5.0,1,4000,0,0,0,0,0,0
HM,ETPAR,45.195917,-0.861778,1, ,0.0,0.0,164.0,05,2,4000,0,1,220,0,0,0,0

APPTR,R05-A,05,ETPAR
IF,ETPAR,45.195917,-0.861778, ,0.0,0.0,0,0,0,1,220,0,1,0
TF,BOCEP,44.924778,-0.817639,0, ,0.0,0.0,0.0,0.0,2,5000,0,0,0,0,0,0
TF,BD05S,44.882667,-0.852083,0, ,0.0,0.0,0.0,0.0,4,5000,4000,1,210,0,0,0
TF,FD05A,44.831361,-0.868806,0, ,0.0,0.0,0.0,0.0,1,4000,0,1,185,0,0,0

APPTR,R05-A,05,VAGNA
IF,VAGNA,45.095361,-0.337278, ,0.0,0.0,0,0,0,0,0,0,1,0
TF,BD057,45.116667,-0.591667,0, ,0.0,0.0,0.0,0.0,0,0,0,0,0,0,0,0
TF,BD05R,44.983556,-0.769444,0, ,0.0,0.0,0.0,0.0,0,0,0,1,220,0,0,0
TF,BOCEP,44.924778,-0.817639,0, ,0.0,0.0,0.0,0.0,2,5000,0,0,0,0,0,0
TF,BD05S,44.882667,-0.852083,0, ,0.0,0.0,0.0,0.0,4,5000,4000,1,210,0,0,0
TF,FD05A,44.831361,-0.868806,0, ,0.0,0.0,0.0,0.0,1,4000,0,1,185,0,0,0

FINAL,R05-A,05,R,4
IF,FD05A,44.831361,-0.868806, ,0.0,0.0,1,4000,0,1,185,0,2,0
TF,BD05B,44.811389,-0.875306,0, ,0.0,0.0,193.0,1.2,1,3560,0,1,185,0,0,0
RF,BD05C,44.777000,-0.788944,1,CD051,46.6,2.2,1,1510,0,1,185,0,0,0
TF,RW05,44.819103,-0.728983,0, ,0.0,0.0,45.0,3.6,1,209,0,0,0,0,3,1
TF,BD050,44.854917,-0.677694,0, ,0.0,0.0,0.0,0.0,0,0,0,1,200,0,0,0
RF,BD05D,44.912750,-0.663917,1,CD052,335.1,3.0,3,4000,0,1,200,0,0,0
TF,ETPAR,45.195917,-0.861778,0, ,0.0,0.0,0.0,0.0,3,4000,0,1,220,0,0,0
HM,ETPAR,45.195917,-0.861778,1, ,0.0,0.0,165.0,04.6,3,4000,0,1,220,0,0,0,0

APPTR,R05-Y,05,ETPAR
IF,ETPAR,45.195917,-0.861778, ,0.0,0.0,0,0,0,1,220,0,1,0
TF,BOCEP,44.924778,-0.817639,0, ,0.0,0.0,0.0,0.0,2,5000,0,1,220,0,0,0
TF,ID05Y,44.882667,-0.852083,0, ,0.0,0.0,0.0,0.0,3,5000,0,0,0,0,1,0

APPTR,R05-Y,05,VAGNA
IF,VAGNA,45.095361,-0.337278, ,0.0,0.0,0,0,0,0,0,0,1,0
TF,BD057,45.116667,-0.591667,0, ,0.0,0.0,0.0,0.0,0,0,0,0,0,0,0,0
TF,BD05R,44.983556,-0.769444,0, ,0.0,0.0,0.0,0.0,0,0,0,1,220,0,0,0
TF,BOCEP,44.924778,-0.817639,0, ,0.0,0.0,0.0,0.0,2,5000,0,1,220,0,0,0
TF,ID05Y,44.882667,-0.852083,0, ,0.0,0.0,0.0,0.0,3,5000,0,0,0,0,1,0

FINAL,R05-Y,05,R,5
IF,ID05Y,44.882667,-0.852083, ,0.0,0.0,2,4000,0,0,0,0,0,0
TF,FD05Y,44.831361,-0.868806,0, ,0.0,0.0,193.0,3.2,1,4000,0,0,0,0,2,0
TF,BD05B,44.811389,-0.875306,0, ,0.0,0.0,193.0,1.2,1,3560,0,1,185,0,0,0
RF,BD05C,44.777000,-0.788944,1,CD051,46.6,2.2,1,1510,0,1,185,0,0,0
TF,RW05,44.819103,-0.728983,0, ,0.0,0.0,45.0,3.6,1,209,0,0,0,0,3,1
TF,BD050,44.854917,-0.677694,0, ,0.0,0.0,0.0,0.0,0,0,0,1,200,0,0,0
RF,BD05D,44.912750,-0.663917,1,CD052,335.1,3.0,3,4000,0,1,200,0,0,0
TF,ETPAR,45.195917,-0.861778,0, ,0.0,0.0,0.0,0.0,3,4000,0,1,220,0,0,0
HM,ETPAR,45.195917,-0.861778,1, ,0.0,0.0,165.0,04.6,3,4000,0,1,220,0,0,0,0

APPTR,R05-Z,05,DIRAX
IF,DIRAX,44.552139,-0.454389, ,0.0,0.0,0,0,0,1,220,0,1,0
TF,BD054,44.651444,-0.679056,0, ,0.0,0.0,0.0,0.0,2,5000,0,1,220,0,0,0
TF,BD052,44.660389,-0.788444,0, ,0.0,0.0,0.0,0.0,4,4000,3000,0,0,0,0,0
TF,BDS05,44.685222,-0.822972,0, ,0.0,0.0,0.0,0.0,1,3000,0,0,0,0,0,0
TF,ID05Z,44.719639,-0.870611,0, ,0.0,0.0,0.0,0.0,3,3000,0,1,185,0,1,0

APPTR,R05-Z,05,ETPAR
IF,ETPAR,45.195917,-0.861778, ,0.0,0.0,0,0,0,1,220,0,1,0
TF,BD055,44.916667,-0.858333,0, ,0.0,0.0,0.0,0.0,2,5000,0,1,220,0,0,0
TF,BD053,44.843500,-0.954194,0, ,0.0,0.0,0.0,0.0,2,4000,0,0,0,0,0,0
TF,BD051,44.795278,-0.968167,0, ,0.0,0.0,0.0,0.0,4,4000,3000,0,0,0,0,0
TF,BDN05,44.754056,-0.918250,0, ,0.0,0.0,0.0,0.0,1,3000,0,0,0,0,0,0
TF,ID05Z,44.719639,-0.870611,0, ,0.0,0.0,0.0,0.0,3,3000,0,1,185,0,1,0

APPTR,R05-Z,05,LIBRU
IF,LIBRU,44.889667,-0.189917, ,0.0,0.0,0,0,0,1,220,0,1,0
TF,BD058,44.894917,-0.358861,0, ,0.0,0.0,0.0,0.0,0,0,0,0,0,0,0,0
TF,BD056,44.700194,-0.615167,0, ,0.0,0.0,0.0,0.0,0,0,0,0,0,0,0,0
TF,BD054,44.651444,-0.679056,0, ,0.0,0.0,0.0,0.0,2,5000,0,1,220,0,0,0
TF,BD052,44.660389,-0.788444,0, ,0.0,0.0,0.0,0.0,4,4000,3000,0,0,0,0,0
TF,BDS05,44.685222,-0.822972,0, ,0.0,0.0,0.0,0.0,1,3000,0,0,0,0,0,0
TF,ID05Z,44.719639,-0.870611,0, ,0.0,0.0,0.0,0.0,3,3000,0,1,185,0,1,0

APPTR,R05-Z,05,VAGN1
IF,VAGNA,45.095361,-0.337278, ,0.0,0.0,0,0,0,1,220,0,1,0
TF,BD057,45.116667,-0.591667,0, ,0.0,0.0,0.0,0.0,0,0,0,0,0,0,0,0
TF,BD055,44.916667,-0.858333,0, ,0.0,0.0,0.0,0.0,2,5000,0,1,220,0,0,0
TF,BD053,44.843500,-0.954194,0, ,0.0,0.0,0.0,0.0,2,4000,0,0,0,0,0,0
TF,BD051,44.795278,-0.968167,0, ,0.0,0.0,0.0,0.0,4,4000,3000,0,0,0,0,0
TF,BDN05,44.754056,-0.918250,0, ,0.0,0.0,0.0,0.0,1,3000,0,0,0,0,0,0
TF,ID05Z,44.719639,-0.870611,0, ,0.0,0.0,0.0,0.0,3,3000,0,1,185,0,1,0

APPTR,R05-Z,05,VAGN2
IF,VAGNA,45.095361,-0.337278, ,0.0,0.0,0,0,0,1,220,0,1,0
TF,BD058,44.894917,-0.358861,0, ,0.0,0.0,0.0,0.0,0,0,0,0,0,0,0,0
TF,BD056,44.700194,-0.615167,0, ,0.0,0.0,0.0,0.0,0,0,0,0,0,0,0,0
TF,BD054,44.651444,-0.679056,0, ,0.0,0.0,0.0,0.0,2,5000,0,1,220,0,0,0
TF,BD052,44.660389,-0.788444,0, ,0.0,0.0,0.0,0.0,4,4000,3000,0,0,0,0,0
TF,BDS05,44.685222,-0.822972,0, ,0.0,0.0,0.0,0.0,1,3000,0,0,0,0,0,0
TF,ID05Z,44.719639,-0.870611,0, ,0.0,0.0,0.0,0.0,3,3000,0,1,185,0,1,0

FINAL,R05-Z,05,R,3
IF,ID05Z,44.719639,-0.870611, ,0.0,0.0,2,2000,0,1,185,0,0,0
TF,FD05Z,44.760611,-0.812333,0, ,0.0,0.0,45.0,3.5,1,2000,0,0,0,0,2,0
TF,RW05,44.819103,-0.728983,0, ,0.0,0.0,45.0,5.0,1,209,0,0,0,0,3,1
TF,BD050,44.854917,-0.677694,0, ,0.0,0.0,0.0,0.0,3,4000,0,1,220,0,0,1
TF,ETPAR,45.195917,-0.861778,0, ,0.0,0.0,0.0,0.0,3,4000,0,0,0,0,0,1
HM,ETPAR,45.195917,-0.861778,1, ,0.0,0.0,165.0,04.6,2,4000,0,1,220,0,0,0,0

APPTR,R11,11,DIRAX
IF,DIRAX,44.552139,-0.454389, ,0.0,0.0,0,0,0,0,0,0,1,0
TF,BD113,44.912972,-0.463472,0, ,0.0,0.0,0.0,0.0,1,4000,0,1,220,0,0,0
TF,BD111,44.948833,-0.900833,0, ,0.0,0.0,0.0,0.0,1,3000,0,1,220,0,0,0
TF,IBD11,44.873778,-0.931611,0, ,0.0,0.0,0.0,0.0,1,2000,0,1,190,0,1,0

APPTR,R11,11,ETPAR
IF,ETPAR,45.195917,-0.861778, ,0.0,0.0,0,0,0,1,220,0,1,0
TF,BD111,44.948833,-0.900833,0, ,0.0,0.0,0.0,0.0,1,3000,0,1,220,0,0,0
TF,IBD11,44.873778,-0.931611,0, ,0.0,0.0,0.0,0.0,1,2000,0,1,190,0,1,0

APPTR,R11,11,LIBRU
IF,LIBRU,44.889667,-0.189917, ,0.0,0.0,0,0,0,0,0,0,1,0
TF,BD113,44.912972,-0.463472,0, ,0.0,0.0,0.0,0.0,1,4000,0,1,220,0,0,0
TF,BD111,44.948833,-0.900833,0, ,0.0,0.0,0.0,0.0,1,3000,0,1,220,0,0,0
TF,IBD11,44.873778,-0.931611,0, ,0.0,0.0,0.0,0.0,1,2000,0,1,190,0,1,0

APPTR,R11,11,VAGNA
IF,VAGNA,45.095361,-0.337278, ,0.0,0.0,0,0,0,0,0,0,1,0
TF,BD111,44.948833,-0.900833,0, ,0.0,0.0,0.0,0.0,1,3000,0,1,220,0,0,0
TF,IBD11,44.873778,-0.931611,0, ,0.0,0.0,0.0,0.0,1,2000,0,1,190,0,1,0

FINAL,R11,11,R,3
IF,IBD11,44.873778,-0.931611, ,0.0,0.0,1,2000,0,1,190,0,0,0
TF,FBD11,44.855139,-0.841972,0, ,0.0,0.0,106.0,4.0,1,2000,0,0,0,0,2,0
TF,RW11,44.831567,-0.729242,0, ,0.0,0.0,106.0,5.0,1,202,0,0,0,0,3,1
TF,BD110,44.821944,-0.683417,0, ,0.0,0.0,0.0,0.0,3,3000,0,1,185,0,0,1
DF,BD112,44.697222,-0.721389,2, ,0.0,0.0,0,0,0,1,220,0,0,0
TF,BD114,44.494444,-0.689444,0, ,0.0,0.0,0.0,0.0,2,5000,0,0,0,0,0,0
TF,DIRAX,44.552139,-0.454389,1, ,0.0,0.0,0.0,0.0,0,0,0,1,220,0,0,1
HM,DIRAX,44.552139,-0.454389,1, ,0.0,0.0,325.0,04.2,2,5000,0,1,220,0,0,0,0

APPTR,R23,23,DIRAX
IF,DIRAX,44.552139,-0.454389, ,0.0,0.0,0,0,0,0,0,0,1,0
TF,BD232,44.894917,-0.358861,0, ,0.0,0.0,0.0,0.0,0,0,0,1,220,0,0,0
TF,IBD23,44.987806,-0.487111,0, ,0.0,0.0,0.0,0.0,3,4200,0,1,210,0,1,0

APPTR,R23,23,ETPAR
IF,ETPAR,45.195917,-0.861778, ,0.0,0.0,0,0,0,0,0,0,1,0
TF,BD231,45.087139,-0.623944,0, ,0.0,0.0,0.0,0.0,0,0,0,1,220,0,0,0
TF,IBD23,44.987806,-0.487111,0, ,0.0,0.0,0.0,0.0,3,4200,0,1,210,0,1,0

APPTR,R23,23,LIBRU
IF,LIBRU,44.889667,-0.189917, ,0.0,0.0,0,0,0,0,0,0,1,0
TF,BD232,44.894917,-0.358861,0, ,0.0,0.0,0.0,0.0,0,0,0,1,220,0,0,0
TF,IBD23,44.987806,-0.487111,0, ,0.0,0.0,0.0,0.0,3,4200,0,1,210,0,1,0

APPTR,R23,23,VAGNA
IF,VAGNA,45.095361,-0.337278, ,0.0,0.0,0,0,0,0,0,0,1,0
TF,IBD23,44.987806,-0.487111,0, ,0.0,0.0,0.0,0.0,3,4200,0,1,210,0,1,0

FINAL,R23,23,R,3
IF,IBD23,44.987806,-0.487111, ,0.0,0.0,2,3000,0,1,210,0,0,0
TF,FBD23,44.941333,-0.553944,0, ,0.0,0.0,225.0,4.0,1,3000,0,0,0,0,2,0
TF,RW23,44.838694,-0.701000,0, ,0.0,0.0,225.0,8.8,1,205,0,0,0,0,3,1
TF,BD230,44.790722,-0.769528,0, ,0.0,0.0,0.0,0.0,3,4000,0,1,210,0,0,1
DF,ETPAR,45.195917,-0.861778,2, ,0.0,0.0,1,4000,0,1,220,0,0,1
HM,ETPAR,45.195917,-0.861778,1, ,0.0,0.0,165.0,04.6,2,4000,0,1,220,0,0,0,0

APPTR,R29,29,DIRAX
IF,DIRAX,44.552139,-0.454389, ,0.0,0.0,0,0,0,1,220,0,1,0
TF,BD292,44.665083,-0.430222,0, ,0.0,0.0,0.0,0.0,4,6000,3000,1,220,0,0,0
TF,IBD29,44.763917,-0.409000,0, ,0.0,0.0,0.0,0.0,3,4000,0,1,200,0,1,0

APPTR,R29,29,ETPAR
IF,ETPAR,45.195917,-0.861778, ,0.0,0.0,0,0,0,1,220,0,1,0
TF,BD291,44.852278,-0.371861,0, ,0.0,0.0,0.0,0.0,3,6000,0,1,220,0,0,0
TF,IBD29,44.763917,-0.409000,0, ,0.0,0.0,0.0,0.0,3,4000,0,1,200,0,1,0

APPTR,R29,29,LIBRU
IF,LIBRU,44.889667,-0.189917, ,0.0,0.0,0,0,0,1,220,0,1,0
TF,IBD29,44.763917,-0.409000,0, ,0.0,0.0,0.0,0.0,3,4000,0,1,200,0,1,0

APPTR,R29,29,VAGNA
IF,VAGNA,45.095361,-0.337278, ,0.0,0.0,0,0,0,1,220,0,1,0
TF,BD291,44.852278,-0.371861,0, ,0.0,0.0,0.0,0.0,3,6000,0,1,220,0,0,0
TF,IBD29,44.763917,-0.409000,0, ,0.0,0.0,0.0,0.0,3,4000,0,1,200,0,1,0

FINAL,R29,29,R,3
IF,IBD29,44.763917,-0.409000, ,0.0,0.0,2,3000,0,1,200,0,0,0
TF,FBD29,44.783917,-0.503167,0, ,0.0,0.0,286.0,4.2,1,3000,0,0,0,0,2,0
TF,RW29,44.825411,-0.699900,0, ,0.0,0.0,286.0,8.8,1,210,0,0,0,0,3,1
TF,BD290,44.835056,-0.745917,0, ,0.0,0.0,0.0,0.0,0,0,0,1,185,0,0,1
TF,ETPAR,45.195917,-0.861778,0, ,0.0,0.0,0.0,0.0,2,4000,0,1,220,0,0,1
HM,ETPAR,45.195917,-0.861778,1, ,0.0,0.0,165.0,04.6,2,4000,0,1,220,0,0,0,0

