SID,LUSO6E,09,5
CA,0,92.0,2,1600,0,0,0,0,0,0
DF,LUSON,46.500000,-1.350833,1, ,0.0,0.0,0,0,0,0,0,0,0,0

SID,LUSO6W,27,5
DF,DER27,46.179661,-1.210464,0, ,0.0,0.0,0,0,0,0,0,0,0,1
CA,0,287.0,2,1600,0,0,0,0,0,0
DF,LUSON,46.500000,-1.350833,0, ,0.0,0.0,0,0,0,0,0,0,0,0

SID,MARE6E,09,5
CA,0,92.0,2,1600,0,0,0,0,0,0
DF,MAREN,45.733333,-1.061667,0, ,0.0,0.0,0,0,0,0,0,0,0,0

SID,MARE6W,27,5
CA,0,272.0,2,1600,0,0,0,0,0,0
DF,MAREN,45.733333,-1.061667,1, ,0.0,0.0,0,0,0,0,0,0,0,0

STAR,LUGE6L,ALL,2
IF,LUGEN,46.583333,-0.861111, ,0.0,0.0,0,0,0,0,0,0,0,0
TF,RL,46.176361,-1.099028,0, ,0.0,0.0,0.0,0.0,0,0,0,0,0,0,0,0

STAR,LUSO6C,09,5
IF,LUSON,46.500000,-1.350833, ,0.0,0.0,3,10000,0,0,0,0,0,0
TF,BH092,46.312778,-1.413611,0, ,0.0,0.0,0.0,0.0,3,5000,0,1,200,0,0,0

STAR,LUSO6L,ALL,2
IF,LUSON,46.500000,-1.350833, ,0.0,0.0,0,0,0,0,0,0,0,0
TF,D346N,46.396192,-1.269692,0, ,0.0,0.0,0.0,0.0,0,0,0,0,0,0,0,0
TF,D353I,46.326942,-1.215761,0, ,0.0,0.0,0.0,0.0,0,0,0,0,0,0,0,1
CI,0, ,0.0,179.0,0,0,0,0,0,0,0,0
CF,RL,46.176361,-1.099028,0,CNA,313.5,45.3,138.0,8.0,0,0,0,0,0,0,0,0

STAR,LUSO6M,27,5
IF,LUSON,46.500000,-1.350833, ,0.0,0.0,3,10000,0,0,0,0,0,0
TF,BH272,46.380833,-1.112500,0, ,0.0,0.0,0.0,0.0,1,2500,0,0,0,0,0,0
TF,XERGI,46.272000,-0.896667,0, ,0.0,0.0,0.0,0.0,1,2500,0,1,200,0,0,0

STAR,MARE6C,09,5
IF,MAREN,45.733333,-1.061667, ,0.0,0.0,3,10000,0,0,0,0,0,0
TF,BH091,46.057306,-1.368083,0, ,0.0,0.0,0.0,0.0,3,5000,0,1,200,0,0,0

STAR,MARE6L,ALL,2
IF,MAREN,45.733333,-1.061667, ,0.0,0.0,0,0,0,0,0,0,0,0
TF,D160N,45.966417,-1.081247,0, ,0.0,0.0,0.0,0.0,0,0,0,0,0,0,0,0
TF,RL,46.176361,-1.099028,0, ,0.0,0.0,0.0,0.0,0,0,0,0,0,0,0,0

STAR,MARE6M,27,5
IF,MAREN,45.733333,-1.061667, ,0.0,0.0,3,10000,0,0,0,0,0,0
TF,BH271,45.965333,-0.956611,0, ,0.0,0.0,0.0,0.0,1,2500,0,0,0,0,0,0
TF,DEGAX,46.065389,-0.911028,0, ,0.0,0.0,0.0,0.0,1,2500,0,1,200,0,0,0

APPTR,I27,27,BEMAX
IF,BEMAX,46.165556,-0.759722, ,0.0,0.0,0,0,0,0,0,0,1,0
CF,D093N,46.169964,-0.867447,0,CNA,323.0,38.5,273.0,4.5,2,2500,0,0,0,0,1,0
CF,CF27,46.172489,-0.972917,0,RL,92.4,10.0,273.0,4.4,2,2500,0,0,0,0,0,0

APPTR,I27,27,RL1
IF,RL,46.176361,-1.099028, ,0.0,0.0,0,0,0,0,0,0,1,0
CF,D116K,46.125964,-0.950706,0,CNA,316.5,38.7,116.0,6.9,2,2500,0,1,200,0,0,1
CF,CF27,46.172489,-0.972917,1,RL,92.4,10.0,272.0,2.0,2,2500,0,0,0,0,0,0

APPTR,I27,27,RL2
IF,RL,46.176361,-1.099028, ,0.0,0.0,0,0,0,0,0,0,1,0
CF,D111I,46.144708,-0.980628,0,CNA,316.3,40.4,111.0,5.3,2,2500,0,1,150,0,0,1
CF,CF27,46.172489,-0.972917,1,RL,92.4,10.0,272.0,1.0,2,2500,0,0,0,0,0,0

FINAL,I27,27,I,3
IF,CF27,46.172489,-0.972917,RL,92.4,10.0,2,2500,0,0,0,0,0,0
CF,FF27,46.173972,-1.020836,0,RL,92.4,8.0,272.0,2.0,1,2500,0,0,0,0,2,0
CF,RW27,46.178994,-1.187864,0,RL,92.4,1.0,272.0,7.0,1,119,0,0,0,0,3,0
CF,D272H,46.183989,-1.394756,0,CNA,305.1,55.2,272.0,8.6,1,2500,0,0,0,0,0,1
CA,0,349.0,2,4000,0,1,220,0,0,0
DF,RL,46.176361,-1.099028,2, ,0.0,0.0,1,4000,0,0,0,0,0,0

APPTR,N27-Y,27,RL1
IF,RL,46.176361,-1.099028, ,0.0,0.0,0,0,0,0,0,0,1,0
CF,D123E,46.130942,-0.998533,0,CNA,314.8,40.4,123.0,5.0,2,2500,0,1,200,0,0,1
CF,D093E,46.171936,-0.979278,1,CNA,318.0,41.6,273.0,1.0,2,2500,0,0,0,0,0,0
CF,RL,46.176361,-1.099028,0,CNA,313.5,45.3,273.0,5.0,2,1380,0,0,0,0,0,0

APPTR,N27-Y,27,RL2
IF,RL,46.176361,-1.099028, ,0.0,0.0,0,0,0,0,0,0,1,0
CF,D110E,46.147811,-0.986394,0,CNA,316.3,40.7,110.0,5.0,2,2500,0,1,150,0,0,1
CF,D093E,46.171936,-0.979278,1,CNA,318.0,41.6,273.0,1.0,2,2500,0,0,0,0,0,0
CF,RL,46.176361,-1.099028,0,CNA,313.5,45.3,273.0,5.0,2,1380,0,0,0,0,0,0

FINAL,N27-Y,27,N,2
IF,RL,46.176361,-1.099028,RL,0.0,0.0,2,1380,0,0,0,0,2,0
CF,MN27Y,46.178031,-1.168725,0,RL,0.0,0.0,272.0,2.9,1,390,0,0,0,0,3,0
CA,0,272.0,2,1500,0,0,0,0,0,0
DF,RL,46.176361,-1.099028,2, ,0.0,0.0,1,2500,0,1,220,0,0,0

APPTR,Q27-Z,27,BEMAX
IF,BEMAX,46.165556,-0.759722, ,0.0,0.0,0,0,0,0,0,0,1,0
CF,D093N,46.169964,-0.867447,0,CNA,323.0,38.5,273.0,4.5,2,2500,0,0,0,0,1,0
CF,FQ27Z,46.174436,-1.020839,0,CNA,316.4,42.9,273.0,6.4,2,2500,0,0,0,0,0,0

APPTR,Q27-Z,27,RL1
IF,RL,46.176361,-1.099028, ,0.0,0.0,0,0,0,0,0,0,1,0
CF,D116K,46.125964,-0.950706,0,CNA,316.5,38.7,116.0,6.9,2,2500,0,1,200,0,0,1
CF,FQ27Z,46.174436,-1.020839,1,CNA,316.4,42.9,273.0,4.0,2,2500,0,0,0,0,0,0

APPTR,Q27-Z,27,RL2
IF,RL,46.176361,-1.099028, ,0.0,0.0,0,0,0,0,0,0,1,0
CF,D111I,46.144708,-0.980628,0,CNA,316.3,40.4,111.0,5.3,2,2500,0,1,150,0,0,1
CF,FQ27Z,46.174436,-1.020839,1,CNA,316.4,42.9,273.0,3.0,2,2500,0,0,0,0,0,0

FINAL,Q27-Z,27,N,3
IF,FQ27Z,46.174436,-1.020839,RL,0.0,0.0,2,2500,0,0,0,0,2,0
CF,RL,46.176361,-1.099028,0,RL,0.0,0.0,272.0,3.3,2,1380,0,0,0,0,0,0
CF,MQ27Z,46.177989,-1.167069,0,RL,0.0,1.0,272.0,2.8,1,413,0,0,0,0,3,0
CF,D272H,46.183989,-1.394756,0,CNA,305.1,55.2,272.0,9.5,1,2500,0,0,0,0,0,1
CA,0,349.0,2,4000,0,1,220,0,0,0
DF,RL,46.176361,-1.099028,2, ,0.0,0.0,1,4000,0,0,0,0,0,0

APPTR,R09,09,BH091
IF,BH091,46.057306,-1.368083, ,0.0,0.0,3,5000,0,1,200,0,1,0
TF,BH093,46.159444,-1.472778,0, ,0.0,0.0,0.0,0.0,3,3000,0,1,200,0,0,0
TF,IBH09,46.185250,-1.405944,2, ,0.0,0.0,0.0,0.0,4,2500,2000,1,185,0,1,0
TF,FBH09,46.183083,-1.329250,0, ,0.0,0.0,0.0,0.0,1,2000,0,0,0,0,0,0

APPTR,R09,09,BH092
IF,BH092,46.312778,-1.413611, ,0.0,0.0,3,5000,0,1,200,0,1,0
TF,BH094,46.215306,-1.469972,0, ,0.0,0.0,0.0,0.0,3,3000,0,1,200,0,0,0
TF,IBH09,46.185250,-1.405944,0, ,0.0,0.0,0.0,0.0,4,2500,2000,1,185,0,1,0
TF,FBH09,46.183083,-1.329250,0, ,0.0,0.0,0.0,0.0,1,2000,0,0,0,0,0,0

APPTR,R09,09,RL
IF,RL,46.176361,-1.099028, ,0.0,0.0,3,5000,0,1,200,0,1,0
DF,BH091,46.057306,-1.368083,2, ,0.0,0.0,3,5000,0,1,200,0,0,0
TF,BH093,46.159444,-1.472778,0, ,0.0,0.0,0.0,0.0,3,3000,0,1,200,0,0,0
TF,IBH09,46.185250,-1.405944,2, ,0.0,0.0,0.0,0.0,4,2500,2000,1,185,0,1,0
TF,FBH09,46.183083,-1.329250,0, ,0.0,0.0,0.0,0.0,1,2000,0,0,0,0,0,0

FINAL,R09,09,R,2
IF,FBH09,46.183083,-1.329250, ,0.0,0.0,1,2000,0,0,0,0,2,0
TF,RW09,46.179556,-1.206919,0, ,0.0,0.0,92.0,5.1,1,108,0,0,0,0,3,1
TF,RL,46.176361,-1.099028,0, ,0.0,0.0,0.0,0.0,3,4000,0,1,200,0,0,1
DF,BH091,46.057306,-1.368083,2, ,0.0,0.0,3,5000,0,1,200,0,0,0

APPTR,R27,27,BEMAX
IF,BEMAX,46.165556,-0.759722, ,0.0,0.0,1,3000,0,0,0,0,1,0
TF,IBH27,46.170278,-0.903722,0, ,0.0,0.0,0.0,0.0,1,2500,0,1,185,0,1,0

APPTR,R27,27,DEGAX
IF,DEGAX,46.065389,-0.911028, ,0.0,0.0,1,2500,0,1,200,0,1,0
TF,IBH27,46.170278,-0.903722,0, ,0.0,0.0,0.0,0.0,1,2500,0,1,185,0,1,0

APPTR,R27,27,RL
IF,RL,46.176361,-1.099028, ,0.0,0.0,4,9000,2500,1,220,0,1,0
TF,BH501,46.113944,-0.971528,0, ,0.0,0.0,0.0,0.0,1,2500,0,1,200,0,0,0
TF,BH505,46.112028,-0.907778,0, ,0.0,0.0,0.0,0.0,1,2500,0,1,200,0,0,0
TF,IBH27,46.170278,-0.903722,0, ,0.0,0.0,0.0,0.0,1,2500,0,1,185,0,1,0

APPTR,R27,27,XERGI
IF,XERGI,46.272000,-0.896667, ,0.0,0.0,1,2500,0,1,200,0,1,0
TF,IBH27,46.170278,-0.903722,0, ,0.0,0.0,0.0,0.0,1,2500,0,1,185,0,1,0

FINAL,R27,27,R,3
IF,IBH27,46.170278,-0.903722, ,0.0,0.0,1,2500,0,1,185,0,0,0
TF,FBH27,46.173944,-1.019917,0, ,0.0,0.0,272.0,4.9,1,2500,0,0,0,0,2,0
TF,RW27,46.178994,-1.187864,0, ,0.0,0.0,272.0,7.0,1,119,0,0,0,0,3,1
TF,BH512,46.184861,-1.393972,0, ,0.0,0.0,0.0,0.0,3,2500,0,1,220,0,0,1
TF,BH514,46.336833,-1.464111,0, ,0.0,0.0,0.0,0.0,2,4000,0,1,220,0,0,1
DF,RL,46.176361,-1.099028,2, ,0.0,0.0,3,9000,0,1,220,0,0,0

