SID,ENSA1E,09,2
CA,0,87.0,2,1200,0,1,220,0,0,0
CI,1, ,0.0,288.0,0,0,0,0,0,0,0,0
CF,ENSAC,44.200000,-0.690278,0,LGH,334.1,19.3,334.0,14.0,0,0,0,0,0,0,0,0

SID,ENSA1W,27,2
CA,0,267.0,2,1200,0,1,220,0,0,0
CI,2, ,0.0,32.0,0,0,0,0,0,0,0,0
CF,ENSAC,44.200000,-0.690278,0,LGH,334.1,19.3,334.0,14.0,0,0,0,0,0,0,0,0

APPTR,I27,27,CORMA
IF,CORMA,43.921639,-0.204944, ,0.0,0.0,2,3200,0,0,0,0,1,0
CF,CI27,43.919528,-0.274194,0,MDM,87.2,11.6,267.0,3.0,2,2200,0,0,0,0,1,0

APPTR,I27,27,LMB
IF,LMB,43.466667,-0.018417, ,0.0,0.0,0,0,0,0,0,0,0,0
TF,D126M,43.783650,-0.261128,0, ,0.0,0.0,0.0,0.0,2,3200,0,0,0,0,0,0
AF,D096M,43.886906,-0.206417,1,MDM,96.0,13.0,126.0,2,3200,0,0,0,0,0,1
CF,CI27,43.919528,-0.274194,0,MDM,87.2,11.6,267.0,3.0,2,2200,0,0,0,0,1,0

FINAL,I27,27,I,3
IF,CI27,43.919528,-0.274194,MDM,87.2,11.6,2,2200,0,0,0,0,0,0
CF,FF27,43.917083,-0.347361,0,MDM,87.2,8.4,267.0,3.2,1,2200,0,0,0,0,2,0
CF,RW27,43.912242,-0.488472,0,MDM,87.2,2.3,267.0,6.1,1,249,0,0,0,0,3,0
FD,RW27,43.912242,-0.488472,0,MDM,78.5,2.0,267.0,2.0,0,0,0,0,0,0,0,0
CI,2, ,0.0,128.0,1,3200,0,0,0,0,0,0
CF,CORMA,43.921639,-0.204944,0,MDM,86.8,13.0,87.0,11.0,1,3200,0,0,0,0,0,0

APPTR,I27-Z,27,LMB
IF,LMB,43.466667,-0.018417, ,0.0,0.0,0,0,0,0,0,0,0,0
TF,D127M,43.778847,-0.257428,0, ,0.0,0.0,0.0,0.0,2,3200,0,0,0,0,0,0
AF,D096N,43.887794,-0.197025,1,LGH,96.0,13.0,127.0,2,3200,0,1,220,0,0,1
CF,CF27,43.919861,-0.264750,0,MDM,87.2,12.0,267.0,3.0,2,2200,0,0,0,0,1,0

APPTR,I27-Z,27,POHKI
IF,POHKI,43.921778,-0.195639, ,0.0,0.0,2,3200,0,0,0,0,1,0
CF,CF27,43.919861,-0.264750,0,MDM,87.2,12.0,267.0,3.0,2,2200,0,0,0,0,1,0

FINAL,I27-Z,27,I,3
IF,CF27,43.919861,-0.264750,MDM,87.2,12.0,2,2200,0,0,0,0,0,0
CF,FF27,43.917083,-0.347361,0,MDM,87.2,8.4,267.0,3.6,1,2200,0,0,0,0,2,0
CF,RW27,43.912242,-0.488472,0,MDM,87.2,2.3,267.0,6.1,1,249,0,0,0,0,3,0
FD,RW27,43.912242,-0.488472,0,LGH,71.3,2.0,267.0,2.0,0,0,0,1,185,0,0,0
CI,2, ,0.0,111.0,1,2200,0,0,0,0,0,0
CF,D071L,43.975653,-0.233114,0,LGH,71.0,12.0,71.0,8.0,1,2200,0,0,0,0,0,1
CF,CF27,43.919861,-0.264750,2,LGH,86.8,10.0,267.0,3.0,1,2200,0,1,220,0,0,0

APPTR,R09,09,BM401
IF,BM401,43.924889,-0.116806, ,0.0,0.0,1,3500,0,1,220,0,1,0
TF,BM422,43.920306,-0.255028,0, ,0.0,0.0,0.0,0.0,0,0,0,0,0,0,0,0
TF,BM423,43.998750,-0.399389,0, ,0.0,0.0,0.0,0.0,0,0,0,0,0,0,0,0
TF,BM421,43.984500,-0.796389,0, ,0.0,0.0,0.0,0.0,4,3500,2200,1,200,0,0,0
TF,BM424,43.901278,-0.790556,0, ,0.0,0.0,0.0,0.0,1,2200,0,0,0,0,1,0

APPTR,R09,09,BM421
IF,BM421,43.984500,-0.796389, ,0.0,0.0,4,3500,2200,1,200,0,1,0
TF,BM424,43.901278,-0.790556,0, ,0.0,0.0,0.0,0.0,1,2200,0,0,0,0,1,0

FINAL,R09,09,R,3
IF,BM424,43.901278,-0.790556, ,0.0,0.0,1,2200,0,1,200,0,0,0
TF,BM425,43.905556,-0.675444,0, ,0.0,0.0,87.0,5.0,1,2200,0,0,0,0,2,0
TF,RW09,43.910717,-0.531778,0, ,0.0,0.0,87.0,6.2,1,213,0,0,0,0,3,1
TF,BM426,43.914333,-0.428139,0, ,0.0,0.0,0.0,0.0,3,2200,0,1,220,0,0,1
DF,BM421,43.984500,-0.796389,1, ,0.0,0.0,3,2200,0,1,200,0,0,0

APPTR,R27,27,BM401
IF,BM401,43.924889,-0.116806, ,0.0,0.0,4,3500,2400,1,220,0,1,0
TF,BM404,43.920917,-0.232000,0, ,0.0,0.0,0.0,0.0,1,2200,0,1,220,0,1,0

APPTR,R27,27,BM402
IF,BM402,44.004167,-0.237556, ,0.0,0.0,1,2200,0,1,220,0,1,0
TF,BM404,43.920917,-0.232000,0, ,0.0,0.0,0.0,0.0,1,2200,0,1,220,0,1,0

APPTR,R27,27,BM403
IF,BM403,43.837667,-0.226417, ,0.0,0.0,1,2400,0,1,220,0,1,0
TF,BM404,43.920917,-0.232000,0, ,0.0,0.0,0.0,0.0,1,2200,0,1,220,0,1,0

FINAL,R27,27,R,3
IF,BM404,43.920917,-0.232000, ,0.0,0.0,1,2200,0,1,220,0,0,0
TF,BM415,43.917083,-0.347361,0, ,0.0,0.0,267.0,5.0,1,2200,0,0,0,0,2,0
TF,RW27,43.912242,-0.488472,0, ,0.0,0.0,267.0,6.1,1,249,0,0,0,0,3,1
TF,BM406,43.907333,-0.626639,0, ,0.0,0.0,0.0,0.0,3,2200,0,1,210,0,0,0
TF,BM407,44.015528,-0.633889,0, ,0.0,0.0,0.0,0.0,1,2200,0,1,210,0,0,0
TF,BM402,44.004167,-0.237556,2, ,0.0,0.0,0.0,0.0,1,2200,0,1,220,0,0,0

