APPTR,R25,25,NIGAG
IF,NIGAG,46.256389,-0.278750, ,0.0,0.0,2,2500,0,1,225,0,1,0
TF,NIPLO,46.313806,-0.078417,0, ,0.0,0.0,0.0,0.0,0,0,0,1,210,0,0,0
TF,IBN25,46.390833,-0.124194,0, ,0.0,0.0,0.0,0.0,2,2500,0,1,190,0,1,0

APPTR,R25,25,NIPLO
IF,NIPLO,46.313806,-0.078417, ,0.0,0.0,0,0,0,1,210,0,1,0
TF,IBN25,46.390833,-0.124194,0, ,0.0,0.0,0.0,0.0,2,2500,0,1,190,0,1,0

APPTR,R25,25,NIRAP
IF,NIRAP,46.467861,-0.170083, ,0.0,0.0,0,0,0,1,210,0,1,0
TF,IBN25,46.390833,-0.124194,0, ,0.0,0.0,0.0,0.0,2,2500,0,1,190,0,1,0

FINAL,R25,25,R,3
IF,IBN25,46.390833,-0.124194, ,0.0,0.0,2,2500,0,1,190,0,1,0
TF,FBN25,46.359056,-0.235472,0, ,0.0,0.0,247.0,5.0,1,2500,0,0,0,0,2,0
TF,RW25,46.313972,-0.392533,0, ,0.0,0.0,247.0,7.1,1,249,0,0,0,0,3,1
TF,BN410,46.295278,-0.457333,0, ,0.0,0.0,0.0,0.0,0,0,0,0,0,0,0,1
DF,NIGAG,46.256389,-0.278750,1, ,0.0,0.0,2,2500,0,1,225,0,0,0

