SID,SOVO2D,13,5
CF,BP914,43.353500,-0.368361,0,TBO,272.4,22.6,125.0,2.2,0,0,0,1,205,0,0,1
DF,BP915,43.440278,-0.456667,1, ,0.0,0.0,0,0,0,0,0,0,0,0
TF,SOVOS,43.386944,-0.900000,0, ,0.0,0.0,0.0,0.0,0,0,0,0,0,0,0,0

SID,SOVO2E,13,2
CD, ,0,0,0,PYR,0,0.0,125.0,2.0,0,0,0,0,0,0,0,0
CF,ORTEZ,43.365556,-0.716667,1,TBO,272.3,37.8,259.0,16.0,0,0,0,0,0,0,0,0
TF,SOVOS,43.386944,-0.900000,0, ,0.0,0.0,0.0,0.0,0,0,0,0,0,0,0,0

SID,SOVO2V,31,5
CF,BP931,43.422556,-0.499722,0,TBO,280.1,28.8,305.0,3.5,0,0,0,1,205,0,0,1
TF,SOVOS,43.386944,-0.900000,0, ,0.0,0.0,0.0,0.0,0,0,0,0,0,0,0,0

SID,SOVO2W,31,2
CD, ,0,0,0,PYR,0,0.0,305.0,2.0,0,0,0,0,0,0,0,0
CA,0,305.0,2,1320,0,0,0,0,0,0
CF,ORTEZ,43.365556,-0.716667,0,TBO,272.3,37.8,259.0,11.0,0,0,0,0,0,0,0,0
TF,SOVOS,43.386944,-0.900000,0, ,0.0,0.0,0.0,0.0,0,0,0,0,0,0,0,0

SID,USAK2D,13,5
CF,BP913,43.338083,-0.339111,0,TBO,270.1,21.2,125.0,3.7,0,0,0,0,0,0,0,0
TF,LMB,43.466667,-0.018417,0, ,0.0,0.0,0.0,0.0,0,0,0,0,0,0,0,0
TF,DISIS,43.541944,0.214722,0, ,0.0,0.0,0.0,0.0,0,0,0,0,0,0,0,0
TF,USAKU,43.624167,0.472222,0, ,0.0,0.0,0.0,0.0,0,0,0,0,0,0,0,0

SID,USAK2E,13,2
CD, ,0,0,0,PYR,0,0.0,125.0,3.0,0,0,0,0,0,0,0,0
CF,LMB,43.466667,-0.018417,0,TBO,317.4,10.8,59.0,16.0,0,0,0,0,0,0,0,0
TF,DISIS,43.541944,0.214722,0, ,0.0,0.0,0.0,0.0,0,0,0,0,0,0,0,0
TF,USAKU,43.624167,0.472222,0, ,0.0,0.0,0.0,0.0,0,0,0,0,0,0,0,0

SID,USAK2V,31,5
DF,D305C,43.399236,-0.455944,0, ,0.0,0.0,0,0,0,0,0,0,0,1
CA,0,305.0,2,1320,0,1,205,0,0,0
DF,BP935,43.474694,-0.326944,2, ,0.0,0.0,0,0,0,1,250,0,0,0
TF,DISIS,43.541944,0.214722,0, ,0.0,0.0,0.0,0.0,0,0,0,0,0,0,0,0
TF,USAKU,43.624167,0.472222,0, ,0.0,0.0,0.0,0.0,0,0,0,0,0,0,0,0

SID,USAK2W,31,2
CD, ,0,0,0,PYR,0,0.0,305.0,2.0,0,0,0,0,0,0,0,0
CA,0,305.0,2,1020,0,0,0,0,0,0
CF,LMB,43.466667,-0.018417,2,TBO,317.4,10.8,89.0,18.0,0,0,0,0,0,0,0,0
TF,DISIS,43.541944,0.214722,0, ,0.0,0.0,0.0,0.0,0,0,0,0,0,0,0,0
TF,USAKU,43.624167,0.472222,0, ,0.0,0.0,0.0,0.0,0,0,0,0,0,0,0,0

SID,USAK2Y,31,5
CF,BP931,43.422556,-0.499722,0,TBO,280.1,28.8,305.0,3.5,0,0,0,1,205,0,0,1
DF,ARSIG,43.315556,-0.447472,1, ,0.0,0.0,2,4000,0,1,250,0,0,0
TF,BP933,43.379417,-0.236389,0, ,0.0,0.0,0.0,0.0,0,0,0,0,0,0,0,0
TF,LMB,43.466667,-0.018417,0, ,0.0,0.0,0.0,0.0,0,0,0,0,0,0,0,0
TF,DISIS,43.541944,0.214722,0, ,0.0,0.0,0.0,0.0,0,0,0,0,0,0,0,0
TF,USAKU,43.624167,0.472222,0, ,0.0,0.0,0.0,0.0,0,0,0,0,0,0,0,0

SID,USAK2Z,31,2
CD, ,0,0,0,PYR,0,0.0,305.0,2.0,0,0,0,0,0,0,0,0
CA,0,305.0,2,1320,0,0,0,0,0,0
FA,LMB,43.466667,-0.018417,0,TBO,0.0,0.0,259.0,2,3000,0,0,0,0,0,0
DF,PU,43.320528,-0.305111,1, ,0.0,0.0,0,0,0,0,0,0,0,0
TF,LMB,43.466667,-0.018417,0, ,0.0,0.0,0.0,0.0,0,0,0,0,0,0,0,0
TF,DISIS,43.541944,0.214722,0, ,0.0,0.0,0.0,0.0,0,0,0,0,0,0,0,0
TF,USAKU,43.624167,0.472222,0, ,0.0,0.0,0.0,0.0,0,0,0,0,0,0,0,0

STAR,AGN7R,ALL,5
IF,AGN,43.888028,0.872861, ,0.0,0.0,3,19000,0,0,0,0,0,0
TF,D215T,43.619336,0.605572,0, ,0.0,0.0,0.0,0.0,3,14000,0,0,0,0,0,0
TF,TEPTI,43.409333,0.398750,0, ,0.0,0.0,0.0,0.0,4,14000,7000,1,250,0,0,0

STAR,SOVO7C,ALL,2
IF,SOVOS,43.386944,-0.900000, ,0.0,0.0,3,14000,0,0,0,0,0,0
TF,ORTEZ,43.365556,-0.716667,0, ,0.0,0.0,0.0,0.0,3,10000,0,1,200,0,0,0
TF,D087I,43.309503,-0.584233,0, ,0.0,0.0,0.0,0.0,0,0,0,0,0,0,0,0
TF,ATWIX,43.337222,-0.501611,0, ,0.0,0.0,0.0,0.0,3,8000,0,1,200,0,0,0
TF,ARSIG,43.315556,-0.447472,0, ,0.0,0.0,0.0,0.0,1,5000,0,1,200,0,0,0

STAR,SOVO7R,ALL,5
IF,SOVOS,43.386944,-0.900000, ,0.0,0.0,3,14000,0,0,0,0,0,0
TF,ORTEZ,43.365556,-0.716667,0, ,0.0,0.0,0.0,0.0,3,10000,0,0,0,0,0,0
TF,ATWIX,43.337222,-0.501611,0, ,0.0,0.0,0.0,0.0,0,0,0,1,210,0,0,0
TF,ARSIG,43.315556,-0.447472,0, ,0.0,0.0,0.0,0.0,1,5000,0,1,200,0,0,0

STAR,TOU7C,ALL,2
IF,TOU,43.680833,1.309806, ,0.0,0.0,3,22000,0,0,0,0,0,0
TF,D067Z,43.498931,0.694561,0, ,0.0,0.0,0.0,0.0,3,14000,0,0,0,0,0,0
TF,MABOL,43.458056,0.558333,0, ,0.0,0.0,0.0,0.0,3,11000,0,0,0,0,0,0
TF,TEPTI,43.409333,0.398750,0, ,0.0,0.0,0.0,0.0,1,7000,0,0,0,0,0,0

STAR,TOU7R,ALL,5
IF,TOU,43.680833,1.309806, ,0.0,0.0,3,22000,0,0,0,0,0,0
TF,TOU27,43.508833,0.727678,0, ,0.0,0.0,0.0,0.0,3,14000,0,0,0,0,0,0
TF,MABOL,43.458056,0.558333,0, ,0.0,0.0,0.0,0.0,3,11000,0,0,0,0,0,0
TF,TEPTI,43.409333,0.398750,0, ,0.0,0.0,0.0,0.0,2,7000,0,1,250,0,0,0

APPTR,I31,31,BAGRO
IF,BAGRO,43.209833,-0.097278, ,0.0,0.0,2,5000,0,0,0,0,1,0
TF,IBP31,43.268667,-0.207833,0, ,0.0,0.0,0.0,0.0,1,3000,0,1,210,0,1,0
CF,CF31,43.283511,-0.235644,0,PYR,125.8,10.8,305.0,1.5,1,3000,0,1,190,0,0,0

APPTR,I31,31,OSVEG
IF,OSVEG,43.305472,-0.108972, ,0.0,0.0,3,5000,0,1,190,0,1,0
TF,IBP31,43.268667,-0.207833,0, ,0.0,0.0,0.0,0.0,1,3000,0,0,0,0,1,0
CF,CF31,43.283511,-0.235644,0,PYR,125.8,10.8,305.0,1.5,1,3000,0,1,190,0,0,0

APPTR,I31,31,PU
HF,PU,43.320528,-0.305111,2, ,0.0,0.0,306.0,04.3,1,3000,0,1,190,0,1,0,0

APPTR,I31,31,TEPT1
IF,TEPTI,43.409333,0.398750, ,0.0,0.0,4,10000,7000,0,0,0,1,0
TF,LALTA,43.183667,0.178472,0, ,0.0,0.0,0.0,0.0,4,10000,7000,1,220,0,0,0
TF,SUDAD,43.163889,-0.011111,0, ,0.0,0.0,0.0,0.0,4,9000,7000,0,0,0,0,0
TF,BAGRO,43.209833,-0.097278,0, ,0.0,0.0,0.0,0.0,2,5000,0,0,0,0,0,0
TF,IBP31,43.268667,-0.207833,0, ,0.0,0.0,0.0,0.0,1,3000,0,1,210,0,1,0
CF,CF31,43.283511,-0.235644,0,PYR,125.8,10.8,305.0,1.5,1,3000,0,1,190,0,0,0

APPTR,I31,31,TEPT2
IF,TEPTI,43.409333,0.398750, ,0.0,0.0,4,10000,7000,0,0,0,1,0
TF,OSVEG,43.305472,-0.108972,0, ,0.0,0.0,0.0,0.0,3,5000,0,1,190,0,0,0
TF,IBP31,43.268667,-0.207833,0, ,0.0,0.0,0.0,0.0,1,3000,0,0,0,0,1,0
CF,CF31,43.283511,-0.235644,0,PYR,125.8,10.8,305.0,1.5,1,3000,0,1,190,0,0,0

FINAL,I31,31,I,3
IF,CF31,43.283511,-0.235644,PYR,125.8,10.8,1,3000,0,1,190,0,0,0
CF,FI31,43.303000,-0.272694,0,PYR,125.8,8.8,305.0,2.0,1,3000,0,0,0,0,2,0
CF,RW31,43.374497,-0.408242,0,PYR,125.8,1.5,305.0,7.3,1,668,0,0,0,0,3,0
CF,D305B,43.396197,-0.450758,0,TBO,277.6,26.4,305.0,2.3,0,0,0,1,185,0,0,1
CI,2, ,0.0,43.0,0,0,0,0,0,0,0,0
CF,PYR15,43.467772,-0.093567,0,TBO,306.9,13.3,88.0,16.0,1,4000,0,1,190,0,0,1
CF,PO,43.314111,-0.166222,2,TBO,264.6,13.7,215.0,10.0,0,0,0,0,0,0,0,0
CF,D107E,43.293794,-0.185692,0,TBO,260.1,14.7,215.0,1.5,0,0,0,0,0,0,0,1
CF,PU,43.320528,-0.305111,2,TBO,267.1,19.8,305.0,5.0,0,0,0,0,0,0,0,0

APPTR,N31-X,31,ARSI1
IF,ARSIG,43.315556,-0.447472, ,0.0,0.0,0,0,0,0,0,0,1,0
CF,PU,43.320528,-0.305111,0,TBO,267.1,19.8,87.0,6.2,0,0,0,0,0,0,0,0
FC,PU,43.320528,-0.305111,0,TBO,0.0,0.0,98.0,4.6,1,3000,0,1,185,0,0,1
CF,D126C,43.288175,-0.244186,2,TBO,260.3,17.3,306.0,3.0,2,3000,0,0,0,0,0,0
CF,PU,43.320528,-0.305111,0,TBO,267.1,19.8,306.0,3.3,2,2420,0,0,0,0,0,0

APPTR,N31-X,31,ARSI2
IF,ARSIG,43.315556,-0.447472, ,0.0,0.0,0,0,0,0,0,0,1,0
CF,PU,43.320528,-0.305111,0,TBO,267.1,19.8,87.0,6.2,0,0,0,0,0,0,0,0
FC,PU,43.320528,-0.305111,0,TBO,0.0,0.0,107.0,3.3,1,3000,0,1,100,0,0,1
CF,D126C,43.288175,-0.244186,2,TBO,260.3,17.3,306.0,3.0,1,3000,0,0,0,0,0,0
CF,PU,43.320528,-0.305111,0,TBO,267.1,19.8,306.0,3.3,2,2420,0,0,0,0,0,0

APPTR,N31-X,31,PU
HF,PU,43.320528,-0.305111,2, ,0.0,0.0,306.0,04.3,1,3000,0,1,190,0,1,0,0

FINAL,N31-X,31,N,2
IF,PU,43.320528,-0.305111,PU,0.0,0.0,2,2420,0,0,0,0,2,0
CF,MN31,43.363522,-0.389331,0,PU,0.0,0.0,305.0,4.5,1,1005,0,0,0,0,3,0
CA,0,305.0,2,1300,0,1,185,0,0,0
CI,2, ,0.0,40.0,0,0,0,0,0,0,0,0
CF,PYR15,43.467772,-0.093567,0,TBO,306.9,13.3,88.0,14.0,2,4000,0,1,190,0,0,1
CF,PO,43.314111,-0.166222,2,TBO,264.6,13.7,215.0,10.0,0,0,0,0,0,0,0,0
CF,D107E,43.293794,-0.185692,0,TBO,260.1,14.7,215.0,1.5,0,0,0,0,0,0,0,1
CF,PU,43.320528,-0.305111,2,TBO,267.1,19.8,306.0,5.0,0,0,0,0,0,0,0,0

APPTR,Q31-Y,31,ARSI1
IF,ARSIG,43.315556,-0.447472, ,0.0,0.0,0,0,0,0,0,0,1,0
CF,PU,43.320528,-0.305111,0,TBO,267.1,19.8,87.0,6.2,0,0,0,0,0,0,0,0
FC,PU,43.320528,-0.305111,0,TBO,0.0,0.0,98.0,4.6,1,3000,0,1,185,0,0,1
CF,CF31,43.283511,-0.235644,2,TBO,259.2,17.0,305.0,2.0,1,3000,0,0,0,0,0,0

APPTR,Q31-Y,31,ARSI2
IF,ARSIG,43.315556,-0.447472, ,0.0,0.0,0,0,0,0,0,0,1,0
CF,PU,43.320528,-0.305111,0,TBO,267.1,19.8,87.0,6.2,0,0,0,0,0,0,0,0
FC,PU,43.320528,-0.305111,0,TBO,0.0,0.0,107.0,3.3,1,3000,0,1,100,0,0,1
CF,CF31,43.283511,-0.235644,2,TBO,259.2,17.0,305.0,2.0,1,3000,0,0,0,0,0,0

APPTR,Q31-Y,31,PO
IF,PO,43.314111,-0.166222, ,0.0,0.0,0,0,0,0,0,0,1,0
CF,D107E,43.293794,-0.185692,0,TBO,260.1,14.7,215.0,1.5,2,3000,0,0,0,0,0,1
CF,CF31,43.283511,-0.235644,2,TBO,259.2,17.0,305.0,1.0,1,3000,0,0,0,0,0,0

APPTR,Q31-Y,31,PU
HF,PU,43.320528,-0.305111,2, ,0.0,0.0,306.0,04.3,2,3000,0,1,190,0,1,0,0

APPTR,Q31-Y,31,TEPTI
IF,TEPTI,43.409333,0.398750, ,0.0,0.0,0,0,0,0,0,0,1,0
CF,TBO,43.332222,0.145750,0,TBO,0.0,0.0,247.0,12.0,0,0,0,0,0,0,0,0
CF,D265I,43.321572,-0.059239,0,TBO,265.0,9.0,265.0,9.0,2,5000,0,0,0,0,0,0
CF,D265M,43.315739,-0.138767,0,TBO,264.6,12.5,265.0,3.5,0,0,0,1,190,0,0,0
CF,PO,43.314111,-0.166222,0,TBO,264.6,13.7,265.0,1.2,0,0,0,0,0,0,0,0
CF,D107E,43.293794,-0.185692,0,TBO,260.1,14.7,215.0,1.5,2,3000,0,0,0,0,0,1
CF,CF31,43.283511,-0.235644,2,TBO,259.2,17.0,305.0,1.0,1,3000,0,0,0,0,0,0

FINAL,Q31-Y,31,N,5
IF,CF31,43.283511,-0.235644,PU,0.0,0.0,1,3000,0,0,0,0,0,0
CF,FQ31,43.303111,-0.272389,0,PU,0.0,0.0,306.0,2.0,1,3000,0,0,0,0,2,0
CF,PU,43.320528,-0.305111,0,PU,0.0,0.0,305.0,1.8,2,2420,0,0,0,0,0,0
CF,35LO2,43.341811,-0.346775,0,PU,0.0,0.0,305.0,2.2,2,1720,0,0,0,0,0,0
CF,MQ31,43.362825,-0.387964,0,PYR,0.0,1.3,305.0,2.2,1,1028,0,0,0,0,3,0
CF,D305H,43.394317,-0.449800,0,TBO,277.3,26.3,305.0,3.3,0,0,0,1,185,0,0,1
CF,PYR15,43.467772,-0.093567,2,TBO,306.9,13.3,88.0,15.0,1,4000,0,1,190,0,0,1
CF,PO,43.314111,-0.166222,2,TBO,264.6,13.7,215.0,10.0,0,0,0,0,0,0,0,0
CF,D107E,43.293794,-0.185692,0,TBO,260.1,14.7,215.0,1.5,0,0,0,0,0,0,0,1
CF,PU,43.320528,-0.305111,2,TBO,267.1,19.8,305.0,6.0,0,0,0,0,0,0,0,0

APPTR,Q31-Z,31,PO
IF,PO,43.314111,-0.166222, ,0.0,0.0,0,0,0,0,0,0,1,0
CF,D107E,43.293794,-0.185692,0,TBO,260.1,14.7,215.0,1.5,0,0,0,0,0,0,0,1
CF,CF31,43.283511,-0.235644,2,TBO,259.2,17.0,305.0,1.0,1,3000,0,1,190,0,0,0

APPTR,Q31-Z,31,PU
HF,PU,43.320528,-0.305111,2, ,0.0,0.0,306.0,04.3,1,3000,0,1,190,0,1,0,0

FINAL,Q31-Z,31,N,5
IF,CF31,43.283511,-0.235644,PU,0.0,0.0,1,3000,0,1,190,0,0,0
CF,FQ31,43.303111,-0.272389,0,PU,0.0,0.0,305.0,2.0,1,3000,0,0,0,0,2,0
CF,PU,43.320528,-0.305111,0,PU,0.0,0.0,305.0,1.8,2,2420,0,0,0,0,0,0
CF,35LO2,43.341811,-0.346775,0,PU,0.0,0.0,305.0,2.2,2,1720,0,0,0,0,0,0
CF,MQ31,43.362825,-0.387964,0,PYR,0.0,1.3,305.0,2.2,1,1028,0,0,0,0,3,0
CF,D305H,43.394317,-0.449800,0,TBO,277.3,26.3,305.0,3.3,0,0,0,1,185,0,0,1
CF,PYR15,43.467772,-0.093567,2,TBO,306.9,13.3,88.0,15.0,1,4000,0,1,190,0,0,1
CF,PO,43.314111,-0.166222,2,TBO,264.6,13.7,215.0,10.0,0,0,0,0,0,0,0,0
CF,D107E,43.293794,-0.185692,0,TBO,260.1,14.7,215.0,1.5,0,0,0,0,0,0,0,1
CF,PU,43.320528,-0.305111,0,TBO,267.1,19.8,305.0,6.0,0,0,0,0,0,0,0,0

APPTR,R31,31,BAGRO
IF,BAGRO,43.209833,-0.097278, ,0.0,0.0,2,5000,0,0,0,0,1,0
TF,IBP31,43.268667,-0.207833,0, ,0.0,0.0,0.0,0.0,1,3000,0,1,210,0,1,0

APPTR,R31,31,OSVEG
IF,OSVEG,43.305472,-0.108972, ,0.0,0.0,3,5000,0,1,190,0,1,0
TF,IBP31,43.268667,-0.207833,0, ,0.0,0.0,0.0,0.0,1,3000,0,0,0,0,1,0

APPTR,R31,31,TEPT1
IF,TEPTI,43.409333,0.398750, ,0.0,0.0,4,10000,7000,0,0,0,1,0
TF,LALTA,43.183667,0.178472,0, ,0.0,0.0,0.0,0.0,4,10000,7000,1,220,0,0,0
TF,SUDAD,43.163889,-0.011111,0, ,0.0,0.0,0.0,0.0,4,9000,7000,0,0,0,0,0
TF,BAGRO,43.209833,-0.097278,0, ,0.0,0.0,0.0,0.0,2,5000,0,0,0,0,0,0
TF,IBP31,43.268667,-0.207833,0, ,0.0,0.0,0.0,0.0,1,3000,0,1,210,0,1,0

APPTR,R31,31,TEPT2
IF,TEPTI,43.409333,0.398750, ,0.0,0.0,4,10000,7000,0,0,0,1,0
TF,OSVEG,43.305472,-0.108972,0, ,0.0,0.0,0.0,0.0,3,5000,0,1,190,0,0,0
TF,IBP31,43.268667,-0.207833,0, ,0.0,0.0,0.0,0.0,1,3000,0,0,0,0,1,0

FINAL,R31,31,R,3
IF,IBP31,43.268667,-0.207833, ,0.0,0.0,1,3000,0,1,190,0,0,0
TF,FBP31,43.303000,-0.272694,0, ,0.0,0.0,305.0,3.5,1,3000,0,0,0,0,2,0
TF,RW31,43.374497,-0.408242,0, ,0.0,0.0,305.0,7.3,1,668,0,0,0,0,3,1
TF,BP410,43.395944,-0.449028,0, ,0.0,0.0,0.0,0.0,3,2000,0,1,185,0,0,1
DF,BP412,43.483056,-0.321806,2, ,0.0,0.0,3,3000,0,1,185,0,0,0
TF,BP414,43.491917,-0.219500,0, ,0.0,0.0,0.0,0.0,3,4000,0,1,190,0,0,0
TF,BP416,43.380278,-0.098167,0, ,0.0,0.0,0.0,0.0,0,0,0,0,0,0,0,0
TF,OSVEG,43.305472,-0.108972,0, ,0.0,0.0,0.0,0.0,0,0,0,0,0,0,0,0
TF,IBP31,43.268667,-0.207833,0, ,0.0,0.0,0.0,0.0,4,4000,3000,1,190,0,0,0
TF,PU,43.320528,-0.305111,0, ,0.0,0.0,0.0,0.0,4,4000,3000,1,190,0,0,1
HM,PU,43.320528,-0.305111,2, ,0.0,0.0,306.0,04.3,2,3000,0,1,190,0,0,0,0

