APPTR,R26,26,JR401
IF,JR401,47.527417,0.020361, ,0.0,0.0,2,3000,0,1,200,0,1,0
TF,IJR26,47.593250,0.005194,0, ,0.0,0.0,0.0,0.0,2,3000,0,1,180,0,1,0

APPTR,R26,26,JR404
IF,JR404,47.659083,-0.009972, ,0.0,0.0,2,3000,0,1,200,0,1,0
TF,IJR26,47.593250,0.005194,0, ,0.0,0.0,0.0,0.0,2,3000,0,1,180,0,1,0

APPTR,R26,26,LUTIL
IF,LUTIL,47.596389,0.086111, ,0.0,0.0,2,3000,0,0,0,0,1,0
TF,IJR26,47.593250,0.005194,0, ,0.0,0.0,0.0,0.0,2,3000,0,1,180,0,1,0

FINAL,R26,26,R,3
IF,IJR26,47.593250,0.005194, ,0.0,0.0,2,3000,0,1,180,0,0,0
TF,FJR26,47.583222,-0.092167,0, ,0.0,0.0,261.0,4.0,1,3000,0,0,0,0,2,0
TF,RW26,47.561175,-0.303003,0, ,0.0,0.0,261.0,8.7,1,240,0,0,0,0,3,1
TF,JR410,47.549306,-0.414833,0, ,0.0,0.0,0.0,0.0,0,0,0,1,180,0,0,1
DF,JR412,47.626639,-0.321778,2, ,0.0,0.0,0,0,0,1,180,0,0,0
TF,JR404,47.659083,-0.009972,0, ,0.0,0.0,0.0,0.0,2,3000,0,1,200,0,0,0

