APPTR,R06-Y,06,DEXEV
HF,DEXEV,46.980694,2.177056,1, ,0.0,0.0,359.0,04.3,2,2100,0,1,170,0,1,0,0

APPTR,R06-Y,06,NAPSU
IF,NAPSU,47.037778,2.126944, ,0.0,0.0,0,0,0,0,0,0,1,0
TF,DEXEV,46.980694,2.177056,0, ,0.0,0.0,0.0,0.0,2,2100,0,0,0,0,1,0

APPTR,R06-Y,06,SITSA
IF,SITSA,46.914056,2.177056, ,0.0,0.0,0,0,0,0,0,0,1,0
TF,DEXEV,46.980694,2.177056,0, ,0.0,0.0,0.0,0.0,2,2100,0,0,0,0,1,0

FINAL,R06-Y,06,R,3
IF,DEXEV,46.980694,2.177056, ,0.0,0.0,2,2100,0,0,0,0,0,0
TF,FLD06,47.015306,2.260306,0, ,0.0,0.0,58.0,4.0,1,2100,0,0,0,0,2,0
TF,RW06,47.056567,2.359881,0, ,0.0,0.0,58.0,4.8,1,578,0,1,140,0,3,1
DF,NAPSU,47.037778,2.126944,1, ,0.0,0.0,2,2100,0,0,0,0,0,0
TF,DEXEV,46.980694,2.177056,0, ,0.0,0.0,0.0,0.0,0,0,0,0,0,0,0,0

APPTR,R06-Z,06,DEXEV
HF,DEXEV,46.980694,2.177056,1, ,0.0,0.0,359.0,04.3,2,2100,0,1,170,0,1,0,0

APPTR,R06-Z,06,NAPSU
IF,NAPSU,47.037778,2.126944, ,0.0,0.0,0,0,0,0,0,0,1,0
TF,DEXEV,46.980694,2.177056,0, ,0.0,0.0,0.0,0.0,2,2100,0,0,0,0,1,0

APPTR,R06-Z,06,SITSA
IF,SITSA,46.914056,2.177056, ,0.0,0.0,0,0,0,0,0,0,1,0
TF,DEXEV,46.980694,2.177056,0, ,0.0,0.0,0.0,0.0,2,2100,0,0,0,0,1,0

FINAL,R06-Z,06,R,3
IF,DEXEV,46.980694,2.177056, ,0.0,0.0,2,2100,0,0,0,0,0,0
TF,FLD06,47.015306,2.260306,0, ,0.0,0.0,58.0,4.0,1,2100,0,0,0,0,2,0
TF,RW06,47.056567,2.359881,0, ,0.0,0.0,58.0,4.8,1,578,0,0,0,0,3,1
TF,LD409,47.064306,2.378583,0, ,0.0,0.0,0.0,0.0,0,0,0,1,140,0,0,1
DF,NAPSU,47.037778,2.126944,1, ,0.0,0.0,2,2100,0,0,0,0,0,0
TF,DEXEV,46.980694,2.177056,0, ,0.0,0.0,0.0,0.0,0,0,0,0,0,0,0,0

