SID,FJR3E,09,5
CA,0,80.0,2,840,0,0,0,0,0,0
DF,KONON,43.268056,2.425833,0, ,0.0,0.0,0,0,0,0,0,0,0,0
TF,FJR,43.578361,3.974722,0, ,0.0,0.0,0.0,0.0,0,0,0,0,0,0,0,0

SID,FJR3W,27,5
CA,0,275.0,2,840,0,0,0,0,0,0
DF,KONON,43.268056,2.425833,2, ,0.0,0.0,0,0,0,0,0,0,0,0
TF,FJR,43.578361,3.974722,0, ,0.0,0.0,0.0,0.0,0,0,0,0,0,0,0,0

SID,GALD3E,09,5
CA,0,80.0,2,840,0,0,0,0,0,0
DF,MK400,43.222528,2.207639,1, ,0.0,0.0,0,0,0,0,0,0,0,0
TF,RAPES,43.246667,1.913278,0, ,0.0,0.0,0.0,0.0,0,0,0,0,0,0,0,0
TF,GALDO,43.259444,1.745833,0, ,0.0,0.0,0.0,0.0,0,0,0,0,0,0,0,0

SID,GALD3W,27,5
CA,0,275.0,2,840,0,0,0,0,0,0
CF,RAPES,43.246667,1.913278,0,TOU,133.4,37.1,275.0,16.0,0,0,0,0,0,0,0,0
TF,GALDO,43.259444,1.745833,0, ,0.0,0.0,0.0,0.0,0,0,0,0,0,0,0,0

SID,MASA3E,09,5
CA,0,80.0,2,840,0,0,0,0,0,0
CF,MK503,43.315333,2.385194,0,PPG,327.1,40.0,11.0,6.0,0,0,0,0,0,0,0,0
TF,SALSI,43.347778,2.357222,0, ,0.0,0.0,0.0,0.0,0,0,0,0,0,0,0,0
TF,MK505,43.394833,2.316000,0, ,0.0,0.0,0.0,0.0,2,5600,0,0,0,0,0,0
TF,MASAM,43.467778,2.251944,0, ,0.0,0.0,0.0,0.0,0,0,0,0,0,0,0,0

SID,MASA3W,27,5
CA,0,275.0,2,840,0,0,0,0,0,0
DF,SALSI,43.347778,2.357222,2, ,0.0,0.0,0,0,0,0,0,0,0,0
TF,MK505,43.394833,2.316000,0, ,0.0,0.0,0.0,0.0,2,5600,0,0,0,0,0,0
TF,MASAM,43.467778,2.251944,0, ,0.0,0.0,0.0,0.0,0,0,0,0,0,0,0,0

SID,PPG3E,09,5
CA,0,80.0,2,840,0,0,0,0,0,0
CF,MK501,43.230444,2.458611,0,PPG,327.1,34.0,80.0,6.0,0,0,0,0,0,0,0,0
TF,ORBIL,43.190000,2.493333,0, ,0.0,0.0,0.0,0.0,0,0,0,0,0,0,0,0
TF,PPG,42.750472,2.867139,0, ,0.0,0.0,0.0,0.0,0,0,0,0,0,0,0,0

SID,PPG3W,27,5
CA,0,275.0,2,840,0,0,0,0,0,0
DF,MK501,43.230444,2.458611,2, ,0.0,0.0,0,0,0,0,0,0,0,0
TF,ORBIL,43.190000,2.493333,0, ,0.0,0.0,0.0,0.0,0,0,0,0,0,0,0,0
TF,PPG,42.750472,2.867139,0, ,0.0,0.0,0.0,0.0,0,0,0,0,0,0,0,0

STAR,FJR3R,ALL,5
IF,FJR,43.578361,3.974722, ,0.0,0.0,0,0,0,0,0,0,0,0
TF,KONON,43.268056,2.425833,0, ,0.0,0.0,0.0,0.0,2,4000,0,0,0,0,0,0
TF,MK400,43.222528,2.207639,0, ,0.0,0.0,0.0,0.0,2,3500,0,0,0,0,0,0

STAR,GAI3R,ALL,5
IF,GAI,43.954056,1.824167, ,0.0,0.0,0,0,0,0,0,0,0,0
TF,RAPES,43.246667,1.913278,0, ,0.0,0.0,0.0,0.0,2,4500,0,0,0,0,0,0
TF,MK400,43.222528,2.207639,0, ,0.0,0.0,0.0,0.0,2,3500,0,0,0,0,0,0

STAR,ORBI3R,ALL,5
IF,ORBIL,43.190000,2.493333, ,0.0,0.0,0,0,0,0,0,0,0,0
TF,MK400,43.222528,2.207639,0, ,0.0,0.0,0.0,0.0,2,3500,0,0,0,0,0,0

APPTR,R09,09,MK400
IF,MK400,43.222528,2.207639, ,0.0,0.0,4,7500,3500,1,170,0,1,0
TF,MK403,43.282528,2.210611,0, ,0.0,0.0,0.0,0.0,0,0,0,0,0,0,0,0
TF,MK404,43.289639,2.009889,0, ,0.0,0.0,0.0,0.0,0,0,0,0,0,0,0,0
TF,IMK09,43.240000,2.002667,0, ,0.0,0.0,0.0,0.0,2,3500,0,1,170,0,1,0

APPTR,R09,09,RAPES
IF,RAPES,43.246667,1.913278, ,0.0,0.0,2,4500,0,0,0,0,1,0
TF,IMK09,43.240000,2.002667,0, ,0.0,0.0,0.0,0.0,2,3500,0,0,0,0,1,0

FINAL,R09,09,R,3
IF,IMK09,43.240000,2.002667, ,0.0,0.0,2,3500,0,0,0,0,0,0
TF,FMK09,43.234000,2.079722,0, ,0.0,0.0,95.0,3.4,1,3500,0,0,0,0,2,0
TF,RW09,43.216956,2.294367,0, ,0.0,0.0,95.0,9.5,1,483,0,0,0,0,3,1
TF,MK410,43.209278,2.389500,0, ,0.0,0.0,0.0,0.0,0,0,0,0,0,0,0,1
DF,MK400,43.222528,2.207639,1, ,0.0,0.0,2,3500,0,1,170,0,0,0

APPTR,R27,27,MK302
IF,MK302,43.264889,2.323889, ,0.0,0.0,2,7000,0,1,180,0,1,0
TF,MK304,43.259583,2.593806,0, ,0.0,0.0,0.0,0.0,0,0,0,0,0,0,0,0
TF,IMK27,43.193361,2.583500,2, ,0.0,0.0,0.0,0.0,2,3500,0,1,170,0,1,0

APPTR,R27,27,MK400
IF,MK400,43.222528,2.207639, ,0.0,0.0,4,7500,3500,1,180,0,1,0
TF,MK302,43.264889,2.323889,0, ,0.0,0.0,0.0,0.0,3,4500,0,0,0,0,0,0
TF,MK304,43.259583,2.593806,0, ,0.0,0.0,0.0,0.0,0,0,0,0,0,0,0,0
TF,IMK27,43.193361,2.583500,2, ,0.0,0.0,0.0,0.0,2,3500,0,1,170,0,1,0

FINAL,R27,27,R,3
IF,IMK27,43.193361,2.583500, ,0.0,0.0,2,3500,0,1,170,0,1,0
TF,FMK27,43.200083,2.502000,0, ,0.0,0.0,275.0,3.6,1,3500,0,0,0,0,2,0
TF,RW27,43.215183,2.316383,0, ,0.0,0.0,275.0,8.2,1,454,0,0,0,0,3,1
TF,MK400,43.222528,2.207639,0, ,0.0,0.0,0.0,0.0,1,3500,0,1,170,0,0,1
HM,MK400,43.222528,2.207639,1, ,0.0,0.0,115.0,04.3,2,3500,0,1,170,0,0,0,0

