SID,ETRE6B,13L,4
CD, ,0,0,0,ML,0,0.0,132.0,1.5,0,0,0,0,0,0,0,0
CA,0,132.0,2,470,0,0,0,0,0,0
CD, ,0,0,0,ML,0,0.0,77.0,3.0,0,0,0,0,0,0,0,0
CF,VENTA,43.583056,5.234472,1,MRM,340.0,13.0,340.0,9.0,2,5000,0,1,210,0,0,0

SID,ETRE6B,13R,4
CD, ,0,0,0,ML,0,0.0,133.0,1.5,0,0,0,0,0,0,0,0
CA,0,133.0,2,470,0,0,0,0,0,0
CD, ,0,0,0,ML,0,0.0,77.0,3.0,0,0,0,0,0,0,0,0
CF,VENTA,43.583056,5.234472,1,MRM,340.0,13.0,340.0,9.0,2,5000,0,1,210,0,0,0

SID,ETRE6B,ALL,5
IF,VENTA,43.583056,5.234472, ,0.0,0.0,2,5000,0,0,0,0,0,0
TF,DOLIV,43.710250,5.177278,0, ,0.0,0.0,0.0,0.0,2,7000,0,0,0,0,0,0
TF,SAURG,43.883333,5.095278,0, ,0.0,0.0,0.0,0.0,2,15000,0,0,0,0,0,0
TF,KURIR,44.725528,4.900389,0, ,0.0,0.0,0.0,0.0,0,0,0,0,0,0,0,0
TF,ETREK,45.187639,4.638722,0, ,0.0,0.0,0.0,0.0,0,0,0,0,0,0,0,0

SID,ETRE6N,31L,4
CF,ML326,43.470806,5.162222,0,MTG,31.0,6.1,313.0,3.0,0,0,0,0,0,0,0,0
TF,ML312,43.572889,5.020500,0, ,0.0,0.0,0.0,0.0,0,0,0,0,0,0,0,0
TF,ETOMA,43.678333,4.871111,0, ,0.0,0.0,0.0,0.0,0,0,0,0,0,0,0,0

SID,ETRE6N,31R,4
CF,ML316,43.472639,5.163833,0,MTG,31.0,6.2,312.0,3.0,0,0,0,0,0,0,0,0
TF,ML312,43.572889,5.020500,0, ,0.0,0.0,0.0,0.0,0,0,0,0,0,0,0,0
TF,ETOMA,43.678333,4.871111,0, ,0.0,0.0,0.0,0.0,0,0,0,0,0,0,0,0

SID,ETRE6N,ALL,5
IF,ETOMA,43.678333,4.871111, ,0.0,0.0,0,0,0,0,0,0,0,0
TF,AVN,43.995361,4.746389,0, ,0.0,0.0,0.0,0.0,0,0,0,0,0,0,0,0
TF,ARDEG,44.669167,4.537500,0, ,0.0,0.0,0.0,0.0,0,0,0,0,0,0,0,0
TF,ETREK,45.187639,4.638722,0, ,0.0,0.0,0.0,0.0,0,0,0,0,0,0,0,0

SID,ETRE6S,13L,4
CA,0,132.0,2,470,0,0,0,0,0,0
CF,ML362,43.425833,5.304806,0,MRM,340.0,3.1,77.0,3.0,0,0,0,1,210,0,0,0
TF,VENTA,43.583056,5.234472,1, ,0.0,0.0,0.0,0.0,2,5000,0,0,0,0,0,0

SID,ETRE6S,13R,4
CA,0,133.0,2,470,0,0,0,0,0,0
CF,ML362,43.425833,5.304806,0,MRM,340.0,3.1,77.0,3.0,0,0,0,1,210,0,0,0
TF,VENTA,43.583056,5.234472,1, ,0.0,0.0,0.0,0.0,2,5000,0,0,0,0,0,0

SID,ETRE6S,ALL,5
IF,VENTA,43.583056,5.234472, ,0.0,0.0,2,5000,0,0,0,0,0,0
TF,DOLIV,43.710250,5.177278,0, ,0.0,0.0,0.0,0.0,2,7000,0,0,0,0,0,0
TF,SAURG,43.883333,5.095278,0, ,0.0,0.0,0.0,0.0,2,15000,0,0,0,0,0,0
TF,KURIR,44.725528,4.900389,0, ,0.0,0.0,0.0,0.0,0,0,0,0,0,0,0,0
TF,ETREK,45.187639,4.638722,0, ,0.0,0.0,0.0,0.0,0,0,0,0,0,0,0,0

SID,FJR6N,31L,4
CF,ML320,43.496056,5.127250,0,MTG,13.0,6.8,313.0,5.0,0,0,0,0,0,0,0,0
TF,MTG,43.386306,5.086833,1, ,0.0,0.0,0.0,0.0,2,3500,0,1,210,0,0,0

SID,FJR6N,31R,4
CF,ML310,43.497861,5.127917,0,MTG,13.0,6.9,312.0,5.0,0,0,0,0,0,0,0,0
TF,MTG,43.386306,5.086833,1, ,0.0,0.0,0.0,0.0,2,3500,0,1,210,0,0,0

SID,FJR6N,ALL,5
IF,MTG,43.386306,5.086833, ,0.0,0.0,2,3500,0,1,210,0,0,0
TF,BULTO,43.273611,4.903333,0, ,0.0,0.0,0.0,0.0,0,0,0,0,0,0,0,0
TF,SALIN,43.282806,4.730139,0, ,0.0,0.0,0.0,0.0,0,0,0,0,0,0,0,0
TF,MARRI,43.384722,4.474167,0, ,0.0,0.0,0.0,0.0,0,0,0,0,0,0,0,0
TF,FJR,43.578361,3.974722,0, ,0.0,0.0,0.0,0.0,0,0,0,0,0,0,0,0

SID,FJR6S,13L,4
CA,0,132.0,2,470,0,0,0,0,0,0
CF,PESHU,43.342000,5.302083,0,MRM,204.7,2.4,145.0,6.0,0,0,0,1,210,0,0,0
TF,NATEG,43.205639,5.027250,0, ,0.0,0.0,0.0,0.0,0,0,0,0,0,0,0,0

SID,FJR6S,13R,4
CA,0,133.0,2,470,0,0,0,0,0,0
CF,PESHU,43.342000,5.302083,0,MRM,204.7,2.4,145.0,6.0,0,0,0,1,210,0,0,0
TF,NATEG,43.205639,5.027250,0, ,0.0,0.0,0.0,0.0,0,0,0,0,0,0,0,0

SID,FJR6S,ALL,5
IF,NATEG,43.205639,5.027250, ,0.0,0.0,0,0,0,0,0,0,0,0
TF,SALIN,43.282806,4.730139,0, ,0.0,0.0,0.0,0.0,0,0,0,0,0,0,0,0
TF,MARRI,43.384722,4.474167,0, ,0.0,0.0,0.0,0.0,0,0,0,0,0,0,0,0
TF,FJR,43.578361,3.974722,0, ,0.0,0.0,0.0,0.0,0,0,0,0,0,0,0,0

SID,LERG6B,13L,4
CD, ,0,0,0,ML,0,0.0,132.0,1.5,0,0,0,0,0,0,0,0
CA,0,132.0,2,470,0,0,0,0,0,0
CD, ,0,0,0,ML,0,0.0,77.0,3.0,0,0,0,0,0,0,0,0
CF,VENTA,43.583056,5.234472,1,MRM,340.0,13.0,340.0,9.0,2,5000,0,1,210,0,0,0

SID,LERG6B,13R,4
CD, ,0,0,0,ML,0,0.0,133.0,1.5,0,0,0,0,0,0,0,0
CA,0,133.0,2,470,0,0,0,0,0,0
CD, ,0,0,0,ML,0,0.0,77.0,3.0,0,0,0,0,0,0,0,0
CF,VENTA,43.583056,5.234472,1,MRM,340.0,13.0,340.0,9.0,2,5000,0,1,210,0,0,0

SID,LERG6B,ALL,5
IF,VENTA,43.583056,5.234472, ,0.0,0.0,2,5000,0,0,0,0,0,0
TF,DOLIV,43.710250,5.177278,0, ,0.0,0.0,0.0,0.0,2,7000,0,0,0,0,0,0
TF,SAURG,43.883333,5.095278,0, ,0.0,0.0,0.0,0.0,2,15000,0,0,0,0,0,0
TF,KURIR,44.725528,4.900389,0, ,0.0,0.0,0.0,0.0,0,0,0,0,0,0,0,0
TF,OTROT,45.113611,4.445556,0, ,0.0,0.0,0.0,0.0,0,0,0,0,0,0,0,0
TF,LERGA,45.257278,3.750167,0, ,0.0,0.0,0.0,0.0,0,0,0,0,0,0,0,0

SID,LERG6N,31L,4
CF,ML326,43.470806,5.162222,0,MTG,31.0,6.1,313.0,3.0,0,0,0,0,0,0,0,0
TF,ML312,43.572889,5.020500,0, ,0.0,0.0,0.0,0.0,0,0,0,0,0,0,0,0
TF,ETOMA,43.678333,4.871111,0, ,0.0,0.0,0.0,0.0,0,0,0,0,0,0,0,0

SID,LERG6N,31R,4
CF,ML316,43.472639,5.163833,0,MTG,31.0,6.2,312.0,3.0,0,0,0,0,0,0,0,0
TF,ML312,43.572889,5.020500,0, ,0.0,0.0,0.0,0.0,0,0,0,0,0,0,0,0
TF,ETOMA,43.678333,4.871111,0, ,0.0,0.0,0.0,0.0,0,0,0,0,0,0,0,0

SID,LERG6N,ALL,5
IF,ETOMA,43.678333,4.871111, ,0.0,0.0,0,0,0,0,0,0,0,0
TF,AVN,43.995361,4.746389,0, ,0.0,0.0,0.0,0.0,0,0,0,0,0,0,0,0
TF,ARDEG,44.669167,4.537500,0, ,0.0,0.0,0.0,0.0,0,0,0,0,0,0,0,0
TF,LATAM,45.033861,4.239111,0, ,0.0,0.0,0.0,0.0,0,0,0,0,0,0,0,0
TF,LERGA,45.257278,3.750167,0, ,0.0,0.0,0.0,0.0,0,0,0,0,0,0,0,0

SID,LERG6S,13L,4
CA,0,132.0,2,470,0,0,0,0,0,0
CF,ML362,43.425833,5.304806,0,MRM,340.0,3.1,77.0,3.0,0,0,0,1,210,0,0,0
TF,VENTA,43.583056,5.234472,1, ,0.0,0.0,0.0,0.0,2,5000,0,0,0,0,0,0

SID,LERG6S,13R,4
CA,0,133.0,2,470,0,0,0,0,0,0
CF,ML362,43.425833,5.304806,0,MRM,340.0,3.1,77.0,3.0,0,0,0,1,210,0,0,0
TF,VENTA,43.583056,5.234472,1, ,0.0,0.0,0.0,0.0,2,5000,0,0,0,0,0,0

SID,LERG6S,ALL,5
IF,VENTA,43.583056,5.234472, ,0.0,0.0,2,5000,0,0,0,0,0,0
TF,DOLIV,43.710250,5.177278,0, ,0.0,0.0,0.0,0.0,2,7000,0,0,0,0,0,0
TF,SAURG,43.883333,5.095278,0, ,0.0,0.0,0.0,0.0,2,15000,0,0,0,0,0,0
TF,KURIR,44.725528,4.900389,0, ,0.0,0.0,0.0,0.0,0,0,0,0,0,0,0,0
TF,OTROT,45.113611,4.445556,0, ,0.0,0.0,0.0,0.0,0,0,0,0,0,0,0,0
TF,LERGA,45.257278,3.750167,0, ,0.0,0.0,0.0,0.0,0,0,0,0,0,0,0,0

SID,LUC6B,13L,1
CD, ,0,0,0,ML,0,0.0,132.0,1.5,0,0,0,0,0,0,0,0
CA,0,132.0,2,470,0,0,0,0,0,0
CF,D076M,43.430992,5.377686,0,MTG,76.0,13.0,76.0,6.0,0,0,0,0,0,0,0,0
TF,TRETS,43.413056,5.730833,0, ,0.0,0.0,0.0,0.0,0,0,0,0,0,0,0,0

SID,LUC6B,13R,1
CD, ,0,0,0,ML,0,0.0,133.0,1.5,0,0,0,0,0,0,0,0
CA,0,133.0,2,470,0,0,0,0,0,0
CF,D076M,43.430992,5.377686,0,MTG,76.0,13.0,76.0,6.0,0,0,0,0,0,0,0,0
TF,TRETS,43.413056,5.730833,0, ,0.0,0.0,0.0,0.0,0,0,0,0,0,0,0,0

SID,LUC6B,ALL,2
IF,TRETS,43.413056,5.730833, ,0.0,0.0,0,0,0,0,0,0,0,0
TF,LUC,43.382778,6.255917,0, ,0.0,0.0,0.0,0.0,0,0,0,0,0,0,0,0

SID,LUC6C,31L,1
CR,0,MTG,32.0,313.0,0,0,0,0,0,0,0,0
CF,VELLO,43.519083,5.262000,2,MTG,41.8,11.1,96.0,3.0,2,2500,0,1,175,0,0,0

SID,LUC6C,31R,1
CR,0,MTG,32.0,312.0,0,0,0,0,0,0,0,0
CF,VELLO,43.519083,5.262000,2,MTG,41.8,11.1,96.0,3.0,2,2500,0,1,175,0,0,0

SID,LUC6C,ALL,2
IF,VELLO,43.519083,5.262000, ,0.0,0.0,2,2500,0,1,175,0,0,0
TF,ALM,43.507778,5.366861,0, ,0.0,0.0,0.0,0.0,0,0,0,0,0,0,0,0
TF,TRETS,43.413056,5.730833,0, ,0.0,0.0,0.0,0.0,0,0,0,0,0,0,0,0
TF,LUC,43.382778,6.255917,0, ,0.0,0.0,0.0,0.0,0,0,0,0,0,0,0,0

SID,LUC6N,31L,4
CF,ML326,43.470806,5.162222,0,MTG,31.0,6.1,313.0,3.0,0,0,0,1,175,0,0,1
DF,VELLO,43.519083,5.262000,2, ,0.0,0.0,2,2500,0,1,210,0,0,0

SID,LUC6N,31R,4
CF,ML316,43.472639,5.163833,0,MTG,31.0,6.2,312.0,3.0,0,0,0,1,175,0,0,1
DF,VELLO,43.519083,5.262000,2, ,0.0,0.0,2,2500,0,1,210,0,0,0

SID,LUC6N,ALL,5
IF,VELLO,43.519083,5.262000, ,0.0,0.0,2,2500,0,1,210,0,0,0
TF,ALM,43.507778,5.366861,0, ,0.0,0.0,0.0,0.0,0,0,0,0,0,0,0,0
TF,TRETS,43.413056,5.730833,0, ,0.0,0.0,0.0,0.0,0,0,0,0,0,0,0,0
TF,LUC,43.382778,6.255917,0, ,0.0,0.0,0.0,0.0,0,0,0,0,0,0,0,0

SID,LUC6S,13L,4
CA,0,132.0,2,470,0,0,0,0,0,0
CF,ML364,43.432000,5.348389,0,MRM,14.3,3.4,77.0,5.0,0,0,0,0,0,0,0,0
TF,TRETS,43.413056,5.730833,0, ,0.0,0.0,0.0,0.0,0,0,0,0,0,0,0,0

SID,LUC6S,13R,4
CA,0,133.0,2,470,0,0,0,0,0,0
CF,ML364,43.432000,5.348389,0,MRM,14.3,3.4,77.0,5.0,0,0,0,0,0,0,0,0
TF,TRETS,43.413056,5.730833,0, ,0.0,0.0,0.0,0.0,0,0,0,0,0,0,0,0

SID,LUC6S,ALL,5
IF,TRETS,43.413056,5.730833, ,0.0,0.0,0,0,0,0,0,0,0,0
TF,LUC,43.382778,6.255917,0, ,0.0,0.0,0.0,0.0,0,0,0,0,0,0,0,0

SID,LUC6U,31L,4
CA,0,313.0,2,5000,0,0,0,0,0,0
DF,ALM,43.507778,5.366861,2, ,0.0,0.0,0,0,0,1,210,0,0,0

SID,LUC6U,31R,4
CA,0,312.0,2,5000,0,0,0,0,0,0
DF,ALM,43.507778,5.366861,2, ,0.0,0.0,0,0,0,1,210,0,0,0

SID,LUC6U,ALL,5
IF,ALM,43.507778,5.366861, ,0.0,0.0,0,0,0,1,210,0,0,0
TF,TRETS,43.413056,5.730833,0, ,0.0,0.0,0.0,0.0,0,0,0,0,0,0,0,0
TF,LUC,43.382778,6.255917,0, ,0.0,0.0,0.0,0.0,0,0,0,0,0,0,0,0

SID,MADR6B,13L,1
CD, ,0,0,0,ML,0,0.0,132.0,2.0,0,0,0,0,0,0,0,0
CA,0,132.0,2,470,0,0,0,0,0,0
CI,0, ,0.0,145.0,0,0,0,0,0,0,0,0
CF,MADRA,43.229333,5.329972,0,MRM,177.0,8.9,177.0,7.0,0,0,0,0,0,0,0,0

SID,MADR6B,13R,1
CD, ,0,0,0,ML,0,0.0,133.0,2.5,0,0,0,0,0,0,0,0
CA,0,133.0,2,470,0,0,0,0,0,0
CI,0, ,0.0,145.0,0,0,0,0,0,0,0,0
CF,MADRA,43.229333,5.329972,0,MRM,177.0,8.9,177.0,6.0,0,0,0,0,0,0,0,0

SID,MAME6N,31L,4
CF,ML320,43.496056,5.127250,0,MTG,13.0,6.8,313.0,5.0,0,0,0,0,0,0,0,0
TF,MTG,43.386306,5.086833,1, ,0.0,0.0,0.0,0.0,2,3500,0,1,210,0,0,0

SID,MAME6N,31R,4
CF,ML310,43.497861,5.127917,0,MTG,13.0,6.9,312.0,5.0,0,0,0,0,0,0,0,0
TF,MTG,43.386306,5.086833,1, ,0.0,0.0,0.0,0.0,2,3500,0,1,210,0,0,0

SID,MAME6N,ALL,5
IF,MTG,43.386306,5.086833, ,0.0,0.0,2,3500,0,1,210,0,0,0
TF,NATEG,43.205639,5.027250,0, ,0.0,0.0,0.0,0.0,0,0,0,0,0,0,0,0
TF,DIVKO,43.056167,4.776917,0, ,0.0,0.0,0.0,0.0,0,0,0,0,0,0,0,0
TF,MAMES,42.209167,4.000278,0, ,0.0,0.0,0.0,0.0,0,0,0,0,0,0,0,0

SID,MAME6S,13L,4
CA,0,132.0,2,470,0,0,0,0,0,0
CF,PESHU,43.342000,5.302083,0,MRM,204.7,2.4,145.0,6.0,0,0,0,1,210,0,0,0
TF,NATEG,43.205639,5.027250,0, ,0.0,0.0,0.0,0.0,0,0,0,0,0,0,0,0

SID,MAME6S,13R,4
CA,0,133.0,2,470,0,0,0,0,0,0
CF,PESHU,43.342000,5.302083,0,MRM,204.7,2.4,145.0,6.0,0,0,0,1,210,0,0,0
TF,NATEG,43.205639,5.027250,0, ,0.0,0.0,0.0,0.0,0,0,0,0,0,0,0,0

SID,MAME6S,ALL,5
IF,NATEG,43.205639,5.027250, ,0.0,0.0,0,0,0,0,0,0,0,0
TF,DIVKO,43.056167,4.776917,0, ,0.0,0.0,0.0,0.0,0,0,0,0,0,0,0,0
TF,MAMES,42.209167,4.000278,0, ,0.0,0.0,0.0,0.0,0,0,0,0,0,0,0,0

SID,MTG6C,31L,1
CF,D313C,43.457369,5.181089,0,MTG,42.0,5.9,313.0,2.0,0,0,0,0,0,0,0,0
FA,D313C,43.457369,5.181089,0,MTG,0.0,0.0,313.0,2,770,0,0,0,0,0,0
CF,MTG,43.386306,5.086833,1,MTG,0.0,0.0,198.0,5.0,2,3500,0,1,210,0,0,0

SID,MTG6C,31R,1
CF,D312C,43.459022,5.183289,0,MTG,42.0,6.1,312.0,2.0,0,0,0,0,0,0,0,0
FA,D312C,43.459022,5.183289,0,MTG,0.0,0.0,312.0,2,670,0,0,0,0,0,0
CF,MTG,43.386306,5.086833,1,MTG,0.0,0.0,198.0,5.0,2,3500,0,1,210,0,0,0

SID,MTL6B,13L,1
CD, ,0,0,0,ML,0,0.0,132.0,1.5,0,0,0,0,0,0,0,0
CA,0,132.0,2,470,0,0,0,0,0,0
CD, ,0,0,0,ML,0,0.0,77.0,3.0,0,0,0,0,0,0,0,0
CF,VENTA,43.583056,5.234472,1,MRM,340.0,13.0,340.0,9.0,2,5000,0,1,210,0,0,0

SID,MTL6B,13R,1
CD, ,0,0,0,ML,0,0.0,133.0,1.5,0,0,0,0,0,0,0,0
CA,0,133.0,2,470,0,0,0,0,0,0
CD, ,0,0,0,ML,0,0.0,77.0,3.0,0,0,0,0,0,0,0,0
CF,VENTA,43.583056,5.234472,1,MRM,340.0,13.0,340.0,9.0,2,5000,0,1,210,0,0,0

SID,MTL6B,ALL,2
IF,VENTA,43.583056,5.234472, ,0.0,0.0,2,5000,0,0,0,0,0,0
TF,DOLIV,43.710250,5.177278,0, ,0.0,0.0,0.0,0.0,2,7000,0,0,0,0,0,0
TF,SAURG,43.883333,5.095278,0, ,0.0,0.0,0.0,0.0,2,15000,0,0,0,0,0,0
TF,MTL,44.554944,4.779861,0, ,0.0,0.0,0.0,0.0,0,0,0,0,0,0,0,0

SID,MTL6N,31L,4
CF,ML326,43.470806,5.162222,0,MTG,31.0,6.1,313.0,3.0,0,0,0,0,0,0,0,0
TF,ML312,43.572889,5.020500,0, ,0.0,0.0,0.0,0.0,0,0,0,0,0,0,0,0
TF,ETOMA,43.678333,4.871111,0, ,0.0,0.0,0.0,0.0,0,0,0,0,0,0,0,0

SID,MTL6N,31R,4
CF,ML316,43.472639,5.163833,0,MTG,31.0,6.2,312.0,3.0,0,0,0,0,0,0,0,0
TF,ML312,43.572889,5.020500,0, ,0.0,0.0,0.0,0.0,0,0,0,0,0,0,0,0
TF,ETOMA,43.678333,4.871111,0, ,0.0,0.0,0.0,0.0,0,0,0,0,0,0,0,0

SID,MTL6N,ALL,5
IF,ETOMA,43.678333,4.871111, ,0.0,0.0,0,0,0,0,0,0,0,0
TF,AVN,43.995361,4.746389,0, ,0.0,0.0,0.0,0.0,0,0,0,0,0,0,0,0
TF,MTL,44.554944,4.779861,0, ,0.0,0.0,0.0,0.0,0,0,0,0,0,0,0,0

SID,MTL6S,13L,4
CA,0,132.0,2,470,0,0,0,0,0,0
CF,ML362,43.425833,5.304806,0,MRM,340.0,3.1,77.0,3.0,0,0,0,1,210,0,0,0
TF,VENTA,43.583056,5.234472,1, ,0.0,0.0,0.0,0.0,2,5000,0,0,0,0,0,0

SID,MTL6S,13R,4
CA,0,133.0,2,470,0,0,0,0,0,0
CF,ML362,43.425833,5.304806,0,MRM,340.0,3.1,77.0,3.0,0,0,0,1,210,0,0,0
TF,VENTA,43.583056,5.234472,1, ,0.0,0.0,0.0,0.0,2,5000,0,0,0,0,0,0

SID,MTL6S,ALL,5
IF,VENTA,43.583056,5.234472, ,0.0,0.0,2,5000,0,0,0,0,0,0
TF,DOLIV,43.710250,5.177278,0, ,0.0,0.0,0.0,0.0,2,7000,0,0,0,0,0,0
TF,SAURG,43.883333,5.095278,0, ,0.0,0.0,0.0,0.0,2,15000,0,0,0,0,0,0
TF,MTL,44.554944,4.779861,0, ,0.0,0.0,0.0,0.0,0,0,0,0,0,0,0,0

SID,MTL6T,13L,1
CD, ,0,0,0,ML,0,0.0,132.0,1.5,0,0,0,0,0,0,0,0
CA,0,132.0,2,470,0,0,0,0,0,0
CD, ,0,0,0,ML,0,0.0,77.0,3.0,0,0,0,0,0,0,0,0
CF,VENTA,43.583056,5.234472,1,MRM,340.0,13.0,340.0,9.0,2,5000,0,1,210,0,0,0

SID,MTL6T,13R,1
CD, ,0,0,0,ML,0,0.0,133.0,1.5,0,0,0,0,0,0,0,0
CA,0,133.0,2,470,0,0,0,0,0,0
CD, ,0,0,0,ML,0,0.0,77.0,3.0,0,0,0,0,0,0,0,0
CF,VENTA,43.583056,5.234472,1,MRM,340.0,13.0,340.0,9.0,2,5000,0,1,210,0,0,0

SID,MTL6T,ALL,2
IF,VENTA,43.583056,5.234472, ,0.0,0.0,2,5000,0,0,0,0,0,0
TF,DOLIV,43.710250,5.177278,0, ,0.0,0.0,0.0,0.0,2,7000,0,0,0,0,0,0
TF,CM,43.908278,4.905389,0, ,0.0,0.0,0.0,0.0,0,0,0,0,0,0,0,0
TF,MTL,44.554944,4.779861,0, ,0.0,0.0,0.0,0.0,0,0,0,0,0,0,0,0

SID,MTL6U,13L,4
CA,0,132.0,2,470,0,0,0,0,0,0
CF,ML362,43.425833,5.304806,0,MRM,340.0,3.1,77.0,3.0,0,0,0,1,210,0,0,0
TF,VENTA,43.583056,5.234472,1, ,0.0,0.0,0.0,0.0,2,5000,0,0,0,0,0,0

SID,MTL6U,13R,4
CA,0,133.0,2,470,0,0,0,0,0,0
CF,ML362,43.425833,5.304806,0,MRM,340.0,3.1,77.0,3.0,0,0,0,1,210,0,0,0
TF,VENTA,43.583056,5.234472,1, ,0.0,0.0,0.0,0.0,2,5000,0,0,0,0,0,0

SID,MTL6U,ALL,5
IF,VENTA,43.583056,5.234472, ,0.0,0.0,2,5000,0,0,0,0,0,0
TF,DOLIV,43.710250,5.177278,0, ,0.0,0.0,0.0,0.0,2,7000,0,0,0,0,0,0
TF,CM,43.908278,4.905389,0, ,0.0,0.0,0.0,0.0,0,0,0,0,0,0,0,0
TF,MTL,44.554944,4.779861,0, ,0.0,0.0,0.0,0.0,0,0,0,0,0,0,0,0

SID,NASI6B,13L,4
CD, ,0,0,0,ML,0,0.0,132.0,1.5,0,0,0,0,0,0,0,0
CA,0,132.0,2,470,0,0,0,0,0,0
CF,D076M,43.430992,5.377686,0,MTG,76.0,13.0,76.0,6.0,0,0,0,0,0,0,0,0
TF,TRETS,43.413056,5.730833,0, ,0.0,0.0,0.0,0.0,0,0,0,0,0,0,0,0

SID,NASI6B,13R,4
CD, ,0,0,0,ML,0,0.0,133.0,1.5,0,0,0,0,0,0,0,0
CA,0,133.0,2,470,0,0,0,0,0,0
CF,D076M,43.430992,5.377686,0,MTG,76.0,13.0,76.0,6.0,0,0,0,0,0,0,0,0
TF,TRETS,43.413056,5.730833,0, ,0.0,0.0,0.0,0.0,0,0,0,0,0,0,0,0

SID,NASI6B,ALL,5
IF,TRETS,43.413056,5.730833, ,0.0,0.0,0,0,0,0,0,0,0,0
TF,NASIK,43.430833,6.267500,0, ,0.0,0.0,0.0,0.0,0,0,0,0,0,0,0,0

SID,NASI6C,31L,4
CR,0,MTG,32.0,313.0,0,0,0,0,0,0,0,0
CF,VELLO,43.519083,5.262000,2,MTG,41.8,11.1,96.0,3.0,2,2500,0,1,175,0,0,0

SID,NASI6C,31R,4
CR,0,MTG,32.0,312.0,0,0,0,0,0,0,0,0
CF,VELLO,43.519083,5.262000,2,MTG,41.8,11.1,96.0,3.0,2,2500,0,1,175,0,0,0

SID,NASI6C,ALL,5
IF,VELLO,43.519083,5.262000, ,0.0,0.0,2,2500,0,1,175,0,0,0
TF,ALM,43.507778,5.366861,0, ,0.0,0.0,0.0,0.0,0,0,0,0,0,0,0,0
TF,TRETS,43.413056,5.730833,0, ,0.0,0.0,0.0,0.0,0,0,0,0,0,0,0,0
TF,NASIK,43.430833,6.267500,0, ,0.0,0.0,0.0,0.0,0,0,0,0,0,0,0,0

SID,NASI6N,31L,4
CF,ML326,43.470806,5.162222,0,MTG,31.0,6.1,313.0,3.0,0,0,0,1,175,0,0,1
DF,VELLO,43.519083,5.262000,2, ,0.0,0.0,2,2500,0,1,210,0,0,0

SID,NASI6N,31R,4
CF,ML316,43.472639,5.163833,0,MTG,31.0,6.2,312.0,3.0,0,0,0,1,175,0,0,1
DF,VELLO,43.519083,5.262000,2, ,0.0,0.0,2,2500,0,1,210,0,0,0

SID,NASI6N,ALL,5
IF,VELLO,43.519083,5.262000, ,0.0,0.0,2,2500,0,1,210,0,0,0
TF,ALM,43.507778,5.366861,0, ,0.0,0.0,0.0,0.0,0,0,0,0,0,0,0,0
TF,TRETS,43.413056,5.730833,0, ,0.0,0.0,0.0,0.0,0,0,0,0,0,0,0,0
TF,NASIK,43.430833,6.267500,0, ,0.0,0.0,0.0,0.0,0,0,0,0,0,0,0,0

SID,NASI6S,13L,4
CA,0,132.0,2,470,0,0,0,0,0,0
CF,ML364,43.432000,5.348389,0,MRM,14.3,3.4,77.0,5.0,0,0,0,0,0,0,0,0
TF,TRETS,43.413056,5.730833,0, ,0.0,0.0,0.0,0.0,0,0,0,0,0,0,0,0

SID,NASI6S,13R,4
CA,0,133.0,2,470,0,0,0,0,0,0
CF,ML364,43.432000,5.348389,0,MRM,14.3,3.4,77.0,5.0,0,0,0,0,0,0,0,0
TF,TRETS,43.413056,5.730833,0, ,0.0,0.0,0.0,0.0,0,0,0,0,0,0,0,0

SID,NASI6S,ALL,5
IF,TRETS,43.413056,5.730833, ,0.0,0.0,0,0,0,0,0,0,0,0
TF,NASIK,43.430833,6.267500,0, ,0.0,0.0,0.0,0.0,0,0,0,0,0,0,0,0

SID,NASI6U,31L,4
CA,0,313.0,2,5000,0,0,0,0,0,0
DF,ALM,43.507778,5.366861,2, ,0.0,0.0,0,0,0,1,210,0,0,0

SID,NASI6U,31R,4
CA,0,312.0,2,5000,0,0,0,0,0,0
DF,ALM,43.507778,5.366861,2, ,0.0,0.0,0,0,0,1,210,0,0,0

SID,NASI6U,ALL,5
IF,ALM,43.507778,5.366861, ,0.0,0.0,0,0,0,1,210,0,0,0
TF,TRETS,43.413056,5.730833,0, ,0.0,0.0,0.0,0.0,0,0,0,0,0,0,0,0
TF,NASIK,43.430833,6.267500,0, ,0.0,0.0,0.0,0.0,0,0,0,0,0,0,0,0

SID,SOSU6N,31L,4
CF,ML320,43.496056,5.127250,0,MTG,13.0,6.8,313.0,5.0,0,0,0,0,0,0,0,0
TF,MTG,43.386306,5.086833,1, ,0.0,0.0,0.0,0.0,2,3500,0,1,210,0,0,0

SID,SOSU6N,31R,4
CF,ML310,43.497861,5.127917,0,MTG,13.0,6.9,312.0,5.0,0,0,0,0,0,0,0,0
TF,MTG,43.386306,5.086833,1, ,0.0,0.0,0.0,0.0,2,3500,0,1,210,0,0,0

SID,SOSU6N,ALL,5
IF,MTG,43.386306,5.086833, ,0.0,0.0,2,3500,0,1,210,0,0,0
TF,NATEG,43.205639,5.027250,0, ,0.0,0.0,0.0,0.0,0,0,0,0,0,0,0,0
TF,ML386,42.786528,4.890389,0, ,0.0,0.0,0.0,0.0,0,0,0,0,0,0,0,0
TF,SOSUR,42.560222,4.997389,0, ,0.0,0.0,0.0,0.0,0,0,0,0,0,0,0,0

SID,SOSU6S,13L,4
CA,0,132.0,2,470,0,0,0,0,0,0
CF,PESHU,43.342000,5.302083,0,MRM,204.7,2.4,145.0,6.0,0,0,0,0,0,0,0,0
TF,ML384,43.312750,5.328000,0, ,0.0,0.0,0.0,0.0,0,0,0,0,0,0,0,0
TF,CALAN,43.094306,5.333167,0, ,0.0,0.0,0.0,0.0,0,0,0,0,0,0,0,0

SID,SOSU6S,13R,4
CA,0,133.0,2,470,0,0,0,0,0,0
CF,PESHU,43.342000,5.302083,0,MRM,204.7,2.4,145.0,6.0,0,0,0,0,0,0,0,0
TF,ML384,43.312750,5.328000,0, ,0.0,0.0,0.0,0.0,0,0,0,0,0,0,0,0
TF,CALAN,43.094306,5.333167,0, ,0.0,0.0,0.0,0.0,0,0,0,0,0,0,0,0

SID,SOSU6S,ALL,5
IF,CALAN,43.094306,5.333167, ,0.0,0.0,0,0,0,0,0,0,0,0
TF,LUMIX,43.010833,5.335000,0, ,0.0,0.0,0.0,0.0,0,0,0,0,0,0,0,0
TF,AGAKI,42.804722,5.023611,0, ,0.0,0.0,0.0,0.0,0,0,0,0,0,0,0,0
TF,SOSUR,42.560222,4.997389,0, ,0.0,0.0,0.0,0.0,0,0,0,0,0,0,0,0

SID,TINO6N,31L,4
CF,ML320,43.496056,5.127250,0,MTG,13.0,6.8,313.0,5.0,0,0,0,0,0,0,0,0
TF,MTG,43.386306,5.086833,1, ,0.0,0.0,0.0,0.0,2,3500,0,1,210,0,0,0

SID,TINO6N,31R,4
CF,ML310,43.497861,5.127917,0,MTG,13.0,6.9,312.0,5.0,0,0,0,0,0,0,0,0
TF,MTG,43.386306,5.086833,1, ,0.0,0.0,0.0,0.0,2,3500,0,1,210,0,0,0

SID,TINO6N,ALL,5
IF,MTG,43.386306,5.086833, ,0.0,0.0,2,3500,0,1,210,0,0,0
TF,NATEG,43.205639,5.027250,0, ,0.0,0.0,0.0,0.0,0,0,0,0,0,0,0,0
TF,CALAN,43.094306,5.333167,0, ,0.0,0.0,0.0,0.0,0,0,0,0,0,0,0,0
TF,LUMIX,43.010833,5.335000,0, ,0.0,0.0,0.0,0.0,0,0,0,0,0,0,0,0
TF,TINOT,42.697722,5.315111,0, ,0.0,0.0,0.0,0.0,0,0,0,0,0,0,0,0

SID,TINO6S,13L,4
CA,0,132.0,2,470,0,0,0,0,0,0
CF,PESHU,43.342000,5.302083,0,MRM,204.7,2.4,145.0,6.0,0,0,0,0,0,0,0,0
TF,ML384,43.312750,5.328000,0, ,0.0,0.0,0.0,0.0,0,0,0,0,0,0,0,0
TF,CALAN,43.094306,5.333167,0, ,0.0,0.0,0.0,0.0,0,0,0,0,0,0,0,0

SID,TINO6S,13R,4
CA,0,133.0,2,470,0,0,0,0,0,0
CF,PESHU,43.342000,5.302083,0,MRM,204.7,2.4,145.0,6.0,0,0,0,0,0,0,0,0
TF,ML384,43.312750,5.328000,0, ,0.0,0.0,0.0,0.0,0,0,0,0,0,0,0,0
TF,CALAN,43.094306,5.333167,0, ,0.0,0.0,0.0,0.0,0,0,0,0,0,0,0,0

SID,TINO6S,ALL,5
IF,CALAN,43.094306,5.333167, ,0.0,0.0,0,0,0,0,0,0,0,0
TF,LUMIX,43.010833,5.335000,0, ,0.0,0.0,0.0,0.0,0,0,0,0,0,0,0,0
TF,TINOT,42.697722,5.315111,0, ,0.0,0.0,0.0,0.0,0,0,0,0,0,0,0,0

SID,VATI6N,31L,4
CF,ML320,43.496056,5.127250,0,MTG,13.0,6.8,313.0,5.0,0,0,0,0,0,0,0,0
TF,MTG,43.386306,5.086833,1, ,0.0,0.0,0.0,0.0,2,3500,0,1,210,0,0,0

SID,VATI6N,31R,4
CF,ML310,43.497861,5.127917,0,MTG,13.0,6.9,312.0,5.0,0,0,0,0,0,0,0,0
TF,MTG,43.386306,5.086833,1, ,0.0,0.0,0.0,0.0,2,3500,0,1,210,0,0,0

SID,VATI6N,ALL,5
IF,MTG,43.386306,5.086833, ,0.0,0.0,2,3500,0,1,210,0,0,0
TF,NATEG,43.205639,5.027250,0, ,0.0,0.0,0.0,0.0,0,0,0,0,0,0,0,0
TF,DIVKO,43.056167,4.776917,0, ,0.0,0.0,0.0,0.0,0,0,0,0,0,0,0,0
TF,VATIR,42.172222,4.115556,0, ,0.0,0.0,0.0,0.0,0,0,0,0,0,0,0,0

SID,VATI6S,13L,4
CA,0,132.0,2,470,0,0,0,0,0,0
CF,PESHU,43.342000,5.302083,0,MRM,204.7,2.4,145.0,6.0,0,0,0,1,210,0,0,0
TF,NATEG,43.205639,5.027250,0, ,0.0,0.0,0.0,0.0,0,0,0,0,0,0,0,0

SID,VATI6S,13R,4
CA,0,133.0,2,470,0,0,0,0,0,0
CF,PESHU,43.342000,5.302083,0,MRM,204.7,2.4,145.0,6.0,0,0,0,1,210,0,0,0
TF,NATEG,43.205639,5.027250,0, ,0.0,0.0,0.0,0.0,0,0,0,0,0,0,0,0

SID,VATI6S,ALL,5
IF,NATEG,43.205639,5.027250, ,0.0,0.0,0,0,0,0,0,0,0,0
TF,DIVKO,43.056167,4.776917,0, ,0.0,0.0,0.0,0.0,0,0,0,0,0,0,0,0
TF,VATIR,42.172222,4.115556,0, ,0.0,0.0,0.0,0.0,0,0,0,0,0,0,0,0

STAR,BALS1D,31L,5
IF,BALSI,45.477389,5.960778, ,0.0,0.0,0,0,0,0,0,0,0,0
TF,ML500,45.115222,5.444722,0, ,0.0,0.0,0.0,0.0,3,29000,0,0,0,0,0,0
TF,KURIR,44.725528,4.900389,0, ,0.0,0.0,0.0,0.0,0,0,0,0,0,0,0,0
TF,ELRUN,44.130000,5.038778,0, ,0.0,0.0,0.0,0.0,0,0,0,0,0,0,0,0
TF,SAURG,43.883333,5.095278,0, ,0.0,0.0,0.0,0.0,2,15000,0,0,0,0,0,0
TF,DOLIV,43.710250,5.177278,0, ,0.0,0.0,0.0,0.0,0,0,0,0,0,0,0,0

STAR,BALS1D,31R,5
IF,BALSI,45.477389,5.960778, ,0.0,0.0,0,0,0,0,0,0,0,0
TF,ML500,45.115222,5.444722,0, ,0.0,0.0,0.0,0.0,3,29000,0,0,0,0,0,0
TF,KURIR,44.725528,4.900389,0, ,0.0,0.0,0.0,0.0,0,0,0,0,0,0,0,0
TF,ELRUN,44.130000,5.038778,0, ,0.0,0.0,0.0,0.0,0,0,0,0,0,0,0,0
TF,SAURG,43.883333,5.095278,0, ,0.0,0.0,0.0,0.0,2,15000,0,0,0,0,0,0
TF,DOLIV,43.710250,5.177278,0, ,0.0,0.0,0.0,0.0,0,0,0,0,0,0,0,0

STAR,BALS1R,13L,5
IF,BALSI,45.477389,5.960778, ,0.0,0.0,0,0,0,0,0,0,0,0
TF,ML500,45.115222,5.444722,0, ,0.0,0.0,0.0,0.0,3,29000,0,0,0,0,0,0
TF,KURIR,44.725528,4.900389,0, ,0.0,0.0,0.0,0.0,3,22000,0,0,0,0,0,0
TF,MTL,44.554944,4.779861,0, ,0.0,0.0,0.0,0.0,3,19000,0,1,280,0,0,0
TF,RIKSI,44.118972,4.677056,0, ,0.0,0.0,0.0,0.0,0,0,0,0,0,0,0,0

STAR,BALS1R,13R,5
IF,BALSI,45.477389,5.960778, ,0.0,0.0,0,0,0,0,0,0,0,0
TF,ML500,45.115222,5.444722,0, ,0.0,0.0,0.0,0.0,3,29000,0,0,0,0,0,0
TF,KURIR,44.725528,4.900389,0, ,0.0,0.0,0.0,0.0,3,22000,0,0,0,0,0,0
TF,MTL,44.554944,4.779861,0, ,0.0,0.0,0.0,0.0,3,19000,0,1,280,0,0,0
TF,RIKSI,44.118972,4.677056,0, ,0.0,0.0,0.0,0.0,0,0,0,0,0,0,0,0

STAR,FJR1L,ALL,5
IF,FJR,43.578361,3.974722, ,0.0,0.0,3,20000,0,0,0,0,0,0
TF,MARRI,43.384722,4.474167,0, ,0.0,0.0,0.0,0.0,3,11000,0,0,0,0,0,0
TF,SALIN,43.282806,4.730139,0, ,0.0,0.0,0.0,0.0,3,10000,0,0,0,0,0,0
TF,ULKUX,42.940556,4.959139,0, ,0.0,0.0,0.0,0.0,0,0,0,0,0,0,0,1
DF,LIPSU,42.943639,5.118528,1, ,0.0,0.0,0,0,0,0,0,0,0,0

STAR,LANK1G,ALL,5
IF,LANKO,43.227222,6.014444, ,0.0,0.0,3,12000,0,0,0,0,0,0
TF,GEMKO,43.267917,5.595806,0, ,0.0,0.0,0.0,0.0,0,0,0,0,0,0,0,0

STAR,LERG1D,31L,5
IF,LERGA,45.257278,3.750167, ,0.0,0.0,0,0,0,0,0,0,0,0
TF,OTROT,45.113611,4.445556,0, ,0.0,0.0,0.0,0.0,0,0,0,0,0,0,0,0
TF,KURIR,44.725528,4.900389,0, ,0.0,0.0,0.0,0.0,0,0,0,0,0,0,0,0
TF,ELRUN,44.130000,5.038778,0, ,0.0,0.0,0.0,0.0,0,0,0,0,0,0,0,0
TF,SAURG,43.883333,5.095278,0, ,0.0,0.0,0.0,0.0,2,15000,0,0,0,0,0,0
TF,DOLIV,43.710250,5.177278,0, ,0.0,0.0,0.0,0.0,0,0,0,0,0,0,0,0

STAR,LERG1D,31R,5
IF,LERGA,45.257278,3.750167, ,0.0,0.0,0,0,0,0,0,0,0,0
TF,OTROT,45.113611,4.445556,0, ,0.0,0.0,0.0,0.0,0,0,0,0,0,0,0,0
TF,KURIR,44.725528,4.900389,0, ,0.0,0.0,0.0,0.0,0,0,0,0,0,0,0,0
TF,ELRUN,44.130000,5.038778,0, ,0.0,0.0,0.0,0.0,0,0,0,0,0,0,0,0
TF,SAURG,43.883333,5.095278,0, ,0.0,0.0,0.0,0.0,2,15000,0,0,0,0,0,0
TF,DOLIV,43.710250,5.177278,0, ,0.0,0.0,0.0,0.0,0,0,0,0,0,0,0,0

STAR,LERG1R,13L,5
IF,LERGA,45.257278,3.750167, ,0.0,0.0,3,29000,0,0,0,0,0,0
TF,LATAM,45.033861,4.239111,0, ,0.0,0.0,0.0,0.0,0,0,0,0,0,0,0,0
TF,ARDEG,44.669167,4.537500,0, ,0.0,0.0,0.0,0.0,3,22000,0,0,0,0,0,0
TF,OSGOX,44.311306,4.649056,0, ,0.0,0.0,0.0,0.0,0,0,0,0,0,0,0,0
TF,RIKSI,44.118972,4.677056,0, ,0.0,0.0,0.0,0.0,0,0,0,0,0,0,0,0

STAR,LERG1R,13R,5
IF,LERGA,45.257278,3.750167, ,0.0,0.0,3,29000,0,0,0,0,0,0
TF,LATAM,45.033861,4.239111,0, ,0.0,0.0,0.0,0.0,0,0,0,0,0,0,0,0
TF,ARDEG,44.669167,4.537500,0, ,0.0,0.0,0.0,0.0,3,22000,0,0,0,0,0,0
TF,OSGOX,44.311306,4.649056,0, ,0.0,0.0,0.0,0.0,0,0,0,0,0,0,0,0
TF,RIKSI,44.118972,4.677056,0, ,0.0,0.0,0.0,0.0,0,0,0,0,0,0,0,0

STAR,MTL1D,31L,5
IF,MTL,44.554944,4.779861, ,0.0,0.0,3,19000,0,0,0,0,0,0
TF,SAURG,43.883333,5.095278,0, ,0.0,0.0,0.0,0.0,0,0,0,0,0,0,0,0
TF,DOLIV,43.710250,5.177278,0, ,0.0,0.0,0.0,0.0,0,0,0,0,0,0,0,0

STAR,MTL1D,31R,5
IF,MTL,44.554944,4.779861, ,0.0,0.0,3,19000,0,0,0,0,0,0
TF,SAURG,43.883333,5.095278,0, ,0.0,0.0,0.0,0.0,0,0,0,0,0,0,0,0
TF,DOLIV,43.710250,5.177278,0, ,0.0,0.0,0.0,0.0,0,0,0,0,0,0,0,0

STAR,MTL1R,13L,5
IF,MTL,44.554944,4.779861, ,0.0,0.0,3,19000,0,1,280,0,0,0
TF,RIKSI,44.118972,4.677056,0, ,0.0,0.0,0.0,0.0,0,0,0,0,0,0,0,0

STAR,MTL1R,13R,5
IF,MTL,44.554944,4.779861, ,0.0,0.0,3,19000,0,1,280,0,0,0
TF,RIKSI,44.118972,4.677056,0, ,0.0,0.0,0.0,0.0,0,0,0,0,0,0,0,0

STAR,NIDE1L,ALL,5
IF,NIDEV,42.913528,5.425333, ,0.0,0.0,3,13000,0,0,0,0,0,0
TF,LIPSU,42.943639,5.118528,0, ,0.0,0.0,0.0,0.0,0,0,0,0,0,0,0,0

STAR,SOSU1L,ALL,5
IF,SOSUR,42.560222,4.997389, ,0.0,0.0,3,19000,0,0,0,0,0,0
TF,AGAKI,42.804722,5.023611,0, ,0.0,0.0,0.0,0.0,3,15000,0,0,0,0,0,0
TF,LIPSU,42.943639,5.118528,0, ,0.0,0.0,0.0,0.0,0,0,0,0,0,0,0,0

STAR,TINO1L,ALL,5
IF,TINOT,42.697722,5.315111, ,0.0,0.0,3,17000,0,0,0,0,0,0
TF,LIPSU,42.943639,5.118528,0, ,0.0,0.0,0.0,0.0,0,0,0,0,0,0,0,0

APPTR,I13LY,13L,GEMKO
IF,GEMKO,43.267917,5.595806, ,0.0,0.0,0,0,0,0,0,0,1,0
TF,MTG,43.386306,5.086833,0, ,0.0,0.0,0.0,0.0,4,9000,7000,0,0,0,0,0
TF,TONDU,43.601306,5.133694,0, ,0.0,0.0,0.0,0.0,0,0,0,0,0,0,0,0
TF,D326U,43.673914,5.070878,0, ,0.0,0.0,0.0,0.0,0,0,0,0,0,0,0,1
CF,D326W,43.702128,5.046408,0,MRM,326.0,23.0,326.0,2.0,0,0,0,0,0,0,0,0
AF,D321W,43.683086,5.008517,1,MRM,321.0,23.0,326.0,2,5000,0,1,185,0,0,0
AF,D315W,43.657164,4.966311,1,MRM,315.0,23.0,321.0,0,0,0,0,0,0,0,0
AF,D312R,43.633106,4.934094,1,MRM,310.0,23.0,315.0,2,4000,0,0,0,0,1,0
CF,ZEBRA,43.615889,4.960083,0,ML,312.1,16.4,132.0,1.5,2,4000,0,0,0,0,0,0

APPTR,I13LY,13L,LIPSU
IF,LIPSU,42.943639,5.118528, ,0.0,0.0,0,0,0,0,0,0,1,0
TF,MTG,43.386306,5.086833,0, ,0.0,0.0,0.0,0.0,4,9000,7000,0,0,0,0,0
TF,TONDU,43.601306,5.133694,0, ,0.0,0.0,0.0,0.0,0,0,0,0,0,0,0,0
TF,D326U,43.673914,5.070878,0, ,0.0,0.0,0.0,0.0,0,0,0,0,0,0,0,1
CF,D326W,43.702128,5.046408,0,MRM,326.0,23.0,326.0,2.0,0,0,0,0,0,0,0,0
AF,D321W,43.683086,5.008517,1,MRM,321.0,23.0,326.0,2,5000,0,1,185,0,0,0
AF,D315W,43.657164,4.966311,1,MRM,315.0,23.0,321.0,0,0,0,0,0,0,0,0
AF,D312R,43.633106,4.934094,1,MRM,310.0,23.0,315.0,2,4000,0,0,0,0,1,0
CF,ZEBRA,43.615889,4.960083,0,ML,312.1,16.4,132.0,1.5,2,4000,0,0,0,0,0,0

APPTR,I13LY,13L,RIKSI
IF,RIKSI,44.118972,4.677056, ,0.0,0.0,0,0,0,0,0,0,1,0
CF,AVN,43.995361,4.746389,0,MTG,336.0,39.4,156.0,8.0,2,8000,0,0,0,0,0,0
CF,MTG27,43.803364,4.854053,0,MTG,336.0,27.0,156.0,12.4,2,7000,0,0,0,0,0,0
CF,MAZET,43.710806,4.906028,0,MTG,336.0,21.0,156.0,6.0,2,5000,0,0,0,0,0,0
CF,ZEBRA,43.615889,4.960083,0,ML,312.1,16.4,156.0,6.2,2,4000,0,0,0,0,1,0

APPTR,I13LY,13L,SALIN
IF,SALIN,43.282806,4.730139, ,0.0,0.0,0,0,0,0,0,0,1,0
TF,BULTO,43.273611,4.903333,0, ,0.0,0.0,0.0,0.0,0,0,0,0,0,0,0,0
TF,MTG,43.386306,5.086833,0, ,0.0,0.0,0.0,0.0,4,9000,7000,0,0,0,0,0
TF,TONDU,43.601306,5.133694,0, ,0.0,0.0,0.0,0.0,0,0,0,0,0,0,0,0
TF,D326U,43.673914,5.070878,0, ,0.0,0.0,0.0,0.0,0,0,0,0,0,0,0,1
CF,D326W,43.702128,5.046408,0,MRM,326.0,23.0,326.0,2.0,0,0,0,0,0,0,0,0
AF,D321W,43.683086,5.008517,1,MRM,321.0,23.0,326.0,2,5000,0,1,185,0,0,0
AF,D315W,43.657164,4.966311,1,MRM,315.0,23.0,321.0,0,0,0,0,0,0,0,0
AF,D312R,43.633106,4.934094,1,MRM,310.0,23.0,315.0,2,4000,0,0,0,0,1,0
CF,ZEBRA,43.615889,4.960083,0,ML,312.1,16.4,132.0,1.5,2,4000,0,0,0,0,0,0

FINAL,I13LY,13L,I,3
IF,ZEBRA,43.615889,4.960083,ML,312.1,16.4,2,4000,0,0,0,0,0,0
CF,FI13L,43.589861,4.996194,0,ML,312.0,14.2,132.0,2.2,1,4000,0,0,0,0,2,0
CF,RW13L,43.447014,5.200339,0,ML,312.0,1.9,132.0,12.4,1,63,0,0,0,0,3,0
CF,D132C,43.387183,5.285339,0,MTG,87.6,8.7,132.0,5.2,0,0,0,0,0,0,0,1
CA,0,132.0,2,2000,0,0,0,0,0,0
CF,LIPSU,42.943639,5.118528,0,MRM,197.4,27.6,197.0,27.0,1,4000,0,1,185,0,0,0

APPTR,I13LZ,13L,GEMKO
IF,GEMKO,43.267917,5.595806, ,0.0,0.0,0,0,0,0,0,0,1,0
TF,VAKOP,43.334083,5.017778,0, ,0.0,0.0,0.0,0.0,0,0,0,0,0,0,0,0
TF,ERLAX,43.434750,5.022611,0, ,0.0,0.0,0.0,0.0,2,7000,0,0,0,0,0,0
TF,ADIVA,43.498611,4.937722,0, ,0.0,0.0,0.0,0.0,1,5000,0,0,0,0,0,0
TF,OLIBO,43.582389,4.825917,0, ,0.0,0.0,0.0,0.0,0,0,0,1,210,0,0,0
TF,ML402,43.607528,4.885417,2, ,0.0,0.0,0.0,0.0,1,5000,0,0,0,0,0,0
TF,I13LZ,43.629944,4.938611,0, ,0.0,0.0,0.0,0.0,2,4000,0,1,185,0,1,0
CF,ZEBRA,43.615889,4.960083,0,ML,312.1,16.4,132.0,1.3,2,4000,0,0,0,0,0,0

APPTR,I13LZ,13L,LIPSU
IF,LIPSU,42.943639,5.118528, ,0.0,0.0,0,0,0,0,0,0,1,0
TF,NATEG,43.205639,5.027250,0, ,0.0,0.0,0.0,0.0,0,0,0,0,0,0,0,0
TF,VAKOP,43.334083,5.017778,0, ,0.0,0.0,0.0,0.0,0,0,0,0,0,0,0,0
TF,ERLAX,43.434750,5.022611,0, ,0.0,0.0,0.0,0.0,2,7000,0,0,0,0,0,0
TF,ADIVA,43.498611,4.937722,0, ,0.0,0.0,0.0,0.0,1,5000,0,0,0,0,0,0
TF,OLIBO,43.582389,4.825917,0, ,0.0,0.0,0.0,0.0,0,0,0,1,210,0,0,0
TF,ML402,43.607528,4.885417,2, ,0.0,0.0,0.0,0.0,1,5000,0,0,0,0,0,0
TF,I13LZ,43.629944,4.938611,0, ,0.0,0.0,0.0,0.0,2,4000,0,1,185,0,1,0
CF,ZEBRA,43.615889,4.960083,0,ML,312.1,16.4,132.0,1.3,2,4000,0,0,0,0,0,0

APPTR,I13LZ,13L,RIKSI
IF,RIKSI,44.118972,4.677056, ,0.0,0.0,0,0,0,0,0,0,1,0
CF,AVN,43.995361,4.746389,0,MTG,336.0,39.4,156.0,8.0,2,8000,0,0,0,0,0,0
CF,MTG27,43.803364,4.854053,0,MTG,336.0,27.0,156.0,12.4,2,7000,0,0,0,0,0,0
CF,MAZET,43.710806,4.906028,0,MTG,336.0,21.0,156.0,6.0,2,5000,0,0,0,0,0,0
CF,ZEBRA,43.615889,4.960083,0,ML,312.1,16.4,156.0,6.2,2,4000,0,0,0,0,1,0

APPTR,I13LZ,13L,SALIN
IF,SALIN,43.282806,4.730139, ,0.0,0.0,0,0,0,0,0,0,1,0
TF,VAKOP,43.334083,5.017778,0, ,0.0,0.0,0.0,0.0,0,0,0,0,0,0,0,0
TF,ERLAX,43.434750,5.022611,0, ,0.0,0.0,0.0,0.0,2,7000,0,0,0,0,0,0
TF,ADIVA,43.498611,4.937722,0, ,0.0,0.0,0.0,0.0,1,5000,0,0,0,0,0,0
TF,OLIBO,43.582389,4.825917,0, ,0.0,0.0,0.0,0.0,0,0,0,1,210,0,0,0
TF,ML402,43.607528,4.885417,2, ,0.0,0.0,0.0,0.0,1,5000,0,0,0,0,0,0
TF,I13LZ,43.629944,4.938611,0, ,0.0,0.0,0.0,0.0,2,4000,0,1,185,0,1,0
CF,ZEBRA,43.615889,4.960083,0,ML,312.1,16.4,132.0,1.3,2,4000,0,0,0,0,0,0

FINAL,I13LZ,13L,I,3
IF,ZEBRA,43.615889,4.960083,ML,312.1,16.4,2,4000,0,0,0,0,0,0
CF,FI13L,43.589861,4.996194,0,ML,312.0,14.2,132.0,2.2,1,4000,0,0,0,0,2,0
CF,RW13L,43.447014,5.200339,0,ML,312.0,1.9,132.0,12.4,1,63,0,0,0,0,3,0
CF,D132C,43.387183,5.285339,0,MTG,87.6,8.7,132.0,5.2,0,0,0,0,0,0,0,1
CA,0,132.0,2,2000,0,0,0,0,0,0
CF,LIPSU,42.943639,5.118528,0,MRM,197.4,27.6,197.0,27.0,1,4000,0,1,185,0,0,0

APPTR,I13RY,13R,GEMKO
IF,GEMKO,43.267917,5.595806, ,0.0,0.0,0,0,0,0,0,0,1,0
TF,MTG,43.386306,5.086833,0, ,0.0,0.0,0.0,0.0,4,9000,7000,0,0,0,0,0
TF,TONDU,43.601306,5.133694,0, ,0.0,0.0,0.0,0.0,0,0,0,0,0,0,0,0
TF,D326U,43.673914,5.070878,0, ,0.0,0.0,0.0,0.0,0,0,0,0,0,0,0,1
CF,D326W,43.702128,5.046408,0,MRM,326.0,23.0,326.0,2.0,0,0,0,0,0,0,0,0
AF,D321W,43.683086,5.008517,1,MRM,321.0,23.0,326.0,2,5000,0,1,185,0,0,0
AF,D315W,43.657164,4.966311,1,MRM,315.0,23.0,321.0,0,0,0,0,0,0,0,0
AF,D313R,43.634183,4.935236,1,MRM,310.2,23.0,315.0,2,4000,0,0,0,0,1,0
CF,ZEBRA,43.615889,4.960083,0,MCE,312.8,16.3,133.0,1.5,2,4000,0,0,0,0,0,0

APPTR,I13RY,13R,LIPSU
IF,LIPSU,42.943639,5.118528, ,0.0,0.0,0,0,0,0,0,0,1,0
TF,MTG,43.386306,5.086833,0, ,0.0,0.0,0.0,0.0,4,9000,7000,0,0,0,0,0
TF,TONDU,43.601306,5.133694,0, ,0.0,0.0,0.0,0.0,0,0,0,0,0,0,0,0
TF,D326U,43.673914,5.070878,0, ,0.0,0.0,0.0,0.0,0,0,0,0,0,0,0,1
CF,D326W,43.702128,5.046408,0,MRM,326.0,23.0,326.0,2.0,0,0,0,0,0,0,0,0
AF,D321W,43.683086,5.008517,1,MRM,321.0,23.0,326.0,2,5000,0,1,185,0,0,0
AF,D315W,43.657164,4.966311,1,MRM,315.0,23.0,321.0,0,0,0,0,0,0,0,0
AF,D313R,43.634183,4.935236,1,MRM,310.2,23.0,315.0,2,4000,0,0,0,0,1,0
CF,ZEBRA,43.615889,4.960083,0,MCE,312.8,16.3,133.0,1.5,2,4000,0,0,0,0,0,0

APPTR,I13RY,13R,RIKSI
IF,RIKSI,44.118972,4.677056, ,0.0,0.0,0,0,0,0,0,0,1,0
CF,AVN,43.995361,4.746389,0,MTG,336.0,39.4,156.0,8.0,2,8000,0,0,0,0,0,0
CF,MTG27,43.803364,4.854053,0,MTG,336.0,27.0,156.0,12.4,2,7000,0,0,0,0,0,0
CF,MAZET,43.710806,4.906028,0,MTG,336.0,21.0,156.0,6.0,2,5000,0,0,0,0,0,0
CF,ZEBRA,43.615889,4.960083,0,MCE,312.8,16.3,156.0,6.2,2,4000,0,0,0,0,1,0

APPTR,I13RY,13R,SALIN
IF,SALIN,43.282806,4.730139, ,0.0,0.0,0,0,0,0,0,0,1,0
TF,BULTO,43.273611,4.903333,0, ,0.0,0.0,0.0,0.0,0,0,0,0,0,0,0,0
TF,MTG,43.386306,5.086833,0, ,0.0,0.0,0.0,0.0,4,9000,7000,0,0,0,0,0
TF,TONDU,43.601306,5.133694,0, ,0.0,0.0,0.0,0.0,0,0,0,0,0,0,0,0
TF,D326U,43.673914,5.070878,0, ,0.0,0.0,0.0,0.0,0,0,0,0,0,0,0,1
CF,D326W,43.702128,5.046408,0,MRM,326.0,23.0,326.0,2.0,0,0,0,0,0,0,0,0
AF,D321W,43.683086,5.008517,1,MRM,321.0,23.0,326.0,2,5000,0,1,185,0,0,0
AF,D315W,43.657164,4.966311,1,MRM,315.0,23.0,321.0,0,0,0,0,0,0,0,0
AF,D313R,43.634183,4.935236,1,MRM,310.2,23.0,315.0,2,4000,0,0,0,0,1,0
CF,ZEBRA,43.615889,4.960083,0,MCE,312.8,16.3,133.0,1.5,2,4000,0,0,0,0,0,0

FINAL,I13RY,13R,I,3
IF,ZEBRA,43.615889,4.960083,MCE,312.8,16.3,2,4000,0,0,0,0,0,0
CF,FI13R,43.585972,5.002306,0,MCE,312.8,13.7,133.0,2.6,1,4000,0,0,0,0,2,0
CF,RW13R,43.440922,5.203547,0,MCE,312.8,1.4,133.0,12.4,1,62,0,0,0,0,3,0
CF,D133E,43.385786,5.279617,0,MTG,88.2,8.4,133.0,4.7,0,0,0,0,0,0,0,1
CA,0,133.0,2,2000,0,0,0,0,0,0
CF,LIPSU,42.943639,5.118528,0,MRM,197.4,27.6,197.0,27.0,1,4000,0,1,185,0,0,0

APPTR,I13RZ,13R,GEMKO
IF,GEMKO,43.267917,5.595806, ,0.0,0.0,0,0,0,0,0,0,1,0
TF,VAKOP,43.334083,5.017778,0, ,0.0,0.0,0.0,0.0,0,0,0,0,0,0,0,0
TF,ERLAX,43.434750,5.022611,0, ,0.0,0.0,0.0,0.0,2,7000,0,0,0,0,0,0
TF,ADIVA,43.498611,4.937722,0, ,0.0,0.0,0.0,0.0,1,5000,0,0,0,0,0,0
TF,OLIBO,43.582389,4.825917,0, ,0.0,0.0,0.0,0.0,0,0,0,1,210,0,0,0
TF,ML402,43.607528,4.885417,2, ,0.0,0.0,0.0,0.0,1,5000,0,0,0,0,0,0
TF,I13RZ,43.630472,4.940250,0, ,0.0,0.0,0.0,0.0,2,4000,0,1,185,0,1,0
CF,ZEBRA,43.615889,4.960083,0,MCE,312.8,16.3,133.0,1.2,2,4000,0,0,0,0,0,0

APPTR,I13RZ,13R,LIPSU
IF,LIPSU,42.943639,5.118528, ,0.0,0.0,0,0,0,0,0,0,1,0
TF,NATEG,43.205639,5.027250,0, ,0.0,0.0,0.0,0.0,0,0,0,0,0,0,0,0
TF,VAKOP,43.334083,5.017778,0, ,0.0,0.0,0.0,0.0,0,0,0,0,0,0,0,0
TF,ERLAX,43.434750,5.022611,0, ,0.0,0.0,0.0,0.0,2,7000,0,0,0,0,0,0
TF,ADIVA,43.498611,4.937722,0, ,0.0,0.0,0.0,0.0,1,5000,0,0,0,0,0,0
TF,OLIBO,43.582389,4.825917,0, ,0.0,0.0,0.0,0.0,0,0,0,1,210,0,0,0
TF,ML402,43.607528,4.885417,2, ,0.0,0.0,0.0,0.0,1,5000,0,0,0,0,0,0
TF,I13RZ,43.630472,4.940250,0, ,0.0,0.0,0.0,0.0,2,4000,0,1,185,0,1,0
CF,ZEBRA,43.615889,4.960083,0,MCE,312.8,16.3,133.0,1.2,2,4000,0,0,0,0,0,0

APPTR,I13RZ,13R,RIKSI
IF,RIKSI,44.118972,4.677056, ,0.0,0.0,0,0,0,0,0,0,1,0
CF,AVN,43.995361,4.746389,0,MTG,336.0,39.4,156.0,8.0,2,8000,0,0,0,0,0,0
CF,MTG27,43.803364,4.854053,0,MTG,336.0,27.0,156.0,12.4,2,7000,0,0,0,0,0,0
CF,MAZET,43.710806,4.906028,0,MTG,336.0,21.0,156.0,6.0,2,5000,0,0,0,0,0,0
CF,ZEBRA,43.615889,4.960083,0,MCE,312.8,16.3,156.0,6.2,2,4000,0,0,0,0,1,0

APPTR,I13RZ,13R,SALIN
IF,SALIN,43.282806,4.730139, ,0.0,0.0,0,0,0,0,0,0,1,0
TF,VAKOP,43.334083,5.017778,0, ,0.0,0.0,0.0,0.0,0,0,0,0,0,0,0,0
TF,ERLAX,43.434750,5.022611,0, ,0.0,0.0,0.0,0.0,2,7000,0,0,0,0,0,0
TF,ADIVA,43.498611,4.937722,0, ,0.0,0.0,0.0,0.0,1,5000,0,0,0,0,0,0
TF,OLIBO,43.582389,4.825917,0, ,0.0,0.0,0.0,0.0,0,0,0,1,210,0,0,0
TF,ML402,43.607528,4.885417,2, ,0.0,0.0,0.0,0.0,1,5000,0,0,0,0,0,0
TF,I13RZ,43.630472,4.940250,0, ,0.0,0.0,0.0,0.0,2,4000,0,1,185,0,1,0
CF,ZEBRA,43.615889,4.960083,0,MCE,312.8,16.3,133.0,1.2,2,4000,0,0,0,0,0,0

FINAL,I13RZ,13R,I,3
IF,ZEBRA,43.615889,4.960083,MCE,312.8,16.3,2,4000,0,0,0,0,0,0
CF,FI13R,43.585972,5.002306,0,MCE,312.8,13.7,133.0,2.6,1,4000,0,0,0,0,2,0
CF,RW13R,43.440922,5.203547,0,MCE,312.8,1.4,133.0,12.4,1,62,0,0,0,0,3,0
CF,D133E,43.385786,5.279617,0,MTG,88.2,8.4,133.0,4.7,0,0,0,0,0,0,0,1
CA,0,133.0,2,2000,0,0,0,0,0,0
CF,LIPSU,42.943639,5.118528,0,MRM,197.4,27.6,197.0,27.0,1,4000,0,1,185,0,0,0

APPTR,I31RZ,31R,DOLIV
IF,DOLIV,43.710250,5.177278, ,0.0,0.0,0,0,0,0,0,0,1,0
TF,VENTA,43.583056,5.234472,0, ,0.0,0.0,0.0,0.0,0,0,0,0,0,0,0,0
TF,LACAZ,43.438250,5.216417,0, ,0.0,0.0,0.0,0.0,2,8000,0,0,0,0,0,0
TF,IBILI,43.281694,5.198639,0, ,0.0,0.0,0.0,0.0,2,5000,0,1,230,0,0,0
TF,ELRIV,43.229139,5.254778,0, ,0.0,0.0,0.0,0.0,0,0,0,0,0,0,0,0
TF,MADRA,43.229333,5.329972,0, ,0.0,0.0,0.0,0.0,2,4000,0,1,200,0,0,0
TF,POMEG,43.294194,5.328417,1, ,0.0,0.0,0.0,0.0,2,3000,0,1,200,0,0,0
TF,D177B,43.343997,5.327242,0, ,0.0,0.0,0.0,0.0,2,2000,0,1,185,0,0,0
CF,CF31R,43.357931,5.326908,0,MPV,131.9,7.9,357.0,0.8,2,2000,0,0,0,0,1,0

APPTR,I31RZ,31R,GEMKO
IF,GEMKO,43.267917,5.595806, ,0.0,0.0,0,0,0,0,0,0,1,0
TF,RUSEX,43.229528,5.405194,0, ,0.0,0.0,0.0,0.0,2,5000,0,1,230,0,0,0
TF,MADRA,43.229333,5.329972,0, ,0.0,0.0,0.0,0.0,2,4000,0,1,200,0,0,0
TF,POMEG,43.294194,5.328417,0, ,0.0,0.0,0.0,0.0,2,3000,0,1,200,0,0,0
TF,D177B,43.343997,5.327242,0, ,0.0,0.0,0.0,0.0,2,2000,0,1,185,0,0,0
CF,CF31R,43.357931,5.326908,0,MPV,131.9,7.9,357.0,0.8,2,2000,0,0,0,0,1,0

APPTR,I31RZ,31R,LIPSU
IF,LIPSU,42.943639,5.118528, ,0.0,0.0,0,0,0,0,0,0,1,0
TF,MADRA,43.229333,5.329972,0, ,0.0,0.0,0.0,0.0,2,4000,0,1,200,0,0,0
TF,POMEG,43.294194,5.328417,0, ,0.0,0.0,0.0,0.0,2,3000,0,1,200,0,0,0
TF,D177B,43.343997,5.327242,0, ,0.0,0.0,0.0,0.0,2,2000,0,1,185,0,0,0
CF,CF31R,43.357931,5.326908,0,MPV,131.9,7.9,357.0,0.8,2,2000,0,0,0,0,1,0

APPTR,I31RZ,31R,SALIN
IF,SALIN,43.282806,4.730139, ,0.0,0.0,0,0,0,0,0,0,1,0
TF,ELRIV,43.229139,5.254778,0, ,0.0,0.0,0.0,0.0,0,0,0,1,230,0,0,0
TF,MADRA,43.229333,5.329972,0, ,0.0,0.0,0.0,0.0,2,4000,0,1,200,0,0,0
TF,POMEG,43.294194,5.328417,1, ,0.0,0.0,0.0,0.0,2,3000,0,1,200,0,0,0
TF,D177B,43.343997,5.327242,0, ,0.0,0.0,0.0,0.0,2,2000,0,1,185,0,0,0
CF,CF31R,43.357931,5.326908,0,MPV,131.9,7.9,357.0,0.8,2,2000,0,0,0,0,1,0

FINAL,I31RZ,31R,I,3
IF,CF31R,43.357931,5.326908,MPV,131.9,7.9,2,2000,0,0,0,0,0,0
CF,FI31R,43.379917,5.295722,0,MPV,131.9,6.0,312.0,1.9,1,2000,0,0,0,0,2,0
CF,RW31R,43.431383,5.222589,0,MPV,131.9,1.6,312.0,4.5,1,110,0,0,0,0,3,0
CF,D312D,43.473692,5.162392,0,MTG,30.2,6.2,312.0,3.7,0,0,0,0,0,0,0,1
CF,MTG,43.386306,5.086833,1,MTG,0.0,0.0,198.0,6.2,1,3500,0,1,185,0,0,0

APPTR,R13LZ,13L,GEMKO
IF,GEMKO,43.267917,5.595806, ,0.0,0.0,0,0,0,0,0,0,1,0
TF,VAKOP,43.334083,5.017778,0, ,0.0,0.0,0.0,0.0,0,0,0,0,0,0,0,0
TF,ERLAX,43.434750,5.022611,0, ,0.0,0.0,0.0,0.0,2,7000,0,0,0,0,0,0
TF,ADIVA,43.498611,4.937722,0, ,0.0,0.0,0.0,0.0,1,5000,0,0,0,0,0,0
TF,OLIBO,43.582389,4.825917,0, ,0.0,0.0,0.0,0.0,0,0,0,1,210,0,0,0
TF,ML402,43.607528,4.885417,2, ,0.0,0.0,0.0,0.0,1,5000,0,0,0,0,0,0
TF,I13LZ,43.629944,4.938611,0, ,0.0,0.0,0.0,0.0,2,4000,0,1,185,0,1,0

APPTR,R13LZ,13L,LIPSU
IF,LIPSU,42.943639,5.118528, ,0.0,0.0,0,0,0,0,0,0,1,0
TF,NATEG,43.205639,5.027250,0, ,0.0,0.0,0.0,0.0,0,0,0,0,0,0,0,0
TF,VAKOP,43.334083,5.017778,0, ,0.0,0.0,0.0,0.0,0,0,0,0,0,0,0,0
TF,ERLAX,43.434750,5.022611,0, ,0.0,0.0,0.0,0.0,2,7000,0,0,0,0,0,0
TF,ADIVA,43.498611,4.937722,0, ,0.0,0.0,0.0,0.0,1,5000,0,0,0,0,0,0
TF,OLIBO,43.582389,4.825917,0, ,0.0,0.0,0.0,0.0,0,0,0,1,210,0,0,0
TF,ML402,43.607528,4.885417,2, ,0.0,0.0,0.0,0.0,1,5000,0,0,0,0,0,0
TF,I13LZ,43.629944,4.938611,0, ,0.0,0.0,0.0,0.0,2,4000,0,1,185,0,1,0

APPTR,R13LZ,13L,RIKSI
IF,RIKSI,44.118972,4.677056, ,0.0,0.0,0,0,0,0,0,0,1,0
TF,AVN,43.995361,4.746389,0, ,0.0,0.0,0.0,0.0,2,8000,0,0,0,0,0,0
TF,ML602,43.803417,4.854278,0, ,0.0,0.0,0.0,0.0,2,7000,0,0,0,0,0,0
TF,MAZET,43.710806,4.906028,0, ,0.0,0.0,0.0,0.0,2,5000,0,0,0,0,0,0
TF,I13LZ,43.629944,4.938611,0, ,0.0,0.0,0.0,0.0,2,4000,0,1,185,0,1,0

APPTR,R13LZ,13L,SALIN
IF,SALIN,43.282806,4.730139, ,0.0,0.0,0,0,0,0,0,0,1,0
TF,VAKOP,43.334083,5.017778,0, ,0.0,0.0,0.0,0.0,0,0,0,0,0,0,0,0
TF,ERLAX,43.434750,5.022611,0, ,0.0,0.0,0.0,0.0,2,7000,0,0,0,0,0,0
TF,ADIVA,43.498611,4.937722,0, ,0.0,0.0,0.0,0.0,1,5000,0,0,0,0,0,0
TF,OLIBO,43.582389,4.825917,0, ,0.0,0.0,0.0,0.0,0,0,0,1,210,0,0,0
TF,ML402,43.607528,4.885417,2, ,0.0,0.0,0.0,0.0,1,5000,0,0,0,0,0,0
TF,I13LZ,43.629944,4.938611,0, ,0.0,0.0,0.0,0.0,2,4000,0,1,185,0,1,0

FINAL,R13LZ,13L,R,3
IF,I13LZ,43.629944,4.938611, ,0.0,0.0,2,4000,0,1,185,0,0,0
TF,F13LZ,43.589861,4.996194,0, ,0.0,0.0,132.0,3.5,1,4000,0,0,0,0,2,0
TF,RW13L,43.447014,5.200339,0, ,0.0,0.0,132.0,12.4,1,63,0,0,0,0,3,1
TF,ML408,43.368500,5.312000,0, ,0.0,0.0,0.0,0.0,0,0,0,1,200,0,0,0
TF,LIPSU,42.943639,5.118528,0, ,0.0,0.0,0.0,0.0,1,4000,0,0,0,0,0,1
HM,LIPSU,42.943639,5.118528,1, ,0.0,0.0,38.0,04.3,2,4000,0,1,230,0,0,0,0

APPTR,R13RZ,13R,GEMKO
IF,GEMKO,43.267917,5.595806, ,0.0,0.0,0,0,0,0,0,0,1,0
TF,VAKOP,43.334083,5.017778,0, ,0.0,0.0,0.0,0.0,0,0,0,0,0,0,0,0
TF,ERLAX,43.434750,5.022611,0, ,0.0,0.0,0.0,0.0,2,7000,0,0,0,0,0,0
TF,ADIVA,43.498611,4.937722,0, ,0.0,0.0,0.0,0.0,1,5000,0,0,0,0,0,0
TF,OLIBO,43.582389,4.825917,0, ,0.0,0.0,0.0,0.0,0,0,0,1,210,0,0,0
TF,ML402,43.607528,4.885417,2, ,0.0,0.0,0.0,0.0,1,5000,0,0,0,0,0,0
TF,I13RZ,43.630472,4.940250,0, ,0.0,0.0,0.0,0.0,2,4000,0,1,185,0,1,0

APPTR,R13RZ,13R,LIPSU
IF,LIPSU,42.943639,5.118528, ,0.0,0.0,0,0,0,0,0,0,1,0
TF,NATEG,43.205639,5.027250,0, ,0.0,0.0,0.0,0.0,0,0,0,0,0,0,0,0
TF,VAKOP,43.334083,5.017778,0, ,0.0,0.0,0.0,0.0,0,0,0,0,0,0,0,0
TF,ERLAX,43.434750,5.022611,0, ,0.0,0.0,0.0,0.0,2,7000,0,0,0,0,0,0
TF,ADIVA,43.498611,4.937722,0, ,0.0,0.0,0.0,0.0,1,5000,0,0,0,0,0,0
TF,OLIBO,43.582389,4.825917,0, ,0.0,0.0,0.0,0.0,0,0,0,1,210,0,0,0
TF,ML402,43.607528,4.885417,2, ,0.0,0.0,0.0,0.0,1,5000,0,0,0,0,0,0
TF,I13RZ,43.630472,4.940250,0, ,0.0,0.0,0.0,0.0,2,4000,0,1,185,0,1,0

APPTR,R13RZ,13R,RIKSI
IF,RIKSI,44.118972,4.677056, ,0.0,0.0,0,0,0,0,0,0,1,0
TF,AVN,43.995361,4.746389,0, ,0.0,0.0,0.0,0.0,2,8000,0,0,0,0,0,0
TF,ML602,43.803417,4.854278,0, ,0.0,0.0,0.0,0.0,2,7000,0,0,0,0,0,0
TF,MAZET,43.710806,4.906028,0, ,0.0,0.0,0.0,0.0,2,5000,0,0,0,0,0,0
TF,I13RZ,43.630472,4.940250,0, ,0.0,0.0,0.0,0.0,2,4000,0,1,185,0,1,0

APPTR,R13RZ,13R,SALIN
IF,SALIN,43.282806,4.730139, ,0.0,0.0,0,0,0,0,0,0,1,0
TF,VAKOP,43.334083,5.017778,0, ,0.0,0.0,0.0,0.0,0,0,0,0,0,0,0,0
TF,ERLAX,43.434750,5.022611,0, ,0.0,0.0,0.0,0.0,2,7000,0,0,0,0,0,0
TF,ADIVA,43.498611,4.937722,0, ,0.0,0.0,0.0,0.0,1,5000,0,0,0,0,0,0
TF,OLIBO,43.582389,4.825917,0, ,0.0,0.0,0.0,0.0,0,0,0,1,210,0,0,0
TF,ML402,43.607528,4.885417,2, ,0.0,0.0,0.0,0.0,1,5000,0,0,0,0,0,0
TF,I13RZ,43.630472,4.940250,0, ,0.0,0.0,0.0,0.0,2,4000,0,1,185,0,1,0

FINAL,R13RZ,13R,R,3
IF,I13RZ,43.630472,4.940250, ,0.0,0.0,2,4000,0,1,185,0,0,0
TF,F13RZ,43.585972,5.002306,0, ,0.0,0.0,133.0,3.8,1,4000,0,0,0,0,2,0
TF,RW13R,43.440922,5.203547,0, ,0.0,0.0,133.0,12.4,1,62,0,0,0,0,3,1
TF,ML407,43.365667,5.307389,0, ,0.0,0.0,0.0,0.0,0,0,0,1,200,0,0,0
TF,LIPSU,42.943639,5.118528,0, ,0.0,0.0,0.0,0.0,1,4000,0,0,0,0,0,1
HM,LIPSU,42.943639,5.118528,1, ,0.0,0.0,38.0,04.3,2,4000,0,1,230,0,0,0,0

APPTR,R31LZ,31L,DOLIV
IF,DOLIV,43.710250,5.177278, ,0.0,0.0,0,0,0,0,0,0,1,0
TF,VENTA,43.583056,5.234472,0, ,0.0,0.0,0.0,0.0,0,0,0,0,0,0,0,0
TF,LACAZ,43.438250,5.216417,0, ,0.0,0.0,0.0,0.0,2,8000,0,0,0,0,0,0
TF,IBILI,43.281694,5.198639,0, ,0.0,0.0,0.0,0.0,2,5000,0,1,230,0,0,0
TF,ELRIV,43.229139,5.254778,0, ,0.0,0.0,0.0,0.0,0,0,0,0,0,0,0,0
TF,MADRA,43.229333,5.329972,0, ,0.0,0.0,0.0,0.0,2,4000,0,1,200,0,0,0
TF,POMEG,43.294194,5.328417,1, ,0.0,0.0,0.0,0.0,1,3000,0,1,185,0,1,0

APPTR,R31LZ,31L,GEMKO
IF,GEMKO,43.267917,5.595806, ,0.0,0.0,0,0,0,0,0,0,1,0
TF,RUSEX,43.229528,5.405194,0, ,0.0,0.0,0.0,0.0,2,5000,0,1,230,0,0,0
TF,MADRA,43.229333,5.329972,0, ,0.0,0.0,0.0,0.0,2,4000,0,1,200,0,0,0
TF,POMEG,43.294194,5.328417,0, ,0.0,0.0,0.0,0.0,1,3000,0,1,185,0,1,0

APPTR,R31LZ,31L,LIPSU
IF,LIPSU,42.943639,5.118528, ,0.0,0.0,0,0,0,0,0,0,1,0
TF,MADRA,43.229333,5.329972,0, ,0.0,0.0,0.0,0.0,2,4000,0,1,200,0,0,0
TF,POMEG,43.294194,5.328417,0, ,0.0,0.0,0.0,0.0,1,3000,0,1,185,0,1,0

APPTR,R31LZ,31L,SALIN
IF,SALIN,43.282806,4.730139, ,0.0,0.0,0,0,0,0,0,0,1,0
TF,ELRIV,43.229139,5.254778,0, ,0.0,0.0,0.0,0.0,0,0,0,1,230,0,0,0
TF,MADRA,43.229333,5.329972,0, ,0.0,0.0,0.0,0.0,2,4000,0,1,200,0,0,0
TF,POMEG,43.294194,5.328417,1, ,0.0,0.0,0.0,0.0,1,3000,0,1,185,0,1,0

FINAL,R31LZ,31L,R,3
IF,POMEG,43.294194,5.328417, ,0.0,0.0,1,3000,0,1,185,0,0,0
TF,F31LZ,43.374222,5.295583,0, ,0.0,0.0,341.0,5.0,1,2000,0,0,0,0,2,0
TF,RW31L,43.426531,5.223433,0, ,0.0,0.0,313.0,4.4,1,111,0,0,0,0,3,1
TF,ML202,43.457056,5.181222,0, ,0.0,0.0,0.0,0.0,0,0,0,0,0,0,0,1
CF,MTG,43.386306,5.086833,1,MTG,0.0,0.0,198.0,6.0,1,3500,0,1,185,0,0,0

APPTR,R31RY,31R,DOLIV
IF,DOLIV,43.710250,5.177278, ,0.0,0.0,0,0,0,0,0,0,1,0
TF,VENTA,43.583056,5.234472,0, ,0.0,0.0,0.0,0.0,0,0,0,0,0,0,0,0
TF,LACAZ,43.438250,5.216417,0, ,0.0,0.0,0.0,0.0,2,8000,0,0,0,0,0,0
TF,IBILI,43.281694,5.198639,0, ,0.0,0.0,0.0,0.0,2,5000,0,1,230,0,0,0
TF,ELRIV,43.229139,5.254778,0, ,0.0,0.0,0.0,0.0,0,0,0,0,0,0,0,0
TF,MADRA,43.229333,5.329972,0, ,0.0,0.0,0.0,0.0,2,4000,0,1,200,0,0,0
TF,POMEG,43.294194,5.328417,1, ,0.0,0.0,0.0,0.0,1,3000,0,1,185,0,1,0

APPTR,R31RY,31R,GEMKO
IF,GEMKO,43.267917,5.595806, ,0.0,0.0,0,0,0,0,0,0,1,0
TF,RUSEX,43.229528,5.405194,0, ,0.0,0.0,0.0,0.0,2,5000,0,1,230,0,0,0
TF,MADRA,43.229333,5.329972,0, ,0.0,0.0,0.0,0.0,2,4000,0,1,200,0,0,0
TF,POMEG,43.294194,5.328417,0, ,0.0,0.0,0.0,0.0,1,3000,0,1,185,0,1,0

APPTR,R31RY,31R,LIPSU
IF,LIPSU,42.943639,5.118528, ,0.0,0.0,0,0,0,0,0,0,1,0
TF,MADRA,43.229333,5.329972,0, ,0.0,0.0,0.0,0.0,2,4000,0,1,200,0,0,0
TF,POMEG,43.294194,5.328417,0, ,0.0,0.0,0.0,0.0,1,3000,0,1,185,0,1,0

APPTR,R31RY,31R,SALIN
IF,SALIN,43.282806,4.730139, ,0.0,0.0,0,0,0,0,0,0,1,0
TF,ELRIV,43.229139,5.254778,0, ,0.0,0.0,0.0,0.0,0,0,0,1,230,0,0,0
TF,MADRA,43.229333,5.329972,0, ,0.0,0.0,0.0,0.0,2,4000,0,1,200,0,0,0
TF,POMEG,43.294194,5.328417,1, ,0.0,0.0,0.0,0.0,1,3000,0,1,185,0,1,0

FINAL,R31RY,31R,R,5
IF,POMEG,43.294194,5.328417, ,0.0,0.0,1,3000,0,1,185,0,0,0
TF,ML831,43.337500,5.329583,0, ,0.0,0.0,359.0,2.6,0,0,0,0,0,0,0,0
RF,ML731,43.368306,5.312139,1,ML131,313.8,2.5,0,0,0,0,0,0,0,0
TF,F31RY,43.379861,5.295806,0, ,0.0,0.0,312.0,1.0,1,2000,0,0,0,0,2,0
TF,RW31R,43.431383,5.222589,0, ,0.0,0.0,312.0,4.5,1,110,0,0,0,0,3,1
TF,ML207,43.460333,5.181444,0, ,0.0,0.0,0.0,0.0,0,0,0,0,0,0,0,1
CF,MTG,43.386306,5.086833,1,MTG,0.0,0.0,198.0,6.0,1,3500,0,1,185,0,0,0

APPTR,R31RZ,31R,DOLIV
IF,DOLIV,43.710250,5.177278, ,0.0,0.0,0,0,0,0,0,0,1,0
TF,VENTA,43.583056,5.234472,0, ,0.0,0.0,0.0,0.0,0,0,0,0,0,0,0,0
TF,LACAZ,43.438250,5.216417,0, ,0.0,0.0,0.0,0.0,2,8000,0,0,0,0,0,0
TF,IBILI,43.281694,5.198639,0, ,0.0,0.0,0.0,0.0,2,5000,0,1,230,0,0,0
TF,ELRIV,43.229139,5.254778,0, ,0.0,0.0,0.0,0.0,0,0,0,0,0,0,0,0
TF,MADRA,43.229333,5.329972,0, ,0.0,0.0,0.0,0.0,2,4000,0,1,200,0,0,0
TF,POMEG,43.294194,5.328417,1, ,0.0,0.0,0.0,0.0,1,3000,0,1,185,0,1,0

APPTR,R31RZ,31R,GEMKO
IF,GEMKO,43.267917,5.595806, ,0.0,0.0,0,0,0,0,0,0,1,0
TF,RUSEX,43.229528,5.405194,0, ,0.0,0.0,0.0,0.0,2,5000,0,1,230,0,0,0
TF,MADRA,43.229333,5.329972,0, ,0.0,0.0,0.0,0.0,2,4000,0,1,200,0,0,0
TF,POMEG,43.294194,5.328417,0, ,0.0,0.0,0.0,0.0,1,3000,0,1,185,0,1,0

APPTR,R31RZ,31R,LIPSU
IF,LIPSU,42.943639,5.118528, ,0.0,0.0,0,0,0,0,0,0,1,0
TF,MADRA,43.229333,5.329972,0, ,0.0,0.0,0.0,0.0,2,4000,0,1,200,0,0,0
TF,POMEG,43.294194,5.328417,0, ,0.0,0.0,0.0,0.0,1,3000,0,1,185,0,1,0

APPTR,R31RZ,31R,SALIN
IF,SALIN,43.282806,4.730139, ,0.0,0.0,0,0,0,0,0,0,1,0
TF,ELRIV,43.229139,5.254778,0, ,0.0,0.0,0.0,0.0,0,0,0,1,230,0,0,0
TF,MADRA,43.229333,5.329972,0, ,0.0,0.0,0.0,0.0,2,4000,0,1,200,0,0,0
TF,POMEG,43.294194,5.328417,1, ,0.0,0.0,0.0,0.0,1,3000,0,1,185,0,1,0

FINAL,R31RZ,31R,R,3
IF,POMEG,43.294194,5.328417, ,0.0,0.0,1,3000,0,1,185,0,0,0
TF,F31RZ,43.379861,5.295806,0, ,0.0,0.0,343.0,5.3,1,2000,0,0,0,0,2,0
TF,RW31R,43.431383,5.222589,0, ,0.0,0.0,312.0,4.4,1,110,0,0,0,0,3,1
TF,ML207,43.460333,5.181444,0, ,0.0,0.0,0.0,0.0,0,0,0,0,0,0,0,1
CF,MTG,43.386306,5.086833,1,MTG,0.0,0.0,198.0,6.0,1,3500,0,1,185,0,0,0

