SID,BRUS7L,12L,5
DF,MT130,43.549056,4.029333,0, ,0.0,0.0,0,0,0,0,0,0,0,1
DF,MT132,43.507333,3.877944,2, ,0.0,0.0,0,0,0,0,0,0,0,0
TF,BRUSC,43.747500,3.023333,0, ,0.0,0.0,0.0,0.0,0,0,0,0,0,0,0,0

SID,BRUS7R,30R,5
CA,0,303.0,2,500,0,0,0,0,0,0
CF,MT134,43.701833,3.879056,0,FJR,328.7,8.5,329.0,7.0,0,0,0,0,0,0,0,0
TF,MT135,43.709611,3.741611,0, ,0.0,0.0,0.0,0.0,0,0,0,0,0,0,0,0
TF,BRUSC,43.747500,3.023333,0, ,0.0,0.0,0.0,0.0,0,0,0,0,0,0,0,0

SID,ETRE7D,30R,5
CA,0,303.0,2,500,0,0,0,0,0,0
CF,MT136,43.659139,4.031917,2,FJR,25.2,5.5,53.0,3.0,0,0,0,0,0,0,0,0
TF,MT137,43.693139,4.095917,0, ,0.0,0.0,0.0,0.0,0,0,0,0,0,0,0,0
TF,EMBAM,44.015778,4.260417,0, ,0.0,0.0,0.0,0.0,2,15000,0,0,0,0,0,0
TF,ORTUX,44.158944,4.305778,0, ,0.0,0.0,0.0,0.0,2,20000,0,0,0,0,0,0
TF,ETREK,45.187639,4.638722,0, ,0.0,0.0,0.0,0.0,0,0,0,0,0,0,0,0

SID,ETRE7E,12L,5
CA,0,123.0,2,520,0,0,0,0,0,0
CF,MT131,43.639472,4.068750,1,FJR,46.2,5.5,15.0,3.0,0,0,0,0,0,0,0,0
TF,MT137,43.693139,4.095917,0, ,0.0,0.0,0.0,0.0,0,0,0,0,0,0,0,0
TF,EMBAM,44.015778,4.260417,0, ,0.0,0.0,0.0,0.0,2,15000,0,0,0,0,0,0
TF,ORTUX,44.158944,4.305778,0, ,0.0,0.0,0.0,0.0,2,20000,0,0,0,0,0,0
TF,ETREK,45.187639,4.638722,0, ,0.0,0.0,0.0,0.0,0,0,0,0,0,0,0,0

SID,ETRE7L,12L,5
CA,0,123.0,2,520,0,0,0,0,0,0
CF,MT131,43.639472,4.068750,1,FJR,46.2,5.5,15.0,3.0,0,0,0,0,0,0,0,0
TF,NG,43.857194,4.406278,0, ,0.0,0.0,0.0,0.0,2,10000,0,0,0,0,0,0
TF,EDODU,44.033306,4.499667,0, ,0.0,0.0,0.0,0.0,2,15000,0,0,0,0,0,0
TF,MTL,44.554944,4.779861,0, ,0.0,0.0,0.0,0.0,0,0,0,0,0,0,0,0
TF,ETREK,45.187639,4.638722,0, ,0.0,0.0,0.0,0.0,0,0,0,0,0,0,0,0

SID,ETRE7R,30R,5
CA,0,303.0,2,500,0,0,0,0,0,0
CF,MT136,43.659139,4.031917,2,FJR,25.2,5.5,53.0,3.0,0,0,0,0,0,0,0,0
TF,NG,43.857194,4.406278,0, ,0.0,0.0,0.0,0.0,2,10000,0,0,0,0,0,0
TF,EDODU,44.033306,4.499667,0, ,0.0,0.0,0.0,0.0,2,15000,0,0,0,0,0,0
TF,MTL,44.554944,4.779861,0, ,0.0,0.0,0.0,0.0,0,0,0,0,0,0,0,0
TF,ETREK,45.187639,4.638722,0, ,0.0,0.0,0.0,0.0,0,0,0,0,0,0,0,0

SID,KELA7L,12L,5
DF,MT130,43.549056,4.029333,0, ,0.0,0.0,0,0,0,0,0,0,0,1
DF,MT132,43.507333,3.877944,2, ,0.0,0.0,0,0,0,0,0,0,0,0
TF,ZR,43.327083,3.283028,0, ,0.0,0.0,0.0,0.0,0,0,0,0,0,0,0,0
TF,SIJAN,43.197500,2.936944,0, ,0.0,0.0,0.0,0.0,0,0,0,0,0,0,0,0
TF,KELAM,43.171944,2.868611,0, ,0.0,0.0,0.0,0.0,0,0,0,0,0,0,0,0

SID,KELA7N,30R,2
CD, ,0,0,0,FJR,0,0.0,303.0,1.7,2,500,0,0,0,0,0,0
CI,1, ,0.0,197.0,0,0,0,0,0,0,0,0
CF,BALRU,43.479750,3.709750,0,FJR,241.0,13.0,242.0,8.0,0,0,0,0,0,0,0,0
TF,ZR,43.327083,3.283028,0, ,0.0,0.0,0.0,0.0,0,0,0,0,0,0,0,0
TF,SIJAN,43.197500,2.936944,0, ,0.0,0.0,0.0,0.0,0,0,0,0,0,0,0,0
TF,KELAM,43.171944,2.868611,0, ,0.0,0.0,0.0,0.0,0,0,0,0,0,0,0,0

SID,KELA7R,30R,5
CA,0,303.0,2,500,0,0,0,0,0,0
CF,MT134,43.701833,3.879056,0,FJR,328.7,8.5,329.0,7.0,0,0,0,0,0,0,0,0
TF,MT135,43.709611,3.741611,0, ,0.0,0.0,0.0,0.0,0,0,0,0,0,0,0,0
TF,KELAM,43.171944,2.868611,0, ,0.0,0.0,0.0,0.0,0,0,0,0,0,0,0,0

SID,MARI7L,12L,5
DF,MT130,43.549056,4.029333,0, ,0.0,0.0,0,0,0,0,0,0,0,1
TF,MARRI,43.384722,4.474167,0, ,0.0,0.0,0.0,0.0,0,0,0,0,0,0,0,0

SID,MARI7R,30R,5
CA,0,303.0,2,500,0,0,0,0,0,0
CF,MT136,43.659139,4.031917,2,FJR,25.2,5.5,53.0,3.0,0,0,0,0,0,0,0,0
TF,VARES,43.503056,4.323056,0, ,0.0,0.0,0.0,0.0,0,0,0,0,0,0,0,0
TF,MARRI,43.384722,4.474167,0, ,0.0,0.0,0.0,0.0,0,0,0,0,0,0,0,0

SID,MASA7L,12L,5
DF,MT130,43.549056,4.029333,0, ,0.0,0.0,0,0,0,0,0,0,0,1
DF,MT132,43.507333,3.877944,2, ,0.0,0.0,0,0,0,0,0,0,0,0
TF,MT133,43.548917,3.473833,0, ,0.0,0.0,0.0,0.0,0,0,0,0,0,0,0,0
TF,MASAM,43.467778,2.251944,0, ,0.0,0.0,0.0,0.0,0,0,0,0,0,0,0,0

SID,MEN7L,12L,5
CA,0,123.0,2,520,0,0,0,0,0,0
CF,MT131,43.639472,4.068750,1,FJR,46.2,5.5,15.0,3.0,0,0,0,0,0,0,0,0
TF,SIMAR,43.810722,3.794306,0, ,0.0,0.0,0.0,0.0,0,0,0,0,0,0,0,0
TF,MEN,44.608361,3.162417,0, ,0.0,0.0,0.0,0.0,0,0,0,0,0,0,0,0

SID,MEN7R,30R,5
CA,0,303.0,2,500,0,0,0,0,0,0
CF,MT134,43.701833,3.879056,0,FJR,328.7,8.5,329.0,7.0,0,0,0,0,0,0,0,0
TF,SIMAR,43.810722,3.794306,0, ,0.0,0.0,0.0,0.0,0,0,0,0,0,0,0,0
TF,MEN,44.608361,3.162417,0, ,0.0,0.0,0.0,0.0,0,0,0,0,0,0,0,0

SID,MTL7D,30R,5
CA,0,303.0,2,500,0,0,0,0,0,0
CF,MT136,43.659139,4.031917,2,FJR,25.2,5.5,53.0,3.0,0,0,0,0,0,0,0,0
TF,MT137,43.693139,4.095917,0, ,0.0,0.0,0.0,0.0,0,0,0,0,0,0,0,0
TF,EMBAM,44.015778,4.260417,0, ,0.0,0.0,0.0,0.0,2,15000,0,0,0,0,0,0
TF,MTL,44.554944,4.779861,0, ,0.0,0.0,0.0,0.0,0,0,0,0,0,0,0,0

SID,MTL7E,12L,5
CA,0,123.0,2,520,0,0,0,0,0,0
CF,MT131,43.639472,4.068750,1,FJR,46.2,5.5,15.0,3.0,0,0,0,0,0,0,0,0
TF,MT137,43.693139,4.095917,0, ,0.0,0.0,0.0,0.0,0,0,0,0,0,0,0,0
TF,EMBAM,44.015778,4.260417,0, ,0.0,0.0,0.0,0.0,2,15000,0,0,0,0,0,0
TF,MTL,44.554944,4.779861,0, ,0.0,0.0,0.0,0.0,0,0,0,0,0,0,0,0

SID,MTL7L,12L,5
CA,0,123.0,2,520,0,0,0,0,0,0
CF,MT131,43.639472,4.068750,1,FJR,46.2,5.5,15.0,3.0,0,0,0,0,0,0,0,0
TF,NG,43.857194,4.406278,0, ,0.0,0.0,0.0,0.0,2,10000,0,0,0,0,0,0
TF,EDODU,44.033306,4.499667,0, ,0.0,0.0,0.0,0.0,2,15000,0,0,0,0,0,0
TF,MTL,44.554944,4.779861,0, ,0.0,0.0,0.0,0.0,0,0,0,0,0,0,0,0

SID,MTL7R,30R,5
CA,0,303.0,2,500,0,0,0,0,0,0
CF,MT136,43.659139,4.031917,2,FJR,25.2,5.5,53.0,3.0,0,0,0,0,0,0,0,0
TF,NG,43.857194,4.406278,0, ,0.0,0.0,0.0,0.0,2,10000,0,0,0,0,0,0
TF,EDODU,44.033306,4.499667,0, ,0.0,0.0,0.0,0.0,2,15000,0,0,0,0,0,0
TF,MTL,44.554944,4.779861,0, ,0.0,0.0,0.0,0.0,0,0,0,0,0,0,0,0

SID,NG7L,12L,5
CA,0,123.0,2,520,0,0,0,0,0,0
CF,MT131,43.639472,4.068750,1,FJR,46.2,5.5,15.0,3.0,0,0,0,0,0,0,0,0
TF,NG,43.857194,4.406278,0, ,0.0,0.0,0.0,0.0,0,0,0,0,0,0,0,0

SID,NG7N,30R,2
CD, ,0,0,0,FJR,0,0.0,303.0,1.7,2,500,0,0,0,0,0,0
CA,2,52.0,2,2000,0,0,0,0,0,0
VI,0, ,0.0,82.0,0,0,0,0,0,0,0,0
CF,NG,43.857194,4.406278,0,FJR,46.2,25.2,52.0,18.0,0,0,0,0,0,0,0,0

SID,NG7R,30R,5
CA,0,303.0,2,500,0,0,0,0,0,0
CF,MT136,43.659139,4.031917,2,FJR,25.2,5.5,53.0,3.0,0,0,0,0,0,0,0,0
TF,NG,43.857194,4.406278,0, ,0.0,0.0,0.0,0.0,0,0,0,0,0,0,0,0

SID,NG7S,12L,2
CD, ,0,0,0,FJR,0,0.0,123.0,1.5,2,520,0,0,0,0,0,0
CI,1, ,0.0,16.0,2,2000,0,0,0,0,0,0
CF,LUNEL,43.689417,4.145833,0,FJR,46.2,10.0,47.0,3.0,0,0,0,0,0,0,0,0
TF,NG,43.857194,4.406278,0, ,0.0,0.0,0.0,0.0,0,0,0,0,0,0,0,0

SID,PPG7L,12L,5
DF,MT130,43.549056,4.029333,0, ,0.0,0.0,0,0,0,0,0,0,0,1
DF,MT132,43.507333,3.877944,2, ,0.0,0.0,0,0,0,0,0,0,0,0
TF,PPG,42.750472,2.867139,0, ,0.0,0.0,0.0,0.0,0,0,0,0,0,0,0,0

SID,PPG7N,30R,2
CD, ,0,0,0,FJR,0,0.0,303.0,1.7,2,500,0,0,0,0,0,0
CI,1, ,0.0,178.0,0,0,0,0,0,0,0,0
CF,PPG,42.750472,2.867139,0,FJR,222.8,69.5,223.0,63.0,0,0,0,0,0,0,0,0

STAR,BRUS7T,ALL,2
IF,BRUSC,43.747500,3.023333, ,0.0,0.0,3,17000,0,0,0,0,0,0
TF,VALAG,43.677750,3.417917,0, ,0.0,0.0,0.0,0.0,0,0,0,0,0,0,0,0
TF,GIGNA,43.658083,3.529556,0, ,0.0,0.0,0.0,0.0,2,5000,0,0,0,0,0,0
TF,D282J,43.618472,3.752094,0, ,0.0,0.0,0.0,0.0,0,0,0,0,0,0,0,0
TF,FJR,43.578361,3.974722,0, ,0.0,0.0,0.0,0.0,0,0,0,0,0,0,0,0
TF,ASTEG,43.414389,4.132111,0, ,0.0,0.0,0.0,0.0,4,6000,2000,1,190,0,0,1
DF,OSLUT,43.462972,4.199250,1, ,0.0,0.0,0,0,0,0,0,0,0,0
TF,ESPIG,43.510722,4.105194,0, ,0.0,0.0,0.0,0.0,0,0,0,0,0,0,0,0

STAR,GIGN7K,ALL,5
IF,GIGNA,43.658083,3.529556, ,0.0,0.0,2,5000,0,0,0,0,0,0
TF,PINAN,43.571278,3.745639,0, ,0.0,0.0,0.0,0.0,2,4000,0,0,0,0,0,0
TF,MT700,43.473667,3.986833,0, ,0.0,0.0,0.0,0.0,0,0,0,0,0,0,0,0
TF,ASTEG,43.414389,4.132111,0, ,0.0,0.0,0.0,0.0,4,6000,2000,1,190,0,0,0

STAR,KELA7T,ALL,2
IF,KELAM,43.171944,2.868611, ,0.0,0.0,0,0,0,0,0,0,0,0
TF,SIJAN,43.197500,2.936944,0, ,0.0,0.0,0.0,0.0,0,0,0,0,0,0,0,0
TF,ZR,43.327083,3.283028,0, ,0.0,0.0,0.0,0.0,0,0,0,0,0,0,0,0
TF,BALRU,43.479750,3.709750,0, ,0.0,0.0,0.0,0.0,0,0,0,0,0,0,0,0
TF,FJR,43.578361,3.974722,0, ,0.0,0.0,0.0,0.0,0,0,0,0,0,0,0,0
TF,ASTEG,43.414389,4.132111,0, ,0.0,0.0,0.0,0.0,4,6000,2000,1,190,0,0,1
DF,OSLUT,43.462972,4.199250,1, ,0.0,0.0,0,0,0,0,0,0,0,0
TF,ESPIG,43.510722,4.105194,0, ,0.0,0.0,0.0,0.0,0,0,0,0,0,0,0,0

STAR,MARI7T,ALL,2
IF,MARRI,43.384722,4.474167, ,0.0,0.0,0,0,0,0,0,0,0,0
TF,D117N,43.468947,4.258006,0, ,0.0,0.0,0.0,0.0,0,0,0,0,0,0,0,0
TF,OSLUT,43.462972,4.199250,0, ,0.0,0.0,0.0,0.0,0,0,0,0,0,0,0,0
TF,ESPIG,43.510722,4.105194,0, ,0.0,0.0,0.0,0.0,0,0,0,0,0,0,0,0

STAR,MEN7E,ALL,2
IF,MEN,44.608361,3.162417, ,0.0,0.0,0,0,0,0,0,0,0,0
TF,ERGUL,44.249806,3.448917,0, ,0.0,0.0,0.0,0.0,3,19000,0,0,0,0,0,0
TF,ESERA,44.147694,3.529806,0, ,0.0,0.0,0.0,0.0,0,0,0,0,0,0,0,0
TF,SIMAR,43.810722,3.794306,0, ,0.0,0.0,0.0,0.0,0,0,0,0,0,0,0,0
TF,D328J,43.723622,3.862122,0, ,0.0,0.0,0.0,0.0,0,0,0,0,0,0,0,0
TF,FJR,43.578361,3.974722,0, ,0.0,0.0,0.0,0.0,0,0,0,0,0,0,0,0
TF,ASTEG,43.414389,4.132111,0, ,0.0,0.0,0.0,0.0,4,6000,2000,1,190,0,0,1
DF,OSLUT,43.462972,4.199250,1, ,0.0,0.0,0,0,0,0,0,0,0,0
TF,ESPIG,43.510722,4.105194,0, ,0.0,0.0,0.0,0.0,0,0,0,0,0,0,0,0

STAR,MEN7T,ALL,2
IF,MEN,44.608361,3.162417, ,0.0,0.0,0,0,0,0,0,0,0,0
TF,ADEVA,44.250000,3.261667,0, ,0.0,0.0,0.0,0.0,3,19000,0,0,0,0,0,0
TF,RIXEL,44.003889,3.329167,0, ,0.0,0.0,0.0,0.0,2,12000,0,0,0,0,0,0
TF,LEKLA,43.849611,3.371333,0, ,0.0,0.0,0.0,0.0,0,0,0,1,250,0,0,0
TF,VALAG,43.677750,3.417917,0, ,0.0,0.0,0.0,0.0,0,0,0,0,0,0,0,0
TF,GIGNA,43.658083,3.529556,0, ,0.0,0.0,0.0,0.0,2,5000,0,0,0,0,0,0
TF,D282J,43.618472,3.752094,0, ,0.0,0.0,0.0,0.0,0,0,0,0,0,0,0,0
TF,FJR,43.578361,3.974722,0, ,0.0,0.0,0.0,0.0,0,0,0,0,0,0,0,0
TF,ASTEG,43.414389,4.132111,0, ,0.0,0.0,0.0,0.0,4,6000,2000,1,190,0,0,1
DF,OSLUT,43.462972,4.199250,1, ,0.0,0.0,0,0,0,0,0,0,0,0
TF,ESPIG,43.510722,4.105194,0, ,0.0,0.0,0.0,0.0,0,0,0,0,0,0,0,0

STAR,NG7T,ALL,2
IF,NG,43.857194,4.406278, ,0.0,0.0,0,0,0,0,0,0,0,0
TF,LUNEL,43.689417,4.145833,0, ,0.0,0.0,0.0,0.0,0,0,0,0,0,0,0,0
TF,FJR,43.578361,3.974722,0, ,0.0,0.0,0.0,0.0,0,0,0,0,0,0,0,0
TF,ASTEG,43.414389,4.132111,0, ,0.0,0.0,0.0,0.0,4,6000,2000,1,190,0,0,1
DF,OSLUT,43.462972,4.199250,1, ,0.0,0.0,0,0,0,0,0,0,0,0
TF,ESPIG,43.510722,4.105194,0, ,0.0,0.0,0.0,0.0,0,0,0,0,0,0,0,0

STAR,PPG7T,ALL,2
IF,PPG,42.750472,2.867139, ,0.0,0.0,0,0,0,0,0,0,0,0
TF,AKUNU,43.132917,3.373278,0, ,0.0,0.0,0.0,0.0,0,0,0,0,0,0,0,0
TF,FJR,43.578361,3.974722,0, ,0.0,0.0,0.0,0.0,0,0,0,0,0,0,0,0
TF,ASTEG,43.414389,4.132111,2, ,0.0,0.0,0.0,0.0,4,6000,2000,1,190,0,0,1
DF,OSLUT,43.462972,4.199250,1, ,0.0,0.0,0,0,0,0,0,0,0,0
TF,ESPIG,43.510722,4.105194,0, ,0.0,0.0,0.0,0.0,0,0,0,0,0,0,0,0

APPTR,D12LY,12L,BALRU
IF,BALRU,43.479750,3.709750, ,0.0,0.0,0,0,0,0,0,0,1,0
CI,0, ,0.0,61.0,2,3000,0,0,0,0,0,0
AF,D288K,43.640828,3.737469,2,FJR,288.0,11.0,241.0,1,3000,0,0,0,0,0,1
CF,FD12L,43.641944,3.834361,0,FJR,300.0,7.2,120.0,4.0,2,2500,0,0,0,0,0,0

APPTR,D12LY,12L,SIMAR
IF,SIMAR,43.810722,3.794306, ,0.0,0.0,2,5000,0,0,0,0,1,0
CF,D329M,43.767181,3.828239,0,FJR,328.7,13.0,149.0,3.0,1,5000,0,0,0,0,0,0
CI,0, ,0.0,149.0,0,0,0,0,0,0,0,0
AF,D312K,43.705589,3.792908,1,FJR,312.0,11.0,329.0,1,3500,0,1,200,0,0,1
CF,FD12L,43.641944,3.834361,0,FJR,300.0,7.2,120.0,4.0,2,2500,0,0,0,0,0,0

FINAL,D12LY,12L,D,3
IF,FD12L,43.641944,3.834361,FJR,300.0,7.2,2,2500,0,0,0,0,2,0
CF,30VOR,43.604836,3.916353,0,FJR,300.0,3.0,120.0,4.2,2,870,0,0,0,0,0,0
CF,MD12L,43.591606,3.945547,0,FJR,300.0,1.5,120.0,1.5,1,281,0,0,0,0,3,0
CF,FJR,43.578361,3.974722,0,FJR,0.0,0.0,120.0,1.5,0,0,0,0,0,0,0,0
CF,ESPIG,43.510722,4.105194,0,FJR,123.4,7.0,124.0,7.0,1,2000,0,0,0,0,0,0
HM,ESPIG,43.510722,4.105194,1, ,0.0,0.0,304.0,05,2,2000,0,1,220,0,0,0,0

APPTR,D12LZ,12L,GIGNA
IF,GIGNA,43.658083,3.529556, ,0.0,0.0,2,5000,0,0,0,0,1,0
CF,D300M,43.692911,3.721456,0,FJR,300.0,13.0,74.0,8.6,2,4000,0,1,185,0,0,0
CF,FD1LZ,43.675944,3.759111,0,FJR,300.0,11.1,120.0,1.9,2,4000,0,0,0,0,0,0

APPTR,D12LZ,12L,LEKLA
IF,LEKLA,43.849611,3.371333, ,0.0,0.0,0,0,0,1,250,0,1,0
TF,D300Y,43.798136,3.486806,0, ,0.0,0.0,0.0,0.0,2,7000,0,0,0,0,0,0
CF,D300R,43.736819,3.623792,0,FJR,300.0,18.0,120.0,7.0,1,5000,0,0,0,0,0,0
CF,D300M,43.692911,3.721456,0,FJR,300.0,13.0,120.0,5.0,2,4000,0,1,185,0,0,0
CF,FD1LZ,43.675944,3.759111,0,FJR,300.0,11.1,120.0,1.9,2,4000,0,0,0,0,0,0

FINAL,D12LZ,12L,D,4
IF,FD1LZ,43.675944,3.759111,FJR,300.0,11.1,2,4000,0,0,0,0,2,0
CF,72VOR,43.641875,3.834569,0,FJR,300.0,7.2,120.0,3.9,2,2500,0,0,0,0,0,0
CF,30VOR,43.604836,3.916353,0,FJR,300.0,3.0,120.0,4.2,2,870,0,0,0,0,0,0
CF,MD12L,43.591606,3.945547,0,FJR,300.0,1.5,120.0,1.5,1,280,0,0,0,0,3,0
CF,FJR,43.578361,3.974722,0,FJR,0.0,0.0,120.0,1.5,0,0,0,0,0,0,0,0
CF,ESPIG,43.510722,4.105194,0,FJR,123.4,7.0,124.0,7.0,1,2000,0,0,0,0,0,0
HM,ESPIG,43.510722,4.105194,1, ,0.0,0.0,304.0,05,2,2000,0,1,220,0,0,0,0

APPTR,D30R,30R,ESPIG
HF,ESPIG,43.510722,4.105194,1, ,0.0,0.0,304.0,05,2,2000,0,0,0,0,1,0,0
CF,FD30R,43.513694,4.096861,0,FJR,124.0,6.6,304.0,0.4,2,2000,0,0,0,0,0,0

FINAL,D30R,30R,D,3
IF,FD30R,43.513694,4.096861,FJR,124.0,6.6,2,2000,0,0,0,0,2,0
CF,21VOR,43.557778,4.013661,0,FJR,124.0,2.1,304.0,4.5,2,600,0,0,0,0,0,0
CF,MD30R,43.568561,3.993267,0,FJR,124.0,1.0,304.0,1.1,1,236,0,0,0,0,3,0
CF,FJR,43.578361,3.974722,0,FJR,0.0,0.0,304.0,1.0,0,0,0,0,0,0,0,0
FD,FJR,43.578361,3.974722,0,FJR,0.0,6.0,329.0,6.0,1,3000,0,0,0,0,0,0
DF,FJR,43.578361,3.974722,2, ,0.0,0.0,0,0,0,1,185,0,0,0
TF,ESPIG,43.510722,4.105194,0, ,0.0,0.0,0.0,0.0,1,3000,0,0,0,0,0,0
HM,ESPIG,43.510722,4.105194,1, ,0.0,0.0,304.0,05,0,0,0,1,220,0,0,0,0

FINAL,I30RY,30R,I,3
IF,CI30R,43.496364,4.133572,FG,122.7,9.6,2,2000,0,0,0,0,0,0
CF,FF30R,43.514722,4.097139,0,FG,122.7,7.7,303.0,1.9,1,2000,0,0,0,0,2,0
CF,RW30R,43.572769,3.982217,0,FG,122.7,1.6,303.0,6.1,1,56,0,0,0,0,3,0
FA,RW30R,43.572769,3.982217,0,FJR,0.0,0.0,303.0,2,330,0,0,0,0,0,0
VI,0, ,0.0,348.0,0,0,0,0,0,0,0,0
CF,D318H,43.659892,3.894806,0,FJR,322.6,6.0,318.0,5.0,0,0,0,0,0,0,0,1
DF,FG,43.556778,4.014056,2, ,0.0,0.0,1,3000,0,1,185,0,0,0

FINAL,I30RZ,30R,I,3
IF,CI30R,43.496364,4.133572,FG,122.7,9.6,2,2000,0,0,0,0,0,0
CF,FF30R,43.514722,4.097139,0,FG,122.7,7.7,303.0,1.9,1,2000,0,0,0,0,2,0
CF,RW30R,43.572769,3.982217,0,FG,122.7,1.6,303.0,6.1,1,56,0,0,0,0,3,0
FA,RW30R,43.572769,3.982217,0,FJR,0.0,0.0,303.0,2,310,0,0,0,0,0,0
VI,0, ,0.0,359.0,0,0,0,0,0,0,0,0
FD,FJR,43.578361,3.974722,0,FJR,0.0,6.0,329.0,6.0,1,3000,0,0,0,0,0,0
DF,FJR,43.578361,3.974722,2, ,0.0,0.0,0,0,0,1,185,0,0,0
TF,ESPIG,43.510722,4.105194,0, ,0.0,0.0,0.0,0.0,1,3000,0,0,0,0,0,0
HM,ESPIG,43.510722,4.105194,1, ,0.0,0.0,304.0,05,1,3000,0,1,220,0,0,0,0

FINAL,L30RY,30R,D,5
IF,CI30R,43.496364,4.133572,FG,122.7,9.6,2,2000,0,0,0,0,0,0
CF,FF30R,43.514722,4.097139,0,FG,122.7,7.7,303.0,1.9,2,2000,0,0,0,0,2,0
CF,40LOC,43.536300,4.054556,0,FG,122.7,5.4,303.0,2.3,2,1300,0,0,0,0,0,0
CF,FG,43.556778,4.014056,0,FG,122.6,3.2,303.0,2.2,2,610,0,0,0,0,0,0
CF,ML30R,43.564792,3.998053,0,FG,122.7,2.4,303.0,0.9,1,324,0,0,0,0,3,0
CA,0,303.0,2,420,0,0,0,0,0,0
VI,0, ,0.0,348.0,0,0,0,0,0,0,0,0
CF,D318H,43.659892,3.894806,0,FJR,322.6,6.0,318.0,6.0,0,0,0,0,0,0,0,1
DF,FG,43.556778,4.014056,2, ,0.0,0.0,1,3000,0,1,185,0,0,0

FINAL,L30RZ,30R,D,5
IF,CI30R,43.496364,4.133572,FG,122.7,9.6,2,2000,0,0,0,0,0,0
CF,FF30R,43.514722,4.097139,0,FG,122.7,7.7,303.0,1.9,2,2000,0,0,0,0,2,0
CF,40LOC,43.536300,4.054556,0,FG,122.7,5.4,303.0,2.3,2,1300,0,0,0,0,0,0
CF,FG,43.556778,4.014056,0,FG,122.6,3.2,303.0,2.2,2,610,0,0,0,0,0,0
CF,ML30R,43.564792,3.998053,0,FG,122.7,2.4,303.0,0.9,1,324,0,0,0,0,3,1
CF,FJR,43.578361,3.974722,0,FJR,0.0,0.0,303.0,1.3,0,0,0,0,0,0,0,0
FD,FJR,43.578361,3.974722,0,FJR,0.0,6.0,329.0,6.0,1,3000,0,0,0,0,0,0
DF,FJR,43.578361,3.974722,2, ,0.0,0.0,0,0,0,1,185,0,0,0
TF,ESPIG,43.510722,4.105194,0, ,0.0,0.0,0.0,0.0,1,3000,0,0,0,0,0,0
HM,ESPIG,43.510722,4.105194,1, ,0.0,0.0,304.0,05,1,3000,0,1,220,0,0,0,0

APPTR,R12L,12L,GIGNA
IF,GIGNA,43.658083,3.529556, ,0.0,0.0,0,0,0,0,0,0,1,0
TF,MT505,43.734056,3.642222,0, ,0.0,0.0,0.0,0.0,2,5000,0,0,0,0,0,0
TF,IT12L,43.678889,3.770778,0, ,0.0,0.0,0.0,0.0,2,3000,0,1,185,0,1,0

APPTR,R12L,12L,LEKLA
IF,LEKLA,43.849611,3.371333, ,0.0,0.0,0,0,0,0,0,0,1,0
TF,MT503,43.793472,3.503667,0, ,0.0,0.0,0.0,0.0,2,7000,0,0,0,0,0,0
TF,MT505,43.734056,3.642222,0, ,0.0,0.0,0.0,0.0,2,5000,0,0,0,0,0,0
TF,IT12L,43.678889,3.770778,0, ,0.0,0.0,0.0,0.0,2,3000,0,1,185,0,1,0

APPTR,R12L,12L,MT500
IF,MT500,43.626806,3.721111, ,0.0,0.0,2,3000,0,1,185,0,1,0
TF,IT12L,43.678889,3.770778,0, ,0.0,0.0,0.0,0.0,2,3000,0,1,185,0,1,0

APPTR,R12L,12L,MT502
IF,MT502,43.737944,3.902278, ,0.0,0.0,2,4000,0,1,185,0,1,0
TF,MT504,43.714583,3.804861,0, ,0.0,0.0,0.0,0.0,1,3000,0,0,0,0,0,0
TF,IT12L,43.678889,3.770778,0, ,0.0,0.0,0.0,0.0,2,3000,0,1,185,0,1,0

FINAL,R12L,12L,R,3
IF,IT12L,43.678889,3.770778, ,0.0,0.0,2,3000,0,1,185,0,0,0
TF,FT12L,43.644806,3.838806,0, ,0.0,0.0,123.0,3.6,2,2500,0,0,0,0,2,0
TF,RW12L,43.586111,3.955714,0, ,0.0,0.0,123.0,6.2,1,66,0,0,0,0,3,1
TF,ESPIG,43.510722,4.105194,0, ,0.0,0.0,0.0,0.0,0,0,0,1,190,0,0,0
TF,MT510,43.450778,4.145306,0, ,0.0,0.0,0.0,0.0,3,2000,0,1,190,0,0,1
DF,ESPIG,43.510722,4.105194,1, ,0.0,0.0,0,0,0,1,190,0,0,0
HM,ESPIG,43.510722,4.105194,1, ,0.0,0.0,304.0,04.3,1,2000,0,1,190,0,0,0,0

APPTR,R30R,30R,ASTEG
IF,ASTEG,43.414389,4.132111, ,0.0,0.0,3,6000,0,1,190,0,1,0
TF,IT30R,43.470250,4.185083,0, ,0.0,0.0,0.0,0.0,3,4000,0,0,0,0,1,0
TF,FT30R,43.514694,4.097306,0, ,0.0,0.0,0.0,0.0,1,2000,0,0,0,0,0,0

APPTR,R30R,30R,ESPIG
IF,ESPIG,43.510722,4.105194, ,0.0,0.0,3,4000,0,1,220,0,1,0
TF,MT600,43.449222,4.046750,0, ,0.0,0.0,0.0,0.0,0,0,0,0,0,0,0,0
TF,ASTEG,43.414389,4.132111,0, ,0.0,0.0,0.0,0.0,0,0,0,1,190,0,0,0
TF,IT30R,43.470250,4.185083,0, ,0.0,0.0,0.0,0.0,3,4000,0,0,0,0,1,0
TF,FT30R,43.514694,4.097306,0, ,0.0,0.0,0.0,0.0,1,2000,0,0,0,0,0,0

APPTR,R30R,30R,IT30R
IF,IT30R,43.470250,4.185083, ,0.0,0.0,3,4000,0,0,0,0,1,0
TF,FT30R,43.514694,4.097306,0, ,0.0,0.0,0.0,0.0,1,2000,0,0,0,0,0,0

APPTR,R30R,30R,MT400
IF,MT400,43.518083,4.230944, ,0.0,0.0,4,6000,3000,1,190,0,1,0
TF,IT30R,43.470250,4.185083,0, ,0.0,0.0,0.0,0.0,3,4000,0,0,0,0,1,0
TF,FT30R,43.514694,4.097306,0, ,0.0,0.0,0.0,0.0,1,2000,0,0,0,0,0,0

FINAL,R30R,30R,R,2
IF,FT30R,43.514694,4.097306, ,0.0,0.0,1,2000,0,0,0,0,2,0
TF,RW30R,43.572769,3.982217,0, ,0.0,0.0,303.0,6.1,1,56,0,0,0,0,3,1
TF,MT630,43.593694,3.940639,0, ,0.0,0.0,0.0,0.0,0,0,0,0,0,0,0,1
DF,MT631,43.631917,4.070444,2, ,0.0,0.0,0,0,0,1,190,0,0,0
TF,MT632,43.565972,4.163528,0, ,0.0,0.0,0.0,0.0,3,3000,0,0,0,0,0,0

