SID,CTX2W,24,2
CD, ,0,0,0,AVD,0,0.0,239.0,7.0,0,0,0,0,0,0,0,0
CF,CTX,46.936611,1.801139,0,AVD,257.2,34.8,261.0,27.0,0,0,0,0,0,0,0,0

SID,MOU2E,06,2
CD, ,0,0,0,AVD,0,0.0,59.0,4.0,0,0,0,0,0,0,0,0
CD, ,0,0,0,AVD,0,0.0,102.0,9.0,0,0,0,1,205,0,0,0
CF,MOU,46.706778,3.631667,0,AVD,115.7,46.3,124.0,37.0,0,0,0,0,0,0,0,0

APPTR,N24,24,AVD
HF,AVD,47.120667,2.799611,2, ,0.0,0.0,239.0,04.3,1,2900,0,0,0,0,1,0,0

FINAL,N24,24,N,2
IF,AVD,47.120667,2.799611,AVD,0.0,0.0,1,2900,0,0,0,0,2,0
CF,RW24,47.063528,2.651856,0,AVD,0.0,0.0,239.0,7.0,1,629,0,0,0,0,3,0
FA,RW24,47.063528,2.651856,0,AVD,0.0,0.0,239.0,2,2000,0,0,0,0,0,0
DF,AVD,47.120667,2.799611,1, ,0.0,0.0,1,2900,0,1,185,0,0,0

APPTR,R06,06,OA402
IF,OA402,47.027000,2.312667, ,0.0,0.0,1,3100,0,1,220,0,1,0
TF,IOA06,46.954611,2.372944,0, ,0.0,0.0,0.0,0.0,1,2600,0,1,220,0,1,0

APPTR,R06,06,OA404
IF,OA404,46.913139,2.267472, ,0.0,0.0,1,3100,0,1,220,0,1,0
TF,IOA06,46.954611,2.372944,0, ,0.0,0.0,0.0,0.0,1,2600,0,1,220,0,1,0

APPTR,R06,06,OA406
IF,OA406,46.882194,2.433028, ,0.0,0.0,1,3500,0,1,220,0,1,0
TF,IOA06,46.954611,2.372944,0, ,0.0,0.0,0.0,0.0,1,2600,0,1,220,0,1,0

FINAL,R06,06,R,3
IF,IOA06,46.954611,2.372944, ,0.0,0.0,1,2600,0,1,220,0,0,0
TF,FOA06,46.996000,2.478556,0, ,0.0,0.0,59.0,5.0,1,2600,0,0,0,0,2,0
TF,RW06,47.047947,2.611778,0, ,0.0,0.0,59.0,6.3,1,595,0,0,0,0,3,1
TF,OA412,47.097333,2.738972,0, ,0.0,0.0,0.0,0.0,3,3500,0,1,200,0,0,0
TF,OA414,46.912028,2.912111,0, ,0.0,0.0,0.0,0.0,1,3500,0,1,200,0,0,0
TF,OA406,46.882194,2.433028,2, ,0.0,0.0,0.0,0.0,1,3500,0,1,220,0,0,0

APPTR,R24,24,OA401
IF,OA401,47.237611,2.869139, ,0.0,0.0,1,3100,0,1,220,0,1,0
TF,IOA24,47.155472,2.889583,0, ,0.0,0.0,0.0,0.0,1,2600,0,1,220,0,1,0

APPTR,R24,24,OA403
IF,OA403,47.196389,2.996111, ,0.0,0.0,1,3100,0,1,220,0,1,0
TF,IOA24,47.155472,2.889583,0, ,0.0,0.0,0.0,0.0,1,2600,0,1,220,0,1,0

APPTR,R24,24,OA405
IF,OA405,47.101472,2.982500, ,0.0,0.0,1,3500,0,1,220,0,1,0
TF,IOA24,47.155472,2.889583,0, ,0.0,0.0,0.0,0.0,1,2600,0,1,220,0,1,0

FINAL,R24,24,R,3
IF,IOA24,47.155472,2.889583, ,0.0,0.0,1,2600,0,1,220,0,0,0
TF,FOA24,47.114500,2.783333,0, ,0.0,0.0,239.0,5.0,1,2600,0,0,0,0,2,0
TF,RW24,47.063528,2.651856,0, ,0.0,0.0,239.0,6.2,1,626,0,0,0,0,3,1
TF,OA413,47.005806,2.503639,0, ,0.0,0.0,0.0,0.0,3,3500,0,1,200,0,0,1
TF,OA415,46.879000,2.818056,1, ,0.0,0.0,0.0,0.0,1,3500,0,1,200,0,0,0
TF,OA405,47.101472,2.982500,1, ,0.0,0.0,0.0,0.0,1,3500,0,1,220,0,0,0

APPTR,T06,06,BRG
IF,BRG,47.017861,2.281556, ,0.0,0.0,0,0,0,0,0,0,0,0
CF,D196C,46.971947,2.261047,0,AVD,250.3,16.0,196.0,2.9,2,3100,0,0,0,0,0,0
AF,IAF2,46.909444,2.307500,1,AVD,235.2,16.0,250.0,2,3100,0,0,0,0,1,0
CF,D235M,46.941358,2.377789,0,AVD,235.0,12.5,55.0,3.5,2,3100,0,0,0,0,0,0
CF,CT06,46.969444,2.438167,0,AVD,235.0,9.5,55.0,3.0,2,2600,0,0,0,0,1,0

APPTR,T06,06,CTX
FC,CTX,46.936611,1.801139,0,AVD,0.0,0.0,102.0,17.5,2,3100,0,0,0,0,0,0
CF,IAF2,46.909444,2.307500,0,AVD,235.2,16.0,55.0,4.2,0,0,0,0,0,0,1,0
CF,D235M,46.941358,2.377789,0,AVD,235.0,12.5,55.0,3.5,2,3100,0,0,0,0,0,0
CF,CT06,46.969444,2.438167,0,AVD,235.0,9.5,55.0,3.0,2,2600,0,0,0,0,1,0

APPTR,T06,06,IAF2
IF,IAF2,46.909444,2.307500, ,0.0,0.0,2,3100,0,0,0,0,1,0
CF,D235M,46.941358,2.377789,0,AVD,235.0,12.5,55.0,3.5,2,3100,0,0,0,0,0,0
CF,CT06,46.969444,2.438167,0,AVD,235.0,9.5,55.0,3.0,2,2600,0,0,0,0,1,0

FINAL,T06,06,D,4
IF,CT06,46.969444,2.438167,AVD,235.0,9.5,2,2600,0,0,0,0,0,0
CF,FT06,46.990000,2.482528,0,AVD,235.0,7.3,55.0,2.2,2,2600,0,0,0,0,2,0
CF,40TAC,47.020792,2.549078,0,AVD,235.0,4.0,55.0,3.3,2,1570,0,0,0,0,0,0
CF,MT06,47.044106,2.599553,0,AVD,235.0,1.5,55.0,2.5,1,769,0,0,0,0,3,0
CF,D055C,47.081361,2.680406,0,AVD,55.0,2.5,55.0,4.0,0,0,0,1,220,0,0,1
CD, ,0,0,0,AVD,0,0.0,87.0,13.0,1,3100,0,0,0,0,0,0
CF,D082P,47.089911,3.017219,0,AVD,82.0,16.0,87.0,3.0,0,0,0,0,0,0,0,0
AF,D227P,46.879361,2.340972,2,AVD,227.0,16.0,82.0,0,0,0,0,0,0,0,0

APPTR,T24,24,BALOS
IF,BALOS,47.170000,2.210000, ,0.0,0.0,0,0,0,0,0,0,0,0
TF,D332P,47.295281,2.451344,0, ,0.0,0.0,0.0,0.0,2,3100,0,0,0,0,0,0
AF,D064P,47.170181,2.984094,2,AVD,64.0,16.0,332.0,0,0,0,0,0,0,0,0
CF,D064M,47.149244,2.917564,0,AVD,64.0,13.0,244.0,3.0,2,3100,0,0,0,0,0,0
CF,CT24,47.124083,2.837806,0,AVD,64.0,9.4,244.0,3.6,2,2600,0,0,0,0,1,0

APPTR,T24,24,IAF4
IF,IAF4,47.116667,2.806667, ,0.0,0.0,2,3100,0,1,220,0,1,0
CF,D047N,47.212769,2.885664,0,AVD,47.4,14.0,64.0,6.0,0,0,0,0,0,0,0,1
CF,D064M,47.149244,2.917564,2,AVD,64.0,13.0,244.0,1.0,2,3100,0,0,0,0,0,0
CF,CT24,47.124083,2.837806,0,AVD,64.0,9.4,244.0,3.6,2,2600,0,0,0,0,1,0

APPTR,T24,24,MOTAL
IF,MOTAL,47.576667,2.220000, ,0.0,0.0,0,0,0,0,0,0,0,0
TF,D035P,47.273744,2.859475,0, ,0.0,0.0,0.0,0.0,2,3100,0,0,0,0,0,0
AF,D064P,47.170181,2.984094,2,AVD,64.0,16.0,35.0,0,0,0,0,0,0,0,0
CF,D064M,47.149244,2.917564,0,AVD,64.0,13.0,244.0,3.0,2,3100,0,0,0,0,0,0
CF,CT24,47.124083,2.837806,0,AVD,64.0,9.4,244.0,3.6,2,2600,0,0,0,0,1,0

FINAL,T24,24,D,4
IF,CT24,47.124083,2.837806,AVD,64.0,9.4,2,2600,0,0,0,0,0,0
CF,FT24,47.107972,2.786861,0,AVD,64.0,7.1,244.0,2.3,2,2600,0,0,0,0,2,0
CF,40TA2,47.086208,2.718281,0,AVD,64.0,4.0,244.0,3.1,2,1610,0,0,0,0,0,0
CF,MT24,47.068639,2.663006,0,AVD,64.0,1.5,244.0,2.5,1,803,0,0,0,0,3,0
CF,AVD,47.058083,2.629861,0,AVD,0.0,0.0,244.0,1.5,0,0,0,0,0,0,0,0
CF,D239F,47.008033,2.503311,0,AVD,239.0,6.0,239.0,6.0,0,0,0,0,0,0,0,1
CD, ,0,0,1,AVD,0,0.0,146.0,13.0,1,3100,0,1,220,0,0,0
CI,0, ,0.0,146.0,0,0,0,0,0,0,0,0
AF,D070P,47.144264,2.999242,1,AVD,70.0,16.0,180.0,0,0,0,0,0,0,0,0

