SID,ATNI5T,10,5
CF,RN901,48.053139,-1.584472,0,REN,98.6,6.4,101.0,6.0,0,0,0,0,0,0,0,0
TF,RN903,48.126417,-1.486806,0, ,0.0,0.0,0.0,0.0,0,0,0,0,0,0,0,1
CF,ATNIS,48.391389,-1.461944,0,REN,30.0,22.4,2.0,15.0,0,0,0,0,0,0,0,0

SID,ATNI5V,28,5
CF,RN804,48.080667,-1.801556,0,REN,285.9,2.5,281.0,3.0,0,0,0,0,0,0,0,1
CA,0,281.0,2,2000,0,0,0,0,0,0
CF,RN805,48.221667,-1.803611,0,REN,344.8,9.5,9.0,7.0,0,0,0,0,0,0,0,0
TF,ATNIS,48.391389,-1.461944,0, ,0.0,0.0,0.0,0.0,0,0,0,0,0,0,0,0

SID,GODA5R,10,5
CF,RN711,48.065250,-1.679306,0,REN,95.4,2.5,101.0,2.0,2,530,0,1,195,0,0,0
RF,RN713,48.034833,-1.638944,2,RN712,178.1,2.0,0,0,0,1,195,0,0,0
TF,RN703,47.910306,-1.626111,0, ,0.0,0.0,0.0,0.0,0,0,0,0,0,0,0,0
TF,GODAN,47.641944,-1.960000,0, ,0.0,0.0,0.0,0.0,0,0,0,0,0,0,0,0

SID,GODA5S,10,5
CF,RN700,48.064306,-1.671972,0,REN,96.0,2.8,101.0,2.0,0,0,0,0,0,0,0,1
CF,RN702,47.983750,-1.631861,0,REN,139.2,6.8,177.0,5.0,0,0,0,1,185,0,0,0
TF,RN703,47.910306,-1.626111,0, ,0.0,0.0,0.0,0.0,0,0,0,0,0,0,0,0
TF,GODAN,47.641944,-1.960000,0, ,0.0,0.0,0.0,0.0,0,0,0,0,0,0,0,0

SID,GODA5W,28,5
CF,RN601,48.078000,-1.780306,0,REN,288.7,1.6,281.0,2.0,0,0,0,0,0,0,0,1
CA,0,281.0,2,1200,0,0,0,0,0,0
CF,RN602,47.963222,-1.913500,0,REN,227.5,9.4,212.0,8.0,0,0,0,0,0,0,0,0
TF,GODAN,47.641944,-1.960000,0, ,0.0,0.0,0.0,0.0,0,0,0,0,0,0,0,0

SID,LABU5T,10,5
CF,RN901,48.053139,-1.584472,0,REN,98.6,6.4,101.0,6.0,0,0,0,0,0,0,0,0
TF,RN903,48.126417,-1.486806,0, ,0.0,0.0,0.0,0.0,0,0,0,0,0,0,0,1
CF,LABUL,48.299167,-1.889444,1,REN,336.8,15.0,297.0,17.0,0,0,0,0,0,0,0,0

SID,LABU5V,28,5
CF,RN804,48.080667,-1.801556,0,REN,285.9,2.5,281.0,3.0,0,0,0,0,0,0,0,1
CA,0,281.0,2,2000,0,0,0,0,0,0
DF,LABUL,48.299167,-1.889444,0, ,0.0,0.0,0,0,0,0,0,0,0,0

SID,TABI5T,10,5
CF,RN901,48.053139,-1.584472,0,REN,98.6,6.4,101.0,6.0,0,0,0,0,0,0,0,0
TF,TABIL,47.956389,-0.940000,0, ,0.0,0.0,0.0,0.0,0,0,0,0,0,0,0,0

SID,TABI5W,28,5
CF,RN601,48.078000,-1.780306,0,REN,288.7,1.6,281.0,2.0,0,0,0,0,0,0,0,1
CA,0,281.0,2,1200,0,0,0,0,0,0
CF,RN602,47.963222,-1.913500,0,REN,227.5,9.4,212.0,8.0,0,0,0,0,0,0,0,0
TF,RN603,47.915667,-1.768750,1, ,0.0,0.0,0.0,0.0,0,0,0,0,0,0,0,0
TF,VAKSI,47.999167,-1.234722,0, ,0.0,0.0,0.0,0.0,0,0,0,0,0,0,0,0
TF,TABIL,47.956389,-0.940000,0, ,0.0,0.0,0.0,0.0,0,0,0,0,0,0,0,0

APPTR,D10,10,ENOKI
IF,ENOKI,47.796944,-1.419444, ,0.0,0.0,0,0,0,0,0,0,1,0
CF,REN,48.069250,-1.741667,0,REN,0.0,0.0,322.0,20.9,1,7000,0,0,0,0,0,0
FD,REN,48.069250,-1.741667,0,REN,0.0,6.6,266.0,6.6,1,5000,0,0,0,0,0,0
CF,D266L,48.055044,-2.036589,0,REN,266.0,11.9,266.0,5.3,1,4000,0,1,220,0,0,0
CI,0, ,0.0,266.0,0,0,0,0,0,0,0,0
AF,D280N,48.108383,-2.077206,2,REN,280.0,13.7,266.0,1,4000,0,0,0,0,0,1
AF,D288N,48.139306,-2.065900,2,REN,288.0,13.7,280.0,0,0,0,0,0,0,0,0
CF,LAPOX,48.114556,-1.954944,0,REN,287.7,9.0,108.0,4.7,1,2000,0,0,0,0,1,0
CF,FD10,48.103861,-1.885167,0,REN,289.9,6.1,108.0,2.9,1,2000,0,0,0,0,0,0

APPTR,D10,10,LUVOP
IF,LUVOP,48.338333,-1.745000, ,0.0,0.0,0,0,0,0,0,0,1,0
CF,REN,48.069250,-1.741667,0,REN,0.0,0.0,180.0,16.2,1,7000,0,0,0,0,0,0
FD,REN,48.069250,-1.741667,0,REN,0.0,6.6,266.0,6.6,1,5000,0,0,0,0,0,0
CF,D266L,48.055044,-2.036589,0,REN,266.0,11.9,266.0,5.3,1,4000,0,1,220,0,0,0
CI,0, ,0.0,266.0,0,0,0,0,0,0,0,0
AF,D280N,48.108383,-2.077206,2,REN,280.0,13.7,266.0,1,4000,0,0,0,0,0,1
AF,D288N,48.139306,-2.065900,2,REN,288.0,13.7,280.0,0,0,0,0,0,0,0,0
CF,LAPOX,48.114556,-1.954944,0,REN,287.7,9.0,108.0,4.7,1,2000,0,0,0,0,1,0
CF,FD10,48.103861,-1.885167,0,REN,289.9,6.1,108.0,2.9,1,2000,0,0,0,0,0,0

APPTR,D10,10,REN
IF,REN,48.069250,-1.741667, ,0.0,0.0,1,7000,0,0,0,0,1,0
FD,REN,48.069250,-1.741667,0,REN,0.0,6.6,266.0,6.6,1,5000,0,0,0,0,0,0
CF,D266L,48.055044,-2.036589,0,REN,266.0,11.9,266.0,5.3,1,4000,0,1,220,0,0,0
CI,0, ,0.0,266.0,0,0,0,0,0,0,0,0
AF,D280N,48.108383,-2.077206,2,REN,280.0,13.7,266.0,1,4000,0,0,0,0,0,1
AF,D288N,48.139306,-2.065900,2,REN,288.0,13.7,280.0,0,0,0,0,0,0,0,0
CF,LAPOX,48.114556,-1.954944,0,REN,287.7,9.0,108.0,4.7,1,2000,0,0,0,0,1,0
CF,FD10,48.103861,-1.885167,0,REN,289.9,6.1,108.0,2.9,1,2000,0,0,0,0,0,0

APPTR,D10,10,SAMPO
IF,SAMPO,48.220000,-1.282222, ,0.0,0.0,0,0,0,0,0,0,1,0
CF,REN,48.069250,-1.741667,0,REN,0.0,0.0,244.0,20.6,1,7000,0,0,0,0,0,0
FD,REN,48.069250,-1.741667,0,REN,0.0,6.6,266.0,6.6,1,5000,0,0,0,0,0,0
CF,D266L,48.055044,-2.036589,0,REN,266.0,11.9,266.0,5.3,1,4000,0,1,220,0,0,0
CI,0, ,0.0,266.0,0,0,0,0,0,0,0,0
AF,D280N,48.108383,-2.077206,2,REN,280.0,13.7,266.0,1,4000,0,0,0,0,0,1
AF,D288N,48.139306,-2.065900,2,REN,288.0,13.7,280.0,0,0,0,0,0,0,0,0
CF,LAPOX,48.114556,-1.954944,0,REN,287.7,9.0,108.0,4.7,1,2000,0,0,0,0,1,0
CF,FD10,48.103861,-1.885167,0,REN,289.9,6.1,108.0,2.9,1,2000,0,0,0,0,0,0

APPTR,D10,10,VAKSI
IF,VAKSI,47.999167,-1.234722, ,0.0,0.0,0,0,0,0,0,0,1,0
CF,REN,48.069250,-1.741667,0,REN,0.0,0.0,282.0,20.8,1,7000,0,0,0,0,0,0
FD,REN,48.069250,-1.741667,0,REN,0.0,6.6,266.0,6.6,1,5000,0,0,0,0,0,0
CF,D266L,48.055044,-2.036589,0,REN,266.0,11.9,266.0,5.3,1,4000,0,1,220,0,0,0
CI,0, ,0.0,266.0,0,0,0,0,0,0,0,0
AF,D280N,48.108383,-2.077206,2,REN,280.0,13.7,266.0,1,4000,0,0,0,0,0,1
AF,D288N,48.139306,-2.065900,2,REN,288.0,13.7,280.0,0,0,0,0,0,0,0,0
CF,LAPOX,48.114556,-1.954944,0,REN,287.7,9.0,108.0,4.7,1,2000,0,0,0,0,1,0
CF,FD10,48.103861,-1.885167,0,REN,289.9,6.1,108.0,2.9,1,2000,0,0,0,0,0,0

FINAL,D10,10,D,2
IF,FD10,48.103861,-1.885167,REN,289.9,6.1,1,2000,0,0,0,0,2,0
CF,MD10,48.073364,-1.760575,0,REN,288.0,0.8,108.0,5.3,1,318,0,0,0,0,3,0
FA,MD10,48.073364,-1.760575,0,REN,0.0,0.0,108.0,2,1000,0,0,0,0,0,0
DF,REN,48.069250,-1.741667,2, ,0.0,0.0,1,2000,0,0,0,0,0,0
HM,REN,48.069250,-1.741667,1, ,0.0,0.0,281.0,04.3,1,4000,0,1,220,0,0,0,0

APPTR,D28,28,ENOKI
IF,ENOKI,47.796944,-1.419444, ,0.0,0.0,1,7000,0,0,0,0,1,0
FD,ENOKI,47.796944,-1.419444,0,REN,141.4,17.7,322.0,17.7,0,0,0,0,0,0,0,0
CI,0, ,0.0,322.0,0,0,0,0,0,0,0,0
AF,D107O,47.995650,-1.385697,1,REN,107.0,15.0,142.0,1,4000,0,0,0,0,0,1
AF,D099O,48.028106,-1.372533,1,REN,99.3,15.0,107.0,0,0,0,0,0,0,0,0
CF,BUNOT,48.052583,-1.494444,0,REN,95.7,10.0,287.0,5.1,2,2000,0,0,0,0,1,0
CF,FD28,48.058194,-1.576667,0,REN,95.7,6.7,276.0,3.3,2,2000,0,0,0,0,0,0

APPTR,D28,28,LUVOP
IF,LUVOP,48.338333,-1.745000, ,0.0,0.0,0,0,0,0,0,0,1,0
CF,REN,48.069250,-1.741667,0,REN,0.0,0.0,180.0,16.2,1,7000,0,0,0,0,0,0
FD,REN,48.069250,-1.741667,0,REN,0.0,6.6,121.0,6.6,1,5000,0,0,0,0,0,0
CF,D121M,47.955667,-1.461106,0,REN,121.0,13.2,121.0,6.6,1,4000,0,1,220,0,0,0
CI,0, ,0.0,121.0,0,0,0,0,0,0,0,0
AF,D107O,47.995650,-1.385697,1,REN,107.0,15.0,121.0,1,4000,0,0,0,0,0,1
AF,D099O,48.028106,-1.372533,1,REN,99.3,15.0,107.0,0,0,0,0,0,0,0,0
CF,BUNOT,48.052583,-1.494444,0,REN,95.7,10.0,287.0,5.1,2,2000,0,0,0,0,1,0
CF,FD28,48.058194,-1.576667,0,REN,95.7,6.7,276.0,3.3,2,2000,0,0,0,0,0,0

APPTR,D28,28,REN
IF,REN,48.069250,-1.741667, ,0.0,0.0,1,7000,0,0,0,0,1,0
FD,REN,48.069250,-1.741667,0,REN,0.0,6.6,121.0,6.6,1,5000,0,0,0,0,0,0
CF,D121M,47.955667,-1.461106,0,REN,121.0,13.2,121.0,6.6,1,4000,0,1,220,0,0,0
CI,0, ,0.0,121.0,0,0,0,0,0,0,0,0
AF,D107O,47.995650,-1.385697,1,REN,107.0,15.0,121.0,1,4000,0,0,0,0,0,1
AF,D099O,48.028106,-1.372533,1,REN,99.3,15.0,107.0,0,0,0,0,0,0,0,0
CF,BUNOT,48.052583,-1.494444,0,REN,95.7,10.0,287.0,5.1,2,2000,0,0,0,0,1,0
CF,FD28,48.058194,-1.576667,0,REN,95.7,6.7,276.0,3.3,2,2000,0,0,0,0,0,0

APPTR,D28,28,SAMPO
IF,SAMPO,48.220000,-1.282222, ,0.0,0.0,1,7000,0,0,0,0,1,0
FD,SAMPO,48.220000,-1.282222,0,REN,63.7,17.6,244.0,17.6,0,0,0,0,0,0,0,0
CI,0, ,0.0,244.0,0,0,0,0,0,0,0,0
AF,D089O,48.073006,-1.368931,2,REN,89.0,15.0,64.0,0,0,0,0,0,0,0,1
AF,D099O,48.028106,-1.372533,2,REN,99.3,15.0,89.0,0,0,0,0,0,0,0,0
CF,BUNOT,48.052583,-1.494444,0,REN,95.7,10.0,287.0,5.1,2,2000,0,0,0,0,1,0
CF,FD28,48.058194,-1.576667,0,REN,95.7,6.7,276.0,3.3,2,2000,0,0,0,0,0,0

APPTR,D28,28,VAKSI
IF,VAKSI,47.999167,-1.234722, ,0.0,0.0,1,5000,0,0,0,0,1,0
CF,BUNOT,48.052583,-1.494444,0,REN,95.7,10.0,287.0,10.9,2,2000,0,0,0,0,1,0
CF,FD28,48.058194,-1.576667,0,REN,95.7,6.7,276.0,3.3,2,2000,0,0,0,0,0,0

FINAL,D28,28,D,3
IF,FD28,48.058194,-1.576667,REN,95.7,6.7,2,2000,0,0,0,0,2,0
CF,30VOR,48.064000,-1.667528,0,REN,96.0,3.0,276.0,3.7,2,830,0,0,0,0,0,0
CF,MD28,48.066631,-1.704594,0,REN,96.0,1.5,276.0,1.5,1,356,0,0,0,0,3,0
CF,REN,48.069250,-1.741667,0,REN,0.0,0.0,276.0,1.5,0,0,0,0,0,0,0,1
FA,REN,48.069250,-1.741667,0,REN,0.0,0.0,276.0,2,1000,0,0,0,0,0,0
DF,REN,48.069250,-1.741667,1, ,0.0,0.0,1,2000,0,1,220,0,0,0
HM,REN,48.069250,-1.741667,2, ,0.0,0.0,101.0,04.3,1,4000,0,1,220,0,0,0,0

APPTR,I28,28,ENOKI
IF,ENOKI,47.796944,-1.419444, ,0.0,0.0,1,7000,0,0,0,0,1,0
FD,ENOKI,47.796944,-1.419444,0,REN,141.4,17.7,322.0,17.7,0,0,0,0,0,0,0,0
CI,0, ,0.0,322.0,0,0,0,0,0,0,0,0
AF,D107O,47.995650,-1.385697,1,REN,107.0,15.0,142.0,1,4000,0,0,0,0,0,1
AF,D104E,48.022261,-1.375594,1,REN,100.7,15.0,107.0,0,0,0,0,0,0,0,0
CF,GOMDA,48.042000,-1.496583,0,RS,100.6,10.3,284.0,5.0,1,2000,0,0,0,0,1,0

APPTR,I28,28,LUVOP
IF,LUVOP,48.338333,-1.745000, ,0.0,0.0,0,0,0,0,0,0,1,0
CF,REN,48.069250,-1.741667,0,REN,0.0,0.0,180.0,16.2,1,7000,0,0,0,0,0,0
FD,REN,48.069250,-1.741667,0,REN,0.0,6.6,121.0,6.6,1,5000,0,0,0,0,0,0
CF,D121M,47.955667,-1.461106,0,REN,121.0,13.2,121.0,6.6,1,4000,0,1,220,0,0,0
CI,0, ,0.0,121.0,0,0,0,0,0,0,0,0
AF,D107O,47.995650,-1.385697,1,REN,107.0,15.0,121.0,1,4000,0,0,0,0,0,1
AF,D104E,48.022261,-1.375594,1,REN,100.7,15.0,107.0,0,0,0,0,0,0,0,0
CF,GOMDA,48.042000,-1.496583,0,RS,100.6,10.3,284.0,5.0,1,2000,0,0,0,0,1,0

APPTR,I28,28,REN
IF,REN,48.069250,-1.741667, ,0.0,0.0,1,7000,0,0,0,0,1,0
FD,REN,48.069250,-1.741667,0,REN,0.0,6.6,121.0,6.6,1,5000,0,0,0,0,0,0
CF,D121M,47.955667,-1.461106,0,REN,121.0,13.2,121.0,6.6,1,4000,0,1,220,0,0,0
CI,0, ,0.0,121.0,0,0,0,0,0,0,0,0
AF,D107O,47.995650,-1.385697,1,REN,107.0,15.0,121.0,1,4000,0,0,0,0,0,1
AF,D104E,48.022261,-1.375594,1,REN,100.7,15.0,107.0,0,0,0,0,0,0,0,0
CF,GOMDA,48.042000,-1.496583,0,RS,100.6,10.3,284.0,5.0,1,2000,0,0,0,0,1,0

APPTR,I28,28,SAMPO
IF,SAMPO,48.220000,-1.282222, ,0.0,0.0,1,7000,0,0,0,0,1,0
FD,SAMPO,48.220000,-1.282222,0,REN,63.7,17.6,244.0,17.6,0,0,0,0,0,0,0,0
CI,0, ,0.0,244.0,0,0,0,0,0,0,0,0
AF,D089O,48.073006,-1.368931,2,REN,89.0,15.0,64.0,0,0,0,0,0,0,0,1
AF,D104E,48.022261,-1.375594,2,REN,100.7,15.0,89.0,0,0,0,0,0,0,0,0
CF,GOMDA,48.042000,-1.496583,0,RS,100.6,10.3,284.0,5.0,1,2000,0,0,0,0,1,0

APPTR,I28,28,VAKSI
IF,VAKSI,47.999167,-1.234722, ,0.0,0.0,1,5000,0,0,0,0,1,0
FC,VAKSI,47.999167,-1.234722,0,REN,0.0,0.0,284.0,6.9,0,0,0,0,0,0,0,0
CF,GOMDA,48.042000,-1.496583,0,RS,100.6,10.3,284.0,4.0,1,2000,0,0,0,0,1,0

FINAL,I28,28,I,3
IF,GOMDA,48.042000,-1.496583,RS,100.6,10.3,1,2000,0,0,0,0,0,0
CF,FI28,48.052361,-1.578389,0,RS,100.7,7.0,281.0,3.4,1,2000,0,0,0,0,2,0
CF,RW28,48.070183,-1.718369,0,RS,100.7,1.2,281.0,5.7,1,172,0,0,0,0,3,0
FA,RW28,48.070183,-1.718369,0,REN,0.0,0.0,281.0,2,1000,0,0,0,0,0,0
DF,REN,48.069250,-1.741667,1, ,0.0,0.0,1,2000,0,1,220,0,0,0
HM,REN,48.069250,-1.741667,2, ,0.0,0.0,101.0,04.3,1,4000,0,1,220,0,0,0,0

APPTR,R10,10,ENOKI
IF,ENOKI,47.796944,-1.419444, ,0.0,0.0,0,0,0,0,0,0,1,0
TF,RN500,48.003222,-1.928417,0, ,0.0,0.0,0.0,0.0,2,4000,0,0,0,0,0,0
TF,RN502,48.015444,-2.026028,0, ,0.0,0.0,0.0,0.0,2,4000,0,0,0,0,0,0
TF,IRN10,48.105500,-2.001056,0, ,0.0,0.0,0.0,0.0,2,2000,0,0,0,0,1,0

APPTR,R10,10,RN502
IF,RN502,48.015444,-2.026028, ,0.0,0.0,2,4000,0,0,0,0,1,0
TF,IRN10,48.105500,-2.001056,0, ,0.0,0.0,0.0,0.0,2,2000,0,0,0,0,1,0

APPTR,R10,10,RN503
IF,RN503,48.114556,-2.074417, ,0.0,0.0,0,0,0,0,0,0,1,0
TF,IRN10,48.105500,-2.001056,0, ,0.0,0.0,0.0,0.0,2,2000,0,0,0,0,1,0

APPTR,R10,10,RN504
IF,RN504,48.195583,-1.976167, ,0.0,0.0,0,0,0,0,0,0,1,0
TF,IRN10,48.105500,-2.001056,0, ,0.0,0.0,0.0,0.0,2,2000,0,0,0,0,1,0

FINAL,R10,10,R,3
IF,IRN10,48.105500,-2.001056, ,0.0,0.0,2,2000,0,0,0,0,0,0
TF,FRN10,48.091556,-1.888694,0, ,0.0,0.0,101.0,4.6,1,2000,0,0,0,0,2,0
TF,RW10,48.073564,-1.745158,0, ,0.0,0.0,101.0,5.9,1,131,0,0,0,0,3,1
TF,RN510,48.064306,-1.671889,0, ,0.0,0.0,0.0,0.0,0,0,0,0,0,0,0,1
DF,RN500,48.003222,-1.928417,2, ,0.0,0.0,0,0,0,1,200,0,0,0
TF,RN502,48.015444,-2.026028,0, ,0.0,0.0,0.0,0.0,2,4000,0,0,0,0,0,0

APPTR,R28,28,ENOKI
IF,ENOKI,47.796944,-1.419444, ,0.0,0.0,0,0,0,0,0,0,1,0
TF,RN402,47.967389,-1.458972,0, ,0.0,0.0,0.0,0.0,2,4000,0,0,0,0,0,0
TF,IRN28,48.039556,-1.477972,0, ,0.0,0.0,0.0,0.0,2,2000,0,0,0,0,1,0

APPTR,R28,28,RN402
IF,RN402,47.967389,-1.458972, ,0.0,0.0,2,4000,0,0,0,0,1,0
TF,IRN28,48.039556,-1.477972,0, ,0.0,0.0,0.0,0.0,2,2000,0,0,0,0,1,0

APPTR,R28,28,RN404
IF,RN404,48.125333,-1.401417, ,0.0,0.0,0,0,0,0,0,0,1,0
TF,IRN28,48.039556,-1.477972,0, ,0.0,0.0,0.0,0.0,2,2000,0,0,0,0,1,0

FINAL,R28,28,R,3
IF,IRN28,48.039556,-1.477972, ,0.0,0.0,2,2000,0,0,0,0,1,0
TF,FRN28,48.052361,-1.578000,0, ,0.0,0.0,281.0,4.1,1,2000,0,0,0,0,2,0
TF,RW28,48.070183,-1.718369,0, ,0.0,0.0,281.0,5.8,1,172,0,0,0,0,3,1
TF,RN410,48.079444,-1.791639,0, ,0.0,0.0,0.0,0.0,0,0,0,0,0,0,0,1
DF,RN412,47.955778,-1.556667,1, ,0.0,0.0,0,0,0,1,190,0,0,0
TF,RN402,47.967389,-1.458972,0, ,0.0,0.0,0.0,0.0,2,4000,0,0,0,0,0,0

