SID,DEGE1E,09,5
CA,0,94.0,2,1000,0,0,0,0,0,0
DF,RQ001,47.882778,-3.988528,0, ,0.0,0.0,0,0,0,0,0,0,0,0
TF,RQ003,47.824583,-3.338944,0, ,0.0,0.0,0.0,0.0,0,0,0,0,0,0,0,0
TF,DEGEX,47.743889,-3.156667,0, ,0.0,0.0,0.0,0.0,0,0,0,0,0,0,0,0

SID,DEGE1W,27,5
CA,0,274.0,2,1000,0,0,0,0,0,0
DF,RQ001,47.882778,-3.988528,1, ,0.0,0.0,0,0,0,0,0,0,0,0
TF,RQ003,47.824583,-3.338944,0, ,0.0,0.0,0.0,0.0,0,0,0,0,0,0,0,0
TF,DEGEX,47.743889,-3.156667,0, ,0.0,0.0,0.0,0.0,0,0,0,0,0,0,0,0

SID,ERCO1E,09,5
CF,RQ004,47.967833,-3.998167,0,QPR,86.1,7.6,94.0,7.0,0,0,0,0,0,0,0,1
TF,ERCOZ,48.332639,-3.602472,0, ,0.0,0.0,0.0,0.0,0,0,0,0,0,0,0,0

SID,ERCO1W,27,5
CA,0,274.0,2,1000,0,0,0,0,0,0
DF,ERCOZ,48.332639,-3.602472,2, ,0.0,0.0,0,0,0,0,0,0,0,0

SID,IDRI1E,09,5
CA,0,94.0,2,1000,0,0,0,0,0,0
DF,RQ001,47.882778,-3.988528,0, ,0.0,0.0,0,0,0,0,0,0,0,0
TF,IDRIK,47.599722,-3.641389,0, ,0.0,0.0,0.0,0.0,0,0,0,0,0,0,0,0

SID,IDRI1W,27,5
CA,0,274.0,2,1000,0,0,0,0,0,0
DF,RQ002,47.815472,-4.073111,1, ,0.0,0.0,0,0,0,0,0,0,0,0
TF,LEGMO,47.732778,-4.008333,0, ,0.0,0.0,0.0,0.0,0,0,0,0,0,0,0,0
TF,IDRIK,47.599722,-3.641389,0, ,0.0,0.0,0.0,0.0,0,0,0,0,0,0,0,0

SID,KORE1E,09,5
CF,RQ004,47.967833,-3.998167,0,QPR,86.1,7.6,94.0,7.0,0,0,0,0,0,0,0,1
TF,RQ003,47.824583,-3.338944,0, ,0.0,0.0,0.0,0.0,0,0,0,0,0,0,0,0
TF,DEGEX,47.743889,-3.156667,0, ,0.0,0.0,0.0,0.0,0,0,0,0,0,0,0,0
TF,KORER,47.685000,-2.500833,0, ,0.0,0.0,0.0,0.0,0,0,0,0,0,0,0,0

SID,KORE1W,27,5
CA,0,274.0,2,1000,0,0,0,0,0,0
DF,RQ001,47.882778,-3.988528,1, ,0.0,0.0,0,0,0,0,0,0,0,0
TF,RQ003,47.824583,-3.338944,0, ,0.0,0.0,0.0,0.0,0,0,0,0,0,0,0,0
TF,DEGEX,47.743889,-3.156667,0, ,0.0,0.0,0.0,0.0,0,0,0,0,0,0,0,0
TF,KORER,47.685000,-2.500833,0, ,0.0,0.0,0.0,0.0,0,0,0,0,0,0,0,0

APPTR,R09,09,RQ401
IF,RQ401,48.058917,-4.164028, ,0.0,0.0,0,0,0,0,0,0,1,0
TF,RQ403,48.070056,-4.461750,0, ,0.0,0.0,0.0,0.0,0,0,0,0,0,0,0,0
TF,IRQ09,47.986917,-4.468889,0, ,0.0,0.0,0.0,0.0,2,3000,0,1,160,0,1,0

APPTR,R09,09,RQ403
IF,RQ403,48.070056,-4.461750, ,0.0,0.0,0,0,0,0,0,0,1,0
TF,IRQ09,47.986917,-4.468889,0, ,0.0,0.0,0.0,0.0,2,3000,0,1,160,0,1,0

APPTR,R09,09,RQ404
IF,RQ404,48.044444,-3.804944, ,0.0,0.0,0,0,0,0,0,0,1,0
TF,RQ401,48.058917,-4.164028,0, ,0.0,0.0,0.0,0.0,0,0,0,0,0,0,0,0
TF,RQ403,48.070056,-4.461750,0, ,0.0,0.0,0.0,0.0,0,0,0,0,0,0,0,0
TF,IRQ09,47.986917,-4.468889,0, ,0.0,0.0,0.0,0.0,2,3000,0,1,160,0,1,0

FINAL,R09,09,R,3
IF,IRQ09,47.986917,-4.468889, ,0.0,0.0,2,3000,0,1,160,0,0,0
TF,FRQ09,47.983889,-4.390583,0, ,0.0,0.0,94.0,3.2,1,3000,0,0,0,0,2,0
TF,RW09,47.975606,-4.183936,0, ,0.0,0.0,94.0,8.3,1,342,0,0,0,0,3,1
TF,RQ411,47.967333,-3.985889,0, ,0.0,0.0,0.0,0.0,0,0,0,0,0,0,0,1
DF,RQ404,48.044444,-3.804944,1, ,0.0,0.0,3,3000,0,0,0,0,0,0

APPTR,R27,27,ROSPO
IF,ROSPO,47.961528,-3.750806, ,0.0,0.0,0,0,0,0,0,0,1,0
TF,IRQ27,47.961417,-3.849611,0, ,0.0,0.0,0.0,0.0,2,3000,0,0,0,0,1,0

APPTR,R27,27,RQ402
IF,RQ402,47.878528,-3.804528, ,0.0,0.0,0,0,0,0,0,0,1,0
TF,IRQ27,47.961417,-3.849611,0, ,0.0,0.0,0.0,0.0,2,3000,0,0,0,0,1,0

APPTR,R27,27,RQ404
IF,RQ404,48.044444,-3.804944, ,0.0,0.0,0,0,0,0,0,0,1,0
TF,IRQ27,47.961417,-3.849611,0, ,0.0,0.0,0.0,0.0,2,3000,0,0,0,0,1,0

FINAL,R27,27,R,3
IF,IRQ27,47.961417,-3.849611, ,0.0,0.0,2,3000,0,0,0,0,0,0
TF,FRQ27,47.965722,-3.948583,0, ,0.0,0.0,275.0,4.0,1,3000,0,0,0,0,2,0
TF,RW27,47.974483,-4.156600,0, ,0.0,0.0,275.0,8.4,1,325,0,0,0,0,3,1
TF,RQ410,47.977528,-4.230889,0, ,0.0,0.0,0.0,0.0,0,0,0,1,210,0,0,1
DF,RQ404,48.044444,-3.804944,2, ,0.0,0.0,1,3000,0,0,0,0,0,0

