SID,ALX1B,07,2
VA,0,68.0,2,500,0,0,0,0,0,0
CI,2, ,0.0,247.0,0,0,0,1,210,0,0,0
FA,ALX,40.853936,25.956733,0,ALX,0.0,0.0,204.0,2,3000,0,0,0,0,0,0
DF,ALX,40.853936,25.956733,2, ,0.0,0.0,2,7500,0,0,0,0,0,0

SID,ALX1C,25,2
VA,0,248.0,2,500,0,0,0,0,0,0
VI,0, ,0.0,200.0,0,0,0,1,210,0,0,0
FA,ALX,40.853936,25.956733,0,ALX,0.0,0.0,230.0,2,3000,0,0,0,0,0,0
DF,ALX,40.853936,25.956733,1, ,0.0,0.0,2,7500,0,0,0,0,0,0

SID,IDIL1B,07,2
VA,0,68.0,2,500,0,0,0,0,0,0
CI,2, ,0.0,264.0,0,0,0,1,210,0,0,0
CF,D254T,40.800981,25.523194,0,ALX,255.0,20.0,254.0,7.0,0,0,0,0,0,0,0,0
TF,IDILO,40.790556,25.439444,0, ,0.0,0.0,0.0,0.0,0,0,0,0,0,0,0,0

SID,IDIL1C,25,2
VA,0,248.0,2,500,0,0,0,0,0,0
VI,0, ,0.0,200.0,0,0,0,1,210,0,0,0
FA,ALX,40.853936,25.956733,0,ALX,0.0,0.0,230.0,2,3000,0,0,0,0,0,0
VI,0, ,0.0,284.0,0,0,0,0,0,0,0,0
CF,D254T,40.800981,25.523194,0,ALX,255.0,20.0,254.0,9.0,0,0,0,0,0,0,0,0
TF,IDILO,40.790556,25.439444,0, ,0.0,0.0,0.0,0.0,0,0,0,0,0,0,0,0

SID,LMO1B,07,2
VA,0,68.0,2,500,0,0,0,0,0,0
CI,2, ,0.0,247.0,0,0,0,1,210,0,0,0
CF,D204T,40.566986,25.733258,0,ALX,204.7,20.0,204.0,15.0,0,0,0,0,0,0,0,0
TF,LMO,39.919539,25.237189,0, ,0.0,0.0,0.0,0.0,0,0,0,0,0,0,0,0

SID,LMO1C,25,2
VA,0,248.0,2,500,0,0,0,0,0,0
VI,0, ,0.0,200.0,0,0,0,1,210,0,0,0
FA,ALX,40.853936,25.956733,0,ALX,0.0,0.0,230.0,2,3000,0,0,0,0,0,0
VI,0, ,0.0,174.0,0,0,0,0,0,0,0,0
CF,D204T,40.566986,25.733258,0,ALX,204.7,20.0,204.0,9.0,0,0,0,0,0,0,0,0
TF,LMO,39.919539,25.237189,0, ,0.0,0.0,0.0,0.0,0,0,0,0,0,0,0,0

STAR,GOLD1A,07,2
IF,GOLDO,40.882222,26.249444, ,0.0,0.0,0,0,0,0,0,0,0,0
TF,ALX,40.853936,25.956733,0, ,0.0,0.0,0.0,0.0,0,0,0,0,0,0,0,0
TF,FD07,40.814931,25.765903,0, ,0.0,0.0,0.0,0.0,2,3500,0,0,0,0,0,0

STAR,IDIL1A,07,2
IF,IDILO,40.790556,25.439444, ,0.0,0.0,0,0,0,0,0,0,0,0
TF,D254T,40.800981,25.523194,0, ,0.0,0.0,0.0,0.0,0,0,0,0,0,0,0,0
VI,0, ,0.0,107.0,0,0,0,0,0,0,0,0
CF,CD07,40.793122,25.659983,0,ALX,249.0,14.0,69.0,4.0,2,3500,0,0,0,0,0,0

STAR,LMO1A,07,2
IF,LMO,39.919539,25.237189, ,0.0,0.0,0,0,0,0,0,0,0,0
TF,D204T,40.566986,25.733258,0, ,0.0,0.0,0.0,0.0,0,0,0,0,0,0,0,0
TF,D204P,40.624411,25.777800,0, ,0.0,0.0,0.0,0.0,0,0,0,0,0,0,0,0
VI,0, ,0.0,24.0,0,0,0,0,0,0,0,0
AF,CD07,40.793122,25.659983,2,ALX,249.0,14.0,204.0,2,3500,0,0,0,0,0,0

APPTR,D07,07,FD07
HF,FD07,40.814931,25.765903,1, ,0.0,0.0,69.0,05,2,3500,0,0,0,0,0,0,0

FINAL,D07,07,D,3
IF,CD07,40.793122,25.659983,ALX,249.0,14.0,2,3500,0,0,0,0,0,0
CF,FD07,40.814931,25.765903,0,ALX,249.0,9.0,69.0,5.0,2,3000,0,0,0,0,2,0
CF,RW07,40.852344,25.941475,0,ALX,256.2,0.7,69.0,8.3,1,60,0,0,0,0,3,0
CF,ALX,40.853936,25.956733,0,ALX,0.0,0.0,69.0,0.7,0,0,0,0,0,0,0,1
FA,ALX,40.853936,25.956733,0,ALX,0.0,0.0,69.0,2,1000,0,0,0,0,0,0
CI,2, ,0.0,272.0,0,0,0,0,0,0,0,0
CF,FD07,40.814931,25.765903,0,ALX,249.0,9.0,249.0,2.0,1,3500,0,0,0,0,0,0
HM,FD07,40.814931,25.765903,1, ,0.0,0.0,69.0,04.3,2,3500,0,0,0,0,0,0,0

APPTR,N07,07,ALP1
IF,ALP,40.855833,25.940869, ,0.0,0.0,2,4000,0,0,0,0,0,0
FC,ALP,40.855833,25.940869,0,ALX,0.0,0.0,217.0,10.5,0,0,0,0,0,0,0,1
CF,FN07,40.801158,25.825850,2,ALX,236.1,6.8,52.0,4.0,2,2000,0,0,0,0,0,0

APPTR,N07,07,ALP2
IF,ALP,40.855833,25.940869, ,0.0,0.0,2,4000,0,0,0,0,0,0
FC,ALP,40.855833,25.940869,0,ALX,0.0,0.0,220.0,9.0,0,0,0,0,0,0,0,1
CF,FN07,40.801158,25.825850,2,ALX,236.1,6.8,52.0,3.0,2,2000,0,0,0,0,0,0

FINAL,N07,07,N,3
IF,FN07,40.801158,25.825850,ALP,0.0,0.0,2,2000,0,0,0,0,2,0
CF,EN07,40.855058,25.939239,0,ALP,0.0,0.0,52.0,6.1,1,60,0,0,0,0,0,1
CF,ALP,40.855833,25.940869,0,ALP,0.0,0.0,52.0,0.1,2,430,0,0,0,0,3,1
CA,2,232.0,2,2500,0,0,0,0,0,0
DF,ALP,40.855833,25.940869,2, ,0.0,0.0,2,4000,0,0,0,0,0,0
HM,ALP,40.855833,25.940869,2, ,0.0,0.0,207.0,04.3,2,4000,0,0,0,0,0,0,0

