SID,DIMI1A,32,2
CA,0,317.0,2,2500,0,0,0,0,0,0
CF,D305J,39.808294,20.656914,0,YNN,305.5,10.0,305.0,9.0,2,4800,0,0,0,0,0,1
DF,YNN,39.700033,20.821317,1, ,0.0,0.0,2,9000,0,1,210,0,0,1
CI,1, ,0.0,285.0,0,0,0,1,230,0,0,0
CF,D330S,39.987042,20.646953,0,YNN,330.0,19.0,330.0,15.0,2,12000,0,0,0,0,0,0
TF,DIMIS,40.072500,20.594722,0, ,0.0,0.0,0.0,0.0,0,0,0,0,0,0,0,0

SID,DIMI1B,14,2
CA,0,137.0,2,2300,0,0,0,0,0,0
CF,D132E,39.639011,20.894886,0,YNN,132.0,5.0,132.0,4.0,2,3000,0,0,0,0,0,0
TF,D132M,39.541281,21.012328,0, ,0.0,0.0,0.0,0.0,2,5700,0,1,210,0,0,1
DF,YNN,39.700033,20.821317,2, ,0.0,0.0,2,9000,0,1,230,0,0,0
TF,D330S,39.987042,20.646953,0, ,0.0,0.0,0.0,0.0,2,12000,0,0,0,0,0,0
TF,DIMIS,40.072500,20.594722,0, ,0.0,0.0,0.0,0.0,0,0,0,0,0,0,0,0

SID,IBTI1A,32,2
CA,0,317.0,2,2500,0,0,0,0,0,0
CF,D305J,39.808294,20.656914,0,YNN,305.5,10.0,305.0,9.0,2,4800,0,0,0,0,0,1
DF,YNN,39.700033,20.821317,1, ,0.0,0.0,2,9000,0,1,210,0,0,1
CI,2, ,0.0,211.0,0,0,0,1,230,0,0,0
CF,IBTIN,39.320278,20.899722,0,YNN,165.9,23.1,166.0,20.0,2,10000,0,0,0,0,0,0

SID,IBTI1B,14,2
CA,0,137.0,2,2300,0,0,0,0,0,0
CF,D132E,39.639011,20.894886,0,YNN,132.0,5.0,132.0,4.0,2,3000,0,0,0,0,0,1
CI,0, ,0.0,198.0,0,0,0,1,210,0,0,0
CF,D153N,39.483450,20.934211,0,YNN,153.0,14.0,153.0,7.0,2,6500,0,0,0,0,0,1
CI,0, ,0.0,211.0,0,0,0,1,210,0,0,0
CF,IBTIN,39.320278,20.899722,0,YNN,165.9,23.1,166.0,6.0,2,10000,0,0,0,0,0,0

SID,KAS1A,32,2
CA,0,317.0,2,2500,0,0,0,0,0,0
CF,D305J,39.808294,20.656914,0,YNN,305.5,10.0,305.0,9.0,2,4800,0,0,0,0,0,1
DF,YNN,39.700033,20.821317,1, ,0.0,0.0,2,9000,0,1,210,0,0,1
CI,1, ,0.0,335.0,0,0,0,1,230,0,0,0
CF,D020I,39.836319,20.902886,0,YNN,19.8,9.0,20.0,6.0,2,12000,0,0,0,0,0,0
TF,KAS,40.451022,21.275319,0, ,0.0,0.0,0.0,0.0,0,0,0,0,0,0,0,0

SID,KAS1B,14,2
CA,0,137.0,2,2300,0,0,0,0,0,0
CF,D132E,39.639011,20.894886,0,YNN,132.0,5.0,132.0,4.0,2,3000,0,0,0,0,0,0
TF,D132M,39.541281,21.012328,0, ,0.0,0.0,0.0,0.0,2,5700,0,0,0,0,0,1
DF,YNN,39.700033,20.821317,2, ,0.0,0.0,2,9000,0,1,210,0,0,1
TF,D020I,39.836319,20.902886,0, ,0.0,0.0,0.0,0.0,2,12000,0,1,230,0,0,0
TF,KAS,40.451022,21.275319,0, ,0.0,0.0,0.0,0.0,0,0,0,0,0,0,0,0

SID,LUSE1A,32,2
CA,0,317.0,2,2500,0,0,0,0,0,0
CF,D305J,39.808294,20.656914,0,YNN,305.5,10.0,305.0,9.0,2,4800,0,0,0,0,0,1
DF,YNN,39.700033,20.821317,1, ,0.0,0.0,2,9000,0,1,210,0,0,0
TF,D102J,39.651328,21.027769,0, ,0.0,0.0,0.0,0.0,2,10000,0,0,0,0,0,0
TF,D102N,39.631742,21.110272,0, ,0.0,0.0,0.0,0.0,2,11000,0,0,0,0,0,0
TF,LUSES,39.314722,22.406944,0, ,0.0,0.0,0.0,0.0,0,0,0,0,0,0,0,0

SID,LUSE1B,14,2
CA,0,137.0,2,2300,0,0,0,0,0,0
CF,D132E,39.639011,20.894886,0,YNN,132.0,5.0,132.0,4.0,2,3000,0,0,0,0,0,0
TF,D132M,39.541281,21.012328,0, ,0.0,0.0,0.0,0.0,2,5700,0,0,0,0,0,1
DF,YNN,39.700033,20.821317,2, ,0.0,0.0,2,9000,0,1,210,0,0,1
CI,2, ,0.0,147.0,0,0,0,1,230,0,0,0
CF,D102J,39.651328,21.027769,0,YNN,101.9,10.0,102.0,6.0,2,10000,0,0,0,0,0,0
TF,D102N,39.631742,21.110272,0, ,0.0,0.0,0.0,0.0,2,11000,0,0,0,0,0,0
TF,LUSES,39.314722,22.406944,0, ,0.0,0.0,0.0,0.0,0,0,0,0,0,0,0,0

SID,NIDR1A,32,2
CA,0,317.0,2,2500,0,0,0,0,0,0
CF,D305J,39.808294,20.656914,0,YNN,305.5,10.0,305.0,9.0,2,4800,0,0,0,0,0,1
DF,YNN,39.700033,20.821317,1, ,0.0,0.0,2,9000,0,1,210,0,0,1
CI,2, ,0.0,243.0,0,0,0,1,230,0,0,0
CF,D198U,39.377139,20.645881,0,YNN,197.9,21.0,198.0,17.0,2,10000,0,0,0,0,0,0
TF,NIDRI,39.055833,20.473056,0, ,0.0,0.0,0.0,0.0,0,0,0,0,0,0,0,0

SID,NIDR1B,14,2
CA,0,137.0,2,2300,0,0,0,0,0,0
CF,D132E,39.639011,20.894886,0,YNN,132.0,5.0,132.0,4.0,2,3000,0,0,0,0,0,0
TF,D132M,39.541281,21.012328,0, ,0.0,0.0,0.0,0.0,2,5700,0,0,0,0,0,1
DF,YNN,39.700033,20.821317,2, ,0.0,0.0,2,9000,0,1,210,0,0,1
CI,1, ,0.0,153.0,0,0,0,1,230,0,0,0
CF,D198U,39.377139,20.645881,0,YNN,197.9,21.0,198.0,17.0,2,10000,0,0,0,0,0,0
TF,NIDRI,39.055833,20.473056,0, ,0.0,0.0,0.0,0.0,0,0,0,0,0,0,0,0

SID,PARA1H,14,2
CA,0,137.0,2,2300,0,0,0,0,0,0
CF,D132E,39.639011,20.894886,0,YNN,132.0,5.0,132.0,4.0,2,3000,0,0,0,0,0,0
TF,D132M,39.541281,21.012328,0, ,0.0,0.0,0.0,0.0,2,5700,0,0,0,0,0,1
DF,YNN,39.700033,20.821317,2, ,0.0,0.0,2,9000,0,1,210,0,0,1
CI,1, ,0.0,196.0,0,0,0,1,230,0,0,0
CF,PARAX,39.560000,20.409722,0,KRK,60.9,17.1,241.0,17.0,0,0,0,0,0,0,0,0

SID,PARA1K,32,2
CA,0,317.0,2,2500,0,0,0,0,0,0
CF,D305J,39.808294,20.656914,0,YNN,305.5,10.0,305.0,9.0,2,4800,0,0,0,0,0,1
DF,YNN,39.700033,20.821317,1, ,0.0,0.0,2,9000,0,1,210,0,0,1
CI,2, ,0.0,286.0,0,0,0,1,230,0,0,0
CF,PARAX,39.560000,20.409722,0,YNN,241.4,20.9,241.0,15.0,0,0,0,0,0,0,0,0

SID,PIKO1A,32,2
CA,0,317.0,2,2500,0,0,0,0,0,0
CF,D305J,39.808294,20.656914,0,YNN,305.5,10.0,305.0,9.0,2,4800,0,0,0,0,0,1
DF,YNN,39.700033,20.821317,1, ,0.0,0.0,2,9000,0,1,210,0,0,0
TF,D060I,39.763828,20.997319,0, ,0.0,0.0,0.0,0.0,2,12000,0,1,230,0,0,0
TF,PIKOS,39.961667,21.550000,0, ,0.0,0.0,0.0,0.0,0,0,0,0,0,0,0,0

SID,PIKO1B,14,2
CA,0,137.0,2,2300,0,0,0,0,0,0
CF,D132E,39.639011,20.894886,0,YNN,132.0,5.0,132.0,4.0,2,3000,0,0,0,0,0,0
TF,D132M,39.541281,21.012328,0, ,0.0,0.0,0.0,0.0,2,5700,0,0,0,0,0,1
DF,YNN,39.700033,20.821317,2, ,0.0,0.0,2,9000,0,1,210,0,0,1
CI,2, ,0.0,105.0,0,0,0,1,230,0,0,0
CF,D060I,39.763828,20.997319,0,YNN,59.8,9.0,60.0,5.0,2,12000,0,0,0,0,0,0
TF,PIKOS,39.961667,21.550000,0, ,0.0,0.0,0.0,0.0,0,0,0,0,0,0,0,0

SID,ROTS1A,32,2
CA,0,317.0,2,2500,0,0,0,0,0,0
CF,D305J,39.808294,20.656914,0,YNN,305.5,10.0,305.0,9.0,2,4800,0,0,0,0,0,1
DF,YNN,39.700033,20.821317,1, ,0.0,0.0,2,9000,0,1,210,0,0,1
CI,2, ,0.0,229.0,0,0,0,1,230,0,0,0
CF,D184W,39.321075,20.743967,0,YNN,184.0,23.0,184.0,19.0,2,10000,0,0,0,0,0,0
TF,ROTSA,38.874444,20.653889,0, ,0.0,0.0,0.0,0.0,0,0,0,0,0,0,0,0

SID,ROTS1B,14,2
CA,0,137.0,2,2300,0,0,0,0,0,0
CF,D132E,39.639011,20.894886,0,YNN,132.0,5.0,132.0,4.0,2,3000,0,0,0,0,0,0
TF,D132M,39.541281,21.012328,0, ,0.0,0.0,0.0,0.0,2,5700,0,0,0,0,0,1
DF,YNN,39.700033,20.821317,2, ,0.0,0.0,2,9000,0,1,210,0,0,1
CI,1, ,0.0,139.0,0,0,0,1,230,0,0,0
CF,D184W,39.321075,20.743967,0,YNN,184.0,23.0,184.0,19.0,2,10000,0,0,0,0,0,0
TF,ROTSA,38.874444,20.653889,0, ,0.0,0.0,0.0,0.0,0,0,0,0,0,0,0,0

SID,TUMB1A,32,2
CA,0,317.0,2,2500,0,0,0,0,0,0
CF,D305J,39.808294,20.656914,0,YNN,305.5,10.0,305.0,9.0,2,4800,0,0,0,0,0,1
DF,YNN,39.700033,20.821317,1, ,0.0,0.0,2,9000,0,1,210,0,0,1
CI,1, ,0.0,274.0,0,0,0,1,230,0,0,0
CF,D319R,39.942506,20.591689,0,YNN,318.9,18.0,319.0,14.0,2,12000,0,0,0,0,0,0
TF,TUMBO,40.067222,20.472778,0, ,0.0,0.0,0.0,0.0,0,0,0,0,0,0,0,0

SID,TUMB1B,14,2
CA,0,137.0,2,2300,0,0,0,0,0,0
CF,D132E,39.639011,20.894886,0,YNN,132.0,5.0,132.0,4.0,2,3000,0,0,0,0,0,0
TF,D132M,39.541281,21.012328,0, ,0.0,0.0,0.0,0.0,2,5700,0,1,210,0,0,1
DF,YNN,39.700033,20.821317,2, ,0.0,0.0,2,9000,0,1,230,0,0,0
TF,D319R,39.942506,20.591689,0, ,0.0,0.0,0.0,0.0,2,12000,0,0,0,0,0,0
TF,TUMBO,40.067222,20.472778,0, ,0.0,0.0,0.0,0.0,0,0,0,0,0,0,0,0

SID,VJOS1A,32,2
CA,0,317.0,2,2500,0,0,0,0,0,0
CF,D305J,39.808294,20.656914,0,YNN,305.5,10.0,305.0,9.0,2,4800,0,0,0,0,0,1
DF,YNN,39.700033,20.821317,1, ,0.0,0.0,2,9000,0,1,210,0,0,1
CI,1, ,0.0,260.0,0,0,0,1,230,0,0,0
CF,D305R,39.894736,20.525019,0,YNN,305.5,18.0,305.0,14.0,2,12000,0,0,0,0,0,0
TF,VJOSA,39.981944,20.391389,0, ,0.0,0.0,0.0,0.0,0,0,0,0,0,0,0,0

SID,VJOS1B,14,2
CA,0,137.0,2,2300,0,0,0,0,0,0
CF,D132E,39.639011,20.894886,0,YNN,132.0,5.0,132.0,4.0,2,3000,0,0,0,0,0,0
TF,D132M,39.541281,21.012328,0, ,0.0,0.0,0.0,0.0,2,5700,0,1,210,0,0,1
DF,YNN,39.700033,20.821317,2, ,0.0,0.0,2,9000,0,1,230,0,0,0
TF,D305R,39.894736,20.525019,0, ,0.0,0.0,0.0,0.0,2,12000,0,0,0,0,0,0
TF,VJOSA,39.981944,20.391389,0, ,0.0,0.0,0.0,0.0,0,0,0,0,0,0,0,0

STAR,IBTI1C,32,2
IF,IBTIN,39.320278,20.899722, ,0.0,0.0,0,0,0,0,0,0,0,0
TF,AMIVI,39.435903,20.875267,0, ,0.0,0.0,0.0,0.0,0,0,0,0,0,0,0,0

STAR,IBTI1D,32,2
IF,IBTIN,39.320278,20.899722, ,0.0,0.0,0,0,0,0,0,0,0,0
TF,AMIVI,39.435903,20.875267,0, ,0.0,0.0,0.0,0.0,0,0,0,0,0,0,0,0
TF,YNN,39.700033,20.821317,0, ,0.0,0.0,0.0,0.0,0,0,0,0,0,0,0,0

STAR,IBTI1E,14,2
IF,IBTIN,39.320278,20.899722, ,0.0,0.0,0,0,0,0,0,0,0,0
TF,D166Q,39.420019,20.879211,0, ,0.0,0.0,0.0,0.0,0,0,0,0,0,0,0,0
CI,0, ,0.0,346.0,0,0,0,0,0,0,0,0
AF,D199O,39.471378,20.690003,2,YNN,199.0,15.0,166.0,0,0,0,0,0,0,0,0
AF,D251O,39.639075,20.507306,2,YNN,251.0,15.0,199.0,0,0,0,0,0,0,0,0
AF,TILGI,39.743314,20.501539,2,YNN,275.0,15.0,251.0,0,0,0,0,0,0,0,0

STAR,IBTI1F,14,2
IF,IBTIN,39.320278,20.899722, ,0.0,0.0,0,0,0,0,0,0,0,0
TF,YNN,39.700033,20.821317,0, ,0.0,0.0,0.0,0.0,0,0,0,0,0,0,0,0

STAR,PARA1C,32,2
IF,PARAX,39.560000,20.409722, ,0.0,0.0,0,0,0,0,0,0,0,0
TF,YNN,39.700033,20.821317,0, ,0.0,0.0,0.0,0.0,0,0,0,0,0,0,0,0

STAR,PARA1D,14,2
IF,PARAX,39.560000,20.409722, ,0.0,0.0,0,0,0,0,0,0,0,0
TF,YNN,39.700033,20.821317,0, ,0.0,0.0,0.0,0.0,0,0,0,0,0,0,0,0

STAR,PARA1E,14,2
IF,PARAX,39.560000,20.409722, ,0.0,0.0,0,0,0,0,0,0,0,0
TF,D241Q,39.585939,20.485519,0, ,0.0,0.0,0.0,0.0,0,0,0,0,0,0,0,0
CI,0, ,0.0,61.0,0,0,0,0,0,0,0,0
AF,D251O,39.639075,20.507306,2,YNN,251.0,15.0,241.0,0,0,0,0,0,0,0,0
AF,TILGI,39.743314,20.501539,2,YNN,275.0,15.0,251.0,0,0,0,0,0,0,0,0

STAR,ROTS1C,32,2
IF,ROTSA,38.874444,20.653889, ,0.0,0.0,0,0,0,0,0,0,0,0
TF,YN23A,39.320278,20.743056,0, ,0.0,0.0,0.0,0.0,0,0,0,0,0,0,0,0
CI,0, ,0.0,4.0,0,0,0,0,0,0,0,0
AF,D171U,39.350581,20.852789,1,YNN,171.0,21.0,184.0,0,0,0,0,0,0,0,0
CF,AMIVI,39.435903,20.875267,0,YNN,166.0,16.0,346.0,5.0,0,0,0,0,0,0,0,0

STAR,ROTS1D,32,2
IF,ROTSA,38.874444,20.653889, ,0.0,0.0,0,0,0,0,0,0,0,0
TF,YN23A,39.320278,20.743056,0, ,0.0,0.0,0.0,0.0,0,0,0,0,0,0,0,0
TF,YNN,39.700033,20.821317,0, ,0.0,0.0,0.0,0.0,0,0,0,0,0,0,0,0

STAR,ROTS1E,14,2
IF,ROTSA,38.874444,20.653889, ,0.0,0.0,0,0,0,0,0,0,0,0
TF,YN23A,39.320278,20.743056,0, ,0.0,0.0,0.0,0.0,0,0,0,0,0,0,0,0
TF,D184Q,39.419942,20.764064,0, ,0.0,0.0,0.0,0.0,0,0,0,0,0,0,0,0
CI,0, ,0.0,4.0,0,0,0,0,0,0,0,0
AF,D199O,39.471378,20.690003,2,YNN,199.0,15.0,184.0,0,0,0,0,0,0,0,0
AF,D251O,39.639075,20.507306,2,YNN,251.0,15.0,199.0,0,0,0,0,0,0,0,0
AF,TILGI,39.743314,20.501539,2,YNN,275.0,15.0,251.0,0,0,0,0,0,0,0,0

STAR,ROTS1F,14,2
IF,ROTSA,38.874444,20.653889, ,0.0,0.0,0,0,0,0,0,0,0,0
TF,YN23A,39.320278,20.743056,0, ,0.0,0.0,0.0,0.0,0,0,0,0,0,0,0,0
TF,YNN,39.700033,20.821317,0, ,0.0,0.0,0.0,0.0,0,0,0,0,0,0,0,0

APPTR,D14-A,14,TILGI
IF,TILGI,39.743314,20.501539, ,0.0,0.0,2,6500,0,0,0,0,1,0
AF,D297O,39.832294,20.546100,2,YNN,297.0,15.0,275.0,2,6500,0,0,0,0,0,1
CF,CF14,39.839497,20.605425,0,YNN,305.0,13.0,125.0,2.0,2,5800,0,0,0,0,0,0

APPTR,D14-A,14,YNN
IF,YNN,39.700033,20.821317, ,0.0,0.0,2,9000,0,0,0,0,1,0
CF,D275G,39.720211,20.672411,0,YNN,275.0,7.0,275.0,7.0,2,9000,0,0,0,0,0,0
CF,D275M,39.737358,20.544711,0,YNN,275.0,13.0,275.0,6.0,2,6500,0,0,0,0,0,0
CF,TILGI,39.743314,20.501539,0,YNN,275.0,15.0,275.0,2.0,0,0,0,0,0,0,0,0
AF,D297O,39.832294,20.546100,2,YNN,297.0,15.0,275.0,2,6500,0,0,0,0,0,1
CF,CF14,39.839497,20.605425,0,YNN,305.0,13.0,125.0,2.0,2,5800,0,0,0,0,0,0

FINAL,D14-A,14,D,4
IF,CF14,39.839497,20.605425,YNN,305.0,13.0,2,5800,0,0,0,0,0,0
CF,FF14,39.807378,20.655303,0,YNN,305.0,10.0,125.0,3.0,2,5300,0,0,0,0,2,0
CF,50VOR,39.753719,20.738381,0,YNN,305.0,5.0,125.0,5.0,2,3600,0,0,0,0,0,0
CF,MA14A,39.710769,20.804731,0,YNN,305.0,1.0,125.0,4.0,1,1819,0,0,0,0,3,0
CA,0,125.0,2,1960,0,0,0,0,0,0
CI,2, ,0.0,297.0,0,0,0,1,150,0,0,0
CF,D252M,39.650417,20.547561,0,YNN,251.9,13.0,252.0,10.0,0,0,0,0,0,0,0,1
DF,YNN,39.700033,20.821317,2, ,0.0,0.0,1,9000,0,1,150,0,0,0

APPTR,D14-B,14,TILGI
IF,TILGI,39.743314,20.501539, ,0.0,0.0,2,6500,0,0,0,0,1,0
AF,D297O,39.832294,20.546100,2,YNN,297.0,15.0,275.0,2,6500,0,0,0,0,0,1
CF,CF14,39.839497,20.605425,0,YNN,305.0,13.0,125.0,2.0,2,5800,0,0,0,0,0,0

APPTR,D14-B,14,YNN
IF,YNN,39.700033,20.821317, ,0.0,0.0,2,9000,0,0,0,0,1,0
CF,D275G,39.720211,20.672411,0,YNN,275.0,7.0,275.0,7.0,2,9000,0,0,0,0,0,0
CF,D275M,39.737358,20.544711,0,YNN,275.0,13.0,275.0,6.0,2,6500,0,0,0,0,0,0
CF,TILGI,39.743314,20.501539,0,YNN,275.0,15.0,275.0,2.0,0,0,0,0,0,0,0,0
AF,D297O,39.832294,20.546100,2,YNN,297.0,15.0,275.0,2,6500,0,0,0,0,0,1
CF,CF14,39.839497,20.605425,0,YNN,305.0,13.0,125.0,2.0,2,5800,0,0,0,0,0,0

FINAL,D14-B,14,D,4
IF,CF14,39.839497,20.605425,YNN,305.0,13.0,2,5800,0,0,0,0,0,0
CF,FF14,39.807378,20.655303,0,YNN,305.0,10.0,125.0,3.0,2,5300,0,0,0,0,2,0
CF,50VOR,39.753719,20.738381,0,YNN,305.0,5.0,125.0,5.0,2,3800,0,0,0,0,0,0
CF,MA14B,39.721517,20.788156,0,YNN,305.0,2.0,125.0,3.0,1,2331,0,0,0,0,3,0
CI,2, ,0.0,297.0,0,0,0,1,185,0,0,0
CF,D252M,39.650417,20.547561,0,YNN,251.9,13.0,252.0,10.0,0,0,0,0,0,0,0,1
DF,YNN,39.700033,20.821317,2, ,0.0,0.0,1,9000,0,1,185,0,0,0

APPTR,D32,32,AMIVI
IF,AMIVI,39.435903,20.875267, ,0.0,0.0,2,7600,0,0,0,0,1,0
CI,0, ,0.0,346.0,0,0,0,0,0,0,0,0
AF,D158N,39.476672,20.909419,1,YNN,158.0,14.0,166.0,2,7600,0,0,0,0,0,0
AF,D148N,39.491872,20.958153,1,YNN,148.0,14.0,158.0,2,6500,0,0,0,0,0,0
AF,D140N,39.508219,20.994600,1,YNN,140.0,14.0,148.0,2,5700,0,0,0,0,1,0
CF,CF32,39.535586,20.969825,0,YNN,140.0,12.0,320.0,2.0,2,5700,0,0,0,0,0,0

FINAL,D32,32,D,4
IF,CF32,39.535586,20.969825,YNN,140.0,12.0,2,5700,0,0,0,0,0,0
CF,FF32,39.576772,20.932806,0,YNN,140.0,9.0,320.0,3.0,2,4800,0,0,0,0,2,0
CF,60VOR,39.617850,20.895675,0,YNN,140.0,6.0,320.0,3.0,2,3640,0,0,0,0,0,0
CF,MA32,39.672597,20.846175,0,YNN,140.0,2.0,320.0,4.0,1,2109,0,0,0,0,3,0
CF,YNN,39.700033,20.821317,0,YNN,0.0,0.0,320.0,2.0,0,0,0,0,0,0,0,0
FD,YNN,39.700033,20.821317,0,YNN,0.0,13.0,305.0,13.0,0,0,0,0,0,0,0,0
DF,YNN,39.700033,20.821317,1, ,0.0,0.0,1,9000,0,1,185,0,0,0
HM,YNN,39.700033,20.821317,2, ,0.0,0.0,104.0,04.3,2,9000,0,0,0,0,0,0,0

APPTR,D32-C,32,YNN
IF,YNN,39.700033,20.821317, ,0.0,0.0,2,9000,0,0,0,0,1,0
FD,YNN,39.700033,20.821317,0,YNN,0.0,12.0,166.0,12.0,2,7900,0,0,0,0,0,0
CF,D166N,39.469367,20.868450,0,YNN,166.0,14.0,166.0,2.0,0,0,0,0,0,0,0,0
AF,D158N,39.476672,20.909419,1,YNN,158.0,14.0,166.0,2,7900,0,0,0,0,0,0
AF,D148N,39.491872,20.958153,1,YNN,148.0,14.0,158.0,2,6800,0,0,0,0,0,1
CF,CF32,39.535586,20.969825,0,YNN,140.0,12.0,320.0,2.0,2,5800,0,0,0,0,0,0

FINAL,D32-C,32,D,4
IF,CF32,39.535586,20.969825,YNN,140.0,12.0,2,5800,0,0,0,0,0,0
CF,FF32,39.576772,20.932806,0,YNN,140.0,9.0,320.0,3.0,2,4900,0,0,0,0,2,0
CF,60VOR,39.617850,20.895675,0,YNN,140.0,6.0,320.0,3.0,2,3700,0,0,0,0,0,0
CF,MA32,39.672597,20.846175,0,YNN,140.0,2.0,320.0,4.0,1,2115,0,0,0,0,3,0
CF,YNN,39.700033,20.821317,0,YNN,0.0,0.0,320.0,2.0,0,0,0,0,0,0,0,0
FD,YNN,39.700033,20.821317,0,YNN,0.0,13.0,305.0,13.0,0,0,0,0,0,0,0,0
DF,YNN,39.700033,20.821317,1, ,0.0,0.0,1,9000,0,1,185,0,0,0
HM,YNN,39.700033,20.821317,2, ,0.0,0.0,104.0,04.3,2,9000,0,0,0,0,0,0,0

APPTR,D32-D,32,AMIVI
IF,AMIVI,39.435903,20.875267, ,0.0,0.0,2,7600,0,0,0,0,1,0
CI,0, ,0.0,346.0,0,0,0,0,0,0,0,0
AF,D158N,39.476672,20.909419,1,YNN,158.0,14.0,166.0,2,7600,0,0,0,0,0,0
AF,D148N,39.491872,20.958153,1,YNN,148.0,14.0,158.0,2,6500,0,0,0,0,0,1
CF,CF32,39.535586,20.969825,0,YNN,140.0,12.0,320.0,2.0,2,5700,0,0,0,0,0,0

FINAL,D32-D,32,D,4
IF,CF32,39.535586,20.969825,YNN,140.0,12.0,2,5700,0,0,0,0,0,0
CF,FF32,39.576772,20.932806,0,YNN,140.0,9.0,320.0,3.0,2,4800,0,0,0,0,2,0
CF,60VOR,39.617850,20.895675,0,YNN,140.0,6.0,320.0,3.0,2,3700,0,0,0,0,0,0
CF,MA32,39.672597,20.846175,0,YNN,140.0,2.0,320.0,4.0,1,2113,0,0,0,0,3,0
CF,YNN,39.700033,20.821317,0,YNN,0.0,0.0,320.0,2.0,0,0,0,0,0,0,0,0
FD,YNN,39.700033,20.821317,0,YNN,0.0,13.0,305.0,13.0,0,0,0,0,0,0,0,0
DF,YNN,39.700033,20.821317,1, ,0.0,0.0,1,9000,0,1,185,0,0,0
HM,YNN,39.700033,20.821317,2, ,0.0,0.0,104.0,04.3,2,9000,0,0,0,0,0,0,0

APPTR,R14-Y,14,TILGI
IF,TILGI,39.743314,20.501539, ,0.0,0.0,2,8000,0,1,200,0,1,0
TF,IO701,39.810794,20.502197,0, ,0.0,0.0,0.0,0.0,2,7000,0,0,0,0,0,0
TF,IO702,39.846256,20.553936,0, ,0.0,0.0,0.0,0.0,2,6000,0,1,200,0,0,0
TF,IO703,39.879764,20.602906,0, ,0.0,0.0,0.0,0.0,2,5400,0,0,0,0,1,0

APPTR,R14-Y,14,YNN
IF,YNN,39.700033,20.821317, ,0.0,0.0,2,9000,0,1,210,0,1,0
TF,IO709,39.622103,20.649847,0, ,0.0,0.0,0.0,0.0,2,9000,0,1,210,0,0,0
TF,TILGI,39.743314,20.501539,0, ,0.0,0.0,0.0,0.0,2,8000,0,1,200,0,0,0
TF,IO701,39.810794,20.502197,0, ,0.0,0.0,0.0,0.0,2,7000,0,0,0,0,0,0
TF,IO702,39.846256,20.553936,0, ,0.0,0.0,0.0,0.0,2,6000,0,1,200,0,0,0
TF,IO703,39.879764,20.602906,0, ,0.0,0.0,0.0,0.0,2,5400,0,0,0,0,1,0

FINAL,R14-Y,14,R,3
IF,IO703,39.879764,20.602906, ,0.0,0.0,2,5400,0,0,0,0,0,0
TF,IO704,39.800206,20.700383,0, ,0.0,0.0,132.0,6.6,2,4300,0,0,0,0,2,0
TF,FTP14,39.706769,20.814650,0, ,0.0,0.0,132.0,7.7,1,1600,0,1,185,0,3,1
DF,IO707,39.687206,20.570575,2, ,0.0,0.0,0,0,0,1,185,0,0,1
DF,YNN,39.700033,20.821317,2, ,0.0,0.0,2,9000,0,0,0,0,0,1
HM,YNN,39.700033,20.821317,2, ,0.0,0.0,105.0,03,2,9000,0,1,220,0,0,0,0

APPTR,R14-Z,14,TILGI
IF,TILGI,39.743314,20.501539, ,0.0,0.0,2,8000,0,1,200,0,1,0
TF,IO701,39.810794,20.502197,0, ,0.0,0.0,0.0,0.0,2,7000,0,0,0,0,0,0
TF,IO702,39.846256,20.553936,0, ,0.0,0.0,0.0,0.0,2,6000,0,0,0,0,0,0
TF,IO703,39.879764,20.602906,0, ,0.0,0.0,0.0,0.0,2,5400,0,0,0,0,1,0

APPTR,R14-Z,14,YNN
IF,YNN,39.700033,20.821317, ,0.0,0.0,2,9000,0,1,210,0,1,0
TF,IO709,39.622103,20.649847,0, ,0.0,0.0,0.0,0.0,2,9000,0,1,210,0,0,0
TF,TILGI,39.743314,20.501539,0, ,0.0,0.0,0.0,0.0,2,8000,0,1,200,0,0,0
TF,IO701,39.810794,20.502197,0, ,0.0,0.0,0.0,0.0,2,7000,0,0,0,0,0,0
TF,IO702,39.846256,20.553936,0, ,0.0,0.0,0.0,0.0,2,6000,0,0,0,0,0,0
TF,IO703,39.879764,20.602906,0, ,0.0,0.0,0.0,0.0,2,5400,0,0,0,0,1,0

FINAL,R14-Z,14,R,3
IF,IO703,39.879764,20.602906, ,0.0,0.0,2,5400,0,0,0,0,0,0
TF,IO704,39.800206,20.700383,0, ,0.0,0.0,132.0,6.6,2,4300,0,0,0,0,2,0
TF,IO708,39.718900,20.799839,0, ,0.0,0.0,132.0,6.7,1,1950,0,1,185,0,3,1
DF,IO707,39.687206,20.570575,2, ,0.0,0.0,0,0,0,0,0,0,0,1
DF,YNN,39.700033,20.821317,2, ,0.0,0.0,2,9000,0,0,0,0,0,1
HM,YNN,39.700033,20.821317,2, ,0.0,0.0,105.0,03,2,9000,0,1,220,0,0,0,0

APPTR,R32-Y,32,AMIVI
IF,AMIVI,39.435903,20.875267, ,0.0,0.0,2,7600,0,1,210,0,1,0
TF,IO713,39.494231,20.917069,0, ,0.0,0.0,0.0,0.0,2,6300,0,1,210,0,0,0
TF,IO714,39.543353,20.928456,0, ,0.0,0.0,0.0,0.0,2,5200,0,1,200,0,0,0
TF,IO716,39.593392,20.927975,0, ,0.0,0.0,0.0,0.0,2,4200,0,0,0,0,1,0

APPTR,R32-Y,32,YNN
IF,YNN,39.700033,20.821317, ,0.0,0.0,2,9000,0,1,220,0,1,0
TF,IO711,39.527347,20.684042,0, ,0.0,0.0,0.0,0.0,2,9000,0,1,210,0,0,0
TF,IO712,39.434706,20.789233,0, ,0.0,0.0,0.0,0.0,2,8500,0,1,210,0,0,0
TF,AMIVI,39.435903,20.875267,0, ,0.0,0.0,0.0,0.0,2,7600,0,1,210,0,0,0
TF,IO713,39.494231,20.917069,0, ,0.0,0.0,0.0,0.0,2,6300,0,1,210,0,0,0
TF,IO714,39.543353,20.928456,0, ,0.0,0.0,0.0,0.0,2,5200,0,1,200,0,0,0
TF,IO716,39.593392,20.927975,0, ,0.0,0.0,0.0,0.0,2,4200,0,0,0,0,1,0

FINAL,R32-Y,32,R,3
IF,IO716,39.593392,20.927975, ,0.0,0.0,2,4200,0,0,0,0,0,0
TF,IO717,39.630086,20.890578,0, ,0.0,0.0,317.0,2.8,2,3200,0,0,0,0,2,0
TF,IO718,39.689686,20.829719,0, ,0.0,0.0,317.0,4.6,1,1607,0,1,185,0,3,1
TF,IO719,39.731053,20.734392,0, ,0.0,0.0,0.0,0.0,2,2900,0,1,185,0,0,1
CF,IO721,39.680675,20.516525,0,YNN,260.4,14.2,265.0,2.2,2,4800,0,1,200,0,0,1
DF,IO723,39.543114,20.658664,1, ,0.0,0.0,2,7100,0,1,200,0,0,1
TF,YNN,39.700033,20.821317,0, ,0.0,0.0,0.0,0.0,2,9000,0,0,0,0,0,1
HM,YNN,39.700033,20.821317,2, ,0.0,0.0,105.0,03,2,9000,0,1,220,0,0,0,0

APPTR,R32-Z,32,AMIVI
IF,AMIVI,39.435903,20.875267, ,0.0,0.0,2,7600,0,1,210,0,1,0
TF,IO713,39.494231,20.917069,0, ,0.0,0.0,0.0,0.0,2,6300,0,1,210,0,0,0
TF,IO714,39.543353,20.928456,0, ,0.0,0.0,0.0,0.0,2,5200,0,1,200,0,0,0
TF,IO716,39.593392,20.927975,0, ,0.0,0.0,0.0,0.0,2,4200,0,0,0,0,1,0

APPTR,R32-Z,32,YNN
IF,YNN,39.700033,20.821317, ,0.0,0.0,2,9000,0,1,220,0,1,0
TF,IO711,39.527347,20.684042,0, ,0.0,0.0,0.0,0.0,2,9000,0,1,210,0,0,0
TF,IO712,39.434706,20.789233,0, ,0.0,0.0,0.0,0.0,2,8500,0,1,210,0,0,0
TF,AMIVI,39.435903,20.875267,0, ,0.0,0.0,0.0,0.0,2,7600,0,1,210,0,0,0
TF,IO713,39.494231,20.917069,0, ,0.0,0.0,0.0,0.0,2,6300,0,1,210,0,0,0
TF,IO714,39.543353,20.928456,0, ,0.0,0.0,0.0,0.0,2,5200,0,1,200,0,0,0
TF,IO716,39.593392,20.927975,0, ,0.0,0.0,0.0,0.0,2,4200,0,0,0,0,1,0

FINAL,R32-Z,32,R,3
IF,IO716,39.593392,20.927975, ,0.0,0.0,2,4200,0,0,0,0,0,0
TF,IO717,39.630086,20.890578,0, ,0.0,0.0,317.0,2.8,2,3200,0,0,0,0,2,0
TF,IO722,39.676594,20.843097,0, ,0.0,0.0,317.0,3.6,1,1958,0,0,0,0,3,1
TF,IO719,39.731053,20.734392,0, ,0.0,0.0,0.0,0.0,0,0,0,1,185,0,0,1
CF,IO721,39.680675,20.516525,0,YNN,260.4,14.2,265.0,2.2,2,4800,0,1,200,0,0,1
DF,IO723,39.543114,20.658664,1, ,0.0,0.0,2,7100,0,1,200,0,0,1
TF,YNN,39.700033,20.821317,0, ,0.0,0.0,0.0,0.0,2,9000,0,0,0,0,0,1
HM,YNN,39.700033,20.821317,2, ,0.0,0.0,105.0,03,2,9000,0,1,220,0,0,0,0

