SID,GOVO1G,12,2
CA,0,120.0,2,2570,0,0,0,0,0,0
CF,D147H,40.333181,21.357172,0,KAS,147.0,8.0,147.0,7.0,0,0,0,0,0,0,0,1
DF,KAS,40.451022,21.275319,2, ,0.0,0.0,2,9000,0,1,210,0,0,1
CI,2, ,0.0,151.0,0,0,0,0,0,0,0,0
CF,GOVOK,40.363333,21.575833,0,KAS,105.8,14.7,106.0,10.0,0,0,0,0,0,0,0,0
TF,KOZ,40.285133,21.840444,0, ,0.0,0.0,0.0,0.0,0,0,0,0,0,0,0,0

SID,GOVO1L,30,2
CA,0,300.0,2,2570,0,0,0,0,0,0
CF,D296G,40.511075,21.144203,0,KAS,296.0,7.0,296.0,6.0,0,0,0,0,0,0,0,1
DF,KAS,40.451022,21.275319,1, ,0.0,0.0,2,9000,0,1,210,0,0,0
TF,GOVOK,40.363333,21.575833,0, ,0.0,0.0,0.0,0.0,0,0,0,0,0,0,0,0
TF,KOZ,40.285133,21.840444,0, ,0.0,0.0,0.0,0.0,0,0,0,0,0,0,0,0

SID,TSL1G,12,2
CA,0,120.0,2,2570,0,0,0,0,0,0
CF,D147H,40.333181,21.357172,0,KAS,147.0,8.0,147.0,7.0,0,0,0,0,0,0,0,1
DF,KAS,40.451022,21.275319,2, ,0.0,0.0,2,9000,0,1,210,0,0,1
CI,2, ,0.0,130.0,0,0,0,0,0,0,0,0
CF,TSL,40.456808,22.991058,0,KAS,84.2,78.6,85.0,72.0,2,12000,0,0,0,0,0,0

SID,TSL1L,30,2
CA,0,300.0,2,2570,0,0,0,0,0,0
CF,D296G,40.511075,21.144203,0,KAS,296.0,7.0,296.0,6.0,0,0,0,0,0,0,0,1
DF,KAS,40.451022,21.275319,1, ,0.0,0.0,2,9000,0,1,210,0,0,0
TF,D085J,40.453172,21.493625,0, ,0.0,0.0,0.0,0.0,2,12000,0,0,0,0,0,0
TF,TSL,40.456808,22.991058,0, ,0.0,0.0,0.0,0.0,0,0,0,0,0,0,0,0

SID,YNN1G,12,2
CA,0,120.0,2,2570,0,0,0,0,0,0
CF,D147H,40.333181,21.357172,0,KAS,147.0,8.0,147.0,7.0,0,0,0,0,0,0,0,1
DF,KAS,40.451022,21.275319,2, ,0.0,0.0,2,9000,0,1,210,0,0,1
CI,2, ,0.0,245.0,0,0,0,0,0,0,0,0
CF,YNN,39.700033,20.821317,0,KAS,200.1,49.6,200.0,46.0,2,12000,0,0,0,0,0,0

SID,YNN1L,30,2
CA,0,300.0,2,2570,0,0,0,0,0,0
CF,D296G,40.511075,21.144203,0,KAS,296.0,7.0,296.0,6.0,0,0,0,0,0,0,0,1
DF,KAS,40.451022,21.275319,1, ,0.0,0.0,2,9000,0,1,210,0,0,1
CI,2, ,0.0,245.0,0,0,0,0,0,0,0,0
CF,YNN,39.700033,20.821317,0,KAS,200.1,49.6,200.0,44.0,2,12000,0,0,0,0,0,0

APPTR,S12-M,12,KAS
IF,KAS,40.451022,21.275319, ,0.0,0.0,2,9000,0,0,0,0,0,0
FD,KAS,40.451022,21.275319,0,KAS,0.0,9.0,166.0,9.0,2,6000,0,0,0,0,0,0
CF,FD326,40.319694,21.370394,1,KAS,146.0,9.0,326.0,1.0,2,6000,0,1,200,0,0,0

FINAL,S12-M,12,D,2
IF,FD326,40.319694,21.370394,KAS,146.0,9.0,2,6000,0,0,0,0,2,0
CF,MD326,40.436433,21.285900,0,KAS,146.0,1.0,326.0,8.0,1,3870,0,0,0,0,3,0
CF,KAS,40.451022,21.275319,0,KAS,0.0,0.0,326.0,1.0,2,3870,0,0,0,0,0,0
FD,KAS,40.451022,21.275319,0,KAS,0.0,7.0,292.0,7.0,0,0,0,0,0,0,0,0
CF,D258C,40.444906,21.210317,1,KAS,258.0,3.0,78.0,5.0,0,0,0,1,185,0,0,1
CF,D185F,40.352467,21.252606,2,KAS,185.0,6.0,185.0,4.0,0,0,0,1,185,0,0,1
DF,KAS,40.451022,21.275319,1, ,0.0,0.0,0,0,0,1,185,0,0,0
HM,KAS,40.451022,21.275319,1, ,0.0,0.0,166.0,04.3,2,9000,0,0,0,0,0,0,0

APPTR,S30-M,30,KAS
IF,KAS,40.451022,21.275319, ,0.0,0.0,2,9000,0,0,0,0,0,0
FD,KAS,40.451022,21.275319,0,KAS,0.0,9.0,166.0,9.0,2,6000,0,0,0,0,0,0
CF,FD326,40.319694,21.370394,1,KAS,146.0,9.0,326.0,1.0,2,6000,0,1,200,0,0,0

FINAL,S30-M,30,D,2
IF,FD326,40.319694,21.370394,KAS,146.0,9.0,2,6000,0,0,0,0,2,0
CF,MD326,40.436433,21.285900,0,KAS,146.0,1.0,326.0,8.0,1,3870,0,0,0,0,3,0
CF,KAS,40.451022,21.275319,0,KAS,0.0,0.0,326.0,1.0,2,3870,0,0,0,0,0,0
FD,KAS,40.451022,21.275319,0,KAS,0.0,7.0,292.0,7.0,0,0,0,0,0,0,0,0
CF,D258C,40.444906,21.210317,1,KAS,258.0,3.0,78.0,5.0,0,0,0,1,185,0,0,1
CF,D185F,40.352467,21.252606,2,KAS,185.0,6.0,185.0,4.0,0,0,0,1,185,0,0,1
DF,KAS,40.451022,21.275319,1, ,0.0,0.0,0,0,0,1,185,0,0,0
HM,KAS,40.451022,21.275319,1, ,0.0,0.0,166.0,04.3,2,9000,0,0,0,0,0,0,0

