SID,AGH1A,26L,2
CA,0,255.0,2,650,0,0,0,0,0,0
FA,LSA,39.644894,22.462381,0,LAR,0.0,0.0,256.0,2,5000,0,0,0,0,0,0
DF,LSA,39.644894,22.462381,2, ,0.0,0.0,2,11000,0,1,260,0,0,1
CI,0, ,0.0,174.0,0,0,0,1,260,0,0,0
CF,D324Q,39.459919,22.605167,0,AGH,324.3,17.0,144.0,10.0,0,0,0,0,0,0,0,0
TF,AGH,39.216489,22.794922,0, ,0.0,0.0,0.0,0.0,0,0,0,0,0,0,0,0

SID,AGH1B,08R,2
CA,0,75.0,2,1200,0,0,0,0,0,0
DF,LSA,39.644894,22.462381,2, ,0.0,0.0,2,5000,0,1,260,0,0,0
FA,LSA,39.644894,22.462381,0,LAR,0.0,0.0,318.0,2,7000,0,0,0,0,0,0
DF,LSA,39.644894,22.462381,1, ,0.0,0.0,1,9000,0,1,260,0,0,0
TF,D324Q,39.459919,22.605167,0, ,0.0,0.0,0.0,0.0,0,0,0,0,0,0,0,0
TF,AGH,39.216489,22.794922,0, ,0.0,0.0,0.0,0.0,0,0,0,0,0,0,0,0

SID,AGIS1F,08R,2
CA,0,75.0,2,650,0,0,0,0,0,0
CF,AGISA,39.733333,23.348333,0,LAR,79.0,39.1,79.0,40.0,2,8000,0,0,0,0,0,0

SID,AGIS1G,26L,2
CF,D254J,39.622125,22.298183,0,LAR,254.0,10.0,254.0,7.0,0,0,0,0,0,0,0,1
DF,LAR,39.657000,22.509167,1, ,0.0,0.0,0,0,0,0,0,0,0,0
TF,AGISA,39.733333,23.348333,0, ,0.0,0.0,0.0,0.0,2,8000,0,0,0,0,0,0

SID,AGIS1H,08C,2
CA,0,75.0,2,650,0,0,0,0,0,0
CF,AGISA,39.733333,23.348333,0,LAR,79.0,39.1,78.0,41.0,2,8000,0,0,0,0,0,0

SID,AGIS1L,26C,2
CA,0,255.0,2,650,0,0,0,0,0,0
FA,LSA,39.644894,22.462381,0,LAR,0.0,0.0,266.0,2,5000,0,0,0,0,0,0
DF,LSA,39.644894,22.462381,1, ,0.0,0.0,2,11000,0,1,300,0,0,0
TF,AGISA,39.733333,23.348333,0, ,0.0,0.0,0.0,0.0,0,0,0,0,0,0,0,0

SID,AGIS1N,08C,2
CA,0,75.0,2,650,0,0,0,0,0,0
DF,LAR,39.657000,22.509167,0, ,0.0,0.0,0,0,0,0,0,0,0,0
CF,D079B,39.661056,22.552006,0,LAR,79.0,2.0,79.0,2.0,2,1100,0,0,0,0,0,0
TF,AGISA,39.733333,23.348333,0, ,0.0,0.0,0.0,0.0,2,8000,0,0,0,0,0,0

SID,AGIS1U,26C,2
CF,D255J,39.624978,22.297425,0,LAR,255.0,10.0,255.0,7.0,0,0,0,0,0,0,0,1
CI,1, ,0.0,69.0,0,0,0,1,265,0,0,0
CF,LAR,39.657000,22.509167,0,LAR,0.0,0.0,39.0,7.0,0,0,0,0,0,0,0,0
TF,AGISA,39.733333,23.348333,0, ,0.0,0.0,0.0,0.0,2,8000,0,0,0,0,0,0

SID,ANL1D,08R,2
CA,0,75.0,2,650,0,0,0,0,0,0
CF,D079B,39.661056,22.552006,0,LAR,79.0,2.0,79.0,4.0,2,1000,0,0,0,0,0,1
CI,2, ,0.0,191.0,0,0,0,0,0,0,0,0
CF,D153J,39.502769,22.591289,0,LAR,153.6,10.0,153.0,3.0,2,6000,0,0,0,0,0,0
TF,ANL,39.213667,22.744167,0, ,0.0,0.0,0.0,0.0,0,0,0,0,0,0,0,0

SID,ANL1L,26L,2
CF,D254F,39.636122,22.382550,0,LAR,254.0,6.0,254.0,3.0,0,0,0,0,0,0,0,1
DF,LAR,39.657000,22.509167,2, ,0.0,0.0,0,0,0,0,0,0,0,0
TF,D153J,39.502769,22.591289,0, ,0.0,0.0,0.0,0.0,2,6000,0,0,0,0,0,0
TF,ANL,39.213667,22.744167,0, ,0.0,0.0,0.0,0.0,0,0,0,0,0,0,0,0

SID,ANL1S,08C,2
CA,0,75.0,2,650,0,0,0,0,0,0
DF,LAR,39.657000,22.509167,0, ,0.0,0.0,0,0,0,0,0,0,0,0
CF,D079B,39.661056,22.552006,0,LAR,79.0,2.0,79.0,2.0,2,1100,0,0,0,0,0,1
CI,0, ,0.0,162.0,0,0,0,1,265,0,0,0
CF,D154J,39.502308,22.589828,0,LAR,154.0,10.0,192.0,6.0,2,6000,0,0,0,0,0,0
TF,ANL,39.213667,22.744167,0, ,0.0,0.0,0.0,0.0,0,0,0,0,0,0,0,0

SID,ANL1U,26C,2
CF,D255F,39.637833,22.382097,0,LAR,255.0,6.0,255.0,3.0,0,0,0,0,0,0,0,1
CI,2, ,0.0,100.0,0,0,0,1,265,0,0,0
CF,LAR,39.657000,22.509167,0,LAR,0.0,0.0,130.0,3.0,0,0,0,0,0,0,0,0
TF,D154J,39.502308,22.589828,0, ,0.0,0.0,0.0,0.0,2,6000,0,0,0,0,0,0
TF,ANL,39.213667,22.744167,0, ,0.0,0.0,0.0,0.0,0,0,0,0,0,0,0,0

SID,EDAS1N,08C,2
CA,0,75.0,2,650,0,0,0,0,0,0
DF,LAR,39.657000,22.509167,0, ,0.0,0.0,0,0,0,0,0,0,0,0
CF,D079B,39.661056,22.552006,0,LAR,79.0,2.0,79.0,2.0,2,1100,0,0,0,0,0,1
DF,LAR,39.657000,22.509167,2, ,0.0,0.0,0,0,0,1,265,0,0,0
TF,D351O,39.906444,22.483922,0, ,0.0,0.0,0.0,0.0,2,12000,0,0,0,0,0,0
TF,EDASI,40.457500,22.427500,0, ,0.0,0.0,0.0,0.0,0,0,0,0,0,0,0,0

SID,EDAS1U,26C,2
CF,D255J,39.624978,22.297425,0,LAR,255.0,10.0,255.0,7.0,0,0,0,0,0,0,0,1
CI,1, ,0.0,69.0,0,0,0,1,265,0,0,0
CF,LAR,39.657000,22.509167,0,LAR,0.0,0.0,39.0,7.0,0,0,0,0,0,0,0,0
TF,D351O,39.906444,22.483922,0, ,0.0,0.0,0.0,0.0,2,12000,0,0,0,0,0,0
TF,EDASI,40.457500,22.427500,0, ,0.0,0.0,0.0,0.0,0,0,0,0,0,0,0,0

SID,IOA1F,08R,2
CA,0,75.0,2,650,0,0,0,0,0,0
CF,D079B,39.661056,22.552006,0,LAR,79.0,2.0,79.0,4.0,2,1000,0,0,0,0,0,1
CI,2, ,0.0,318.0,0,0,0,0,0,0,0,0
CF,LAR40,39.688717,21.646725,0,LAR,269.0,40.0,269.0,39.0,2,10000,0,0,0,0,0,0
TF,IOA,39.693072,20.820947,0, ,0.0,0.0,0.0,0.0,0,0,0,0,0,0,0,0

SID,IOA1L,26L,2
CF,D254F,39.636122,22.382550,0,LAR,254.0,6.0,254.0,3.0,0,0,0,0,0,0,0,1
CF,LAR40,39.688717,21.646725,0,LAR,269.0,40.0,269.0,33.0,2,10000,0,0,0,0,0,0
TF,IOA,39.693072,20.820947,0, ,0.0,0.0,0.0,0.0,0,0,0,0,0,0,0,0

SID,KOGI1A,26L,2
CA,0,255.0,2,650,0,0,0,0,0,0
FA,LSA,39.644894,22.462381,0,LAR,0.0,0.0,256.0,2,5000,0,0,0,0,0,0
DF,LSA,39.644894,22.462381,1, ,0.0,0.0,2,11000,0,1,260,0,0,1
CI,1, ,0.0,273.0,0,0,0,1,260,0,0,0
CF,KOZ28,39.911464,22.205239,0,KOZ,138.0,28.0,318.0,16.0,0,0,0,0,0,0,0,0
TF,KOGIS,40.120278,21.996667,0, ,0.0,0.0,0.0,0.0,0,0,0,0,0,0,0,0

SID,KOGI1B,08R,2
CA,0,75.0,2,1200,0,0,0,0,0,0
DF,LSA,39.644894,22.462381,2, ,0.0,0.0,2,5000,0,1,260,0,0,0
TF,KOZ28,39.911464,22.205239,0, ,0.0,0.0,0.0,0.0,2,11000,0,0,0,0,0,0
TF,KOGIS,40.120278,21.996667,0, ,0.0,0.0,0.0,0.0,0,0,0,0,0,0,0,0

SID,KOGI1H,08C,2
CA,0,75.0,2,1200,0,0,0,0,0,0
DF,LSA,39.644894,22.462381,2, ,0.0,0.0,2,8000,0,1,275,0,0,0
TF,KOZ28,39.911464,22.205239,0, ,0.0,0.0,0.0,0.0,2,11000,0,0,0,0,0,0
TF,KOGIS,40.120278,21.996667,0, ,0.0,0.0,0.0,0.0,0,0,0,0,0,0,0,0

SID,KOGI1L,26C,2
CA,0,255.0,2,650,0,0,0,0,0,0
FA,LSA,39.644894,22.462381,0,LAR,0.0,0.0,266.0,2,5000,0,0,0,0,0,0
DF,LSA,39.644894,22.462381,1, ,0.0,0.0,2,11000,0,1,300,0,0,1
VI,1, ,0.0,289.0,0,0,0,1,300,0,0,0
CF,KOGIS,40.120278,21.996667,0,LAR,315.7,36.5,319.0,30.0,0,0,0,0,0,0,0,0

SID,KOZ1F,08R,2
CA,0,75.0,2,650,0,0,0,0,0,0
CF,D079B,39.661056,22.552006,0,LAR,79.0,2.0,79.0,3.0,2,1100,0,0,0,0,0,1
DF,LAR,39.657000,22.509167,2, ,0.0,0.0,0,0,0,0,0,0,0,0
TF,D308J,39.768503,22.348533,0, ,0.0,0.0,0.0,0.0,2,11000,0,0,0,0,0,1
TF,KOZ,40.285133,21.840444,0, ,0.0,0.0,0.0,0.0,0,0,0,0,0,0,0,0

SID,KOZ1G,26L,2
CF,D254J,39.622125,22.298183,0,LAR,254.0,10.0,254.0,7.0,0,0,0,0,0,0,0,1
DF,LAR,39.657000,22.509167,1, ,0.0,0.0,0,0,0,0,0,0,0,0
TF,D308J,39.768503,22.348533,0, ,0.0,0.0,0.0,0.0,2,11000,0,0,0,0,0,1
TF,KOZ,40.285133,21.840444,0, ,0.0,0.0,0.0,0.0,0,0,0,0,0,0,0,0

SID,KOZ1N,08C,2
CA,0,75.0,2,650,0,0,0,0,0,0
DF,LAR,39.657000,22.509167,0, ,0.0,0.0,0,0,0,0,0,0,0,0
CF,D079B,39.661056,22.552006,0,LAR,79.0,2.0,79.0,2.0,2,1100,0,0,0,0,0,1
DF,LAR,39.657000,22.509167,2, ,0.0,0.0,0,0,0,1,265,0,0,0
TF,D307J,39.766317,22.346039,0, ,0.0,0.0,0.0,0.0,2,11000,0,0,0,0,0,0
TF,KOZ,40.285133,21.840444,0, ,0.0,0.0,0.0,0.0,0,0,0,0,0,0,0,0

SID,KOZ1U,26C,2
CF,D255J,39.624978,22.297425,0,LAR,255.0,10.0,255.0,7.0,0,0,0,0,0,0,0,1
CI,1, ,0.0,69.0,0,0,0,1,265,0,0,0
CF,D219C,39.620392,22.465036,0,LAR,219.0,3.0,39.0,4.0,0,0,0,0,0,0,0,1
CF,D307J,39.766317,22.346039,1,LAR,307.0,10.0,307.0,8.0,2,11000,0,1,265,0,0,0
TF,KOZ,40.285133,21.840444,0, ,0.0,0.0,0.0,0.0,0,0,0,0,0,0,0,0

SID,LAR1T,26L,2
CF,D254S,39.590414,22.108481,0,LAR,254.0,19.0,254.0,16.0,0,0,0,0,0,0,0,0
AF,D218S,39.421144,22.235731,1,LAR,218.0,19.0,254.0,0,0,0,0,0,0,0,0
TF,LAR,39.657000,22.509167,0, ,0.0,0.0,0.0,0.0,0,0,0,0,0,0,0,0

SID,LAR1V,08R,2
CA,0,75.0,2,650,0,0,0,0,0,0
CF,D079S,39.694908,22.916361,0,LAR,79.0,19.0,79.0,20.0,0,0,0,0,0,0,0,0
AF,D020S,39.946403,22.676639,1,LAR,20.0,19.0,79.0,0,0,0,0,0,0,0,0
TF,LAR,39.657000,22.509167,0, ,0.0,0.0,0.0,0.0,0,0,0,0,0,0,0,0

SID,LOPO1N,08C,2
CA,0,75.0,2,650,0,0,0,0,0,0
DF,LAR,39.657000,22.509167,0, ,0.0,0.0,0,0,0,0,0,0,0,0
CF,D079B,39.661056,22.552006,0,LAR,79.0,2.0,79.0,2.0,2,1100,0,0,0,0,0,1
DF,LAR,39.657000,22.509167,2, ,0.0,0.0,0,0,0,1,265,0,0,0
TF,D355O,39.907189,22.505675,0, ,0.0,0.0,0.0,0.0,2,12000,0,0,0,0,0,0
TF,LOPOS,40.290833,22.500278,0, ,0.0,0.0,0.0,0.0,0,0,0,0,0,0,0,0

SID,LOPO1U,26C,2
CF,D255J,39.624978,22.297425,0,LAR,255.0,10.0,255.0,7.0,0,0,0,0,0,0,0,1
CI,1, ,0.0,69.0,0,0,0,1,265,0,0,0
CF,LAR,39.657000,22.509167,0,LAR,0.0,0.0,39.0,7.0,0,0,0,0,0,0,0,0
TF,D355O,39.907189,22.505675,0, ,0.0,0.0,0.0,0.0,2,12000,0,0,0,0,0,0
TF,LOPOS,40.290833,22.500278,0, ,0.0,0.0,0.0,0.0,0,0,0,0,0,0,0,0

SID,LSA1A,26L,2
CA,0,255.0,2,650,0,0,0,0,0,0
FA,LSA,39.644894,22.462381,0,LAR,0.0,0.0,256.0,2,5000,0,0,0,0,0,0
DF,LSA,39.644894,22.462381,1, ,0.0,0.0,2,11000,0,1,260,0,0,0

SID,LSA1B,08R,2
CA,0,75.0,2,1200,0,0,0,0,0,0
DF,LSA,39.644894,22.462381,2, ,0.0,0.0,2,5000,0,1,260,0,0,0
FA,LSA,39.644894,22.462381,0,LAR,0.0,0.0,318.0,2,8000,0,0,0,0,0,0
DF,LSA,39.644894,22.462381,1, ,0.0,0.0,2,11000,0,1,260,0,0,0

SID,LSA1H,08C,2
CA,0,75.0,2,1200,0,0,0,0,0,0
DF,LSA,39.644894,22.462381,2, ,0.0,0.0,2,8000,0,1,275,0,0,0

SID,LSA1L,26C,2
CA,0,255.0,2,650,0,0,0,0,0,0
FA,LSA,39.644894,22.462381,0,LAR,0.0,0.0,266.0,2,5000,0,0,0,0,0,0
DF,LSA,39.644894,22.462381,2, ,0.0,0.0,2,11000,0,1,300,0,0,0

SID,MIK1N,08C,2
CA,0,75.0,2,650,0,0,0,0,0,0
DF,LAR,39.657000,22.509167,0, ,0.0,0.0,0,0,0,0,0,0,0,0
CF,D079B,39.661056,22.552006,0,LAR,79.0,2.0,79.0,2.0,2,1100,0,0,0,0,0,1
DF,LAR,39.657000,22.509167,2, ,0.0,0.0,0,0,0,1,265,0,0,0
TF,D021J,39.808539,22.599453,0, ,0.0,0.0,0.0,0.0,2,8000,0,0,0,0,0,0
TF,MIK,40.458333,22.991667,0, ,0.0,0.0,0.0,0.0,0,0,0,0,0,0,0,0

SID,MIK1U,26C,2
CF,D255J,39.624978,22.297425,0,LAR,255.0,10.0,255.0,7.0,0,0,0,0,0,0,0,1
CI,1, ,0.0,69.0,0,0,0,1,265,0,0,0
CF,LAR,39.657000,22.509167,0,LAR,0.0,0.0,39.0,7.0,0,0,0,0,0,0,0,0
TF,D021J,39.808539,22.599453,0, ,0.0,0.0,0.0,0.0,2,8000,0,0,0,0,0,0
TF,MIK,40.458333,22.991667,0, ,0.0,0.0,0.0,0.0,0,0,0,0,0,0,0,0

SID,TSL1G,26L,2
CF,D254J,39.622125,22.298183,0,LAR,254.0,10.0,254.0,7.0,0,0,0,0,0,0,0,1
DF,LAR,39.657000,22.509167,1, ,0.0,0.0,0,0,0,0,0,0,0,0
TF,D020F,39.747919,22.563319,0, ,0.0,0.0,0.0,0.0,2,6000,0,0,0,0,0,0
TF,TSL,40.456808,22.991058,0, ,0.0,0.0,0.0,0.0,0,0,0,0,0,0,0,0

SID,TSL1K,08R,2
CA,0,75.0,2,650,0,0,0,0,0,0
CF,D079B,39.661056,22.552006,0,LAR,79.0,2.0,79.0,3.0,2,1100,0,0,0,0,0,1
DF,LAR,39.657000,22.509167,2, ,0.0,0.0,0,0,0,0,0,0,0,0
TF,D020F,39.747919,22.563319,0, ,0.0,0.0,0.0,0.0,2,6000,0,0,0,0,0,0
TF,TSL,40.456808,22.991058,0, ,0.0,0.0,0.0,0.0,0,0,0,0,0,0,0,0

SID,VAXU1H,08C,2
CA,0,75.0,2,1200,0,0,0,0,0,0
DF,LSA,39.644894,22.462381,2, ,0.0,0.0,2,8000,0,1,275,0,0,0
FA,LSA,39.644894,22.462381,0,LAR,0.0,0.0,319.0,2,9000,0,0,0,0,0,0
DF,LSA,39.644894,22.462381,1, ,0.0,0.0,0,0,0,1,300,0,0,0
TF,VAXUS,39.456111,22.593333,0, ,0.0,0.0,0.0,0.0,0,0,0,0,0,0,0,0

SID,VAXU1L,26C,2
CA,0,255.0,2,650,0,0,0,0,0,0
FA,LSA,39.644894,22.462381,0,LAR,0.0,0.0,266.0,2,5000,0,0,0,0,0,0
DF,LSA,39.644894,22.462381,2, ,0.0,0.0,2,9000,0,1,300,0,0,0
TF,VAXUS,39.456111,22.593333,0, ,0.0,0.0,0.0,0.0,0,0,0,0,0,0,0,0

SID,YNN1N,08C,2
CA,0,75.0,2,650,0,0,0,0,0,0
DF,LAR,39.657000,22.509167,0, ,0.0,0.0,0,0,0,0,0,0,0,0
CF,D079B,39.661056,22.552006,0,LAR,79.0,2.0,79.0,2.0,2,1100,0,0,0,0,0,1
CI,2, ,0.0,313.0,0,0,0,1,265,0,0,0
CF,LA40B,39.677081,21.646214,0,LAR,268.0,40.0,268.0,39.0,2,10000,0,0,0,0,0,0
TF,YNN,39.700033,20.821317,0, ,0.0,0.0,0.0,0.0,0,0,0,0,0,0,0,0

SID,YNN1U,26C,2
CF,D255F,39.637833,22.382097,0,LAR,255.0,6.0,255.0,3.0,0,0,0,0,0,0,0,1
CI,0, ,0.0,298.0,0,0,0,1,265,0,0,0
CF,LA40B,39.677081,21.646214,0,LAR,268.0,40.0,268.0,31.0,2,10000,0,0,0,0,0,0
TF,YNN,39.700033,20.821317,0, ,0.0,0.0,0.0,0.0,0,0,0,0,0,0,0,0

STAR,AGIS1H,08C,2
IF,AGISA,39.733333,23.348333, ,0.0,0.0,0,0,0,0,0,0,0,0
TF,LAR31,39.717967,23.173783,0, ,0.0,0.0,0.0,0.0,2,8000,0,0,0,0,0,0
TF,LAR,39.657000,22.509167,0, ,0.0,0.0,0.0,0.0,0,0,0,1,250,0,0,0
TF,MAKEG,39.507000,22.276667,0, ,0.0,0.0,0.0,0.0,0,0,0,0,0,0,0,0

STAR,AGIS1J,26C,2
IF,AGISA,39.733333,23.348333, ,0.0,0.0,0,0,0,0,0,0,0,0
TF,LAR31,39.717967,23.173783,0, ,0.0,0.0,0.0,0.0,0,0,0,0,0,0,0,0
TF,D079V,39.700658,22.980711,0, ,0.0,0.0,0.0,0.0,2,5500,0,0,0,0,0,0
TF,OLIMU,39.716167,22.912833,0, ,0.0,0.0,0.0,0.0,2,5500,0,0,0,0,0,0

STAR,AGIS1Z,26C,2
IF,AGISA,39.733333,23.348333, ,0.0,0.0,0,0,0,0,0,0,0,0
TF,LAR31,39.717967,23.173783,0, ,0.0,0.0,0.0,0.0,0,0,0,0,0,0,0,0
TF,D079W,39.702597,23.002158,0, ,0.0,0.0,0.0,0.0,0,0,0,0,0,0,0,0
CI,0, ,0.0,259.0,0,0,0,1,250,0,0,0
AF,D061T,39.797328,22.901131,1,LAR,61.0,20.0,79.0,0,0,0,0,0,0,0,0
AF,D049T,39.857256,22.854861,1,LAR,49.0,20.0,61.0,0,0,0,0,0,0,0,0
TF,LASLA,39.817167,22.786167,0, ,0.0,0.0,0.0,0.0,2,11000,0,0,0,0,0,0

STAR,ANL1H,08C,2
IF,ANL,39.213667,22.744167, ,0.0,0.0,0,0,0,0,0,0,0,0
TF,D154L,39.471917,22.607669,0, ,0.0,0.0,0.0,0.0,0,0,0,0,0,0,0,0
TF,D154C,39.610736,22.533839,0, ,0.0,0.0,0.0,0.0,2,8000,0,0,0,0,0,1
CI,0, ,0.0,256.0,0,0,0,1,250,0,0,0
CF,MAKEG,39.507000,22.276667,0,LAR,226.3,14.0,226.0,12.0,0,0,0,0,0,0,0,0

STAR,ANL1Z,26C,2
IF,ANL,39.213667,22.744167, ,0.0,0.0,0,0,0,0,0,0,0,0
TF,D154L,39.471917,22.607669,0, ,0.0,0.0,0.0,0.0,0,0,0,0,0,0,0,0
TF,D154B,39.626158,22.525619,0, ,0.0,0.0,0.0,0.0,0,0,0,0,0,0,0,1
CF,LASLA,39.817167,22.786167,0,LAR,49.1,16.0,49.0,16.0,2,11000,0,1,250,0,0,0

STAR,EDAS1E,08C,2
IF,EDASI,40.457500,22.427500, ,0.0,0.0,0,0,0,0,0,0,0,0
TF,LA27A,40.105989,22.463597,0, ,0.0,0.0,0.0,0.0,0,0,0,0,0,0,0,0
CI,0, ,0.0,171.0,0,0,0,1,250,0,0,0
AF,D317X,39.968078,22.180036,1,LAR,316.9,24.1,351.0,2,12000,0,0,0,0,0,0
AF,D289X,39.810889,22.028864,1,LAR,288.7,24.1,317.0,2,11000,0,0,0,0,0,0
AF,D263X,39.634828,21.990600,1,LAR,263.0,24.1,289.0,2,8000,0,0,0,0,0,0
AF,LARGU,39.578333,22.000000,1,LAR,254.9,24.1,263.0,0,0,0,0,0,0,0,0
TF,D255R,39.599083,22.128172,1, ,0.0,0.0,0.0,0.0,2,4500,0,1,250,0,0,0
TF,D255O,39.608822,22.191628,0, ,0.0,0.0,0.0,0.0,2,3500,0,0,0,0,0,0
TF,CT08C,39.621753,22.276261,0, ,0.0,0.0,0.0,0.0,0,0,0,0,0,0,0,0

STAR,EDAS1H,08C,2
IF,EDASI,40.457500,22.427500, ,0.0,0.0,0,0,0,0,0,0,0,0
TF,D351O,39.906444,22.483922,0, ,0.0,0.0,0.0,0.0,2,12000,0,0,0,0,0,0
TF,LAR,39.657000,22.509167,0, ,0.0,0.0,0.0,0.0,2,8000,0,1,250,0,0,0
TF,MAKEG,39.507000,22.276667,0, ,0.0,0.0,0.0,0.0,0,0,0,0,0,0,0,0

STAR,EDAS1J,26C,2
IF,EDASI,40.457500,22.427500, ,0.0,0.0,0,0,0,0,0,0,0,0
TF,D351Z,40.089361,22.465294,0, ,0.0,0.0,0.0,0.0,0,0,0,0,0,0,0,0
CI,0, ,0.0,171.0,0,0,0,1,250,0,0,0
AF,D021W,40.005428,22.717417,2,LAR,20.7,23.0,351.0,2,12000,0,0,0,0,0,0
AF,D049W,39.887203,22.906889,2,LAR,49.0,23.0,21.0,2,11000,0,0,0,0,0,0
AF,D067W,39.780953,22.979314,2,LAR,67.0,23.0,49.0,2,8000,0,0,0,0,0,0
CF,OLIMU,39.716167,22.912833,2,LAR,75.1,19.0,255.0,2.0,2,5500,0,1,250,0,0,0

STAR,EDAS1Z,26C,2
IF,EDASI,40.457500,22.427500, ,0.0,0.0,0,0,0,0,0,0,0,0
TF,D351Z,40.089361,22.465294,0, ,0.0,0.0,0.0,0.0,0,0,0,0,0,0,0,0
TF,D351E,39.740150,22.500772,0, ,0.0,0.0,0.0,0.0,2,12000,0,0,0,0,0,1
VI,1, ,0.0,79.0,0,0,0,1,250,0,0,0
CF,LASLA,39.817167,22.786167,0,LAR,49.1,16.0,49.0,12.0,2,11000,0,0,0,0,0,0

STAR,KOZ1E,08C,2
IF,KOZ,40.285133,21.840444, ,0.0,0.0,0,0,0,0,0,0,0,0
TF,LA27C,40.005881,22.139769,0, ,0.0,0.0,0.0,0.0,2,12000,0,0,0,0,0,0
CI,0, ,0.0,137.0,0,0,0,1,250,0,0,0
AF,D289X,39.810889,22.028864,1,LAR,288.7,24.1,317.0,2,11000,0,0,0,0,0,0
AF,D263X,39.634828,21.990600,1,LAR,263.0,24.1,289.0,2,8000,0,0,0,0,0,0
AF,LARGU,39.578333,22.000000,1,LAR,254.9,24.1,263.0,0,0,0,0,0,0,0,0
TF,D255R,39.599083,22.128172,1, ,0.0,0.0,0.0,0.0,2,4500,0,1,250,0,0,0
TF,D255O,39.608822,22.191628,0, ,0.0,0.0,0.0,0.0,2,3500,0,0,0,0,0,0
TF,CT08C,39.621753,22.276261,0, ,0.0,0.0,0.0,0.0,0,0,0,0,0,0,0,0

STAR,KOZ1H,08C,2
IF,KOZ,40.285133,21.840444, ,0.0,0.0,0,0,0,0,0,0,0,0
TF,LA28B,40.018778,22.126017,0, ,0.0,0.0,0.0,0.0,2,12000,0,0,0,0,0,0
TF,D317O,39.850969,22.304406,0, ,0.0,0.0,0.0,0.0,2,11000,0,0,0,0,0,0
TF,D317C,39.695822,22.468306,0, ,0.0,0.0,0.0,0.0,2,8000,0,0,0,0,0,1
CI,0, ,0.0,196.0,0,0,0,1,250,0,0,0
CF,MAKEG,39.507000,22.276667,0,LAR,226.3,14.0,226.0,11.0,0,0,0,0,0,0,0,0

STAR,KOZ1Z,26C,2
IF,KOZ,40.285133,21.840444, ,0.0,0.0,0,0,0,0,0,0,0,0
TF,D317C,39.695822,22.468306,0, ,0.0,0.0,0.0,0.0,2,12000,0,0,0,0,0,1
VI,0, ,0.0,79.0,0,0,0,1,250,0,0,0
CF,LASLA,39.817167,22.786167,0,LAR,49.1,16.0,49.0,14.0,2,11000,0,0,0,0,0,0

STAR,LOPO1E,08C,2
IF,LOPOS,40.290833,22.500278, ,0.0,0.0,0,0,0,0,0,0,0,0
TF,LA27B,40.107333,22.502867,0, ,0.0,0.0,0.0,0.0,0,0,0,0,0,0,0,0
CI,0, ,0.0,175.0,0,0,0,1,250,0,0,0
AF,D317X,39.968078,22.180036,1,LAR,316.9,24.1,355.0,2,12000,0,0,0,0,0,0
AF,D289X,39.810889,22.028864,1,LAR,288.7,24.1,317.0,2,11000,0,0,0,0,0,0
AF,D263X,39.634828,21.990600,1,LAR,263.0,24.1,289.0,2,8000,0,0,0,0,0,0
AF,LARGU,39.578333,22.000000,1,LAR,254.9,24.1,263.0,0,0,0,0,0,0,0,0
TF,D255R,39.599083,22.128172,1, ,0.0,0.0,0.0,0.0,2,4500,0,1,250,0,0,0
TF,D255O,39.608822,22.191628,0, ,0.0,0.0,0.0,0.0,2,3500,0,0,0,0,0,0
TF,CT08C,39.621753,22.276261,0, ,0.0,0.0,0.0,0.0,0,0,0,0,0,0,0,0

STAR,LOPO1H,08C,2
IF,LOPOS,40.290833,22.500278, ,0.0,0.0,0,0,0,0,0,0,0,0
TF,D355O,39.907189,22.505675,0, ,0.0,0.0,0.0,0.0,2,12000,0,0,0,0,0,0
TF,LAR,39.657000,22.509167,0, ,0.0,0.0,0.0,0.0,2,9000,0,1,250,0,0,0
TF,MAKEG,39.507000,22.276667,0, ,0.0,0.0,0.0,0.0,0,0,0,0,0,0,0,0

STAR,LOPO1J,26C,2
IF,LOPOS,40.290833,22.500278, ,0.0,0.0,0,0,0,0,0,0,0,0
TF,D355Z,40.090653,22.503103,0, ,0.0,0.0,0.0,0.0,0,0,0,0,0,0,0,0
CI,0, ,0.0,175.0,0,0,0,1,250,0,0,0
AF,D021W,40.005428,22.717417,2,LAR,20.7,23.0,355.0,2,12000,0,0,0,0,0,0
AF,D049W,39.887203,22.906889,2,LAR,49.0,23.0,21.0,2,11000,0,0,0,0,0,0
AF,D067W,39.780953,22.979314,2,LAR,67.0,23.0,49.0,2,8000,0,0,0,0,0,0
CF,OLIMU,39.716167,22.912833,2,LAR,75.1,19.0,255.0,2.0,2,5500,0,1,250,0,0,0

STAR,LOPO1Z,26C,2
IF,LOPOS,40.290833,22.500278, ,0.0,0.0,0,0,0,0,0,0,0,0
TF,D355Z,40.090653,22.503103,0, ,0.0,0.0,0.0,0.0,0,0,0,0,0,0,0,0
TF,D355F,39.757075,22.507772,0, ,0.0,0.0,0.0,0.0,2,12000,0,0,0,0,0,1
VI,1, ,0.0,79.0,0,0,0,1,250,0,0,0
CF,LASLA,39.817167,22.786167,0,LAR,49.1,16.0,49.0,10.0,2,11000,0,0,0,0,0,0

STAR,MIK1H,08C,2
IF,MIK,40.458333,22.991667, ,0.0,0.0,0,0,0,0,0,0,0,0
TF,LAR29,40.096256,22.772092,0, ,0.0,0.0,0.0,0.0,0,0,0,0,0,0,0,0
TF,LAR,39.657000,22.509167,0, ,0.0,0.0,0.0,0.0,2,9000,0,1,250,0,0,0
TF,MAKEG,39.507000,22.276667,0, ,0.0,0.0,0.0,0.0,0,0,0,0,0,0,0,0

STAR,MIK1J,26C,2
IF,MIK,40.458333,22.991667, ,0.0,0.0,0,0,0,0,0,0,0,0
TF,LAR29,40.096256,22.772092,0, ,0.0,0.0,0.0,0.0,0,0,0,0,0,0,0,0
TF,D021Z,40.050844,22.744736,0, ,0.0,0.0,0.0,0.0,0,0,0,0,0,0,0,0
CI,0, ,0.0,201.0,0,0,0,1,250,0,0,0
AF,D049W,39.887203,22.906889,2,LAR,49.0,23.0,21.0,2,11000,0,0,0,0,0,0
AF,D067W,39.780953,22.979314,2,LAR,67.0,23.0,49.0,2,8000,0,0,0,0,0,0
CF,OLIMU,39.716167,22.912833,2,LAR,75.1,19.0,255.0,2.0,2,5500,0,1,250,0,0,0

STAR,MIK1Z,26C,2
IF,MIK,40.458333,22.991667, ,0.0,0.0,0,0,0,0,0,0,0,0
TF,LAR29,40.096256,22.772092,0, ,0.0,0.0,0.0,0.0,0,0,0,0,0,0,0,0
TF,D021L,39.838836,22.617556,0, ,0.0,0.0,0.0,0.0,0,0,0,0,0,0,0,1
VI,1, ,0.0,79.0,0,0,0,1,250,0,0,0
CF,LASLA,39.817167,22.786167,0,LAR,49.1,16.0,49.0,3.0,2,11000,0,0,0,0,0,0

STAR,PIKO1E,08C,2
IF,PIKOS,39.961667,21.550000, ,0.0,0.0,0,0,0,0,0,0,0,0
TF,LAR28,39.835828,21.950239,0, ,0.0,0.0,0.0,0.0,2,10000,0,0,0,0,0,0
CI,0, ,0.0,109.0,0,0,0,1,250,0,0,0
AF,D263X,39.634828,21.990600,1,LAR,263.0,24.1,289.0,2,8000,0,0,0,0,0,0
AF,LARGU,39.578333,22.000000,1,LAR,254.9,24.1,263.0,0,0,0,0,0,0,0,0
TF,D255R,39.599083,22.128172,1, ,0.0,0.0,0.0,0.0,2,4500,0,1,250,0,0,0
TF,D255O,39.608822,22.191628,0, ,0.0,0.0,0.0,0.0,2,3500,0,0,0,0,0,0
TF,CT08C,39.621753,22.276261,0, ,0.0,0.0,0.0,0.0,0,0,0,0,0,0,0,0

STAR,PIKO1H,08C,2
IF,PIKOS,39.961667,21.550000, ,0.0,0.0,0,0,0,0,0,0,0,0
TF,LAR35,39.880111,21.810056,0, ,0.0,0.0,0.0,0.0,0,0,0,0,0,0,0,0
TF,LAR28,39.835828,21.950239,0, ,0.0,0.0,0.0,0.0,2,10000,0,0,0,0,0,0
TF,D289D,39.682711,22.429494,0, ,0.0,0.0,0.0,0.0,2,8000,0,0,0,0,0,1
CI,0, ,0.0,196.0,0,0,0,1,250,0,0,0
CF,MAKEG,39.507000,22.276667,0,LAR,226.3,14.0,226.0,10.0,0,0,0,0,0,0,0,0

STAR,PIKO1Z,26C,2
IF,PIKOS,39.961667,21.550000, ,0.0,0.0,0,0,0,0,0,0,0,0
TF,D289B,39.669861,22.469339,0, ,0.0,0.0,0.0,0.0,0,0,0,0,0,0,0,1
CF,LASLA,39.817167,22.786167,0,LAR,49.1,16.0,49.0,15.0,2,11000,0,1,250,0,0,0

STAR,YNN1H,08C,2
IF,YNN,39.700033,20.821317, ,0.0,0.0,0,0,0,0,0,0,0,0
TF,LAR64,39.694031,21.128469,0, ,0.0,0.0,0.0,0.0,0,0,0,0,0,0,0,0
TF,D268X,39.672808,21.991581,0, ,0.0,0.0,0.0,0.0,2,12000,0,0,0,0,0,0
TF,D269G,39.661847,22.358228,0, ,0.0,0.0,0.0,0.0,2,8000,0,0,0,0,0,1
CI,2, ,0.0,196.0,0,0,0,1,250,0,0,0
CF,MAKEG,39.507000,22.276667,0,LAR,226.3,14.0,226.0,6.0,0,0,0,0,0,0,0,0

STAR,YNN1Z,26C,2
IF,YNN,39.700033,20.821317, ,0.0,0.0,0,0,0,0,0,0,0,0
TF,LAR64,39.694031,21.128469,0, ,0.0,0.0,0.0,0.0,0,0,0,0,0,0,0,0
TF,LAR,39.657000,22.509167,0, ,0.0,0.0,0.0,0.0,2,12000,0,0,0,0,0,0
TF,LASLA,39.817167,22.786167,0, ,0.0,0.0,0.0,0.0,2,11000,0,1,250,0,0,0

APPTR,Q08CB,08C,LSA
IF,LSA,39.644894,22.462381, ,0.0,0.0,2,5000,0,0,0,0,1,0
TF,FN018,39.537394,22.403456,0, ,0.0,0.0,0.0,0.0,2,3200,0,0,0,0,0,0
FC,FN018,39.537394,22.403456,0,YNN,0.0,0.0,153.0,4.4,0,0,0,0,0,0,0,1
CF,FN018,39.537394,22.403456,2,YNN,93.1,74.0,18.0,5.0,2,3200,0,0,0,0,0,0

FINAL,Q08CB,08C,N,2
IF,FN018,39.537394,22.403456,LSA,0.0,0.0,2,3200,0,0,0,0,2,0
CF,LSA,39.644894,22.462381,0,LSA,0.0,0.0,18.0,7.0,1,980,0,0,0,0,3,0
FA,LSA,39.644894,22.462381,2,YNN,0.0,0.0,128.0,2,3500,0,0,0,0,0,0
DF,LSA,39.644894,22.462381,2, ,0.0,0.0,1,5000,0,0,0,0,0,0
HM,LSA,39.644894,22.462381,1, ,0.0,0.0,128.0,04.3,0,0,0,0,0,0,0,0,0

APPTR,Q08RB,08R,LSA
IF,LSA,39.644894,22.462381, ,0.0,0.0,2,5000,0,0,0,0,1,0
TF,FN018,39.537394,22.403456,0, ,0.0,0.0,0.0,0.0,2,3200,0,0,0,0,0,0
FC,FN018,39.537394,22.403456,0,YNN,0.0,0.0,153.0,4.4,0,0,0,0,0,0,0,1
CF,FN018,39.537394,22.403456,2,YNN,93.1,74.0,18.0,5.0,2,3200,0,0,0,0,0,0

FINAL,Q08RB,08R,N,2
IF,FN018,39.537394,22.403456,LSA,0.0,0.0,2,3200,0,0,0,0,2,0
CF,LSA,39.644894,22.462381,0,LSA,0.0,0.0,18.0,7.0,1,980,0,0,0,0,3,0
FA,LSA,39.644894,22.462381,2,YNN,0.0,0.0,128.0,2,3500,0,0,0,0,0,0
DF,LSA,39.644894,22.462381,2, ,0.0,0.0,1,5000,0,0,0,0,0,0
HM,LSA,39.644894,22.462381,1, ,0.0,0.0,128.0,04.3,0,0,0,0,0,0,0,0,0

APPTR,Q08RZ,08R,LSA
IF,LSA,39.644894,22.462381, ,0.0,0.0,2,6000,0,0,0,0,1,0
CF,D242B,39.672500,22.547167,0,MKR,196.1,54.3,62.0,4.3,2,5200,0,1,200,0,0,1
CF,LSA,39.644894,22.462381,2,MKR,199.2,57.4,282.0,4.0,2,5200,0,0,0,0,0,0
CF,D094N,39.676333,22.207500,0,MKR,210.0,61.5,274.0,12.0,2,3500,0,1,200,0,0,1
CF,CF08R,39.625311,22.210158,1,MKR,208.4,64.0,79.0,1.0,2,3500,0,0,0,0,1,0

FINAL,Q08RZ,08R,N,4
IF,CF08R,39.625311,22.210158,LSA,0.0,0.0,2,3500,0,0,0,0,0,0
CF,FF08R,39.635333,22.338333,0,LSA,0.0,0.0,79.0,6.0,2,2100,0,0,0,0,2,0
CF,60DME,39.638667,22.381333,0,LSA,0.0,0.0,79.0,2.0,2,1400,0,0,0,0,0,0
CF,RW08R,39.646053,22.448525,0,LAR,0.0,2.9,79.0,3.1,1,283,0,0,0,0,3,0
CF,LSA,39.644894,22.462381,0,MKR,199.2,57.4,79.0,0.7,0,0,0,0,0,0,0,1
CF,D262E,39.651167,22.617000,0,MKR,192.5,54.5,82.0,7.2,0,0,0,0,0,0,0,1
CF,LSA,39.644894,22.462381,2,MKR,199.2,57.4,294.0,7.0,1,6000,0,1,185,0,0,0
HM,LSA,39.644894,22.462381,2, ,0.0,0.0,62.0,04.3,2,6000,0,0,0,0,0,0,0

APPTR,Q26CB,26C,LSA
IF,LSA,39.644894,22.462381, ,0.0,0.0,2,5000,0,0,0,0,1,0
TF,FN018,39.537394,22.403456,0, ,0.0,0.0,0.0,0.0,2,3200,0,0,0,0,0,0
FC,FN018,39.537394,22.403456,0,YNN,0.0,0.0,153.0,4.4,0,0,0,0,0,0,0,1
CF,FN018,39.537394,22.403456,2,YNN,93.1,74.0,18.0,5.0,2,3200,0,0,0,0,0,0

FINAL,Q26CB,26C,N,2
IF,FN018,39.537394,22.403456,LSA,0.0,0.0,2,3200,0,0,0,0,2,0
CF,LSA,39.644894,22.462381,0,LSA,0.0,0.0,18.0,7.0,1,980,0,0,0,0,3,0
FA,LSA,39.644894,22.462381,2,YNN,0.0,0.0,128.0,2,3500,0,0,0,0,0,0
DF,LSA,39.644894,22.462381,2, ,0.0,0.0,1,5000,0,0,0,0,0,0
HM,LSA,39.644894,22.462381,1, ,0.0,0.0,128.0,04.3,0,0,0,0,0,0,0,0,0

APPTR,Q26LB,26L,LSA
IF,LSA,39.644894,22.462381, ,0.0,0.0,2,5000,0,0,0,0,1,0
TF,FN018,39.537394,22.403456,0, ,0.0,0.0,0.0,0.0,2,3200,0,0,0,0,0,0
FC,FN018,39.537394,22.403456,0,YNN,0.0,0.0,153.0,4.4,0,0,0,0,0,0,0,1
CF,FN018,39.537394,22.403456,2,YNN,93.1,74.0,18.0,5.0,2,3200,0,0,0,0,0,0

FINAL,Q26LB,26L,N,2
IF,FN018,39.537394,22.403456,LSA,0.0,0.0,2,3200,0,0,0,0,2,0
CF,LSA,39.644894,22.462381,0,LSA,0.0,0.0,18.0,7.0,1,980,0,0,0,0,3,0
FA,LSA,39.644894,22.462381,2,YNN,0.0,0.0,128.0,2,3500,0,0,0,0,0,0
DF,LSA,39.644894,22.462381,2, ,0.0,0.0,1,5000,0,0,0,0,0,0
HM,LSA,39.644894,22.462381,1, ,0.0,0.0,128.0,04.3,0,0,0,0,0,0,0,0,0

APPTR,T08C,08C,MAKEG
IF,MAKEG,39.507000,22.276667, ,0.0,0.0,2,5000,0,0,0,0,1,0
CF,D226O,39.495900,22.261767,0,LAR,226.0,15.0,226.0,1.0,2,5000,0,0,0,0,0,0
CF,D226R,39.463617,22.212422,0,LAR,226.0,18.0,226.0,3.0,2,4500,0,1,250,0,0,0
AF,D255R,39.599083,22.128172,2,LAR,255.0,18.0,226.0,2,4500,0,1,250,0,0,0
CF,D255O,39.608822,22.191628,0,LAR,255.0,15.0,75.0,3.0,2,3500,0,0,0,0,1,0
CF,CT08C,39.621753,22.276261,0,LAR,255.0,11.0,75.0,4.0,2,2300,0,0,0,0,0,0

FINAL,T08C,08C,D,3
IF,CT08C,39.621753,22.276261,LAR,255.0,11.0,2,2300,0,0,0,0,0,0
CF,FT08C,39.631411,22.339756,0,LAR,255.0,8.0,75.0,3.0,2,1800,0,0,0,0,2,0
CF,RW08C,39.647492,22.446464,0,LAR,254.9,3.0,75.0,5.0,1,290,0,0,0,0,3,0
CF,LAR,39.657000,22.509167,0,LAR,0.0,0.0,75.0,3.0,0,0,0,0,0,0,0,1
CI,2, ,0.0,260.0,0,0,0,1,250,0,0,0
CF,MAKEG,39.507000,22.276667,0,LAR,226.3,14.0,226.0,8.0,2,5000,0,0,0,0,0,0
HM,MAKEG,39.507000,22.276667,2, ,0.0,0.0,226.0,05,3,10000,0,1,250,0,0,0,0

APPTR,T08R,08R,AGISA
IF,AGISA,39.733333,23.348333, ,0.0,0.0,0,0,0,0,0,0,0,0
TF,LAR,39.657000,22.509167,0, ,0.0,0.0,0.0,0.0,2,6000,0,0,0,0,0,0
CF,MAKEG,39.507000,22.276667,0,LAR,226.3,14.0,226.0,14.0,4,10000,5000,0,0,0,1,0
CF,D226R,39.463617,22.212422,0,LAR,226.0,18.0,226.0,4.0,0,0,0,0,0,0,0,0
AF,D253R,39.588842,22.131044,2,LAR,253.0,18.0,226.0,2,4500,0,0,0,0,0,0
CF,D253O,39.600286,22.194014,0,LAR,253.0,15.0,73.0,3.0,2,3500,0,0,0,0,0,0
CF,CT08R,39.615492,22.278003,0,LAR,253.0,11.0,73.0,4.0,2,2300,0,0,0,0,0,0

APPTR,T08R,08R,ANL1
IF,ANL,39.213667,22.744167, ,0.0,0.0,0,0,0,0,0,0,0,0
TF,D153L,39.472697,22.610083,0, ,0.0,0.0,0.0,0.0,2,6000,0,0,0,0,0,0
CF,LAR,39.657000,22.509167,0,LAR,0.0,0.0,333.0,12.0,2,5000,0,0,0,0,0,0
CF,MAKEG,39.507000,22.276667,1,LAR,226.3,14.0,226.0,14.0,4,10000,5000,0,0,0,1,0
CF,D226R,39.463617,22.212422,0,LAR,226.0,18.0,226.0,4.0,0,0,0,0,0,0,0,0
AF,D253R,39.588842,22.131044,2,LAR,253.0,18.0,226.0,2,4500,0,0,0,0,0,0
CF,D253O,39.600286,22.194014,0,LAR,253.0,15.0,73.0,3.0,2,3500,0,0,0,0,0,0
CF,CT08R,39.615492,22.278003,0,LAR,253.0,11.0,73.0,4.0,2,2300,0,0,0,0,0,0

APPTR,T08R,08R,ANL2
IF,ANL,39.213667,22.744167, ,0.0,0.0,0,0,0,0,0,0,0,0
TF,D153L,39.472697,22.610083,0, ,0.0,0.0,0.0,0.0,2,6000,0,0,0,0,0,0
CI,0, ,0.0,333.0,0,0,0,0,0,0,0,0
AF,D226J,39.549658,22.344106,2,LAR,226.0,10.0,153.0,2,5000,0,0,0,0,0,0
CF,MAKEG,39.507000,22.276667,0,LAR,226.3,14.0,226.0,4.0,4,10000,5000,0,0,0,1,0
CF,D226R,39.463617,22.212422,0,LAR,226.0,18.0,226.0,4.0,0,0,0,0,0,0,0,0
AF,D253R,39.588842,22.131044,2,LAR,253.0,18.0,226.0,2,4500,0,0,0,0,0,0
CF,D253O,39.600286,22.194014,0,LAR,253.0,15.0,73.0,3.0,2,3500,0,0,0,0,0,0
CF,CT08R,39.615492,22.278003,0,LAR,253.0,11.0,73.0,4.0,2,2300,0,0,0,0,0,0

APPTR,T08R,08R,IOA
IF,IOA,39.693072,20.820947, ,0.0,0.0,0,0,0,0,0,0,0,0
TF,LAR40,39.688717,21.646725,0, ,0.0,0.0,0.0,0.0,2,10000,0,0,0,0,0,0
CF,D269T,39.673658,22.078044,0,LAR,269.0,20.0,89.0,20.0,2,6000,0,0,0,0,1,0
CF,D269R,39.672064,22.121167,0,LAR,269.0,18.0,89.0,2.0,0,0,0,0,0,0,0,0
AF,D253R,39.588842,22.131044,1,LAR,253.0,18.0,269.0,2,4500,0,0,0,0,0,0
CF,D253O,39.600286,22.194014,0,LAR,253.0,15.0,73.0,3.0,2,3500,0,0,0,0,0,0
CF,CT08R,39.615492,22.278003,0,LAR,253.0,11.0,73.0,4.0,2,2300,0,0,0,0,0,0

APPTR,T08R,08R,KOZ
IF,KOZ,40.285133,21.840444, ,0.0,0.0,0,0,0,0,0,0,0,0
TF,D308J,39.768503,22.348533,0, ,0.0,0.0,0.0,0.0,0,0,0,0,0,0,0,0
CF,LAR,39.657000,22.509167,0,LAR,0.0,0.0,128.0,10.0,2,5000,0,0,0,0,0,0
CF,MAKEG,39.507000,22.276667,2,LAR,226.3,14.0,226.0,14.0,4,10000,5000,0,0,0,1,0
CF,D226R,39.463617,22.212422,0,LAR,226.0,18.0,226.0,4.0,0,0,0,0,0,0,0,0
AF,D253R,39.588842,22.131044,2,LAR,253.0,18.0,226.0,2,4500,0,0,0,0,0,0
CF,D253O,39.600286,22.194014,0,LAR,253.0,15.0,73.0,3.0,2,3500,0,0,0,0,0,0
CF,CT08R,39.615492,22.278003,0,LAR,253.0,11.0,73.0,4.0,2,2300,0,0,0,0,0,0

APPTR,T08R,08R,TSL
IF,TSL,40.456808,22.991058, ,0.0,0.0,0,0,0,0,0,0,0,0
TF,D020H,39.778883,22.579508,0, ,0.0,0.0,0.0,0.0,2,9000,0,0,0,0,0,0
CF,LAR,39.657000,22.509167,0,LAR,0.0,0.0,200.0,8.0,2,6000,0,0,0,0,0,0
CF,MAKEG,39.507000,22.276667,0,LAR,226.3,14.0,226.0,14.0,4,10000,5000,0,0,0,1,0
CF,D226R,39.463617,22.212422,0,LAR,226.0,18.0,226.0,4.0,0,0,0,0,0,0,0,0
AF,D253R,39.588842,22.131044,2,LAR,253.0,18.0,226.0,2,4500,0,0,0,0,0,0
CF,D253O,39.600286,22.194014,0,LAR,253.0,15.0,73.0,3.0,2,3500,0,0,0,0,0,0
CF,CT08R,39.615492,22.278003,0,LAR,253.0,11.0,73.0,4.0,2,2300,0,0,0,0,0,0

FINAL,T08R,08R,D,3
IF,CT08R,39.615492,22.278003,LAR,253.0,11.0,2,2300,0,0,0,0,0,0
CF,FT08R,39.626858,22.341019,0,LAR,253.0,8.0,73.0,3.0,2,1600,0,0,0,0,2,0
CF,RW08R,39.646053,22.448525,0,LAR,252.9,2.9,73.0,5.1,1,283,0,0,0,0,3,0
CF,LAR,39.657000,22.509167,0,LAR,0.0,0.0,73.0,2.9,0,0,0,0,0,0,0,1
CI,2, ,0.0,258.0,0,0,0,0,0,0,0,0
CF,MAKEG,39.507000,22.276667,0,LAR,226.3,14.0,226.0,8.0,2,5000,0,0,0,0,0,0
HM,MAKEG,39.507000,22.276667,1, ,0.0,0.0,226.0,04,2,5000,0,1,265,0,0,0,0

APPTR,T26C,26C,LASLA
FD,LASLA,39.817167,22.786167,0,LAR,49.1,19.0,49.0,19.0,2,11000,0,0,0,0,1,0
CF,D049W,39.887203,22.906889,0,LAR,49.0,23.0,49.0,4.0,0,0,0,1,250,0,0,0
AF,D068W,39.774592,22.982025,2,LAR,68.0,23.0,49.0,2,9000,0,1,250,0,0,0
CF,OLIMU,39.716167,22.912833,0,LAR,75.1,19.0,255.0,4.0,2,5500,0,0,0,0,1,0

FINAL,T26C,26C,D,6
IF,OLIMU,39.716167,22.912833,LAR,75.1,19.0,2,5500,0,0,0,0,1,0
CF,TAC11,39.691775,22.742306,0,LAR,75.0,11.0,255.0,8.0,2,4100,0,0,0,0,0,0
CF,80TAC,39.682336,22.678697,0,LAR,75.0,8.0,255.0,3.0,2,3300,0,0,0,0,0,0
CF,FT26C,39.676025,22.636303,0,LAR,75.0,6.0,255.0,2.0,2,2700,0,0,0,0,2,0
CF,40TAC,39.669700,22.593917,0,LAR,75.0,4.0,255.0,2.0,2,2000,0,0,0,0,0,0
CF,LAR,39.657000,22.509167,0,LAR,0.0,0.0,255.0,4.0,1,671,0,0,0,0,3,0
CF,D259O,39.626061,22.188014,0,LAR,259.0,15.0,259.0,15.0,2,3000,0,0,0,0,0,1
DF,LAR,39.657000,22.509167,1, ,0.0,0.0,2,8500,0,0,0,0,0,0
CF,LASLA,39.817167,22.786167,0,LAR,49.1,16.0,49.0,16.0,2,11000,0,0,0,0,0,0
HM,LASLA,39.817167,22.786167,1, ,0.0,0.0,49.0,06,2,11000,0,1,250,0,0,0,0

APPTR,T26L,26L,D044P
FD,D044P,39.835294,22.766425,0,LAR,44.0,19.0,44.0,19.0,2,11000,0,0,0,0,1,0
CF,D044W,39.913119,22.879394,0,LAR,44.0,23.0,44.0,4.0,0,0,0,1,300,0,0,0
AF,D067W,39.780953,22.979314,2,LAR,67.0,23.0,44.0,2,9000,0,1,300,0,0,0
CF,CT26L,39.689019,22.852036,0,LAR,79.0,16.0,259.0,7.0,2,5100,0,0,0,0,1,0

APPTR,T26L,26L,XELAS
IF,XELAS,39.702333,22.981500, ,0.0,0.0,2,8000,0,0,0,0,1,0
TF,CT26L,39.689019,22.852036,0, ,0.0,0.0,0.0,0.0,2,5100,0,0,0,0,1,0

FINAL,T26L,26L,D,5
IF,CT26L,39.689019,22.852036,LAR,79.0,16.0,2,5100,0,0,0,0,0,0
CF,TAC12,39.681108,22.766289,0,LAR,79.0,12.0,259.0,4.0,2,3900,0,0,0,0,0,0
CF,TAC10,39.677131,22.723422,0,LAR,79.0,10.0,259.0,2.0,2,3300,0,0,0,0,0,0
CF,FT26L,39.669125,22.637706,0,LAR,79.0,6.0,259.0,4.0,2,2590,0,0,0,0,2,0
CF,LAR,39.657000,22.509167,0,LAR,0.0,0.0,259.0,6.0,1,685,0,0,0,0,3,0
CF,D259O,39.626061,22.188014,0,LAR,259.0,15.0,259.0,15.0,0,0,0,0,0,0,0,1
DF,LAR,39.657000,22.509167,1, ,0.0,0.0,2,8500,0,0,0,0,0,0
CF,D044P,39.835294,22.766425,0,LAR,44.0,16.0,44.0,16.0,2,11000,0,0,0,0,0,0
HM,D044P,39.835294,22.766425,1, ,0.0,0.0,44.0,08,2,11000,0,1,280,0,0,0,0

