SID,LARK3B,09,1
CA,0,89.0,2,420,0,0,0,0,0,0
VI,2, ,0.0,217.0,0,0,0,0,0,0,0,0
FA,SAM,37.686625,26.907078,0,SAM,0.0,0.0,172.0,2,4000,0,0,0,0,0,0
CF,D172J,37.520164,26.921692,0,SAM,172.0,10.0,172.0,2.0,0,0,0,0,0,0,0,1
CI,0, ,0.0,231.0,0,0,0,0,0,0,0,0
CF,LARKI,37.398889,26.838333,0,SAM,186.8,17.6,186.0,5.0,0,0,0,0,0,0,0,0

SID,LARK3B,27,1
CA,0,269.0,2,420,0,0,0,0,0,0
VI,1, ,0.0,127.0,0,0,0,0,0,0,0,0
FA,SAM,37.686625,26.907078,0,SAM,0.0,0.0,172.0,2,4000,0,0,0,0,0,0
CF,D172J,37.520164,26.921692,0,SAM,172.0,10.0,172.0,2.0,0,0,0,0,0,0,0,1
CI,0, ,0.0,231.0,0,0,0,0,0,0,0,0
CF,LARKI,37.398889,26.838333,0,SAM,186.8,17.6,186.0,5.0,0,0,0,0,0,0,0,0

SID,ORMO2B,09,1
CA,0,89.0,2,420,0,0,0,0,0,0
VI,2, ,0.0,217.0,0,0,0,0,0,0,0,0
FA,SAM,37.686625,26.907078,0,SAM,0.0,0.0,172.0,2,4000,0,0,0,0,0,0
CF,D172J,37.520164,26.921692,0,SAM,172.0,10.0,172.0,2.0,0,0,0,1,210,0,0,1
DF,SAM,37.686625,26.907078,2, ,0.0,0.0,2,6000,0,0,0,0,0,0

SID,ORMO2B,27,1
CA,0,269.0,2,420,0,0,0,0,0,0
VI,1, ,0.0,127.0,0,0,0,0,0,0,0,0
FA,SAM,37.686625,26.907078,0,SAM,0.0,0.0,172.0,2,4000,0,0,0,0,0,0
CF,D172J,37.520164,26.921692,0,SAM,172.0,10.0,172.0,2.0,0,0,0,1,210,0,0,1
DF,SAM,37.686625,26.907078,2, ,0.0,0.0,2,6000,0,0,0,0,0,0

SID,ORMO2B,ALL,2
IF,SAM,37.686625,26.907078, ,0.0,0.0,2,6000,0,0,0,0,0,0
TF,ORMOS,37.842500,26.580833,0, ,0.0,0.0,0.0,0.0,0,0,0,0,0,0,0,0

SID,URNI2B,09,1
CA,0,89.0,2,420,0,0,0,0,0,0
VI,2, ,0.0,217.0,0,0,0,0,0,0,0,0
FA,SAM,37.686625,26.907078,0,SAM,0.0,0.0,172.0,2,4000,0,0,0,0,0,0
CF,D172J,37.520164,26.921692,0,SAM,172.0,10.0,172.0,2.0,0,0,0,1,210,0,0,1
DF,SAM,37.686625,26.907078,2, ,0.0,0.0,2,6000,0,0,0,0,0,0

SID,URNI2B,27,1
CA,0,269.0,2,420,0,0,0,0,0,0
VI,1, ,0.0,127.0,0,0,0,0,0,0,0,0
FA,SAM,37.686625,26.907078,0,SAM,0.0,0.0,172.0,2,4000,0,0,0,0,0,0
CF,D172J,37.520164,26.921692,0,SAM,172.0,10.0,172.0,2.0,0,0,0,1,210,0,0,1
DF,SAM,37.686625,26.907078,2, ,0.0,0.0,2,6000,0,0,0,0,0,0

SID,URNI2B,ALL,2
IF,SAM,37.686625,26.907078, ,0.0,0.0,2,6000,0,0,0,0,0,0
TF,URNIL,37.685000,26.528611,0, ,0.0,0.0,0.0,0.0,0,0,0,0,0,0,0,0

STAR,LARK2A,ALL,2
IF,LARKI,37.398889,26.838333, ,0.0,0.0,0,0,0,0,0,0,0,0
TF,SAM,37.686625,26.907078,0, ,0.0,0.0,0.0,0.0,0,0,0,0,0,0,0,0

STAR,ORMO1C,ALL,2
IF,ORMOS,37.842500,26.580833, ,0.0,0.0,0,0,0,0,0,0,0,0
TF,D296P,37.824339,26.619006,0, ,0.0,0.0,0.0,0.0,0,0,0,0,0,0,0,0
CI,0, ,0.0,116.0,0,0,0,0,0,0,0,0
AF,DELOX,37.510556,26.713333,1,SAM,217.3,14.0,296.0,0,0,0,0,0,0,0,0

STAR,ORMO2A,ALL,2
IF,ORMOS,37.842500,26.580833, ,0.0,0.0,0,0,0,0,0,0,0,0
TF,D296J,37.772781,26.727158,0, ,0.0,0.0,0.0,0.0,0,0,0,0,0,0,0,0
TF,SAM,37.686625,26.907078,0, ,0.0,0.0,0.0,0.0,0,0,0,0,0,0,0,0

STAR,URNI1C,ALL,2
IF,URNIL,37.685000,26.528611, ,0.0,0.0,0,0,0,0,0,0,0,0
TF,D265P,37.685242,26.571136,0, ,0.0,0.0,0.0,0.0,0,0,0,0,0,0,0,0
CI,0, ,0.0,85.0,0,0,0,0,0,0,0,0
AF,DELOX,37.510556,26.713333,1,SAM,217.3,14.0,265.0,0,0,0,0,0,0,0,0

STAR,URNI2A,ALL,2
IF,URNIL,37.685000,26.528611, ,0.0,0.0,0,0,0,0,0,0,0,0
TF,D265J,37.685872,26.697111,0, ,0.0,0.0,0.0,0.0,0,0,0,0,0,0,0,0
TF,SAM,37.686625,26.907078,0, ,0.0,0.0,0.0,0.0,0,0,0,0,0,0,0,0

APPTR,D09-A,09,DELOX
IF,DELOX,37.510556,26.713333, ,0.0,0.0,2,7000,0,0,0,0,1,0
AF,D188N,37.458981,26.841153,1,SAM,188.0,14.0,216.0,2,3000,0,0,0,0,0,0
CF,FD357,37.536111,26.899722,0,SAM,177.2,9.0,357.0,5.0,2,3000,0,0,0,0,0,0

APPTR,D09-A,09,LARKI
IF,LARKI,37.398889,26.838333, ,0.0,0.0,2,4000,0,0,0,0,1,0
CF,D177N,37.452500,26.895556,0,SAM,177.3,14.0,35.0,4.2,2,3000,0,0,0,0,1,0
CF,FD357,37.536111,26.899722,0,SAM,177.2,9.0,357.0,5.0,2,3000,0,0,0,0,0,0

APPTR,D09-A,09,SAM1
IF,SAM,37.686625,26.907078, ,0.0,0.0,2,6000,0,0,0,0,1,0
FD,SAM,37.686625,26.907078,0,SAM,0.0,9.0,159.0,9.0,2,3000,0,1,200,0,0,0
CF,FD357,37.536111,26.899722,2,SAM,177.2,9.0,357.0,1.0,2,3000,0,0,0,0,0,0

APPTR,D09-A,09,SAM2
IF,SAM,37.686625,26.907078, ,0.0,0.0,2,6000,0,0,0,0,1,0
FD,SAM,37.686625,26.907078,0,SAM,0.0,9.0,163.0,9.0,2,3000,0,0,0,0,0,0
CF,FD357,37.536111,26.899722,2,SAM,177.2,9.0,357.0,1.0,2,3000,0,0,0,0,0,0

FINAL,D09-A,09,D,2
IF,FD357,37.536111,26.899722,SAM,177.2,9.0,2,3000,0,0,0,0,2,0
CF,SAM,37.686625,26.907078,0,SAM,0.0,0.0,357.0,9.0,1,2470,0,0,0,0,3,0
FA,SAM,37.686625,26.907078,0,SAM,0.0,0.0,357.0,2,3000,0,0,0,0,0,0
DF,SAM,37.686625,26.907078,2, ,0.0,0.0,1,6000,0,1,185,0,0,0

APPTR,D27-A,27,DELOX
IF,DELOX,37.510556,26.713333, ,0.0,0.0,2,7000,0,0,0,0,1,0
AF,D188N,37.458981,26.841153,1,SAM,188.0,14.0,216.0,2,3000,0,0,0,0,0,0
CF,FD357,37.536111,26.899722,0,SAM,177.2,9.0,357.0,5.0,2,3000,0,0,0,0,0,0

APPTR,D27-A,27,LARKI
IF,LARKI,37.398889,26.838333, ,0.0,0.0,2,4000,0,0,0,0,1,0
CF,D177N,37.452500,26.895556,0,SAM,177.3,14.0,35.0,4.2,2,3000,0,0,0,0,1,0
CF,FD357,37.536111,26.899722,0,SAM,177.2,9.0,357.0,5.0,2,3000,0,0,0,0,0,0

APPTR,D27-A,27,SAM1
IF,SAM,37.686625,26.907078, ,0.0,0.0,2,6000,0,0,0,0,1,0
FD,SAM,37.686625,26.907078,0,SAM,0.0,9.0,159.0,9.0,2,3000,0,1,200,0,0,0
CF,FD357,37.536111,26.899722,2,SAM,177.2,9.0,357.0,1.0,2,3000,0,0,0,0,0,0

APPTR,D27-A,27,SAM2
IF,SAM,37.686625,26.907078, ,0.0,0.0,2,6000,0,0,0,0,1,0
FD,SAM,37.686625,26.907078,0,SAM,0.0,9.0,163.0,9.0,2,3000,0,0,0,0,0,0
CF,FD357,37.536111,26.899722,2,SAM,177.2,9.0,357.0,1.0,2,3000,0,0,0,0,0,0

FINAL,D27-A,27,D,2
IF,FD357,37.536111,26.899722,SAM,177.2,9.0,2,3000,0,0,0,0,2,0
CF,SAM,37.686625,26.907078,0,SAM,0.0,0.0,357.0,9.0,1,2470,0,0,0,0,3,0
FA,SAM,37.686625,26.907078,0,SAM,0.0,0.0,357.0,2,3000,0,0,0,0,0,0
DF,SAM,37.686625,26.907078,2, ,0.0,0.0,1,6000,0,1,185,0,0,0

