SID,KORO1F,35,2
CA,0,351.0,2,450,0,0,0,0,0,0
CF,D336K,39.150858,24.413389,0,SKS,336.0,11.0,336.0,11.0,0,0,0,1,210,0,0,1
CI,2, ,0.0,134.0,0,0,0,0,0,0,0,0
CF,D050N,39.111667,24.736111,0,SKP,90.2,52.5,89.0,9.0,2,10000,0,0,0,0,0,0
TF,KOROS,39.099722,24.915833,0, ,0.0,0.0,0.0,0.0,0,0,0,0,0,0,0,0

SID,KORO1G,35,2
CA,0,351.0,2,450,0,0,0,0,0,0
CF,D336G,39.087781,24.441333,0,SKS,336.0,7.0,336.0,7.0,0,0,0,1,210,0,0,1
DF,SKS,38.977378,24.490119,1, ,0.0,0.0,2,6700,0,0,0,0,0,0
TF,D112J,38.901483,24.680347,0, ,0.0,0.0,0.0,0.0,2,8000,0,1,230,0,0,1
CF,D092Q,38.942500,24.855278,0,SKS,91.9,17.2,57.0,9.0,0,0,0,0,0,0,0,0
TF,KOROS,39.099722,24.915833,0, ,0.0,0.0,0.0,0.0,0,0,0,0,0,0,0,0

SID,NEVR1D,35,2
CA,0,351.0,2,450,0,0,0,0,0,0
CF,D336G,39.087781,24.441333,0,SKS,336.0,7.0,336.0,7.0,0,0,0,1,210,0,0,1
DF,SKS,38.977378,24.490119,1, ,0.0,0.0,2,6700,0,0,0,0,0,0
TF,D112L,38.886267,24.718344,0, ,0.0,0.0,0.0,0.0,2,8000,0,1,230,0,0,1
CF,D122R,38.794722,24.798333,0,SKS,122.1,18.1,147.0,6.0,0,0,0,0,0,0,0,0
TF,NEVRA,38.168333,24.560278,0, ,0.0,0.0,0.0,0.0,0,0,0,0,0,0,0,0

SID,SKP1B,35,2
CA,0,351.0,2,450,0,0,0,0,0,0
CF,D336M,39.182394,24.399400,0,SKS,336.0,13.0,336.0,13.0,0,0,0,1,210,0,0,1
CI,1, ,0.0,224.0,0,0,0,0,0,0,0,0
CF,D089R,39.157778,24.006389,0,SKP,89.0,18.2,269.0,12.0,2,10000,0,0,0,0,0,0
TF,SKP,39.180642,23.615931,0, ,0.0,0.0,0.0,0.0,0,0,0,0,0,0,0,0

STAR,AMIS1A,17,2
IF,AMISI,38.846667,24.818333, ,0.0,0.0,0,0,0,0,0,0,0,0
TF,D112L,38.886267,24.718344,0, ,0.0,0.0,0.0,0.0,0,0,0,0,0,0,0,0
TF,SKS,38.977378,24.490119,0, ,0.0,0.0,0.0,0.0,0,0,0,0,0,0,0,0
TF,D328Q,39.230833,24.325000,0, ,0.0,0.0,0.0,0.0,0,0,0,1,230,0,0,1
CF,OLAXO,39.155833,24.433333,2,SKS,341.1,11.0,161.0,6.0,0,0,0,0,0,0,0,0

STAR,ATRO1A,17,2
IF,ATROX,39.111667,24.735833, ,0.0,0.0,0,0,0,0,0,0,0,0
TF,D035K,39.117853,24.641536,0, ,0.0,0.0,0.0,0.0,0,0,0,0,0,0,0,0
AF,D351K,39.160433,24.473675,1,SKS,351.0,11.0,35.0,0,0,0,1,230,0,0,0
AF,OLAXO,39.155833,24.433333,1,SKS,341.1,11.0,351.0,0,0,0,0,0,0,0,0

STAR,ATRO1B,17,2
IF,ATROX,39.111667,24.735833, ,0.0,0.0,0,0,0,0,0,0,0,0
TF,D050B,38.996558,24.525100,0, ,0.0,0.0,0.0,0.0,0,0,0,0,0,0,0,1
CF,D328Q,39.230833,24.325000,2,SKS,328.1,17.0,328.0,15.0,0,0,0,1,230,0,0,1
CF,OLAXO,39.155833,24.433333,2,SKS,341.1,11.0,161.0,6.0,0,0,0,0,0,0,0,0

STAR,ETEK1A,17,2
IF,ETEKA,39.157778,24.006389, ,0.0,0.0,0,0,0,0,0,0,0,0
TF,D291R,39.107167,24.142886,0, ,0.0,0.0,0.0,0.0,0,0,0,0,0,0,0,0
CI,0, ,0.0,111.0,0,0,0,1,230,0,0,0
AF,D334P,39.226500,24.367139,2,SKS,334.0,16.0,291.0,0,0,0,0,0,0,0,0
CF,OLAXO,39.155833,24.433333,2,SKS,341.1,11.0,161.0,3.0,0,0,0,0,0,0,0,0

STAR,URUD1A,17,2
IF,URUDI,38.610278,24.522500, ,0.0,0.0,0,0,0,0,0,0,0,0
TF,SKS,38.977378,24.490119,0, ,0.0,0.0,0.0,0.0,0,0,0,0,0,0,0,0
TF,D328Q,39.230833,24.325000,0, ,0.0,0.0,0.0,0.0,0,0,0,1,230,0,0,1
CF,OLAXO,39.155833,24.433333,2,SKS,341.1,11.0,161.0,6.0,0,0,0,0,0,0,0,0

APPTR,D17,17,OLAXO
HF,OLAXO,39.155833,24.433333,2, ,0.0,0.0,161.0,06,2,3000,0,1,230,0,1,0,0

FINAL,D17,17,D,3
IF,OLAXO,39.155833,24.433333,SKS,341.1,11.0,2,3000,0,0,0,0,0,0
CF,FD17,39.074758,24.459194,0,SKS,341.1,6.0,161.0,5.0,2,1900,0,0,0,0,2,0
CF,MD17,38.993608,24.484972,0,SKS,341.1,1.0,161.0,5.0,1,330,0,0,0,0,3,0
CA,0,161.0,2,450,0,0,0,0,0,0
CI,2, ,0.0,13.0,0,0,0,1,200,0,0,0
CF,D328Q,39.230833,24.325000,0,SKS,328.1,17.0,328.0,13.0,1,3000,0,0,0,0,0,1
CF,OLAXO,39.155833,24.433333,2,SKS,341.1,11.0,161.0,6.0,0,0,0,1,230,0,0,0
HM,OLAXO,39.155833,24.433333,2, ,0.0,0.0,161.0,06,2,3000,0,1,230,0,0,0,0

