SID,DOGU6A,15,2
VA,0,154.0,2,1100,0,0,0,0,0,0
CF,DOGUS,41.020000,15.703333,0,FGG,160.4,25.8,159.0,25.0,2,11000,0,0,0,0,0,0

SID,DOGU6B,33,2
VA,0,334.0,2,1000,0,0,0,0,0,0
CI,1, ,0.0,114.0,0,0,0,1,210,0,0,0
CF,DOGUS,41.020000,15.703333,0,FGG,160.4,25.8,159.0,24.0,2,11000,0,0,0,0,0,0

SID,EKTO6A,15,2
VA,0,154.0,2,1100,0,0,0,0,0,0
CI,2, ,0.0,262.0,0,0,0,1,210,0,0,0
CF,EKTOL,41.107778,15.171389,0,FGG,218.3,25.3,216.0,22.0,2,11000,0,0,0,0,0,0

SID,EKTO6B,33,2
VA,0,334.0,2,1000,0,0,0,0,0,0
CI,1, ,0.0,148.0,0,0,0,1,210,0,0,0
CF,EKTOL,41.107778,15.171389,0,FGG,218.3,25.3,216.0,22.0,2,11000,0,0,0,0,0,0

SID,URIP6A,15,2
VA,0,154.0,2,1100,0,0,0,0,0,0
CI,2, ,0.0,10.0,0,0,0,1,210,0,0,0
CF,URIPI,41.875833,15.184722,0,FGG,327.9,31.0,326.0,28.0,2,11000,0,0,0,0,0,0

SID,URIP6B,33,2
VA,0,334.0,2,1000,0,0,0,0,0,0
CF,URIPI,41.875833,15.184722,0,FGG,327.9,31.0,326.0,29.0,2,11000,0,1,210,0,0,0

STAR,DOGU1A,ALL,2
IF,DOGUS,41.020000,15.703333, ,0.0,0.0,0,0,0,0,0,0,0,0
TF,D159I,41.286439,15.591689,0, ,0.0,0.0,0.0,0.0,0,0,0,0,0,0,0,0
TF,FGG,41.429472,15.531361,0, ,0.0,0.0,0.0,0.0,0,0,0,0,0,0,0,0

STAR,EKTO1A,ALL,2
IF,EKTOL,41.107778,15.171389, ,0.0,0.0,0,0,0,0,0,0,0,0
TF,D216E,41.365850,15.459786,0, ,0.0,0.0,0.0,0.0,0,0,0,0,0,0,0,0
TF,FGG,41.429472,15.531361,0, ,0.0,0.0,0.0,0.0,0,0,0,0,0,0,0,0

STAR,URIP1A,ALL,2
IF,URIPI,41.875833,15.184722, ,0.0,0.0,0,0,0,0,0,0,0,0
TF,D326K,41.588094,15.408819,0, ,0.0,0.0,0.0,0.0,0,0,0,0,0,0,0,0
TF,D326E,41.501589,15.475733,0, ,0.0,0.0,0.0,0.0,0,0,0,0,0,0,0,0
TF,FGG,41.429472,15.531361,0, ,0.0,0.0,0.0,0.0,0,0,0,0,0,0,0,0

APPTR,D33,33,FGG1
IF,FGG,41.429472,15.531361, ,0.0,0.0,2,3000,0,0,0,0,0,0
FD,FGG,41.429472,15.531361,0,FGG,0.0,8.0,112.0,8.0,2,2200,0,1,240,0,0,0
CF,FS33,41.346872,15.613928,2,FGG,141.0,6.2,321.0,1.8,2,2200,0,0,0,0,0,0

APPTR,D33,33,FGG2
IF,FGG,41.429472,15.531361, ,0.0,0.0,2,3000,0,0,0,0,0,0
FD,FGG,41.429472,15.531361,0,FGG,0.0,8.0,126.0,8.0,2,2200,0,0,0,0,0,0
CF,FS33,41.346872,15.613928,2,FGG,141.0,6.2,321.0,1.8,2,2200,0,0,0,0,0,0

FINAL,D33,33,D,2
IF,FS33,41.346872,15.613928,FGG,141.0,6.2,2,2200,0,0,0,0,2,0
CF,MS33,41.416181,15.544692,0,FGG,141.0,1.0,321.0,5.2,1,556,0,0,0,0,3,0
FA,MS33,41.416181,15.544692,0,FGG,0.0,0.0,321.0,2,1800,0,0,0,0,0,0
DF,FGG,41.429472,15.531361,1, ,0.0,0.0,1,3000,0,1,240,0,0,0
HM,FGG,41.429472,15.531361,2, ,0.0,0.0,112.0,04.3,0,0,0,1,210,0,0,0,0

