SID,ASPI6R,04,5
CF,BP601,42.487681,14.241425,0,PES,35.3,4.0,34.0,4.0,0,0,0,1,210,0,0,1
DF,BP605,42.323714,14.051397,2, ,0.0,0.0,2,9000,0,0,0,0,0,0
TF,ASPIR,42.188889,13.737500,0, ,0.0,0.0,0.0,0.0,2,13000,0,0,0,0,0,0

SID,ASPI6S,22,5
CF,BP611,42.382014,14.132031,0,PES,211.7,4.0,214.0,3.0,0,0,0,1,200,0,0,1
DF,BP612,42.413550,14.025036,2, ,0.0,0.0,0,0,0,1,200,0,0,0
TF,BP613,42.461642,14.098683,0, ,0.0,0.0,0.0,0.0,0,0,0,1,200,0,0,0
TF,BP614,42.420136,14.171422,0, ,0.0,0.0,0.0,0.0,2,5000,0,1,200,0,0,0
TF,BP605,42.323714,14.051397,2, ,0.0,0.0,0.0,0.0,2,9000,0,0,0,0,0,0
TF,ASPIR,42.188889,13.737500,0, ,0.0,0.0,0.0,0.0,2,13000,0,0,0,0,0,0

SID,ASPI7F,04,2
CA,0,34.0,2,450,0,0,0,0,0,0
CF,D032D,42.490028,14.236656,0,PES,31.6,4.0,32.0,3.0,2,1000,0,0,0,0,0,1
DF,PES,42.435833,14.184167,2, ,0.0,0.0,2,5000,0,1,210,0,0,0
TF,D230K,42.326489,13.985567,0, ,0.0,0.0,0.0,0.0,2,9000,0,0,0,0,0,0
TF,ASPIR,42.188889,13.737500,0, ,0.0,0.0,0.0,0.0,2,13000,0,0,0,0,0,0

SID,ASPI7G,22,2
CA,0,214.0,2,450,0,0,0,0,0,0
CF,D213D,42.382558,14.130028,0,PES,213.0,4.0,213.0,3.0,2,1000,0,0,0,0,0,1
DF,PES,42.435833,14.184167,2, ,0.0,0.0,2,2500,0,1,200,0,0,1
TF,D083D,42.439286,14.274078,0, ,0.0,0.0,0.0,0.0,0,0,0,0,0,0,0,1
DF,PES,42.435833,14.184167,1, ,0.0,0.0,2,5000,0,0,0,0,0,0
TF,D230K,42.326489,13.985567,0, ,0.0,0.0,0.0,0.0,2,9000,0,0,0,0,0,0
TF,ASPIR,42.188889,13.737500,0, ,0.0,0.0,0.0,0.0,2,13000,0,0,0,0,0,0

SID,ASPI8F,04,2
CA,0,34.0,2,450,0,0,0,0,0,0
CF,D032D,42.490028,14.236656,0,PES,31.6,4.0,32.0,3.0,2,1000,0,0,0,0,0,1
DF,PES,42.435833,14.184167,2, ,0.0,0.0,2,5000,0,1,210,0,0,0
TF,D230K,42.326489,13.985567,0, ,0.0,0.0,0.0,0.0,2,9000,0,0,0,0,0,0
TF,ASPIR,42.188889,13.737500,0, ,0.0,0.0,0.0,0.0,2,13000,0,0,0,0,0,0

SID,ASPI8G,22,2
CA,0,214.0,2,450,0,0,0,0,0,0
CF,D213D,42.382558,14.130028,0,PES,213.0,4.0,213.0,3.0,2,1000,0,0,0,0,0,1
DF,PES,42.435833,14.184167,2, ,0.0,0.0,2,2500,0,1,200,0,0,1
TF,D083D,42.439286,14.274078,0, ,0.0,0.0,0.0,0.0,0,0,0,0,0,0,0,1
DF,PES,42.435833,14.184167,1, ,0.0,0.0,2,5000,0,0,0,0,0,0
TF,D230K,42.326489,13.985567,0, ,0.0,0.0,0.0,0.0,2,9000,0,0,0,0,0,0
TF,ASPIR,42.188889,13.737500,0, ,0.0,0.0,0.0,0.0,2,13000,0,0,0,0,0,0

SID,ERPO6R,04,5
CF,BP601,42.487681,14.241425,0,PES,35.3,4.0,34.0,4.0,0,0,0,0,0,0,0,1
DF,BP604,42.450892,14.517800,0, ,0.0,0.0,2,5000,0,0,0,0,0,0
TF,BP435,42.459686,14.723722,0, ,0.0,0.0,0.0,0.0,2,9500,0,0,0,0,0,0
TF,ERPOG,42.478333,15.202500,0, ,0.0,0.0,0.0,0.0,2,14000,0,0,0,0,0,0

SID,ERPO6S,22,5
CF,BP611,42.382014,14.132031,0,PES,211.7,4.0,214.0,3.0,0,0,0,1,200,0,0,1
DF,BP612,42.413550,14.025036,2, ,0.0,0.0,0,0,0,1,200,0,0,0
TF,BP613,42.461642,14.098683,0, ,0.0,0.0,0.0,0.0,0,0,0,1,200,0,0,0
TF,BP614,42.420136,14.171422,0, ,0.0,0.0,0.0,0.0,2,5000,0,0,0,0,0,0
TF,BP615,42.359000,14.278233,0, ,0.0,0.0,0.0,0.0,0,0,0,0,0,0,0,0
TF,BP435,42.459686,14.723722,0, ,0.0,0.0,0.0,0.0,2,9500,0,0,0,0,0,0
TF,ERPOG,42.478333,15.202500,0, ,0.0,0.0,0.0,0.0,2,14000,0,0,0,0,0,0

SID,ERPO8F,04,2
CA,0,34.0,2,450,0,0,0,0,0,0
CF,D032D,42.490028,14.236656,0,PES,31.6,4.0,32.0,3.0,2,1000,0,0,0,0,0,1
CI,0, ,0.0,118.0,0,0,0,1,210,0,0,0
CF,D083N,42.449933,14.498736,0,PES,82.4,14.0,83.0,5.0,2,5000,0,0,0,0,0,0
TF,D083X,42.459475,14.723514,0, ,0.0,0.0,0.0,0.0,2,8500,0,0,0,0,0,0
TF,ERPOG,42.478333,15.202500,0, ,0.0,0.0,0.0,0.0,0,0,0,0,0,0,0,0

SID,ERPO8G,22,2
CA,0,214.0,2,450,0,0,0,0,0,0
CF,D213D,42.382558,14.130028,0,PES,213.0,4.0,213.0,3.0,2,1000,0,0,0,0,0,1
DF,PES,42.435833,14.184167,2, ,0.0,0.0,2,2500,0,1,200,0,0,0
TF,D083N,42.449933,14.498736,0, ,0.0,0.0,0.0,0.0,2,5000,0,0,0,0,0,0
TF,D083X,42.459475,14.723514,0, ,0.0,0.0,0.0,0.0,2,8500,0,0,0,0,0,0
TF,ERPOG,42.478333,15.202500,0, ,0.0,0.0,0.0,0.0,0,0,0,0,0,0,0,0

SID,ERPO9F,04,2
CA,0,34.0,2,450,0,0,0,0,0,0
CF,D032D,42.490028,14.236656,0,PES,31.6,4.0,32.0,3.0,2,1000,0,0,0,0,0,1
CI,0, ,0.0,118.0,0,0,0,1,210,0,0,0
CF,D083N,42.449933,14.498736,0,PES,82.4,14.0,83.0,5.0,2,5000,0,0,0,0,0,0
TF,D083X,42.459475,14.723514,0, ,0.0,0.0,0.0,0.0,2,8500,0,0,0,0,0,0
TF,ERPOG,42.478333,15.202500,0, ,0.0,0.0,0.0,0.0,0,0,0,0,0,0,0,0

SID,ERPO9G,22,2
CA,0,214.0,2,450,0,0,0,0,0,0
CF,D213D,42.382558,14.130028,0,PES,213.0,4.0,213.0,3.0,2,1000,0,0,0,0,0,1
DF,PES,42.435833,14.184167,2, ,0.0,0.0,2,2500,0,1,200,0,0,0
TF,D083N,42.449933,14.498736,0, ,0.0,0.0,0.0,0.0,2,5000,0,0,0,0,0,0
TF,D083X,42.459475,14.723514,0, ,0.0,0.0,0.0,0.0,2,8500,0,0,0,0,0,0
TF,ERPOG,42.478333,15.202500,0, ,0.0,0.0,0.0,0.0,0,0,0,0,0,0,0,0

SID,INKI6R,04,5
CF,BP601,42.487681,14.241425,0,PES,35.3,4.0,34.0,4.0,0,0,0,0,0,0,0,1
DF,BP602,42.714247,14.191739,0, ,0.0,0.0,2,6000,0,0,0,0,0,0
TF,INKIM,42.835833,14.165278,0, ,0.0,0.0,0.0,0.0,0,0,0,0,0,0,0,0

SID,INKI6S,22,5
CF,BP611,42.382014,14.132031,0,PES,211.7,4.0,214.0,3.0,0,0,0,1,200,0,0,1
DF,BP612,42.413550,14.025036,2, ,0.0,0.0,0,0,0,1,200,0,0,0
TF,BP616,42.489464,14.098978,0, ,0.0,0.0,0.0,0.0,0,0,0,0,0,0,0,0
TF,BP617,42.680611,14.135536,0, ,0.0,0.0,0.0,0.0,2,6000,0,0,0,0,0,0
TF,INKIM,42.835833,14.165278,0, ,0.0,0.0,0.0,0.0,0,0,0,0,0,0,0,0

SID,INKI8F,04,2
CA,0,34.0,2,450,0,0,0,0,0,0
CF,D032D,42.490028,14.236656,0,PES,31.6,4.0,32.0,3.0,2,1000,0,0,0,0,0,1
CI,0, ,0.0,318.0,0,0,0,0,0,0,0,0
CF,D354N,42.669103,14.173181,0,PES,354.0,14.0,354.0,7.0,2,5000,0,0,0,0,0,0
TF,INKIM,42.835833,14.165278,0, ,0.0,0.0,0.0,0.0,0,0,0,0,0,0,0,0

SID,INKI8G,22,2
CA,0,214.0,2,450,0,0,0,0,0,0
CF,D213D,42.382558,14.130028,0,PES,213.0,4.0,213.0,3.0,2,1000,0,0,0,0,0,1
CI,2, ,0.0,43.0,0,0,0,1,200,0,0,0
CF,D354N,42.669103,14.173181,0,PES,354.0,14.0,354.0,11.0,2,5000,0,0,0,0,0,0
TF,INKIM,42.835833,14.165278,0, ,0.0,0.0,0.0,0.0,0,0,0,0,0,0,0,0

SID,INKI9F,04,2
CA,0,34.0,2,450,0,0,0,0,0,0
CF,D032D,42.490028,14.236656,0,PES,31.6,4.0,32.0,3.0,2,1000,0,0,0,0,0,1
CI,0, ,0.0,318.0,0,0,0,0,0,0,0,0
CF,D354N,42.669103,14.173181,0,PES,354.0,14.0,354.0,7.0,2,5000,0,0,0,0,0,0
TF,INKIM,42.835833,14.165278,0, ,0.0,0.0,0.0,0.0,0,0,0,0,0,0,0,0

SID,INKI9G,22,2
CA,0,214.0,2,450,0,0,0,0,0,0
CF,D213D,42.382558,14.130028,0,PES,213.0,4.0,213.0,3.0,2,1000,0,0,0,0,0,1
CI,2, ,0.0,43.0,0,0,0,1,200,0,0,0
CF,D354N,42.669103,14.173181,0,PES,354.0,14.0,354.0,11.0,2,5000,0,0,0,0,0,0
TF,INKIM,42.835833,14.165278,0, ,0.0,0.0,0.0,0.0,0,0,0,0,0,0,0,0

SID,OTRE6R,04,5
CF,BP601,42.487681,14.241425,0,PES,35.3,4.0,34.0,4.0,0,0,0,0,0,0,0,1
DF,OTRET,42.694444,14.026667,0, ,0.0,0.0,2,9000,0,0,0,0,0,0

SID,OTRE6S,22,5
CF,BP611,42.382014,14.132031,0,PES,211.7,4.0,214.0,3.0,0,0,0,1,200,0,0,1
DF,BP612,42.413550,14.025036,2, ,0.0,0.0,0,0,0,1,200,0,0,0
TF,BP616,42.489464,14.098978,0, ,0.0,0.0,0.0,0.0,0,0,0,0,0,0,0,0
TF,OTRET,42.694444,14.026667,0, ,0.0,0.0,0.0,0.0,2,9000,0,0,0,0,0,0

SID,OTRE7G,22,2
CA,0,214.0,2,450,0,0,0,0,0,0
CF,D213D,42.382558,14.130028,0,PES,213.0,4.0,213.0,3.0,2,1000,0,0,0,0,0,0
CR,2,PES,307.0,43.0,0,0,0,1,200,0,0,0
CF,OTRET,42.694444,14.026667,0,PES,331.8,17.0,332.0,14.0,2,9000,0,0,0,0,0,0

SID,OTRE7K,04,2
CA,0,34.0,2,450,0,0,0,0,0,0
CF,D032D,42.490028,14.236656,0,PES,31.6,4.0,32.0,3.0,2,1000,0,0,0,0,0,1
DF,PES,42.435833,14.184167,2, ,0.0,0.0,2,5000,0,1,210,0,0,0
TF,OTRET,42.694444,14.026667,0, ,0.0,0.0,0.0,0.0,2,9000,0,0,0,0,0,0

SID,OTRE8F,04,2
CA,0,34.0,2,450,0,0,0,0,0,0
CF,D032D,42.490028,14.236656,0,PES,31.6,4.0,32.0,3.0,2,1000,0,0,0,0,0,1
CI,1, ,0.0,298.0,0,0,0,0,0,0,0,0
CF,OTRET,42.694444,14.026667,0,PES,331.8,17.0,332.0,7.0,2,9000,0,0,0,0,0,0

SID,OTRE8G,22,2
CA,0,214.0,2,450,0,0,0,0,0,0
CF,D213D,42.382558,14.130028,0,PES,213.0,4.0,213.0,3.0,2,1000,0,0,0,0,0,0
CR,2,PES,307.0,43.0,0,0,0,1,200,0,0,0
CF,OTRET,42.694444,14.026667,0,PES,331.8,17.0,332.0,14.0,2,9000,0,0,0,0,0,0

SID,OTRE8K,04,2
CA,0,34.0,2,450,0,0,0,0,0,0
CF,D032D,42.490028,14.236656,0,PES,31.6,4.0,32.0,3.0,2,1000,0,0,0,0,0,1
DF,PES,42.435833,14.184167,2, ,0.0,0.0,2,5000,0,1,210,0,0,0
TF,OTRET,42.694444,14.026667,0, ,0.0,0.0,0.0,0.0,2,9000,0,0,0,0,0,0

SID,OTRE9F,04,2
CA,0,34.0,2,450,0,0,0,0,0,0
CF,D032D,42.490028,14.236656,0,PES,31.6,4.0,32.0,3.0,2,1000,0,0,0,0,0,1
CI,1, ,0.0,298.0,0,0,0,0,0,0,0,0
CF,OTRET,42.694444,14.026667,0,PES,331.8,17.0,332.0,7.0,2,9000,0,0,0,0,0,0

SID,SUTO6R,04,5
CF,BP601,42.487681,14.241425,0,PES,35.3,4.0,34.0,4.0,0,0,0,0,0,0,0,1
TF,BP603,42.597947,14.344022,0, ,0.0,0.0,0.0,0.0,2,5000,0,0,0,0,0,0
TF,SUTOB,42.766389,14.506111,0, ,0.0,0.0,0.0,0.0,2,10000,0,0,0,0,0,0

SID,SUTO6S,22,5
CF,BP611,42.382014,14.132031,0,PES,211.7,4.0,214.0,3.0,0,0,0,1,200,0,0,1
DF,BP612,42.413550,14.025036,2, ,0.0,0.0,0,0,0,1,200,0,0,0
TF,BP616,42.489464,14.098978,0, ,0.0,0.0,0.0,0.0,0,0,0,0,0,0,0,0
TF,BP618,42.630014,14.304872,0, ,0.0,0.0,0.0,0.0,2,6000,0,0,0,0,0,0
TF,SUTOB,42.766389,14.506111,0, ,0.0,0.0,0.0,0.0,2,10000,0,0,0,0,0,0

SID,SUTO7F,04,2
CA,0,34.0,2,450,0,0,0,0,0,0
CF,D032D,42.490028,14.236656,0,PES,31.6,4.0,32.0,3.0,2,1000,0,0,0,0,0,0
TF,SUTOB,42.766389,14.506111,0, ,0.0,0.0,0.0,0.0,2,10000,0,0,0,0,0,0

SID,SUTO7G,22,2
CA,0,214.0,2,450,0,0,0,0,0,0
CF,D213D,42.382558,14.130028,0,PES,213.0,4.0,213.0,3.0,2,1000,0,0,0,0,0,1
DF,PES,42.435833,14.184167,2, ,0.0,0.0,2,2500,0,1,200,0,0,0
TF,SUTOB,42.766389,14.506111,0, ,0.0,0.0,0.0,0.0,2,10000,0,0,0,0,0,0

SID,SUTO8F,04,2
CA,0,34.0,2,450,0,0,0,0,0,0
CF,D032D,42.490028,14.236656,0,PES,31.6,4.0,32.0,3.0,2,1000,0,0,0,0,0,0
TF,SUTOB,42.766389,14.506111,0, ,0.0,0.0,0.0,0.0,2,10000,0,0,0,0,0,0

SID,SUTO8G,22,2
CA,0,214.0,2,450,0,0,0,0,0,0
CF,D213D,42.382558,14.130028,0,PES,213.0,4.0,213.0,3.0,2,1000,0,0,0,0,0,1
DF,PES,42.435833,14.184167,2, ,0.0,0.0,2,2500,0,1,200,0,0,0
TF,SUTOB,42.766389,14.506111,0, ,0.0,0.0,0.0,0.0,2,10000,0,0,0,0,0,0

STAR,AMGO2A,22,5
IF,AMGOK,42.655000,13.896111, ,0.0,0.0,0,0,0,1,250,0,0,0
TF,OTRET,42.694444,14.026667,0, ,0.0,0.0,0.0,0.0,0,0,0,1,250,0,0,0
TF,BP432,42.746933,14.229919,0, ,0.0,0.0,0.0,0.0,0,0,0,1,250,0,0,0
TF,ENMOC,42.768889,14.315278,0, ,0.0,0.0,0.0,0.0,0,0,0,1,200,0,0,0
TF,BP423,42.748214,14.416003,0, ,0.0,0.0,0.0,0.0,0,0,0,1,200,0,0,0
TF,BP419,42.686464,14.450156,0, ,0.0,0.0,0.0,0.0,0,0,0,1,200,0,0,0
TF,BP414,42.620600,14.380936,0, ,0.0,0.0,0.0,0.0,0,0,0,1,200,0,0,0
TF,ASTUB,42.567861,14.325639,0, ,0.0,0.0,0.0,0.0,0,0,0,1,200,0,0,0

STAR,AMGO2N,22,2
IF,AMGOK,42.655000,13.896111, ,0.0,0.0,0,0,0,0,0,0,0,0
TF,D312J,42.555483,14.027272,0, ,0.0,0.0,0.0,0.0,0,0,0,0,0,0,0,0
TF,PES,42.435833,14.184167,0, ,0.0,0.0,0.0,0.0,0,0,0,0,0,0,0,0

STAR,AMGO3N,22,2
IF,AMGOK,42.655000,13.896111, ,0.0,0.0,0,0,0,0,0,0,0,0
TF,D312J,42.555483,14.027272,0, ,0.0,0.0,0.0,0.0,0,0,0,0,0,0,0,0
TF,PES,42.435833,14.184167,0, ,0.0,0.0,0.0,0.0,0,0,0,0,0,0,0,0

STAR,ATRU3N,22,2
IF,ATRUP,42.348889,13.595556, ,0.0,0.0,0,0,0,0,0,0,0,0
TF,D255N,42.390592,13.875142,0, ,0.0,0.0,0.0,0.0,0,0,0,0,0,0,0,0
TF,D255J,42.403603,13.963389,0, ,0.0,0.0,0.0,0.0,0,0,0,0,0,0,0,0
TF,PES,42.435833,14.184167,0, ,0.0,0.0,0.0,0.0,0,0,0,0,0,0,0,0

STAR,ATRU4N,22,2
IF,ATRUP,42.348889,13.595556, ,0.0,0.0,0,0,0,0,0,0,0,0
TF,D255N,42.390592,13.875142,0, ,0.0,0.0,0.0,0.0,0,0,0,0,0,0,0,0
TF,D255J,42.403603,13.963389,0, ,0.0,0.0,0.0,0.0,0,0,0,0,0,0,0,0
TF,PES,42.435833,14.184167,0, ,0.0,0.0,0.0,0.0,0,0,0,0,0,0,0,0

STAR,BAVO2A,22,5
IF,BAVOM,42.453056,14.545278, ,0.0,0.0,0,0,0,1,230,0,0,0
TF,BP421,42.549042,14.505692,0, ,0.0,0.0,0.0,0.0,0,0,0,1,200,0,0,0
TF,BP414,42.620600,14.380936,0, ,0.0,0.0,0.0,0.0,0,0,0,1,200,0,0,0
TF,ASTUB,42.567861,14.325639,0, ,0.0,0.0,0.0,0.0,0,0,0,1,200,0,0,0

STAR,BAVO2N,22,2
IF,BAVOM,42.453056,14.545278, ,0.0,0.0,0,0,0,0,0,0,0,0
TF,D083H,42.444544,14.363856,0, ,0.0,0.0,0.0,0.0,0,0,0,0,0,0,0,0
TF,PES,42.435833,14.184167,0, ,0.0,0.0,0.0,0.0,0,0,0,0,0,0,0,0

STAR,BAVO3L,22,2
IF,BAVOM,42.453056,14.545278, ,0.0,0.0,0,0,0,0,0,0,0,0
CI,0, ,0.0,263.0,0,0,0,0,0,0,0,0
AF,D042O,42.609297,14.427700,1,PES,42.0,15.0,83.0,0,0,0,0,0,0,0,0
CF,ASTUB,42.567861,14.325639,0,PES,34.4,10.1,214.0,4.0,0,0,0,0,0,0,0,0

STAR,BAVO3N,22,2
IF,BAVOM,42.453056,14.545278, ,0.0,0.0,0,0,0,0,0,0,0,0
TF,D083H,42.444544,14.363856,0, ,0.0,0.0,0.0,0.0,0,0,0,0,0,0,0,0
TF,PES,42.435833,14.184167,0, ,0.0,0.0,0.0,0.0,0,0,0,0,0,0,0,0

STAR,BAVO4L,22,2
IF,BAVOM,42.453056,14.545278, ,0.0,0.0,0,0,0,0,0,0,0,0
CI,0, ,0.0,263.0,0,0,0,0,0,0,0,0
AF,D042O,42.609297,14.427700,1,PES,42.0,15.0,83.0,0,0,0,0,0,0,0,0
CF,ASTUB,42.567861,14.325639,0,PES,34.4,10.1,214.0,4.0,0,0,0,0,0,0,0,0

STAR,DIVK2A,22,5
IF,DIVKU,41.500000,15.837778, ,0.0,0.0,0,0,0,1,250,0,0,0
TF,URIPI,41.875833,15.184722,0, ,0.0,0.0,0.0,0.0,0,0,0,1,250,0,0,0
TF,BP439,42.296375,14.436578,0, ,0.0,0.0,0.0,0.0,0,0,0,1,230,0,0,0
TF,BP434,42.344386,14.520714,2, ,0.0,0.0,0.0,0.0,0,0,0,1,230,0,0,0
TF,BAVOM,42.453056,14.545278,0, ,0.0,0.0,0.0,0.0,0,0,0,1,230,0,0,0
TF,BP421,42.549042,14.505692,0, ,0.0,0.0,0.0,0.0,0,0,0,1,200,0,0,0
TF,BP414,42.620600,14.380936,0, ,0.0,0.0,0.0,0.0,0,0,0,1,200,0,0,0
TF,ASTUB,42.567861,14.325639,0, ,0.0,0.0,0.0,0.0,0,0,0,1,200,0,0,0

STAR,DIVK3N,22,2
IF,DIVKU,41.500000,15.837778, ,0.0,0.0,0,0,0,0,0,0,0,0
TF,D123N,42.296322,14.436519,0, ,0.0,0.0,0.0,0.0,0,0,0,0,0,0,0,0
TF,D123E,42.386072,14.274419,0, ,0.0,0.0,0.0,0.0,0,0,0,0,0,0,0,0
TF,PES,42.435833,14.184167,0, ,0.0,0.0,0.0,0.0,0,0,0,0,0,0,0,0

STAR,DIVK4N,22,2
IF,DIVKU,41.500000,15.837778, ,0.0,0.0,0,0,0,0,0,0,0,0
TF,D123N,42.296322,14.436519,0, ,0.0,0.0,0.0,0.0,0,0,0,0,0,0,0,0
TF,D123E,42.386072,14.274419,0, ,0.0,0.0,0.0,0.0,0,0,0,0,0,0,0,0
TF,PES,42.435833,14.184167,0, ,0.0,0.0,0.0,0.0,0,0,0,0,0,0,0,0

STAR,EKMI2A,22,5
IF,EKMIL,42.168056,14.133611, ,0.0,0.0,0,0,0,1,250,0,0,0
TF,BP451,42.277850,14.154361,0, ,0.0,0.0,0.0,0.0,0,0,0,1,230,0,0,0
TF,BP434,42.344386,14.520714,0, ,0.0,0.0,0.0,0.0,0,0,0,1,230,0,0,0
TF,BAVOM,42.453056,14.545278,0, ,0.0,0.0,0.0,0.0,0,0,0,1,230,0,0,0
TF,BP421,42.549042,14.505692,0, ,0.0,0.0,0.0,0.0,0,0,0,1,200,0,0,0
TF,BP414,42.620600,14.380936,0, ,0.0,0.0,0.0,0.0,0,0,0,1,200,0,0,0
TF,ASTUB,42.567861,14.325639,0, ,0.0,0.0,0.0,0.0,0,0,0,1,200,0,0,0

STAR,ERPO2A,22,5
IF,ERPOG,42.478333,15.202500, ,0.0,0.0,0,0,0,1,250,0,0,0
TF,BP435,42.459686,14.723722,0, ,0.0,0.0,0.0,0.0,0,0,0,1,250,0,0,0
TF,BAVOM,42.453056,14.545278,0, ,0.0,0.0,0.0,0.0,0,0,0,1,230,0,0,0
TF,BP421,42.549042,14.505692,0, ,0.0,0.0,0.0,0.0,0,0,0,1,200,0,0,0
TF,BP414,42.620600,14.380936,0, ,0.0,0.0,0.0,0.0,0,0,0,1,200,0,0,0
TF,ASTUB,42.567861,14.325639,0, ,0.0,0.0,0.0,0.0,0,0,0,1,200,0,0,0

STAR,ERPO2M,22,2
IF,ERPOG,42.478333,15.202500, ,0.0,0.0,0,0,0,0,0,0,0,0
TF,D083X,42.459475,14.723514,0, ,0.0,0.0,0.0,0.0,0,0,0,0,0,0,0,0
TF,D083Q,42.452842,14.566161,0, ,0.0,0.0,0.0,0.0,0,0,0,0,0,0,0,0
CI,0, ,0.0,263.0,0,0,0,0,0,0,0,0
AF,D047O,42.592914,14.447203,1,PES,47.0,15.0,83.0,0,0,0,0,0,0,0,0
CF,VADKI,42.558889,14.336111,0,PES,38.4,10.0,219.0,5.0,0,0,0,0,0,0,0,0

STAR,ERPO2N,22,2
IF,ERPOG,42.478333,15.202500, ,0.0,0.0,0,0,0,0,0,0,0,0
TF,D083X,42.459475,14.723514,0, ,0.0,0.0,0.0,0.0,0,0,0,0,0,0,0,0
TF,BAVOM,42.453056,14.545278,0, ,0.0,0.0,0.0,0.0,0,0,0,0,0,0,0,0
TF,D083H,42.444544,14.363856,0, ,0.0,0.0,0.0,0.0,0,0,0,0,0,0,0,0
TF,PES,42.435833,14.184167,0, ,0.0,0.0,0.0,0.0,0,0,0,0,0,0,0,0

STAR,ERPO3L,22,2
IF,ERPOG,42.478333,15.202500, ,0.0,0.0,0,0,0,0,0,0,0,0
TF,D083X,42.459475,14.723514,0, ,0.0,0.0,0.0,0.0,0,0,0,0,0,0,0,0
TF,D083Q,42.452842,14.566161,0, ,0.0,0.0,0.0,0.0,0,0,0,0,0,0,0,0
CI,0, ,0.0,263.0,0,0,0,0,0,0,0,0
AF,D042O,42.609297,14.427700,1,PES,42.0,15.0,83.0,0,0,0,0,0,0,0,0
CF,ASTUB,42.567861,14.325639,0,PES,34.4,10.1,214.0,4.0,0,0,0,0,0,0,0,0

STAR,ERPO3N,22,2
IF,ERPOG,42.478333,15.202500, ,0.0,0.0,0,0,0,0,0,0,0,0
TF,D083X,42.459475,14.723514,0, ,0.0,0.0,0.0,0.0,0,0,0,0,0,0,0,0
TF,BAVOM,42.453056,14.545278,0, ,0.0,0.0,0.0,0.0,0,0,0,0,0,0,0,0
TF,D083H,42.444544,14.363856,0, ,0.0,0.0,0.0,0.0,0,0,0,0,0,0,0,0
TF,PES,42.435833,14.184167,0, ,0.0,0.0,0.0,0.0,0,0,0,0,0,0,0,0

STAR,ERPO4L,22,2
IF,ERPOG,42.478333,15.202500, ,0.0,0.0,0,0,0,0,0,0,0,0
TF,D083X,42.459475,14.723514,0, ,0.0,0.0,0.0,0.0,0,0,0,0,0,0,0,0
TF,D083Q,42.452842,14.566161,0, ,0.0,0.0,0.0,0.0,0,0,0,0,0,0,0,0
CI,0, ,0.0,263.0,0,0,0,0,0,0,0,0
AF,D042O,42.609297,14.427700,1,PES,42.0,15.0,83.0,0,0,0,0,0,0,0,0
CF,ASTUB,42.567861,14.325639,0,PES,34.4,10.1,214.0,4.0,0,0,0,0,0,0,0,0

STAR,ETRI2A,22,5
IF,ETRIN,42.605833,14.720000, ,0.0,0.0,0,0,0,1,250,0,0,0
TF,BP424,42.566364,14.571586,0, ,0.0,0.0,0.0,0.0,0,0,0,1,250,0,0,0
TF,BP421,42.549042,14.505692,0, ,0.0,0.0,0.0,0.0,0,0,0,1,200,0,0,0
TF,BP414,42.620600,14.380936,0, ,0.0,0.0,0.0,0.0,0,0,0,1,200,0,0,0
TF,ASTUB,42.567861,14.325639,0, ,0.0,0.0,0.0,0.0,0,0,0,1,200,0,0,0

STAR,ETRI2M,22,2
IF,ETRIN,42.605833,14.720000, ,0.0,0.0,0,0,0,0,0,0,0,0
TF,D063Q,42.547833,14.535972,0, ,0.0,0.0,0.0,0.0,0,0,0,0,0,0,0,0
CI,0, ,0.0,243.0,0,0,0,0,0,0,0,0
AF,D047O,42.592914,14.447203,1,PES,47.0,15.0,63.0,0,0,0,0,0,0,0,0
CF,VADKI,42.558889,14.336111,0,PES,38.4,10.0,219.0,5.0,0,0,0,0,0,0,0,0

STAR,ETRI3L,22,2
IF,ETRIN,42.605833,14.720000, ,0.0,0.0,0,0,0,0,0,0,0,0
TF,D063Q,42.547833,14.535972,0, ,0.0,0.0,0.0,0.0,0,0,0,0,0,0,0,0
CI,0, ,0.0,243.0,0,0,0,0,0,0,0,0
AF,D042O,42.609297,14.427700,1,PES,42.0,15.0,63.0,0,0,0,0,0,0,0,0
CF,ASTUB,42.567861,14.325639,0,PES,34.4,10.1,214.0,4.0,0,0,0,0,0,0,0,0

STAR,ETRI3N,22,2
IF,ETRIN,42.605833,14.720000, ,0.0,0.0,0,0,0,0,0,0,0,0
TF,D063Q,42.547833,14.535972,0, ,0.0,0.0,0.0,0.0,0,0,0,0,0,0,0,0
TF,PES,42.435833,14.184167,0, ,0.0,0.0,0.0,0.0,0,0,0,0,0,0,0,0

STAR,ETRI4L,22,2
IF,ETRIN,42.605833,14.720000, ,0.0,0.0,0,0,0,0,0,0,0,0
TF,D063Q,42.547833,14.535972,0, ,0.0,0.0,0.0,0.0,0,0,0,0,0,0,0,0
CI,0, ,0.0,243.0,0,0,0,0,0,0,0,0
AF,D042O,42.609297,14.427700,1,PES,42.0,15.0,63.0,0,0,0,0,0,0,0,0
CF,ASTUB,42.567861,14.325639,0,PES,34.4,10.1,214.0,4.0,0,0,0,0,0,0,0,0

STAR,ETRI4N,22,2
IF,ETRIN,42.605833,14.720000, ,0.0,0.0,0,0,0,0,0,0,0,0
TF,D063Q,42.547833,14.535972,0, ,0.0,0.0,0.0,0.0,0,0,0,0,0,0,0,0
TF,PES,42.435833,14.184167,0, ,0.0,0.0,0.0,0.0,0,0,0,0,0,0,0,0

STAR,IDLO2A,22,5
IF,IDLOL,42.502778,13.928056, ,0.0,0.0,0,0,0,1,250,0,0,0
TF,BP433,42.712228,14.232431,0, ,0.0,0.0,0.0,0.0,0,0,0,1,250,0,0,0
TF,ENMOC,42.768889,14.315278,0, ,0.0,0.0,0.0,0.0,0,0,0,1,200,0,0,0
TF,BP423,42.748214,14.416003,0, ,0.0,0.0,0.0,0.0,0,0,0,1,200,0,0,0
TF,BP419,42.686464,14.450156,0, ,0.0,0.0,0.0,0.0,0,0,0,1,200,0,0,0
TF,BP414,42.620600,14.380936,0, ,0.0,0.0,0.0,0.0,0,0,0,1,200,0,0,0
TF,ASTUB,42.567861,14.325639,0, ,0.0,0.0,0.0,0.0,0,0,0,1,200,0,0,0

STAR,IDLO2M,22,2
IF,IDLOL,42.502778,13.928056, ,0.0,0.0,0,0,0,0,0,0,0,0
TF,BP401,42.664086,14.045289,0, ,0.0,0.0,0.0,0.0,0,0,0,0,0,0,0,0
AF,D354O,42.685761,14.172336,2,PES,354.0,15.0,332.0,0,0,0,0,0,0,0,0
AF,D031O,42.640525,14.378450,2,PES,31.0,15.0,356.0,0,0,0,0,0,0,0,0
CF,VADKI,42.558889,14.336111,0,PES,38.4,10.0,219.0,5.0,0,0,0,0,0,0,0,0

STAR,IDLO3L,22,2
IF,IDLOL,42.502778,13.928056, ,0.0,0.0,0,0,0,0,0,0,0,0
TF,BP401,42.664086,14.045289,0, ,0.0,0.0,0.0,0.0,0,0,0,0,0,0,0,0
AF,D354O,42.685761,14.172336,2,PES,354.0,15.0,332.0,0,0,0,0,0,0,0,0
AF,D026O,42.652286,14.353558,2,PES,26.0,15.0,354.0,0,0,0,0,0,0,0,0
CF,ASTUB,42.567861,14.325639,0,PES,34.4,10.1,214.0,4.0,0,0,0,0,0,0,0,0

STAR,IDLO4L,22,2
IF,IDLOL,42.502778,13.928056, ,0.0,0.0,0,0,0,0,0,0,0,0
TF,BP401,42.664086,14.045289,0, ,0.0,0.0,0.0,0.0,0,0,0,0,0,0,0,0
AF,D354O,42.685761,14.172336,2,PES,354.0,15.0,332.0,0,0,0,0,0,0,0,0
AF,D026O,42.652286,14.353558,2,PES,26.0,15.0,354.0,0,0,0,0,0,0,0,0
CF,ASTUB,42.567861,14.325639,0,PES,34.4,10.1,214.0,4.0,0,0,0,0,0,0,0,0

STAR,INKI2A,22,5
IF,INKIM,42.835833,14.165278, ,0.0,0.0,0,0,0,1,250,0,0,0
TF,BP431,42.799192,14.247669,0, ,0.0,0.0,0.0,0.0,0,0,0,1,250,0,0,0
TF,ENMOC,42.768889,14.315278,0, ,0.0,0.0,0.0,0.0,0,0,0,1,200,0,0,0
TF,BP423,42.748214,14.416003,0, ,0.0,0.0,0.0,0.0,0,0,0,1,200,0,0,0
TF,BP419,42.686464,14.450156,0, ,0.0,0.0,0.0,0.0,0,0,0,1,200,0,0,0
TF,BP414,42.620600,14.380936,0, ,0.0,0.0,0.0,0.0,0,0,0,1,200,0,0,0
TF,ASTUB,42.567861,14.325639,0, ,0.0,0.0,0.0,0.0,0,0,0,1,200,0,0,0

STAR,INKI2M,22,2
IF,INKIM,42.835833,14.165278, ,0.0,0.0,0,0,0,0,0,0,0,0
TF,D354Q,42.719086,14.170814,0, ,0.0,0.0,0.0,0.0,0,0,0,0,0,0,0,0
CI,0, ,0.0,174.0,0,0,0,0,0,0,0,0
AF,D031O,42.640525,14.378450,2,PES,31.0,15.0,354.0,0,0,0,0,0,0,0,0
CF,VADKI,42.558889,14.336111,0,PES,38.4,10.0,219.0,5.0,0,0,0,0,0,0,0,0

STAR,INKI3L,22,2
IF,INKIM,42.835833,14.165278, ,0.0,0.0,0,0,0,0,0,0,0,0
TF,D354Q,42.719086,14.170814,0, ,0.0,0.0,0.0,0.0,0,0,0,0,0,0,0,0
CI,0, ,0.0,174.0,0,0,0,0,0,0,0,0
AF,D026O,42.652286,14.353558,2,PES,26.0,15.0,354.0,0,0,0,0,0,0,0,0
CF,ASTUB,42.567861,14.325639,0,PES,34.4,10.1,214.0,4.0,0,0,0,0,0,0,0,0

STAR,INKI3N,22,2
IF,INKIM,42.835833,14.165278, ,0.0,0.0,0,0,0,0,0,0,0,0
TF,D354Q,42.719086,14.170814,0, ,0.0,0.0,0.0,0.0,0,0,0,0,0,0,0,0
TF,PES,42.435833,14.184167,0, ,0.0,0.0,0.0,0.0,0,0,0,0,0,0,0,0

STAR,INKI4L,22,2
IF,INKIM,42.835833,14.165278, ,0.0,0.0,0,0,0,0,0,0,0,0
TF,D354Q,42.719086,14.170814,0, ,0.0,0.0,0.0,0.0,0,0,0,0,0,0,0,0
CI,0, ,0.0,174.0,0,0,0,0,0,0,0,0
AF,D026O,42.652286,14.353558,2,PES,26.0,15.0,354.0,0,0,0,0,0,0,0,0
CF,ASTUB,42.567861,14.325639,0,PES,34.4,10.1,214.0,4.0,0,0,0,0,0,0,0,0

STAR,INKI4N,22,2
IF,INKIM,42.835833,14.165278, ,0.0,0.0,0,0,0,0,0,0,0,0
TF,D354Q,42.719086,14.170814,0, ,0.0,0.0,0.0,0.0,0,0,0,0,0,0,0,0
TF,PES,42.435833,14.184167,0, ,0.0,0.0,0.0,0.0,0,0,0,0,0,0,0,0

STAR,OTRE2A,22,5
IF,OTRET,42.694444,14.026667, ,0.0,0.0,0,0,0,1,250,0,0,0
TF,BP432,42.746933,14.229919,0, ,0.0,0.0,0.0,0.0,0,0,0,1,250,0,0,0
TF,ENMOC,42.768889,14.315278,0, ,0.0,0.0,0.0,0.0,0,0,0,1,200,0,0,0
TF,BP423,42.748214,14.416003,0, ,0.0,0.0,0.0,0.0,0,0,0,1,200,0,0,0
TF,BP419,42.686464,14.450156,0, ,0.0,0.0,0.0,0.0,0,0,0,1,200,0,0,0
TF,BP414,42.620600,14.380936,0, ,0.0,0.0,0.0,0.0,0,0,0,1,200,0,0,0
TF,ASTUB,42.567861,14.325639,0, ,0.0,0.0,0.0,0.0,0,0,0,1,200,0,0,0

STAR,OTRE2M,22,2
IF,OTRET,42.694444,14.026667, ,0.0,0.0,0,0,0,0,0,0,0,0
CI,0, ,0.0,152.0,0,0,0,0,0,0,0,0
AF,D354O,42.685761,14.172336,2,PES,354.0,15.0,332.0,0,0,0,0,0,0,0,0
AF,D031O,42.640525,14.378450,2,PES,31.0,15.0,354.0,0,0,0,0,0,0,0,0
CF,VADKI,42.558889,14.336111,0,PES,38.4,10.0,219.0,5.0,0,0,0,0,0,0,0,0

STAR,OTRE2N,22,2
IF,OTRET,42.694444,14.026667, ,0.0,0.0,0,0,0,0,0,0,0,0
TF,D332N,42.648686,14.054639,0, ,0.0,0.0,0.0,0.0,0,0,0,0,0,0,0,0
TF,PES,42.435833,14.184167,0, ,0.0,0.0,0.0,0.0,0,0,0,0,0,0,0,0

STAR,OTRE3L,22,2
IF,OTRET,42.694444,14.026667, ,0.0,0.0,0,0,0,0,0,0,0,0
CI,0, ,0.0,152.0,0,0,0,0,0,0,0,0
AF,D354O,42.685761,14.172336,2,PES,354.0,15.0,332.0,0,0,0,0,0,0,0,0
AF,D026O,42.652286,14.353558,2,PES,26.0,15.0,354.0,0,0,0,0,0,0,0,0
CF,ASTUB,42.567861,14.325639,0,PES,34.4,10.1,214.0,4.0,0,0,0,0,0,0,0,0

STAR,OTRE3N,22,2
IF,OTRET,42.694444,14.026667, ,0.0,0.0,0,0,0,0,0,0,0,0
TF,D332N,42.648686,14.054639,0, ,0.0,0.0,0.0,0.0,0,0,0,0,0,0,0,0
TF,PES,42.435833,14.184167,0, ,0.0,0.0,0.0,0.0,0,0,0,0,0,0,0,0

STAR,OTRE4L,22,2
IF,OTRET,42.694444,14.026667, ,0.0,0.0,0,0,0,0,0,0,0,0
CI,0, ,0.0,152.0,0,0,0,0,0,0,0,0
AF,D354O,42.685761,14.172336,2,PES,354.0,15.0,332.0,0,0,0,0,0,0,0,0
AF,D026O,42.652286,14.353558,2,PES,26.0,15.0,354.0,0,0,0,0,0,0,0,0
CF,ASTUB,42.567861,14.325639,0,PES,34.4,10.1,214.0,4.0,0,0,0,0,0,0,0,0

FINAL,D22-Y,22,D,3
IF,VADKI,42.558889,14.336111,PES,38.4,10.0,2,2200,0,0,0,0,0,0
CF,FD22,42.508956,14.276375,0,PES,39.0,6.0,219.0,4.0,2,1900,0,0,0,0,2,0
CF,MD22,42.448025,14.199519,0,PES,39.0,1.0,219.0,5.0,1,305,0,0,0,0,3,0
FA,MD22,42.448025,14.199519,0,PES,0.0,0.0,219.0,2,1000,0,0,0,0,0,0
VI,2, ,0.0,70.0,0,0,0,1,200,0,0,0
FA,PES,42.435833,14.184167,0,PES,0.0,0.0,25.0,2,4000,0,0,0,0,0,0
DF,PES,42.435833,14.184167,2, ,0.0,0.0,1,4000,0,0,0,0,0,0

APPTR,D22-Z,22,PES1
IF,PES,42.435833,14.184167, ,0.0,0.0,2,4000,0,1,230,0,0,0
FD,PES,42.435833,14.184167,0,PES,0.0,10.0,62.0,10.0,2,2000,0,0,0,0,0,0
CF,VADKI,42.558889,14.336111,1,PES,38.4,10.0,219.0,1.0,2,2000,0,0,0,0,0,0

APPTR,D22-Z,22,PES2
IF,PES,42.435833,14.184167, ,0.0,0.0,2,4000,0,1,140,0,0,0
FD,PES,42.435833,14.184167,0,PES,0.0,10.0,49.0,10.0,2,2000,0,0,0,0,0,0
CF,VADKI,42.558889,14.336111,1,PES,38.4,10.0,219.0,1.0,2,2000,0,0,0,0,0,0

FINAL,D22-Z,22,D,3
IF,VADKI,42.558889,14.336111,PES,38.4,10.0,2,2000,0,0,0,0,0,0
CF,FD22,42.508956,14.276375,0,PES,39.0,6.0,219.0,4.0,2,1900,0,0,0,0,2,0
CF,MD22,42.448025,14.199519,0,PES,39.0,1.0,219.0,5.0,1,305,0,0,0,0,3,0
FA,MD22,42.448025,14.199519,0,PES,0.0,0.0,219.0,2,1000,0,0,0,0,0,0
VI,2, ,0.0,70.0,0,0,0,1,200,0,0,0
FA,PES,42.435833,14.184167,0,PES,0.0,0.0,25.0,2,4000,0,0,0,0,0,0
DF,PES,42.435833,14.184167,2, ,0.0,0.0,1,4000,0,0,0,0,0,0

FINAL,I22-Y,22,I,3
IF,CI22Y,42.544528,14.300583,IPSC,33.5,9.5,2,2200,0,0,0,0,0,0
CF,FI22,42.518111,14.273028,0,IPSC,33.5,7.5,214.0,2.0,1,2000,0,0,0,0,2,0
CF,RW22,42.438539,14.190494,0,IPSC,33.5,1.5,214.0,6.0,1,84,0,0,0,0,3,0
CF,D214C,42.395131,14.145600,0,PES,211.1,3.0,214.0,3.3,2,1000,0,0,0,0,0,1
DF,PES,42.435833,14.184167,2, ,0.0,0.0,0,0,0,1,180,0,0,0
CF,BAVOM,42.453056,14.545278,0,PES,82.2,16.1,83.0,16.0,1,5000,0,0,0,0,0,0

APPTR,I22-Z,22,ASTUB
IF,ASTUB,42.567861,14.325639, ,0.0,0.0,2,2000,0,0,0,0,1,0
CF,CI22Z,42.540500,14.296306,0,IPSC,33.5,9.2,214.0,2.1,2,2000,0,0,0,0,1,0

APPTR,I22-Z,22,PES1
IF,PES,42.435833,14.184167, ,0.0,0.0,2,4000,0,1,230,0,1,0
FD,PES,42.435833,14.184167,0,PES,0.0,8.0,63.0,8.0,2,2000,0,0,0,0,0,0
CF,CI22Z,42.540500,14.296306,1,IPSC,33.5,9.2,214.0,1.0,2,2000,0,0,0,0,1,0

APPTR,I22-Z,22,PES2
IF,PES,42.435833,14.184167, ,0.0,0.0,2,4000,0,1,140,0,1,0
FD,PES,42.435833,14.184167,0,PES,0.0,8.0,46.0,8.0,2,2000,0,0,0,0,0,0
CF,CI22Z,42.540500,14.296306,1,IPSC,33.5,9.2,214.0,1.0,2,2000,0,0,0,0,1,0

FINAL,I22-Z,22,I,3
IF,CI22Z,42.540500,14.296306,IPSC,33.5,9.2,2,2000,0,0,0,0,0,0
CF,FI22,42.518111,14.273028,0,IPSC,33.5,7.5,214.0,1.7,1,2000,0,0,0,0,2,0
CF,RW22,42.438539,14.190494,0,IPSC,33.5,1.5,214.0,6.0,1,84,0,0,0,0,3,0
CF,D214C,42.395131,14.145600,0,PES,211.1,3.0,214.0,3.3,2,1000,0,0,0,0,0,1
DF,PES,42.435833,14.184167,2, ,0.0,0.0,0,0,0,1,180,0,0,0
CF,BAVOM,42.453056,14.545278,0,PES,82.2,16.1,83.0,16.0,1,5000,0,0,0,0,0,0

FINAL,R22,22,R,3
IF,ASTUB,42.567861,14.325639, ,0.0,0.0,2,2000,0,0,0,0,0,0
TF,BP501,42.518128,14.273031,0, ,0.0,0.0,214.0,3.8,2,2000,0,0,0,0,2,0
TF,RW22,42.438539,14.190494,0, ,0.0,0.0,214.0,6.0,1,84,0,0,0,0,3,1
CF,BP502,42.387278,14.137475,0,PES,211.5,3.6,214.0,3.9,0,0,0,1,190,0,0,1
DF,BP503,42.579386,14.166014,2, ,0.0,0.0,0,0,0,1,190,0,0,0
TF,BP504,42.681850,14.273800,0, ,0.0,0.0,0.0,0.0,0,0,0,1,190,0,0,0
TF,BP414,42.620600,14.380936,0, ,0.0,0.0,0.0,0.0,2,2000,0,1,200,0,0,0
TF,ASTUB,42.567861,14.325639,0, ,0.0,0.0,0.0,0.0,2,2000,0,0,0,0,0,0
HM,ASTUB,42.567861,14.325639,2, ,0.0,0.0,214.0,03.5,2,2000,0,1,200,0,0,0,0

