SID,BETM6W,20,5
CA,0,194.0,2,1200,0,0,0,0,0,0
CI,1, ,0.0,79.0,0,0,0,1,210,0,0,0
CF,BOA34,44.749164,10.554672,0,BOA,289.2,34.0,109.0,4.0,2,6000,0,0,0,0,0,0
TF,BETMU,44.672778,10.822222,0, ,0.0,0.0,0.0,0.0,0,0,0,0,0,0,0,0

SID,BETM7Z,02,5
CA,0,14.0,2,2000,0,0,0,0,0,0
CI,1, ,0.0,170.0,0,0,0,1,200,0,0,0
CF,OSBUL,44.822222,10.293333,0,BOA,289.2,46.0,140.0,5.0,0,0,0,0,0,0,0,0
TF,BOA34,44.749164,10.554672,0, ,0.0,0.0,0.0,0.0,2,6000,0,0,0,0,0,0
TF,BETMU,44.672778,10.822222,0, ,0.0,0.0,0.0,0.0,0,0,0,0,0,0,0,0

SID,LUPO6W,20,5
CA,0,194.0,2,1200,0,0,0,0,0,0
VI,0, ,0.0,114.0,0,0,0,0,0,0,0,0
CF,MP501,44.668511,10.433267,0,BOA,280.4,37.6,144.0,6.0,2,6000,0,1,210,0,0,0
TF,LUPOS,44.504722,10.581389,0, ,0.0,0.0,0.0,0.0,2,9000,0,0,0,0,0,0

SID,LUPO6Z,02,5
CA,0,14.0,2,2000,0,0,0,0,0,0
DF,OSBUL,44.822222,10.293333,1, ,0.0,0.0,0,0,0,1,200,0,0,0
TF,MP501,44.668511,10.433267,0, ,0.0,0.0,0.0,0.0,2,6000,0,0,0,0,0,0
TF,LUPOS,44.504722,10.581389,0, ,0.0,0.0,0.0,0.0,2,9000,0,0,0,0,0,0

SID,MISP7T,20,5
CA,0,194.0,2,1200,0,0,0,0,0,0
DF,OSBUL,44.822222,10.293333,1, ,0.0,0.0,2,3000,0,1,210,0,0,0
TF,MP502,44.957039,10.151336,0, ,0.0,0.0,0.0,0.0,2,5000,0,0,0,0,0,0
TF,MISPO,45.023889,10.080556,0, ,0.0,0.0,0.0,0.0,2,10000,0,0,0,0,0,0

SID,MISP7W,20,5
CA,0,194.0,2,800,0,0,0,0,0,0
VI,2, ,0.0,350.0,0,0,0,1,185,0,0,0
CF,MP502,44.957039,10.151336,0,BOA,294.8,54.9,320.0,3.0,2,5000,0,0,0,0,0,0
TF,MISPO,45.023889,10.080556,0, ,0.0,0.0,0.0,0.0,2,10000,0,0,0,0,0,0

SID,MISP7Z,02,5
CA,0,14.0,2,2000,0,0,0,0,0,0
VI,0, ,0.0,290.0,0,0,0,1,200,0,0,0
CF,MISPO,45.023889,10.080556,0,BSM,199.2,26.9,320.0,5.0,2,10000,0,1,200,0,0,0

SID,OSBU7N,02,5
CA,0,14.0,2,2000,0,0,0,0,0,0
CI,1, ,0.0,170.0,0,0,0,1,200,0,0,0
CF,OSBUL,44.822222,10.293333,0,BOA,289.2,46.0,140.0,5.0,2,6000,0,0,0,0,0,0

SID,OSBU7T,20,5
CA,0,194.0,2,1200,0,0,0,0,0,0
CI,1, ,0.0,334.0,0,0,0,0,0,0,0,0
CF,SUXIL,44.898333,10.328611,0,BSM,176.3,32.5,14.0,2.0,2,5000,0,1,210,0,0,1
CI,1, ,0.0,170.0,0,0,0,0,0,0,0,0
CF,OSBUL,44.822222,10.293333,0,BSM,178.7,37.0,140.0,4.0,2,6000,0,1,210,0,0,0

STAR,BETM2D,20,5
IF,BETMU,44.672778,10.822222, ,0.0,0.0,0,0,0,0,0,0,0,0
TF,MP412,44.761153,10.510975,0, ,0.0,0.0,0.0,0.0,0,0,0,0,0,0,0,0
TF,OSBUL,44.822222,10.293333,0, ,0.0,0.0,0.0,0.0,0,0,0,0,0,0,0,0

STAR,LUPO2A,20,5
IF,LUPOS,44.504722,10.581389, ,0.0,0.0,0,0,0,0,0,0,0,0
TF,MP413,44.682500,10.420569,0, ,0.0,0.0,0.0,0.0,0,0,0,0,0,0,0,0
TF,OSBUL,44.822222,10.293333,0, ,0.0,0.0,0.0,0.0,0,0,0,0,0,0,0,0

STAR,MISP2A,20,5
IF,MISPO,45.023889,10.080556, ,0.0,0.0,0,0,0,0,0,0,0,0
TF,OGSOK,44.973889,10.133611,0, ,0.0,0.0,0.0,0.0,0,0,0,0,0,0,0,0

FINAL,I20,20,I,3
IF,CI20,44.946108,10.349778,IPR,14.4,8.2,2,2000,0,0,0,0,0,0
CF,FI20,44.923847,10.339939,0,IPR,14.4,6.8,194.0,1.4,1,2000,0,0,0,0,2,0
CF,RW20,44.834317,10.300453,0,IPR,14.4,1.2,194.0,5.6,1,201,0,0,0,0,3,0
CF,D194C,44.767975,10.271392,0,BOA,285.0,45.8,194.0,4.2,2,900,0,0,0,0,0,0
VI,1, ,0.0,329.0,0,0,0,1,185,0,0,0
CF,SUXIL,44.898333,10.328611,0,BOA,295.1,46.5,14.0,3.4,1,2000,0,0,0,0,0,0
HM,SUXIL,44.898333,10.328611,2, ,0.0,0.0,194.0,03,2,2000,0,1,185,0,0,0,0

APPTR,R20,20,IXUKI
IF,IXUKI,44.986389,10.293889, ,0.0,0.0,2,3000,0,1,185,0,1,0
TF,MP702,44.971864,10.361144,0, ,0.0,0.0,0.0,0.0,2,2500,0,1,185,0,1,0

APPTR,R20,20,OGSOK
IF,OGSOK,44.973889,10.133611, ,0.0,0.0,2,6000,0,0,0,0,1,0
TF,IXUKI,44.986389,10.293889,0, ,0.0,0.0,0.0,0.0,2,3000,0,1,185,0,0,0
TF,MP702,44.971864,10.361144,0, ,0.0,0.0,0.0,0.0,2,2500,0,1,185,0,1,0

APPTR,R20,20,OSBUL
IF,OSBUL,44.822222,10.293333, ,0.0,0.0,2,6000,0,0,0,0,1,0
TF,MP406,44.920475,10.190158,0, ,0.0,0.0,0.0,0.0,2,3000,0,1,185,0,0,0
TF,MP411,44.980097,10.212081,0, ,0.0,0.0,0.0,0.0,2,3000,0,1,185,0,0,0
TF,IXUKI,44.986389,10.293889,0, ,0.0,0.0,0.0,0.0,2,3000,0,1,185,0,0,0
TF,MP702,44.971864,10.361144,0, ,0.0,0.0,0.0,0.0,2,2500,0,1,185,0,1,0

FINAL,R20,20,R,3
IF,MP702,44.971864,10.361144, ,0.0,0.0,2,2500,0,1,185,0,0,0
TF,MP703,44.913833,10.335481,0, ,0.0,0.0,194.0,3.7,2,1800,0,1,185,0,2,0
TF,RW20,44.834317,10.300453,0, ,0.0,0.0,194.0,5.0,1,197,0,1,185,0,3,1
CF,MP704,44.782769,10.277778,0,GHE,176.1,39.5,194.0,3.2,2,900,0,1,185,0,0,1
DF,MP706,44.732181,10.292475,0, ,0.0,0.0,2,1400,0,1,185,0,0,1
DF,MP707,44.793233,10.372033,1, ,0.0,0.0,0,0,0,1,185,0,0,0
TF,OSBUL,44.822222,10.293333,0, ,0.0,0.0,0.0,0.0,2,3000,0,1,185,0,0,0
TF,OGSOK,44.973889,10.133611,0, ,0.0,0.0,0.0,0.0,2,6000,0,1,185,0,0,0
HM,OGSOK,44.973889,10.133611,2, ,0.0,0.0,49.0,04,2,6000,0,1,185,0,0,0,0

