SID,GOLF1,13R,1
CD, ,0,0,0,GHE,0,0.0,132.0,3.0,0,0,0,0,0,0,0,0
CR,2,GHE,180.0,270.0,2,2500,0,1,325,0,0,0
DF,GHE,45.440389,10.263861,2, ,0.0,0.0,0,0,0,0,0,0,0,0
TF,VIL,45.407889,10.906250,0, ,0.0,0.0,0.0,0.0,0,0,0,0,0,0,0,0

SID,GOLF1,31L,1
CD, ,0,0,0,GHE,0,0.0,312.0,2.0,0,0,0,0,0,0,0,0
CR,1,GHE,230.0,75.0,2,3500,0,1,325,0,0,0
CI,0, ,0.0,75.0,0,0,0,0,0,0,0,0
CF,VIL,45.407889,10.906250,0,VIL,0.0,0.0,91.0,23.0,0,0,0,0,0,0,0,0

SID,GOLF1,ALL,2
IF,VIL,45.407889,10.906250, ,0.0,0.0,0,0,0,0,0,0,0,0
TF,LORIS,45.080000,11.180000,0, ,0.0,0.0,0.0,0.0,0,0,0,0,0,0,0,0
TF,K,44.904167,11.321111,0, ,0.0,0.0,0.0,0.0,0,0,0,0,0,0,0,0

SID,GOLF3,13R,1
CD, ,0,0,0,GHE,0,0.0,132.0,3.0,0,0,0,0,0,0,0,0
CF,LOSVE,44.825833,10.986944,0,GHE,137.0,48.0,137.0,45.0,0,0,0,0,0,0,0,0

SID,GOLF3,31L,1
CD, ,0,0,0,GHE,0,0.0,312.0,2.0,0,0,0,0,0,0,0,0
CR,1,GHE,230.0,100.0,2,3500,0,1,325,0,0,0
CI,0, ,0.0,100.0,0,0,0,0,0,0,0,0
CF,LOSVE,44.825833,10.986944,0,GHE,137.0,48.0,137.0,45.0,0,0,0,0,0,0,0,0

SID,GOLF3,ALL,2
IF,LOSVE,44.825833,10.986944, ,0.0,0.0,0,0,0,0,0,0,0,0
TF,ROZHU,44.722778,11.106111,0, ,0.0,0.0,0.0,0.0,0,0,0,0,0,0,0,0

SID,GOLF4,13R,1
CA,0,133.0,2,740,0,0,0,0,0,0
CD, ,0,0,0,GHE,0,0.0,137.0,3.0,0,0,0,0,0,0,0,0
CI,0, ,0.0,210.0,0,0,0,0,0,0,0,0
CF,ADNOB,45.093306,10.327111,0,GHE,169.6,21.0,170.0,15.0,0,0,0,0,0,0,0,0

SID,GOLF4,31L,1
CD, ,0,0,0,GHE,0,0.0,313.0,2.0,0,0,0,0,0,0,0,0
CI,1, ,0.0,150.0,0,0,0,0,0,0,0,0
CF,ADNOB,45.093306,10.327111,0,GHE,169.6,21.0,170.0,9.0,0,0,0,0,0,0,0,0

SID,GOLF4,ALL,2
IF,ADNOB,45.093306,10.327111, ,0.0,0.0,0,0,0,0,0,0,0,0
TF,BRAV1,44.911250,10.568667,0, ,0.0,0.0,0.0,0.0,0,0,0,0,0,0,0,0

SID,ROZH5A,31R,2
CD, ,0,0,0,GHE,0,0.0,312.0,2.0,0,0,0,0,0,0,0,0
CR,1,GHE,230.0,100.0,2,3500,0,0,0,0,0,0
CI,0, ,0.0,100.0,0,0,0,0,0,0,0,0
CF,LOSVE,44.825833,10.986944,0,GHE,137.0,48.0,137.0,45.0,0,0,0,0,0,0,0,0
TF,ROZHU,44.722778,11.106111,0, ,0.0,0.0,0.0,0.0,0,0,0,0,0,0,0,0

SID,ROZH5B,13L,2
CD, ,0,0,0,GHE,0,0.0,132.0,3.0,0,0,0,0,0,0,0,0
CF,LOSVE,44.825833,10.986944,0,GHE,137.0,48.0,137.0,45.0,0,0,0,0,0,0,0,0
TF,ROZHU,44.722778,11.106111,0, ,0.0,0.0,0.0,0.0,0,0,0,0,0,0,0,0

APPTR,I31L,31L,D133Q
IF,D133Q,45.236267,10.542392, ,0.0,0.0,2,4000,0,0,0,0,1,0
CF,CL31,45.296511,10.460300,0,IGD,131.9,12.4,312.0,5.0,2,2000,0,0,0,0,1,0

FINAL,I31L,31L,I,3
IF,CL31,45.296511,10.460300,IGD,131.9,12.4,2,2000,0,0,0,0,0,0
CF,FI31,45.363667,10.365064,0,IGD,131.9,6.7,312.0,5.7,1,2000,0,0,0,0,2,0
CF,RW31L,45.424169,10.278972,0,IGD,131.9,1.6,312.0,5.1,1,366,0,0,0,0,3,0
CF,GHE,45.440389,10.263861,0,GHE,0.0,0.0,312.0,1.2,0,0,0,0,0,0,0,0
FD,GHE,45.440389,10.263861,0,GHE,0.0,1.5,312.0,1.5,0,0,0,0,0,0,0,0
CI,1, ,0.0,150.0,0,0,0,1,250,0,0,0
CF,D190Q,45.164322,10.173778,0,GHE,190.0,17.0,190.0,13.0,0,0,0,0,0,0,0,0
CI,0, ,0.0,190.0,0,0,0,0,0,0,0,0
AF,D140S,45.187206,10.533319,1,GHE,140.0,19.0,190.0,0,0,0,0,0,0,0,0
CF,D133Q,45.236267,10.542392,0,GHE,133.0,17.0,313.0,2.0,1,4000,0,0,0,0,0,0
HM,D133Q,45.236267,10.542392,1, ,0.0,0.0,313.0,04,2,4000,0,0,0,0,0,0,0

APPTR,T31L,31L,D137Q
IF,D137Q,45.223083,10.521533, ,0.0,0.0,2,4000,0,0,0,0,1,0
CF,FT31,45.357369,10.362614,0,GHE,137.0,6.5,317.0,10.5,2,1800,0,0,0,0,0,0

FINAL,T31L,31L,D,2
IF,FT31,45.357369,10.362614,GHE,137.0,6.5,2,1800,0,0,0,0,2,0
CF,MT31,45.414853,10.294278,0,GHE,137.0,2.0,317.0,4.5,1,632,0,0,0,0,3,0
CF,GHE,45.440389,10.263861,0,GHE,0.0,0.0,317.0,2.0,0,0,0,0,0,0,0,0
FD,GHE,45.440389,10.263861,0,GHE,0.0,1.0,317.0,1.0,0,0,0,0,0,0,0,0
CI,1, ,0.0,150.0,0,0,0,0,0,0,0,0
CF,D190Q,45.164322,10.173778,0,GHE,190.0,17.0,190.0,13.0,0,0,0,0,0,0,0,0
CI,0, ,0.0,190.0,0,0,0,0,0,0,0,0
AF,D143S,45.177622,10.514194,1,GHE,143.0,19.0,190.0,0,0,0,0,0,0,0,0
CF,D137Q,45.223083,10.521533,0,GHE,137.0,17.0,317.0,2.0,1,4000,0,0,0,0,0,0
HM,D137Q,45.223083,10.521533,1, ,0.0,0.0,317.0,03,2,4000,0,0,0,0,0,0,0

APPTR,T31LY,31L,D152T
IF,D152T,45.138156,10.462875, ,0.0,0.0,2,12000,0,0,0,0,1,0
FD,D152T,45.138156,10.462875,0,GHE,152.0,29.0,152.0,29.0,0,0,0,0,0,0,0,0
CF,GHE29,45.069339,10.702239,1,GHE,137.0,29.0,317.0,3.0,2,4000,0,0,0,0,0,0
TF,FT31,45.357369,10.362614,0, ,0.0,0.0,0.0,0.0,2,1800,0,0,0,0,0,0

FINAL,T31LY,31L,D,2
IF,FT31,45.357369,10.362614,GHE,137.0,6.5,2,1800,0,0,0,0,2,0
CF,MT31,45.414853,10.294278,0,GHE,137.0,2.0,317.0,4.5,1,632,0,0,0,0,3,0
CF,GHE,45.440389,10.263861,0,GHE,0.0,0.0,317.0,2.0,0,0,0,0,0,0,0,0
FD,GHE,45.440389,10.263861,0,GHE,0.0,1.0,317.0,1.0,0,0,0,0,0,0,0,0
CI,1, ,0.0,150.0,0,0,0,0,0,0,0,0
CF,D190Q,45.164322,10.173778,0,GHE,190.0,17.0,190.0,13.0,0,0,0,0,0,0,0,0
CI,0, ,0.0,190.0,0,0,0,0,0,0,0,0
AF,D143S,45.177622,10.514194,1,GHE,143.0,19.0,190.0,0,0,0,0,0,0,0,0
CF,D137Q,45.223083,10.521533,0,GHE,137.0,17.0,317.0,2.0,1,4000,0,0,0,0,0,0
HM,D137Q,45.223083,10.521533,1, ,0.0,0.0,317.0,03,0,0,0,0,0,0,0,0,0

APPTR,T31LZ,31L,GHE40
IF,GHE40,44.928156,10.867036, ,0.0,0.0,2,12000,0,0,0,0,1,0
TF,CT31Z,45.223083,10.521533,0, ,0.0,0.0,0.0,0.0,2,4000,0,0,0,0,1,0

FINAL,T31LZ,31L,D,3
IF,CT31Z,45.223083,10.521533,GHE,137.0,17.0,2,4000,0,0,0,0,0,0
CF,FT31,45.357369,10.362614,0,GHE,137.0,6.5,317.0,10.5,2,1800,0,0,0,0,2,0
CF,MT31,45.414853,10.294278,0,GHE,137.0,2.0,317.0,4.5,1,632,0,0,0,0,3,0
CF,GHE,45.440389,10.263861,0,GHE,0.0,0.0,317.0,2.0,0,0,0,0,0,0,0,0
FD,GHE,45.440389,10.263861,0,GHE,0.0,1.0,317.0,1.0,0,0,0,0,0,0,0,0
CI,1, ,0.0,150.0,0,0,0,0,0,0,0,0
CF,D190Q,45.164322,10.173778,0,GHE,190.0,17.0,190.0,13.0,0,0,0,0,0,0,0,0
CI,0, ,0.0,190.0,0,0,0,0,0,0,0,0
AF,D143S,45.177622,10.514194,1,GHE,143.0,19.0,190.0,0,0,0,0,0,0,0,0
CF,CT31Z,45.223083,10.521533,0,GHE,137.0,17.0,317.0,2.0,1,4000,0,0,0,0,0,0
HM,CT31Z,45.223083,10.521533,1, ,0.0,0.0,317.0,03,0,0,0,0,0,0,0,0,0

APPTR,T31R,31R,D135Q
IF,D135Q,45.229547,10.532122, ,0.0,0.0,2,4000,0,0,0,0,1,0
CF,CT31R,45.304033,10.437669,0,GHE,135.0,11.0,315.0,6.0,2,2000,0,0,0,0,1,0

FINAL,T31R,31R,D,3
IF,CT31R,45.304033,10.437669,GHE,135.0,11.0,2,2000,0,0,0,0,0,0
CF,FT31R,45.362328,10.363508,0,GHE,135.0,6.3,315.0,4.7,2,2000,0,0,0,0,2,0
CF,MT31R,45.415617,10.295525,0,GHE,135.0,2.0,315.0,4.3,1,643,0,0,0,0,3,0
CF,GHE,45.440389,10.263861,0,GHE,0.0,0.0,315.0,2.0,0,0,0,0,0,0,0,0
FD,GHE,45.440389,10.263861,0,GHE,0.0,1.0,315.0,1.0,0,0,0,0,0,0,0,0
CI,1, ,0.0,150.0,0,0,0,0,0,0,0,0
CF,D190Q,45.164322,10.173778,0,GHE,190.0,17.0,190.0,13.0,0,0,0,0,0,0,0,0
CI,0, ,0.0,190.0,0,0,0,0,0,0,0,0
AF,D143S,45.177622,10.514194,1,GHE,143.0,19.0,190.0,0,0,0,0,0,0,0,0
CF,D135Q,45.229547,10.532122,0,GHE,135.0,17.0,315.0,2.0,1,4000,0,0,0,0,0,0
HM,D135Q,45.229547,10.532122,1, ,0.0,0.0,315.0,04,2,4000,0,0,0,0,0,0,0

