SID,CHI1G,09,5
CA,0,87.0,2,600,0,0,0,0,0,0
VI,2, ,0.0,327.0,0,0,0,0,0,0,0,0
CF,ELPEZ,45.828889,13.360278,0,RCH,265.4,5.0,267.0,2.0,2,5000,0,0,0,0,0,1
DF,RCH,45.829806,13.480278,2, ,0.0,0.0,2,9000,0,0,0,0,0,1
TF,IPINO,45.707222,13.284167,2, ,0.0,0.0,0.0,0.0,0,0,0,0,0,0,0,0
TF,OSLOP,45.640278,13.176944,0, ,0.0,0.0,0.0,0.0,0,0,0,0,0,0,0,0
TF,CHI,45.071083,12.281444,0, ,0.0,0.0,0.0,0.0,0,0,0,0,0,0,0,0

SID,CHI1J,27,2
CA,0,266.0,2,450,0,0,0,0,0,0
CF,D265G,45.827647,13.313461,0,RCH,265.0,7.0,265.0,5.0,2,2400,0,0,0,0,0,1
CF,RCH,45.829806,13.480278,2,RCH,0.0,0.0,112.0,7.0,2,9000,0,0,0,0,0,1
TF,IPINO,45.707222,13.284167,2, ,0.0,0.0,0.0,0.0,0,0,0,0,0,0,0,0
TF,OSLOP,45.640278,13.176944,0, ,0.0,0.0,0.0,0.0,0,0,0,0,0,0,0,0
TF,CHI,45.071083,12.281444,0, ,0.0,0.0,0.0,0.0,0,0,0,0,0,0,0,0

SID,CHI1K,09,5
CA,0,86.0,2,600,0,0,0,0,0,0
VI,2, ,0.0,261.0,0,0,0,0,0,0,0,0
CF,IPINO,45.707222,13.284167,0,RCH,224.3,11.0,231.0,6.0,2,4000,0,0,0,0,0,0
TF,OSLOP,45.640278,13.176944,0, ,0.0,0.0,0.0,0.0,2,5000,0,0,0,0,0,0
TF,CHI,45.071083,12.281444,0, ,0.0,0.0,0.0,0.0,0,0,0,0,0,0,0,0

SID,CHI1T,09,2
DF,DER09,45.827764,13.485969,0, ,0.0,0.0,0,0,0,0,0,0,0,1
CA,0,86.0,2,600,0,0,0,0,0,0
VI,2, ,0.0,325.0,0,0,0,0,0,0,0,0
CF,ELPEZ,45.828889,13.360278,0,RCH,265.4,5.0,265.0,3.0,2,5000,0,0,0,0,0,1
CF,RCH,45.829806,13.480278,2,RCH,0.0,0.0,112.0,5.0,2,9000,0,0,0,0,0,1
TF,IPINO,45.707222,13.284167,2, ,0.0,0.0,0.0,0.0,0,0,0,0,0,0,0,0
TF,OSLOP,45.640278,13.176944,0, ,0.0,0.0,0.0,0.0,0,0,0,0,0,0,0,0
TF,CHI,45.071083,12.281444,0, ,0.0,0.0,0.0,0.0,0,0,0,0,0,0,0,0

SID,CHI1U,27,5
CA,0,266.0,2,450,0,0,0,0,0,0
CF,PQ601,45.828389,13.313419,0,RCH,265.4,7.0,266.0,5.0,2,2400,0,0,0,0,0,1
CF,RCH,45.829806,13.480278,2,RCH,0.0,0.0,112.0,7.0,2,9000,0,0,0,0,0,1
TF,IPINO,45.707222,13.284167,2, ,0.0,0.0,0.0,0.0,0,0,0,0,0,0,0,0
TF,OSLOP,45.640278,13.176944,0, ,0.0,0.0,0.0,0.0,0,0,0,0,0,0,0,0
TF,CHI,45.071083,12.281444,0, ,0.0,0.0,0.0,0.0,0,0,0,0,0,0,0,0

SID,CHI1Y,27,5
CA,0,267.0,2,450,0,1,200,0,0,0
CF,ELPEZ,45.828889,13.360278,0,RCH,265.4,5.0,267.0,3.0,0,0,0,1,200,0,0,0
TF,IPINO,45.707222,13.284167,0, ,0.0,0.0,0.0,0.0,2,4000,0,1,200,0,0,0
TF,OSLOP,45.640278,13.176944,0, ,0.0,0.0,0.0,0.0,2,5000,0,0,0,0,0,0
TF,CHI,45.071083,12.281444,0, ,0.0,0.0,0.0,0.0,0,0,0,0,0,0,0,0

SID,LUPI1G,27,5
CA,0,266.0,2,450,0,0,0,0,0,0
CF,PQ601,45.828389,13.313419,0,RCH,265.4,7.0,266.0,5.0,2,2400,0,0,0,0,0,1
CF,RCH,45.829806,13.480278,2,RCH,0.0,0.0,112.0,7.0,2,7500,0,0,0,0,0,1
DF,ELPEZ,45.828889,13.360278,2, ,0.0,0.0,2,8500,0,0,0,0,0,0
TF,LUPIN,46.006111,13.411944,0, ,0.0,0.0,0.0,0.0,2,10500,0,0,0,0,0,0

SID,LUPI1H,27,2
CA,0,266.0,2,450,0,0,0,0,0,0
CF,D265G,45.827647,13.313461,0,RCH,265.0,7.0,265.0,5.0,2,2400,0,0,0,0,0,1
CF,RCH,45.829806,13.480278,2,RCH,0.0,0.0,112.0,7.0,2,7500,0,0,0,0,0,1
VI,2, ,0.0,11.0,0,0,0,0,0,0,0,0
CF,LUPIN,46.006111,13.411944,0,RCH,340.9,11.0,341.0,7.0,2,10500,0,0,0,0,0,0

SID,LUPI1L,09,2
DF,DER09,45.827764,13.485969,0, ,0.0,0.0,0,0,0,0,0,0,0,1
CA,0,86.0,2,600,0,0,0,0,0,0
VI,2, ,0.0,342.0,0,0,0,0,0,0,0,0
CF,RCH,45.829806,13.480278,0,RCH,0.0,0.0,12.0,3.0,2,6000,0,0,0,0,0,0
TF,LUPIN,46.006111,13.411944,0, ,0.0,0.0,0.0,0.0,2,10500,0,0,0,0,0,0

SID,LUPI1M,09,5
CA,0,87.0,2,600,0,0,0,0,0,0
VI,2, ,0.0,327.0,0,0,0,0,0,0,0,0
CF,ELPEZ,45.828889,13.360278,0,RCH,265.4,5.0,267.0,2.0,2,7500,0,0,0,0,0,1
TF,LUPIN,46.006111,13.411944,2, ,0.0,0.0,0.0,0.0,2,10500,0,0,0,0,0,0

SID,LUPI1N,27,5
CA,0,267.0,2,450,0,1,200,0,0,0
CF,ELPEZ,45.828889,13.360278,0,RCH,265.4,5.0,267.0,3.0,0,0,0,1,200,0,0,0
TF,IPINO,45.707222,13.284167,0, ,0.0,0.0,0.0,0.0,2,4000,0,1,200,0,0,1
TF,ELPEZ,45.828889,13.360278,2, ,0.0,0.0,0.0,0.0,2,7500,0,1,200,0,0,0
TF,LUPIN,46.006111,13.411944,0, ,0.0,0.0,0.0,0.0,2,10500,0,0,0,0,0,0

SID,LUPI1P,09,5
CA,0,86.0,2,600,0,0,0,0,0,0
VI,2, ,0.0,261.0,0,0,0,0,0,0,0,0
CF,IPINO,45.707222,13.284167,0,RCH,224.3,11.0,231.0,6.0,2,4000,0,0,0,0,0,1
TF,ELPEZ,45.828889,13.360278,2, ,0.0,0.0,0.0,0.0,2,7500,0,0,0,0,0,0
TF,LUPIN,46.006111,13.411944,0, ,0.0,0.0,0.0,0.0,2,10500,0,0,0,0,0,0

SID,RCH1F,27,5
CA,0,266.0,2,450,0,0,0,0,0,0
CF,PQ601,45.828389,13.313419,0,RCH,265.4,7.0,266.0,5.0,2,2400,0,0,0,0,0,1
CF,RCH,45.829806,13.480278,2,RCH,0.0,0.0,112.0,7.0,2,7500,0,0,0,0,0,0

SID,RCH1G,09,5
CA,0,87.0,2,600,0,0,0,0,0,0
VI,2, ,0.0,327.0,0,0,0,0,0,0,0,0
CF,ELPEZ,45.828889,13.360278,0,RCH,265.4,5.0,267.0,2.0,2,5000,0,0,0,0,0,1
DF,RCH,45.829806,13.480278,2, ,0.0,0.0,2,7500,0,0,0,0,0,0

SID,RCH1H,27,2
CA,0,266.0,2,450,0,0,0,0,0,0
CF,D265G,45.827647,13.313461,0,RCH,265.0,7.0,265.0,5.0,2,2400,0,0,0,0,0,1
CF,RCH,45.829806,13.480278,2,RCH,0.0,0.0,112.0,7.0,2,7500,0,0,0,0,0,0

SID,RCH1L,09,2
DF,DER09,45.827764,13.485969,0, ,0.0,0.0,0,0,0,0,0,0,0,1
CA,0,86.0,2,600,0,0,0,0,0,0
VI,2, ,0.0,325.0,0,0,0,0,0,0,0,0
CF,ELPEZ,45.828889,13.360278,0,RCH,265.4,5.0,265.0,3.0,2,5000,0,0,0,0,0,1
CF,RCH,45.829806,13.480278,2,RCH,0.0,0.0,112.0,5.0,2,7500,0,0,0,0,0,0

SID,RIFE1F,27,5
CA,0,266.0,2,450,0,0,0,0,0,0
CF,PQ601,45.828389,13.313419,0,RCH,265.4,7.0,266.0,5.0,2,2400,0,0,0,0,0,1
CF,RCH,45.829806,13.480278,2,RCH,0.0,0.0,112.0,7.0,2,7500,0,0,0,0,0,0
TF,RIFEN,45.851111,13.589722,0, ,0.0,0.0,0.0,0.0,2,8500,0,0,0,0,0,0

SID,RIFE1G,09,5
CA,0,87.0,2,600,0,0,0,0,0,0
VI,2, ,0.0,327.0,0,0,0,0,0,0,0,0
CF,ELPEZ,45.828889,13.360278,0,RCH,265.4,5.0,267.0,2.0,2,5000,0,0,0,0,0,1
DF,RCH,45.829806,13.480278,2, ,0.0,0.0,2,7500,0,0,0,0,0,0
TF,RIFEN,45.851111,13.589722,0, ,0.0,0.0,0.0,0.0,2,8500,0,0,0,0,0,0

SID,RIFE1H,27,2
CA,0,266.0,2,450,0,0,0,0,0,0
CF,D265G,45.827647,13.313461,0,RCH,265.0,7.0,265.0,5.0,2,2400,0,0,0,0,0,1
CF,RCH,45.829806,13.480278,2,RCH,0.0,0.0,112.0,7.0,2,7500,0,0,0,0,0,0
TF,RIFEN,45.851111,13.589722,0, ,0.0,0.0,0.0,0.0,2,8500,0,0,0,0,0,0

SID,RIFE1L,09,2
DF,DER09,45.827764,13.485969,0, ,0.0,0.0,0,0,0,0,0,0,0,1
CA,0,86.0,2,600,0,0,0,0,0,0
VI,2, ,0.0,325.0,0,0,0,0,0,0,0,0
CF,ELPEZ,45.828889,13.360278,0,RCH,265.4,5.0,265.0,2.0,2,5000,0,0,0,0,0,1
CF,RCH,45.829806,13.480278,2,RCH,0.0,0.0,112.0,5.0,2,7500,0,0,0,0,0,0
TF,RIFEN,45.851111,13.589722,0, ,0.0,0.0,0.0,0.0,2,8500,0,0,0,0,0,0

SID,RIFE1M,09,5
CA,0,86.0,2,600,0,0,0,0,0,0
VI,2, ,0.0,261.0,0,0,0,0,0,0,0,0
CF,IPINO,45.707222,13.284167,0,RCH,224.3,11.0,231.0,6.0,2,4000,0,0,0,0,0,1
TF,ELPEZ,45.828889,13.360278,2, ,0.0,0.0,0.0,0.0,2,7500,0,0,0,0,0,0
TF,RIFEN,45.851111,13.589722,0, ,0.0,0.0,0.0,0.0,2,8500,0,0,0,0,0,0

SID,RIFE1N,27,5
CA,0,267.0,2,450,0,1,200,0,0,0
CF,ELPEZ,45.828889,13.360278,0,RCH,265.4,5.0,267.0,3.0,0,0,0,1,200,0,0,0
TF,IPINO,45.707222,13.284167,0, ,0.0,0.0,0.0,0.0,2,4000,0,1,200,0,0,1
TF,ELPEZ,45.828889,13.360278,2, ,0.0,0.0,0.0,0.0,2,7500,0,1,200,0,0,0
TF,RIFEN,45.851111,13.589722,0, ,0.0,0.0,0.0,0.0,2,8500,0,1,200,0,0,0

SID,ROSK1A,27,2
CA,0,266.0,2,450,0,0,0,0,0,0
CF,D265G,45.827647,13.313461,0,RCH,265.0,7.0,265.0,5.0,2,2400,0,0,0,0,0,1
CF,RCH,45.829806,13.480278,2,RCH,0.0,0.0,112.0,7.0,2,9000,0,0,0,0,0,1
TF,IPINO,45.707222,13.284167,2, ,0.0,0.0,0.0,0.0,0,0,0,0,0,0,0,0
TF,OSLOP,45.640278,13.176944,0, ,0.0,0.0,0.0,0.0,0,0,0,0,0,0,0,1
VI,0, ,0.0,186.0,0,0,0,0,0,0,0,0
CF,ROSKA,45.314167,12.861667,0,RCH,216.3,40.5,216.0,20.0,2,11000,0,0,0,0,0,0

SID,ROSK1B,09,5
CA,0,86.0,2,600,0,0,0,0,0,0
VI,2, ,0.0,261.0,0,0,0,0,0,0,0,0
CF,IPINO,45.707222,13.284167,0,RCH,224.3,11.0,231.0,6.0,2,4000,0,0,0,0,0,0
TF,OSLOP,45.640278,13.176944,0, ,0.0,0.0,0.0,0.0,2,5000,0,0,0,0,0,0
TF,ROSKA,45.314167,12.861667,0, ,0.0,0.0,0.0,0.0,2,9000,0,0,0,0,0,0

SID,ROSK1F,09,2
DF,DER09,45.827764,13.485969,0, ,0.0,0.0,0,0,0,0,0,0,0,1
CA,0,86.0,2,600,0,0,0,0,0,0
VI,2, ,0.0,325.0,0,0,0,0,0,0,0,0
CF,ELPEZ,45.828889,13.360278,0,RCH,265.4,5.0,265.0,3.0,2,5000,0,0,0,0,0,1
CF,RCH,45.829806,13.480278,2,RCH,0.0,0.0,112.0,5.0,2,9000,0,0,0,0,0,1
TF,IPINO,45.707222,13.284167,2, ,0.0,0.0,0.0,0.0,0,0,0,0,0,0,0,0
TF,OSLOP,45.640278,13.176944,0, ,0.0,0.0,0.0,0.0,0,0,0,0,0,0,0,1
CI,0, ,0.0,186.0,0,0,0,0,0,0,0,0
CF,ROSKA,45.314167,12.861667,0,RCH,216.3,40.5,216.0,20.0,2,11000,0,0,0,0,0,0

SID,ROSK1G,27,5
CA,0,267.0,2,450,0,1,200,0,0,0
CF,ELPEZ,45.828889,13.360278,0,RCH,265.4,5.0,267.0,3.0,0,0,0,1,200,0,0,0
TF,IPINO,45.707222,13.284167,0, ,0.0,0.0,0.0,0.0,2,4000,0,1,200,0,0,0
TF,OSLOP,45.640278,13.176944,0, ,0.0,0.0,0.0,0.0,2,5000,0,1,200,0,0,0
TF,ROSKA,45.314167,12.861667,0, ,0.0,0.0,0.0,0.0,2,9000,0,1,200,0,0,0

SID,ROSK6C,27,5
CA,0,266.0,2,450,0,0,0,0,0,0
CF,PQ601,45.828389,13.313419,0,RCH,265.4,7.0,266.0,5.0,2,2400,0,0,0,0,0,1
CF,RCH,45.829806,13.480278,2,RCH,0.0,0.0,112.0,7.0,2,9000,0,0,0,0,0,1
TF,IPINO,45.707222,13.284167,2, ,0.0,0.0,0.0,0.0,0,0,0,0,0,0,0,0
TF,OSLOP,45.640278,13.176944,0, ,0.0,0.0,0.0,0.0,0,0,0,0,0,0,0,0
TF,ROSKA,45.314167,12.861667,0, ,0.0,0.0,0.0,0.0,2,11000,0,0,0,0,0,0

SID,ROSK6E,09,5
CA,0,87.0,2,600,0,0,0,0,0,0
VI,2, ,0.0,327.0,0,0,0,0,0,0,0,0
CF,ELPEZ,45.828889,13.360278,0,RCH,265.4,5.0,267.0,2.0,2,5000,0,0,0,0,0,1
DF,RCH,45.829806,13.480278,2, ,0.0,0.0,2,9000,0,0,0,0,0,1
TF,IPINO,45.707222,13.284167,2, ,0.0,0.0,0.0,0.0,0,0,0,0,0,0,0,0
TF,OSLOP,45.640278,13.176944,0, ,0.0,0.0,0.0,0.0,0,0,0,0,0,0,0,0
TF,ROSKA,45.314167,12.861667,0, ,0.0,0.0,0.0,0.0,2,11000,0,0,0,0,0,0

STAR,CHI1A,ALL,2
IF,CHI,45.071083,12.281444, ,0.0,0.0,0,0,0,0,0,0,0,0
TF,PQ406,45.523406,13.205294,0, ,0.0,0.0,0.0,0.0,0,0,0,0,0,0,0,0
TF,RCH,45.829806,13.480278,0, ,0.0,0.0,0.0,0.0,0,0,0,0,0,0,0,0
TF,ELPEZ,45.828889,13.360278,1, ,0.0,0.0,0.0,0.0,0,0,0,0,0,0,0,0

STAR,CHI1E,ALL,5
IF,CHI,45.071083,12.281444, ,0.0,0.0,0,0,0,0,0,0,0,0
TF,TULIK,45.283889,12.789167,0, ,0.0,0.0,0.0,0.0,2,5000,0,0,0,0,0,0
TF,ROSKA,45.314167,12.861667,0, ,0.0,0.0,0.0,0.0,2,5000,0,0,0,0,0,0
TF,PQ403,45.667156,12.940450,0, ,0.0,0.0,0.0,0.0,4,11000,5000,0,0,0,0,0
TF,PQ402,45.829158,13.122664,0, ,0.0,0.0,0.0,0.0,4,11000,3000,0,0,0,0,0
TF,PQ401,45.828944,13.206111,0, ,0.0,0.0,0.0,0.0,4,11000,3000,0,0,0,0,0
TF,LEIRA,45.828611,13.290000,0, ,0.0,0.0,0.0,0.0,2,3000,0,1,185,0,0,0

STAR,CHI1S,ALL,5
IF,CHI,45.071083,12.281444, ,0.0,0.0,0,0,0,0,0,0,0,0
TF,TULIK,45.283889,12.789167,0, ,0.0,0.0,0.0,0.0,2,5000,0,0,0,0,0,0
TF,ROSKA,45.314167,12.861667,0, ,0.0,0.0,0.0,0.0,2,5000,0,0,0,0,0,0
TF,PQ406,45.523406,13.205294,0, ,0.0,0.0,0.0,0.0,2,5000,0,1,210,0,0,0
TF,PQ404,45.632456,13.302758,0, ,0.0,0.0,0.0,0.0,2,5000,0,1,210,0,0,0
TF,ELPEZ,45.828889,13.360278,0, ,0.0,0.0,0.0,0.0,2,3000,0,1,185,0,0,0

STAR,CHI2H,ALL,2
IF,CHI,45.071083,12.281444, ,0.0,0.0,0,0,0,0,0,0,0,0
TF,PQ403,45.667156,12.940450,0, ,0.0,0.0,0.0,0.0,0,0,0,0,0,0,0,0
TF,PQ402,45.829158,13.122664,0, ,0.0,0.0,0.0,0.0,0,0,0,0,0,0,0,0
TF,PQ401,45.828944,13.206111,0, ,0.0,0.0,0.0,0.0,0,0,0,0,0,0,0,0
TF,LEIRA,45.828611,13.290000,0, ,0.0,0.0,0.0,0.0,0,0,0,0,0,0,0,0

STAR,CHI2L,ALL,5
IF,CHI,45.071083,12.281444, ,0.0,0.0,0,0,0,0,0,0,0,0
TF,TULIK,45.283889,12.789167,0, ,0.0,0.0,0.0,0.0,2,5000,0,0,0,0,0,0
TF,ROSKA,45.314167,12.861667,0, ,0.0,0.0,0.0,0.0,2,5000,0,0,0,0,0,0
TF,PQ403,45.667156,12.940450,0, ,0.0,0.0,0.0,0.0,4,11000,5000,0,0,0,0,0
TF,PQ402,45.829158,13.122664,0, ,0.0,0.0,0.0,0.0,4,11000,3000,0,0,0,0,0
TF,PQ401,45.828944,13.206111,0, ,0.0,0.0,0.0,0.0,4,11000,3000,0,0,0,0,0
TF,LEIRA,45.828611,13.290000,0, ,0.0,0.0,0.0,0.0,2,3000,0,0,0,0,0,0
TF,ELPEZ,45.828889,13.360278,0, ,0.0,0.0,0.0,0.0,2,3000,0,1,185,0,0,0

STAR,CHI2N,ALL,2
IF,CHI,45.071083,12.281444, ,0.0,0.0,0,0,0,0,0,0,0,0
TF,PQ403,45.667156,12.940450,0, ,0.0,0.0,0.0,0.0,0,0,0,0,0,0,0,0
TF,PQ402,45.829158,13.122664,0, ,0.0,0.0,0.0,0.0,0,0,0,0,0,0,0,0
TF,PQ401,45.828944,13.206111,0, ,0.0,0.0,0.0,0.0,0,0,0,0,0,0,0,0
TF,LEIRA,45.828611,13.290000,0, ,0.0,0.0,0.0,0.0,0,0,0,0,0,0,0,0
TF,ELPEZ,45.828889,13.360278,0, ,0.0,0.0,0.0,0.0,0,0,0,0,0,0,0,0

STAR,LUPI1A,ALL,5
IF,LUPIN,46.006111,13.411944, ,0.0,0.0,0,0,0,0,0,0,0,0
TF,PQ408,45.925014,13.388267,0, ,0.0,0.0,0.0,0.0,2,8500,0,0,0,0,0,0
TF,ELPEZ,45.828889,13.360278,0, ,0.0,0.0,0.0,0.0,2,5000,0,1,185,0,0,0

STAR,LUPI1B,ALL,5
IF,LUPIN,46.006111,13.411944, ,0.0,0.0,0,0,0,0,0,0,0,0
TF,PQ408,45.925014,13.388267,0, ,0.0,0.0,0.0,0.0,2,8500,0,0,0,0,0,0
TF,ELPEZ,45.828889,13.360278,0, ,0.0,0.0,0.0,0.0,2,5000,0,1,185,0,0,0
TF,LEIRA,45.828611,13.290000,0, ,0.0,0.0,0.0,0.0,2,3000,0,1,185,0,0,0

STAR,LUPI1C,ALL,5
IF,LUPIN,46.006111,13.411944, ,0.0,0.0,0,0,0,0,0,0,0,0
TF,PQ409,45.958611,13.430353,0, ,0.0,0.0,0.0,0.0,2,8500,0,0,0,0,0,0
TF,RCH,45.829806,13.480278,0, ,0.0,0.0,0.0,0.0,2,5000,0,0,0,0,0,0
TF,ELPEZ,45.828889,13.360278,2, ,0.0,0.0,0.0,0.0,2,3000,0,1,185,0,0,0

STAR,LUPI1D,ALL,5
IF,LUPIN,46.006111,13.411944, ,0.0,0.0,0,0,0,0,0,0,0,0
TF,PQ409,45.958611,13.430353,0, ,0.0,0.0,0.0,0.0,2,8500,0,0,0,0,0,0
TF,RCH,45.829806,13.480278,0, ,0.0,0.0,0.0,0.0,2,5000,0,0,0,0,0,0
TF,ELPEZ,45.828889,13.360278,2, ,0.0,0.0,0.0,0.0,2,3000,0,1,185,0,0,0
TF,LEIRA,45.828611,13.290000,0, ,0.0,0.0,0.0,0.0,2,3000,0,1,185,0,0,0

STAR,LUPI1E,ALL,2
IF,LUPIN,46.006111,13.411944, ,0.0,0.0,0,0,0,0,0,0,0,0
CD, ,0,0,0,RCH,0,0.0,161.0,8.0,0,0,0,0,0,0,0,0
CF,RCH,45.829806,13.480278,0,RCH,0.0,0.0,161.0,8.0,0,0,0,0,0,0,0,0
TF,ELPEZ,45.828889,13.360278,2, ,0.0,0.0,0.0,0.0,0,0,0,0,0,0,0,0

STAR,LUPI1F,ALL,2
IF,LUPIN,46.006111,13.411944, ,0.0,0.0,0,0,0,0,0,0,0,0
CD, ,0,0,0,RCH,0,0.0,161.0,8.0,0,0,0,0,0,0,0,0
CF,RCH,45.829806,13.480278,0,RCH,0.0,0.0,161.0,8.0,0,0,0,0,0,0,0,0
TF,ELPEZ,45.828889,13.360278,2, ,0.0,0.0,0.0,0.0,0,0,0,0,0,0,0,0
TF,LEIRA,45.828611,13.290000,0, ,0.0,0.0,0.0,0.0,0,0,0,0,0,0,0,0

STAR,NIOR1C,ALL,5
IF,NIORR,45.720278,13.423333, ,0.0,0.0,0,0,0,0,0,0,0,0
TF,ELPEZ,45.828889,13.360278,0, ,0.0,0.0,0.0,0.0,2,3000,0,1,185,0,0,0

STAR,NIOR1D,ALL,5
IF,NIORR,45.720278,13.423333, ,0.0,0.0,0,0,0,0,0,0,0,0
TF,ELPEZ,45.828889,13.360278,0, ,0.0,0.0,0.0,0.0,2,3000,0,1,185,0,0,0
TF,LEIRA,45.828611,13.290000,0, ,0.0,0.0,0.0,0.0,2,3000,0,1,185,0,0,0

STAR,NIOR1E,ALL,2
IF,NIORR,45.720278,13.423333, ,0.0,0.0,0,0,0,0,0,0,0,0
TF,RCH,45.829806,13.480278,0, ,0.0,0.0,0.0,0.0,0,0,0,0,0,0,0,0
TF,ELPEZ,45.828889,13.360278,1, ,0.0,0.0,0.0,0.0,0,0,0,0,0,0,0,0

STAR,NIOR1F,ALL,2
IF,NIORR,45.720278,13.423333, ,0.0,0.0,0,0,0,0,0,0,0,0
TF,RCH,45.829806,13.480278,0, ,0.0,0.0,0.0,0.0,0,0,0,0,0,0,0,0
TF,ELPEZ,45.828889,13.360278,1, ,0.0,0.0,0.0,0.0,0,0,0,0,0,0,0,0
TF,LEIRA,45.828611,13.290000,0, ,0.0,0.0,0.0,0.0,0,0,0,0,0,0,0,0

STAR,RCH1A,ALL,5
IF,RCH,45.829806,13.480278, ,0.0,0.0,0,0,0,0,0,0,0,0
TF,ELPEZ,45.828889,13.360278,0, ,0.0,0.0,0.0,0.0,2,3000,0,1,185,0,0,0

STAR,RCH1D,ALL,5
IF,RCH,45.829806,13.480278, ,0.0,0.0,0,0,0,0,0,0,0,0
TF,ELPEZ,45.828889,13.360278,0, ,0.0,0.0,0.0,0.0,2,3000,0,1,185,0,0,0
TF,LEIRA,45.828611,13.290000,0, ,0.0,0.0,0.0,0.0,2,3000,0,1,185,0,0,0

STAR,RCH2C,ALL,2
IF,RCH,45.829806,13.480278, ,0.0,0.0,0,0,0,0,0,0,0,0
TF,ELPEZ,45.828889,13.360278,0, ,0.0,0.0,0.0,0.0,0,0,0,0,0,0,0,0
TF,LEIRA,45.828611,13.290000,0, ,0.0,0.0,0.0,0.0,0,0,0,0,0,0,0,0

STAR,RCH3B,ALL,2
IF,RCH,45.829806,13.480278, ,0.0,0.0,0,0,0,0,0,0,0,0
TF,ELPEZ,45.828889,13.360278,0, ,0.0,0.0,0.0,0.0,0,0,0,0,0,0,0,0

STAR,RIFE1A,ALL,5
IF,RIFEN,45.851111,13.589722, ,0.0,0.0,0,0,0,0,0,0,0,0
TF,RCH,45.829806,13.480278,0, ,0.0,0.0,0.0,0.0,2,5000,0,0,0,0,0,0
TF,ELPEZ,45.828889,13.360278,0, ,0.0,0.0,0.0,0.0,2,3000,0,1,185,0,0,0

STAR,RIFE1D,ALL,5
IF,RIFEN,45.851111,13.589722, ,0.0,0.0,0,0,0,0,0,0,0,0
TF,RCH,45.829806,13.480278,0, ,0.0,0.0,0.0,0.0,2,5000,0,0,0,0,0,0
TF,ELPEZ,45.828889,13.360278,0, ,0.0,0.0,0.0,0.0,2,3000,0,1,185,0,0,0
TF,LEIRA,45.828611,13.290000,0, ,0.0,0.0,0.0,0.0,2,3000,0,1,185,0,0,0

STAR,RIFE2C,ALL,2
IF,RIFEN,45.851111,13.589722, ,0.0,0.0,0,0,0,0,0,0,0,0
TF,RCH,45.829806,13.480278,0, ,0.0,0.0,0.0,0.0,0,0,0,0,0,0,0,0
TF,ELPEZ,45.828889,13.360278,0, ,0.0,0.0,0.0,0.0,0,0,0,0,0,0,0,0
TF,LEIRA,45.828611,13.290000,0, ,0.0,0.0,0.0,0.0,0,0,0,0,0,0,0,0

STAR,RIFE3B,ALL,2
IF,RIFEN,45.851111,13.589722, ,0.0,0.0,0,0,0,0,0,0,0,0
TF,RCH,45.829806,13.480278,0, ,0.0,0.0,0.0,0.0,0,0,0,0,0,0,0,0
TF,ELPEZ,45.828889,13.360278,0, ,0.0,0.0,0.0,0.0,0,0,0,0,0,0,0,0

FINAL,D09-Y,09,D,4
IF,CD09,45.826647,13.241947,RCH,265.0,10.0,2,2200,0,0,0,0,0,0
CF,FD09,45.827969,13.337267,0,RCH,265.0,6.0,85.0,4.0,2,1600,0,0,0,0,2,0
CF,40VOR,45.828600,13.384928,0,RCH,265.0,4.0,85.0,2.0,2,960,0,0,0,0,0,0
CF,MD09,45.829211,13.432589,0,RCH,267.0,2.0,85.0,2.0,1,325,0,0,0,0,3,0
CA,0,85.0,2,440,0,0,0,0,0,0
DF,ELPEZ,45.828889,13.360278,2, ,0.0,0.0,2,3000,0,1,200,0,0,0
HM,ELPEZ,45.828889,13.360278,2, ,0.0,0.0,85.0,05,2,3000,0,1,185,0,0,0,0

FINAL,D09-Z,09,D,4
IF,CD09,45.826647,13.241947,RCH,265.0,10.0,2,2200,0,0,0,0,0,0
CF,FD09,45.827969,13.337267,0,RCH,265.0,6.0,85.0,4.0,2,1600,0,0,0,0,2,0
CF,40VOR,45.828600,13.384928,0,RCH,265.0,4.0,85.0,2.0,2,960,0,0,0,0,0,0
CF,MD09,45.829211,13.432589,0,RCH,265.0,2.0,85.0,2.0,1,325,0,0,0,0,3,0
CA,0,85.0,2,440,0,0,0,0,0,0
VI,2, ,0.0,241.0,0,0,0,1,200,0,0,0
CF,NIORR,45.720278,13.423333,0,RCH,196.0,7.0,196.0,4.0,1,3000,0,0,0,0,0,0
HM,NIORR,45.720278,13.423333,1, ,0.0,0.0,16.0,03,2,3000,0,1,185,0,0,0,0

FINAL,I09-X,09,I,3
IF,CI09X,45.828889,13.242042,RNC,266.5,10.5,2,2230,0,0,0,0,0,0
CF,FI09,45.828708,13.289711,0,RNC,266.5,8.5,86.0,2.0,1,2230,0,0,0,0,2,0
CF,RW09,45.827953,13.449925,0,RNC,266.5,1.7,86.0,6.7,1,93,0,0,0,0,3,0
CA,0,86.0,2,650,0,0,0,0,0,0
DF,ELPEZ,45.828889,13.360278,2, ,0.0,0.0,1,3000,0,1,160,0,0,0
HM,ELPEZ,45.828889,13.360278,2, ,0.0,0.0,85.0,05,2,3000,0,1,185,0,0,0,0

APPTR,I09-Y,09,LEIRA
HF,LEIRA,45.828611,13.290000,1, ,0.0,0.0,86.0,03.5,2,3000,0,1,185,0,1,0,0

FINAL,I09-Y,09,I,3
IF,PQ401,45.828944,13.206111,RNC,266.5,12.0,2,3000,0,0,0,0,0,0
CF,LEIRA,45.828611,13.290000,0,RNC,266.4,8.4,86.0,3.5,1,2230,0,0,0,0,2,0
CF,RW09,45.827953,13.449925,0,RNC,266.5,1.7,86.0,6.7,1,93,0,0,0,0,3,0
CA,0,86.0,2,650,0,0,0,0,0,0
VI,2, ,0.0,311.0,0,0,0,1,160,0,0,0
CF,LEIRA,45.828611,13.290000,0,RCH,265.6,8.0,266.0,3.0,1,3000,0,0,0,0,0,0
HM,LEIRA,45.828611,13.290000,1, ,0.0,0.0,86.0,03.5,2,3000,0,1,185,0,0,0,0

APPTR,I09-Z,09,LEIRA
HF,LEIRA,45.828611,13.290000,1, ,0.0,0.0,86.0,03.5,2,3000,0,1,185,0,1,0,0

FINAL,I09-Z,09,I,3
IF,PQ401,45.828944,13.206111,RNC,266.5,12.0,2,3000,0,0,0,0,0,0
CF,LEIRA,45.828611,13.290000,0,RNC,266.4,8.4,86.0,3.5,1,2230,0,0,0,0,2,0
CF,RW09,45.827953,13.449925,0,RNC,266.5,1.7,86.0,6.7,1,93,0,0,0,0,3,0
CA,0,86.0,2,650,0,0,0,0,0,0
VI,2, ,0.0,241.0,0,0,0,1,160,0,0,0
CF,NIORR,45.720278,13.423333,0,RCH,196.0,7.0,196.0,2.0,1,3000,0,0,0,0,0,0
HM,NIORR,45.720278,13.423333,1, ,0.0,0.0,16.0,03,2,3000,0,1,185,0,0,0,0

APPTR,R09-Y,09,ELPEZ
IF,ELPEZ,45.828889,13.360278, ,0.0,0.0,2,5000,0,0,0,0,1,0
TF,PQ512,45.745056,13.359611,0, ,0.0,0.0,0.0,0.0,2,5000,0,0,0,0,0,0
TF,PQ513,45.745611,13.205556,0, ,0.0,0.0,0.0,0.0,2,4000,0,1,200,0,0,0
TF,PQ401,45.828944,13.206111,0, ,0.0,0.0,0.0,0.0,2,3000,0,1,200,0,1,0

FINAL,R09-Y,09,R,3
IF,PQ401,45.828944,13.206111, ,0.0,0.0,2,3000,0,1,200,0,0,0
TF,LEIRA,45.828611,13.290000,0, ,0.0,0.0,86.0,3.5,2,2230,0,0,0,0,2,0
TF,RW09,45.827953,13.449925,0, ,0.0,0.0,86.0,6.7,1,86,0,1,160,0,3,1
CF,PQ522,45.827556,13.521444,0,RCH,90.5,1.7,86.0,3.0,2,620,0,1,160,0,0,1
CF,PQ523,45.745222,13.485194,2,RCH,173.7,5.1,223.0,4.0,0,0,0,1,160,0,0,0
TF,NIORR,45.720278,13.423333,0, ,0.0,0.0,0.0,0.0,0,0,0,1,185,0,0,0
HM,NIORR,45.720278,13.423333,1, ,0.0,0.0,56.0,03.2,2,3000,0,1,185,0,0,0,0

APPTR,R09-Z,09,ELPEZ
IF,ELPEZ,45.828889,13.360278, ,0.0,0.0,2,5000,0,0,0,0,1,0
TF,PQ512,45.745056,13.359611,0, ,0.0,0.0,0.0,0.0,2,5000,0,0,0,0,0,0
TF,PQ513,45.745611,13.205556,0, ,0.0,0.0,0.0,0.0,2,4000,0,1,200,0,0,0
TF,PQ401,45.828944,13.206111,0, ,0.0,0.0,0.0,0.0,2,3000,0,1,200,0,1,0

FINAL,R09-Z,09,R,3
IF,PQ401,45.828944,13.206111, ,0.0,0.0,2,3000,0,1,200,0,0,0
TF,LEIRA,45.828611,13.290000,0, ,0.0,0.0,86.0,3.5,2,2230,0,0,0,0,2,0
TF,RW09,45.827953,13.449925,0, ,0.0,0.0,86.0,6.7,1,86,0,1,160,0,3,1
CF,PQ523,45.745222,13.485194,2,RCH,173.7,5.1,195.0,5.2,0,0,0,1,160,0,0,0
TF,NIORR,45.720278,13.423333,0, ,0.0,0.0,0.0,0.0,0,0,0,1,185,0,0,0
HM,NIORR,45.720278,13.423333,1, ,0.0,0.0,56.0,03.2,2,3000,0,1,185,0,0,0,0

