SID,ABLA1E,15,2
VM,0,0,0,147.0,0,0,0,0,0,0,0,0
DF,PZ,45.477467,13.614919,1, ,0.0,0.0,0,0,0,0,0,0,0,0
FA,PZ,45.477467,13.614919,0,ILB,0.0,0.0,315.0,2,1700,0,0,0,0,0,0
DF,PZ,45.477467,13.614919,1, ,0.0,0.0,0,0,0,0,0,0,0,0
TF,ABLAT,45.390433,13.626150,0, ,0.0,0.0,0.0,0.0,0,0,0,0,0,0,0,0

SID,ABLA1R,15,2
VM,0,0,0,147.0,0,0,0,0,0,0,0,0
DF,POR,45.474778,13.612083,1, ,0.0,0.0,0,0,0,0,0,0,0,0
FD,POR,45.474778,13.612083,0,POR,0.0,4.0,317.0,4.0,0,0,0,0,0,0,0,0
DF,POR,45.474778,13.612083,1, ,0.0,0.0,0,0,0,1,160,0,0,1
TF,ABLAT,45.390433,13.626150,0, ,0.0,0.0,0.0,0.0,0,0,0,0,0,0,0,0

SID,ABLA2D,33,2
CA,0,327.0,2,410,0,0,0,0,0,0
CA,0,315.0,2,1700,0,0,0,0,0,0
DF,PZ,45.477467,13.614919,1, ,0.0,0.0,2,3900,0,0,0,0,0,0
TF,ABLAT,45.390433,13.626150,0, ,0.0,0.0,0.0,0.0,0,0,0,0,0,0,0,0

SID,ABLA2S,33,2
CA,0,327.0,2,410,0,0,0,0,0,0
FD,POR,45.474778,13.612083,0,POR,0.0,4.0,317.0,4.0,0,0,0,0,0,0,0,0
DF,POR,45.474778,13.612083,1, ,0.0,0.0,2,3700,0,1,160,0,0,1
TF,ABLAT,45.390433,13.626150,0, ,0.0,0.0,0.0,0.0,0,0,0,0,0,0,0,0

SID,BARP1J,15,2
VM,0,0,0,147.0,0,0,0,0,0,0,0,0
DF,PZ,45.477467,13.614919,1, ,0.0,0.0,0,0,0,0,0,0,0,0
FA,PZ,45.477467,13.614919,0,ILB,0.0,0.0,315.0,2,1700,0,0,0,0,0,0
DF,PZ,45.477467,13.614919,1, ,0.0,0.0,2,3400,0,0,0,0,0,0
VI,1, ,0.0,295.0,0,0,0,0,0,0,0,0
CF,BARPI,45.585806,13.522864,0,RCH,169.0,14.8,325.0,2.0,0,0,0,0,0,0,0,0

SID,BARP1R,15,2
VM,0,0,0,147.0,0,0,0,0,0,0,0,0
DF,POR,45.474778,13.612083,1, ,0.0,0.0,0,0,0,0,0,0,0,0
FD,POR,45.474778,13.612083,0,POR,0.0,4.0,317.0,4.0,0,0,0,0,0,0,0,0
DF,POR,45.474778,13.612083,1, ,0.0,0.0,0,0,0,1,160,0,0,1
VI,1, ,0.0,302.0,0,0,0,0,0,0,0,0
CF,BARPI,45.585806,13.522864,0,POR,326.6,7.7,327.0,2.0,0,0,0,0,0,0,0,0

SID,BARP2K,33,2
CA,0,327.0,2,410,0,0,0,0,0,0
CA,0,315.0,2,1700,0,0,0,0,0,0
DF,PZ,45.477467,13.614919,1, ,0.0,0.0,2,3400,0,0,0,0,0,0
VI,1, ,0.0,295.0,0,0,0,0,0,0,0,0
CF,BARPI,45.585806,13.522864,0,RCH,169.0,14.8,325.0,2.0,0,0,0,0,0,0,0,0

SID,BARP2S,33,2
CA,0,327.0,2,410,0,0,0,0,0,0
FD,POR,45.474778,13.612083,0,POR,0.0,4.0,317.0,4.0,0,0,0,0,0,0,0,0
DF,POR,45.474778,13.612083,1, ,0.0,0.0,2,2800,0,1,160,0,0,1
VI,1, ,0.0,302.0,0,0,0,0,0,0,0,0
CF,BARPI,45.585806,13.522864,0,POR,326.6,7.7,327.0,2.0,0,0,0,0,0,0,0,0

SID,BETJ1R,15,2
VM,0,0,0,147.0,0,0,0,0,0,0,0,0
DF,POR,45.474778,13.612083,1, ,0.0,0.0,0,0,0,0,0,0,0,0
FD,POR,45.474778,13.612083,0,POR,0.0,4.0,317.0,4.0,0,0,0,0,0,0,0,0
DF,POR,45.474778,13.612083,1, ,0.0,0.0,0,0,0,1,160,0,0,0
TF,BETJA,45.535150,13.981511,0, ,0.0,0.0,0.0,0.0,2,8000,0,0,0,0,0,0

SID,BETJ1S,33,2
CA,0,327.0,2,410,0,0,0,0,0,0
FD,POR,45.474778,13.612083,0,POR,0.0,4.0,317.0,4.0,0,0,0,0,0,0,0,0
DF,POR,45.474778,13.612083,1, ,0.0,0.0,2,3500,0,1,160,0,0,0
TF,BETJA,45.535150,13.981511,0, ,0.0,0.0,0.0,0.0,2,8000,0,0,0,0,0,0

SID,FORJ1D,33,5
CA,0,327.0,2,410,0,0,0,0,0,0
CF,PZ104,45.534639,13.533611,0,POR,313.4,4.9,312.0,4.8,2,1600,0,1,150,0,0,1
DF,USFUS,45.505778,13.671250,2, ,0.0,0.0,2,4100,0,0,0,0,0,0
TF,PZ101,45.523917,13.762694,0, ,0.0,0.0,0.0,0.0,2,5400,0,0,0,0,0,0
TF,PZ102,45.537472,13.831194,0, ,0.0,0.0,0.0,0.0,2,6400,0,0,0,0,0,0
TF,PZ103,45.551056,13.899667,0, ,0.0,0.0,0.0,0.0,2,7400,0,0,0,0,0,0
TF,FORJO,45.564883,13.968072,0, ,0.0,0.0,0.0,0.0,2,8000,0,0,0,0,0,0

SID,ILB1J,15,2
VM,0,0,0,147.0,0,0,0,0,0,0,0,0
DF,PZ,45.477467,13.614919,1, ,0.0,0.0,0,0,0,0,0,0,0,0
FA,PZ,45.477467,13.614919,0,ILB,0.0,0.0,315.0,2,1700,0,0,0,0,0,0
DF,PZ,45.477467,13.614919,1, ,0.0,0.0,0,0,0,0,0,0,0,0
TF,D254Q,45.503558,13.777567,0, ,0.0,0.0,0.0,0.0,2,4100,0,0,0,0,0,0
TF,ILB,45.565586,14.170864,0, ,0.0,0.0,0.0,0.0,0,0,0,0,0,0,0,0

SID,ILB2K,33,2
CA,0,327.0,2,410,0,0,0,0,0,0
CA,0,315.0,2,1700,0,0,0,0,0,0
DF,PZ,45.477467,13.614919,1, ,0.0,0.0,0,0,0,0,0,0,0,0
TF,D254Q,45.503558,13.777567,0, ,0.0,0.0,0.0,0.0,2,4100,0,0,0,0,0,0
TF,ILB,45.565586,14.170864,0, ,0.0,0.0,0.0,0.0,0,0,0,0,0,0,0,0

SID,ROTA1J,15,2
VM,0,0,0,147.0,0,0,0,0,0,0,0,0
DF,PZ,45.477467,13.614919,1, ,0.0,0.0,0,0,0,0,0,0,0,0
FA,PZ,45.477467,13.614919,0,ILB,0.0,0.0,315.0,2,1700,0,0,0,0,0,0
VR,1,ILB,252.0,179.0,0,0,0,0,0,0,0,0
CF,ROTAR,45.262778,12.995556,0,ILB,246.3,52.9,246.0,21.0,0,0,0,0,0,0,0,0

SID,ROTA2K,33,2
CA,0,327.0,2,410,0,0,0,0,0,0
CA,0,315.0,2,1700,0,0,0,0,0,0
VR,1,ILB,252.0,179.0,0,0,0,0,0,0,0,0
CF,ROTAR,45.262778,12.995556,0,ILB,246.3,52.9,246.0,21.0,0,0,0,0,0,0,0,0

STAR,ABLA2A,15,2
IF,ABLAT,45.390433,13.626150, ,0.0,0.0,0,0,0,0,0,0,0,0
TF,PZ,45.477467,13.614919,0, ,0.0,0.0,0.0,0.0,0,0,0,0,0,0,0,0

STAR,ABLA2P,15,2
IF,ABLAT,45.390433,13.626150, ,0.0,0.0,0,0,0,0,0,0,0,0
TF,POR,45.474778,13.612083,0, ,0.0,0.0,0.0,0.0,0,0,0,0,0,0,0,0

STAR,BARP1A,15,2
IF,BARPI,45.585806,13.522864, ,0.0,0.0,0,0,0,0,0,0,0,0
TF,PZ,45.477467,13.614919,0, ,0.0,0.0,0.0,0.0,0,0,0,0,0,0,0,0

STAR,BARP2P,15,2
IF,BARPI,45.585806,13.522864, ,0.0,0.0,0,0,0,0,0,0,0,0
TF,POR,45.474778,13.612083,0, ,0.0,0.0,0.0,0.0,0,0,0,0,0,0,0,0

STAR,BETJ1P,15,2
IF,BETJA,45.535150,13.981511, ,0.0,0.0,0,0,0,0,0,0,0,0
TF,D073N,45.527653,13.935197,0, ,0.0,0.0,0.0,0.0,0,0,0,0,0,0,0,0
TF,D073G,45.501328,13.773564,0, ,0.0,0.0,0.0,0.0,0,0,0,0,0,0,0,0
TF,D073D,45.489978,13.704339,0, ,0.0,0.0,0.0,0.0,0,0,0,0,0,0,0,0
TF,POR,45.474778,13.612083,0, ,0.0,0.0,0.0,0.0,0,0,0,0,0,0,0,0

STAR,FORJ1A,15,5
IF,FORJO,45.564883,13.968072, ,0.0,0.0,2,8000,0,0,0,0,0,0
TF,PZ103,45.551056,13.899667,0, ,0.0,0.0,0.0,0.0,2,5900,0,0,0,0,0,0
TF,PZ102,45.537472,13.831194,0, ,0.0,0.0,0.0,0.0,2,3500,0,0,0,0,0,0
TF,PZ101,45.523917,13.762694,0, ,0.0,0.0,0.0,0.0,2,2900,0,0,0,0,0,0
TF,USFUS,45.505778,13.671250,0, ,0.0,0.0,0.0,0.0,2,2900,0,0,0,0,0,0
TF,DEZMO,45.513361,13.625694,0, ,0.0,0.0,0.0,0.0,2,2600,0,0,0,0,0,0
TF,FOXJU,45.535333,13.521583,0, ,0.0,0.0,0.0,0.0,2,2600,0,1,140,0,0,0

STAR,ILB1A,15,2
IF,ILB,45.565586,14.170864, ,0.0,0.0,0,0,0,0,0,0,0,0
TF,D254J,45.529264,13.939408,0, ,0.0,0.0,0.0,0.0,0,0,0,0,0,0,0,0
TF,D254Q,45.503558,13.777567,0, ,0.0,0.0,0.0,0.0,0,0,0,0,0,0,0,0
TF,PZ,45.477467,13.614919,0, ,0.0,0.0,0.0,0.0,0,0,0,0,0,0,0,0

STAR,ROTA1A,15,2
IF,ROTAR,45.262778,12.995556, ,0.0,0.0,0,0,0,0,0,0,0,0
TF,PZ,45.477467,13.614919,0, ,0.0,0.0,0.0,0.0,0,0,0,0,0,0,0,0

APPTR,D15,15,POR
IF,POR,45.474778,13.612083, ,0.0,0.0,2,2700,0,0,0,0,1,0
CF,PO04A,45.512247,13.548536,0,POR,306.0,3.5,306.0,3.5,2,1650,0,0,0,0,0,0
CF,PO04B,45.519739,13.535817,0,POR,306.0,4.2,306.0,0.7,2,1600,0,0,0,0,0,1
CF,FD15,45.535975,13.563806,2,POR,327.0,4.2,147.0,1.0,2,1600,0,0,0,0,0,0

FINAL,D15,15,D,4
IF,FD15,45.535975,13.563806,POR,327.0,4.2,2,1600,0,0,0,0,2,0
CF,30VOR,45.518492,13.577608,0,POR,327.0,3.0,147.0,1.2,2,1200,0,0,0,0,0,0
CF,20VOR,45.503919,13.589106,0,POR,327.0,2.0,147.0,1.0,2,800,0,0,0,0,0,0
CF,MD15,45.489347,13.600600,0,POR,327.0,1.0,147.0,1.0,1,388,0,0,0,0,3,0
CA,0,147.0,2,410,0,0,0,0,0,0
CI,2, ,0.0,342.0,0,0,0,0,0,0,0,0
CF,D297E,45.520208,13.504397,0,POR,297.0,5.3,297.0,3.0,0,0,0,0,0,0,0,1
DF,POR,45.474778,13.612083,2, ,0.0,0.0,1,2700,0,0,0,0,0,0
HM,POR,45.474778,13.612083,2, ,0.0,0.0,287.0,04.3,2,2700,0,0,0,0,0,0,0

APPTR,N15,15,PZ
IF,PZ,45.477467,13.614919, ,0.0,0.0,2,2700,0,0,0,0,0,0
FC,PZ,45.477467,13.614919,0,POR,0.0,0.0,307.0,6.0,2,1500,0,0,0,0,0,1
CF,FN15,45.543394,13.558533,2,POR,327.3,4.7,145.0,2.0,2,1500,0,0,0,0,0,0

FINAL,N15,15,N,2
IF,FN15,45.543394,13.558533,PZ,0.0,0.0,2,1500,0,0,0,0,2,0
CF,PZ,45.477467,13.614919,0,PZ,0.0,0.0,145.0,4.6,1,31,0,0,0,0,3,0
CA,0,145.0,2,410,0,0,0,0,0,0
DF,PZ,45.477467,13.614919,1, ,0.0,0.0,1,2700,0,0,0,0,0,0
HM,PZ,45.477467,13.614919,2, ,0.0,0.0,287.0,04.3,2,2700,0,0,0,0,0,0,0

APPTR,R15,15,FOXJU
IF,FOXJU,45.535333,13.521583, ,0.0,0.0,2,2600,0,1,140,0,1,0
TF,PZ106,45.566389,13.502028,0, ,0.0,0.0,0.0,0.0,2,1700,0,1,140,0,0,0
TF,PZ107,45.579861,13.545444,0, ,0.0,0.0,0.0,0.0,2,1500,0,1,120,0,1,0

APPTR,R15,15,UNFIX
IF,UNFIX,45.476583,13.610278, ,0.0,0.0,2,2600,0,1,140,0,1,0
TF,PZ105,45.463139,13.566944,0, ,0.0,0.0,0.0,0.0,2,2600,0,1,140,0,0,0
TF,PZ106,45.566389,13.502028,0, ,0.0,0.0,0.0,0.0,2,1700,0,1,140,0,0,0
TF,PZ107,45.579861,13.545444,0, ,0.0,0.0,0.0,0.0,2,1500,0,1,120,0,1,0

FINAL,R15,15,R,3
IF,PZ107,45.579861,13.545444, ,0.0,0.0,2,1500,0,1,120,0,0,0
TF,IZUME,45.536278,13.572833,0, ,0.0,0.0,152.0,2.9,2,1500,0,0,0,0,2,0
TF,UNFIX,45.476583,13.610278,0, ,0.0,0.0,152.0,3.9,1,45,0,1,130,0,3,1
DF,FOXJU,45.535333,13.521583,2, ,0.0,0.0,0,0,0,1,130,0,0,1
DF,UNFIX,45.476583,13.610278,2, ,0.0,0.0,2,2600,0,1,130,0,0,1
HM,UNFIX,45.476583,13.610278,1, ,0.0,0.0,152.0,02,2,2600,0,1,140,0,0,0,0

