SID,BEKV2P,27,5
DF,D269H,50.019817,15.545497,0, ,0.0,0.0,0,0,0,0,0,0,0,1
CF,GOLIN,50.059314,14.984964,0,VLM,347.6,21.6,271.0,21.0,0,0,0,0,0,0,0,0
TF,BEKVI,50.073356,14.722358,0, ,0.0,0.0,0.0,0.0,0,0,0,0,0,0,0,0

SID,BEKV2V,09,5
DF,PK,50.011092,15.813019,0, ,0.0,0.0,0,0,0,0,0,0,0,1
CA,0,74.0,2,3500,0,0,0,0,0,0
DF,PK,50.011092,15.813019,2, ,0.0,0.0,0,0,0,0,0,0,0,0
TF,GOLIN,50.059314,14.984964,0, ,0.0,0.0,0.0,0.0,0,0,0,0,0,0,0,0
TF,BEKVI,50.073356,14.722358,0, ,0.0,0.0,0.0,0.0,0,0,0,0,0,0,0,0

SID,BULE1P,27,5
DF,D269H,50.019817,15.545497,0, ,0.0,0.0,0,0,0,0,0,0,0,1
TF,ERUSO,50.185853,15.271108,0, ,0.0,0.0,0.0,0.0,0,0,0,0,0,0,0,0
TF,BULEK,50.413239,15.065306,0, ,0.0,0.0,0.0,0.0,0,0,0,0,0,0,0,0

SID,BULE1V,09,5
DF,PK,50.011092,15.813019,0, ,0.0,0.0,0,0,0,0,0,0,0,1
CA,0,74.0,2,3500,0,0,0,0,0,0
DF,PK,50.011092,15.813019,2, ,0.0,0.0,0,0,0,0,0,0,0,0
TF,ERUSO,50.185853,15.271108,0, ,0.0,0.0,0.0,0.0,0,0,0,0,0,0,0,0
TF,BULEK,50.413239,15.065306,0, ,0.0,0.0,0.0,0.0,0,0,0,0,0,0,0,0

SID,TIBL1V,09,5
DF,ORLIX,49.994958,16.292722,0, ,0.0,0.0,0,0,0,0,0,0,0,0
TF,PD514,49.983431,16.603111,0, ,0.0,0.0,0.0,0.0,0,0,0,0,0,0,0,0
TF,TIBLA,49.795844,16.678858,0, ,0.0,0.0,0.0,0.0,0,0,0,0,0,0,0,0

SID,TIBL2P,27,5
CF,PD431,50.018342,15.579175,0,VLM,42.3,27.4,269.0,6.0,0,0,0,0,0,0,0,0
TF,PD432,50.104636,15.585339,0, ,0.0,0.0,0.0,0.0,0,0,0,1,220,0,0,0
TF,PD433,50.093361,15.947014,0, ,0.0,0.0,0.0,0.0,0,0,0,0,0,0,0,0
TF,ORLIX,49.994958,16.292722,0, ,0.0,0.0,0.0,0.0,0,0,0,0,0,0,0,0
TF,PD514,49.983431,16.603111,0, ,0.0,0.0,0.0,0.0,0,0,0,0,0,0,0,0
TF,TIBLA,49.795844,16.678858,0, ,0.0,0.0,0.0,0.0,0,0,0,0,0,0,0,0

SID,USUP1P,27,5
DF,D269H,50.019817,15.545497,0, ,0.0,0.0,0,0,0,0,0,0,0,1
TF,EKNEV,49.761250,15.304411,0, ,0.0,0.0,0.0,0.0,0,0,0,0,0,0,0,0
TF,USUPA,49.520544,15.128769,0, ,0.0,0.0,0.0,0.0,0,0,0,0,0,0,0,0

SID,USUP1V,09,5
DF,PK,50.011092,15.813019,0, ,0.0,0.0,0,0,0,0,0,0,0,1
CI,2, ,0.0,269.0,0,0,0,0,0,0,0,0
CF,EKNEV,49.761250,15.304411,0,VLM,65.6,9.9,229.0,19.0,0,0,0,0,0,0,0,0
TF,USUPA,49.520544,15.128769,0, ,0.0,0.0,0.0,0.0,0,0,0,0,0,0,0,0

STAR,APRA2M,ALL,5
IF,APRAQ,49.648333,14.122500, ,0.0,0.0,0,0,0,0,0,0,0,0
TF,PR582,49.744683,14.268486,0, ,0.0,0.0,0.0,0.0,0,0,0,0,0,0,0,0
TF,ELPON,49.925011,14.617303,0, ,0.0,0.0,0.0,0.0,0,0,0,0,0,0,0,0
TF,GOLIN,50.059314,14.984964,0, ,0.0,0.0,0.0,0.0,0,0,0,0,0,0,0,0
TF,PK,50.011092,15.813019,0, ,0.0,0.0,0.0,0.0,0,0,0,0,0,0,0,0

STAR,BEKV2M,ALL,5
IF,BEKVI,50.073356,14.722358, ,0.0,0.0,0,0,0,0,0,0,0,0
TF,GOLIN,50.059314,14.984964,0, ,0.0,0.0,0.0,0.0,0,0,0,0,0,0,0,0
TF,PK,50.011092,15.813019,0, ,0.0,0.0,0.0,0.0,0,0,0,0,0,0,0,0

STAR,GOLO2M,ALL,5
IF,GOLOP,50.585761,14.495731, ,0.0,0.0,0,0,0,0,0,0,0,0
TF,BULEK,50.413239,15.065306,0, ,0.0,0.0,0.0,0.0,0,0,0,0,0,0,0,0
TF,PK,50.011092,15.813019,0, ,0.0,0.0,0.0,0.0,0,0,0,0,0,0,0,0

STAR,RIBS1M,ALL,5
IF,RIBSI,49.953767,17.661750, ,0.0,0.0,0,0,0,0,0,0,0,0
TF,ODEKU,50.087425,17.296719,0, ,0.0,0.0,0.0,0.0,0,0,0,0,0,0,0,0
TF,ORLIX,49.994958,16.292722,0, ,0.0,0.0,0.0,0.0,0,0,0,0,0,0,0,0

STAR,TIBL1M,ALL,5
IF,TIBLA,49.795844,16.678858, ,0.0,0.0,0,0,0,0,0,0,0,0
TF,PD514,49.983431,16.603111,0, ,0.0,0.0,0.0,0.0,0,0,0,0,0,0,0,0
TF,ORLIX,49.994958,16.292722,0, ,0.0,0.0,0.0,0.0,0,0,0,0,0,0,0,0

STAR,USUP1M,ALL,5
IF,USUPA,49.520544,15.128769, ,0.0,0.0,0,0,0,0,0,0,0,0
TF,EKNEV,49.761250,15.304411,0, ,0.0,0.0,0.0,0.0,0,0,0,0,0,0,0,0
TF,PK,50.011092,15.813019,0, ,0.0,0.0,0.0,0.0,0,0,0,0,0,0,0,0

APPTR,I27-Y,27,ORLIX
IF,ORLIX,49.994958,16.292722, ,0.0,0.0,0,0,0,0,0,0,1,0
TF,PD435,50.002742,16.069197,0, ,0.0,0.0,0.0,0.0,2,3000,0,0,0,0,0,0
TF,PD415,50.004267,16.023836,0,PK,0.0,0.0,0.0,0.0,2,3000,0,0,0,0,0,0

APPTR,I27-Y,27,PK
IF,PK,50.011092,15.813019, ,0.0,0.0,0,0,0,0,0,0,1,0
TF,PD433,50.093361,15.947014,0, ,0.0,0.0,0.0,0.0,2,4000,0,0,0,0,0,0
TF,PD434,50.089061,16.076242,0, ,0.0,0.0,0.0,0.0,2,4000,0,0,0,0,0,0
TF,PD435,50.002742,16.069197,0, ,0.0,0.0,0.0,0.0,2,3000,0,0,0,0,0,0
TF,PD415,50.004267,16.023836,0,PK,0.0,0.0,0.0,0.0,2,3000,0,0,0,0,0,0

FINAL,I27-Y,27,I,3
IF,PD415,50.004267,16.023836,PK,88.7,11.9,2,3000,0,0,0,0,0,0
CF,PD27F,50.007161,15.935850,0,PK,88.7,8.5,269.0,3.4,1,3000,0,0,0,0,2,0
CF,RW27,50.012917,15.755989,0,PK,88.7,1.5,269.0,7.0,1,782,0,0,0,0,3,0
TF,PD431,50.018342,15.579175,0, ,0.0,0.0,0.0,0.0,0,0,0,1,185,0,0,0
TF,PD432,50.104636,15.585339,0, ,0.0,0.0,0.0,0.0,0,0,0,1,185,0,0,0
TF,PD433,50.093361,15.947014,0, ,0.0,0.0,0.0,0.0,0,0,0,0,0,0,0,0
TF,PD434,50.089061,16.076242,0, ,0.0,0.0,0.0,0.0,2,4000,0,0,0,0,0,0

APPTR,I27-Z,27,ORLIX
IF,ORLIX,49.994958,16.292722, ,0.0,0.0,0,0,0,0,0,0,1,0
CF,CF27,50.004275,16.022836,0,PK,88.7,11.9,269.0,10.5,2,3000,0,0,0,0,1,0

APPTR,I27-Z,27,PK1
FD,PK,50.011092,15.813019,0,PK,0.0,10.0,57.0,10.0,2,3000,0,0,0,0,1,0
CF,CF27,50.004275,16.022836,2,PK,88.7,11.9,269.0,2.0,2,3000,0,0,0,0,1,0

APPTR,I27-Z,27,PK2
FD,PK,50.011092,15.813019,0,PK,0.0,10.0,72.0,10.0,2,3000,0,0,0,0,1,0
CF,CF27,50.004275,16.022836,2,PK,88.7,11.9,269.0,2.0,2,3000,0,0,0,0,1,0

FINAL,I27-Z,27,I,3
IF,CF27,50.004275,16.022836,PK,88.7,11.9,2,3000,0,0,0,0,0,0
CF,FF27,50.006903,15.935133,0,PK,88.9,8.5,269.0,3.4,1,3000,0,0,0,0,2,0
CF,RW27,50.012917,15.755989,0,PK,88.7,1.5,269.0,6.9,1,782,0,0,0,0,3,0
CF,D269C,50.015550,15.674542,0,VLM,47.4,30.1,269.0,3.2,0,0,0,0,0,0,0,1
DF,PK,50.011092,15.813019,1, ,0.0,0.0,2,3000,0,1,185,0,0,0

FINAL,Q09,09,N,3
IF,PD954,50.021714,15.461661,PK,0.0,0.0,2,3000,0,0,0,0,0,0
CF,PD09F,50.019397,15.541678,0,PK,0.0,0.0,89.0,3.1,2,3000,0,0,0,0,2,0
CF,RW09,50.013997,15.721150,0,PK,0.0,1.2,89.0,7.0,1,786,0,0,0,0,3,1
CA,0,89.0,2,3000,0,0,0,0,0,0
VM,0,0,0,89.0,2,3000,0,0,0,0,0,0

APPTR,Q27,27,ORLIX
IF,ORLIX,49.994958,16.292722, ,0.0,0.0,0,0,0,0,0,0,1,0
CF,CF27,50.004275,16.022836,0,VLM,59.8,41.3,269.0,10.5,2,3000,0,0,0,0,0,0

APPTR,Q27,27,PK1
IF,PK,50.011092,15.813019, ,0.0,0.0,0,0,0,0,0,0,1,0
CF,D057J,50.074594,15.991419,0,VLM,53.9,42.2,57.0,7.9,2,3000,0,0,0,0,0,1
CF,CF27,50.004275,16.022836,2,VLM,59.8,41.3,269.0,1.0,2,3000,0,0,0,0,0,0

APPTR,Q27,27,PK2
IF,PK,50.011092,15.813019, ,0.0,0.0,0,0,0,0,0,0,1,0
CF,D072J,50.041933,16.006100,0,VLM,56.6,41.7,72.0,7.7,2,3000,0,0,0,0,0,1
CF,CF27,50.004275,16.022836,2,VLM,59.8,41.3,269.0,1.0,2,3000,0,0,0,0,0,0

FINAL,Q27,27,N,4
IF,CF27,50.004275,16.022836,PK,0.0,0.0,2,3000,0,0,0,0,0,0
CF,FF27,50.006903,15.935133,0,PK,0.0,0.0,269.0,3.4,2,3000,0,0,0,0,2,0
CF,PK,50.011092,15.813019,0,PK,0.0,0.0,269.0,4.7,2,1490,0,0,0,0,0,0
CF,P,50.012472,15.770506,0,PK,0.0,0.7,269.0,1.7,1,962,0,0,0,0,3,0
CF,D269C,50.015550,15.674542,0,VLM,47.4,30.1,269.0,3.7,0,0,0,0,0,0,0,1
DF,PK,50.011092,15.813019,1, ,0.0,0.0,2,3000,0,1,185,0,0,0

APPTR,R09,09,ORLIX
IF,ORLIX,49.994958,16.292722, ,0.0,0.0,0,0,0,0,0,0,1,0
TF,PD952,50.097458,15.819708,0, ,0.0,0.0,0.0,0.0,2,4000,0,0,0,0,0,0
TF,PD953,50.109236,15.426242,0, ,0.0,0.0,0.0,0.0,2,4000,0,1,200,0,0,0
TF,PD954,50.021714,15.461661,1, ,0.0,0.0,0.0,0.0,2,3000,0,0,0,0,1,0

APPTR,R09,09,PK
IF,PK,50.011092,15.813019, ,0.0,0.0,0,0,0,0,0,0,1,0
TF,PD952,50.097458,15.819708,0, ,0.0,0.0,0.0,0.0,0,0,0,0,0,0,0,0
TF,PD953,50.109236,15.426242,0, ,0.0,0.0,0.0,0.0,2,4000,0,1,200,0,0,0
TF,PD954,50.021714,15.461661,1, ,0.0,0.0,0.0,0.0,2,3000,0,0,0,0,1,0

FINAL,R09,09,R,3
IF,PD954,50.021714,15.461661, ,0.0,0.0,2,3000,0,0,0,0,0,0
TF,PD09F,50.019397,15.541678,0, ,0.0,0.0,89.0,3.1,2,3000,0,0,0,0,2,0
TF,RW09,50.013997,15.721150,0, ,0.0,0.0,89.0,7.0,1,786,0,0,0,0,3,1
TF,PK,50.011092,15.813019,0, ,0.0,0.0,0.0,0.0,0,0,0,0,0,0,0,1
DF,PD952,50.097458,15.819708,1, ,0.0,0.0,2,4000,0,1,185,0,0,0

APPTR,R27-Y,27,ORLIX
IF,ORLIX,49.994958,16.292722, ,0.0,0.0,0,0,0,0,0,0,1,0
TF,PD435,50.002742,16.069197,0, ,0.0,0.0,0.0,0.0,2,3000,0,0,0,0,0,0
TF,PD415,50.004267,16.023836,0, ,0.0,0.0,0.0,0.0,2,3000,0,0,0,0,0,0

APPTR,R27-Y,27,PK
IF,PK,50.011092,15.813019, ,0.0,0.0,0,0,0,0,0,0,1,0
TF,PD433,50.093361,15.947014,0, ,0.0,0.0,0.0,0.0,2,4000,0,0,0,0,0,0
TF,PD434,50.089061,16.076242,0, ,0.0,0.0,0.0,0.0,2,4000,0,0,0,0,0,0
TF,PD435,50.002742,16.069197,0, ,0.0,0.0,0.0,0.0,2,3000,0,0,0,0,0,0
TF,PD415,50.004267,16.023836,0, ,0.0,0.0,0.0,0.0,2,3000,0,0,0,0,0,0

FINAL,R27-Y,27,R,3
IF,PD415,50.004267,16.023836, ,0.0,0.0,2,3000,0,0,0,0,0,0
TF,PD27F,50.007161,15.935850,0, ,0.0,0.0,269.0,3.4,2,3000,0,0,0,0,2,0
TF,RW27,50.012917,15.755989,0, ,0.0,0.0,269.0,7.0,1,781,0,0,0,0,3,1
TF,PD431,50.018342,15.579175,0, ,0.0,0.0,0.0,0.0,0,0,0,1,185,0,0,0
TF,PD432,50.104636,15.585339,0, ,0.0,0.0,0.0,0.0,0,0,0,1,185,0,0,0
TF,PD433,50.093361,15.947014,0, ,0.0,0.0,0.0,0.0,0,0,0,0,0,0,0,0
TF,PD434,50.089061,16.076242,0, ,0.0,0.0,0.0,0.0,2,4000,0,0,0,0,0,0

APPTR,R27-Z,27,ORLIX
IF,ORLIX,49.994958,16.292722, ,0.0,0.0,0,0,0,0,0,0,1,0
TF,PD435,50.002742,16.069197,0, ,0.0,0.0,0.0,0.0,2,3000,0,0,0,0,0,0
TF,PD415,50.004267,16.023836,0, ,0.0,0.0,0.0,0.0,2,3000,0,0,0,0,0,0

APPTR,R27-Z,27,PK
IF,PK,50.011092,15.813019, ,0.0,0.0,0,0,0,0,0,0,1,0
TF,PD413,49.949472,15.916078,0, ,0.0,0.0,0.0,0.0,2,3000,0,0,0,0,0,0
TF,PD414,49.946069,16.019156,0, ,0.0,0.0,0.0,0.0,2,3000,0,0,0,0,0,0
TF,PD415,50.004267,16.023836,0, ,0.0,0.0,0.0,0.0,2,3000,0,0,0,0,0,0

FINAL,R27-Z,27,R,3
IF,PD415,50.004267,16.023836, ,0.0,0.0,2,3000,0,0,0,0,0,0
TF,PD27F,50.007161,15.935850,0, ,0.0,0.0,269.0,3.4,2,3000,0,0,0,0,2,0
TF,RW27,50.012917,15.755989,0, ,0.0,0.0,269.0,7.0,1,781,0,0,0,0,3,1
TF,PD411,50.016414,15.641914,0, ,0.0,0.0,0.0,0.0,0,0,0,1,185,0,0,0
TF,PD412,49.958200,15.637692,0, ,0.0,0.0,0.0,0.0,0,0,0,1,185,0,0,0
TF,PD413,49.949472,15.916078,0, ,0.0,0.0,0.0,0.0,0,0,0,0,0,0,0,0
TF,PD414,49.946069,16.019156,0, ,0.0,0.0,0.0,0.0,2,3000,0,0,0,0,0,0

