SID,LIDS1E,08,5
CA,0,83.0,2,3500,0,1,205,0,0,0
DF,WL601,48.297092,14.153244,1, ,0.0,0.0,0,0,0,0,0,0,0,0
TF,WL602,48.293133,14.040592,0, ,0.0,0.0,0.0,0.0,0,0,0,0,0,0,0,0
TF,LIDSI,48.222831,13.897306,0, ,0.0,0.0,0.0,0.0,0,0,0,0,0,0,0,0

SID,LIDS1W,26,5
CF,LIDSI,48.222831,13.897306,0,LNZ,263.2,8.3,263.0,11.0,0,0,0,0,0,0,0,0

SID,LIMR1W,26,5
CA,0,263.0,2,3000,0,1,205,0,0,0
DF,LIMRA,47.910981,14.447783,1, ,0.0,0.0,2,8000,0,0,0,0,0,0

SID,LIMR2E,08,5
CA,0,83.0,2,3000,0,1,205,0,0,0
DF,LIMRA,47.910981,14.447783,0, ,0.0,0.0,2,8000,0,0,0,0,0,0

SID,LNZ2L,26,2
CF,LNZ,48.229711,14.103156,0,LNZ,0.0,0.0,263.0,3.0,0,0,0,0,0,0,0,1
FA,LNZ,48.229711,14.103156,0,LNZ,0.0,0.0,263.0,2,3000,0,0,0,0,0,0
DF,LNZ,48.229711,14.103156,2, ,0.0,0.0,0,0,0,1,205,0,0,0
HA,LNZ,48.229711,14.103156,1, ,0.0,0.0,83.0,04.3,2,3000,0,0,0,0,0,0,0

SID,LNZ2T,08,2
CA,0,83.0,2,3000,0,1,205,0,0,0
DF,LNZ,48.229711,14.103156,1, ,0.0,0.0,0,0,0,0,0,0,0,0
HA,LNZ,48.229711,14.103156,1, ,0.0,0.0,83.0,04.3,2,3000,0,0,0,0,0,0,0

SID,PERO1E,08,5
CF,PEROL,48.242969,14.480386,0,LNZ,82.9,15.2,83.0,11.0,0,0,0,0,0,0,0,0

SID,PERO1W,26,5
CA,0,263.0,2,3000,0,1,205,0,0,0
DF,WL621,48.299158,14.213031,2, ,0.0,0.0,0,0,0,0,0,0,0,0
TF,WL624,48.302994,14.325217,0, ,0.0,0.0,0.0,0.0,0,0,0,0,0,0,0,0
TF,PEROL,48.242969,14.480386,0, ,0.0,0.0,0.0,0.0,0,0,0,0,0,0,0,0

SID,PETE1E,08,5
CA,0,83.0,2,3500,0,1,205,0,0,0
DF,PETEN,48.416247,14.173911,1, ,0.0,0.0,0,0,0,0,0,0,0,0

SID,PETE1W,26,5
CA,0,263.0,2,3000,0,1,205,0,0,0
DF,PETEN,48.416247,14.173911,2, ,0.0,0.0,0,0,0,0,0,0,0,0

STAR,ADLE2K,ALL,5
IF,ADLET,48.567600,14.299283, ,0.0,0.0,2,6000,0,0,0,0,0,0
TF,PETEN,48.416247,14.173911,0, ,0.0,0.0,0.0,0.0,2,6000,0,0,0,0,0,0

STAR,AKIM2K,ALL,5
IF,AKIMA,48.413056,13.310278, ,0.0,0.0,2,6000,0,0,0,0,0,0
TF,PETEN,48.416247,14.173911,0, ,0.0,0.0,0.0,0.0,2,6000,0,0,0,0,0,0

STAR,DEXI2K,ALL,5
IF,DEXIT,48.762778,13.709167, ,0.0,0.0,2,6000,0,0,0,0,0,0
TF,PETEN,48.416247,14.173911,0, ,0.0,0.0,0.0,0.0,2,6000,0,0,0,0,0,0

STAR,LIMR2K,ALL,5
IF,LIMRA,47.910981,14.447783, ,0.0,0.0,2,8000,0,0,0,0,0,0
TF,ARASA,48.050225,14.202364,0, ,0.0,0.0,0.0,0.0,2,8000,0,0,0,0,0,0

STAR,LNZ2K,ALL,5
IF,LNZ,48.229711,14.103156, ,0.0,0.0,4,7000,6000,0,0,0,0,0
TF,PETEN,48.416247,14.173911,0, ,0.0,0.0,0.0,0.0,4,7000,6000,0,0,0,0,0

STAR,NEMA2K,ALL,5
IF,NEMAL,47.918056,13.498333, ,0.0,0.0,2,8000,0,0,0,0,0,0
TF,ARASA,48.050225,14.202364,0, ,0.0,0.0,0.0,0.0,2,8000,0,0,0,0,0,0

STAR,NUBR2K,ALL,5
IF,NUBRA,47.743069,13.937914, ,0.0,0.0,2,11000,0,0,0,0,0,0
TF,WL501,47.800775,13.987317,0, ,0.0,0.0,0.0,0.0,2,11000,0,0,0,0,0,0
TF,ARASA,48.050225,14.202364,0, ,0.0,0.0,0.0,0.0,2,8000,0,0,0,0,0,0

STAR,SBG2K,ALL,5
IF,SBG,48.002583,12.892761, ,0.0,0.0,4,12000,8000,0,0,0,0,0
TF,ARASA,48.050225,14.202364,0, ,0.0,0.0,0.0,0.0,4,12000,8000,0,0,0,0,0

STAR,SITN2K,ALL,5
IF,SITNI,48.054228,14.834614, ,0.0,0.0,2,8000,0,0,0,0,0,0
TF,ARASA,48.050225,14.202364,0, ,0.0,0.0,0.0,0.0,2,8000,0,0,0,0,0,0

STAR,STO3K,ALL,5
IF,STO,48.417086,16.018758, ,0.0,0.0,4,16000,6000,0,0,0,0,0
TF,WL500,48.429942,14.592208,0, ,0.0,0.0,0.0,0.0,2,6000,0,0,0,0,0,0
TF,PETEN,48.416247,14.173911,0, ,0.0,0.0,0.0,0.0,2,6000,0,0,0,0,0,0

APPTR,D08,08,LIDSI
IF,LIDSI,48.222831,13.897306, ,0.0,0.0,2,4000,0,0,0,0,1,0
CF,D263E,48.225283,13.978694,0,LNZ,263.0,5.0,83.0,3.3,2,3000,0,0,0,0,0,0
CF,LNZ,48.229711,14.103156,0,LNZ,0.0,0.0,83.0,5.0,2,2110,0,0,0,0,0,0

APPTR,D08,08,LNZ1
FD,LNZ,48.229711,14.103156,0,LNZ,0.0,6.0,290.0,6.0,2,3000,0,0,0,0,0,0
CF,D263E,48.225283,13.978694,1,LNZ,263.0,5.0,83.0,2.0,2,3000,0,0,0,0,0,0
CF,LNZ,48.229711,14.103156,0,LNZ,0.0,0.0,83.0,5.0,2,2110,0,0,0,0,0,0

APPTR,D08,08,LNZ2
FD,LNZ,48.229711,14.103156,0,LNZ,0.0,6.0,280.0,6.0,2,3000,0,0,0,0,0,0
CF,D263E,48.225283,13.978694,1,LNZ,263.0,5.0,83.0,2.0,2,3000,0,0,0,0,0,0
CF,LNZ,48.229711,14.103156,0,LNZ,0.0,0.0,83.0,5.0,2,2110,0,0,0,0,0,0

APPTR,D08,08,LNZ3
HF,LNZ,48.229711,14.103156,1, ,0.0,0.0,83.0,06,2,3000,0,0,0,0,0,0,0

FINAL,D08,08,D,2
IF,LNZ,48.229711,14.103156,LNZ,0.0,0.0,2,2110,0,0,0,0,2,0
CF,RW08,48.232636,14.170697,0,LNZ,82.3,2.7,83.0,2.7,1,1031,0,0,0,0,3,0
FA,RW08,48.232636,14.170697,0,LNZ,0.0,0.0,83.0,2,3000,0,0,0,0,0,0
DF,LNZ,48.229711,14.103156,2, ,0.0,0.0,1,4000,0,0,0,0,0,0
HM,LNZ,48.229711,14.103156,1, ,0.0,0.0,83.0,04.3,0,0,0,0,0,0,0,0,0

APPTR,D26,26,LNZ
IF,LNZ,48.229711,14.103156, ,0.0,0.0,2,4000,0,0,0,0,0,0
CF,ECKIQ,48.238647,14.352261,0,LNZ,82.8,10.0,83.0,10.0,2,4000,0,0,0,0,1,0
HF,ECKIQ,48.238647,14.352261,1, ,0.0,0.0,263.0,06,2,4000,0,0,0,0,0,0,0

FINAL,D26,26,D,4
IF,PEROL,48.242969,14.480386,LNZ,82.9,15.2,2,4000,0,0,0,0,0,0
CF,FD26,48.237172,14.322256,0,LNZ,83.0,8.8,263.0,6.4,2,2500,0,0,0,0,2,0
CF,55DME,48.234422,14.240086,0,LNZ,83.0,5.5,263.0,3.3,2,1440,0,0,0,0,0,0
CF,RW26,48.233844,14.205644,0,LNZ,82.5,4.1,263.0,1.4,1,1016,0,0,0,0,3,0
CF,LNZ,48.229711,14.103156,0,LNZ,0.0,0.0,263.0,4.1,0,0,0,0,0,0,0,0
CF,D263F,48.224292,13.951314,0,LNZ,263.0,6.1,263.0,6.1,0,0,0,0,0,0,0,1
DF,LNZ,48.229711,14.103156,2, ,0.0,0.0,1,3000,0,0,0,0,0,0
HM,LNZ,48.229711,14.103156,1, ,0.0,0.0,83.0,04.3,2,3000,0,0,0,0,0,0,0

APPTR,I08,08,ARA2C
IF,ARASA,48.050225,14.202364, ,0.0,0.0,2,8000,0,0,0,0,0,0
TF,WL812,48.150056,14.194644,0, ,0.0,0.0,0.0,0.0,2,5000,0,0,0,0,0,0
TF,WL807,48.134983,13.779939,0, ,0.0,0.0,0.0,0.0,2,4000,0,1,230,0,0,0
TF,WL808,48.218153,13.772850,0, ,0.0,0.0,0.0,0.0,2,4000,0,0,0,0,0,0
TF,LIDSI,48.222831,13.897306,0, ,0.0,0.0,0.0,0.0,2,4000,0,0,0,0,1,0
TF,D263K,48.224533,13.943664,0, ,0.0,0.0,0.0,0.0,2,4000,0,0,0,0,0,0
TF,CI08,48.225353,13.966064,0,OEM,0.0,0.0,0.0,0.0,2,3000,0,0,0,0,0,0

APPTR,I08,08,LIDSI
IF,LIDSI,48.222831,13.897306, ,0.0,0.0,2,4000,0,0,0,0,1,0
CF,D263K,48.224533,13.943664,0,LNZ,263.3,6.4,83.0,1.9,2,4000,0,0,0,0,0,0
CF,CI08,48.225353,13.966064,0,OEM,263.1,10.0,83.0,0.9,2,3000,0,0,0,0,0,0

APPTR,I08,08,LNZ1
IF,LNZ,48.229711,14.103156, ,0.0,0.0,2,3000,0,0,0,0,0,0
FD,LNZ,48.229711,14.103156,0,LNZ,0.0,6.0,290.0,6.0,0,0,0,0,0,0,0,0
CF,CI08,48.225353,13.966064,1,OEM,263.1,10.0,83.0,1.0,2,3000,0,0,0,0,0,0

APPTR,I08,08,LNZ2
IF,LNZ,48.229711,14.103156, ,0.0,0.0,2,3000,0,0,0,0,0,0
FD,LNZ,48.229711,14.103156,0,LNZ,0.0,6.0,280.0,6.0,0,0,0,0,0,0,0,0
CF,CI08,48.225353,13.966064,1,OEM,263.1,10.0,83.0,1.0,2,3000,0,0,0,0,0,0

APPTR,I08,08,PET2C
IF,PETEN,48.416247,14.173911, ,0.0,0.0,2,6000,0,0,0,0,0,0
TF,WL811,48.316428,14.181711,0, ,0.0,0.0,0.0,0.0,2,5000,0,0,0,0,0,0
TF,WL806,48.301314,13.765739,0, ,0.0,0.0,0.0,0.0,2,4000,0,1,230,0,0,0
TF,WL808,48.218153,13.772850,0, ,0.0,0.0,0.0,0.0,2,4000,0,0,0,0,0,0
TF,LIDSI,48.222831,13.897306,0, ,0.0,0.0,0.0,0.0,2,4000,0,0,0,0,1,0
TF,D263K,48.224533,13.943664,0, ,0.0,0.0,0.0,0.0,2,4000,0,0,0,0,0,0
TF,CI08,48.225353,13.966064,0,OEM,0.0,0.0,0.0,0.0,2,3000,0,0,0,0,0,0

FINAL,I08,08,I,3
IF,CI08,48.225353,13.966064,OEM,263.1,10.0,2,3000,0,0,0,0,0,0
CF,FI08,48.227158,14.015844,0,OEM,263.1,8.0,83.0,2.0,1,3000,0,0,0,0,2,0
CF,RW08,48.232636,14.170697,0,OEM,263.1,1.8,83.0,6.2,1,1031,0,0,0,0,3,0
FA,RW08,48.232636,14.170697,0,LNZ,0.0,0.0,83.0,2,3000,0,0,0,0,0,0
DF,LNZ,48.229711,14.103156,2, ,0.0,0.0,1,4000,0,0,0,0,0,0
HM,LNZ,48.229711,14.103156,1, ,0.0,0.0,83.0,04.3,0,0,0,0,0,0,0,0,0

APPTR,I26,26,ARA2D
IF,ARASA,48.050225,14.202364, ,0.0,0.0,2,8000,0,0,0,0,0,0
TF,WL812,48.150056,14.194644,0, ,0.0,0.0,0.0,0.0,2,5000,0,0,0,0,0,0
TF,WL827,48.163681,14.610719,0, ,0.0,0.0,0.0,0.0,2,4000,0,1,230,0,0,0
TF,WL828,48.246892,14.604958,0, ,0.0,0.0,0.0,0.0,2,4000,0,0,0,0,0,0
TF,PEROL,48.242969,14.480386,0,OEL,0.0,0.0,0.0,0.0,2,4000,0,0,0,0,1,0

APPTR,I26,26,LNZ
IF,LNZ,48.229711,14.103156, ,0.0,0.0,2,4000,0,0,0,0,0,0
CF,ECKIQ,48.238647,14.352261,0,LNZ,82.8,10.0,83.0,10.0,2,4000,0,0,0,0,1,0
HF,ECKIQ,48.238647,14.352261,1, ,0.0,0.0,263.0,06,2,4000,0,0,0,0,0,0,0

APPTR,I26,26,PET2D
IF,PETEN,48.416247,14.173911, ,0.0,0.0,2,6000,0,0,0,0,0,0
TF,WL811,48.316428,14.181711,0, ,0.0,0.0,0.0,0.0,2,5000,0,0,0,0,0,0
TF,WL826,48.330097,14.599175,0, ,0.0,0.0,0.0,0.0,2,4000,0,1,230,0,0,0
TF,WL828,48.246892,14.604958,0, ,0.0,0.0,0.0,0.0,2,4000,0,0,0,0,0,0
TF,PEROL,48.242969,14.480386,0,OEL,0.0,0.0,0.0,0.0,2,4000,0,0,0,0,1,0

FINAL,I26,26,I,3
IF,PEROL,48.242969,14.480386,OEL,83.0,12.7,2,4000,0,0,0,0,0,0
CF,FI26,48.241603,14.438144,0,OEL,83.0,11.0,263.0,1.7,1,4000,0,0,0,0,2,0
CF,RW26,48.233844,14.205644,0,OEL,83.0,1.6,263.0,9.3,1,1016,0,0,0,0,3,0
CF,LNZ,48.229711,14.103156,0,LNZ,0.0,0.0,263.0,4.1,0,0,0,0,0,0,0,0
CF,D263J,48.224806,13.952633,0,LNZ,263.3,6.1,263.0,6.1,0,0,0,0,0,0,0,1
DF,LNZ,48.229711,14.103156,2, ,0.0,0.0,1,3000,0,0,0,0,0,0
HM,LNZ,48.229711,14.103156,1, ,0.0,0.0,83.0,04.3,0,0,0,0,0,0,0,0,0

APPTR,R08,08,ARA2C
IF,ARASA,48.050225,14.202364, ,0.0,0.0,2,8000,0,0,0,0,0,0
TF,WL812,48.150056,14.194644,0, ,0.0,0.0,0.0,0.0,2,5000,0,0,0,0,0,0
TF,WL807,48.134983,13.779939,0, ,0.0,0.0,0.0,0.0,2,4000,0,1,230,0,0,0
TF,WL808,48.218153,13.772850,2, ,0.0,0.0,0.0,0.0,2,4000,0,0,0,0,0,0
TF,LIDSI,48.222831,13.897306,2, ,0.0,0.0,0.0,0.0,2,4000,0,0,0,0,1,0

APPTR,R08,08,PET2C
IF,PETEN,48.416247,14.173911, ,0.0,0.0,2,6000,0,0,0,0,0,0
TF,WL811,48.316428,14.181711,0, ,0.0,0.0,0.0,0.0,2,5000,0,0,0,0,0,0
TF,WL806,48.301314,13.765739,0, ,0.0,0.0,0.0,0.0,2,4000,0,1,230,0,0,0
TF,WL808,48.218153,13.772850,1, ,0.0,0.0,0.0,0.0,2,4000,0,0,0,0,0,0
TF,LIDSI,48.222831,13.897306,1, ,0.0,0.0,0.0,0.0,2,4000,0,0,0,0,1,0

APPTR,R08,08,WL801
IF,WL801,48.306000,13.890392, ,0.0,0.0,2,4000,0,0,0,0,1,0
TF,LIDSI,48.222831,13.897306,0, ,0.0,0.0,0.0,0.0,2,4000,0,0,0,0,1,0

APPTR,R08,08,WL802
IF,WL802,48.139656,13.904194, ,0.0,0.0,2,4000,0,0,0,0,1,0
TF,LIDSI,48.222831,13.897306,0, ,0.0,0.0,0.0,0.0,2,4000,0,0,0,0,1,0

FINAL,R08,08,R,3
IF,LIDSI,48.222831,13.897306, ,0.0,0.0,2,4000,0,0,0,0,1,0
TF,WL803,48.227197,14.016806,0, ,0.0,0.0,83.0,4.8,2,3000,0,0,0,0,2,0
TF,RW08,48.232636,14.170697,0, ,0.0,0.0,83.0,6.2,1,1031,0,0,0,0,3,1
TF,WL623,48.237100,14.321783,0, ,0.0,0.0,0.0,0.0,0,0,0,0,0,0,0,1
DF,LIDSI,48.222831,13.897306,2, ,0.0,0.0,1,4000,0,0,0,0,0,0
HM,LIDSI,48.222831,13.897306,1, ,0.0,0.0,83.0,04.3,0,0,0,0,0,0,0,0,0

APPTR,R26,26,ARA2D
IF,ARASA,48.050225,14.202364, ,0.0,0.0,2,8000,0,0,0,0,0,0
TF,WL812,48.150056,14.194644,0, ,0.0,0.0,0.0,0.0,2,5000,0,0,0,0,0,0
TF,WL827,48.163681,14.610719,0, ,0.0,0.0,0.0,0.0,2,4000,0,1,230,0,0,0
TF,WL828,48.246892,14.604958,0, ,0.0,0.0,0.0,0.0,2,4000,0,0,0,0,0,0
TF,PEROL,48.242969,14.480386,0, ,0.0,0.0,0.0,0.0,2,4000,0,0,0,0,1,0

APPTR,R26,26,PET2D
IF,PETEN,48.416247,14.173911, ,0.0,0.0,2,6000,0,0,0,0,0,0
TF,WL811,48.316428,14.181711,0, ,0.0,0.0,0.0,0.0,2,5000,0,0,0,0,0,0
TF,WL826,48.330097,14.599175,0, ,0.0,0.0,0.0,0.0,2,4000,0,1,230,0,0,0
TF,WL828,48.246892,14.604958,0, ,0.0,0.0,0.0,0.0,2,4000,0,0,0,0,0,0
TF,PEROL,48.242969,14.480386,0, ,0.0,0.0,0.0,0.0,2,4000,0,0,0,0,1,0

APPTR,R26,26,WL821
IF,WL821,48.326169,14.474403, ,0.0,0.0,2,5000,0,0,0,0,1,0
TF,PEROL,48.242969,14.480386,0, ,0.0,0.0,0.0,0.0,2,4000,0,0,0,0,1,0

APPTR,R26,26,WL822
IF,WL822,48.159764,14.486347, ,0.0,0.0,2,4000,0,0,0,0,1,0
TF,PEROL,48.242969,14.480386,0, ,0.0,0.0,0.0,0.0,2,4000,0,0,0,0,1,0

FINAL,R26,26,R,3
IF,PEROL,48.242969,14.480386, ,0.0,0.0,2,4000,0,0,0,0,1,0
TF,WL823,48.239078,14.360814,0, ,0.0,0.0,263.0,4.8,2,3000,0,0,0,0,2,0
TF,RW26,48.233844,14.205644,0, ,0.0,0.0,263.0,6.2,1,1016,0,0,0,0,3,1
TF,WL824,48.229053,14.068675,0, ,0.0,0.0,0.0,0.0,0,0,0,0,0,0,0,1
DF,PEROL,48.242969,14.480386,2, ,0.0,0.0,1,4000,0,0,0,0,0,0
HM,PEROL,48.242969,14.480386,2, ,0.0,0.0,263.0,04.3,0,0,0,0,0,0,0,0,0

