SID,NANI1G,ALL,5
IF,WZ601,47.283489,12.699603, ,0.0,0.0,2,4800,0,0,0,0,0,0
TF,WZ602,47.285033,12.588806,0, ,0.0,0.0,0.0,0.0,2,7000,0,0,0,0,0,0
TF,WZ603,47.285917,12.521692,0, ,0.0,0.0,0.0,0.0,2,7600,0,0,0,0,0,0
TF,WZ604,47.300872,12.400589,0, ,0.0,0.0,0.0,0.0,2,8700,0,1,165,0,0,0
TF,NANIT,47.393019,12.346436,0, ,0.0,0.0,0.0,0.0,2,10000,0,1,165,0,0,1

APPTR,R07-A,07,NANIT
IF,NANIT,47.393019,12.346436, ,0.0,0.0,2,10000,0,0,0,0,1,0
TF,WZ801,47.301172,12.398142,0, ,0.0,0.0,0.0,0.0,2,8500,0,0,0,0,1,0
TF,WZ804,47.287908,12.470264,0, ,0.0,0.0,0.0,0.0,2,7700,0,0,0,0,0,0
TF,WZ802,47.276750,12.530703,0, ,0.0,0.0,0.0,0.0,2,7200,0,0,0,0,0,0

FINAL,R07-A,07,R,2
IF,WZ802,47.276750,12.530703, ,0.0,0.0,2,7200,0,0,0,0,2,0
TF,WZ803,47.283567,12.685969,0, ,0.0,0.0,82.0,6.4,1,5680,0,0,0,0,3,1
TF,WZ805,47.289403,13.003083,0, ,0.0,0.0,0.0,0.0,2,7500,0,0,0,0,0,1
DF,NANIT,47.393019,12.346436,1, ,0.0,0.0,2,10000,0,0,0,0,0,0
HM,NANIT,47.393019,12.346436,1, ,0.0,0.0,155.0,04.3,2,10000,0,1,170,0,0,0,0

APPTR,R25-A,25,NANIT
IF,NANIT,47.393019,12.346436, ,0.0,0.0,2,10000,0,0,0,0,1,0
TF,WZ801,47.301172,12.398142,0, ,0.0,0.0,0.0,0.0,2,8500,0,0,0,0,1,0
TF,WZ804,47.287908,12.470264,0, ,0.0,0.0,0.0,0.0,2,7700,0,0,0,0,0,0
TF,WZ802,47.276750,12.530703,0, ,0.0,0.0,0.0,0.0,2,7200,0,0,0,0,0,0

FINAL,R25-A,25,R,2
IF,WZ802,47.276750,12.530703, ,0.0,0.0,2,7200,0,0,0,0,2,0
TF,WZ803,47.283567,12.685969,0, ,0.0,0.0,82.0,6.4,1,5680,0,0,0,0,3,1
TF,WZ805,47.289403,13.003083,0, ,0.0,0.0,0.0,0.0,2,7500,0,0,0,0,0,1
DF,NANIT,47.393019,12.346436,1, ,0.0,0.0,2,10000,0,0,0,0,0,0
HM,NANIT,47.393019,12.346436,1, ,0.0,0.0,155.0,04.3,2,10000,0,1,170,0,0,0,0

