SID,ALAG3F,10,5
DF,FR611,36.992278,-7.815806,0, ,0.0,0.0,0,0,0,0,0,0,0,0
TF,FR621,37.068969,-7.697489,0, ,0.0,0.0,0.0,0.0,2,3000,0,0,0,0,0,0
TF,ALAGU,38.088611,-7.614444,0, ,0.0,0.0,0.0,0.0,2,6000,0,0,0,0,0,0

SID,AMSE7E,10,2
VA,0,102.0,2,430,0,0,0,0,0,0
VI,2, ,0.0,207.0,0,0,0,0,0,0,0,0
CF,AMSEL,35.966667,-7.883333,0,VFA,176.9,62.9,177.0,57.0,0,0,0,0,0,0,0,0

SID,AMSE7U,28,2
VA,0,282.0,2,430,0,0,0,0,0,0
VI,1, ,0.0,147.0,0,0,0,0,0,0,0,0
CF,AMSEL,35.966667,-7.883333,0,VFA,176.9,62.9,177.0,60.0,0,0,0,0,0,0,0,0

SID,BARO7E,10,2
VA,0,102.0,2,430,0,0,0,0,0,0
CI,2, ,0.0,276.0,0,0,0,0,0,0,0,0
IF,VFA,37.013528,-7.975000, ,0.0,0.0,0,0,0,0,0,0,0,0
TF,BAROK,35.966667,-10.023333,0, ,0.0,0.0,0.0,0.0,0,0,0,0,0,0,0,0

SID,BARO7U,28,2
VA,0,282.0,2,430,0,0,0,0,0,0
VI,0, ,0.0,210.0,0,0,0,0,0,0,0,0
IF,VFA,37.013528,-7.975000, ,0.0,0.0,0,0,0,0,0,0,0,0
TF,BAROK,35.966667,-10.023333,0, ,0.0,0.0,0.0,0.0,0,0,0,0,0,0,0,0

SID,EVUR1V,28,5
DF,FR612,37.029244,-8.067506,0, ,0.0,0.0,0,0,0,0,0,0,0,1
TF,EVURA,38.665000,-7.918611,0, ,0.0,0.0,0.0,0.0,2,6000,0,0,0,0,0,0

SID,GIMA3F,10,5
DF,FR611,36.992278,-7.815806,0, ,0.0,0.0,0,0,0,0,0,0,0,0
TF,FR624,36.868108,-7.876906,2, ,0.0,0.0,0.0,0.0,0,0,0,0,0,0,0,0
TF,GIMAL,36.764447,-8.005858,0, ,0.0,0.0,0.0,0.0,2,6000,0,0,0,0,0,0

SID,IXOL1V,28,5
DF,FR612,37.029244,-8.067506,0, ,0.0,0.0,0,0,0,0,0,0,0,1
TF,IXOLI,36.976389,-8.701667,0, ,0.0,0.0,0.0,0.0,2,6000,0,0,0,0,0,0

SID,NART7E,10,2
VA,0,102.0,2,430,0,0,0,0,0,0
CI,2, ,0.0,276.0,0,0,0,0,0,0,0,0
IF,VFA,37.013528,-7.975000, ,0.0,0.0,0,0,0,0,0,0,0,0
TF,NARTA,36.056389,-12.558056,0, ,0.0,0.0,0.0,0.0,0,0,0,0,0,0,0,0

SID,NART7U,28,2
VA,0,282.0,2,430,0,0,0,0,0,0
VI,0, ,0.0,228.0,0,0,0,0,0,0,0,0
IF,VFA,37.013528,-7.975000, ,0.0,0.0,0,0,0,0,0,0,0,0
TF,NARTA,36.056389,-12.558056,0, ,0.0,0.0,0.0,0.0,0,0,0,0,0,0,0,0

SID,NIRA3F,10,5
DF,FR611,36.992278,-7.815806,0, ,0.0,0.0,0,0,0,0,0,0,0,0
TF,FR621,37.068969,-7.697489,0, ,0.0,0.0,0.0,0.0,2,3000,0,0,0,0,0,0
TF,NIRAK,37.245861,-7.428500,0, ,0.0,0.0,0.0,0.0,2,6000,0,0,0,0,0,0

SID,ODEM1V,28,5
DF,FR612,37.029244,-8.067506,0, ,0.0,0.0,0,0,0,0,0,0,0,1
TF,FR622,37.200531,-8.182756,0, ,0.0,0.0,0.0,0.0,0,0,0,0,0,0,0,0
TF,ODEMI,37.497500,-8.383889,0, ,0.0,0.0,0.0,0.0,2,6000,0,0,0,0,0,0

SID,ODEM2S,28,2
VA,0,282.0,2,430,0,0,0,0,0,0
DF,VFA,37.013528,-7.975000,1, ,0.0,0.0,2,2500,0,0,0,0,0,0
TF,ODEMI,37.497500,-8.383889,0, ,0.0,0.0,0.0,0.0,0,0,0,0,0,0,0,0

SID,ODEM3F,10,5
DF,FR611,36.992278,-7.815806,0, ,0.0,0.0,0,0,0,0,0,0,0,0
TF,FR624,36.868108,-7.876906,2, ,0.0,0.0,0.0,0.0,0,0,0,0,0,0,0,0
TF,FR619,36.925394,-8.353150,0, ,0.0,0.0,0.0,0.0,0,0,0,0,0,0,0,0
TF,FR620,37.100244,-8.462325,0, ,0.0,0.0,0.0,0.0,0,0,0,0,0,0,0,0
TF,ODEMI,37.497500,-8.383889,0, ,0.0,0.0,0.0,0.0,2,6000,0,0,0,0,0,0

SID,ODEM3G,10,5
DF,FR611,36.992278,-7.815806,0, ,0.0,0.0,0,0,0,0,0,0,0,0
TF,FR621,37.068969,-7.697489,0, ,0.0,0.0,0.0,0.0,2,3000,0,0,0,0,0,0
TF,ODEMI,37.497500,-8.383889,1, ,0.0,0.0,0.0,0.0,2,6000,0,0,0,0,0,0

SID,ODEM7E,10,2
VA,0,102.0,2,430,0,0,0,0,0,0
DF,VFA,37.013528,-7.975000,2, ,0.0,0.0,2,2500,0,0,0,0,0,0
TF,ODEMI,37.497500,-8.383889,0, ,0.0,0.0,0.0,0.0,0,0,0,0,0,0,0,0

SID,ODEM9U,28,2
VD, ,0,0,0,VFA,0.0,0.0,282.0,4.0,2,3000,0,0,0,0,0,0
CI,0, ,0.0,355.0,0,0,0,0,0,0,0,0
CF,ODEMI,37.497500,-8.383889,0,VFA,327.1,35.0,328.0,26.0,0,0,0,0,0,0,0,0

SID,ORTO7E,10,2
VA,0,102.0,2,430,0,0,0,0,0,0
VI,0, ,0.0,185.0,0,0,0,0,0,0,0,0
CF,ORTOP,36.026667,-7.383333,0,VFA,155.0,65.7,155.0,63.0,0,0,0,0,0,0,0,0

SID,ORTO7U,28,2
VA,0,282.0,2,430,0,0,0,0,0,0
VI,1, ,0.0,125.0,0,0,0,0,0,0,0,0
CF,ORTOP,36.026667,-7.383333,0,VFA,155.0,65.7,155.0,61.0,0,0,0,0,0,0,0,0

SID,OSLA1V,28,5
DF,FR612,37.029244,-8.067506,0, ,0.0,0.0,0,0,0,0,0,0,0,1
TF,OSLAD,35.966667,-8.314167,0, ,0.0,0.0,0.0,0.0,2,6000,0,0,0,0,0,0

SID,OSLA3F,10,5
DF,FR611,36.992278,-7.815806,0, ,0.0,0.0,0,0,0,0,0,0,0,0
TF,FR624,36.868108,-7.876906,2, ,0.0,0.0,0.0,0.0,0,0,0,0,0,0,0,0
TF,OSLAD,35.966667,-8.314167,0, ,0.0,0.0,0.0,0.0,2,6000,0,0,0,0,0,0

SID,SOTE1V,28,5
DF,FR612,37.029244,-8.067506,0, ,0.0,0.0,0,0,0,0,0,0,0,1
TF,FR623,37.245261,-8.093189,0, ,0.0,0.0,0.0,0.0,0,0,0,0,0,0,0,0
TF,SOTEX,38.292778,-8.220000,0, ,0.0,0.0,0.0,0.0,2,6000,0,0,0,0,0,0

SID,TUPI1V,28,5
DF,FR612,37.029244,-8.067506,0, ,0.0,0.0,0,0,0,0,0,0,0,1
TF,FR613,36.868664,-8.093128,1, ,0.0,0.0,0.0,0.0,0,0,0,0,0,0,0,0
TF,FR614,36.818122,-7.686875,0, ,0.0,0.0,0.0,0.0,0,0,0,0,0,0,0,0
TF,TUPIX,37.076111,-7.383333,0, ,0.0,0.0,0.0,0.0,2,6000,0,0,0,0,0,0

SID,XAPA7L,10,2
VA,0,102.0,2,430,0,0,0,0,0,0
VI,1, ,0.0,333.0,0,0,0,0,0,0,0,0
CF,XAPAS,37.597222,-7.950000,0,VFA,3.0,35.0,3.0,30.0,0,0,0,0,0,0,0,0

SID,XAPA7V,28,2
VA,0,282.0,2,430,0,0,0,0,0,0
DF,VFA,37.013528,-7.975000,1, ,0.0,0.0,2,2500,0,0,0,0,0,0
TF,XAPAS,37.597222,-7.950000,0, ,0.0,0.0,0.0,0.0,0,0,0,0,0,0,0,0

SID,XAPA9E,10,2
VD, ,0,0,0,VFA,0.0,0.0,102.0,4.0,2,3000,0,0,0,0,0,0
CI,1, ,0.0,325.0,0,0,0,0,0,0,0,0
CF,XAPAS,37.597222,-7.950000,0,VFA,3.0,35.0,3.0,27.0,0,0,0,0,0,0,0,0

SID,XAPA9U,28,2
VD, ,0,0,0,VFA,0.0,0.0,282.0,4.0,2,3000,0,0,0,0,0,0
CI,2, ,0.0,33.0,0,0,0,0,0,0,0,0
CF,XAPAS,37.597222,-7.950000,0,VFA,3.0,35.0,3.0,23.0,0,0,0,0,0,0,0,0

STAR,ALAG5K,28,5
IF,ALAGU,38.088611,-7.614444, ,0.0,0.0,4,28000,17000,0,0,0,0,0
TF,ERTIS,37.416667,-7.614722,0, ,0.0,0.0,0.0,0.0,4,14000,9000,0,0,0,0,0
TF,GENRO,37.193056,-7.614722,0, ,0.0,0.0,0.0,0.0,4,9000,6000,0,0,0,0,0
TF,FR607,37.082586,-7.614825,0, ,0.0,0.0,0.0,0.0,4,7000,5000,0,0,0,0,0
TF,GEBTI,36.984997,-7.685903,0, ,0.0,0.0,0.0,0.0,4,4600,3100,0,0,0,0,0

STAR,ALAG7A,28,5
IF,ALAGU,38.088611,-7.614444, ,0.0,0.0,0,0,0,0,0,0,0,0
TF,GENRO,37.193056,-7.614722,0, ,0.0,0.0,0.0,0.0,0,0,0,0,0,0,0,0
TF,FR607,37.082586,-7.614825,0, ,0.0,0.0,0.0,0.0,0,0,0,0,0,0,0,0
TF,GEBTI,36.984997,-7.685903,0, ,0.0,0.0,0.0,0.0,0,0,0,0,0,0,0,0

STAR,GENR8A,28,5
IF,GENRO,37.193056,-7.614722, ,0.0,0.0,0,0,0,0,0,0,0,0
TF,FR607,37.082586,-7.614825,0, ,0.0,0.0,0.0,0.0,0,0,0,0,0,0,0,0
TF,GEBTI,36.984997,-7.685903,0, ,0.0,0.0,0.0,0.0,0,0,0,0,0,0,0,0

STAR,GIMA7A,28,5
IF,GIMAL,36.764447,-8.005858, ,0.0,0.0,0,0,0,0,0,0,0,0
TF,FR604,36.867325,-7.686836,0, ,0.0,0.0,0.0,0.0,0,0,0,0,0,0,0,0
TF,GEBTI,36.984997,-7.685903,0, ,0.0,0.0,0.0,0.0,0,0,0,0,0,0,0,0

STAR,GIMA7C,10,5
IF,GIMAL,36.764447,-8.005858, ,0.0,0.0,0,0,0,0,0,0,0,0
TF,FR609,36.930906,-8.346689,0, ,0.0,0.0,0.0,0.0,0,0,0,0,0,0,0,0
TF,VENOL,37.073283,-8.256767,0, ,0.0,0.0,0.0,0.0,0,0,0,0,0,0,0,0

STAR,IXOL7C,10,5
IF,IXOLI,36.976389,-8.701667, ,0.0,0.0,0,0,0,0,0,0,0,0
TF,VENOL,37.073283,-8.256767,0, ,0.0,0.0,0.0,0.0,0,0,0,0,0,0,0,0

STAR,MARI7A,28,5
IF,MARIM,37.416667,-7.841111, ,0.0,0.0,0,0,0,0,0,0,0,0
TF,FR607,37.082586,-7.614825,0, ,0.0,0.0,0.0,0.0,0,0,0,0,0,0,0,0
TF,GEBTI,36.984997,-7.685903,0, ,0.0,0.0,0.0,0.0,0,0,0,0,0,0,0,0

STAR,NIRA7A,28,5
IF,NIRAK,37.245861,-7.428500, ,0.0,0.0,0,0,0,0,0,0,0,0
TF,GEBTI,36.984997,-7.685903,0, ,0.0,0.0,0.0,0.0,0,0,0,0,0,0,0,0

STAR,ODEM5K,28,5
IF,ODEMI,37.497500,-8.383889, ,0.0,0.0,4,23000,15000,0,0,0,0,0
TF,FR607,37.082586,-7.614825,0, ,0.0,0.0,0.0,0.0,4,7000,5000,0,0,0,0,0
TF,GEBTI,36.984997,-7.685903,0, ,0.0,0.0,0.0,0.0,4,4600,3100,0,0,0,0,0

STAR,ODEM7B,28,5
IF,ODEMI,37.497500,-8.383889, ,0.0,0.0,0,0,0,0,0,0,0,0
TF,FR601,37.055117,-8.431072,0, ,0.0,0.0,0.0,0.0,0,0,0,0,0,0,0,0
TF,FR602,36.852106,-8.292272,0, ,0.0,0.0,0.0,0.0,0,0,0,0,0,0,0,0
TF,FR603,36.833336,-8.119967,0, ,0.0,0.0,0.0,0.0,0,0,0,0,0,0,0,0
TF,FR604,36.867325,-7.686836,0, ,0.0,0.0,0.0,0.0,0,0,0,0,0,0,0,0
TF,GEBTI,36.984997,-7.685903,0, ,0.0,0.0,0.0,0.0,0,0,0,0,0,0,0,0

STAR,ODEM9A,28,5
IF,ODEMI,37.497500,-8.383889, ,0.0,0.0,0,0,0,0,0,0,0,0
TF,FR607,37.082586,-7.614825,0, ,0.0,0.0,0.0,0.0,0,0,0,0,0,0,0,0
TF,GEBTI,36.984997,-7.685903,0, ,0.0,0.0,0.0,0.0,0,0,0,0,0,0,0,0

STAR,SOTE5K,10,5
IF,SOTEX,38.292778,-8.220000, ,0.0,0.0,4,30000,19000,0,0,0,0,0
TF,FR630,37.538889,-8.276667,0, ,0.0,0.0,0.0,0.0,4,14500,9500,0,0,0,0,0
TF,USALU,37.222222,-8.300278,0, ,0.0,0.0,0.0,0.0,4,8000,5000,0,0,0,0,0
TF,VENOL,37.073283,-8.256767,0, ,0.0,0.0,0.0,0.0,4,4500,3000,0,0,0,0,0

STAR,SOTE7C,10,5
IF,SOTEX,38.292778,-8.220000, ,0.0,0.0,0,0,0,0,0,0,0,0
TF,USALU,37.222222,-8.300278,0, ,0.0,0.0,0.0,0.0,0,0,0,0,0,0,0,0
TF,VENOL,37.073283,-8.256767,0, ,0.0,0.0,0.0,0.0,0,0,0,0,0,0,0,0

STAR,TUPI7C,10,5
IF,TUPIX,37.076111,-7.383333, ,0.0,0.0,0,0,0,0,0,0,0,0
TF,FR610,36.819394,-7.711556,0, ,0.0,0.0,0.0,0.0,0,0,0,0,0,0,0,0
TF,FR609,36.930906,-8.346689,0, ,0.0,0.0,0.0,0.0,0,0,0,0,0,0,0,0
TF,VENOL,37.073283,-8.256767,2, ,0.0,0.0,0.0,0.0,0,0,0,0,0,0,0,0

STAR,USAL8C,10,5
IF,USALU,37.222222,-8.300278, ,0.0,0.0,0,0,0,0,0,0,0,0
TF,VENOL,37.073283,-8.256767,0, ,0.0,0.0,0.0,0.0,0,0,0,0,0,0,0,0

APPTR,D10-Z,10,VENOL
IF,VENOL,37.073283,-8.256767, ,0.0,0.0,2,3000,0,0,0,0,0,0
FD,VENOL,37.073283,-8.256767,0,VFA,285.9,9.0,106.0,9.0,2,2000,0,0,0,0,0,0
CF,CD10Z,37.047972,-8.135881,0,VFA,286.0,8.0,106.0,1.0,2,2000,0,0,0,0,0,0

APPTR,D10-Z,10,VFA1
IF,VFA,37.013528,-7.975000, ,0.0,0.0,2,4000,0,0,0,0,0,0
FD,VFA,37.013528,-7.975000,0,VFA,0.0,8.0,255.0,8.0,2,2000,0,0,0,0,0,0
CF,CD10Z,37.047972,-8.135881,2,VFA,286.0,8.0,106.0,1.0,2,2000,0,0,0,0,0,0

APPTR,D10-Z,10,VFA2
IF,VFA,37.013528,-7.975000, ,0.0,0.0,2,4000,0,0,0,0,0,0
FD,VFA,37.013528,-7.975000,0,VFA,0.0,8.0,275.0,8.0,2,2000,0,0,0,0,0,0
CF,CD10Z,37.047972,-8.135881,2,VFA,286.0,8.0,106.0,1.0,2,2000,0,0,0,0,0,0

FINAL,D10-Z,10,D,3
IF,CD10Z,37.047972,-8.135881,VFA,286.0,8.0,2,2000,0,0,0,0,0,0
CF,FD10Z,37.043611,-8.115833,0,VFA,286.0,7.0,106.0,1.0,2,2000,0,0,0,0,2,0
CF,MD10Z,37.017844,-7.995100,0,VFA,286.0,1.0,106.0,6.0,1,218,0,0,0,0,3,0
FA,MD10Z,37.017844,-7.995100,0,VFA,0.0,0.0,106.0,2,2000,0,0,0,0,0,0
DF,GIMAL,36.764447,-8.005858,2, ,0.0,0.0,1,3000,0,0,0,0,0,0
HM,GIMAL,36.764447,-8.005858,2, ,0.0,0.0,7.0,04.3,2,3000,0,0,0,0,0,0,0

APPTR,D28-Z,28,GEBTI
IF,GEBTI,36.984997,-7.685903, ,0.0,0.0,2,3000,0,0,0,0,0,0
CF,D098I,36.995078,-7.789147,0,VFA,98.0,9.0,278.0,5.0,2,2000,0,0,0,0,1,0
CF,CD28Z,36.997142,-7.809794,0,VFA,98.0,8.0,278.0,1.0,2,2000,0,0,0,0,0,0

APPTR,D28-Z,28,VFA1
IF,VFA,37.013528,-7.975000, ,0.0,0.0,2,4000,0,0,0,0,0,0
FD,VFA,37.013528,-7.975000,0,VFA,0.0,8.0,130.0,8.0,2,2000,0,0,0,0,0,0
CF,CD28Z,36.997142,-7.809794,1,VFA,98.0,8.0,278.0,1.0,2,2000,0,0,0,0,0,0

APPTR,D28-Z,28,VFA2
IF,VFA,37.013528,-7.975000, ,0.0,0.0,2,4000,0,0,0,0,0,0
FD,VFA,37.013528,-7.975000,0,VFA,0.0,8.0,110.0,8.0,2,2000,0,0,0,0,0,0
CF,CD28Z,36.997142,-7.809794,1,VFA,98.0,8.0,278.0,1.0,2,2000,0,0,0,0,0,0

FINAL,D28-Z,28,D,4
IF,CD28Z,36.997142,-7.809794,VFA,98.0,8.0,2,2000,0,0,0,0,0,0
CF,FD28Z,36.999444,-7.830556,0,VFA,97.9,7.0,278.0,1.0,2,2000,0,0,0,0,2,0
CF,24VOR,37.008714,-7.925417,0,VFA,97.9,2.4,278.0,4.6,2,520,0,0,0,0,0,0
CF,MD28Z,37.011522,-7.954339,0,VFA,97.9,1.0,278.0,1.4,1,144,0,0,0,0,3,0
FA,MD28Z,37.011522,-7.954339,0,VFA,0.0,0.0,278.0,2,2000,0,0,0,0,0,0
DF,GIMAL,36.764447,-8.005858,1, ,0.0,0.0,1,3000,0,0,0,0,0,0
HM,GIMAL,36.764447,-8.005858,2, ,0.0,0.0,7.0,04.3,2,3000,0,0,0,0,0,0,0

APPTR,I10-Y,10,VFA1
IF,VFA,37.013528,-7.975000, ,0.0,0.0,2,3000,0,0,0,0,1,0
FD,VFA,37.013528,-7.975000,0,VFA,0.0,8.0,250.0,8.0,2,2000,0,0,0,0,0,0
CF,CF10,37.038697,-8.137689,2,FIT,281.1,8.9,101.0,1.0,2,2000,0,0,0,0,0,0

APPTR,I10-Y,10,VFA2
IF,VFA,37.013528,-7.975000, ,0.0,0.0,2,3000,0,0,0,0,1,0
FD,VFA,37.013528,-7.975000,0,VFA,0.0,8.0,270.0,8.0,2,2000,0,0,0,0,0,0
CF,CF10,37.038697,-8.137689,2,FIT,281.1,8.9,101.0,1.0,2,2000,0,0,0,0,0,0

FINAL,I10-Y,10,I,3
IF,CF10,37.038697,-8.137689,FIT,281.1,8.9,2,2000,0,0,0,0,0,0
CF,FF10,37.034722,-8.109722,0,FIT,281.0,7.5,101.0,1.4,1,2000,0,0,0,0,2,0
CF,RW10,37.017222,-7.985614,0,FIT,281.1,1.4,101.0,6.1,1,74,0,0,0,0,3,0
FA,RW10,37.017222,-7.985614,0,VFA,0.0,0.0,101.0,2,2000,0,0,0,0,0,0
DF,GIMAL,36.764447,-8.005858,2, ,0.0,0.0,1,3000,0,0,0,0,0,0
HM,GIMAL,36.764447,-8.005858,2, ,0.0,0.0,7.0,05,2,3000,0,0,0,0,0,0,0

APPTR,I10-Z,10,FR450
IF,FR450,37.006533,-8.245053, ,0.0,0.0,2,3000,0,0,0,0,1,0
TF,FR455,37.046297,-8.191594,0,FIT,0.0,0.0,0.0,0.0,2,2000,0,0,0,0,1,0

APPTR,I10-Z,10,FR451
IF,FR451,37.056339,-8.263381, ,0.0,0.0,2,3000,0,0,0,0,1,0
TF,FR455,37.046297,-8.191594,0,FIT,0.0,0.0,0.0,0.0,2,2000,0,0,0,0,1,0

APPTR,I10-Z,10,VENOL
IF,VENOL,37.073283,-8.256767, ,0.0,0.0,2,3000,0,0,0,0,1,0
TF,FR455,37.046297,-8.191594,0,FIT,0.0,0.0,0.0,0.0,2,2000,0,0,0,0,1,0

FINAL,I10-Z,10,I,3
IF,FR455,37.046297,-8.191594,FIT,281.1,11.5,2,2000,0,0,0,0,0,0
CF,FF10,37.034722,-8.109722,0,FIT,281.0,7.5,101.0,4.0,1,2000,0,0,0,0,2,0
CF,RW10,37.017222,-7.985614,0,FIT,281.1,1.4,101.0,6.1,1,74,0,0,0,0,3,0
FA,RW10,37.017222,-7.985614,0,VFA,0.0,0.0,101.0,2,2000,0,0,0,0,0,0
DF,GIMAL,36.764447,-8.005858,2, ,0.0,0.0,1,3000,0,0,0,0,0,0
HM,GIMAL,36.764447,-8.005858,2, ,0.0,0.0,7.0,05,2,3000,0,0,0,0,0,0,0

APPTR,I28-Y,28,VFA1
IF,VFA,37.013528,-7.975000, ,0.0,0.0,2,3000,0,0,0,0,1,0
FD,VFA,37.013528,-7.975000,0,VFA,0.0,8.0,133.0,8.0,2,2000,0,0,0,0,0,0
CF,CF28,36.992153,-7.811506,1,IIF,101.1,8.6,282.0,1.0,2,2000,0,0,0,0,0,0

APPTR,I28-Y,28,VFA2
IF,VFA,37.013528,-7.975000, ,0.0,0.0,2,3000,0,0,0,0,1,0
FD,VFA,37.013528,-7.975000,0,VFA,0.0,8.0,113.0,8.0,2,2000,0,0,0,0,0,0
CF,CF28,36.992153,-7.811506,1,IIF,101.1,8.6,282.0,1.0,2,2000,0,0,0,0,0,0

FINAL,I28-Y,28,I,3
IF,CF28,36.992153,-7.811506,IIF,101.1,8.6,2,2000,0,0,0,0,0,0
CF,FF28,36.995789,-7.836053,0,IIF,101.1,7.4,282.0,1.2,1,2000,0,0,0,0,2,0
CF,RW28,37.013450,-7.959042,0,IIF,101.1,1.4,282.0,6.0,1,67,0,0,0,0,3,0
FA,RW28,37.013450,-7.959042,0,VFA,0.0,0.0,282.0,2,2000,0,0,0,0,0,0
DF,GIMAL,36.764447,-8.005858,1, ,0.0,0.0,1,3000,0,0,0,0,0,0
HM,GIMAL,36.764447,-8.005858,2, ,0.0,0.0,7.0,05,2,3000,0,0,0,0,0,0,0

APPTR,I28-Z,28,GEBTI
IF,GEBTI,36.984997,-7.685903, ,0.0,0.0,2,3000,0,0,0,0,1,0
TF,D102J,36.986914,-7.774631,0, ,0.0,0.0,0.0,0.0,2,2000,0,0,0,0,1,0
CF,CF28,36.992153,-7.811506,0,IIF,101.1,8.6,282.0,1.8,2,2000,0,0,0,0,0,0

FINAL,I28-Z,28,I,3
IF,CF28,36.992153,-7.811506,IIF,101.1,8.6,2,2000,0,0,0,0,0,0
CF,FF28,36.995789,-7.836053,0,IIF,101.1,7.4,282.0,1.2,1,2000,0,0,0,0,2,0
CF,RW28,37.013450,-7.959042,0,IIF,101.1,1.4,282.0,6.0,1,67,0,0,0,0,3,0
FA,RW28,37.013450,-7.959042,0,VFA,0.0,0.0,282.0,2,2000,0,0,0,0,0,0
DF,GIMAL,36.764447,-8.005858,1, ,0.0,0.0,1,3000,0,0,0,0,0,0
HM,GIMAL,36.764447,-8.005858,2, ,0.0,0.0,7.0,05,2,3000,0,0,0,0,0,0,0

APPTR,R10,10,FR450
IF,FR450,37.006533,-8.245053, ,0.0,0.0,2,3000,0,0,0,0,1,0
TF,FR455,37.046297,-8.191594,0, ,0.0,0.0,0.0,0.0,2,2000,0,0,0,0,1,0

APPTR,R10,10,FR451
IF,FR451,37.056339,-8.263381, ,0.0,0.0,2,3000,0,0,0,0,1,0
TF,FR455,37.046297,-8.191594,0, ,0.0,0.0,0.0,0.0,2,2000,0,0,0,0,1,0

APPTR,R10,10,VENOL
IF,VENOL,37.073283,-8.256767, ,0.0,0.0,2,3000,0,0,0,0,1,0
TF,FR455,37.046297,-8.191594,0, ,0.0,0.0,0.0,0.0,2,2000,0,0,0,0,1,0

FINAL,R10,10,R,3
IF,FR455,37.046297,-8.191594, ,0.0,0.0,2,2000,0,0,0,0,0,0
TF,FR457,37.034767,-8.109578,0, ,0.0,0.0,101.0,4.0,1,2000,0,0,0,0,2,0
TF,RW10,37.017222,-7.985614,0, ,0.0,0.0,101.0,6.0,1,74,0,0,0,0,3,1
TF,FR459,36.999719,-7.862686,0, ,0.0,0.0,0.0,0.0,0,0,0,0,0,0,0,0
TF,GIMAL,36.764447,-8.005858,2, ,0.0,0.0,0.0,0.0,1,3000,0,0,0,0,0,1
HM,GIMAL,36.764447,-8.005858,2, ,0.0,0.0,7.0,05,1,3000,0,0,0,0,0,0,0

APPTR,S10-Y,10,VFA1
IF,VFA,37.013528,-7.975000, ,0.0,0.0,2,3000,0,0,0,0,1,0
FC,VFA,37.013528,-7.975000,0,VFA,0.0,0.0,257.0,7.0,2,1200,0,0,0,0,0,1
CF,FS10Y,37.033144,-8.066483,2,VFA,286.0,4.6,106.0,3.0,2,1200,0,0,0,0,0,0

APPTR,S10-Y,10,VFA2
IF,VFA,37.013528,-7.975000, ,0.0,0.0,2,3000,0,0,0,0,1,0
FC,VFA,37.013528,-7.975000,0,VFA,0.0,0.0,274.0,7.0,2,1200,0,0,0,0,0,1
CF,FS10Y,37.033144,-8.066483,2,VFA,286.0,4.6,106.0,3.0,2,1200,0,0,0,0,0,0

FINAL,S10-Y,10,D,2
IF,FS10Y,37.033144,-8.066483,VFA,286.0,4.6,2,1200,0,0,0,0,2,0
CF,RW10,37.017222,-7.985614,0,VFA,294.5,0.6,106.0,4.0,1,74,0,0,0,0,3,0
CF,VFA,37.013528,-7.975000,0,VFA,0.0,0.0,106.0,0.6,0,0,0,0,0,0,0,1
FA,VFA,37.013528,-7.975000,0,VFA,0.0,0.0,106.0,2,2000,0,0,0,0,0,0
DF,VFA,37.013528,-7.975000,2, ,0.0,0.0,1,3000,0,0,0,0,0,0
HM,VFA,37.013528,-7.975000,1, ,0.0,0.0,282.0,04.3,2,3000,0,0,0,0,0,0,0

APPTR,S28-Y,28,VFA1
IF,VFA,37.013528,-7.975000, ,0.0,0.0,2,3000,0,0,0,0,1,0
FC,VFA,37.013528,-7.975000,0,VFA,0.0,0.0,127.0,7.0,2,1500,0,0,0,0,0,1
CF,FS28Y,37.002778,-7.866347,1,VFA,98.0,5.3,278.0,2.0,2,1500,0,0,0,0,0,0

APPTR,S28-Y,28,VFA2
IF,VFA,37.013528,-7.975000, ,0.0,0.0,2,3000,0,0,0,0,1,0
FC,VFA,37.013528,-7.975000,0,VFA,0.0,0.0,110.0,7.0,2,1500,0,0,0,0,0,1
CF,FS28Y,37.002778,-7.866347,1,VFA,98.0,5.3,278.0,2.0,2,1500,0,0,0,0,0,0

FINAL,S28-Y,28,D,2
IF,FS28Y,37.002778,-7.866347,VFA,98.0,5.3,2,1500,0,0,0,0,2,0
CF,RW28,37.013450,-7.959042,0,VFA,91.3,0.8,278.0,4.5,1,67,0,0,0,0,3,0
CF,VFA,37.013528,-7.975000,0,VFA,0.0,0.0,278.0,0.8,0,0,0,0,0,0,0,1
FA,VFA,37.013528,-7.975000,0,VFA,0.0,0.0,278.0,2,2000,0,0,0,0,0,0
DF,VFA,37.013528,-7.975000,1, ,0.0,0.0,1,3000,0,0,0,0,0,0
HM,VFA,37.013528,-7.975000,2, ,0.0,0.0,102.0,04.3,2,3000,0,0,0,0,0,0,0

