SID,ARBA1N,36,2
CA,0,3.0,2,1500,0,0,0,0,0,0
CF,ARBAV,40.545278,-8.713611,0,MTR,12.7,43.5,12.0,41.0,0,0,0,0,0,0,0,0

SID,ARBA1S,18,2
CA,0,183.0,2,1500,0,0,0,0,0,0
DF,MTR,39.832611,-8.890139,2, ,0.0,0.0,0,0,0,0,0,0,0,0
TF,ARBAV,40.545278,-8.713611,0, ,0.0,0.0,0.0,0.0,0,0,0,0,0,0,0,0

SID,ARBA3A,36,2
CD, ,0,0,0,MTR,0,0.0,3.0,7.0,0,0,0,0,0,0,0,0
CF,ARBAV,40.545278,-8.713611,0,MTR,12.7,43.5,12.0,36.0,0,0,0,0,0,0,0,0

SID,ARBA3B,18,2
CD, ,0,0,0,MTR,0,0.0,183.0,7.0,0,0,0,0,0,0,0,0
CI,0, ,0.0,183.0,0,0,0,0,0,0,0,0
AF,D227L,39.690928,-9.073342,2,MTR,227.0,12.0,183.0,0,0,0,0,0,0,0,0
AF,D272L,39.832319,-9.149758,2,MTR,272.0,12.0,227.0,0,0,0,0,0,0,0,0
TF,D272E,39.832558,-8.998314,0, ,0.0,0.0,0.0,0.0,0,0,0,0,0,0,0,0
VI,0, ,0.0,57.0,0,0,0,0,0,0,0,0
CF,ARBAV,40.545278,-8.713611,0,MTR,12.7,43.5,12.0,41.0,0,0,0,0,0,0,0,0

SID,BUMO1N,36,2
CA,0,3.0,2,1500,0,0,0,0,0,0
DF,MTR,39.832611,-8.890139,1, ,0.0,0.0,0,0,0,0,0,0,0,0
TF,BUMOG,39.983889,-8.648056,0, ,0.0,0.0,0.0,0.0,0,0,0,0,0,0,0,0

SID,BUMO1S,18,2
CA,0,183.0,2,1500,0,0,0,0,0,0
DF,MTR,39.832611,-8.890139,2, ,0.0,0.0,0,0,0,0,0,0,0,0
TF,BUMOG,39.983889,-8.648056,0, ,0.0,0.0,0.0,0.0,0,0,0,0,0,0,0,0

SID,BUMO3A,36,2
CD, ,0,0,0,MTR,0,0.0,3.0,7.0,0,0,0,0,0,0,0,0
CI,0, ,0.0,3.0,0,0,0,0,0,0,0,0
AF,D317L,39.973997,-9.074097,1,MTR,317.0,12.0,3.0,0,0,0,0,0,0,0,0
AF,D272L,39.832319,-9.149758,1,MTR,272.0,12.0,317.0,0,0,0,0,0,0,0,0
TF,MTR,39.832611,-8.890139,0, ,0.0,0.0,0.0,0.0,0,0,0,0,0,0,0,0
TF,BUMOG,39.983889,-8.648056,0, ,0.0,0.0,0.0,0.0,0,0,0,0,0,0,0,0

SID,BUMO3B,18,2
CD, ,0,0,0,MTR,0,0.0,183.0,7.0,0,0,0,0,0,0,0,0
CI,0, ,0.0,183.0,0,0,0,0,0,0,0,0
AF,D227L,39.690928,-9.073342,2,MTR,227.0,12.0,183.0,0,0,0,0,0,0,0,0
AF,D272L,39.832319,-9.149758,2,MTR,272.0,12.0,227.0,0,0,0,0,0,0,0,0
TF,MTR,39.832611,-8.890139,0, ,0.0,0.0,0.0,0.0,0,0,0,0,0,0,0,0
TF,BUMOG,39.983889,-8.648056,0, ,0.0,0.0,0.0,0.0,0,0,0,0,0,0,0,0

SID,DIRI1N,36,2
CA,0,3.0,2,1500,0,0,0,0,0,0
DF,MTR,39.832611,-8.890139,1, ,0.0,0.0,0,0,0,0,0,0,0,0
TF,DIRIR,39.720000,-8.621111,0, ,0.0,0.0,0.0,0.0,0,0,0,0,0,0,0,0

SID,DIRI1S,18,2
CA,0,183.0,2,1500,0,0,0,0,0,0
DF,MTR,39.832611,-8.890139,2, ,0.0,0.0,0,0,0,0,0,0,0,0
TF,DIRIR,39.720000,-8.621111,0, ,0.0,0.0,0.0,0.0,0,0,0,0,0,0,0,0

SID,DIRI3A,36,2
CD, ,0,0,0,MTR,0,0.0,3.0,7.0,0,0,0,0,0,0,0,0
CI,0, ,0.0,3.0,0,0,0,0,0,0,0,0
AF,D317L,39.973997,-9.074097,1,MTR,317.0,12.0,3.0,0,0,0,0,0,0,0,0
AF,D272L,39.832319,-9.149758,1,MTR,272.0,12.0,317.0,0,0,0,0,0,0,0,0
TF,MTR,39.832611,-8.890139,0, ,0.0,0.0,0.0,0.0,0,0,0,0,0,0,0,0
TF,DIRIR,39.720000,-8.621111,0, ,0.0,0.0,0.0,0.0,0,0,0,0,0,0,0,0

SID,DIRI3B,18,2
CD, ,0,0,0,MTR,0,0.0,183.0,7.0,0,0,0,0,0,0,0,0
CI,0, ,0.0,183.0,0,0,0,0,0,0,0,0
AF,D227L,39.690928,-9.073342,2,MTR,227.0,12.0,183.0,0,0,0,0,0,0,0,0
AF,D272L,39.832319,-9.149758,2,MTR,272.0,12.0,227.0,0,0,0,0,0,0,0,0
TF,MTR,39.832611,-8.890139,0, ,0.0,0.0,0.0,0.0,0,0,0,0,0,0,0,0
TF,DIRIR,39.720000,-8.621111,0, ,0.0,0.0,0.0,0.0,0,0,0,0,0,0,0,0

SID,ETOP2N,36,2
CA,0,3.0,2,1500,0,0,0,0,0,0
DF,MTR,39.832611,-8.890139,1, ,0.0,0.0,0,0,0,0,0,0,0,0
TF,ETOPI,39.481667,-8.812222,0, ,0.0,0.0,0.0,0.0,0,0,0,0,0,0,0,0

SID,ETOP2S,18,2
CA,0,183.0,2,1500,0,0,0,0,0,0
CF,ETOPI,39.481667,-8.812222,0,MTR,172.2,21.4,172.0,19.0,0,0,0,0,0,0,0,0

SID,ETOP4A,36,2
CD, ,0,0,0,MTR,0,0.0,3.0,7.0,0,0,0,0,0,0,0,0
CI,0, ,0.0,3.0,0,0,0,0,0,0,0,0
AF,D317L,39.973997,-9.074097,1,MTR,317.0,12.0,3.0,0,0,0,0,0,0,0,0
AF,D272L,39.832319,-9.149758,1,MTR,272.0,12.0,317.0,0,0,0,0,0,0,0,0
TF,D272E,39.832558,-8.998314,0, ,0.0,0.0,0.0,0.0,0,0,0,0,0,0,0,0
VI,0, ,0.0,127.0,0,0,0,0,0,0,0,0
CF,ETOPI,39.481667,-8.812222,0,MTR,172.2,21.4,172.0,20.0,0,0,0,0,0,0,0,0

SID,ETOP4B,18,2
CD, ,0,0,0,MTR,0,0.0,183.0,7.0,0,0,0,0,0,0,0,0
CF,ETOPI,39.481667,-8.812222,0,MTR,172.2,21.4,172.0,15.0,0,0,0,0,0,0,0,0

SID,OMEX2N,36,2
CA,0,3.0,2,1500,0,0,0,0,0,0
DF,MTR,39.832611,-8.890139,1, ,0.0,0.0,0,0,0,0,0,0,0,0
TF,VIPLE,39.482500,-8.965000,0, ,0.0,0.0,0.0,0.0,0,0,0,0,0,0,0,0
TF,OMEXO,39.348889,-8.993056,0, ,0.0,0.0,0.0,0.0,0,0,0,0,0,0,0,0

SID,OMEX2S,18,2
CA,0,183.0,2,1500,0,0,0,0,0,0
CF,VIPLE,39.482500,-8.965000,0,MTR,191.4,21.3,191.0,19.0,0,0,0,0,0,0,0,0
TF,OMEXO,39.348889,-8.993056,0, ,0.0,0.0,0.0,0.0,0,0,0,0,0,0,0,0

SID,OMEX4A,36,2
CD, ,0,0,0,MTR,0,0.0,3.0,7.0,0,0,0,0,0,0,0,0
CI,0, ,0.0,3.0,0,0,0,0,0,0,0,0
AF,D317L,39.973997,-9.074097,1,MTR,317.0,12.0,3.0,0,0,0,0,0,0,0,0
AF,D272L,39.832319,-9.149758,1,MTR,272.0,12.0,317.0,0,0,0,0,0,0,0,0
TF,D272E,39.832558,-8.998314,0, ,0.0,0.0,0.0,0.0,0,0,0,0,0,0,0,0
VI,0, ,0.0,146.0,0,0,0,0,0,0,0,0
CF,VIPLE,39.482500,-8.965000,0,MTR,191.4,21.3,191.0,19.0,0,0,0,0,0,0,0,0
TF,OMEXO,39.348889,-8.993056,0, ,0.0,0.0,0.0,0.0,0,0,0,0,0,0,0,0

SID,OMEX4B,18,2
CD, ,0,0,0,MTR,0,0.0,183.0,7.0,0,0,0,0,0,0,0,0
CF,VIPLE,39.482500,-8.965000,0,MTR,191.4,21.3,191.0,14.0,0,0,0,0,0,0,0,0
TF,OMEXO,39.348889,-8.993056,0, ,0.0,0.0,0.0,0.0,0,0,0,0,0,0,0,0

SID,PEKO2A,36,2
CA,0,3.0,2,1500,0,0,0,0,0,0
VI,1, ,0.0,176.0,0,0,0,0,0,0,0,0
CF,IPROD,39.483056,-9.261111,0,MTR,221.5,27.1,221.0,23.0,0,0,0,0,0,0,0,0
TF,PEKOV,39.361389,-9.389167,0, ,0.0,0.0,0.0,0.0,2,5000,0,0,0,0,0,0

SID,PEKO2B,18,2
CA,0,183.0,2,1500,0,0,0,0,0,0
VI,0, ,0.0,251.0,0,0,0,0,0,0,0,0
CF,IPROD,39.483056,-9.261111,0,MTR,221.5,27.1,221.0,22.0,0,0,0,0,0,0,0,0
TF,PEKOV,39.361389,-9.389167,0, ,0.0,0.0,0.0,0.0,2,5000,0,0,0,0,0,0

APPTR,I18,18,INBIG
IF,INBIG,40.082500,-8.876667, ,0.0,0.0,2,4000,0,0,0,0,1,0
CF,CI18,40.032650,-8.879186,0,MR,3.8,12.9,184.0,3.0,2,3000,0,0,0,0,1,0

APPTR,I18,18,LASAG
IF,LASAG,40.012500,-9.004167, ,0.0,0.0,2,4000,0,0,0,0,1,0
AF,D352L,40.029719,-8.935350,2,MTR,352.0,12.0,336.0,2,3000,0,0,0,0,0,0
VI,0,MR,0.0,153.0,0,0,0,0,0,0,0,0

APPTR,I18,18,MAXUP
IF,MAXUP,39.837500,-9.149722, ,0.0,0.0,2,14000,0,0,0,0,1,0
AF,D352L,40.029719,-8.935350,2,MTR,352.0,12.0,273.0,2,3000,0,0,0,0,0,0
VI,0,MR,0.0,153.0,0,0,0,0,0,0,0,0

FINAL,I18,18,I,3
IF,CI18,40.032650,-8.879186,MR,3.8,12.9,2,3000,0,0,0,0,0,0
CF,FI18,39.940956,-8.882872,0,MR,3.8,7.4,183.0,5.5,1,1780,0,0,0,0,2,0
CF,RW18,39.842367,-8.886822,0,MR,3.8,1.5,183.0,5.9,1,210,0,0,0,0,3,0
FA,RW18,39.842367,-8.886822,0,MTR,0.0,0.0,183.0,2,1500,0,0,0,0,0,0
DF,LASAG,40.012500,-9.004167,2, ,0.0,0.0,1,4000,0,0,0,0,0,0

APPTR,I36,36,MAXUP
IF,MAXUP,39.837500,-9.149722, ,0.0,0.0,2,14000,0,0,0,0,1,0
AF,D195L,39.637561,-8.948375,1,MTR,195.0,12.0,273.0,2,3000,0,0,0,0,0,0
VI,0,MO,0.0,33.0,0,0,0,0,0,0,0,0

APPTR,I36,36,XUMIP
IF,XUMIP,39.658333,-9.017500, ,0.0,0.0,2,4000,0,0,0,0,1,0
AF,D195L,39.637561,-8.948375,1,MTR,195.0,12.0,211.0,2,3000,0,0,0,0,0,0
VI,0,MO,0.0,33.0,0,0,0,0,0,0,0,0

FINAL,I36,36,I,3
IF,CI36,39.631669,-8.895083,MO,183.7,12.8,2,3000,0,0,0,0,0,0
CF,FI36,39.723372,-8.891494,0,MO,183.7,7.3,3.0,5.5,1,1750,0,0,0,0,2,0
CF,RW36,39.820231,-8.887697,0,MO,183.7,1.5,3.0,5.8,1,211,0,0,0,0,3,0
FA,RW36,39.820231,-8.887697,0,MTR,0.0,0.0,3.0,2,1500,0,0,0,0,0,0
DF,XUMIP,39.658333,-9.017500,1, ,0.0,0.0,1,4000,0,0,0,0,0,0

APPTR,T18,18,BAGMU
IF,BAGMU,40.082222,-8.867222, ,0.0,0.0,2,4000,0,0,0,0,1,0
CF,CT18,40.032278,-8.871975,0,MTR,6.0,12.0,186.0,3.0,2,3000,0,0,0,0,1,0

APPTR,T18,18,LASAG
IF,LASAG,40.012500,-9.004167, ,0.0,0.0,2,4000,0,0,0,0,1,0
AF,CT18,40.032278,-8.871975,2,MTR,6.0,12.0,336.0,2,3000,0,0,0,0,1,0

FINAL,T18,18,D,4
IF,CT18,40.032278,-8.871975,MTR,6.0,12.0,2,3000,0,0,0,0,0,0
CF,FT18,39.940764,-8.880311,0,MTR,6.0,6.5,186.0,5.5,2,1800,0,0,0,0,2,0
CF,40TA2,39.899167,-8.884094,0,MTR,6.0,4.0,186.0,2.5,2,1130,0,0,0,0,0,0
CF,MT18,39.855906,-8.888025,0,MTR,6.0,1.4,186.0,2.6,1,425,0,0,0,0,3,0
CA,0,186.0,2,1500,0,0,0,0,0,0
DF,LASAG,40.012500,-9.004167,2, ,0.0,0.0,1,4000,0,0,0,0,0,0

APPTR,T36,36,XUMIP
IF,XUMIP,39.658333,-9.017500, ,0.0,0.0,2,4000,0,0,0,0,1,0
AF,CT36,39.632475,-8.885619,1,MTR,181.0,12.0,211.0,2,3000,0,0,0,0,1,0

FINAL,T36,36,D,4
IF,CT36,39.632475,-8.885619,MTR,181.0,12.0,2,3000,0,0,0,0,0,0
CF,FT36,39.724206,-8.887686,0,MTR,181.0,6.5,1.0,5.5,2,1800,0,0,0,0,2,0
CF,40TAC,39.765900,-8.888628,0,MTR,181.0,4.0,1.0,2.5,2,1090,0,0,0,0,0,0
CF,MT36,39.807594,-8.889572,0,MTR,181.0,1.5,1.0,2.5,1,421,0,0,0,0,3,0
CA,0,1.0,2,1500,0,0,0,0,0,0
DF,XUMIP,39.658333,-9.017500,1, ,0.0,0.0,1,4000,0,0,0,0,0,0

