SID,KEME1A,05,2
FA,RW05,36.974808,35.268014,0,ADA,0.0,0.0,50.0,2,5000,0,0,0,0,0,0
DF,ADA,36.940583,35.210389,2, ,0.0,0.0,0,0,0,0,0,0,0,0
TF,KEMER,37.600833,34.725833,0, ,0.0,0.0,0.0,0.0,0,0,0,0,0,0,0,0

SID,KEME1B,23,2
CF,ADA,36.940583,35.210389,0,ADA,0.0,0.0,230.0,4.0,2,1500,0,0,0,0,0,0
VI,2, ,0.0,95.0,0,0,0,0,0,0,0,0
FA,ADA,36.940583,35.210389,0,ADA,0.0,0.0,50.0,2,5000,0,0,0,0,0,0
DF,ADA,36.940583,35.210389,2, ,0.0,0.0,0,0,0,0,0,0,0,0
TF,KEMER,37.600833,34.725833,0, ,0.0,0.0,0.0,0.0,0,0,0,0,0,0,0,0

SID,MANA1A,05,2
FA,RW05,36.974808,35.268014,0,ADA,0.0,0.0,50.0,2,5000,0,0,0,0,0,0
DF,ADA,36.940583,35.210389,2, ,0.0,0.0,0,0,0,0,0,0,0,0
TF,MANAZ,36.914722,34.411389,0, ,0.0,0.0,0.0,0.0,0,0,0,0,0,0,0,0

SID,MANA1B,23,2
CF,ADA,36.940583,35.210389,0,ADA,0.0,0.0,230.0,4.0,2,1500,0,0,0,0,0,0
VI,2, ,0.0,95.0,0,0,0,0,0,0,0,0
FA,ADA,36.940583,35.210389,0,ADA,0.0,0.0,50.0,2,5000,0,0,0,0,0,0
DF,ADA,36.940583,35.210389,2, ,0.0,0.0,0,0,0,0,0,0,0,0
TF,MANAZ,36.914722,34.411389,0, ,0.0,0.0,0.0,0.0,0,0,0,0,0,0,0,0

SID,MILB1A,05,2
FA,RW05,36.974808,35.268014,0,ADA,0.0,0.0,50.0,2,5000,0,0,0,0,0,0
DF,ADA,36.940583,35.210389,2, ,0.0,0.0,0,0,0,0,0,0,0,0
VI,2, ,0.0,116.0,0,0,0,0,0,0,0,0
CF,MILBA,36.951389,36.479444,0,ADA,85.8,61.0,86.0,56.0,0,0,0,0,0,0,0,0

SID,MILB1B,23,2
CF,ADA,36.940583,35.210389,0,ADA,0.0,0.0,230.0,4.0,2,1500,0,0,0,0,0,0
VI,2, ,0.0,95.0,0,0,0,0,0,0,0,0
FA,ADA,36.940583,35.210389,0,ADA,0.0,0.0,50.0,2,5000,0,0,0,0,0,0
DF,ADA,36.940583,35.210389,2, ,0.0,0.0,0,0,0,0,0,0,0,0
VI,2, ,0.0,116.0,0,0,0,0,0,0,0,0
CF,MILBA,36.951389,36.479444,0,ADA,85.8,61.0,86.0,56.0,0,0,0,0,0,0,0,0

SID,TUNL1A,05,2
FA,RW05,36.974808,35.268014,0,ADA,0.0,0.0,50.0,2,5000,0,0,0,0,0,0
DF,ADA,36.940583,35.210389,2, ,0.0,0.0,0,0,0,0,0,0,0,0
TF,TUNLA,35.883333,36.033333,1, ,0.0,0.0,0.0,0.0,2,29000,0,0,0,0,0,0

SID,TUNL1B,23,2
CF,ADA,36.940583,35.210389,0,ADA,0.0,0.0,230.0,4.0,2,1500,0,0,0,0,0,0
VI,2, ,0.0,95.0,0,0,0,0,0,0,0,0
FA,ADA,36.940583,35.210389,0,ADA,0.0,0.0,50.0,2,5000,0,0,0,0,0,0
DF,ADA,36.940583,35.210389,2, ,0.0,0.0,0,0,0,0,0,0,0,0
TF,TUNLA,35.883333,36.033333,1, ,0.0,0.0,0.0,0.0,2,29000,0,0,0,0,0,0

SID,YAPZ1A,05,2
FA,RW05,36.974808,35.268014,0,ADA,0.0,0.0,50.0,2,5000,0,0,0,0,0,0
DF,ADA,36.940583,35.210389,2, ,0.0,0.0,0,0,0,0,0,0,0,0
TF,YAPZU,36.725278,34.451944,0, ,0.0,0.0,0.0,0.0,0,0,0,0,0,0,0,0

SID,YAPZ1B,23,2
CF,ADA,36.940583,35.210389,0,ADA,0.0,0.0,230.0,4.0,2,1500,0,0,0,0,0,0
VI,2, ,0.0,95.0,0,0,0,0,0,0,0,0
FA,ADA,36.940583,35.210389,0,ADA,0.0,0.0,50.0,2,5000,0,0,0,0,0,0
DF,ADA,36.940583,35.210389,2, ,0.0,0.0,0,0,0,0,0,0,0,0
TF,YAPZU,36.725278,34.451944,0, ,0.0,0.0,0.0,0.0,0,0,0,0,0,0,0,0

STAR,KEME1D,05,2
IF,KEMER,37.600833,34.725833, ,0.0,0.0,2,17000,0,0,0,0,0,0
TF,ADA35,37.444578,34.841381,0, ,0.0,0.0,0.0,0.0,2,14000,0,0,0,0,0,0
TF,D326Y,37.300692,34.947281,0, ,0.0,0.0,0.0,0.0,2,10000,0,0,0,0,0,0
TF,D326T,37.228714,35.000078,0, ,0.0,0.0,0.0,0.0,2,8500,0,0,0,0,0,0
TF,D326J,37.084683,35.105378,0, ,0.0,0.0,0.0,0.0,2,4000,0,0,0,0,0,0
TF,ADA,36.940583,35.210389,0, ,0.0,0.0,0.0,0.0,0,0,0,0,0,0,0,0

STAR,KEME1F,23,2
IF,KEMER,37.600833,34.725833, ,0.0,0.0,2,17000,0,0,0,0,0,0
TF,ADA35,37.444578,34.841381,0, ,0.0,0.0,0.0,0.0,2,14000,0,0,0,0,0,0
TF,D326Y,37.300692,34.947281,0, ,0.0,0.0,0.0,0.0,2,10000,0,0,0,0,0,0
TF,D326T,37.228714,35.000078,0, ,0.0,0.0,0.0,0.0,2,8500,0,0,0,0,0,0
TF,D326J,37.084683,35.105378,0, ,0.0,0.0,0.0,0.0,2,4000,0,0,0,0,0,0
TF,ADA,36.940583,35.210389,0, ,0.0,0.0,0.0,0.0,0,0,0,0,0,0,0,0

STAR,MANA1D,05,2
IF,MANAZ,36.914722,34.411389, ,0.0,0.0,2,13000,0,0,0,0,0,0
TF,D264T,36.927792,34.794808,0, ,0.0,0.0,0.0,0.0,2,8000,0,0,0,0,0,0
TF,D264J,36.934356,35.002525,0, ,0.0,0.0,0.0,0.0,2,4000,0,0,0,0,0,0
TF,ADA,36.940583,35.210389,0, ,0.0,0.0,0.0,0.0,0,0,0,0,0,0,0,0

STAR,MANA1F,23,2
IF,MANAZ,36.914722,34.411389, ,0.0,0.0,2,13000,0,0,0,0,0,0
TF,D264T,36.927792,34.794808,0, ,0.0,0.0,0.0,0.0,2,8000,0,0,0,0,0,0
TF,D264J,36.934356,35.002525,0, ,0.0,0.0,0.0,0.0,2,4000,0,0,0,0,0,0
TF,ADA,36.940583,35.210389,0, ,0.0,0.0,0.0,0.0,0,0,0,0,0,0,0,0

STAR,MILB1D,05,2
IF,MILBA,36.951389,36.479444, ,0.0,0.0,0,0,0,0,0,0,0,0
TF,D086T,36.945597,35.626050,0, ,0.0,0.0,0.0,0.0,2,12000,0,0,0,0,0,0
TF,D086J,36.943258,35.418156,0, ,0.0,0.0,0.0,0.0,2,5000,0,0,0,0,0,0
TF,ADA,36.940583,35.210389,0, ,0.0,0.0,0.0,0.0,0,0,0,0,0,0,0,0

STAR,MILB1F,23,2
IF,MILBA,36.951389,36.479444, ,0.0,0.0,0,0,0,0,0,0,0,0
TF,D086T,36.945597,35.626050,0, ,0.0,0.0,0.0,0.0,2,12000,0,0,0,0,0,0
TF,D086J,36.943258,35.418156,0, ,0.0,0.0,0.0,0.0,2,5000,0,0,0,0,0,0
TF,ADA,36.940583,35.210389,0, ,0.0,0.0,0.0,0.0,0,0,0,0,0,0,0,0

STAR,YAPZ1D,05,2
IF,YAPZU,36.725278,34.451944, ,0.0,0.0,2,10000,0,0,0,0,0,0
TF,D246J,36.885472,35.014217,0, ,0.0,0.0,0.0,0.0,2,5000,0,0,0,0,0,0
TF,ADA,36.940583,35.210389,0, ,0.0,0.0,0.0,0.0,0,0,0,0,0,0,0,0

STAR,YAPZ1F,23,2
IF,YAPZU,36.725278,34.451944, ,0.0,0.0,2,10000,0,0,0,0,0,0
TF,D246J,36.885472,35.014217,0, ,0.0,0.0,0.0,0.0,2,5000,0,0,0,0,0,0
TF,ADA,36.940583,35.210389,0, ,0.0,0.0,0.0,0.0,0,0,0,0,0,0,0,0

APPTR,D05-X,05,MANAZ
IF,MANAZ,36.914722,34.411389, ,0.0,0.0,0,0,0,0,0,0,0,0
TF,D264L,36.930511,34.961122,0, ,0.0,0.0,0.0,0.0,2,5000,0,0,0,0,0,0
CI,0, ,0.0,84.0,2,5000,0,0,0,0,0,0
AF,D242K,36.863372,35.002883,1,ADA,242.0,11.0,264.0,2,3000,0,0,0,0,0,0
CF,CD05,36.862408,35.075628,0,ADA,231.0,8.0,51.0,3.0,2,2500,0,0,0,0,0,0

FINAL,D05-X,05,D,4
IF,CD05,36.862408,35.075628,ADA,231.0,8.0,2,2500,0,0,0,0,0,0
CF,FD05,36.902492,35.144658,0,ADA,231.0,3.9,51.0,4.1,2,2500,0,0,0,0,2,0
CF,ADA,36.940583,35.210389,0,ADA,0.0,0.0,51.0,3.9,2,1200,0,0,0,0,0,0
CF,MD05,36.964981,35.252556,0,ADA,51.0,2.5,51.0,2.5,1,416,0,0,0,0,3,0
FD,MD05,36.964981,35.252556,0,ADA,51.0,8.0,51.0,8.0,0,0,0,0,0,0,0,0
DF,ADA,36.940583,35.210389,1, ,0.0,0.0,1,3000,0,1,185,0,0,0
HM,ADA,36.940583,35.210389,1, ,0.0,0.0,206.0,04.3,2,3000,0,1,230,0,0,0,0

APPTR,D05-Y,05,ADA1
IF,ADA,36.940583,35.210389, ,0.0,0.0,2,3000,0,1,185,0,0,0
FD,ADA,36.940583,35.210389,0,ADA,0.0,8.0,204.0,8.0,2,2500,0,0,0,0,0,0
CF,CD05,36.862408,35.075628,2,ADA,231.0,8.0,51.0,1.0,2,2500,0,0,0,0,0,0

APPTR,D05-Y,05,ADA2
IF,ADA,36.940583,35.210389, ,0.0,0.0,2,3000,0,1,150,0,0,0
FD,ADA,36.940583,35.210389,0,ADA,0.0,8.0,217.0,8.0,2,2500,0,0,0,0,0,0
CF,CD05,36.862408,35.075628,2,ADA,231.0,8.0,51.0,1.0,2,2500,0,0,0,0,0,0

FINAL,D05-Y,05,D,4
IF,CD05,36.862408,35.075628,ADA,231.0,8.0,2,2500,0,0,0,0,0,0
CF,FD05,36.902492,35.144658,0,ADA,231.0,3.9,51.0,4.1,2,2500,0,0,0,0,2,0
CF,ADA,36.940583,35.210389,0,ADA,0.0,0.0,51.0,3.9,2,1200,0,0,0,0,0,0
CF,MD05,36.964981,35.252556,0,ADA,51.0,2.5,51.0,2.5,1,416,0,0,0,0,3,0
FD,MD05,36.964981,35.252556,0,ADA,51.0,8.0,51.0,8.0,0,0,0,0,0,0,0,0
DF,ADA,36.940583,35.210389,1, ,0.0,0.0,1,3000,0,1,185,0,0,0
HM,ADA,36.940583,35.210389,1, ,0.0,0.0,206.0,04.3,2,3000,0,1,230,0,0,0,0

APPTR,I05-Y,05,MANAZ
IF,MANAZ,36.914722,34.411389, ,0.0,0.0,0,0,0,0,0,0,0,0
TF,D264L,36.930511,34.961122,0, ,0.0,0.0,0.0,0.0,2,5000,0,0,0,0,0,0
CI,0, ,0.0,84.0,2,5000,0,0,0,0,0,0
AF,D231K,36.831275,35.026736,1,ADA,230.3,11.0,264.0,2,3000,0,0,0,0,0,0
CF,CF05Y,36.865364,35.083694,0,IADA,230.4,12.6,50.0,3.4,2,3000,0,0,0,0,0,0

FINAL,I05-Y,05,I,3
IF,CF05Y,36.865364,35.083694,IADA,230.4,12.6,2,3000,0,0,0,0,0,0
CF,FF05Y,36.885231,35.117078,0,IADA,230.4,10.6,50.0,2.0,1,3000,0,0,0,0,2,0
CF,RW05,36.974808,35.268014,0,IADA,230.4,1.6,50.0,9.0,1,107,0,0,0,0,3,0
CA,0,50.0,2,470,0,0,0,0,0,0
FD,MA05,36.965594,35.252461,0,ADA,50.3,8.0,51.0,8.0,0,0,0,0,0,0,0,0
DF,ADA,36.940583,35.210389,1, ,0.0,0.0,1,3000,0,1,185,0,0,0
HM,ADA,36.940583,35.210389,1, ,0.0,0.0,206.0,04.3,2,3000,0,1,230,0,0,0,0

APPTR,I05-Z,05,ADA1
IF,ADA,36.940583,35.210389, ,0.0,0.0,2,3000,0,1,185,0,0,0
FD,ADA,36.940583,35.210389,0,ADA,0.0,8.0,204.0,8.0,2,2500,0,0,0,0,0,0
CF,CF05Z,36.861389,35.077019,2,IADA,230.4,13.0,50.0,1.0,2,2500,0,0,0,0,0,0

APPTR,I05-Z,05,ADA2
IF,ADA,36.940583,35.210389, ,0.0,0.0,2,3000,0,1,150,0,0,0
FD,ADA,36.940583,35.210389,0,ADA,0.0,8.0,217.0,8.0,2,2500,0,0,0,0,0,0
CF,CF05Z,36.861389,35.077019,2,IADA,230.4,13.0,50.0,1.0,2,2500,0,0,0,0,0,0

FINAL,I05-Z,05,I,3
IF,CF05Z,36.861389,35.077019,IADA,230.4,13.0,2,2500,0,0,0,0,0,0
CF,FF05Z,36.902111,35.145469,0,IADA,230.4,8.9,50.0,4.1,1,2500,0,0,0,0,2,0
CF,RW05,36.974808,35.268014,0,IADA,230.4,1.6,50.0,7.3,1,107,0,0,0,0,3,0
CA,0,50.0,2,470,0,0,0,0,0,0
FD,MA05,36.965594,35.252461,0,ADA,50.3,8.0,51.0,8.0,0,0,0,0,0,0,0,0
DF,ADA,36.940583,35.210389,1, ,0.0,0.0,1,3000,0,1,185,0,0,0
HM,ADA,36.940583,35.210389,1, ,0.0,0.0,206.0,04.3,2,3000,0,1,230,0,0,0,0

APPTR,N05-Z,05,ADN1
IF,ADN,36.970889,35.261611, ,0.0,0.0,2,3000,0,1,185,0,0,0
FC,ADN,36.970889,35.261611,0,ADA,0.0,0.0,204.0,6.2,2,2500,0,0,0,0,0,1
CF,FF05,36.908864,35.158439,2,ADA,229.6,3.1,50.0,1.0,2,2500,0,0,0,0,0,0

APPTR,N05-Z,05,ADN2
IF,ADN,36.970889,35.261611, ,0.0,0.0,2,3000,0,1,150,0,0,0
FC,ADN,36.970889,35.261611,0,ADA,0.0,0.0,217.0,7.5,2,2500,0,0,0,0,0,1
CF,FF05,36.908864,35.158439,2,ADA,229.6,3.1,50.0,2.0,2,2500,0,0,0,0,0,0

FINAL,N05-Z,05,N,2
IF,FF05,36.908864,35.158439,ADN,0.0,0.0,2,2500,0,0,0,0,2,0
CF,ADN,36.970889,35.261611,0,ADN,0.0,0.0,50.0,6.2,1,249,0,0,0,0,3,0
FA,ADN,36.970889,35.261611,0,ADA,0.0,0.0,50.0,2,1000,0,0,0,0,0,0
DF,ADN,36.970889,35.261611,1, ,0.0,0.0,1,3000,0,0,0,0,0,0
HM,ADN,36.970889,35.261611,2, ,0.0,0.0,205.0,04.3,2,3000,0,1,230,0,0,0,0

APPTR,S05-Z,05,ADA1
IF,ADA,36.940583,35.210389, ,0.0,0.0,2,3000,0,1,185,0,0,0
FC,ADA,36.940583,35.210389,0,ADA,0.0,0.0,204.0,6.2,2,2500,0,0,0,0,0,1
CF,FS05,36.900853,35.141831,2,ADA,231.0,4.1,51.0,3.0,2,2500,0,0,0,0,0,0

APPTR,S05-Z,05,ADA2
IF,ADA,36.940583,35.210389, ,0.0,0.0,2,3000,0,1,150,0,0,0
FC,ADA,36.940583,35.210389,0,ADA,0.0,0.0,217.0,7.5,2,2500,0,0,0,0,0,1
CF,FS05,36.900853,35.141831,2,ADA,231.0,4.1,51.0,4.0,2,2500,0,0,0,0,0,0

FINAL,S05-Z,05,D,2
IF,FS05,36.900853,35.141831,ADA,231.0,4.1,2,2500,0,0,0,0,2,0
CF,ADA,36.940583,35.210389,0,ADA,0.0,0.0,51.0,4.1,1,1206,0,0,0,0,3,0
FA,ADA,36.940583,35.210389,0,ADA,0.0,0.0,51.0,2,2000,0,0,0,0,0,0
DF,ADA,36.940583,35.210389,1, ,0.0,0.0,1,3000,0,0,0,0,0,0
HM,ADA,36.940583,35.210389,1, ,0.0,0.0,206.0,04.3,2,3000,0,1,230,0,0,0,0

APPTR,V05-A,05,ADA
IF,ADA,36.940583,35.210389, ,0.0,0.0,2,3000,0,0,0,0,0,0
FD,ADA,36.940583,35.210389,0,ADA,0.0,12.0,30.0,12.0,2,2500,0,0,0,0,0,0
CF,FF23,37.065906,35.405139,2,ADA,48.0,12.0,228.0,1.0,2,2500,0,0,0,0,0,0

FINAL,V05-A,05,D,2
IF,FF23,37.065906,35.405139,ADA,48.0,12.0,2,2500,0,0,0,0,2,0
CF,MA23,37.024167,35.340150,0,ADA,48.0,8.0,228.0,4.0,1,1150,0,0,0,0,3,0
CF,ADA,36.940583,35.210389,0,ADA,0.0,0.0,228.0,8.0,1,3000,0,0,0,0,0,0
HM,ADA,36.940583,35.210389,2, ,0.0,0.0,48.0,04.3,2,3000,0,1,230,0,0,0,0

APPTR,V23-A,23,ADA
IF,ADA,36.940583,35.210389, ,0.0,0.0,2,3000,0,0,0,0,0,0
FD,ADA,36.940583,35.210389,0,ADA,0.0,12.0,30.0,12.0,2,2500,0,0,0,0,0,0
CF,FF23,37.065906,35.405139,2,ADA,48.0,12.0,228.0,1.0,2,2500,0,0,0,0,0,0

FINAL,V23-A,23,D,2
IF,FF23,37.065906,35.405139,ADA,48.0,12.0,2,2500,0,0,0,0,2,0
CF,MA23,37.024167,35.340150,0,ADA,48.0,8.0,228.0,4.0,1,1150,0,0,0,0,3,0
CF,ADA,36.940583,35.210389,0,ADA,0.0,0.0,228.0,8.0,1,3000,0,0,0,0,0,0
HM,ADA,36.940583,35.210389,2, ,0.0,0.0,48.0,04.3,2,3000,0,1,230,0,0,0,0

