SID,BIG1A,04,2
CF,D035J,40.260261,26.569383,0,CNK,35.0,10.0,35.0,10.0,0,0,0,0,0,0,0,0
TF,BIG,40.284389,27.365528,0, ,0.0,0.0,0.0,0.0,0,0,0,0,0,0,0,0

SID,BIG1B,22,2
CF,D217E,40.073456,26.352519,0,CNK,217.0,5.0,217.0,5.0,0,0,0,0,0,0,0,1
DF,CNK,40.134472,26.426556,2, ,0.0,0.0,0,0,0,0,0,0,0,0
TF,BIG,40.284389,27.365528,0, ,0.0,0.0,0.0,0.0,0,0,0,0,0,0,0,0

SID,BIG1C,04,2
CA,0,35.0,2,3000,0,0,0,0,0,0
VI,0, ,0.0,53.0,0,0,0,0,0,0,0,0
CF,BIG,40.284389,27.365528,0,CNK,71.9,44.1,83.0,34.0,0,0,0,0,0,0,0,0

SID,BIG1D,22,2
CA,0,217.0,2,930,0,0,0,0,0,0
DF,CNK,40.134472,26.426556,2, ,0.0,0.0,0,0,0,0,0,0,0,0
TF,BIG,40.284389,27.365528,0, ,0.0,0.0,0.0,0.0,0,0,0,0,0,0,0,0

SID,BIG1E,04,2
CF,D035J,40.260261,26.569383,0,CNK,35.0,10.0,35.0,10.0,0,0,0,0,0,0,0,0
TF,BIG,40.284389,27.365528,0, ,0.0,0.0,0.0,0.0,0,0,0,0,0,0,0,0

SID,BIG1F,22,2
CF,D217E,40.073456,26.352519,0,CNK,217.0,5.0,217.0,5.0,0,0,0,0,0,0,0,1
DF,CNK,40.134472,26.426556,2, ,0.0,0.0,0,0,0,0,0,0,0,0
TF,BIG,40.284389,27.365528,0, ,0.0,0.0,0.0,0.0,0,0,0,0,0,0,0,0

SID,BIG1G,04,2
CA,0,35.0,2,3000,0,0,0,0,0,0
VI,0, ,0.0,53.0,0,0,0,0,0,0,0,0
CF,BIG,40.284389,27.365528,0,CNK,71.9,44.1,83.0,34.0,0,0,0,0,0,0,0,0

SID,BIG1H,22,2
CA,0,217.0,2,930,0,0,0,0,0,0
DF,CNK,40.134472,26.426556,2, ,0.0,0.0,0,0,0,0,0,0,0,0
TF,BIG,40.284389,27.365528,0, ,0.0,0.0,0.0,0.0,0,0,0,0,0,0,0,0

SID,BIG1L,04,5
CF,BH310,40.218669,26.519431,0,CNK,34.2,6.6,35.0,6.0,0,0,0,1,220,0,0,0
TF,OLDOK,40.247778,26.883889,0, ,0.0,0.0,0.0,0.0,4,12000,7000,0,0,0,0,0
TF,BIG,40.284389,27.365528,0, ,0.0,0.0,0.0,0.0,0,0,0,0,0,0,0,0

SID,BIG1Y,22,5
CF,BH710,40.051953,26.329644,0,CNK,216.1,6.7,215.0,6.0,0,0,0,1,220,0,0,0
TF,BH720,39.975139,26.444072,0, ,0.0,0.0,0.0,0.0,0,0,0,0,0,0,0,0
TF,SUVUP,40.161944,26.808611,0, ,0.0,0.0,0.0,0.0,0,0,0,0,0,0,0,0
TF,BH740,40.174928,27.247267,0, ,0.0,0.0,0.0,0.0,0,0,0,0,0,0,0,0
TF,BIG,40.284389,27.365528,0, ,0.0,0.0,0.0,0.0,0,0,0,0,0,0,0,0

SID,OLDO1L,04,5
CF,BH310,40.218669,26.519431,0,CNK,34.2,6.6,35.0,6.0,0,0,0,1,220,0,0,0
TF,OLDOK,40.247778,26.883889,0, ,0.0,0.0,0.0,0.0,4,12000,7000,0,0,0,0,0

SID,SUVU1Y,22,5
CF,BH710,40.051953,26.329644,0,CNK,216.1,6.7,215.0,6.0,0,0,0,1,220,0,0,0
TF,BH720,39.975139,26.444072,0, ,0.0,0.0,0.0,0.0,0,0,0,0,0,0,0,0
TF,SUVUP,40.161944,26.808611,0, ,0.0,0.0,0.0,0.0,0,0,0,0,0,0,0,0

STAR,BIG1K,04,5
IF,BIG,40.284389,27.365528, ,0.0,0.0,2,20000,0,0,0,0,0,0
TF,BH203,40.282803,26.850894,0, ,0.0,0.0,0.0,0.0,2,15000,0,0,0,0,0,0
TF,OBEPU,40.279608,26.386494,0, ,0.0,0.0,0.0,0.0,2,5000,0,0,0,0,0,0
TF,BH201,40.044572,26.119869,0, ,0.0,0.0,0.0,0.0,0,0,0,0,0,0,0,0
TF,ADMET,39.967967,26.234517,0, ,0.0,0.0,0.0,0.0,2,3500,0,0,0,0,0,0
TF,OLBUT,40.030883,26.305750,0, ,0.0,0.0,0.0,0.0,1,2500,0,1,180,0,0,0

STAR,BIG1S,ALL,2
IF,BIG,40.284389,27.365528, ,0.0,0.0,0,0,0,0,0,0,0,0
TF,D073J,40.169142,26.639167,0, ,0.0,0.0,0.0,0.0,0,0,0,0,0,0,0,0
TF,CNK,40.134472,26.426556,0, ,0.0,0.0,0.0,0.0,0,0,0,0,0,0,0,0

STAR,BIG1T,22,5
IF,BIG,40.284389,27.365528, ,0.0,0.0,0,0,0,0,0,0,0,0
TF,BH611,40.279311,27.180206,0, ,0.0,0.0,0.0,0.0,2,9000,0,0,0,0,0,0
TF,OKURU,40.269703,26.842992,0, ,0.0,0.0,0.0,0.0,2,5500,0,0,0,0,0,0
TF,UNVEN,40.264119,26.661392,0, ,0.0,0.0,0.0,0.0,2,3500,0,0,0,0,0,0
TF,SORLO,40.217792,26.570856,0, ,0.0,0.0,0.0,0.0,1,2530,0,1,180,0,0,0

FINAL,I04,04,I,3
IF,CI04,39.996225,26.266489,ICNK,215.2,11.8,2,2900,0,0,0,0,0,0
CF,OLBUT,40.030883,26.305750,0,ICNK,215.2,9.0,36.0,2.8,1,2500,0,0,0,0,2,0
CF,RW04,40.127378,26.415342,0,ICNK,215.2,1.4,36.0,7.7,1,75,0,0,0,0,3,0
CA,0,36.0,2,1700,0,0,0,0,0,0
DF,CNK,40.134472,26.426556,1, ,0.0,0.0,1,3200,0,0,0,0,0,0
HM,CNK,40.134472,26.426556,1, ,0.0,0.0,36.0,04.3,2,3200,0,1,230,0,0,0,0

APPTR,Q04-B,04,CNK
IF,CNK,40.134472,26.426556, ,0.0,0.0,2,3200,0,0,0,0,0,0
HF,CNK,40.134472,26.426556,1, ,0.0,0.0,40.0,04.3,2,3000,0,0,0,0,0,0,0

FINAL,Q04-B,04,N,2
IF,FN040,40.057956,26.323500,CNK,0.0,0.0,2,3000,0,0,0,0,2,0
CF,CNK,40.134472,26.426556,0,CNK,0.0,0.0,40.0,6.6,1,1970,0,0,0,0,3,0
FA,CNK,40.134472,26.426556,0,CNK,0.0,0.0,38.0,2,2000,0,0,0,0,0,0
DF,CNK,40.134472,26.426556,1, ,0.0,0.0,1,3200,0,0,0,0,0,0
HM,CNK,40.134472,26.426556,1, ,0.0,0.0,40.0,04.3,2,3200,0,1,230,0,0,0,0

APPTR,Q22-B,22,CNK
IF,CNK,40.134472,26.426556, ,0.0,0.0,2,3200,0,0,0,0,0,0
HF,CNK,40.134472,26.426556,1, ,0.0,0.0,40.0,04.3,2,3000,0,0,0,0,0,0,0

FINAL,Q22-B,22,N,2
IF,FN040,40.057956,26.323500,CNK,0.0,0.0,2,3000,0,0,0,0,2,0
CF,CNK,40.134472,26.426556,0,CNK,0.0,0.0,40.0,6.6,1,1970,0,0,0,0,3,0
FA,CNK,40.134472,26.426556,0,CNK,0.0,0.0,38.0,2,2000,0,0,0,0,0,0
DF,CNK,40.134472,26.426556,1, ,0.0,0.0,1,3200,0,0,0,0,0,0
HM,CNK,40.134472,26.426556,1, ,0.0,0.0,40.0,04.3,2,3200,0,1,230,0,0,0,0

FINAL,R04,04,R,3
IF,OLBUT,40.030883,26.305750, ,0.0,0.0,1,2500,0,1,180,0,2,0
TF,BH120,40.090433,26.373336,0, ,0.0,0.0,35.0,4.7,2,1000,0,0,0,0,0,0
TF,RW04,40.127378,26.415342,0, ,0.0,0.0,35.0,2.9,1,75,0,0,0,0,3,1
TF,BH111,40.202744,26.501244,0, ,0.0,0.0,0.0,0.0,0,0,0,1,185,0,0,0
TF,OBEPU,40.279608,26.386494,0, ,0.0,0.0,0.0,0.0,2,3500,0,0,0,0,0,0
HM,OBEPU,40.279608,26.386494,2, ,0.0,0.0,215.0,04.3,3,6500,0,0,0,0,0,0,0

APPTR,R04-R,04,CNK
IF,CNK,40.134472,26.426556, ,0.0,0.0,2,3200,0,0,0,0,0,0
HF,CNK,40.134472,26.426556,1, ,0.0,0.0,40.0,04.3,2,3000,0,0,0,0,0,0,0

FINAL,R04-R,04,R,2
IF,FS040,40.053314,26.317261,CNK,220.0,7.0,2,3000,0,0,0,0,2,0
CF,CNK,40.134472,26.426556,0,CNK,0.0,0.0,40.0,7.0,1,1500,0,0,0,0,3,0
FA,CNK,40.134472,26.426556,0,CNK,0.0,0.0,38.0,2,2000,0,0,0,0,0,0
DF,CNK,40.134472,26.426556,1, ,0.0,0.0,1,3200,0,0,0,0,0,0
HM,CNK,40.134472,26.426556,1, ,0.0,0.0,40.0,04.3,2,3200,0,1,230,0,0,0,0

FINAL,R22,22,R,3
IF,SORLO,40.217792,26.570856, ,0.0,0.0,1,2530,0,1,180,0,2,0
TF,BH510,40.180681,26.498514,0, ,0.0,0.0,230.0,4.0,2,1260,0,0,0,0,0,0
TF,MA22,40.152817,26.444311,0, ,0.0,0.0,230.0,3.0,1,315,0,0,0,0,3,1
TF,BH520,40.097014,26.336039,0, ,0.0,0.0,0.0,0.0,0,0,0,1,185,0,0,0
TF,BH530,40.180072,26.263219,0, ,0.0,0.0,0.0,0.0,0,0,0,0,0,0,0,0
TF,BH540,40.317569,26.304469,0, ,0.0,0.0,0.0,0.0,0,0,0,0,0,0,0,0
TF,BH550,40.326383,26.549614,0, ,0.0,0.0,0.0,0.0,0,0,0,0,0,0,0,0
TF,OKURU,40.269703,26.842992,0, ,0.0,0.0,0.0,0.0,2,9000,0,1,230,0,0,0
HM,OKURU,40.269703,26.842992,1, ,0.0,0.0,262.0,04.3,0,0,0,1,230,0,0,0,0

APPTR,R22-R,22,CNK
IF,CNK,40.134472,26.426556, ,0.0,0.0,2,3200,0,0,0,0,0,0
HF,CNK,40.134472,26.426556,1, ,0.0,0.0,40.0,04.3,2,3000,0,0,0,0,0,0,0

FINAL,R22-R,22,R,2
IF,FS040,40.053314,26.317261,CNK,220.0,7.0,2,3000,0,0,0,0,2,0
CF,CNK,40.134472,26.426556,0,CNK,0.0,0.0,40.0,7.0,1,1500,0,0,0,0,3,0
FA,CNK,40.134472,26.426556,0,CNK,0.0,0.0,38.0,2,2000,0,0,0,0,0,0
DF,CNK,40.134472,26.426556,1, ,0.0,0.0,1,3200,0,0,0,0,0,0
HM,CNK,40.134472,26.426556,1, ,0.0,0.0,40.0,04.3,2,3200,0,1,230,0,0,0,0

APPTR,S04-M,04,CNK
IF,CNK,40.134472,26.426556, ,0.0,0.0,2,3200,0,0,0,0,0,0
HF,CNK,40.134472,26.426556,1, ,0.0,0.0,40.0,08,2,3000,0,1,185,0,0,0,0

FINAL,S04-M,04,D,2
IF,FD040,40.041711,26.301669,CNK,220.0,8.0,2,3000,0,0,0,0,2,0
CF,CNK,40.134472,26.426556,0,CNK,0.0,0.0,40.0,8.0,1,1500,0,0,0,0,3,0
FA,CNK,40.134472,26.426556,0,CNK,0.0,0.0,38.0,2,2000,0,0,0,0,0,0
DF,CNK,40.134472,26.426556,1, ,0.0,0.0,1,3200,0,0,0,0,0,0
HM,CNK,40.134472,26.426556,1, ,0.0,0.0,40.0,04.3,2,3200,0,1,230,0,0,0,0

APPTR,S22-M,22,CNK
IF,CNK,40.134472,26.426556, ,0.0,0.0,2,3200,0,0,0,0,0,0
HF,CNK,40.134472,26.426556,1, ,0.0,0.0,40.0,08,2,3000,0,1,185,0,0,0,0

FINAL,S22-M,22,D,2
IF,FD040,40.041711,26.301669,CNK,220.0,8.0,2,3000,0,0,0,0,2,0
CF,CNK,40.134472,26.426556,0,CNK,0.0,0.0,40.0,8.0,1,1500,0,0,0,0,3,0
FA,CNK,40.134472,26.426556,0,CNK,0.0,0.0,38.0,2,2000,0,0,0,0,0,0
DF,CNK,40.134472,26.426556,1, ,0.0,0.0,1,3200,0,0,0,0,0,0
HM,CNK,40.134472,26.426556,1, ,0.0,0.0,40.0,04.3,2,3200,0,1,230,0,0,0,0

