SID,ATLO1J,34L,2
CA,0,337.0,2,4000,0,0,0,0,0,0
DF,DYB,37.873694,40.208361,1, ,0.0,0.0,0,0,0,0,0,0,0,0
TF,ATLOM,37.385806,39.348750,0, ,0.0,0.0,0.0,0.0,0,0,0,0,0,0,0,0

SID,ATLO1J,34R,2
CA,0,337.0,2,4000,0,0,0,0,0,0
DF,DYB,37.873694,40.208361,1, ,0.0,0.0,0,0,0,0,0,0,0,0
TF,ATLOM,37.385806,39.348750,0, ,0.0,0.0,0.0,0.0,0,0,0,0,0,0,0,0

SID,ATLO1W,16L,2
CA,0,157.0,2,3500,0,0,0,0,0,0
DF,DYB,37.873694,40.208361,1, ,0.0,0.0,0,0,0,0,0,0,0,0
TF,ATLOM,37.385806,39.348750,0, ,0.0,0.0,0.0,0.0,0,0,0,0,0,0,0,0

SID,ATLO1W,16R,2
CA,0,157.0,2,3500,0,0,0,0,0,0
DF,DYB,37.873694,40.208361,1, ,0.0,0.0,0,0,0,0,0,0,0,0
TF,ATLOM,37.385806,39.348750,0, ,0.0,0.0,0.0,0.0,0,0,0,0,0,0,0,0

SID,ATLO1X,16L,2
CA,0,157.0,2,3500,0,0,0,0,0,0
DF,DYB,37.873694,40.208361,1, ,0.0,0.0,0,0,0,0,0,0,0,0
TF,ATLOM,37.385806,39.348750,0, ,0.0,0.0,0.0,0.0,0,0,0,0,0,0,0,0

SID,ATLO1X,16R,2
CA,0,157.0,2,3500,0,0,0,0,0,0
DF,DYB,37.873694,40.208361,1, ,0.0,0.0,0,0,0,0,0,0,0,0
TF,ATLOM,37.385806,39.348750,0, ,0.0,0.0,0.0,0.0,0,0,0,0,0,0,0,0

SID,ATLO1Y,34L,2
CA,0,337.0,2,4000,0,0,0,0,0,0
DF,DYB,37.873694,40.208361,1, ,0.0,0.0,0,0,0,0,0,0,0,0
TF,ATLOM,37.385806,39.348750,2, ,0.0,0.0,0.0,0.0,0,0,0,0,0,0,0,0

SID,ATLO1Y,34R,2
CA,0,337.0,2,4000,0,0,0,0,0,0
DF,DYB,37.873694,40.208361,1, ,0.0,0.0,0,0,0,0,0,0,0,0
TF,ATLOM,37.385806,39.348750,2, ,0.0,0.0,0.0,0.0,0,0,0,0,0,0,0,0

SID,DEME1J,34L,2
CA,0,337.0,2,4000,0,0,0,0,0,0
DF,DYB,37.873694,40.208361,1, ,0.0,0.0,0,0,0,0,0,0,0,0
TF,DEMEB,37.564028,39.231694,0, ,0.0,0.0,0.0,0.0,0,0,0,0,0,0,0,0

SID,DEME1J,34R,2
CA,0,337.0,2,4000,0,0,0,0,0,0
DF,DYB,37.873694,40.208361,1, ,0.0,0.0,0,0,0,0,0,0,0,0
TF,DEMEB,37.564028,39.231694,0, ,0.0,0.0,0.0,0.0,0,0,0,0,0,0,0,0

SID,DEME1W,16L,2
CA,0,157.0,2,3500,0,0,0,0,0,0
DF,DYB,37.873694,40.208361,1, ,0.0,0.0,0,0,0,0,0,0,0,0
TF,DEMEB,37.564028,39.231694,0, ,0.0,0.0,0.0,0.0,0,0,0,0,0,0,0,0

SID,DEME1W,16R,2
CA,0,157.0,2,3500,0,0,0,0,0,0
DF,DYB,37.873694,40.208361,1, ,0.0,0.0,0,0,0,0,0,0,0,0
TF,DEMEB,37.564028,39.231694,0, ,0.0,0.0,0.0,0.0,0,0,0,0,0,0,0,0

SID,DEME1X,16L,2
CA,0,157.0,2,3500,0,0,0,0,0,0
DF,DYB,37.873694,40.208361,1, ,0.0,0.0,0,0,0,0,0,0,0,0
TF,DEMEB,37.564028,39.231694,0, ,0.0,0.0,0.0,0.0,0,0,0,0,0,0,0,0

SID,DEME1X,16R,2
CA,0,157.0,2,3500,0,0,0,0,0,0
DF,DYB,37.873694,40.208361,1, ,0.0,0.0,0,0,0,0,0,0,0,0
TF,DEMEB,37.564028,39.231694,0, ,0.0,0.0,0.0,0.0,0,0,0,0,0,0,0,0

SID,DEME1Y,34L,2
CA,0,337.0,2,4000,0,0,0,0,0,0
DF,DYB,37.873694,40.208361,1, ,0.0,0.0,0,0,0,0,0,0,0,0
TF,DEMEB,37.564028,39.231694,2, ,0.0,0.0,0.0,0.0,0,0,0,0,0,0,0,0

SID,DEME1Y,34R,2
CA,0,337.0,2,4000,0,0,0,0,0,0
DF,DYB,37.873694,40.208361,1, ,0.0,0.0,0,0,0,0,0,0,0,0
TF,DEMEB,37.564028,39.231694,2, ,0.0,0.0,0.0,0.0,0,0,0,0,0,0,0,0

SID,LEKR1J,34L,2
CA,0,337.0,2,4000,0,0,0,0,0,0
DF,DYB,37.873694,40.208361,1, ,0.0,0.0,0,0,0,0,0,0,0,0
TF,LEKRO,37.277444,40.971472,0, ,0.0,0.0,0.0,0.0,0,0,0,0,0,0,0,0

SID,LEKR1J,34R,2
CA,0,337.0,2,4000,0,0,0,0,0,0
DF,DYB,37.873694,40.208361,1, ,0.0,0.0,0,0,0,0,0,0,0,0
TF,LEKRO,37.277444,40.971472,0, ,0.0,0.0,0.0,0.0,0,0,0,0,0,0,0,0

SID,LEKR1W,16L,2
CF,D157G,37.761989,40.251375,0,DYB,157.0,7.0,157.0,8.0,0,0,0,0,0,0,0,0
VI,0, ,0.0,98.0,0,0,0,0,0,0,0,0
CF,LEKRO,37.277444,40.971472,0,DYB,128.2,51.0,128.0,39.0,0,0,0,0,0,0,0,0

SID,LEKR1W,16R,2
CF,D157G,37.761989,40.251375,0,DYB,157.0,7.0,157.0,8.0,0,0,0,0,0,0,0,0
VI,0, ,0.0,98.0,0,0,0,0,0,0,0,0
CF,LEKRO,37.277444,40.971472,0,DYB,128.2,51.0,128.0,39.0,0,0,0,0,0,0,0,0

SID,LEKR1X,16L,2
CF,D157G,37.761989,40.251375,0,DYB,157.0,7.0,157.0,8.0,0,0,0,0,0,0,0,0
VI,0, ,0.0,98.0,0,0,0,0,0,0,0,0
CF,LEKRO,37.277444,40.971472,0,DYB,128.2,51.0,128.0,39.0,0,0,0,0,0,0,0,0

SID,LEKR1X,16R,2
CF,D157G,37.761989,40.251375,0,DYB,157.0,7.0,157.0,8.0,0,0,0,0,0,0,0,0
VI,0, ,0.0,98.0,0,0,0,0,0,0,0,0
CF,LEKRO,37.277444,40.971472,0,DYB,128.2,51.0,128.0,39.0,0,0,0,0,0,0,0,0

SID,LEKR1Y,34L,2
CA,0,337.0,2,4000,0,0,0,0,0,0
DF,DYB,37.873694,40.208361,1, ,0.0,0.0,0,0,0,0,0,0,0,0
TF,LEKRO,37.277444,40.971472,0, ,0.0,0.0,0.0,0.0,0,0,0,0,0,0,0,0

SID,LEKR1Y,34R,2
CA,0,337.0,2,4000,0,0,0,0,0,0
DF,DYB,37.873694,40.208361,1, ,0.0,0.0,0,0,0,0,0,0,0,0
TF,LEKRO,37.277444,40.971472,0, ,0.0,0.0,0.0,0.0,0,0,0,0,0,0,0,0

SID,MOVU1J,34L,2
CF,D337G,37.985381,40.165214,0,DYB,337.0,7.0,337.0,6.0,0,0,0,0,0,0,0,0
AF,D284G,37.913892,40.069975,1,DYB,284.2,7.0,337.0,0,0,0,0,0,0,0,0
TF,MOVUL,38.152917,39.232028,0, ,0.0,0.0,0.0,0.0,0,0,0,0,0,0,0,0

SID,MOVU1J,34R,2
CF,D337G,37.985381,40.165214,0,DYB,337.0,7.0,337.0,6.0,0,0,0,0,0,0,0,0
AF,D284G,37.913892,40.069975,1,DYB,284.2,7.0,337.0,0,0,0,0,0,0,0,0
TF,MOVUL,38.152917,39.232028,0, ,0.0,0.0,0.0,0.0,0,0,0,0,0,0,0,0

SID,MOVU1W,16L,2
CA,0,157.0,2,3500,0,0,0,0,0,0
DF,DYB,37.873694,40.208361,1, ,0.0,0.0,0,0,0,0,0,0,0,0
TF,MOVUL,38.152917,39.232028,0, ,0.0,0.0,0.0,0.0,0,0,0,0,0,0,0,0

SID,MOVU1W,16R,2
CA,0,157.0,2,3500,0,0,0,0,0,0
DF,DYB,37.873694,40.208361,1, ,0.0,0.0,0,0,0,0,0,0,0,0
TF,MOVUL,38.152917,39.232028,0, ,0.0,0.0,0.0,0.0,0,0,0,0,0,0,0,0

SID,MOVU1X,16L,2
CA,0,157.0,2,3500,0,0,0,0,0,0
DF,DYB,37.873694,40.208361,1, ,0.0,0.0,0,0,0,0,0,0,0,0
TF,MOVUL,38.152917,39.232028,0, ,0.0,0.0,0.0,0.0,0,0,0,0,0,0,0,0

SID,MOVU1X,16R,2
CA,0,157.0,2,3500,0,0,0,0,0,0
DF,DYB,37.873694,40.208361,1, ,0.0,0.0,0,0,0,0,0,0,0,0
TF,MOVUL,38.152917,39.232028,0, ,0.0,0.0,0.0,0.0,0,0,0,0,0,0,0,0

SID,MOVU1Y,34L,2
CF,D337G,37.985381,40.165214,0,DYB,337.0,7.0,337.0,6.0,0,0,0,0,0,0,0,0
AF,D284G,37.913892,40.069975,1,DYB,284.2,7.0,337.0,0,0,0,0,0,0,0,0
TF,MOVUL,38.152917,39.232028,0, ,0.0,0.0,0.0,0.0,0,0,0,0,0,0,0,0

SID,MOVU1Y,34R,2
CF,D337G,37.985381,40.165214,0,DYB,337.0,7.0,337.0,6.0,0,0,0,0,0,0,0,0
AF,D284G,37.913892,40.069975,1,DYB,284.2,7.0,337.0,0,0,0,0,0,0,0,0
TF,MOVUL,38.152917,39.232028,0, ,0.0,0.0,0.0,0.0,0,0,0,0,0,0,0,0

SID,SUMA1J,34L,2
CF,D337G,37.985381,40.165214,0,DYB,337.0,7.0,337.0,6.0,0,0,0,0,0,0,0,0
AF,D046G,37.945247,40.324878,2,DYB,46.2,7.0,337.0,0,0,0,0,0,0,0,0
TF,SUMAP,38.117194,40.606583,0, ,0.0,0.0,0.0,0.0,0,0,0,0,0,0,0,0

SID,SUMA1J,34R,2
CF,D337G,37.985381,40.165214,0,DYB,337.0,7.0,337.0,6.0,0,0,0,0,0,0,0,0
AF,D046G,37.945247,40.324878,2,DYB,46.2,7.0,337.0,0,0,0,0,0,0,0,0
TF,SUMAP,38.117194,40.606583,0, ,0.0,0.0,0.0,0.0,0,0,0,0,0,0,0,0

SID,SUMA1W,16L,2
CF,D157G,37.761989,40.251375,0,DYB,157.0,7.0,157.0,8.0,0,0,0,0,0,0,0,0
AF,D046G,37.945247,40.324878,1,DYB,46.2,7.0,157.0,0,0,0,0,0,0,0,0
TF,SUMAP,38.117194,40.606583,0, ,0.0,0.0,0.0,0.0,0,0,0,0,0,0,0,0

SID,SUMA1W,16R,2
CF,D157G,37.761989,40.251375,0,DYB,157.0,7.0,157.0,8.0,0,0,0,0,0,0,0,0
AF,D046G,37.945247,40.324878,1,DYB,46.2,7.0,157.0,0,0,0,0,0,0,0,0
TF,SUMAP,38.117194,40.606583,0, ,0.0,0.0,0.0,0.0,0,0,0,0,0,0,0,0

SID,SUMA1X,16L,2
CF,D157G,37.761989,40.251375,0,DYB,157.0,7.0,157.0,8.0,0,0,0,0,0,0,0,1
AF,D046G,37.945247,40.324878,1,DYB,46.2,7.0,157.0,0,0,0,0,0,0,0,0
TF,SUMAP,38.117194,40.606583,0, ,0.0,0.0,0.0,0.0,0,0,0,0,0,0,0,0

SID,SUMA1X,16R,2
CF,D157G,37.761989,40.251375,0,DYB,157.0,7.0,157.0,8.0,0,0,0,0,0,0,0,1
AF,D046G,37.945247,40.324878,1,DYB,46.2,7.0,157.0,0,0,0,0,0,0,0,0
TF,SUMAP,38.117194,40.606583,0, ,0.0,0.0,0.0,0.0,0,0,0,0,0,0,0,0

SID,SUMA1Y,34L,2
CF,D337G,37.985381,40.165214,0,DYB,337.0,7.0,337.0,6.0,0,0,0,0,0,0,0,0
AF,D046G,37.945247,40.324878,2,DYB,46.2,7.0,337.0,0,0,0,0,0,0,0,0
TF,SUMAP,38.117194,40.606583,0, ,0.0,0.0,0.0,0.0,0,0,0,0,0,0,0,0

SID,SUMA1Y,34R,2
CF,D337G,37.985381,40.165214,0,DYB,337.0,7.0,337.0,6.0,0,0,0,0,0,0,0,0
AF,D046G,37.945247,40.324878,2,DYB,46.2,7.0,337.0,0,0,0,0,0,0,0,0
TF,SUMAP,38.117194,40.606583,0, ,0.0,0.0,0.0,0.0,0,0,0,0,0,0,0,0

SID,ZUIT1J,34L,2
CF,D337G,37.985381,40.165214,0,DYB,337.0,7.0,337.0,6.0,0,0,0,0,0,0,0,0
VI,0, ,0.0,281.0,0,0,0,0,0,0,0,0
CF,ZUITA,38.363222,39.633917,0,DYB,311.3,40.0,311.0,28.0,0,0,0,0,0,0,0,0

SID,ZUIT1J,34R,2
CF,D337G,37.985381,40.165214,0,DYB,337.0,7.0,337.0,6.0,0,0,0,0,0,0,0,0
VI,0, ,0.0,281.0,0,0,0,0,0,0,0,0
CF,ZUITA,38.363222,39.633917,0,DYB,311.3,40.0,311.0,28.0,0,0,0,0,0,0,0,0

SID,ZUIT1W,16L,2
CA,0,157.0,2,3500,0,0,0,0,0,0
DF,DYB,37.873694,40.208361,1, ,0.0,0.0,0,0,0,0,0,0,0,0
TF,ZUITA,38.363222,39.633917,0, ,0.0,0.0,0.0,0.0,0,0,0,0,0,0,0,0

SID,ZUIT1W,16R,2
CA,0,157.0,2,3500,0,0,0,0,0,0
DF,DYB,37.873694,40.208361,1, ,0.0,0.0,0,0,0,0,0,0,0,0
TF,ZUITA,38.363222,39.633917,0, ,0.0,0.0,0.0,0.0,0,0,0,0,0,0,0,0

SID,ZUIT1X,16L,2
CA,0,157.0,2,3500,0,0,0,0,0,0
DF,DYB,37.873694,40.208361,1, ,0.0,0.0,0,0,0,0,0,0,0,0
TF,ZUITA,38.363222,39.633917,0, ,0.0,0.0,0.0,0.0,0,0,0,0,0,0,0,0

SID,ZUIT1X,16R,2
CA,0,157.0,2,3500,0,0,0,0,0,0
DF,DYB,37.873694,40.208361,1, ,0.0,0.0,0,0,0,0,0,0,0,0
TF,ZUITA,38.363222,39.633917,0, ,0.0,0.0,0.0,0.0,0,0,0,0,0,0,0,0

SID,ZUIT1Y,34L,2
CF,D337G,37.985381,40.165214,0,DYB,337.0,7.0,337.0,6.0,0,0,0,0,0,0,0,0
VI,0, ,0.0,281.0,0,0,0,0,0,0,0,0
CF,ZUITA,38.363222,39.633917,0,DYB,311.3,40.0,311.0,27.0,0,0,0,0,0,0,0,0

SID,ZUIT1Y,34R,2
CF,D337G,37.985381,40.165214,0,DYB,337.0,7.0,337.0,6.0,0,0,0,0,0,0,0,0
VI,0, ,0.0,281.0,0,0,0,0,0,0,0,0
CF,ZUITA,38.363222,39.633917,0,DYB,311.3,40.0,311.0,27.0,0,0,0,0,0,0,0,0

STAR,ATLO1A,34L,2
IF,ATLOM,37.385806,39.348750, ,0.0,0.0,0,0,0,0,0,0,0,0
TF,DY30B,37.583661,39.694664,0, ,0.0,0.0,0.0,0.0,0,0,0,0,0,0,0,0
TF,D229N,37.738625,39.968136,0, ,0.0,0.0,0.0,0.0,0,0,0,0,0,0,0,0
TF,DYB,37.873694,40.208361,0, ,0.0,0.0,0.0,0.0,0,0,0,0,0,0,0,0

STAR,ATLO1A,34R,2
IF,ATLOM,37.385806,39.348750, ,0.0,0.0,0,0,0,0,0,0,0,0
TF,DY30B,37.583661,39.694664,0, ,0.0,0.0,0.0,0.0,0,0,0,0,0,0,0,0
TF,D229N,37.738625,39.968136,0, ,0.0,0.0,0.0,0.0,0,0,0,0,0,0,0,0
TF,DYB,37.873694,40.208361,0, ,0.0,0.0,0.0,0.0,0,0,0,0,0,0,0,0

STAR,ATLO1B,16L,2
IF,ATLOM,37.385806,39.348750, ,0.0,0.0,0,0,0,0,0,0,0,0
TF,DY30B,37.583661,39.694664,0, ,0.0,0.0,0.0,0.0,0,0,0,0,0,0,0,0
TF,D229N,37.738625,39.968136,0, ,0.0,0.0,0.0,0.0,0,0,0,0,0,0,0,0
TF,DYB,37.873694,40.208361,0, ,0.0,0.0,0.0,0.0,0,0,0,0,0,0,0,0

STAR,ATLO1B,16R,2
IF,ATLOM,37.385806,39.348750, ,0.0,0.0,0,0,0,0,0,0,0,0
TF,DY30B,37.583661,39.694664,0, ,0.0,0.0,0.0,0.0,0,0,0,0,0,0,0,0
TF,D229N,37.738625,39.968136,0, ,0.0,0.0,0.0,0.0,0,0,0,0,0,0,0,0
TF,DYB,37.873694,40.208361,0, ,0.0,0.0,0.0,0.0,0,0,0,0,0,0,0,0

STAR,ATLO1C,34L,2
IF,ATLOM,37.385806,39.348750, ,0.0,0.0,0,0,0,0,0,0,0,0
TF,DY30B,37.583661,39.694664,0, ,0.0,0.0,0.0,0.0,0,0,0,0,0,0,0,0
TF,D229N,37.738625,39.968136,0, ,0.0,0.0,0.0,0.0,0,0,0,0,0,0,0,0
TF,DYB,37.873694,40.208361,0, ,0.0,0.0,0.0,0.0,0,0,0,0,0,0,0,0

STAR,ATLO1C,34R,2
IF,ATLOM,37.385806,39.348750, ,0.0,0.0,0,0,0,0,0,0,0,0
TF,DY30B,37.583661,39.694664,0, ,0.0,0.0,0.0,0.0,0,0,0,0,0,0,0,0
TF,D229N,37.738625,39.968136,0, ,0.0,0.0,0.0,0.0,0,0,0,0,0,0,0,0
TF,DYB,37.873694,40.208361,0, ,0.0,0.0,0.0,0.0,0,0,0,0,0,0,0,0

STAR,ATLO1D,16L,2
IF,ATLOM,37.385806,39.348750, ,0.0,0.0,0,0,0,0,0,0,0,0
TF,DY30B,37.583661,39.694664,0, ,0.0,0.0,0.0,0.0,0,0,0,0,0,0,0,0
TF,D229N,37.738625,39.968136,0, ,0.0,0.0,0.0,0.0,0,0,0,0,0,0,0,0
TF,DYB,37.873694,40.208361,0, ,0.0,0.0,0.0,0.0,0,0,0,0,0,0,0,0

STAR,ATLO1D,16R,2
IF,ATLOM,37.385806,39.348750, ,0.0,0.0,0,0,0,0,0,0,0,0
TF,DY30B,37.583661,39.694664,0, ,0.0,0.0,0.0,0.0,0,0,0,0,0,0,0,0
TF,D229N,37.738625,39.968136,0, ,0.0,0.0,0.0,0.0,0,0,0,0,0,0,0,0
TF,DYB,37.873694,40.208361,0, ,0.0,0.0,0.0,0.0,0,0,0,0,0,0,0,0

STAR,DEME1A,34L,2
IF,DEMEB,37.564028,39.231694, ,0.0,0.0,0,0,0,0,0,0,0,0
TF,DYB,37.873694,40.208361,0, ,0.0,0.0,0.0,0.0,0,0,0,0,0,0,0,0

STAR,DEME1A,34R,2
IF,DEMEB,37.564028,39.231694, ,0.0,0.0,0,0,0,0,0,0,0,0
TF,DYB,37.873694,40.208361,0, ,0.0,0.0,0.0,0.0,0,0,0,0,0,0,0,0

STAR,DEME1D,16L,2
IF,DEMEB,37.564028,39.231694, ,0.0,0.0,0,0,0,0,0,0,0,0
TF,DYB,37.873694,40.208361,0, ,0.0,0.0,0.0,0.0,0,0,0,0,0,0,0,0

STAR,DEME1D,16R,2
IF,DEMEB,37.564028,39.231694, ,0.0,0.0,0,0,0,0,0,0,0,0
TF,DYB,37.873694,40.208361,0, ,0.0,0.0,0.0,0.0,0,0,0,0,0,0,0,0

STAR,LEKR1A,34L,2
IF,LEKRO,37.277444,40.971472, ,0.0,0.0,0,0,0,0,0,0,0,0
TF,D128T,37.640492,40.509036,0, ,0.0,0.0,0.0,0.0,0,0,0,0,0,0,0,0
TF,DYB,37.873694,40.208361,0, ,0.0,0.0,0.0,0.0,0,0,0,0,0,0,0,0

STAR,LEKR1A,34R,2
IF,LEKRO,37.277444,40.971472, ,0.0,0.0,0,0,0,0,0,0,0,0
TF,D128T,37.640492,40.509036,0, ,0.0,0.0,0.0,0.0,0,0,0,0,0,0,0,0
TF,DYB,37.873694,40.208361,0, ,0.0,0.0,0.0,0.0,0,0,0,0,0,0,0,0

STAR,LEKR1B,16L,2
IF,LEKRO,37.277444,40.971472, ,0.0,0.0,0,0,0,0,0,0,0,0
TF,D128T,37.640492,40.509036,0, ,0.0,0.0,0.0,0.0,0,0,0,0,0,0,0,0
TF,DYB,37.873694,40.208361,0, ,0.0,0.0,0.0,0.0,0,0,0,0,0,0,0,0

STAR,LEKR1B,16R,2
IF,LEKRO,37.277444,40.971472, ,0.0,0.0,0,0,0,0,0,0,0,0
TF,D128T,37.640492,40.509036,0, ,0.0,0.0,0.0,0.0,0,0,0,0,0,0,0,0
TF,DYB,37.873694,40.208361,0, ,0.0,0.0,0.0,0.0,0,0,0,0,0,0,0,0

STAR,LEKR1C,34L,2
IF,LEKRO,37.277444,40.971472, ,0.0,0.0,0,0,0,0,0,0,0,0
TF,D128T,37.640492,40.509036,0, ,0.0,0.0,0.0,0.0,0,0,0,0,0,0,0,0
TF,DYB,37.873694,40.208361,0, ,0.0,0.0,0.0,0.0,0,0,0,0,0,0,0,0

STAR,LEKR1C,34R,2
IF,LEKRO,37.277444,40.971472, ,0.0,0.0,0,0,0,0,0,0,0,0
TF,D128T,37.640492,40.509036,0, ,0.0,0.0,0.0,0.0,0,0,0,0,0,0,0,0
TF,DYB,37.873694,40.208361,0, ,0.0,0.0,0.0,0.0,0,0,0,0,0,0,0,0

STAR,LEKR1D,16L,2
IF,LEKRO,37.277444,40.971472, ,0.0,0.0,0,0,0,0,0,0,0,0
TF,D128T,37.640492,40.509036,0, ,0.0,0.0,0.0,0.0,0,0,0,0,0,0,0,0
TF,DYB,37.873694,40.208361,0, ,0.0,0.0,0.0,0.0,0,0,0,0,0,0,0,0

STAR,LEKR1D,16R,2
IF,LEKRO,37.277444,40.971472, ,0.0,0.0,0,0,0,0,0,0,0,0
TF,D128T,37.640492,40.509036,0, ,0.0,0.0,0.0,0.0,0,0,0,0,0,0,0,0
TF,DYB,37.873694,40.208361,0, ,0.0,0.0,0.0,0.0,0,0,0,0,0,0,0,0

STAR,MOVU1A,34L,2
IF,MOVUL,38.152917,39.232028, ,0.0,0.0,0,0,0,0,0,0,0,0
TF,DYB44,38.123658,39.336028,0, ,0.0,0.0,0.0,0.0,0,0,0,0,0,0,0,0
TF,DY30A,38.044828,39.614231,0, ,0.0,0.0,0.0,0.0,0,0,0,0,0,0,0,0
TF,D284J,37.931072,40.010622,0, ,0.0,0.0,0.0,0.0,0,0,0,0,0,0,0,0
TF,DYB,37.873694,40.208361,0, ,0.0,0.0,0.0,0.0,0,0,0,0,0,0,0,0

STAR,MOVU1A,34R,2
IF,MOVUL,38.152917,39.232028, ,0.0,0.0,0,0,0,0,0,0,0,0
TF,DYB44,38.123658,39.336028,0, ,0.0,0.0,0.0,0.0,0,0,0,0,0,0,0,0
TF,DY30A,38.044828,39.614231,0, ,0.0,0.0,0.0,0.0,0,0,0,0,0,0,0,0
TF,D284J,37.931072,40.010622,0, ,0.0,0.0,0.0,0.0,0,0,0,0,0,0,0,0
TF,DYB,37.873694,40.208361,0, ,0.0,0.0,0.0,0.0,0,0,0,0,0,0,0,0

STAR,MOVU1B,16L,2
IF,MOVUL,38.152917,39.232028, ,0.0,0.0,0,0,0,0,0,0,0,0
TF,DYB44,38.123658,39.336028,0, ,0.0,0.0,0.0,0.0,0,0,0,0,0,0,0,0
TF,DY30A,38.044828,39.614231,0, ,0.0,0.0,0.0,0.0,0,0,0,0,0,0,0,0
TF,D284J,37.931072,40.010622,0, ,0.0,0.0,0.0,0.0,0,0,0,0,0,0,0,0
TF,DYB,37.873694,40.208361,0, ,0.0,0.0,0.0,0.0,0,0,0,0,0,0,0,0

STAR,MOVU1B,16R,2
IF,MOVUL,38.152917,39.232028, ,0.0,0.0,0,0,0,0,0,0,0,0
TF,DYB44,38.123658,39.336028,0, ,0.0,0.0,0.0,0.0,0,0,0,0,0,0,0,0
TF,DY30A,38.044828,39.614231,0, ,0.0,0.0,0.0,0.0,0,0,0,0,0,0,0,0
TF,D284J,37.931072,40.010622,0, ,0.0,0.0,0.0,0.0,0,0,0,0,0,0,0,0
TF,DYB,37.873694,40.208361,0, ,0.0,0.0,0.0,0.0,0,0,0,0,0,0,0,0

STAR,MOVU1C,34L,2
IF,MOVUL,38.152917,39.232028, ,0.0,0.0,0,0,0,0,0,0,0,0
TF,DYB44,38.123658,39.336028,0, ,0.0,0.0,0.0,0.0,0,0,0,0,0,0,0,0
TF,DY30A,38.044828,39.614231,0, ,0.0,0.0,0.0,0.0,0,0,0,0,0,0,0,0
TF,D284J,37.931072,40.010622,0, ,0.0,0.0,0.0,0.0,0,0,0,0,0,0,0,0
TF,DYB,37.873694,40.208361,0, ,0.0,0.0,0.0,0.0,0,0,0,0,0,0,0,0

STAR,MOVU1C,34R,2
IF,MOVUL,38.152917,39.232028, ,0.0,0.0,0,0,0,0,0,0,0,0
TF,DYB44,38.123658,39.336028,0, ,0.0,0.0,0.0,0.0,0,0,0,0,0,0,0,0
TF,DY30A,38.044828,39.614231,0, ,0.0,0.0,0.0,0.0,0,0,0,0,0,0,0,0
TF,D284J,37.931072,40.010622,0, ,0.0,0.0,0.0,0.0,0,0,0,0,0,0,0,0
TF,DYB,37.873694,40.208361,0, ,0.0,0.0,0.0,0.0,0,0,0,0,0,0,0,0

STAR,MOVU1D,16L,2
IF,MOVUL,38.152917,39.232028, ,0.0,0.0,0,0,0,0,0,0,0,0
TF,DYB44,38.123658,39.336028,0, ,0.0,0.0,0.0,0.0,0,0,0,0,0,0,0,0
TF,DY30A,38.044828,39.614231,0, ,0.0,0.0,0.0,0.0,0,0,0,0,0,0,0,0
TF,D284J,37.931072,40.010622,0, ,0.0,0.0,0.0,0.0,0,0,0,0,0,0,0,0
TF,DYB,37.873694,40.208361,0, ,0.0,0.0,0.0,0.0,0,0,0,0,0,0,0,0

STAR,MOVU1D,16R,2
IF,MOVUL,38.152917,39.232028, ,0.0,0.0,0,0,0,0,0,0,0,0
TF,DYB44,38.123658,39.336028,0, ,0.0,0.0,0.0,0.0,0,0,0,0,0,0,0,0
TF,DY30A,38.044828,39.614231,0, ,0.0,0.0,0.0,0.0,0,0,0,0,0,0,0,0
TF,D284J,37.931072,40.010622,0, ,0.0,0.0,0.0,0.0,0,0,0,0,0,0,0,0
TF,DYB,37.873694,40.208361,0, ,0.0,0.0,0.0,0.0,0,0,0,0,0,0,0,0

STAR,SUMA1A,34L,2
IF,SUMAP,38.117194,40.606583, ,0.0,0.0,0,0,0,0,0,0,0,0
TF,DYB,37.873694,40.208361,0, ,0.0,0.0,0.0,0.0,0,0,0,0,0,0,0,0

STAR,SUMA1A,34R,2
IF,SUMAP,38.117194,40.606583, ,0.0,0.0,0,0,0,0,0,0,0,0
TF,DYB,37.873694,40.208361,0, ,0.0,0.0,0.0,0.0,0,0,0,0,0,0,0,0

STAR,SUMA1B,16L,2
IF,SUMAP,38.117194,40.606583, ,0.0,0.0,0,0,0,0,0,0,0,0
TF,DYB,37.873694,40.208361,0, ,0.0,0.0,0.0,0.0,0,0,0,0,0,0,0,0

STAR,SUMA1B,16R,2
IF,SUMAP,38.117194,40.606583, ,0.0,0.0,0,0,0,0,0,0,0,0
TF,DYB,37.873694,40.208361,0, ,0.0,0.0,0.0,0.0,0,0,0,0,0,0,0,0

STAR,SUMA1C,34L,2
IF,SUMAP,38.117194,40.606583, ,0.0,0.0,0,0,0,0,0,0,0,0
TF,DYB,37.873694,40.208361,0, ,0.0,0.0,0.0,0.0,0,0,0,0,0,0,0,0

STAR,SUMA1C,34R,2
IF,SUMAP,38.117194,40.606583, ,0.0,0.0,0,0,0,0,0,0,0,0
TF,DYB,37.873694,40.208361,0, ,0.0,0.0,0.0,0.0,0,0,0,0,0,0,0,0

STAR,SUMA1D,16L,2
IF,SUMAP,38.117194,40.606583, ,0.0,0.0,0,0,0,0,0,0,0,0
TF,DYB,37.873694,40.208361,0, ,0.0,0.0,0.0,0.0,0,0,0,0,0,0,0,0

STAR,SUMA1D,16R,2
IF,SUMAP,38.117194,40.606583, ,0.0,0.0,0,0,0,0,0,0,0,0
TF,DYB,37.873694,40.208361,0, ,0.0,0.0,0.0,0.0,0,0,0,0,0,0,0,0

STAR,ZUIT1A,34L,2
IF,ZUITA,38.363222,39.633917, ,0.0,0.0,0,0,0,0,0,0,0,0
TF,D311Y,38.179928,39.850297,0, ,0.0,0.0,0.0,0.0,0,0,0,0,0,0,0,0
TF,DYB,37.873694,40.208361,0, ,0.0,0.0,0.0,0.0,0,0,0,0,0,0,0,0

STAR,ZUIT1A,34R,2
IF,ZUITA,38.363222,39.633917, ,0.0,0.0,0,0,0,0,0,0,0,0
TF,D311Y,38.179928,39.850297,0, ,0.0,0.0,0.0,0.0,0,0,0,0,0,0,0,0
TF,DYB,37.873694,40.208361,0, ,0.0,0.0,0.0,0.0,0,0,0,0,0,0,0,0

STAR,ZUIT1B,16L,2
IF,ZUITA,38.363222,39.633917, ,0.0,0.0,0,0,0,0,0,0,0,0
TF,D311Y,38.179928,39.850297,0, ,0.0,0.0,0.0,0.0,0,0,0,0,0,0,0,0
TF,DYB,37.873694,40.208361,0, ,0.0,0.0,0.0,0.0,0,0,0,0,0,0,0,0

STAR,ZUIT1B,16R,2
IF,ZUITA,38.363222,39.633917, ,0.0,0.0,0,0,0,0,0,0,0,0
TF,D311Y,38.179928,39.850297,0, ,0.0,0.0,0.0,0.0,0,0,0,0,0,0,0,0
TF,DYB,37.873694,40.208361,0, ,0.0,0.0,0.0,0.0,0,0,0,0,0,0,0,0

STAR,ZUIT1C,34L,2
IF,ZUITA,38.363222,39.633917, ,0.0,0.0,0,0,0,0,0,0,0,0
TF,D311Y,38.179928,39.850297,0, ,0.0,0.0,0.0,0.0,0,0,0,0,0,0,0,0
TF,DYB,37.873694,40.208361,0, ,0.0,0.0,0.0,0.0,0,0,0,0,0,0,0,0

STAR,ZUIT1C,34R,2
IF,ZUITA,38.363222,39.633917, ,0.0,0.0,0,0,0,0,0,0,0,0
TF,D311Y,38.179928,39.850297,0, ,0.0,0.0,0.0,0.0,0,0,0,0,0,0,0,0
TF,DYB,37.873694,40.208361,0, ,0.0,0.0,0.0,0.0,0,0,0,0,0,0,0,0

STAR,ZUIT1D,16L,2
IF,ZUITA,38.363222,39.633917, ,0.0,0.0,0,0,0,0,0,0,0,0
TF,D311Y,38.179928,39.850297,0, ,0.0,0.0,0.0,0.0,0,0,0,0,0,0,0,0
TF,DYB,37.873694,40.208361,0, ,0.0,0.0,0.0,0.0,0,0,0,0,0,0,0,0

STAR,ZUIT1D,16R,2
IF,ZUITA,38.363222,39.633917, ,0.0,0.0,0,0,0,0,0,0,0,0
TF,D311Y,38.179928,39.850297,0, ,0.0,0.0,0.0,0.0,0,0,0,0,0,0,0,0
TF,DYB,37.873694,40.208361,0, ,0.0,0.0,0.0,0.0,0,0,0,0,0,0,0,0

FINAL,D16LZ,16L,D,2
IF,FF1LZ,38.033242,40.146683,DYB,337.0,10.0,2,5200,0,0,0,0,2,0
CF,MA1LZ,37.937517,40.183722,0,DYB,337.0,4.0,157.0,6.0,1,2964,0,0,0,0,3,0
CF,DYB,37.873694,40.208361,0,DYB,0.0,0.0,157.0,4.0,0,0,0,0,0,0,0,0
FA,DYB,37.873694,40.208361,0,DYB,0.0,0.0,158.0,2,4000,0,0,0,0,0,0
DF,DYB,37.873694,40.208361,1, ,0.0,0.0,1,5200,0,0,0,0,0,0
HM,DYB,37.873694,40.208361,1, ,0.0,0.0,157.0,04.3,2,5200,0,1,230,0,0,0,0

FINAL,D16RZ,16R,D,2
IF,FF1RZ,38.031439,40.139681,DYB,335.0,10.0,2,5200,0,0,0,0,2,0
CF,MA1RZ,37.936797,40.180925,0,DYB,335.0,4.0,155.0,6.0,1,2972,0,0,0,0,3,0
CF,DYB,37.873694,40.208361,0,DYB,0.0,0.0,155.0,4.0,0,0,0,0,0,0,0,0
FA,DYB,37.873694,40.208361,0,DYB,0.0,0.0,158.0,2,4000,0,0,0,0,0,0
DF,DYB,37.873694,40.208361,1, ,0.0,0.0,1,5200,0,0,0,0,0,0
HM,DYB,37.873694,40.208361,1, ,0.0,0.0,155.0,04.3,2,5200,0,1,230,0,0,0,0

FINAL,D34LZ,34L,D,3
IF,CF34,37.744747,40.251869,DYB,159.0,8.0,2,5000,0,0,0,0,0,0
CF,FF34,37.789881,40.236658,0,DYB,159.0,5.2,339.0,2.8,2,4200,0,0,0,0,2,0
CF,MA34,37.855964,40.214350,0,DYB,159.0,1.1,339.0,4.1,1,2728,0,0,0,0,3,0
CF,DYB,37.873694,40.208361,0,DYB,0.0,0.0,339.0,1.1,0,0,0,0,0,0,0,0
FA,DYB,37.873694,40.208361,0,DYB,0.0,0.0,339.0,2,4500,0,0,0,0,0,0
DF,DYB,37.873694,40.208361,1, ,0.0,0.0,1,5000,0,0,0,0,0,0
HM,DYB,37.873694,40.208361,2, ,0.0,0.0,339.0,04.3,2,5000,0,1,230,0,0,0,0

FINAL,D34RZ,34R,D,3
IF,CF34,37.744747,40.251869,DYB,159.0,8.0,2,5000,0,0,0,0,0,0
CF,FF34,37.789881,40.236658,0,DYB,159.0,5.2,339.0,2.8,2,4200,0,0,0,0,2,0
CF,MA34,37.855964,40.214350,0,DYB,159.0,1.1,339.0,4.1,1,2732,0,0,0,0,3,0
CF,DYB,37.873694,40.208361,0,DYB,0.0,0.0,339.0,1.1,0,0,0,0,0,0,0,0
FA,DYB,37.873694,40.208361,0,DYB,0.0,0.0,338.0,2,4500,0,0,0,0,0,0
DF,DYB,37.873694,40.208361,1, ,0.0,0.0,1,5000,0,0,0,0,0,0
HM,DYB,37.873694,40.208361,2, ,0.0,0.0,339.0,04.3,2,5000,0,1,230,0,0,0,0

FINAL,I34RZ,34R,I,3
IF,CI34R,37.745706,40.259053,IDBN,156.7,10.5,2,4500,0,0,0,0,0,0
CF,FI34R,37.790325,40.241597,0,IDBN,156.7,7.7,337.0,2.8,1,4000,0,0,0,0,2,0
CF,RW34R,37.878644,40.207050,0,IDBN,156.6,2.1,337.0,5.5,1,2230,0,0,0,0,3,0
CA,0,337.0,2,2660,0,0,0,0,0,0
FA,DYB,37.873694,40.208361,0,DYB,0.0,0.0,339.0,2,4500,0,0,0,0,0,0
DF,DYB,37.873694,40.208361,1, ,0.0,0.0,1,5000,0,0,0,0,0,0
HM,DYB,37.873694,40.208361,2, ,0.0,0.0,337.0,04.3,2,5000,0,1,230,0,0,0,0

FINAL,N34LY,34L,N,2
IF,FF3LY,37.763356,40.245600,DYB,0.0,0.0,2,4500,0,0,0,0,2,0
CF,DYB,37.873694,40.208361,0,DYB,0.0,0.0,339.0,6.9,1,2321,0,0,0,0,3,0
FA,DYB,37.873694,40.208361,0,DYB,0.0,0.0,338.0,2,4500,0,0,0,0,0,0
DF,DYB,37.873694,40.208361,1, ,0.0,0.0,1,5000,0,0,0,0,0,0
HM,DYB,37.873694,40.208361,2, ,0.0,0.0,339.0,04.3,2,5000,0,1,230,0,0,0,0

FINAL,N34RY,34R,N,2
IF,FF3RY,37.763606,40.245514,DYB,0.0,0.0,2,4500,0,0,0,0,2,0
CF,DYB,37.873694,40.208361,0,DYB,0.0,0.0,339.0,6.8,1,2327,0,0,0,0,3,0
FA,DYB,37.873694,40.208361,0,DYB,0.0,0.0,338.0,2,4500,0,0,0,0,0,0
DF,DYB,37.873694,40.208361,1, ,0.0,0.0,1,5000,0,0,0,0,0,0
HM,DYB,37.873694,40.208361,2, ,0.0,0.0,339.0,04.3,2,5000,0,1,230,0,0,0,0

FINAL,Q16LZ,16L,N,2
IF,FF1LZ,38.033242,40.146683,DYB,0.0,0.0,2,5200,0,0,0,0,2,0
CF,MA1LZ,37.937517,40.183722,0,DYB,0.0,4.0,157.0,6.0,1,2964,0,0,0,0,3,0
CF,DYB,37.873694,40.208361,0,DYB,0.0,0.0,157.0,4.0,0,0,0,0,0,0,0,0
FA,DYB,37.873694,40.208361,0,DYB,0.0,0.0,158.0,2,4000,0,0,0,0,0,0
DF,DYB,37.873694,40.208361,1, ,0.0,0.0,1,5200,0,0,0,0,0,0
HM,DYB,37.873694,40.208361,1, ,0.0,0.0,157.0,04.3,2,5200,0,1,230,0,0,0,0

FINAL,Q16RZ,16R,N,2
IF,FF1RZ,38.031439,40.139681,DYB,0.0,0.0,2,5200,0,0,0,0,2,0
CF,MA1RZ,37.936797,40.180925,0,DYB,0.0,4.0,155.0,6.0,1,2972,0,0,0,0,3,0
CF,DYB,37.873694,40.208361,0,DYB,0.0,0.0,155.0,4.0,0,0,0,0,0,0,0,0
FA,DYB,37.873694,40.208361,0,DYB,0.0,0.0,158.0,2,4000,0,0,0,0,0,0
DF,DYB,37.873694,40.208361,1, ,0.0,0.0,1,5200,0,0,0,0,0,0
HM,DYB,37.873694,40.208361,1, ,0.0,0.0,155.0,04.3,2,5200,0,1,230,0,0,0,0

FINAL,Q34LZ,34L,N,3
IF,CF34,37.744747,40.251869,DYB,0.0,0.0,2,5000,0,0,0,0,0,0
CF,FF34,37.789881,40.236658,0,DYB,0.0,0.0,339.0,2.8,2,4200,0,0,0,0,2,0
CF,MA34,37.855964,40.214350,0,DYB,0.0,1.1,339.0,4.1,1,2728,0,0,0,0,3,0
CF,DYB,37.873694,40.208361,0,DYB,0.0,0.0,339.0,1.1,0,0,0,0,0,0,0,0
FA,DYB,37.873694,40.208361,0,DYB,0.0,0.0,339.0,2,4500,0,0,0,0,0,0
DF,DYB,37.873694,40.208361,1, ,0.0,0.0,1,5000,0,0,0,0,0,0
HM,DYB,37.873694,40.208361,2, ,0.0,0.0,339.0,04.3,2,5000,0,1,230,0,0,0,0

FINAL,Q34RZ,34R,N,3
IF,CF34,37.744747,40.251869,DYB,0.0,0.0,2,5000,0,0,0,0,0,0
CF,FF34,37.789881,40.236658,0,DYB,0.0,0.0,339.0,2.8,2,4200,0,0,0,0,2,0
CF,MA34,37.855964,40.214350,0,DYB,0.0,1.1,339.0,4.1,1,2732,0,0,0,0,3,0
CF,DYB,37.873694,40.208361,0,DYB,0.0,0.0,339.0,1.1,0,0,0,0,0,0,0,0
FA,DYB,37.873694,40.208361,0,DYB,0.0,0.0,338.0,2,4500,0,0,0,0,0,0
DF,DYB,37.873694,40.208361,1, ,0.0,0.0,1,5000,0,0,0,0,0,0
HM,DYB,37.873694,40.208361,2, ,0.0,0.0,339.0,04.3,2,5000,0,1,230,0,0,0,0

FINAL,S34LY,34L,D,2
IF,FF3LY,37.763356,40.245600,DYB,159.0,6.9,2,4500,0,0,0,0,2,0
CF,DYB,37.873694,40.208361,0,DYB,0.0,0.0,339.0,6.9,1,2321,0,0,0,0,3,0
FA,DYB,37.873694,40.208361,0,DYB,0.0,0.0,338.0,2,4500,0,0,0,0,0,0
DF,DYB,37.873694,40.208361,1, ,0.0,0.0,1,5000,0,0,0,0,0,0
HM,DYB,37.873694,40.208361,2, ,0.0,0.0,339.0,04.3,2,5000,0,1,230,0,0,0,0

FINAL,S34RY,34R,D,2
IF,FF3RY,37.763606,40.245514,DYB,159.0,6.8,2,4500,0,0,0,0,2,0
CF,DYB,37.873694,40.208361,0,DYB,0.0,0.0,339.0,6.8,1,2327,0,0,0,0,3,0
FA,DYB,37.873694,40.208361,0,DYB,0.0,0.0,338.0,2,4500,0,0,0,0,0,0
DF,DYB,37.873694,40.208361,1, ,0.0,0.0,1,5000,0,0,0,0,0,0
HM,DYB,37.873694,40.208361,2, ,0.0,0.0,339.0,04.3,2,5000,0,1,230,0,0,0,0

