SID,ALVA1B,26R,5
CF,CE601,39.953336,41.017917,0,ERZ,262.8,8.7,262.0,6.0,0,0,0,0,0,0,0,0
TF,CE606,39.853319,41.022525,0, ,0.0,0.0,0.0,0.0,0,0,0,0,0,0,0,0
TF,NEZGA,39.857375,41.174550,0, ,0.0,0.0,0.0,0.0,0,0,0,0,0,0,0,0
TF,CE604,39.860142,41.282700,0, ,0.0,0.0,0.0,0.0,4,20000,14000,0,0,0,0,0
TF,CE605,39.988922,41.451694,0, ,0.0,0.0,0.0,0.0,2,18000,0,0,0,0,0,0
TF,ZELFE,40.047494,41.528883,0, ,0.0,0.0,0.0,0.0,0,0,0,0,0,0,0,0
TF,ARHEX,40.029408,41.604081,0, ,0.0,0.0,0.0,0.0,0,0,0,0,0,0,0,0
TF,ALVAR,39.995833,41.743056,0, ,0.0,0.0,0.0,0.0,0,0,0,0,0,0,0,0

SID,ALVA1H,26L,2
CA,0,262.0,2,6170,0,0,0,0,0,0
CF,DME10,39.956464,40.990394,0,ERZ,264.0,10.0,264.0,8.0,2,8300,0,0,0,0,0,1
DF,D279J,39.999647,40.997650,2, ,0.0,0.0,0,0,0,0,0,0,0,0
TF,ERZ,39.956667,41.207139,0, ,0.0,0.0,0.0,0.0,2,11000,0,0,0,0,0,0
TF,ALVAR,39.995833,41.743056,0, ,0.0,0.0,0.0,0.0,0,0,0,1,250,0,0,0

SID,ALVA1H,26R,2
CA,0,262.0,2,6170,0,0,0,0,0,0
CF,DME10,39.956464,40.990394,0,ERZ,264.0,10.0,264.0,8.0,2,8300,0,0,0,0,0,1
DF,D279J,39.999647,40.997650,2, ,0.0,0.0,0,0,0,0,0,0,0,0
TF,ERZ,39.956667,41.207139,0, ,0.0,0.0,0.0,0.0,2,11000,0,0,0,0,0,0
TF,ALVAR,39.995833,41.743056,0, ,0.0,0.0,0.0,0.0,0,0,0,1,250,0,0,0

SID,ALVA1L,08L,2
CA,0,82.0,2,6170,0,0,0,0,0,0
CF,40DME,39.962447,41.293511,0,ERZ,79.0,4.0,79.0,4.0,2,7500,0,0,0,0,0,1
DF,D048D,39.995861,41.277317,1, ,0.0,0.0,0,0,0,1,210,0,0,0
TF,ERZ,39.956667,41.207139,0, ,0.0,0.0,0.0,0.0,2,9700,0,0,0,0,0,1
CI,1, ,0.0,48.0,0,0,0,0,0,0,0,0
CF,ALVAR,39.995833,41.743056,0,ERZ,78.4,24.8,78.0,18.0,0,0,0,1,250,0,0,0

SID,ALVA1L,08R,2
CA,0,82.0,2,6170,0,0,0,0,0,0
CF,40DME,39.962447,41.293511,0,ERZ,79.0,4.0,79.0,4.0,2,7500,0,0,0,0,0,1
DF,D048D,39.995861,41.277317,1, ,0.0,0.0,0,0,0,1,210,0,0,0
TF,ERZ,39.956667,41.207139,0, ,0.0,0.0,0.0,0.0,2,9700,0,0,0,0,0,1
CI,1, ,0.0,48.0,0,0,0,0,0,0,0,0
CF,ALVAR,39.995833,41.743056,0,ERZ,78.4,24.8,78.0,18.0,0,0,0,1,250,0,0,0

SID,ALVA1Y,08L,5
CF,CE405,39.961253,41.322414,0,ERZ,81.0,5.3,82.0,6.0,0,0,0,1,220,0,0,0
TF,CE406,39.966394,41.539047,0, ,0.0,0.0,0.0,0.0,0,0,0,0,0,0,0,0
TF,ALVAR,39.995833,41.743056,0, ,0.0,0.0,0.0,0.0,0,0,0,0,0,0,0,0

SID,DAMA1B,26R,5
CF,CE601,39.953336,41.017917,0,ERZ,262.8,8.7,262.0,6.0,0,0,0,0,0,0,0,0
TF,CE608,39.827283,40.903042,0, ,0.0,0.0,0.0,0.0,0,0,0,0,0,0,0,0
TF,DAMAT,39.956111,40.664722,0, ,0.0,0.0,0.0,0.0,0,0,0,0,0,0,0,0

SID,DAMA1H,26L,2
CA,0,262.0,2,6170,0,0,0,0,0,0
CF,D264T,39.956425,40.773653,0,ERZ,264.1,20.0,264.0,18.0,2,11500,0,0,0,0,0,0
TF,DAMAT,39.956111,40.664722,0, ,0.0,0.0,0.0,0.0,0,0,0,1,250,0,0,0

SID,DAMA1H,26R,2
CA,0,262.0,2,6170,0,0,0,0,0,0
CF,D264T,39.956425,40.773653,0,ERZ,264.1,20.0,264.0,18.0,2,11500,0,0,0,0,0,0
TF,DAMAT,39.956111,40.664722,0, ,0.0,0.0,0.0,0.0,0,0,0,1,250,0,0,0

SID,DAMA1L,08L,2
CA,0,82.0,2,6170,0,0,0,0,0,0
CF,40DME,39.962447,41.293511,0,ERZ,79.0,4.0,79.0,4.0,2,7500,0,0,0,0,0,1
DF,D048D,39.995861,41.277317,1, ,0.0,0.0,0,0,0,1,210,0,0,0
TF,ERZ,39.956667,41.207139,0, ,0.0,0.0,0.0,0.0,2,9700,0,0,0,0,0,0
TF,DAMAT,39.956111,40.664722,0, ,0.0,0.0,0.0,0.0,0,0,0,1,250,0,0,0

SID,DAMA1L,08R,2
CA,0,82.0,2,6170,0,0,0,0,0,0
CF,40DME,39.962447,41.293511,0,ERZ,79.0,4.0,79.0,4.0,2,7500,0,0,0,0,0,1
DF,D048D,39.995861,41.277317,1, ,0.0,0.0,0,0,0,1,210,0,0,0
TF,ERZ,39.956667,41.207139,0, ,0.0,0.0,0.0,0.0,2,9700,0,0,0,0,0,0
TF,DAMAT,39.956111,40.664722,0, ,0.0,0.0,0.0,0.0,0,0,0,1,250,0,0,0

SID,DAMA1Y,08L,5
CF,CE405,39.961253,41.322414,0,ERZ,81.0,5.3,82.0,6.0,0,0,0,1,220,0,0,0
TF,CEZDE,40.044600,41.318939,0, ,0.0,0.0,0.0,0.0,0,0,0,0,0,0,0,0
TF,CE403,40.127947,41.315461,0, ,0.0,0.0,0.0,0.0,3,16000,0,0,0,0,0,0
TF,CE402,40.122400,41.098314,0, ,0.0,0.0,0.0,0.0,0,0,0,0,0,0,0,0
TF,CE401,40.063192,40.913064,0, ,0.0,0.0,0.0,0.0,2,18000,0,0,0,0,0,0
TF,ELBOL,40.031022,40.812936,0, ,0.0,0.0,0.0,0.0,0,0,0,0,0,0,0,0
TF,DAMAT,39.956111,40.664722,0, ,0.0,0.0,0.0,0.0,0,0,0,0,0,0,0,0

SID,GELI1B,26R,5
CF,CE601,39.953336,41.017917,0,ERZ,262.8,8.7,262.0,6.0,0,0,0,0,0,0,0,0
TF,CE608,39.827283,40.903042,0, ,0.0,0.0,0.0,0.0,0,0,0,0,0,0,0,0
TF,GELIN,39.698056,40.785833,0, ,0.0,0.0,0.0,0.0,0,0,0,0,0,0,0,0

SID,GELI1H,26L,2
CA,0,262.0,2,6170,0,0,0,0,0,0
CF,DME10,39.956464,40.990394,0,ERZ,264.0,10.0,264.0,8.0,2,8300,0,0,0,0,0,1
DF,D279J,39.999647,40.997650,2, ,0.0,0.0,0,0,0,0,0,0,0,0
TF,ERZ,39.956667,41.207139,0, ,0.0,0.0,0.0,0.0,2,11000,0,0,0,0,0,1
TF,GELIN,39.698056,40.785833,0, ,0.0,0.0,0.0,0.0,0,0,0,1,250,0,0,0

SID,GELI1H,26R,2
CA,0,262.0,2,6170,0,0,0,0,0,0
CF,DME10,39.956464,40.990394,0,ERZ,264.0,10.0,264.0,8.0,2,8300,0,0,0,0,0,1
DF,D279J,39.999647,40.997650,2, ,0.0,0.0,0,0,0,0,0,0,0,0
TF,ERZ,39.956667,41.207139,0, ,0.0,0.0,0.0,0.0,2,11000,0,0,0,0,0,1
TF,GELIN,39.698056,40.785833,0, ,0.0,0.0,0.0,0.0,0,0,0,1,250,0,0,0

SID,GELI1L,08L,2
CA,0,82.0,2,6170,0,0,0,0,0,0
CF,40DME,39.962447,41.293511,0,ERZ,79.0,4.0,79.0,4.0,2,7500,0,0,0,0,0,1
DF,D048D,39.995861,41.277317,1, ,0.0,0.0,0,0,0,1,210,0,0,0
TF,ERZ,39.956667,41.207139,0, ,0.0,0.0,0.0,0.0,2,9700,0,0,0,0,0,0
TF,GELIN,39.698056,40.785833,0, ,0.0,0.0,0.0,0.0,0,0,0,1,250,0,0,0

SID,GELI1L,08R,2
CA,0,82.0,2,6170,0,0,0,0,0,0
CF,40DME,39.962447,41.293511,0,ERZ,79.0,4.0,79.0,4.0,2,7500,0,0,0,0,0,1
DF,D048D,39.995861,41.277317,1, ,0.0,0.0,0,0,0,1,210,0,0,0
TF,ERZ,39.956667,41.207139,0, ,0.0,0.0,0.0,0.0,2,9700,0,0,0,0,0,0
TF,GELIN,39.698056,40.785833,0, ,0.0,0.0,0.0,0.0,0,0,0,1,250,0,0,0

SID,GELI1Y,08L,5
CF,CE405,39.961253,41.322414,0,ERZ,81.0,5.3,82.0,6.0,0,0,0,1,220,0,0,0
TF,AZUBE,39.844564,41.327272,0, ,0.0,0.0,0.0,0.0,0,0,0,0,0,0,0,0
TF,CE408,39.727869,41.331994,0, ,0.0,0.0,0.0,0.0,3,17000,0,0,0,0,0,0
TF,CE407,39.716550,40.906597,0, ,0.0,0.0,0.0,0.0,0,0,0,0,0,0,0,0
TF,GELIN,39.698056,40.785833,0, ,0.0,0.0,0.0,0.0,0,0,0,0,0,0,0,0

SID,HOCA1B,26R,5
CF,CE601,39.953336,41.017917,0,ERZ,262.8,8.7,262.0,6.0,0,0,0,0,0,0,0,0
TF,TUZAX,40.034175,40.902600,0, ,0.0,0.0,0.0,0.0,0,0,0,0,0,0,0,0
TF,CE602,40.114078,40.871478,0, ,0.0,0.0,0.0,0.0,3,20000,0,0,0,0,0,0
TF,HOCAM,40.245833,40.820000,0, ,0.0,0.0,0.0,0.0,0,0,0,0,0,0,0,0

SID,HOCA1H,26L,2
CA,0,262.0,2,6170,0,0,0,0,0,0
CF,DME10,39.956464,40.990394,0,ERZ,264.0,10.0,264.0,8.0,2,8300,0,0,0,0,0,1
DF,D279J,39.999647,40.997650,2, ,0.0,0.0,0,0,0,0,0,0,0,0
TF,ERZ,39.956667,41.207139,0, ,0.0,0.0,0.0,0.0,2,11000,0,0,0,0,0,1
CI,1, ,0.0,278.0,0,0,0,0,0,0,0,0
CF,HOCAM,40.245833,40.820000,0,ERZ,308.3,24.9,308.0,18.0,0,0,0,1,250,0,0,0

SID,HOCA1H,26R,2
CA,0,262.0,2,6170,0,0,0,0,0,0
CF,DME10,39.956464,40.990394,0,ERZ,264.0,10.0,264.0,8.0,2,8300,0,0,0,0,0,1
DF,D279J,39.999647,40.997650,2, ,0.0,0.0,0,0,0,0,0,0,0,0
TF,ERZ,39.956667,41.207139,0, ,0.0,0.0,0.0,0.0,2,11000,0,0,0,0,0,1
CI,1, ,0.0,278.0,0,0,0,0,0,0,0,0
CF,HOCAM,40.245833,40.820000,0,ERZ,308.3,24.9,308.0,18.0,0,0,0,1,250,0,0,0

SID,HOCA1L,08L,2
CA,0,82.0,2,6170,0,0,0,0,0,0
CF,40DME,39.962447,41.293511,0,ERZ,79.0,4.0,79.0,4.0,2,7500,0,0,0,0,0,1
DF,D048D,39.995861,41.277317,1, ,0.0,0.0,0,0,0,1,210,0,0,0
TF,ERZ,39.956667,41.207139,0, ,0.0,0.0,0.0,0.0,2,9700,0,0,0,0,0,0
TF,HOCAM,40.245833,40.820000,0, ,0.0,0.0,0.0,0.0,0,0,0,1,250,0,0,0

SID,HOCA1L,08R,2
CA,0,82.0,2,6170,0,0,0,0,0,0
CF,40DME,39.962447,41.293511,0,ERZ,79.0,4.0,79.0,4.0,2,7500,0,0,0,0,0,1
DF,D048D,39.995861,41.277317,1, ,0.0,0.0,0,0,0,1,210,0,0,0
TF,ERZ,39.956667,41.207139,0, ,0.0,0.0,0.0,0.0,2,9700,0,0,0,0,0,0
TF,HOCAM,40.245833,40.820000,0, ,0.0,0.0,0.0,0.0,0,0,0,1,250,0,0,0

SID,HOCA1Y,08L,5
CF,CE405,39.961253,41.322414,0,ERZ,81.0,5.3,82.0,6.0,0,0,0,1,220,0,0,0
TF,CEZDE,40.044600,41.318939,0, ,0.0,0.0,0.0,0.0,0,0,0,0,0,0,0,0
TF,CE403,40.127947,41.315461,0, ,0.0,0.0,0.0,0.0,3,16000,0,0,0,0,0,0
TF,CE402,40.122400,41.098314,0, ,0.0,0.0,0.0,0.0,0,0,0,0,0,0,0,0
TF,HOCAM,40.245833,40.820000,0, ,0.0,0.0,0.0,0.0,0,0,0,0,0,0,0,0

SID,SUSU1B,26R,5
CF,CE601,39.953336,41.017917,0,ERZ,262.8,8.7,262.0,6.0,0,0,0,0,0,0,0,0
TF,CE606,39.853319,41.022525,0, ,0.0,0.0,0.0,0.0,0,0,0,0,0,0,0,0
TF,NEZGA,39.857375,41.174550,0, ,0.0,0.0,0.0,0.0,0,0,0,0,0,0,0,0
TF,CE604,39.860142,41.282700,0, ,0.0,0.0,0.0,0.0,4,20000,14000,0,0,0,0,0
TF,CE607,39.863528,41.420981,0, ,0.0,0.0,0.0,0.0,0,0,0,0,0,0,0,0
TF,SUSUZ,39.680833,41.608333,0, ,0.0,0.0,0.0,0.0,0,0,0,0,0,0,0,0

SID,SUSU1H,26L,2
CA,0,262.0,2,6170,0,0,0,0,0,0
CF,DME10,39.956464,40.990394,0,ERZ,264.0,10.0,264.0,8.0,2,8300,0,0,0,0,0,1
DF,D279J,39.999647,40.997650,2, ,0.0,0.0,0,0,0,0,0,0,0,0
TF,ERZ,39.956667,41.207139,0, ,0.0,0.0,0.0,0.0,2,11000,0,0,0,0,0,0
TF,SUSUZ,39.680833,41.608333,0, ,0.0,0.0,0.0,0.0,0,0,0,1,250,0,0,0

SID,SUSU1H,26R,2
CA,0,262.0,2,6170,0,0,0,0,0,0
CF,DME10,39.956464,40.990394,0,ERZ,264.0,10.0,264.0,8.0,2,8300,0,0,0,0,0,1
DF,D279J,39.999647,40.997650,2, ,0.0,0.0,0,0,0,0,0,0,0,0
TF,ERZ,39.956667,41.207139,0, ,0.0,0.0,0.0,0.0,2,11000,0,0,0,0,0,0
TF,SUSUZ,39.680833,41.608333,0, ,0.0,0.0,0.0,0.0,0,0,0,1,250,0,0,0

SID,SUSU1L,08L,2
CA,0,82.0,2,6170,0,0,0,0,0,0
CF,40DME,39.962447,41.293511,0,ERZ,79.0,4.0,79.0,4.0,2,7500,0,0,0,0,0,1
DF,D048D,39.995861,41.277317,1, ,0.0,0.0,0,0,0,1,210,0,0,0
TF,ERZ,39.956667,41.207139,0, ,0.0,0.0,0.0,0.0,2,9700,0,0,0,0,0,1
TF,SUSUZ,39.680833,41.608333,0, ,0.0,0.0,0.0,0.0,0,0,0,1,250,0,0,0

SID,SUSU1L,08R,2
CA,0,82.0,2,6170,0,0,0,0,0,0
CF,40DME,39.962447,41.293511,0,ERZ,79.0,4.0,79.0,4.0,2,7500,0,0,0,0,0,1
DF,D048D,39.995861,41.277317,1, ,0.0,0.0,0,0,0,1,210,0,0,0
TF,ERZ,39.956667,41.207139,0, ,0.0,0.0,0.0,0.0,2,9700,0,0,0,0,0,1
TF,SUSUZ,39.680833,41.608333,0, ,0.0,0.0,0.0,0.0,0,0,0,1,250,0,0,0

SID,SUSU1Y,08L,5
CF,CE405,39.961253,41.322414,0,ERZ,81.0,5.3,82.0,6.0,0,0,0,1,220,0,0,0
TF,AZUBE,39.844564,41.327272,0, ,0.0,0.0,0.0,0.0,0,0,0,0,0,0,0,0
TF,CE408,39.727869,41.331994,0, ,0.0,0.0,0.0,0.0,3,17000,0,0,0,0,0,0
TF,HOKZU,39.729686,41.439969,0, ,0.0,0.0,0.0,0.0,0,0,0,0,0,0,0,0
TF,CE409,39.700389,41.541061,0, ,0.0,0.0,0.0,0.0,3,20000,0,0,0,0,0,0
TF,SUSUZ,39.680833,41.608333,0, ,0.0,0.0,0.0,0.0,0,0,0,0,0,0,0,0

SID,TAVU1B,26R,5
CF,CE601,39.953336,41.017917,0,ERZ,262.8,8.7,262.0,6.0,0,0,0,0,0,0,0,0
TF,CE606,39.853319,41.022525,0, ,0.0,0.0,0.0,0.0,0,0,0,0,0,0,0,0
TF,NEZGA,39.857375,41.174550,0, ,0.0,0.0,0.0,0.0,0,0,0,0,0,0,0,0
TF,CE604,39.860142,41.282700,0, ,0.0,0.0,0.0,0.0,4,20000,14000,0,0,0,0,0
TF,CE607,39.863528,41.420981,0, ,0.0,0.0,0.0,0.0,0,0,0,0,0,0,0,0
TF,KIZME,39.865889,41.535894,0, ,0.0,0.0,0.0,0.0,0,0,0,0,0,0,0,0
TF,TAVUS,39.869722,41.735833,0, ,0.0,0.0,0.0,0.0,0,0,0,0,0,0,0,0

SID,TAVU1H,26L,2
CA,0,262.0,2,6170,0,0,0,0,0,0
CF,DME10,39.956464,40.990394,0,ERZ,264.0,10.0,264.0,8.0,2,8300,0,0,0,0,0,1
DF,D279J,39.999647,40.997650,2, ,0.0,0.0,0,0,0,0,0,0,0,0
TF,ERZ,39.956667,41.207139,0, ,0.0,0.0,0.0,0.0,2,11000,0,0,0,0,0,0
TF,TAVUS,39.869722,41.735833,0, ,0.0,0.0,0.0,0.0,0,0,0,1,250,0,0,0

SID,TAVU1H,26R,2
CA,0,262.0,2,6170,0,0,0,0,0,0
CF,DME10,39.956464,40.990394,0,ERZ,264.0,10.0,264.0,8.0,2,8300,0,0,0,0,0,1
DF,D279J,39.999647,40.997650,2, ,0.0,0.0,0,0,0,0,0,0,0,0
TF,ERZ,39.956667,41.207139,0, ,0.0,0.0,0.0,0.0,2,11000,0,0,0,0,0,0
TF,TAVUS,39.869722,41.735833,0, ,0.0,0.0,0.0,0.0,0,0,0,1,250,0,0,0

SID,TAVU1L,08L,2
CA,0,82.0,2,6170,0,0,0,0,0,0
CF,40DME,39.962447,41.293511,0,ERZ,79.0,4.0,79.0,4.0,2,7500,0,0,0,0,0,1
DF,D048D,39.995861,41.277317,1, ,0.0,0.0,0,0,0,1,210,0,0,0
TF,ERZ,39.956667,41.207139,0, ,0.0,0.0,0.0,0.0,2,9700,0,0,0,0,0,1
TF,TAVUS,39.869722,41.735833,0, ,0.0,0.0,0.0,0.0,0,0,0,1,250,0,0,0

SID,TAVU1L,08R,2
CA,0,82.0,2,6170,0,0,0,0,0,0
CF,40DME,39.962447,41.293511,0,ERZ,79.0,4.0,79.0,4.0,2,7500,0,0,0,0,0,1
DF,D048D,39.995861,41.277317,1, ,0.0,0.0,0,0,0,1,210,0,0,0
TF,ERZ,39.956667,41.207139,0, ,0.0,0.0,0.0,0.0,2,9700,0,0,0,0,0,1
TF,TAVUS,39.869722,41.735833,0, ,0.0,0.0,0.0,0.0,0,0,0,1,250,0,0,0

SID,TAVU1Y,08L,5
CF,CE405,39.961253,41.322414,0,ERZ,81.0,5.3,82.0,6.0,0,0,0,1,220,0,0,0
TF,TAVUS,39.869722,41.735833,0, ,0.0,0.0,0.0,0.0,0,0,0,0,0,0,0,0

SID,TURN1B,26R,5
CF,CE601,39.953336,41.017917,0,ERZ,262.8,8.7,262.0,6.0,0,0,0,0,0,0,0,0
TF,CE606,39.853319,41.022525,0, ,0.0,0.0,0.0,0.0,0,0,0,0,0,0,0,0
TF,ERZOH,39.750561,41.056175,0, ,0.0,0.0,0.0,0.0,0,0,0,0,0,0,0,0
TF,CE603,39.650542,41.088836,0, ,0.0,0.0,0.0,0.0,3,22000,0,0,0,0,0,0
TF,TURNA,39.558611,41.357778,0, ,0.0,0.0,0.0,0.0,0,0,0,0,0,0,0,0

SID,TURN1H,26L,2
CA,0,262.0,2,6170,0,0,0,0,0,0
CF,DME10,39.956464,40.990394,0,ERZ,264.0,10.0,264.0,8.0,2,8300,0,0,0,0,0,1
DF,D279J,39.999647,40.997650,2, ,0.0,0.0,0,0,0,0,0,0,0,0
TF,ERZ,39.956667,41.207139,0, ,0.0,0.0,0.0,0.0,2,11000,0,0,0,0,0,0
TF,TURNA,39.558611,41.357778,0, ,0.0,0.0,0.0,0.0,0,0,0,1,250,0,0,0

SID,TURN1H,26R,2
CA,0,262.0,2,6170,0,0,0,0,0,0
CF,DME10,39.956464,40.990394,0,ERZ,264.0,10.0,264.0,8.0,2,8300,0,0,0,0,0,1
DF,D279J,39.999647,40.997650,2, ,0.0,0.0,0,0,0,0,0,0,0,0
TF,ERZ,39.956667,41.207139,0, ,0.0,0.0,0.0,0.0,2,11000,0,0,0,0,0,0
TF,TURNA,39.558611,41.357778,0, ,0.0,0.0,0.0,0.0,0,0,0,1,250,0,0,0

SID,TURN1L,08L,2
CA,0,82.0,2,6170,0,0,0,0,0,0
CF,40DME,39.962447,41.293511,0,ERZ,79.0,4.0,79.0,4.0,2,7500,0,0,0,0,0,1
DF,D048D,39.995861,41.277317,1, ,0.0,0.0,0,0,0,1,210,0,0,0
TF,ERZ,39.956667,41.207139,0, ,0.0,0.0,0.0,0.0,2,9700,0,0,0,0,0,1
TF,TURNA,39.558611,41.357778,0, ,0.0,0.0,0.0,0.0,0,0,0,1,250,0,0,0

SID,TURN1L,08R,2
CA,0,82.0,2,6170,0,0,0,0,0,0
CF,40DME,39.962447,41.293511,0,ERZ,79.0,4.0,79.0,4.0,2,7500,0,0,0,0,0,1
DF,D048D,39.995861,41.277317,1, ,0.0,0.0,0,0,0,1,210,0,0,0
TF,ERZ,39.956667,41.207139,0, ,0.0,0.0,0.0,0.0,2,9700,0,0,0,0,0,1
TF,TURNA,39.558611,41.357778,0, ,0.0,0.0,0.0,0.0,0,0,0,1,250,0,0,0

SID,TURN1Y,08L,5
CF,CE405,39.961253,41.322414,0,ERZ,81.0,5.3,82.0,6.0,0,0,0,1,220,0,0,0
TF,AZUBE,39.844564,41.327272,0, ,0.0,0.0,0.0,0.0,0,0,0,0,0,0,0,0
TF,CE408,39.727869,41.331994,0, ,0.0,0.0,0.0,0.0,3,17000,0,0,0,0,0,0
TF,TURNA,39.558611,41.357778,0, ,0.0,0.0,0.0,0.0,0,0,0,0,0,0,0,0

SID,VIRA1B,26R,5
CF,CE601,39.953336,41.017917,0,ERZ,262.8,8.7,262.0,6.0,0,0,0,0,0,0,0,0
TF,CE606,39.853319,41.022525,0, ,0.0,0.0,0.0,0.0,0,0,0,0,0,0,0,0
TF,NEZGA,39.857375,41.174550,0, ,0.0,0.0,0.0,0.0,0,0,0,0,0,0,0,0
TF,CE604,39.860142,41.282700,0, ,0.0,0.0,0.0,0.0,4,20000,14000,0,0,0,0,0
TF,CE605,39.988922,41.451694,0, ,0.0,0.0,0.0,0.0,2,18000,0,0,0,0,0,0
TF,ZELFE,40.047494,41.528883,0, ,0.0,0.0,0.0,0.0,0,0,0,0,0,0,0,0
TF,VIRAN,40.118611,41.702778,0, ,0.0,0.0,0.0,0.0,0,0,0,0,0,0,0,0

SID,VIRA1H,26L,2
CA,0,262.0,2,6170,0,0,0,0,0,0
CF,DME10,39.956464,40.990394,0,ERZ,264.0,10.0,264.0,8.0,2,8300,0,0,0,0,0,1
DF,D279J,39.999647,40.997650,2, ,0.0,0.0,0,0,0,0,0,0,0,0
TF,ERZ,39.956667,41.207139,0, ,0.0,0.0,0.0,0.0,2,11000,0,0,0,0,0,0
TF,VIRAN,40.118611,41.702778,0, ,0.0,0.0,0.0,0.0,0,0,0,1,250,0,0,0

SID,VIRA1H,26R,2
CA,0,262.0,2,6170,0,0,0,0,0,0
CF,DME10,39.956464,40.990394,0,ERZ,264.0,10.0,264.0,8.0,2,8300,0,0,0,0,0,1
DF,D279J,39.999647,40.997650,2, ,0.0,0.0,0,0,0,0,0,0,0,0
TF,ERZ,39.956667,41.207139,0, ,0.0,0.0,0.0,0.0,2,11000,0,0,0,0,0,0
TF,VIRAN,40.118611,41.702778,0, ,0.0,0.0,0.0,0.0,0,0,0,1,250,0,0,0

SID,VIRA1L,08L,2
CA,0,82.0,2,6170,0,0,0,0,0,0
CF,40DME,39.962447,41.293511,0,ERZ,79.0,4.0,79.0,4.0,2,7500,0,0,0,0,0,1
DF,D048D,39.995861,41.277317,1, ,0.0,0.0,0,0,0,1,210,0,0,0
TF,ERZ,39.956667,41.207139,0, ,0.0,0.0,0.0,0.0,2,9700,0,0,0,0,0,1
CI,1, ,0.0,31.0,0,0,0,0,0,0,0,0
CF,VIRAN,40.118611,41.702778,0,ERZ,60.8,24.8,61.0,18.0,0,0,0,1,250,0,0,0

SID,VIRA1L,08R,2
CA,0,82.0,2,6170,0,0,0,0,0,0
CF,40DME,39.962447,41.293511,0,ERZ,79.0,4.0,79.0,4.0,2,7500,0,0,0,0,0,1
DF,D048D,39.995861,41.277317,1, ,0.0,0.0,0,0,0,1,210,0,0,0
TF,ERZ,39.956667,41.207139,0, ,0.0,0.0,0.0,0.0,2,9700,0,0,0,0,0,1
CI,1, ,0.0,31.0,0,0,0,0,0,0,0,0
CF,VIRAN,40.118611,41.702778,0,ERZ,60.8,24.8,61.0,18.0,0,0,0,1,250,0,0,0

SID,VIRA1Y,08L,5
CF,CE405,39.961253,41.322414,0,ERZ,81.0,5.3,82.0,6.0,0,0,0,1,220,0,0,0
TF,CEZDE,40.044600,41.318939,0, ,0.0,0.0,0.0,0.0,0,0,0,0,0,0,0,0
TF,CE403,40.127947,41.315461,0, ,0.0,0.0,0.0,0.0,3,16000,0,0,0,0,0,0
TF,CE404,40.133267,41.540547,0, ,0.0,0.0,0.0,0.0,0,0,0,0,0,0,0,0
TF,VIRAN,40.118611,41.702778,0, ,0.0,0.0,0.0,0.0,0,0,0,0,0,0,0,0

STAR,ALVA1D,08L,2
IF,ALVAR,39.995833,41.743056, ,0.0,0.0,0,0,0,1,250,0,0,0
TF,ERZ,39.956667,41.207139,0, ,0.0,0.0,0.0,0.0,0,0,0,0,0,0,0,0

STAR,ALVA1D,08R,2
IF,ALVAR,39.995833,41.743056, ,0.0,0.0,0,0,0,1,250,0,0,0
TF,ERZ,39.956667,41.207139,0, ,0.0,0.0,0.0,0.0,0,0,0,0,0,0,0,0

STAR,ALVA1E,26L,2
IF,ALVAR,39.995833,41.743056, ,0.0,0.0,0,0,0,1,250,0,0,0
TF,ERZ,39.956667,41.207139,0, ,0.0,0.0,0.0,0.0,0,0,0,0,0,0,0,0

STAR,ALVA1E,26R,2
IF,ALVAR,39.995833,41.743056, ,0.0,0.0,0,0,0,1,250,0,0,0
TF,ERZ,39.956667,41.207139,0, ,0.0,0.0,0.0,0.0,0,0,0,0,0,0,0,0

STAR,ALVA1J,26R,5
IF,ALVAR,39.995833,41.743056, ,0.0,0.0,3,17000,0,0,0,0,0,0
TF,LUMHE,39.964147,41.532103,0, ,0.0,0.0,0.0,0.0,2,10200,0,0,0,0,0,0
TF,NETCE,39.962286,41.423683,0, ,0.0,0.0,0.0,0.0,2,9200,0,1,180,0,0,0

STAR,ALVA1T,08L,5
IF,ALVAR,39.995833,41.743056, ,0.0,0.0,0,0,0,0,0,0,0,0
TF,CE304,40.049742,41.535836,0, ,0.0,0.0,0.0,0.0,0,0,0,0,0,0,0,0
TF,CEZDE,40.044600,41.318939,0, ,0.0,0.0,0.0,0.0,0,0,0,0,0,0,0,0
TF,CE305,40.041867,41.210092,0, ,0.0,0.0,0.0,0.0,2,21000,0,0,0,0,0,0
TF,CE306,39.841839,41.219147,0, ,0.0,0.0,0.0,0.0,2,18000,0,0,0,0,0,0
TF,CE303,39.830525,40.823172,0, ,0.0,0.0,0.0,0.0,2,12000,0,0,0,0,0,0
TF,ETFUL,39.945533,40.817306,0, ,0.0,0.0,0.0,0.0,2,10000,0,0,0,0,0,0
TF,CEVIZ,39.950644,40.990547,0, ,0.0,0.0,0.0,0.0,2,8100,0,1,180,0,0,0

STAR,DAMA1D,08L,2
IF,DAMAT,39.956111,40.664722, ,0.0,0.0,0,0,0,1,250,0,0,0
TF,ERZ,39.956667,41.207139,0, ,0.0,0.0,0.0,0.0,0,0,0,0,0,0,0,0

STAR,DAMA1D,08R,2
IF,DAMAT,39.956111,40.664722, ,0.0,0.0,0,0,0,1,250,0,0,0
TF,ERZ,39.956667,41.207139,0, ,0.0,0.0,0.0,0.0,0,0,0,0,0,0,0,0

STAR,DAMA1E,26L,2
IF,DAMAT,39.956111,40.664722, ,0.0,0.0,0,0,0,1,250,0,0,0
TF,ERZ,39.956667,41.207139,0, ,0.0,0.0,0.0,0.0,0,0,0,0,0,0,0,0

STAR,DAMA1E,26R,2
IF,DAMAT,39.956111,40.664722, ,0.0,0.0,0,0,0,1,250,0,0,0
TF,ERZ,39.956667,41.207139,0, ,0.0,0.0,0.0,0.0,0,0,0,0,0,0,0,0

STAR,DAMA1J,26R,5
IF,DAMAT,39.956111,40.664722, ,0.0,0.0,0,0,0,0,0,0,0,0
TF,TUZAX,40.034175,40.902600,0, ,0.0,0.0,0.0,0.0,0,0,0,0,0,0,0,0
TF,CE701,40.117997,41.013944,0, ,0.0,0.0,0.0,0.0,2,21000,0,0,0,0,0,0
TF,CE703,40.121956,41.162931,0, ,0.0,0.0,0.0,0.0,0,0,0,0,0,0,0,0
TF,CE704,40.130792,41.525664,0, ,0.0,0.0,0.0,0.0,4,17000,14000,0,0,0,0,0
TF,ZELFE,40.047494,41.528883,0, ,0.0,0.0,0.0,0.0,2,12000,0,0,0,0,0,0
TF,LUMHE,39.964147,41.532103,0, ,0.0,0.0,0.0,0.0,2,10200,0,0,0,0,0,0
TF,NETCE,39.962286,41.423683,0, ,0.0,0.0,0.0,0.0,2,9200,0,1,180,0,0,0

STAR,DAMA1T,08L,5
IF,DAMAT,39.956111,40.664722, ,0.0,0.0,0,0,0,0,0,0,0,0
TF,CE301,39.950797,40.741756,0, ,0.0,0.0,0.0,0.0,2,11000,0,0,0,0,0,0
TF,ETFUL,39.945533,40.817306,0, ,0.0,0.0,0.0,0.0,2,10000,0,0,0,0,0,0
TF,CEVIZ,39.950644,40.990547,0, ,0.0,0.0,0.0,0.0,2,8100,0,1,180,0,0,0

STAR,GELI1D,08L,2
IF,GELIN,39.698056,40.785833, ,0.0,0.0,0,0,0,1,250,0,0,0
TF,ERZ,39.956667,41.207139,0, ,0.0,0.0,0.0,0.0,0,0,0,0,0,0,0,0

STAR,GELI1D,08R,2
IF,GELIN,39.698056,40.785833, ,0.0,0.0,0,0,0,1,250,0,0,0
TF,ERZ,39.956667,41.207139,0, ,0.0,0.0,0.0,0.0,0,0,0,0,0,0,0,0

STAR,GELI1E,26L,2
IF,GELIN,39.698056,40.785833, ,0.0,0.0,0,0,0,1,250,0,0,0
TF,ERZ,39.956667,41.207139,0, ,0.0,0.0,0.0,0.0,0,0,0,0,0,0,0,0

STAR,GELI1E,26R,2
IF,GELIN,39.698056,40.785833, ,0.0,0.0,0,0,0,1,250,0,0,0
TF,ERZ,39.956667,41.207139,0, ,0.0,0.0,0.0,0.0,0,0,0,0,0,0,0,0

STAR,GELI1J,26R,5
IF,GELIN,39.698056,40.785833, ,0.0,0.0,0,0,0,0,0,0,0,0
TF,ERZOH,39.750561,41.056175,0, ,0.0,0.0,0.0,0.0,0,0,0,0,0,0,0,0
TF,CE705,39.774025,41.178200,0, ,0.0,0.0,0.0,0.0,2,23000,0,0,0,0,0,0
TF,NEZGA,39.857375,41.174550,0, ,0.0,0.0,0.0,0.0,0,0,0,0,0,0,0,0
TF,CE702,40.007578,41.167958,0, ,0.0,0.0,0.0,0.0,2,21000,0,0,0,0,0,0
TF,CE703,40.121956,41.162931,0, ,0.0,0.0,0.0,0.0,0,0,0,0,0,0,0,0
TF,CE704,40.130792,41.525664,0, ,0.0,0.0,0.0,0.0,4,17000,14000,0,0,0,0,0
TF,ZELFE,40.047494,41.528883,0, ,0.0,0.0,0.0,0.0,2,12000,0,0,0,0,0,0
TF,LUMHE,39.964147,41.532103,0, ,0.0,0.0,0.0,0.0,2,10200,0,0,0,0,0,0
TF,NETCE,39.962286,41.423683,0, ,0.0,0.0,0.0,0.0,2,9200,0,1,180,0,0,0

STAR,GELI1T,08L,5
IF,GELIN,39.698056,40.785833, ,0.0,0.0,0,0,0,0,0,0,0,0
TF,CE303,39.830525,40.823172,0, ,0.0,0.0,0.0,0.0,2,12000,0,0,0,0,0,0
TF,ETFUL,39.945533,40.817306,0, ,0.0,0.0,0.0,0.0,2,10000,0,0,0,0,0,0
TF,CEVIZ,39.950644,40.990547,0, ,0.0,0.0,0.0,0.0,2,8100,0,1,180,0,0,0

STAR,HOCA1D,08L,2
IF,HOCAM,40.245833,40.820000, ,0.0,0.0,0,0,0,1,250,0,0,0
TF,ERZ,39.956667,41.207139,0, ,0.0,0.0,0.0,0.0,0,0,0,0,0,0,0,0

STAR,HOCA1D,08R,2
IF,HOCAM,40.245833,40.820000, ,0.0,0.0,0,0,0,1,250,0,0,0
TF,ERZ,39.956667,41.207139,0, ,0.0,0.0,0.0,0.0,0,0,0,0,0,0,0,0

STAR,HOCA1E,26L,2
IF,HOCAM,40.245833,40.820000, ,0.0,0.0,0,0,0,1,250,0,0,0
TF,ERZ,39.956667,41.207139,0, ,0.0,0.0,0.0,0.0,0,0,0,0,0,0,0,0

STAR,HOCA1E,26R,2
IF,HOCAM,40.245833,40.820000, ,0.0,0.0,0,0,0,1,250,0,0,0
TF,ERZ,39.956667,41.207139,0, ,0.0,0.0,0.0,0.0,0,0,0,0,0,0,0,0

STAR,HOCA1J,26R,5
IF,HOCAM,40.245833,40.820000, ,0.0,0.0,0,0,0,0,0,0,0,0
TF,CE701,40.117997,41.013944,0, ,0.0,0.0,0.0,0.0,2,21000,0,0,0,0,0,0
TF,CE703,40.121956,41.162931,0, ,0.0,0.0,0.0,0.0,0,0,0,0,0,0,0,0
TF,CE704,40.130792,41.525664,0, ,0.0,0.0,0.0,0.0,4,17000,14000,0,0,0,0,0
TF,ZELFE,40.047494,41.528883,0, ,0.0,0.0,0.0,0.0,2,12000,0,0,0,0,0,0
TF,LUMHE,39.964147,41.532103,0, ,0.0,0.0,0.0,0.0,2,10200,0,0,0,0,0,0
TF,NETCE,39.962286,41.423683,0, ,0.0,0.0,0.0,0.0,2,9200,0,1,180,0,0,0

STAR,HOCA1T,08L,5
IF,HOCAM,40.245833,40.820000, ,0.0,0.0,0,0,0,0,0,0,0,0
TF,CE302,40.114364,40.808672,0, ,0.0,0.0,0.0,0.0,4,17000,13000,0,0,0,0,0
TF,ELBOL,40.031022,40.812936,0, ,0.0,0.0,0.0,0.0,2,12000,0,0,0,0,0,0
TF,ETFUL,39.945533,40.817306,0, ,0.0,0.0,0.0,0.0,2,10000,0,0,0,0,0,0
TF,CEVIZ,39.950644,40.990547,0, ,0.0,0.0,0.0,0.0,2,8100,0,1,180,0,0,0

STAR,SUSU1D,08L,2
IF,SUSUZ,39.680833,41.608333, ,0.0,0.0,0,0,0,1,250,0,0,0
TF,ERZ,39.956667,41.207139,0, ,0.0,0.0,0.0,0.0,0,0,0,0,0,0,0,0

STAR,SUSU1D,08R,2
IF,SUSUZ,39.680833,41.608333, ,0.0,0.0,0,0,0,1,250,0,0,0
TF,ERZ,39.956667,41.207139,0, ,0.0,0.0,0.0,0.0,0,0,0,0,0,0,0,0

STAR,SUSU1E,26L,2
IF,SUSUZ,39.680833,41.608333, ,0.0,0.0,0,0,0,1,250,0,0,0
TF,ERZ,39.956667,41.207139,0, ,0.0,0.0,0.0,0.0,0,0,0,0,0,0,0,0

STAR,SUSU1E,26R,2
IF,SUSUZ,39.680833,41.608333, ,0.0,0.0,0,0,0,1,250,0,0,0
TF,ERZ,39.956667,41.207139,0, ,0.0,0.0,0.0,0.0,0,0,0,0,0,0,0,0

STAR,SUSU1J,26R,5
IF,SUSUZ,39.680833,41.608333, ,0.0,0.0,0,0,0,0,0,0,0,0
TF,KIZME,39.865889,41.535894,0, ,0.0,0.0,0.0,0.0,1,12000,0,0,0,0,0,0
TF,LUMHE,39.964147,41.532103,0, ,0.0,0.0,0.0,0.0,2,10200,0,0,0,0,0,0
TF,NETCE,39.962286,41.423683,0, ,0.0,0.0,0.0,0.0,2,9200,0,1,180,0,0,0

STAR,SUSU1T,08L,5
IF,SUSUZ,39.680833,41.608333, ,0.0,0.0,0,0,0,0,0,0,0,0
TF,CE307,39.860900,41.589856,0, ,0.0,0.0,0.0,0.0,0,0,0,0,0,0,0,0
TF,CE308,39.851347,41.435103,0, ,0.0,0.0,0.0,0.0,2,21000,0,0,0,0,0,0
TF,AZUBE,39.844564,41.327272,0, ,0.0,0.0,0.0,0.0,0,0,0,0,0,0,0,0
TF,CE306,39.841839,41.219147,0, ,0.0,0.0,0.0,0.0,2,18000,0,0,0,0,0,0
TF,CE303,39.830525,40.823172,0, ,0.0,0.0,0.0,0.0,2,12000,0,0,0,0,0,0
TF,ETFUL,39.945533,40.817306,0, ,0.0,0.0,0.0,0.0,2,10000,0,0,0,0,0,0
TF,CEVIZ,39.950644,40.990547,0, ,0.0,0.0,0.0,0.0,2,8100,0,1,180,0,0,0

STAR,TAVU1D,08L,2
IF,TAVUS,39.869722,41.735833, ,0.0,0.0,0,0,0,1,250,0,0,0
TF,ERZ,39.956667,41.207139,0, ,0.0,0.0,0.0,0.0,0,0,0,0,0,0,0,0

STAR,TAVU1D,08R,2
IF,TAVUS,39.869722,41.735833, ,0.0,0.0,0,0,0,1,250,0,0,0
TF,ERZ,39.956667,41.207139,0, ,0.0,0.0,0.0,0.0,0,0,0,0,0,0,0,0

STAR,TAVU1E,26L,2
IF,TAVUS,39.869722,41.735833, ,0.0,0.0,0,0,0,1,250,0,0,0
TF,ERZ,39.956667,41.207139,0, ,0.0,0.0,0.0,0.0,0,0,0,0,0,0,0,0

STAR,TAVU1E,26R,2
IF,TAVUS,39.869722,41.735833, ,0.0,0.0,0,0,0,1,250,0,0,0
TF,ERZ,39.956667,41.207139,0, ,0.0,0.0,0.0,0.0,0,0,0,0,0,0,0,0

STAR,TAVU1J,26R,5
IF,TAVUS,39.869722,41.735833, ,0.0,0.0,3,17000,0,0,0,0,0,0
TF,LUMHE,39.964147,41.532103,0, ,0.0,0.0,0.0,0.0,2,10200,0,0,0,0,0,0
TF,NETCE,39.962286,41.423683,0, ,0.0,0.0,0.0,0.0,2,9200,0,1,180,0,0,0

STAR,TAVU1T,08L,5
IF,TAVUS,39.869722,41.735833, ,0.0,0.0,0,0,0,0,0,0,0,0
TF,CE307,39.860900,41.589856,0, ,0.0,0.0,0.0,0.0,0,0,0,0,0,0,0,0
TF,CE308,39.851347,41.435103,0, ,0.0,0.0,0.0,0.0,2,21000,0,0,0,0,0,0
TF,AZUBE,39.844564,41.327272,0, ,0.0,0.0,0.0,0.0,0,0,0,0,0,0,0,0
TF,CE306,39.841839,41.219147,0, ,0.0,0.0,0.0,0.0,2,18000,0,0,0,0,0,0
TF,CE303,39.830525,40.823172,0, ,0.0,0.0,0.0,0.0,2,12000,0,0,0,0,0,0
TF,ETFUL,39.945533,40.817306,0, ,0.0,0.0,0.0,0.0,2,10000,0,0,0,0,0,0
TF,CEVIZ,39.950644,40.990547,0, ,0.0,0.0,0.0,0.0,2,8100,0,1,180,0,0,0

STAR,TURN1D,08L,2
IF,TURNA,39.558611,41.357778, ,0.0,0.0,0,0,0,1,250,0,0,0
TF,ERZ,39.956667,41.207139,0, ,0.0,0.0,0.0,0.0,0,0,0,0,0,0,0,0

STAR,TURN1D,08R,2
IF,TURNA,39.558611,41.357778, ,0.0,0.0,0,0,0,1,250,0,0,0
TF,ERZ,39.956667,41.207139,0, ,0.0,0.0,0.0,0.0,0,0,0,0,0,0,0,0

STAR,TURN1E,26L,2
IF,TURNA,39.558611,41.357778, ,0.0,0.0,0,0,0,1,250,0,0,0
TF,ERZ,39.956667,41.207139,0, ,0.0,0.0,0.0,0.0,0,0,0,0,0,0,0,0

STAR,TURN1E,26R,2
IF,TURNA,39.558611,41.357778, ,0.0,0.0,0,0,0,1,250,0,0,0
TF,ERZ,39.956667,41.207139,0, ,0.0,0.0,0.0,0.0,0,0,0,0,0,0,0,0

STAR,TURN1J,26R,5
IF,TURNA,39.558611,41.357778, ,0.0,0.0,0,0,0,0,0,0,0,0
TF,CE705,39.774025,41.178200,0, ,0.0,0.0,0.0,0.0,2,23000,0,0,0,0,0,0
TF,NEZGA,39.857375,41.174550,0, ,0.0,0.0,0.0,0.0,0,0,0,0,0,0,0,0
TF,CE702,40.007578,41.167958,0, ,0.0,0.0,0.0,0.0,2,21000,0,0,0,0,0,0
TF,CE703,40.121956,41.162931,0, ,0.0,0.0,0.0,0.0,0,0,0,0,0,0,0,0
TF,CE704,40.130792,41.525664,0, ,0.0,0.0,0.0,0.0,4,17000,14000,0,0,0,0,0
TF,ZELFE,40.047494,41.528883,0, ,0.0,0.0,0.0,0.0,2,12000,0,0,0,0,0,0
TF,LUMHE,39.964147,41.532103,0, ,0.0,0.0,0.0,0.0,2,10200,0,0,0,0,0,0
TF,NETCE,39.962286,41.423683,0, ,0.0,0.0,0.0,0.0,2,9200,0,1,180,0,0,0

STAR,TURN1T,08L,5
IF,TURNA,39.558611,41.357778, ,0.0,0.0,0,0,0,0,0,0,0,0
TF,HOKZU,39.729686,41.439969,0, ,0.0,0.0,0.0,0.0,0,0,0,0,0,0,0,0
TF,CE308,39.851347,41.435103,0, ,0.0,0.0,0.0,0.0,2,21000,0,0,0,0,0,0
TF,AZUBE,39.844564,41.327272,1, ,0.0,0.0,0.0,0.0,0,0,0,0,0,0,0,0
TF,CE306,39.841839,41.219147,0, ,0.0,0.0,0.0,0.0,2,18000,0,0,0,0,0,0
TF,CE303,39.830525,40.823172,0, ,0.0,0.0,0.0,0.0,2,12000,0,0,0,0,0,0
TF,ETFUL,39.945533,40.817306,0, ,0.0,0.0,0.0,0.0,2,10000,0,0,0,0,0,0
TF,CEVIZ,39.950644,40.990547,0, ,0.0,0.0,0.0,0.0,2,8100,0,1,180,0,0,0

STAR,VIRA1D,08L,2
IF,VIRAN,40.118611,41.702778, ,0.0,0.0,0,0,0,1,250,0,0,0
TF,ERZ,39.956667,41.207139,0, ,0.0,0.0,0.0,0.0,0,0,0,0,0,0,0,0

STAR,VIRA1D,08R,2
IF,VIRAN,40.118611,41.702778, ,0.0,0.0,0,0,0,1,250,0,0,0
TF,ERZ,39.956667,41.207139,0, ,0.0,0.0,0.0,0.0,0,0,0,0,0,0,0,0

STAR,VIRA1E,26L,2
IF,VIRAN,40.118611,41.702778, ,0.0,0.0,0,0,0,1,250,0,0,0
TF,ERZ,39.956667,41.207139,0, ,0.0,0.0,0.0,0.0,0,0,0,0,0,0,0,0

STAR,VIRA1E,26R,2
IF,VIRAN,40.118611,41.702778, ,0.0,0.0,0,0,0,1,250,0,0,0
TF,ERZ,39.956667,41.207139,0, ,0.0,0.0,0.0,0.0,0,0,0,0,0,0,0,0

STAR,VIRA1J,26R,5
IF,VIRAN,40.118611,41.702778, ,0.0,0.0,3,17000,0,0,0,0,0,0
TF,ARHEX,40.029408,41.604081,0, ,0.0,0.0,0.0,0.0,0,0,0,0,0,0,0,0
TF,LUMHE,39.964147,41.532103,0, ,0.0,0.0,0.0,0.0,2,10200,0,0,0,0,0,0
TF,NETCE,39.962286,41.423683,0, ,0.0,0.0,0.0,0.0,2,9200,0,1,180,0,0,0

STAR,VIRA1T,08L,5
IF,VIRAN,40.118611,41.702778, ,0.0,0.0,0,0,0,0,0,0,0,0
TF,CE304,40.049742,41.535836,0, ,0.0,0.0,0.0,0.0,0,0,0,0,0,0,0,0
TF,CEZDE,40.044600,41.318939,0, ,0.0,0.0,0.0,0.0,0,0,0,0,0,0,0,0
TF,CE305,40.041867,41.210092,0, ,0.0,0.0,0.0,0.0,2,21000,0,0,0,0,0,0
TF,CE306,39.841839,41.219147,0, ,0.0,0.0,0.0,0.0,2,18000,0,0,0,0,0,0
TF,CE303,39.830525,40.823172,0, ,0.0,0.0,0.0,0.0,2,12000,0,0,0,0,0,0
TF,ETFUL,39.945533,40.817306,0, ,0.0,0.0,0.0,0.0,2,10000,0,0,0,0,0,0
TF,CEVIZ,39.950644,40.990547,0, ,0.0,0.0,0.0,0.0,2,8100,0,1,180,0,0,0

APPTR,D08LY,08L,DAMAT
IF,DAMAT,39.956111,40.664722, ,0.0,0.0,2,12000,0,0,0,0,1,0
CF,D264R,39.956008,40.817003,0,ERZ,264.0,18.0,84.0,7.0,2,10000,0,0,0,0,0,0
CF,FF08,39.956147,40.860350,0,ERZ,264.0,16.0,84.0,2.0,2,10000,0,0,0,0,0,0

FINAL,D08LY,08L,D,6
IF,FF08,39.956147,40.860350,ERZ,264.0,16.0,2,10000,0,0,0,0,2,0
CF,DME12,39.956372,40.947047,0,ERZ,264.0,12.0,84.0,4.0,2,8800,0,0,0,0,0,0
CF,DME10,39.956464,40.990394,0,ERZ,264.0,10.0,84.0,2.0,2,8150,0,0,0,0,0,0
CF,80DME,39.956536,41.033744,0,ERZ,264.0,8.0,84.0,2.0,2,7500,0,0,0,0,0,0
CF,60DME,39.956592,41.077092,0,ERZ,264.0,6.0,84.0,2.0,2,6860,0,0,0,0,0,0
CF,MA08,39.956619,41.103100,0,ERZ,264.0,4.8,84.0,1.2,1,6481,0,0,0,0,3,0
CF,ERZ,39.956667,41.207139,0,ERZ,0.0,0.0,84.0,4.8,0,0,0,0,0,0,0,0
FD,ERZ,39.956667,41.207139,0,ERZ,0.0,15.0,84.0,15.0,1,13000,0,0,0,0,0,0
DF,ERZ,39.956667,41.207139,1, ,0.0,0.0,0,0,0,0,0,0,0,0
HM,ERZ,39.956667,41.207139,2, ,0.0,0.0,263.0,04.3,2,13000,0,0,0,0,0,0,0

APPTR,D08LZ,08L,ERZ
IF,ERZ,39.956667,41.207139, ,0.0,0.0,2,13000,0,0,0,0,1,0
CF,DME12,39.956372,40.947047,0,ERZ,264.0,12.0,264.0,12.0,2,10000,0,0,0,0,0,0
FC,DME12,39.956372,40.947047,0,ERZ,0.0,0.0,219.0,4.3,2,10000,0,0,0,0,0,1
CF,FF08,39.956147,40.860350,2,ERZ,264.0,16.0,84.0,1.0,2,10000,0,0,0,0,0,0

FINAL,D08LZ,08L,D,6
IF,FF08,39.956147,40.860350,ERZ,264.0,16.0,2,10000,0,0,0,0,2,0
CF,DME12,39.956372,40.947047,0,ERZ,264.0,12.0,84.0,4.0,2,8800,0,0,0,0,0,0
CF,DME10,39.956464,40.990394,0,ERZ,264.0,10.0,84.0,2.0,2,8150,0,0,0,0,0,0
CF,80DME,39.956536,41.033744,0,ERZ,264.0,8.0,84.0,2.0,2,7500,0,0,0,0,0,0
CF,60DME,39.956592,41.077092,0,ERZ,264.0,6.0,84.0,2.0,2,6860,0,0,0,0,0,0
CF,MA08,39.956619,41.103100,0,ERZ,264.0,4.8,84.0,1.2,1,6481,0,0,0,0,3,0
CF,ERZ,39.956667,41.207139,0,ERZ,0.0,0.0,84.0,4.8,0,0,0,0,0,0,0,0
FD,ERZ,39.956667,41.207139,0,ERZ,0.0,15.0,84.0,15.0,1,13000,0,0,0,0,0,0
DF,ERZ,39.956667,41.207139,1, ,0.0,0.0,0,0,0,0,0,0,0,0
HM,ERZ,39.956667,41.207139,2, ,0.0,0.0,263.0,04.3,2,13000,0,0,0,0,0,0,0

APPTR,D08RY,08R,DAMAT
IF,DAMAT,39.956111,40.664722, ,0.0,0.0,2,12000,0,0,0,0,1,0
CF,D264R,39.956008,40.817003,0,ERZ,264.0,18.0,84.0,7.0,2,10000,0,0,0,0,0,0
CF,FF08,39.956147,40.860350,0,ERZ,264.0,16.0,84.0,2.0,2,10000,0,0,0,0,0,0

FINAL,D08RY,08R,D,6
IF,FF08,39.956147,40.860350,ERZ,264.0,16.0,2,10000,0,0,0,0,2,0
CF,DME12,39.956372,40.947047,0,ERZ,264.0,12.0,84.0,4.0,2,8800,0,0,0,0,0,0
CF,DME10,39.956464,40.990394,0,ERZ,264.0,10.0,84.0,2.0,2,8150,0,0,0,0,0,0
CF,80DME,39.956536,41.033744,0,ERZ,264.0,8.0,84.0,2.0,2,7500,0,0,0,0,0,0
CF,60DME,39.956592,41.077092,0,ERZ,264.0,6.0,84.0,2.0,2,6860,0,0,0,0,0,0
CF,MA08,39.956619,41.103100,0,ERZ,264.0,4.8,84.0,1.2,1,6480,0,0,0,0,3,0
CF,ERZ,39.956667,41.207139,0,ERZ,0.0,0.0,84.0,4.8,0,0,0,0,0,0,0,0
FD,ERZ,39.956667,41.207139,0,ERZ,0.0,15.0,84.0,15.0,1,13000,0,0,0,0,0,0
DF,ERZ,39.956667,41.207139,1, ,0.0,0.0,0,0,0,0,0,0,0,0
HM,ERZ,39.956667,41.207139,2, ,0.0,0.0,263.0,04.3,2,13000,0,0,0,0,0,0,0

APPTR,D08RZ,08R,ERZ
IF,ERZ,39.956667,41.207139, ,0.0,0.0,2,13000,0,0,0,0,1,0
CF,DME12,39.956372,40.947047,0,ERZ,264.0,12.0,264.0,12.0,2,10000,0,0,0,0,0,0
FC,DME12,39.956372,40.947047,0,ERZ,0.0,0.0,219.0,4.3,2,10000,0,0,0,0,0,1
CF,FF08,39.956147,40.860350,2,ERZ,264.0,16.0,84.0,1.0,2,10000,0,0,0,0,0,0

FINAL,D08RZ,08R,D,6
IF,FF08,39.956147,40.860350,ERZ,264.0,16.0,2,10000,0,0,0,0,2,0
CF,DME12,39.956372,40.947047,0,ERZ,264.0,12.0,84.0,4.0,2,8800,0,0,0,0,0,0
CF,DME10,39.956464,40.990394,0,ERZ,264.0,10.0,84.0,2.0,2,8150,0,0,0,0,0,0
CF,80DME,39.956536,41.033744,0,ERZ,264.0,8.0,84.0,2.0,2,7500,0,0,0,0,0,0
CF,60DME,39.956592,41.077092,0,ERZ,264.0,6.0,84.0,2.0,2,6860,0,0,0,0,0,0
CF,MA08,39.956619,41.103100,0,ERZ,264.0,4.8,84.0,1.2,1,6480,0,0,0,0,3,0
CF,ERZ,39.956667,41.207139,0,ERZ,0.0,0.0,84.0,4.8,0,0,0,0,0,0,0,0
FD,ERZ,39.956667,41.207139,0,ERZ,0.0,15.0,84.0,15.0,1,13000,0,0,0,0,0,0
DF,ERZ,39.956667,41.207139,1, ,0.0,0.0,0,0,0,0,0,0,0,0
HM,ERZ,39.956667,41.207139,2, ,0.0,0.0,263.0,04.3,2,13000,0,0,0,0,0,0,0

APPTR,D26L,26L,ERZ
IF,ERZ,39.956667,41.207139, ,0.0,0.0,2,12500,0,0,0,0,1,0
FD,ERZ,39.956667,41.207139,0,ERZ,0.0,11.0,61.0,11.0,2,10000,0,0,0,0,0,0
CF,FF26,39.972414,41.444703,2,ERZ,79.0,11.0,259.0,1.0,2,10000,0,0,0,0,0,0

FINAL,D26L,26L,D,5
IF,FF26,39.972414,41.444703,ERZ,79.0,11.0,2,10000,0,0,0,0,2,0
CF,80DM2,39.968167,41.379900,0,ERZ,79.0,8.0,259.0,3.0,2,8800,0,0,0,0,0,0
CF,60DM2,39.965317,41.336706,0,ERZ,79.0,6.0,259.0,2.0,2,8000,0,0,0,0,0,0
CF,40DME,39.962447,41.293511,0,ERZ,79.0,4.0,259.0,2.0,2,7300,0,0,0,0,0,0
CF,MD26,39.958842,41.239525,0,ERZ,79.0,1.5,259.0,2.5,1,6589,0,0,0,0,3,0
CF,ERZ,39.956667,41.207139,0,ERZ,0.0,0.0,259.0,1.5,0,0,0,0,0,0,0,0
FD,ERZ,39.956667,41.207139,0,ERZ,0.0,10.0,263.0,10.0,1,9000,0,0,0,0,0,0
DF,ERZ,39.956667,41.207139,2, ,0.0,0.0,1,12500,0,0,0,0,0,0
HM,ERZ,39.956667,41.207139,1, ,0.0,0.0,65.0,04.3,2,12500,0,0,0,0,0,0,0

APPTR,D26R,26R,ERZ
IF,ERZ,39.956667,41.207139, ,0.0,0.0,2,12500,0,0,0,0,1,0
FD,ERZ,39.956667,41.207139,0,ERZ,0.0,11.0,61.0,11.0,2,10000,0,0,0,0,0,0
CF,FF26,39.972414,41.444703,2,ERZ,79.0,11.0,259.0,1.0,2,10000,0,0,0,0,0,0

FINAL,D26R,26R,D,5
IF,FF26,39.972414,41.444703,ERZ,79.0,11.0,2,10000,0,0,0,0,2,0
CF,80DM2,39.968167,41.379900,0,ERZ,79.0,8.0,259.0,3.0,2,8800,0,0,0,0,0,0
CF,60DM2,39.965317,41.336706,0,ERZ,79.0,6.0,259.0,2.0,2,8000,0,0,0,0,0,0
CF,40DME,39.962447,41.293511,0,ERZ,79.0,4.0,259.0,2.0,2,7300,0,0,0,0,0,0
CF,MD26,39.958842,41.239525,0,ERZ,79.0,1.5,259.0,2.5,1,6589,0,0,0,0,3,0
CF,ERZ,39.956667,41.207139,0,ERZ,0.0,0.0,259.0,1.5,0,0,0,0,0,0,0,0
FD,ERZ,39.956667,41.207139,0,ERZ,0.0,10.0,263.0,10.0,1,9000,0,0,0,0,0,0
DF,ERZ,39.956667,41.207139,2, ,0.0,0.0,1,12500,0,0,0,0,0,0
HM,ERZ,39.956667,41.207139,1, ,0.0,0.0,65.0,04.3,2,12500,0,0,0,0,0,0,0

APPTR,I08LY,08L,DAMAT
IF,DAMAT,39.956111,40.664722, ,0.0,0.0,2,12000,0,0,0,0,0,0
TF,D262R,39.947742,40.817011,0, ,0.0,0.0,0.0,0.0,2,10000,0,0,0,0,1,0
CF,CI08L,39.951417,40.946956,0,IEZR,262.1,11.6,82.0,6.0,2,8100,0,0,0,0,0,0

FINAL,I08LY,08L,I,3
IF,CI08L,39.951417,40.946956,IEZR,262.1,11.6,2,8100,0,0,0,0,0,0
CF,CEVIZ,39.950644,40.990547,0,IEZR,261.4,9.6,82.0,2.0,1,8100,0,0,0,0,2,0
CF,RW08L,39.956797,41.147894,0,IEZR,262.1,2.3,82.0,7.3,1,5813,0,0,0,0,3,0
CF,ERZ,39.956667,41.207139,0,ERZ,0.0,0.0,82.0,2.7,0,0,0,0,0,0,0,0
FA,ERZ,39.956667,41.207139,0,ERZ,0.0,0.0,84.0,2,10500,0,0,0,0,0,0
DF,ERZ,39.956667,41.207139,1, ,0.0,0.0,1,13000,0,0,0,0,0,0
HM,ERZ,39.956667,41.207139,2, ,0.0,0.0,263.0,04.3,2,13000,0,0,0,0,0,0,0

APPTR,I08LZ,08L,ERZ
IF,ERZ,39.956667,41.207139, ,0.0,0.0,2,13000,0,0,0,0,0,0
FD,ERZ,39.956667,41.207139,0,ERZ,0.0,18.0,246.0,18.0,2,10000,0,0,0,0,0,0
CF,D262R,39.947742,40.817011,2,ERZ,262.4,18.0,82.0,1.0,2,10000,0,0,0,0,1,0
CF,CI08L,39.951417,40.946956,0,IEZR,262.1,11.6,82.0,6.0,2,8100,0,0,0,0,0,0

FINAL,I08LZ,08L,I,3
IF,CI08L,39.951417,40.946956,IEZR,262.1,11.6,2,8100,0,0,0,0,0,0
CF,CEVIZ,39.950644,40.990547,0,IEZR,261.4,9.6,82.0,2.0,1,8100,0,0,0,0,2,0
CF,RW08L,39.956797,41.147894,0,IEZR,262.1,2.3,82.0,7.3,1,5813,0,0,0,0,3,0
CF,ERZ,39.956667,41.207139,0,ERZ,0.0,0.0,82.0,2.7,0,0,0,0,0,0,0,0
FA,ERZ,39.956667,41.207139,0,ERZ,0.0,0.0,84.0,2,10500,0,0,0,0,0,0
DF,ERZ,39.956667,41.207139,1, ,0.0,0.0,1,13000,0,0,0,0,0,0
HM,ERZ,39.956667,41.207139,2, ,0.0,0.0,263.0,04.3,2,13000,0,0,0,0,0,0,0

APPTR,I26RY,26R,ERZ
IF,ERZ,39.956667,41.207139, ,0.0,0.0,2,12500,0,0,0,0,1,0
CF,D082J,39.962283,41.423767,0,ERZ,82.0,10.0,82.0,10.0,2,10000,0,0,0,0,0,0
FC,D082J,39.962283,41.423767,0,ERZ,0.0,0.0,37.0,3.9,2,10000,0,1,185,0,0,1
CF,CI26R,39.965850,41.510208,2,IERZ,82.0,17.0,262.0,1.0,2,10000,0,0,0,0,0,0

FINAL,I26RY,26R,I,3
IF,CI26R,39.965850,41.510208,IERZ,82.0,17.0,2,10000,0,0,0,0,0,0
CF,FI26R,39.964661,41.459942,0,IERZ,82.0,14.7,262.0,2.3,1,10000,0,0,0,0,2,0
CF,RW26R,39.957953,41.192339,0,IERZ,82.0,2.3,262.0,12.4,1,5810,0,0,0,0,3,0
FD,RW26R,39.957953,41.192339,0,ERZ,270.5,10.0,263.0,10.0,2,9000,0,0,0,0,0,0
DF,ERZ,39.956667,41.207139,2, ,0.0,0.0,1,12500,0,0,0,0,0,0
HM,ERZ,39.956667,41.207139,1, ,0.0,0.0,65.0,04.3,0,0,0,0,0,0,0,0,0

APPTR,I26RZ,26R,ERZ
IF,ERZ,39.956667,41.207139, ,0.0,0.0,2,12500,0,0,0,0,1,0
CF,D082J,39.962283,41.423767,0,ERZ,82.0,10.0,82.0,10.0,2,10000,0,0,0,0,0,0
FC,D082J,39.962283,41.423767,0,ERZ,0.0,0.0,37.0,3.9,2,10000,0,1,185,0,0,1
CF,CI26R,39.965850,41.510208,2,IERZ,82.0,17.0,262.0,1.0,2,10000,0,0,0,0,0,0

FINAL,I26RZ,26R,I,3
IF,CI26R,39.965850,41.510208,IERZ,82.0,17.0,2,10000,0,0,0,0,0,0
CF,FI26R,39.964661,41.459942,0,IERZ,82.0,14.7,262.0,2.3,1,10000,0,0,0,0,2,0
CF,RW26R,39.957953,41.192339,0,IERZ,82.0,2.3,262.0,12.4,1,5810,0,0,0,0,3,0
FD,RW26R,39.957953,41.192339,0,ERZ,270.4,10.0,263.0,10.0,2,9000,0,0,0,0,0,0
DF,ERZ,39.956667,41.207139,2, ,0.0,0.0,1,12500,0,0,0,0,0,0
HM,ERZ,39.956667,41.207139,1, ,0.0,0.0,65.0,04.3,0,0,0,0,0,0,0,0,0

APPTR,Q08LY,08L,DAMAT
IF,DAMAT,39.956111,40.664722, ,0.0,0.0,2,12000,0,0,0,0,1,0
CF,D264R,39.956008,40.817003,0,ERZ,264.0,18.0,84.0,7.0,2,10000,0,0,0,0,0,0
CF,FF08,39.956147,40.860350,0,ERZ,264.0,16.0,84.0,2.0,2,10000,0,0,0,0,0,0

FINAL,Q08LY,08L,N,6
IF,FF08,39.956147,40.860350,ERZ,0.0,0.0,2,10000,0,0,0,0,2,0
CF,DME12,39.956372,40.947047,0,ERZ,0.0,0.0,84.0,4.0,2,8800,0,0,0,0,0,0
CF,DME10,39.956464,40.990394,0,ERZ,0.0,0.0,84.0,2.0,2,8150,0,0,0,0,0,0
CF,80DME,39.956536,41.033744,0,ERZ,0.0,0.0,84.0,2.0,2,7500,0,0,0,0,0,0
CF,60DME,39.956592,41.077092,0,ERZ,0.0,0.0,84.0,2.0,2,6860,0,0,0,0,0,0
CF,MA08,39.956619,41.103100,0,ERZ,0.0,4.8,84.0,1.2,1,6481,0,0,0,0,3,0
CF,ERZ,39.956667,41.207139,0,ERZ,0.0,0.0,84.0,4.8,0,0,0,0,0,0,0,0
FD,ERZ,39.956667,41.207139,0,ERZ,0.0,15.0,84.0,15.0,1,13000,0,0,0,0,0,0
DF,ERZ,39.956667,41.207139,1, ,0.0,0.0,0,0,0,0,0,0,0,0
HM,ERZ,39.956667,41.207139,2, ,0.0,0.0,263.0,04.3,2,13000,0,0,0,0,0,0,0

APPTR,Q08LZ,08L,ERZ
IF,ERZ,39.956667,41.207139, ,0.0,0.0,2,13000,0,0,0,0,1,0
CF,DME12,39.956372,40.947047,0,ERZ,264.0,12.0,264.0,12.0,2,10000,0,0,0,0,0,0
FC,DME12,39.956372,40.947047,0,ERZ,0.0,0.0,219.0,4.3,2,10000,0,0,0,0,0,1
CF,FF08,39.956147,40.860350,2,ERZ,264.0,16.0,84.0,1.0,2,10000,0,0,0,0,0,0

FINAL,Q08LZ,08L,N,6
IF,FF08,39.956147,40.860350,ERZ,0.0,0.0,2,10000,0,0,0,0,2,0
CF,DME12,39.956372,40.947047,0,ERZ,0.0,0.0,84.0,4.0,2,8800,0,0,0,0,0,0
CF,DME10,39.956464,40.990394,0,ERZ,0.0,0.0,84.0,2.0,2,8150,0,0,0,0,0,0
CF,80DME,39.956536,41.033744,0,ERZ,0.0,0.0,84.0,2.0,2,7500,0,0,0,0,0,0
CF,60DME,39.956592,41.077092,0,ERZ,0.0,0.0,84.0,2.0,2,6860,0,0,0,0,0,0
CF,MA08,39.956619,41.103100,0,ERZ,0.0,4.8,84.0,1.2,1,6481,0,0,0,0,3,0
CF,ERZ,39.956667,41.207139,0,ERZ,0.0,0.0,84.0,4.8,0,0,0,0,0,0,0,0
FD,ERZ,39.956667,41.207139,0,ERZ,0.0,15.0,84.0,15.0,1,13000,0,0,0,0,0,0
DF,ERZ,39.956667,41.207139,1, ,0.0,0.0,0,0,0,0,0,0,0,0
HM,ERZ,39.956667,41.207139,2, ,0.0,0.0,263.0,04.3,2,13000,0,0,0,0,0,0,0

APPTR,Q08RY,08R,DAMAT
IF,DAMAT,39.956111,40.664722, ,0.0,0.0,2,12000,0,0,0,0,1,0
CF,D264R,39.956008,40.817003,0,ERZ,264.0,18.0,84.0,7.0,2,10000,0,0,0,0,0,0
CF,FF08,39.956147,40.860350,0,ERZ,264.0,16.0,84.0,2.0,2,10000,0,0,0,0,0,0

FINAL,Q08RY,08R,N,6
IF,FF08,39.956147,40.860350,ERZ,0.0,0.0,2,10000,0,0,0,0,2,0
CF,DME12,39.956372,40.947047,0,ERZ,0.0,0.0,84.0,4.0,2,8800,0,0,0,0,0,0
CF,DME10,39.956464,40.990394,0,ERZ,0.0,0.0,84.0,2.0,2,8150,0,0,0,0,0,0
CF,80DME,39.956536,41.033744,0,ERZ,0.0,0.0,84.0,2.0,2,7500,0,0,0,0,0,0
CF,60DME,39.956592,41.077092,0,ERZ,0.0,0.0,84.0,2.0,2,6860,0,0,0,0,0,0
CF,MA08,39.956619,41.103100,0,ERZ,0.0,4.8,84.0,1.2,1,6480,0,0,0,0,3,0
CF,ERZ,39.956667,41.207139,0,ERZ,0.0,0.0,84.0,4.8,0,0,0,0,0,0,0,0
FD,ERZ,39.956667,41.207139,0,ERZ,0.0,15.0,84.0,15.0,1,13000,0,0,0,0,0,0
DF,ERZ,39.956667,41.207139,1, ,0.0,0.0,0,0,0,0,0,0,0,0
HM,ERZ,39.956667,41.207139,2, ,0.0,0.0,263.0,04.3,2,13000,0,0,0,0,0,0,0

APPTR,Q08RZ,08R,ERZ
IF,ERZ,39.956667,41.207139, ,0.0,0.0,2,13000,0,0,0,0,1,0
CF,DME12,39.956372,40.947047,0,ERZ,264.0,12.0,264.0,12.0,2,10000,0,0,0,0,0,0
FC,DME12,39.956372,40.947047,0,ERZ,0.0,0.0,219.0,4.3,2,10000,0,0,0,0,0,1
CF,FF08,39.956147,40.860350,2,ERZ,264.0,16.0,84.0,1.0,2,10000,0,0,0,0,0,0

FINAL,Q08RZ,08R,N,6
IF,FF08,39.956147,40.860350,ERZ,0.0,0.0,2,10000,0,0,0,0,2,0
CF,DME12,39.956372,40.947047,0,ERZ,0.0,0.0,84.0,4.0,2,8800,0,0,0,0,0,0
CF,DME10,39.956464,40.990394,0,ERZ,0.0,0.0,84.0,2.0,2,8150,0,0,0,0,0,0
CF,80DME,39.956536,41.033744,0,ERZ,0.0,0.0,84.0,2.0,2,7500,0,0,0,0,0,0
CF,60DME,39.956592,41.077092,0,ERZ,0.0,0.0,84.0,2.0,2,6860,0,0,0,0,0,0
CF,MA08,39.956619,41.103100,0,ERZ,0.0,4.8,84.0,1.2,1,6480,0,0,0,0,3,0
CF,ERZ,39.956667,41.207139,0,ERZ,0.0,0.0,84.0,4.8,0,0,0,0,0,0,0,0
FD,ERZ,39.956667,41.207139,0,ERZ,0.0,15.0,84.0,15.0,1,13000,0,0,0,0,0,0
DF,ERZ,39.956667,41.207139,1, ,0.0,0.0,0,0,0,0,0,0,0,0
HM,ERZ,39.956667,41.207139,2, ,0.0,0.0,263.0,04.3,2,13000,0,0,0,0,0,0,0

APPTR,Q26L,26L,ERZ
IF,ERZ,39.956667,41.207139, ,0.0,0.0,2,12500,0,0,0,0,1,0
FD,ERZ,39.956667,41.207139,0,ERZ,0.0,11.0,61.0,11.0,2,10000,0,0,0,0,0,0
CF,FF26,39.972414,41.444703,2,ERZ,79.0,11.0,259.0,1.0,2,10000,0,0,0,0,0,0

FINAL,Q26L,26L,N,5
IF,FF26,39.972414,41.444703,ERZ,0.0,0.0,2,10000,0,0,0,0,2,0
CF,80DM2,39.968167,41.379900,0,ERZ,0.0,0.0,259.0,3.0,2,8800,0,0,0,0,0,0
CF,60DM2,39.965317,41.336706,0,ERZ,0.0,0.0,259.0,2.0,2,8000,0,0,0,0,0,0
CF,40DME,39.962447,41.293511,0,ERZ,0.0,0.0,259.0,2.0,2,7300,0,0,0,0,0,0
CF,MD26,39.958842,41.239525,0,ERZ,0.0,1.5,259.0,2.5,1,6589,0,0,0,0,3,0
CF,ERZ,39.956667,41.207139,0,ERZ,0.0,0.0,259.0,1.5,0,0,0,0,0,0,0,0
FD,ERZ,39.956667,41.207139,0,ERZ,0.0,10.0,263.0,10.0,1,9000,0,0,0,0,0,0
DF,ERZ,39.956667,41.207139,2, ,0.0,0.0,1,12500,0,0,0,0,0,0
HM,ERZ,39.956667,41.207139,1, ,0.0,0.0,65.0,04.3,2,12500,0,0,0,0,0,0,0

APPTR,Q26R,26R,ERZ
IF,ERZ,39.956667,41.207139, ,0.0,0.0,2,12500,0,0,0,0,1,0
FD,ERZ,39.956667,41.207139,0,ERZ,0.0,11.0,61.0,11.0,2,10000,0,0,0,0,0,0
CF,FF26,39.972414,41.444703,2,ERZ,79.0,11.0,259.0,1.0,2,10000,0,0,0,0,0,0

FINAL,Q26R,26R,N,5
IF,FF26,39.972414,41.444703,ERZ,0.0,0.0,2,10000,0,0,0,0,2,0
CF,80DM2,39.968167,41.379900,0,ERZ,0.0,0.0,259.0,3.0,2,8800,0,0,0,0,0,0
CF,60DM2,39.965317,41.336706,0,ERZ,0.0,0.0,259.0,2.0,2,8000,0,0,0,0,0,0
CF,40DME,39.962447,41.293511,0,ERZ,0.0,0.0,259.0,2.0,2,7300,0,0,0,0,0,0
CF,MD26,39.958842,41.239525,0,ERZ,0.0,1.5,259.0,2.5,1,6589,0,0,0,0,3,0
CF,ERZ,39.956667,41.207139,0,ERZ,0.0,0.0,259.0,1.5,0,0,0,0,0,0,0,0
FD,ERZ,39.956667,41.207139,0,ERZ,0.0,10.0,263.0,10.0,1,9000,0,0,0,0,0,0
DF,ERZ,39.956667,41.207139,2, ,0.0,0.0,1,12500,0,0,0,0,0,0
HM,ERZ,39.956667,41.207139,1, ,0.0,0.0,65.0,04.3,2,12500,0,0,0,0,0,0,0

FINAL,R26R,26R,R,4
IF,NETCE,39.962286,41.423683, ,0.0,0.0,2,9200,0,1,180,0,2,0
TF,CE010,39.960422,41.320844,0, ,0.0,0.0,263.0,4.8,2,7700,0,0,0,0,0,0
TF,CE020,39.959611,41.277511,0, ,0.0,0.0,263.0,2.0,2,7060,0,0,0,0,0,0
TF,MA26,39.957953,41.192339,0, ,0.0,0.0,263.0,3.9,1,5810,0,1,185,0,3,0
TF,CE030,39.949750,40.889197,0, ,0.0,0.0,0.0,0.0,0,0,0,1,185,0,0,0
TF,GELIN,39.698056,40.785833,0, ,0.0,0.0,0.0,0.0,2,12000,0,0,0,0,0,0
HM,GELIN,39.698056,40.785833,1, ,0.0,0.0,6.0,04.3,2,12000,0,0,0,0,0,0,0

