SID,ABVE1G,29,5
CF,CG023,41.024772,39.693689,0,TBN,285.9,5.0,287.0,4.0,0,0,0,1,190,0,0,0
TF,CG024,41.117442,39.743681,0, ,0.0,0.0,0.0,0.0,0,0,0,0,0,0,0,0
TF,CG051,41.244731,39.812600,0, ,0.0,0.0,0.0,0.0,3,8000,0,0,0,0,0,0
TF,CG052,41.229019,39.988158,0, ,0.0,0.0,0.0,0.0,0,0,0,0,0,0,0,0
TF,CG053,41.148550,40.150386,0, ,0.0,0.0,0.0,0.0,0,0,0,0,0,0,0,0
TF,CG054,41.010458,40.426819,0, ,0.0,0.0,0.0,0.0,0,0,0,0,0,0,0,0
TF,ABVEX,40.894167,40.657778,0, ,0.0,0.0,0.0,0.0,0,0,0,0,0,0,0,0

SID,ARLA1G,29,5
CF,CG023,41.024772,39.693689,0,TBN,285.9,5.0,287.0,4.0,0,0,0,0,0,0,0,0
TF,CG048,41.158358,39.257711,0, ,0.0,0.0,0.0,0.0,4,11000,6000,0,0,0,0,0
TF,CG050,41.157344,39.139014,0, ,0.0,0.0,0.0,0.0,0,0,0,0,0,0,0,0
TF,ARLAT,41.096944,38.701944,0, ,0.0,0.0,0.0,0.0,0,0,0,0,0,0,0,0

SID,ATPU1A,11,5
CA,0,107.0,2,510,0,0,0,0,0,0
CF,CG081,40.979606,39.917192,0,TBN,94.6,5.6,92.0,4.2,0,0,0,0,0,0,0,0
TF,ATPUM,41.193333,40.375944,0, ,0.0,0.0,0.0,0.0,0,0,0,0,0,0,0,0

SID,ATPU1G,29,5
CF,CG023,41.024772,39.693689,0,TBN,285.9,5.0,287.0,4.0,0,0,0,1,190,0,0,0
TF,CG024,41.117442,39.743681,0, ,0.0,0.0,0.0,0.0,0,0,0,0,0,0,0,0
TF,CG051,41.244731,39.812600,0, ,0.0,0.0,0.0,0.0,3,8000,0,0,0,0,0,0
TF,CG052,41.229019,39.988158,0, ,0.0,0.0,0.0,0.0,0,0,0,0,0,0,0,0
TF,ATPUM,41.193333,40.375944,0, ,0.0,0.0,0.0,0.0,0,0,0,0,0,0,0,0

SID,ATPU1M,29,2
CA,0,287.0,2,510,0,0,0,0,0,0
FD,TBN,40.995278,39.795639,0,TBN,0.0,6.0,288.0,6.0,0,0,0,0,0,0,0,0
DF,TBN,40.995278,39.795639,2, ,0.0,0.0,2,5000,0,0,0,0,0,0
TF,ATPUM,41.193333,40.375944,0, ,0.0,0.0,0.0,0.0,0,0,0,1,250,0,0,0

SID,ATPU1U,11,2
CA,0,107.0,2,510,0,0,0,0,0,0
CF,D099D,40.979106,39.880961,0,TBN,99.0,4.0,99.0,3.0,0,0,0,0,0,0,0,0
TF,D099H,40.962875,39.966328,0, ,0.0,0.0,0.0,0.0,0,0,0,0,0,0,0,0
VI,0, ,0.0,16.0,0,0,0,0,0,0,0,0
CF,ATPUM,41.193333,40.375944,0,TBN,60.5,28.9,61.0,17.0,0,0,0,1,250,0,0,0

SID,BAVT1A,11,5
CA,0,107.0,2,510,0,0,0,0,0,0
CF,CG081,40.979606,39.917192,0,TBN,94.6,5.6,92.0,4.2,0,0,0,0,0,0,0,0
TF,CG094,40.951492,40.168156,0, ,0.0,0.0,0.0,0.0,2,6000,0,0,0,0,0,0
TF,BAVTI,40.662806,40.254611,0, ,0.0,0.0,0.0,0.0,0,0,0,0,0,0,0,0

SID,BAVT1G,29,5
CF,CG023,41.024772,39.693689,0,TBN,285.9,5.0,287.0,4.0,0,0,0,1,190,0,0,0
TF,CG024,41.117442,39.743681,0, ,0.0,0.0,0.0,0.0,0,0,0,1,210,0,0,0
TF,CG025,41.076353,39.876328,0, ,0.0,0.0,0.0,0.0,0,0,0,1,230,0,0,0
TF,CG026,40.976261,39.875642,0, ,0.0,0.0,0.0,0.0,4,8000,6400,1,250,0,0,0
TF,CG027,40.854225,39.941456,0, ,0.0,0.0,0.0,0.0,2,9000,0,0,0,0,0,0
TF,CG147,40.830956,40.081922,0, ,0.0,0.0,0.0,0.0,0,0,0,0,0,0,0,0
TF,BAVTI,40.662806,40.254611,0, ,0.0,0.0,0.0,0.0,0,0,0,0,0,0,0,0

SID,DELE1G,29,5
CF,CG023,41.024772,39.693689,0,TBN,285.9,5.0,287.0,4.0,0,0,0,1,190,0,0,0
TF,CG024,41.117442,39.743681,0, ,0.0,0.0,0.0,0.0,0,0,0,0,0,0,0,0
TF,CG051,41.244731,39.812600,0, ,0.0,0.0,0.0,0.0,3,8000,0,0,0,0,0,0
TF,CG052,41.229019,39.988158,0, ,0.0,0.0,0.0,0.0,0,0,0,0,0,0,0,0
TF,CG053,41.148550,40.150386,0, ,0.0,0.0,0.0,0.0,0,0,0,0,0,0,0,0
TF,CG054,41.010458,40.426819,0, ,0.0,0.0,0.0,0.0,0,0,0,0,0,0,0,0
TF,DELEL,40.965000,40.890278,0, ,0.0,0.0,0.0,0.0,0,0,0,0,0,0,0,0

SID,ERID1M,29,2
CA,0,287.0,2,510,0,0,0,0,0,0
CF,ERIDU,41.215333,39.169778,0,TBN,290.1,31.3,290.0,30.0,0,0,0,1,250,0,0,0

SID,ERID1U,11,2
CA,0,107.0,2,510,0,0,0,0,0,0
FA,TBN,40.995278,39.795639,0,TBN,0.0,0.0,99.0,2,2500,0,0,0,0,0,0
DF,TBN,40.995278,39.795639,1, ,0.0,0.0,2,4000,0,0,0,0,0,0
TF,ERIDU,41.215333,39.169778,0, ,0.0,0.0,0.0,0.0,0,0,0,1,250,0,0,0

SID,ERID1X,11,2
CA,0,107.0,2,510,0,0,0,0,0,0
CF,D099D,40.979106,39.880961,0,TBN,99.0,4.0,99.0,3.0,0,0,0,0,0,0,0,0
TF,D099H,40.962875,39.966328,0, ,0.0,0.0,0.0,0.0,0,0,0,0,0,0,0,1
DF,TBN,40.995278,39.795639,1, ,0.0,0.0,2,5000,0,0,0,0,0,0
TF,ERIDU,41.215333,39.169778,0, ,0.0,0.0,0.0,0.0,0,0,0,0,0,0,0,0

SID,NETP1A,11,5
CA,0,107.0,2,510,0,0,0,0,0,0
CF,CG081,40.979606,39.917192,0,TBN,94.6,5.6,92.0,4.2,0,0,0,0,0,0,0,0
TF,CG094,40.951492,40.168156,0, ,0.0,0.0,0.0,0.0,0,0,0,0,0,0,0,0
TF,NETPU,40.922833,40.418889,0, ,0.0,0.0,0.0,0.0,0,0,0,0,0,0,0,0

SID,NETP1M,29,2
CA,0,287.0,2,510,0,0,0,0,0,0
FD,TBN,40.995278,39.795639,0,TBN,0.0,6.0,288.0,6.0,0,0,0,0,0,0,0,0
DF,TBN,40.995278,39.795639,2, ,0.0,0.0,2,5000,0,0,0,0,0,0
TF,NETPU,40.922833,40.418889,0, ,0.0,0.0,0.0,0.0,0,0,0,1,250,0,0,0

SID,NETP1U,11,2
CA,0,107.0,2,510,0,0,0,0,0,0
CF,D099D,40.979106,39.880961,0,TBN,99.0,4.0,99.0,3.0,0,0,0,0,0,0,0,0
TF,D099H,40.962875,39.966328,0, ,0.0,0.0,0.0,0.0,0,0,0,0,0,0,0,1
DF,TBN,40.995278,39.795639,1, ,0.0,0.0,2,5000,0,0,0,0,0,0
VI,1, ,0.0,64.0,0,0,0,0,0,0,0,0
CF,NETPU,40.922833,40.418889,0,TBN,93.5,28.7,94.0,22.0,0,0,0,1,250,0,0,0

SID,NIVA1A,11,5
CA,0,107.0,2,510,0,0,0,0,0,0
CF,CG081,40.979606,39.917192,0,TBN,94.6,5.6,92.0,4.2,0,0,0,1,210,0,0,0
TF,CG049,41.315986,39.974656,0, ,0.0,0.0,0.0,0.0,3,13000,0,0,0,0,0,0
TF,NIVAX,41.489278,39.634194,0, ,0.0,0.0,0.0,0.0,0,0,0,0,0,0,0,0

SID,NIVA1G,29,5
CF,CG023,41.024772,39.693689,0,TBN,285.9,5.0,287.0,4.0,0,0,0,1,190,0,0,0
TF,CG010,41.261144,39.663517,0, ,0.0,0.0,0.0,0.0,3,8000,0,0,0,0,0,0
TF,NIVAX,41.489278,39.634194,0, ,0.0,0.0,0.0,0.0,0,0,0,0,0,0,0,0

SID,NIVA1M,29,2
CA,0,287.0,2,510,0,0,0,0,0,0
FD,TBN,40.995278,39.795639,0,TBN,0.0,6.0,288.0,6.0,0,0,0,0,0,0,0,0
VI,0, ,0.0,11.0,0,0,0,0,0,0,0,0
CF,NIVAX,41.489278,39.634194,0,TBN,341.2,30.5,341.0,17.0,0,0,0,1,250,0,0,0

SID,NIVA1U,11,2
CA,0,107.0,2,510,0,0,0,0,0,0
CF,D099D,40.979106,39.880961,0,TBN,99.0,4.0,99.0,3.0,0,0,0,0,0,0,0,0
TF,D099H,40.962875,39.966328,0, ,0.0,0.0,0.0,0.0,0,0,0,0,0,0,0,1
DF,TBN,40.995278,39.795639,1, ,0.0,0.0,2,5000,0,0,0,0,0,0
TF,NIVAX,41.489278,39.634194,2, ,0.0,0.0,0.0,0.0,0,0,0,1,250,0,0,0

SID,PIXA1A,11,5
CA,0,107.0,2,510,0,0,0,0,0,0
CF,CG081,40.979606,39.917192,0,TBN,94.6,5.6,92.0,4.2,0,0,0,0,0,0,0,0
TF,CG094,40.951492,40.168156,0, ,0.0,0.0,0.0,0.0,0,0,0,0,0,0,0,0
TF,CG097,40.849625,40.148136,0, ,0.0,0.0,0.0,0.0,2,7500,0,0,0,0,0,0
TF,CG098,40.677336,39.921481,0, ,0.0,0.0,0.0,0.0,4,16000,12000,0,0,0,0,0
TF,PIXAP,40.501583,39.692111,0, ,0.0,0.0,0.0,0.0,0,0,0,0,0,0,0,0

SID,PIXA1G,29,5
CF,CG023,41.024772,39.693689,0,TBN,285.9,5.0,287.0,4.0,0,0,0,1,190,0,0,0
TF,CG024,41.117442,39.743681,0, ,0.0,0.0,0.0,0.0,0,0,0,1,210,0,0,0
TF,CG025,41.076353,39.876328,0, ,0.0,0.0,0.0,0.0,0,0,0,1,230,0,0,0
TF,CG026,40.976261,39.875642,0, ,0.0,0.0,0.0,0.0,4,8000,6400,1,250,0,0,0
TF,CG071,40.898019,39.735686,0, ,0.0,0.0,0.0,0.0,2,9000,0,0,0,0,0,0
TF,CG072,40.819094,39.595161,0, ,0.0,0.0,0.0,0.0,0,0,0,0,0,0,0,0
TF,PIXAP,40.501583,39.692111,0, ,0.0,0.0,0.0,0.0,0,0,0,0,0,0,0,0

SID,TEME1A,11,5
CA,0,107.0,2,510,0,0,0,0,0,0
CF,CG081,40.979606,39.917192,0,TBN,94.6,5.6,92.0,4.2,0,0,0,1,210,0,0,0
TF,CG082,41.076561,39.933689,0, ,0.0,0.0,0.0,0.0,0,0,0,1,230,0,0,0
TF,CG015,41.154442,39.682178,0, ,0.0,0.0,0.0,0.0,2,7000,0,0,0,0,0,0
TF,CG016,41.032461,39.536303,0, ,0.0,0.0,0.0,0.0,0,0,0,0,0,0,0,0
TF,TEMEL,41.057222,39.137222,0, ,0.0,0.0,0.0,0.0,0,0,0,0,0,0,0,0

SID,TEME1M,29,2
CA,0,287.0,2,510,0,0,0,0,0,0
FD,TBN,40.995278,39.795639,0,TBN,0.0,10.0,288.0,10.0,0,0,0,0,0,0,0,0
VI,0, ,0.0,242.0,0,0,0,0,0,0,0,0
CF,TEMEL,41.057222,39.137222,0,TBN,272.3,30.1,272.0,16.0,0,0,0,1,250,0,0,0

SID,TEME1U,11,2
CA,0,107.0,2,510,0,0,0,0,0,0
CF,D099D,40.979106,39.880961,0,TBN,99.0,4.0,99.0,3.0,0,0,0,0,0,0,0,0
TF,D099H,40.962875,39.966328,0, ,0.0,0.0,0.0,0.0,0,0,0,0,0,0,0,1
DF,TBN,40.995278,39.795639,1, ,0.0,0.0,2,5000,0,0,0,0,0,0
TF,TEMEL,41.057222,39.137222,0, ,0.0,0.0,0.0,0.0,0,0,0,1,250,0,0,0

SID,TOLU1A,11,5
CA,0,107.0,2,510,0,0,0,0,0,0
CF,CG081,40.979606,39.917192,0,TBN,94.6,5.6,92.0,4.2,0,0,0,1,210,0,0,0
TF,CG082,41.076561,39.933689,0, ,0.0,0.0,0.0,0.0,0,0,0,1,230,0,0,0
TF,CG014,41.199464,39.535692,0, ,0.0,0.0,0.0,0.0,2,11000,0,0,0,0,0,0
TF,INGOV,41.233711,39.423722,0, ,0.0,0.0,0.0,0.0,0,0,0,0,0,0,0,0
TF,CG019,41.292544,39.230264,0, ,0.0,0.0,0.0,0.0,0,0,0,0,0,0,0,0
TF,TOLUN,41.340000,38.790000,0, ,0.0,0.0,0.0,0.0,0,0,0,0,0,0,0,0

SID,TOLU1G,29,5
CF,CG023,41.024772,39.693689,0,TBN,285.9,5.0,287.0,4.0,0,0,0,0,0,0,0,0
TF,CG048,41.158358,39.257711,0, ,0.0,0.0,0.0,0.0,4,11000,6000,0,0,0,0,0
TF,TOLUN,41.340000,38.790000,0, ,0.0,0.0,0.0,0.0,0,0,0,0,0,0,0,0

STAR,ATPU1D,11,2
IF,ATPUM,41.193333,40.375944, ,0.0,0.0,0,0,0,1,250,0,0,0
TF,TBN,40.995278,39.795639,0, ,0.0,0.0,0.0,0.0,0,0,0,0,0,0,0,0

STAR,ATPU1E,29,2
IF,ATPUM,41.193333,40.375944, ,0.0,0.0,0,0,0,1,250,0,0,0
TF,TBN,40.995278,39.795639,0, ,0.0,0.0,0.0,0.0,0,0,0,0,0,0,0,0

STAR,ATPU1S,11,5
IF,ATPUM,41.193333,40.375944, ,0.0,0.0,0,0,0,0,0,0,0,0
TF,CG823,41.211081,40.193297,0, ,0.0,0.0,0.0,0.0,2,18000,0,0,0,0,0,0
TF,CG436,41.246367,39.820589,0, ,0.0,0.0,0.0,0.0,2,14000,0,0,0,0,0,0
TF,TUDVO,41.347164,39.516906,0, ,0.0,0.0,0.0,0.0,1,10000,0,0,0,0,0,0
TF,INGOV,41.233711,39.423722,0, ,0.0,0.0,0.0,0.0,2,8000,0,0,0,0,0,0
TF,OTPEX,41.125433,39.365833,0, ,0.0,0.0,0.0,0.0,1,6000,0,1,210,0,0,0
TF,EKPIT,41.050256,39.611075,0, ,0.0,0.0,0.0,0.0,1,3000,0,1,180,0,0,0

STAR,ATPU1T,29,5
IF,ATPUM,41.193333,40.375944, ,0.0,0.0,2,10000,0,0,0,0,0,0
TF,CG925,41.026247,40.138831,0, ,0.0,0.0,0.0,0.0,2,6000,0,0,0,0,0,0
TF,LEVSU,40.912233,40.105564,0, ,0.0,0.0,0.0,0.0,1,4300,0,1,210,0,0,0
TF,EVDAX,40.930178,39.998175,0, ,0.0,0.0,0.0,0.0,1,3700,0,1,180,0,0,0

STAR,BAVT1D,11,2
IF,BAVTI,40.662806,40.254611, ,0.0,0.0,0,0,0,1,250,0,0,0
TF,D129G,40.914878,39.907281,0, ,0.0,0.0,0.0,0.0,0,0,0,0,0,0,0,0
TF,TBN,40.995278,39.795639,0, ,0.0,0.0,0.0,0.0,0,0,0,0,0,0,0,0

STAR,BAVT1E,29,2
IF,BAVTI,40.662806,40.254611, ,0.0,0.0,0,0,0,1,250,0,0,0
TF,D129G,40.914878,39.907281,0, ,0.0,0.0,0.0,0.0,0,0,0,0,0,0,0,0
TF,TBN,40.995278,39.795639,0, ,0.0,0.0,0.0,0.0,0,0,0,0,0,0,0,0

STAR,BAVT1S,11,5
IF,BAVTI,40.662806,40.254611, ,0.0,0.0,0,0,0,0,0,0,0,0
TF,CG790,40.801456,39.812617,0, ,0.0,0.0,0.0,0.0,2,17000,0,0,0,0,0,0
TF,CG791,40.851911,39.649958,0, ,0.0,0.0,0.0,0.0,2,15000,0,0,0,0,0,0
TF,CG542,40.952142,39.323892,0, ,0.0,0.0,0.0,0.0,2,11000,0,0,0,0,0,0
TF,CG543,41.091383,39.251469,0, ,0.0,0.0,0.0,0.0,2,8000,0,0,0,0,0,0
TF,OTPEX,41.125433,39.365833,0, ,0.0,0.0,0.0,0.0,1,6000,0,1,210,0,0,0
TF,EKPIT,41.050256,39.611075,0, ,0.0,0.0,0.0,0.0,1,3000,0,1,180,0,0,0

STAR,BAVT1T,29,5
IF,BAVTI,40.662806,40.254611, ,0.0,0.0,0,0,0,0,0,0,0,0
TF,CG384,40.752608,40.263811,0, ,0.0,0.0,0.0,0.0,2,10000,0,0,0,0,0,0
TF,CG385,40.883314,40.277258,0, ,0.0,0.0,0.0,0.0,2,7000,0,0,0,0,0,0
TF,LEVSU,40.912233,40.105564,0, ,0.0,0.0,0.0,0.0,1,4300,0,1,210,0,0,0
TF,EVDAX,40.930178,39.998175,0, ,0.0,0.0,0.0,0.0,1,3700,0,1,180,0,0,0

STAR,ERID1D,11,2
IF,ERIDU,41.215333,39.169778, ,0.0,0.0,0,0,0,1,250,0,0,0
TF,TBN,40.995278,39.795639,0, ,0.0,0.0,0.0,0.0,0,0,0,0,0,0,0,0

STAR,ERID1E,29,2
IF,ERIDU,41.215333,39.169778, ,0.0,0.0,0,0,0,1,250,0,0,0
TF,TBN,40.995278,39.795639,0, ,0.0,0.0,0.0,0.0,0,0,0,0,0,0,0,0

STAR,NETP1D,11,2
IF,NETPU,40.922833,40.418889, ,0.0,0.0,0,0,0,1,250,0,0,0
TF,D094S,40.947631,40.208939,0, ,0.0,0.0,0.0,0.0,0,0,0,0,0,0,0,0
TF,D094J,40.970383,40.013239,0, ,0.0,0.0,0.0,0.0,0,0,0,0,0,0,0,0
TF,TBN,40.995278,39.795639,0, ,0.0,0.0,0.0,0.0,0,0,0,0,0,0,0,0

STAR,NETP1E,29,2
IF,NETPU,40.922833,40.418889, ,0.0,0.0,0,0,0,1,250,0,0,0
TF,D094S,40.947631,40.208939,0, ,0.0,0.0,0.0,0.0,0,0,0,0,0,0,0,0
TF,D094J,40.970383,40.013239,0, ,0.0,0.0,0.0,0.0,0,0,0,0,0,0,0,0
TF,TBN,40.995278,39.795639,0, ,0.0,0.0,0.0,0.0,0,0,0,0,0,0,0,0

STAR,NETP1S,11,5
IF,NETPU,40.922833,40.418889, ,0.0,0.0,0,0,0,0,0,0,0,0
TF,CG435,41.131172,40.163619,0, ,0.0,0.0,0.0,0.0,2,18000,0,0,0,0,0,0
TF,CG436,41.246367,39.820589,0, ,0.0,0.0,0.0,0.0,2,14000,0,0,0,0,0,0
TF,TUDVO,41.347164,39.516906,0, ,0.0,0.0,0.0,0.0,1,10000,0,0,0,0,0,0
TF,INGOV,41.233711,39.423722,0, ,0.0,0.0,0.0,0.0,2,8000,0,0,0,0,0,0
TF,OTPEX,41.125433,39.365833,0, ,0.0,0.0,0.0,0.0,1,6000,0,1,210,0,0,0
TF,EKPIT,41.050256,39.611075,0, ,0.0,0.0,0.0,0.0,1,3000,0,1,180,0,0,0

STAR,NETP1T,29,5
IF,NETPU,40.922833,40.418889, ,0.0,0.0,2,10000,0,0,0,0,0,0
TF,CG276,40.963525,40.268025,0, ,0.0,0.0,0.0,0.0,2,7000,0,0,0,0,0,0
TF,LEVSU,40.912233,40.105564,0, ,0.0,0.0,0.0,0.0,1,4300,0,1,210,0,0,0
TF,EVDAX,40.930178,39.998175,0, ,0.0,0.0,0.0,0.0,1,3700,0,1,180,0,0,0

STAR,NIVA1D,11,2
IF,NIVAX,41.489278,39.634194, ,0.0,0.0,0,0,0,1,250,0,0,0
TF,TBN,40.995278,39.795639,0, ,0.0,0.0,0.0,0.0,0,0,0,0,0,0,0,0

STAR,NIVA1E,29,2
IF,NIVAX,41.489278,39.634194, ,0.0,0.0,0,0,0,1,250,0,0,0
TF,TBN,40.995278,39.795639,0, ,0.0,0.0,0.0,0.0,0,0,0,0,0,0,0,0

STAR,NIVA1S,11,5
IF,NIVAX,41.489278,39.634194, ,0.0,0.0,0,0,0,0,0,0,0,0
TF,TUDVO,41.347164,39.516906,0, ,0.0,0.0,0.0,0.0,1,10000,0,0,0,0,0,0
TF,INGOV,41.233711,39.423722,0, ,0.0,0.0,0.0,0.0,2,8000,0,0,0,0,0,0
TF,OTPEX,41.125433,39.365833,0, ,0.0,0.0,0.0,0.0,1,6000,0,1,210,0,0,0
TF,EKPIT,41.050256,39.611075,0, ,0.0,0.0,0.0,0.0,1,3000,0,1,180,0,0,0

STAR,NIVA1T,29,5
IF,NIVAX,41.489278,39.634194, ,0.0,0.0,0,0,0,0,0,0,0,0
TF,CG921,41.107175,39.857244,0, ,0.0,0.0,0.0,0.0,2,10000,0,0,0,0,0,0
TF,CG923,41.055936,40.035883,0, ,0.0,0.0,0.0,0.0,0,0,0,0,0,0,0,0
TF,CG925,41.026247,40.138831,0, ,0.0,0.0,0.0,0.0,2,6000,0,0,0,0,0,0
TF,LEVSU,40.912233,40.105564,0, ,0.0,0.0,0.0,0.0,1,4300,0,1,210,0,0,0
TF,EVDAX,40.930178,39.998175,0, ,0.0,0.0,0.0,0.0,1,3700,0,1,180,0,0,0

STAR,OTOJ1D,11,2
IF,OTOJE,41.330833,40.262222, ,0.0,0.0,0,0,0,1,250,0,0,0
TF,TBN,40.995278,39.795639,0, ,0.0,0.0,0.0,0.0,0,0,0,0,0,0,0,0

STAR,OTOJ1E,29,2
IF,OTOJE,41.330833,40.262222, ,0.0,0.0,0,0,0,1,250,0,0,0
TF,TBN,40.995278,39.795639,0, ,0.0,0.0,0.0,0.0,0,0,0,0,0,0,0,0

STAR,OTOJ1S,11,5
IF,OTOJE,41.330833,40.262222, ,0.0,0.0,0,0,0,0,0,0,0,0
TF,TUDVO,41.347164,39.516906,0, ,0.0,0.0,0.0,0.0,1,10000,0,0,0,0,0,0
TF,INGOV,41.233711,39.423722,0, ,0.0,0.0,0.0,0.0,2,8000,0,0,0,0,0,0
TF,OTPEX,41.125433,39.365833,0, ,0.0,0.0,0.0,0.0,1,6000,0,1,210,0,0,0
TF,EKPIT,41.050256,39.611075,0, ,0.0,0.0,0.0,0.0,1,3000,0,1,180,0,0,0

STAR,OTOJ1T,29,5
IF,OTOJE,41.330833,40.262222, ,0.0,0.0,0,0,0,0,0,0,0,0
TF,CG148,41.200478,40.227289,0, ,0.0,0.0,0.0,0.0,0,0,0,0,0,0,0,0
TF,CG925,41.026247,40.138831,0, ,0.0,0.0,0.0,0.0,2,6000,0,0,0,0,0,0
TF,LEVSU,40.912233,40.105564,0, ,0.0,0.0,0.0,0.0,1,4300,0,1,210,0,0,0
TF,EVDAX,40.930178,39.998175,0, ,0.0,0.0,0.0,0.0,1,3700,0,1,180,0,0,0

STAR,PIXA1D,11,2
IF,PIXAP,40.501583,39.692111, ,0.0,0.0,0,0,0,1,250,0,0,0
TF,D184X,40.600022,39.712628,0, ,0.0,0.0,0.0,0.0,0,0,0,0,0,0,0,0
TF,D184G,40.880003,39.771325,0, ,0.0,0.0,0.0,0.0,0,0,0,0,0,0,0,0
TF,TBN,40.995278,39.795639,0, ,0.0,0.0,0.0,0.0,0,0,0,0,0,0,0,0

STAR,PIXA1E,29,2
IF,PIXAP,40.501583,39.692111, ,0.0,0.0,0,0,0,1,250,0,0,0
TF,D184X,40.600022,39.712628,0, ,0.0,0.0,0.0,0.0,0,0,0,0,0,0,0,0
TF,D184G,40.880003,39.771325,0, ,0.0,0.0,0.0,0.0,0,0,0,0,0,0,0,0
TF,TBN,40.995278,39.795639,0, ,0.0,0.0,0.0,0.0,0,0,0,0,0,0,0,0

STAR,PIXA1S,11,5
IF,PIXAP,40.501583,39.692111, ,0.0,0.0,0,0,0,0,0,0,0,0
TF,CG540,40.612206,39.602250,0, ,0.0,0.0,0.0,0.0,2,17000,0,0,0,0,0,0
TF,CG541,40.725592,39.509778,0, ,0.0,0.0,0.0,0.0,2,15000,0,0,0,0,0,0
TF,CG542,40.952142,39.323892,0, ,0.0,0.0,0.0,0.0,2,11000,0,0,0,0,0,0
TF,CG543,41.091383,39.251469,0, ,0.0,0.0,0.0,0.0,2,8000,0,0,0,0,0,0
TF,OTPEX,41.125433,39.365833,0, ,0.0,0.0,0.0,0.0,1,6000,0,1,210,0,0,0
TF,EKPIT,41.050256,39.611075,0, ,0.0,0.0,0.0,0.0,1,3000,0,1,180,0,0,0

STAR,PIXA1T,29,5
IF,PIXAP,40.501583,39.692111, ,0.0,0.0,0,0,0,0,0,0,0,0
TF,CG145,40.678447,39.821031,0, ,0.0,0.0,0.0,0.0,2,12000,0,0,0,0,0,0
TF,CG146,40.780189,39.994828,0, ,0.0,0.0,0.0,0.0,1,8000,0,0,0,0,0,0
TF,CG147,40.830956,40.081922,0, ,0.0,0.0,0.0,0.0,2,6000,0,0,0,0,0,0
TF,LEVSU,40.912233,40.105564,0, ,0.0,0.0,0.0,0.0,1,4300,0,1,210,0,0,0
TF,EVDAX,40.930178,39.998175,0, ,0.0,0.0,0.0,0.0,1,3700,0,1,180,0,0,0

STAR,TEME1D,11,2
IF,TEMEL,41.057222,39.137222, ,0.0,0.0,0,0,0,1,250,0,0,0
TF,D272J,41.016253,39.577242,0, ,0.0,0.0,0.0,0.0,0,0,0,0,0,0,0,0
TF,TBN,40.995278,39.795639,0, ,0.0,0.0,0.0,0.0,0,0,0,0,0,0,0,0

STAR,TEME1E,29,2
IF,TEMEL,41.057222,39.137222, ,0.0,0.0,0,0,0,1,250,0,0,0
TF,D272J,41.016253,39.577242,0, ,0.0,0.0,0.0,0.0,0,0,0,0,0,0,0,0
TF,TBN,40.995278,39.795639,0, ,0.0,0.0,0.0,0.0,0,0,0,0,0,0,0,0

STAR,TEME1S,11,5
IF,TEMEL,41.057222,39.137222, ,0.0,0.0,2,10000,0,0,0,0,0,0
TF,CG543,41.091383,39.251469,0, ,0.0,0.0,0.0,0.0,2,8000,0,0,0,0,0,0
TF,OTPEX,41.125433,39.365833,0, ,0.0,0.0,0.0,0.0,1,6000,0,1,210,0,0,0
TF,EKPIT,41.050256,39.611075,0, ,0.0,0.0,0.0,0.0,1,3000,0,1,180,0,0,0

STAR,TEME1T,29,5
IF,TEMEL,41.057222,39.137222, ,0.0,0.0,0,0,0,0,0,0,0,0
TF,CG680,41.057453,39.587686,0, ,0.0,0.0,0.0,0.0,2,12000,0,0,0,0,0,0
TF,CG681,41.056472,39.925697,0, ,0.0,0.0,0.0,0.0,2,9000,0,0,0,0,0,0
TF,CG923,41.055936,40.035883,0, ,0.0,0.0,0.0,0.0,0,0,0,0,0,0,0,0
TF,CG925,41.026247,40.138831,0, ,0.0,0.0,0.0,0.0,2,6000,0,0,0,0,0,0
TF,LEVSU,40.912233,40.105564,0, ,0.0,0.0,0.0,0.0,1,4300,0,1,210,0,0,0
TF,EVDAX,40.930178,39.998175,0, ,0.0,0.0,0.0,0.0,1,3700,0,1,180,0,0,0

STAR,TOLU1S,11,5
IF,TOLUN,41.340000,38.790000, ,0.0,0.0,0,0,0,0,0,0,0,0
TF,ERIDU,41.215333,39.169778,0, ,0.0,0.0,0.0,0.0,2,9000,0,0,0,0,0,0
TF,OTPEX,41.125433,39.365833,0, ,0.0,0.0,0.0,0.0,1,6000,0,1,210,0,0,0
TF,EKPIT,41.050256,39.611075,0, ,0.0,0.0,0.0,0.0,1,3000,0,1,180,0,0,0

STAR,TOLU1T,29,5
IF,TOLUN,41.340000,38.790000, ,0.0,0.0,0,0,0,0,0,0,0,0
TF,CG920,41.233600,39.411047,0, ,0.0,0.0,0.0,0.0,2,15000,0,0,0,0,0,0
TF,CG921,41.107175,39.857244,0, ,0.0,0.0,0.0,0.0,2,10000,0,0,0,0,0,0
TF,CG923,41.055936,40.035883,0, ,0.0,0.0,0.0,0.0,0,0,0,0,0,0,0,0
TF,CG925,41.026247,40.138831,0, ,0.0,0.0,0.0,0.0,2,6000,0,0,0,0,0,0
TF,LEVSU,40.912233,40.105564,0, ,0.0,0.0,0.0,0.0,1,4300,0,1,210,0,0,0
TF,EVDAX,40.930178,39.998175,0, ,0.0,0.0,0.0,0.0,1,3700,0,1,180,0,0,0

APPTR,I11-Y,11,TBN1
IF,TBN,40.995278,39.795639, ,0.0,0.0,2,6000,0,0,0,0,0,0
FD,TBN,40.995278,39.795639,0,TBN,0.0,9.0,301.0,9.0,2,3000,0,0,0,0,0,0
CF,CI11,41.051197,39.609103,1,ITBZ,287.4,9.7,107.0,1.0,2,3000,0,0,0,0,0,0

APPTR,I11-Y,11,TBN2
IF,TBN,40.995278,39.795639, ,0.0,0.0,2,6000,0,0,0,0,0,0
FD,TBN,40.995278,39.795639,0,TBN,0.0,9.0,297.0,9.0,2,3000,0,0,0,0,0,0
CF,CI11,41.051197,39.609103,1,ITBZ,287.4,9.7,107.0,1.0,2,3000,0,0,0,0,0,0

FINAL,I11-Y,11,I,3
IF,CI11,41.051197,39.609103,ITBZ,287.4,9.7,2,3000,0,0,0,0,0,0
CF,FI11,41.025886,39.690617,0,ITBZ,287.4,5.7,107.0,4.0,1,1600,0,0,0,0,2,0
CF,RW11,40.999572,39.775183,0,ITBZ,287.3,1.5,107.0,4.2,1,160,0,0,0,0,3,0
CA,0,107.0,2,800,0,0,0,0,0,0
FA,TBN,40.995278,39.795639,0,TBN,0.0,0.0,29.0,2,3500,0,0,0,0,0,0
DF,TBN,40.995278,39.795639,1, ,0.0,0.0,1,6000,0,0,0,0,0,0
HM,TBN,40.995278,39.795639,2, ,0.0,0.0,269.0,04.3,2,6000,0,1,230,0,0,0,0

APPTR,I11-Z,11,OTPEX
IF,OTPEX,41.125433,39.365833, ,0.0,0.0,1,6000,0,0,0,0,0,0
FC,OTPEX,41.125433,39.365833,0,TBN,0.0,0.0,107.0,6.0,2,3000,0,0,0,0,0,1
CF,CF11,41.062769,39.570228,0,ITBZ,287.3,11.6,107.0,4.0,2,3000,0,0,0,0,0,0

FINAL,I11-Z,11,I,3
IF,CF11,41.062769,39.570228,ITBZ,287.3,11.6,2,3000,0,0,0,0,0,0
CF,EKPIT,41.050256,39.611075,0,ITBZ,287.3,9.6,107.0,2.0,1,3000,0,0,0,0,2,0
CF,RW11,40.999572,39.775183,0,ITBZ,287.3,1.5,107.0,8.0,1,160,0,0,0,0,3,0
CA,0,107.0,2,800,0,0,0,0,0,0
FA,TBN,40.995278,39.795639,0,TBN,0.0,0.0,29.0,2,3500,0,0,0,0,0,0
DF,TBN,40.995278,39.795639,1, ,0.0,0.0,1,6000,0,0,0,0,0,0
HM,TBN,40.995278,39.795639,2, ,0.0,0.0,269.0,04.3,2,6000,0,1,230,0,0,0,0

APPTR,L29-Y,29,TBN
IF,TBN,40.995278,39.795639, ,0.0,0.0,2,7500,0,0,0,0,0,0
FD,TBN,40.995278,39.795639,0,TBN,0.0,14.0,97.0,14.0,0,0,0,0,0,0,0,0
CF,D108N,40.903703,40.078903,2,TBN,108.0,14.0,288.0,1.0,0,0,0,0,0,0,0,0
CF,CL29,40.919814,40.032669,0,ITRB,107.1,12.8,288.0,2.3,1,4300,0,0,0,0,0,0

FINAL,L29-Y,29,D,4
IF,CL29,40.919814,40.032669,ITRB,107.1,12.8,1,4300,0,0,0,0,0,0
CF,FL29,40.949294,39.936928,0,ITRB,107.2,8.1,287.0,4.7,2,2580,0,0,0,0,2,0
CF,51LOC,40.968308,39.875883,0,ITRB,107.2,5.1,287.0,3.0,2,1460,0,0,0,0,0,0
CF,ML29,40.980964,39.835167,0,ITRB,107.2,3.1,287.0,2.0,1,710,0,0,0,0,3,0
CA,0,302.0,2,1500,0,1,220,0,0,0
CF,TUTLU,41.198914,39.534931,0,TBN,311.0,17.0,311.0,17.0,1,4000,0,0,0,0,0,0
HM,TUTLU,41.198914,39.534931,1, ,0.0,0.0,131.0,04.3,2,4000,0,1,230,0,0,0,0

FINAL,L29-Z,29,D,4
IF,EVDAX,40.930178,39.998175,ITRB,107.2,11.1,1,3700,0,1,180,0,0,0
CF,FL29,40.949294,39.936928,0,ITRB,107.2,8.1,287.0,3.0,2,2580,0,0,0,0,2,0
CF,51LOC,40.968308,39.875883,0,ITRB,107.2,5.1,287.0,3.0,2,1460,0,0,0,0,0,0
CF,ML29,40.980964,39.835167,0,ITRB,107.2,3.1,287.0,2.0,1,710,0,0,0,0,3,0
CA,0,302.0,2,1500,0,1,220,0,0,0
CF,TUTLU,41.198914,39.534931,0,TBN,311.0,17.0,311.0,17.0,1,4000,0,0,0,0,0,0
HM,TUTLU,41.198914,39.534931,1, ,0.0,0.0,131.0,04.3,2,4000,0,1,230,0,0,0,0

APPTR,N11-A,11,TBN1
IF,TBN,40.995278,39.795639, ,0.0,0.0,2,6000,0,0,0,0,0,0
CF,FF103,41.031256,39.649050,0,TBN,283.0,7.0,283.0,7.0,2,3000,0,0,0,0,0,0
FC,FF103,41.031256,39.649050,0,TBN,0.0,0.0,328.0,4.3,0,0,0,0,0,0,0,1
CF,FF103,41.031256,39.649050,1,TBN,283.0,7.0,103.0,5.0,2,3000,0,0,0,0,0,0

APPTR,N11-A,11,TBN2
IF,TBN,40.995278,39.795639, ,0.0,0.0,2,6000,0,0,0,0,0,0
CF,FF103,41.031256,39.649050,0,TBN,283.0,7.0,283.0,7.0,2,3000,0,0,0,0,0,0
FC,FF103,41.031256,39.649050,0,TBN,0.0,0.0,328.0,4.3,0,0,0,0,0,0,0,1
CF,FF103,41.031256,39.649050,1,TBN,283.0,7.0,103.0,5.0,2,3000,0,0,0,0,0,0

FINAL,N11-A,11,N,2
IF,FF103,41.031256,39.649050,TBN,0.0,0.0,2,3000,0,0,0,0,2,0
CF,TBN,40.995278,39.795639,0,TBN,0.0,0.0,103.0,7.0,1,1550,0,0,0,0,3,0
FA,TBN,40.995278,39.795639,0,TBN,0.0,0.0,29.0,2,3500,0,0,0,0,0,0
DF,TBN,40.995278,39.795639,1, ,0.0,0.0,1,6000,0,0,0,0,0,0
HM,TBN,40.995278,39.795639,2, ,0.0,0.0,269.0,04.3,2,6000,0,1,230,0,0,0,0

APPTR,N29-A,29,TBN1
IF,TBN,40.995278,39.795639, ,0.0,0.0,2,6000,0,0,0,0,0,0
CF,FF103,41.031256,39.649050,0,TBN,283.0,7.0,283.0,7.0,2,3000,0,0,0,0,0,0
FC,FF103,41.031256,39.649050,0,TBN,0.0,0.0,328.0,4.3,0,0,0,0,0,0,0,1
CF,FF103,41.031256,39.649050,1,TBN,283.0,7.0,103.0,5.0,2,3000,0,0,0,0,0,0

APPTR,N29-A,29,TBN2
IF,TBN,40.995278,39.795639, ,0.0,0.0,2,6000,0,0,0,0,0,0
CF,FF103,41.031256,39.649050,0,TBN,283.0,7.0,283.0,7.0,2,3000,0,0,0,0,0,0
FC,FF103,41.031256,39.649050,0,TBN,0.0,0.0,328.0,4.3,0,0,0,0,0,0,0,1
CF,FF103,41.031256,39.649050,1,TBN,283.0,7.0,103.0,5.0,2,3000,0,0,0,0,0,0

FINAL,N29-A,29,N,2
IF,FF103,41.031256,39.649050,TBN,0.0,0.0,2,3000,0,0,0,0,2,0
CF,TBN,40.995278,39.795639,0,TBN,0.0,0.0,103.0,7.0,1,1550,0,0,0,0,3,0
FA,TBN,40.995278,39.795639,0,TBN,0.0,0.0,29.0,2,3500,0,0,0,0,0,0
DF,TBN,40.995278,39.795639,1, ,0.0,0.0,1,6000,0,0,0,0,0,0
HM,TBN,40.995278,39.795639,2, ,0.0,0.0,269.0,04.3,2,6000,0,1,230,0,0,0,0

APPTR,Q11-B,11,TBN
IF,TBN,40.995278,39.795639, ,0.0,0.0,2,6000,0,0,0,0,1,0
CF,EKPIT,41.050256,39.611075,0,TBN,286.5,9.0,287.0,9.0,2,3000,0,0,0,0,0,0
FC,EKPIT,41.050256,39.611075,0,TBN,0.0,0.0,332.0,4.3,0,0,0,0,0,0,0,1
CF,EKPIT,41.050256,39.611075,1,TBN,286.5,9.0,107.0,5.0,2,3000,0,0,0,0,0,0

FINAL,Q11-B,11,N,4
IF,EKPIT,41.050256,39.611075,TBN,0.0,0.0,2,3000,0,0,0,0,2,0
CF,70VOR,41.038919,39.652714,0,TBN,0.0,0.0,107.0,2.0,2,2300,0,0,0,0,0,0
CF,40VOR,41.020236,39.714003,0,TBN,0.0,0.0,107.0,3.0,2,1550,0,0,0,0,0,0
CF,TBN,40.995278,39.795639,0,TBN,0.0,0.0,107.0,4.0,1,1550,0,0,0,0,3,0
FA,TBN,40.995278,39.795639,0,TBN,0.0,0.0,29.0,2,3500,0,0,0,0,0,0
DF,TBN,40.995278,39.795639,1, ,0.0,0.0,1,6000,0,0,0,0,0,0
HM,TBN,40.995278,39.795639,2, ,0.0,0.0,269.0,04.3,2,6000,0,1,230,0,0,0,0

FINAL,Q11-C,11,N,4
IF,FF269,40.983433,40.015197,TBN,0.0,0.0,2,4300,0,0,0,0,2,0
CF,50VOR,40.989408,39.905442,0,TBN,0.0,0.0,269.0,5.0,2,2400,0,0,0,0,0,0
CF,20VOR,40.992942,39.839578,0,TBN,0.0,0.0,269.0,3.0,2,1550,0,0,0,0,0,0
CF,TBN,40.995278,39.795639,0,TBN,0.0,0.0,269.0,2.0,1,1550,0,0,0,0,3,0
FA,TBN,40.995278,39.795639,0,TBN,0.0,0.0,299.0,2,3500,0,0,0,0,0,0
DF,TBN,40.995278,39.795639,2, ,0.0,0.0,1,6000,0,0,0,0,0,0
HM,TBN,40.995278,39.795639,2, ,0.0,0.0,269.0,04.3,2,6000,0,1,230,0,0,0,0

APPTR,Q29-B,29,TBN
IF,TBN,40.995278,39.795639, ,0.0,0.0,2,6000,0,0,0,0,1,0
CF,EKPIT,41.050256,39.611075,0,TBN,286.5,9.0,287.0,9.0,2,3000,0,0,0,0,0,0
FC,EKPIT,41.050256,39.611075,0,TBN,0.0,0.0,332.0,4.3,0,0,0,0,0,0,0,1
CF,EKPIT,41.050256,39.611075,1,TBN,286.5,9.0,107.0,5.0,2,3000,0,0,0,0,0,0

FINAL,Q29-B,29,N,4
IF,EKPIT,41.050256,39.611075,TBN,0.0,0.0,2,3000,0,0,0,0,2,0
CF,70VOR,41.038919,39.652714,0,TBN,0.0,0.0,107.0,2.0,2,2300,0,0,0,0,0,0
CF,40VOR,41.020236,39.714003,0,TBN,0.0,0.0,107.0,3.0,2,1550,0,0,0,0,0,0
CF,TBN,40.995278,39.795639,0,TBN,0.0,0.0,107.0,4.0,1,1550,0,0,0,0,3,0
FA,TBN,40.995278,39.795639,0,TBN,0.0,0.0,29.0,2,3500,0,0,0,0,0,0
DF,TBN,40.995278,39.795639,1, ,0.0,0.0,1,6000,0,0,0,0,0,0
HM,TBN,40.995278,39.795639,2, ,0.0,0.0,269.0,04.3,2,6000,0,1,230,0,0,0,0

FINAL,Q29-C,29,N,4
IF,FF269,40.983433,40.015197,TBN,0.0,0.0,2,4300,0,0,0,0,2,0
CF,50VOR,40.989408,39.905442,0,TBN,0.0,0.0,269.0,5.0,2,2400,0,0,0,0,0,0
CF,20VOR,40.992942,39.839578,0,TBN,0.0,0.0,269.0,3.0,2,1550,0,0,0,0,0,0
CF,TBN,40.995278,39.795639,0,TBN,0.0,0.0,269.0,2.0,1,1550,0,0,0,0,3,0
FA,TBN,40.995278,39.795639,0,TBN,0.0,0.0,299.0,2,3500,0,0,0,0,0,0
DF,TBN,40.995278,39.795639,2, ,0.0,0.0,1,6000,0,0,0,0,0,0
HM,TBN,40.995278,39.795639,2, ,0.0,0.0,269.0,04.3,2,6000,0,1,230,0,0,0,0

APPTR,V11-A,11,TBN1
IF,TBN,40.995278,39.795639, ,0.0,0.0,2,6000,0,0,0,0,0,0
CF,FF103,41.031256,39.649050,0,TBN,283.0,7.0,283.0,7.0,2,3000,0,0,0,0,0,0
FC,FF103,41.031256,39.649050,0,TBN,0.0,0.0,328.0,4.3,0,0,0,0,0,0,0,1
CF,FF103,41.031256,39.649050,1,TBN,283.0,7.0,103.0,5.0,2,3000,0,0,0,0,0,0

APPTR,V11-A,11,TBN2
IF,TBN,40.995278,39.795639, ,0.0,0.0,2,6000,0,0,0,0,0,0
CF,FF103,41.031256,39.649050,0,TBN,283.0,7.0,283.0,7.0,2,3000,0,0,0,0,0,0
FC,FF103,41.031256,39.649050,0,TBN,0.0,0.0,328.0,4.3,0,0,0,0,0,0,0,1
CF,FF103,41.031256,39.649050,1,TBN,283.0,7.0,103.0,5.0,2,3000,0,0,0,0,0,0

FINAL,V11-A,11,D,2
IF,FF103,41.031256,39.649050,TBN,283.0,7.0,2,3000,0,0,0,0,2,0
CF,TBN,40.995278,39.795639,0,TBN,0.0,0.0,103.0,7.0,1,1550,0,0,0,0,3,0
FA,TBN,40.995278,39.795639,0,TBN,0.0,0.0,29.0,2,3500,0,0,0,0,0,0
DF,TBN,40.995278,39.795639,1, ,0.0,0.0,1,6000,0,0,0,0,0,0
HM,TBN,40.995278,39.795639,2, ,0.0,0.0,269.0,04.3,2,6000,0,1,230,0,0,0,0

APPTR,V11-B,11,TBN
IF,TBN,40.995278,39.795639, ,0.0,0.0,2,6000,0,0,0,0,1,0
CF,EKPIT,41.050256,39.611075,0,TBN,286.5,9.0,287.0,9.0,2,3000,0,0,0,0,0,0
FC,EKPIT,41.050256,39.611075,0,TBN,0.0,0.0,332.0,4.3,0,0,0,0,0,0,0,1
CF,EKPIT,41.050256,39.611075,1,TBN,286.5,9.0,107.0,5.0,2,3000,0,0,0,0,0,0

FINAL,V11-B,11,D,4
IF,EKPIT,41.050256,39.611075,TBN,286.5,9.0,2,3000,0,0,0,0,2,0
CF,70VOR,41.038919,39.652714,0,TBN,287.0,7.0,107.0,2.0,2,2300,0,0,0,0,0,0
CF,40VOR,41.020236,39.714003,0,TBN,287.0,4.0,107.0,3.0,2,1550,0,0,0,0,0,0
CF,TBN,40.995278,39.795639,0,TBN,0.0,0.0,107.0,4.0,1,1550,0,0,0,0,3,0
FA,TBN,40.995278,39.795639,0,TBN,0.0,0.0,29.0,2,3500,0,0,0,0,0,0
DF,TBN,40.995278,39.795639,1, ,0.0,0.0,1,6000,0,0,0,0,0,0
HM,TBN,40.995278,39.795639,2, ,0.0,0.0,269.0,04.3,2,6000,0,1,230,0,0,0,0

FINAL,V11-C,11,D,4
IF,FF269,40.983433,40.015197,TBN,89.0,10.0,2,4300,0,0,0,0,2,0
CF,50VOR,40.989408,39.905442,0,TBN,89.0,5.0,269.0,5.0,2,2400,0,0,0,0,0,0
CF,20VOR,40.992942,39.839578,0,TBN,89.0,2.0,269.0,3.0,2,1550,0,0,0,0,0,0
CF,TBN,40.995278,39.795639,0,TBN,0.0,0.0,269.0,2.0,1,1550,0,0,0,0,3,0
FA,TBN,40.995278,39.795639,0,TBN,0.0,0.0,299.0,2,3500,0,0,0,0,0,0
DF,TBN,40.995278,39.795639,2, ,0.0,0.0,1,6000,0,0,0,0,0,0
HM,TBN,40.995278,39.795639,2, ,0.0,0.0,269.0,04.3,2,6000,0,1,230,0,0,0,0

APPTR,V11-D,11,OTPEX
IF,OTPEX,41.125433,39.365833, ,0.0,0.0,1,6000,0,0,0,0,0,0
CF,EKPIT,41.050256,39.611075,0,TBN,286.5,9.0,107.0,12.0,2,3000,0,0,0,0,0,0

FINAL,V11-D,11,D,4
IF,EKPIT,41.050256,39.611075,TBN,286.5,9.0,2,3000,0,0,0,0,2,0
CF,70VOR,41.038919,39.652714,0,TBN,287.0,7.0,107.0,2.0,2,2300,0,0,0,0,0,0
CF,40VOR,41.020236,39.714003,0,TBN,287.0,4.0,107.0,3.0,2,1550,0,0,0,0,0,0
CF,TBN,40.995278,39.795639,0,TBN,0.0,0.0,107.0,4.0,1,1550,0,0,0,0,3,0
FA,TBN,40.995278,39.795639,0,TBN,0.0,0.0,29.0,2,3500,0,0,0,0,0,0
DF,TBN,40.995278,39.795639,1, ,0.0,0.0,1,6000,0,0,0,0,0,0
HM,TBN,40.995278,39.795639,2, ,0.0,0.0,269.0,04.3,2,6000,0,1,230,0,0,0,0

APPTR,V29-A,29,TBN1
IF,TBN,40.995278,39.795639, ,0.0,0.0,2,6000,0,0,0,0,0,0
CF,FF103,41.031256,39.649050,0,TBN,283.0,7.0,283.0,7.0,2,3000,0,0,0,0,0,0
FC,FF103,41.031256,39.649050,0,TBN,0.0,0.0,328.0,4.3,0,0,0,0,0,0,0,1
CF,FF103,41.031256,39.649050,1,TBN,283.0,7.0,103.0,5.0,2,3000,0,0,0,0,0,0

APPTR,V29-A,29,TBN2
IF,TBN,40.995278,39.795639, ,0.0,0.0,2,6000,0,0,0,0,0,0
CF,FF103,41.031256,39.649050,0,TBN,283.0,7.0,283.0,7.0,2,3000,0,0,0,0,0,0
FC,FF103,41.031256,39.649050,0,TBN,0.0,0.0,328.0,4.3,0,0,0,0,0,0,0,1
CF,FF103,41.031256,39.649050,1,TBN,283.0,7.0,103.0,5.0,2,3000,0,0,0,0,0,0

FINAL,V29-A,29,D,2
IF,FF103,41.031256,39.649050,TBN,283.0,7.0,2,3000,0,0,0,0,2,0
CF,TBN,40.995278,39.795639,0,TBN,0.0,0.0,103.0,7.0,1,1550,0,0,0,0,3,0
FA,TBN,40.995278,39.795639,0,TBN,0.0,0.0,29.0,2,3500,0,0,0,0,0,0
DF,TBN,40.995278,39.795639,1, ,0.0,0.0,1,6000,0,0,0,0,0,0
HM,TBN,40.995278,39.795639,2, ,0.0,0.0,269.0,04.3,2,6000,0,1,230,0,0,0,0

APPTR,V29-B,29,TBN
IF,TBN,40.995278,39.795639, ,0.0,0.0,2,6000,0,0,0,0,1,0
CF,EKPIT,41.050256,39.611075,0,TBN,286.5,9.0,287.0,9.0,2,3000,0,0,0,0,0,0
FC,EKPIT,41.050256,39.611075,0,TBN,0.0,0.0,332.0,4.3,0,0,0,0,0,0,0,1
CF,EKPIT,41.050256,39.611075,1,TBN,286.5,9.0,107.0,5.0,2,3000,0,0,0,0,0,0

FINAL,V29-B,29,D,4
IF,EKPIT,41.050256,39.611075,TBN,286.5,9.0,2,3000,0,0,0,0,2,0
CF,70VOR,41.038919,39.652714,0,TBN,287.0,7.0,107.0,2.0,2,2300,0,0,0,0,0,0
CF,40VOR,41.020236,39.714003,0,TBN,287.0,4.0,107.0,3.0,2,1550,0,0,0,0,0,0
CF,TBN,40.995278,39.795639,0,TBN,0.0,0.0,107.0,4.0,1,1550,0,0,0,0,3,0
FA,TBN,40.995278,39.795639,0,TBN,0.0,0.0,29.0,2,3500,0,0,0,0,0,0
DF,TBN,40.995278,39.795639,1, ,0.0,0.0,1,6000,0,0,0,0,0,0
HM,TBN,40.995278,39.795639,2, ,0.0,0.0,269.0,04.3,2,6000,0,1,230,0,0,0,0

FINAL,V29-C,29,D,4
IF,FF269,40.983433,40.015197,TBN,89.0,10.0,2,4300,0,0,0,0,2,0
CF,50VOR,40.989408,39.905442,0,TBN,89.0,5.0,269.0,5.0,2,2400,0,0,0,0,0,0
CF,20VOR,40.992942,39.839578,0,TBN,89.0,2.0,269.0,3.0,2,1550,0,0,0,0,0,0
CF,TBN,40.995278,39.795639,0,TBN,0.0,0.0,269.0,2.0,1,1550,0,0,0,0,3,0
FA,TBN,40.995278,39.795639,0,TBN,0.0,0.0,299.0,2,3500,0,0,0,0,0,0
DF,TBN,40.995278,39.795639,2, ,0.0,0.0,1,6000,0,0,0,0,0,0
HM,TBN,40.995278,39.795639,2, ,0.0,0.0,269.0,04.3,2,6000,0,1,230,0,0,0,0

APPTR,V29-D,29,OTPEX
IF,OTPEX,41.125433,39.365833, ,0.0,0.0,1,6000,0,0,0,0,0,0
CF,EKPIT,41.050256,39.611075,0,TBN,286.5,9.0,107.0,12.0,2,3000,0,0,0,0,0,0

FINAL,V29-D,29,D,4
IF,EKPIT,41.050256,39.611075,TBN,286.5,9.0,2,3000,0,0,0,0,2,0
CF,70VOR,41.038919,39.652714,0,TBN,287.0,7.0,107.0,2.0,2,2300,0,0,0,0,0,0
CF,40VOR,41.020236,39.714003,0,TBN,287.0,4.0,107.0,3.0,2,1550,0,0,0,0,0,0
CF,TBN,40.995278,39.795639,0,TBN,0.0,0.0,107.0,4.0,1,1550,0,0,0,0,3,0
FA,TBN,40.995278,39.795639,0,TBN,0.0,0.0,29.0,2,3500,0,0,0,0,0,0
DF,TBN,40.995278,39.795639,1, ,0.0,0.0,1,6000,0,0,0,0,0,0
HM,TBN,40.995278,39.795639,2, ,0.0,0.0,269.0,04.3,2,6000,0,1,230,0,0,0,0

