SID,DONI1T,30L,5
CA,0,297.0,2,1100,0,1,230,0,0,0
DF,BE401,45.004694,19.886139,0, ,0.0,0.0,4,6000,4000,1,230,0,0,0
TF,BE402,44.816861,19.733889,1, ,0.0,0.0,0.0,0.0,4,6000,5000,1,250,0,0,0
TF,BE404,44.660250,19.778889,0, ,0.0,0.0,0.0,0.0,0,0,0,1,250,0,0,0
TF,BE405,44.426583,20.380444,0, ,0.0,0.0,0.0,0.0,0,0,0,1,250,0,0,0
TF,DONIV,44.748861,21.169556,0, ,0.0,0.0,0.0,0.0,2,6000,0,1,250,0,0,0

SID,DONI1T,30R,5
CA,0,297.0,2,1100,0,1,230,0,0,0
DF,BE401,45.004694,19.886139,0, ,0.0,0.0,4,6000,4000,1,230,0,0,0
TF,BE402,44.816861,19.733889,1, ,0.0,0.0,0.0,0.0,4,6000,5000,1,250,0,0,0
TF,BE404,44.660250,19.778889,0, ,0.0,0.0,0.0,0.0,0,0,0,1,250,0,0,0
TF,BE405,44.426583,20.380444,0, ,0.0,0.0,0.0,0.0,0,0,0,1,250,0,0,0
TF,DONIV,44.748861,21.169556,0, ,0.0,0.0,0.0,0.0,2,6000,0,1,250,0,0,0

SID,DONI3N,12L,5
CA,0,117.0,2,1100,0,1,230,0,0,0
DF,BE201,44.700778,20.573250,0, ,0.0,0.0,2,3000,0,1,230,0,0,0
TF,BE203,44.585556,20.829500,0, ,0.0,0.0,0.0,0.0,4,6000,5000,1,250,0,0,0
TF,BE133,44.659361,21.106083,0, ,0.0,0.0,0.0,0.0,0,0,0,1,250,0,0,0
TF,DONIV,44.748861,21.169556,0, ,0.0,0.0,0.0,0.0,2,6000,0,1,250,0,0,0

SID,DONI3N,12R,5
CA,0,117.0,2,1100,0,1,230,0,0,0
DF,BE201,44.700778,20.573250,0, ,0.0,0.0,2,3000,0,1,230,0,0,0
TF,BE203,44.585556,20.829500,0, ,0.0,0.0,0.0,0.0,4,6000,5000,1,250,0,0,0
TF,BE133,44.659361,21.106083,0, ,0.0,0.0,0.0,0.0,0,0,0,1,250,0,0,0
TF,DONIV,44.748861,21.169556,0, ,0.0,0.0,0.0,0.0,2,6000,0,1,250,0,0,0

SID,DONI3W,30L,5
CA,0,297.0,2,1100,0,1,230,0,0,0
DF,BE403,44.675111,20.056694,0, ,0.0,0.0,4,6000,4000,1,250,0,0,0
TF,BE405,44.426583,20.380444,0, ,0.0,0.0,0.0,0.0,0,0,0,1,250,0,0,0
TF,DONIV,44.748861,21.169556,0, ,0.0,0.0,0.0,0.0,2,6000,0,1,250,0,0,0

SID,DONI3W,30R,5
CA,0,297.0,2,1100,0,1,230,0,0,0
DF,BE403,44.675111,20.056694,0, ,0.0,0.0,4,6000,4000,1,250,0,0,0
TF,BE405,44.426583,20.380444,0, ,0.0,0.0,0.0,0.0,0,0,0,1,250,0,0,0
TF,DONIV,44.748861,21.169556,0, ,0.0,0.0,0.0,0.0,2,6000,0,1,250,0,0,0

SID,DONI4H,30L,2
CA,0,297.0,2,1100,0,0,0,0,0,0
DF,OBR,44.643833,20.138444,1, ,0.0,0.0,2,4000,0,1,200,0,0,0
CD, ,0,0,0,TPL,0,0.0,134.0,26.8,4,6000,4000,0,0,0,0,0
CF,OTKIN,44.584472,20.825667,0,VAL,63.7,43.8,64.0,20.0,0,0,0,0,0,0,0,0
CD, ,0,0,0,VAL,0,0.0,64.0,56.7,0,0,0,0,0,0,0,0
CF,DONIV,44.748861,21.169556,0,VAC,189.1,24.1,9.0,5.0,2,6000,0,0,0,0,0,0

SID,DONI4H,30R,2
CA,0,297.0,2,1100,0,0,0,0,0,0
DF,OBR,44.643833,20.138444,1, ,0.0,0.0,2,4000,0,1,200,0,0,0
CD, ,0,0,0,TPL,0,0.0,134.0,26.8,4,6000,4000,0,0,0,0,0
CF,OTKIN,44.584472,20.825667,0,VAL,63.7,43.8,64.0,20.0,0,0,0,0,0,0,0,0
CD, ,0,0,0,VAL,0,0.0,64.0,56.7,0,0,0,0,0,0,0,0
CF,DONIV,44.748861,21.169556,0,VAC,189.1,24.1,9.0,5.0,2,6000,0,0,0,0,0,0

SID,DONI4J,30L,2
CF,D296I,44.893900,20.136322,0,BGD,296.0,8.7,296.0,8.0,2,3000,0,0,0,0,0,1
DF,PA,44.891722,20.641111,2, ,0.0,0.0,4,6000,5000,0,0,0,0,0
TF,DONIV,44.748861,21.169556,0, ,0.0,0.0,0.0,0.0,2,6000,0,0,0,0,0,0

SID,DONI4J,30R,2
CF,D296I,44.893900,20.136322,0,BGD,296.0,8.7,296.0,8.0,2,3000,0,0,0,0,0,1
DF,PA,44.891722,20.641111,2, ,0.0,0.0,4,6000,5000,0,0,0,0,0
TF,DONIV,44.748861,21.169556,0, ,0.0,0.0,0.0,0.0,2,6000,0,0,0,0,0,0

SID,DONI5G,12L,2
CF,TUPKO,44.727500,20.513528,0,BGD,117.4,10.3,117.0,10.0,2,3000,0,0,0,0,0,0
TF,D117Y,44.600172,20.799797,0, ,0.0,0.0,0.0,0.0,4,6000,4000,0,0,0,0,0
CD, ,0,0,0,VAL,0,0.0,64.0,56.7,0,0,0,0,0,0,0,0
CF,DONIV,44.748861,21.169556,0,VAC,189.1,24.1,9.0,5.0,2,6000,0,0,0,0,0,0

SID,DONI5G,12R,2
CF,TUPKO,44.727500,20.513528,0,BGD,117.4,10.3,117.0,10.0,2,3000,0,0,0,0,0,0
TF,D117Y,44.600172,20.799797,0, ,0.0,0.0,0.0,0.0,4,6000,4000,0,0,0,0,0
CD, ,0,0,0,VAL,0,0.0,64.0,56.7,0,0,0,0,0,0,0,0
CF,DONIV,44.748861,21.169556,0,VAC,189.1,24.1,9.0,5.0,2,6000,0,0,0,0,0,0

SID,PELO3F,12L,5
CA,0,117.0,2,1100,0,1,230,0,0,0
DF,BE201,44.700778,20.573250,0, ,0.0,0.0,2,3000,0,1,230,0,0,0
TF,BE203,44.585556,20.829500,0, ,0.0,0.0,0.0,0.0,4,6000,5000,1,250,0,0,0
TF,PELOV,44.954083,20.861194,1, ,0.0,0.0,0.0,0.0,2,13000,0,1,250,0,0,0

SID,PELO3F,12R,5
CA,0,117.0,2,1100,0,1,230,0,0,0
DF,BE201,44.700778,20.573250,0, ,0.0,0.0,2,3000,0,1,230,0,0,0
TF,BE203,44.585556,20.829500,0, ,0.0,0.0,0.0,0.0,4,6000,5000,1,250,0,0,0
TF,PELOV,44.954083,20.861194,1, ,0.0,0.0,0.0,0.0,2,13000,0,1,250,0,0,0

SID,TADA1S,30L,5
CA,0,297.0,2,1100,0,1,230,0,0,0
DF,BE403,44.675111,20.056694,0, ,0.0,0.0,4,6000,4000,1,250,0,0,0
TF,BE208,44.644944,19.876556,0, ,0.0,0.0,0.0,0.0,0,0,0,1,250,0,0,0
TF,BE209,44.882472,19.579028,0, ,0.0,0.0,0.0,0.0,0,0,0,1,250,0,0,0
TF,GULBU,45.130500,19.588167,0, ,0.0,0.0,0.0,0.0,0,0,0,1,250,0,0,0
TF,TADAM,45.247111,19.546056,0, ,0.0,0.0,0.0,0.0,2,6000,0,1,250,0,0,0

SID,TADA1S,30R,5
CA,0,297.0,2,1100,0,1,230,0,0,0
DF,BE403,44.675111,20.056694,0, ,0.0,0.0,4,6000,4000,1,250,0,0,0
TF,BE208,44.644944,19.876556,0, ,0.0,0.0,0.0,0.0,0,0,0,1,250,0,0,0
TF,BE209,44.882472,19.579028,0, ,0.0,0.0,0.0,0.0,0,0,0,1,250,0,0,0
TF,GULBU,45.130500,19.588167,0, ,0.0,0.0,0.0,0.0,0,0,0,1,250,0,0,0
TF,TADAM,45.247111,19.546056,0, ,0.0,0.0,0.0,0.0,2,6000,0,1,250,0,0,0

SID,TADA3G,12L,5
CA,0,117.0,2,1100,0,1,230,0,0,0
DF,BE204,44.503056,20.387139,0, ,0.0,0.0,4,6000,5000,1,230,0,0,0
TF,BE208,44.644944,19.876556,2, ,0.0,0.0,0.0,0.0,0,0,0,1,250,0,0,0
TF,BE209,44.882472,19.579028,0, ,0.0,0.0,0.0,0.0,0,0,0,1,250,0,0,0
TF,GULBU,45.130500,19.588167,0, ,0.0,0.0,0.0,0.0,0,0,0,1,250,0,0,0
TF,TADAM,45.247111,19.546056,0, ,0.0,0.0,0.0,0.0,2,6000,0,1,250,0,0,0

SID,TADA3G,12R,5
CA,0,117.0,2,1100,0,1,230,0,0,0
DF,BE204,44.503056,20.387139,0, ,0.0,0.0,4,6000,5000,1,230,0,0,0
TF,BE208,44.644944,19.876556,2, ,0.0,0.0,0.0,0.0,0,0,0,1,250,0,0,0
TF,BE209,44.882472,19.579028,0, ,0.0,0.0,0.0,0.0,0,0,0,1,250,0,0,0
TF,GULBU,45.130500,19.588167,0, ,0.0,0.0,0.0,0.0,0,0,0,1,250,0,0,0
TF,TADAM,45.247111,19.546056,0, ,0.0,0.0,0.0,0.0,2,6000,0,1,250,0,0,0

SID,TADA3L,12L,5
CA,0,117.0,2,1100,0,1,230,0,0,0
DF,BE202,44.678278,20.623444,0, ,0.0,0.0,2,4000,0,1,230,0,0,0
TF,BE206,44.460333,20.538833,0, ,0.0,0.0,0.0,0.0,4,6000,5000,1,250,0,0,0
TF,BE208,44.644944,19.876556,2, ,0.0,0.0,0.0,0.0,0,0,0,1,250,0,0,0
TF,BE209,44.882472,19.579028,0, ,0.0,0.0,0.0,0.0,0,0,0,1,250,0,0,0
TF,GULBU,45.130500,19.588167,0, ,0.0,0.0,0.0,0.0,0,0,0,1,250,0,0,0
TF,TADAM,45.247111,19.546056,0, ,0.0,0.0,0.0,0.0,2,6000,0,1,250,0,0,0

SID,TADA3L,12R,5
CA,0,117.0,2,1100,0,1,230,0,0,0
DF,BE202,44.678278,20.623444,0, ,0.0,0.0,2,4000,0,1,230,0,0,0
TF,BE206,44.460333,20.538833,0, ,0.0,0.0,0.0,0.0,4,6000,5000,1,250,0,0,0
TF,BE208,44.644944,19.876556,2, ,0.0,0.0,0.0,0.0,0,0,0,1,250,0,0,0
TF,BE209,44.882472,19.579028,0, ,0.0,0.0,0.0,0.0,0,0,0,1,250,0,0,0
TF,GULBU,45.130500,19.588167,0, ,0.0,0.0,0.0,0.0,0,0,0,1,250,0,0,0
TF,TADAM,45.247111,19.546056,0, ,0.0,0.0,0.0,0.0,2,6000,0,1,250,0,0,0

SID,TADA3Z,30L,5
CA,0,297.0,2,1100,0,1,230,0,0,0
DF,BE401,45.004694,19.886139,0, ,0.0,0.0,4,6000,4000,1,230,0,0,0
TF,TADAM,45.247111,19.546056,0, ,0.0,0.0,0.0,0.0,2,6000,0,1,250,0,0,0

SID,TADA3Z,30R,5
CA,0,297.0,2,1100,0,1,230,0,0,0
DF,BE401,45.004694,19.886139,0, ,0.0,0.0,4,6000,4000,1,230,0,0,0
TF,TADAM,45.247111,19.546056,0, ,0.0,0.0,0.0,0.0,2,6000,0,1,250,0,0,0

SID,TADA5T,30L,2
CF,D296I,44.893900,20.136322,0,BGD,296.0,8.7,296.0,8.0,2,3000,0,0,0,0,0,0
TF,DEVDA,44.955889,19.996167,0, ,0.0,0.0,0.0,0.0,4,6000,4000,0,0,0,0,0
CD, ,0,0,0,BGD,0,0.0,296.0,34.7,0,0,0,0,0,0,0,0
CF,TADAM,45.247111,19.546056,0,VAL,340.9,57.2,341.0,8.0,2,6000,0,0,0,0,0,0

SID,TADA5T,30R,2
CF,D296I,44.893900,20.136322,0,BGD,296.0,8.7,296.0,8.0,2,3000,0,0,0,0,0,0
TF,DEVDA,44.955889,19.996167,0, ,0.0,0.0,0.0,0.0,4,6000,4000,0,0,0,0,0
CD, ,0,0,0,BGD,0,0.0,296.0,34.7,0,0,0,0,0,0,0,0
CF,TADAM,45.247111,19.546056,0,VAL,340.9,57.2,341.0,8.0,2,6000,0,0,0,0,0,0

SID,TADA5Y,12L,2
CF,TUPKO,44.727500,20.513528,0,BGD,117.4,10.3,117.0,10.0,2,3000,0,0,0,0,0,0
TF,D117N,44.695381,20.588575,0, ,0.0,0.0,0.0,0.0,0,0,0,0,0,0,0,1
CF,LAVRO,44.494139,20.268500,2,VAL,53.8,19.8,234.0,16.0,4,6000,4000,0,0,0,0,0
CF,D128Q,44.814742,19.723589,0,SMI,128.0,17.1,309.0,29.0,0,0,0,0,0,0,0,0
CF,TADAM,45.247111,19.546056,0,VAL,340.9,57.2,341.0,27.0,2,6000,0,0,0,0,0,0

SID,TADA5Y,12R,2
CF,TUPKO,44.727500,20.513528,0,BGD,117.4,10.3,117.0,10.0,2,3000,0,0,0,0,0,0
TF,D117N,44.695381,20.588575,0, ,0.0,0.0,0.0,0.0,0,0,0,0,0,0,0,1
CF,LAVRO,44.494139,20.268500,2,VAL,53.8,19.8,234.0,16.0,4,6000,4000,0,0,0,0,0
CF,D128Q,44.814742,19.723589,0,SMI,128.0,17.1,309.0,29.0,0,0,0,0,0,0,0,0
CF,TADAM,45.247111,19.546056,0,VAL,340.9,57.2,341.0,27.0,2,6000,0,0,0,0,0,0

SID,TISA3H,12L,5
CA,0,117.0,2,1100,0,1,230,0,0,0
DF,BE201,44.700778,20.573250,0, ,0.0,0.0,2,3000,0,1,230,0,0,0
TF,PA,44.891722,20.641111,1, ,0.0,0.0,0.0,0.0,4,6000,4000,1,250,0,0,0
TF,TISAK,45.422056,20.227306,0, ,0.0,0.0,0.0,0.0,2,6000,0,1,250,0,0,0

SID,TISA3H,12R,5
CA,0,117.0,2,1100,0,1,230,0,0,0
DF,BE201,44.700778,20.573250,0, ,0.0,0.0,2,3000,0,1,230,0,0,0
TF,PA,44.891722,20.641111,1, ,0.0,0.0,0.0,0.0,4,6000,4000,1,250,0,0,0
TF,TISAK,45.422056,20.227306,0, ,0.0,0.0,0.0,0.0,2,6000,0,1,250,0,0,0

SID,TISA3L,30L,5
CA,0,297.0,2,1100,0,1,230,0,0,0
DF,BE401,45.004694,19.886139,0, ,0.0,0.0,4,6000,4000,1,230,0,0,0
TF,TISAK,45.422056,20.227306,0, ,0.0,0.0,0.0,0.0,2,6000,0,1,250,0,0,0

SID,TISA3L,30R,5
CA,0,297.0,2,1100,0,1,230,0,0,0
DF,BE401,45.004694,19.886139,0, ,0.0,0.0,4,6000,4000,1,230,0,0,0
TF,TISAK,45.422056,20.227306,0, ,0.0,0.0,0.0,0.0,2,6000,0,1,250,0,0,0

SID,TISA3S,30L,5
CA,0,297.0,2,1100,0,1,230,0,0,0
DF,BE407,45.051694,20.227028,0, ,0.0,0.0,4,6000,4000,1,250,0,0,0
TF,TISAK,45.422056,20.227306,0, ,0.0,0.0,0.0,0.0,2,6000,0,1,250,0,0,0

SID,TISA3S,30R,5
CA,0,297.0,2,1100,0,1,230,0,0,0
DF,BE407,45.051694,20.227028,0, ,0.0,0.0,4,6000,4000,1,250,0,0,0
TF,TISAK,45.422056,20.227306,0, ,0.0,0.0,0.0,0.0,2,6000,0,1,250,0,0,0

SID,TISA3Z,12L,2
CA,0,117.0,2,1000,0,0,0,0,0,0
VR,1,BGD,45.0,304.0,2,3000,0,1,170,0,0,0
VR,0,BGD,359.0,304.0,2,4000,0,0,0,0,0,0
CF,TISAK,45.422056,20.227306,0,BGD,349.4,36.3,349.0,32.8,2,6000,0,0,0,0,0,0

SID,TISA3Z,12R,2
CA,0,117.0,2,1000,0,0,0,0,0,0
VR,1,BGD,45.0,304.0,2,3000,0,1,170,0,0,0
VR,0,BGD,359.0,304.0,2,4000,0,0,0,0,0,0
CF,TISAK,45.422056,20.227306,0,BGD,349.4,36.3,349.0,32.8,2,6000,0,0,0,0,0,0

SID,TISA7D,30L,2
CF,D296I,44.893900,20.136322,0,BGD,296.0,8.7,296.0,8.0,2,3000,0,0,0,0,0,0
TF,LABUD,44.921389,20.076139,0, ,0.0,0.0,0.0,0.0,0,0,0,0,0,0,0,1
DF,IA,45.043083,20.073111,0, ,0.0,0.0,4,6000,4000,0,0,0,0,0
TF,TISAK,45.422056,20.227306,0, ,0.0,0.0,0.0,0.0,2,6000,0,0,0,0,0,0

SID,TISA7D,30R,2
CF,D296I,44.893900,20.136322,0,BGD,296.0,8.7,296.0,8.0,2,3000,0,0,0,0,0,0
TF,LABUD,44.921389,20.076139,0, ,0.0,0.0,0.0,0.0,0,0,0,0,0,0,0,1
DF,IA,45.043083,20.073111,0, ,0.0,0.0,4,6000,4000,0,0,0,0,0
TF,TISAK,45.422056,20.227306,0, ,0.0,0.0,0.0,0.0,2,6000,0,0,0,0,0,0

SID,TISA8E,12L,2
CF,TUPKO,44.727500,20.513528,0,BGD,117.4,10.3,117.0,10.0,2,3000,0,0,0,0,0,0
TF,D117N,44.695381,20.588575,0, ,0.0,0.0,0.0,0.0,0,0,0,0,0,0,0,1
DF,PA,44.891722,20.641111,1, ,0.0,0.0,4,6000,4000,0,0,0,0,0
TF,TISAK,45.422056,20.227306,0, ,0.0,0.0,0.0,0.0,2,6000,0,0,0,0,0,0

SID,TISA8E,12R,2
CF,TUPKO,44.727500,20.513528,0,BGD,117.4,10.3,117.0,10.0,2,3000,0,0,0,0,0,0
TF,D117N,44.695381,20.588575,0, ,0.0,0.0,0.0,0.0,0,0,0,0,0,0,0,1
DF,PA,44.891722,20.641111,1, ,0.0,0.0,4,6000,4000,0,0,0,0,0
TF,TISAK,45.422056,20.227306,0, ,0.0,0.0,0.0,0.0,2,6000,0,0,0,0,0,0

SID,TPL3D,12L,5
CA,0,117.0,2,1100,0,1,230,0,0,0
DF,BE202,44.678278,20.623444,0, ,0.0,0.0,2,4000,0,1,230,0,0,0
TF,BE205,44.393028,20.688278,0, ,0.0,0.0,0.0,0.0,4,6000,5000,1,250,0,0,0
TF,TPL,44.143500,20.744444,0, ,0.0,0.0,0.0,0.0,2,6000,0,1,250,0,0,0

SID,TPL3D,12R,5
CA,0,117.0,2,1100,0,1,230,0,0,0
DF,BE202,44.678278,20.623444,0, ,0.0,0.0,2,4000,0,1,230,0,0,0
TF,BE205,44.393028,20.688278,0, ,0.0,0.0,0.0,0.0,4,6000,5000,1,250,0,0,0
TF,TPL,44.143500,20.744444,0, ,0.0,0.0,0.0,0.0,2,6000,0,1,250,0,0,0

SID,TPL3G,12L,5
CA,0,117.0,2,1100,0,1,230,0,0,0
DF,BE204,44.503056,20.387139,0, ,0.0,0.0,4,6000,5000,1,230,0,0,0
TF,TPL,44.143500,20.744444,0, ,0.0,0.0,0.0,0.0,2,6000,0,1,250,0,0,0

SID,TPL3G,12R,5
CA,0,117.0,2,1100,0,1,230,0,0,0
DF,BE204,44.503056,20.387139,0, ,0.0,0.0,4,6000,5000,1,230,0,0,0
TF,TPL,44.143500,20.744444,0, ,0.0,0.0,0.0,0.0,2,6000,0,1,250,0,0,0

SID,TPL3R,30L,5
CA,0,297.0,2,1100,0,1,230,0,0,0
DF,BE401,45.004694,19.886139,0, ,0.0,0.0,4,6000,4000,1,230,0,0,0
TF,BE402,44.816861,19.733889,1, ,0.0,0.0,0.0,0.0,4,6000,5000,1,250,0,0,0
TF,BE404,44.660250,19.778889,0, ,0.0,0.0,0.0,0.0,0,0,0,1,250,0,0,0
TF,TPL,44.143500,20.744444,0, ,0.0,0.0,0.0,0.0,2,6000,0,1,250,0,0,0

SID,TPL3R,30R,5
CA,0,297.0,2,1100,0,1,230,0,0,0
DF,BE401,45.004694,19.886139,0, ,0.0,0.0,4,6000,4000,1,230,0,0,0
TF,BE402,44.816861,19.733889,1, ,0.0,0.0,0.0,0.0,4,6000,5000,1,250,0,0,0
TF,BE404,44.660250,19.778889,0, ,0.0,0.0,0.0,0.0,0,0,0,1,250,0,0,0
TF,TPL,44.143500,20.744444,0, ,0.0,0.0,0.0,0.0,2,6000,0,1,250,0,0,0

SID,TPL3W,30L,5
CA,0,297.0,2,1100,0,1,230,0,0,0
DF,BE403,44.675111,20.056694,0, ,0.0,0.0,4,6000,4000,1,250,0,0,0
TF,BE406,44.334389,20.499556,0, ,0.0,0.0,0.0,0.0,0,0,0,1,250,0,0,0
TF,TPL,44.143500,20.744444,0, ,0.0,0.0,0.0,0.0,2,6000,0,1,250,0,0,0

SID,TPL3W,30R,5
CA,0,297.0,2,1100,0,1,230,0,0,0
DF,BE403,44.675111,20.056694,0, ,0.0,0.0,4,6000,4000,1,250,0,0,0
TF,BE406,44.334389,20.499556,0, ,0.0,0.0,0.0,0.0,0,0,0,1,250,0,0,0
TF,TPL,44.143500,20.744444,0, ,0.0,0.0,0.0,0.0,2,6000,0,1,250,0,0,0

SID,TPL5J,30L,2
CA,0,297.0,2,1100,0,0,0,0,0,0
DF,OBR,44.643833,20.138444,1, ,0.0,0.0,2,4000,0,1,200,0,0,0
CD, ,0,0,0,TPL,0,0.0,134.0,26.8,4,6000,4000,0,0,0,0,0
CF,TPL,44.143500,20.744444,0,TPL,0.0,0.0,134.0,26.8,2,6000,0,0,0,0,0,0

SID,TPL5J,30R,2
CA,0,297.0,2,1100,0,0,0,0,0,0
DF,OBR,44.643833,20.138444,1, ,0.0,0.0,2,4000,0,1,200,0,0,0
CD, ,0,0,0,TPL,0,0.0,134.0,26.8,4,6000,4000,0,0,0,0,0
CF,TPL,44.143500,20.744444,0,TPL,0.0,0.0,134.0,26.8,2,6000,0,0,0,0,0,0

SID,TPL7C,12L,2
CF,TUPKO,44.727500,20.513528,0,BGD,117.4,10.3,117.0,10.0,2,3000,0,0,0,0,0,0
TF,D117N,44.695381,20.588575,0, ,0.0,0.0,0.0,0.0,0,0,0,0,0,0,0,0
CF,DODIN,44.378167,20.686889,0,TPL,345.0,14.3,165.0,19.0,4,6000,5000,0,0,0,0,0
TF,TPL,44.143500,20.744444,0, ,0.0,0.0,0.0,0.0,2,6000,0,0,0,0,0,0

SID,TPL7C,12R,2
CF,TUPKO,44.727500,20.513528,0,BGD,117.4,10.3,117.0,10.0,2,3000,0,0,0,0,0,0
TF,D117N,44.695381,20.588575,0, ,0.0,0.0,0.0,0.0,0,0,0,0,0,0,0,0
CF,DODIN,44.378167,20.686889,0,TPL,345.0,14.3,165.0,19.0,4,6000,5000,0,0,0,0,0
TF,TPL,44.143500,20.744444,0, ,0.0,0.0,0.0,0.0,2,6000,0,0,0,0,0,0

SID,TUVA1S,30L,5
CA,0,297.0,2,1100,0,1,230,0,0,0
DF,BE403,44.675111,20.056694,0, ,0.0,0.0,4,6000,4000,1,250,0,0,0
TF,BE208,44.644944,19.876556,0, ,0.0,0.0,0.0,0.0,0,0,0,1,250,0,0,0
TF,BE209,44.882472,19.579028,0, ,0.0,0.0,0.0,0.0,0,0,0,1,250,0,0,0
TF,TUVAR,45.126667,19.077500,0, ,0.0,0.0,0.0,0.0,2,6000,0,1,250,0,0,0

SID,TUVA1S,30R,5
CA,0,297.0,2,1100,0,1,230,0,0,0
DF,BE403,44.675111,20.056694,0, ,0.0,0.0,4,6000,4000,1,250,0,0,0
TF,BE208,44.644944,19.876556,0, ,0.0,0.0,0.0,0.0,0,0,0,1,250,0,0,0
TF,BE209,44.882472,19.579028,0, ,0.0,0.0,0.0,0.0,0,0,0,1,250,0,0,0
TF,TUVAR,45.126667,19.077500,0, ,0.0,0.0,0.0,0.0,2,6000,0,1,250,0,0,0

SID,TUVA3C,12L,5
CA,0,117.0,2,1100,0,1,230,0,0,0
DF,BE204,44.503056,20.387139,0, ,0.0,0.0,4,6000,5000,1,230,0,0,0
TF,BE208,44.644944,19.876556,2, ,0.0,0.0,0.0,0.0,0,0,0,1,250,0,0,0
TF,BE209,44.882472,19.579028,0, ,0.0,0.0,0.0,0.0,0,0,0,1,250,0,0,0
TF,TUVAR,45.126667,19.077500,0, ,0.0,0.0,0.0,0.0,2,6000,0,1,250,0,0,0

SID,TUVA3C,12R,5
CA,0,117.0,2,1100,0,1,230,0,0,0
DF,BE204,44.503056,20.387139,0, ,0.0,0.0,4,6000,5000,1,230,0,0,0
TF,BE208,44.644944,19.876556,2, ,0.0,0.0,0.0,0.0,0,0,0,1,250,0,0,0
TF,BE209,44.882472,19.579028,0, ,0.0,0.0,0.0,0.0,0,0,0,1,250,0,0,0
TF,TUVAR,45.126667,19.077500,0, ,0.0,0.0,0.0,0.0,2,6000,0,1,250,0,0,0

SID,TUVA3L,12L,5
CA,0,117.0,2,1100,0,1,230,0,0,0
DF,BE202,44.678278,20.623444,0, ,0.0,0.0,2,4000,0,1,230,0,0,0
TF,BE206,44.460333,20.538833,0, ,0.0,0.0,0.0,0.0,4,6000,5000,1,250,0,0,0
TF,BE208,44.644944,19.876556,2, ,0.0,0.0,0.0,0.0,0,0,0,1,250,0,0,0
TF,BE209,44.882472,19.579028,0, ,0.0,0.0,0.0,0.0,0,0,0,1,250,0,0,0
TF,TUVAR,45.126667,19.077500,0, ,0.0,0.0,0.0,0.0,2,6000,0,1,250,0,0,0

SID,TUVA3L,12R,5
CA,0,117.0,2,1100,0,1,230,0,0,0
DF,BE202,44.678278,20.623444,0, ,0.0,0.0,2,4000,0,1,230,0,0,0
TF,BE206,44.460333,20.538833,0, ,0.0,0.0,0.0,0.0,4,6000,5000,1,250,0,0,0
TF,BE208,44.644944,19.876556,2, ,0.0,0.0,0.0,0.0,0,0,0,1,250,0,0,0
TF,BE209,44.882472,19.579028,0, ,0.0,0.0,0.0,0.0,0,0,0,1,250,0,0,0
TF,TUVAR,45.126667,19.077500,0, ,0.0,0.0,0.0,0.0,2,6000,0,1,250,0,0,0

SID,TUVA3V,30L,5
CA,0,297.0,2,1100,0,1,230,0,0,0
DF,BE401,45.004694,19.886139,0, ,0.0,0.0,4,6000,4000,1,230,0,0,0
TF,TUVAR,45.126667,19.077500,0, ,0.0,0.0,0.0,0.0,2,6000,0,1,250,0,0,0

SID,TUVA3V,30R,5
CA,0,297.0,2,1100,0,1,230,0,0,0
DF,BE401,45.004694,19.886139,0, ,0.0,0.0,4,6000,4000,1,230,0,0,0
TF,TUVAR,45.126667,19.077500,0, ,0.0,0.0,0.0,0.0,2,6000,0,1,250,0,0,0

SID,TUVA3Z,30L,2
CF,D296I,44.893900,20.136322,0,BGD,296.0,8.7,296.0,8.0,2,3000,0,0,0,0,0,0
TF,DEVDA,44.955889,19.996167,0, ,0.0,0.0,0.0,0.0,4,6000,4000,0,0,0,0,0
TF,SMI,45.009472,19.430778,0, ,0.0,0.0,0.0,0.0,0,0,0,0,0,0,0,0
TF,TUVAR,45.126667,19.077500,0, ,0.0,0.0,0.0,0.0,2,6000,0,0,0,0,0,0

SID,TUVA3Z,30R,2
CF,D296I,44.893900,20.136322,0,BGD,296.0,8.7,296.0,8.0,2,3000,0,0,0,0,0,0
TF,DEVDA,44.955889,19.996167,0, ,0.0,0.0,0.0,0.0,4,6000,4000,0,0,0,0,0
TF,SMI,45.009472,19.430778,0, ,0.0,0.0,0.0,0.0,0,0,0,0,0,0,0,0
TF,TUVAR,45.126667,19.077500,0, ,0.0,0.0,0.0,0.0,2,6000,0,0,0,0,0,0

SID,TUVA4N,12L,2
CF,TUPKO,44.727500,20.513528,0,BGD,117.4,10.3,117.0,10.0,2,3000,0,0,0,0,0,0
TF,D117N,44.695381,20.588575,0, ,0.0,0.0,0.0,0.0,0,0,0,0,0,0,0,1
CF,LAVRO,44.494139,20.268500,2,VAL,53.8,19.8,234.0,16.0,4,6000,4000,0,0,0,0,0
CF,SMI,45.009472,19.430778,0,SMI,0.0,0.0,309.0,46.0,0,0,0,0,0,0,0,0
TF,TUVAR,45.126667,19.077500,0, ,0.0,0.0,0.0,0.0,2,6000,0,0,0,0,0,0

SID,TUVA4N,12R,2
CF,TUPKO,44.727500,20.513528,0,BGD,117.4,10.3,117.0,10.0,2,3000,0,0,0,0,0,0
TF,D117N,44.695381,20.588575,0, ,0.0,0.0,0.0,0.0,0,0,0,0,0,0,0,1
CF,LAVRO,44.494139,20.268500,2,VAL,53.8,19.8,234.0,16.0,4,6000,4000,0,0,0,0,0
CF,SMI,45.009472,19.430778,0,SMI,0.0,0.0,309.0,46.0,0,0,0,0,0,0,0,0
TF,TUVAR,45.126667,19.077500,0, ,0.0,0.0,0.0,0.0,2,6000,0,0,0,0,0,0

SID,VAL1G,30L,2
CA,0,297.0,2,1100,0,0,0,0,0,0
CF,KUPIN,44.684944,20.087028,1,VAL,17.8,23.5,198.0,10.0,2,4000,0,1,200,0,0,0
TF,PIVEX,44.477583,19.964778,0, ,0.0,0.0,0.0,0.0,4,6000,5000,0,0,0,0,0
TF,VAL,44.323889,19.874694,0, ,0.0,0.0,0.0,0.0,2,8000,0,0,0,0,0,0

SID,VAL1G,30R,2
CA,0,297.0,2,1100,0,0,0,0,0,0
CF,KUPIN,44.684944,20.087028,1,VAL,17.8,23.5,198.0,10.0,2,4000,0,1,200,0,0,0
TF,PIVEX,44.477583,19.964778,0, ,0.0,0.0,0.0,0.0,4,6000,5000,0,0,0,0,0
TF,VAL,44.323889,19.874694,0, ,0.0,0.0,0.0,0.0,2,8000,0,0,0,0,0,0

SID,VAL3D,12L,5
CA,0,117.0,2,1100,0,1,230,0,0,0
DF,BE202,44.678278,20.623444,0, ,0.0,0.0,2,4000,0,1,230,0,0,0
TF,BE206,44.460333,20.538833,0, ,0.0,0.0,0.0,0.0,4,6000,5000,1,250,0,0,0
TF,VAL,44.323889,19.874694,0, ,0.0,0.0,0.0,0.0,2,8000,0,1,250,0,0,0

SID,VAL3D,12R,5
CA,0,117.0,2,1100,0,1,230,0,0,0
DF,BE202,44.678278,20.623444,0, ,0.0,0.0,2,4000,0,1,230,0,0,0
TF,BE206,44.460333,20.538833,0, ,0.0,0.0,0.0,0.0,4,6000,5000,1,250,0,0,0
TF,VAL,44.323889,19.874694,0, ,0.0,0.0,0.0,0.0,2,8000,0,1,250,0,0,0

SID,VAL3F,12L,5
CA,0,117.0,2,1100,0,1,230,0,0,0
DF,BE204,44.503056,20.387139,0, ,0.0,0.0,4,6000,5000,1,230,0,0,0
TF,BE207,44.374361,20.018056,0, ,0.0,0.0,0.0,0.0,0,0,0,1,250,0,0,0
TF,VAL,44.323889,19.874694,0, ,0.0,0.0,0.0,0.0,2,8000,0,1,250,0,0,0

SID,VAL3F,12R,5
CA,0,117.0,2,1100,0,1,230,0,0,0
DF,BE204,44.503056,20.387139,0, ,0.0,0.0,4,6000,5000,1,230,0,0,0
TF,BE207,44.374361,20.018056,0, ,0.0,0.0,0.0,0.0,0,0,0,1,250,0,0,0
TF,VAL,44.323889,19.874694,0, ,0.0,0.0,0.0,0.0,2,8000,0,1,250,0,0,0

SID,VAL3J,30L,5
CA,0,297.0,2,1100,0,1,230,0,0,0
DF,BE403,44.675111,20.056694,0, ,0.0,0.0,4,6000,4000,1,250,0,0,0
TF,VAL,44.323889,19.874694,0, ,0.0,0.0,0.0,0.0,2,8000,0,1,250,0,0,0

SID,VAL3J,30R,5
CA,0,297.0,2,1100,0,1,230,0,0,0
DF,BE403,44.675111,20.056694,0, ,0.0,0.0,4,6000,4000,1,250,0,0,0
TF,VAL,44.323889,19.874694,0, ,0.0,0.0,0.0,0.0,2,8000,0,1,250,0,0,0

SID,VAL3Z,30L,5
CA,0,297.0,2,1100,0,1,230,0,0,0
DF,BE401,45.004694,19.886139,0, ,0.0,0.0,4,6000,4000,1,230,0,0,0
TF,BE402,44.816861,19.733889,1, ,0.0,0.0,0.0,0.0,4,6000,5000,1,250,0,0,0
TF,BE404,44.660250,19.778889,0, ,0.0,0.0,0.0,0.0,0,0,0,1,250,0,0,0
TF,VAL,44.323889,19.874694,0, ,0.0,0.0,0.0,0.0,2,8000,0,1,250,0,0,0

SID,VAL3Z,30R,5
CA,0,297.0,2,1100,0,1,230,0,0,0
DF,BE401,45.004694,19.886139,0, ,0.0,0.0,4,6000,4000,1,230,0,0,0
TF,BE402,44.816861,19.733889,1, ,0.0,0.0,0.0,0.0,4,6000,5000,1,250,0,0,0
TF,BE404,44.660250,19.778889,0, ,0.0,0.0,0.0,0.0,0,0,0,1,250,0,0,0
TF,VAL,44.323889,19.874694,0, ,0.0,0.0,0.0,0.0,2,8000,0,1,250,0,0,0

SID,VAL4Y,12L,2
CA,0,117.0,2,1100,0,0,0,0,0,0
CF,D036V,44.600119,20.211381,2,VAL,36.0,22.0,216.0,11.0,2,4000,0,1,230,0,0,0
CD, ,0,0,0,VAL,0,0.0,216.0,10.0,4,6000,5000,0,0,0,0,0
CF,VAL,44.323889,19.874694,0,VAL,0.0,0.0,216.0,10.0,2,8000,0,0,0,0,0,0

SID,VAL4Y,12R,2
CA,0,117.0,2,1100,0,0,0,0,0,0
CF,D036V,44.600119,20.211381,2,VAL,36.0,22.0,216.0,11.0,2,4000,0,1,230,0,0,0
CD, ,0,0,0,VAL,0,0.0,216.0,10.0,4,6000,5000,0,0,0,0,0
CF,VAL,44.323889,19.874694,0,VAL,0.0,0.0,216.0,10.0,2,8000,0,0,0,0,0,0

STAR,DONI2B,12L,2
IF,DONIV,44.748861,21.169556, ,0.0,0.0,2,9000,0,0,0,0,0,0
TF,PA,44.891722,20.641111,0, ,0.0,0.0,0.0,0.0,2,5000,0,0,0,0,0,0
TF,TIKVU,45.031500,20.117056,0, ,0.0,0.0,0.0,0.0,2,4000,0,0,0,0,0,0

STAR,DONI2B,12R,2
IF,DONIV,44.748861,21.169556, ,0.0,0.0,2,9000,0,0,0,0,0,0
TF,PA,44.891722,20.641111,0, ,0.0,0.0,0.0,0.0,2,5000,0,0,0,0,0,0
TF,TIKVU,45.031500,20.117056,0, ,0.0,0.0,0.0,0.0,2,4000,0,0,0,0,0,0

STAR,DONI2D,12L,5
IF,DONIV,44.748861,21.169556, ,0.0,0.0,2,9000,0,0,0,0,0,0
TF,PA,44.891722,20.641111,0, ,0.0,0.0,0.0,0.0,2,9000,0,0,0,0,0,0
TF,IA,45.043083,20.073111,0, ,0.0,0.0,0.0,0.0,4,7000,5000,0,0,0,0,0
TF,BE113,45.095667,19.953056,0, ,0.0,0.0,0.0,0.0,2,5000,0,0,0,0,0,0
TF,BE112,45.148250,19.832500,0, ,0.0,0.0,0.0,0.0,2,5000,0,1,230,0,0,0
TF,BE101,45.061056,19.756861,0, ,0.0,0.0,0.0,0.0,2,5000,0,1,210,0,0,0
TF,DEVDA,44.955889,19.996167,0, ,0.0,0.0,0.0,0.0,2,4000,0,0,0,0,0,0

STAR,DONI2D,12R,5
IF,DONIV,44.748861,21.169556, ,0.0,0.0,2,9000,0,0,0,0,0,0
TF,PA,44.891722,20.641111,0, ,0.0,0.0,0.0,0.0,2,9000,0,0,0,0,0,0
TF,IA,45.043083,20.073111,0, ,0.0,0.0,0.0,0.0,4,7000,5000,0,0,0,0,0
TF,BE113,45.095667,19.953056,0, ,0.0,0.0,0.0,0.0,2,5000,0,0,0,0,0,0
TF,BE112,45.148250,19.832500,0, ,0.0,0.0,0.0,0.0,2,5000,0,1,230,0,0,0
TF,BE101,45.061056,19.756861,0, ,0.0,0.0,0.0,0.0,2,5000,0,1,210,0,0,0
TF,DEVDA,44.955889,19.996167,0, ,0.0,0.0,0.0,0.0,2,4000,0,0,0,0,0,0

STAR,DONI2R,12L,5
IF,DONIV,44.748861,21.169556, ,0.0,0.0,2,9000,0,0,0,0,0,0
TF,BE133,44.659361,21.106083,0, ,0.0,0.0,0.0,0.0,2,9000,0,0,0,0,0,0
TF,BE132,44.541306,20.665278,0, ,0.0,0.0,0.0,0.0,2,9000,0,0,0,0,0,0
TF,BE131,44.766083,20.161389,0, ,0.0,0.0,0.0,0.0,2,7000,0,0,0,0,0,0
TF,BE130,44.818778,20.041972,0, ,0.0,0.0,0.0,0.0,2,5000,0,0,0,0,0,0
TF,BE104,44.871333,19.922361,0, ,0.0,0.0,0.0,0.0,4,7000,5000,0,0,0,0,0
TF,BE103,44.923778,19.802528,0, ,0.0,0.0,0.0,0.0,2,5000,0,0,0,0,0,0
TF,BE102,44.975778,19.683139,0, ,0.0,0.0,0.0,0.0,2,5000,0,1,230,0,0,0
TF,BE101,45.061056,19.756861,0, ,0.0,0.0,0.0,0.0,2,5000,0,1,210,0,0,0
TF,DEVDA,44.955889,19.996167,2, ,0.0,0.0,0.0,0.0,2,4000,0,0,0,0,0,0

STAR,DONI2R,12R,5
IF,DONIV,44.748861,21.169556, ,0.0,0.0,2,9000,0,0,0,0,0,0
TF,BE133,44.659361,21.106083,0, ,0.0,0.0,0.0,0.0,2,9000,0,0,0,0,0,0
TF,BE132,44.541306,20.665278,0, ,0.0,0.0,0.0,0.0,2,9000,0,0,0,0,0,0
TF,BE131,44.766083,20.161389,0, ,0.0,0.0,0.0,0.0,2,7000,0,0,0,0,0,0
TF,BE130,44.818778,20.041972,0, ,0.0,0.0,0.0,0.0,2,5000,0,0,0,0,0,0
TF,BE104,44.871333,19.922361,0, ,0.0,0.0,0.0,0.0,4,7000,5000,0,0,0,0,0
TF,BE103,44.923778,19.802528,0, ,0.0,0.0,0.0,0.0,2,5000,0,0,0,0,0,0
TF,BE102,44.975778,19.683139,0, ,0.0,0.0,0.0,0.0,2,5000,0,1,230,0,0,0
TF,BE101,45.061056,19.756861,0, ,0.0,0.0,0.0,0.0,2,5000,0,1,210,0,0,0
TF,DEVDA,44.955889,19.996167,2, ,0.0,0.0,0.0,0.0,2,4000,0,0,0,0,0,0

STAR,DONI2S,30L,5
IF,DONIV,44.748861,21.169556, ,0.0,0.0,4,15000,9000,0,0,0,0,0
TF,BE318,44.362806,20.798694,0, ,0.0,0.0,0.0,0.0,2,9000,0,0,0,0,0,0
TF,BE317,44.416194,20.680639,0, ,0.0,0.0,0.0,0.0,2,7000,0,0,0,0,0,0
TF,BE306,44.469417,20.562444,0, ,0.0,0.0,0.0,0.0,2,7000,0,0,0,0,0,0
TF,BE305,44.522528,20.444028,0, ,0.0,0.0,0.0,0.0,2,7000,0,1,230,0,0,0
TF,BE304,44.607333,20.518278,0, ,0.0,0.0,0.0,0.0,4,7000,5000,1,230,0,0,0
TF,BE303,44.554139,20.636806,0, ,0.0,0.0,0.0,0.0,2,5000,0,0,0,0,0,0
TF,BE302,44.500806,20.755111,0, ,0.0,0.0,0.0,0.0,2,5000,0,1,230,0,0,0
TF,BE301,44.585389,20.829806,0, ,0.0,0.0,0.0,0.0,2,5000,0,1,210,0,0,0
TF,VISOK,44.691250,20.592972,0, ,0.0,0.0,0.0,0.0,2,4000,0,0,0,0,0,0

STAR,DONI2S,30R,5
IF,DONIV,44.748861,21.169556, ,0.0,0.0,4,15000,9000,0,0,0,0,0
TF,BE318,44.362806,20.798694,0, ,0.0,0.0,0.0,0.0,2,9000,0,0,0,0,0,0
TF,BE317,44.416194,20.680639,0, ,0.0,0.0,0.0,0.0,2,7000,0,0,0,0,0,0
TF,BE306,44.469417,20.562444,0, ,0.0,0.0,0.0,0.0,2,7000,0,0,0,0,0,0
TF,BE305,44.522528,20.444028,0, ,0.0,0.0,0.0,0.0,2,7000,0,1,230,0,0,0
TF,BE304,44.607333,20.518278,0, ,0.0,0.0,0.0,0.0,4,7000,5000,1,230,0,0,0
TF,BE303,44.554139,20.636806,0, ,0.0,0.0,0.0,0.0,2,5000,0,0,0,0,0,0
TF,BE302,44.500806,20.755111,0, ,0.0,0.0,0.0,0.0,2,5000,0,1,230,0,0,0
TF,BE301,44.585389,20.829806,0, ,0.0,0.0,0.0,0.0,2,5000,0,1,210,0,0,0
TF,VISOK,44.691250,20.592972,0, ,0.0,0.0,0.0,0.0,2,4000,0,0,0,0,0,0

STAR,DONI3A,12L,2
IF,DONIV,44.748861,21.169556, ,0.0,0.0,2,9000,0,0,0,0,0,0
TF,TPL36,44.683931,21.123478,0, ,0.0,0.0,0.0,0.0,0,0,0,0,0,0,0,0
CF,NESKU,44.486639,20.464194,0,VAL,63.7,27.2,244.0,30.9,2,7000,0,0,0,0,0,0
TF,OBR,44.643833,20.138444,0, ,0.0,0.0,0.0,0.0,2,7000,0,0,0,0,0,0
TF,LOGAR,44.785444,19.963139,0, ,0.0,0.0,0.0,0.0,2,4000,0,0,0,0,0,0

STAR,DONI3A,12R,2
IF,DONIV,44.748861,21.169556, ,0.0,0.0,2,9000,0,0,0,0,0,0
TF,TPL36,44.683931,21.123478,0, ,0.0,0.0,0.0,0.0,0,0,0,0,0,0,0,0
CF,NESKU,44.486639,20.464194,0,VAL,63.7,27.2,244.0,30.9,2,7000,0,0,0,0,0,0
TF,OBR,44.643833,20.138444,0, ,0.0,0.0,0.0,0.0,2,7000,0,0,0,0,0,0
TF,LOGAR,44.785444,19.963139,0, ,0.0,0.0,0.0,0.0,2,4000,0,0,0,0,0,0

STAR,DONI5C,30L,2
IF,DONIV,44.748861,21.169556, ,0.0,0.0,2,9000,0,0,0,0,0,0
TF,TPL27,44.551661,21.029892,0, ,0.0,0.0,0.0,0.0,2,9000,0,0,0,0,0,1
CF,OTKIN,44.584472,20.825667,2,VAL,63.7,43.8,298.0,7.0,2,7000,0,0,0,0,0,0
TF,VISOK,44.691250,20.592972,0, ,0.0,0.0,0.0,0.0,2,4000,0,0,0,0,0,0

STAR,DONI5C,30R,2
IF,DONIV,44.748861,21.169556, ,0.0,0.0,2,9000,0,0,0,0,0,0
TF,TPL27,44.551661,21.029892,0, ,0.0,0.0,0.0,0.0,2,9000,0,0,0,0,0,1
CF,OTKIN,44.584472,20.825667,2,VAL,63.7,43.8,298.0,7.0,2,7000,0,0,0,0,0,0
TF,VISOK,44.691250,20.592972,0, ,0.0,0.0,0.0,0.0,2,4000,0,0,0,0,0,0

STAR,ELGE2B,30L,5
IF,ELGEB,44.140639,20.192361, ,0.0,0.0,2,7000,0,0,0,0,0,0
TF,BE309,44.628389,20.206500,0, ,0.0,0.0,0.0,0.0,2,7000,0,0,0,0,0,0
TF,BE308,44.713333,20.280528,0, ,0.0,0.0,0.0,0.0,2,5000,0,1,230,0,0,0
TF,BE307,44.660389,20.399528,0, ,0.0,0.0,0.0,0.0,2,5000,0,0,0,0,0,0
TF,BE304,44.607333,20.518278,0, ,0.0,0.0,0.0,0.0,4,7000,5000,0,0,0,0,0
TF,BE303,44.554139,20.636806,0, ,0.0,0.0,0.0,0.0,2,5000,0,0,0,0,0,0
TF,BE302,44.500806,20.755111,0, ,0.0,0.0,0.0,0.0,2,5000,0,1,230,0,0,0
TF,BE301,44.585389,20.829806,0, ,0.0,0.0,0.0,0.0,2,5000,0,1,210,0,0,0
TF,VISOK,44.691250,20.592972,0, ,0.0,0.0,0.0,0.0,2,4000,0,0,0,0,0,0

STAR,ELGE2B,30R,5
IF,ELGEB,44.140639,20.192361, ,0.0,0.0,2,7000,0,0,0,0,0,0
TF,BE309,44.628389,20.206500,0, ,0.0,0.0,0.0,0.0,2,7000,0,0,0,0,0,0
TF,BE308,44.713333,20.280528,0, ,0.0,0.0,0.0,0.0,2,5000,0,1,230,0,0,0
TF,BE307,44.660389,20.399528,0, ,0.0,0.0,0.0,0.0,2,5000,0,0,0,0,0,0
TF,BE304,44.607333,20.518278,0, ,0.0,0.0,0.0,0.0,4,7000,5000,0,0,0,0,0
TF,BE303,44.554139,20.636806,0, ,0.0,0.0,0.0,0.0,2,5000,0,0,0,0,0,0
TF,BE302,44.500806,20.755111,0, ,0.0,0.0,0.0,0.0,2,5000,0,1,230,0,0,0
TF,BE301,44.585389,20.829806,0, ,0.0,0.0,0.0,0.0,2,5000,0,1,210,0,0,0
TF,VISOK,44.691250,20.592972,0, ,0.0,0.0,0.0,0.0,2,4000,0,0,0,0,0,0

STAR,ELGE2K,12L,2
IF,ELGEB,44.140639,20.192361, ,0.0,0.0,2,7000,0,0,0,0,0,0
TF,OBR,44.643833,20.138444,0, ,0.0,0.0,0.0,0.0,2,7000,0,0,0,0,0,0
TF,LOGAR,44.785444,19.963139,0, ,0.0,0.0,0.0,0.0,2,4000,0,0,0,0,0,0

STAR,ELGE2K,12R,2
IF,ELGEB,44.140639,20.192361, ,0.0,0.0,2,7000,0,0,0,0,0,0
TF,OBR,44.643833,20.138444,0, ,0.0,0.0,0.0,0.0,2,7000,0,0,0,0,0,0
TF,LOGAR,44.785444,19.963139,0, ,0.0,0.0,0.0,0.0,2,4000,0,0,0,0,0,0

STAR,ELGE2L,30L,2
IF,ELGEB,44.140639,20.192361, ,0.0,0.0,2,7000,0,0,0,0,0,0
TF,D182S,44.501875,20.255186,0, ,0.0,0.0,0.0,0.0,2,7000,0,0,0,0,0,0
CF,RIPAN,44.630556,20.471556,0,VAL,49.1,31.6,49.0,12.3,2,4000,0,0,0,0,0,0

STAR,ELGE2L,30R,2
IF,ELGEB,44.140639,20.192361, ,0.0,0.0,2,7000,0,0,0,0,0,0
TF,D182S,44.501875,20.255186,0, ,0.0,0.0,0.0,0.0,2,7000,0,0,0,0,0,0
CF,RIPAN,44.630556,20.471556,0,VAL,49.1,31.6,49.0,12.3,2,4000,0,0,0,0,0,0

STAR,ELGE3A,12L,5
IF,ELGEB,44.140639,20.192361, ,0.0,0.0,2,7000,0,0,0,0,0,0
TF,BE134,44.666111,20.166389,0, ,0.0,0.0,0.0,0.0,2,7000,0,0,0,0,0,0
TF,BE131,44.766083,20.161389,0, ,0.0,0.0,0.0,0.0,2,7000,0,0,0,0,0,0
TF,BE130,44.818778,20.041972,0, ,0.0,0.0,0.0,0.0,2,5000,0,0,0,0,0,0
TF,BE104,44.871333,19.922361,0, ,0.0,0.0,0.0,0.0,4,7000,5000,0,0,0,0,0
TF,BE103,44.923778,19.802528,0, ,0.0,0.0,0.0,0.0,2,5000,0,0,0,0,0,0
TF,BE102,44.975778,19.683139,0, ,0.0,0.0,0.0,0.0,2,5000,0,1,230,0,0,0
TF,BE101,45.061056,19.756861,0, ,0.0,0.0,0.0,0.0,2,5000,0,1,210,0,0,0
TF,DEVDA,44.955889,19.996167,2, ,0.0,0.0,0.0,0.0,2,4000,0,0,0,0,0,0

STAR,ELGE3A,12R,5
IF,ELGEB,44.140639,20.192361, ,0.0,0.0,2,7000,0,0,0,0,0,0
TF,BE134,44.666111,20.166389,0, ,0.0,0.0,0.0,0.0,2,7000,0,0,0,0,0,0
TF,BE131,44.766083,20.161389,0, ,0.0,0.0,0.0,0.0,2,7000,0,0,0,0,0,0
TF,BE130,44.818778,20.041972,0, ,0.0,0.0,0.0,0.0,2,5000,0,0,0,0,0,0
TF,BE104,44.871333,19.922361,0, ,0.0,0.0,0.0,0.0,4,7000,5000,0,0,0,0,0
TF,BE103,44.923778,19.802528,0, ,0.0,0.0,0.0,0.0,2,5000,0,0,0,0,0,0
TF,BE102,44.975778,19.683139,0, ,0.0,0.0,0.0,0.0,2,5000,0,1,230,0,0,0
TF,BE101,45.061056,19.756861,0, ,0.0,0.0,0.0,0.0,2,5000,0,1,210,0,0,0
TF,DEVDA,44.955889,19.996167,2, ,0.0,0.0,0.0,0.0,2,4000,0,0,0,0,0,0

STAR,ENUP2Q,12L,5
IF,ENUPU,44.616972,19.362722, ,0.0,0.0,2,7000,0,0,0,0,0,0
TF,BE134,44.666111,20.166389,0, ,0.0,0.0,0.0,0.0,2,7000,0,0,0,0,0,0
TF,BE131,44.766083,20.161389,0, ,0.0,0.0,0.0,0.0,2,7000,0,0,0,0,0,0
TF,BE130,44.818778,20.041972,0, ,0.0,0.0,0.0,0.0,2,5000,0,0,0,0,0,0
TF,BE104,44.871333,19.922361,0, ,0.0,0.0,0.0,0.0,4,7000,5000,0,0,0,0,0
TF,BE103,44.923778,19.802528,0, ,0.0,0.0,0.0,0.0,2,5000,0,0,0,0,0,0
TF,BE102,44.975778,19.683139,0, ,0.0,0.0,0.0,0.0,2,5000,0,1,230,0,0,0
TF,BE101,45.061056,19.756861,0, ,0.0,0.0,0.0,0.0,2,5000,0,1,210,0,0,0
TF,DEVDA,44.955889,19.996167,2, ,0.0,0.0,0.0,0.0,2,4000,0,0,0,0,0,0

STAR,ENUP2Q,12R,5
IF,ENUPU,44.616972,19.362722, ,0.0,0.0,2,7000,0,0,0,0,0,0
TF,BE134,44.666111,20.166389,0, ,0.0,0.0,0.0,0.0,2,7000,0,0,0,0,0,0
TF,BE131,44.766083,20.161389,0, ,0.0,0.0,0.0,0.0,2,7000,0,0,0,0,0,0
TF,BE130,44.818778,20.041972,0, ,0.0,0.0,0.0,0.0,2,5000,0,0,0,0,0,0
TF,BE104,44.871333,19.922361,0, ,0.0,0.0,0.0,0.0,4,7000,5000,0,0,0,0,0
TF,BE103,44.923778,19.802528,0, ,0.0,0.0,0.0,0.0,2,5000,0,0,0,0,0,0
TF,BE102,44.975778,19.683139,0, ,0.0,0.0,0.0,0.0,2,5000,0,1,230,0,0,0
TF,BE101,45.061056,19.756861,0, ,0.0,0.0,0.0,0.0,2,5000,0,1,210,0,0,0
TF,DEVDA,44.955889,19.996167,2, ,0.0,0.0,0.0,0.0,2,4000,0,0,0,0,0,0

STAR,ENUP2S,30L,5
IF,ENUPU,44.616972,19.362722, ,0.0,0.0,2,7000,0,0,0,0,0,0
TF,BE310,44.896889,19.864111,0, ,0.0,0.0,0.0,0.0,2,7000,0,0,0,0,0,0
TF,BE308,44.713333,20.280528,0, ,0.0,0.0,0.0,0.0,2,7000,0,0,0,0,0,0
TF,BE307,44.660389,20.399528,0, ,0.0,0.0,0.0,0.0,2,5000,0,0,0,0,0,0
TF,BE304,44.607333,20.518278,0, ,0.0,0.0,0.0,0.0,4,7000,5000,0,0,0,0,0
TF,BE303,44.554139,20.636806,0, ,0.0,0.0,0.0,0.0,2,5000,0,0,0,0,0,0
TF,BE302,44.500806,20.755111,0, ,0.0,0.0,0.0,0.0,2,5000,0,1,230,0,0,0
TF,BE301,44.585389,20.829806,0, ,0.0,0.0,0.0,0.0,2,5000,0,1,210,0,0,0
TF,VISOK,44.691250,20.592972,0, ,0.0,0.0,0.0,0.0,2,4000,0,0,0,0,0,0

STAR,ENUP2S,30R,5
IF,ENUPU,44.616972,19.362722, ,0.0,0.0,2,7000,0,0,0,0,0,0
TF,BE310,44.896889,19.864111,0, ,0.0,0.0,0.0,0.0,2,7000,0,0,0,0,0,0
TF,BE308,44.713333,20.280528,0, ,0.0,0.0,0.0,0.0,2,7000,0,0,0,0,0,0
TF,BE307,44.660389,20.399528,0, ,0.0,0.0,0.0,0.0,2,5000,0,0,0,0,0,0
TF,BE304,44.607333,20.518278,0, ,0.0,0.0,0.0,0.0,4,7000,5000,0,0,0,0,0
TF,BE303,44.554139,20.636806,0, ,0.0,0.0,0.0,0.0,2,5000,0,0,0,0,0,0
TF,BE302,44.500806,20.755111,0, ,0.0,0.0,0.0,0.0,2,5000,0,1,230,0,0,0
TF,BE301,44.585389,20.829806,0, ,0.0,0.0,0.0,0.0,2,5000,0,1,210,0,0,0
TF,VISOK,44.691250,20.592972,0, ,0.0,0.0,0.0,0.0,2,4000,0,0,0,0,0,0

STAR,ENUP3C,30L,2
IF,ENUPU,44.616972,19.362722, ,0.0,0.0,2,7000,0,0,0,0,0,0
TF,OBR,44.643833,20.138444,0, ,0.0,0.0,0.0,0.0,2,7000,0,0,0,0,0,0
TF,RIPAN,44.630556,20.471556,0, ,0.0,0.0,0.0,0.0,2,4000,0,0,0,0,0,0

STAR,ENUP3C,30R,2
IF,ENUPU,44.616972,19.362722, ,0.0,0.0,2,7000,0,0,0,0,0,0
TF,OBR,44.643833,20.138444,0, ,0.0,0.0,0.0,0.0,2,7000,0,0,0,0,0,0
TF,RIPAN,44.630556,20.471556,0, ,0.0,0.0,0.0,0.0,2,4000,0,0,0,0,0,0

STAR,ENUP4A,12L,2
IF,ENUPU,44.616972,19.362722, ,0.0,0.0,2,7000,0,0,0,0,0,0
TF,D121Q,44.847069,19.744156,0, ,0.0,0.0,0.0,0.0,2,7000,0,0,0,0,0,0
TF,D292R,44.957172,19.928464,0, ,0.0,0.0,0.0,0.0,0,0,0,0,0,0,0,1
DF,DEVDA,44.955889,19.996167,0, ,0.0,0.0,2,4000,0,0,0,0,0,0

STAR,ENUP4A,12R,2
IF,ENUPU,44.616972,19.362722, ,0.0,0.0,2,7000,0,0,0,0,0,0
TF,D121Q,44.847069,19.744156,0, ,0.0,0.0,0.0,0.0,2,7000,0,0,0,0,0,0
TF,D292R,44.957172,19.928464,0, ,0.0,0.0,0.0,0.0,0,0,0,0,0,0,0,1
DF,DEVDA,44.955889,19.996167,0, ,0.0,0.0,2,4000,0,0,0,0,0,0

STAR,GAZO2A,12L,2
IF,GAZON,44.163306,20.886639, ,0.0,0.0,2,9000,0,0,0,0,0,0
TF,BGD32,44.366586,20.709978,0, ,0.0,0.0,0.0,0.0,0,0,0,0,0,0,0,0
TF,NESKU,44.486639,20.464194,0, ,0.0,0.0,0.0,0.0,2,7000,0,0,0,0,0,0
TF,OBR,44.643833,20.138444,0, ,0.0,0.0,0.0,0.0,2,7000,0,0,0,0,0,0
TF,LOGAR,44.785444,19.963139,0, ,0.0,0.0,0.0,0.0,2,4000,0,0,0,0,0,0

STAR,GAZO2A,12R,2
IF,GAZON,44.163306,20.886639, ,0.0,0.0,2,9000,0,0,0,0,0,0
TF,BGD32,44.366586,20.709978,0, ,0.0,0.0,0.0,0.0,0,0,0,0,0,0,0,0
TF,NESKU,44.486639,20.464194,0, ,0.0,0.0,0.0,0.0,2,7000,0,0,0,0,0,0
TF,OBR,44.643833,20.138444,0, ,0.0,0.0,0.0,0.0,2,7000,0,0,0,0,0,0
TF,LOGAR,44.785444,19.963139,0, ,0.0,0.0,0.0,0.0,2,4000,0,0,0,0,0,0

STAR,GAZO2C,12L,5
IF,GAZON,44.163306,20.886639, ,0.0,0.0,2,9000,0,0,0,0,0,0
TF,BE132,44.541306,20.665278,0, ,0.0,0.0,0.0,0.0,2,9000,0,0,0,0,0,0
TF,BE131,44.766083,20.161389,0, ,0.0,0.0,0.0,0.0,2,7000,0,0,0,0,0,0
TF,BE130,44.818778,20.041972,0, ,0.0,0.0,0.0,0.0,2,5000,0,0,0,0,0,0
TF,BE104,44.871333,19.922361,0, ,0.0,0.0,0.0,0.0,4,7000,5000,0,0,0,0,0
TF,BE103,44.923778,19.802528,0, ,0.0,0.0,0.0,0.0,2,5000,0,0,0,0,0,0
TF,BE102,44.975778,19.683139,0, ,0.0,0.0,0.0,0.0,2,5000,0,1,230,0,0,0
TF,BE101,45.061056,19.756861,0, ,0.0,0.0,0.0,0.0,2,5000,0,1,210,0,0,0
TF,DEVDA,44.955889,19.996167,2, ,0.0,0.0,0.0,0.0,2,4000,0,0,0,0,0,0

STAR,GAZO2C,12R,5
IF,GAZON,44.163306,20.886639, ,0.0,0.0,2,9000,0,0,0,0,0,0
TF,BE132,44.541306,20.665278,0, ,0.0,0.0,0.0,0.0,2,9000,0,0,0,0,0,0
TF,BE131,44.766083,20.161389,0, ,0.0,0.0,0.0,0.0,2,7000,0,0,0,0,0,0
TF,BE130,44.818778,20.041972,0, ,0.0,0.0,0.0,0.0,2,5000,0,0,0,0,0,0
TF,BE104,44.871333,19.922361,0, ,0.0,0.0,0.0,0.0,4,7000,5000,0,0,0,0,0
TF,BE103,44.923778,19.802528,0, ,0.0,0.0,0.0,0.0,2,5000,0,0,0,0,0,0
TF,BE102,44.975778,19.683139,0, ,0.0,0.0,0.0,0.0,2,5000,0,1,230,0,0,0
TF,BE101,45.061056,19.756861,0, ,0.0,0.0,0.0,0.0,2,5000,0,1,210,0,0,0
TF,DEVDA,44.955889,19.996167,2, ,0.0,0.0,0.0,0.0,2,4000,0,0,0,0,0,0

STAR,GAZO2D,30L,5
IF,GAZON,44.163306,20.886639, ,0.0,0.0,4,17000,9000,0,0,0,0,0
TF,BE318,44.362806,20.798694,0, ,0.0,0.0,0.0,0.0,2,9000,0,0,0,0,0,0
TF,BE317,44.416194,20.680639,0, ,0.0,0.0,0.0,0.0,2,7000,0,0,0,0,0,0
TF,BE306,44.469417,20.562444,0, ,0.0,0.0,0.0,0.0,2,7000,0,0,0,0,0,0
TF,BE305,44.522528,20.444028,0, ,0.0,0.0,0.0,0.0,2,7000,0,1,230,0,0,0
TF,BE304,44.607333,20.518278,0, ,0.0,0.0,0.0,0.0,4,7000,5000,1,230,0,0,0
TF,BE303,44.554139,20.636806,0, ,0.0,0.0,0.0,0.0,2,5000,0,0,0,0,0,0
TF,BE302,44.500806,20.755111,0, ,0.0,0.0,0.0,0.0,2,5000,0,1,230,0,0,0
TF,BE301,44.585389,20.829806,0, ,0.0,0.0,0.0,0.0,2,5000,0,1,210,0,0,0
TF,VISOK,44.691250,20.592972,0, ,0.0,0.0,0.0,0.0,2,4000,0,0,0,0,0,0

STAR,GAZO2D,30R,5
IF,GAZON,44.163306,20.886639, ,0.0,0.0,4,17000,9000,0,0,0,0,0
TF,BE318,44.362806,20.798694,0, ,0.0,0.0,0.0,0.0,2,9000,0,0,0,0,0,0
TF,BE317,44.416194,20.680639,0, ,0.0,0.0,0.0,0.0,2,7000,0,0,0,0,0,0
TF,BE306,44.469417,20.562444,0, ,0.0,0.0,0.0,0.0,2,7000,0,0,0,0,0,0
TF,BE305,44.522528,20.444028,0, ,0.0,0.0,0.0,0.0,2,7000,0,1,230,0,0,0
TF,BE304,44.607333,20.518278,0, ,0.0,0.0,0.0,0.0,4,7000,5000,1,230,0,0,0
TF,BE303,44.554139,20.636806,0, ,0.0,0.0,0.0,0.0,2,5000,0,0,0,0,0,0
TF,BE302,44.500806,20.755111,0, ,0.0,0.0,0.0,0.0,2,5000,0,1,230,0,0,0
TF,BE301,44.585389,20.829806,0, ,0.0,0.0,0.0,0.0,2,5000,0,1,210,0,0,0
TF,VISOK,44.691250,20.592972,0, ,0.0,0.0,0.0,0.0,2,4000,0,0,0,0,0,0

STAR,GAZO3B,30L,2
IF,GAZON,44.163306,20.886639, ,0.0,0.0,4,17000,9000,0,0,0,0,0
TF,BGD42,44.223844,20.834225,0, ,0.0,0.0,0.0,0.0,2,9000,0,0,0,0,0,0
CF,D022V,44.472486,20.974242,0,TPL,22.0,21.8,22.0,16.2,2,7000,0,0,0,0,0,1
CF,OTKIN,44.584472,20.825667,0,BGD,117.4,26.1,298.0,10.3,2,7000,0,0,0,0,0,0
TF,VISOK,44.691250,20.592972,0, ,0.0,0.0,0.0,0.0,2,4000,0,0,0,0,0,0

STAR,GAZO3B,30R,2
IF,GAZON,44.163306,20.886639, ,0.0,0.0,4,17000,9000,0,0,0,0,0
TF,BGD42,44.223844,20.834225,0, ,0.0,0.0,0.0,0.0,2,9000,0,0,0,0,0,0
CF,D022V,44.472486,20.974242,0,TPL,22.0,21.8,22.0,16.2,2,7000,0,0,0,0,0,1
CF,OTKIN,44.584472,20.825667,0,BGD,117.4,26.1,298.0,10.3,2,7000,0,0,0,0,0,0
TF,VISOK,44.691250,20.592972,0, ,0.0,0.0,0.0,0.0,2,4000,0,0,0,0,0,0

STAR,OSVI2A,12L,5
IF,OSVIX,44.325639,21.245667, ,0.0,0.0,2,9000,0,0,0,0,0,0
TF,BE132,44.541306,20.665278,0, ,0.0,0.0,0.0,0.0,2,9000,0,0,0,0,0,0
TF,BE131,44.766083,20.161389,0, ,0.0,0.0,0.0,0.0,2,7000,0,0,0,0,0,0
TF,BE130,44.818778,20.041972,0, ,0.0,0.0,0.0,0.0,2,5000,0,0,0,0,0,0
TF,BE104,44.871333,19.922361,0, ,0.0,0.0,0.0,0.0,4,7000,5000,0,0,0,0,0
TF,BE103,44.923778,19.802528,0, ,0.0,0.0,0.0,0.0,2,5000,0,0,0,0,0,0
TF,BE102,44.975778,19.683139,0, ,0.0,0.0,0.0,0.0,2,5000,0,1,230,0,0,0
TF,BE101,45.061056,19.756861,0, ,0.0,0.0,0.0,0.0,2,5000,0,1,210,0,0,0
TF,DEVDA,44.955889,19.996167,2, ,0.0,0.0,0.0,0.0,2,4000,0,0,0,0,0,0

STAR,OSVI2A,12R,5
IF,OSVIX,44.325639,21.245667, ,0.0,0.0,2,9000,0,0,0,0,0,0
TF,BE132,44.541306,20.665278,0, ,0.0,0.0,0.0,0.0,2,9000,0,0,0,0,0,0
TF,BE131,44.766083,20.161389,0, ,0.0,0.0,0.0,0.0,2,7000,0,0,0,0,0,0
TF,BE130,44.818778,20.041972,0, ,0.0,0.0,0.0,0.0,2,5000,0,0,0,0,0,0
TF,BE104,44.871333,19.922361,0, ,0.0,0.0,0.0,0.0,4,7000,5000,0,0,0,0,0
TF,BE103,44.923778,19.802528,0, ,0.0,0.0,0.0,0.0,2,5000,0,0,0,0,0,0
TF,BE102,44.975778,19.683139,0, ,0.0,0.0,0.0,0.0,2,5000,0,1,230,0,0,0
TF,BE101,45.061056,19.756861,0, ,0.0,0.0,0.0,0.0,2,5000,0,1,210,0,0,0
TF,DEVDA,44.955889,19.996167,2, ,0.0,0.0,0.0,0.0,2,4000,0,0,0,0,0,0

STAR,OSVI2B,30L,5
IF,OSVIX,44.325639,21.245667, ,0.0,0.0,4,17000,9000,0,0,0,0,0
TF,BE318,44.362806,20.798694,0, ,0.0,0.0,0.0,0.0,2,9000,0,0,0,0,0,0
TF,BE317,44.416194,20.680639,0, ,0.0,0.0,0.0,0.0,2,7000,0,0,0,0,0,0
TF,BE306,44.469417,20.562444,0, ,0.0,0.0,0.0,0.0,2,7000,0,0,0,0,0,0
TF,BE305,44.522528,20.444028,0, ,0.0,0.0,0.0,0.0,2,7000,0,1,230,0,0,0
TF,BE304,44.607333,20.518278,0, ,0.0,0.0,0.0,0.0,4,7000,5000,1,230,0,0,0
TF,BE303,44.554139,20.636806,0, ,0.0,0.0,0.0,0.0,2,5000,0,0,0,0,0,0
TF,BE302,44.500806,20.755111,0, ,0.0,0.0,0.0,0.0,2,5000,0,1,230,0,0,0
TF,BE301,44.585389,20.829806,0, ,0.0,0.0,0.0,0.0,2,5000,0,1,210,0,0,0
TF,VISOK,44.691250,20.592972,0, ,0.0,0.0,0.0,0.0,2,4000,0,0,0,0,0,0

STAR,OSVI2B,30R,5
IF,OSVIX,44.325639,21.245667, ,0.0,0.0,4,17000,9000,0,0,0,0,0
TF,BE318,44.362806,20.798694,0, ,0.0,0.0,0.0,0.0,2,9000,0,0,0,0,0,0
TF,BE317,44.416194,20.680639,0, ,0.0,0.0,0.0,0.0,2,7000,0,0,0,0,0,0
TF,BE306,44.469417,20.562444,0, ,0.0,0.0,0.0,0.0,2,7000,0,0,0,0,0,0
TF,BE305,44.522528,20.444028,0, ,0.0,0.0,0.0,0.0,2,7000,0,1,230,0,0,0
TF,BE304,44.607333,20.518278,0, ,0.0,0.0,0.0,0.0,4,7000,5000,1,230,0,0,0
TF,BE303,44.554139,20.636806,0, ,0.0,0.0,0.0,0.0,2,5000,0,0,0,0,0,0
TF,BE302,44.500806,20.755111,0, ,0.0,0.0,0.0,0.0,2,5000,0,1,230,0,0,0
TF,BE301,44.585389,20.829806,0, ,0.0,0.0,0.0,0.0,2,5000,0,1,210,0,0,0
TF,VISOK,44.691250,20.592972,0, ,0.0,0.0,0.0,0.0,2,4000,0,0,0,0,0,0

STAR,OSVI2C,12L,5
IF,OSVIX,44.325639,21.245667, ,0.0,0.0,2,9000,0,0,0,0,0,0
TF,PA,44.891722,20.641111,0, ,0.0,0.0,0.0,0.0,2,9000,0,0,0,0,0,0
TF,IA,45.043083,20.073111,0, ,0.0,0.0,0.0,0.0,4,7000,5000,0,0,0,0,0
TF,BE113,45.095667,19.953056,0, ,0.0,0.0,0.0,0.0,2,5000,0,0,0,0,0,0
TF,BE112,45.148250,19.832500,0, ,0.0,0.0,0.0,0.0,2,5000,0,1,230,0,0,0
TF,BE101,45.061056,19.756861,0, ,0.0,0.0,0.0,0.0,2,5000,0,1,210,0,0,0
TF,DEVDA,44.955889,19.996167,0, ,0.0,0.0,0.0,0.0,2,4000,0,0,0,0,0,0

STAR,OSVI2C,12R,5
IF,OSVIX,44.325639,21.245667, ,0.0,0.0,2,9000,0,0,0,0,0,0
TF,PA,44.891722,20.641111,0, ,0.0,0.0,0.0,0.0,2,9000,0,0,0,0,0,0
TF,IA,45.043083,20.073111,0, ,0.0,0.0,0.0,0.0,4,7000,5000,0,0,0,0,0
TF,BE113,45.095667,19.953056,0, ,0.0,0.0,0.0,0.0,2,5000,0,0,0,0,0,0
TF,BE112,45.148250,19.832500,0, ,0.0,0.0,0.0,0.0,2,5000,0,1,230,0,0,0
TF,BE101,45.061056,19.756861,0, ,0.0,0.0,0.0,0.0,2,5000,0,1,210,0,0,0
TF,DEVDA,44.955889,19.996167,0, ,0.0,0.0,0.0,0.0,2,4000,0,0,0,0,0,0

STAR,OSVI3L,30L,2
IF,OSVIX,44.325639,21.245667, ,0.0,0.0,4,17000,9000,0,0,0,0,0
TF,BGD41,44.450319,21.113811,0, ,0.0,0.0,0.0,0.0,2,7000,0,0,0,0,0,0
TF,PIGIN,44.505194,20.997250,0, ,0.0,0.0,0.0,0.0,2,7000,0,0,0,0,0,0
TF,OTKIN,44.584472,20.825667,0, ,0.0,0.0,0.0,0.0,2,7000,0,0,0,0,0,0
TF,VISOK,44.691250,20.592972,0, ,0.0,0.0,0.0,0.0,2,4000,0,0,0,0,0,0

STAR,OSVI3L,30R,2
IF,OSVIX,44.325639,21.245667, ,0.0,0.0,4,17000,9000,0,0,0,0,0
TF,BGD41,44.450319,21.113811,0, ,0.0,0.0,0.0,0.0,2,7000,0,0,0,0,0,0
TF,PIGIN,44.505194,20.997250,0, ,0.0,0.0,0.0,0.0,2,7000,0,0,0,0,0,0
TF,OTKIN,44.584472,20.825667,0, ,0.0,0.0,0.0,0.0,2,7000,0,0,0,0,0,0
TF,VISOK,44.691250,20.592972,0, ,0.0,0.0,0.0,0.0,2,4000,0,0,0,0,0,0

STAR,OSVI4K,12L,2
IF,OSVIX,44.325639,21.245667, ,0.0,0.0,2,9000,0,0,0,0,0,0
TF,BGD27,44.557747,20.809969,0, ,0.0,0.0,0.0,0.0,0,0,0,0,0,0,0,0
CF,NESKU,44.486639,20.464194,0,VAL,63.7,27.2,244.0,15.8,2,7000,0,0,0,0,0,0
TF,OBR,44.643833,20.138444,0, ,0.0,0.0,0.0,0.0,2,7000,0,0,0,0,0,0
TF,LOGAR,44.785444,19.963139,0, ,0.0,0.0,0.0,0.0,2,4000,0,0,0,0,0,0

STAR,OSVI4K,12R,2
IF,OSVIX,44.325639,21.245667, ,0.0,0.0,2,9000,0,0,0,0,0,0
TF,BGD27,44.557747,20.809969,0, ,0.0,0.0,0.0,0.0,0,0,0,0,0,0,0,0
CF,NESKU,44.486639,20.464194,0,VAL,63.7,27.2,244.0,15.8,2,7000,0,0,0,0,0,0
TF,OBR,44.643833,20.138444,0, ,0.0,0.0,0.0,0.0,2,7000,0,0,0,0,0,0
TF,LOGAR,44.785444,19.963139,0, ,0.0,0.0,0.0,0.0,2,4000,0,0,0,0,0,0

STAR,RIGM2A,12L,5
IF,RIGMU,45.409861,19.400972, ,0.0,0.0,4,17000,7000,0,0,0,0,0
TF,BE116,45.233306,19.906917,0, ,0.0,0.0,0.0,0.0,2,7000,0,0,0,0,0,0
TF,BE115,45.180806,20.027222,0, ,0.0,0.0,0.0,0.0,2,7000,0,0,0,0,0,0
TF,BE114,45.128111,20.147500,0, ,0.0,0.0,0.0,0.0,2,7000,0,1,230,0,0,0
TF,IA,45.043083,20.073111,0, ,0.0,0.0,0.0,0.0,4,7000,5000,1,230,0,0,0
TF,BE113,45.095667,19.953056,0, ,0.0,0.0,0.0,0.0,2,5000,0,0,0,0,0,0
TF,BE112,45.148250,19.832500,0, ,0.0,0.0,0.0,0.0,2,5000,0,1,230,0,0,0
TF,BE101,45.061056,19.756861,0, ,0.0,0.0,0.0,0.0,2,5000,0,1,210,0,0,0
TF,DEVDA,44.955889,19.996167,0, ,0.0,0.0,0.0,0.0,2,4000,0,0,0,0,0,0

STAR,RIGM2A,12R,5
IF,RIGMU,45.409861,19.400972, ,0.0,0.0,4,17000,7000,0,0,0,0,0
TF,BE116,45.233306,19.906917,0, ,0.0,0.0,0.0,0.0,2,7000,0,0,0,0,0,0
TF,BE115,45.180806,20.027222,0, ,0.0,0.0,0.0,0.0,2,7000,0,0,0,0,0,0
TF,BE114,45.128111,20.147500,0, ,0.0,0.0,0.0,0.0,2,7000,0,1,230,0,0,0
TF,IA,45.043083,20.073111,0, ,0.0,0.0,0.0,0.0,4,7000,5000,1,230,0,0,0
TF,BE113,45.095667,19.953056,0, ,0.0,0.0,0.0,0.0,2,5000,0,0,0,0,0,0
TF,BE112,45.148250,19.832500,0, ,0.0,0.0,0.0,0.0,2,5000,0,1,230,0,0,0
TF,BE101,45.061056,19.756861,0, ,0.0,0.0,0.0,0.0,2,5000,0,1,210,0,0,0
TF,DEVDA,44.955889,19.996167,0, ,0.0,0.0,0.0,0.0,2,4000,0,0,0,0,0,0

STAR,RIGM2B,12L,5
IF,RIGMU,45.409861,19.400972, ,0.0,0.0,4,17000,7000,0,0,0,0,0
TF,TADAM,45.247111,19.546056,0, ,0.0,0.0,0.0,0.0,2,7000,0,0,0,0,0,0
TF,GULBU,45.130500,19.588167,0, ,0.0,0.0,0.0,0.0,2,7000,0,0,0,0,0,0
TF,BE108,44.942556,19.489500,0, ,0.0,0.0,0.0,0.0,2,7000,0,0,0,0,0,0
TF,BE107,44.890472,19.609667,0, ,0.0,0.0,0.0,0.0,2,7000,0,0,0,0,0,0
TF,BE106,44.838528,19.728917,0, ,0.0,0.0,0.0,0.0,2,7000,0,1,230,0,0,0
TF,BE103,44.923778,19.802528,0, ,0.0,0.0,0.0,0.0,2,6000,0,1,230,0,0,0
TF,BE102,44.975778,19.683139,0, ,0.0,0.0,0.0,0.0,2,5000,0,1,230,0,0,0
TF,BE101,45.061056,19.756861,0, ,0.0,0.0,0.0,0.0,2,5000,0,1,210,0,0,0
TF,DEVDA,44.955889,19.996167,2, ,0.0,0.0,0.0,0.0,2,4000,0,0,0,0,0,0

STAR,RIGM2B,12R,5
IF,RIGMU,45.409861,19.400972, ,0.0,0.0,4,17000,7000,0,0,0,0,0
TF,TADAM,45.247111,19.546056,0, ,0.0,0.0,0.0,0.0,2,7000,0,0,0,0,0,0
TF,GULBU,45.130500,19.588167,0, ,0.0,0.0,0.0,0.0,2,7000,0,0,0,0,0,0
TF,BE108,44.942556,19.489500,0, ,0.0,0.0,0.0,0.0,2,7000,0,0,0,0,0,0
TF,BE107,44.890472,19.609667,0, ,0.0,0.0,0.0,0.0,2,7000,0,0,0,0,0,0
TF,BE106,44.838528,19.728917,0, ,0.0,0.0,0.0,0.0,2,7000,0,1,230,0,0,0
TF,BE103,44.923778,19.802528,0, ,0.0,0.0,0.0,0.0,2,6000,0,1,230,0,0,0
TF,BE102,44.975778,19.683139,0, ,0.0,0.0,0.0,0.0,2,5000,0,1,230,0,0,0
TF,BE101,45.061056,19.756861,0, ,0.0,0.0,0.0,0.0,2,5000,0,1,210,0,0,0
TF,DEVDA,44.955889,19.996167,2, ,0.0,0.0,0.0,0.0,2,4000,0,0,0,0,0,0

STAR,RIGM2C,30L,5
IF,RIGMU,45.409861,19.400972, ,0.0,0.0,2,7000,0,0,0,0,0,0
TF,PA,44.891722,20.641111,0, ,0.0,0.0,0.0,0.0,2,7000,0,0,0,0,0,0
TF,BE314,44.776750,20.667417,0, ,0.0,0.0,0.0,0.0,4,7000,5000,0,0,0,0,0
TF,BE313,44.723417,20.786167,0, ,0.0,0.0,0.0,0.0,2,5000,0,0,0,0,0,0
TF,BE312,44.669917,20.904722,0, ,0.0,0.0,0.0,0.0,2,5000,0,1,230,0,0,0
TF,BE301,44.585389,20.829806,0, ,0.0,0.0,0.0,0.0,2,5000,0,1,210,0,0,0
TF,VISOK,44.691250,20.592972,0, ,0.0,0.0,0.0,0.0,2,4000,0,0,0,0,0,0

STAR,RIGM2C,30R,5
IF,RIGMU,45.409861,19.400972, ,0.0,0.0,2,7000,0,0,0,0,0,0
TF,PA,44.891722,20.641111,0, ,0.0,0.0,0.0,0.0,2,7000,0,0,0,0,0,0
TF,BE314,44.776750,20.667417,0, ,0.0,0.0,0.0,0.0,4,7000,5000,0,0,0,0,0
TF,BE313,44.723417,20.786167,0, ,0.0,0.0,0.0,0.0,2,5000,0,0,0,0,0,0
TF,BE312,44.669917,20.904722,0, ,0.0,0.0,0.0,0.0,2,5000,0,1,230,0,0,0
TF,BE301,44.585389,20.829806,0, ,0.0,0.0,0.0,0.0,2,5000,0,1,210,0,0,0
TF,VISOK,44.691250,20.592972,0, ,0.0,0.0,0.0,0.0,2,4000,0,0,0,0,0,0

STAR,RIGM2D,30L,5
IF,RIGMU,45.409861,19.400972, ,0.0,0.0,2,7000,0,0,0,0,0,0
TF,TADAM,45.247111,19.546056,0, ,0.0,0.0,0.0,0.0,2,7000,0,0,0,0,0,0
TF,GULBU,45.130500,19.588167,0, ,0.0,0.0,0.0,0.0,2,7000,0,0,0,0,0,0
TF,BE311,44.996111,19.636472,0, ,0.0,0.0,0.0,0.0,2,7000,0,0,0,0,0,0
TF,BE310,44.896889,19.864111,0, ,0.0,0.0,0.0,0.0,2,7000,0,0,0,0,0,0
TF,BE308,44.713333,20.280528,0, ,0.0,0.0,0.0,0.0,2,7000,0,0,0,0,0,0
TF,BE307,44.660389,20.399528,0, ,0.0,0.0,0.0,0.0,2,5000,0,0,0,0,0,0
TF,BE304,44.607333,20.518278,0, ,0.0,0.0,0.0,0.0,4,7000,5000,0,0,0,0,0
TF,BE303,44.554139,20.636806,0, ,0.0,0.0,0.0,0.0,2,5000,0,0,0,0,0,0
TF,BE302,44.500806,20.755111,0, ,0.0,0.0,0.0,0.0,2,5000,0,1,230,0,0,0
TF,BE301,44.585389,20.829806,0, ,0.0,0.0,0.0,0.0,2,5000,0,1,210,0,0,0
TF,VISOK,44.691250,20.592972,0, ,0.0,0.0,0.0,0.0,2,4000,0,0,0,0,0,0

STAR,RIGM2D,30R,5
IF,RIGMU,45.409861,19.400972, ,0.0,0.0,2,7000,0,0,0,0,0,0
TF,TADAM,45.247111,19.546056,0, ,0.0,0.0,0.0,0.0,2,7000,0,0,0,0,0,0
TF,GULBU,45.130500,19.588167,0, ,0.0,0.0,0.0,0.0,2,7000,0,0,0,0,0,0
TF,BE311,44.996111,19.636472,0, ,0.0,0.0,0.0,0.0,2,7000,0,0,0,0,0,0
TF,BE310,44.896889,19.864111,0, ,0.0,0.0,0.0,0.0,2,7000,0,0,0,0,0,0
TF,BE308,44.713333,20.280528,0, ,0.0,0.0,0.0,0.0,2,7000,0,0,0,0,0,0
TF,BE307,44.660389,20.399528,0, ,0.0,0.0,0.0,0.0,2,5000,0,0,0,0,0,0
TF,BE304,44.607333,20.518278,0, ,0.0,0.0,0.0,0.0,4,7000,5000,0,0,0,0,0
TF,BE303,44.554139,20.636806,0, ,0.0,0.0,0.0,0.0,2,5000,0,0,0,0,0,0
TF,BE302,44.500806,20.755111,0, ,0.0,0.0,0.0,0.0,2,5000,0,1,230,0,0,0
TF,BE301,44.585389,20.829806,0, ,0.0,0.0,0.0,0.0,2,5000,0,1,210,0,0,0
TF,VISOK,44.691250,20.592972,0, ,0.0,0.0,0.0,0.0,2,4000,0,0,0,0,0,0

STAR,RIGM3K,12L,2
IF,RIGMU,45.409861,19.400972, ,0.0,0.0,3,17000,0,0,0,0,0,0
TF,BGD47,45.351075,19.492939,0, ,0.0,0.0,0.0,0.0,0,0,0,0,0,0,0,0
CF,TADAM,45.247111,19.546056,0,VAL,340.9,57.2,161.0,6.7,2,7000,0,0,0,0,0,0
TF,VAL51,45.149447,19.581339,0, ,0.0,0.0,0.0,0.0,0,0,0,0,0,0,0,0
CF,BIDVU,45.038556,19.803722,0,BGD,296.5,25.3,116.0,11.8,2,5000,0,0,0,0,0,0
TF,DEVDA,44.955889,19.996167,0, ,0.0,0.0,0.0,0.0,2,4000,0,0,0,0,0,0

STAR,RIGM3K,12R,2
IF,RIGMU,45.409861,19.400972, ,0.0,0.0,3,17000,0,0,0,0,0,0
TF,BGD47,45.351075,19.492939,0, ,0.0,0.0,0.0,0.0,0,0,0,0,0,0,0,0
CF,TADAM,45.247111,19.546056,0,VAL,340.9,57.2,161.0,6.7,2,7000,0,0,0,0,0,0
TF,VAL51,45.149447,19.581339,0, ,0.0,0.0,0.0,0.0,0,0,0,0,0,0,0,0
CF,BIDVU,45.038556,19.803722,0,BGD,296.5,25.3,116.0,11.8,2,5000,0,0,0,0,0,0
TF,DEVDA,44.955889,19.996167,0, ,0.0,0.0,0.0,0.0,2,4000,0,0,0,0,0,0

STAR,RIGM3L,30L,2
IF,RIGMU,45.409861,19.400972, ,0.0,0.0,2,7000,0,0,0,0,0,0
TF,BGD48,45.368239,19.502642,0, ,0.0,0.0,0.0,0.0,2,7000,0,0,0,0,0,0
TF,D033K,44.964278,20.470769,0, ,0.0,0.0,0.0,0.0,2,7000,0,0,0,0,0,0
TF,PA,44.891722,20.641111,0, ,0.0,0.0,0.0,0.0,2,5000,0,0,0,0,0,0

STAR,RIGM3L,30R,2
IF,RIGMU,45.409861,19.400972, ,0.0,0.0,2,7000,0,0,0,0,0,0
TF,BGD48,45.368239,19.502642,0, ,0.0,0.0,0.0,0.0,2,7000,0,0,0,0,0,0
TF,D033K,44.964278,20.470769,0, ,0.0,0.0,0.0,0.0,2,7000,0,0,0,0,0,0
TF,PA,44.891722,20.641111,0, ,0.0,0.0,0.0,0.0,2,5000,0,0,0,0,0,0

STAR,RIGM3M,30L,2
IF,RIGMU,45.409861,19.400972, ,0.0,0.0,2,7000,0,0,0,0,0,0
TF,BGD48,45.368239,19.502642,0, ,0.0,0.0,0.0,0.0,2,7000,0,0,0,0,0,0
TF,TADAM,45.247111,19.546056,0, ,0.0,0.0,0.0,0.0,2,7000,0,0,0,0,0,0
TF,D105J,44.952006,19.652286,0, ,0.0,0.0,0.0,0.0,2,7000,0,0,0,0,0,0
CF,SMI35,44.743633,20.165094,0,SMI,112.0,35.2,112.0,25.6,2,7000,0,0,0,0,0,0
TF,RIPAN,44.630556,20.471556,0, ,0.0,0.0,0.0,0.0,2,4000,0,0,0,0,0,0

STAR,RIGM3M,30R,2
IF,RIGMU,45.409861,19.400972, ,0.0,0.0,2,7000,0,0,0,0,0,0
TF,BGD48,45.368239,19.502642,0, ,0.0,0.0,0.0,0.0,2,7000,0,0,0,0,0,0
TF,TADAM,45.247111,19.546056,0, ,0.0,0.0,0.0,0.0,2,7000,0,0,0,0,0,0
TF,D105J,44.952006,19.652286,0, ,0.0,0.0,0.0,0.0,2,7000,0,0,0,0,0,0
CF,SMI35,44.743633,20.165094,0,SMI,112.0,35.2,112.0,25.6,2,7000,0,0,0,0,0,0
TF,RIPAN,44.630556,20.471556,0, ,0.0,0.0,0.0,0.0,2,4000,0,0,0,0,0,0

STAR,TISA2C,12L,5
IF,TISAK,45.422056,20.227306, ,0.0,0.0,2,7000,0,0,0,0,0,0
TF,BE114,45.128111,20.147500,0, ,0.0,0.0,0.0,0.0,2,7000,0,0,0,0,0,0
TF,IA,45.043083,20.073111,0, ,0.0,0.0,0.0,0.0,4,7000,5000,1,230,0,0,0
TF,BE113,45.095667,19.953056,0, ,0.0,0.0,0.0,0.0,2,5000,0,0,0,0,0,0
TF,BE112,45.148250,19.832500,0, ,0.0,0.0,0.0,0.0,2,5000,0,1,230,0,0,0
TF,BE101,45.061056,19.756861,0, ,0.0,0.0,0.0,0.0,2,5000,0,1,210,0,0,0
TF,DEVDA,44.955889,19.996167,0, ,0.0,0.0,0.0,0.0,2,4000,0,0,0,0,0,0

STAR,TISA2C,12R,5
IF,TISAK,45.422056,20.227306, ,0.0,0.0,2,7000,0,0,0,0,0,0
TF,BE114,45.128111,20.147500,0, ,0.0,0.0,0.0,0.0,2,7000,0,0,0,0,0,0
TF,IA,45.043083,20.073111,0, ,0.0,0.0,0.0,0.0,4,7000,5000,1,230,0,0,0
TF,BE113,45.095667,19.953056,0, ,0.0,0.0,0.0,0.0,2,5000,0,0,0,0,0,0
TF,BE112,45.148250,19.832500,0, ,0.0,0.0,0.0,0.0,2,5000,0,1,230,0,0,0
TF,BE101,45.061056,19.756861,0, ,0.0,0.0,0.0,0.0,2,5000,0,1,210,0,0,0
TF,DEVDA,44.955889,19.996167,0, ,0.0,0.0,0.0,0.0,2,4000,0,0,0,0,0,0

STAR,TISA2F,30L,5
IF,TISAK,45.422056,20.227306, ,0.0,0.0,2,7000,0,0,0,0,0,0
TF,PA,44.891722,20.641111,0, ,0.0,0.0,0.0,0.0,2,7000,0,0,0,0,0,0
TF,BE314,44.776750,20.667417,0, ,0.0,0.0,0.0,0.0,4,7000,5000,0,0,0,0,0
TF,BE313,44.723417,20.786167,0, ,0.0,0.0,0.0,0.0,2,5000,0,0,0,0,0,0
TF,BE312,44.669917,20.904722,0, ,0.0,0.0,0.0,0.0,2,5000,0,1,230,0,0,0
TF,BE301,44.585389,20.829806,0, ,0.0,0.0,0.0,0.0,2,5000,0,1,210,0,0,0
TF,VISOK,44.691250,20.592972,0, ,0.0,0.0,0.0,0.0,2,4000,0,0,0,0,0,0

STAR,TISA2F,30R,5
IF,TISAK,45.422056,20.227306, ,0.0,0.0,2,7000,0,0,0,0,0,0
TF,PA,44.891722,20.641111,0, ,0.0,0.0,0.0,0.0,2,7000,0,0,0,0,0,0
TF,BE314,44.776750,20.667417,0, ,0.0,0.0,0.0,0.0,4,7000,5000,0,0,0,0,0
TF,BE313,44.723417,20.786167,0, ,0.0,0.0,0.0,0.0,2,5000,0,0,0,0,0,0
TF,BE312,44.669917,20.904722,0, ,0.0,0.0,0.0,0.0,2,5000,0,1,230,0,0,0
TF,BE301,44.585389,20.829806,0, ,0.0,0.0,0.0,0.0,2,5000,0,1,210,0,0,0
TF,VISOK,44.691250,20.592972,0, ,0.0,0.0,0.0,0.0,2,4000,0,0,0,0,0,0

STAR,TISA8A,12L,2
IF,TISAK,45.422056,20.227306, ,0.0,0.0,2,7000,0,0,0,0,0,0
TF,IA,45.043083,20.073111,0, ,0.0,0.0,0.0,0.0,2,5000,0,0,0,0,0,0

STAR,TISA8A,12R,2
IF,TISAK,45.422056,20.227306, ,0.0,0.0,2,7000,0,0,0,0,0,0
TF,IA,45.043083,20.073111,0, ,0.0,0.0,0.0,0.0,2,5000,0,0,0,0,0,0

STAR,TISA8B,30L,2
IF,TISAK,45.422056,20.227306, ,0.0,0.0,2,7000,0,0,0,0,0,0
TF,SOVIN,45.026917,20.536472,0, ,0.0,0.0,0.0,0.0,2,7000,0,0,0,0,0,0
TF,PA,44.891722,20.641111,0, ,0.0,0.0,0.0,0.0,2,5000,0,0,0,0,0,0

STAR,TISA8B,30R,2
IF,TISAK,45.422056,20.227306, ,0.0,0.0,2,7000,0,0,0,0,0,0
TF,SOVIN,45.026917,20.536472,0, ,0.0,0.0,0.0,0.0,2,7000,0,0,0,0,0,0
TF,PA,44.891722,20.641111,0, ,0.0,0.0,0.0,0.0,2,5000,0,0,0,0,0,0

STAR,TPL2F,30L,2
IF,TPL,44.143500,20.744444, ,0.0,0.0,2,7000,0,0,0,0,0,0
TF,VASER,44.533556,20.636861,0, ,0.0,0.0,0.0,0.0,2,7000,0,0,0,0,0,0
TF,VISOK,44.691250,20.592972,0, ,0.0,0.0,0.0,0.0,2,4000,0,0,0,0,0,0

STAR,TPL2F,30R,2
IF,TPL,44.143500,20.744444, ,0.0,0.0,2,7000,0,0,0,0,0,0
TF,VASER,44.533556,20.636861,0, ,0.0,0.0,0.0,0.0,2,7000,0,0,0,0,0,0
TF,VISOK,44.691250,20.592972,0, ,0.0,0.0,0.0,0.0,2,4000,0,0,0,0,0,0

STAR,TPL7A,12L,2
IF,TPL,44.143500,20.744444, ,0.0,0.0,2,9000,0,0,0,0,0,0
TF,NESKU,44.486639,20.464194,0, ,0.0,0.0,0.0,0.0,2,7000,0,0,0,0,0,0
TF,OBR,44.643833,20.138444,0, ,0.0,0.0,0.0,0.0,2,7000,0,0,0,0,0,0
TF,LOGAR,44.785444,19.963139,0, ,0.0,0.0,0.0,0.0,2,4000,0,0,0,0,0,0

STAR,TPL7A,12R,2
IF,TPL,44.143500,20.744444, ,0.0,0.0,2,9000,0,0,0,0,0,0
TF,NESKU,44.486639,20.464194,0, ,0.0,0.0,0.0,0.0,2,7000,0,0,0,0,0,0
TF,OBR,44.643833,20.138444,0, ,0.0,0.0,0.0,0.0,2,7000,0,0,0,0,0,0
TF,LOGAR,44.785444,19.963139,0, ,0.0,0.0,0.0,0.0,2,4000,0,0,0,0,0,0

APPTR,D12L,12L,DEVDA
IF,DEVDA,44.955889,19.996167, ,0.0,0.0,2,4000,0,1,180,0,1,0
CF,LABUD,44.921389,20.076139,0,BGD,296.5,11.8,116.0,4.0,2,3000,0,0,0,0,0,0

APPTR,D12L,12L,IA
IF,IA,45.043083,20.073111, ,0.0,0.0,2,5000,0,0,0,0,1,0
CF,D305O,44.976786,20.046328,0,BGD,305.0,14.7,191.0,4.1,0,0,0,0,0,0,0,1
CF,LABUD,44.921389,20.076139,0,BGD,296.5,11.8,147.0,3.6,2,3000,0,0,0,0,0,0

APPTR,D12L,12L,LOGAR
IF,LOGAR,44.785444,19.963139, ,0.0,0.0,2,4000,0,0,0,0,1,0
CF,D283O,44.893686,19.987356,0,BGD,283.0,14.5,3.0,6.6,0,0,0,0,0,0,0,1
CF,LABUD,44.921389,20.076139,0,BGD,296.5,11.8,87.0,4.0,2,3000,0,0,0,0,0,0

APPTR,D12L,12L,TIKVU
IF,TIKVU,45.031500,20.117056, ,0.0,0.0,2,4000,0,0,0,0,1,0
CF,D305O,44.976786,20.046328,0,BGD,305.0,14.7,191.0,4.0,0,0,0,0,0,0,0,1
CF,LABUD,44.921389,20.076139,0,BGD,296.5,11.8,147.0,3.6,2,3000,0,0,0,0,0,0

FINAL,D12L,12L,D,3
IF,LABUD,44.921389,20.076139,BGD,296.5,11.8,2,3000,0,0,0,0,0,0
CF,FF12L,44.900278,20.124917,0,BGD,296.5,9.3,116.0,2.5,2,3000,0,1,180,0,2,0
CF,MA12L,44.832472,20.281083,0,BGD,296.5,1.5,116.0,7.8,1,543,0,0,0,0,3,0
CF,BG04B,44.788750,20.381333,0,BGD,116.5,3.5,116.0,5.0,0,0,0,0,0,0,0,1
DF,OBR,44.643833,20.138444,2, ,0.0,0.0,1,3000,0,0,0,0,0,0
HM,OBR,44.643833,20.138444,2, ,0.0,0.0,30.0,04.3,1,3000,0,1,220,0,0,0,0

APPTR,D12RA,12R,DEVDA
IF,DEVDA,44.955889,19.996167, ,0.0,0.0,2,4000,0,1,180,0,1,0
CF,LABUD,44.921389,20.076139,0,BGD,296.5,11.8,116.0,4.0,2,3000,0,0,0,0,0,0

APPTR,D12RA,12R,IA
IF,IA,45.043083,20.073111, ,0.0,0.0,2,5000,0,0,0,0,1,0
CF,D305O,44.976786,20.046328,0,BGD,305.0,14.7,191.0,4.1,0,0,0,0,0,0,0,1
CF,LABUD,44.921389,20.076139,0,BGD,296.5,11.8,147.0,3.6,2,3000,0,0,0,0,0,0

APPTR,D12RA,12R,LOGAR
IF,LOGAR,44.785444,19.963139, ,0.0,0.0,2,4000,0,0,0,0,1,0
CF,D283O,44.893686,19.987356,0,BGD,283.0,14.5,3.0,6.6,0,0,0,0,0,0,0,1
CF,LABUD,44.921389,20.076139,0,BGD,296.5,11.8,87.0,4.0,2,3000,0,0,0,0,0,0

APPTR,D12RA,12R,TIKVU
IF,TIKVU,45.031500,20.117056, ,0.0,0.0,2,4000,0,0,0,0,1,0
CF,D305O,44.976786,20.046328,0,BGD,305.0,14.7,191.0,4.0,0,0,0,0,0,0,0,1
CF,LABUD,44.921389,20.076139,0,BGD,296.5,11.8,147.0,3.6,2,3000,0,0,0,0,0,0

FINAL,D12RA,12R,D,3
IF,LABUD,44.921389,20.076139,BGD,296.5,11.8,2,3000,0,0,0,0,0,0
CF,FF12R,44.895833,20.135167,0,BGD,296.5,8.8,116.0,3.0,2,3000,0,1,180,0,2,0
CF,MA12R,44.832389,20.281250,0,BGD,296.5,1.5,116.0,7.3,1,673,0,0,0,0,3,0
CF,BG04A,44.788861,20.381056,0,BGD,116.5,3.5,116.0,5.0,0,0,0,0,0,0,0,1
DF,OBR,44.643833,20.138444,2, ,0.0,0.0,1,3000,0,0,0,0,0,0
HM,OBR,44.643833,20.138444,2, ,0.0,0.0,30.0,04.3,1,3000,0,1,220,0,0,0,0

APPTR,D30LB,30L,PA
IF,PA,44.891722,20.641111, ,0.0,0.0,2,5000,0,0,0,0,1,0
CF,D104M,44.746817,20.605258,0,BGD,104.0,13.3,185.0,8.8,2,3100,0,1,210,0,0,1
CF,TUPKO,44.727500,20.513528,0,BGD,117.4,10.3,268.0,4.0,2,3100,0,0,0,0,0,0

APPTR,D30LB,30L,RIPAN
IF,RIPAN,44.630556,20.471556, ,0.0,0.0,2,4000,0,0,0,0,1,0
CF,D131M,44.660025,20.526481,0,BGD,131.0,13.3,49.0,2.9,2,3100,0,1,210,0,0,1
CF,TUPKO,44.727500,20.513528,0,BGD,117.4,10.3,328.0,4.0,2,3100,0,0,0,0,0,0

APPTR,D30LB,30L,VISOK
IF,VISOK,44.691250,20.592972, ,0.0,0.0,2,4000,0,1,180,0,1,0
CF,TUPKO,44.727500,20.513528,0,BGD,117.4,10.3,298.0,4.0,2,3100,0,0,0,0,0,0

FINAL,D30LB,30L,D,4
IF,TUPKO,44.727500,20.513528,BGD,117.4,10.3,2,3100,0,0,0,0,0,0
CF,FF30,44.736972,20.492694,0,BGD,117.4,9.2,298.0,1.1,2,3100,0,1,180,0,2,0
CF,36VOR,44.787153,20.382264,0,BGD,117.4,3.6,298.0,5.6,2,1330,0,0,0,0,0,0
CF,MA30,44.805944,20.340806,0,BGD,117.4,1.5,298.0,2.1,1,648,0,0,0,0,3,0
CF,D298C,44.846167,20.251833,0,BGD,297.4,3.0,298.0,4.5,0,0,0,0,0,0,0,1
DF,OBR,44.643833,20.138444,1, ,0.0,0.0,1,3000,0,0,0,0,0,0
HM,OBR,44.643833,20.138444,2, ,0.0,0.0,30.0,04.3,1,3000,0,1,220,0,0,0,0

APPTR,D30R,30R,PA
IF,PA,44.891722,20.641111, ,0.0,0.0,2,5000,0,0,0,0,1,0
CF,D104M,44.746817,20.605258,0,BGD,104.0,13.3,185.0,8.8,2,3100,0,1,210,0,0,1
CF,TUPKO,44.727500,20.513528,0,BGD,117.4,10.3,268.0,4.0,2,3100,0,0,0,0,0,0

APPTR,D30R,30R,RIPAN
IF,RIPAN,44.630556,20.471556, ,0.0,0.0,2,4000,0,0,0,0,1,0
CF,D131M,44.660025,20.526481,0,BGD,131.0,13.3,49.0,2.9,2,3100,0,1,210,0,0,1
CF,TUPKO,44.727500,20.513528,0,BGD,117.4,10.3,328.0,4.0,2,3100,0,0,0,0,0,0

APPTR,D30R,30R,VISOK
IF,VISOK,44.691250,20.592972, ,0.0,0.0,2,4000,0,1,180,0,1,0
CF,TUPKO,44.727500,20.513528,0,BGD,117.4,10.3,298.0,4.0,2,3100,0,0,0,0,0,0

FINAL,D30R,30R,D,4
IF,TUPKO,44.727500,20.513528,BGD,117.4,10.3,2,3100,0,0,0,0,0,0
CF,FF30,44.736972,20.492694,0,BGD,117.4,9.2,298.0,1.1,2,3100,0,1,180,0,2,0
CF,36VOR,44.787153,20.382264,0,BGD,117.4,3.6,298.0,5.6,2,1330,0,0,0,0,0,0
CF,MA30,44.805944,20.340806,0,BGD,117.4,1.5,298.0,2.1,1,650,0,0,0,0,3,0
CF,D298C,44.846167,20.251833,0,BGD,297.4,3.0,298.0,4.5,0,0,0,0,0,0,0,1
DF,OBR,44.643833,20.138444,1, ,0.0,0.0,1,3000,0,0,0,0,0,0
HM,OBR,44.643833,20.138444,2, ,0.0,0.0,30.0,04.3,1,3000,0,1,220,0,0,0,0

APPTR,I12L,12L,DEVDA
IF,DEVDA,44.955889,19.996167, ,0.0,0.0,2,4000,0,1,180,0,1,0
CF,LABUD,44.921389,20.076139,0,YUB,297.0,12.9,116.0,4.0,2,3000,0,0,0,0,0,0

APPTR,I12L,12L,IA
IF,IA,45.043083,20.073111, ,0.0,0.0,2,5000,0,0,0,0,1,0
CF,D305O,44.976786,20.046328,0,BGD,305.0,14.7,191.0,4.1,0,0,0,0,0,0,0,1
CF,LABUD,44.921389,20.076139,0,YUB,297.0,12.9,147.0,3.0,2,3000,0,0,0,0,0,0

APPTR,I12L,12L,LOGAR
IF,LOGAR,44.785444,19.963139, ,0.0,0.0,2,4000,0,0,0,0,1,0
CF,D283O,44.893686,19.987356,0,BGD,283.0,14.5,3.0,6.6,0,0,0,0,0,0,0,1
CF,LABUD,44.921389,20.076139,0,YUB,297.0,12.9,87.0,4.0,2,3000,0,0,0,0,0,0

APPTR,I12L,12L,TIKVU
IF,TIKVU,45.031500,20.117056, ,0.0,0.0,2,4000,0,0,0,0,1,0
CF,D305O,44.976786,20.046328,0,BGD,305.0,14.7,191.0,4.5,0,0,0,0,0,0,0,1
CF,LABUD,44.921389,20.076139,0,YUB,297.0,12.9,147.0,3.0,2,3000,0,0,0,0,0,0

FINAL,I12L,12L,I,3
IF,LABUD,44.921389,20.076139,YUB,297.0,12.9,2,3000,0,0,0,0,0,0
CF,WEGGE,44.897528,20.130278,0,YUB,296.9,10.1,117.0,2.7,1,3000,0,1,180,0,2,0
CF,RW12L,44.826517,20.290975,0,YUB,296.9,2.1,117.0,8.1,1,370,0,0,0,0,3,0
CF,D118D,44.787056,20.379806,0,BGD,118.4,3.5,117.0,4.5,0,0,0,0,0,0,0,1
DF,OBR,44.643833,20.138444,2, ,0.0,0.0,1,3000,0,0,0,0,0,0
HM,OBR,44.643833,20.138444,2, ,0.0,0.0,30.0,04.3,1,3000,0,1,220,0,0,0,0

APPTR,I12R,12R,DEVDA
IF,DEVDA,44.955889,19.996167, ,0.0,0.0,2,4000,0,1,180,0,1,0
CF,LAMBA,44.927778,20.057056,0,YBG,297.0,13.8,118.0,3.1,2,3000,0,0,0,0,0,0

APPTR,I12R,12R,IA
IF,IA,45.043083,20.073111, ,0.0,0.0,2,5000,0,0,0,0,1,0
CF,D303O,44.967917,20.042750,0,BGD,303.0,14.5,191.0,4.7,0,0,0,0,0,0,0,1
CF,LAMBA,44.927778,20.057056,0,YBG,297.0,13.8,147.0,2.0,2,3000,0,0,0,0,0,0

APPTR,I12R,12R,LOGAR
IF,LOGAR,44.785444,19.963139, ,0.0,0.0,2,4000,0,0,0,0,1,0
CF,D284O,44.901794,19.985658,0,BGD,284.7,14.8,3.0,7.1,0,0,0,0,0,0,0,1
CF,LAMBA,44.927778,20.057056,0,YBG,297.0,13.8,87.0,3.0,2,3000,0,0,0,0,0,0

APPTR,I12R,12R,TIKVU
IF,TIKVU,45.031500,20.117056, ,0.0,0.0,2,4000,0,0,0,0,1,0
CF,D303O,44.967917,20.042750,0,BGD,303.0,14.5,191.0,5.0,0,0,0,0,0,0,0,1
CF,LAMBA,44.927778,20.057056,0,YBG,297.0,13.8,147.0,2.0,2,3000,0,0,0,0,0,0

FINAL,I12R,12R,I,3
IF,LAMBA,44.927778,20.057056,YBG,297.0,13.8,2,3000,0,0,0,0,0,0
CF,ROZGI,44.892639,20.136833,0,YBG,296.9,9.7,117.0,4.0,1,3000,0,1,180,0,2,0
CF,RW12R,44.821711,20.297275,0,YBG,296.9,1.7,117.0,8.1,1,378,0,0,0,0,3,0
CF,BGD04,44.787333,20.379667,0,BGD,118.3,3.5,117.0,4.1,0,0,0,0,0,0,0,1
DF,OBR,44.643833,20.138444,2, ,0.0,0.0,1,3000,0,0,0,0,0,0
HM,OBR,44.643833,20.138444,2, ,0.0,0.0,30.0,04.3,1,3000,0,1,220,0,0,0,0

APPTR,I30R,30R,PA
IF,PA,44.891722,20.641111, ,0.0,0.0,2,5000,0,0,0,0,1,0
FC,PA,44.891722,20.641111,0,VAL,0.0,0.0,185.0,8.7,2,3100,0,1,210,0,0,1
CF,TUPKO,44.727500,20.513528,0,YBE,116.9,11.4,268.0,3.8,2,3100,0,0,0,0,0,0

APPTR,I30R,30R,RIPAN
IF,RIPAN,44.630556,20.471556, ,0.0,0.0,2,4000,0,0,0,0,1,0
FC,RIPAN,44.630556,20.471556,0,VAL,0.0,0.0,49.0,2.9,2,3100,0,1,210,0,0,1
CF,TUPKO,44.727500,20.513528,0,YBE,116.9,11.4,328.0,3.8,2,3100,0,0,0,0,0,0

APPTR,I30R,30R,VISOK
IF,VISOK,44.691250,20.592972, ,0.0,0.0,2,4000,0,1,180,0,1,0
CF,TUPKO,44.727500,20.513528,0,YBE,116.9,11.4,298.0,4.0,2,3100,0,0,0,0,0,0

FINAL,I30R,30R,I,3
IF,TUPKO,44.727500,20.513528,YBE,116.9,11.4,2,3100,0,0,0,0,0,0
CF,ZULLI,44.738556,20.488750,0,YBE,116.9,10.2,297.0,1.3,1,3100,0,1,180,0,2,0
CF,RW30R,44.812239,20.323169,0,YBE,116.9,1.8,297.0,8.3,1,382,0,0,0,0,3,0
CF,D295C,44.844500,20.250389,0,BGD,295.2,3.0,297.0,3.7,0,0,0,0,0,0,0,1
DF,OBR,44.643833,20.138444,1, ,0.0,0.0,1,3000,0,0,0,0,0,0
HM,OBR,44.643833,20.138444,2, ,0.0,0.0,30.0,04.3,1,3000,0,1,220,0,0,0,0

APPTR,R12L,12L,DEVDA
IF,DEVDA,44.955889,19.996167, ,0.0,0.0,2,4000,0,1,180,0,1,0
TF,LABUD,44.921389,20.076139,0, ,0.0,0.0,0.0,0.0,2,3000,0,0,0,0,0,0

FINAL,R12L,12L,R,3
IF,LABUD,44.921389,20.076139, ,0.0,0.0,2,3000,0,0,0,0,0,0
TF,WEGGE,44.897528,20.130278,0, ,0.0,0.0,117.0,2.7,2,3000,0,1,180,0,2,0
TF,RW12L,44.826517,20.290975,0, ,0.0,0.0,117.0,8.1,1,370,0,0,0,0,3,1
TF,BE160,44.787306,20.379694,0, ,0.0,0.0,0.0,0.0,0,0,0,0,0,0,0,1
DF,OBR,44.643833,20.138444,2, ,0.0,0.0,1,3000,0,1,210,0,0,1
HM,OBR,44.643833,20.138444,2, ,0.0,0.0,30.0,04.3,1,3000,0,1,220,0,0,0,0

APPTR,R12R,12R,DEVDA
IF,DEVDA,44.955889,19.996167, ,0.0,0.0,2,4000,0,1,180,0,1,0
TF,LAMBA,44.927778,20.057056,0, ,0.0,0.0,0.0,0.0,2,3000,0,0,0,0,0,0

FINAL,R12R,12R,R,3
IF,LAMBA,44.927778,20.057056, ,0.0,0.0,2,3000,0,0,0,0,0,0
TF,ROZGI,44.892639,20.136833,0, ,0.0,0.0,117.0,4.0,2,3000,0,1,180,0,2,0
TF,RW12R,44.821711,20.297275,0, ,0.0,0.0,117.0,8.1,1,376,0,0,0,0,3,1
TF,BE180,44.799750,20.347000,0, ,0.0,0.0,0.0,0.0,0,0,0,0,0,0,0,1
DF,OBR,44.643833,20.138444,2, ,0.0,0.0,1,3000,0,1,210,0,0,1
HM,OBR,44.643833,20.138444,2, ,0.0,0.0,30.0,04.3,1,3000,0,1,220,0,0,0,0

APPTR,R30L,30L,VISOK
IF,VISOK,44.691250,20.592972, ,0.0,0.0,2,4000,0,1,180,0,1,0
TF,EMDAS,44.717556,20.531222,0, ,0.0,0.0,0.0,0.0,2,3200,0,0,0,0,0,0

FINAL,R30L,30L,R,3
IF,EMDAS,44.717556,20.531222, ,0.0,0.0,2,3200,0,0,0,0,0,0
TF,HELPU,44.739667,20.481694,0, ,0.0,0.0,297.0,2.5,2,3000,0,1,180,0,2,0
TF,RW30L,44.810778,20.321919,0, ,0.0,0.0,297.0,8.1,1,380,0,0,0,0,3,1
TF,BE190,44.834639,20.268333,0, ,0.0,0.0,0.0,0.0,0,0,0,0,0,0,0,1
DF,OBR,44.643833,20.138444,1, ,0.0,0.0,1,3000,0,1,210,0,0,1
HM,OBR,44.643833,20.138444,2, ,0.0,0.0,30.0,04.3,1,3000,0,1,220,0,0,0,0

APPTR,R30R,30R,VISOK
IF,VISOK,44.691250,20.592972, ,0.0,0.0,2,4000,0,1,180,0,1,0
TF,BITUF,44.716417,20.538278,0, ,0.0,0.0,0.0,0.0,2,3100,0,0,0,0,0,0

FINAL,R30R,30R,R,3
IF,BITUF,44.716417,20.538278, ,0.0,0.0,2,3100,0,0,0,0,0,0
TF,ZULLI,44.738556,20.488750,0, ,0.0,0.0,297.0,2.5,2,3100,0,1,180,0,2,0
TF,RW30R,44.812239,20.323169,0, ,0.0,0.0,297.0,8.3,1,382,0,0,0,0,3,1
TF,BE170,44.844611,20.250444,0, ,0.0,0.0,0.0,0.0,0,0,0,0,0,0,0,1
DF,OBR,44.643833,20.138444,1, ,0.0,0.0,1,3000,0,1,210,0,0,1
HM,OBR,44.643833,20.138444,2, ,0.0,0.0,30.0,04.3,1,3000,0,1,220,0,0,0,0

