SID,EVUL2C,01,5
CF,KZ511,48.775703,21.280631,0,KSC,7.0,5.7,7.0,6.0,0,0,0,1,205,0,0,0
TF,KZ521,48.768569,21.381786,0, ,0.0,0.0,0.0,0.0,2,4000,0,0,0,0,0,0
TF,KZ522,48.705911,21.566278,0, ,0.0,0.0,0.0,0.0,2,5500,0,0,0,0,0,0
TF,EVULA,48.662500,21.693056,0, ,0.0,0.0,0.0,0.0,2,10000,0,0,0,0,0,0

SID,EVUL2V,19,5
CF,KZ571,48.549467,21.201547,0,KSC,187.0,8.2,187.0,6.0,0,0,0,1,205,0,0,0
TF,KZ581,48.530658,21.323706,0, ,0.0,0.0,0.0,0.0,0,0,0,0,0,0,0,0
TF,KZ582,48.573447,21.403197,0, ,0.0,0.0,0.0,0.0,2,4500,0,0,0,0,0,0
TF,KZ583,48.659150,21.563131,0, ,0.0,0.0,0.0,0.0,2,5500,0,0,0,0,0,0
TF,EVULA,48.662500,21.693056,0, ,0.0,0.0,0.0,0.0,2,10000,0,0,0,0,0,0

SID,HATI2A,01,2
DF,D007C,48.733333,21.265833,0, ,0.0,0.0,0,0,0,0,0,0,0,1
CF,KSC,48.683083,21.248167,1,KSC,0.0,0.0,124.0,3.0,0,0,0,1,205,0,0,0
TF,HATIP,48.743889,21.722222,0, ,0.0,0.0,0.0,0.0,0,0,0,0,0,0,0,0

SID,HATI2B,01,2
DF,D007C,48.733333,21.265833,0, ,0.0,0.0,0,0,0,0,0,0,0,1
CI,2, ,0.0,114.0,0,0,0,1,205,0,0,0
CF,HATIP,48.743889,21.722222,0,KSC,72.9,19.2,73.0,11.0,0,0,0,0,0,0,0,0

SID,HATI2C,01,5
CF,KZ511,48.775703,21.280631,0,KSC,7.0,5.7,7.0,6.0,0,0,0,1,205,0,0,0
TF,KZ521,48.768569,21.381786,0, ,0.0,0.0,0.0,0.0,2,4000,0,0,0,0,0,0
TF,KZ541,48.757664,21.534050,0, ,0.0,0.0,0.0,0.0,2,5500,0,0,0,0,0,0
TF,HATIP,48.743889,21.722222,0, ,0.0,0.0,0.0,0.0,2,10000,0,0,0,0,0,0

SID,HATI2V,19,5
CF,KZ571,48.549467,21.201547,0,KSC,187.0,8.2,187.0,6.0,0,0,0,1,205,0,0,0
TF,KZ581,48.530658,21.323706,0, ,0.0,0.0,0.0,0.0,0,0,0,0,0,0,0,0
TF,KZ582,48.573447,21.403197,0, ,0.0,0.0,0.0,0.0,2,4500,0,0,0,0,0,0
TF,KZ583,48.659150,21.563131,0, ,0.0,0.0,0.0,0.0,2,5500,0,0,0,0,0,0
TF,HATIP,48.743889,21.722222,0, ,0.0,0.0,0.0,0.0,2,10000,0,0,0,0,0,0

SID,HATI2Z,19,2
DF,KSC06,48.588056,21.215000,0, ,0.0,0.0,0,0,0,0,0,0,0,1
CF,KSC,48.683083,21.248167,2,KSC,0.0,0.0,43.0,6.0,0,0,0,1,205,0,0,0
TF,HATIP,48.743889,21.722222,0, ,0.0,0.0,0.0,0.0,0,0,0,0,0,0,0,0

SID,KEKE2A,01,2
DF,D007C,48.733333,21.265833,0, ,0.0,0.0,0,0,0,0,0,0,0,1
CF,KSC,48.683083,21.248167,1,KSC,0.0,0.0,124.0,3.0,0,0,0,1,205,0,0,0
TF,KEKED,48.523056,21.291389,0, ,0.0,0.0,0.0,0.0,0,0,0,0,0,0,0,0

SID,KEKE2Y,19,2
DF,KSC06,48.588056,21.215000,0, ,0.0,0.0,0,0,0,0,0,0,0,1
CI,0, ,0.0,109.0,0,0,0,1,205,0,0,0
CF,KEKED,48.523056,21.291389,0,KSC,163.8,9.8,164.0,1.0,0,0,0,0,0,0,0,0

SID,LATO1C,01,5
CF,KZ511,48.775703,21.280631,0,KSC,7.0,5.7,7.0,6.0,0,0,0,1,205,0,0,0
TF,KZ512,48.803853,21.096067,0, ,0.0,0.0,0.0,0.0,2,5500,0,0,0,0,0,0
TF,KZ513,48.776775,20.993017,0, ,0.0,0.0,0.0,0.0,2,5500,0,0,0,0,0,0
TF,KZ514,48.642908,20.940958,0, ,0.0,0.0,0.0,0.0,2,5500,0,0,0,0,0,0
TF,LATOF,48.278333,20.800556,0, ,0.0,0.0,0.0,0.0,0,0,0,0,0,0,0,0

SID,LATO1V,19,5
CF,KZ571,48.549467,21.201547,0,KSC,187.0,8.2,187.0,6.0,0,0,0,1,205,0,0,0
TF,LATOF,48.278333,20.800556,0, ,0.0,0.0,0.0,0.0,0,0,0,0,0,0,0,0

SID,MARK2B,01,2
DF,D007C,48.733333,21.265833,0, ,0.0,0.0,0,0,0,0,0,0,0,1
CF,KSC,48.683083,21.248167,2,KSC,0.0,0.0,250.0,3.0,0,0,0,1,205,0,0,0
TF,MARKA,48.889444,20.677222,0, ,0.0,0.0,0.0,0.0,0,0,0,0,0,0,0,0

SID,MARK2C,01,5
CF,KZ511,48.775703,21.280631,0,KSC,7.0,5.7,7.0,6.0,0,0,0,1,205,0,0,0
TF,KZ512,48.803853,21.096067,0, ,0.0,0.0,0.0,0.0,2,5500,0,0,0,0,0,0
TF,MARKA,48.889444,20.677222,0, ,0.0,0.0,0.0,0.0,2,10000,0,0,0,0,0,0

SID,MARK2V,19,5
CF,KZ571,48.549467,21.201547,0,KSC,187.0,8.2,187.0,6.0,0,0,0,1,205,0,0,0
TF,KZ572,48.571867,21.054833,0, ,0.0,0.0,0.0,0.0,2,4000,0,0,0,0,0,0
TF,KZ575,48.681817,20.924808,0, ,0.0,0.0,0.0,0.0,2,5500,0,0,0,0,0,0
TF,MARKA,48.889444,20.677222,0, ,0.0,0.0,0.0,0.0,2,10000,0,0,0,0,0,0

SID,MARK2Y,19,2
DF,KSC06,48.588056,21.215000,0, ,0.0,0.0,0,0,0,0,0,0,0,1
CF,KSC,48.683083,21.248167,1,KSC,0.0,0.0,331.0,6.0,0,0,0,1,205,0,0,0
TF,MARKA,48.889444,20.677222,0, ,0.0,0.0,0.0,0.0,0,0,0,0,0,0,0,0

SID,MARK3A,01,2
DF,D007C,48.733333,21.265833,0, ,0.0,0.0,0,0,0,0,0,0,0,1
CI,1, ,0.0,248.0,0,0,0,1,205,0,0,0
CF,MARKA,48.889444,20.677222,0,KSC,292.9,25.8,293.0,18.0,0,0,0,0,0,0,0,0

SID,MARK3Z,19,2
DF,KSC06,48.588056,21.215000,0, ,0.0,0.0,0,0,0,0,0,0,0,1
CI,2, ,0.0,335.0,0,0,0,1,205,0,0,0
CF,MARKA,48.889444,20.677222,0,KSC,292.9,25.8,305.0,21.0,0,0,0,0,0,0,0,0

SID,RAZE1A,01,2
DF,D007C,48.733333,21.265833,0, ,0.0,0.0,0,0,0,0,0,0,0,0
CF,RAZEC,49.118056,21.090278,0,KSC,340.6,26.9,341.0,23.0,0,0,0,1,205,0,0,0

SID,RAZE1Y,19,2
DF,KSC06,48.588056,21.215000,0, ,0.0,0.0,0,0,0,0,0,0,0,1
CF,KSC,48.683083,21.248167,1,KSC,0.0,0.0,331.0,6.0,0,0,0,1,205,0,0,0
TF,RAZEC,49.118056,21.090278,0, ,0.0,0.0,0.0,0.0,0,0,0,0,0,0,0,0

SID,RAZE2C,01,5
CF,KZ511,48.775703,21.280631,0,KSC,7.0,5.7,7.0,6.0,0,0,0,1,205,0,0,0
TF,KZ512,48.803853,21.096067,0, ,0.0,0.0,0.0,0.0,2,5500,0,0,0,0,0,0
TF,KZ551,48.961942,21.093211,0, ,0.0,0.0,0.0,0.0,2,8500,0,0,0,0,0,0
TF,RAZEC,49.118056,21.090278,0, ,0.0,0.0,0.0,0.0,2,10000,0,0,0,0,0,0

SID,RAZE2V,19,5
CF,KZ571,48.549467,21.201547,0,KSC,187.0,8.2,187.0,6.0,0,0,0,1,205,0,0,0
TF,KZ572,48.571867,21.054833,0, ,0.0,0.0,0.0,0.0,2,4000,0,0,0,0,0,0
TF,KZ573,48.717961,21.105397,0, ,0.0,0.0,0.0,0.0,2,5500,0,0,0,0,0,0
TF,KZ574,48.917564,21.163497,0, ,0.0,0.0,0.0,0.0,2,5500,0,0,0,0,0,0
TF,KOJOT,48.975000,21.142500,0, ,0.0,0.0,0.0,0.0,2,8500,0,0,0,0,0,0
TF,RAZEC,49.118056,21.090278,0, ,0.0,0.0,0.0,0.0,2,10000,0,0,0,0,0,0

SID,SUFA1C,01,5
CF,KZ511,48.775703,21.280631,0,KSC,7.0,5.7,7.0,6.0,0,0,0,1,205,0,0,0
TF,KZ521,48.768569,21.381786,0, ,0.0,0.0,0.0,0.0,2,4000,0,0,0,0,0,0
TF,KZ522,48.705911,21.566278,0, ,0.0,0.0,0.0,0.0,2,5500,0,0,0,0,0,0
TF,KZ523,48.566506,21.516697,0, ,0.0,0.0,0.0,0.0,2,5500,0,0,0,0,0,0
TF,SUFAX,48.226667,21.396944,0, ,0.0,0.0,0.0,0.0,0,0,0,0,0,0,0,0

SID,SUFA1V,19,5
CF,KZ571,48.549467,21.201547,0,KSC,187.0,8.2,187.0,6.0,0,0,0,1,205,0,0,0
TF,SUFAX,48.226667,21.396944,0, ,0.0,0.0,0.0,0.0,0,0,0,0,0,0,0,0

SID,TAKO1A,01,2
DF,D007C,48.733333,21.265833,0, ,0.0,0.0,0,0,0,0,0,0,0,1
CI,1, ,0.0,197.0,0,0,0,1,205,0,0,0
CF,TAKOS,48.582500,20.266667,0,KSC,255.6,39.5,256.0,34.5,0,0,0,0,0,0,0,0

SID,TAKO1B,01,2
DF,D007C,48.733333,21.265833,0, ,0.0,0.0,0,0,0,0,0,0,0,1
CF,KSC,48.683083,21.248167,2,KSC,0.0,0.0,250.0,3.0,0,0,0,1,205,0,0,0
TF,TAKOS,48.582500,20.266667,0, ,0.0,0.0,0.0,0.0,0,0,0,0,0,0,0,0

SID,TAKO1Y,19,2
DF,KSC06,48.588056,21.215000,0, ,0.0,0.0,0,0,0,0,0,0,0,1
CF,KSC,48.683083,21.248167,1,KSC,0.0,0.0,331.0,6.0,0,0,0,1,205,0,0,0
TF,TAKOS,48.582500,20.266667,0, ,0.0,0.0,0.0,0.0,0,0,0,0,0,0,0,0

SID,TAKO1Z,19,2
DF,KSC06,48.588056,21.215000,0, ,0.0,0.0,0,0,0,0,0,0,0,0
CI,2, ,0.0,274.0,0,0,0,1,205,0,0,0
CF,TAKOS,48.582500,20.266667,0,KSC,255.6,39.5,256.0,20.0,0,0,0,0,0,0,0,0

SID,TAKO2C,01,5
CF,KZ511,48.775703,21.280631,0,KSC,7.0,5.7,7.0,6.0,0,0,0,1,205,0,0,0
TF,KZ512,48.803853,21.096067,0, ,0.0,0.0,0.0,0.0,2,5500,0,0,0,0,0,0
TF,KZ531,48.716697,20.766003,0, ,0.0,0.0,0.0,0.0,2,8500,0,0,0,0,0,0
TF,TAKOS,48.582500,20.266667,0, ,0.0,0.0,0.0,0.0,2,10000,0,0,0,0,0,0

SID,TAKO2V,19,5
CF,KZ571,48.549467,21.201547,0,KSC,187.0,8.2,187.0,6.0,0,0,0,1,205,0,0,0
TF,KZ572,48.571867,21.054833,0, ,0.0,0.0,0.0,0.0,2,4000,0,0,0,0,0,0
TF,KZ576,48.574558,20.888094,0, ,0.0,0.0,0.0,0.0,2,5500,0,0,0,0,0,0
TF,KZ577,48.576458,20.760236,0, ,0.0,0.0,0.0,0.0,2,8500,0,0,0,0,0,0
TF,TAKOS,48.582500,20.266667,0, ,0.0,0.0,0.0,0.0,2,10000,0,0,0,0,0,0

STAR,EVUL1K,01,5
IF,EVULA,48.662500,21.693056, ,0.0,0.0,2,10000,0,0,0,0,0,0
TF,KZ642,48.620817,21.381147,0, ,0.0,0.0,0.0,0.0,2,6000,0,0,0,0,0,0
TF,KZ641,48.458619,21.324211,0, ,0.0,0.0,0.0,0.0,2,5200,0,0,0,0,0,0
TF,GONPI,48.481175,21.177817,0, ,0.0,0.0,0.0,0.0,2,3500,0,1,220,0,0,0

STAR,EVUL2N,19,5
IF,EVULA,48.662500,21.693056, ,0.0,0.0,2,10000,0,0,0,0,0,0
TF,KZ666,48.664567,21.584900,0, ,0.0,0.0,0.0,0.0,2,6000,0,1,210,0,0,0
TF,KZ665,48.583522,21.556036,0, ,0.0,0.0,0.0,0.0,2,6000,0,1,210,0,0,0
TF,KZ664,48.602581,21.433833,0, ,0.0,0.0,0.0,0.0,2,6000,0,1,210,0,0,0
TF,KZ663,48.683653,21.462514,0, ,0.0,0.0,0.0,0.0,2,6000,0,0,0,0,0,0
TF,KZ662,48.786803,21.455453,0, ,0.0,0.0,0.0,0.0,2,5500,0,1,210,0,0,0
TF,KZ661,48.820989,21.400297,0, ,0.0,0.0,0.0,0.0,2,4000,0,1,210,0,0,0
TF,LEMPI,48.836133,21.301881,0, ,0.0,0.0,0.0,0.0,2,3300,0,1,210,0,0,0

STAR,HATI1K,01,5
IF,HATIP,48.743889,21.722222, ,0.0,0.0,2,10000,0,0,0,0,0,0
TF,KZ642,48.620817,21.381147,0, ,0.0,0.0,0.0,0.0,2,6000,0,0,0,0,0,0
TF,KZ641,48.458619,21.324211,0, ,0.0,0.0,0.0,0.0,2,5200,0,0,0,0,0,0
TF,GONPI,48.481175,21.177817,0, ,0.0,0.0,0.0,0.0,2,3500,0,1,220,0,0,0

STAR,HATI2N,19,5
IF,HATIP,48.743889,21.722222, ,0.0,0.0,2,10000,0,0,0,0,0,0
TF,KZ666,48.664567,21.584900,0, ,0.0,0.0,0.0,0.0,2,6000,0,1,210,0,0,0
TF,KZ665,48.583522,21.556036,0, ,0.0,0.0,0.0,0.0,2,6000,0,1,210,0,0,0
TF,KZ664,48.602581,21.433833,0, ,0.0,0.0,0.0,0.0,2,6000,0,1,210,0,0,0
TF,KZ663,48.683653,21.462514,0, ,0.0,0.0,0.0,0.0,2,6000,0,0,0,0,0,0
TF,KZ662,48.786803,21.455453,0, ,0.0,0.0,0.0,0.0,2,5500,0,1,210,0,0,0
TF,KZ661,48.820989,21.400297,0, ,0.0,0.0,0.0,0.0,2,4000,0,1,210,0,0,0
TF,LEMPI,48.836133,21.301881,0, ,0.0,0.0,0.0,0.0,2,3300,0,1,210,0,0,0

STAR,LATO1K,01,5
IF,LATOF,48.278333,20.800556, ,0.0,0.0,2,10000,0,0,0,0,0,0
TF,KZ611,48.503544,21.031292,0, ,0.0,0.0,0.0,0.0,2,4000,0,0,0,0,0,0
TF,GONPI,48.481175,21.177817,0, ,0.0,0.0,0.0,0.0,2,3500,0,1,220,0,0,0

STAR,LATO3N,19,5
IF,LATOF,48.278333,20.800556, ,0.0,0.0,2,10000,0,0,0,0,0,0
TF,KZ653,48.746506,21.052756,0, ,0.0,0.0,0.0,0.0,2,6000,0,0,0,0,0,0
TF,KZ652,48.856164,21.090808,0, ,0.0,0.0,0.0,0.0,2,5500,0,1,210,0,0,0
TF,KZ651,48.852433,21.195297,0, ,0.0,0.0,0.0,0.0,2,4000,0,0,0,0,0,0
TF,LEMPI,48.836133,21.301881,0, ,0.0,0.0,0.0,0.0,2,3300,0,1,210,0,0,0

STAR,MARK1K,01,5
IF,MARKA,48.889444,20.677222, ,0.0,0.0,2,10000,0,0,0,0,0,0
TF,KZ631,48.704283,21.017358,0, ,0.0,0.0,0.0,0.0,2,6000,0,0,0,0,0,0
TF,KZ612,48.665883,21.087339,0, ,0.0,0.0,0.0,0.0,2,6000,0,0,0,0,0,0
TF,KZ611,48.503544,21.031292,0, ,0.0,0.0,0.0,0.0,2,4000,0,0,0,0,0,0
TF,GONPI,48.481175,21.177817,0, ,0.0,0.0,0.0,0.0,2,3500,0,1,220,0,0,0

STAR,MARK3N,19,5
IF,MARKA,48.889444,20.677222, ,0.0,0.0,2,10000,0,0,0,0,0,0
TF,KZ655,48.874722,20.967772,0, ,0.0,0.0,0.0,0.0,2,7500,0,0,0,0,0,0
TF,KZ654,48.765028,20.929972,0, ,0.0,0.0,0.0,0.0,2,6000,0,1,210,0,0,0
TF,KZ653,48.746506,21.052756,0, ,0.0,0.0,0.0,0.0,2,6000,0,1,210,0,0,0
TF,KZ652,48.856164,21.090808,0, ,0.0,0.0,0.0,0.0,2,5500,0,1,210,0,0,0
TF,KZ651,48.852433,21.195297,0, ,0.0,0.0,0.0,0.0,2,4000,0,0,0,0,0,0
TF,LEMPI,48.836133,21.301881,0, ,0.0,0.0,0.0,0.0,2,3300,0,1,210,0,0,0

STAR,RAZE1K,01,5
IF,RAZEC,49.118056,21.090278, ,0.0,0.0,2,10000,0,0,0,0,0,0
TF,KOJOT,48.975000,21.142500,0, ,0.0,0.0,0.0,0.0,2,8500,0,0,0,0,0,0
TF,KZ614,48.836783,21.146742,0, ,0.0,0.0,0.0,0.0,2,6000,0,0,0,0,0,0
TF,KZ613,48.724914,21.107808,0, ,0.0,0.0,0.0,0.0,2,6000,0,0,0,0,0,0
TF,KZ612,48.665883,21.087339,0, ,0.0,0.0,0.0,0.0,2,6000,0,0,0,0,0,0
TF,KZ611,48.503544,21.031292,0, ,0.0,0.0,0.0,0.0,2,4000,0,0,0,0,0,0
TF,GONPI,48.481175,21.177817,0, ,0.0,0.0,0.0,0.0,2,3500,0,1,220,0,0,0

STAR,RAZE3N,19,5
IF,RAZEC,49.118056,21.090278, ,0.0,0.0,2,10000,0,0,0,0,0,0
TF,KZ656,48.941067,21.001064,0, ,0.0,0.0,0.0,0.0,2,8500,0,0,0,0,0,0
TF,KZ655,48.874722,20.967772,0, ,0.0,0.0,0.0,0.0,2,7500,0,0,0,0,0,0
TF,KZ654,48.765028,20.929972,0, ,0.0,0.0,0.0,0.0,2,6000,0,1,210,0,0,0
TF,KZ653,48.746506,21.052756,0, ,0.0,0.0,0.0,0.0,2,6000,0,1,210,0,0,0
TF,KZ652,48.856164,21.090808,0, ,0.0,0.0,0.0,0.0,2,5500,0,1,210,0,0,0
TF,KZ651,48.852433,21.195297,0, ,0.0,0.0,0.0,0.0,2,4000,0,0,0,0,0,0
TF,LEMPI,48.836133,21.301881,0, ,0.0,0.0,0.0,0.0,2,3300,0,1,210,0,0,0

STAR,SUFA1K,01,5
IF,SUFAX,48.226667,21.396944, ,0.0,0.0,2,10000,0,0,0,0,0,0
TF,KZ641,48.458619,21.324211,0, ,0.0,0.0,0.0,0.0,2,5200,0,0,0,0,0,0
TF,GONPI,48.481175,21.177817,0, ,0.0,0.0,0.0,0.0,2,3500,0,1,220,0,0,0

STAR,SUFA3N,19,5
IF,SUFAX,48.226667,21.396944, ,0.0,0.0,2,10000,0,0,0,0,0,0
TF,KZ664,48.602581,21.433833,0, ,0.0,0.0,0.0,0.0,2,6000,0,0,0,0,0,0
TF,KZ663,48.683653,21.462514,0, ,0.0,0.0,0.0,0.0,2,6000,0,0,0,0,0,0
TF,KZ662,48.786803,21.455453,0, ,0.0,0.0,0.0,0.0,2,5500,0,1,210,0,0,0
TF,KZ661,48.820989,21.400297,0, ,0.0,0.0,0.0,0.0,2,4000,0,1,210,0,0,0
TF,LEMPI,48.836133,21.301881,0, ,0.0,0.0,0.0,0.0,2,3300,0,1,210,0,0,0

STAR,TAKO1K,01,5
IF,TAKOS,48.582500,20.266667, ,0.0,0.0,2,10000,0,0,0,0,0,0
TF,KZ621,48.538703,20.696997,0, ,0.0,0.0,0.0,0.0,2,8500,0,0,0,0,0,0
TF,KZ611,48.503544,21.031292,0, ,0.0,0.0,0.0,0.0,2,4000,0,0,0,0,0,0
TF,GONPI,48.481175,21.177817,0, ,0.0,0.0,0.0,0.0,2,3500,0,1,220,0,0,0

STAR,TAKO2N,19,5
IF,TAKOS,48.582500,20.266667, ,0.0,0.0,2,10000,0,0,0,0,0,0
TF,KZ657,48.693233,20.794078,0, ,0.0,0.0,0.0,0.0,2,8500,0,0,0,0,0,0
TF,KZ653,48.746506,21.052756,0, ,0.0,0.0,0.0,0.0,2,6000,0,0,0,0,0,0
TF,KZ652,48.856164,21.090808,0, ,0.0,0.0,0.0,0.0,2,5500,0,1,210,0,0,0
TF,KZ651,48.852433,21.195297,0, ,0.0,0.0,0.0,0.0,2,4000,0,0,0,0,0,0
TF,LEMPI,48.836133,21.301881,0, ,0.0,0.0,0.0,0.0,2,3300,0,1,210,0,0,0

APPTR,D01,01,KSC
IF,KSC,48.683083,21.248167, ,0.0,0.0,0,0,0,1,210,0,1,0
FD,KSC,48.683083,21.248167,0,KSC,0.0,12.4,203.0,12.4,2,3500,0,0,0,0,0,0
CF,GONPI,48.481175,21.177817,1,KSC,187.0,12.4,7.0,1.0,2,2500,0,0,0,0,1,0

FINAL,D01,01,D,4
IF,GONPI,48.481175,21.177817,KSC,187.0,12.4,2,2500,0,0,0,0,1,0
CF,FF01,48.562306,21.206028,0,KSC,187.0,7.4,7.0,5.0,2,2500,0,0,0,0,2,0
CF,40VOR,48.618194,21.225500,0,KSC,187.0,4.0,7.0,3.4,2,1404,0,0,0,0,0,0
CF,MM01,48.641111,21.233500,0,KSC,187.0,2.6,7.0,1.4,1,954,0,0,0,0,3,0
CF,D007H,48.781861,21.282806,0,KSC,7.1,6.1,7.0,8.7,0,0,0,0,0,0,0,1
DF,KSC,48.683083,21.248167,2, ,0.0,0.0,1,4500,0,1,185,0,0,0
HM,KSC,48.683083,21.248167,1, ,0.0,0.0,187.0,04.3,2,4500,0,0,0,0,0,0,0

APPTR,D19,19,KSC1
FD,KSC,48.683083,21.248167,0,KSC,0.0,3.4,187.0,3.4,0,0,0,1,200,0,1,0
CF,KSC,48.683083,21.248167,2,KSC,0.0,0.0,54.0,4.0,2,4000,0,0,0,0,0,0
FD,KSC,48.683083,21.248167,0,KSC,0.0,9.4,25.0,9.4,2,4000,0,1,200,0,0,0
CF,LEMPI,48.836133,21.301881,1,KSC,7.0,9.4,187.0,1.0,2,4000,0,0,0,0,1,0

APPTR,D19,19,KSC2
IF,KSC,48.683083,21.248167, ,0.0,0.0,0,0,0,0,0,0,1,0
FD,KSC,48.683083,21.248167,0,KSC,0.0,9.4,25.0,9.4,2,4000,0,1,200,0,0,0
CF,LEMPI,48.836133,21.301881,1,KSC,7.0,9.4,187.0,1.0,2,4000,0,0,0,0,1,0

FINAL,D19,19,D,4
IF,LEMPI,48.836133,21.301881,KSC,7.0,9.4,2,4000,0,0,0,0,1,0
CF,FD19,48.763139,21.276222,0,KSC,7.0,4.9,187.0,4.5,2,2500,0,0,0,0,2,0
CF,26VOR,48.725278,21.262944,0,KSC,7.1,2.6,187.0,2.3,2,1760,0,0,0,0,0,0
CF,KSC,48.683083,21.248167,0,KSC,0.0,0.0,187.0,2.6,1,930,0,0,0,0,3,0
CF,D187F,48.585833,21.214222,0,KSC,187.0,6.0,187.0,6.0,0,0,0,0,0,0,0,1
DF,KSC,48.683083,21.248167,2, ,0.0,0.0,1,4500,0,1,185,0,0,0
HM,KSC,48.683083,21.248167,1, ,0.0,0.0,187.0,04.3,2,4500,0,0,0,0,0,0,0

APPTR,I01,01,KSC
IF,KSC,48.683083,21.248167, ,0.0,0.0,0,0,0,1,210,0,1,0
FD,KSC,48.683083,21.248167,0,KSC,0.0,12.4,203.0,12.4,2,3500,0,0,0,0,0,0
CF,GONPI,48.481175,21.177817,1,KE,187.0,12.3,7.0,1.0,2,2500,0,0,0,0,1,0

FINAL,I01,01,I,3
IF,GONPI,48.481175,21.177817,KE,187.0,12.3,2,2500,0,0,0,0,1,0
CF,FF01,48.562306,21.206028,0,KE,187.0,7.3,7.0,5.0,1,2500,0,0,0,0,2,0
CF,RW01,48.649447,21.236406,0,KE,187.1,1.9,7.0,5.4,1,790,0,0,0,0,3,0
TF,D007H,48.781861,21.282806,0, ,0.0,0.0,0.0,0.0,0,0,0,0,0,0,0,1
DF,KSC,48.683083,21.248167,2, ,0.0,0.0,1,4500,0,1,185,0,0,0
HM,KSC,48.683083,21.248167,1, ,0.0,0.0,187.0,04.3,2,4500,0,0,0,0,0,0,0

FINAL,R01,01,R,3
IF,GONPI,48.481175,21.177817, ,0.0,0.0,2,3500,0,1,220,0,1,0
TF,KZ01F,48.562319,21.206019,0, ,0.0,0.0,7.0,5.0,2,2500,0,0,0,0,2,0
TF,RW01,48.649447,21.236406,0, ,0.0,0.0,7.0,5.4,1,790,0,0,0,0,3,1
TF,KZM01,48.781872,21.282797,0, ,0.0,0.0,0.0,0.0,0,0,0,0,0,0,0,1
DF,GONPI,48.481175,21.177817,2, ,0.0,0.0,1,4500,0,1,185,0,0,1
HM,GONPI,48.481175,21.177817,1, ,0.0,0.0,35.0,04.3,0,0,0,0,0,0,0,0,0

FINAL,R19,19,R,3
IF,LEMPI,48.836133,21.301881, ,0.0,0.0,2,3300,0,1,210,0,1,0
TF,KZ19F,48.763136,21.276219,0, ,0.0,0.0,187.0,4.5,2,2500,0,0,0,0,2,0
TF,RW19,48.676614,21.245903,0, ,0.0,0.0,187.0,5.3,1,803,0,0,0,0,3,1
TF,KZM19,48.480272,21.177500,0, ,0.0,0.0,0.0,0.0,0,0,0,1,185,0,0,0
TF,KZM02,48.502642,21.030978,0, ,0.0,0.0,0.0,0.0,0,0,0,1,185,0,0,0
TF,KZ653,48.746506,21.052756,0, ,0.0,0.0,0.0,0.0,2,6000,0,1,185,0,0,1
HM,KZ653,48.746506,21.052756,2, ,0.0,0.0,7.0,04.3,2,6000,0,0,0,0,0,0,0

