APPTR,S08-M,08,PVN
IF,PVN,21.772242,-72.266019, ,0.0,0.0,2,1300,0,0,0,0,0,0
TF,FF075,21.874736,-72.040536,0, ,0.0,0.0,0.0,0.0,2,1300,0,0,0,0,0,0

FINAL,S08-M,08,D,2
IF,FF075,21.874736,-72.040536,PVN,75.0,14.0,2,1300,0,0,0,0,2,0
CF,MA075,21.918569,-71.943803,0,PVN,75.0,20.0,75.0,6.0,1,500,0,0,0,0,3,0
CA,0,75.0,2,1300,0,0,0,0,0,0
DF,PVN,21.772242,-72.266019,2, ,0.0,0.0,2,2000,0,0,0,0,0,0

APPTR,S26-M,26,PVN
IF,PVN,21.772242,-72.266019, ,0.0,0.0,2,1300,0,0,0,0,0,0
TF,FF075,21.874736,-72.040536,0, ,0.0,0.0,0.0,0.0,2,1300,0,0,0,0,0,0

FINAL,S26-M,26,D,2
IF,FF075,21.874736,-72.040536,PVN,75.0,14.0,2,1300,0,0,0,0,2,0
CF,MA075,21.918569,-71.943803,0,PVN,75.0,20.0,75.0,6.0,1,500,0,0,0,0,3,0
CA,0,75.0,2,1300,0,0,0,0,0,0
DF,PVN,21.772242,-72.266019,2, ,0.0,0.0,2,2000,0,0,0,0,0,0

