APPTR,D12-Y,12,IOS
IF,IOS,15.736764,-88.588742, ,0.0,0.0,2,4000,0,1,210,0,1,0
FD,IOS,15.736764,-88.588742,0,IOS,0.0,7.0,316.0,7.0,2,2000,0,0,0,0,0,0
CF,FF12,15.793086,-88.680786,1,IOS,302.0,6.3,122.0,0.7,2,2000,0,0,0,0,0,0

FINAL,D12-Y,12,D,2
IF,FF12,15.793086,-88.680786,IOS,302.0,6.3,2,2000,0,0,0,0,2,0
CF,MA12,15.746600,-88.604808,0,IOS,302.0,1.1,122.0,5.2,1,326,0,0,0,0,3,0
CF,IOS,15.736764,-88.588742,0,IOS,0.0,0.0,122.0,1.1,0,0,0,0,0,0,0,0
CA,0,122.0,2,2000,0,1,210,0,0,0
DF,IOS,15.736764,-88.588742,1, ,0.0,0.0,1,4000,0,1,210,0,0,0
HM,IOS,15.736764,-88.588742,2, ,0.0,0.0,316.0,04.3,2,4000,0,1,210,0,0,0,0

APPTR,D12-Z,12,IOS
IF,IOS,15.736764,-88.588742, ,0.0,0.0,2,4000,0,1,210,0,1,0
FD,IOS,15.736764,-88.588742,0,IOS,0.0,8.0,327.0,8.0,2,2000,0,0,0,0,0,0
CF,FF12,15.793086,-88.680786,1,IOS,302.0,6.3,122.0,1.7,2,2000,0,0,0,0,0,0

FINAL,D12-Z,12,D,2
IF,FF12,15.793086,-88.680786,IOS,302.0,6.3,2,2000,0,0,0,0,2,0
CF,MA12,15.746600,-88.604808,0,IOS,302.0,1.1,122.0,5.2,1,326,0,0,0,0,3,0
CF,IOS,15.736764,-88.588742,0,IOS,0.0,0.0,122.0,1.1,0,0,0,0,0,0,0,0
CA,0,122.0,2,2000,0,1,210,0,0,0
DF,IOS,15.736764,-88.588742,1, ,0.0,0.0,1,4000,0,1,210,0,0,0
HM,IOS,15.736764,-88.588742,2, ,0.0,0.0,316.0,04.3,2,4000,0,1,210,0,0,0,0

APPTR,R12,12,PB363
IF,PB363,15.940367,-88.694831, ,0.0,0.0,2,4000,0,1,210,0,1,0
TF,PB362,15.860778,-88.758103,0, ,0.0,0.0,0.0,0.0,2,3000,0,1,210,0,1,0

APPTR,R12,12,PB364
IF,PB364,15.781708,-88.847394, ,0.0,0.0,2,4000,0,1,210,0,1,0
TF,PB362,15.860778,-88.758103,0, ,0.0,0.0,0.0,0.0,2,3000,0,1,210,0,1,0

FINAL,R12,12,R,3
IF,PB362,15.860778,-88.758103, ,0.0,0.0,2,3000,0,1,210,0,1,0
TF,PB361,15.800369,-88.676997,0, ,0.0,0.0,128.0,5.9,2,2000,0,1,160,0,2,0
TF,RW12,15.738278,-88.593728,0, ,0.0,0.0,128.0,6.1,1,65,0,0,0,0,3,1
CA,0,128.0,2,1000,0,1,210,0,0,0
DF,PB363,15.940367,-88.694831,1, ,0.0,0.0,2,4000,0,1,210,0,0,0
HM,PB363,15.940367,-88.694831,2, ,0.0,0.0,218.0,04.3,2,4000,0,1,210,0,0,0,0

