SID,BAMPO3,13,2
CA,0,128.0,2,610,0,0,0,0,0,0
FD,CEN,27.394758,-109.837283,0,CEN,0.0,10.0,128.0,10.0,0,0,0,0,0,0,0,0
CF,D149O,27.162389,-109.731947,0,CEN,148.9,15.0,181.0,6.7,0,0,0,0,0,0,0,0
TF,BAMPO,27.085556,-109.697222,0, ,0.0,0.0,0.0,0.0,0,0,0,0,0,0,0,0

SID,CEN4A,13,2
CA,0,128.0,2,610,0,0,0,0,0,0
FD,CEN,27.394758,-109.837283,0,CEN,0.0,7.0,128.0,7.0,0,0,0,0,0,0,0,0
DF,CEN,27.394758,-109.837283,1, ,0.0,0.0,0,0,0,0,0,0,0,0

SID,CEN4B,31,2
CA,0,308.0,2,610,0,0,0,0,0,0
FD,CEN,27.394758,-109.837283,0,CEN,0.0,7.0,308.0,7.0,0,0,0,0,0,0,0,0
DF,CEN,27.394758,-109.837283,1, ,0.0,0.0,0,0,0,0,0,0,0,0

SID,EMANI2,13,2
CA,0,128.0,2,610,0,0,0,0,0,0
FD,CEN,27.394758,-109.837283,0,CEN,0.0,10.0,128.0,10.0,0,0,0,0,0,0,0,0
CF,D132O,27.201344,-109.658725,0,CEN,131.5,15.0,138.0,5.0,0,0,0,0,0,0,0,0
TF,EMANI,27.008056,-109.481111,0, ,0.0,0.0,0.0,0.0,0,0,0,0,0,0,0,0

SID,ENATA3,13,2
CA,0,128.0,2,610,0,0,0,0,0,0
FD,CEN,27.394758,-109.837283,0,CEN,0.0,7.0,128.0,7.0,0,0,0,0,0,0,0,0
CI,0, ,0.0,128.0,0,0,0,0,0,0,0,0
AF,D179J,27.229342,-109.864072,2,CEN,179.2,10.0,128.0,0,0,0,0,0,0,0,0
TF,ENATA,26.899722,-109.917222,0, ,0.0,0.0,0.0,0.0,0,0,0,0,0,0,0,0

SID,OLUL2A,13,2
CA,0,128.0,2,610,0,0,0,0,0,0
FD,CEN,27.394758,-109.837283,0,CEN,0.0,7.0,128.0,7.0,0,0,0,0,0,0,0,0
CI,0, ,0.0,128.0,0,0,0,0,0,0,0,0
AF,D215J,27.274839,-109.967647,2,CEN,215.2,10.0,128.0,0,0,0,0,0,0,0,0
TF,OLULI,27.145000,-110.108333,0, ,0.0,0.0,0.0,0.0,0,0,0,0,0,0,0,0

SID,OLUL2B,31,2
CA,0,308.0,2,610,0,0,0,0,0,0
FD,CEN,27.394758,-109.837283,0,CEN,0.0,7.0,308.0,7.0,0,0,0,0,0,0,0,0
CI,0, ,0.0,308.0,0,0,0,0,0,0,0,0
AF,D215J,27.274839,-109.967647,1,CEN,215.2,10.0,308.0,0,0,0,0,0,0,0,0
TF,OLULI,27.145000,-110.108333,0, ,0.0,0.0,0.0,0.0,0,0,0,0,0,0,0,0

SID,SUTNU2,31,2
CA,0,308.0,2,610,0,0,0,0,0,0
CF,D308J,27.516933,-109.965128,0,CEN,308.0,10.0,308.0,10.0,0,0,0,0,0,0,0,0
TF,D292O,27.522539,-110.079075,0, ,0.0,0.0,0.0,0.0,0,0,0,0,0,0,0,0
TF,SUTNU,27.565000,-110.159722,0, ,0.0,0.0,0.0,0.0,0,0,0,0,0,0,0,0

SID,TETIN1,13,2
CA,0,128.0,2,610,0,0,0,0,0,0
FD,CEN,27.394758,-109.837283,0,CEN,0.0,10.0,128.0,10.0,0,0,0,0,0,0,0,0
CF,D109O,27.277017,-109.589439,0,CEN,109.0,15.0,76.0,6.6,0,0,0,0,0,0,0,0
TF,TETIN,27.158889,-109.342222,0, ,0.0,0.0,0.0,0.0,0,0,0,0,0,0,0,0

SID,USBEN3,31,2
CA,0,308.0,2,610,0,0,0,0,0,0
CF,D308J,27.516933,-109.965128,0,CEN,308.0,10.0,308.0,10.0,0,0,0,0,0,0,0,0
TF,D319O,27.607231,-109.986500,0, ,0.0,0.0,0.0,0.0,0,0,0,0,0,0,0,0
TF,USBEN,27.818889,-110.135833,0, ,0.0,0.0,0.0,0.0,0,0,0,0,0,0,0,0

APPTR,D13-Y,13,OLULI
IF,OLULI,27.145000,-110.108333, ,0.0,0.0,2,6000,0,0,0,0,0,0
TF,D215L,27.250842,-109.993686,0, ,0.0,0.0,0.0,0.0,2,4000,0,0,0,0,1,0
CI,0, ,0.0,35.0,0,0,0,0,0,0,0,0
AF,D261J,27.394631,-110.024533,2,CEN,261.0,10.0,215.0,2,4000,0,0,0,0,0,0
AF,D299J,27.497578,-109.984975,2,CEN,299.0,10.0,261.0,2,2500,0,0,0,0,0,1
CF,CF13,27.492506,-109.939536,0,CEN,308.0,8.0,128.0,2.0,2,2000,0,0,0,0,0,0

APPTR,D13-Y,13,SUTNU
IF,SUTNU,27.565000,-110.159722, ,0.0,0.0,2,5000,0,0,0,0,0,0
TF,D292O,27.522539,-110.079075,0, ,0.0,0.0,0.0,0.0,2,4000,0,0,0,0,1,0
TF,D308J,27.516933,-109.965128,0, ,0.0,0.0,0.0,0.0,2,2500,0,0,0,0,1,0
TF,CF13,27.492506,-109.939536,0, ,0.0,0.0,0.0,0.0,2,2000,0,0,0,0,0,0

APPTR,D13-Y,13,USBEN
IF,USBEN,27.818889,-110.135833, ,0.0,0.0,2,7000,0,0,0,0,0,0
TF,D319T,27.678019,-110.036367,0, ,0.0,0.0,0.0,0.0,2,5000,0,0,0,0,0,0
TF,D319O,27.607231,-109.986500,0, ,0.0,0.0,0.0,0.0,2,4000,0,0,0,0,1,0
TF,D308J,27.516933,-109.965128,0, ,0.0,0.0,0.0,0.0,2,2500,0,0,0,0,1,0
TF,CF13,27.492506,-109.939536,0, ,0.0,0.0,0.0,0.0,2,2000,0,0,0,0,0,0

FINAL,D13-Y,13,D,3
IF,CF13,27.492506,-109.939536,CEN,308.0,8.0,2,2000,0,0,0,0,0,0
CF,FF13,27.455858,-109.901169,0,CEN,308.0,5.0,128.0,3.0,2,1700,0,0,0,0,2,0
CF,RW13,27.400381,-109.841039,0,CEN,320.2,0.4,128.0,4.6,1,240,0,0,0,0,3,0
CF,CEN,27.394758,-109.837283,0,CEN,0.0,0.0,128.0,0.4,0,0,0,0,0,0,0,1
FD,CEN,27.394758,-109.837283,0,CEN,0.0,7.0,128.0,7.0,0,0,0,0,0,0,0,0
DF,CEN,27.394758,-109.837283,1, ,0.0,0.0,2,4000,0,0,0,0,0,0

APPTR,D13-Z,13,CEN
IF,CEN,27.394758,-109.837283, ,0.0,0.0,2,4000,0,0,0,0,1,0
FD,CEN,27.394758,-109.837283,0,CEN,0.0,8.0,290.0,8.0,2,2000,0,0,0,0,0,0
CF,CF13,27.492506,-109.939536,2,CEN,308.0,8.0,128.0,1.0,2,2000,0,0,0,0,0,0

FINAL,D13-Z,13,D,3
IF,CF13,27.492506,-109.939536,CEN,308.0,8.0,2,2000,0,0,0,0,0,0
CF,FF13,27.455858,-109.901169,0,CEN,308.0,5.0,128.0,3.0,2,1700,0,0,0,0,2,0
CF,RW13,27.400381,-109.841039,0,CEN,320.2,0.4,128.0,4.6,1,240,0,0,0,0,3,0
CF,CEN,27.394758,-109.837283,0,CEN,0.0,0.0,128.0,0.4,0,0,0,0,0,0,0,1
FD,CEN,27.394758,-109.837283,0,CEN,0.0,7.0,128.0,7.0,0,0,0,0,0,0,0,0
DF,CEN,27.394758,-109.837283,1, ,0.0,0.0,2,4000,0,0,0,0,0,0

APPTR,D31-Y,31,BAMPO
IF,BAMPO,27.085556,-109.697222, ,0.0,0.0,2,4000,0,0,0,0,0,0
TF,D149O,27.162389,-109.731947,0, ,0.0,0.0,0.0,0.0,2,4000,0,0,0,0,1,0
TF,D128J,27.272464,-109.709717,0, ,0.0,0.0,0.0,0.0,2,2500,0,0,0,0,1,0
TF,CF31,27.296931,-109.735208,0, ,0.0,0.0,0.0,0.0,2,2100,0,0,0,0,0,0

APPTR,D31-Y,31,EMANI
IF,EMANI,27.008056,-109.481111, ,0.0,0.0,2,8000,0,0,0,0,0,0
TF,D132T,27.136822,-109.599344,0, ,0.0,0.0,0.0,0.0,2,6000,0,0,0,0,0,0
TF,D132O,27.201344,-109.658725,0, ,0.0,0.0,0.0,0.0,2,4000,0,0,0,0,1,0
TF,D128J,27.272464,-109.709717,0, ,0.0,0.0,0.0,0.0,2,2500,0,0,0,0,1,0
TF,CF31,27.296931,-109.735208,0, ,0.0,0.0,0.0,0.0,2,2100,0,0,0,0,0,0

APPTR,D31-Y,31,ENATA
IF,ENATA,26.899722,-109.917222, ,0.0,0.0,2,9000,0,0,0,0,0,0
TF,D179T,27.063919,-109.890786,0, ,0.0,0.0,0.0,0.0,2,6000,0,0,0,0,0,0
TF,D179L,27.196258,-109.869422,0, ,0.0,0.0,0.0,0.0,2,4000,0,0,0,0,1,0
CI,0, ,0.0,359.0,0,0,0,0,0,0,0,0
AF,D140J,27.251458,-109.740964,1,CEN,140.0,10.0,179.0,2,2500,0,0,0,0,0,1
CF,CF31,27.296931,-109.735208,0,CEN,128.0,8.0,308.0,2.0,2,2100,0,0,0,0,0,0

APPTR,D31-Y,31,OLULI
IF,OLULI,27.145000,-110.108333, ,0.0,0.0,2,6000,0,0,0,0,0,0
TF,D215L,27.250842,-109.993686,0, ,0.0,0.0,0.0,0.0,2,4000,0,0,0,0,1,0
CI,0, ,0.0,35.0,0,0,0,0,0,0,0,0
AF,D179J,27.229342,-109.864072,1,CEN,179.2,10.0,215.0,2,4000,0,0,0,0,0,0
AF,D140J,27.251458,-109.740964,1,CEN,140.0,10.0,179.0,2,2500,0,0,0,0,0,1
CF,CF31,27.296931,-109.735208,0,CEN,128.0,8.0,308.0,2.0,2,2100,0,0,0,0,0,0

APPTR,D31-Y,31,TETIN
IF,TETIN,27.158889,-109.342222, ,0.0,0.0,2,11000,0,0,0,0,0,0
TF,D109T,27.237672,-109.506942,0, ,0.0,0.0,0.0,0.0,2,6000,0,0,0,0,0,0
TF,D109O,27.277017,-109.589439,0, ,0.0,0.0,0.0,0.0,2,4000,0,0,0,0,1,0
TF,D128J,27.272464,-109.709717,0, ,0.0,0.0,0.0,0.0,2,2500,0,0,0,0,1,0
TF,CF31,27.296931,-109.735208,0, ,0.0,0.0,0.0,0.0,2,2100,0,0,0,0,0,0

FINAL,D31-Y,31,D,3
IF,CF31,27.296931,-109.735208,CEN,128.0,8.0,2,2100,0,0,0,0,0,0
CF,FF31,27.332403,-109.772189,0,CEN,128.0,5.1,308.0,2.9,2,1600,0,0,0,0,2,0
CF,RW31,27.385136,-109.825144,0,CEN,122.6,0.9,308.0,4.2,1,257,0,0,0,0,3,0
CF,CEN,27.394758,-109.837283,0,CEN,0.0,0.0,308.0,0.9,0,0,0,0,0,0,0,0
FD,CEN,27.394758,-109.837283,0,CEN,0.0,7.0,308.0,7.0,0,0,0,0,0,0,0,0
DF,CEN,27.394758,-109.837283,1, ,0.0,0.0,2,4000,0,0,0,0,0,0

APPTR,D31-Z,31,CEN
IF,CEN,27.394758,-109.837283, ,0.0,0.0,2,4000,0,0,0,0,1,0
FD,CEN,27.394758,-109.837283,0,CEN,0.0,8.0,110.0,8.0,2,2100,0,0,0,0,0,0
CF,CF31,27.296931,-109.735208,2,CEN,128.0,8.0,308.0,1.0,2,2100,0,0,0,0,0,0

FINAL,D31-Z,31,D,3
IF,CF31,27.296931,-109.735208,CEN,128.0,8.0,2,2100,0,0,0,0,0,0
CF,FF31,27.332403,-109.772189,0,CEN,128.0,5.1,308.0,2.9,2,1600,0,0,0,0,2,0
CF,RW31,27.385136,-109.825144,0,CEN,122.6,0.9,308.0,4.2,1,257,0,0,0,0,3,0
CF,CEN,27.394758,-109.837283,0,CEN,0.0,0.0,308.0,0.9,0,0,0,0,0,0,0,0
FD,CEN,27.394758,-109.837283,0,CEN,0.0,7.0,308.0,7.0,0,0,0,0,0,0,0,0
DF,CEN,27.394758,-109.837283,1, ,0.0,0.0,2,4000,0,0,0,0,0,0

APPTR,S13-X,13,CEN
IF,CEN,27.394758,-109.837283, ,0.0,0.0,2,4000,0,0,0,0,1,0
PI,CEN,27.394758,-109.837283,2,CEN,263.0,10.0,308,5.0,2,2100,0,0,0,0,0,0
CF,FS13,27.470806,-109.916811,0,CEN,308.0,6.2,128.0,3.8,2,2100,0,0,0,0,0,0

FINAL,S13-X,13,D,2
IF,FS13,27.470806,-109.916811,CEN,308.0,6.2,2,2100,0,0,0,0,2,0
CF,RW13,27.400381,-109.841039,0,CEN,320.2,0.4,128.0,5.8,1,240,0,0,0,0,3,0
CF,CEN,27.394758,-109.837283,0,CEN,0.0,0.0,128.0,0.4,0,0,0,0,0,0,0,1
FC,CEN,27.394758,-109.837283,0,CEN,0.0,0.0,128.0,7.0,0,0,0,0,0,0,0,1
DF,CEN,27.394758,-109.837283,1, ,0.0,0.0,2,4000,0,0,0,0,0,0

APPTR,S31-X,31,CEN
IF,CEN,27.394758,-109.837283, ,0.0,0.0,2,4000,0,0,0,0,1,0
PI,CEN,27.394758,-109.837283,1,CEN,173.0,10.0,128,5.0,2,2100,0,0,0,0,0,0
CF,FS31,27.313442,-109.752417,0,CEN,128.0,6.7,308.0,3.4,2,2100,0,0,0,0,0,0

FINAL,S31-X,31,D,2
IF,FS31,27.313442,-109.752417,CEN,128.0,6.7,2,2100,0,0,0,0,2,0
CF,RW31,27.385136,-109.825144,0,CEN,122.6,0.9,308.0,5.8,1,257,0,0,0,0,3,0
CF,CEN,27.394758,-109.837283,0,CEN,0.0,0.0,308.0,0.9,0,0,0,0,0,0,0,1
FC,CEN,27.394758,-109.837283,0,CEN,0.0,0.0,308.0,7.0,0,0,0,0,0,0,0,1
DF,CEN,27.394758,-109.837283,1, ,0.0,0.0,2,4000,0,0,0,0,0,0

