SID,CJS3A,03,2
CA,0,28.0,2,4310,0,0,0,0,0,0
FD,CJS,31.636156,-106.426847,0,CJS,0.0,7.0,29.0,7.0,0,0,0,0,0,0,0,0
DF,CJS,31.636156,-106.426847,2, ,0.0,0.0,0,0,0,0,0,0,0,0

SID,CJS3B,21,2
CA,0,208.0,2,4310,0,0,0,0,0,0
FD,CJS,31.636156,-106.426847,0,CJS,0.0,7.0,209.0,7.0,0,0,0,0,0,0,0,0
DF,CJS,31.636156,-106.426847,1, ,0.0,0.0,0,0,0,0,0,0,0,0

SID,DUXAT1,21,2
CA,0,208.0,2,4310,0,0,0,0,0,0
FD,CJS,31.636156,-106.426847,0,CJS,0.0,10.0,209.0,10.0,0,0,0,0,0,0,0,0
CI,0, ,0.0,209.0,0,0,0,0,0,0,0,0
AF,D162M,31.421153,-106.391353,1,CJS,161.9,13.0,209.0,0,0,0,0,0,0,0,0
TF,DUXAT,31.189722,-106.353333,0, ,0.0,0.0,0.0,0.0,0,0,0,0,0,0,0,0

SID,GADMI3,21,2
CA,0,208.0,2,4310,0,0,0,0,0,0
FD,CJS,31.636156,-106.426847,0,CJS,0.0,10.0,209.0,10.0,0,0,0,0,0,0,0,0
CF,D209M,31.467306,-106.586278,0,CJS,209.0,13.0,209.0,3.0,0,0,0,0,0,0,0,0
TF,D229R,31.480281,-106.727089,0, ,0.0,0.0,0.0,0.0,0,0,0,0,0,0,0,0
TF,GADMI,31.419167,-106.844167,0, ,0.0,0.0,0.0,0.0,0,0,0,0,0,0,0,0

SID,OMSEK1,21,2
CA,0,208.0,2,4310,0,0,0,0,0,0
FD,CJS,31.636156,-106.426847,0,CJS,0.0,10.0,209.0,10.0,0,0,0,0,0,0,0,0
CI,0, ,0.0,209.0,0,0,0,0,0,0,0,0
AF,D177M,31.420603,-106.457453,1,CJS,176.9,13.0,209.0,0,0,0,0,0,0,0,0
TF,OMSEK,31.188333,-106.490278,0, ,0.0,0.0,0.0,0.0,0,0,0,0,0,0,0,0

APPTR,D03-Y,03,ALPOK
IF,ALPOK,31.221389,-106.221389, ,0.0,0.0,2,11000,0,0,0,0,0,0
TF,D147O,31.406236,-106.310625,0, ,0.0,0.0,0.0,0.0,2,8000,0,0,0,0,1,0
CI,0, ,0.0,327.0,0,0,0,0,0,0,0,0
AF,D199M,31.446181,-106.549639,2,CJS,199.0,13.0,147.0,2,7000,0,0,0,0,0,1
CF,D209K,31.493294,-106.561786,0,CJS,209.0,11.0,29.0,2.0,2,6400,0,0,0,0,0,0
TF,CF03,31.532272,-106.525025,0, ,0.0,0.0,0.0,0.0,2,6000,0,0,0,0,0,0

APPTR,D03-Y,03,DUXAT
IF,DUXAT,31.189722,-106.353333, ,0.0,0.0,2,11000,0,0,0,0,0,0
TF,D162O,31.388292,-106.384136,0, ,0.0,0.0,0.0,0.0,2,8000,0,0,0,0,1,0
CI,0, ,0.0,342.0,0,0,0,0,0,0,0,0
AF,D199M,31.446181,-106.549639,2,CJS,199.0,13.0,162.0,2,7000,0,0,0,0,0,1
CF,D209K,31.493294,-106.561786,0,CJS,209.0,11.0,29.0,2.0,2,6400,0,0,0,0,0,0
TF,CF03,31.532272,-106.525025,0, ,0.0,0.0,0.0,0.0,2,6000,0,0,0,0,0,0

APPTR,D03-Y,03,GADMI
IF,GADMI,31.419167,-106.844167, ,0.0,0.0,2,11000,0,0,0,0,0,0
TF,D229R,31.480281,-106.727089,0, ,0.0,0.0,0.0,0.0,2,8000,0,0,0,0,1,0
TF,D209M,31.467306,-106.586278,0, ,0.0,0.0,0.0,0.0,2,7000,0,0,0,0,1,0
TF,D209K,31.493294,-106.561786,0, ,0.0,0.0,0.0,0.0,2,6400,0,0,0,0,0,0
TF,CF03,31.532272,-106.525025,0, ,0.0,0.0,0.0,0.0,2,6000,0,0,0,0,0,0

APPTR,D03-Y,03,OMSEK
IF,OMSEK,31.188333,-106.490278, ,0.0,0.0,2,11000,0,0,0,0,0,0
TF,D177O,31.387306,-106.460839,0, ,0.0,0.0,0.0,0.0,2,8000,0,0,0,0,1,0
CI,0, ,0.0,357.0,0,0,0,0,0,0,0,0
AF,D199M,31.446181,-106.549639,2,CJS,199.0,13.0,177.0,2,7000,0,0,0,0,0,1
CF,D209K,31.493294,-106.561786,0,CJS,209.0,11.0,29.0,2.0,2,6400,0,0,0,0,0,0
TF,CF03,31.532272,-106.525025,0, ,0.0,0.0,0.0,0.0,2,6000,0,0,0,0,0,0

FINAL,D03-Y,03,D,3
IF,CF03,31.532272,-106.525025,CJS,209.0,8.0,2,6000,0,0,0,0,0,0
CF,FF03,31.571236,-106.488233,0,CJS,209.0,5.0,29.0,3.0,2,5200,0,0,0,0,2,0
CF,RW03,31.628586,-106.435981,0,CJS,215.9,0.7,29.0,4.4,1,3941,0,0,0,0,3,0
CF,CJS,31.636156,-106.426847,0,CJS,0.0,0.0,29.0,0.7,0,0,0,0,0,0,0,1
VI,2, ,0.0,229.0,0,0,0,0,0,0,0,0
FD,CJS,31.636156,-106.426847,0,CJS,0.0,8.0,184.0,8.0,0,0,0,0,0,0,0,0
DF,CJS,31.636156,-106.426847,2, ,0.0,0.0,2,8000,0,0,0,0,0,0

APPTR,D03-Z,03,CJS
IF,CJS,31.636156,-106.426847, ,0.0,0.0,2,8000,0,0,0,0,1,0
FD,CJS,31.636156,-106.426847,0,CJS,0.0,8.0,184.0,8.0,2,6000,0,0,0,0,0,0
CF,CF03,31.532272,-106.525025,2,CJS,209.0,8.0,29.0,1.0,2,6000,0,0,0,0,0,0

FINAL,D03-Z,03,D,3
IF,CF03,31.532272,-106.525025,CJS,209.0,8.0,2,6000,0,0,0,0,0,0
CF,FF03,31.571236,-106.488233,0,CJS,209.0,5.0,29.0,3.0,2,5200,0,0,0,0,2,0
CF,RW03,31.628586,-106.435981,0,CJS,215.9,0.7,29.0,4.4,1,3941,0,0,0,0,3,0
CF,CJS,31.636156,-106.426847,0,CJS,0.0,0.0,29.0,0.7,0,0,0,0,0,0,0,1
VI,2, ,0.0,229.0,0,0,0,0,0,0,0,0
FD,CJS,31.636156,-106.426847,0,CJS,0.0,8.0,184.0,8.0,0,0,0,0,0,0,0,0
DF,CJS,31.636156,-106.426847,2, ,0.0,0.0,2,8000,0,0,0,0,0,0

APPTR,D21-Z,21,CJS
IF,CJS,31.636156,-106.426847, ,0.0,0.0,2,8000,0,0,0,0,1,0
FD,CJS,31.636156,-106.426847,0,CJS,0.0,8.0,54.0,8.0,2,7000,0,0,0,0,0,0
CF,CD21,31.739961,-106.328447,1,CJS,29.0,8.0,209.0,1.0,2,6300,0,0,0,0,0,0

FINAL,D21-Z,21,D,3
IF,CD21,31.739961,-106.328447,CJS,29.0,8.0,2,6300,0,0,0,0,0,0
CF,FD21,31.701042,-106.365372,0,CJS,29.0,5.0,209.0,3.0,2,5400,0,0,0,0,2,0
CF,MD21,31.649133,-106.414558,0,CJS,29.0,1.0,209.0,4.0,1,4005,0,0,0,0,3,0
CF,CJS,31.636156,-106.426847,0,CJS,0.0,0.0,209.0,1.0,0,0,0,0,0,0,0,0
FD,CJS,31.636156,-106.426847,0,CJS,0.0,7.0,209.0,7.0,0,0,0,0,0,0,0,0
DF,CJS,31.636156,-106.426847,1, ,0.0,0.0,2,8000,0,0,0,0,0,0

APPTR,S03-X,03,CJS
IF,CJS,31.636156,-106.426847, ,0.0,0.0,2,8000,0,0,0,0,1,0
PI,CJS,31.636156,-106.426847,2,CJS,164.0,10.0,209,5.0,2,6000,0,0,0,0,0,0
CF,FS03,31.545261,-106.512764,0,CJS,209.0,7.0,29.0,3.0,2,6000,0,0,0,0,0,0

FINAL,S03-X,03,D,2
IF,FS03,31.545261,-106.512764,CJS,209.0,7.0,2,6000,0,0,0,0,2,0
CF,RW03,31.628586,-106.435981,0,CJS,215.9,0.7,29.0,6.4,1,3941,0,0,0,0,3,0
CF,CJS,31.636156,-106.426847,0,CJS,0.0,0.0,29.0,0.7,0,0,0,0,0,0,0,1
CF,D209D,31.584222,-106.475964,2,CJS,209.0,4.0,209.0,4.0,0,0,0,0,0,0,0,0
FC,D209D,31.584222,-106.475964,0,CJS,0.0,0.0,164.0,3.5,0,0,0,0,0,0,0,1
CF,CJS,31.636156,-106.426847,2,CJS,0.0,0.0,29.0,7.0,2,8000,0,0,0,0,0,0

APPTR,S21-Y,21,CJS
IF,CJS,31.636156,-106.426847, ,0.0,0.0,2,8000,0,0,0,0,1,0
PI,CJS,31.636156,-106.426847,1,CJS,74.0,10.0,029,5.0,2,6300,0,0,0,0,0,0
CF,FS21,31.726989,-106.340758,0,CJS,29.0,7.0,209.0,3.0,2,6300,0,0,0,0,0,0

FINAL,S21-Y,21,D,2
IF,FS21,31.726989,-106.340758,CJS,29.0,7.0,2,6300,0,0,0,0,2,0
CF,RW21,31.647650,-106.418269,0,CJS,22.6,0.8,209.0,6.2,1,3938,0,0,0,0,3,0
CF,CJS,31.636156,-106.426847,0,CJS,0.0,0.0,209.0,0.8,0,0,0,0,0,0,0,0
FC,CJS,31.636156,-106.426847,0,CJS,0.0,0.0,209.0,7.0,0,0,0,0,0,0,0,1
DF,CJS,31.636156,-106.426847,1, ,0.0,0.0,2,8000,0,0,0,0,0,0

APPTR,S33,33,CJS
IF,CJS,31.636156,-106.426847, ,0.0,0.0,2,8000,0,0,0,0,1,0
PI,CJS,31.636156,-106.426847,1,CJS,192.0,10.0,147,5.0,2,6300,0,0,0,0,0,0
CF,FF33,31.528517,-106.373511,0,CJS,147.0,7.0,327.0,3.0,2,6300,0,0,0,0,0,0

FINAL,S33,33,D,2
IF,FF33,31.528517,-106.373511,CJS,147.0,7.0,2,6300,0,0,0,0,2,0
CF,RW33,31.629258,-106.425133,0,CJS,158.0,0.4,327.0,6.6,1,3948,0,0,0,0,3,0
CF,CJS,31.636156,-106.426847,0,CJS,0.0,0.0,327.0,0.4,0,0,0,0,0,0,0,1
CF,D147D,31.574650,-106.396353,2,CJS,147.0,4.0,147.0,4.0,0,0,0,0,0,0,0,0
FC,D147D,31.574650,-106.396353,0,CJS,0.0,0.0,192.0,3.5,0,0,0,0,0,0,0,1
CF,CJS,31.636156,-106.426847,1,CJS,0.0,0.0,327.0,7.0,2,8000,0,0,0,0,0,0

