SID,ANEG1A,18L,5
CF,CU700,28.527500,-106.001694,0,CUU,183.4,11.5,183.0,10.0,0,0,0,0,0,0,0,1
DF,ANEGI,27.586861,-105.615306,0, ,0.0,0.0,2,20000,0,0,0,0,0,0

SID,ANEG2B,36R,5
CF,CU600,28.880778,-105.924750,0,CUU,2.3,10.0,3.0,10.0,0,0,0,0,0,0,0,1
DF,CU601,28.708500,-105.716750,2, ,0.0,0.0,2,16000,0,0,0,0,0,0
TF,CU602,28.559889,-105.630194,0, ,0.0,0.0,0.0,0.0,0,0,0,0,0,0,0,0
TF,CU603,28.476333,-105.628889,0, ,0.0,0.0,0.0,0.0,2,21000,0,0,0,0,0,0
TF,ANEGI,27.586861,-105.615306,0, ,0.0,0.0,0.0,0.0,2,21000,0,0,0,0,0,0

SID,AXEP1A,18L,5
CF,CU700,28.527500,-106.001694,0,CUU,183.4,11.5,183.0,10.0,0,0,0,0,0,0,0,1
DF,CU706,28.433806,-105.733139,0, ,0.0,0.0,0,0,0,0,0,0,0,0
TF,CU707,28.382500,-105.438111,0, ,0.0,0.0,0.0,0.0,3,16500,0,0,0,0,0,0
TF,AXEPA,28.258417,-104.740417,0, ,0.0,0.0,0.0,0.0,2,20000,0,0,0,0,0,0

SID,AXEP1B,36R,5
CF,CU600,28.880778,-105.924750,0,CUU,2.3,10.0,3.0,10.0,0,0,0,0,0,0,0,1
DF,CU601,28.708500,-105.716750,2, ,0.0,0.0,2,16000,0,0,0,0,0,0
TF,CU602,28.559889,-105.630194,0, ,0.0,0.0,0.0,0.0,0,0,0,0,0,0,0,0
TF,CU611,28.390389,-105.087444,0, ,0.0,0.0,0.0,0.0,0,0,0,0,0,0,0,0
TF,AXEPA,28.258417,-104.740417,0, ,0.0,0.0,0.0,0.0,2,20000,0,0,0,0,0,0

SID,BOKM1A,18L,5
CF,CU700,28.527500,-106.001694,0,CUU,183.4,11.5,183.0,10.0,0,0,0,0,0,0,0,1
TF,CU705,27.994056,-106.116917,0, ,0.0,0.0,0.0,0.0,0,0,0,0,0,0,0,0
TF,BOKMO,27.612167,-106.394556,0, ,0.0,0.0,0.0,0.0,2,20000,0,0,0,0,0,0

SID,BOKM1B,36R,5
CF,CU600,28.880778,-105.924750,0,CUU,2.3,10.0,3.0,10.0,0,0,0,0,0,0,0,1
DF,CU604,28.772139,-106.081083,1, ,0.0,0.0,2,15500,0,0,0,0,0,0
TF,CU605,28.538417,-106.175389,0, ,0.0,0.0,0.0,0.0,0,0,0,0,0,0,0,0
TF,CU606,27.927833,-106.270944,0, ,0.0,0.0,0.0,0.0,0,0,0,0,0,0,0,0
TF,BOKMO,27.612167,-106.394556,0, ,0.0,0.0,0.0,0.0,2,20000,0,0,0,0,0,0

SID,CUU4A,18L,2
CA,0,183.0,2,4870,0,0,0,0,0,0
FD,CUU,28.716383,-105.958733,0,CUU,0.0,11.0,183.0,11.0,0,0,0,0,0,0,0,0
DF,CUU,28.716383,-105.958733,1, ,0.0,0.0,0,0,0,0,0,0,0,0

SID,CUU6B,36R,2
CA,0,3.0,2,4870,0,0,0,0,0,0
FD,CUU,28.716383,-105.958733,0,CUU,0.0,10.0,360.0,10.0,0,0,0,0,0,0,0,0
DF,CUU,28.716383,-105.958733,2, ,0.0,0.0,0,0,0,0,0,0,0,0

SID,IMIN1A,18L,2
CA,0,183.0,2,4870,0,0,0,0,0,0
FD,CUU,28.716383,-105.958733,0,CUU,0.0,11.0,183.0,11.0,0,0,0,0,0,0,0,0
CI,0, ,0.0,183.0,0,0,0,0,0,0,0,0
AF,D105N,28.625692,-105.714214,1,CUU,104.8,14.0,183.0,0,0,0,0,0,0,0,0
TF,IMINO,28.554167,-105.522500,0, ,0.0,0.0,0.0,0.0,0,0,0,0,0,0,0,0

SID,IMIN1B,36R,2
CA,0,3.0,2,4870,0,0,0,0,0,0
FD,CUU,28.716383,-105.958733,0,CUU,0.0,10.0,360.0,10.0,0,0,0,0,0,0,0,0
CI,0, ,0.0,360.0,0,0,0,0,0,0,0,0
AF,D105M,28.632183,-105.731664,2,CUU,104.8,13.0,360.0,0,0,0,0,0,0,0,0
TF,IMINO,28.554167,-105.522500,0, ,0.0,0.0,0.0,0.0,0,0,0,0,0,0,0,0

SID,KIPA1A,18L,5
CF,CU700,28.527500,-106.001694,0,CUU,183.4,11.5,183.0,10.0,0,0,0,0,0,0,0,1
DF,CU710,28.612306,-105.757778,1, ,0.0,0.0,2,15500,0,0,0,0,0,0
TF,CU801,29.130639,-105.134056,0, ,0.0,0.0,0.0,0.0,0,0,0,0,0,0,0,0
TF,KIPAL,29.503833,-104.973889,0, ,0.0,0.0,0.0,0.0,0,0,0,0,0,0,0,0

SID,KIPA1B,36R,5
CF,CU600,28.880778,-105.924750,0,CUU,2.3,10.0,3.0,10.0,0,0,0,0,0,0,0,1
DF,CU803,29.279583,-105.256806,0, ,0.0,0.0,0,0,0,0,0,0,0,0
TF,KIPAL,29.503833,-104.973889,0, ,0.0,0.0,0.0,0.0,2,14000,0,0,0,0,0,0

SID,OKOMA1,18L,2
CA,0,183.0,2,4870,0,0,0,0,0,0
FD,CUU,28.716383,-105.958733,0,CUU,0.0,11.0,183.0,11.0,0,0,0,0,0,0,0,0
CI,0, ,0.0,183.0,0,0,0,0,0,0,0,0
AF,D157N,28.490556,-105.889489,1,CUU,156.8,14.0,183.0,0,0,0,0,0,0,0,0
TF,OKOMA,28.313056,-105.835278,0, ,0.0,0.0,0.0,0.0,0,0,0,0,0,0,0,0

SID,ONGIV3,36R,2
CA,0,3.0,2,4870,0,0,0,0,0,0
FD,CUU,28.716383,-105.958733,0,CUU,0.0,10.0,360.0,10.0,0,0,0,0,0,0,0,0
CI,0, ,0.0,360.0,0,0,0,0,0,0,0,0
AF,D329M,28.916606,-106.054403,1,CUU,329.2,13.0,360.0,0,0,0,0,0,0,0,0
TF,ONGIV,29.101389,-106.143056,0, ,0.0,0.0,0.0,0.0,0,0,0,0,0,0,0,0

SID,OTOS1A,18L,5
CF,CU700,28.527500,-106.001694,0,CUU,183.4,11.5,183.0,10.0,0,0,0,0,0,0,0,1
DF,CU703,28.467667,-106.333528,0, ,0.0,0.0,3,15000,0,0,0,0,0,0
TF,CU704,28.440639,-106.672500,0, ,0.0,0.0,0.0,0.0,0,0,0,0,0,0,0,0
TF,CU802,28.426444,-106.846389,0, ,0.0,0.0,0.0,0.0,0,0,0,0,0,0,0,0
TF,OTOSO,28.308861,-107.200083,0, ,0.0,0.0,0.0,0.0,2,20000,0,0,0,0,0,0

SID,OTOS1B,36R,5
CF,CU600,28.880778,-105.924750,0,CUU,2.3,10.0,3.0,10.0,0,0,0,0,0,0,0,1
DF,CU604,28.772139,-106.081083,1, ,0.0,0.0,2,15500,0,0,0,0,0,0
TF,CU605,28.538417,-106.175389,0, ,0.0,0.0,0.0,0.0,0,0,0,0,0,0,0,0
TF,CU802,28.426444,-106.846389,0, ,0.0,0.0,0.0,0.0,0,0,0,0,0,0,0,0
TF,OTOSO,28.308861,-107.200083,0, ,0.0,0.0,0.0,0.0,2,20000,0,0,0,0,0,0

SID,OVEKO1,18L,2
CA,0,183.0,2,4870,0,0,0,0,0,0
FD,CUU,28.716383,-105.958733,0,CUU,0.0,11.0,183.0,11.0,0,0,0,0,0,0,0,0
CI,0, ,0.0,183.0,0,0,0,0,0,0,0,0
AF,D216N,28.545878,-106.140289,2,CUU,215.3,14.0,183.0,0,0,0,0,0,0,0,0
TF,OVEKO,28.350833,-106.346944,0, ,0.0,0.0,0.0,0.0,0,0,0,0,0,0,0,0

SID,OVOGI2,18L,2
CA,0,183.0,2,4870,0,0,0,0,0,0
FD,CUU,28.716383,-105.958733,0,CUU,0.0,11.0,183.0,11.0,0,0,0,0,0,0,0,0
CI,0, ,0.0,183.0,0,0,0,0,0,0,0,0
AF,D268N,28.740847,-106.222683,2,CUU,268.1,14.0,183.0,0,0,0,0,0,0,0,0
TF,OVOGI,28.759722,-106.430278,0, ,0.0,0.0,0.0,0.0,0,0,0,0,0,0,0,0

SID,OXAL1A,18L,5
CF,CU700,28.527500,-106.001694,0,CUU,183.4,11.5,183.0,10.0,0,0,0,0,0,0,0,1
DF,CU701,28.584861,-106.284806,2, ,0.0,0.0,3,15000,0,0,0,0,0,0
TF,CU702,28.663000,-106.467528,0, ,0.0,0.0,0.0,0.0,2,19000,0,0,0,0,0,0
TF,OMISI,28.789417,-106.764917,0, ,0.0,0.0,0.0,0.0,0,0,0,0,0,0,0,0
TF,OXALA,28.995972,-107.248861,0, ,0.0,0.0,0.0,0.0,2,20000,0,0,0,0,0,0

SID,OXAL1B,36R,5
CF,CU600,28.880778,-105.924750,0,CUU,2.3,10.0,3.0,10.0,0,0,0,0,0,0,0,1
DF,CU607,28.933111,-106.310861,1, ,0.0,0.0,3,15000,0,0,0,0,0,0
TF,CU608,28.913861,-106.503694,0, ,0.0,0.0,0.0,0.0,2,19000,0,0,0,0,0,0
TF,CU609,28.874417,-106.890083,0, ,0.0,0.0,0.0,0.0,0,0,0,0,0,0,0,0
TF,OXALA,28.995972,-107.248861,0, ,0.0,0.0,0.0,0.0,2,20000,0,0,0,0,0,0

SID,ROKBI2,18L,2
CA,0,183.0,2,4870,0,0,0,0,0,0
FD,CUU,28.716383,-105.958733,0,CUU,0.0,14.0,183.0,14.0,0,0,0,0,0,0,0,0
CF,D192U,28.385256,-106.090339,0,CUU,191.4,21.0,208.0,7.4,0,0,0,0,0,0,0,0
TF,ROKBI,28.331389,-106.111667,0, ,0.0,0.0,0.0,0.0,0,0,0,0,0,0,0,0

SID,SETMA1,36R,2
CA,0,3.0,2,4870,0,0,0,0,0,0
FD,CUU,28.716383,-105.958733,0,CUU,0.0,13.0,360.0,13.0,0,0,0,0,0,0,0,0
CF,D340R,29.010739,-106.028953,0,CUU,340.2,18.0,303.0,7.3,0,0,0,0,0,0,0,0
TF,SETMA,29.125278,-106.056389,0, ,0.0,0.0,0.0,0.0,0,0,0,0,0,0,0,0

SID,SUTA1A,18L,5
CF,CU700,28.527500,-106.001694,0,CUU,183.4,11.5,183.0,10.0,0,0,0,0,0,0,0,1
DF,CU710,28.612306,-105.757778,1, ,0.0,0.0,2,15500,0,0,0,0,0,0
TF,CU711,28.826167,-105.763306,0, ,0.0,0.0,0.0,0.0,2,18000,0,0,0,0,0,0
TF,SUTAR,29.876694,-105.790861,0, ,0.0,0.0,0.0,0.0,2,20000,0,0,0,0,0,0

SID,SUTA1B,36R,5
CF,CU600,28.880778,-105.924750,0,CUU,2.3,10.0,3.0,10.0,0,0,0,0,0,0,0,1
TF,CU610,29.545222,-105.839222,0, ,0.0,0.0,0.0,0.0,0,0,0,0,0,0,0,0
TF,SUTAR,29.876694,-105.790861,0, ,0.0,0.0,0.0,0.0,2,20000,0,0,0,0,0,0

SID,TAST1A,18L,2
CA,0,183.0,2,4870,0,0,0,0,0,0
FD,CUU,28.716383,-105.958733,0,CUU,0.0,11.0,183.0,11.0,0,0,0,0,0,0,0,0
CI,0, ,0.0,183.0,0,0,0,0,0,0,0,0
AF,D116N,28.585406,-105.738981,1,CUU,116.0,14.0,183.0,0,0,0,0,0,0,0,0
TF,TASTO,28.482222,-105.566667,0, ,0.0,0.0,0.0,0.0,0,0,0,0,0,0,0,0

SID,TAST1B,36R,2
CA,0,3.0,2,4870,0,0,0,0,0,0
FD,CUU,28.716383,-105.958733,0,CUU,0.0,10.0,360.0,10.0,0,0,0,0,0,0,0,0
CI,0, ,0.0,360.0,0,0,0,0,0,0,0,0
AF,D116M,28.594772,-105.754658,2,CUU,116.0,13.0,360.0,0,0,0,0,0,0,0,0
TF,TASTO,28.482222,-105.566667,0, ,0.0,0.0,0.0,0.0,0,0,0,0,0,0,0,0

SID,TATG1A,18L,5
CF,CU700,28.527500,-106.001694,0,CUU,183.4,11.5,183.0,10.0,0,0,0,0,0,0,0,1
DF,CU701,28.584861,-106.284806,2, ,0.0,0.0,3,15000,0,0,0,0,0,0
TF,CU702,28.663000,-106.467528,0, ,0.0,0.0,0.0,0.0,2,19000,0,0,0,0,0,0
TF,OMISI,28.789417,-106.764917,0, ,0.0,0.0,0.0,0.0,0,0,0,0,0,0,0,0
TF,TATGA,28.833500,-107.279667,0, ,0.0,0.0,0.0,0.0,2,20000,0,0,0,0,0,0

SID,TATG1B,36R,5
CF,CU600,28.880778,-105.924750,0,CUU,2.3,10.0,3.0,10.0,0,0,0,0,0,0,0,1
DF,CU607,28.933111,-106.310861,1, ,0.0,0.0,3,15000,0,0,0,0,0,0
TF,CU608,28.913861,-106.503694,0, ,0.0,0.0,0.0,0.0,2,19000,0,0,0,0,0,0
TF,CU609,28.874417,-106.890083,0, ,0.0,0.0,0.0,0.0,0,0,0,0,0,0,0,0
TF,TATGA,28.833500,-107.279667,0, ,0.0,0.0,0.0,0.0,2,20000,0,0,0,0,0,0

SID,ULURO3,36R,2
CA,0,3.0,2,4870,0,0,0,0,0,0
FD,CUU,28.716383,-105.958733,0,CUU,0.0,13.0,360.0,13.0,0,0,0,0,0,0,0,0
CF,D344R,29.014367,-106.005189,0,CUU,344.2,18.0,311.0,6.5,0,0,0,0,0,0,0,0
TF,ULURO,29.130278,-106.023333,0, ,0.0,0.0,0.0,0.0,0,0,0,0,0,0,0,0

SID,URPAV3,36R,2
CA,0,3.0,2,4870,0,0,0,0,0,0
FD,CUU,28.716383,-105.958733,0,CUU,0.0,13.0,360.0,13.0,0,0,0,0,0,0,0,0
CF,D359R,29.014794,-105.915950,0,CUU,359.2,18.0,357.0,5.0,0,0,0,0,0,0,0,0
TF,URPAV,29.588056,-105.833056,0, ,0.0,0.0,0.0,0.0,0,0,0,0,0,0,0,0

SID,VIKMU3,36R,2
CA,0,3.0,2,4870,0,0,0,0,0,0
FD,CUU,28.716383,-105.958733,0,CUU,0.0,10.0,360.0,10.0,0,0,0,0,0,0,0,0
CI,0, ,0.0,360.0,0,0,0,0,0,0,0,0
AF,D040M,28.863117,-105.776897,2,CUU,39.5,13.0,360.0,0,0,0,0,0,0,0,0
TF,VIKMU,28.998333,-105.608611,0, ,0.0,0.0,0.0,0.0,0,0,0,0,0,0,0,0

SID,VILPO1,18L,2
CA,0,183.0,2,4870,0,0,0,0,0,0
FD,CUU,28.716383,-105.958733,0,CUU,0.0,11.0,183.0,11.0,0,0,0,0,0,0,0,0
CI,0, ,0.0,183.0,0,0,0,0,0,0,0,0
AF,D242N,28.635808,-106.207778,2,CUU,241.9,14.0,183.0,0,0,0,0,0,0,0,0
TF,VILPO,28.572222,-106.403056,0, ,0.0,0.0,0.0,0.0,0,0,0,0,0,0,0,0

STAR,BOKM1C,18L,5
IF,BOKMO,27.612167,-106.394556, ,0.0,0.0,2,20000,0,0,0,0,0,0
TF,CU514,27.949694,-106.334139,0, ,0.0,0.0,0.0,0.0,0,0,0,0,0,0,0,0
TF,CU512,28.384167,-106.255806,0, ,0.0,0.0,0.0,0.0,0,0,0,0,0,0,0,0
TF,CU511,28.677167,-106.202611,0, ,0.0,0.0,0.0,0.0,2,16000,0,0,0,0,0,0
TF,CU506,28.936222,-106.155333,0, ,0.0,0.0,0.0,0.0,2,11000,0,0,0,0,0,0
TF,PELTA,28.916500,-106.037806,2, ,0.0,0.0,0.0,0.0,2,9000,0,0,0,0,0,0

STAR,BOKM1D,36R,5
IF,BOKMO,27.612167,-106.394556, ,0.0,0.0,2,20000,0,0,0,0,0,0
TF,CU606,27.927833,-106.270944,0, ,0.0,0.0,0.0,0.0,0,0,0,0,0,0,0,0
TF,BESUD,28.434722,-106.021833,0, ,0.0,0.0,0.0,0.0,2,9000,0,0,0,0,0,0

STAR,KIPA1C,18L,5
IF,KIPAL,29.503833,-104.973889, ,0.0,0.0,2,14000,0,0,0,0,0,0
TF,CU803,29.279583,-105.256806,0, ,0.0,0.0,0.0,0.0,0,0,0,0,0,0,0,0
TF,CU509,29.091028,-105.684333,0, ,0.0,0.0,0.0,0.0,3,14000,0,0,0,0,0,0
TF,EBLOR,28.995250,-105.899694,0, ,0.0,0.0,0.0,0.0,2,9000,0,0,0,0,0,0

STAR,KIPA1D,36R,5
IF,KIPAL,29.503833,-104.973889, ,0.0,0.0,2,14000,0,0,0,0,0,0
TF,CU801,29.130639,-105.134056,0, ,0.0,0.0,0.0,0.0,0,0,0,0,0,0,0,0
TF,CU417,28.695500,-105.607222,0, ,0.0,0.0,0.0,0.0,3,15000,0,0,0,0,0,0
TF,GADIK,28.446111,-105.875861,0, ,0.0,0.0,0.0,0.0,2,9000,0,0,0,0,0,0

STAR,LENE1A,18L,5
IF,LENEM,27.773611,-105.176694, ,0.0,0.0,2,20000,0,0,0,0,0,0
TF,CU517,28.214611,-105.427583,0, ,0.0,0.0,0.0,0.0,0,0,0,0,0,0,0,0
TF,CU516,28.480278,-105.579889,0, ,0.0,0.0,0.0,0.0,2,17500,0,0,0,0,0,0
TF,CU515,28.619972,-105.660306,0, ,0.0,0.0,0.0,0.0,3,14500,0,0,0,0,0,0
TF,RIBAD,28.877806,-105.809389,0, ,0.0,0.0,0.0,0.0,2,9000,0,0,0,0,0,0

STAR,LENE2B,36R,5
IF,LENEM,27.773611,-105.176694, ,0.0,0.0,2,20000,0,0,0,0,0,0
TF,CU411,28.043444,-105.398722,0, ,0.0,0.0,0.0,0.0,3,20000,0,0,0,0,0,0
TF,CU410,28.291639,-105.604222,0, ,0.0,0.0,0.0,0.0,0,0,0,0,0,0,0,0
TF,GADIK,28.446111,-105.875861,0, ,0.0,0.0,0.0,0.0,2,9000,0,0,0,0,0,0

STAR,OTOS1C,18L,5
IF,OTOSO,28.308861,-107.200083, ,0.0,0.0,2,20000,0,0,0,0,0,0
TF,CU519,28.505750,-106.874972,0, ,0.0,0.0,0.0,0.0,0,0,0,0,0,0,0,0
TF,CU518,28.652417,-106.631194,0, ,0.0,0.0,0.0,0.0,3,18000,0,0,0,0,0,0
TF,CU506,28.936222,-106.155333,0, ,0.0,0.0,0.0,0.0,2,11000,0,0,0,0,0,0
TF,PELTA,28.916500,-106.037806,0, ,0.0,0.0,0.0,0.0,2,9000,0,0,0,0,0,0

STAR,OTOS1D,36R,5
IF,OTOSO,28.308861,-107.200083, ,0.0,0.0,2,20000,0,0,0,0,0,0
TF,CU802,28.426444,-106.846389,0, ,0.0,0.0,0.0,0.0,0,0,0,0,0,0,0,0
TF,ELVAN,28.611528,-106.282361,0, ,0.0,0.0,0.0,0.0,2,11000,0,0,0,0,0,0
TF,AMURU,28.564861,-106.156806,0, ,0.0,0.0,0.0,0.0,2,9000,0,0,0,0,0,0

STAR,SINL1A,18L,5
IF,SINLO,27.991667,-104.920722, ,0.0,0.0,2,20000,0,0,0,0,0,0
TF,CU517,28.214611,-105.427583,0, ,0.0,0.0,0.0,0.0,0,0,0,0,0,0,0,0
TF,CU516,28.480278,-105.579889,0, ,0.0,0.0,0.0,0.0,2,17500,0,0,0,0,0,0
TF,CU515,28.619972,-105.660306,0, ,0.0,0.0,0.0,0.0,3,14500,0,0,0,0,0,0
TF,RIBAD,28.877806,-105.809389,0, ,0.0,0.0,0.0,0.0,2,9000,0,0,0,0,0,0

STAR,SINL2B,36R,5
IF,SINLO,27.991667,-104.920722, ,0.0,0.0,2,20000,0,0,0,0,0,0
TF,CU412,28.145139,-105.268944,0, ,0.0,0.0,0.0,0.0,3,20000,0,0,0,0,0,0
TF,CU410,28.291639,-105.604222,0, ,0.0,0.0,0.0,0.0,0,0,0,0,0,0,0,0
TF,GADIK,28.446111,-105.875861,0, ,0.0,0.0,0.0,0.0,2,9000,0,0,0,0,0,0

STAR,TATG1C,36R,5
IF,TATGA,28.833500,-107.279667, ,0.0,0.0,2,20000,0,0,0,0,0,0
TF,CU420,28.751278,-106.905833,0, ,0.0,0.0,0.0,0.0,0,0,0,0,0,0,0,0
TF,ELVAN,28.611528,-106.282361,0, ,0.0,0.0,0.0,0.0,2,11000,0,0,0,0,0,0
TF,AMURU,28.564861,-106.156806,0, ,0.0,0.0,0.0,0.0,2,9000,0,0,0,0,0,0

STAR,UMED1A,18L,5
IF,UMEDO,29.875000,-106.141139, ,0.0,0.0,2,20000,0,0,0,0,0,0
TF,CU508,29.544028,-106.088611,0, ,0.0,0.0,0.0,0.0,0,0,0,0,0,0,0,0
TF,EBLOR,28.995250,-105.899694,0, ,0.0,0.0,0.0,0.0,2,9000,0,0,0,0,0,0

STAR,UMED1B,36R,5
IF,UMEDO,29.875000,-106.141139, ,0.0,0.0,2,20000,0,0,0,0,0,0
TF,CU419,29.528889,-106.180194,0, ,0.0,0.0,0.0,0.0,0,0,0,0,0,0,0,0
TF,CU418,28.872806,-106.253444,0, ,0.0,0.0,0.0,0.0,2,16000,0,0,0,0,0,0
TF,ELVAN,28.611528,-106.282361,0, ,0.0,0.0,0.0,0.0,2,11000,0,0,0,0,0,0
TF,AMURU,28.564861,-106.156806,0, ,0.0,0.0,0.0,0.0,2,9000,0,0,0,0,0,0

STAR,VIXE1A,18L,5
IF,VIXER,29.238139,-107.149250, ,0.0,0.0,2,20000,0,0,0,0,0,0
TF,CU507,29.128500,-106.784806,0, ,0.0,0.0,0.0,0.0,0,0,0,0,0,0,0,0
TF,CU506,28.936222,-106.155333,0, ,0.0,0.0,0.0,0.0,2,11000,0,0,0,0,0,0
TF,PELTA,28.916500,-106.037806,0, ,0.0,0.0,0.0,0.0,2,9000,0,0,0,0,0,0

STAR,VIXE1B,36R,5
IF,VIXER,29.238139,-107.149250, ,0.0,0.0,2,20000,0,0,0,0,0,0
TF,CU416,29.018694,-106.843556,0, ,0.0,0.0,0.0,0.0,0,0,0,0,0,0,0,0
TF,CU415,28.952139,-106.751306,0, ,0.0,0.0,0.0,0.0,3,18000,0,0,0,0,0,0
TF,ELVAN,28.611528,-106.282361,0, ,0.0,0.0,0.0,0.0,2,11000,0,0,0,0,0,0
TF,AMURU,28.564861,-106.156806,0, ,0.0,0.0,0.0,0.0,2,9000,0,0,0,0,0,0

STAR,VOMA1A,18L,5
IF,VOMAS,28.057861,-104.865500, ,0.0,0.0,2,20000,0,0,0,0,0,0
TF,CU517,28.214611,-105.427583,0, ,0.0,0.0,0.0,0.0,0,0,0,0,0,0,0,0
TF,CU516,28.480278,-105.579889,0, ,0.0,0.0,0.0,0.0,2,17500,0,0,0,0,0,0
TF,CU515,28.619972,-105.660306,0, ,0.0,0.0,0.0,0.0,3,14500,0,0,0,0,0,0
TF,RIBAD,28.877806,-105.809389,0, ,0.0,0.0,0.0,0.0,2,9000,0,0,0,0,0,0

STAR,VOMA2B,36R,5
IF,VOMAS,28.057861,-104.865500, ,0.0,0.0,2,20000,0,0,0,0,0,0
TF,CU413,28.176222,-105.237500,0, ,0.0,0.0,0.0,0.0,3,20000,0,0,0,0,0,0
TF,CU410,28.291639,-105.604222,0, ,0.0,0.0,0.0,0.0,0,0,0,0,0,0,0,0
TF,GADIK,28.446111,-105.875861,0, ,0.0,0.0,0.0,0.0,2,9000,0,0,0,0,0,0

APPTR,D18LY,18L,IMINO
IF,IMINO,28.554167,-105.522500, ,0.0,0.0,2,12000,0,0,0,0,0,0
TF,D105O,28.619194,-105.696764,0, ,0.0,0.0,0.0,0.0,2,12000,0,0,0,0,1,0
CI,0, ,0.0,285.0,0,0,0,0,0,0,0,0
AF,D040M,28.863117,-105.776897,1,CUU,39.5,13.0,105.0,2,10000,0,0,0,0,0,0
AF,D009M,28.924100,-105.886542,1,CUU,9.0,13.0,40.0,2,9000,0,0,0,0,0,1
CF,CF18L,28.898400,-105.929664,0,CUU,0.0,11.0,180.0,2.0,2,8300,0,0,0,0,0,0

APPTR,D18LY,18L,ONGIV
IF,ONGIV,29.101389,-106.143056, ,0.0,0.0,2,10000,0,0,0,0,0,0
TF,D329O,28.947403,-106.069156,0, ,0.0,0.0,0.0,0.0,2,10000,0,0,0,0,1,0
CI,0, ,0.0,149.0,0,0,0,0,0,0,0,0
AF,D351M,28.933578,-105.963042,2,CUU,351.0,13.0,329.0,2,9000,0,0,0,0,0,1
CF,CF18L,28.898400,-105.929664,0,CUU,0.0,11.0,180.0,2.0,2,8300,0,0,0,0,0,0

APPTR,D18LY,18L,SETMA
IF,SETMA,29.125278,-106.056389, ,0.0,0.0,2,10000,0,0,0,0,0,0
TF,D340R,29.010739,-106.028953,0, ,0.0,0.0,0.0,0.0,2,10000,0,0,0,0,1,0
TF,D360M,28.931494,-105.924367,0, ,0.0,0.0,0.0,0.0,2,9000,0,0,0,0,1,0
TF,CF18L,28.898400,-105.929664,0, ,0.0,0.0,0.0,0.0,2,8300,0,0,0,0,0,0

APPTR,D18LY,18L,TASTO
IF,TASTO,28.482222,-105.566667, ,0.0,0.0,2,12000,0,0,0,0,0,0
TF,D116O,28.576036,-105.723306,0, ,0.0,0.0,0.0,0.0,2,12000,0,0,0,0,1,0
CI,0, ,0.0,296.0,0,0,0,0,0,0,0,0
AF,D105M,28.632183,-105.731664,1,CUU,104.8,13.0,116.0,2,12000,0,0,0,0,0,0
AF,D040M,28.863117,-105.776897,1,CUU,39.5,13.0,105.0,2,10000,0,0,0,0,0,0
AF,D009M,28.924100,-105.886542,1,CUU,9.0,13.0,40.0,2,9000,0,0,0,0,0,1
CF,CF18L,28.898400,-105.929664,0,CUU,0.0,11.0,180.0,2.0,2,8300,0,0,0,0,0,0

APPTR,D18LY,18L,ULURO
IF,ULURO,29.130278,-106.023333, ,0.0,0.0,2,10000,0,0,0,0,0,0
TF,D344R,29.014367,-106.005189,0, ,0.0,0.0,0.0,0.0,2,10000,0,0,0,0,1,0
TF,D360M,28.931494,-105.924367,0, ,0.0,0.0,0.0,0.0,2,9000,0,0,0,0,1,0
TF,CF18L,28.898400,-105.929664,0, ,0.0,0.0,0.0,0.0,2,8300,0,0,0,0,0,0

APPTR,D18LY,18L,VIKMU
IF,VIKMU,28.998333,-105.608611, ,0.0,0.0,2,10000,0,0,0,0,0,0
TF,D040O,28.885669,-105.748878,0, ,0.0,0.0,0.0,0.0,2,10000,0,0,0,0,1,0
CI,0, ,0.0,220.0,0,0,0,0,0,0,0,0
AF,D009M,28.924100,-105.886542,1,CUU,9.0,13.0,40.0,2,9000,0,0,0,0,0,1
CF,CF18L,28.898400,-105.929664,0,CUU,0.0,11.0,180.0,2.0,2,8300,0,0,0,0,0,0

FINAL,D18LY,18L,D,4
IF,CF18L,28.898400,-105.929664,CUU,0.0,11.0,2,8300,0,0,0,0,0,0
CF,FF18L,28.848761,-105.937600,0,CUU,0.0,8.0,180.0,3.0,2,7400,0,0,0,0,2,0
CF,50VOR,28.799119,-105.945531,0,CUU,0.0,5.0,180.0,3.0,2,6300,0,0,0,0,0,0
CF,MA18L,28.732931,-105.956094,0,CUU,0.0,1.0,180.0,4.0,1,4861,0,0,0,0,3,0
CF,CUU,28.716383,-105.958733,0,CUU,0.0,0.0,180.0,1.0,0,0,0,0,0,0,0,0
FD,CUU,28.716383,-105.958733,0,CUU,0.0,4.0,185.0,4.0,0,0,0,0,0,0,0,0
DF,CUU,28.716383,-105.958733,2, ,0.0,0.0,2,9000,0,0,0,0,0,0

APPTR,D18LZ,18L,CUU
IF,CUU,28.716383,-105.958733, ,0.0,0.0,2,9000,0,0,0,0,1,0
FD,CUU,28.716383,-105.958733,0,CUU,0.0,11.0,22.0,11.0,2,8300,0,0,0,0,0,0
CF,CF18L,28.898400,-105.929664,1,CUU,0.0,11.0,180.0,1.0,2,8300,0,0,0,0,0,0

FINAL,D18LZ,18L,D,4
IF,CF18L,28.898400,-105.929664,CUU,0.0,11.0,2,8300,0,0,0,0,0,0
CF,FF18L,28.848761,-105.937600,0,CUU,0.0,8.0,180.0,3.0,2,7400,0,0,0,0,2,0
CF,50VOR,28.799119,-105.945531,0,CUU,0.0,5.0,180.0,3.0,2,6300,0,0,0,0,0,0
CF,MA18L,28.732931,-105.956094,0,CUU,0.0,1.0,180.0,4.0,1,4861,0,0,0,0,3,0
CF,CUU,28.716383,-105.958733,0,CUU,0.0,0.0,180.0,1.0,0,0,0,0,0,0,0,0
FD,CUU,28.716383,-105.958733,0,CUU,0.0,4.0,185.0,4.0,0,0,0,0,0,0,0,0
DF,CUU,28.716383,-105.958733,2, ,0.0,0.0,2,9000,0,0,0,0,0,0

APPTR,D36RX,36R,IMINO
IF,IMINO,28.554167,-105.522500, ,0.0,0.0,2,12000,0,0,0,0,0,0
TF,D105P,28.612697,-105.679317,0, ,0.0,0.0,0.0,0.0,2,12000,0,0,0,0,1,0
CI,0, ,0.0,285.0,0,0,0,0,0,0,0,0
AF,D136N,28.528225,-105.801169,2,CUU,135.5,14.0,105.0,2,10000,0,0,0,0,0,0
AF,D175N,28.482753,-105.972589,2,CUU,175.0,14.0,136.0,2,8500,0,0,0,0,0,1
CF,CF36R,28.519533,-106.002053,0,CUU,183.0,12.0,3.0,2.0,2,7900,0,0,0,0,0,0

APPTR,D36RX,36R,LENEM
IF,LENEM,27.773611,-105.176694, ,0.0,0.0,2,21000,0,0,0,0,0,0
TF,CUU50,28.043417,-105.398747,0, ,0.0,0.0,0.0,0.0,2,20000,0,0,0,0,0,0
TF,D136Y,28.380194,-105.677856,0, ,0.0,0.0,0.0,0.0,2,11000,0,0,0,0,0,0
TF,D136P,28.501292,-105.778767,0, ,0.0,0.0,0.0,0.0,2,10000,0,0,0,0,1,0
CI,0, ,0.0,316.0,0,0,0,0,0,0,0,0
AF,D175N,28.482753,-105.972589,2,CUU,175.0,14.0,136.0,2,8500,0,0,0,0,0,1
CF,CF36R,28.519533,-106.002053,0,CUU,183.0,12.0,3.0,2.0,2,7900,0,0,0,0,0,0

APPTR,D36RX,36R,OKOMA
IF,OKOMA,28.313056,-105.835278, ,0.0,0.0,2,10000,0,0,0,0,0,0
TF,D157P,28.458292,-105.879619,0, ,0.0,0.0,0.0,0.0,2,9000,0,0,0,0,1,0
CI,0, ,0.0,337.0,0,0,0,0,0,0,0,0
AF,D175N,28.482753,-105.972589,2,CUU,175.0,14.0,157.0,2,8500,0,0,0,0,0,1
CF,CF36R,28.519533,-106.002053,0,CUU,183.0,12.0,3.0,2.0,2,7900,0,0,0,0,0,0

APPTR,D36RX,36R,OVEKO
IF,OVEKO,28.350833,-106.346944, ,0.0,0.0,2,11000,0,0,0,0,0,0
TF,D216P,28.521500,-106.166178,0, ,0.0,0.0,0.0,0.0,2,11000,0,0,0,0,1,0
CI,0, ,0.0,36.0,0,0,0,0,0,0,0,0
AF,D191N,28.495153,-106.044950,1,CUU,191.0,14.0,216.0,2,8500,0,0,0,0,0,1
CF,CF36R,28.519533,-106.002053,0,CUU,183.0,12.0,3.0,2.0,2,7900,0,0,0,0,0,0

APPTR,D36RX,36R,OVOGI
IF,OVOGI,28.759722,-106.430278, ,0.0,0.0,2,11000,0,0,0,0,0,0
TF,D268P,28.744303,-106.260400,0, ,0.0,0.0,0.0,0.0,2,11000,0,0,0,0,1,0
CI,0, ,0.0,88.0,0,0,0,0,0,0,0,0
AF,D216N,28.545878,-106.140289,1,CUU,215.3,14.0,268.0,2,9000,0,0,0,0,0,0
AF,D191N,28.495153,-106.044950,1,CUU,191.0,14.0,216.0,2,8500,0,0,0,0,0,1
CF,CF36R,28.519533,-106.002053,0,CUU,183.0,12.0,3.0,2.0,2,7900,0,0,0,0,0,0

APPTR,D36RX,36R,ROKBI
IF,ROKBI,28.331389,-106.111667, ,0.0,0.0,2,10000,0,0,0,0,0,0
TF,D192U,28.385256,-106.090339,0, ,0.0,0.0,0.0,0.0,2,10000,0,0,0,0,1,0
TF,D183N,28.486722,-106.009258,0, ,0.0,0.0,0.0,0.0,2,8500,0,0,0,0,1,0
TF,CF36R,28.519533,-106.002053,0, ,0.0,0.0,0.0,0.0,2,7900,0,0,0,0,0,0

APPTR,D36RX,36R,TASTO
IF,TASTO,28.482222,-105.566667, ,0.0,0.0,2,12000,0,0,0,0,0,0
TF,D116P,28.566664,-105.707633,0, ,0.0,0.0,0.0,0.0,2,12000,0,0,0,0,1,0
CI,0, ,0.0,296.0,0,0,0,0,0,0,0,0
AF,D136N,28.528225,-105.801169,2,CUU,135.5,14.0,116.0,2,10000,0,0,0,0,0,0
AF,D175N,28.482753,-105.972589,2,CUU,175.0,14.0,136.0,2,8500,0,0,0,0,0,1
CF,CF36R,28.519533,-106.002053,0,CUU,183.0,12.0,3.0,2.0,2,7900,0,0,0,0,0,0

APPTR,D36RX,36R,VILPO
IF,VILPO,28.572222,-106.403056, ,0.0,0.0,2,11000,0,0,0,0,0,0
TF,D242P,28.624258,-106.243322,0, ,0.0,0.0,0.0,0.0,2,11000,0,0,0,0,1,0
CI,0, ,0.0,62.0,0,0,0,0,0,0,0,0
AF,D216N,28.545878,-106.140289,1,CUU,215.3,14.0,242.0,2,9000,0,0,0,0,0,0
AF,D191N,28.495153,-106.044950,1,CUU,191.0,14.0,216.0,2,8500,0,0,0,0,0,1
CF,CF36R,28.519533,-106.002053,0,CUU,183.0,12.0,3.0,2.0,2,7900,0,0,0,0,0,0

FINAL,D36RX,36R,D,4
IF,CF36R,28.519533,-106.002053,CUU,183.0,12.0,2,7900,0,0,0,0,0,0
CF,FF36R,28.585153,-105.987631,0,CUU,183.0,8.0,3.0,4.0,2,6600,0,0,0,0,2,0
CF,50VO2,28.634364,-105.976803,0,CUU,183.0,5.0,3.0,3.0,2,5600,0,0,0,0,0,0
CF,RW36R,28.691642,-105.966014,0,CUU,186.6,1.5,3.0,3.5,1,4521,0,0,0,0,3,0
TF,CUU,28.716383,-105.958733,0, ,0.0,0.0,0.0,0.0,0,0,0,0,0,0,0,0
FD,CUU,28.716383,-105.958733,0,CUU,0.0,7.0,358.0,7.0,0,0,0,0,0,0,0,0
DF,CUU,28.716383,-105.958733,2, ,0.0,0.0,2,9000,0,0,0,0,0,0

APPTR,D36RY,36R,CUU
FD,CUU,28.716383,-105.958733,0,CUU,0.0,12.0,226.0,12.0,2,9000,0,0,0,0,1,0
CF,D226N,28.578703,-106.173144,0,CUU,226.0,14.0,226.0,2.0,0,0,0,0,0,0,0,0
AF,D191N,28.495153,-106.044950,1,CUU,191.0,14.0,226.0,2,8500,0,0,0,0,0,1
CF,CF36R,28.519533,-106.002053,0,CUU,183.0,12.0,3.0,2.0,2,7900,0,0,0,0,0,0

FINAL,D36RY,36R,D,4
IF,CF36R,28.519533,-106.002053,CUU,183.0,12.0,2,7900,0,0,0,0,0,0
CF,FF36R,28.585153,-105.987631,0,CUU,183.0,8.0,3.0,4.0,2,6600,0,0,0,0,2,0
CF,50VO2,28.634364,-105.976803,0,CUU,183.0,5.0,3.0,3.0,2,5600,0,0,0,0,0,0
CF,RW36R,28.691642,-105.966014,0,CUU,186.6,1.5,3.0,3.5,1,4521,0,0,0,0,3,0
TF,CUU,28.716383,-105.958733,0, ,0.0,0.0,0.0,0.0,0,0,0,0,0,0,0,0
FD,CUU,28.716383,-105.958733,0,CUU,0.0,7.0,358.0,7.0,0,0,0,0,0,0,0,0
DF,CUU,28.716383,-105.958733,2, ,0.0,0.0,2,9000,0,0,0,0,0,0

APPTR,D36RZ,36R,CUU
IF,CUU,28.716383,-105.958733, ,0.0,0.0,2,9000,0,0,0,0,1,0
FD,CUU,28.716383,-105.958733,0,CUU,0.0,12.0,164.0,12.0,2,8500,0,0,0,0,0,0
CF,CF36R,28.519533,-106.002053,2,CUU,183.0,12.0,3.0,1.0,2,7900,0,0,0,0,0,0

FINAL,D36RZ,36R,D,4
IF,CF36R,28.519533,-106.002053,CUU,183.0,12.0,2,7900,0,0,0,0,0,0
CF,FF36R,28.585153,-105.987631,0,CUU,183.0,8.0,3.0,4.0,2,6600,0,0,0,0,2,0
CF,50VO2,28.634364,-105.976803,0,CUU,183.0,5.0,3.0,3.0,2,5600,0,0,0,0,0,0
CF,RW36R,28.691642,-105.966014,0,CUU,186.6,1.5,3.0,3.5,1,4521,0,0,0,0,3,0
TF,CUU,28.716383,-105.958733,0, ,0.0,0.0,0.0,0.0,0,0,0,0,0,0,0,0
FD,CUU,28.716383,-105.958733,0,CUU,0.0,7.0,358.0,7.0,0,0,0,0,0,0,0,0
DF,CUU,28.716383,-105.958733,2, ,0.0,0.0,2,9000,0,0,0,0,0,0

APPTR,I36RW,36R,AMURU
IF,AMURU,28.564861,-106.156806, ,0.0,0.0,2,9000,0,0,0,0,1,0
TF,CU403,28.545917,-106.040472,0, ,0.0,0.0,0.0,0.0,2,7500,0,1,200,0,0,0
TF,CU401,28.539167,-105.999167,0,ICUU,0.0,0.0,0.0,0.0,2,7000,0,0,0,0,1,0

APPTR,I36RW,36R,BESUD
IF,BESUD,28.434722,-106.021833, ,0.0,0.0,2,9000,0,0,0,0,1,0
TF,CU405,28.481722,-106.011639,0, ,0.0,0.0,0.0,0.0,2,8100,0,0,0,0,0,0
TF,CU401,28.539167,-105.999167,0,ICUU,0.0,0.0,0.0,0.0,2,7000,0,0,0,0,1,0

APPTR,I36RW,36R,GADIK
IF,GADIK,28.446111,-105.875861, ,0.0,0.0,2,9000,0,0,0,0,1,0
TF,CU401,28.539167,-105.999167,0,ICUU,0.0,0.0,0.0,0.0,2,7000,0,0,0,0,1,0

FINAL,I36RW,36R,I,3
IF,CU401,28.539167,-105.999167,ICUU,182.9,10.8,2,7000,0,0,0,0,0,0
CF,CU400,28.584278,-105.989361,0,ICUU,182.9,8.1,3.0,2.7,1,6600,0,0,0,0,2,0
CF,RW36R,28.691642,-105.966014,0,ICUU,182.9,1.5,3.0,6.5,1,4521,0,0,0,0,3,0
CF,CU600,28.880778,-105.924750,0,CUU,2.3,10.0,3.0,11.5,0,0,0,0,0,0,0,1
DF,ELVAN,28.611528,-106.282361,1, ,0.0,0.0,2,11000,0,0,0,0,0,1

APPTR,I36RX,36R,IMINO
IF,IMINO,28.554167,-105.522500, ,0.0,0.0,2,12000,0,0,0,0,0,0
TF,D105P,28.612697,-105.679317,0, ,0.0,0.0,0.0,0.0,2,12000,0,0,0,0,1,0
CI,0, ,0.0,285.0,0,0,0,0,0,0,0,0
AF,D136N,28.528225,-105.801169,2,CUU,135.5,14.0,105.0,2,10000,0,0,0,0,0,0
AF,D175N,28.482753,-105.972589,2,CUU,175.0,14.0,136.0,2,8500,0,0,0,0,0,1
CF,CI36R,28.519761,-106.003408,0,ICUU,182.9,12.0,3.0,2.0,2,7900,0,0,0,0,0,0

APPTR,I36RX,36R,LENEM
IF,LENEM,27.773611,-105.176694, ,0.0,0.0,2,21000,0,0,0,0,0,0
TF,CUU50,28.043417,-105.398747,0, ,0.0,0.0,0.0,0.0,2,20000,0,0,0,0,0,0
TF,D136Y,28.380194,-105.677856,0, ,0.0,0.0,0.0,0.0,2,11000,0,0,0,0,0,0
TF,D136P,28.501292,-105.778767,0, ,0.0,0.0,0.0,0.0,2,10000,0,0,0,0,1,0
CI,0, ,0.0,316.0,0,0,0,0,0,0,0,0
AF,D175N,28.482753,-105.972589,2,CUU,175.0,14.0,136.0,2,8500,0,0,0,0,0,1
CF,CI36R,28.519761,-106.003408,0,ICUU,182.9,12.0,3.0,2.0,2,7900,0,0,0,0,0,0

APPTR,I36RX,36R,OKOMA
IF,OKOMA,28.313056,-105.835278, ,0.0,0.0,2,10000,0,0,0,0,0,0
TF,D157P,28.458292,-105.879619,0, ,0.0,0.0,0.0,0.0,2,9000,0,0,0,0,1,0
CI,0, ,0.0,337.0,0,0,0,0,0,0,0,0
AF,D175N,28.482753,-105.972589,2,CUU,175.0,14.0,157.0,2,8500,0,0,0,0,0,1
CF,CI36R,28.519761,-106.003408,0,ICUU,182.9,12.0,3.0,2.0,2,7900,0,0,0,0,0,0

APPTR,I36RX,36R,OVEKO
IF,OVEKO,28.350833,-106.346944, ,0.0,0.0,2,11000,0,0,0,0,0,0
TF,D216P,28.521500,-106.166178,0, ,0.0,0.0,0.0,0.0,2,11000,0,0,0,0,1,0
CI,0, ,0.0,36.0,0,0,0,0,0,0,0,0
AF,D191N,28.495153,-106.044950,1,CUU,191.0,14.0,216.0,2,8500,0,0,0,0,0,1
CF,CI36R,28.519761,-106.003408,0,ICUU,182.9,12.0,3.0,2.0,2,7900,0,0,0,0,0,0

APPTR,I36RX,36R,OVOGI
IF,OVOGI,28.759722,-106.430278, ,0.0,0.0,2,11000,0,0,0,0,0,0
TF,D268P,28.744303,-106.260400,0, ,0.0,0.0,0.0,0.0,2,11000,0,0,0,0,1,0
CI,0, ,0.0,88.0,0,0,0,0,0,0,0,0
AF,D216N,28.545878,-106.140289,1,CUU,215.3,14.0,268.0,2,9000,0,0,0,0,0,0
AF,D191N,28.495153,-106.044950,1,CUU,191.0,14.0,216.0,2,8500,0,0,0,0,0,1
CF,CI36R,28.519761,-106.003408,0,ICUU,182.9,12.0,3.0,2.0,2,7900,0,0,0,0,0,0

APPTR,I36RX,36R,ROKBI
IF,ROKBI,28.331389,-106.111667, ,0.0,0.0,2,10000,0,0,0,0,0,0
TF,D192U,28.385256,-106.090339,0, ,0.0,0.0,0.0,0.0,2,10000,0,0,0,0,1,0
TF,D183N,28.486722,-106.009258,0, ,0.0,0.0,0.0,0.0,2,8500,0,0,0,0,1,0
CF,CI36R,28.519761,-106.003408,0,ICUU,182.9,12.0,3.0,2.0,2,7900,0,0,0,0,0,0

APPTR,I36RX,36R,TASTO
IF,TASTO,28.482222,-105.566667, ,0.0,0.0,2,12000,0,0,0,0,0,0
TF,D116P,28.566664,-105.707633,0, ,0.0,0.0,0.0,0.0,2,12000,0,0,0,0,1,0
CI,0, ,0.0,296.0,0,0,0,0,0,0,0,0
AF,D136N,28.528225,-105.801169,2,CUU,135.5,14.0,116.0,2,10000,0,0,0,0,0,0
AF,D175N,28.482753,-105.972589,2,CUU,175.0,14.0,136.0,2,8500,0,0,0,0,0,1
CF,CI36R,28.519761,-106.003408,0,ICUU,182.9,12.0,3.0,2.0,2,7900,0,0,0,0,0,0

APPTR,I36RX,36R,VILPO
IF,VILPO,28.572222,-106.403056, ,0.0,0.0,2,11000,0,0,0,0,0,0
TF,D242P,28.624258,-106.243322,0, ,0.0,0.0,0.0,0.0,2,11000,0,0,0,0,1,0
CI,0, ,0.0,62.0,0,0,0,0,0,0,0,0
AF,D216N,28.545878,-106.140289,1,CUU,215.3,14.0,242.0,2,9000,0,0,0,0,0,0
AF,D191N,28.495153,-106.044950,1,CUU,191.0,14.0,216.0,2,8500,0,0,0,0,0,1
CF,CI36R,28.519761,-106.003408,0,ICUU,182.9,12.0,3.0,2.0,2,7900,0,0,0,0,0,0

FINAL,I36RX,36R,I,3
IF,CI36R,28.519761,-106.003408,ICUU,182.9,12.0,2,7900,0,0,0,0,0,0
CF,FI36R,28.584750,-105.989283,0,ICUU,182.9,8.0,3.0,4.0,1,6600,0,0,0,0,2,0
CF,RW36R,28.691642,-105.966014,0,ICUU,182.9,1.5,3.0,6.5,1,4521,0,0,0,0,3,0
CA,0,3.0,2,4870,0,0,0,0,0,0
FD,CUU,28.716383,-105.958733,0,CUU,0.0,7.0,358.0,7.0,0,0,0,0,0,0,0,0
DF,CUU,28.716383,-105.958733,2, ,0.0,0.0,2,9000,0,0,0,0,0,0

APPTR,I36RY,36R,CUU
FD,CUU,28.716383,-105.958733,0,CUU,0.0,12.0,226.0,12.0,2,9000,0,0,0,0,1,0
CF,D226N,28.578703,-106.173144,0,CUU,226.0,14.0,226.0,2.0,0,0,0,0,0,0,0,0
AF,D191N,28.495153,-106.044950,1,CUU,191.0,14.0,226.0,2,8500,0,0,0,0,0,1
CF,CI36R,28.519761,-106.003408,0,ICUU,182.9,12.0,3.0,2.0,2,7900,0,0,0,0,0,0

FINAL,I36RY,36R,I,3
IF,CI36R,28.519761,-106.003408,ICUU,182.9,12.0,2,7900,0,0,0,0,0,0
CF,FI36R,28.584750,-105.989283,0,ICUU,182.9,8.0,3.0,4.0,1,6600,0,0,0,0,2,0
CF,RW36R,28.691642,-105.966014,0,ICUU,182.9,1.5,3.0,6.5,1,4521,0,0,0,0,3,0
CA,0,3.0,2,4870,0,0,0,0,0,0
FD,CUU,28.716383,-105.958733,0,CUU,0.0,7.0,358.0,7.0,0,0,0,0,0,0,0,0
DF,CUU,28.716383,-105.958733,2, ,0.0,0.0,2,9000,0,0,0,0,0,0

APPTR,I36RZ,36R,CUU
IF,CUU,28.716383,-105.958733, ,0.0,0.0,2,9000,0,0,0,0,1,0
FD,CUU,28.716383,-105.958733,0,CUU,0.0,12.0,164.0,12.0,2,8500,0,0,0,0,0,0
CF,CI36R,28.519761,-106.003408,2,ICUU,182.9,12.0,3.0,1.0,2,7900,0,0,0,0,0,0

FINAL,I36RZ,36R,I,3
IF,CI36R,28.519761,-106.003408,ICUU,182.9,12.0,2,7900,0,0,0,0,0,0
CF,FI36R,28.584750,-105.989283,0,ICUU,182.9,8.0,3.0,4.0,1,6600,0,0,0,0,2,0
CF,RW36R,28.691642,-105.966014,0,ICUU,182.9,1.5,3.0,6.5,1,4521,0,0,0,0,3,0
CA,0,3.0,2,4870,0,0,0,0,0,0
FD,CUU,28.716383,-105.958733,0,CUU,0.0,7.0,358.0,7.0,0,0,0,0,0,0,0,0
DF,CUU,28.716383,-105.958733,2, ,0.0,0.0,2,9000,0,0,0,0,0,0

APPTR,R18L,18L,EBLOR
IF,EBLOR,28.995250,-105.899694, ,0.0,0.0,2,9000,0,0,0,0,1,0
TF,CU501,28.896806,-105.921250,0, ,0.0,0.0,0.0,0.0,2,7500,0,0,0,0,1,0

APPTR,R18L,18L,PELTA
IF,PELTA,28.916500,-106.037806, ,0.0,0.0,2,9000,0,0,0,0,1,0
TF,CU504,28.907306,-105.983333,0, ,0.0,0.0,0.0,0.0,2,8300,0,0,0,0,0,0
TF,CU501,28.896806,-105.921250,0, ,0.0,0.0,0.0,0.0,2,7500,0,0,0,0,1,0

APPTR,R18L,18L,RIBAD
IF,RIBAD,28.877806,-105.809389, ,0.0,0.0,2,9000,0,0,0,0,1,0
TF,CU501,28.896806,-105.921250,0, ,0.0,0.0,0.0,0.0,2,7500,0,0,0,0,1,0

FINAL,R18L,18L,R,3
IF,CU501,28.896806,-105.921250, ,0.0,0.0,2,7500,0,0,0,0,0,0
TF,CU500,28.814750,-105.939167,0, ,0.0,0.0,183.0,5.0,2,6400,0,0,0,0,2,0
TF,CU550,28.731111,-105.957417,0, ,0.0,0.0,183.0,5.1,1,4774,0,0,0,0,3,1
CF,CU551,28.658778,-105.973167,0,CUU,184.5,3.5,183.0,4.4,0,0,0,0,0,0,0,1
DF,PELTA,28.916500,-106.037806,2, ,0.0,0.0,2,9000,0,0,0,0,0,1

APPTR,R36R,36R,AMURU
IF,AMURU,28.564861,-106.156806, ,0.0,0.0,2,9000,0,0,0,0,1,0
TF,CU403,28.545917,-106.040472,0, ,0.0,0.0,0.0,0.0,2,7500,0,1,200,0,0,0
TF,CU401,28.539167,-105.999167,0, ,0.0,0.0,0.0,0.0,2,7000,0,0,0,0,1,0

APPTR,R36R,36R,BESUD
IF,BESUD,28.434722,-106.021833, ,0.0,0.0,2,9000,0,0,0,0,1,0
TF,CU405,28.481722,-106.011639,0, ,0.0,0.0,0.0,0.0,2,8100,0,0,0,0,0,0
TF,CU401,28.539167,-105.999167,0, ,0.0,0.0,0.0,0.0,2,7000,0,0,0,0,1,0

APPTR,R36R,36R,GADIK
IF,GADIK,28.446111,-105.875861, ,0.0,0.0,2,9000,0,0,0,0,1,0
TF,CU401,28.539167,-105.999167,0, ,0.0,0.0,0.0,0.0,2,7000,0,0,0,0,1,0

FINAL,R36R,36R,R,3
IF,CU401,28.539167,-105.999167, ,0.0,0.0,2,7000,0,0,0,0,0,0
TF,CU400,28.584278,-105.989361,0, ,0.0,0.0,3.0,2.7,2,6600,0,0,0,0,2,0
TF,RW36R,28.691642,-105.966014,0, ,0.0,0.0,3.0,6.5,1,4521,0,0,0,0,3,1
CF,CU600,28.880778,-105.924750,0,CUU,2.3,10.0,3.0,11.5,0,0,0,0,0,0,0,1
DF,ELVAN,28.611528,-106.282361,1, ,0.0,0.0,2,11000,0,0,0,0,0,1

APPTR,V05-A,05,CUU
IF,CUU,28.716383,-105.958733, ,0.0,0.0,2,9000,0,0,0,0,1,0
FC,CUU,28.716383,-105.958733,0,CUU,0.0,0.0,187.0,7.0,2,7500,0,0,0,0,0,1
CF,FF347,28.599853,-105.947181,1,CUU,167.0,7.0,347.0,1.0,2,7500,0,0,0,0,0,0

FINAL,V05-A,05,D,2
IF,FF347,28.599853,-105.947181,CUU,167.0,7.0,2,7500,0,0,0,0,2,0
CF,CUU,28.716383,-105.958733,0,CUU,0.0,0.0,347.0,7.0,1,5880,0,0,0,0,3,0
FC,CUU,28.716383,-105.958733,0,CUU,0.0,0.0,358.0,7.0,0,0,0,0,0,0,0,1
DF,CUU,28.716383,-105.958733,2, ,0.0,0.0,2,9000,0,0,0,0,0,0

APPTR,V18LA,18L,CUU
IF,CUU,28.716383,-105.958733, ,0.0,0.0,2,9000,0,0,0,0,1,0
FC,CUU,28.716383,-105.958733,0,CUU,0.0,0.0,187.0,7.0,2,7500,0,0,0,0,0,1
CF,FF347,28.599853,-105.947181,1,CUU,167.0,7.0,347.0,1.0,2,7500,0,0,0,0,0,0

FINAL,V18LA,18L,D,2
IF,FF347,28.599853,-105.947181,CUU,167.0,7.0,2,7500,0,0,0,0,2,0
CF,CUU,28.716383,-105.958733,0,CUU,0.0,0.0,347.0,7.0,1,5880,0,0,0,0,3,0
FC,CUU,28.716383,-105.958733,0,CUU,0.0,0.0,358.0,7.0,0,0,0,0,0,0,0,1
DF,CUU,28.716383,-105.958733,2, ,0.0,0.0,2,9000,0,0,0,0,0,0

APPTR,V18RA,18R,CUU
IF,CUU,28.716383,-105.958733, ,0.0,0.0,2,9000,0,0,0,0,1,0
FC,CUU,28.716383,-105.958733,0,CUU,0.0,0.0,187.0,7.0,2,7500,0,0,0,0,0,1
CF,FF347,28.599853,-105.947181,1,CUU,167.0,7.0,347.0,1.0,2,7500,0,0,0,0,0,0

FINAL,V18RA,18R,D,2
IF,FF347,28.599853,-105.947181,CUU,167.0,7.0,2,7500,0,0,0,0,2,0
CF,CUU,28.716383,-105.958733,0,CUU,0.0,0.0,347.0,7.0,1,5880,0,0,0,0,3,0
FC,CUU,28.716383,-105.958733,0,CUU,0.0,0.0,358.0,7.0,0,0,0,0,0,0,0,1
DF,CUU,28.716383,-105.958733,2, ,0.0,0.0,2,9000,0,0,0,0,0,0

APPTR,V23-A,23,CUU
IF,CUU,28.716383,-105.958733, ,0.0,0.0,2,9000,0,0,0,0,1,0
FC,CUU,28.716383,-105.958733,0,CUU,0.0,0.0,187.0,7.0,2,7500,0,0,0,0,0,1
CF,FF347,28.599853,-105.947181,1,CUU,167.0,7.0,347.0,1.0,2,7500,0,0,0,0,0,0

FINAL,V23-A,23,D,2
IF,FF347,28.599853,-105.947181,CUU,167.0,7.0,2,7500,0,0,0,0,2,0
CF,CUU,28.716383,-105.958733,0,CUU,0.0,0.0,347.0,7.0,1,5880,0,0,0,0,3,0
FC,CUU,28.716383,-105.958733,0,CUU,0.0,0.0,358.0,7.0,0,0,0,0,0,0,0,1
DF,CUU,28.716383,-105.958733,2, ,0.0,0.0,2,9000,0,0,0,0,0,0

APPTR,V36LA,36L,CUU
IF,CUU,28.716383,-105.958733, ,0.0,0.0,2,9000,0,0,0,0,1,0
FC,CUU,28.716383,-105.958733,0,CUU,0.0,0.0,187.0,7.0,2,7500,0,0,0,0,0,1
CF,FF347,28.599853,-105.947181,1,CUU,167.0,7.0,347.0,1.0,2,7500,0,0,0,0,0,0

FINAL,V36LA,36L,D,2
IF,FF347,28.599853,-105.947181,CUU,167.0,7.0,2,7500,0,0,0,0,2,0
CF,CUU,28.716383,-105.958733,0,CUU,0.0,0.0,347.0,7.0,1,5880,0,0,0,0,3,0
FC,CUU,28.716383,-105.958733,0,CUU,0.0,0.0,358.0,7.0,0,0,0,0,0,0,0,1
DF,CUU,28.716383,-105.958733,2, ,0.0,0.0,2,9000,0,0,0,0,0,0

APPTR,V36RA,36R,CUU
IF,CUU,28.716383,-105.958733, ,0.0,0.0,2,9000,0,0,0,0,1,0
FC,CUU,28.716383,-105.958733,0,CUU,0.0,0.0,187.0,7.0,2,7500,0,0,0,0,0,1
CF,FF347,28.599853,-105.947181,1,CUU,167.0,7.0,347.0,1.0,2,7500,0,0,0,0,0,0

FINAL,V36RA,36R,D,2
IF,FF347,28.599853,-105.947181,CUU,167.0,7.0,2,7500,0,0,0,0,2,0
CF,CUU,28.716383,-105.958733,0,CUU,0.0,0.0,347.0,7.0,1,5880,0,0,0,0,3,0
FC,CUU,28.716383,-105.958733,0,CUU,0.0,0.0,358.0,7.0,0,0,0,0,0,0,0,1
DF,CUU,28.716383,-105.958733,2, ,0.0,0.0,2,9000,0,0,0,0,0,0

