SID,ALUX1A,14,5
CF,NL800,27.398944,-99.542194,0,NLD,148.7,2.7,146.0,3.0,2,1400,0,1,200,0,0,1
TF,NL801,27.326306,-99.687917,0, ,0.0,0.0,0.0,0.0,3,6000,0,1,200,0,0,0
TF,NL807,27.440889,-99.803139,0, ,0.0,0.0,0.0,0.0,2,8000,0,0,0,0,0,0
TF,GAGLO,27.622222,-99.986111,0, ,0.0,0.0,0.0,0.0,0,0,0,0,0,0,0,0
TF,ALUXO,27.806111,-100.410556,0, ,0.0,0.0,0.0,0.0,2,16000,0,0,0,0,0,0

SID,ALUX1B,32,5
CF,NL901,27.531556,-99.625056,0,NLD,324.7,6.4,326.0,6.0,2,2500,0,0,0,0,0,1
DF,NL913,27.748472,-100.276306,0, ,0.0,0.0,2,11000,0,0,0,0,0,0
TF,ALUXO,27.806111,-100.410556,0, ,0.0,0.0,0.0,0.0,0,0,0,0,0,0,0,0

SID,DUVKA3,14,2
CA,0,146.0,2,890,0,0,0,0,0,0
FD,NLD,27.439389,-99.564583,0,NLD,0.0,10.0,179.0,10.0,0,0,0,0,0,0,0,0
CF,D167O,27.191433,-99.523106,0,NLD,166.5,15.0,143.0,5.8,0,0,0,0,0,0,0,0
TF,DUVKA,27.026111,-99.495556,0, ,0.0,0.0,0.0,0.0,0,0,0,0,0,0,0,0

SID,GAGLO2,32,2
CA,0,326.0,2,890,0,0,0,0,0,0
FD,NLD,27.439389,-99.564583,0,NLD,0.0,7.0,324.0,7.0,0,0,0,0,0,0,0,0
CI,0, ,0.0,324.0,0,0,0,0,0,0,0,0
AF,D291J,27.512622,-99.733022,1,NLD,291.0,10.0,324.0,0,0,0,0,0,0,0,0
TF,GAGLO,27.622222,-99.986111,0, ,0.0,0.0,0.0,0.0,0,0,0,0,0,0,0,0

SID,LIPT2A,14,2
CA,0,146.0,2,890,0,0,0,0,0,0
FD,NLD,27.439389,-99.564583,0,NLD,0.0,7.0,179.0,7.0,0,0,0,0,0,0,0,0
CI,0, ,0.0,179.0,0,0,0,0,0,0,0,0
AF,D232J,27.348775,-99.721925,2,NLD,232.2,10.0,179.0,0,0,0,0,0,0,0,0
TF,LIPTU,27.212500,-99.957500,0, ,0.0,0.0,0.0,0.0,0,0,0,0,0,0,0,0

SID,LIPT2B,32,2
CA,0,326.0,2,890,0,0,0,0,0,0
FD,NLD,27.439389,-99.564583,0,NLD,0.0,7.0,324.0,7.0,0,0,0,0,0,0,0,0
CI,0, ,0.0,324.0,0,0,0,0,0,0,0,0
AF,D232J,27.348775,-99.721925,1,NLD,232.2,10.0,324.0,0,0,0,0,0,0,0,0
TF,LIPTU,27.212500,-99.957500,0, ,0.0,0.0,0.0,0.0,0,0,0,0,0,0,0,0

SID,NLD2B,32,2
CA,0,326.0,2,890,0,0,0,0,0,0
FD,NLD,27.439389,-99.564583,0,NLD,0.0,7.0,324.0,7.0,0,0,0,0,0,0,0,0
DF,NLD,27.439389,-99.564583,1, ,0.0,0.0,2,2000,0,0,0,0,0,0

SID,NLD3A,14,2
CA,0,146.0,2,890,0,0,0,0,0,0
FD,NLD,27.439389,-99.564583,0,NLD,0.0,7.0,179.0,7.0,0,0,0,0,0,0,0,0
DF,NLD,27.439389,-99.564583,2, ,0.0,0.0,2,2000,0,0,0,0,0,0

SID,NOTA2B,32,2
CA,0,326.0,2,890,0,0,0,0,0,0
FD,NLD,27.439389,-99.564583,0,NLD,0.0,7.0,324.0,7.0,0,0,0,0,0,0,0,0
CI,0, ,0.0,324.0,0,0,0,0,0,0,0,0
AF,D250J,27.394908,-99.745117,1,NLD,249.6,10.0,324.0,0,0,0,0,0,0,0,0
TF,NOTAK,27.327500,-100.016667,0, ,0.0,0.0,0.0,0.0,0,0,0,0,0,0,0,0

SID,NOTA3A,14,2
CA,0,146.0,2,890,0,0,0,0,0,0
FD,NLD,27.439389,-99.564583,0,NLD,0.0,7.0,179.0,7.0,0,0,0,0,0,0,0,0
CI,0, ,0.0,179.0,0,0,0,0,0,0,0,0
AF,D250J,27.394908,-99.745117,2,NLD,249.6,10.0,179.0,0,0,0,0,0,0,0,0
TF,NOTAK,27.327500,-100.016667,0, ,0.0,0.0,0.0,0.0,0,0,0,0,0,0,0,0

SID,ONKA2B,32,2
CA,0,326.0,2,890,0,0,0,0,0,0
FD,NLD,27.439389,-99.564583,0,NLD,0.0,7.0,324.0,7.0,0,0,0,0,0,0,0,0
CI,0, ,0.0,324.0,0,0,0,0,0,0,0,0
AF,D208J,27.299622,-99.667242,1,NLD,208.3,10.0,324.0,0,0,0,0,0,0,0,0
TF,ONKAL,27.089722,-99.820833,0, ,0.0,0.0,0.0,0.0,0,0,0,0,0,0,0,0

SID,ONKA3A,14,2
CA,0,146.0,2,890,0,0,0,0,0,0
FD,NLD,27.439389,-99.564583,0,NLD,0.0,7.0,179.0,7.0,0,0,0,0,0,0,0,0
CI,0, ,0.0,179.0,0,0,0,0,0,0,0,0
AF,D208J,27.299622,-99.667242,2,NLD,208.3,10.0,179.0,0,0,0,0,0,0,0,0
TF,ONKAL,27.089722,-99.820833,0, ,0.0,0.0,0.0,0.0,0,0,0,0,0,0,0,0

SID,RUDM1A,14,5
CF,NL800,27.398944,-99.542194,0,NLD,148.7,2.7,146.0,3.0,2,1400,0,1,200,0,0,1
TF,NL801,27.326306,-99.687917,0, ,0.0,0.0,0.0,0.0,3,6000,0,1,200,0,0,0
TF,NL910,26.964583,-99.900556,0, ,0.0,0.0,0.0,0.0,2,14000,0,0,0,0,0,0
TF,NL911,26.758083,-99.854417,0, ,0.0,0.0,0.0,0.0,2,18000,0,0,0,0,0,0
TF,RUDMA,26.635083,-99.827028,0, ,0.0,0.0,0.0,0.0,0,0,0,0,0,0,0,0

SID,RUDM1B,32,5
CF,NL901,27.531556,-99.625056,0,NLD,324.7,6.4,326.0,6.0,2,2500,0,0,0,0,0,1
DF,NL902,27.350417,-99.715750,1, ,0.0,0.0,2,8000,0,0,0,0,0,0
TF,NL903,27.183694,-99.729306,0, ,0.0,0.0,0.0,0.0,2,12000,0,0,0,0,0,0
TF,NL910,26.964583,-99.900556,0, ,0.0,0.0,0.0,0.0,2,18000,0,0,0,0,0,0
TF,RUDMA,26.635083,-99.827028,0, ,0.0,0.0,0.0,0.0,0,0,0,0,0,0,0,0

SID,SASE1A,14,5
CF,NL800,27.398944,-99.542194,0,NLD,148.7,2.7,146.0,3.0,2,1400,0,1,200,0,0,1
TF,NL801,27.326306,-99.687917,0, ,0.0,0.0,0.0,0.0,3,6000,0,1,200,0,0,0
TF,NL910,26.964583,-99.900556,0, ,0.0,0.0,0.0,0.0,2,14000,0,0,0,0,0,0
TF,SASES,26.737944,-100.076778,0, ,0.0,0.0,0.0,0.0,2,18000,0,0,0,0,0,0

SID,SASE1B,32,5
CF,NL901,27.531556,-99.625056,0,NLD,324.7,6.4,326.0,6.0,2,2500,0,0,0,0,0,1
DF,NL902,27.350417,-99.715750,1, ,0.0,0.0,2,8000,0,0,0,0,0,0
TF,NL903,27.183694,-99.729306,0, ,0.0,0.0,0.0,0.0,2,12000,0,0,0,0,0,0
TF,NL910,26.964583,-99.900556,0, ,0.0,0.0,0.0,0.0,2,18000,0,0,0,0,0,0
TF,SASES,26.737944,-100.076778,0, ,0.0,0.0,0.0,0.0,0,0,0,0,0,0,0,0

SID,XOVES3,14,2
CA,0,146.0,2,890,0,0,0,0,0,0
FD,NLD,27.439389,-99.564583,0,NLD,0.0,10.0,179.0,10.0,0,0,0,0,0,0,0,0
CF,D191O,27.198781,-99.643442,0,NLD,191.3,15.0,212.0,5.6,0,0,0,0,0,0,0,0
TF,XOVES,27.038333,-99.695833,0, ,0.0,0.0,0.0,0.0,0,0,0,0,0,0,0,0

STAR,EMPI1A,14,5
IF,EMPIX,27.018750,-100.290444, ,0.0,0.0,2,17000,0,0,0,0,0,0
TF,NL605,27.468139,-99.903528,0, ,0.0,0.0,0.0,0.0,2,7000,0,0,0,0,0,0
TF,IRDAN,27.541694,-99.738778,0, ,0.0,0.0,0.0,0.0,2,4000,0,1,220,0,0,0

STAR,EMPI1B,32,5
IF,EMPIX,27.018750,-100.290444, ,0.0,0.0,2,16000,0,0,0,0,0,0
TF,MEKSA,27.301500,-99.813361,0, ,0.0,0.0,0.0,0.0,1,6000,0,0,0,0,0,0
TF,ITREB,27.299222,-99.626278,0, ,0.0,0.0,0.0,0.0,2,4400,0,1,220,0,0,0

STAR,ILIG1A,14,5
IF,ILIGO,26.601667,-99.585000, ,0.0,0.0,2,18000,0,0,0,0,0,0
TF,NL603,27.022389,-99.535139,0, ,0.0,0.0,0.0,0.0,2,15000,0,0,0,0,0,0
TF,NL602,27.206889,-99.575889,0, ,0.0,0.0,0.0,0.0,2,11000,0,0,0,0,0,0
TF,NL601,27.321639,-99.601306,0, ,0.0,0.0,0.0,0.0,2,9000,0,0,0,0,0,0
TF,NL600,27.414083,-99.658972,0, ,0.0,0.0,0.0,0.0,2,7000,0,0,0,0,0,0
TF,IRDAN,27.541694,-99.738778,0, ,0.0,0.0,0.0,0.0,2,4000,0,1,220,0,0,0

STAR,ILIG1B,32,5
IF,ILIGO,26.601667,-99.585000, ,0.0,0.0,2,16000,0,0,0,0,0,0
TF,NL603,27.022389,-99.535139,0, ,0.0,0.0,0.0,0.0,2,8000,0,0,0,0,0,0
TF,VINBO,27.214417,-99.534167,0, ,0.0,0.0,0.0,0.0,2,4400,0,1,220,0,0,0

STAR,MATU1A,14,5
IF,MATUR,26.610639,-99.426889, ,0.0,0.0,2,18000,0,0,0,0,0,0
TF,NL603,27.022389,-99.535139,0, ,0.0,0.0,0.0,0.0,2,15000,0,0,0,0,0,0
TF,NL602,27.206889,-99.575889,0, ,0.0,0.0,0.0,0.0,2,11000,0,0,0,0,0,0
TF,NL601,27.321639,-99.601306,0, ,0.0,0.0,0.0,0.0,2,9000,0,0,0,0,0,0
TF,NL600,27.414083,-99.658972,0, ,0.0,0.0,0.0,0.0,2,7000,0,0,0,0,0,0
TF,IRDAN,27.541694,-99.738778,0, ,0.0,0.0,0.0,0.0,2,4000,0,1,220,0,0,0

STAR,MATU1B,32,5
IF,MATUR,26.610639,-99.426889, ,0.0,0.0,2,16000,0,0,0,0,0,0
TF,NL603,27.022389,-99.535139,0, ,0.0,0.0,0.0,0.0,2,8000,0,0,0,0,0,0
TF,VINBO,27.214417,-99.534167,0, ,0.0,0.0,0.0,0.0,2,4400,0,1,220,0,0,0

STAR,RUDM1C,14,5
IF,RUDMA,26.635083,-99.827028, ,0.0,0.0,2,17000,0,0,0,0,0,0
TF,NL603,27.022389,-99.535139,0, ,0.0,0.0,0.0,0.0,2,15000,0,0,0,0,0,0
TF,NL602,27.206889,-99.575889,0, ,0.0,0.0,0.0,0.0,2,11000,0,0,0,0,0,0
TF,NL601,27.321639,-99.601306,0, ,0.0,0.0,0.0,0.0,2,9000,0,0,0,0,0,0
TF,NL600,27.414083,-99.658972,0, ,0.0,0.0,0.0,0.0,2,7000,0,0,0,0,0,0
TF,IRDAN,27.541694,-99.738778,0, ,0.0,0.0,0.0,0.0,2,4000,0,1,220,0,0,0

STAR,RUDM1D,32,5
IF,RUDMA,26.635083,-99.827028, ,0.0,0.0,2,17000,0,0,0,0,0,0
TF,NL603,27.022389,-99.535139,0, ,0.0,0.0,0.0,0.0,2,8000,0,0,0,0,0,0
TF,VINBO,27.214417,-99.534167,0, ,0.0,0.0,0.0,0.0,2,4400,0,1,220,0,0,0

STAR,USBA1A,14,5
IF,USBAR,27.249861,-100.325528, ,0.0,0.0,2,16000,0,0,0,0,0,0
TF,NL605,27.468139,-99.903528,0, ,0.0,0.0,0.0,0.0,2,7000,0,0,0,0,0,0
TF,IRDAN,27.541694,-99.738778,0, ,0.0,0.0,0.0,0.0,2,4000,0,1,220,0,0,0

STAR,USBA1B,32,5
IF,USBAR,27.249861,-100.325528, ,0.0,0.0,2,15000,0,0,0,0,0,0
TF,NL710,27.275861,-100.069917,0, ,0.0,0.0,0.0,0.0,2,10000,0,0,0,0,0,0
TF,MEKSA,27.301500,-99.813361,0, ,0.0,0.0,0.0,0.0,1,6000,0,0,0,0,0,0
TF,ITREB,27.299222,-99.626278,0, ,0.0,0.0,0.0,0.0,2,4400,0,1,220,0,0,0

APPTR,D14-Y,14,GAGLO
IF,GAGLO,27.622222,-99.986111, ,0.0,0.0,2,9000,0,0,0,0,0,0
TF,D291L,27.527244,-99.766736,0, ,0.0,0.0,0.0,0.0,2,4000,0,0,0,0,1,0
CI,0, ,0.0,111.0,0,0,0,0,0,0,0,0
AF,D312J,27.561561,-99.692478,2,NLD,312.0,10.0,291.0,2,3000,0,0,0,0,0,1
CF,CF14,27.553975,-99.641844,0,NLD,324.0,8.0,144.0,2.0,2,2600,0,0,0,0,0,0

APPTR,D14-Y,14,NOTAK
IF,NOTAK,27.327500,-100.016667, ,0.0,0.0,2,9000,0,0,0,0,0,0
TF,D250L,27.385986,-99.781206,0, ,0.0,0.0,0.0,0.0,2,4000,0,0,0,0,1,0
CI,0, ,0.0,70.0,0,0,0,0,0,0,0,0
AF,D291J,27.512622,-99.733022,2,NLD,291.0,10.0,250.0,2,4000,0,0,0,0,0,0
AF,D312J,27.561561,-99.692478,2,NLD,312.0,10.0,291.0,2,3000,0,0,0,0,0,1
CF,CF14,27.553975,-99.641844,0,NLD,324.0,8.0,144.0,2.0,2,2600,0,0,0,0,0,0

APPTR,D14-Y,14,ONKAL
IF,ONKAL,27.089722,-99.820833, ,0.0,0.0,2,13000,0,0,0,0,0,0
TF,D208L,27.271661,-99.687744,0, ,0.0,0.0,0.0,0.0,2,4000,0,0,0,0,1,0
CI,0, ,0.0,28.0,0,0,0,0,0,0,0,0
AF,D291J,27.512622,-99.733022,2,NLD,291.0,10.0,208.0,2,4000,0,0,0,0,0,0
AF,D312J,27.561561,-99.692478,2,NLD,312.0,10.0,291.0,2,3000,0,0,0,0,0,1
CF,CF14,27.553975,-99.641844,0,NLD,324.0,8.0,144.0,2.0,2,2600,0,0,0,0,0,0

FINAL,D14-Y,14,D,3
IF,CF14,27.553975,-99.641844,NLD,324.0,8.0,2,2600,0,0,0,0,0,0
CF,FF14,27.511008,-99.612853,0,NLD,324.0,5.0,144.0,3.0,2,1800,0,0,0,0,2,0
CF,RW14,27.451167,-99.574861,0,NLD,317.1,0.9,144.0,4.1,1,532,0,0,0,0,3,0
CF,NLD,27.439389,-99.564583,0,NLD,0.0,0.0,144.0,0.9,0,0,0,0,0,0,0,1
FD,NLD,27.439389,-99.564583,0,NLD,0.0,7.0,179.0,7.0,0,0,0,0,0,0,0,0
DF,NLD,27.439389,-99.564583,2, ,0.0,0.0,2,3000,0,0,0,0,0,0

APPTR,D14-Z,14,NLD
IF,NLD,27.439389,-99.564583, ,0.0,0.0,2,3000,0,0,0,0,1,0
FD,NLD,27.439389,-99.564583,0,NLD,0.0,8.0,345.0,8.0,2,2600,0,0,0,0,0,0
CF,CF14,27.553975,-99.641844,1,NLD,324.0,8.0,144.0,1.0,2,2600,0,0,0,0,0,0

FINAL,D14-Z,14,D,3
IF,CF14,27.553975,-99.641844,NLD,324.0,8.0,2,2600,0,0,0,0,0,0
CF,FF14,27.511008,-99.612853,0,NLD,324.0,5.0,144.0,3.0,2,1800,0,0,0,0,2,0
CF,RW14,27.451167,-99.574861,0,NLD,317.1,0.9,144.0,4.1,1,532,0,0,0,0,3,0
CF,NLD,27.439389,-99.564583,0,NLD,0.0,0.0,144.0,0.9,0,0,0,0,0,0,0,1
FD,NLD,27.439389,-99.564583,0,NLD,0.0,7.0,179.0,7.0,0,0,0,0,0,0,0,0
DF,NLD,27.439389,-99.564583,2, ,0.0,0.0,2,3000,0,0,0,0,0,0

APPTR,D32-X,32,NLD
IF,NLD,27.439389,-99.564583, ,0.0,0.0,2,3000,0,0,0,0,1,0
FD,NLD,27.439389,-99.564583,0,NLD,0.0,8.0,209.0,8.0,2,2200,0,0,0,0,0,0
CF,CD32,27.309103,-99.598253,1,NLD,188.0,8.0,8.0,1.0,2,2200,0,0,0,0,0,0

FINAL,D32-X,32,D,3
IF,CD32,27.309103,-99.598253,NLD,188.0,8.0,2,2200,0,0,0,0,0,0
CF,FD32,27.357961,-99.585636,0,NLD,188.0,5.0,8.0,3.0,2,1500,0,0,0,0,2,0
CF,RW32,27.435450,-99.564983,0,NLD,180.2,0.2,8.0,4.8,1,526,0,0,0,0,3,0
CF,NLD,27.439389,-99.564583,0,NLD,0.0,0.0,8.0,0.2,0,0,0,0,0,0,0,1
FD,NLD,27.439389,-99.564583,0,NLD,0.0,7.0,324.0,7.0,0,0,0,0,0,0,0,0
DF,NLD,27.439389,-99.564583,2, ,0.0,0.0,2,3000,0,0,0,0,0,0

APPTR,D32-Y,32,ILIGO
IF,ILIGO,26.601667,-99.585000, ,0.0,0.0,0,0,0,0,0,0,0,0
TF,D176Y,27.021642,-99.574869,0, ,0.0,0.0,0.0,0.0,2,9000,0,0,0,0,0,0
TF,D176O,27.188742,-99.570764,0, ,0.0,0.0,0.0,0.0,2,4000,0,0,0,0,1,0
TF,D149J,27.289142,-99.482575,0, ,0.0,0.0,0.0,0.0,2,2600,0,0,0,0,1,0
CF,CF32,27.319197,-99.498958,0,NLD,149.0,8.0,329.0,2.0,2,2200,0,0,0,0,0,0

APPTR,D32-Y,32,NOTAK
IF,NOTAK,27.327500,-100.016667, ,0.0,0.0,2,9000,0,0,0,0,0,0
TF,D250L,27.385986,-99.781206,0, ,0.0,0.0,0.0,0.0,2,4000,0,0,0,0,1,0
CI,0, ,0.0,70.0,0,0,0,0,0,0,0,0
AF,D208J,27.299622,-99.667242,1,NLD,208.3,10.0,250.0,2,4000,0,0,0,0,0,0
AF,D161J,27.277208,-99.519331,1,NLD,161.0,10.0,208.0,2,2600,0,0,0,0,0,1
CF,CF32,27.319197,-99.498958,0,NLD,149.0,8.0,329.0,2.0,2,2200,0,0,0,0,0,0

APPTR,D32-Y,32,ONKAL
IF,ONKAL,27.089722,-99.820833, ,0.0,0.0,2,13000,0,0,0,0,0,0
TF,D208L,27.271661,-99.687744,0, ,0.0,0.0,0.0,0.0,2,4000,0,0,0,0,1,0
CI,0, ,0.0,28.0,0,0,0,0,0,0,0,0
AF,D161J,27.277208,-99.519331,1,NLD,161.0,10.0,208.0,2,2600,0,0,0,0,0,1
CF,CF32,27.319197,-99.498958,0,NLD,149.0,8.0,329.0,2.0,2,2200,0,0,0,0,0,0

FINAL,D32-Y,32,D,3
IF,CF32,27.319197,-99.498958,NLD,149.0,8.0,2,2200,0,0,0,0,0,0
CF,FF32,27.364272,-99.523550,0,NLD,149.0,5.0,329.0,3.0,2,1500,0,0,0,0,2,0
CF,RW32,27.435450,-99.564983,0,NLD,180.2,0.2,329.0,4.8,1,526,0,0,0,0,3,0
CF,NLD,27.439389,-99.564583,0,NLD,0.0,0.0,329.0,0.2,0,0,0,0,0,0,0,1
FD,NLD,27.439389,-99.564583,0,NLD,0.0,7.0,324.0,7.0,0,0,0,0,0,0,0,0
DF,NLD,27.439389,-99.564583,2, ,0.0,0.0,2,3000,0,0,0,0,0,0

APPTR,D32-Z,32,NLD
IF,NLD,27.439389,-99.564583, ,0.0,0.0,2,3000,0,0,0,0,1,0
FD,NLD,27.439389,-99.564583,0,NLD,0.0,8.0,170.0,8.0,2,2200,0,0,0,0,0,0
CF,CF32,27.319197,-99.498958,1,NLD,149.0,8.0,329.0,1.0,2,2200,0,0,0,0,0,0

FINAL,D32-Z,32,D,3
IF,CF32,27.319197,-99.498958,NLD,149.0,8.0,2,2200,0,0,0,0,0,0
CF,FF32,27.364272,-99.523550,0,NLD,149.0,5.0,329.0,3.0,2,1500,0,0,0,0,2,0
CF,RW32,27.435450,-99.564983,0,NLD,180.2,0.2,329.0,4.8,1,526,0,0,0,0,3,0
CF,NLD,27.439389,-99.564583,0,NLD,0.0,0.0,329.0,0.2,0,0,0,0,0,0,0,1
FD,NLD,27.439389,-99.564583,0,NLD,0.0,7.0,324.0,7.0,0,0,0,0,0,0,0,0
DF,NLD,27.439389,-99.564583,2, ,0.0,0.0,2,3000,0,0,0,0,0,0

APPTR,I14-X,14,IRDAN
IF,IRDAN,27.541694,-99.738778, ,0.0,0.0,2,4000,0,1,220,0,1,0
TF,NL401,27.582389,-99.656889,0,INLD,0.0,0.0,0.0,0.0,2,2800,0,0,0,0,1,0

FINAL,I14-X,14,I,3
IF,NL401,27.582389,-99.656889,INLD,325.9,10.2,2,2800,0,0,0,0,0,0
CF,NL400,27.509417,-99.611194,0,INLD,325.9,5.2,146.0,5.0,1,1800,0,1,200,0,2,0
CF,RW14,27.451167,-99.574861,0,INLD,325.7,1.2,146.0,4.0,1,532,0,0,0,0,3,0
CF,NL800,27.398944,-99.542194,0,NLD,148.7,2.7,146.0,3.6,0,0,0,1,200,0,0,0
TF,NL403,27.346000,-99.648444,0, ,0.0,0.0,0.0,0.0,0,0,0,1,200,0,0,0
TF,NL404,27.454944,-99.750583,0, ,0.0,0.0,0.0,0.0,0,0,0,0,0,0,0,0
TF,IRDAN,27.541694,-99.738778,0, ,0.0,0.0,0.0,0.0,2,4000,0,0,0,0,0,1
HM,IRDAN,27.541694,-99.738778,1, ,0.0,0.0,56.0,04.3,2,4000,0,0,0,0,0,0,0

APPTR,I14-Y,14,GAGLO
IF,GAGLO,27.622222,-99.986111, ,0.0,0.0,2,9000,0,0,0,0,0,0
TF,D291L,27.527244,-99.766736,0, ,0.0,0.0,0.0,0.0,2,4000,0,0,0,0,1,0
CI,0, ,0.0,111.0,0,0,0,0,0,0,0,0
AF,D312J,27.561561,-99.692478,2,NLD,312.0,10.0,291.0,2,3000,0,0,0,0,0,1
CF,D324H,27.553975,-99.641844,0,NLD,324.0,8.0,144.0,2.0,2,2600,0,0,0,0,0,0
CF,CI14,27.538456,-99.629814,0,INLD,325.7,7.2,146.0,1.1,2,1800,0,0,0,0,0,0

APPTR,I14-Y,14,NOTAK
IF,NOTAK,27.327500,-100.016667, ,0.0,0.0,2,9000,0,0,0,0,0,0
TF,D250L,27.385986,-99.781206,0, ,0.0,0.0,0.0,0.0,2,4000,0,0,0,0,1,0
CI,0, ,0.0,70.0,0,0,0,0,0,0,0,0
AF,D291J,27.512622,-99.733022,2,NLD,291.0,10.0,250.0,2,4000,0,0,0,0,0,0
AF,D312J,27.561561,-99.692478,2,NLD,312.0,10.0,291.0,2,3000,0,0,0,0,0,1
CF,D324H,27.553975,-99.641844,0,NLD,324.0,8.0,144.0,2.0,2,2600,0,0,0,0,0,0
CF,CI14,27.538456,-99.629814,0,INLD,325.7,7.2,146.0,1.1,2,1800,0,0,0,0,0,0

APPTR,I14-Y,14,ONKAL
IF,ONKAL,27.089722,-99.820833, ,0.0,0.0,2,13000,0,0,0,0,0,0
TF,D208L,27.271661,-99.687744,0, ,0.0,0.0,0.0,0.0,2,4000,0,0,0,0,1,0
CI,0, ,0.0,28.0,0,0,0,0,0,0,0,0
AF,D291J,27.512622,-99.733022,2,NLD,291.0,10.0,208.0,2,4000,0,0,0,0,0,0
AF,D312J,27.561561,-99.692478,2,NLD,312.0,10.0,291.0,2,3000,0,0,0,0,0,1
CF,D324H,27.553975,-99.641844,0,NLD,324.0,8.0,144.0,2.0,2,2600,0,0,0,0,0,0
CF,CI14,27.538456,-99.629814,0,INLD,325.7,7.2,146.0,1.1,2,1800,0,0,0,0,0,0

FINAL,I14-Y,14,I,3
IF,CI14,27.538456,-99.629814,INLD,325.7,7.2,2,1800,0,0,0,0,0,0
CF,FI14,27.509311,-99.611456,0,INLD,325.7,5.2,146.0,2.0,1,1800,0,0,0,0,2,0
CF,RW14,27.451167,-99.574861,0,INLD,325.7,1.2,146.0,4.0,1,532,0,0,0,0,3,0
CF,NLD,27.439389,-99.564583,0,NLD,0.0,0.0,146.0,0.9,0,0,0,0,0,0,0,1
FD,NLD,27.439389,-99.564583,0,NLD,0.0,7.0,179.0,7.0,0,0,0,0,0,0,0,0
DF,NLD,27.439389,-99.564583,2, ,0.0,0.0,2,3000,0,0,0,0,0,0

APPTR,I14-Z,14,NLD
IF,NLD,27.439389,-99.564583, ,0.0,0.0,2,3000,0,0,0,0,1,0
FD,NLD,27.439389,-99.564583,0,NLD,0.0,8.0,345.0,8.0,2,2600,0,0,0,0,0,0
CF,D324H,27.553975,-99.641844,1,NLD,324.0,8.0,144.0,1.0,2,2600,0,0,0,0,0,0
CF,CI14,27.538456,-99.629814,0,INLD,325.7,7.2,146.0,1.1,2,1800,0,0,0,0,0,0

FINAL,I14-Z,14,I,3
IF,CI14,27.538456,-99.629814,INLD,325.7,7.2,2,1800,0,0,0,0,0,0
CF,FI14,27.509311,-99.611456,0,INLD,325.7,5.2,146.0,2.0,1,1800,0,0,0,0,2,0
CF,RW14,27.451167,-99.574861,0,INLD,325.7,1.2,146.0,4.0,1,532,0,0,0,0,3,0
CF,NLD,27.439389,-99.564583,0,NLD,0.0,0.0,146.0,0.9,0,0,0,0,0,0,0,1
FD,NLD,27.439389,-99.564583,0,NLD,0.0,7.0,179.0,7.0,0,0,0,0,0,0,0,0
DF,NLD,27.439389,-99.564583,2, ,0.0,0.0,2,3000,0,0,0,0,0,0

APPTR,R14,14,IRDAN
IF,IRDAN,27.541694,-99.738778, ,0.0,0.0,2,4000,0,1,220,0,1,0
TF,NL401,27.582389,-99.656889,0, ,0.0,0.0,0.0,0.0,2,2800,0,0,0,0,1,0

FINAL,R14,14,R,3
IF,NL401,27.582389,-99.656889, ,0.0,0.0,2,2800,0,0,0,0,0,0
TF,NL400,27.509417,-99.611194,0, ,0.0,0.0,146.0,5.0,2,1800,0,1,200,0,2,0
TF,RW14,27.451167,-99.574861,0, ,0.0,0.0,146.0,4.0,1,532,0,1,200,0,3,1
CF,NL800,27.398944,-99.542194,0,NLD,148.7,2.7,146.0,3.6,0,0,0,1,200,0,0,0
TF,NL403,27.346000,-99.648444,0, ,0.0,0.0,0.0,0.0,0,0,0,1,200,0,0,0
TF,NL404,27.454944,-99.750583,0, ,0.0,0.0,0.0,0.0,0,0,0,0,0,0,0,0
TF,IRDAN,27.541694,-99.738778,0, ,0.0,0.0,0.0,0.0,2,4000,0,0,0,0,0,1
HM,IRDAN,27.541694,-99.738778,1, ,0.0,0.0,56.0,04.3,2,4000,0,0,0,0,0,0,0

APPTR,R32,32,ITREB
IF,ITREB,27.299222,-99.626278, ,0.0,0.0,2,4400,0,1,220,0,1,0
TF,NL501,27.297972,-99.532750,0, ,0.0,0.0,0.0,0.0,2,2700,0,0,0,0,1,0

APPTR,R32,32,VINBO
IF,VINBO,27.214417,-99.534167, ,0.0,0.0,2,4400,0,1,220,0,1,0
TF,NL501,27.297972,-99.532750,0, ,0.0,0.0,0.0,0.0,2,2700,0,0,0,0,1,0

FINAL,R32,32,R,3
IF,NL501,27.297972,-99.532750, ,0.0,0.0,2,2700,0,0,0,0,0,0
TF,NL500,27.381528,-99.531333,0, ,0.0,0.0,356.0,5.0,2,1700,0,1,200,0,2,0
TF,RW32,27.435450,-99.564983,0, ,0.0,0.0,326.0,3.7,1,526,0,1,200,0,3,1
CF,NL901,27.531556,-99.625056,0,NLD,324.7,6.4,326.0,6.6,0,0,0,1,200,0,0,1
DF,MEKSA,27.301500,-99.813361,1, ,0.0,0.0,2,6000,0,0,0,0,0,1
HM,MEKSA,27.301500,-99.813361,1, ,0.0,0.0,79.0,04.3,2,6000,0,0,0,0,0,0,0

APPTR,S14-X,14,NLD
IF,NLD,27.439389,-99.564583, ,0.0,0.0,2,3000,0,0,0,0,0,0
PI,NLD,27.439389,-99.564583,2,NLD,279.0,10.0,324,5.0,2,2000,0,0,0,0,0,0
CF,FS14,27.518103,-99.617639,0,NLD,324.0,5.5,144.0,4.5,2,2000,0,0,0,0,0,0

FINAL,S14-X,14,D,2
IF,FS14,27.518103,-99.617639,NLD,324.0,5.5,2,2000,0,0,0,0,2,0
CF,RW14,27.451167,-99.574861,0,NLD,317.1,0.9,144.0,4.6,1,532,0,0,0,0,3,0
CF,NLD,27.439389,-99.564583,0,NLD,0.0,0.0,144.0,0.9,0,0,0,0,0,0,0,1
FC,NLD,27.439389,-99.564583,0,NLD,0.0,0.0,179.0,7.0,0,0,0,0,0,0,0,1
DF,NLD,27.439389,-99.564583,2, ,0.0,0.0,2,3000,0,0,0,0,0,0

APPTR,S32-V,32,NLD
IF,NLD,27.439389,-99.564583, ,0.0,0.0,2,3000,0,0,0,0,0,0
PI,NLD,27.439389,-99.564583,1,NLD,233.0,10.0,188,5.0,2,2000,0,0,0,0,0,0
CF,FS32V,27.360189,-99.585061,0,NLD,188.0,4.9,8.0,5.1,2,2000,0,0,0,0,0,0

FINAL,S32-V,32,D,2
IF,FS32V,27.360189,-99.585061,NLD,188.0,4.9,2,2000,0,0,0,0,2,0
CF,RW32,27.435450,-99.564983,0,NLD,180.2,0.2,8.0,4.6,1,526,0,0,0,0,3,0
CF,NLD,27.439389,-99.564583,0,NLD,0.0,0.0,8.0,0.2,0,0,0,0,0,0,0,1
FC,NLD,27.439389,-99.564583,0,NLD,0.0,0.0,324.0,7.0,0,0,0,0,0,0,0,1
DF,NLD,27.439389,-99.564583,2, ,0.0,0.0,2,3000,0,0,0,0,0,0

APPTR,S32-W,32,NLD
IF,NLD,27.439389,-99.564583, ,0.0,0.0,2,3000,0,0,0,0,0,0
PI,NLD,27.439389,-99.564583,1,NLD,194.0,10.0,149,5.0,2,2000,0,0,0,0,0,0
CF,FS32W,27.366831,-99.524947,0,NLD,149.0,4.8,329.0,5.2,2,2000,0,0,0,0,0,0

FINAL,S32-W,32,D,2
IF,FS32W,27.366831,-99.524947,NLD,149.0,4.8,2,2000,0,0,0,0,2,0
CF,RW32,27.435450,-99.564983,0,NLD,180.2,0.2,329.0,4.6,1,526,0,0,0,0,3,0
CF,NLD,27.439389,-99.564583,0,NLD,0.0,0.0,329.0,0.2,0,0,0,0,0,0,0,1
FC,NLD,27.439389,-99.564583,0,NLD,0.0,0.0,324.0,7.0,0,0,0,0,0,0,0,1
DF,NLD,27.439389,-99.564583,2, ,0.0,0.0,2,3000,0,0,0,0,0,0

