SID,ALITA3,35,2
CA,0,354.0,2,7770,0,0,0,0,0,0
CF,ALITA,19.493611,-98.390000,0,PBC,352.8,19.9,352.0,20.0,0,0,0,0,0,0,0,0
TF,VOLOM,19.637222,-98.398611,0, ,0.0,0.0,0.0,0.0,0,0,0,0,0,0,0,0

SID,ALMET2,35,2
CA,0,354.0,2,7770,0,0,0,0,0,0
FD,PBC,19.160919,-98.370175,0,PBC,0.0,7.0,352.0,7.0,0,0,0,0,0,0,0,0
CI,0, ,0.0,352.0,0,0,0,0,0,0,0,0
AF,D051J,19.254633,-98.224281,2,PBC,51.9,10.0,352.0,0,0,0,0,0,0,0,0
CF,ALMET,19.511389,-97.822778,0,PBC,51.9,37.5,51.0,27.0,0,0,0,0,0,0,0,0

SID,ILET1C,17,5
CF,PB500,19.041664,-98.367211,0,PBC,174.7,7.1,174.0,7.0,0,0,0,0,0,0,0,0
TF,PB501,19.044653,-98.274286,0, ,0.0,0.0,0.0,0.0,3,13000,0,0,0,0,0,0
TF,PB502,19.047269,-98.195161,0, ,0.0,0.0,0.0,0.0,0,0,0,0,0,0,0,0
TF,PB503,19.174544,-98.151572,0, ,0.0,0.0,0.0,0.0,2,15000,0,1,250,0,0,0
TF,PB504,19.218472,-98.087075,0, ,0.0,0.0,0.0,0.0,2,17000,0,1,250,0,0,0
TF,ILETO,19.263853,-98.020356,0, ,0.0,0.0,0.0,0.0,1,17000,0,1,250,0,0,0

SID,ILET1D,35,5
CF,PB700,19.274769,-98.375803,0,PBC,353.3,6.8,354.0,6.0,0,0,0,0,0,0,0,0
TF,PB710,19.413572,-98.191353,0, ,0.0,0.0,0.0,0.0,4,14000,13000,0,0,0,0,0
TF,PB711,19.297961,-98.059261,0, ,0.0,0.0,0.0,0.0,2,16000,0,0,0,0,0,0
TF,ILETO,19.263853,-98.020356,0, ,0.0,0.0,0.0,0.0,3,17000,0,0,0,0,0,0

SID,MAPEN3,17,2
CA,0,174.0,2,7770,0,0,0,0,0,0
FD,PBC,19.160919,-98.370175,0,PBC,0.0,7.0,174.0,7.0,0,0,0,0,0,0,0,0
CF,MAPEN,18.683611,-98.212778,0,PBC,158.6,29.9,158.0,23.0,0,0,0,0,0,0,0,0

SID,NOXO1C,17,5
CF,PB500,19.041664,-98.367211,0,PBC,174.7,7.1,174.0,7.0,0,0,0,0,0,0,0,0
TF,PB501,19.044653,-98.274286,0, ,0.0,0.0,0.0,0.0,3,13000,0,0,0,0,0,0
TF,PB502,19.047269,-98.195161,0, ,0.0,0.0,0.0,0.0,0,0,0,0,0,0,0,0
TF,PB503,19.174544,-98.151572,0, ,0.0,0.0,0.0,0.0,2,15000,0,1,250,0,0,0
TF,NOXOS,19.602319,-98.008033,0, ,0.0,0.0,0.0,0.0,3,17000,0,0,0,0,0,0

SID,NOXO1D,35,5
CF,PB700,19.274769,-98.375803,0,PBC,353.3,6.8,354.0,6.0,0,0,0,0,0,0,0,0
TF,PB710,19.413572,-98.191353,0, ,0.0,0.0,0.0,0.0,4,14000,13000,0,0,0,0,0
TF,PB730,19.470731,-98.115208,0, ,0.0,0.0,0.0,0.0,0,0,0,0,0,0,0,0
TF,NOXOS,19.602319,-98.008033,0, ,0.0,0.0,0.0,0.0,3,17000,0,0,0,0,0,0

SID,OTAG1A,17,5
CF,PB500,19.041664,-98.367211,0,PBC,174.7,7.1,174.0,7.0,0,0,0,0,0,0,0,0
TF,PB501,19.044653,-98.274286,0, ,0.0,0.0,0.0,0.0,3,13000,0,0,0,0,0,0
TF,PB502,19.047269,-98.195161,0, ,0.0,0.0,0.0,0.0,0,0,0,0,0,0,0,0
TF,PB503,19.174544,-98.151572,0, ,0.0,0.0,0.0,0.0,2,15000,0,1,250,0,0,0
TF,PB510,19.428558,-98.205119,0, ,0.0,0.0,0.0,0.0,1,17000,0,0,0,0,0,0
TF,PB530,19.783056,-98.178278,0, ,0.0,0.0,0.0,0.0,2,21000,0,0,0,0,0,0
TF,OTAGO,19.854694,-98.256778,0, ,0.0,0.0,0.0,0.0,0,0,0,0,0,0,0,0

SID,OTAG1B,35,5
CF,PB700,19.274769,-98.375803,0,PBC,353.3,6.8,354.0,6.0,0,0,0,0,0,0,0,0
TF,PB710,19.413572,-98.191353,0, ,0.0,0.0,0.0,0.0,4,14000,13000,0,0,0,0,0
TF,PB530,19.783056,-98.178278,0, ,0.0,0.0,0.0,0.0,2,21000,0,0,0,0,0,0
TF,OTAGO,19.854694,-98.256778,0, ,0.0,0.0,0.0,0.0,0,0,0,0,0,0,0,0

SID,PBC3B,35,2
CA,0,354.0,2,7770,0,0,0,0,0,0
FD,PBC,19.160919,-98.370175,0,PBC,0.0,7.0,352.0,7.0,0,0,0,0,0,0,0,0
DF,PBC,19.160919,-98.370175,2, ,0.0,0.0,0,0,0,0,0,0,0,0

SID,PBC4A,17,2
CA,0,174.0,2,7770,0,0,0,0,0,0
FD,PBC,19.160919,-98.370175,0,PBC,0.0,7.0,174.0,7.0,0,0,0,0,0,0,0,0
DF,PBC,19.160919,-98.370175,1, ,0.0,0.0,0,0,0,0,0,0,0,0

SID,TAKA1C,17,5
CF,PB500,19.041664,-98.367211,0,PBC,174.7,7.1,174.0,7.0,0,0,0,0,0,0,0,0
TF,PB520,18.955497,-98.417169,0, ,0.0,0.0,0.0,0.0,3,13000,0,0,0,0,0,0
TF,PB400,18.868600,-98.467536,0, ,0.0,0.0,0.0,0.0,0,0,0,0,0,0,0,0
TF,TAKAL,18.712119,-98.580567,0, ,0.0,0.0,0.0,0.0,4,16000,14000,0,0,0,0,0

SID,TAKA1D,35,5
CF,PB700,19.274769,-98.375803,0,PBC,353.3,6.8,354.0,6.0,0,0,0,0,0,0,0,0
TF,PB701,19.281392,-98.173308,0, ,0.0,0.0,0.0,0.0,3,14000,0,0,0,0,0,0
TF,PB702,19.124219,-98.167506,0, ,0.0,0.0,0.0,0.0,2,15000,0,0,0,0,0,0
TF,PB703,18.930347,-98.362253,0, ,0.0,0.0,0.0,0.0,1,17000,0,1,250,0,0,0
TF,TAKAL,18.712119,-98.580567,0, ,0.0,0.0,0.0,0.0,1,17000,0,0,0,0,0,0

SID,UKUN1C,17,5
CF,PB500,19.041664,-98.367211,0,PBC,174.7,7.1,174.0,7.0,0,0,0,0,0,0,0,0
TF,PB501,19.044653,-98.274286,0, ,0.0,0.0,0.0,0.0,3,13000,0,0,0,0,0,0
TF,PB502,19.047269,-98.195161,0, ,0.0,0.0,0.0,0.0,0,0,0,0,0,0,0,0
TF,PB503,19.174544,-98.151572,0, ,0.0,0.0,0.0,0.0,2,15000,0,1,250,0,0,0
TF,UKUNO,19.433767,-98.014175,0, ,0.0,0.0,0.0,0.0,3,17000,0,0,0,0,0,0

SID,UKUN1D,35,5
CF,PB700,19.274769,-98.375803,0,PBC,353.3,6.8,354.0,6.0,0,0,0,0,0,0,0,0
TF,PB710,19.413572,-98.191353,0, ,0.0,0.0,0.0,0.0,4,14000,13000,0,0,0,0,0
TF,UKUNO,19.433767,-98.014175,0, ,0.0,0.0,0.0,0.0,3,17000,0,0,0,0,0,0

STAR,ATUK1A,17,5
IF,ATUKA,19.698550,-98.262239, ,0.0,0.0,4,16000,14000,0,0,0,0,0
TF,RETEX,19.511019,-98.294014,0, ,0.0,0.0,0.0,0.0,0,0,0,0,0,0,0,0
TF,VINGA,19.438156,-98.321719,0, ,0.0,0.0,0.0,0.0,2,11000,0,1,200,0,0,0

STAR,ATUK1B,35,5
IF,ATUKA,19.698550,-98.262239, ,0.0,0.0,1,17000,0,0,0,0,0,0
TF,RETEX,19.511019,-98.294014,0, ,0.0,0.0,0.0,0.0,0,0,0,0,0,0,0,0
TF,PB620,19.458192,-98.292375,0, ,0.0,0.0,0.0,0.0,1,17000,0,0,0,0,0,0
TF,PB600,19.219850,-98.284994,0, ,0.0,0.0,0.0,0.0,2,15000,0,0,0,0,0,0
TF,PB630,19.135706,-98.266839,0, ,0.0,0.0,0.0,0.0,3,14000,0,0,0,0,0,0
TF,PB601,19.066867,-98.251997,0, ,0.0,0.0,0.0,0.0,0,0,0,0,0,0,0,0
TF,MASEL,18.978508,-98.248742,0, ,0.0,0.0,0.0,0.0,2,11000,0,1,200,0,0,0

STAR,LARL1C,17,5
IF,LARLO,18.716928,-98.332172, ,0.0,0.0,1,17000,0,0,0,0,0,0
TF,NAGOS,18.841803,-98.332267,0, ,0.0,0.0,0.0,0.0,0,0,0,0,0,0,0,0
TF,PB410,18.966700,-98.332364,0, ,0.0,0.0,0.0,0.0,2,17000,0,0,0,0,0,0
TF,IMALO,19.127144,-98.332486,0, ,0.0,0.0,0.0,0.0,4,15000,14000,0,0,0,0,0
TF,PB403,19.210094,-98.282706,0, ,0.0,0.0,0.0,0.0,3,14000,0,0,0,0,0,0
TF,PB404,19.257106,-98.254467,0, ,0.0,0.0,0.0,0.0,0,0,0,0,0,0,0,0
TF,LERUS,19.345492,-98.261956,0, ,0.0,0.0,0.0,0.0,2,11000,0,1,200,0,0,0

STAR,LARL1D,35,5
IF,LARLO,18.716928,-98.332172, ,0.0,0.0,4,14000,13000,0,0,0,0,0
TF,PESTA,18.864319,-98.360686,0, ,0.0,0.0,0.0,0.0,2,11000,0,1,200,0,0,0

STAR,TAKA1A,17,5
IF,TAKAL,18.712119,-98.580567, ,0.0,0.0,1,17000,0,0,0,0,0,0
TF,PB400,18.868600,-98.467536,0, ,0.0,0.0,0.0,0.0,2,17000,0,0,0,0,0,0
TF,PB401,18.984039,-98.407303,0, ,0.0,0.0,0.0,0.0,2,17000,0,0,0,0,0,0
TF,IMALO,19.127144,-98.332486,0, ,0.0,0.0,0.0,0.0,4,15000,14000,0,0,0,0,0
TF,PB403,19.210094,-98.282706,0, ,0.0,0.0,0.0,0.0,3,14000,0,0,0,0,0,0
TF,PB404,19.257106,-98.254467,0, ,0.0,0.0,0.0,0.0,0,0,0,0,0,0,0,0
TF,LERUS,19.345492,-98.261956,0, ,0.0,0.0,0.0,0.0,2,11000,0,1,200,0,0,0

STAR,TAKA1B,35,5
IF,TAKAL,18.712119,-98.580567, ,0.0,0.0,4,16000,15000,0,0,0,0,0
TF,PESTA,18.864319,-98.360686,0, ,0.0,0.0,0.0,0.0,2,11000,0,1,200,0,0,0

APPTR,D17-Y,17,ALITA
IF,ALITA,19.493611,-98.390000, ,0.0,0.0,2,13000,0,0,0,0,1,0
TF,D354O,19.411725,-98.379406,0, ,0.0,0.0,0.0,0.0,2,12000,0,0,0,0,0,0
TF,D354M,19.378286,-98.378172,0, ,0.0,0.0,0.0,0.0,2,11400,0,0,0,0,0,0
TF,CF17,19.328125,-98.376325,0, ,0.0,0.0,0.0,0.0,2,10500,0,0,0,0,0,0

APPTR,D17-Y,17,RERAS
IF,RERAS,19.153500,-97.069306, ,0.0,0.0,0,0,0,0,0,0,0,0
TF,PB50C,19.156906,-97.489875,0, ,0.0,0.0,0.0,0.0,2,21000,0,0,0,0,0,0
TF,D086Q,19.160028,-98.070867,0, ,0.0,0.0,0.0,0.0,2,17000,0,0,0,0,1,0
CI,0, ,0.0,266.0,0,0,0,0,0,0,0,0
AF,D066O,19.246583,-98.121878,1,PBC,66.0,15.0,86.0,2,16000,0,0,0,0,0,0
AF,D002O,19.410503,-98.342525,1,PBC,2.0,15.0,66.0,2,12000,0,0,0,0,0,1
CF,D354M,19.378286,-98.378172,0,PBC,354.0,13.0,174.0,2.0,2,11400,0,0,0,0,0,0
TF,CF17,19.328125,-98.376325,0, ,0.0,0.0,0.0,0.0,2,10500,0,0,0,0,0,0

APPTR,D17-Y,17,SLM
IF,SLM,19.740814,-99.005933, ,0.0,0.0,0,0,0,0,0,0,0,0
TF,PBC30,19.509081,-98.751031,0, ,0.0,0.0,0.0,0.0,2,20000,0,0,0,0,0,0
TF,D309T,19.393117,-98.623900,0, ,0.0,0.0,0.0,0.0,2,16000,0,0,0,0,0,0
TF,D309Q,19.358311,-98.585794,0, ,0.0,0.0,0.0,0.0,2,15000,0,0,0,0,1,0
CI,0, ,0.0,129.0,0,0,0,0,0,0,0,0
AF,D346O,19.408061,-98.416103,2,PBC,346.0,15.0,309.0,2,12000,0,0,0,0,0,1
CF,D354M,19.378286,-98.378172,0,PBC,354.0,13.0,174.0,2.0,2,11400,0,0,0,0,0,0
TF,CF17,19.328125,-98.376325,0, ,0.0,0.0,0.0,0.0,2,10500,0,0,0,0,0,0

FINAL,D17-Y,17,D,4
IF,CF17,19.328125,-98.376325,PBC,354.0,10.0,2,10500,0,0,0,0,0,0
CF,FF17,19.261242,-98.373864,0,PBC,354.0,6.0,174.0,4.0,2,9300,0,0,0,0,2,0
CF,40VOR,19.227800,-98.372633,0,PBC,354.0,4.0,174.0,2.0,2,8500,0,0,0,0,0,0
CF,RW17,19.174436,-98.372106,0,PBC,348.3,0.8,174.0,3.2,1,7409,0,0,0,0,3,0
CF,PBC,19.160919,-98.370175,0,PBC,0.0,0.0,174.0,0.8,0,0,0,0,0,0,0,1
CF,D174O,18.910103,-98.360969,0,PBC,174.0,15.0,174.0,15.0,2,10000,0,0,0,0,0,0
HM,D174O,18.910103,-98.360969,2, ,0.0,0.0,354.0,04,2,11000,0,0,0,0,0,0,0

APPTR,D17-Z,17,PBC
FD,PBC,19.160919,-98.370175,0,PBC,0.0,10.0,15.0,10.0,2,10000,0,0,0,0,1,0
CF,CF17,19.328125,-98.376325,1,PBC,354.0,10.0,174.0,1.0,2,10000,0,0,0,0,0,0

FINAL,D17-Z,17,D,4
IF,CF17,19.328125,-98.376325,PBC,354.0,10.0,2,10000,0,0,0,0,0,0
CF,FF17,19.261242,-98.373864,0,PBC,354.0,6.0,174.0,4.0,2,9300,0,0,0,0,2,0
CF,40VOR,19.227800,-98.372633,0,PBC,354.0,4.0,174.0,2.0,2,8500,0,0,0,0,0,0
CF,RW17,19.174436,-98.372106,0,PBC,348.3,0.8,174.0,3.2,1,7409,0,0,0,0,3,0
CF,PBC,19.160919,-98.370175,0,PBC,0.0,0.0,174.0,0.8,0,0,0,0,0,0,0,1
CF,D174O,18.910103,-98.360969,0,PBC,174.0,15.0,174.0,15.0,2,10000,0,0,0,0,0,0
HM,D174O,18.910103,-98.360969,2, ,0.0,0.0,354.0,04,2,11000,0,0,0,0,0,0,0

APPTR,D35-Y,35,MEBAS
IF,MEBAS,18.602778,-97.678333, ,0.0,0.0,2,25000,0,0,0,0,0,0
TF,PB126,18.620069,-97.699653,0, ,0.0,0.0,0.0,0.0,2,25000,0,0,0,0,0,0
TF,D126O,18.998922,-98.168564,0, ,0.0,0.0,0.0,0.0,2,12000,0,0,0,0,0,0
TF,D126L,19.031339,-98.208856,0, ,0.0,0.0,0.0,0.0,2,11000,0,0,0,0,1,0
CI,0, ,0.0,306.0,0,0,0,0,0,0,0,0
AF,D140J,19.025306,-98.267097,2,PBC,140.1,10.0,126.0,2,11000,0,0,0,0,0,0
AF,D162J,18.998572,-98.327622,2,PBC,162.0,10.0,140.0,2,10000,0,0,0,0,0,1
CF,CF35,19.027150,-98.365261,0,PBC,174.0,8.0,354.0,2.0,2,9500,0,0,0,0,0,0

APPTR,D35-Y,35,MISAS
IF,MISAS,18.485833,-95.917500, ,0.0,0.0,0,0,0,0,0,0,0,0
TF,PB50A,18.932264,-97.523958,0, ,0.0,0.0,0.0,0.0,2,21000,0,0,0,0,0,0
TF,D101O,19.092731,-98.116067,0, ,0.0,0.0,0.0,0.0,2,13000,0,0,0,0,0,0
TF,D101L,19.106397,-98.166869,0, ,0.0,0.0,0.0,0.0,2,12000,0,0,0,0,1,0
CI,0, ,0.0,281.0,0,0,0,0,0,0,0,0
AF,D140J,19.025306,-98.267097,2,PBC,140.1,10.0,101.0,2,11000,0,0,0,0,0,0
AF,D162J,18.998572,-98.327622,2,PBC,162.0,10.0,140.0,2,10000,0,0,0,0,0,1
CF,CF35,19.027150,-98.365261,0,PBC,174.0,8.0,354.0,2.0,2,9500,0,0,0,0,0,0

APPTR,D35-Y,35,OTIGA
IF,OTIGA,18.886944,-98.162222, ,0.0,0.0,0,0,0,0,0,0,0,0
TF,D140O,18.957453,-98.215658,0, ,0.0,0.0,0.0,0.0,2,12000,0,0,0,0,0,0
TF,D140L,18.998158,-98.246531,0, ,0.0,0.0,0.0,0.0,2,11000,0,0,0,0,1,0
CI,0, ,0.0,320.0,0,0,0,0,0,0,0,0
AF,D162J,18.998572,-98.327622,2,PBC,162.0,10.0,140.0,2,10000,0,0,0,0,0,1
CF,CF35,19.027150,-98.365261,0,PBC,174.0,8.0,354.0,2.0,2,9500,0,0,0,0,0,0

APPTR,D35-Y,35,TUMEN
IF,TUMEN,18.829167,-98.358056, ,0.0,0.0,2,12000,0,0,0,0,0,0
TF,D174O,18.910103,-98.360969,0, ,0.0,0.0,0.0,0.0,2,11000,0,0,0,0,1,0
TF,D174J,18.993708,-98.364036,0, ,0.0,0.0,0.0,0.0,2,10000,0,0,0,0,1,0
TF,CF35,19.027150,-98.365261,0, ,0.0,0.0,0.0,0.0,2,9500,0,0,0,0,0,0

FINAL,D35-Y,35,D,4
IF,CF35,19.027150,-98.365261,PBC,174.0,8.0,2,9500,0,0,0,0,0,0
CF,FF35,19.077314,-98.367103,0,PBC,174.0,5.0,354.0,3.0,2,8600,0,0,0,0,2,0
CF,40VO2,19.094033,-98.367717,0,PBC,174.0,4.0,354.0,1.0,2,8300,0,0,0,0,0,0
CF,RW35,19.141908,-98.370906,0,PBC,178.1,1.1,354.0,2.9,1,7363,0,0,0,0,3,0
CF,PBC,19.160919,-98.370175,0,PBC,0.0,0.0,354.0,1.1,0,0,0,0,0,0,0,1
CF,D354O,19.411725,-98.379406,0,PBC,354.0,15.0,354.0,15.0,2,10000,0,0,0,0,0,0
HM,D354O,19.411725,-98.379406,2, ,0.0,0.0,172.0,04,2,12000,0,0,0,0,0,0,0

APPTR,D35-Z,35,PBC
IF,PBC,19.160919,-98.370175, ,0.0,0.0,2,10000,0,0,0,0,1,0
FD,PBC,19.160919,-98.370175,0,PBC,0.0,8.0,148.0,8.0,2,9500,0,0,0,0,0,0
CF,CF35,19.027150,-98.365261,2,PBC,174.0,8.0,354.0,1.0,2,9500,0,0,0,0,0,0

FINAL,D35-Z,35,D,4
IF,CF35,19.027150,-98.365261,PBC,174.0,8.0,2,9500,0,0,0,0,0,0
CF,FF35,19.077314,-98.367103,0,PBC,174.0,5.0,354.0,3.0,2,8600,0,0,0,0,2,0
CF,40VO2,19.094033,-98.367717,0,PBC,174.0,4.0,354.0,1.0,2,8300,0,0,0,0,0,0
CF,RW35,19.141908,-98.370906,0,PBC,178.1,1.1,354.0,2.9,1,7363,0,0,0,0,3,0
CF,PBC,19.160919,-98.370175,0,PBC,0.0,0.0,354.0,1.1,0,0,0,0,0,0,0,1
CF,D354O,19.411725,-98.379406,0,PBC,354.0,15.0,354.0,15.0,2,10000,0,0,0,0,0,0
HM,D354O,19.411725,-98.379406,2, ,0.0,0.0,174.0,04,2,12000,0,0,0,0,0,0,0

APPTR,R17,17,LERUS
IF,LERUS,19.345492,-98.261956, ,0.0,0.0,2,11000,0,1,200,0,1,0
TF,PB900,19.341650,-98.378272,0, ,0.0,0.0,0.0,0.0,2,9900,0,0,0,0,1,0

APPTR,R17,17,VINGA
IF,VINGA,19.438156,-98.321719, ,0.0,0.0,2,11000,0,1,200,0,1,0
TF,PB900,19.341650,-98.378272,0, ,0.0,0.0,0.0,0.0,2,9900,0,0,0,0,1,0

FINAL,R17,17,R,4
IF,PB900,19.341650,-98.378272, ,0.0,0.0,2,9900,0,0,0,0,0,0
TF,PB901,19.258050,-98.375186,0, ,0.0,0.0,174.0,5.0,1,8900,0,0,0,0,2,0
TF,PBSD1,19.222936,-98.373892,0, ,0.0,0.0,174.0,2.1,2,8300,0,0,0,0,0,0
TF,RW17,19.174436,-98.372106,0, ,0.0,0.0,174.0,2.9,1,7409,0,0,0,0,3,1
CF,PB800,18.974678,-98.364744,0,PBC,174.4,11.1,174.0,12.0,0,0,0,0,0,0,0,0
TF,NAGOS,18.841803,-98.332267,0, ,0.0,0.0,0.0,0.0,4,13000,11000,0,0,0,0,1

APPTR,R35,35,MASEL
IF,MASEL,18.978508,-98.248742, ,0.0,0.0,2,11000,0,1,200,0,1,0
TF,PB800,18.974678,-98.364744,0, ,0.0,0.0,0.0,0.0,2,9500,0,0,0,0,1,0

APPTR,R35,35,PESTA
IF,PESTA,18.864319,-98.360686, ,0.0,0.0,2,11000,0,1,200,0,1,0
TF,PB800,18.974678,-98.364744,0, ,0.0,0.0,0.0,0.0,2,9500,0,0,0,0,1,0

FINAL,R35,35,R,3
IF,PB800,18.974678,-98.364744, ,0.0,0.0,2,9500,0,0,0,0,0,0
TF,PB801,19.058283,-98.367822,0, ,0.0,0.0,354.0,5.0,1,8900,0,0,0,0,2,0
TF,RW35,19.141908,-98.370906,0, ,0.0,0.0,354.0,5.0,1,7363,0,0,0,0,3,1
TF,PB810,19.328622,-98.377794,0, ,0.0,0.0,0.0,0.0,0,0,0,0,0,0,0,0
TF,RETEX,19.511019,-98.294014,0, ,0.0,0.0,0.0,0.0,2,13000,0,0,0,0,0,1
HM,RETEX,19.511019,-98.294014,1, ,0.0,0.0,181.0,04.3,2,13000,0,1,230,0,0,0,0

