SID,ALSU1A,12,5
CA,0,122.0,2,500,0,1,200,0,0,0
DF,TL620,20.144222,-87.441417,0, ,0.0,0.0,0,0,0,0,0,0,0,0
TF,TL621,20.000556,-87.245278,0, ,0.0,0.0,0.0,0.0,3,11000,0,0,0,0,0,0
TF,TL622,19.901694,-87.003333,0, ,0.0,0.0,0.0,0.0,1,15000,0,0,0,0,0,0
TF,ALSUP,19.671028,-86.908778,0, ,0.0,0.0,0.0,0.0,0,0,0,0,0,0,0,0

SID,ALSU1B,30,5
CF,TL602,20.205750,-87.722528,0,CZM,250.6,49.1,302.0,5.0,2,500,0,1,210,0,0,1
TF,TL630,20.075083,-87.801694,0, ,0.0,0.0,0.0,0.0,0,0,0,0,0,0,0,0
TF,TL631,20.002139,-87.666778,0, ,0.0,0.0,0.0,0.0,2,6500,0,0,0,0,0,0
TF,TL632,19.918306,-87.473861,0, ,0.0,0.0,0.0,0.0,2,10000,0,0,0,0,0,0
TF,ALSUP,19.671028,-86.908778,0, ,0.0,0.0,0.0,0.0,2,20000,0,0,0,0,0,0

SID,ILUB1H,12,5
CA,0,122.0,2,500,0,1,200,0,0,0
DF,TL620,20.144222,-87.441417,0, ,0.0,0.0,0,0,0,0,0,0,0,0
TF,TL621,20.000556,-87.245278,0, ,0.0,0.0,0.0,0.0,3,11000,0,0,0,0,0,0
TF,TL622,19.901694,-87.003333,0, ,0.0,0.0,0.0,0.0,1,15000,0,0,0,0,0,0
TF,TL623,19.946528,-86.832917,0, ,0.0,0.0,0.0,0.0,3,18000,0,0,0,0,0,0
TF,TL624,19.982278,-86.696528,0, ,0.0,0.0,0.0,0.0,2,19000,0,0,0,0,0,0
TF,TL625,20.011278,-86.585583,0, ,0.0,0.0,0.0,0.0,2,20000,0,0,0,0,0,0
TF,TL626,20.107333,-86.226278,0, ,0.0,0.0,0.0,0.0,0,0,0,0,0,0,0,0
TF,ILUBA,20.189417,-85.341167,0, ,0.0,0.0,0.0,0.0,0,0,0,0,0,0,0,0

SID,ILUB1J,30,5
CF,TL602,20.205750,-87.722528,0,CZM,250.6,49.1,302.0,5.0,2,500,0,1,210,0,0,1
TF,TL604,20.336389,-87.643222,0, ,0.0,0.0,0.0,0.0,3,4200,0,0,0,0,0,0
TF,TL606,20.583417,-87.595556,0, ,0.0,0.0,0.0,0.0,3,10500,0,0,0,0,0,0
TF,TL610,20.662194,-87.291306,0, ,0.0,0.0,0.0,0.0,2,14500,0,1,310,0,0,0
TF,CZM,20.507472,-86.912000,0, ,0.0,0.0,0.0,0.0,2,20000,0,0,0,0,0,0
TF,ILUBA,20.189417,-85.341167,0, ,0.0,0.0,0.0,0.0,0,0,0,0,0,0,0,0

SID,NOSU1G,12,5
CA,0,122.0,2,500,0,1,200,0,0,0
DF,TL603,20.338389,-87.666500,1, ,0.0,0.0,0,0,0,0,0,0,0,0
TF,TL605,20.571194,-87.642556,0, ,0.0,0.0,0.0,0.0,3,10500,0,0,0,0,0,0
TF,TL610,20.662194,-87.291306,0, ,0.0,0.0,0.0,0.0,2,14500,0,1,310,0,0,0
TF,LIDEK,20.766278,-86.885417,0, ,0.0,0.0,0.0,0.0,0,0,0,0,0,0,0,0
TF,CUN,21.025108,-86.858717,0, ,0.0,0.0,0.0,0.0,1,23000,0,0,0,0,0,0
TF,TL611,21.188694,-86.821500,0, ,0.0,0.0,0.0,0.0,0,0,0,0,0,0,0,0
TF,NOSUG,21.858806,-86.929389,0, ,0.0,0.0,0.0,0.0,0,0,0,0,0,0,0,0

SID,NOSU1H,30,5
CF,TL602,20.205750,-87.722528,0,CZM,250.6,49.1,302.0,5.0,2,500,0,1,210,0,0,1
TF,TL604,20.336389,-87.643222,0, ,0.0,0.0,0.0,0.0,3,4200,0,0,0,0,0,0
TF,TL606,20.583417,-87.595556,0, ,0.0,0.0,0.0,0.0,3,10500,0,0,0,0,0,0
TF,TL610,20.662194,-87.291306,0, ,0.0,0.0,0.0,0.0,2,14500,0,1,310,0,0,0
TF,LIDEK,20.766278,-86.885417,0, ,0.0,0.0,0.0,0.0,0,0,0,0,0,0,0,0
TF,CUN,21.025108,-86.858717,0, ,0.0,0.0,0.0,0.0,1,23000,0,0,0,0,0,0
TF,TL611,21.188694,-86.821500,0, ,0.0,0.0,0.0,0.0,0,0,0,0,0,0,0,0
TF,NOSUG,21.858806,-86.929389,0, ,0.0,0.0,0.0,0.0,0,0,0,0,0,0,0,0

SID,NUDA1G,12,5
CA,0,122.0,2,500,0,1,200,0,0,0
DF,TL603,20.338389,-87.666500,1, ,0.0,0.0,0,0,0,0,0,0,0,0
TF,TL605,20.571194,-87.642556,0, ,0.0,0.0,0.0,0.0,3,10500,0,0,0,0,0,0
TF,TL610,20.662194,-87.291306,0, ,0.0,0.0,0.0,0.0,2,14500,0,1,310,0,0,0
TF,LIDEK,20.766278,-86.885417,0, ,0.0,0.0,0.0,0.0,0,0,0,0,0,0,0,0
TF,XULDA,20.845667,-86.399306,0, ,0.0,0.0,0.0,0.0,3,24000,0,0,0,0,0,0
TF,NUDAL,21.263328,-85.620547,0, ,0.0,0.0,0.0,0.0,0,0,0,0,0,0,0,0

SID,NUDA1H,30,5
CF,TL602,20.205750,-87.722528,0,CZM,250.6,49.1,302.0,5.0,2,500,0,1,210,0,0,1
TF,TL604,20.336389,-87.643222,0, ,0.0,0.0,0.0,0.0,3,4200,0,0,0,0,0,0
TF,TL606,20.583417,-87.595556,0, ,0.0,0.0,0.0,0.0,3,10500,0,0,0,0,0,0
TF,TL610,20.662194,-87.291306,0, ,0.0,0.0,0.0,0.0,2,14500,0,1,310,0,0,0
TF,LIDEK,20.766278,-86.885417,0, ,0.0,0.0,0.0,0.0,0,0,0,0,0,0,0,0
TF,XULDA,20.845667,-86.399306,0, ,0.0,0.0,0.0,0.0,3,24000,0,0,0,0,0,0
TF,NUDAL,21.263328,-85.620547,0, ,0.0,0.0,0.0,0.0,0,0,0,0,0,0,0,0

SID,PIRO1A,12,5
CA,0,122.0,2,500,0,1,200,0,0,0
DF,TL640,20.029389,-87.717250,2, ,0.0,0.0,3,5500,0,0,0,0,0,0
TF,TL641,19.990667,-87.965139,0, ,0.0,0.0,0.0,0.0,0,0,0,0,0,0,0,0
TF,TL642,20.075583,-88.136861,0, ,0.0,0.0,0.0,0.0,0,0,0,0,0,0,0,0
TF,TL644,20.211028,-88.127889,0, ,0.0,0.0,0.0,0.0,2,12000,0,0,0,0,0,0
TF,PIROK,20.333889,-88.105000,0, ,0.0,0.0,0.0,0.0,0,0,0,0,0,0,0,0

SID,ROTG1G,12,5
CA,0,122.0,2,500,0,1,200,0,0,0
DF,TL603,20.338389,-87.666500,1, ,0.0,0.0,0,0,0,0,0,0,0,0
TF,TL605,20.571194,-87.642556,0, ,0.0,0.0,0.0,0.0,3,10500,0,0,0,0,0,0
TF,TL610,20.662194,-87.291306,0, ,0.0,0.0,0.0,0.0,2,14500,0,1,310,0,0,0
TF,LIDEK,20.766278,-86.885417,0, ,0.0,0.0,0.0,0.0,0,0,0,0,0,0,0,0
TF,CUN,21.025108,-86.858717,0, ,0.0,0.0,0.0,0.0,1,23000,0,0,0,0,0,0
TF,TL611,21.188694,-86.821500,0, ,0.0,0.0,0.0,0.0,0,0,0,0,0,0,0,0
TF,ROTGI,21.842917,-86.671806,0, ,0.0,0.0,0.0,0.0,0,0,0,0,0,0,0,0

SID,ROTG1H,30,5
CF,TL602,20.205750,-87.722528,0,CZM,250.6,49.1,302.0,5.0,2,500,0,1,210,0,0,1
TF,TL604,20.336389,-87.643222,0, ,0.0,0.0,0.0,0.0,3,4200,0,0,0,0,0,0
TF,TL606,20.583417,-87.595556,0, ,0.0,0.0,0.0,0.0,3,10500,0,0,0,0,0,0
TF,TL610,20.662194,-87.291306,0, ,0.0,0.0,0.0,0.0,2,14500,0,1,310,0,0,0
TF,LIDEK,20.766278,-86.885417,0, ,0.0,0.0,0.0,0.0,0,0,0,0,0,0,0,0
TF,CUN,21.025108,-86.858717,0, ,0.0,0.0,0.0,0.0,1,23000,0,0,0,0,0,0
TF,TL611,21.188694,-86.821500,0, ,0.0,0.0,0.0,0.0,0,0,0,0,0,0,0,0
TF,ROTGI,21.842917,-86.671806,0, ,0.0,0.0,0.0,0.0,0,0,0,0,0,0,0,0

SID,TAKU1A,12,5
CA,0,122.0,2,500,0,1,200,0,0,0
DF,TL620,20.144222,-87.441417,0, ,0.0,0.0,0,0,0,0,0,0,0,0
TF,TL621,20.000556,-87.245278,0, ,0.0,0.0,0.0,0.0,3,11000,0,0,0,0,0,0
TF,TL622,19.901694,-87.003333,0, ,0.0,0.0,0.0,0.0,1,15000,0,0,0,0,0,0
TF,TL623,19.946528,-86.832917,0, ,0.0,0.0,0.0,0.0,3,18000,0,0,0,0,0,0
TF,TL624,19.982278,-86.696528,0, ,0.0,0.0,0.0,0.0,2,19000,0,0,0,0,0,0
TF,TL625,20.011278,-86.585583,0, ,0.0,0.0,0.0,0.0,2,20000,0,0,0,0,0,0
TF,TL626,20.107333,-86.226278,0, ,0.0,0.0,0.0,0.0,0,0,0,0,0,0,0,0
TF,TAKUX,20.026944,-85.896111,0, ,0.0,0.0,0.0,0.0,0,0,0,0,0,0,0,0

SID,TAKU1B,30,5
CF,TL602,20.205750,-87.722528,0,CZM,250.6,49.1,302.0,5.0,2,500,0,1,210,0,0,1
TF,TL604,20.336389,-87.643222,0, ,0.0,0.0,0.0,0.0,3,4200,0,0,0,0,0,0
TF,TL606,20.583417,-87.595556,0, ,0.0,0.0,0.0,0.0,3,10500,0,0,0,0,0,0
TF,TL610,20.662194,-87.291306,0, ,0.0,0.0,0.0,0.0,2,14500,0,1,310,0,0,0
TF,CZM,20.507472,-86.912000,0, ,0.0,0.0,0.0,0.0,2,20000,0,0,0,0,0,0
TF,TAKUX,20.026944,-85.896111,0, ,0.0,0.0,0.0,0.0,0,0,0,0,0,0,0,0

SID,TQO1C,12,2
CA,0,122.0,2,450,0,0,0,0,0,0
FD,TQO,20.160414,-87.638561,0,TQO,0.0,7.0,122.0,7.0,0,0,0,0,0,0,0,0
DF,TQO,20.160414,-87.638561,1, ,0.0,0.0,0,0,0,0,0,0,0,0

SID,TQO1D,30,2
CA,0,302.0,2,450,0,0,0,0,0,0
FD,TQO,20.160414,-87.638561,0,TQO,0.0,7.0,302.0,7.0,0,0,0,0,0,0,0,0
DF,TQO,20.160414,-87.638561,1, ,0.0,0.0,0,0,0,0,0,0,0,0

SID,XOLP1A,12,5
CA,0,122.0,2,500,0,1,200,0,0,0
DF,TL640,20.029389,-87.717250,2, ,0.0,0.0,3,5500,0,0,0,0,0,0
TF,TL641,19.990667,-87.965139,0, ,0.0,0.0,0.0,0.0,0,0,0,0,0,0,0,0
TF,TL642,20.075583,-88.136861,0, ,0.0,0.0,0.0,0.0,0,0,0,0,0,0,0,0
TF,XOLPO,19.911111,-88.595556,0, ,0.0,0.0,0.0,0.0,2,20000,0,0,0,0,0,0

SID,XOLP1B,30,5
CF,TL602,20.205750,-87.722528,0,CZM,250.6,49.1,302.0,5.0,2,500,0,1,210,0,0,1
TF,TL630,20.075083,-87.801694,0, ,0.0,0.0,0.0,0.0,0,0,0,0,0,0,0,0
TF,TL641,19.990667,-87.965139,0, ,0.0,0.0,0.0,0.0,0,0,0,0,0,0,0,0
TF,TL642,20.075583,-88.136861,0, ,0.0,0.0,0.0,0.0,0,0,0,0,0,0,0,0
TF,XOLPO,19.911111,-88.595556,0, ,0.0,0.0,0.0,0.0,2,20000,0,0,0,0,0,0

STAR,ANAD1A,12,5
IF,ANADI,19.588889,-87.571111, ,0.0,0.0,3,17000,0,0,0,0,0,0
TF,AGLOM,19.777361,-87.436250,0, ,0.0,0.0,0.0,0.0,3,14000,0,0,0,0,0,0
TF,TL531,20.026306,-87.607667,0, ,0.0,0.0,0.0,0.0,0,0,0,0,0,0,0,0
TF,TL530,20.094972,-87.733250,0, ,0.0,0.0,0.0,0.0,2,6500,0,0,0,0,0,0
TF,AMAMO,20.174472,-87.878944,0, ,0.0,0.0,0.0,0.0,2,4000,0,1,230,0,0,0

STAR,ANAD1B,30,5
IF,ANADI,19.588889,-87.571111, ,0.0,0.0,2,12000,0,0,0,0,0,0
TF,AGLOM,19.777361,-87.436250,0, ,0.0,0.0,0.0,0.0,3,9000,0,0,0,0,0,0
TF,TL532,19.968083,-87.413528,0, ,0.0,0.0,0.0,0.0,2,6200,0,0,0,0,0,0
TF,OTREL,20.135389,-87.414028,0, ,0.0,0.0,0.0,0.0,2,3800,0,1,230,0,0,0

STAR,ANIK1A,12,5
IF,ANIKO,19.048611,-86.906389, ,0.0,0.0,1,28000,0,1,280,0,0,0
TF,MURBU,19.620028,-87.337083,0, ,0.0,0.0,0.0,0.0,3,16000,0,0,0,0,0,0
TF,AGLOM,19.777361,-87.436250,0, ,0.0,0.0,0.0,0.0,3,14000,0,0,0,0,0,0
TF,TL531,20.026306,-87.607667,0, ,0.0,0.0,0.0,0.0,0,0,0,0,0,0,0,0
TF,TL530,20.094972,-87.733250,0, ,0.0,0.0,0.0,0.0,2,6500,0,0,0,0,0,0
TF,AMAMO,20.174472,-87.878944,0, ,0.0,0.0,0.0,0.0,2,4000,0,1,230,0,0,0

STAR,ANIK1B,30,5
IF,ANIKO,19.048611,-86.906389, ,0.0,0.0,3,26000,0,0,0,0,0,0
TF,MURBU,19.620028,-87.337083,0, ,0.0,0.0,0.0,0.0,2,11000,0,0,0,0,0,0
TF,AGLOM,19.777361,-87.436250,0, ,0.0,0.0,0.0,0.0,3,9000,0,0,0,0,0,0
TF,TL532,19.968083,-87.413528,0, ,0.0,0.0,0.0,0.0,2,6200,0,0,0,0,0,0
TF,OTREL,20.135389,-87.414028,0, ,0.0,0.0,0.0,0.0,2,3800,0,1,230,0,0,0

STAR,EMOS1C,12,5
IF,EMOSA,21.822500,-85.908056, ,0.0,0.0,1,32000,0,0,0,0,0,0
TF,TL522,21.360611,-86.460833,0, ,0.0,0.0,0.0,0.0,1,26000,0,0,0,0,0,0
TF,CUN,21.025108,-86.858717,0, ,0.0,0.0,0.0,0.0,1,26000,0,0,0,0,0,0
TF,TL518,20.944722,-86.961278,0, ,0.0,0.0,0.0,0.0,2,24000,0,0,0,0,0,0
TF,TL516,20.837194,-87.098222,0, ,0.0,0.0,0.0,0.0,2,21000,0,0,0,0,0,0
TF,TL514,20.783250,-87.319528,0, ,0.0,0.0,0.0,0.0,2,17500,0,0,0,0,0,0
TF,TL512,20.686333,-87.713639,0, ,0.0,0.0,0.0,0.0,0,0,0,0,0,0,0,0
TF,TL511,20.621278,-87.975944,0, ,0.0,0.0,0.0,0.0,0,0,0,1,250,0,0,0
TF,TL510,20.497694,-87.973361,0, ,0.0,0.0,0.0,0.0,0,0,0,0,0,0,0,0
TF,OTUSO,20.311389,-87.918667,0, ,0.0,0.0,0.0,0.0,2,4000,0,1,230,0,0,0

STAR,EMOS1D,30,5
IF,EMOSA,21.822500,-85.908056, ,0.0,0.0,1,32000,0,0,0,0,0,0
TF,TL522,21.360611,-86.460833,0, ,0.0,0.0,0.0,0.0,1,26000,0,0,0,0,0,0
TF,CUN,21.025108,-86.858717,0, ,0.0,0.0,0.0,0.0,1,26000,0,0,0,0,0,0
TF,TL518,20.944722,-86.961278,0, ,0.0,0.0,0.0,0.0,2,24000,0,0,0,0,0,0
TF,TL516,20.837194,-87.098222,0, ,0.0,0.0,0.0,0.0,0,0,0,0,0,0,0,0
TF,TL514,20.783250,-87.319528,0, ,0.0,0.0,0.0,0.0,2,18000,0,0,0,0,0,0
TF,TL512,20.686333,-87.713639,0, ,0.0,0.0,0.0,0.0,3,13500,0,0,0,0,0,0
TF,USBON,20.338667,-87.779667,0, ,0.0,0.0,0.0,0.0,2,8700,0,1,250,0,0,0
TF,ESKIE,20.235167,-87.591583,0, ,0.0,0.0,0.0,0.0,2,5200,0,1,230,0,0,0

STAR,ILUB1K,12,5
IF,ILUBA,20.189417,-85.341167, ,0.0,0.0,1,34000,0,0,0,0,0,0
TF,TL520,20.688917,-86.243278,0, ,0.0,0.0,0.0,0.0,1,25000,0,0,0,0,0,0
TF,CUN,21.025108,-86.858717,0, ,0.0,0.0,0.0,0.0,1,25000,0,0,0,0,0,0
TF,TL518,20.944722,-86.961278,0, ,0.0,0.0,0.0,0.0,2,24000,0,0,0,0,0,0
TF,TL516,20.837194,-87.098222,0, ,0.0,0.0,0.0,0.0,2,21000,0,0,0,0,0,0
TF,TL514,20.783250,-87.319528,0, ,0.0,0.0,0.0,0.0,2,17500,0,0,0,0,0,0
TF,TL512,20.686333,-87.713639,0, ,0.0,0.0,0.0,0.0,0,0,0,0,0,0,0,0
TF,TL511,20.621278,-87.975944,0, ,0.0,0.0,0.0,0.0,0,0,0,1,250,0,0,0
TF,TL510,20.497694,-87.973361,0, ,0.0,0.0,0.0,0.0,0,0,0,0,0,0,0,0
TF,OTUSO,20.311389,-87.918667,0, ,0.0,0.0,0.0,0.0,2,4000,0,1,230,0,0,0

STAR,ILUB1L,30,5
IF,ILUBA,20.189417,-85.341167, ,0.0,0.0,1,34000,0,0,0,0,0,0
TF,TL520,20.688917,-86.243278,0, ,0.0,0.0,0.0,0.0,1,25000,0,0,0,0,0,0
TF,CUN,21.025108,-86.858717,0, ,0.0,0.0,0.0,0.0,1,25000,0,0,0,0,0,0
TF,TL518,20.944722,-86.961278,0, ,0.0,0.0,0.0,0.0,2,24000,0,0,0,0,0,0
TF,TL516,20.837194,-87.098222,0, ,0.0,0.0,0.0,0.0,0,0,0,0,0,0,0,0
TF,TL514,20.783250,-87.319528,0, ,0.0,0.0,0.0,0.0,2,18000,0,0,0,0,0,0
TF,TL512,20.686333,-87.713639,0, ,0.0,0.0,0.0,0.0,3,13500,0,0,0,0,0,0
TF,USBON,20.338667,-87.779667,0, ,0.0,0.0,0.0,0.0,2,8700,0,1,250,0,0,0
TF,ESKIE,20.235167,-87.591583,0, ,0.0,0.0,0.0,0.0,2,5200,0,1,230,0,0,0

STAR,IMUB1A,12,5
IF,IMUBI,20.049722,-88.647778, ,0.0,0.0,2,16000,0,0,0,0,0,0
TF,IRGIL,20.214083,-88.313111,0, ,0.0,0.0,0.0,0.0,3,11000,0,0,0,0,0,0
TF,OTUSO,20.311389,-87.918667,0, ,0.0,0.0,0.0,0.0,2,4000,0,1,230,0,0,0

STAR,IMUB1B,30,5
IF,IMUBI,20.049722,-88.647778, ,0.0,0.0,2,20000,0,0,0,0,0,0
TF,IRGIL,20.214083,-88.313111,0, ,0.0,0.0,0.0,0.0,2,15000,0,0,0,0,0,0
TF,OTUSO,20.311389,-87.918667,0, ,0.0,0.0,0.0,0.0,0,0,0,0,0,0,0,0
TF,USBON,20.338667,-87.779667,0, ,0.0,0.0,0.0,0.0,2,8700,0,1,250,0,0,0
TF,ESKIE,20.235167,-87.591583,0, ,0.0,0.0,0.0,0.0,2,5200,0,1,230,0,0,0

STAR,VIGT1C,12,5
IF,VIGTU,21.478806,-87.608083, ,0.0,0.0,1,25000,0,0,0,0,0,0
TF,TL515,21.127722,-87.532528,0, ,0.0,0.0,0.0,0.0,2,21000,0,0,0,0,0,0
TF,TL513,20.886889,-87.981528,0, ,0.0,0.0,0.0,0.0,3,15000,0,0,0,0,0,0
TF,TL511,20.621278,-87.975944,0, ,0.0,0.0,0.0,0.0,0,0,0,1,250,0,0,0
TF,TL510,20.497694,-87.973361,0, ,0.0,0.0,0.0,0.0,0,0,0,0,0,0,0,0
TF,OTUSO,20.311389,-87.918667,0, ,0.0,0.0,0.0,0.0,2,4000,0,1,230,0,0,0

STAR,VIGT1D,30,5
IF,VIGTU,21.478806,-87.608083, ,0.0,0.0,0,0,0,0,0,0,0,0
TF,TL514,20.783250,-87.319528,0, ,0.0,0.0,0.0,0.0,2,18000,0,0,0,0,0,0
TF,TL512,20.686333,-87.713639,0, ,0.0,0.0,0.0,0.0,3,13500,0,0,0,0,0,0
TF,USBON,20.338667,-87.779667,0, ,0.0,0.0,0.0,0.0,2,8700,0,1,250,0,0,0
TF,ESKIE,20.235167,-87.591583,0, ,0.0,0.0,0.0,0.0,2,5200,0,1,230,0,0,0

APPTR,D12,12,TQO
IF,TQO,20.160414,-87.638561, ,0.0,0.0,2,3000,0,0,0,0,1,0
FD,TQO,20.160414,-87.638561,0,TQO,0.0,9.0,279.0,9.0,2,1500,0,0,0,0,0,0
CF,CD12,20.235639,-87.776706,2,TQO,302.0,9.0,122.0,1.0,2,1500,0,0,0,0,0,0

FINAL,D12,12,D,3
IF,CD12,20.235639,-87.776706,TQO,302.0,9.0,2,1500,0,0,0,0,0,0
CF,FD12,20.210575,-87.730642,0,TQO,302.0,6.0,122.0,3.0,2,1200,0,0,0,0,2,0
CF,RW12,20.180833,-87.676353,0,TQO,301.8,2.5,122.0,3.5,1,90,0,0,0,0,3,0
CF,TQO,20.160414,-87.638561,0,TQO,0.0,0.0,122.0,2.5,0,0,0,0,0,0,0,0
FD,TQO,20.160414,-87.638561,0,TQO,0.0,7.0,122.0,7.0,0,0,0,0,0,0,0,0
DF,TQO,20.160414,-87.638561,1, ,0.0,0.0,2,3000,0,0,0,0,0,0

APPTR,D30,30,TQO
IF,TQO,20.160414,-87.638561, ,0.0,0.0,2,3000,0,0,0,0,1,0
FD,TQO,20.160414,-87.638561,0,TQO,0.0,8.0,102.0,8.0,2,1800,0,0,0,0,0,0
CF,CD30,20.093453,-87.515872,2,TQO,122.0,8.0,302.0,1.0,2,1800,0,0,0,0,0,0

FINAL,D30,30,D,3
IF,CD30,20.093453,-87.515872,TQO,122.0,8.0,2,1800,0,0,0,0,0,0
CF,FD30,20.118572,-87.561869,0,TQO,122.0,5.0,302.0,3.0,2,1800,0,0,0,0,2,0
CF,TQO,20.160414,-87.638561,0,TQO,0.0,0.0,302.0,5.0,1,239,0,0,0,0,3,0
FD,TQO,20.160414,-87.638561,0,TQO,0.0,7.0,302.0,7.0,0,0,0,0,0,0,0,0
DF,TQO,20.160414,-87.638561,1, ,0.0,0.0,2,3000,0,0,0,0,0,0

APPTR,I12-Y,12,AMAMO
IF,AMAMO,20.174472,-87.878944, ,0.0,0.0,2,4000,0,1,200,0,1,0
TF,TL402,20.261667,-87.826250,0,ITQO,0.0,0.0,0.0,0.0,1,2500,0,1,185,0,1,0

APPTR,I12-Y,12,OTUSO
IF,OTUSO,20.311389,-87.918667, ,0.0,0.0,2,4000,0,1,200,0,1,0
TF,TL402,20.261667,-87.826250,0,ITQO,0.0,0.0,0.0,0.0,1,2500,0,1,185,0,1,0

FINAL,I12-Y,12,I,3
IF,TL402,20.261667,-87.826250,ITQO,301.8,11.9,1,2500,0,1,185,0,0,0
CF,TL401,20.220194,-87.749306,0,ITQO,301.8,6.9,122.0,5.0,1,1600,0,0,0,0,2,0
CF,RW12,20.180833,-87.676353,0,ITQO,301.8,2.2,122.0,4.7,1,90,0,0,0,0,3,0
CA,0,122.0,2,450,0,0,0,0,0,0
CF,TL701,20.097722,-87.949778,2,TQO,260.0,18.0,268.0,16.0,3,3000,0,1,185,0,0,0
TF,TL702,20.207444,-88.006472,0, ,0.0,0.0,0.0,0.0,0,0,0,1,185,0,0,0
TF,OTUSO,20.311389,-87.918667,0, ,0.0,0.0,0.0,0.0,2,4000,0,1,230,0,0,0

APPTR,I12-Z,12,TQO
IF,TQO,20.160414,-87.638561, ,0.0,0.0,2,3000,0,0,0,0,1,0
FD,TQO,20.160414,-87.638561,0,TQO,0.0,10.0,279.0,10.0,2,1600,0,0,0,0,0,0
CF,CF12,20.243439,-87.792414,2,ITQO,301.8,9.7,122.0,1.0,2,1600,0,0,0,0,0,0

FINAL,I12-Z,12,I,3
IF,CF12,20.243439,-87.792414,ITQO,301.8,9.7,2,1600,0,0,0,0,0,0
CF,FF12,20.219958,-87.748858,0,ITQO,301.8,6.9,122.0,2.8,1,1600,0,0,0,0,2,0
CF,RW12,20.180833,-87.676353,0,ITQO,301.8,2.2,122.0,4.7,1,90,0,0,0,0,3,0
CF,TQO,20.160414,-87.638561,0,TQO,0.0,0.0,122.0,2.5,0,0,0,0,0,0,0,0
FD,TQO,20.160414,-87.638561,0,TQO,0.0,6.0,122.0,6.0,0,0,0,0,0,0,0,0
DF,TQO,20.160414,-87.638561,1, ,0.0,0.0,2,3000,0,0,0,0,0,0

APPTR,R12,12,AMAMO
IF,AMAMO,20.174472,-87.878944, ,0.0,0.0,2,4000,0,1,200,0,1,0
TF,TL402,20.261667,-87.826250,0, ,0.0,0.0,0.0,0.0,1,2500,0,1,185,0,1,0

APPTR,R12,12,OTUSO
IF,OTUSO,20.311389,-87.918667, ,0.0,0.0,2,4000,0,1,200,0,1,0
TF,TL402,20.261667,-87.826250,0, ,0.0,0.0,0.0,0.0,1,2500,0,1,185,0,1,0

FINAL,R12,12,R,3
IF,TL402,20.261667,-87.826250, ,0.0,0.0,1,2500,0,1,185,0,0,0
TF,TL401,20.220194,-87.749306,0, ,0.0,0.0,122.0,5.0,1,1600,0,0,0,0,2,0
TF,RW12,20.180833,-87.676353,0, ,0.0,0.0,122.0,4.7,1,90,0,0,0,0,3,1
CF,TL701,20.097722,-87.949778,2,CZM,249.5,63.4,268.0,15.0,3,3000,0,1,185,0,0,0
TF,TL702,20.207444,-88.006472,0, ,0.0,0.0,0.0,0.0,0,0,0,1,185,0,0,0
TF,OTUSO,20.311389,-87.918667,0, ,0.0,0.0,0.0,0.0,2,4000,0,1,230,0,0,0

APPTR,R30,30,ESKIE
IF,ESKIE,20.235167,-87.591583, ,0.0,0.0,2,5200,0,1,230,0,1,0
TF,TL430,20.235472,-87.502972,0, ,0.0,0.0,0.0,0.0,2,3800,0,0,0,0,0,0
TF,TL420,20.135111,-87.502611,0, ,0.0,0.0,0.0,0.0,1,2100,0,1,185,0,1,0

APPTR,R30,30,OTREL
IF,OTREL,20.135389,-87.414028, ,0.0,0.0,2,3800,0,1,230,0,1,0
TF,TL420,20.135111,-87.502611,0, ,0.0,0.0,0.0,0.0,1,2100,0,1,185,0,1,0

FINAL,R30,30,R,3
IF,TL420,20.135111,-87.502611, ,0.0,0.0,1,2100,0,1,185,0,0,0
TF,TL410,20.134806,-87.591167,0, ,0.0,0.0,272.0,5.0,1,1200,0,0,0,0,2,0
TF,RW30,20.164233,-87.645617,0, ,0.0,0.0,302.0,3.5,1,97,0,0,0,0,3,1
CF,TL602,20.205750,-87.722528,0,CZM,250.6,49.1,302.0,5.0,0,0,0,1,185,0,0,1
CF,TL702,20.207444,-88.006472,0,CZM,256.0,64.3,272.0,16.0,0,0,0,1,185,0,0,0
TF,TL703,20.285500,-88.025861,0, ,0.0,0.0,0.0,0.0,0,0,0,1,185,0,0,0
TF,OTUSO,20.311389,-87.918667,0, ,0.0,0.0,0.0,0.0,0,0,0,0,0,0,0,0
TF,USBON,20.338667,-87.779667,0, ,0.0,0.0,0.0,0.0,1,5200,0,1,230,0,0,0
TF,ESKIE,20.235167,-87.591583,0, ,0.0,0.0,0.0,0.0,1,5200,0,0,0,0,0,0

