APPTR,R18-V,18,KOMVO
IF,KOMVO,8.885028,-79.071694, ,0.0,0.0,2,4000,0,0,0,0,0,0
TF,OTADI,8.813861,-79.061389,0, ,0.0,0.0,0.0,0.0,2,2000,0,0,0,0,0,0

FINAL,R18-V,18,R,4
IF,OTADI,8.813861,-79.061389, ,0.0,0.0,2,2000,0,0,0,0,0,0
TF,CZ772,8.731000,-79.049417,0, ,0.0,0.0,176.0,5.0,2,1200,0,0,0,0,2,0
TF,CZ771,8.681278,-79.042222,0, ,0.0,0.0,176.0,3.0,2,1000,0,0,0,0,0,0
TF,RW18,8.631556,-79.035056,0, ,0.0,0.0,176.0,3.0,1,80,0,0,0,0,3,0
VM,0,0,0,176.0,0,0,0,0,0,0,0,0

APPTR,R36-V,36,ALBIL
IF,ALBIL,8.670528,-79.123278, ,0.0,0.0,2,3000,0,0,0,0,0,0
TF,EDROL,8.512750,-79.102861,0, ,0.0,0.0,0.0,0.0,2,2000,0,0,0,0,0,0
TF,CZ637,8.524694,-79.019611,1, ,0.0,0.0,0.0,0.0,2,1300,0,0,0,0,0,0

APPTR,R36-V,36,ANKIT
IF,ANKIT,8.536611,-78.936361, ,0.0,0.0,2,2000,0,0,0,0,0,0
TF,CZ637,8.524694,-79.019611,0, ,0.0,0.0,0.0,0.0,2,1300,0,0,0,0,0,0

FINAL,R36-V,36,R,3
IF,CZ637,8.524694,-79.019611, ,0.0,0.0,2,1300,0,0,0,0,0,0
TF,CZ636,8.574417,-79.026806,0, ,0.0,0.0,356.0,3.0,2,1100,0,0,0,0,2,0
TF,RW36,8.625306,-79.034139,0, ,0.0,0.0,356.0,3.1,1,76,0,0,0,0,3,0
VM,0,0,0,356.0,0,0,0,0,0,0,0,0

