SID,ERICC6,10,4
VA,0,99.0,2,561,0,0,0,0,0,0
DF,CAPTN,19.745000,-75.316667,2, ,0.0,0.0,2,2000,0,0,0,0,0,0
TF,ERICC,18.853333,-76.083333,0, ,0.0,0.0,0.0,0.0,0,0,0,0,0,0,0,0

SID,ERICC6,28,4
VA,0,279.0,2,561,0,0,0,0,0,0
DF,CAPTN,19.745000,-75.316667,0, ,0.0,0.0,2,2000,0,0,0,0,0,0
TF,ERICC,18.853333,-76.083333,0, ,0.0,0.0,0.0,0.0,0,0,0,0,0,0,0,0

SID,GTMOD7,10,4
VA,0,99.0,2,561,0,0,0,0,0,0
DF,DANYL,19.705000,-75.066667,0, ,0.0,0.0,2,2000,0,0,0,0,0,0

SID,GTMOD7,28,4
VA,0,279.0,2,561,0,0,0,0,0,0
DF,DANYL,19.705000,-75.066667,1, ,0.0,0.0,2,2000,0,0,0,0,0,0

SID,GTMOD7,BYGON,6
IF,DANYL,19.705000,-75.066667, ,0.0,0.0,2,2000,0,0,0,0,0,0
TF,EASTP,19.905000,-73.948333,0, ,0.0,0.0,0.0,0.0,0,0,0,0,0,0,0,0
TF,BYGON,20.505556,-73.832500,0, ,0.0,0.0,0.0,0.0,0,0,0,0,0,0,0,0

SID,GTMOD7,GABUN,6
IF,DANYL,19.705000,-75.066667, ,0.0,0.0,2,2000,0,0,0,0,0,0
TF,GABUN,18.800000,-74.069794,0, ,0.0,0.0,0.0,0.0,0,0,0,0,0,0,0,0

SID,GTMOD7,LODMA,6
IF,DANYL,19.705000,-75.066667, ,0.0,0.0,2,2000,0,0,0,0,0,0
TF,LODMA,19.310000,-73.516667,0, ,0.0,0.0,0.0,0.0,0,0,0,0,0,0,0,0

STAR,SOUTP7,BYGON,4
IF,BYGON,20.505556,-73.832500, ,0.0,0.0,0,0,0,0,0,0,0,0
TF,EASTP,19.905000,-73.948333,0, ,0.0,0.0,0.0,0.0,3,19500,0,0,0,0,0,0
TF,SOUTP,19.586667,-75.126667,0, ,0.0,0.0,0.0,0.0,0,0,0,0,0,0,0,0

STAR,SOUTP7,ERICC,4
IF,ERICC,18.853333,-76.083333, ,0.0,0.0,0,0,0,0,0,0,0,0
TF,SOUTP,19.586667,-75.126667,0, ,0.0,0.0,0.0,0.0,0,0,0,0,0,0,0,0

STAR,SOUTP7,GABUN,4
IF,GABUN,18.800000,-74.069794, ,0.0,0.0,0,0,0,0,0,0,0,0
TF,SOUTP,19.586667,-75.126667,0, ,0.0,0.0,0.0,0.0,0,0,0,0,0,0,0,0

STAR,SOUTP7,LODMA,4
IF,LODMA,19.310000,-73.516667, ,0.0,0.0,0,0,0,0,0,0,0,0
TF,SOUTP,19.586667,-75.126667,0, ,0.0,0.0,0.0,0.0,0,0,0,0,0,0,0,0

STAR,SOUTP7,ALL,5
IF,SOUTP,19.586667,-75.126667, ,0.0,0.0,0,0,0,0,0,0,0,0

APPTR,R10,10,SOUTP
IF,SOUTP,19.586667,-75.126667, ,0.0,0.0,2,3000,0,0,0,0,1,0
TF,CUBMA,19.789744,-75.318808,0, ,0.0,0.0,0.0,0.0,2,2600,0,0,0,0,1,0

FINAL,R10,10,R,4
IF,CUBMA,19.789744,-75.318808, ,0.0,0.0,2,2600,0,0,0,0,0,0
TF,BOBGE,19.864728,-75.320864,0, ,0.0,0.0,7.0,4.5,2,1900,0,0,0,0,0,0
TF,PADLE,19.888958,-75.294206,0, ,0.0,0.0,54.0,2.1,2,1700,0,0,0,0,2,0
TF,RW10,19.906783,-75.218703,0, ,0.0,0.0,84.0,4.4,1,118,0,0,0,0,3,1
CA,0,84.0,2,461,0,0,0,0,0,0
DF,SOUTP,19.586667,-75.126667,2, ,0.0,0.0,2,3000,0,0,0,0,0,1
HM,SOUTP,19.586667,-75.126667,2, ,0.0,0.0,353.0,05,3,12000,0,1,230,0,0,0,0

APPTR,R28,28,SOUTP
IF,SOUTP,19.586667,-75.126667, ,0.0,0.0,2,3000,0,0,0,0,1,0
TF,DESME,19.758589,-75.104883,0, ,0.0,0.0,0.0,0.0,2,2600,0,0,0,0,1,0

FINAL,R28,28,R,4
IF,DESME,19.758589,-75.104883, ,0.0,0.0,2,2600,0,0,0,0,0,0
TF,EKANE,19.870342,-75.088608,0, ,0.0,0.0,16.0,6.7,2,1900,0,0,0,0,0,0
TF,HAPOL,19.900050,-75.132092,0, ,0.0,0.0,314.0,3.0,2,1400,0,0,0,0,2,0
TF,RW28,19.906356,-75.195419,0, ,0.0,0.0,284.0,3.6,1,101,0,0,0,0,3,1
CA,0,284.0,2,800,0,0,0,0,0,0
DF,SOUTP,19.586667,-75.126667,1, ,0.0,0.0,2,3000,0,0,0,0,0,1
HM,SOUTP,19.586667,-75.126667,2, ,0.0,0.0,353.0,05,3,12000,0,1,230,0,0,0,0

