SID,KEDAG1,05,5
CA,0,55.0,2,1000,0,0,0,0,0,0
DF,HG612,20.855181,-76.083050,0, ,0.0,0.0,0,0,0,0,0,0,0,0
TF,KEDAG,20.788592,-75.858808,0, ,0.0,0.0,0.0,0.0,0,0,0,0,0,0,0,0

SID,KEDAG1,OVALU,6
IF,KEDAG,20.788592,-75.858808, ,0.0,0.0,0,0,0,0,0,0,0,0
TF,OVALU,20.850556,-74.113056,0, ,0.0,0.0,0.0,0.0,0,0,0,0,0,0,0,1

SID,KEDAG1,UCU,6
IF,KEDAG,20.788592,-75.858808, ,0.0,0.0,0,0,0,0,0,0,0,0
TF,UCU,19.977800,-75.822656,0, ,0.0,0.0,0.0,0.0,0,0,0,0,0,0,0,0

SID,KEDAG1,URLAM,6
IF,KEDAG,20.788592,-75.858808, ,0.0,0.0,0,0,0,0,0,0,0,0
TF,URLAM,19.965278,-73.371667,0, ,0.0,0.0,0.0,0.0,0,0,0,0,0,0,0,1

SID,NABO2B,23,5
CA,0,235.0,2,1000,0,0,0,0,0,0
DF,HG601,20.584517,-76.384256,0, ,0.0,0.0,0,0,0,0,0,0,0,0
TF,NABOL,20.480078,-76.116419,0, ,0.0,0.0,0.0,0.0,0,0,0,0,0,0,0,0

SID,NABO2B,UCU,6
IF,NABOL,20.480078,-76.116419, ,0.0,0.0,0,0,0,0,0,0,0,0
TF,UCU,19.977800,-75.822656,0, ,0.0,0.0,0.0,0.0,0,0,0,0,0,0,0,0

SID,NABO2B,URLAM,6
IF,NABOL,20.480078,-76.116419, ,0.0,0.0,0,0,0,0,0,0,0,0
TF,URLAM,19.965278,-73.371667,0, ,0.0,0.0,0.0,0.0,0,0,0,0,0,0,0,1

SID,OVATO1,05,5
CA,0,55.0,2,1000,0,0,0,0,0,0
DF,OVATO,20.927772,-76.156800,0, ,0.0,0.0,0,0,0,0,0,0,0,0

SID,OVATO1,ERRCA,6
IF,OVATO,20.927772,-76.156800, ,0.0,0.0,0,0,0,0,0,0,0,0
TF,ERRCA,22.704722,-76.137222,0, ,0.0,0.0,0.0,0.0,0,0,0,0,0,0,0,1

SID,OVATO1,GHANN,6
IF,OVATO,20.927772,-76.156800, ,0.0,0.0,0,0,0,0,0,0,0,0
TF,GHANN,22.000000,-75.166667,0, ,0.0,0.0,0.0,0.0,0,0,0,0,0,0,0,1

SID,PIKTI1,05,5
CA,0,55.0,2,1000,0,0,0,0,0,0
DF,HG607,21.006850,-76.409350,0, ,0.0,0.0,0,0,0,0,0,0,0,0
TF,PIKTI,21.034114,-76.779033,0, ,0.0,0.0,0.0,0.0,0,0,0,0,0,0,0,0

SID,PIKTI1,ANETU,6
IF,PIKTI,21.034114,-76.779033, ,0.0,0.0,0,0,0,0,0,0,0,0
TF,ANETU,21.250000,-77.143333,0, ,0.0,0.0,0.0,0.0,0,0,0,0,0,0,0,0

SID,PIKTI1,IKMIL,6
IF,PIKTI,21.034114,-76.779033, ,0.0,0.0,0,0,0,0,0,0,0,0
TF,IKMIL,20.998333,-77.575556,0, ,0.0,0.0,0.0,0.0,0,0,0,0,0,0,0,0

SID,PIKTI2,23,5
CA,0,235.0,2,1000,0,0,0,0,0,0
DF,HG600,20.729622,-76.531622,0, ,0.0,0.0,0,0,0,0,0,0,0,0
TF,PIKTI,21.034114,-76.779033,0, ,0.0,0.0,0.0,0.0,0,0,0,0,0,0,0,0

SID,PIKTI2,ANETU,6
IF,PIKTI,21.034114,-76.779033, ,0.0,0.0,0,0,0,0,0,0,0,0
TF,ANETU,21.250000,-77.143333,0, ,0.0,0.0,0.0,0.0,0,0,0,0,0,0,0,0

SID,PIKTI2,BORDO,6
IF,PIKTI,21.034114,-76.779033, ,0.0,0.0,0,0,0,0,0,0,0,0
TF,BORDO,24.000053,-78.458869,0, ,0.0,0.0,0.0,0.0,0,0,0,0,0,0,0,1

SID,PIKTI2,DYNAH,6
IF,PIKTI,21.034114,-76.779033, ,0.0,0.0,0,0,0,0,0,0,0,0
TF,DYNAH,23.949497,-77.946833,0, ,0.0,0.0,0.0,0.0,0,0,0,0,0,0,0,1

SID,PIKTI2,ENAMO,6
IF,PIKTI,21.034114,-76.779033, ,0.0,0.0,0,0,0,0,0,0,0,0
TF,ENAMO,23.562186,-77.359611,0, ,0.0,0.0,0.0,0.0,0,0,0,0,0,0,0,0

SID,PIKTI2,ZEUSS,6
IF,PIKTI,21.034114,-76.779033, ,0.0,0.0,0,0,0,0,0,0,0,0
TF,ZEUSS,24.000000,-78.795833,0, ,0.0,0.0,0.0,0.0,0,0,0,0,0,0,0,1

SID,XOSUT2,05,5
CA,0,55.0,2,1000,0,0,0,0,0,0
DF,HG611,21.000333,-76.230622,0, ,0.0,0.0,0,0,0,0,0,0,0,0
TF,XOSUT,21.287017,-76.294375,0, ,0.0,0.0,0.0,0.0,0,0,0,0,0,0,0,0

SID,XOSUT2,BORDO,6
IF,XOSUT,21.287017,-76.294375, ,0.0,0.0,0,0,0,0,0,0,0,0
TF,BORDO,24.000053,-78.458869,0, ,0.0,0.0,0.0,0.0,0,0,0,0,0,0,0,1

SID,XOSUT2,DYNAH,6
IF,XOSUT,21.287017,-76.294375, ,0.0,0.0,0,0,0,0,0,0,0,0
TF,DYNAH,23.949497,-77.946833,0, ,0.0,0.0,0.0,0.0,0,0,0,0,0,0,0,1

SID,XOSUT2,ENAMO,6
IF,XOSUT,21.287017,-76.294375, ,0.0,0.0,0,0,0,0,0,0,0,0
TF,ENAMO,23.562186,-77.359611,0, ,0.0,0.0,0.0,0.0,0,0,0,0,0,0,0,0

SID,XOSUT2,ZEUSS,6
IF,XOSUT,21.287017,-76.294375, ,0.0,0.0,0,0,0,0,0,0,0,0
TF,ZEUSS,24.000000,-78.795833,0, ,0.0,0.0,0.0,0.0,0,0,0,0,0,0,0,1

STAR,BEMUV6,ANETU,4
IF,ANETU,21.250000,-77.143333, ,0.0,0.0,0,0,0,0,0,0,0,0
TF,BEMUV,21.102994,-76.801142,0, ,0.0,0.0,0.0,0.0,0,0,0,0,0,0,0,0

STAR,BEMUV6,DYNAH,4
IF,DYNAH,23.949497,-77.946833, ,0.0,0.0,0,0,0,0,0,0,0,0
TF,BEMUV,21.102994,-76.801142,0, ,0.0,0.0,0.0,0.0,0,0,0,0,0,0,0,0

STAR,BEMUV6,ENAMO,4
IF,ENAMO,23.562186,-77.359611, ,0.0,0.0,0,0,0,0,0,0,0,0
TF,BEMUV,21.102994,-76.801142,0, ,0.0,0.0,0.0,0.0,0,0,0,0,0,0,0,0

STAR,BEMUV6,ERRCA,4
IF,ERRCA,22.704722,-76.137222, ,0.0,0.0,0,0,0,0,0,0,0,0
TF,BEMUV,21.102994,-76.801142,0, ,0.0,0.0,0.0,0.0,0,0,0,0,0,0,0,0

STAR,BEMUV6,GHANN,4
IF,GHANN,22.000000,-75.166667, ,0.0,0.0,0,0,0,0,0,0,0,0
TF,BEMUV,21.102994,-76.801142,0, ,0.0,0.0,0.0,0.0,0,0,0,0,0,0,0,0

STAR,BEMUV6,URSUS,4
IF,URSUS,24.000053,-79.069800, ,0.0,0.0,0,0,0,0,0,0,0,0
TF,BEMUV,21.102994,-76.801142,0, ,0.0,0.0,0.0,0.0,0,0,0,0,0,0,0,0

STAR,BEMUV6,05,5
IF,BEMUV,21.102994,-76.801142, ,0.0,0.0,0,0,0,0,0,0,0,0
TF,HG600,20.729622,-76.531622,0, ,0.0,0.0,0.0,0.0,2,3000,0,0,0,0,0,0

STAR,EMULI2,UCU,4
IF,UCU,19.977800,-75.822656, ,0.0,0.0,0,0,0,0,0,0,0,0
TF,EMULI,20.634556,-75.933872,0, ,0.0,0.0,0.0,0.0,2,5000,0,0,0,0,0,0

STAR,EMULI2,URLAM,4
IF,URLAM,19.965278,-73.371667, ,0.0,0.0,0,0,0,0,0,0,0,0
TF,EMULI,20.634556,-75.933872,0, ,0.0,0.0,0.0,0.0,2,5000,0,0,0,0,0,0

STAR,EMULI2,23,5
IF,EMULI,20.634556,-75.933872, ,0.0,0.0,2,5000,0,0,0,0,0,0
TF,HG612,20.855181,-76.083050,0, ,0.0,0.0,0.0,0.0,2,3000,0,0,0,0,0,0

STAR,NABOL2,OVALU,4
IF,OVALU,20.850556,-74.113056, ,0.0,0.0,0,0,0,0,0,0,0,0
TF,NABOL,20.480078,-76.116419,0, ,0.0,0.0,0.0,0.0,2,5000,0,0,0,0,0,0

STAR,NABOL2,UCU,4
IF,UCU,19.977800,-75.822656, ,0.0,0.0,0,0,0,0,0,0,0,0
TF,NABOL,20.480078,-76.116419,0, ,0.0,0.0,0.0,0.0,2,5000,0,0,0,0,0,0

STAR,NABOL2,URLAM,4
IF,URLAM,19.965278,-73.371667, ,0.0,0.0,0,0,0,0,0,0,0,0
TF,NABOL,20.480078,-76.116419,0, ,0.0,0.0,0.0,0.0,2,5000,0,0,0,0,0,0

STAR,NABOL2,05,5
IF,NABOL,20.480078,-76.116419, ,0.0,0.0,2,5000,0,0,0,0,0,0
TF,HG601,20.584517,-76.384256,0, ,0.0,0.0,0.0,0.0,2,3000,0,0,0,0,0,0

STAR,XOSUT1,DYNAH,4
IF,DYNAH,23.949497,-77.946833, ,0.0,0.0,0,0,0,0,0,0,0,0
TF,XOSUT,21.287017,-76.294375,0, ,0.0,0.0,0.0,0.0,0,0,0,0,0,0,0,0

STAR,XOSUT1,ENAMO,4
IF,ENAMO,23.562186,-77.359611, ,0.0,0.0,0,0,0,0,0,0,0,0
TF,XOSUT,21.287017,-76.294375,0, ,0.0,0.0,0.0,0.0,0,0,0,0,0,0,0,0

STAR,XOSUT1,URSUS,4
IF,URSUS,24.000053,-79.069800, ,0.0,0.0,0,0,0,0,0,0,0,0
TF,XOSUT,21.287017,-76.294375,0, ,0.0,0.0,0.0,0.0,0,0,0,0,0,0,0,0

STAR,XOSUT1,23,5
IF,XOSUT,21.287017,-76.294375, ,0.0,0.0,0,0,0,0,0,0,0,0
TF,HG611,21.000333,-76.230622,0, ,0.0,0.0,0.0,0.0,2,3000,0,0,0,0,0,0

APPTR,D05,05,BONUB
IF,BONUB,20.657086,-76.457906, ,0.0,0.0,2,2500,0,0,0,0,1,0
CF,CS05,20.704644,-76.404822,0,UHG,234.7,8.0,55.0,4.1,2,2000,0,0,0,0,0,0

APPTR,D05,05,HG600
IF,HG600,20.729622,-76.531622, ,0.0,0.0,2,3000,0,0,0,0,1,0
TF,BONUB,20.657086,-76.457906,0, ,0.0,0.0,0.0,0.0,2,2500,0,0,0,0,1,0
CF,CS05,20.704644,-76.404822,0,UHG,234.7,8.0,55.0,4.1,2,2000,0,0,0,0,0,0

APPTR,D05,05,HG601
IF,HG601,20.584517,-76.384256, ,0.0,0.0,2,3000,0,0,0,0,1,0
TF,BONUB,20.657086,-76.457906,0, ,0.0,0.0,0.0,0.0,2,2500,0,0,0,0,1,0
CF,CS05,20.704644,-76.404822,0,UHG,234.7,8.0,55.0,4.1,2,2000,0,0,0,0,0,0

APPTR,D05,05,UHG
IF,UHG,20.798106,-76.302997, ,0.0,0.0,2,3000,0,0,0,0,1,0
FD,UHG,20.798106,-76.302997,0,UHG,0.0,8.0,265.0,8.0,2,2000,0,0,0,0,0,0
CF,CS05,20.704644,-76.404822,1,UHG,234.7,8.0,55.0,1.0,2,2000,0,0,0,0,0,0

FINAL,D05,05,D,3
IF,CS05,20.704644,-76.404822,UHG,234.7,8.0,2,2000,0,0,0,0,0,0
CF,HG605,20.714892,-76.393669,0,UHG,234.7,7.1,55.0,0.9,1,2000,0,0,0,0,2,0
CF,RW05,20.776072,-76.325656,0,UHG,233.1,1.8,55.0,5.3,1,329,0,0,0,0,3,0
VA,0,55.0,2,1000,0,0,0,0,0,0
CF,KESTU,20.626228,-76.109044,0,UHG,142.3,15.0,142.0,15.0,2,4000,0,0,0,0,0,0
HM,KESTU,20.626228,-76.109044,2, ,0.0,0.0,322.0,04.3,2,4000,0,0,0,0,0,0,0

APPTR,D23,23,HG611
IF,HG611,21.000333,-76.230622, ,0.0,0.0,2,3000,0,0,0,0,1,0
TF,OVATO,20.927772,-76.156800,0, ,0.0,0.0,0.0,0.0,2,3000,0,0,0,0,1,0
CF,CS23,20.877742,-76.211681,0,UHG,56.1,7.0,236.0,4.3,2,2000,0,0,0,0,0,0

APPTR,D23,23,HG612
IF,HG612,20.855181,-76.083050, ,0.0,0.0,2,3000,0,0,0,0,1,0
TF,OVATO,20.927772,-76.156800,0, ,0.0,0.0,0.0,0.0,2,3000,0,0,0,0,1,0
CF,CS23,20.877742,-76.211681,0,UHG,56.1,7.0,236.0,4.3,2,2000,0,0,0,0,0,0

APPTR,D23,23,OVATO
IF,OVATO,20.927772,-76.156800, ,0.0,0.0,2,3000,0,0,0,0,1,0
CF,CS23,20.877742,-76.211681,0,UHG,56.1,7.0,236.0,4.3,2,2000,0,0,0,0,0,0

APPTR,D23,23,UHG
IF,UHG,20.798106,-76.302997, ,0.0,0.0,2,3000,0,0,0,0,1,0
FD,UHG,20.798106,-76.302997,0,UHG,0.0,7.0,92.0,7.0,2,2000,0,0,0,0,0,0
CF,CS23,20.877742,-76.211681,1,UHG,56.1,7.0,236.0,1.0,2,2000,0,0,0,0,0,0

FINAL,D23,23,D,3
IF,CS23,20.877742,-76.211681,UHG,56.1,7.0,2,2000,0,0,0,0,0,0
CF,HG624,20.853336,-76.239683,0,UHG,56.1,4.9,236.0,2.2,1,2000,0,0,0,0,2,0
CF,UHG,20.798106,-76.302997,0,UHG,0.0,0.0,236.0,4.9,1,455,0,0,0,0,3,0
VA,0,236.0,2,1500,0,0,0,0,0,0
CF,KESTU,20.626228,-76.109044,1,UHG,142.3,15.0,142.0,15.0,2,4000,0,0,0,0,0,0
HM,KESTU,20.626228,-76.109044,2, ,0.0,0.0,322.0,04.3,2,4000,0,0,0,0,0,0,0

APPTR,I05,05,HG600
IF,HG600,20.729622,-76.531622, ,0.0,0.0,2,3000,0,0,0,0,1,0
CF,BONUB,20.657086,-76.457906,0,IHG,235.3,12.2,145.0,6.0,2,2500,0,0,0,0,1,0

APPTR,I05,05,HG601
IF,HG601,20.584517,-76.384256, ,0.0,0.0,2,3000,0,0,0,0,1,0
CF,BONUB,20.657086,-76.457906,0,IHG,235.3,12.2,325.0,6.0,2,2500,0,0,0,0,1,0

APPTR,I05,05,UHG
IF,UHG,20.798106,-76.302997, ,0.0,0.0,2,3000,0,0,0,0,1,0
FD,UHG,20.798106,-76.302997,0,UHG,0.0,8.0,265.0,8.0,2,2000,0,0,0,0,0,0
VI,1,IHG,0.0,100.0,2,2000,0,0,0,0,0,0

FINAL,I05,05,I,3
IF,BONUB,20.657086,-76.457906,IHG,235.3,12.2,2,2500,0,0,0,0,1,0
CF,HG605,20.714892,-76.393669,0,IHG,235.3,7.2,55.0,5.0,1,2000,0,0,0,0,2,0
CF,RW05,20.776072,-76.325656,0,IHG,235.3,1.9,55.0,5.3,1,329,0,0,0,0,3,0
VA,0,55.0,2,1000,0,0,0,0,0,0
CF,KESTU,20.626228,-76.109044,0,UHG,142.3,15.0,142.0,15.0,2,4000,0,0,0,0,0,0
HM,KESTU,20.626228,-76.109044,2, ,0.0,0.0,322.0,04.3,2,4000,0,0,0,0,0,0,0

APPTR,L05,05,HG600
IF,HG600,20.729622,-76.531622, ,0.0,0.0,2,3000,0,0,0,0,1,0
CF,BONUB,20.657086,-76.457906,0,IHG,235.3,12.2,145.0,6.0,2,2500,0,0,0,0,1,0

APPTR,L05,05,HG601
IF,HG601,20.584517,-76.384256, ,0.0,0.0,2,3000,0,0,0,0,1,0
CF,BONUB,20.657086,-76.457906,0,IHG,235.3,12.2,325.0,6.0,2,2500,0,0,0,0,1,0

APPTR,L05,05,UHG
IF,UHG,20.798106,-76.302997, ,0.0,0.0,2,3000,0,0,0,0,1,0
FD,UHG,20.798106,-76.302997,0,UHG,0.0,8.0,265.0,8.0,2,2000,0,0,0,0,0,0
VI,1,IHG,0.0,100.0,2,2000,0,0,0,0,0,0

FINAL,L05,05,D,3
IF,BONUB,20.657086,-76.457906,IHG,235.3,12.2,2,2500,0,0,0,0,1,0
CF,HG605,20.714892,-76.393669,0,IHG,235.3,7.2,55.0,5.0,1,2000,0,0,0,0,2,0
CF,RW05,20.776072,-76.325656,0,IHG,235.3,1.9,55.0,5.3,1,329,0,0,0,0,3,0
VA,0,55.0,2,1000,0,0,0,0,0,0
CF,KESTU,20.626228,-76.109044,0,UHG,142.3,15.0,142.0,15.0,2,4000,0,0,0,0,0,0
HM,KESTU,20.626228,-76.109044,2, ,0.0,0.0,322.0,04.3,2,4000,0,0,0,0,0,0,0

APPTR,R05,05,HG600
IF,HG600,20.729622,-76.531622, ,0.0,0.0,2,3000,0,0,0,0,1,0
TF,BONUB,20.657086,-76.457906,0, ,0.0,0.0,0.0,0.0,2,2500,0,0,0,0,1,0

APPTR,R05,05,HG601
IF,HG601,20.584517,-76.384256, ,0.0,0.0,2,3000,0,0,0,0,1,0
TF,BONUB,20.657086,-76.457906,0, ,0.0,0.0,0.0,0.0,2,2500,0,0,0,0,1,0

FINAL,R05,05,R,3
IF,BONUB,20.657086,-76.457906, ,0.0,0.0,2,2500,0,0,0,0,1,0
TF,HG605,20.714892,-76.393669,0, ,0.0,0.0,55.0,5.0,1,2000,0,0,0,0,2,0
TF,RW05,20.776072,-76.325656,0, ,0.0,0.0,55.0,5.3,1,329,0,0,0,0,3,1
CA,0,55.0,2,1000,0,0,0,0,0,0
DF,KESTU,20.626228,-76.109044,2, ,0.0,0.0,2,4000,0,1,230,0,0,1
HM,KESTU,20.626228,-76.109044,2, ,0.0,0.0,269.0,04.2,2,4000,0,1,230,0,0,0,0

APPTR,R23,23,HG611
IF,HG611,21.000333,-76.230622, ,0.0,0.0,2,3000,0,0,0,0,1,0
TF,OVATO,20.927772,-76.156800,0, ,0.0,0.0,0.0,0.0,2,3000,0,0,0,0,1,0

APPTR,R23,23,HG612
IF,HG612,20.855181,-76.083050, ,0.0,0.0,2,3000,0,0,0,0,1,0
TF,OVATO,20.927772,-76.156800,0, ,0.0,0.0,0.0,0.0,2,3000,0,0,0,0,1,0

FINAL,R23,23,R,3
IF,OVATO,20.927772,-76.156800, ,0.0,0.0,2,3000,0,0,0,0,1,0
TF,HG624,20.853336,-76.239683,0, ,0.0,0.0,235.0,6.4,1,2000,0,0,0,0,2,0
TF,RW23,20.795661,-76.303867,0, ,0.0,0.0,235.0,5.0,1,411,0,0,0,0,3,1
CA,0,235.0,2,1500,0,0,0,0,0,0
DF,KESTU,20.626228,-76.109044,1, ,0.0,0.0,2,4000,0,1,230,0,0,1
HM,KESTU,20.626228,-76.109044,2, ,0.0,0.0,15.0,04.2,3,14000,0,1,230,0,0,0,0

