APPTR,R06,06,BEKTA
IF,BEKTA,-1.427225,176.278625, ,0.0,0.0,2,2500,0,0,0,0,1,0
TF,NIKUM,-1.360236,176.279556,0, ,0.0,0.0,0.0,0.0,2,2500,0,0,0,0,1,0

APPTR,R06,06,DAKAL
IF,DAKAL,-1.308317,176.237486, ,0.0,0.0,2,2500,0,0,0,0,1,0
TF,NIKUM,-1.360236,176.279556,0, ,0.0,0.0,0.0,0.0,2,2500,0,0,0,0,1,0

APPTR,R06,06,NIKUM
HF,NIKUM,-1.360236,176.279556,2, ,0.0,0.0,61.0,04.3,2,2500,0,0,0,0,1,0,0

FINAL,R06,06,R,3
IF,NIKUM,-1.360236,176.279556, ,0.0,0.0,2,2500,0,0,0,0,0,0
TF,NU601,-1.338203,176.342419,0, ,0.0,0.0,61.0,4.0,2,1300,0,0,0,0,2,0
TF,RW06,-1.316169,176.405281,0, ,0.0,0.0,61.0,4.0,1,68,0,0,0,0,3,1
CA,0,61.0,2,1000,0,0,0,0,0,0
DF,NIKUM,-1.360236,176.279556,1, ,0.0,0.0,2,2500,0,0,0,0,0,0

