SID,ALAP1P,08,2
CA,0,78.0,2,560,0,0,0,0,0,0
CA,0,63.0,2,1000,0,0,0,0,0,0
CI,1, ,0.0,236.0,0,0,0,1,210,0,0,0
CF,ALAPI,-13.761881,-172.502008,0,FA,265.7,30.0,266.0,23.0,0,0,0,0,0,0,0,0

SID,ALAP1Q,26,2
DF,DER26,-13.830214,-172.022278,0, ,0.0,0.0,0,0,0,0,0,0,0,1
CA,0,258.0,2,1000,0,0,0,0,0,0
CF,ALAPI,-13.761881,-172.502008,0,FA,265.6,30.0,266.0,26.0,0,0,0,0,0,0,0,0

SID,ALAP1R,08,5
CA,0,78.0,2,400,0,0,0,0,0,0
CF,FA388,-13.807222,-171.911467,0,FA,62.4,4.9,63.0,5.0,0,0,0,0,0,0,0,1
DF,FA386,-13.725775,-172.113975,1, ,0.0,0.0,0,0,0,0,0,0,0,0
TF,ALAPI,-13.761881,-172.502008,0, ,0.0,0.0,0.0,0.0,0,0,0,0,0,0,0,0

SID,ALAP1S,26,5
CF,FA512,-13.831808,-172.166781,0,FA,257.0,10.2,258.0,8.0,0,0,0,0,0,0,0,0
TF,ALAPI,-13.761881,-172.502008,0, ,0.0,0.0,0.0,0.0,0,0,0,0,0,0,0,0

SID,AROX1P,08,2
CA,0,78.0,2,560,0,0,0,0,0,0
CA,0,63.0,2,1000,0,0,0,0,0,0
CI,1, ,0.0,160.0,0,0,0,1,210,0,0,0
CF,AROXA,-14.295731,-172.183514,0,FA,189.7,30.0,190.0,28.0,0,0,0,0,0,0,0,0

SID,AROX1Q,26,2
DF,DER26,-13.830214,-172.022278,0, ,0.0,0.0,0,0,0,0,0,0,0,1
CA,0,258.0,2,1000,0,0,0,0,0,0
VI,1, ,0.0,160.0,0,0,0,0,0,0,0,0
CF,AROXA,-14.295731,-172.183514,0,FA,189.7,30.0,190.0,19.0,0,0,0,0,0,0,0,0

SID,AROX1R,08,5
CA,0,78.0,2,400,0,0,0,0,0,0
CF,FA388,-13.807222,-171.911467,0,FA,62.4,4.9,63.0,5.0,0,0,0,0,0,0,0,1
DF,FA386,-13.725775,-172.113975,1, ,0.0,0.0,0,0,0,0,0,0,0,0
TF,FA413,-13.903242,-172.140661,0, ,0.0,0.0,0.0,0.0,0,0,0,0,0,0,0,0
TF,AROXA,-14.295731,-172.183514,0, ,0.0,0.0,0.0,0.0,0,0,0,0,0,0,0,0

SID,AROX1S,26,5
CF,FA512,-13.831808,-172.166781,0,FA,257.0,10.2,258.0,8.0,0,0,0,0,0,0,0,0
TF,FA616,-14.030422,-172.181217,0, ,0.0,0.0,0.0,0.0,0,0,0,0,0,0,0,0
TF,AROXA,-14.295731,-172.183514,0, ,0.0,0.0,0.0,0.0,0,0,0,0,0,0,0,0

SID,GOTS1P,08,2
CA,0,78.0,2,560,0,0,0,0,0,0
CA,0,63.0,2,3000,0,0,0,0,0,0
DF,FA,-13.828750,-171.992942,1, ,0.0,0.0,0,0,0,1,210,0,0,0
CF,GOTSO,-14.196428,-171.851253,0,FA,147.4,23.4,148.0,24.0,0,0,0,0,0,0,0,0

SID,GOTS1Q,26,2
DF,DER26,-13.830214,-172.022278,0, ,0.0,0.0,0,0,0,0,0,0,0,1
CA,0,258.0,2,1000,0,0,0,0,0,0
VI,1, ,0.0,118.0,0,0,0,1,210,0,0,0
CF,GOTSO,-14.196428,-171.851253,0,FA,147.4,23.5,148.0,12.0,0,0,0,0,0,0,0,0

SID,GOTS1R,08,5
CA,0,78.0,2,400,0,0,0,0,0,0
CF,FA388,-13.807222,-171.911467,0,FA,62.4,4.9,63.0,5.0,0,0,0,0,0,0,0,1
DF,FA386,-13.725775,-172.113975,1, ,0.0,0.0,0,0,0,0,0,0,0,0
TF,FA413,-13.903242,-172.140661,0, ,0.0,0.0,0.0,0.0,0,0,0,0,0,0,0,0
TF,GOTSO,-14.196428,-171.851253,0, ,0.0,0.0,0.0,0.0,0,0,0,0,0,0,0,0

SID,GOTS1S,26,5
CF,FA512,-13.831808,-172.166781,0,FA,257.0,10.2,258.0,8.0,0,0,0,0,0,0,0,0
TF,FA616,-14.030422,-172.181217,0, ,0.0,0.0,0.0,0.0,0,0,0,0,0,0,0,0
TF,GOTSO,-14.196428,-171.851253,0, ,0.0,0.0,0.0,0.0,0,0,0,0,0,0,0,0

SID,IKEN1P,08,2
CA,0,78.0,2,560,0,0,0,0,0,0
CA,0,63.0,2,1000,0,0,0,0,0,0
CI,1, ,0.0,259.0,0,0,0,1,210,0,0,0
CF,IKENA,-13.574233,-172.435256,0,FA,288.5,30.0,289.0,23.0,0,0,0,0,0,0,0,0

SID,IKEN1Q,26,2
DF,DER26,-13.830214,-172.022278,0, ,0.0,0.0,0,0,0,0,0,0,0,1
CA,0,258.0,2,1000,0,0,0,0,0,0
VI,0, ,0.0,319.0,0,0,0,0,0,0,0,0
CF,IKENA,-13.574233,-172.435256,0,FA,288.4,30.0,289.0,22.0,0,0,0,0,0,0,0,0

SID,IKEN1R,08,5
CA,0,78.0,2,400,0,0,0,0,0,0
CF,FA388,-13.807222,-171.911467,0,FA,62.4,4.9,63.0,5.0,0,0,0,0,0,0,0,1
DF,FA471,-13.647956,-172.119514,1, ,0.0,0.0,0,0,0,0,0,0,0,0
TF,IKENA,-13.574233,-172.435256,0, ,0.0,0.0,0.0,0.0,0,0,0,0,0,0,0,0

SID,IKEN1S,26,5
CF,FA512,-13.831808,-172.166781,0,FA,257.0,10.2,258.0,8.0,0,0,0,0,0,0,0,0
TF,IKENA,-13.574233,-172.435256,0, ,0.0,0.0,0.0,0.0,0,0,0,0,0,0,0,0

SID,LAVE1P,08,2
CA,0,78.0,2,560,0,0,0,0,0,0
CA,0,63.0,2,1000,0,1,210,0,0,0
CF,LAVEK,-13.667011,-171.624106,0,FA,53.8,23.6,54.0,23.0,0,0,0,0,0,0,0,0

SID,LAVE1Q,26,2
DF,DER26,-13.830214,-172.022278,0, ,0.0,0.0,0,0,0,0,0,0,0,1
CA,0,258.0,2,1000,0,0,0,0,0,0
VI,2, ,0.0,84.0,0,0,0,1,210,0,0,0
CF,LAVEK,-13.667011,-171.624106,0,FA,53.9,23.6,54.0,17.0,0,0,0,0,0,0,0,0

SID,LAVE1R,08,5
CA,0,78.0,2,400,0,0,0,0,0,0
CF,FA388,-13.807222,-171.911467,0,FA,62.4,4.9,63.0,5.0,0,0,0,0,0,0,0,1
TF,LAVEK,-13.667011,-171.624106,0, ,0.0,0.0,0.0,0.0,0,0,0,0,0,0,0,0

SID,LAVE1S,26,5
CF,FA512,-13.831808,-172.166781,0,FA,257.0,10.2,258.0,8.0,0,0,0,0,0,0,0,0
TF,FA733,-13.623272,-172.165750,2, ,0.0,0.0,0.0,0.0,0,0,0,1,210,0,0,0
TF,LAVEK,-13.667011,-171.624106,2, ,0.0,0.0,0.0,0.0,0,0,0,0,0,0,0,0

SID,ODUM1P,08,2
CA,0,78.0,2,560,0,0,0,0,0,0
CA,0,63.0,2,1000,0,0,0,0,0,0
CI,1, ,0.0,202.0,0,0,0,1,210,0,0,0
CF,ODUMA,-14.048911,-172.455228,0,FA,232.0,30.0,232.0,25.0,0,0,0,0,0,0,0,0

SID,ODUM1Q,26,2
DF,DER26,-13.830214,-172.022278,0, ,0.0,0.0,0,0,0,0,0,0,0,1
CA,0,258.0,2,1000,0,0,0,0,0,0
VI,0, ,0.0,202.0,0,0,0,0,0,0,0,0
CF,ODUMA,-14.048911,-172.455228,0,FA,232.0,30.0,232.0,23.0,0,0,0,0,0,0,0,0

SID,ODUM1R,08,5
CA,0,78.0,2,400,0,0,0,0,0,0
CF,FA388,-13.807222,-171.911467,0,FA,62.4,4.9,63.0,5.0,0,0,0,0,0,0,0,1
DF,FA386,-13.725775,-172.113975,1, ,0.0,0.0,0,0,0,0,0,0,0,0
TF,ODUMA,-14.048911,-172.455228,0, ,0.0,0.0,0.0,0.0,0,0,0,0,0,0,0,0

SID,ODUM1S,26,5
CF,FA512,-13.831808,-172.166781,0,FA,257.0,10.2,258.0,8.0,0,0,0,0,0,0,0,0
TF,ODUMA,-14.048911,-172.455228,0, ,0.0,0.0,0.0,0.0,0,0,0,0,0,0,0,0

SID,PONA1P,08,2
CA,0,78.0,2,560,0,0,0,0,0,0
CA,0,63.0,2,3000,0,0,0,0,0,0
DF,FA,-13.828750,-171.992942,1, ,0.0,0.0,0,0,0,1,210,0,0,0
CI,1, ,0.0,71.0,0,0,0,0,0,0,0,0
CF,PONAT,-14.085758,-171.346275,0,FA,100.2,40.7,101.0,37.0,0,0,0,0,0,0,0,0

SID,PONA1Q,26,2
DF,DER26,-13.830214,-172.022278,0, ,0.0,0.0,0,0,0,0,0,0,0,1
CA,0,258.0,2,1000,0,0,0,0,0,0
VI,1, ,0.0,71.0,0,0,0,1,210,0,0,0
CF,PONAT,-14.085758,-171.346275,0,FA,100.2,40.7,101.0,34.0,0,0,0,0,0,0,0,0

SID,PONA1R,08,5
CA,0,78.0,2,400,0,0,0,0,0,0
CF,FA388,-13.807222,-171.911467,0,FA,62.4,4.9,63.0,5.0,0,0,0,0,0,0,0,1
TF,FALFA,-13.825589,-171.651908,0, ,0.0,0.0,0.0,0.0,0,0,0,0,0,0,0,0
TF,PONAT,-14.085758,-171.346275,0, ,0.0,0.0,0.0,0.0,0,0,0,0,0,0,0,0

SID,PONA1S,26,5
CF,FA512,-13.831808,-172.166781,0,FA,257.0,10.2,258.0,8.0,0,0,0,0,0,0,0,0
TF,FA616,-14.030422,-172.181217,0, ,0.0,0.0,0.0,0.0,0,0,0,1,210,0,0,0
TF,PONAT,-14.085758,-171.346275,0, ,0.0,0.0,0.0,0.0,0,0,0,0,0,0,0,0

SID,UVUT1P,08,2
CA,0,78.0,2,560,0,0,0,0,0,0
CA,0,63.0,2,1000,0,0,0,0,0,0
CI,1, ,0.0,206.0,0,0,0,1,210,0,0,0
CF,UVUTI,-14.021083,-172.467994,0,FA,235.5,30.0,236.0,24.0,0,0,0,0,0,0,0,0

SID,UVUT1Q,26,2
DF,DER26,-13.830214,-172.022278,0, ,0.0,0.0,0,0,0,0,0,0,0,1
CA,0,258.0,2,1000,0,0,0,0,0,0
VI,0, ,0.0,206.0,0,0,0,0,0,0,0,0
CF,UVUTI,-14.021083,-172.467994,0,FA,235.4,30.0,236.0,23.0,0,0,0,0,0,0,0,0

SID,UVUT1R,08,5
CA,0,78.0,2,400,0,0,0,0,0,0
CF,FA388,-13.807222,-171.911467,0,FA,62.4,4.9,63.0,5.0,0,0,0,0,0,0,0,1
DF,FA386,-13.725775,-172.113975,1, ,0.0,0.0,0,0,0,0,0,0,0,0
TF,UVUTI,-14.021083,-172.467994,0, ,0.0,0.0,0.0,0.0,0,0,0,0,0,0,0,0

SID,UVUT1S,26,5
CF,FA512,-13.831808,-172.166781,0,FA,257.0,10.2,258.0,8.0,0,0,0,0,0,0,0,0
TF,UVUTI,-14.021083,-172.467994,0, ,0.0,0.0,0.0,0.0,0,0,0,0,0,0,0,0

STAR,AROX2A,08,2
IF,AROXA,-14.295731,-172.183514, ,0.0,0.0,0,0,0,0,0,0,0,0
TF,D190N,-14.046714,-172.082700,0, ,0.0,0.0,0.0,0.0,0,0,0,0,0,0,0,0
CI,0, ,0.0,10.0,0,0,0,0,0,0,0,0
AF,CI08,-13.832147,-172.198414,2,FA,257.0,12.0,190.0,0,0,0,0,0,0,0,0

STAR,AVKO1B,08,5
IF,AVKOL,-15.159819,-173.359647, ,0.0,0.0,0,0,0,0,0,0,0,0
TF,TAFUA,-13.916139,-172.218550,0, ,0.0,0.0,0.0,0.0,0,0,0,1,230,0,0,0

STAR,AVKO1C,26,5
IF,AVKOL,-15.159819,-173.359647, ,0.0,0.0,0,0,0,0,0,0,0,0
TF,MAUGA,-14.135292,-171.647603,0, ,0.0,0.0,0.0,0.0,0,0,0,0,0,0,0,0

STAR,AVKO1D,08,5
IF,AVKOL,-15.159819,-173.359647, ,0.0,0.0,0,0,0,0,0,0,0,0
TF,DINAR,-13.832450,-172.219508,0, ,0.0,0.0,0.0,0.0,0,0,0,1,190,0,0,0

STAR,BIGE2B,08,5
IF,BIGEK,-14.637606,-171.680447, ,0.0,0.0,0,0,0,0,0,0,0,0
TF,TAFUA,-13.916139,-172.218550,0, ,0.0,0.0,0.0,0.0,0,0,0,1,230,0,0,0

STAR,BIGE2C,26,5
IF,BIGEK,-14.637606,-171.680447, ,0.0,0.0,0,0,0,0,0,0,0,0
TF,MAUGA,-14.135292,-171.647603,0, ,0.0,0.0,0.0,0.0,0,0,0,0,0,0,0,0

STAR,BIGE2D,08,5
IF,BIGEK,-14.637606,-171.680447, ,0.0,0.0,0,0,0,0,0,0,0,0
TF,FA818,-14.041519,-172.219364,0, ,0.0,0.0,0.0,0.0,0,0,0,0,0,0,0,0
TF,DINAR,-13.832450,-172.219508,0, ,0.0,0.0,0.0,0.0,0,0,0,1,190,0,0,0

STAR,DORO2B,08,5
IF,DOROS,-14.246008,-171.443114, ,0.0,0.0,0,0,0,0,0,0,0,0
TF,TAFUA,-13.916139,-172.218550,0, ,0.0,0.0,0.0,0.0,0,0,0,1,230,0,0,0

STAR,DORO2C,26,5
IF,DOROS,-14.246008,-171.443114, ,0.0,0.0,0,0,0,0,0,0,0,0
TF,MAUGA,-14.135292,-171.647603,0, ,0.0,0.0,0.0,0.0,0,0,0,0,0,0,0,0

STAR,DORO2D,08,5
IF,DOROS,-14.246008,-171.443114, ,0.0,0.0,0,0,0,0,0,0,0,0
TF,FA818,-14.041519,-172.219364,0, ,0.0,0.0,0.0,0.0,0,0,0,0,0,0,0,0
TF,DINAR,-13.832450,-172.219508,0, ,0.0,0.0,0.0,0.0,0,0,0,1,190,0,0,0

STAR,ISDO2B,08,5
IF,ISDOT,-15.811961,-172.809506, ,0.0,0.0,0,0,0,0,0,0,0,0
TF,TAFUA,-13.916139,-172.218550,0, ,0.0,0.0,0.0,0.0,0,0,0,1,230,0,0,0

STAR,ISDO2C,26,5
IF,ISDOT,-15.811961,-172.809506, ,0.0,0.0,0,0,0,0,0,0,0,0
TF,MAUGA,-14.135292,-171.647603,0, ,0.0,0.0,0.0,0.0,0,0,0,0,0,0,0,0

STAR,ISDO2D,08,5
IF,ISDOT,-15.811961,-172.809506, ,0.0,0.0,0,0,0,0,0,0,0,0
TF,DINAR,-13.832450,-172.219508,0, ,0.0,0.0,0.0,0.0,0,0,0,1,190,0,0,0

STAR,LAVE2A,26,2
IF,LAVEK,-13.667011,-171.624106, ,0.0,0.0,0,0,0,0,0,0,0,0
TF,FA,-13.828750,-171.992942,0, ,0.0,0.0,0.0,0.0,0,0,0,0,0,0,0,0

STAR,LAVE2B,08,5
IF,LAVEK,-13.667011,-171.624106, ,0.0,0.0,0,0,0,0,0,0,0,0
TF,SHMPA,-13.748758,-172.220467,0, ,0.0,0.0,0.0,0.0,0,0,0,1,230,0,0,0

STAR,LAVE2D,08,5
IF,LAVEK,-13.667011,-171.624106, ,0.0,0.0,0,0,0,0,0,0,0,0
TF,FA812,-13.625122,-172.182069,0, ,0.0,0.0,0.0,0.0,0,0,0,0,0,0,0,0
TF,DINAR,-13.832450,-172.219508,0, ,0.0,0.0,0.0,0.0,0,0,0,1,190,0,0,0

STAR,ODUM2A,08,2
IF,ODUMA,-14.048911,-172.455228, ,0.0,0.0,0,0,0,0,0,0,0,0
TF,D232N,-13.932081,-172.208425,0, ,0.0,0.0,0.0,0.0,0,0,0,0,0,0,0,0
CI,0, ,0.0,52.0,0,0,0,0,0,0,0,0
AF,CI08,-13.832147,-172.198414,2,FA,257.0,12.0,232.0,0,0,0,0,0,0,0,0

STAR,ODUM2B,08,5
IF,ODUMA,-14.048911,-172.455228, ,0.0,0.0,0,0,0,0,0,0,0,0
TF,TAFUA,-13.916139,-172.218550,0, ,0.0,0.0,0.0,0.0,0,0,0,1,230,0,0,0

STAR,ODUM2C,26,5
IF,ODUMA,-14.048911,-172.455228, ,0.0,0.0,0,0,0,0,0,0,0,0
TF,MAUGA,-14.135292,-171.647603,0, ,0.0,0.0,0.0,0.0,0,0,0,0,0,0,0,0

STAR,ODUM2D,08,5
IF,ODUMA,-14.048911,-172.455228, ,0.0,0.0,0,0,0,0,0,0,0,0
TF,DINAR,-13.832450,-172.219508,0, ,0.0,0.0,0.0,0.0,0,0,0,1,190,0,0,0

STAR,PONA2A,26,2
IF,PONAT,-14.085758,-171.346275, ,0.0,0.0,0,0,0,0,0,0,0,0
TF,FA,-13.828750,-171.992942,0, ,0.0,0.0,0.0,0.0,0,0,0,0,0,0,0,0

STAR,PONA2B,08,5
IF,PONAT,-14.085758,-171.346275, ,0.0,0.0,0,0,0,0,0,0,0,0
TF,TAFUA,-13.916139,-172.218550,0, ,0.0,0.0,0.0,0.0,0,0,0,1,230,0,0,0

STAR,PONA2C,26,5
IF,PONAT,-14.085758,-171.346275, ,0.0,0.0,0,0,0,0,0,0,0,0
TF,FALFA,-13.825589,-171.651908,0, ,0.0,0.0,0.0,0.0,0,0,0,0,0,0,0,0

STAR,PONA2D,08,5
IF,PONAT,-14.085758,-171.346275, ,0.0,0.0,0,0,0,0,0,0,0,0
TF,FA818,-14.041519,-172.219364,0, ,0.0,0.0,0.0,0.0,0,0,0,0,0,0,0,0
TF,DINAR,-13.832450,-172.219508,0, ,0.0,0.0,0.0,0.0,0,0,0,1,190,0,0,0

STAR,SAMV2B,08,5
IF,SAMVU,-13.340272,-171.876217, ,0.0,0.0,0,0,0,0,0,0,0,0
TF,SHMPA,-13.748758,-172.220467,0, ,0.0,0.0,0.0,0.0,0,0,0,1,230,0,0,0

STAR,SAMV2C,26,5
IF,SAMVU,-13.340272,-171.876217, ,0.0,0.0,0,0,0,0,0,0,0,0
TF,LAVEK,-13.667011,-171.624106,0, ,0.0,0.0,0.0,0.0,0,0,0,0,0,0,0,0

STAR,SAMV2D,08,5
IF,SAMVU,-13.340272,-171.876217, ,0.0,0.0,0,0,0,0,0,0,0,0
TF,FA812,-13.625122,-172.182069,0, ,0.0,0.0,0.0,0.0,0,0,0,0,0,0,0,0
TF,DINAR,-13.832450,-172.219508,0, ,0.0,0.0,0.0,0.0,0,0,0,1,190,0,0,0

STAR,UVUT2A,08,2
IF,UVUTI,-14.021083,-172.467994, ,0.0,0.0,0,0,0,0,0,0,0,0
TF,D236N,-13.917131,-172.215222,0, ,0.0,0.0,0.0,0.0,0,0,0,0,0,0,0,0
CI,0, ,0.0,56.0,0,0,0,0,0,0,0,0
AF,CI08,-13.832147,-172.198414,2,FA,257.0,12.0,236.0,0,0,0,0,0,0,0,0

STAR,UVUT2B,08,5
IF,UVUTI,-14.021083,-172.467994, ,0.0,0.0,0,0,0,0,0,0,0,0
TF,TAFUA,-13.916139,-172.218550,0, ,0.0,0.0,0.0,0.0,0,0,0,1,230,0,0,0

STAR,UVUT2C,26,5
IF,UVUTI,-14.021083,-172.467994, ,0.0,0.0,0,0,0,0,0,0,0,0
TF,MAUGA,-14.135292,-171.647603,0, ,0.0,0.0,0.0,0.0,0,0,0,0,0,0,0,0

STAR,UVUT2D,08,5
IF,UVUTI,-14.021083,-172.467994, ,0.0,0.0,0,0,0,0,0,0,0,0
TF,DINAR,-13.832450,-172.219508,0, ,0.0,0.0,0.0,0.0,0,0,0,1,190,0,0,0

APPTR,D08,08,D010L
IF,D010L,-13.642489,-171.915994, ,0.0,0.0,0,0,0,0,0,0,0,0
AF,CD08,-13.832169,-172.198475,1,FA,257.0,12.0,10.0,2,2500,0,0,0,0,0,0

APPTR,D08,08,D170L
IF,D170L,-14.029497,-172.000119, ,0.0,0.0,0,0,0,0,0,0,0,0
AF,CD08,-13.832169,-172.198475,2,FA,257.0,12.0,170.0,2,2500,0,0,0,0,0,0

APPTR,D08,08,FA1
IF,FA,-13.828750,-171.992942, ,0.0,0.0,2,5700,0,0,0,0,0,0
FD,FA,-13.828750,-171.992942,0,FA,0.0,12.0,230.0,12.0,2,2500,0,0,0,0,0,0
CF,CD08,-13.832169,-172.198475,2,FA,257.0,12.0,77.0,1.0,2,2500,0,0,0,0,0,0

APPTR,D08,08,FA2
IF,FA,-13.828750,-171.992942, ,0.0,0.0,2,5700,0,0,0,0,0,0
FD,FA,-13.828750,-171.992942,0,FA,0.0,12.0,243.0,12.0,2,2500,0,0,0,0,0,0
CF,CD08,-13.832169,-172.198475,2,FA,257.0,12.0,77.0,1.0,2,2500,0,0,0,0,0,0

FINAL,D08,08,D,3
IF,CD08,-13.832169,-172.198475,FA,257.0,12.0,2,2500,0,0,0,0,0,0
CF,FD08,-13.830764,-172.112836,0,FA,257.0,7.0,77.0,5.0,2,1600,0,0,0,0,2,0
CF,MD08,-13.829475,-172.035758,0,FA,257.0,2.5,77.0,4.5,1,351,0,0,0,0,3,0
CF,FA,-13.828750,-171.992942,0,FA,0.0,0.0,77.0,2.5,0,0,0,0,0,0,0,0
FA,FA,-13.828750,-171.992942,0,FA,0.0,0.0,53.0,2,2500,0,0,0,0,0,0
DF,FA,-13.828750,-171.992942,1, ,0.0,0.0,2,5700,0,1,185,0,0,0
HM,FA,-13.828750,-171.992942,2, ,0.0,0.0,220.0,04.3,2,5700,0,0,0,0,0,0,0

APPTR,I08,08,D010L
IF,D010L,-13.642489,-171.915994, ,0.0,0.0,0,0,0,0,0,0,0,0
AF,D267L,-13.797242,-172.195947,1,FA,267.0,12.0,10.0,2,2500,0,0,0,0,0,0
VI,0,IAP,0.0,122.0,0,0,0,0,0,0,0,0

APPTR,I08,08,D170L
IF,D170L,-14.029497,-172.000119, ,0.0,0.0,0,0,0,0,0,0,0,0
AF,D247L,-13.866994,-172.194761,2,FA,247.0,12.0,170.0,2,2500,0,0,0,0,0,0
VI,0,IAP,0.0,32.0,0,0,0,0,0,0,0,0

APPTR,I08,08,FA1
IF,FA,-13.828750,-171.992942, ,0.0,0.0,2,5700,0,0,0,0,0,0
FD,FA,-13.828750,-171.992942,0,FA,0.0,12.0,230.0,12.0,2,2500,0,0,0,0,0,0
CF,CI08,-13.832147,-172.198414,2,IAP,257.3,12.1,77.0,1.0,2,2500,0,0,0,0,0,0

APPTR,I08,08,FA2
IF,FA,-13.828750,-171.992942, ,0.0,0.0,2,5700,0,0,0,0,0,0
FD,FA,-13.828750,-171.992942,0,FA,0.0,12.0,243.0,12.0,2,2500,0,0,0,0,0,0
CF,CI08,-13.832147,-172.198414,2,IAP,257.3,12.1,77.0,1.0,2,2500,0,0,0,0,0,0

FINAL,I08,08,I,3
IF,CI08,-13.832147,-172.198414,IAP,257.3,12.1,2,2500,0,0,0,0,0,0
CF,FI08,-13.831597,-172.147708,0,IAP,257.3,9.2,77.0,3.0,1,2500,0,0,0,0,2,0
CF,RW08,-13.830214,-172.022278,0,IAP,257.3,1.9,77.0,7.3,1,108,0,0,0,0,3,0
CF,FA,-13.828750,-171.992942,0,FA,0.0,0.0,77.0,1.7,0,0,0,0,0,0,0,0
FA,FA,-13.828750,-171.992942,0,FA,0.0,0.0,53.0,2,2500,0,0,0,0,0,0
DF,FA,-13.828750,-171.992942,1, ,0.0,0.0,2,5700,0,1,185,0,0,0
HM,FA,-13.828750,-171.992942,2, ,0.0,0.0,220.0,04.3,2,5700,0,0,0,0,0,0,0

APPTR,N08,08,D190L
IF,D190L,-13.635019,-171.938619, ,0.0,0.0,0,0,0,0,0,0,0,0
AF,D090L,-13.789442,-172.194514,1,FA,269.3,12.0,3.0,2,2000,0,0,0,0,0,0
AF,D065L,-13.866183,-172.194919,1,FA,247.2,12.0,269.0,2,1700,0,0,0,0,0,0
CF,FQ08,-13.847378,-172.111333,0,FA,248.8,7.0,65.0,5.0,2,1250,0,0,0,0,0,0

APPTR,N08,08,D350L
IF,D350L,-14.027194,-172.024803, ,0.0,0.0,0,0,0,0,0,0,0,0
AF,D020L,-13.986539,-172.120194,2,FA,206.2,12.0,177.0,2,3500,0,0,0,0,0,0
AF,D065L,-13.866183,-172.194919,2,FA,247.2,12.0,206.0,2,1700,0,0,0,0,0,0
CF,FQ08,-13.847378,-172.111333,0,FA,248.8,7.0,65.0,5.0,2,1250,0,0,0,0,0,0

APPTR,N08,08,FA1
IF,FA,-13.826256,-172.017617, ,0.0,0.0,2,4000,0,0,0,0,0,0
FC,FA,-13.826256,-172.017617,0,FA,0.0,0.0,225.0,10.5,2,1700,0,0,0,0,0,1
CF,FQ08,-13.847378,-172.111333,2,FA,248.8,7.0,65.0,5.0,2,1250,0,0,0,0,0,0

APPTR,N08,08,FA2
IF,FA,-13.826256,-172.017617, ,0.0,0.0,2,4000,0,0,0,0,0,0
FC,FA,-13.826256,-172.017617,0,FA,0.0,0.0,235.0,8.2,2,1700,0,0,0,0,0,1
CF,FQ08,-13.847378,-172.111333,2,FA,248.8,7.0,65.0,3.0,2,1250,0,0,0,0,0,0

FINAL,N08,08,N,3
IF,FQ08,-13.847378,-172.111333,FA,0.0,0.0,2,1250,0,0,0,0,2,0
CF,EP08,-13.827444,-172.022897,0,FA,0.0,0.0,65.0,5.3,1,108,0,0,0,0,0,1
CF,FA,-13.826256,-172.017617,0,FA,0.0,0.0,65.0,1.1,2,560,0,0,0,0,3,1
FM,FA,-13.826256,-172.017617,0,FA,0.0,0.0,55.0,0,0,0,0,0,0,0,0
DF,FA,-13.826256,-172.017617,1, ,0.0,0.0,2,4000,0,0,0,0,0,0
HM,FA,-13.826256,-172.017617,2, ,0.0,0.0,220.0,04.3,2,4000,0,0,0,0,0,0,0

APPTR,N08-A,08,D135J
IF,D135J,-13.699514,-172.101786, ,0.0,0.0,0,0,0,0,0,0,0,0
AF,D234J,-13.749736,-171.841944,2,FA,49.9,10.0,309.0,2,1700,0,0,0,0,0,0
CF,FF234,-13.785328,-171.923606,0,FA,45.4,4.8,234.0,5.2,2,1700,0,0,0,0,0,0

APPTR,N08-A,08,D320H
IF,D320H,-13.955083,-171.947472, ,0.0,0.0,0,0,0,0,0,0,0,0
AF,D270H,-13.859053,-171.859444,1,FA,91.1,8.0,149.0,2,5000,0,0,0,0,0,0
AF,D255H,-13.817942,-171.856347,1,FA,73.4,8.0,91.0,2,2800,0,0,0,0,0,0
AF,D234H,-13.763419,-171.873328,1,FA,48.8,8.0,73.0,2,1700,0,0,0,0,0,0
CF,FF234,-13.785328,-171.923606,0,FA,45.4,4.8,234.0,3.2,2,1700,0,0,0,0,0,0

APPTR,N08-A,08,FA1
IF,FA,-13.826256,-172.017617, ,0.0,0.0,2,4000,0,0,0,0,0,0
FC,FA,-13.826256,-172.017617,0,FA,0.0,0.0,34.0,10.5,2,1700,0,0,0,0,0,1
CF,FF234,-13.785328,-171.923606,2,FA,45.4,4.8,234.0,4.5,2,1700,0,0,0,0,0,0

APPTR,N08-A,08,FA2
IF,FA,-13.826256,-172.017617, ,0.0,0.0,2,4000,0,0,0,0,0,0
FC,FA,-13.826256,-172.017617,0,FA,0.0,0.0,42.0,7.0,2,1700,0,0,0,0,0,1
CF,FF234,-13.785328,-171.923606,2,FA,45.4,4.8,234.0,1.0,2,1700,0,0,0,0,0,0

FINAL,N08-A,08,N,2
IF,FF234,-13.785328,-171.923606,FA,0.0,0.0,2,1700,0,0,0,0,2,0
CF,FA,-13.826256,-172.017617,0,FA,0.0,0.0,234.0,6.0,1,1360,0,0,0,0,3,0
FM,FA,-13.826256,-172.017617,0,FA,0.0,0.0,234.0,0,0,0,0,0,0,0,0
DF,FA,-13.826256,-172.017617,2, ,0.0,0.0,2,4000,0,0,0,0,0,0
HM,FA,-13.826256,-172.017617,1, ,0.0,0.0,34.0,04.3,2,4000,0,1,230,0,0,0,0

APPTR,N26-A,26,D135J
IF,D135J,-13.699514,-172.101786, ,0.0,0.0,0,0,0,0,0,0,0,0
AF,D234J,-13.749736,-171.841944,2,FA,49.9,10.0,309.0,2,1700,0,0,0,0,0,0
CF,FF234,-13.785328,-171.923606,0,FA,45.4,4.8,234.0,5.2,2,1700,0,0,0,0,0,0

APPTR,N26-A,26,D320H
IF,D320H,-13.955083,-171.947472, ,0.0,0.0,0,0,0,0,0,0,0,0
AF,D270H,-13.859053,-171.859444,1,FA,91.1,8.0,149.0,2,5000,0,0,0,0,0,0
AF,D255H,-13.817942,-171.856347,1,FA,73.4,8.0,91.0,2,2800,0,0,0,0,0,0
AF,D234H,-13.763419,-171.873328,1,FA,48.8,8.0,73.0,2,1700,0,0,0,0,0,0
CF,FF234,-13.785328,-171.923606,0,FA,45.4,4.8,234.0,3.2,2,1700,0,0,0,0,0,0

APPTR,N26-A,26,FA1
IF,FA,-13.826256,-172.017617, ,0.0,0.0,2,4000,0,0,0,0,0,0
FC,FA,-13.826256,-172.017617,0,FA,0.0,0.0,34.0,10.5,2,1700,0,0,0,0,0,1
CF,FF234,-13.785328,-171.923606,2,FA,45.4,4.8,234.0,4.5,2,1700,0,0,0,0,0,0

APPTR,N26-A,26,FA2
IF,FA,-13.826256,-172.017617, ,0.0,0.0,2,4000,0,0,0,0,0,0
FC,FA,-13.826256,-172.017617,0,FA,0.0,0.0,42.0,7.0,2,1700,0,0,0,0,0,1
CF,FF234,-13.785328,-171.923606,2,FA,45.4,4.8,234.0,1.0,2,1700,0,0,0,0,0,0

FINAL,N26-A,26,N,2
IF,FF234,-13.785328,-171.923606,FA,0.0,0.0,2,1700,0,0,0,0,2,0
CF,FA,-13.826256,-172.017617,0,FA,0.0,0.0,234.0,6.0,1,1360,0,0,0,0,3,0
FM,FA,-13.826256,-172.017617,0,FA,0.0,0.0,234.0,0,0,0,0,0,0,0,0
DF,FA,-13.826256,-172.017617,2, ,0.0,0.0,2,4000,0,0,0,0,0,0
HM,FA,-13.826256,-172.017617,1, ,0.0,0.0,34.0,04.3,2,4000,0,1,230,0,0,0,0

APPTR,Q08,08,D190L
IF,D190L,-13.635019,-171.938619, ,0.0,0.0,0,0,0,0,0,0,0,0
AF,D090L,-13.789442,-172.194514,1,FA,269.3,12.0,3.0,2,2000,0,0,0,0,0,0
AF,D065L,-13.866183,-172.194919,1,FA,247.2,12.0,269.0,2,1700,0,0,0,0,0,0
CF,FQ08,-13.847378,-172.111333,0,FA,248.8,7.0,65.0,5.0,2,1250,0,0,0,0,0,0

APPTR,Q08,08,D350L
IF,D350L,-14.027194,-172.024803, ,0.0,0.0,0,0,0,0,0,0,0,0
AF,D020L,-13.986539,-172.120194,2,FA,206.2,12.0,177.0,2,3500,0,0,0,0,0,0
AF,D065L,-13.866183,-172.194919,2,FA,247.2,12.0,206.0,2,1700,0,0,0,0,0,0
CF,FQ08,-13.847378,-172.111333,0,FA,248.8,7.0,65.0,5.0,2,1250,0,0,0,0,0,0

APPTR,Q08,08,FA1
IF,FA,-13.826256,-172.017617, ,0.0,0.0,2,4000,0,0,0,0,0,0
FC,FA,-13.826256,-172.017617,0,FA,0.0,0.0,225.0,10.5,2,1700,0,0,0,0,0,1
CF,FQ08,-13.847378,-172.111333,2,FA,248.8,7.0,65.0,5.0,2,1250,0,0,0,0,0,0

APPTR,Q08,08,FA2
IF,FA,-13.826256,-172.017617, ,0.0,0.0,2,4000,0,0,0,0,0,0
FC,FA,-13.826256,-172.017617,0,FA,0.0,0.0,235.0,8.2,2,1700,0,0,0,0,0,1
CF,FQ08,-13.847378,-172.111333,2,FA,248.8,7.0,65.0,3.0,2,1250,0,0,0,0,0,0

FINAL,Q08,08,N,2
IF,FQ08,-13.847378,-172.111333,FA,0.0,0.0,2,1250,0,0,0,0,2,0
CF,MQ08,-13.830342,-172.035736,0,FA,0.0,2.5,65.0,4.5,1,355,0,0,0,0,3,0
CF,FA,-13.826256,-172.017617,0,FA,263.9,1.5,65.0,1.1,0,0,0,0,0,0,0,0
FM,FA,-13.826256,-172.017617,0,FA,0.0,0.0,55.0,0,0,0,0,0,0,0,0
DF,FA,-13.826256,-172.017617,1, ,0.0,0.0,2,4000,0,0,0,0,0,0
HM,FA,-13.826256,-172.017617,2, ,0.0,0.0,220.0,04.3,2,4000,0,0,0,0,0,0,0

APPTR,R08,08,DINAR
HF,DINAR,-13.832450,-172.219508,2, ,0.0,0.0,78.0,04.3,2,4000,0,1,185,0,1,0,0

APPTR,R08,08,SHMPA
IF,SHMPA,-13.748758,-172.220467, ,0.0,0.0,0,0,0,1,230,0,1,0
TF,DINAR,-13.832450,-172.219508,0, ,0.0,0.0,0.0,0.0,2,2500,0,1,185,0,1,0

APPTR,R08,08,TAFUA
IF,TAFUA,-13.916139,-172.218550, ,0.0,0.0,0,0,0,1,230,0,1,0
TF,DINAR,-13.832450,-172.219508,0, ,0.0,0.0,0.0,0.0,2,2500,0,1,185,0,1,0

FINAL,R08,08,R,3
IF,DINAR,-13.832450,-172.219508, ,0.0,0.0,2,2500,0,1,185,0,0,0
TF,FA406,-13.831692,-172.151144,0, ,0.0,0.0,78.0,4.0,2,2500,0,0,0,0,2,0
TF,RW08,-13.830214,-172.022278,0, ,0.0,0.0,78.0,7.5,1,108,0,0,0,0,3,1
CF,FA402,-13.829603,-171.971044,0,FA,80.3,1.3,78.0,3.0,0,0,0,0,0,0,0,1
DF,FA411,-13.704289,-172.055544,1, ,0.0,0.0,0,0,0,0,0,0,0,0
TF,SHMPA,-13.748758,-172.220467,0, ,0.0,0.0,0.0,0.0,0,0,0,0,0,0,0,0
TF,DINAR,-13.832450,-172.219508,0, ,0.0,0.0,0.0,0.0,2,4000,0,1,185,0,0,0

APPTR,R26,26,FALFA
IF,FALFA,-13.825589,-171.651908, ,0.0,0.0,2,5600,0,0,0,0,1,0
HF,FALFA,-13.825589,-171.651908,2, ,0.0,0.0,258.0,04.3,2,3000,0,0,0,0,0,0,0

APPTR,R26,26,LAVEK
IF,LAVEK,-13.667011,-171.624106, ,0.0,0.0,0,0,0,0,0,0,1,0
TF,FALFA,-13.825589,-171.651908,0, ,0.0,0.0,0.0,0.0,2,3000,0,0,0,0,1,0

APPTR,R26,26,MAUGA
IF,MAUGA,-14.135292,-171.647603, ,0.0,0.0,0,0,0,0,0,0,1,0
TF,FALFA,-13.825589,-171.651908,0, ,0.0,0.0,0.0,0.0,2,5600,0,0,0,0,0,0
HF,FALFA,-13.825589,-171.651908,2, ,0.0,0.0,258.0,04.3,2,5600,0,0,0,0,0,0,0

FINAL,R26,26,R,3
IF,FALFA,-13.825589,-171.651908, ,0.0,0.0,2,3000,0,0,0,0,0,0
TF,FA515,-13.827961,-171.836433,0, ,0.0,0.0,258.0,10.8,2,3000,0,0,0,0,2,0
TF,RW26,-13.829886,-171.994481,0, ,0.0,0.0,258.0,9.2,1,61,0,0,0,0,3,1
CF,FA502,-13.830711,-172.063050,0,FA,256.4,4.1,258.0,4.0,0,0,0,0,0,0,0,1
DF,LAVEK,-13.667011,-171.624106,2, ,0.0,0.0,2,3000,0,0,0,0,0,0
TF,FALFA,-13.825589,-171.651908,2, ,0.0,0.0,0.0,0.0,2,5600,0,1,185,0,0,0

APPTR,V08-A,08,D140H
IF,D140H,-13.946981,-171.928569, ,0.0,0.0,0,0,0,0,0,0,0,0
AF,D090H,-13.856556,-171.858878,1,FA,90.0,8.0,140.0,2,5000,0,0,0,0,0,0
AF,D080H,-13.833383,-171.855978,1,FA,80.0,8.0,90.0,2,2800,0,0,0,0,0,0
AF,D054H,-13.774247,-171.867775,1,FA,54.0,8.0,80.0,2,1700,0,0,0,0,0,0
TF,FS234,-13.795983,-171.917667,0, ,0.0,0.0,0.0,0.0,2,1700,0,0,0,0,0,0

APPTR,V08-A,08,D315J
IF,D315J,-13.688342,-172.086183, ,0.0,0.0,0,0,0,0,0,0,0,0
AF,D054J,-13.760614,-171.836492,2,FA,54.0,10.0,315.0,2,1700,0,0,0,0,0,0
TF,FS234,-13.795983,-171.917667,0, ,0.0,0.0,0.0,0.0,2,1700,0,0,0,0,0,0

APPTR,V08-A,08,FA1
IF,FA,-13.828750,-171.992942, ,0.0,0.0,2,4000,0,0,0,0,0,0
FC,FA,-13.828750,-171.992942,0,FA,0.0,0.0,34.0,10.5,0,0,0,0,0,0,0,1
CF,FS234,-13.795983,-171.917667,2,FA,54.0,4.8,234.0,6.0,2,1700,0,0,0,0,0,0

APPTR,V08-A,08,FA2
IF,FA,-13.828750,-171.992942, ,0.0,0.0,2,4000,0,0,0,0,0,0
FC,FA,-13.828750,-171.992942,0,FA,0.0,0.0,42.0,7.0,0,0,0,0,0,0,0,1
CF,FS234,-13.795983,-171.917667,2,FA,54.0,4.8,234.0,2.0,2,1700,0,0,0,0,0,0

FINAL,V08-A,08,D,2
IF,FS234,-13.795983,-171.917667,FA,54.0,4.8,2,1700,0,0,0,0,2,0
CF,FA,-13.828750,-171.992942,0,FA,0.0,0.0,234.0,4.8,1,1360,0,0,0,0,3,0
FM,FA,-13.828750,-171.992942,0,FA,0.0,0.0,234.0,0,0,0,0,0,0,0,0
DF,FA,-13.828750,-171.992942,2, ,0.0,0.0,2,4000,0,0,0,0,0,0
HM,FA,-13.828750,-171.992942,1, ,0.0,0.0,34.0,04.3,2,4000,0,1,230,0,0,0,0

APPTR,V26-A,26,D140H
IF,D140H,-13.946981,-171.928569, ,0.0,0.0,0,0,0,0,0,0,0,0
AF,D090H,-13.856556,-171.858878,1,FA,90.0,8.0,140.0,2,5000,0,0,0,0,0,0
AF,D080H,-13.833383,-171.855978,1,FA,80.0,8.0,90.0,2,2800,0,0,0,0,0,0
AF,D054H,-13.774247,-171.867775,1,FA,54.0,8.0,80.0,2,1700,0,0,0,0,0,0
TF,FS234,-13.795983,-171.917667,0, ,0.0,0.0,0.0,0.0,2,1700,0,0,0,0,0,0

APPTR,V26-A,26,D315J
IF,D315J,-13.688342,-172.086183, ,0.0,0.0,0,0,0,0,0,0,0,0
AF,D054J,-13.760614,-171.836492,2,FA,54.0,10.0,315.0,2,1700,0,0,0,0,0,0
TF,FS234,-13.795983,-171.917667,0, ,0.0,0.0,0.0,0.0,2,1700,0,0,0,0,0,0

APPTR,V26-A,26,FA1
IF,FA,-13.828750,-171.992942, ,0.0,0.0,2,4000,0,0,0,0,0,0
FC,FA,-13.828750,-171.992942,0,FA,0.0,0.0,34.0,10.5,0,0,0,0,0,0,0,1
CF,FS234,-13.795983,-171.917667,2,FA,54.0,4.8,234.0,6.0,2,1700,0,0,0,0,0,0

APPTR,V26-A,26,FA2
IF,FA,-13.828750,-171.992942, ,0.0,0.0,2,4000,0,0,0,0,0,0
FC,FA,-13.828750,-171.992942,0,FA,0.0,0.0,42.0,7.0,0,0,0,0,0,0,0,1
CF,FS234,-13.795983,-171.917667,2,FA,54.0,4.8,234.0,2.0,2,1700,0,0,0,0,0,0

FINAL,V26-A,26,D,2
IF,FS234,-13.795983,-171.917667,FA,54.0,4.8,2,1700,0,0,0,0,2,0
CF,FA,-13.828750,-171.992942,0,FA,0.0,0.0,234.0,4.8,1,1360,0,0,0,0,3,0
FM,FA,-13.828750,-171.992942,0,FA,0.0,0.0,234.0,0,0,0,0,0,0,0,0
DF,FA,-13.828750,-171.992942,2, ,0.0,0.0,2,4000,0,0,0,0,0,0
HM,FA,-13.828750,-171.992942,1, ,0.0,0.0,34.0,04.3,2,4000,0,1,230,0,0,0,0

