APPTR,I05,05,DRAWN
IF,DRAWN,-14.630600,-170.899581, ,0.0,0.0,0,0,0,0,0,0,1,0
VI,0, ,0.0,317.0,2,3700,0,0,0,0,0,0
CF,GRUPY,-14.451922,-170.912114,0,ITUT,226.5,14.2,46.0,5.0,2,3700,0,0,0,0,1,0

APPTR,I05,05,SETTS
IF,SETTS,-14.435808,-171.034978, ,0.0,0.0,0,0,0,0,0,0,1,0
VI,0, ,0.0,107.0,2,3700,0,0,0,0,0,0
CF,GRUPY,-14.451922,-170.912114,0,ITUT,226.5,14.2,46.0,3.0,2,3700,0,0,0,0,1,0

APPTR,I05,05,TUTN
IF,TUT,-14.332139,-170.719500, ,0.0,0.0,0,0,0,0,0,0,0,0
TF,BLUJA,-14.395150,-170.816922,0, ,0.0,0.0,0.0,0.0,2,3700,0,0,0,0,0,0
PI,BLUJA,-14.395150,-170.816922,2,TUT,181.0,10.0,226,5.0,2,2500,0,0,0,0,1,0

APPTR,I05,05,TUTV
IF,TUT,-14.332592,-170.708278, ,0.0,0.0,0,0,0,0,0,0,0,0
TF,BLUJA,-14.395150,-170.816922,0, ,0.0,0.0,0.0,0.0,2,3700,0,0,0,0,0,0
PI,BLUJA,-14.395150,-170.816922,2,TUT,181.0,10.0,226,5.0,2,2500,0,0,0,0,1,0

FINAL,I05,05,I,3
IF,GRUPY,-14.451922,-170.912114,ITUT,226.5,14.2,2,3700,0,0,0,0,0,0
CF,BLUJA,-14.395150,-170.816922,0,ITUT,226.5,7.7,46.0,6.5,1,2300,0,0,0,0,2,0
CF,RW05,-14.339136,-170.722778,0,ITUT,226.0,1.3,46.0,6.4,1,83,0,0,0,0,3,0
CA,0,46.0,2,1100,0,0,0,0,0,0
CF,CELIM,-14.358714,-170.538694,0,TUT,87.0,10.0,87.0,10.0,2,3000,0,0,0,0,0,0
HM,CELIM,-14.358714,-170.538694,2, ,0.0,0.0,267.0,04.3,2,3000,0,0,0,0,0,0,0

APPTR,R05,05,DRAWN
IF,DRAWN,-14.630600,-170.899581, ,0.0,0.0,0,0,0,0,0,0,1,0
TF,GRUPY,-14.451922,-170.912114,0, ,0.0,0.0,0.0,0.0,2,3700,0,0,0,0,1,0

APPTR,R05,05,SETTS
IF,SETTS,-14.435808,-171.034978, ,0.0,0.0,0,0,0,0,0,0,1,0
TF,GRUPY,-14.451922,-170.912114,0, ,0.0,0.0,0.0,0.0,2,3700,0,0,0,0,1,0

APPTR,R05,05,TUT
IF,TUT,-14.332592,-170.708278, ,0.0,0.0,0,0,0,0,0,0,0,0
TF,GRUPY,-14.451922,-170.912114,0, ,0.0,0.0,0.0,0.0,2,3700,0,0,0,0,0,1
HF,GRUPY,-14.451922,-170.912114,2, ,0.0,0.0,47.0,04,2,3700,0,0,0,0,1,0,0

FINAL,R05,05,R,4
IF,GRUPY,-14.451922,-170.912114, ,0.0,0.0,2,3700,0,0,0,0,0,0
TF,BLUJA,-14.395150,-170.816922,0, ,0.0,0.0,47.0,6.5,2,2300,0,0,0,0,2,0
TF,CAXEB,-14.358303,-170.755033,0, ,0.0,0.0,47.0,4.2,2,840,0,0,0,0,0,0
TF,HOPID,-14.340878,-170.725714,0, ,0.0,0.0,47.0,2.0,1,151,0,0,0,0,3,1
CA,0,47.0,2,760,0,1,185,0,0,0
DF,DRAWN,-14.630600,-170.899581,2, ,0.0,0.0,2,4000,0,0,0,0,0,1
HM,DRAWN,-14.630600,-170.899581,2, ,0.0,0.0,348.0,04,0,0,0,0,0,0,0,0,0

APPTR,R23,23,SUMLE
IF,SUMLE,-14.102869,-170.470572, ,0.0,0.0,0,0,0,0,0,0,1,0
TF,HUMTU,-14.230883,-170.529425,0, ,0.0,0.0,0.0,0.0,2,3700,0,0,0,0,1,0

APPTR,R23,23,TUT
IF,TUT,-14.332592,-170.708278, ,0.0,0.0,0,0,0,0,0,0,0,0
TF,HUMTU,-14.230883,-170.529425,0, ,0.0,0.0,0.0,0.0,2,4300,0,0,0,0,0,0
HF,HUMTU,-14.230883,-170.529425,2, ,0.0,0.0,228.0,04,2,3700,0,0,0,0,1,0,0

FINAL,R23,23,R,4
IF,HUMTU,-14.230883,-170.529425, ,0.0,0.0,2,3700,0,0,0,0,0,0
TF,NOTSE,-14.277961,-170.613461,0, ,0.0,0.0,228.0,5.7,2,2100,0,0,0,0,2,0
TF,WUTEB,-14.295406,-170.644619,0, ,0.0,0.0,228.0,2.1,2,1380,0,0,0,0,0,0
TF,RW23,-14.327881,-170.702661,0, ,0.0,0.0,228.0,3.9,1,64,0,0,0,0,3,1
CA,0,228.0,2,500,0,0,0,0,0,0
DF,DRAWN,-14.630600,-170.899581,0, ,0.0,0.0,2,4000,0,0,0,0,0,1
HM,DRAWN,-14.630600,-170.899581,2, ,0.0,0.0,348.0,04,0,0,0,0,0,0,0,0,0

APPTR,V05-B,05,PITTI
IF,PITTI,-14.496314,-170.743997, ,0.0,0.0,0,0,0,0,0,0,1,0
AF,JONAS,-14.276522,-170.546539,1,TUT,58.5,10.0,180.0,2,2200,0,0,0,0,1,0
CF,HADUB,-14.293353,-170.595050,0,TUT,58.5,7.0,238.0,3.0,2,2100,0,0,0,0,0,0

APPTR,V05-B,05,TUT1
IF,TUT,-14.332592,-170.708278, ,0.0,0.0,0,0,0,0,0,0,0,0
TF,WADGI,-14.310175,-170.643572,0, ,0.0,0.0,0.0,0.0,2,4300,0,0,0,0,0,0
PI,WADGI,-14.310175,-170.643572,1,TUT,103.0,10.0,058,5.0,2,2800,0,0,0,0,1,0
CF,HADUB,-14.293353,-170.595050,0,TUT,58.5,7.0,238.0,7.0,2,2100,0,0,0,0,0,0

APPTR,V05-B,05,TUT2
IF,TUT,-14.332592,-170.708278, ,0.0,0.0,0,0,0,0,0,0,0,0
TF,MUNRE,-14.433283,-170.845447,0, ,0.0,0.0,0.0,0.0,2,3700,0,0,0,0,1,0
AF,PITTI,-14.496314,-170.743997,1,TUT,180.0,10.0,221.0,2,3000,0,0,0,0,0,0
AF,JONAS,-14.276522,-170.546539,1,TUT,58.5,10.0,180.0,2,2200,0,0,0,0,1,0
CF,HADUB,-14.293353,-170.595050,0,TUT,58.5,7.0,238.0,3.0,2,2100,0,0,0,0,0,0

FINAL,V05-B,05,D,3
IF,HADUB,-14.293353,-170.595050,TUT,58.5,7.0,2,2100,0,0,0,0,0,0
CF,WADGI,-14.310175,-170.643572,0,TUT,58.5,4.0,238.0,3.0,2,1500,0,0,0,0,2,0
CF,VECUV,-14.326986,-170.692100,0,TUT,58.4,1.0,238.0,3.0,1,860,0,0,0,0,3,0
CF,TUT,-14.332592,-170.708278,0,TUT,0.0,0.0,238.0,1.0,0,0,0,0,0,0,0,0
CF,PITTI,-14.496314,-170.743997,0,TUT,180.0,10.0,180.0,10.0,2,3000,0,0,0,0,0,0
HM,PITTI,-14.496314,-170.743997,2, ,0.0,0.0,360.0,04.3,2,3000,0,0,0,0,0,0,0

APPTR,V08-B,08,PITTI
IF,PITTI,-14.496314,-170.743997, ,0.0,0.0,0,0,0,0,0,0,1,0
AF,JONAS,-14.276522,-170.546539,1,TUT,58.5,10.0,180.0,2,2200,0,0,0,0,1,0
CF,HADUB,-14.293353,-170.595050,0,TUT,58.5,7.0,238.0,3.0,2,2100,0,0,0,0,0,0

APPTR,V08-B,08,TUT1
IF,TUT,-14.332592,-170.708278, ,0.0,0.0,0,0,0,0,0,0,0,0
TF,WADGI,-14.310175,-170.643572,0, ,0.0,0.0,0.0,0.0,2,4300,0,0,0,0,0,0
PI,WADGI,-14.310175,-170.643572,1,TUT,103.0,10.0,058,5.0,2,2800,0,0,0,0,1,0
CF,HADUB,-14.293353,-170.595050,0,TUT,58.5,7.0,238.0,7.0,2,2100,0,0,0,0,0,0

APPTR,V08-B,08,TUT2
IF,TUT,-14.332592,-170.708278, ,0.0,0.0,0,0,0,0,0,0,0,0
TF,MUNRE,-14.433283,-170.845447,0, ,0.0,0.0,0.0,0.0,2,3700,0,0,0,0,1,0
AF,PITTI,-14.496314,-170.743997,1,TUT,180.0,10.0,221.0,2,3000,0,0,0,0,0,0
AF,JONAS,-14.276522,-170.546539,1,TUT,58.5,10.0,180.0,2,2200,0,0,0,0,1,0
CF,HADUB,-14.293353,-170.595050,0,TUT,58.5,7.0,238.0,3.0,2,2100,0,0,0,0,0,0

FINAL,V08-B,08,D,3
IF,HADUB,-14.293353,-170.595050,TUT,58.5,7.0,2,2100,0,0,0,0,0,0
CF,WADGI,-14.310175,-170.643572,0,TUT,58.5,4.0,238.0,3.0,2,1500,0,0,0,0,2,0
CF,VECUV,-14.326986,-170.692100,0,TUT,58.4,1.0,238.0,3.0,1,860,0,0,0,0,3,0
CF,TUT,-14.332592,-170.708278,0,TUT,0.0,0.0,238.0,1.0,0,0,0,0,0,0,0,0
CF,PITTI,-14.496314,-170.743997,0,TUT,180.0,10.0,180.0,10.0,2,3000,0,0,0,0,0,0
HM,PITTI,-14.496314,-170.743997,2, ,0.0,0.0,360.0,04.3,2,3000,0,0,0,0,0,0,0

APPTR,V23-B,23,PITTI
IF,PITTI,-14.496314,-170.743997, ,0.0,0.0,0,0,0,0,0,0,1,0
AF,JONAS,-14.276522,-170.546539,1,TUT,58.5,10.0,180.0,2,2200,0,0,0,0,1,0
CF,HADUB,-14.293353,-170.595050,0,TUT,58.5,7.0,238.0,3.0,2,2100,0,0,0,0,0,0

APPTR,V23-B,23,TUT1
IF,TUT,-14.332592,-170.708278, ,0.0,0.0,0,0,0,0,0,0,0,0
TF,WADGI,-14.310175,-170.643572,0, ,0.0,0.0,0.0,0.0,2,4300,0,0,0,0,0,0
PI,WADGI,-14.310175,-170.643572,1,TUT,103.0,10.0,058,5.0,2,2800,0,0,0,0,1,0
CF,HADUB,-14.293353,-170.595050,0,TUT,58.5,7.0,238.0,7.0,2,2100,0,0,0,0,0,0

APPTR,V23-B,23,TUT2
IF,TUT,-14.332592,-170.708278, ,0.0,0.0,0,0,0,0,0,0,0,0
TF,MUNRE,-14.433283,-170.845447,0, ,0.0,0.0,0.0,0.0,2,3700,0,0,0,0,1,0
AF,PITTI,-14.496314,-170.743997,1,TUT,180.0,10.0,221.0,2,3000,0,0,0,0,0,0
AF,JONAS,-14.276522,-170.546539,1,TUT,58.5,10.0,180.0,2,2200,0,0,0,0,1,0
CF,HADUB,-14.293353,-170.595050,0,TUT,58.5,7.0,238.0,3.0,2,2100,0,0,0,0,0,0

FINAL,V23-B,23,D,3
IF,HADUB,-14.293353,-170.595050,TUT,58.5,7.0,2,2100,0,0,0,0,0,0
CF,WADGI,-14.310175,-170.643572,0,TUT,58.5,4.0,238.0,3.0,2,1500,0,0,0,0,2,0
CF,VECUV,-14.326986,-170.692100,0,TUT,58.4,1.0,238.0,3.0,1,860,0,0,0,0,3,0
CF,TUT,-14.332592,-170.708278,0,TUT,0.0,0.0,238.0,1.0,0,0,0,0,0,0,0,0
CF,PITTI,-14.496314,-170.743997,0,TUT,180.0,10.0,180.0,10.0,2,3000,0,0,0,0,0,0
HM,PITTI,-14.496314,-170.743997,2, ,0.0,0.0,360.0,04.3,2,3000,0,0,0,0,0,0,0

APPTR,V26-B,26,PITTI
IF,PITTI,-14.496314,-170.743997, ,0.0,0.0,0,0,0,0,0,0,1,0
AF,JONAS,-14.276522,-170.546539,1,TUT,58.5,10.0,180.0,2,2200,0,0,0,0,1,0
CF,HADUB,-14.293353,-170.595050,0,TUT,58.5,7.0,238.0,3.0,2,2100,0,0,0,0,0,0

APPTR,V26-B,26,TUT1
IF,TUT,-14.332592,-170.708278, ,0.0,0.0,0,0,0,0,0,0,0,0
TF,WADGI,-14.310175,-170.643572,0, ,0.0,0.0,0.0,0.0,2,4300,0,0,0,0,0,0
PI,WADGI,-14.310175,-170.643572,1,TUT,103.0,10.0,058,5.0,2,2800,0,0,0,0,1,0
CF,HADUB,-14.293353,-170.595050,0,TUT,58.5,7.0,238.0,7.0,2,2100,0,0,0,0,0,0

APPTR,V26-B,26,TUT2
IF,TUT,-14.332592,-170.708278, ,0.0,0.0,0,0,0,0,0,0,0,0
TF,MUNRE,-14.433283,-170.845447,0, ,0.0,0.0,0.0,0.0,2,3700,0,0,0,0,1,0
AF,PITTI,-14.496314,-170.743997,1,TUT,180.0,10.0,221.0,2,3000,0,0,0,0,0,0
AF,JONAS,-14.276522,-170.546539,1,TUT,58.5,10.0,180.0,2,2200,0,0,0,0,1,0
CF,HADUB,-14.293353,-170.595050,0,TUT,58.5,7.0,238.0,3.0,2,2100,0,0,0,0,0,0

FINAL,V26-B,26,D,3
IF,HADUB,-14.293353,-170.595050,TUT,58.5,7.0,2,2100,0,0,0,0,0,0
CF,WADGI,-14.310175,-170.643572,0,TUT,58.5,4.0,238.0,3.0,2,1500,0,0,0,0,2,0
CF,VECUV,-14.326986,-170.692100,0,TUT,58.4,1.0,238.0,3.0,1,860,0,0,0,0,3,0
CF,TUT,-14.332592,-170.708278,0,TUT,0.0,0.0,238.0,1.0,0,0,0,0,0,0,0,0
CF,PITTI,-14.496314,-170.743997,0,TUT,180.0,10.0,180.0,10.0,2,3000,0,0,0,0,0,0
HM,PITTI,-14.496314,-170.743997,2, ,0.0,0.0,360.0,04.3,2,3000,0,0,0,0,0,0,0

