APPTR,N14-A,14,AA
IF,AA,-17.356389,-145.509111, ,0.0,0.0,2,1500,0,0,0,0,1,0
FC,AA,-17.356389,-145.509111,0,TAF,0.0,0.0,336.0,7.5,2,1200,0,0,0,0,0,1
CF,FF140,-17.287372,-145.545711,1,TAF,73.8,233.2,140.0,3.0,2,1200,0,0,0,0,0,0

FINAL,N14-A,14,N,2
IF,FF140,-17.287372,-145.545711,AA,0.0,0.0,2,1200,0,0,0,0,2,0
CF,AA,-17.356389,-145.509111,0,AA,0.0,0.0,140.0,4.6,1,690,0,0,0,0,3,0
CA,0,140.0,2,1500,0,0,0,0,0,0
DF,AA,-17.356389,-145.509111,0, ,0.0,0.0,0,0,0,0,0,0,0,0

APPTR,N32-B,32,AA
IF,AA,-17.356389,-145.509111, ,0.0,0.0,2,1500,0,0,0,0,1,0
FC,AA,-17.356389,-145.509111,0,TAF,0.0,0.0,152.0,6.0,2,1200,0,0,0,0,0,1
CF,FF312,-17.413494,-145.467456,1,TAF,75.7,237.2,312.0,2.0,2,1200,0,0,0,0,0,0

FINAL,N32-B,32,N,2
IF,FF312,-17.413494,-145.467456,AA,0.0,0.0,2,1200,0,0,0,0,2,0
CF,AA,-17.356389,-145.509111,0,AA,0.0,0.0,312.0,4.2,1,690,0,0,0,0,3,0
CA,0,312.0,2,1500,0,0,0,0,0,0
DF,AA,-17.356389,-145.509111,0, ,0.0,0.0,0,0,0,0,0,0,0,0

