SID,BAMB1C,07,5
CA,0,71.0,2,500,0,0,0,0,0,0
DF,TR501,-16.713222,-151.372417,0, ,0.0,0.0,0,0,0,0,0,0,0,0
TF,RUPAL,-16.568000,-151.385583,0, ,0.0,0.0,0.0,0.0,0,0,0,0,0,0,0,0
TF,TR509,-16.516667,-151.537194,0, ,0.0,0.0,0.0,0.0,0,0,0,0,0,0,0,0
TF,BAMBI,-16.443583,-151.752444,0, ,0.0,0.0,0.0,0.0,2,4000,0,0,0,0,0,0

SID,BB3D,25,2
CA,0,251.0,2,510,0,0,0,0,0,0
FA,RU,-16.721417,-151.466583,0,HHN,0.0,0.0,251.0,2,1000,0,0,0,0,0,0
DF,BB,-16.444306,-151.754639,0, ,0.0,0.0,0,0,0,0,0,0,0,0

SID,BELB1D,25,5
CA,0,251.0,2,500,0,0,0,0,0,0
DF,TR502,-16.732314,-151.556578,0, ,0.0,0.0,0,0,0,0,0,0,0,0
TF,TR508,-16.629639,-151.577667,0, ,0.0,0.0,0.0,0.0,0,0,0,0,0,0,0,0
TF,BELBO,-16.565639,-151.568139,0, ,0.0,0.0,0.0,0.0,2,2000,0,0,0,0,0,0

SID,HHN3C,07,2
CA,0,71.0,2,510,0,0,0,0,0,0
CF,HHN,-16.685472,-151.010528,0,HHN,0.0,0.0,73.0,26.0,2,4000,0,0,0,0,0,0

SID,HHN3D,25,2
CA,0,251.0,2,510,0,0,0,0,0,0
FA,RU,-16.721417,-151.466583,0,HHN,0.0,0.0,251.0,2,2500,0,0,0,0,0,0
DF,RU,-16.721417,-151.466583,2, ,0.0,0.0,2,5000,0,0,0,0,0,0
TF,HHN,-16.685472,-151.010528,0, ,0.0,0.0,0.0,0.0,0,0,0,0,0,0,0,0

SID,IDUT1C,07,5
CA,0,71.0,2,500,0,0,0,0,0,0
DF,TR501,-16.713222,-151.372417,0, ,0.0,0.0,0,0,0,0,0,0,0,0
TF,IDUTA,-17.618139,-150.470694,0, ,0.0,0.0,0.0,0.0,0,0,0,0,0,0,0,0

SID,MEKE1C,07,5
CA,0,71.0,2,500,0,0,0,0,0,0
DF,TR501,-16.713222,-151.372417,0, ,0.0,0.0,0,0,0,0,0,0,0,0
TF,RUPAL,-16.568000,-151.385583,0, ,0.0,0.0,0.0,0.0,0,0,0,0,0,0,0,0
TF,TR509,-16.516667,-151.537194,0, ,0.0,0.0,0.0,0.0,0,0,0,0,0,0,0,0
TF,TB503,-16.556167,-151.677500,0, ,0.0,0.0,0.0,0.0,0,0,0,0,0,0,0,0
TF,TB504,-16.593639,-151.811056,0, ,0.0,0.0,0.0,0.0,0,0,0,0,0,0,0,0
TF,MEKES,-16.426472,-152.242389,0, ,0.0,0.0,0.0,0.0,2,2500,0,0,0,0,0,0

SID,MERE1D,25,5
CA,0,251.0,2,500,0,0,0,0,0,0
DF,TR502,-16.732314,-151.556578,0, ,0.0,0.0,0,0,0,0,0,0,0,0
TF,TB504,-16.593639,-151.811056,0, ,0.0,0.0,0.0,0.0,0,0,0,0,0,0,0,0
TF,MEREV,-16.498750,-152.060083,0, ,0.0,0.0,0.0,0.0,2,1700,0,0,0,0,0,0

SID,ONUR3C,07,2
CA,0,71.0,2,510,0,0,0,0,0,0
FA,RU,-16.721417,-151.466583,0,HHN,0.0,0.0,73.0,2,1300,0,0,0,0,0,0
VI,0, ,0.0,129.0,0,0,0,0,0,0,0,0
CF,ONURI,-16.878333,-151.112583,0,HHN,194.0,12.9,102.0,18.0,0,0,0,0,0,0,0,0

SID,ONUR3D,25,2
CA,0,251.0,2,510,0,0,0,0,0,0
FA,RU,-16.721417,-151.466583,0,HHN,0.0,0.0,251.0,2,2500,0,0,0,0,0,0
DF,RU,-16.721417,-151.466583,2, ,0.0,0.0,2,5000,0,0,0,0,0,0
TF,ONURI,-16.878333,-151.112583,0, ,0.0,0.0,0.0,0.0,0,0,0,0,0,0,0,0

SID,SALA1D,25,5
CA,0,251.0,2,500,0,0,0,0,0,0
DF,TR502,-16.732314,-151.556578,0, ,0.0,0.0,0,0,0,0,0,0,0,0
TF,TR504,-16.905122,-151.537353,0, ,0.0,0.0,0.0,0.0,0,0,0,0,0,0,0,0
TF,SALAN,-16.989556,-151.411889,0, ,0.0,0.0,0.0,0.0,0,0,0,0,0,0,0,0

SID,TEAN3C,07,2
CA,0,71.0,2,510,0,0,0,0,0,0
FA,RU,-16.721417,-151.466583,0,HHN,0.0,0.0,73.0,2,1300,0,0,0,0,0,0
VI,0, ,0.0,129.0,0,0,0,0,0,0,0,0
CF,ONURI,-16.878333,-151.112583,0,HHN,194.0,12.9,102.0,18.0,0,0,0,0,0,0,0,0
TF,TEANO,-17.298889,-150.154167,0, ,0.0,0.0,0.0,0.0,0,0,0,0,0,0,0,0

SID,TEAN3D,25,2
CA,0,251.0,2,510,0,0,0,0,0,0
FA,RU,-16.721417,-151.466583,0,HHN,0.0,0.0,251.0,2,2500,0,0,0,0,0,0
DF,RU,-16.721417,-151.466583,2, ,0.0,0.0,2,5000,0,0,0,0,0,0
TF,ONURI,-16.878333,-151.112583,0, ,0.0,0.0,0.0,0.0,0,0,0,0,0,0,0,0
TF,TEANO,-17.298889,-150.154167,0, ,0.0,0.0,0.0,0.0,0,0,0,0,0,0,0,0

SID,UBKI1D,25,5
CA,0,251.0,2,2500,0,0,0,0,0,0
DF,TR506,-16.702111,-151.467361,2, ,0.0,0.0,0,0,0,0,0,0,0,0
TF,UBKIM,-16.688306,-151.028611,0, ,0.0,0.0,0.0,0.0,2,4000,0,0,0,0,0,0

SID,UXIN1C,07,5
CA,0,71.0,2,500,0,0,0,0,0,0
DF,TR501,-16.713222,-151.372417,0, ,0.0,0.0,0,0,0,0,0,0,0,0
TF,UXINO,-16.721694,-151.217722,0, ,0.0,0.0,0.0,0.0,2,2000,0,0,0,0,0,0

STAR,BB1R,ALL,2
IF,BB,-16.444306,-151.754639, ,0.0,0.0,0,0,0,0,0,0,0,0
TF,RU,-16.721417,-151.466583,0, ,0.0,0.0,0.0,0.0,0,0,0,0,0,0,0,0

STAR,HHN1R,ALL,2
IF,HHN,-16.685472,-151.010528, ,0.0,0.0,0,0,0,0,0,0,0,0
TF,RU,-16.721417,-151.466583,0, ,0.0,0.0,0.0,0.0,0,0,0,0,0,0,0,0

APPTR,N07,07,RU
IF,RU,-16.721417,-151.466583, ,0.0,0.0,2,5000,0,0,0,0,1,0
FC,RU,-16.721417,-151.466583,0,HHN,0.0,0.0,240.0,12.0,2,2300,0,0,0,0,0,1
CF,FF07,-16.736519,-151.594572,2,HHN,251.7,33.8,70.0,5.0,2,2300,0,0,0,0,0,0

FINAL,N07,07,N,2
IF,FF07,-16.736519,-151.594572,RU,0.0,0.0,2,2300,0,0,0,0,2,0
CF,RW07,-16.723606,-151.472372,0,RU,0.0,0.0,70.0,7.1,1,46,0,0,0,0,3,0
CF,RU,-16.721417,-151.466583,0,HHN,252.3,26.4,70.0,0.4,0,0,0,0,0,0,0,0
CA,0,70.0,2,3000,0,0,0,0,0,0
DF,RU,-16.721417,-151.466583,1, ,0.0,0.0,2,5000,0,0,0,0,0,0

APPTR,N25,25,RU
IF,RU,-16.721417,-151.466583, ,0.0,0.0,2,5000,0,0,0,0,1,0
FC,RU,-16.721417,-151.466583,0,HHN,0.0,0.0,85.0,12.0,2,2400,0,0,0,0,0,1
CF,FF25,-16.714533,-151.331200,1,HHN,251.6,18.6,254.0,5.0,2,2400,0,0,0,0,0,0

FINAL,N25,25,N,2
IF,FF25,-16.714533,-151.331200,RU,0.0,0.0,2,2400,0,0,0,0,2,0
CF,RW25,-16.722253,-151.459331,0,RU,0.0,0.0,254.0,7.4,1,46,0,0,0,0,3,0
CF,RU,-16.721417,-151.466583,0,HHN,252.3,26.4,254.0,0.4,0,0,0,0,0,0,0,1
CA,0,254.0,2,3100,0,0,0,0,0,0
DF,RU,-16.721417,-151.466583,2, ,0.0,0.0,2,5000,0,0,0,0,0,0

APPTR,R07,07,RULOM
IF,RULOM,-16.723056,-151.466944, ,0.0,0.0,2,5000,0,0,0,0,1,0
TF,TR410,-16.649389,-151.568472,0, ,0.0,0.0,0.0,0.0,2,3000,0,0,0,0,0,0
TF,RUTIX,-16.661944,-151.690528,0, ,0.0,0.0,0.0,0.0,2,2000,0,0,0,0,0,0
TF,REVKO,-16.745139,-151.681333,0, ,0.0,0.0,0.0,0.0,2,2000,0,0,0,0,1,0

APPTR,R07,07,RUTIX
IF,RUTIX,-16.661944,-151.690528, ,0.0,0.0,2,2000,0,0,0,0,1,0
TF,REVKO,-16.745139,-151.681333,0, ,0.0,0.0,0.0,0.0,2,2000,0,0,0,0,1,0

FINAL,R07,07,R,3
IF,REVKO,-16.745139,-151.681333, ,0.0,0.0,2,2000,0,0,0,0,1,0
TF,FTR07,-16.734500,-151.577722,0, ,0.0,0.0,71.0,6.0,1,2000,0,0,0,0,2,0
TF,MTR07,-16.726644,-151.501728,0, ,0.0,0.0,71.0,4.4,1,588,0,0,0,0,3,1
DF,TR430,-16.689139,-151.415250,0, ,0.0,0.0,0,0,0,0,0,0,0,0
TF,TR431,-16.864167,-151.296278,0, ,0.0,0.0,0.0,0.0,0,0,0,0,0,0,0,0
TF,TR432,-16.967111,-151.445056,0, ,0.0,0.0,0.0,0.0,0,0,0,0,0,0,0,0
TF,TR433,-16.813083,-151.673806,0, ,0.0,0.0,0.0,0.0,0,0,0,0,0,0,0,0
TF,REVKO,-16.745139,-151.681333,0, ,0.0,0.0,0.0,0.0,2,2000,0,0,0,0,0,0

APPTR,R25,25,RULOM
IF,RULOM,-16.723056,-151.466944, ,0.0,0.0,2,5000,0,0,0,0,1,0
TF,REDOK,-16.611500,-151.365333,0, ,0.0,0.0,0.0,0.0,2,3000,0,0,0,0,0,0
TF,RIBRA,-16.600667,-151.261806,0, ,0.0,0.0,0.0,0.0,0,0,0,0,0,0,0,0
TF,REVRI,-16.700500,-151.250556,0, ,0.0,0.0,0.0,0.0,2,2000,0,0,0,0,1,0

FINAL,R25,25,R,3
IF,REVRI,-16.700500,-151.250556, ,0.0,0.0,2,2000,0,0,0,0,1,0
TF,FTR25,-16.711333,-151.354139,0, ,0.0,0.0,251.0,6.0,1,2000,0,0,0,0,2,0
TF,MTR25,-16.718506,-151.423211,0, ,0.0,0.0,251.0,4.0,1,713,0,0,0,0,3,1
TF,TR434,-16.729583,-151.530111,0, ,0.0,0.0,0.0,0.0,0,0,0,0,0,0,0,0
TF,TR435,-16.921556,-151.512972,0, ,0.0,0.0,0.0,0.0,0,0,0,0,0,0,0,0
TF,TR432,-16.967111,-151.445056,0, ,0.0,0.0,0.0,0.0,0,0,0,0,0,0,0,0
TF,TR431,-16.864167,-151.296278,0, ,0.0,0.0,0.0,0.0,0,0,0,0,0,0,0,0
TF,TR436,-16.783694,-151.241167,0, ,0.0,0.0,0.0,0.0,0,0,0,0,0,0,0,0
TF,REVRI,-16.700500,-151.250556,0, ,0.0,0.0,0.0,0.0,2,2000,0,0,0,0,0,0

