SID,IP1C,17,2
CA,0,166.0,2,600,0,0,0,0,0,0
CI,0, ,0.0,135.0,0,0,0,0,0,0,0,0
FD,MGA,-22.315389,166.473167,0,MGA,0.0,7.0,94.0,7.0,3,1800,0,0,0,0,0,0
CF,NORAC,-22.395833,166.762500,0,MGA,95.0,16.8,94.0,10.0,0,0,0,0,0,0,0,0
TF,MISGA,-22.464167,167.000000,0, ,0.0,0.0,0.0,0.0,0,0,0,0,0,0,0,0
TF,IP,-22.590000,167.451083,0, ,0.0,0.0,0.0,0.0,0,0,0,0,0,0,0,0

SID,IP2F,35,2
CA,0,346.0,2,600,0,0,0,0,0,0
CI,2, ,0.0,140.0,0,0,0,0,0,0,0,0
CF,NORAC,-22.395833,166.762500,0,MGA,95.0,16.8,94.0,9.0,0,0,0,0,0,0,0,0
TF,MISGA,-22.464167,167.000000,0, ,0.0,0.0,0.0,0.0,0,0,0,0,0,0,0,0
TF,IP,-22.590000,167.451083,0, ,0.0,0.0,0.0,0.0,0,0,0,0,0,0,0,0

SID,LTO3A,17,2
CA,0,166.0,2,600,0,0,0,0,0,0
CF,MGA,-22.315389,166.473167,0,MGA,0.0,0.0,167.0,3.0,0,0,0,0,0,0,0,1
VD, ,0,0,2,MGA,0.0,0.0,285.0,6.0,3,1800,0,0,0,0,0,0
CF,LTO,-22.005444,166.211667,0,LTO,0.0,0.0,321.0,21.0,0,0,0,0,0,0,0,0

SID,LTO4B,35,2
CA,0,346.0,2,600,0,0,0,0,0,0
CR,1,LTO,138.0,256.0,0,0,0,0,0,0,0,0
CF,LTO,-22.005444,166.211667,0,LTO,0.0,0.0,321.0,14.0,0,0,0,0,0,0,0,0

SID,MG1,17,2
CA,0,166.0,2,600,0,0,0,0,0,0
CI,1, ,0.0,74.0,0,0,0,0,0,0,0,0
FD,MG,-22.269889,166.473083,0,LTO,124.4,29.0,104.0,29.0,3,3600,0,0,0,0,0,0
VM,0,0,0,104.0,0,0,0,0,0,0,0,0

SID,MR1C,17,2
CA,0,166.0,2,600,0,0,0,0,0,0
CI,0, ,0.0,135.0,0,0,0,0,0,0,0,0
FD,MGA,-22.315389,166.473167,0,MGA,0.0,7.0,94.0,7.0,3,1800,0,0,0,0,0,0
CF,NORAC,-22.395833,166.762500,0,MGA,95.0,16.8,94.0,10.0,0,0,0,0,0,0,0,1
CF,OUANA,-22.096111,166.888611,0,MGA,48.5,26.6,5.0,19.0,0,0,0,0,0,0,0,0
TF,MR,-21.481611,168.035806,0, ,0.0,0.0,0.0,0.0,0,0,0,0,0,0,0,0

SID,MR2F,35,2
CA,0,346.0,2,600,0,0,0,0,0,0
CI,2, ,0.0,140.0,0,0,0,0,0,0,0,0
CF,NORAC,-22.395833,166.762500,0,MGA,95.0,16.8,94.0,9.0,0,0,0,0,0,0,0,1
CF,OUANA,-22.096111,166.888611,0,MGA,48.5,26.6,5.0,19.0,0,0,0,0,0,0,0,0
TF,MR,-21.481611,168.035806,0, ,0.0,0.0,0.0,0.0,0,0,0,0,0,0,0,0

SID,SEP1A,17,2
CA,0,166.0,2,600,0,0,0,0,0,0
CI,0, ,0.0,115.0,0,0,0,0,0,0,0,0
FD,MGA,-22.315389,166.473167,0,MGA,0.0,7.0,80.0,7.0,3,1800,0,0,0,0,0,0
VM,0,0,0,80.0,2,3100,0,0,0,0,0,0

STAR,IP1N,ALL,2
IF,IP,-22.590000,167.451083, ,0.0,0.0,0,0,0,0,0,0,0,0
TF,MISGA,-22.464167,167.000000,0, ,0.0,0.0,0.0,0.0,0,0,0,0,0,0,0,0
TF,MGA,-22.315389,166.473167,0, ,0.0,0.0,0.0,0.0,0,0,0,0,0,0,0,0

STAR,IP1R,ALL,2
IF,IP,-22.590000,167.451083, ,0.0,0.0,0,0,0,0,0,0,0,0
TF,NEMID,-22.539444,167.000000,0, ,0.0,0.0,0.0,0.0,0,0,0,0,0,0,0,0
TF,REDIK,-22.500125,166.655694,0, ,0.0,0.0,0.0,0.0,0,0,0,0,0,0,0,0

STAR,KQ1M,ALL,2
IF,KQ,-21.104861,164.872250, ,0.0,0.0,0,0,0,0,0,0,0,0
TF,GIRAD,-22.144444,166.243611,0, ,0.0,0.0,0.0,0.0,0,0,0,0,0,0,0,0
TF,MGA,-22.315389,166.473167,0, ,0.0,0.0,0.0,0.0,0,0,0,0,0,0,0,0

STAR,KQ1N,ALL,2
IF,KQ,-21.104861,164.872250, ,0.0,0.0,0,0,0,0,0,0,0,0
TF,LTO,-22.005444,166.211667,0, ,0.0,0.0,0.0,0.0,0,0,0,0,0,0,0,0
TF,GIRAD,-22.144444,166.243611,0, ,0.0,0.0,0.0,0.0,0,0,0,0,0,0,0,0
FD,GIRAD,-22.144444,166.243611,0,LTO,154.9,10.0,155.0,10.0,0,0,0,0,0,0,0,0
CF,D155P,-22.258411,166.269436,0,LTO,155.0,15.5,155.0,6.0,0,0,0,0,0,0,0,0
TF,MAMIT,-22.326622,166.330969,0, ,0.0,0.0,0.0,0.0,0,0,0,0,0,0,0,0

STAR,KQ1S,ALL,2
IF,KQ,-21.104861,164.872250, ,0.0,0.0,0,0,0,0,0,0,0,0
TF,GIRAD,-22.144444,166.243611,0, ,0.0,0.0,0.0,0.0,0,0,0,0,0,0,0,0
FD,GIRAD,-22.144444,166.243611,0,LTO,154.9,10.0,155.0,10.0,0,0,0,0,0,0,0,0
CF,D155P,-22.258411,166.269436,0,LTO,155.0,15.5,155.0,6.0,0,0,0,0,0,0,0,0
TF,MAMIT,-22.326622,166.330969,0, ,0.0,0.0,0.0,0.0,0,0,0,0,0,0,0,0

STAR,KQ1T,ALL,2
IF,KQ,-21.104861,164.872250, ,0.0,0.0,0,0,0,0,0,0,0,0
TF,LTO,-22.005444,166.211667,0, ,0.0,0.0,0.0,0.0,0,0,0,0,0,0,0,0
TF,D129I,-22.123811,166.311428,0, ,0.0,0.0,0.0,0.0,0,0,0,0,0,0,0,0
TF,TIMDU,-22.190556,166.367778,0, ,0.0,0.0,0.0,0.0,0,0,0,0,0,0,0,0
TF,MGA,-22.315389,166.473167,0, ,0.0,0.0,0.0,0.0,0,0,0,0,0,0,0,0

STAR,LTO1N,ALL,2
IF,LTO,-22.005444,166.211667, ,0.0,0.0,0,0,0,0,0,0,0,0
TF,GIRAD,-22.144444,166.243611,0, ,0.0,0.0,0.0,0.0,0,0,0,0,0,0,0,0
FD,GIRAD,-22.144444,166.243611,0,LTO,154.9,10.0,155.0,10.0,0,0,0,0,0,0,0,0
CF,D155P,-22.258411,166.269436,0,LTO,155.0,15.5,155.0,6.0,0,0,0,0,0,0,0,0
TF,MAMIT,-22.326622,166.330969,0, ,0.0,0.0,0.0,0.0,0,0,0,0,0,0,0,0
TF,MG194,-22.422292,166.417075,0, ,0.0,0.0,0.0,0.0,3,6000,0,1,180,0,0,0
CI,1, ,0.0,32.0,0,0,0,0,0,0,0,0
CF,MGA,-22.315389,166.473167,0,MGA,0.0,0.0,347.0,5.0,0,0,0,0,0,0,0,0

STAR,LU1N,ALL,2
IF,LU,-20.775306,167.238028, ,0.0,0.0,0,0,0,0,0,0,0,0
TF,GOSLA,-22.060278,166.601389,0, ,0.0,0.0,0.0,0.0,0,0,0,0,0,0,0,0
TF,LU91,-22.148775,166.556967,0, ,0.0,0.0,0.0,0.0,0,0,0,0,0,0,0,0
TF,LU96,-22.224514,166.518900,0, ,0.0,0.0,0.0,0.0,0,0,0,0,0,0,0,0
TF,MGA,-22.315389,166.473167,0, ,0.0,0.0,0.0,0.0,0,0,0,0,0,0,0,0

STAR,MR1N,ALL,2
IF,MR,-21.481611,168.035806, ,0.0,0.0,0,0,0,0,0,0,0,0
TF,KAORI,-22.160833,166.768333,0, ,0.0,0.0,0.0,0.0,0,0,0,0,0,0,0,0
TF,MR94,-22.266253,166.567186,0, ,0.0,0.0,0.0,0.0,0,0,0,0,0,0,0,0
TF,MGA,-22.315389,166.473167,0, ,0.0,0.0,0.0,0.0,0,0,0,0,0,0,0,0

STAR,OA1N,ALL,2
IF,OA,-20.642139,166.572056, ,0.0,0.0,0,0,0,0,0,0,0,0
TF,OBOLI,-21.994444,166.492222,0, ,0.0,0.0,0.0,0.0,0,0,0,0,0,0,0,0
TF,OA89,-22.131694,166.484083,0, ,0.0,0.0,0.0,0.0,0,0,0,0,0,0,0,0
TF,OA94,-22.215192,166.479125,0, ,0.0,0.0,0.0,0.0,0,0,0,0,0,0,0,0
TF,MGA,-22.315389,166.473167,0, ,0.0,0.0,0.0,0.0,0,0,0,0,0,0,0,0

APPTR,D35-V,35,MGA
IF,MGA,-22.315389,166.473167, ,0.0,0.0,2,4600,0,0,0,0,1,0
FC,MGA,-22.315389,166.473167,0,MGA,0.0,0.0,180.0,9.0,2,2600,0,0,0,0,0,1
CF,MGA,-22.315389,166.473167,1,MGA,0.0,0.0,347.0,9.0,2,1000,0,0,0,0,0,0

FINAL,D35-V,35,D,2
IF,MGA,-22.315389,166.473167,MGA,0.0,0.0,2,1000,0,0,0,0,2,0
CF,MG,-22.269889,166.473083,0,MGA,347.9,2.7,347.0,2.7,1,175,0,0,0,0,3,0
CA,0,347.0,2,510,0,0,0,0,0,0
VA,1,199.0,2,4600,0,0,0,0,0,0
DF,MGA,-22.315389,166.473167,0, ,0.0,0.0,1,4600,0,0,0,0,0,0

FINAL,D35-W,35,D,2
IF,FD35W,-22.344744,166.473717,MGA,167.0,1.8,2,1600,0,0,0,0,2,0
CF,MD35,-22.283614,166.472569,0,MGA,347.0,1.9,347.0,3.7,1,432,0,0,0,0,3,0
CD, ,0,0,0,MGA,0,0.0,347.0,4.1,2,1400,0,0,0,0,0,0
CD, ,0,0,0,MGA,0,0.0,262.0,8.0,0,0,0,0,0,0,0,0
DF,MAMIT,-22.326622,166.330969,1, ,0.0,0.0,0,0,0,0,0,0,0,0

APPTR,D35-X,35,MAMIT
IF,MAMIT,-22.326622,166.330969, ,0.0,0.0,2,1500,0,0,0,0,1,0
TF,MG194,-22.422292,166.417075,0, ,0.0,0.0,0.0,0.0,3,2000,0,1,160,0,0,1
CF,CD35X,-22.390647,166.474569,1,MGA,167.0,4.5,32.0,2.0,2,1500,0,0,0,0,1,0

FINAL,D35-X,35,D,3
IF,CD35X,-22.390647,166.474569,MGA,167.0,4.5,2,1500,0,0,0,0,0,0
CF,FD35,-22.332119,166.473469,0,MGA,167.0,1.0,347.0,3.5,2,1500,0,0,0,0,2,0
CF,MD35,-22.283614,166.472569,0,MGA,347.0,1.9,347.0,2.9,1,478,0,0,0,0,3,0
CD, ,0,0,0,MGA,0,0.0,347.0,4.1,2,1400,0,0,0,0,0,0
CD, ,0,0,0,MGA,0,0.0,262.0,8.0,0,0,0,0,0,0,0,0
DF,MAMIT,-22.326622,166.330969,1, ,0.0,0.0,0,0,0,0,0,0,0,0

APPTR,D35-Y,35,REDIK
IF,REDIK,-22.500125,166.655694, ,0.0,0.0,2,1800,0,0,0,0,1,0
TF,D162J,-22.480258,166.491803,0, ,0.0,0.0,0.0,0.0,3,2000,0,1,170,0,0,1
CF,CD35Y,-22.407367,166.474883,0,MGA,167.0,5.5,347.0,4.0,2,1500,0,0,0,0,1,0

FINAL,D35-Y,35,D,3
IF,CD35Y,-22.407367,166.474883,MGA,167.0,5.5,2,1500,0,0,0,0,0,0
CF,FD35,-22.332119,166.473469,0,MGA,167.0,1.0,347.0,4.5,2,1500,0,0,0,0,2,0
CF,MD35,-22.283614,166.472569,0,MGA,347.0,1.9,347.0,2.9,1,478,0,0,0,0,3,0
CD, ,0,0,0,MGA,0,0.0,347.0,4.1,2,1400,0,0,0,0,0,0
CD, ,0,0,0,MGA,0,0.0,262.0,8.0,0,0,0,0,0,0,0,0
DF,MAMIT,-22.326622,166.330969,1, ,0.0,0.0,0,0,0,0,0,0,0,0

APPTR,D35-Z,35,MGA
IF,MGA,-22.315389,166.473167, ,0.0,0.0,2,2800,0,0,0,0,1,0
FD,MGA,-22.315389,166.473167,0,MGA,0.0,1.0,199.0,1.0,0,0,0,1,140,0,0,0
CD, ,0,0,0,MGA,0,0.0,199.0,4.0,2,1500,0,0,0,0,0,0
CF,CD35Z,-22.382286,166.474411,1,MGA,167.0,4.0,347.0,1.0,2,1500,0,0,0,0,0,0

FINAL,D35-Z,35,D,3
IF,CD35Z,-22.382286,166.474411,MGA,167.0,4.0,2,1500,0,0,0,0,0,0
CF,FD35,-22.332119,166.473469,0,MGA,167.0,1.0,347.0,3.0,2,1500,0,0,0,0,2,0
CF,MD35,-22.283614,166.472569,0,MGA,347.0,1.9,347.0,2.9,1,478,0,0,0,0,3,0
CD, ,0,0,0,MGA,0,0.0,347.0,4.1,2,1400,0,0,0,0,0,0
CD, ,0,0,0,MGA,0,0.0,262.0,8.0,0,0,0,0,0,0,0,0
DF,MAMIT,-22.326622,166.330969,1, ,0.0,0.0,0,0,0,0,0,0,0,0

APPTR,N35,35,MG
IF,MG,-22.269889,166.473083, ,0.0,0.0,2,4600,0,0,0,0,1,0
FC,MG,-22.269889,166.473083,0,MGA,0.0,0.0,180.0,9.0,2,2200,0,0,0,0,0,1
CF,FN35,-22.376242,166.475078,1,MGA,166.3,3.6,347.0,2.7,2,2200,0,0,0,0,0,0

FINAL,N35,35,N,2
IF,FN35,-22.376242,166.475078,MG,0.0,0.0,2,2200,0,0,0,0,2,0
CF,MG,-22.269889,166.473083,0,MG,0.0,0.0,347.0,6.4,1,174,0,0,0,0,3,0
CA,0,347.0,2,510,0,0,0,0,0,0
VA,1,199.0,2,4600,0,0,0,0,0,0

