SID,BEACH1,19,2
CA,0,188.0,2,520,0,0,0,0,0,0
CA,0,203.0,2,800,0,0,0,0,0,0
CF,WS,-41.742389,171.580028,2,WB,238.8,103.6,2.0,47.0,0,0,0,0,0,0,0,0

SID,BELEE1,19,2
CA,0,188.0,2,520,0,0,0,0,0,0
CA,0,203.0,2,1650,0,0,0,0,0,0
CF,HK,-42.729339,170.956219,0,WB,216.8,148.7,182.0,16.0,0,0,0,0,0,0,0,0
TF,BELEE,-42.992344,171.509431,0, ,0.0,0.0,0.0,0.0,2,10000,0,0,0,0,0,0

SID,DAMIL1,19,2
CA,0,188.0,2,520,0,0,0,0,0,0
CA,0,203.0,2,600,0,0,0,0,0,0
CI,2, ,0.0,318.0,0,0,0,0,0,0,0,0
CF,DAMIL,-41.830872,171.189269,0,WB,237.3,121.6,348.0,34.0,0,0,0,0,0,0,0,0

SID,OCEAN1,01,2
CA,0,8.0,2,520,0,0,0,0,0,0
CI,1, ,0.0,258.0,0,0,0,0,0,0,0,0
IF,HK,-42.729339,170.956219, ,0.0,0.0,0,0,0,0,0,0,0,0
TF,DAMIL,-41.830872,171.189269,0, ,0.0,0.0,0.0,0.0,0,0,0,0,0,0,0,0

SID,OSOL1P,19,5
CF,PAROA,-42.623353,171.071736,0,WB,218.1,141.2,186.0,11.0,0,0,0,0,0,0,0,0
TF,APASA,-42.783850,171.070033,0, ,0.0,0.0,157.0,10.0,0,0,0,0,0,0,0,0
TF,OSOLO,-42.910614,171.336414,0, ,0.0,0.0,0.0,0.0,2,10000,0,0,0,0,0,0

SID,PORT1,01,2
CA,0,8.0,2,520,0,0,0,0,0,0
CF,HK,-42.729339,170.956219,1,WB,216.8,148.7,182.0,20.0,0,0,0,0,0,0,0,0

SID,RILE1Q,01,5
CA,0,8.0,2,520,0,0,0,0,0,0
CA,0,353.0,2,600,0,1,150,0,0,0
VI,0, ,0.0,293.0,0,0,0,1,150,0,0,0
CF,MUDUT,-42.369433,171.162686,0,WB,223.2,131.2,323.0,2.0,0,0,0,0,0,0,0,1
FA,MUDUT,-42.369433,171.162686,0,WB,0.0,0.0,323.0,2,3400,0,0,0,0,0,0
DF,RILEY,-42.517050,171.304389,1, ,0.0,0.0,0,0,0,0,0,0,0,0

SID,RILE1Q,OSOLO,6
IF,RILEY,-42.517050,171.304389, ,0.0,0.0,0,0,0,0,0,0,0,0
TF,OSOLO,-42.910614,171.336414,0, ,0.0,0.0,0.0,0.0,0,0,0,0,0,0,0,0

SID,SOUTH1,19,2
CA,0,188.0,2,520,0,0,0,0,0,0
CA,0,203.0,2,1600,0,0,0,0,0,0
CF,HK,-42.729339,170.956219,0,WB,216.8,148.7,182.0,16.0,0,0,0,0,0,0,0,0

STAR,APAS1A,01,5
IF,APASA,-42.783850,171.070033, ,0.0,0.0,0,0,0,0,0,0,0,0
TF,PAROA,-42.623353,171.071736,0, ,0.0,0.0,0.0,0.0,0,0,0,0,0,0,0,0

STAR,DOPA1A,01,5
IF,DOPAX,-42.483822,171.020581, ,0.0,0.0,0,0,0,0,0,0,0,0
TF,ELPAM,-42.568408,170.986875,0, ,0.0,0.0,0.0,0.0,0,0,0,0,0,0,0,0

STAR,HK1A,01,5
IF,HK,-42.729339,170.956219, ,0.0,0.0,0,0,0,0,0,0,0,0
TF,PAROA,-42.623353,171.071736,0, ,0.0,0.0,0.0,0.0,0,0,0,0,0,0,0,0

STAR,RILE1A,01,5
IF,RILEY,-42.517050,171.304389, ,0.0,0.0,0,0,0,0,0,0,0,0
TF,PAKSA,-42.678236,171.156747,0, ,0.0,0.0,0.0,0.0,0,0,0,0,0,0,0,0

APPTR,R01,01,ELPAM
IF,ELPAM,-42.568408,170.986875, ,0.0,0.0,0,0,0,0,0,0,1,0
TF,PAROA,-42.623353,171.071736,0, ,0.0,0.0,0.0,0.0,2,2300,0,0,0,0,1,0

APPTR,R01,01,PAKSA
IF,PAKSA,-42.678236,171.156747, ,0.0,0.0,0,0,0,0,0,0,1,0
TF,PAROA,-42.623353,171.071736,0, ,0.0,0.0,0.0,0.0,2,3400,0,0,0,0,1,0

APPTR,R01,01,PAROA
HF,PAROA,-42.623353,171.071736,1, ,0.0,0.0,28.0,04.3,2,3400,0,0,0,0,1,0,0

FINAL,R01,01,R,3
IF,PAROA,-42.623353,171.071736, ,0.0,0.0,2,2300,0,0,0,0,0,0
TF,AGRIP,-42.560608,171.146011,0, ,0.0,0.0,18.0,5.0,2,1980,0,0,0,0,2,0
TF,GM483,-42.490206,171.167539,0, ,0.0,0.0,350.0,4.3,1,586,0,0,0,0,3,1
DF,PAROA,-42.623353,171.071736,1, ,0.0,0.0,1,3400,0,1,130,0,0,0
HM,PAROA,-42.623353,171.071736,1, ,0.0,0.0,28.0,04.3,2,3400,0,0,0,0,0,0,0

