SID,DALTU1,ALL,5
IF,KM563,-41.215342,172.052889, ,0.0,0.0,2,400,0,0,0,0,0,0
TF,DALTU,-41.192828,171.998267,0, ,0.0,0.0,0.0,0.0,0,0,0,0,0,0,0,0

SID,DALTU1,KAKET,6
IF,DALTU,-41.192828,171.998267, ,0.0,0.0,0,0,0,0,0,0,0,0
TF,KAKET,-41.424556,171.758892,0, ,0.0,0.0,0.0,0.0,0,0,0,0,0,0,0,0

SID,DALTU1,UBRAV,6
IF,DALTU,-41.192828,171.998267, ,0.0,0.0,0,0,0,0,0,0,0,0
TF,UBRAV,-41.052811,171.966544,0, ,0.0,0.0,0.0,0.0,0,0,0,0,0,0,0,0

APPTR,R01-A,01,UBRAV
IF,UBRAV,-41.052811,171.966544, ,0.0,0.0,0,0,0,0,0,0,1,0
TF,APIGO,-41.139425,171.935044,0, ,0.0,0.0,0.0,0.0,2,2000,0,0,0,0,1,0

APPTR,R01-A,01,UXOMA
IF,UXOMA,-41.185647,171.833122, ,0.0,0.0,0,0,0,0,0,0,1,0
TF,APIGO,-41.139425,171.935044,0, ,0.0,0.0,0.0,0.0,2,2000,0,0,0,0,1,0

FINAL,R01-A,01,R,3
IF,APIGO,-41.139425,171.935044, ,0.0,0.0,2,2000,0,0,0,0,1,0
TF,UGTER,-41.179742,172.005394,0, ,0.0,0.0,105.0,4.0,2,1800,0,0,0,0,2,0
TF,KM412,-41.220014,172.075831,0, ,0.0,0.0,105.0,4.0,1,890,0,0,0,0,3,1
DF,UXOMA,-41.185647,171.833122,2, ,0.0,0.0,2,1200,0,0,0,0,0,0
HM,UXOMA,-41.185647,171.833122,1, ,0.0,0.0,36.0,04.3,2,1200,0,0,0,0,0,0,0

APPTR,R17-A,17,UBRAV
IF,UBRAV,-41.052811,171.966544, ,0.0,0.0,0,0,0,0,0,0,1,0
TF,APIGO,-41.139425,171.935044,0, ,0.0,0.0,0.0,0.0,2,2000,0,0,0,0,1,0

APPTR,R17-A,17,UXOMA
IF,UXOMA,-41.185647,171.833122, ,0.0,0.0,0,0,0,0,0,0,1,0
TF,APIGO,-41.139425,171.935044,0, ,0.0,0.0,0.0,0.0,2,2000,0,0,0,0,1,0

FINAL,R17-A,17,R,3
IF,APIGO,-41.139425,171.935044, ,0.0,0.0,2,2000,0,0,0,0,1,0
TF,UGTER,-41.179742,172.005394,0, ,0.0,0.0,105.0,4.0,2,1800,0,0,0,0,2,0
TF,KM412,-41.220014,172.075831,0, ,0.0,0.0,105.0,4.0,1,890,0,0,0,0,3,1
DF,UXOMA,-41.185647,171.833122,2, ,0.0,0.0,2,1200,0,0,0,0,0,0
HM,UXOMA,-41.185647,171.833122,1, ,0.0,0.0,36.0,04.3,2,1200,0,0,0,0,0,0,0

APPTR,R19-A,19,UBRAV
IF,UBRAV,-41.052811,171.966544, ,0.0,0.0,0,0,0,0,0,0,1,0
TF,APIGO,-41.139425,171.935044,0, ,0.0,0.0,0.0,0.0,2,2000,0,0,0,0,1,0

APPTR,R19-A,19,UXOMA
IF,UXOMA,-41.185647,171.833122, ,0.0,0.0,0,0,0,0,0,0,1,0
TF,APIGO,-41.139425,171.935044,0, ,0.0,0.0,0.0,0.0,2,2000,0,0,0,0,1,0

FINAL,R19-A,19,R,3
IF,APIGO,-41.139425,171.935044, ,0.0,0.0,2,2000,0,0,0,0,1,0
TF,UGTER,-41.179742,172.005394,0, ,0.0,0.0,105.0,4.0,2,1800,0,0,0,0,2,0
TF,KM412,-41.220014,172.075831,0, ,0.0,0.0,105.0,4.0,1,890,0,0,0,0,3,1
DF,UXOMA,-41.185647,171.833122,2, ,0.0,0.0,2,1200,0,0,0,0,0,0
HM,UXOMA,-41.185647,171.833122,1, ,0.0,0.0,36.0,04.3,2,1200,0,0,0,0,0,0,0

APPTR,R35-A,35,UBRAV
IF,UBRAV,-41.052811,171.966544, ,0.0,0.0,0,0,0,0,0,0,1,0
TF,APIGO,-41.139425,171.935044,0, ,0.0,0.0,0.0,0.0,2,2000,0,0,0,0,1,0

APPTR,R35-A,35,UXOMA
IF,UXOMA,-41.185647,171.833122, ,0.0,0.0,0,0,0,0,0,0,1,0
TF,APIGO,-41.139425,171.935044,0, ,0.0,0.0,0.0,0.0,2,2000,0,0,0,0,1,0

FINAL,R35-A,35,R,3
IF,APIGO,-41.139425,171.935044, ,0.0,0.0,2,2000,0,0,0,0,1,0
TF,UGTER,-41.179742,172.005394,0, ,0.0,0.0,105.0,4.0,2,1800,0,0,0,0,2,0
TF,KM412,-41.220014,172.075831,0, ,0.0,0.0,105.0,4.0,1,890,0,0,0,0,3,1
DF,UXOMA,-41.185647,171.833122,2, ,0.0,0.0,2,1200,0,0,0,0,0,0
HM,UXOMA,-41.185647,171.833122,1, ,0.0,0.0,36.0,04.3,2,1200,0,0,0,0,0,0,0

