STAR,APAB1B,21,5
IF,APABO,-36.195422,174.560375, ,0.0,0.0,0,0,0,0,0,0,0,0
TF,AVMOL,-36.479075,174.739389,0, ,0.0,0.0,0.0,0.0,0,0,0,0,0,0,0,0

STAR,KOPPA1,03,5
IF,KOPPA,-36.480456,174.537356, ,0.0,0.0,0,0,0,0,0,0,0,0
TF,PANGO,-36.612247,174.476292,0, ,0.0,0.0,0.0,0.0,2,2000,0,0,0,0,0,0

APPTR,R03,03,LIBKO
HF,LIBKO,-36.693589,174.499400,1, ,0.0,0.0,61.0,04.3,2,2000,0,0,0,0,1,0,0

APPTR,R03,03,PANGO
IF,PANGO,-36.612247,174.476292, ,0.0,0.0,0,0,0,0,0,0,1,0
TF,LIBKO,-36.693589,174.499400,0, ,0.0,0.0,0.0,0.0,2,2000,0,0,0,0,1,0

FINAL,R03,03,R,3
IF,LIBKO,-36.693589,174.499400, ,0.0,0.0,2,2000,0,0,0,0,0,0
TF,RIKDI,-36.682944,174.581336,0, ,0.0,0.0,61.0,4.0,2,1470,0,0,0,0,2,0
TF,NE403,-36.667425,174.640756,0, ,0.0,0.0,52.0,3.0,1,501,0,0,0,0,3,1
DF,UPLIN,-36.540042,174.809972,0, ,0.0,0.0,1,2100,0,0,0,0,0,0
HM,UPLIN,-36.540042,174.809972,2, ,0.0,0.0,207.0,04.3,2,2100,0,0,0,0,0,0,0

APPTR,R21,21,AVMOL
IF,AVMOL,-36.479075,174.739389, ,0.0,0.0,0,0,0,0,0,0,1,0
TF,UPLIN,-36.540042,174.809972,0, ,0.0,0.0,0.0,0.0,2,2100,0,0,0,0,1,0

APPTR,R21,21,UPLIN
HF,UPLIN,-36.540042,174.809972,2, ,0.0,0.0,207.0,04.3,2,2100,0,0,0,0,1,0,0

FINAL,R21,21,R,3
IF,UPLIN,-36.540042,174.809972, ,0.0,0.0,2,2100,0,0,0,0,0,0
TF,IPKAT,-36.597019,174.734392,0, ,0.0,0.0,207.0,5.0,2,2080,0,0,0,0,2,0
TF,RW21,-36.654278,174.658258,0, ,0.0,0.0,207.0,5.0,1,262,0,0,0,0,3,1
DF,LIBKO,-36.693589,174.499400,0, ,0.0,0.0,1,2000,0,0,0,0,0,0
HM,LIBKO,-36.693589,174.499400,1, ,0.0,0.0,61.0,04.3,2,2000,0,0,0,0,0,0,0

