STAR,WIKTA1,P3,4
IF,P3,-88.333333,166.833333, ,0.0,0.0,2,24500,0,0,0,0,0,0
TF,WIKTA,-89.733833,-156.344333,0, ,0.0,0.0,0.0,0.0,2,13000,0,0,0,0,0,0

STAR,WIKTA1,P6,4
IF,P6,-88.333333,-179.000000, ,0.0,0.0,2,24500,0,0,0,0,0,0
TF,WIKTA,-89.733833,-156.344333,0, ,0.0,0.0,0.0,0.0,2,13000,0,0,0,0,0,0

STAR,WIKTA1,ALL,5
IF,WIKTA,-89.733833,-156.344333, ,0.0,0.0,2,13000,0,0,0,0,0,0

APPTR,R02T,02T,P3
IF,P3,-88.333333,166.833333, ,0.0,0.0,2,24500,0,0,0,0,0,0
TF,WIKTA,-89.733833,-156.344333,0, ,0.0,0.0,0.0,0.0,2,13000,0,0,0,0,1,0
TF,MINKE,-89.828222,-151.696819,0, ,0.0,0.0,0.0,0.0,2,11700,0,0,0,0,1,0

APPTR,R02T,02T,P6
IF,P6,-88.333333,-179.000000, ,0.0,0.0,2,24500,0,0,0,0,0,0
TF,WIKTA,-89.733833,-156.344333,0, ,0.0,0.0,0.0,0.0,2,13000,0,0,0,0,1,0
TF,MINKE,-89.828222,-151.696819,0, ,0.0,0.0,0.0,0.0,2,11700,0,0,0,0,1,0

APPTR,R02T,02T,WIKTA
IF,WIKTA,-89.733833,-156.344333, ,0.0,0.0,2,13000,0,0,0,0,1,0
TF,MINKE,-89.828222,-151.696819,0, ,0.0,0.0,0.0,0.0,2,11700,0,0,0,0,1,0

FINAL,R02T,02T,R,3
IF,MINKE,-89.828222,-151.696819, ,0.0,0.0,2,11700,0,0,0,0,0,0
TF,ZADMO,-89.884597,-151.696819,0, ,0.0,0.0,2.4,3.4,2,10900,0,0,0,0,2,0
TF,WUDBO,-89.957719,-151.696819,0, ,0.0,0.0,2.4,4.4,1,9493,0,0,0,0,3,1
CA,0,2.4,2,9800,0,0,0,0,0,0
DF,WIKTA,-89.733833,-156.344333,1, ,0.0,0.0,2,13000,0,0,0,0,0,1
HM,WIKTA,-89.733833,-156.344333,2, ,0.0,0.0,1.6,04,3,15000,0,1,230,0,0,0,0

