SID,DEP12,12,2
VA,0,116.0,2,4000,0,0,0,0,0,0
VM,0,0,0,116.0,0,0,0,0,0,0,0,0

SID,DEP30,30,2
VA,0,296.0,2,4000,0,0,0,0,0,0
VM,0,0,0,296.0,0,0,0,0,0,0,0,0

APPTR,D12,12,AUA
IF,AUA,26.471722,38.140750, ,0.0,0.0,0,0,0,0,0,0,1,0
CF,D338N,26.694261,38.060242,0,AUA,338.0,14.0,338.0,14.0,2,6200,0,0,0,0,0,0
AF,CF12,26.587278,37.914528,1,AUA,295.6,14.0,338.0,2,5700,0,0,0,0,1,0

APPTR,D12,12,D239N
IF,D239N,26.365278,37.909278, ,0.0,0.0,0,0,0,0,0,0,1,0
AF,CF12,26.587278,37.914528,2,AUA,295.6,14.0,239.0,2,5700,0,0,0,0,1,0

FINAL,D12,12,D,5
IF,CF12,26.587278,37.914528,AUA,295.6,14.0,2,5700,0,0,0,0,0,0
CF,VOR10,26.554297,37.979206,0,AUA,295.6,10.0,116.0,4.0,2,4500,0,0,0,0,0,0
CF,FF12,26.538333,38.010528,0,AUA,295.7,8.1,116.0,1.9,2,3900,0,0,0,0,2,0
CF,55VOR,26.517172,38.051936,0,AUA,295.7,5.5,116.0,2.6,2,3090,0,0,0,0,0,0
CF,RW12,26.489783,38.105408,0,AUA,295.6,2.2,116.0,3.3,1,2044,0,0,0,0,3,0
CF,AUA,26.471722,38.140750,0,AUA,0.0,0.0,116.0,2.2,0,0,0,0,0,0,0,0
FD,AUA,26.471722,38.140750,0,AUA,0.0,3.0,116.0,3.0,0,0,0,0,0,0,0,0
DF,AUA,26.471722,38.140750,2, ,0.0,0.0,1,6200,0,1,210,0,0,0
HM,AUA,26.471722,38.140750,2, ,0.0,0.0,296.0,04.3,2,6200,0,1,230,0,0,0,0

APPTR,D30,30,AUA
IF,AUA,26.471722,38.140750, ,0.0,0.0,2,6200,0,0,0,0,1,0
TF,D116I,26.397300,38.285975,0, ,0.0,0.0,0.0,0.0,2,5700,0,0,0,0,0,0
FC,D116I,26.397300,38.285975,0,AUA,0.0,0.0,71.0,4.8,2,5700,0,0,0,0,0,1
CF,AO430,26.355889,38.366583,2,AUA,115.6,14.0,251.0,1.0,2,5700,0,0,0,0,1,0
CF,CF30,26.389286,38.301594,0,AUA,115.6,10.0,296.0,4.0,2,4700,0,0,0,0,0,0

APPTR,D30,30,D080N
IF,D080N,26.494222,38.399583, ,0.0,0.0,0,0,0,0,0,0,1,0
AF,AO430,26.355889,38.366583,2,AUA,115.6,14.0,80.0,2,5700,0,0,0,0,1,0
CF,CF30,26.389286,38.301594,0,AUA,115.6,10.0,296.0,4.0,2,4700,0,0,0,0,0,0

APPTR,D30,30,D139N
IF,D139N,26.284167,38.296167, ,0.0,0.0,0,0,0,0,0,0,1,0
AF,AO430,26.355889,38.366583,1,AUA,115.6,14.0,139.0,2,5700,0,0,0,0,1,0
CF,CF30,26.389286,38.301594,0,AUA,115.6,10.0,296.0,4.0,2,4700,0,0,0,0,0,0

APPTR,D30,30,D239N
IF,D239N,26.365278,37.909278, ,0.0,0.0,0,0,0,0,0,0,1,0
AF,AO430,26.355889,38.366583,1,AUA,115.6,14.0,239.0,2,5700,0,0,0,0,1,0
CF,CF30,26.389286,38.301594,0,AUA,115.6,10.0,296.0,4.0,2,4700,0,0,0,0,0,0

FINAL,D30,30,D,5
IF,CF30,26.389286,38.301594,AUA,115.6,10.0,2,4700,0,0,0,0,0,0
CF,FF30,26.428972,38.224250,0,AUA,115.6,5.2,296.0,4.8,2,3900,0,0,0,0,2,0
CF,32VOR,26.445281,38.192408,0,AUA,115.6,3.2,296.0,2.0,2,3270,0,0,0,0,0,0
CF,19VOR,26.456025,38.171425,0,AUA,115.6,1.9,296.0,1.3,2,2860,0,0,0,0,0,0
CF,AUA,26.471722,38.140750,0,AUA,0.0,0.0,296.0,1.9,1,2272,0,0,0,0,3,0
FD,AUA,26.471722,38.140750,0,AUA,0.0,5.0,296.0,5.0,0,0,0,0,0,0,0,0
DF,AUA,26.471722,38.140750,1, ,0.0,0.0,1,6200,0,1,210,0,0,0
HM,AUA,26.471722,38.140750,1, ,0.0,0.0,116.0,04.3,2,6200,0,1,230,0,0,0,0

APPTR,I30-Y,30,MIGMU
IF,MIGMU,26.254333,38.302278, ,0.0,0.0,2,7600,0,1,230,0,1,0
TF,AO430,26.355889,38.366583,0, ,0.0,0.0,0.0,0.0,2,5700,0,1,210,0,1,0
CF,CF30,26.389286,38.301594,0,IAUA,115.6,12.3,296.0,4.0,2,4700,0,0,0,0,0,0

APPTR,I30-Y,30,NADIK
IF,NADIK,26.304167,37.776944, ,0.0,0.0,2,11000,0,0,0,0,1,0
TF,MIGMU,26.254333,38.302278,0, ,0.0,0.0,0.0,0.0,2,7600,0,1,230,0,0,0
TF,AO430,26.355889,38.366583,0, ,0.0,0.0,0.0,0.0,2,5700,0,1,210,0,1,0
CF,CF30,26.389286,38.301594,0,IAUA,115.6,12.3,296.0,4.0,2,4700,0,0,0,0,0,0

APPTR,I30-Y,30,NOPLO
IF,NOPLO,26.509861,38.582167, ,0.0,0.0,2,10000,0,0,0,0,1,0
TF,AO435,26.457750,38.431167,0, ,0.0,0.0,0.0,0.0,2,7600,0,1,230,0,0,0
TF,AO430,26.355889,38.366583,0, ,0.0,0.0,0.0,0.0,2,5700,0,1,210,0,1,0
CF,CF30,26.389286,38.301594,0,IAUA,115.6,12.3,296.0,4.0,2,4700,0,0,0,0,0,0

APPTR,I30-Y,30,PUSNA
IF,PUSNA,26.154556,38.403111, ,0.0,0.0,2,10000,0,0,0,0,1,0
TF,MIGMU,26.254333,38.302278,0, ,0.0,0.0,0.0,0.0,2,7600,0,1,230,0,0,0
TF,AO430,26.355889,38.366583,0, ,0.0,0.0,0.0,0.0,2,5700,0,1,210,0,1,0
CF,CF30,26.389286,38.301594,0,IAUA,115.6,12.3,296.0,4.0,2,4700,0,0,0,0,0,0

FINAL,I30-Y,30,I,3
IF,CF30,26.389286,38.301594,IAUA,115.6,12.3,2,4700,0,0,0,0,0,0
CF,AO425,26.429333,38.223528,0,IAUA,115.6,7.5,296.0,4.8,1,3900,0,0,0,0,2,0
CF,RW30,26.476181,38.132014,0,IAUA,115.6,1.8,296.0,5.7,1,2099,0,0,0,0,3,1
CF,AO415,26.533889,38.018889,0,AUA,295.6,7.5,296.0,7.0,0,0,0,1,210,0,0,0
TF,AO420,26.432056,37.954833,0, ,0.0,0.0,0.0,0.0,0,0,0,1,210,0,0,0
TF,MIGMU,26.254333,38.302278,0, ,0.0,0.0,0.0,0.0,2,7600,0,1,230,0,0,1
HM,MIGMU,26.254333,38.302278,2, ,0.0,0.0,26.0,04.3,2,7600,0,1,230,0,0,0,0

APPTR,I30-Z,30,AUA
IF,AUA,26.471722,38.140750, ,0.0,0.0,2,6200,0,0,0,0,1,0
TF,D116I,26.397300,38.285975,0, ,0.0,0.0,0.0,0.0,2,5700,0,0,0,0,0,0
FC,D116I,26.397300,38.285975,0,AUA,0.0,0.0,71.0,4.8,2,5700,0,0,0,0,0,1
CF,AO430,26.355889,38.366583,2,AUA,115.6,14.0,251.0,1.0,2,5700,0,0,0,0,1,0
CF,CF30,26.389286,38.301594,0,IAUA,115.6,12.3,296.0,4.0,2,4700,0,0,0,0,0,0

APPTR,I30-Z,30,D080N
IF,D080N,26.494222,38.399583, ,0.0,0.0,0,0,0,0,0,0,1,0
AF,AO430,26.355889,38.366583,2,AUA,115.6,14.0,80.0,2,5700,0,0,0,0,1,0
CF,CF30,26.389286,38.301594,0,IAUA,115.6,12.3,296.0,4.0,2,4700,0,0,0,0,0,0

APPTR,I30-Z,30,D139N
IF,D139N,26.284167,38.296167, ,0.0,0.0,0,0,0,0,0,0,1,0
AF,AO430,26.355889,38.366583,1,AUA,115.6,14.0,139.0,2,5700,0,0,0,0,1,0
CF,CF30,26.389286,38.301594,0,IAUA,115.6,12.3,296.0,4.0,2,4700,0,0,0,0,0,0

APPTR,I30-Z,30,D239N
IF,D239N,26.365278,37.909278, ,0.0,0.0,0,0,0,0,0,0,1,0
AF,AO430,26.355889,38.366583,1,AUA,115.6,14.0,239.0,2,5700,0,0,0,0,1,0
CF,CF30,26.389286,38.301594,0,IAUA,115.6,12.3,296.0,4.0,2,4700,0,0,0,0,0,0

FINAL,I30-Z,30,I,3
IF,CF30,26.389286,38.301594,IAUA,115.6,12.3,2,4700,0,0,0,0,0,0
CF,AO425,26.429333,38.223528,0,IAUA,115.6,7.5,296.0,4.8,1,3900,0,0,0,0,2,0
CF,RW30,26.476181,38.132014,0,IAUA,115.6,1.8,296.0,5.7,1,2099,0,0,0,0,3,0
FD,RW30,26.476181,38.132014,0,AUA,295.6,5.0,296.0,5.0,0,0,0,0,0,0,0,0
DF,AUA,26.471722,38.140750,1, ,0.0,0.0,1,6200,0,1,210,0,0,0
HM,AUA,26.471722,38.140750,1, ,0.0,0.0,116.0,04.3,2,6200,0,1,230,0,0,0,0

APPTR,L30,30,AUA
IF,AUA,26.471722,38.140750, ,0.0,0.0,2,6200,0,0,0,0,1,0
TF,D116I,26.397300,38.285975,0, ,0.0,0.0,0.0,0.0,2,5700,0,0,0,0,0,0
FC,D116I,26.397300,38.285975,0,AUA,0.0,0.0,71.0,4.8,2,5700,0,0,0,0,0,1
CF,AO430,26.355889,38.366583,2,AUA,115.6,14.0,251.0,1.0,2,5700,0,0,0,0,1,0
CF,CF30,26.389286,38.301594,0,IAUA,115.6,12.3,296.0,4.0,2,4700,0,0,0,0,0,0

APPTR,L30,30,D080N
IF,D080N,26.494222,38.399583, ,0.0,0.0,0,0,0,0,0,0,1,0
AF,AO430,26.355889,38.366583,2,AUA,115.6,14.0,80.0,2,5700,0,0,0,0,1,0
CF,CF30,26.389286,38.301594,0,IAUA,115.6,12.3,296.0,4.0,2,4700,0,0,0,0,0,0

APPTR,L30,30,D139N
IF,D139N,26.284167,38.296167, ,0.0,0.0,0,0,0,0,0,0,1,0
AF,AO430,26.355889,38.366583,1,AUA,115.6,14.0,139.0,2,5700,0,0,0,0,1,0
CF,CF30,26.389286,38.301594,0,IAUA,115.6,12.3,296.0,4.0,2,4700,0,0,0,0,0,0

APPTR,L30,30,D239N
IF,D239N,26.365278,37.909278, ,0.0,0.0,0,0,0,0,0,0,1,0
AF,AO430,26.355889,38.366583,1,AUA,115.6,14.0,239.0,2,5700,0,0,0,0,1,0
CF,CF30,26.389286,38.301594,0,IAUA,115.6,12.3,296.0,4.0,2,4700,0,0,0,0,0,0

FINAL,L30,30,D,5
IF,CF30,26.389286,38.301594,IAUA,115.6,12.3,2,4700,0,0,0,0,0,0
CF,AO425,26.429333,38.223528,0,IAUA,115.6,7.5,296.0,4.8,2,3900,0,0,0,0,2,0
CF,44LOC,26.441403,38.199967,0,IAUA,115.6,6.0,296.0,1.5,2,3450,0,0,0,0,0,0
CF,29LOC,26.453803,38.175756,0,IAUA,115.6,4.5,296.0,1.5,2,2960,0,0,0,0,0,0
CF,AUA,26.471722,38.140750,0,IAUA,115.6,2.4,296.0,2.2,1,2272,0,0,0,0,3,0
FD,AUA,26.471722,38.140750,0,AUA,0.0,5.0,296.0,5.0,0,0,0,0,0,0,0,0
DF,AUA,26.471722,38.140750,1, ,0.0,0.0,1,6200,0,1,210,0,0,0
HM,AUA,26.471722,38.140750,1, ,0.0,0.0,116.0,04.3,2,6200,0,1,230,0,0,0,0

APPTR,R12,12,NADIK
IF,NADIK,26.304167,37.776944, ,0.0,0.0,2,11000,0,0,0,0,1,0
TF,SESGU,26.485472,37.850417,0, ,0.0,0.0,0.0,0.0,2,7600,0,1,230,0,0,0
TF,AO505,26.587278,37.914528,0, ,0.0,0.0,0.0,0.0,2,5600,0,1,210,0,1,0

APPTR,R12,12,NOPLO
IF,NOPLO,26.509861,38.582167, ,0.0,0.0,2,10000,0,0,0,0,1,0
TF,AO500,26.689056,37.978750,0, ,0.0,0.0,0.0,0.0,2,7600,0,1,230,0,0,0
TF,AO505,26.587278,37.914528,0, ,0.0,0.0,0.0,0.0,2,5600,0,1,210,0,1,0

APPTR,R12,12,PUSNA
IF,PUSNA,26.154556,38.403111, ,0.0,0.0,2,10000,0,0,0,0,1,0
TF,SESGU,26.485472,37.850417,0, ,0.0,0.0,0.0,0.0,2,7600,0,1,230,0,0,0
TF,AO505,26.587278,37.914528,0, ,0.0,0.0,0.0,0.0,2,5600,0,1,210,0,1,0

APPTR,R12,12,SESGU
IF,SESGU,26.485472,37.850417, ,0.0,0.0,2,7600,0,1,230,0,1,0
TF,AO505,26.587278,37.914528,0, ,0.0,0.0,0.0,0.0,2,5600,0,1,210,0,1,0

FINAL,R12,12,R,3
IF,AO505,26.587278,37.914528, ,0.0,0.0,2,5600,0,1,210,0,0,0
TF,AO510,26.538306,38.010500,0, ,0.0,0.0,116.0,5.9,1,3900,0,0,0,0,2,0
TF,RW12,26.489783,38.105408,0, ,0.0,0.0,116.0,5.9,1,2044,0,0,0,0,3,1
CF,AO515,26.440139,38.202250,0,AUA,115.7,3.8,116.0,6.0,0,0,0,1,210,0,0,0
TF,AO520,26.338472,38.137944,0, ,0.0,0.0,0.0,0.0,0,0,0,1,210,0,0,0
TF,SESGU,26.485472,37.850417,0, ,0.0,0.0,0.0,0.0,2,7600,0,1,230,0,0,1
HM,SESGU,26.485472,37.850417,1, ,0.0,0.0,25.0,04.3,2,7600,0,1,230,0,0,0,0

APPTR,R30,30,IMPOT
IF,IMPOT,26.270917,38.270056, ,0.0,0.0,2,7600,0,1,230,0,1,0
TF,AO405,26.372472,38.334333,0, ,0.0,0.0,0.0,0.0,2,5700,0,1,210,0,1,0

APPTR,R30,30,NADIK
IF,NADIK,26.304167,37.776944, ,0.0,0.0,2,11000,0,0,0,0,1,0
TF,IMPOT,26.270917,38.270056,0, ,0.0,0.0,0.0,0.0,2,7600,0,1,230,0,0,0
TF,AO405,26.372472,38.334333,0, ,0.0,0.0,0.0,0.0,2,5700,0,1,210,0,1,0

APPTR,R30,30,NOPLO
IF,NOPLO,26.509861,38.582167, ,0.0,0.0,2,10000,0,0,0,0,1,0
TF,AO400,26.474250,38.398694,0, ,0.0,0.0,0.0,0.0,2,7600,0,1,230,0,0,0
TF,AO405,26.372472,38.334333,0, ,0.0,0.0,0.0,0.0,2,5700,0,1,210,0,1,0

APPTR,R30,30,PUSNA
IF,PUSNA,26.154556,38.403111, ,0.0,0.0,2,10000,0,0,0,0,1,0
TF,IMPOT,26.270917,38.270056,0, ,0.0,0.0,0.0,0.0,2,7600,0,1,230,0,0,0
TF,AO405,26.372472,38.334333,0, ,0.0,0.0,0.0,0.0,2,5700,0,1,210,0,1,0

FINAL,R30,30,R,3
IF,AO405,26.372472,38.334333, ,0.0,0.0,2,5700,0,1,210,0,0,0
TF,AO410,26.426361,38.229333,0, ,0.0,0.0,296.0,6.5,1,4000,0,0,0,0,2,0
TF,RW30,26.476181,38.132014,0, ,0.0,0.0,296.0,6.0,1,2095,0,0,0,0,3,1
CF,AO415,26.533889,38.018889,0,AUA,295.6,7.5,296.0,7.0,0,0,0,1,210,0,0,0
TF,AO420,26.432056,37.954833,0, ,0.0,0.0,0.0,0.0,0,0,0,1,210,0,0,0
TF,IMPOT,26.270917,38.270056,0, ,0.0,0.0,0.0,0.0,2,7600,0,1,230,0,0,1
HM,IMPOT,26.270917,38.270056,2, ,0.0,0.0,26.0,04.3,2,7600,0,1,230,0,0,0,0

