APPTR,D07,07,BHA
IF,BHA,20.292472,41.629139, ,0.0,0.0,0,0,0,0,0,0,1,0
CF,MUXAM,20.379389,41.379639,0,BHA,287.3,15.0,287.0,15.0,2,9000,0,0,0,0,0,0
AF,CD07,20.251917,41.366778,1,BHA,257.7,15.0,287.0,2,9000,0,0,0,0,1,0

APPTR,D07,07,GESES
IF,GESES,20.483917,41.457167, ,0.0,0.0,0,0,0,0,0,0,1,0
AF,CD07,20.251917,41.366778,1,BHA,257.7,15.0,317.0,2,9000,0,0,0,0,1,0

APPTR,D07,07,MUXAM
IF,MUXAM,20.379389,41.379639, ,0.0,0.0,0,0,0,0,0,0,1,0
AF,CD07,20.251917,41.366778,1,BHA,257.7,15.0,287.0,2,9000,0,0,0,0,1,0

FINAL,D07,07,D,5
IF,CD07,20.251917,41.366778,BHA,257.7,15.0,2,9000,0,0,0,0,0,0
CF,VOR11,20.263861,41.443722,0,BHA,257.7,10.6,78.0,4.4,2,8100,0,0,0,0,0,0
CF,LONOP,20.273417,41.505556,0,BHA,257.7,7.1,78.0,3.5,2,7600,0,0,0,0,2,0
CF,35VOR,20.283083,41.568111,0,BHA,257.8,3.5,78.0,3.6,2,6470,0,0,0,0,0,0
CF,RW07,20.293378,41.620739,0,BHA,273.5,0.5,78.0,3.0,1,5509,0,0,0,0,3,0
FD,RW07,20.293378,41.620739,0,BHA,273.5,5.0,78.0,5.0,0,0,0,0,0,0,0,0
DF,BHA,20.292472,41.629139,1, ,0.0,0.0,1,9000,0,1,230,0,0,0
HM,BHA,20.292472,41.629139,2, ,0.0,0.0,287.0,04.3,2,9000,0,1,230,0,0,0,0

APPTR,D25,25,BHA
IF,BHA,20.292472,41.629139, ,0.0,0.0,2,9000,0,0,0,0,1,0
TF,D062J,20.363097,41.789906,0, ,0.0,0.0,0.0,0.0,2,8000,0,0,0,0,0,0
FC,D062J,20.363097,41.789906,0,BHA,0.0,0.0,22.0,6.0,0,0,0,0,0,0,0,1
CF,CD25,20.403944,41.887194,2,BHA,62.4,16.0,242.0,1.0,2,8000,0,0,0,0,1,0

APPTR,D25,25,BOPIG
IF,BOPIG,20.208056,41.898194, ,0.0,0.0,0,0,0,0,0,0,1,0
AF,CD25,20.403944,41.887194,1,BHA,62.4,16.0,105.0,2,8000,0,0,0,0,1,0

APPTR,D25,25,NITPU
IF,NITPU,20.282917,41.912583, ,0.0,0.0,0,0,0,0,0,0,1,0
AF,CD25,20.403944,41.887194,1,BHA,62.4,16.0,89.0,2,8000,0,0,0,0,1,0

APPTR,D25,25,RABGI
IF,RABGI,20.051194,41.751639, ,0.0,0.0,0,0,0,0,0,0,1,0
AF,CD25,20.403944,41.887194,1,BHA,62.4,16.0,151.0,2,8000,0,0,0,0,1,0

FINAL,D25,25,D,3
IF,CD25,20.403944,41.887194,BHA,62.4,16.0,2,8000,0,0,0,0,0,0
CF,REVEX,20.340806,41.740889,0,BHA,62.4,6.9,242.0,9.1,2,7200,0,0,0,0,2,0
CF,RW25,20.303292,41.651042,0,BHA,59.4,1.4,242.0,5.5,1,5458,0,0,0,0,3,0
FD,RW25,20.303292,41.651042,0,BHA,59.4,5.0,242.0,5.0,0,0,0,0,0,0,0,0
DF,BHA,20.292472,41.629139,2, ,0.0,0.0,1,9000,0,1,230,0,0,0
HM,BHA,20.292472,41.629139,1, ,0.0,0.0,67.0,04.3,2,9000,0,1,230,0,0,0,0

APPTR,I25,25,BHA
IF,BHA,20.292472,41.629139, ,0.0,0.0,2,9000,0,0,0,0,1,0
TF,D067J,20.349608,41.795814,0, ,0.0,0.0,0.0,0.0,2,8000,0,0,0,0,0,0
FC,D067J,20.349608,41.795814,0,BHA,0.0,0.0,22.0,6.0,0,0,0,0,0,0,0,1
CF,CF25,20.383222,41.896028,2,IBHA,67.9,16.6,248.0,1.0,2,8000,0,0,0,0,0,0

APPTR,I25,25,BOPIG
IF,BOPIG,20.208056,41.898194, ,0.0,0.0,0,0,0,0,0,0,1,0
AF,D075P,20.347900,41.906728,1,BHA,75.0,16.0,105.0,2,8000,0,0,0,0,0,0
VI,0,IBHA,0.0,278.0,0,0,0,0,0,0,0,0

APPTR,I25,25,NITPU
IF,NITPU,20.282917,41.912583, ,0.0,0.0,0,0,0,0,0,0,1,0
AF,D075P,20.347900,41.906728,1,BHA,75.0,16.0,89.0,2,8000,0,0,0,0,0,0
VI,0,IBHA,0.0,278.0,0,0,0,0,0,0,0,0

APPTR,I25,25,RABGI
IF,RABGI,20.051194,41.751639, ,0.0,0.0,0,0,0,0,0,0,1,0
AF,D075P,20.347900,41.906728,1,BHA,75.0,16.0,151.0,2,8000,0,0,0,0,0,0
VI,0,IBHA,0.0,278.0,0,0,0,0,0,0,0,0

FINAL,I25,25,I,3
IF,CF25,20.383222,41.896028,IBHA,67.9,16.6,2,8000,0,0,0,0,0,0
CF,EGTUR,20.333250,41.742722,0,IBHA,67.9,7.4,248.0,9.1,1,7200,0,0,0,0,2,0
CF,RW25,20.303292,41.651042,0,IBHA,67.9,2.0,248.0,5.5,1,5458,0,0,0,0,3,0
FD,RW25,20.303292,41.651042,0,BHA,59.4,5.0,248.0,5.0,0,0,0,0,0,0,0,0
DF,BHA,20.292472,41.629139,2, ,0.0,0.0,1,9000,0,1,230,0,0,0
HM,BHA,20.292472,41.629139,1, ,0.0,0.0,67.0,04.3,2,9000,0,1,230,0,0,0,0

