SID,DAMA1A,34L,2
VA,0,341.0,2,480,0,0,0,0,0,0
VA,0,325.0,2,4000,0,0,0,0,0,0
VM,0,0,0,325.0,0,0,0,0,0,0,0,0

SID,DAMA1B,34R,2
VA,0,341.0,2,480,0,0,0,0,0,0
VA,0,355.0,2,3000,0,0,0,0,0,0
VM,0,0,0,355.0,0,0,0,0,0,0,0,0

SID,EMUS1A,34L,2
CF,D343B,26.529922,49.769428,0,KFA,342.7,2.0,342.0,3.0,1,4000,0,0,0,0,0,1
VI,0, ,0.0,253.0,0,0,0,0,0,0,0,0
CF,KF35B,26.654786,49.151906,0,KFA,282.7,35.0,283.0,27.0,0,0,0,0,0,0,0,0
AF,KF35A,26.315392,49.161197,1,KFA,249.0,35.0,283.0,0,0,0,0,0,0,0,0
CF,EMUSA,26.183611,48.721389,0,KFA,249.0,60.0,249.0,25.0,0,0,0,0,0,0,0,0

SID,EMUS1B,34R,2
CF,D018B,26.528664,49.792139,0,KFA,18.4,2.0,342.0,3.0,1,4000,0,0,0,0,0,1
VI,0, ,0.0,253.0,0,0,0,0,0,0,0,0
CF,KF35B,26.654786,49.151906,0,KFA,282.7,35.0,283.0,28.0,0,0,0,0,0,0,0,0
AF,KF35A,26.315392,49.161197,1,KFA,249.0,35.0,283.0,0,0,0,0,0,0,0,0
CF,EMUSA,26.183611,48.721389,0,KFA,249.0,60.0,249.0,25.0,0,0,0,0,0,0,0,0

SID,EMUS1C,16R,2
CF,D162G,26.384519,49.812314,0,KFA,162.0,7.0,162.0,6.0,1,4000,0,0,0,0,0,1
AF,D249G,26.461314,49.654972,2,KFA,249.0,7.0,162.0,0,0,0,0,0,0,0,0
CF,EMUSA,26.183611,48.721389,0,KFA,249.0,60.0,249.0,53.0,0,0,0,0,0,0,0,0

SID,EMUS1D,16L,2
CF,D152G,26.391125,49.832692,0,KFA,152.4,7.0,162.0,5.0,1,4000,0,0,0,0,0,1
AF,D249G,26.461314,49.654972,2,KFA,249.0,7.0,152.0,0,0,0,0,0,0,0,0
CF,EMUSA,26.183611,48.721389,0,KFA,249.0,60.0,249.0,53.0,0,0,0,0,0,0,0,0

SID,EMUS2E,34L,5
CF,DF502,26.569167,49.756389,0,KFA,341.4,4.5,341.0,5.0,0,0,0,0,0,0,0,1
TF,DF504,26.613889,49.520000,0, ,0.0,0.0,0.0,0.0,2,4000,0,0,0,0,0,0
TF,DF506,26.488333,49.315833,0, ,0.0,0.0,0.0,0.0,3,8000,0,0,0,0,0,0
TF,DF507,26.416111,49.174444,0, ,0.0,0.0,0.0,0.0,3,9000,0,0,0,0,0,0
TF,DF514,26.325278,48.996944,0, ,0.0,0.0,0.0,0.0,3,10000,0,0,0,0,0,0
TF,EMUSA,26.183611,48.721389,0, ,0.0,0.0,0.0,0.0,3,16000,0,0,0,0,0,0

SID,EMUS2F,34R,5
CF,DF501,26.569167,49.778889,0,KFA,357.2,4.3,341.0,5.0,0,0,0,0,0,0,0,1
TF,DF504,26.613889,49.520000,0, ,0.0,0.0,0.0,0.0,2,4000,0,0,0,0,0,0
TF,DF506,26.488333,49.315833,0, ,0.0,0.0,0.0,0.0,3,8000,0,0,0,0,0,0
TF,DF507,26.416111,49.174444,0, ,0.0,0.0,0.0,0.0,3,9000,0,0,0,0,0,0
TF,DF514,26.325278,48.996944,0, ,0.0,0.0,0.0,0.0,3,10000,0,0,0,0,0,0
TF,EMUSA,26.183611,48.721389,0, ,0.0,0.0,0.0,0.0,3,16000,0,0,0,0,0,0

SID,EMUS2G,16R,5
CF,DF520,26.373333,49.816944,0,KFA,161.5,7.7,161.0,5.0,0,0,0,1,230,0,0,1
TF,DF523,26.307222,49.619444,0, ,0.0,0.0,0.0,0.0,3,5000,0,0,0,0,0,0
TF,DF524,26.219167,48.974444,0, ,0.0,0.0,0.0,0.0,3,12000,0,0,0,0,0,0
TF,EMUSA,26.183611,48.721389,0, ,0.0,0.0,0.0,0.0,3,16000,0,0,0,0,0,0

SID,EMUS2H,16L,5
CF,DF530,26.373333,49.839444,0,KFA,153.2,8.1,161.0,5.0,0,0,0,1,230,0,0,1
TF,DF523,26.307222,49.619444,0, ,0.0,0.0,0.0,0.0,3,5000,0,0,0,0,0,0
TF,DF524,26.219167,48.974444,0, ,0.0,0.0,0.0,0.0,3,12000,0,0,0,0,0,0
TF,EMUSA,26.183611,48.721389,0, ,0.0,0.0,0.0,0.0,3,16000,0,0,0,0,0,0

SID,LADN1E,34L,5
CF,DF502,26.569167,49.756389,0,KFA,341.4,4.5,341.0,5.0,0,0,0,0,0,0,0,1
TF,DF516,26.635833,50.161111,2, ,0.0,0.0,0.0,0.0,0,0,0,0,0,0,0,0
TF,LADNA,26.463706,50.379064,0, ,0.0,0.0,0.0,0.0,3,7000,0,0,0,0,0,0

SID,LADN1F,34R,5
CF,DF501,26.569167,49.778889,0,KFA,357.2,4.3,341.0,5.0,0,0,0,0,0,0,0,1
TF,DF516,26.635833,50.161111,2, ,0.0,0.0,0.0,0.0,0,0,0,0,0,0,0,0
TF,LADNA,26.463706,50.379064,0, ,0.0,0.0,0.0,0.0,3,7000,0,0,0,0,0,0

SID,LADN1G,16R,5
CF,DF520,26.373333,49.816944,0,KFA,161.5,7.7,161.0,5.0,0,0,0,0,0,0,0,1
TF,LADNA,26.463706,50.379064,0, ,0.0,0.0,0.0,0.0,3,7000,0,0,0,0,0,0

SID,LADN1H,16L,5
CF,DF530,26.373333,49.839444,0,KFA,153.2,8.1,161.0,5.0,0,0,0,0,0,0,0,1
TF,LADNA,26.463706,50.379064,0, ,0.0,0.0,0.0,0.0,3,7000,0,0,0,0,0,0

SID,LADN2A,34L,2
CF,D342G,26.610647,49.745347,0,KFA,342.2,7.0,342.0,8.0,1,4000,0,0,0,0,0,1
AF,D090G,26.490431,49.908408,2,KFA,90.5,7.0,342.0,0,0,0,0,0,0,0,0
CF,LADNA,26.463706,50.379064,0,KFA,90.5,32.4,90.0,25.0,0,0,0,0,0,0,0,0

SID,LADN2B,34R,2
CF,D352G,26.614042,49.766669,0,KFA,351.7,7.0,342.0,8.0,1,4000,0,0,0,0,0,1
AF,D090G,26.490431,49.908408,2,KFA,90.5,7.0,352.0,0,0,0,0,0,0,0,0
CF,LADNA,26.463706,50.379064,0,KFA,90.5,32.4,90.0,25.0,0,0,0,0,0,0,0,0

SID,LADN2C,16R,2
CF,D162G,26.384519,49.812314,0,KFA,162.0,7.0,162.0,6.0,1,4000,0,0,0,0,0,1
AF,D090G,26.490431,49.908408,1,KFA,90.5,7.0,162.0,0,0,0,0,0,0,0,0
CF,LADNA,26.463706,50.379064,0,KFA,90.5,32.4,90.0,25.0,0,0,0,0,0,0,0,0

SID,LADN2D,16L,2
CF,D152G,26.391125,49.832692,0,KFA,152.4,7.0,162.0,5.0,1,4000,0,0,0,0,0,1
AF,D090G,26.490431,49.908408,1,KFA,90.5,7.0,152.0,0,0,0,0,0,0,0,0
CF,LADNA,26.463706,50.379064,0,KFA,90.5,32.4,90.0,25.0,0,0,0,0,0,0,0,0

SID,METL1E,34L,5
CF,DF502,26.569167,49.756389,0,KFA,341.4,4.5,341.0,5.0,2,1300,0,0,0,0,0,1
TF,METLA,26.945892,50.075719,0, ,0.0,0.0,0.0,0.0,2,9000,0,0,0,0,0,0

SID,METL1F,34R,5
CF,DF501,26.569167,49.778889,0,KFA,357.2,4.3,341.0,5.0,2,1300,0,0,0,0,0,1
TF,METLA,26.945892,50.075719,0, ,0.0,0.0,0.0,0.0,2,9000,0,0,0,0,0,0

SID,METL1G,16R,5
CF,DF520,26.373333,49.816944,0,KFA,161.5,7.7,161.0,5.0,0,0,0,1,230,0,0,1
TF,DF522,26.535556,50.017778,1, ,0.0,0.0,0.0,0.0,3,7000,0,0,0,0,0,0
TF,METLA,26.945892,50.075719,0, ,0.0,0.0,0.0,0.0,2,9000,0,0,0,0,0,0

SID,METL1H,16L,5
CF,DF530,26.373333,49.839444,0,KFA,153.2,8.1,161.0,5.0,0,0,0,1,230,0,0,1
TF,DF522,26.535556,50.017778,1, ,0.0,0.0,0.0,0.0,3,7000,0,0,0,0,0,0
TF,METLA,26.945892,50.075719,0, ,0.0,0.0,0.0,0.0,2,9000,0,0,0,0,0,0

SID,METL2A,34L,2
CF,D342G,26.610647,49.745347,0,KFA,342.2,7.0,342.0,8.0,1,4000,0,0,0,0,0,1
AF,D028G,26.598133,49.845036,2,KFA,27.7,7.0,342.0,0,0,0,0,0,0,0,0
CF,METLA,26.945892,50.075719,0,KFA,27.7,31.2,28.0,24.0,0,0,0,0,0,0,0,0

SID,METL2B,34R,2
CF,D352G,26.614042,49.766669,0,KFA,351.7,7.0,342.0,8.0,1,4000,0,0,0,0,0,1
AF,D028G,26.598133,49.845036,2,KFA,27.7,7.0,352.0,0,0,0,0,0,0,0,0
CF,METLA,26.945892,50.075719,0,KFA,27.7,31.2,28.0,24.0,0,0,0,0,0,0,0,0

SID,METL2C,16R,2
CF,D162G,26.384519,49.812314,0,KFA,162.0,7.0,162.0,6.0,1,4000,0,0,0,0,0,1
AF,D028G,26.598133,49.845036,1,KFA,27.7,7.0,162.0,0,0,0,0,0,0,0,0
CF,METLA,26.945892,50.075719,0,KFA,27.7,31.2,28.0,24.0,0,0,0,0,0,0,0,0

SID,METL2D,16L,2
CF,D152G,26.391125,49.832692,0,KFA,152.4,7.0,162.0,5.0,1,4000,0,0,0,0,0,1
AF,D028G,26.598133,49.845036,1,KFA,27.7,7.0,152.0,0,0,0,0,0,0,0,0
CF,METLA,26.945892,50.075719,0,KFA,27.7,31.2,28.0,24.0,0,0,0,0,0,0,0,0

SID,MIBR1A,34L,2
CF,D342G,26.610647,49.745347,0,KFA,342.2,7.0,342.0,8.0,1,4000,0,0,0,0,0,1
DF,KFA,26.497528,49.778611,2, ,0.0,0.0,1,4000,0,0,0,0,0,1
TF,MIBRA,25.948333,48.848056,0, ,0.0,0.0,0.0,0.0,0,0,0,0,0,0,0,0

SID,MIBR1B,34R,2
CF,D352G,26.614042,49.766669,0,KFA,351.7,7.0,342.0,8.0,1,4000,0,0,0,0,0,1
DF,KFA,26.497528,49.778611,2, ,0.0,0.0,1,4000,0,0,0,0,0,1
TF,MIBRA,25.948333,48.848056,0, ,0.0,0.0,0.0,0.0,0,0,0,0,0,0,0,0

SID,MIBR1C,16R,2
CF,D162G,26.384519,49.812314,0,KFA,162.0,7.0,162.0,6.0,1,4000,0,0,0,0,0,1
AF,D234G,26.433756,49.669608,2,KFA,234.0,7.0,162.0,0,0,0,0,0,0,0,0
CF,MIBRA,25.948333,48.848056,0,KFA,234.0,60.0,234.0,53.0,0,0,0,0,0,0,0,0

SID,MIBR1D,16L,2
CF,D152G,26.391125,49.832692,0,KFA,152.4,7.0,162.0,5.0,1,4000,0,0,0,0,0,1
AF,D234G,26.433756,49.669608,2,KFA,234.0,7.0,152.0,0,0,0,0,0,0,0,0
CF,MIBRA,25.948333,48.848056,0,KFA,234.0,60.0,234.0,53.0,0,0,0,0,0,0,0,0

SID,MIBR2E,34L,5
CF,DF502,26.569167,49.756389,0,KFA,341.4,4.5,341.0,5.0,0,0,0,0,0,0,0,1
TF,DF504,26.613889,49.520000,0, ,0.0,0.0,0.0,0.0,2,4000,0,0,0,0,0,0
TF,DF506,26.488333,49.315833,0, ,0.0,0.0,0.0,0.0,3,8000,0,0,0,0,0,0
TF,DF507,26.416111,49.174444,0, ,0.0,0.0,0.0,0.0,3,9000,0,0,0,0,0,0
TF,DF515,26.260556,49.065556,0, ,0.0,0.0,0.0,0.0,3,10000,0,0,0,0,0,0
TF,DF511,26.061667,48.926944,0, ,0.0,0.0,0.0,0.0,3,16000,0,0,0,0,0,0
TF,MIBRA,25.948333,48.848056,0, ,0.0,0.0,0.0,0.0,0,0,0,0,0,0,0,0

SID,MIBR2F,34R,5
CF,DF501,26.569167,49.778889,0,KFA,357.2,4.3,341.0,5.0,0,0,0,0,0,0,0,1
TF,DF504,26.613889,49.520000,0, ,0.0,0.0,0.0,0.0,2,4000,0,0,0,0,0,0
TF,DF506,26.488333,49.315833,0, ,0.0,0.0,0.0,0.0,3,8000,0,0,0,0,0,0
TF,DF507,26.416111,49.174444,0, ,0.0,0.0,0.0,0.0,3,9000,0,0,0,0,0,0
TF,DF515,26.260556,49.065556,0, ,0.0,0.0,0.0,0.0,3,10000,0,0,0,0,0,0
TF,DF511,26.061667,48.926944,0, ,0.0,0.0,0.0,0.0,3,16000,0,0,0,0,0,0
TF,MIBRA,25.948333,48.848056,0, ,0.0,0.0,0.0,0.0,0,0,0,0,0,0,0,0

SID,MIBR2G,16R,5
CF,DF520,26.373333,49.816944,0,KFA,161.5,7.7,161.0,5.0,0,0,0,1,230,0,0,1
TF,DF523,26.307222,49.619444,0, ,0.0,0.0,0.0,0.0,3,5000,0,0,0,0,0,0
TF,DF527,26.027778,49.010833,0, ,0.0,0.0,0.0,0.0,3,16000,0,0,0,0,0,0
TF,MIBRA,25.948333,48.848056,0, ,0.0,0.0,0.0,0.0,0,0,0,0,0,0,0,0

SID,MIBR2H,16L,5
CF,DF530,26.373333,49.839444,0,KFA,153.2,8.1,161.0,5.0,0,0,0,1,230,0,0,1
TF,DF523,26.307222,49.619444,0, ,0.0,0.0,0.0,0.0,3,5000,0,0,0,0,0,0
TF,DF527,26.027778,49.010833,0, ,0.0,0.0,0.0,0.0,3,16000,0,0,0,0,0,0
TF,MIBRA,25.948333,48.848056,0, ,0.0,0.0,0.0,0.0,0,0,0,0,0,0,0,0

SID,PUSR1A,34L,2
CF,D342G,26.610647,49.745347,0,KFA,342.2,7.0,342.0,8.0,1,4000,0,0,0,0,0,1
CF,PUSRA,27.341944,49.175000,0,KFA,324.5,60.0,324.0,53.0,0,0,0,0,0,0,0,0

SID,PUSR1B,34R,2
CF,D352G,26.614042,49.766669,0,KFA,351.7,7.0,342.0,8.0,1,4000,0,0,0,0,0,1
VI,0, ,0.0,294.0,0,0,0,0,0,0,0,0
CF,PUSRA,27.341944,49.175000,0,KFA,324.5,60.0,324.0,47.0,0,0,0,0,0,0,0,0

SID,PUSR1C,16R,2
CF,D162G,26.384519,49.812314,0,KFA,162.0,7.0,162.0,6.0,1,4000,0,0,0,0,0,1
AF,D028G,26.598133,49.845036,1,KFA,27.7,7.0,162.0,0,0,0,0,0,0,0,0
CF,D028Z,26.871044,50.025928,0,KFA,27.7,26.0,28.0,19.0,0,0,0,0,0,0,0,0
AF,D324Z,26.863728,49.518094,1,KFA,324.5,26.0,28.0,0,0,0,0,0,0,0,0
CF,PUSRA,27.341944,49.175000,0,KFA,324.5,60.0,324.0,34.0,0,0,0,0,0,0,0,0

SID,PUSR1D,16L,2
CF,D152G,26.391125,49.832692,0,KFA,152.4,7.0,162.0,5.0,1,4000,0,0,0,0,0,1
AF,D028G,26.598133,49.845036,1,KFA,27.7,7.0,152.0,0,0,0,0,0,0,0,0
CF,D028Z,26.871044,50.025928,0,KFA,27.7,26.0,28.0,19.0,0,0,0,0,0,0,0,0
AF,D324Z,26.863728,49.518094,1,KFA,324.5,26.0,28.0,0,0,0,0,0,0,0,0
CF,PUSRA,27.341944,49.175000,0,KFA,324.5,60.0,324.0,34.0,0,0,0,0,0,0,0,0

SID,PUSR2E,34L,5
CF,DF502,26.569167,49.756389,0,KFA,341.4,4.5,341.0,5.0,2,1300,0,0,0,0,0,1
TF,DF518,26.747222,49.639722,0, ,0.0,0.0,0.0,0.0,2,4000,0,0,0,0,0,0
TF,DF519,26.838056,49.568611,0, ,0.0,0.0,0.0,0.0,2,6000,0,0,0,0,0,0
TF,DF510,27.231111,49.258889,0, ,0.0,0.0,0.0,0.0,3,16000,0,0,0,0,0,0
TF,PUSRA,27.341944,49.175000,0, ,0.0,0.0,0.0,0.0,0,0,0,0,0,0,0,0

SID,PUSR2F,34R,5
CF,DF501,26.569167,49.778889,0,KFA,357.2,4.3,341.0,5.0,2,1300,0,0,0,0,0,1
TF,DF518,26.747222,49.639722,0, ,0.0,0.0,0.0,0.0,2,4000,0,0,0,0,0,0
TF,DF519,26.838056,49.568611,0, ,0.0,0.0,0.0,0.0,2,6000,0,0,0,0,0,0
TF,DF510,27.231111,49.258889,0, ,0.0,0.0,0.0,0.0,3,16000,0,0,0,0,0,0
TF,PUSRA,27.341944,49.175000,0, ,0.0,0.0,0.0,0.0,0,0,0,0,0,0,0,0

SID,PUSR2G,16R,5
CF,DF520,26.373333,49.816944,0,KFA,161.5,7.7,161.0,5.0,0,0,0,1,220,0,0,1
TF,DF522,26.535556,50.017778,1, ,0.0,0.0,0.0,0.0,3,7000,0,0,0,0,0,0
TF,DF531,26.781111,49.765556,1, ,0.0,0.0,0.0,0.0,2,8000,0,0,0,0,0,0
TF,DF526,27.260556,49.268889,0, ,0.0,0.0,0.0,0.0,3,16000,0,0,0,0,0,0
TF,PUSRA,27.341944,49.175000,0, ,0.0,0.0,0.0,0.0,0,0,0,0,0,0,0,0

SID,PUSR2H,16L,5
CF,DF530,26.373333,49.839444,0,KFA,153.2,8.1,161.0,5.0,0,0,0,1,210,0,0,1
TF,DF522,26.535556,50.017778,1, ,0.0,0.0,0.0,0.0,3,7000,0,0,0,0,0,0
TF,DF531,26.781111,49.765556,0, ,0.0,0.0,0.0,0.0,2,8000,0,0,0,0,0,0
TF,DF526,27.260556,49.268889,0, ,0.0,0.0,0.0,0.0,3,16000,0,0,0,0,0,0
TF,PUSRA,27.341944,49.175000,0, ,0.0,0.0,0.0,0.0,0,0,0,0,0,0,0,0

SID,ROTE1A,34L,2
CF,D342G,26.610647,49.745347,0,KFA,342.2,7.0,342.0,8.0,1,4000,0,0,0,0,0,1
AF,D069G,26.534344,49.902067,2,KFA,68.6,7.0,342.0,0,0,0,0,0,0,0,0
CF,ROTEL,26.670836,50.363633,0,KFA,68.6,33.1,69.0,26.0,0,0,0,0,0,0,0,0

SID,ROTE1B,34R,2
CF,D352G,26.614042,49.766669,0,KFA,351.7,7.0,342.0,8.0,1,4000,0,0,0,0,0,1
AF,D069G,26.534344,49.902067,2,KFA,68.6,7.0,352.0,0,0,0,0,0,0,0,0
CF,ROTEL,26.670836,50.363633,0,KFA,68.6,33.1,69.0,26.0,0,0,0,0,0,0,0,0

SID,ROTE1C,16R,2
CF,D162G,26.384519,49.812314,0,KFA,162.0,7.0,162.0,6.0,1,4000,0,0,0,0,0,1
AF,D069G,26.534344,49.902067,1,KFA,68.6,7.0,162.0,0,0,0,0,0,0,0,0
CF,ROTEL,26.670836,50.363633,0,KFA,68.6,33.1,69.0,26.0,0,0,0,0,0,0,0,0

SID,ROTE1D,16L,2
CF,D152G,26.391125,49.832692,0,KFA,152.4,7.0,162.0,5.0,1,4000,0,0,0,0,0,1
AF,D069G,26.534344,49.902067,1,KFA,68.6,7.0,152.0,0,0,0,0,0,0,0,0
CF,ROTEL,26.670836,50.363633,0,KFA,68.6,33.1,69.0,26.0,0,0,0,0,0,0,0,0

SID,ROTE1E,34L,5
CF,DF502,26.569167,49.756389,0,KFA,341.4,4.5,341.0,5.0,0,0,0,0,0,0,0,1
TF,DF516,26.635833,50.161111,2, ,0.0,0.0,0.0,0.0,0,0,0,0,0,0,0,0
TF,ROTEL,26.670836,50.363633,0, ,0.0,0.0,0.0,0.0,3,7000,0,0,0,0,0,0

SID,ROTE1F,34R,5
CF,DF501,26.569167,49.778889,0,KFA,357.2,4.3,341.0,5.0,0,0,0,0,0,0,0,1
TF,DF516,26.635833,50.161111,2, ,0.0,0.0,0.0,0.0,0,0,0,0,0,0,0,0
TF,ROTEL,26.670836,50.363633,0, ,0.0,0.0,0.0,0.0,3,7000,0,0,0,0,0,0

SID,ROTE2G,16R,5
CF,DF520,26.373333,49.816944,0,KFA,161.5,7.7,161.0,5.0,0,0,0,0,0,0,0,1
TF,ROTEL,26.670836,50.363633,1, ,0.0,0.0,0.0,0.0,3,7000,0,0,0,0,0,0

SID,ROTE2H,16L,5
CF,DF530,26.373333,49.839444,0,KFA,153.2,8.1,161.0,5.0,0,0,0,0,0,0,0,1
TF,ROTEL,26.670836,50.363633,1, ,0.0,0.0,0.0,0.0,3,7000,0,0,0,0,0,0

SID,RYDA1A,34L,2
CF,D342G,26.610647,49.745347,0,KFA,342.2,7.0,342.0,8.0,1,4000,0,0,0,0,0,1
DF,KFA,26.497528,49.778611,2, ,0.0,0.0,1,4000,0,0,0,0,0,1
TF,RYDAN,25.726667,49.704167,0, ,0.0,0.0,0.0,0.0,0,0,0,0,0,0,0,0

SID,RYDA1B,34R,2
CF,D352G,26.614042,49.766669,0,KFA,351.7,7.0,342.0,8.0,1,4000,0,0,0,0,0,1
DF,KFA,26.497528,49.778611,2, ,0.0,0.0,1,4000,0,0,0,0,0,1
TF,RYDAN,25.726667,49.704167,0, ,0.0,0.0,0.0,0.0,0,0,0,0,0,0,0,0

SID,RYDA1C,16R,2
CF,D162G,26.384519,49.812314,0,KFA,162.0,7.0,162.0,6.0,1,4000,0,0,0,0,0,1
CF,RYDAN,25.726667,49.704167,0,KFA,182.0,46.3,182.0,40.0,0,0,0,0,0,0,0,0

SID,RYDA1D,16L,2
CF,D152G,26.391125,49.832692,0,KFA,152.4,7.0,162.0,5.0,1,4000,0,0,0,0,0,1
VI,0, ,0.0,212.0,0,0,0,0,0,0,0,0
CF,RYDAN,25.726667,49.704167,0,KFA,182.0,46.3,182.0,33.0,0,0,0,0,0,0,0,0

SID,RYDA2E,34L,5
CF,DF502,26.569167,49.756389,0,KFA,341.4,4.5,341.0,5.0,2,1300,0,1,210,0,0,1
TF,DF503,26.579167,49.964444,2, ,0.0,0.0,0.0,0.0,2,4000,0,1,210,0,0,0
TF,DF508,26.432222,49.975278,0, ,0.0,0.0,0.0,0.0,2,6000,0,0,0,0,0,0
TF,DF513,26.240556,49.838889,0, ,0.0,0.0,0.0,0.0,3,7000,0,0,0,0,0,0
TF,DF509,26.083889,49.728056,0, ,0.0,0.0,0.0,0.0,0,0,0,0,0,0,0,0
TF,DF512,25.860278,49.713056,0, ,0.0,0.0,0.0,0.0,3,16000,0,0,0,0,0,0
TF,RYDAN,25.726667,49.704167,0, ,0.0,0.0,0.0,0.0,0,0,0,0,0,0,0,0

SID,RYDA2F,34R,5
CF,DF501,26.569167,49.778889,0,KFA,357.2,4.3,341.0,5.0,2,1300,0,1,200,0,0,1
TF,DF503,26.579167,49.964444,2, ,0.0,0.0,0.0,0.0,2,4000,0,1,200,0,0,0
TF,DF508,26.432222,49.975278,0, ,0.0,0.0,0.0,0.0,2,6000,0,0,0,0,0,0
TF,DF513,26.240556,49.838889,0, ,0.0,0.0,0.0,0.0,3,7000,0,0,0,0,0,0
TF,DF509,26.083889,49.728056,0, ,0.0,0.0,0.0,0.0,0,0,0,0,0,0,0,0
TF,DF512,25.860278,49.713056,0, ,0.0,0.0,0.0,0.0,3,16000,0,0,0,0,0,0
TF,RYDAN,25.726667,49.704167,0, ,0.0,0.0,0.0,0.0,0,0,0,0,0,0,0,0

SID,RYDA2G,16R,5
CF,DF520,26.373333,49.816944,0,KFA,161.5,7.7,161.0,5.0,0,0,0,0,0,0,0,1
TF,DF528,25.891944,49.732778,0, ,0.0,0.0,0.0,0.0,3,13000,0,0,0,0,0,0
TF,RYDAN,25.726667,49.704167,0, ,0.0,0.0,0.0,0.0,0,0,0,0,0,0,0,0

SID,RYDA2H,16L,5
CF,DF530,26.373333,49.839444,0,KFA,153.2,8.1,161.0,5.0,0,0,0,0,0,0,0,1
TF,DF528,25.891944,49.732778,0, ,0.0,0.0,0.0,0.0,3,13000,0,0,0,0,0,0
TF,RYDAN,25.726667,49.704167,0, ,0.0,0.0,0.0,0.0,0,0,0,0,0,0,0,0

SID,TAYM1A,34L,2
CF,D343B,26.529922,49.769428,0,KFA,342.7,2.0,342.0,3.0,1,4000,0,0,0,0,0,1
VI,0, ,0.0,253.0,0,0,0,0,0,0,0,0
CF,TAYMA,26.765556,48.703333,0,KFA,282.7,60.0,283.0,52.0,0,0,0,0,0,0,0,0

SID,TAYM1B,34R,2
CF,D018B,26.528664,49.792139,0,KFA,18.4,2.0,342.0,3.0,1,4000,0,0,0,0,0,1
VI,0, ,0.0,253.0,0,0,0,0,0,0,0,0
CF,TAYMA,26.765556,48.703333,0,KFA,282.7,60.0,283.0,52.0,0,0,0,0,0,0,0,0

SID,TAYM1C,16R,2
CF,D162G,26.384519,49.812314,0,KFA,162.0,7.0,162.0,6.0,1,4000,0,0,0,0,0,1
AF,D249G,26.461314,49.654972,2,KFA,249.0,7.0,162.0,0,0,0,0,0,0,0,0
CF,KF35A,26.315392,49.161197,0,KFA,249.0,35.0,249.0,28.0,0,0,0,0,0,0,0,0
AF,KF35B,26.654786,49.151906,2,KFA,282.7,35.0,249.0,0,0,0,0,0,0,0,0
CF,TAYMA,26.765556,48.703333,0,KFA,282.7,60.0,283.0,25.0,0,0,0,0,0,0,0,0

SID,TAYM1D,16L,2
CF,D152G,26.391125,49.832692,0,KFA,152.4,7.0,162.0,5.0,1,4000,0,0,0,0,0,1
AF,D249G,26.461314,49.654972,2,KFA,249.0,7.0,152.0,0,0,0,0,0,0,0,0
CF,KF35A,26.315392,49.161197,0,KFA,249.0,35.0,249.0,28.0,0,0,0,0,0,0,0,0
AF,KF35B,26.654786,49.151906,2,KFA,282.7,35.0,249.0,0,0,0,0,0,0,0,0
CF,TAYMA,26.765556,48.703333,0,KFA,282.7,60.0,283.0,25.0,0,0,0,0,0,0,0,0

SID,TAYM2E,34L,5
CF,DF502,26.569167,49.756389,0,KFA,341.4,4.5,341.0,5.0,0,0,0,0,0,0,0,1
TF,DF504,26.613889,49.520000,0, ,0.0,0.0,0.0,0.0,2,4000,0,0,0,0,0,0
TF,DF505,26.689722,49.114444,0, ,0.0,0.0,0.0,0.0,3,10000,0,0,0,0,0,0
TF,TAYMA,26.765556,48.703333,0, ,0.0,0.0,0.0,0.0,3,16000,0,0,0,0,0,0

SID,TAYM2F,34R,5
CF,DF501,26.569167,49.778889,0,KFA,357.2,4.3,341.0,5.0,0,0,0,0,0,0,0,1
TF,DF504,26.613889,49.520000,0, ,0.0,0.0,0.0,0.0,2,4000,0,0,0,0,0,0
TF,DF505,26.689722,49.114444,0, ,0.0,0.0,0.0,0.0,3,10000,0,0,0,0,0,0
TF,TAYMA,26.765556,48.703333,0, ,0.0,0.0,0.0,0.0,3,16000,0,0,0,0,0,0

SID,TAYM2G,16R,5
CF,DF520,26.373333,49.816944,0,KFA,161.5,7.7,161.0,5.0,0,0,0,1,230,0,0,1
TF,DF523,26.307222,49.619444,0, ,0.0,0.0,0.0,0.0,3,5000,0,0,0,0,0,0
TF,DF525,26.500000,49.245833,0, ,0.0,0.0,0.0,0.0,3,8000,0,0,0,0,0,0
TF,DF529,26.611944,49.017500,0, ,0.0,0.0,0.0,0.0,3,9000,0,0,0,0,0,0
TF,TAYMA,26.765556,48.703333,0, ,0.0,0.0,0.0,0.0,3,16000,0,0,0,0,0,0

SID,TAYM2H,16L,5
CF,DF530,26.373333,49.839444,0,KFA,153.2,8.1,161.0,5.0,0,0,0,1,230,0,0,1
TF,DF523,26.307222,49.619444,0, ,0.0,0.0,0.0,0.0,3,5000,0,0,0,0,0,0
TF,DF525,26.500000,49.245833,0, ,0.0,0.0,0.0,0.0,3,8000,0,0,0,0,0,0
TF,DF529,26.611944,49.017500,0, ,0.0,0.0,0.0,0.0,3,9000,0,0,0,0,0,0
TF,TAYMA,26.765556,48.703333,0, ,0.0,0.0,0.0,0.0,3,16000,0,0,0,0,0,0

STAR,LOSA1J,34L,5
IF,LOSAX,26.369889,49.560722, ,0.0,0.0,2,4000,0,1,230,0,0,0
TF,DF603,26.245139,49.741000,0, ,0.0,0.0,0.0,0.0,2,4000,0,1,210,0,0,0

STAR,LOSA1J,34R,5
IF,LOSAX,26.369889,49.560722, ,0.0,0.0,2,4000,0,1,230,0,0,0
TF,DF603,26.245139,49.741000,0, ,0.0,0.0,0.0,0.0,2,4000,0,1,210,0,0,0

STAR,MIBR2J,34L,5
IF,MIBRA,25.948333,48.848056, ,0.0,0.0,2,17000,0,0,0,0,0,0
TF,LOSAX,26.369889,49.560722,0, ,0.0,0.0,0.0,0.0,2,7000,0,0,0,0,0,0
TF,DF603,26.245139,49.741000,0, ,0.0,0.0,0.0,0.0,2,4000,0,1,210,0,0,0

STAR,MIBR2J,34R,5
IF,MIBRA,25.948333,48.848056, ,0.0,0.0,2,17000,0,0,0,0,0,0
TF,LOSAX,26.369889,49.560722,0, ,0.0,0.0,0.0,0.0,2,7000,0,0,0,0,0,0
TF,DF603,26.245139,49.741000,0, ,0.0,0.0,0.0,0.0,2,4000,0,1,210,0,0,0

STAR,MIBR2L,16L,5
IF,MIBRA,25.948333,48.848056, ,0.0,0.0,2,17000,0,0,0,0,0,0
TF,DF461,26.355000,49.272778,0, ,0.0,0.0,0.0,0.0,2,13000,0,0,0,0,0,0
TF,DF460,26.513056,49.438611,0, ,0.0,0.0,0.0,0.0,2,9000,0,0,0,0,0,0
TF,RESAN,26.638194,49.570639,0, ,0.0,0.0,0.0,0.0,2,5000,0,1,210,0,0,0

STAR,MIBR2L,16R,5
IF,MIBRA,25.948333,48.848056, ,0.0,0.0,2,17000,0,0,0,0,0,0
TF,DF461,26.355000,49.272778,0, ,0.0,0.0,0.0,0.0,2,13000,0,0,0,0,0,0
TF,DF460,26.513056,49.438611,0, ,0.0,0.0,0.0,0.0,2,9000,0,0,0,0,0,0
TF,RESAN,26.638194,49.570639,0, ,0.0,0.0,0.0,0.0,2,5000,0,1,210,0,0,0

STAR,NARM1J,34L,5
IF,NARMI,26.300647,50.327503, ,0.0,0.0,2,12000,0,0,0,0,0,0
TF,DF406,26.350556,49.779722,0, ,0.0,0.0,0.0,0.0,2,8000,0,0,0,0,0,0
TF,LOSAX,26.369889,49.560722,0, ,0.0,0.0,0.0,0.0,2,7000,0,0,0,0,0,0
TF,DF405,26.214722,49.596389,1, ,0.0,0.0,0.0,0.0,2,5000,0,0,0,0,0,0
TF,DF603,26.245139,49.741000,1, ,0.0,0.0,0.0,0.0,2,4000,0,1,210,0,0,0

STAR,NARM1J,34R,5
IF,NARMI,26.300647,50.327503, ,0.0,0.0,2,12000,0,0,0,0,0,0
TF,DF406,26.350556,49.779722,0, ,0.0,0.0,0.0,0.0,2,8000,0,0,0,0,0,0
TF,LOSAX,26.369889,49.560722,0, ,0.0,0.0,0.0,0.0,2,7000,0,0,0,0,0,0
TF,DF405,26.214722,49.596389,1, ,0.0,0.0,0.0,0.0,2,5000,0,0,0,0,0,0
TF,DF603,26.245139,49.741000,1, ,0.0,0.0,0.0,0.0,2,4000,0,1,210,0,0,0

STAR,NARM1K,34L,5
IF,NARMI,26.300647,50.327503, ,0.0,0.0,2,12000,0,0,0,0,0,0
TF,DF604,26.287694,50.052528,0, ,0.0,0.0,0.0,0.0,1,6000,0,1,210,0,0,0

STAR,NARM1K,34R,5
IF,NARMI,26.300647,50.327503, ,0.0,0.0,2,12000,0,0,0,0,0,0
TF,DF604,26.287694,50.052528,0, ,0.0,0.0,0.0,0.0,1,6000,0,1,210,0,0,0

STAR,NARM1L,16L,5
IF,NARMI,26.300647,50.327503, ,0.0,0.0,2,12000,0,0,0,0,0,0
TF,DF464,26.442222,49.795833,0, ,0.0,0.0,0.0,0.0,2,8000,0,0,0,0,0,0
TF,DF462,26.495833,49.591667,0, ,0.0,0.0,0.0,0.0,2,6000,0,0,0,0,0,0
TF,RESAN,26.638194,49.570639,0, ,0.0,0.0,0.0,0.0,2,5000,0,1,210,0,0,0

STAR,NARM1L,16R,5
IF,NARMI,26.300647,50.327503, ,0.0,0.0,2,12000,0,0,0,0,0,0
TF,DF464,26.442222,49.795833,0, ,0.0,0.0,0.0,0.0,2,8000,0,0,0,0,0,0
TF,DF462,26.495833,49.591667,0, ,0.0,0.0,0.0,0.0,2,6000,0,0,0,0,0,0
TF,RESAN,26.638194,49.570639,0, ,0.0,0.0,0.0,0.0,2,5000,0,1,210,0,0,0

STAR,PUSR2J,34L,5
IF,PUSRA,27.341944,49.175000, ,0.0,0.0,2,17000,0,0,0,0,0,0
TF,DF401,26.604444,49.354167,0, ,0.0,0.0,0.0,0.0,2,12000,0,0,0,0,0,0
TF,DF407,26.538889,49.411944,0, ,0.0,0.0,0.0,0.0,2,11000,0,0,0,0,0,0
TF,DF402,26.459167,49.482222,0, ,0.0,0.0,0.0,0.0,2,9000,0,0,0,0,0,0
TF,LOSAX,26.369889,49.560722,0, ,0.0,0.0,0.0,0.0,2,7000,0,0,0,0,0,0
TF,DF603,26.245139,49.741000,0, ,0.0,0.0,0.0,0.0,2,4000,0,1,210,0,0,0

STAR,PUSR2J,34R,5
IF,PUSRA,27.341944,49.175000, ,0.0,0.0,2,17000,0,0,0,0,0,0
TF,DF401,26.604444,49.354167,0, ,0.0,0.0,0.0,0.0,2,12000,0,0,0,0,0,0
TF,DF407,26.538889,49.411944,0, ,0.0,0.0,0.0,0.0,2,11000,0,0,0,0,0,0
TF,DF402,26.459167,49.482222,0, ,0.0,0.0,0.0,0.0,2,9000,0,0,0,0,0,0
TF,LOSAX,26.369889,49.560722,0, ,0.0,0.0,0.0,0.0,2,7000,0,0,0,0,0,0
TF,DF603,26.245139,49.741000,0, ,0.0,0.0,0.0,0.0,2,4000,0,1,210,0,0,0

STAR,PUSR2L,16L,5
IF,PUSRA,27.341944,49.175000, ,0.0,0.0,2,17000,0,0,0,0,0,0
TF,RESAN,26.638194,49.570639,0, ,0.0,0.0,0.0,0.0,2,5000,0,1,210,0,0,0

STAR,PUSR2L,16R,5
IF,PUSRA,27.341944,49.175000, ,0.0,0.0,2,17000,0,0,0,0,0,0
TF,RESAN,26.638194,49.570639,0, ,0.0,0.0,0.0,0.0,2,5000,0,1,210,0,0,0

STAR,RYDA2J,34L,5
IF,RYDAN,25.726667,49.704167, ,0.0,0.0,2,17000,0,0,0,0,0,0
TF,DF404,25.817222,49.580833,0, ,0.0,0.0,0.0,0.0,0,0,0,0,0,0,0,0
TF,DF405,26.214722,49.596389,0, ,0.0,0.0,0.0,0.0,2,5000,0,0,0,0,0,0
TF,DF603,26.245139,49.741000,0, ,0.0,0.0,0.0,0.0,2,4000,0,1,210,0,0,0

STAR,RYDA2J,34R,5
IF,RYDAN,25.726667,49.704167, ,0.0,0.0,2,17000,0,0,0,0,0,0
TF,DF404,25.817222,49.580833,0, ,0.0,0.0,0.0,0.0,0,0,0,0,0,0,0,0
TF,DF405,26.214722,49.596389,0, ,0.0,0.0,0.0,0.0,2,5000,0,0,0,0,0,0
TF,DF603,26.245139,49.741000,0, ,0.0,0.0,0.0,0.0,2,4000,0,1,210,0,0,0

STAR,RYDA2L,16L,5
IF,RYDAN,25.726667,49.704167, ,0.0,0.0,2,17000,0,0,0,0,0,0
TF,DF462,26.495833,49.591667,0, ,0.0,0.0,0.0,0.0,2,6000,0,0,0,0,0,0
TF,RESAN,26.638194,49.570639,0, ,0.0,0.0,0.0,0.0,2,5000,0,1,210,0,0,0

STAR,RYDA2L,16R,5
IF,RYDAN,25.726667,49.704167, ,0.0,0.0,2,17000,0,0,0,0,0,0
TF,DF462,26.495833,49.591667,0, ,0.0,0.0,0.0,0.0,2,6000,0,0,0,0,0,0
TF,RESAN,26.638194,49.570639,0, ,0.0,0.0,0.0,0.0,2,5000,0,1,210,0,0,0

STAR,SILB2J,34L,5
IF,SILBA,27.098333,48.883611, ,0.0,0.0,2,17000,0,0,0,0,0,0
TF,DF401,26.604444,49.354167,0, ,0.0,0.0,0.0,0.0,2,12000,0,0,0,0,0,0
TF,DF407,26.538889,49.411944,0, ,0.0,0.0,0.0,0.0,2,11000,0,0,0,0,0,0
TF,DF402,26.459167,49.482222,0, ,0.0,0.0,0.0,0.0,2,9000,0,0,0,0,0,0
TF,LOSAX,26.369889,49.560722,0, ,0.0,0.0,0.0,0.0,2,7000,0,0,0,0,0,0
TF,DF603,26.245139,49.741000,0, ,0.0,0.0,0.0,0.0,2,4000,0,1,210,0,0,0

STAR,SILB2J,34R,5
IF,SILBA,27.098333,48.883611, ,0.0,0.0,2,17000,0,0,0,0,0,0
TF,DF401,26.604444,49.354167,0, ,0.0,0.0,0.0,0.0,2,12000,0,0,0,0,0,0
TF,DF407,26.538889,49.411944,0, ,0.0,0.0,0.0,0.0,2,11000,0,0,0,0,0,0
TF,DF402,26.459167,49.482222,0, ,0.0,0.0,0.0,0.0,2,9000,0,0,0,0,0,0
TF,LOSAX,26.369889,49.560722,0, ,0.0,0.0,0.0,0.0,2,7000,0,0,0,0,0,0
TF,DF603,26.245139,49.741000,0, ,0.0,0.0,0.0,0.0,2,4000,0,1,210,0,0,0

STAR,SILB2L,16L,5
IF,SILBA,27.098333,48.883611, ,0.0,0.0,2,17000,0,0,0,0,0,0
TF,RESAN,26.638194,49.570639,0, ,0.0,0.0,0.0,0.0,2,5000,0,1,210,0,0,0

STAR,SILB2L,16R,5
IF,SILBA,27.098333,48.883611, ,0.0,0.0,2,17000,0,0,0,0,0,0
TF,RESAN,26.638194,49.570639,0, ,0.0,0.0,0.0,0.0,2,5000,0,1,210,0,0,0

STAR,UMEN2J,34L,5
IF,UMENA,26.475556,48.664444, ,0.0,0.0,2,17000,0,0,0,0,0,0
TF,DF403,26.403056,49.284722,0, ,0.0,0.0,0.0,0.0,2,11000,0,0,0,0,0,0
TF,DF408,26.392222,49.376667,0, ,0.0,0.0,0.0,0.0,2,10000,0,0,0,0,0,0
TF,LOSAX,26.369889,49.560722,0, ,0.0,0.0,0.0,0.0,2,7000,0,0,0,0,0,0
TF,DF603,26.245139,49.741000,0, ,0.0,0.0,0.0,0.0,2,4000,0,1,210,0,0,0

STAR,UMEN2J,34R,5
IF,UMENA,26.475556,48.664444, ,0.0,0.0,2,17000,0,0,0,0,0,0
TF,DF403,26.403056,49.284722,0, ,0.0,0.0,0.0,0.0,2,11000,0,0,0,0,0,0
TF,DF408,26.392222,49.376667,0, ,0.0,0.0,0.0,0.0,2,10000,0,0,0,0,0,0
TF,LOSAX,26.369889,49.560722,0, ,0.0,0.0,0.0,0.0,2,7000,0,0,0,0,0,0
TF,DF603,26.245139,49.741000,0, ,0.0,0.0,0.0,0.0,2,4000,0,1,210,0,0,0

STAR,UMEN2L,16L,5
IF,UMENA,26.475556,48.664444, ,0.0,0.0,2,17000,0,0,0,0,0,0
TF,DF463,26.585556,49.273889,0, ,0.0,0.0,0.0,0.0,2,10000,0,0,0,0,0,0
TF,RESAN,26.638194,49.570639,0, ,0.0,0.0,0.0,0.0,2,5000,0,1,210,0,0,0

STAR,UMEN2L,16R,5
IF,UMENA,26.475556,48.664444, ,0.0,0.0,2,17000,0,0,0,0,0,0
TF,DF463,26.585556,49.273889,0, ,0.0,0.0,0.0,0.0,2,10000,0,0,0,0,0,0
TF,RESAN,26.638194,49.570639,0, ,0.0,0.0,0.0,0.0,2,5000,0,1,210,0,0,0

APPTR,D16R,16R,DASLA
IF,DASLA,26.264389,49.756000, ,0.0,0.0,0,0,0,0,0,0,1,0
AF,RESAN,26.638194,49.570639,2,KFA,304.0,14.0,182.0,2,5000,0,0,0,0,0,0
AF,CF16R,26.723028,49.708750,2,KFA,341.5,14.0,304.0,2,3000,0,0,0,0,1,0

APPTR,D16R,16R,KAVIV
IF,KAVIV,26.851472,49.526833, ,0.0,0.0,0,0,0,0,0,0,1,0
CF,KF21B,26.795167,49.567028,0,KFA,324.5,21.1,144.0,4.0,2,3000,0,0,0,0,0,0
CF,CF16R,26.723028,49.708750,0,KFA,341.5,14.0,116.0,8.8,2,3000,0,0,0,0,1,0

APPTR,D16R,16R,KEBAP
IF,KEBAP,26.493194,49.518583, ,0.0,0.0,0,0,0,0,0,0,1,0
AF,RESAN,26.638194,49.570639,2,KFA,304.0,14.0,266.0,2,5000,0,0,0,0,0,0
AF,CF16R,26.723028,49.708750,2,KFA,341.5,14.0,304.0,2,3000,0,0,0,0,1,0

APPTR,D16R,16R,KFA
IF,KFA,26.497528,49.778611,KFA,0.0,0.0,0,0,0,0,0,0,1,0
CF,RESAN,26.638194,49.570639,0,KFA,304.0,14.0,304.0,14.0,2,5000,0,0,0,0,0,0
AF,CF16R,26.723028,49.708750,2,KFA,341.5,14.0,304.0,2,3000,0,0,0,0,1,0

APPTR,D16R,16R,LOSAX
IF,LOSAX,26.369889,49.560722, ,0.0,0.0,0,0,0,0,0,0,1,0
AF,RESAN,26.638194,49.570639,2,KFA,304.0,14.0,234.0,2,5000,0,0,0,0,0,0
AF,CF16R,26.723028,49.708750,2,KFA,341.5,14.0,304.0,2,3000,0,0,0,0,1,0

APPTR,D16R,16R,RESAN
IF,RESAN,26.638194,49.570639, ,0.0,0.0,0,0,0,0,0,0,1,0
AF,CF16R,26.723028,49.708750,2,KFA,341.5,14.0,304.0,2,3000,0,0,0,0,1,0

FINAL,D16R,16R,D,3
IF,CF16R,26.723028,49.708750,KFA,341.5,14.0,2,3000,0,0,0,0,0,0
CF,TOLRO,26.585528,49.751333,0,KFA,341.4,5.5,161.0,8.5,2,2000,0,0,0,0,2,0
CF,KFA,26.497528,49.778611,0,KFA,0.0,0.0,161.0,5.5,1,283,0,0,0,0,3,0
FD,KFA,26.497528,49.778611,0,KFA,0.0,3.0,161.0,3.0,1,3000,0,0,0,0,0,0
VI,0, ,0.0,230.0,0,0,0,1,190,0,0,0
CF,D200N,26.282072,49.677175,0,KFA,200.0,14.0,200.0,7.0,0,0,0,0,0,0,0,0
AF,LOSAX,26.369889,49.560722,2,KFA,234.0,14.0,200.0,0,0,0,0,0,0,0,0
HM,LOSAX,26.369889,49.560722,2, ,0.0,0.0,54.0,04.3,1,3000,0,1,230,0,0,0,0

APPTR,D34L,34L,DASLA
IF,DASLA,26.264389,49.756000, ,0.0,0.0,0,0,0,0,0,0,1,0
AF,CF34L,26.272028,49.848139,1,KFA,161.5,14.0,182.0,2,3000,0,0,0,0,1,0

APPTR,D34L,34L,KEBAP
IF,KEBAP,26.493194,49.518583, ,0.0,0.0,0,0,0,0,0,0,1,0
AF,LOSAX,26.369889,49.560722,1,KFA,234.0,14.0,266.0,2,5000,0,0,0,0,0,0
AF,CF34L,26.272028,49.848139,1,KFA,161.5,14.0,234.0,2,3000,0,0,0,0,1,0

APPTR,D34L,34L,KFA
IF,KFA,26.497528,49.778611, ,0.0,0.0,0,0,0,0,0,0,1,0
CF,LOSAX,26.369889,49.560722,0,KFA,234.0,14.0,234.0,14.0,2,5000,0,0,0,0,0,0
AF,CF34L,26.272028,49.848139,1,KFA,161.5,14.0,234.0,2,3000,0,0,0,0,1,0

APPTR,D34L,34L,LOPOD
IF,LOPOD,26.694778,49.638556, ,0.0,0.0,0,0,0,0,0,0,1,0
AF,LOSAX,26.369889,49.560722,1,KFA,234.0,14.0,325.0,2,5000,0,0,0,0,0,0
AF,CF34L,26.272028,49.848139,1,KFA,161.5,14.0,234.0,2,3000,0,0,0,0,1,0

APPTR,D34L,34L,LOSAX
IF,LOSAX,26.369889,49.560722, ,0.0,0.0,0,0,0,0,0,0,1,0
AF,CF34L,26.272028,49.848139,1,KFA,161.5,14.0,234.0,2,3000,0,0,0,0,1,0

APPTR,D34L,34L,RESAN
IF,RESAN,26.638194,49.570639, ,0.0,0.0,0,0,0,0,0,0,1,0
AF,LOSAX,26.369889,49.560722,1,KFA,234.0,14.0,304.0,2,5000,0,0,0,0,0,0
AF,CF34L,26.272028,49.848139,1,KFA,161.5,14.0,234.0,2,3000,0,0,0,0,1,0

FINAL,D34L,34L,D,4
IF,CF34L,26.272028,49.848139,KFA,161.5,14.0,2,3000,0,0,0,0,0,0
CF,DATMI,26.357333,49.822056,0,KFA,161.4,8.7,341.0,5.3,2,2000,0,0,0,0,2,0
CF,62VOR,26.398083,49.809444,0,KFA,161.4,6.2,341.0,2.5,2,1200,0,0,0,0,0,0
CF,MA34L,26.437722,49.797111,0,KFA,161.4,3.7,341.0,2.5,1,433,0,0,0,0,3,0
CF,KFA,26.497528,49.778611,0,KFA,0.0,0.0,341.0,3.7,0,0,0,0,0,0,0,0
FD,KFA,26.497528,49.778611,0,KFA,0.0,4.0,341.0,4.0,1,3000,0,0,0,0,0,0
VI,0, ,0.0,274.0,0,0,0,1,190,0,0,0
CF,RESAN,26.638194,49.570639,0,KFA,304.0,14.0,304.0,4.0,0,0,0,0,0,0,0,0
HM,RESAN,26.638194,49.570639,1, ,0.0,0.0,124.0,04.3,1,3000,0,1,230,0,0,0,0

APPTR,D34R,34R,DASLA
IF,DASLA,26.264389,49.756000, ,0.0,0.0,0,0,0,0,0,0,1,0
AF,CD34R,26.295889,49.910528,1,KFA,146.5,14.0,182.0,2,3000,0,0,0,0,1,0

APPTR,D34R,34R,KEBAP
IF,KEBAP,26.493194,49.518583, ,0.0,0.0,0,0,0,0,0,0,1,0
AF,LOSAX,26.369889,49.560722,1,KFA,234.0,14.0,266.0,2,5000,0,0,0,0,0,0
AF,CD34R,26.295889,49.910528,1,KFA,146.5,14.0,234.0,2,3000,0,0,0,0,1,0

APPTR,D34R,34R,KFA
IF,KFA,26.497528,49.778611, ,0.0,0.0,0,0,0,0,0,0,1,0
CF,LOSAX,26.369889,49.560722,0,KFA,234.0,14.0,234.0,14.0,2,5000,0,0,0,0,0,0
AF,CD34R,26.295889,49.910528,1,KFA,146.5,14.0,234.0,2,3000,0,0,0,0,1,0

APPTR,D34R,34R,LOPOD
IF,LOPOD,26.694778,49.638556, ,0.0,0.0,0,0,0,0,0,0,1,0
AF,LOSAX,26.369889,49.560722,1,KFA,234.0,14.0,325.0,2,5000,0,0,0,0,0,0
AF,CD34R,26.295889,49.910528,1,KFA,146.5,14.0,234.0,2,3000,0,0,0,0,1,0

APPTR,D34R,34R,LOSAX
IF,LOSAX,26.369889,49.560722, ,0.0,0.0,0,0,0,0,0,0,1,0
AF,CD34R,26.295889,49.910528,1,KFA,146.5,14.0,234.0,2,3000,0,0,0,0,1,0

APPTR,D34R,34R,RESAN
IF,RESAN,26.638194,49.570639, ,0.0,0.0,0,0,0,0,0,0,1,0
AF,LOSAX,26.369889,49.560722,1,KFA,234.0,14.0,304.0,2,5000,0,0,0,0,0,0
AF,CD34R,26.295889,49.910528,1,KFA,146.5,14.0,234.0,2,3000,0,0,0,0,1,0

FINAL,D34R,34R,D,3
IF,CD34R,26.295889,49.910528,KFA,146.5,14.0,2,3000,0,0,0,0,0,0
CF,RUKUN,26.366000,49.864722,0,KFA,146.5,9.1,326.0,4.9,2,2000,0,0,0,0,2,0
CF,MD34R,26.439917,49.816333,0,KFA,146.5,4.0,326.0,5.1,1,379,0,0,0,0,3,0
CF,KFA,26.497528,49.778611,0,KFA,0.0,0.0,326.0,4.0,0,0,0,0,0,0,0,0
FD,KFA,26.497528,49.778611,0,KFA,0.0,4.0,326.0,4.0,1,3000,0,0,0,0,0,0
VI,0, ,0.0,274.0,0,0,0,1,190,0,0,0
CF,RESAN,26.638194,49.570639,0,KFA,304.0,14.0,304.0,6.0,0,0,0,0,0,0,0,0
HM,RESAN,26.638194,49.570639,1, ,0.0,0.0,124.0,04.3,1,3000,0,1,230,0,0,0,0

APPTR,I16L,16L,DASLA
IF,DASLA,26.264389,49.756000, ,0.0,0.0,0,0,0,0,0,0,1,0
AF,RESAN,26.638194,49.570639,2,KFA,304.0,14.0,182.0,2,5000,0,0,0,0,0,0
AF,D338N,26.718767,49.693772,2,KFA,338.0,14.0,304.0,2,3000,0,0,0,0,0,0
VI,0,IMBF,0.0,131.0,0,0,0,0,0,0,0,0

APPTR,I16L,16L,DAXAR
IF,DAXAR,26.888111,49.500667, ,0.0,0.0,0,0,0,0,0,0,1,0
CF,D324W,26.817750,49.550917,0,KFA,324.5,22.7,144.0,5.0,2,5000,0,0,0,0,0,0
CF,CI16L,26.727361,49.729694,0,IMBF,341.5,17.2,116.0,11.0,2,3000,0,0,0,0,1,0

APPTR,I16L,16L,KEBAP
IF,KEBAP,26.493194,49.518583, ,0.0,0.0,0,0,0,0,0,0,1,0
AF,RESAN,26.638194,49.570639,2,KFA,304.0,14.0,266.0,2,5000,0,0,0,0,0,0
AF,D338N,26.718767,49.693772,2,KFA,338.0,14.0,304.0,2,3000,0,0,0,0,0,0
VI,0,IMBF,0.0,131.0,0,0,0,0,0,0,0,0

APPTR,I16L,16L,KFA
IF,KFA,26.497528,49.778611,KFA,0.0,0.0,0,0,0,0,0,0,1,0
CF,RESAN,26.638194,49.570639,0,KFA,304.0,14.0,304.0,14.0,2,5000,0,0,0,0,0,0
AF,D338N,26.718767,49.693772,2,KFA,338.0,14.0,304.0,2,3000,0,0,0,0,0,0
VI,0,IMBF,0.0,131.0,0,0,0,0,0,0,0,0

APPTR,I16L,16L,LOSAX
IF,LOSAX,26.369889,49.560722, ,0.0,0.0,0,0,0,0,0,0,1,0
AF,RESAN,26.638194,49.570639,2,KFA,304.0,14.0,234.0,2,5000,0,0,0,0,0,0
AF,D338N,26.718767,49.693772,2,KFA,338.0,14.0,304.0,2,3000,0,0,0,0,0,0
VI,0,IMBF,0.0,131.0,0,0,0,0,0,0,0,0

APPTR,I16L,16L,RESAN
IF,RESAN,26.638194,49.570639, ,0.0,0.0,0,0,0,0,0,0,1,0
AF,D338N,26.718767,49.693772,2,KFA,338.0,14.0,304.0,2,3000,0,0,0,0,0,0
VI,0,IMBF,0.0,131.0,0,0,0,0,0,0,0,0

FINAL,I16L,16L,I,3
IF,CI16L,26.727361,49.729694,IMBF,341.5,17.2,2,3000,0,0,0,0,0,0
CF,OBREL,26.584944,49.773861,0,IMBF,341.5,8.3,161.0,8.9,1,2000,0,0,0,0,2,0
CF,RW16L,26.488594,49.803717,0,IMBF,341.5,2.4,161.0,6.0,1,117,0,0,0,0,3,0
FD,RW16L,26.488594,49.803717,0,KFA,108.6,4.0,161.0,4.0,1,3000,0,0,0,0,0,0
VI,0, ,0.0,230.0,0,0,0,1,190,0,0,0
CF,D200N,26.282072,49.677175,0,KFA,200.0,14.0,200.0,5.0,0,0,0,0,0,0,0,0
AF,LOSAX,26.369889,49.560722,2,KFA,234.0,14.0,200.0,0,0,0,0,0,0,0,0
HM,LOSAX,26.369889,49.560722,2, ,0.0,0.0,54.0,04.3,1,3000,0,1,230,0,0,0,0

APPTR,I16R,16R,DASLA
IF,DASLA,26.264389,49.756000, ,0.0,0.0,0,0,0,0,0,0,1,0
AF,RESAN,26.638194,49.570639,2,KFA,304.0,14.0,182.0,2,5000,0,0,0,0,0,0
AF,D333N,26.711269,49.672628,2,KFA,333.0,14.0,304.0,2,3000,0,0,0,0,0,0
VI,0,IWSR,0.0,131.0,0,0,0,0,0,0,0,0

APPTR,I16R,16R,KAVIV
IF,KAVIV,26.851472,49.526833, ,0.0,0.0,0,0,0,0,0,0,1,0
CF,KF21A,26.795139,49.567000,0,KFA,324.5,21.1,144.0,4.0,2,3000,0,0,0,0,0,0
CF,CF16R,26.723028,49.708750,0,IWSR,341.5,16.9,117.0,8.8,2,3000,0,0,0,0,1,0

APPTR,I16R,16R,KEBAP
IF,KEBAP,26.493194,49.518583, ,0.0,0.0,0,0,0,0,0,0,1,0
AF,RESAN,26.638194,49.570639,2,KFA,304.0,14.0,266.0,2,5000,0,0,0,0,0,0
AF,D333N,26.711269,49.672628,2,KFA,333.0,14.0,304.0,2,3000,0,0,0,0,0,0
VI,0,IWSR,0.0,131.0,0,0,0,0,0,0,0,0

APPTR,I16R,16R,KFA
IF,KFA,26.497528,49.778611,KFA,0.0,0.0,0,0,0,0,0,0,1,0
CF,RESAN,26.638194,49.570639,0,KFA,304.0,14.0,304.0,14.0,2,5000,0,0,0,0,0,0
AF,D333N,26.711269,49.672628,2,KFA,333.0,14.0,304.0,2,3000,0,0,0,0,0,0
VI,0,IWSR,0.0,131.0,0,0,0,0,0,0,0,0

APPTR,I16R,16R,LOSAX
IF,LOSAX,26.369889,49.560722, ,0.0,0.0,0,0,0,0,0,0,1,0
AF,RESAN,26.638194,49.570639,2,KFA,304.0,14.0,234.0,2,5000,0,0,0,0,0,0
AF,D333N,26.711269,49.672628,2,KFA,333.0,14.0,304.0,2,3000,0,0,0,0,0,0
VI,0,IWSR,0.0,131.0,0,0,0,0,0,0,0,0

APPTR,I16R,16R,RESAN
IF,RESAN,26.638194,49.570639, ,0.0,0.0,0,0,0,0,0,0,1,0
AF,D333N,26.711269,49.672628,2,KFA,333.0,14.0,304.0,2,3000,0,0,0,0,0,0
VI,0,IWSR,0.0,131.0,0,0,0,0,0,0,0,0

FINAL,I16R,16R,I,3
IF,CF16R,26.723028,49.708750,IWSR,341.5,16.9,2,3000,0,0,0,0,0,0
CF,TATBA,26.584528,49.751667,0,IWSR,341.5,8.3,161.0,8.6,1,2000,0,0,0,0,2,0
CF,RW16R,26.488631,49.781364,0,IWSR,341.5,2.4,161.0,6.0,1,106,0,0,0,0,3,0
FD,RW16R,26.488631,49.781364,0,KFA,161.4,3.0,161.0,3.0,1,3000,0,0,0,0,0,0
VI,0, ,0.0,230.0,0,0,0,1,190,0,0,0
CF,D200N,26.282072,49.677175,0,KFA,200.0,14.0,200.0,7.0,0,0,0,0,0,0,0,0
AF,LOSAX,26.369889,49.560722,2,KFA,234.0,14.0,200.0,0,0,0,0,0,0,0,0
HM,LOSAX,26.369889,49.560722,2, ,0.0,0.0,54.0,04.3,1,3000,0,1,230,0,0,0,0

APPTR,I34L,34L,DASLA
IF,DASLA,26.264389,49.756000, ,0.0,0.0,0,0,0,0,0,0,1,0
AF,D170N,26.265244,49.810242,1,KFA,170.0,14.0,182.0,2,3000,0,0,0,0,0,0
VI,0,IWMR,0.0,11.0,0,0,0,0,0,0,0,0

APPTR,I34L,34L,KEBAP
IF,KEBAP,26.493194,49.518583, ,0.0,0.0,0,0,0,0,0,0,1,0
AF,LOSAX,26.369889,49.560722,1,KFA,234.0,14.0,266.0,2,5000,0,0,0,0,0,0
AF,D170N,26.265244,49.810242,1,KFA,170.0,14.0,234.0,2,3000,0,0,0,0,0,0
VI,0,IWMR,0.0,11.0,0,0,0,0,0,0,0,0

APPTR,I34L,34L,KFA
IF,KFA,26.497528,49.778611, ,0.0,0.0,0,0,0,0,0,0,1,0
CF,LOSAX,26.369889,49.560722,0,KFA,234.0,14.0,234.0,14.0,2,5000,0,0,0,0,0,0
AF,D170N,26.265244,49.810242,1,KFA,170.0,14.0,234.0,2,3000,0,0,0,0,0,0
VI,0,IWMR,0.0,11.0,0,0,0,0,0,0,0,0

APPTR,I34L,34L,LOPOD
IF,LOPOD,26.694778,49.638556, ,0.0,0.0,0,0,0,0,0,0,1,0
AF,LOSAX,26.369889,49.560722,1,KFA,234.0,14.0,325.0,2,5000,0,0,0,0,0,0
AF,D170N,26.265244,49.810242,1,KFA,170.0,14.0,234.0,2,3000,0,0,0,0,0,0
VI,0,IWMR,0.0,11.0,0,0,0,0,0,0,0,0

APPTR,I34L,34L,LOSAX
IF,LOSAX,26.369889,49.560722, ,0.0,0.0,0,0,0,0,0,0,1,0
AF,D170N,26.265244,49.810242,1,KFA,170.0,14.0,234.0,2,3000,0,0,0,0,0,0
VI,0,IWMR,0.0,11.0,0,0,0,0,0,0,0,0

APPTR,I34L,34L,RESAN
IF,RESAN,26.638194,49.570639, ,0.0,0.0,0,0,0,0,0,0,1,0
AF,LOSAX,26.369889,49.560722,1,KFA,234.0,14.0,304.0,2,5000,0,0,0,0,0,0
AF,D170N,26.265244,49.810242,1,KFA,170.0,14.0,234.0,2,3000,0,0,0,0,0,0
VI,0,IWMR,0.0,11.0,0,0,0,0,0,0,0,0

FINAL,I34L,34L,I,3
IF,CF34L,26.272028,49.848139,IWMR,161.5,13.7,2,3000,0,0,0,0,0,0
CF,SIDGO,26.358333,49.821750,0,IWMR,161.4,8.3,341.0,5.4,1,2000,0,0,0,0,2,0
CF,RW34L,26.453817,49.792119,0,IWMR,161.5,2.4,341.0,5.9,1,114,0,0,0,0,3,0
CF,KFA,26.497528,49.778611,0,KFA,0.0,0.0,341.0,2.7,0,0,0,0,0,0,0,0
FD,KFA,26.497528,49.778611,0,KFA,0.0,4.0,341.0,4.0,1,3000,0,0,0,0,0,0
VI,0, ,0.0,274.0,0,0,0,1,190,0,0,0
CF,RESAN,26.638194,49.570639,0,KFA,304.0,14.0,304.0,4.0,0,0,0,0,0,0,0,0
HM,RESAN,26.638194,49.570639,1, ,0.0,0.0,124.0,04.3,1,3000,0,1,230,0,0,0,0

APPTR,I34R,34R,DASLA
IF,DASLA,26.264389,49.756000, ,0.0,0.0,0,0,0,0,0,0,1,0
AF,D166N,26.267794,49.828139,1,KFA,166.0,14.0,182.0,2,3000,0,0,0,0,0,0
VI,0,IABF,0.0,11.0,0,0,0,0,0,0,0,0

APPTR,I34R,34R,KEBAP
IF,KEBAP,26.493194,49.518583, ,0.0,0.0,0,0,0,0,0,0,1,0
AF,LOSAX,26.369889,49.560722,1,KFA,234.0,14.0,266.0,2,5000,0,0,0,0,0,0
AF,D166N,26.267794,49.828139,1,KFA,166.0,14.0,234.0,2,3000,0,0,0,0,0,0
VI,0,IABF,0.0,11.0,0,0,0,0,0,0,0,0

APPTR,I34R,34R,KFA
IF,KFA,26.497528,49.778611, ,0.0,0.0,0,0,0,0,0,0,1,0
CF,LOSAX,26.369889,49.560722,0,KFA,234.0,14.0,234.0,14.0,2,5000,0,0,0,0,0,0
AF,D166N,26.267794,49.828139,1,KFA,166.0,14.0,234.0,2,3000,0,0,0,0,0,0
VI,0,IABF,0.0,11.0,0,0,0,0,0,0,0,0

APPTR,I34R,34R,LOPOD
IF,LOPOD,26.694778,49.638556, ,0.0,0.0,0,0,0,0,0,0,1,0
AF,LOSAX,26.369889,49.560722,1,KFA,234.0,14.0,325.0,2,5000,0,0,0,0,0,0
AF,D166N,26.267794,49.828139,1,KFA,166.0,14.0,234.0,2,3000,0,0,0,0,0,0
VI,0,IABF,0.0,11.0,0,0,0,0,0,0,0,0

APPTR,I34R,34R,LOSAX
IF,LOSAX,26.369889,49.560722, ,0.0,0.0,0,0,0,0,0,0,1,0
AF,D166N,26.267794,49.828139,1,KFA,166.0,14.0,234.0,2,3000,0,0,0,0,0,0
VI,0,IABF,0.0,11.0,0,0,0,0,0,0,0,0

APPTR,I34R,34R,RESAN
IF,RESAN,26.638194,49.570639, ,0.0,0.0,0,0,0,0,0,0,1,0
AF,LOSAX,26.369889,49.560722,1,KFA,234.0,14.0,304.0,2,5000,0,0,0,0,0,0
AF,D166N,26.267794,49.828139,1,KFA,166.0,14.0,234.0,2,3000,0,0,0,0,0,0
VI,0,IABF,0.0,11.0,0,0,0,0,0,0,0,0

FINAL,I34R,34R,I,3
IF,CI34R,26.277972,49.868583,IABF,161.5,13.3,2,3000,0,0,0,0,0,0
CF,SENBA,26.358056,49.843917,0,IABF,161.5,8.3,341.0,5.0,1,2000,0,0,0,0,2,0
CF,RW34R,26.453794,49.814461,0,IABF,161.5,2.4,341.0,5.9,1,129,0,0,0,0,3,0
CF,KFA04,26.564383,49.779569,0,KFA,357.7,4.0,341.0,6.9,1,3000,0,0,0,0,0,0
VI,0, ,0.0,274.0,0,0,0,1,190,0,0,0
CF,RESAN,26.638194,49.570639,0,KFA,304.0,14.0,304.0,4.0,0,0,0,0,0,0,0,0
HM,RESAN,26.638194,49.570639,1, ,0.0,0.0,124.0,04.3,1,3000,0,1,230,0,0,0,0

APPTR,R16L,16L,RESAN
IF,RESAN,26.638194,49.570639, ,0.0,0.0,2,5000,0,1,210,0,1,0
TF,DF672,26.681583,49.744000,0, ,0.0,0.0,0.0,0.0,2,3000,0,1,210,0,1,0

FINAL,R16L,16L,R,3
IF,DF672,26.681583,49.744000, ,0.0,0.0,2,3000,0,1,210,0,0,0
TF,DF671,26.584083,49.774194,0, ,0.0,0.0,161.0,6.1,1,2000,0,0,0,0,2,0
TF,RW16L,26.488594,49.803717,0, ,0.0,0.0,161.0,5.9,1,112,0,0,0,0,3,1
CA,0,161.0,2,1000,0,0,0,0,0,0
DF,RESAN,26.638194,49.570639,2, ,0.0,0.0,2,5000,0,0,0,0,0,0
HM,RESAN,26.638194,49.570639,1, ,0.0,0.0,124.0,04.3,3,9000,0,1,230,0,0,0,0

APPTR,R16R,16R,RESAN
IF,RESAN,26.638194,49.570639, ,0.0,0.0,2,5000,0,1,210,0,1,0
TF,DF662,26.676417,49.723222,0, ,0.0,0.0,0.0,0.0,2,3000,0,1,210,0,1,0

FINAL,R16R,16R,R,3
IF,DF662,26.676417,49.723222, ,0.0,0.0,2,3000,0,1,210,0,0,0
TF,DF661,26.584639,49.751667,0, ,0.0,0.0,161.0,5.7,1,2000,0,0,0,0,2,0
TF,RW16R,26.488631,49.781364,0, ,0.0,0.0,161.0,6.0,1,101,0,0,0,0,3,1
CA,0,161.0,2,1000,0,0,0,0,0,0
DF,RESAN,26.638194,49.570639,2, ,0.0,0.0,2,5000,0,0,0,0,0,0
HM,RESAN,26.638194,49.570639,1, ,0.0,0.0,124.0,04.3,3,9000,0,1,230,0,0,0,0

APPTR,R34L,34L,DF603
IF,DF603,26.245139,49.741000, ,0.0,0.0,2,4000,0,1,210,0,1,0
TF,DF602,26.272028,49.848139,0, ,0.0,0.0,0.0,0.0,2,3000,0,1,210,0,1,0

APPTR,R34L,34L,DF604
IF,DF604,26.287694,50.052528, ,0.0,0.0,1,6000,0,1,210,0,1,0
TF,DF602,26.272028,49.848139,0, ,0.0,0.0,0.0,0.0,2,3000,0,1,210,0,1,0

FINAL,R34L,34L,R,3
IF,DF602,26.272028,49.848139, ,0.0,0.0,2,3000,0,1,210,0,0,0
TF,DF601,26.358167,49.821639,0, ,0.0,0.0,342.0,5.4,1,2000,0,0,0,0,2,0
TF,RW34L,26.453817,49.792119,0, ,0.0,0.0,341.0,5.9,1,109,0,0,0,0,3,1
CA,0,341.0,2,1000,0,0,0,0,0,0
DF,LOSAX,26.369889,49.560722,1, ,0.0,0.0,2,4000,0,0,0,0,0,0
HM,LOSAX,26.369889,49.560722,2, ,0.0,0.0,54.0,04.3,3,5000,0,1,230,0,0,0,0

APPTR,R34R,34R,DF603
IF,DF603,26.245139,49.741000, ,0.0,0.0,2,4000,0,1,210,0,1,0
TF,DF605,26.278417,49.868500,0, ,0.0,0.0,0.0,0.0,2,3000,0,1,210,0,1,0

APPTR,R34R,34R,DF604
IF,DF604,26.287694,50.052528, ,0.0,0.0,1,6000,0,1,210,0,1,0
TF,DF605,26.278417,49.868500,0, ,0.0,0.0,0.0,0.0,2,3000,0,1,210,0,1,0

FINAL,R34R,34R,R,3
IF,DF605,26.278417,49.868500, ,0.0,0.0,2,3000,0,1,210,0,0,0
TF,DF606,26.358972,49.843694,0, ,0.0,0.0,342.0,5.0,1,2000,0,0,0,0,2,0
TF,RW34R,26.453794,49.814461,0, ,0.0,0.0,341.0,5.9,1,125,0,0,0,0,3,1
CA,0,341.0,2,1000,0,0,0,0,0,0
DF,LOSAX,26.369889,49.560722,1, ,0.0,0.0,2,4000,0,0,0,0,0,0
HM,LOSAX,26.369889,49.560722,2, ,0.0,0.0,54.0,04.3,3,5000,0,1,230,0,0,0,0

