SID,DHN1G,30,2
VA,0,303.0,2,4570,0,0,0,0,0,0
FA,PIM,35.762167,50.851250,0,PIM,0.0,0.0,300.0,2,5500,0,0,0,0,0,0
DF,PIM,35.762167,50.851250,1, ,0.0,0.0,2,7000,0,0,0,0,0,0
TF,TRN,35.696972,51.283778,0, ,0.0,0.0,0.0,0.0,2,13000,0,0,0,0,0,0
TF,DHN,35.254167,52.720000,0, ,0.0,0.0,0.0,0.0,0,0,0,0,0,0,0,0

SID,DHN1H,12,2
VA,0,123.0,2,4570,0,0,0,0,0,0
FA,PIM,35.762167,50.851250,0,PIM,0.0,0.0,120.0,2,5500,0,0,0,0,0,0
DF,PIM,35.762167,50.851250,2, ,0.0,0.0,2,7000,0,0,0,0,0,0
TF,TRN,35.696972,51.283778,0, ,0.0,0.0,0.0,0.0,2,13000,0,0,0,0,0,0
TF,DHN,35.254167,52.720000,0, ,0.0,0.0,0.0,0.0,0,0,0,0,0,0,0,0

SID,NAGM1E,30,2
CA,0,303.0,2,4570,0,0,0,0,0,0
FA,PIM,35.762167,50.851250,0,PIM,0.0,0.0,300.0,2,5500,0,0,0,0,0,0
DF,PIM,35.762167,50.851250,1, ,0.0,0.0,2,7000,0,0,0,0,0,0
TF,TRN,35.696972,51.283778,0, ,0.0,0.0,0.0,0.0,2,13000,0,0,0,0,0,0
TF,NAGMO,36.037222,51.348611,0, ,0.0,0.0,0.0,0.0,0,0,0,0,0,0,0,0

SID,NAGM1F,12,2
CA,0,123.0,2,4570,0,0,0,0,0,0
FA,PIM,35.762167,50.851250,0,PIM,0.0,0.0,120.0,2,5500,0,0,0,0,0,0
DF,PIM,35.762167,50.851250,2, ,0.0,0.0,2,7000,0,0,0,0,0,0
TF,TRN,35.696972,51.283778,0, ,0.0,0.0,0.0,0.0,2,13000,0,0,0,0,0,0
TF,NAGMO,36.037222,51.348611,0, ,0.0,0.0,0.0,0.0,0,0,0,0,0,0,0,0

SID,PARO3E,30,2
VA,0,303.0,2,4570,0,0,0,0,0,0
FA,PIM,35.762167,50.851250,0,PIM,0.0,0.0,300.0,2,7000,0,0,0,0,0,0
VI,0, ,0.0,322.0,0,0,0,0,0,0,0,0
CF,PAROT,36.191111,49.978056,0,TRN,290.3,70.2,292.0,39.0,0,0,0,0,0,0,0,0

SID,PARO3F,12,2
VA,0,123.0,2,4570,0,0,0,0,0,0
VI,2, ,0.0,345.0,0,0,0,0,0,0,0,0
FA,PIM,35.762167,50.851250,0,PIM,0.0,0.0,300.0,2,7000,0,0,0,0,0,0
VI,0, ,0.0,322.0,0,0,0,0,0,0,0,0
CF,PAROT,36.191111,49.978056,0,TRN,290.3,70.2,292.0,35.0,0,0,0,0,0,0,0,0

SID,PAXI2E,30,2
VA,0,303.0,2,4570,0,0,0,0,0,0
CF,D318Y,36.088756,50.531911,0,PIM,316.6,25.0,318.0,23.0,2,9500,0,0,0,0,0,0
TF,PAXID,36.284167,50.339167,0, ,0.0,0.0,0.0,0.0,2,17000,0,0,0,0,0,0

SID,PAXI2F,12,2
VA,0,123.0,2,4570,0,0,0,0,0,0
VI,2, ,0.0,348.0,0,0,0,0,0,0,0,0
CF,D318Y,36.088756,50.531911,0,PIM,316.6,25.0,318.0,20.0,2,9500,0,0,0,0,0,0
TF,PAXID,36.284167,50.339167,0, ,0.0,0.0,0.0,0.0,2,17000,0,0,0,0,0,0

SID,RUS1G,30,2
VA,0,303.0,2,6000,0,0,0,0,0,0
DF,PIM,35.761583,50.849583,2, ,0.0,0.0,2,7000,0,0,0,0,0,0
TF,RUS,35.445472,50.905361,0, ,0.0,0.0,0.0,0.0,0,0,0,0,0,0,0,0

SID,RUS1H,12,2
VA,0,123.0,2,6000,0,0,0,0,0,0
DF,PIM,35.761583,50.849583,1, ,0.0,0.0,2,7000,0,0,0,0,0,0
TF,RUS,35.445472,50.905361,0, ,0.0,0.0,0.0,0.0,0,0,0,0,0,0,0,0

SID,RUS2E,30,2
CA,0,303.0,2,4570,0,0,0,0,0,0
FA,PIM,35.762167,50.851250,0,PIM,0.0,0.0,300.0,2,5500,0,0,0,0,0,0
DF,PIM,35.762167,50.851250,1, ,0.0,0.0,2,7000,0,0,0,0,0,0
TF,RUS,35.445472,50.905361,2, ,0.0,0.0,0.0,0.0,0,0,0,0,0,0,0,0

SID,RUS2F,12,2
CA,0,123.0,2,4570,0,0,0,0,0,0
FA,PIM,35.762167,50.851250,0,PIM,0.0,0.0,120.0,2,5500,0,0,0,0,0,0
DF,PIM,35.762167,50.851250,2, ,0.0,0.0,2,7000,0,0,0,0,0,0
TF,RUS,35.445472,50.905361,1, ,0.0,0.0,0.0,0.0,0,0,0,0,0,0,0,0

STAR,BOXA2N,ALL,2
IF,BOXAM,34.630278,51.863056, ,0.0,0.0,0,0,0,0,0,0,0,0
TF,VR,35.342667,51.637167,0, ,0.0,0.0,0.0,0.0,0,0,0,0,0,0,0,0
TF,RUS,35.445472,50.905361,0, ,0.0,0.0,0.0,0.0,0,0,0,0,0,0,0,0

STAR,MIVA1Q,ALL,2
IF,MIVAK,35.987500,49.890000, ,0.0,0.0,0,0,0,0,0,0,0,0
TF,PIM,35.762167,50.851250,0, ,0.0,0.0,0.0,0.0,0,0,0,0,0,0,0,0

STAR,MUXO1N,ALL,2
IF,MUXOR,35.491667,52.696389, ,0.0,0.0,0,0,0,0,0,0,0,0
TF,TRN37,35.385961,51.937828,0, ,0.0,0.0,0.0,0.0,0,0,0,0,0,0,0,0
TF,VR,35.342667,51.637167,0, ,0.0,0.0,0.0,0.0,0,0,0,0,0,0,0,0
TF,RUS,35.445472,50.905361,0, ,0.0,0.0,0.0,0.0,0,0,0,0,0,0,0,0

STAR,PAVE1Q,ALL,2
IF,PAVET,35.444167,49.883611, ,0.0,0.0,0,0,0,0,0,0,0,0
TF,D243L,35.688092,50.623025,0, ,0.0,0.0,0.0,0.0,0,0,0,0,0,0,0,0
TF,PIM,35.762167,50.851250,0, ,0.0,0.0,0.0,0.0,0,0,0,0,0,0,0,0

STAR,PAXI1Q,ALL,2
IF,PAXID,36.284167,50.339167, ,0.0,0.0,0,0,0,0,0,0,0,0
TF,D318T,36.023508,50.595989,0, ,0.0,0.0,0.0,0.0,0,0,0,0,0,0,0,0
TF,PIM,35.762167,50.851250,0, ,0.0,0.0,0.0,0.0,0,0,0,0,0,0,0,0

STAR,RADA1N,ALL,2
IF,RADAL,34.906389,52.339722, ,0.0,0.0,0,0,0,0,0,0,0,0
TF,VR,35.342667,51.637167,0, ,0.0,0.0,0.0,0.0,0,0,0,0,0,0,0,0
TF,RUS,35.445472,50.905361,0, ,0.0,0.0,0.0,0.0,0,0,0,0,0,0,0,0

STAR,RUS1N,ALL,2
IF,RUS,35.445472,50.905361, ,0.0,0.0,0,0,0,0,0,0,0,0
TF,PIM,35.762167,50.851250,0, ,0.0,0.0,0.0,0.0,0,0,0,0,0,0,0,0

STAR,SAV1P,ALL,2
IF,SAV,35.018556,50.371361, ,0.0,0.0,0,0,0,0,0,0,0,0
TF,RUS,35.445472,50.905361,0, ,0.0,0.0,0.0,0.0,0,0,0,0,0,0,0,0
TF,PIM,35.762167,50.851250,0, ,0.0,0.0,0.0,0.0,0,0,0,0,0,0,0,0

STAR,SAV1Q,ALL,2
IF,SAV,35.018556,50.371361, ,0.0,0.0,0,0,0,0,0,0,0,0
TF,PIM,35.762167,50.851250,0, ,0.0,0.0,0.0,0.0,0,0,0,0,0,0,0,0

APPTR,D30,30,PIM1
IF,PIM,35.762167,50.851250, ,0.0,0.0,2,7500,0,0,0,0,0,0
FD,PIM,35.762167,50.851250,0,PIM,0.0,8.0,157.0,8.0,2,6200,0,0,0,0,0,0
CF,CD30,35.667686,50.966961,1,PIM,130.0,8.0,310.0,1.0,2,6200,0,0,0,0,1,0

APPTR,D30,30,PIM2
IF,PIM,35.762167,50.851250, ,0.0,0.0,2,7500,0,0,0,0,0,0
FD,PIM,35.762167,50.851250,0,PIM,0.0,8.0,142.0,8.0,2,6200,0,0,0,0,0,0
CF,CD30,35.667686,50.966961,1,PIM,130.0,8.0,310.0,1.0,2,6200,0,0,0,0,1,0

FINAL,D30,30,D,3
IF,CD30,35.667686,50.966961,PIM,130.0,8.0,2,6200,0,0,0,0,0,0
CF,FD30,35.726750,50.894672,0,PIM,130.0,3.0,310.0,5.0,2,5500,0,0,0,0,2,0
CF,PIM,35.762167,50.851250,0,PIM,0.0,0.0,310.0,3.0,1,4380,0,0,0,0,3,0
CA,0,310.0,2,4570,0,0,0,0,0,0
FA,PIM,35.762167,50.851250,0,PIM,0.0,0.0,292.0,2,6300,0,0,0,0,0,0
DF,PIM,35.762167,50.851250,1, ,0.0,0.0,1,7500,0,0,0,0,0,0
HM,PIM,35.762167,50.851250,2, ,0.0,0.0,141.0,04.3,2,7500,0,1,230,0,0,0,0

APPTR,N30-X,30,PIM
IF,PIM,35.761583,50.849583, ,0.0,0.0,2,7500,0,1,220,0,0,0
FC,PIM,35.761583,50.849583,0,PIM,0.0,0.0,150.0,7.3,0,0,0,0,0,0,0,1
CF,FN30,35.717411,50.918875,1,PIM,124.1,4.3,303.0,4.0,1,5700,0,0,0,0,0,0

FINAL,N30-X,30,N,2
IF,FN30,35.717411,50.918875,PIM,0.0,0.0,1,5700,0,0,0,0,2,0
CF,PIM,35.761583,50.849583,0,PIM,0.0,0.0,303.0,4.3,1,4345,0,0,0,0,3,0
FA,PIM,35.761583,50.849583,0,PIM,0.0,0.0,303.0,2,6000,0,0,0,0,0,0
DF,PIM,35.761583,50.849583,2, ,0.0,0.0,1,7500,0,0,0,0,0,0
HM,PIM,35.761583,50.849583,2, ,0.0,0.0,150.0,04.3,2,7500,0,0,0,0,0,0,0

APPTR,N30-Y,30,PIM
IF,PIM,35.761583,50.849583, ,0.0,0.0,2,7500,0,1,140,0,0,0
FC,PIM,35.761583,50.849583,0,PIM,0.0,0.0,135.0,7.0,0,0,0,0,0,0,0,1
CF,FN30,35.717411,50.918875,1,PIM,124.1,4.3,303.0,4.0,1,5700,0,0,0,0,0,0

FINAL,N30-Y,30,N,2
IF,FN30,35.717411,50.918875,PIM,0.0,0.0,1,5700,0,0,0,0,2,0
CF,PIM,35.761583,50.849583,0,PIM,0.0,0.0,303.0,4.3,1,4345,0,0,0,0,3,0
FA,PIM,35.761583,50.849583,0,PIM,0.0,0.0,303.0,2,6000,0,0,0,0,0,0
DF,PIM,35.761583,50.849583,2, ,0.0,0.0,1,7500,0,0,0,0,0,0
HM,PIM,35.761583,50.849583,2, ,0.0,0.0,135.0,04.3,2,7500,0,0,0,0,0,0,0

APPTR,Q12,12,D305O
IF,D305O,35.921858,50.614419, ,0.0,0.0,2,8500,0,1,220,0,1,0
CF,CQ12,35.879047,50.677392,0,PIM,304.6,11.0,125.0,4.0,2,6500,0,0,0,0,1,0

FINAL,Q12,12,N,3
IF,CQ12,35.879047,50.677392,PIM,0.0,0.0,2,6500,0,0,0,0,0,0
CF,FQ12,35.825486,50.756014,0,PIM,0.0,0.0,125.0,5.0,2,5300,0,0,0,0,2,0
CF,MQ12,35.793322,50.803142,0,PIM,0.0,3.0,125.0,3.0,1,4396,0,0,0,0,3,0
CF,PIM,35.761583,50.849583,0,PIM,241.8,0.1,125.0,3.0,0,0,0,0,0,0,0,1
DF,D305O,35.921858,50.614419,2, ,0.0,0.0,1,8500,0,0,0,0,0,0
HM,D305O,35.921858,50.614419,2, ,0.0,0.0,125.0,04.3,2,8500,0,1,230,0,0,0,0

APPTR,Q30-Z,30,PIM1
IF,PIM,35.761583,50.849583, ,0.0,0.0,2,7500,0,0,0,0,0,0
FD,PIM,35.761583,50.849583,0,PIM,241.8,8.0,150.0,8.0,2,6200,0,1,220,0,0,0
CF,CQ30,35.678867,50.979231,1,PIM,123.6,8.0,303.0,1.0,2,6200,0,0,0,0,1,0

APPTR,Q30-Z,30,PIM2
IF,PIM,35.761583,50.849583, ,0.0,0.0,2,7500,0,0,0,0,0,0
FD,PIM,35.761583,50.849583,0,PIM,241.8,8.0,135.0,8.0,2,6200,0,0,0,0,0,0
CF,CQ30,35.678867,50.979231,1,PIM,123.6,8.0,303.0,1.0,2,6200,0,0,0,0,1,0

FINAL,Q30-Z,30,N,3
IF,CQ30,35.678867,50.979231,PIM,0.0,0.0,2,6200,0,0,0,0,0,0
CF,FQ30,35.730314,50.898647,0,PIM,0.0,0.0,303.0,5.0,2,5500,0,0,0,0,2,0
CF,PIM,35.761583,50.849583,0,PIM,0.0,0.1,303.0,3.0,1,4367,0,0,0,0,3,0
FA,PIM,35.761583,50.849583,0,PIM,0.0,0.0,303.0,2,6000,0,0,0,0,0,0
DF,PIM,35.761583,50.849583,2, ,0.0,0.0,1,7500,0,0,0,0,0,0
HM,PIM,35.761583,50.849583,2, ,0.0,0.0,150.0,04.3,2,7500,0,1,230,0,0,0,0

