SID,DAPO1A,29,2
CA,0,289.0,2,5690,0,0,0,0,0,0
CI,0, ,0.0,344.0,0,0,0,0,0,0,0,0
CF,DAPOX,30.545833,55.791111,0,KER,282.1,61.8,314.0,18.0,2,12000,0,0,0,0,0,0

SID,DAPO1B,11,2
CA,0,109.0,2,5690,0,0,0,0,0,0
CI,1, ,0.0,284.0,0,0,0,0,0,0,0,0
CF,DAPOX,30.545833,55.791111,0,KER,282.1,61.8,314.0,14.0,2,12000,0,0,0,0,0,0

SID,KER3A,29,2
CA,0,289.0,2,5690,0,0,0,0,0,0
CI,2, ,0.0,118.0,0,0,0,0,0,0,0,0
CF,KER,30.282806,56.942306,0,KER,0.0,0.0,88.0,44.0,0,0,0,0,0,0,0,0

SID,KER3B,11,2
CA,0,109.0,2,5690,0,0,0,0,0,0
CI,0, ,0.0,58.0,0,0,0,0,0,0,0,0
CF,KER,30.282806,56.942306,0,KER,0.0,0.0,88.0,46.0,0,0,0,0,0,0,0,0

SID,SRJ2A,29,2
CA,0,289.0,2,5690,0,0,0,0,0,0
FA,RAF,30.302750,56.055639,0,SRJ,0.0,0.0,290.0,2,7200,0,0,0,0,0,0
CI,1, ,0.0,172.0,0,0,0,0,0,0,0,0
CF,SRJ,29.556250,55.660278,0,SRJ,0.0,0.0,202.0,38.0,0,0,0,0,0,0,0,0

SID,SRJ2B,11,2
CA,0,109.0,2,5690,0,0,0,0,0,0
FA,RAF,30.302750,56.055639,0,SRJ,0.0,0.0,110.0,2,6500,0,0,0,0,0,0
CI,2, ,0.0,232.0,0,0,0,0,0,0,0,0
CF,SRJ,29.556250,55.660278,0,SRJ,0.0,0.0,202.0,44.0,0,0,0,0,0,0,0,0

STAR,DAPO1N,ALL,2
IF,DAPOX,30.545833,55.791111, ,0.0,0.0,0,0,0,0,0,0,0,0
TF,D314M,30.459911,55.882733,0, ,0.0,0.0,0.0,0.0,0,0,0,0,0,0,0,0

STAR,DAPO1T,ALL,2
IF,DAPOX,30.545833,55.791111, ,0.0,0.0,0,0,0,0,0,0,0,0
TF,RAF,30.302750,56.055639,0, ,0.0,0.0,0.0,0.0,0,0,0,0,0,0,0,0

STAR,SRJ2T,ALL,2
IF,SRJ,29.556250,55.660278, ,0.0,0.0,0,0,0,0,0,0,0,0
TF,D202J,30.151144,55.974811,0, ,0.0,0.0,0.0,0.0,0,0,0,0,0,0,0,0
TF,RAF,30.302750,56.055639,0, ,0.0,0.0,0.0,0.0,0,0,0,0,0,0,0,0

APPTR,Q11,11,D280J
IF,D280J,30.340167,55.867911, ,0.0,0.0,2,8000,0,0,0,0,1,0
TF,D280H,30.332700,55.905458,0, ,0.0,0.0,0.0,0.0,2,7400,0,0,0,0,0,0
TF,FQ11,30.321478,55.961764,0, ,0.0,0.0,0.0,0.0,2,6800,0,0,0,0,0,0

FINAL,Q11,11,N,2
IF,FQ11,30.321478,55.961764,RAF,0.0,0.0,2,6800,0,0,0,0,2,0
CF,MQ11,30.310231,56.018058,0,RAF,0.0,2.0,100.0,3.0,1,5691,0,0,0,0,3,0
CA,0,100.0,2,5700,0,0,0,0,0,0
DF,RAF,30.302750,56.055639,0, ,0.0,0.0,0,0,0,0,0,0,0,0
VM,0,0,0,100.0,2,6500,0,0,0,0,0,0

APPTR,Q11-B,11,RAF1
IF,RAF,30.302750,56.055639, ,0.0,0.0,2,9500,0,0,0,0,0,0
FC,RAF,30.302750,56.055639,0,RAF,0.0,0.0,92.0,6.2,0,0,0,1,185,0,0,1
CF,FF295,30.254050,56.160928,2,RAF,115.0,6.2,295.0,1.0,2,7300,0,0,0,0,0,0

APPTR,Q11-B,11,RAF2
IF,RAF,30.302750,56.055639, ,0.0,0.0,2,9500,0,0,0,0,0,0
FC,RAF,30.302750,56.055639,0,RAF,0.0,0.0,103.0,7.0,0,0,0,0,0,0,0,1
CF,FF295,30.254050,56.160928,2,RAF,115.0,6.2,295.0,1.0,2,7300,0,0,0,0,0,0

FINAL,Q11-B,11,N,2
IF,FF295,30.254050,56.160928,RAF,0.0,0.0,2,7300,0,0,0,0,2,0
CF,RAF,30.302750,56.055639,0,RAF,0.0,0.0,295.0,6.2,1,6300,0,0,0,0,3,0
CA,0,295.0,2,7800,0,0,0,0,0,0
DF,RAF,30.302750,56.055639,2, ,0.0,0.0,1,9500,0,0,0,0,0,0
HM,RAF,30.302750,56.055639,1, ,0.0,0.0,92.0,04.3,2,9500,0,0,0,0,0,0,0

APPTR,Q29,29,RAF1
IF,RAF,30.302750,56.055639, ,0.0,0.0,2,9500,0,1,185,0,0,0
CF,D107J,30.245456,56.236400,0,KER,263.5,36.8,107.0,10.0,1,7800,0,0,0,0,0,1
CF,CQ29,30.202089,56.209189,2,KER,259.8,38.5,304.0,1.0,1,7800,0,0,0,0,1,0

APPTR,Q29,29,RAF2
IF,RAF,30.302750,56.055639, ,0.0,0.0,2,9500,0,0,0,0,0,0
CF,D114J,30.226764,56.226997,0,KER,261.8,37.4,114.0,10.0,1,7800,0,0,0,0,0,1
CF,CQ29,30.202089,56.209189,2,KER,259.8,38.5,304.0,1.0,1,7800,0,0,0,0,1,0

FINAL,Q29,29,N,3
IF,CQ29,30.202089,56.209189,RAF,0.0,0.0,1,7800,0,0,0,0,0,0
CF,FQ29,30.252428,56.132425,0,RAF,0.0,0.0,304.0,5.0,2,6700,0,0,0,0,2,0
CF,MQ29,30.292667,56.070956,0,RAF,0.0,1.0,304.0,4.0,1,5411,0,0,0,0,3,0
CF,RAF,30.302750,56.055639,0,KER,268.5,46.2,304.0,1.0,0,0,0,0,0,0,0,0
FA,RAF,30.302750,56.055639,0,KER,0.0,0.0,304.0,2,7800,0,0,0,0,0,0
DF,RAF,30.302750,56.055639,2, ,0.0,0.0,1,9500,0,0,0,0,0,0
HM,RAF,30.302750,56.055639,1, ,0.0,0.0,107.0,04.3,0,0,0,1,210,0,0,0,0

APPTR,Q29-B,29,RAF1
IF,RAF,30.302750,56.055639, ,0.0,0.0,2,9500,0,0,0,0,0,0
FC,RAF,30.302750,56.055639,0,RAF,0.0,0.0,92.0,6.2,0,0,0,1,185,0,0,1
CF,FF295,30.254050,56.160928,2,RAF,115.0,6.2,295.0,1.0,2,7300,0,0,0,0,0,0

APPTR,Q29-B,29,RAF2
IF,RAF,30.302750,56.055639, ,0.0,0.0,2,9500,0,0,0,0,0,0
FC,RAF,30.302750,56.055639,0,RAF,0.0,0.0,103.0,7.0,0,0,0,0,0,0,0,1
CF,FF295,30.254050,56.160928,2,RAF,115.0,6.2,295.0,1.0,2,7300,0,0,0,0,0,0

FINAL,Q29-B,29,N,2
IF,FF295,30.254050,56.160928,RAF,0.0,0.0,2,7300,0,0,0,0,2,0
CF,RAF,30.302750,56.055639,0,RAF,0.0,0.0,295.0,6.2,1,6300,0,0,0,0,3,0
CA,0,295.0,2,7800,0,0,0,0,0,0
DF,RAF,30.302750,56.055639,2, ,0.0,0.0,1,9500,0,0,0,0,0,0
HM,RAF,30.302750,56.055639,1, ,0.0,0.0,92.0,04.3,2,9500,0,0,0,0,0,0,0

