SID,EGLU2A,25,2
CD, ,0,0,0,BRD,0,0.0,245.0,3.5,0,0,0,0,0,0,0,0
DF,BRD,37.495056,57.323278,1, ,0.0,0.0,2,6000,0,0,0,0,0,0
VI,1, ,0.0,223.0,0,0,0,0,0,0,0,0
CF,EGLUL,37.401944,56.815278,0,BRD,252.2,25.1,253.0,19.0,0,0,0,0,0,0,0,0

SID,EGLU2B,07,2
VA,0,65.0,2,5500,0,0,0,0,0,0
DF,BRD,37.495056,57.323278,2, ,0.0,0.0,2,7500,0,0,0,0,0,0
TF,EGLUL,37.401944,56.815278,0, ,0.0,0.0,0.0,0.0,0,0,0,0,0,0,0,0

SID,RIBO2A,25,2
CD, ,0,0,0,BRD,0,0.0,245.0,3.5,0,0,0,0,0,0,0,0
DF,BRD,37.495056,57.323278,1, ,0.0,0.0,2,6000,0,0,0,0,0,0
FA,BRD,37.495056,57.323278,0,BRD,0.0,0.0,280.0,2,9000,0,0,0,0,0,0
DF,BRD,37.495056,57.323278,1, ,0.0,0.0,2,11500,0,0,0,0,0,0
VI,2, ,0.0,266.0,0,0,0,0,0,0,0,0
CF,RIBOB,37.284722,56.873889,0,BRD,235.3,25.1,236.0,20.0,0,0,0,0,0,0,0,0

SID,RIBO2B,07,2
VD, ,0,0,0,BRD,0.0,0.0,65.0,8.0,2,7500,0,0,0,0,0,0
DF,BRD,37.495056,57.323278,2, ,0.0,0.0,2,11500,0,0,0,0,0,0
TF,RIBOB,37.284722,56.873889,0, ,0.0,0.0,0.0,0.0,0,0,0,0,0,0,0,0

SID,SILP2A,25,2
CD, ,0,0,0,BRD,0,0.0,245.0,3.5,0,0,0,0,0,0,0,0
DF,BRD,37.495056,57.323278,1, ,0.0,0.0,2,6000,0,0,0,0,0,0
TF,SILPO,37.135000,58.001667,2, ,0.0,0.0,0.0,0.0,0,0,0,0,0,0,0,0

SID,SILP2B,07,2
VA,0,65.0,2,5500,0,0,0,0,0,0
VI,0, ,0.0,149.0,0,0,0,0,0,0,0,0
CF,SILPO,37.135000,58.001667,0,BRD,118.4,39.0,119.0,31.0,0,0,0,0,0,0,0,0

SID,TULE1A,25,2
CD, ,0,0,0,BRD,0,0.0,245.0,3.5,0,0,0,0,0,0,0,0
DF,BRD,37.495056,57.323278,1, ,0.0,0.0,2,6000,0,0,0,0,0,0
VI,1, ,0.0,194.0,0,0,0,0,0,0,0,0
CF,TULER,37.218333,56.934444,0,BRD,223.4,25.0,224.0,17.0,0,0,0,0,0,0,0,0

SID,TULE1B,07,2
VA,0,65.0,2,5500,0,0,0,0,0,0
DF,BRD,37.495056,57.323278,2, ,0.0,0.0,2,7500,0,0,0,0,0,0
TF,TULER,37.218333,56.934444,0, ,0.0,0.0,0.0,0.0,0,0,0,0,0,0,0,0

STAR,EGLU1N,ALL,2
IF,EGLUL,37.401944,56.815278, ,0.0,0.0,0,0,0,0,0,0,0,0
TF,D251J,37.458164,57.118950,0, ,0.0,0.0,0.0,0.0,0,0,0,0,0,0,0,0
TF,BRD,37.495056,57.323278,0, ,0.0,0.0,0.0,0.0,0,0,0,0,0,0,0,0

STAR,RIBO1N,ALL,2
IF,RIBOB,37.284722,56.873889, ,0.0,0.0,0,0,0,0,0,0,0,0
TF,D236J,37.412431,57.141436,0, ,0.0,0.0,0.0,0.0,0,0,0,0,0,0,0,0
TF,BRD,37.495056,57.323278,0, ,0.0,0.0,0.0,0.0,0,0,0,0,0,0,0,0

STAR,SILP1N,ALL,2
IF,SILPO,37.135000,58.001667, ,0.0,0.0,0,0,0,0,0,0,0,0
TF,D120Y,37.264847,57.758756,0, ,0.0,0.0,0.0,0.0,0,0,0,0,0,0,0,0
TF,BRD,37.495056,57.323278,0, ,0.0,0.0,0.0,0.0,0,0,0,0,0,0,0,0

STAR,TULE1N,ALL,2
IF,TULER,37.218333,56.934444, ,0.0,0.0,0,0,0,0,0,0,0,0
TF,D224J,37.384358,57.166825,0, ,0.0,0.0,0.0,0.0,0,0,0,0,0,0,0,0
TF,BRD,37.495056,57.323278,0, ,0.0,0.0,0.0,0.0,0,0,0,0,0,0,0,0

APPTR,Q07-B,07,BRD
IF,BRD,37.488889,57.305750, ,0.0,0.0,2,10500,0,0,0,0,1,0
FC,BRD,37.488889,57.305750,0,BRD,0.0,0.0,44.0,9.3,1,7000,0,1,185,0,0,1
CF,FN240,37.554339,57.482411,2,BRD,59.9,8.4,240.0,1.0,2,7000,0,0,0,0,0,0

FINAL,Q07-B,07,N,2
IF,FN240,37.554339,57.482411,BRD,0.0,0.0,2,7000,0,0,0,0,2,0
CF,BRD,37.488889,57.305750,0,BRD,0.0,0.0,240.0,9.3,1,6000,0,0,0,0,3,0
FA,BRD,37.488889,57.305750,0,BRD,0.0,0.0,200.0,2,8000,0,0,0,0,0,0
DF,BRD,37.488889,57.305750,1, ,0.0,0.0,1,10500,0,0,0,0,0,0
HM,BRD,37.488889,57.305750,2, ,0.0,0.0,44.0,04.3,0,0,0,1,230,0,0,0,0

APPTR,Q25-B,25,BRD
IF,BRD,37.488889,57.305750, ,0.0,0.0,2,10500,0,0,0,0,1,0
FC,BRD,37.488889,57.305750,0,BRD,0.0,0.0,44.0,9.3,1,7000,0,1,185,0,0,1
CF,FN240,37.554339,57.482411,2,BRD,59.9,8.4,240.0,1.0,2,7000,0,0,0,0,0,0

FINAL,Q25-B,25,N,2
IF,FN240,37.554339,57.482411,BRD,0.0,0.0,2,7000,0,0,0,0,2,0
CF,BRD,37.488889,57.305750,0,BRD,0.0,0.0,240.0,9.3,1,6000,0,0,0,0,3,0
FA,BRD,37.488889,57.305750,0,BRD,0.0,0.0,200.0,2,8000,0,0,0,0,0,0
DF,BRD,37.488889,57.305750,1, ,0.0,0.0,1,10500,0,0,0,0,0,0
HM,BRD,37.488889,57.305750,2, ,0.0,0.0,44.0,04.3,0,0,0,1,230,0,0,0,0

APPTR,R07-M,07,BRD1
IF,BRD,37.495056,57.323278, ,0.0,0.0,2,11000,0,0,0,0,1,0
FD,BRD,37.495056,57.323278,0,BRD,0.0,12.0,47.0,12.0,2,7000,0,1,200,0,0,0
CF,CL246,37.561383,57.560508,2,IBRD,66.0,14.4,246.0,1.0,2,7000,0,0,0,0,1,0

APPTR,R07-M,07,BRD2
IF,BRD,37.495056,57.323278, ,0.0,0.0,2,11000,0,0,0,0,1,0
FD,BRD,37.495056,57.323278,0,BRD,0.0,12.0,56.0,12.0,2,7000,0,0,0,0,0,0
CF,CL246,37.561383,57.560508,2,IBRD,66.0,14.4,246.0,1.0,2,7000,0,0,0,0,1,0

FINAL,R07-M,07,R,4
IF,CL246,37.561383,57.560508,IBRD,66.0,14.4,2,7000,0,0,0,0,0,0
CF,FF246,37.536947,57.470622,0,IBRD,66.0,9.8,246.0,4.5,2,6500,0,0,0,0,2,0
CF,50LOC,37.520731,57.411153,0,IBRD,66.0,6.8,246.0,3.0,2,5600,0,0,0,0,0,0
CF,ML246,37.513694,57.385389,0,IBRD,66.0,5.5,246.0,1.3,1,5380,0,0,0,0,3,0
CF,BRD,37.495056,57.323278,0,BRD,0.0,0.0,246.0,3.2,0,0,0,0,0,0,0,0
FD,BRD,37.495056,57.323278,0,BRD,0.0,5.0,230.0,5.0,2,6200,0,0,0,0,0,0
DF,BRD,37.495056,57.323278,1, ,0.0,0.0,2,7200,0,0,0,0,0,0
FA,BRD,37.495056,57.323278,0,BRD,0.0,0.0,10.0,2,9200,0,0,0,0,0,0
DF,BRD,37.495056,57.323278,1, ,0.0,0.0,1,11000,0,1,185,0,0,0
HM,BRD,37.495056,57.323278,2, ,0.0,0.0,50.0,04.3,2,11000,0,1,200,0,0,0,0

APPTR,R25-M,25,BRD1
IF,BRD,37.495056,57.323278, ,0.0,0.0,2,11000,0,0,0,0,1,0
FD,BRD,37.495056,57.323278,0,BRD,0.0,12.0,47.0,12.0,2,7000,0,1,200,0,0,0
CF,CL246,37.561383,57.560508,2,IBRD,66.0,14.4,246.0,1.0,2,7000,0,0,0,0,1,0

APPTR,R25-M,25,BRD2
IF,BRD,37.495056,57.323278, ,0.0,0.0,2,11000,0,0,0,0,1,0
FD,BRD,37.495056,57.323278,0,BRD,0.0,12.0,56.0,12.0,2,7000,0,0,0,0,0,0
CF,CL246,37.561383,57.560508,2,IBRD,66.0,14.4,246.0,1.0,2,7000,0,0,0,0,1,0

FINAL,R25-M,25,R,4
IF,CL246,37.561383,57.560508,IBRD,66.0,14.4,2,7000,0,0,0,0,0,0
CF,FF246,37.536947,57.470622,0,IBRD,66.0,9.8,246.0,4.5,2,6500,0,0,0,0,2,0
CF,50LOC,37.520731,57.411153,0,IBRD,66.0,6.8,246.0,3.0,2,5600,0,0,0,0,0,0
CF,ML246,37.513694,57.385389,0,IBRD,66.0,5.5,246.0,1.3,1,5380,0,0,0,0,3,0
CF,BRD,37.495056,57.323278,0,BRD,0.0,0.0,246.0,3.2,0,0,0,0,0,0,0,0
FD,BRD,37.495056,57.323278,0,BRD,0.0,5.0,230.0,5.0,2,6200,0,0,0,0,0,0
DF,BRD,37.495056,57.323278,1, ,0.0,0.0,2,7200,0,0,0,0,0,0
FA,BRD,37.495056,57.323278,0,BRD,0.0,0.0,10.0,2,9200,0,0,0,0,0,0
DF,BRD,37.495056,57.323278,1, ,0.0,0.0,1,11000,0,1,185,0,0,0
HM,BRD,37.495056,57.323278,2, ,0.0,0.0,50.0,04.3,2,11000,0,1,200,0,0,0,0

APPTR,S07-M,07,BRD
IF,BRD,37.495056,57.323278, ,0.0,0.0,2,10500,0,0,0,0,0,0
FD,BRD,37.495056,57.323278,0,BRD,0.0,10.0,53.0,10.0,2,6900,0,0,0,0,0,0
CF,CD245,37.551961,57.520225,2,BRD,65.0,10.0,245.0,1.0,2,6900,0,0,0,0,1,0

FINAL,S07-M,07,D,4
IF,CD245,37.551961,57.520225,BRD,65.0,10.0,2,6900,0,0,0,0,0,0
CF,FD245,37.523550,57.421714,0,BRD,65.0,5.0,245.0,5.0,2,5800,0,0,0,0,2,0
CF,30VOR,37.512161,57.382331,0,BRD,65.0,3.0,245.0,2.0,2,5600,0,0,0,0,0,0
CF,MD245,37.500761,57.342958,0,BRD,65.0,1.0,245.0,2.0,1,5330,0,0,0,0,3,0
CF,BRD,37.495056,57.323278,0,BRD,0.0,0.0,245.0,1.0,2,5330,0,0,0,0,0,0
FA,BRD,37.495056,57.323278,0,BRD,0.0,0.0,200.0,2,7300,0,0,0,0,0,0
DF,BRD,37.495056,57.323278,1, ,0.0,0.0,1,10500,0,0,0,0,0,0
HM,BRD,37.495056,57.323278,2, ,0.0,0.0,24.0,04.3,0,0,0,1,200,0,0,0,0

APPTR,S25-M,25,BRD
IF,BRD,37.495056,57.323278, ,0.0,0.0,2,10500,0,0,0,0,0,0
FD,BRD,37.495056,57.323278,0,BRD,0.0,10.0,53.0,10.0,2,6900,0,0,0,0,0,0
CF,CD245,37.551961,57.520225,2,BRD,65.0,10.0,245.0,1.0,2,6900,0,0,0,0,1,0

FINAL,S25-M,25,D,4
IF,CD245,37.551961,57.520225,BRD,65.0,10.0,2,6900,0,0,0,0,0,0
CF,FD245,37.523550,57.421714,0,BRD,65.0,5.0,245.0,5.0,2,5800,0,0,0,0,2,0
CF,30VOR,37.512161,57.382331,0,BRD,65.0,3.0,245.0,2.0,2,5600,0,0,0,0,0,0
CF,MD245,37.500761,57.342958,0,BRD,65.0,1.0,245.0,2.0,1,5330,0,0,0,0,3,0
CF,BRD,37.495056,57.323278,0,BRD,0.0,0.0,245.0,1.0,2,5330,0,0,0,0,0,0
FA,BRD,37.495056,57.323278,0,BRD,0.0,0.0,200.0,2,7300,0,0,0,0,0,0
DF,BRD,37.495056,57.323278,1, ,0.0,0.0,1,10500,0,0,0,0,0,0
HM,BRD,37.495056,57.323278,2, ,0.0,0.0,24.0,04.3,0,0,0,1,200,0,0,0,0

