SID,ALNI1B,13,2
CA,0,129.0,2,400,0,0,0,0,0,0
VI,0, ,0.0,65.0,0,0,0,0,0,0,0,0
FD,GGN,36.929083,54.375917,0,GGN,0.0,13.0,95.0,13.0,1,4500,0,0,0,0,0,0
DF,GGN,36.929083,54.375917,1, ,0.0,0.0,2,9000,0,0,0,0,0,0
TF,ALNIT,37.006111,54.779167,2, ,0.0,0.0,0.0,0.0,0,0,0,0,0,0,0,0

SID,ALNI1C,31,2
CA,0,310.0,2,4500,0,0,0,0,0,0
DF,GGN,36.929083,54.375917,2, ,0.0,0.0,2,9000,0,0,0,0,0,0
TF,ALNIT,37.006111,54.779167,0, ,0.0,0.0,0.0,0.0,0,0,0,0,0,0,0,0

SID,BONU1B,13,2
CA,0,129.0,2,400,0,0,0,0,0,0
VI,0, ,0.0,65.0,0,0,0,0,0,0,0,0
FD,GGN,36.929083,54.375917,0,GGN,0.0,13.0,95.0,13.0,1,4500,0,0,0,0,0,0
DF,GGN,36.929083,54.375917,1, ,0.0,0.0,2,9000,0,0,0,0,0,0
TF,BONUL,36.709444,54.686667,0, ,0.0,0.0,0.0,0.0,0,0,0,0,0,0,0,0

SID,BONU1C,31,2
CA,0,310.0,2,4500,0,0,0,0,0,0
DF,GGN,36.929083,54.375917,2, ,0.0,0.0,2,9000,0,0,0,0,0,0
TF,BONUL,36.709444,54.686667,0, ,0.0,0.0,0.0,0.0,0,0,0,0,0,0,0,0

SID,IMPI1B,13,2
CA,0,129.0,2,400,0,0,0,0,0,0
VI,0, ,0.0,65.0,0,0,0,0,0,0,0,0
FD,GGN,36.929083,54.375917,0,GGN,0.0,13.0,95.0,13.0,1,1500,0,0,0,0,0,0
DF,GGN,36.929083,54.375917,1, ,0.0,0.0,2,3000,0,0,0,0,0,0
TF,IMPIR,36.832778,53.979444,0, ,0.0,0.0,0.0,0.0,2,7000,0,0,0,0,0,0

SID,IMPI1D,31,2
CA,0,309.0,2,400,0,0,0,0,0,0
VI,0, ,0.0,219.0,0,0,0,0,0,0,0,0
CF,IMPIR,36.832778,53.979444,0,GGN,248.3,19.9,249.0,17.0,0,0,0,0,0,0,0,0

SID,IMPI1F,31,2
DF,GGN,36.929083,54.375917,0, ,0.0,0.0,0,0,0,0,0,0,0,0
FA,GGN,36.929083,54.375917,0,GGN,0.0,0.0,310.0,2,1500,0,0,0,0,0,0
DF,GGN,36.929083,54.375917,2, ,0.0,0.0,2,3000,0,0,0,0,0,1
CF,IMPIR,36.832778,53.979444,0,GGN,248.3,19.9,249.0,20.0,2,7000,0,0,0,0,0,0

SID,RUDE1B,13,2
CA,0,129.0,2,400,0,0,0,0,0,0
VI,0, ,0.0,65.0,0,0,0,0,0,0,0,0
FD,GGN,36.929083,54.375917,0,GGN,0.0,13.0,95.0,13.0,1,4500,0,0,0,0,0,0
DF,GGN,36.929083,54.375917,1, ,0.0,0.0,2,9000,0,0,0,0,0,0
TF,RUDEX,36.669167,54.115556,0, ,0.0,0.0,0.0,0.0,0,0,0,0,0,0,0,0

SID,RUDE1C,31,2
CA,0,310.0,2,4500,0,0,0,0,0,0
DF,GGN,36.929083,54.375917,2, ,0.0,0.0,2,9000,0,0,0,0,0,0
TF,RUDEX,36.669167,54.115556,0, ,0.0,0.0,0.0,0.0,2,17000,0,0,0,0,0,0

STAR,ALNI1R,13,2
IF,ALNIT,37.006111,54.779167, ,0.0,0.0,0,0,0,0,0,0,0,0
TF,D071O,36.987181,54.679325,0, ,0.0,0.0,0.0,0.0,0,0,0,0,0,0,0,0
AF,CD13,37.102758,54.151108,1,GGN,309.0,15.0,71.0,0,0,0,0,0,0,0,0

STAR,ALNI2S,13,2
IF,ALNIT,37.006111,54.779167, ,0.0,0.0,0,0,0,0,0,0,0,0
TF,D071O,36.987181,54.679325,0, ,0.0,0.0,0.0,0.0,0,0,0,0,0,0,0,0
TF,GGN,36.929083,54.375917,0, ,0.0,0.0,0.0,0.0,0,0,0,0,0,0,0,0

STAR,BONU2S,13,2
IF,BONUL,36.709444,54.686667, ,0.0,0.0,0,0,0,0,0,0,0,0
TF,D127J,36.818997,54.532033,0, ,0.0,0.0,0.0,0.0,0,0,0,0,0,0,0,0
TF,GGN,36.929083,54.375917,0, ,0.0,0.0,0.0,0.0,0,0,0,0,0,0,0,0

STAR,IMPI1N,13,2
IF,IMPIR,36.832778,53.979444, ,0.0,0.0,0,0,0,0,0,0,0,0
TF,D249O,36.856753,54.077547,0, ,0.0,0.0,0.0,0.0,0,0,0,0,0,0,0,0

STAR,IMPI1S,13,2
IF,IMPIR,36.832778,53.979444, ,0.0,0.0,0,0,0,0,0,0,0,0
TF,D249O,36.856753,54.077547,0, ,0.0,0.0,0.0,0.0,0,0,0,0,0,0,0,0
TF,GGN,36.929083,54.375917,0, ,0.0,0.0,0.0,0.0,0,0,0,0,0,0,0,0

STAR,IMPI2R,13,2
IF,IMPIR,36.832778,53.979444, ,0.0,0.0,0,0,0,0,0,0,0,0
TF,D249O,36.856753,54.077547,0, ,0.0,0.0,0.0,0.0,0,0,0,0,0,0,0,0
AF,CD13,37.102758,54.151108,2,GGN,309.0,15.0,249.0,0,0,0,0,0,0,0,0

STAR,RUDE1N,13,2
IF,RUDEX,36.669167,54.115556, ,0.0,0.0,0,0,0,0,0,0,0,0
TF,D214O,36.734192,54.180472,0, ,0.0,0.0,0.0,0.0,0,0,0,0,0,0,0,0
AF,D249O,36.856753,54.077547,2,GGN,248.3,15.0,214.0,0,0,0,0,0,0,0,0

STAR,RUDE2R,13,2
IF,RUDEX,36.669167,54.115556, ,0.0,0.0,0,0,0,0,0,0,0,0
TF,D214O,36.734192,54.180472,0, ,0.0,0.0,0.0,0.0,0,0,0,0,0,0,0,0
AF,D249O,36.856753,54.077547,2,GGN,248.3,15.0,214.0,0,0,0,0,0,0,0,0
AF,CD13,37.102758,54.151108,2,GGN,309.0,15.0,249.0,0,0,0,0,0,0,0,0

STAR,RUDE2S,13,2
IF,RUDEX,36.669167,54.115556, ,0.0,0.0,0,0,0,0,0,0,0,0
TF,D214O,36.734192,54.180472,0, ,0.0,0.0,0.0,0.0,0,0,0,0,0,0,0,0
TF,GGN,36.929083,54.375917,0, ,0.0,0.0,0.0,0.0,0,0,0,0,0,0,0,0

APPTR,D13-1,13,CD13
IF,CD13,37.102758,54.151108, ,0.0,0.0,2,5000,0,0,0,0,1,0
TF,FD13,37.010183,54.271133,0, ,0.0,0.0,0.0,0.0,2,2300,0,0,0,0,0,0

FINAL,D13-1,13,D,2
IF,FD13,37.010183,54.271133,GGN,309.0,7.0,2,2300,0,0,0,0,2,0
CF,GGN,36.929083,54.375917,0,GGN,0.0,0.0,129.0,7.0,1,165,0,0,0,0,3,0
CA,0,129.0,2,380,0,0,0,0,0,0
CF,CD13,37.102758,54.151108,1,GGN,309.0,15.0,309.0,16.0,1,5000,0,0,0,0,0,0
HM,CD13,37.102758,54.151108,1, ,0.0,0.0,129.0,04.3,2,5000,0,1,210,0,0,0,0

APPTR,D13-2,13,GGN
IF,GGN,36.929083,54.375917, ,0.0,0.0,2,10000,0,0,0,0,1,0
FD,GGN,36.929083,54.375917,0,GGN,0.0,15.0,322.0,15.0,2,5000,0,0,0,0,0,0
CF,CD13,37.102758,54.151108,1,GGN,309.0,15.0,129.0,1.0,2,5000,0,0,0,0,1,0

FINAL,D13-2,13,D,3
IF,CD13,37.102758,54.151108,GGN,309.0,15.0,2,5000,0,0,0,0,0,0
CF,FD13,37.010183,54.271133,0,GGN,309.0,7.0,129.0,8.0,2,2300,0,0,0,0,2,0
CF,GGN,36.929083,54.375917,0,GGN,0.0,0.0,129.0,7.0,1,165,0,0,0,0,3,0
CA,0,129.0,2,380,0,0,0,0,0,0
CF,CD13,37.102758,54.151108,1,GGN,309.0,15.0,309.0,16.0,1,5000,0,0,0,0,0,0
HM,CD13,37.102758,54.151108,1, ,0.0,0.0,129.0,04.3,1,5000,0,1,210,0,0,0,0

APPTR,D13-3,13,GGN
IF,GGN,36.929083,54.375917, ,0.0,0.0,2,6000,0,0,0,0,1,0
FD,GGN,36.929083,54.375917,0,GGN,0.0,10.0,320.0,10.0,2,2800,0,0,0,0,0,0
CF,CD133,37.044914,54.226158,1,GGN,309.0,10.0,129.0,1.0,2,2800,0,0,0,0,1,0

FINAL,D13-3,13,D,3
IF,CD133,37.044914,54.226158,GGN,309.0,10.0,2,2800,0,0,0,0,0,0
CF,FD133,36.987022,54.301094,0,GGN,309.0,5.0,129.0,5.0,2,1600,0,0,0,0,2,0
CF,GGN,36.929083,54.375917,0,GGN,0.0,0.0,129.0,5.0,1,164,0,0,0,0,3,0
CA,0,129.0,2,380,0,0,0,0,0,0
FA,GGN,36.929083,54.375917,0,GGN,0.0,0.0,70.0,2,3000,0,0,0,0,0,0
DF,GGN,36.929083,54.375917,1, ,0.0,0.0,1,6000,0,0,0,0,0,0
HM,GGN,36.929083,54.375917,2, ,0.0,0.0,290.0,04.3,2,6000,0,1,140,0,0,0,0

APPTR,L13-X,13,GGN
IF,GGN,36.929083,54.375917, ,0.0,0.0,0,0,0,0,0,0,0,0
FD,GGN,36.929083,54.375917,0,GGN,0.0,9.0,320.0,9.0,2,2800,0,0,0,0,0,0
CF,CI13,37.033103,54.240856,1,IGGN,308.9,11.5,129.0,1.0,2,2800,0,0,0,0,1,0

FINAL,L13-X,13,D,3
IF,CI13,37.033103,54.240856,IGGN,308.9,11.5,2,2800,0,0,0,0,0,0
CF,FF13,37.006647,54.275250,0,IGGN,308.9,9.2,129.0,2.3,2,2300,0,0,0,0,2,0
CF,MA13,36.927919,54.377389,0,IGGN,308.9,2.4,129.0,6.8,1,131,0,0,0,0,3,0
CA,0,129.0,2,380,0,0,0,0,0,0
CI,0, ,0.0,40.0,0,0,0,0,0,0,0,0
FA,GGN,36.929083,54.375917,0,GGN,0.0,0.0,70.0,2,3000,0,0,0,0,0,0
DF,GGN,36.929083,54.375917,1, ,0.0,0.0,1,6000,0,0,0,0,0,0
HM,GGN,36.929083,54.375917,2, ,0.0,0.0,290.0,04.3,2,6000,0,1,140,0,0,0,0

APPTR,L13-Y,13,GGN
IF,GGN,36.929083,54.375917, ,0.0,0.0,0,0,0,0,0,0,0,0
FD,GGN,36.929083,54.375917,0,GGN,0.0,15.0,322.0,15.0,2,5000,0,0,0,0,0,0
CF,CF13,37.102367,54.150625,1,IGGN,308.9,17.5,129.0,1.0,2,5000,0,0,0,0,1,0

FINAL,L13-Y,13,D,3
IF,CF13,37.102367,54.150625,IGGN,308.9,17.5,2,5000,0,0,0,0,0,0
CF,FF13,37.006647,54.275250,0,IGGN,308.9,9.2,129.0,8.3,2,2300,0,0,0,0,2,0
CF,MA13,36.927919,54.377389,0,IGGN,308.9,2.4,129.0,6.8,1,131,0,0,0,0,3,0
CA,0,129.0,2,380,0,0,0,0,0,0
CI,0, ,0.0,40.0,0,0,0,0,0,0,0,0
FA,GGN,36.929083,54.375917,0,GGN,0.0,0.0,70.0,2,3200,0,0,0,0,0,0
DF,GGN,36.929083,54.375917,1, ,0.0,0.0,2,6500,0,0,0,0,0,0
CF,D249O,36.856753,54.077547,0,GGN,248.3,15.0,249.0,15.0,1,9000,0,0,0,0,0,0
HM,D249O,36.856753,54.077547,1, ,0.0,0.0,69.0,04.3,2,9000,0,1,185,0,0,0,0

APPTR,L13-Z,13,D249O
IF,D249O,36.856753,54.077547, ,0.0,0.0,0,0,0,0,0,0,1,0
AF,D300O,37.072386,54.120017,2,GGN,300.0,15.0,249.0,2,5000,0,0,0,0,0,0
VI,0,IGGN,0.0,99.0,0,0,0,0,0,0,0,0

FINAL,L13-Z,13,D,3
IF,CF13,37.102367,54.150625,IGGN,308.9,17.5,2,5000,0,0,0,0,0,0
CF,FF13,37.006647,54.275250,0,IGGN,308.9,9.2,129.0,8.3,2,2300,0,0,0,0,2,0
CF,MA13,36.927919,54.377389,0,IGGN,308.9,2.4,129.0,6.8,1,131,0,0,0,0,3,0
CA,0,129.0,2,380,0,0,0,0,0,0
CI,0, ,0.0,40.0,0,0,0,0,0,0,0,0
FA,GGN,36.929083,54.375917,0,GGN,0.0,0.0,70.0,2,3200,0,0,0,0,0,0
DF,GGN,36.929083,54.375917,1, ,0.0,0.0,2,6500,0,0,0,0,0,0
CF,D249O,36.856753,54.077547,0,GGN,248.3,15.0,249.0,15.0,1,9000,0,0,0,0,0,0
HM,D249O,36.856753,54.077547,1, ,0.0,0.0,69.0,04.3,2,9000,0,1,185,0,0,0,0

