SID,BORE1A,30R,2
CA,0,303.0,2,4850,0,0,0,0,0,0
FA,TBZ,38.148194,46.212694,0,TBZ,0.0,0.0,275.0,2,7500,0,0,0,0,0,0
DF,TBZ,38.148194,46.212694,1, ,0.0,0.0,2,11000,0,0,0,0,0,1
TF,BORES,38.474722,45.360278,0, ,0.0,0.0,0.0,0.0,0,0,0,0,0,0,0,0

SID,DASD1A,30R,2
CA,0,303.0,2,4850,0,0,0,0,0,0
FA,TBZ,38.148194,46.212694,0,TBZ,0.0,0.0,275.0,2,7500,0,0,0,0,0,0
DF,TBZ,38.148194,46.212694,1, ,0.0,0.0,2,11000,0,0,0,0,0,1
TF,DASDA,38.693056,46.870556,0, ,0.0,0.0,0.0,0.0,0,0,0,0,0,0,0,0

SID,PAPO1A,30R,2
CA,0,303.0,2,4850,0,0,0,0,0,0
FA,TBZ,38.148194,46.212694,0,TBZ,0.0,0.0,275.0,2,7500,0,0,0,0,0,0
DF,TBZ,38.148194,46.212694,1, ,0.0,0.0,2,11000,0,0,0,0,0,1
TF,PAPOK,38.744167,46.351389,0, ,0.0,0.0,0.0,0.0,0,0,0,0,0,0,0,0

SID,RABD1A,30R,2
CA,0,303.0,2,4850,0,0,0,0,0,0
FA,TBZ,38.148194,46.212694,0,TBZ,0.0,0.0,275.0,2,7500,0,0,0,0,0,0
DF,TBZ,38.148194,46.212694,1, ,0.0,0.0,2,11000,0,0,0,0,0,1
TF,RABDI,38.801111,45.741944,0, ,0.0,0.0,0.0,0.0,0,0,0,0,0,0,0,0

SID,RAKE1A,30R,2
CA,0,303.0,2,4850,0,0,0,0,0,0
FA,TBZ,38.148194,46.212694,0,TBZ,0.0,0.0,275.0,2,7500,0,0,0,0,0,0
CF,TBZ,38.148194,46.212694,2,TBZ,0.0,0.0,113.0,6.0,2,11000,0,0,0,0,0,0
TF,RAKED,37.939167,47.120000,0, ,0.0,0.0,0.0,0.0,0,0,0,0,0,0,0,0

SID,RAKE1B,30R,2
CA,0,303.0,2,4850,0,0,0,0,0,0
CF,D275P,38.194078,45.879564,0,TBZ,275.0,16.0,275.0,16.0,0,0,0,0,0,0,0,0
AF,D330P,38.390047,46.069350,2,TBZ,330.0,16.0,275.0,0,0,0,0,0,0,0,0
CF,TBZ,38.148194,46.212694,0,TBZ,0.0,0.0,150.0,16.0,0,0,0,0,0,0,0,0
TF,RAKED,37.939167,47.120000,0, ,0.0,0.0,0.0,0.0,0,0,0,0,0,0,0,0

SID,RUDA1A,30R,2
VA,0,303.0,2,4850,0,0,0,0,0,0
FA,TBZ,38.148194,46.212694,0,TBZ,0.0,0.0,275.0,2,7500,0,0,0,0,0,0
CF,TBZ,38.148194,46.212694,2,TBZ,0.0,0.0,113.0,7.0,2,11000,0,0,0,0,0,0
TF,RUDAD,37.679167,46.961389,0, ,0.0,0.0,0.0,0.0,0,0,0,0,0,0,0,0

SID,RUDA1B,12L,2
CA,0,123.0,2,4850,0,0,0,0,0,0
FA,TBZ,38.148194,46.212694,0,TBZ,0.0,0.0,130.0,2,7000,0,0,0,0,0,0
CF,RUDAD,37.679167,46.961389,0,TBZ,123.1,45.3,123.0,40.0,0,0,0,0,0,0,0,0

SID,UMH1A,30R,2
VA,0,303.0,2,4850,0,0,0,0,0,0
CF,SETNA,37.937500,45.922778,0,TBZ,222.5,18.7,223.0,18.0,0,0,0,0,0,0,0,0
TF,UMH,37.687222,45.084361,0, ,0.0,0.0,0.0,0.0,0,0,0,0,0,0,0,0

SID,UMH1B,12L,2
CA,0,123.0,2,4850,0,0,0,0,0,0
VI,2, ,0.0,253.0,0,0,0,0,0,0,0,0
CF,SETNA,37.937500,45.922778,0,TBZ,222.5,18.7,223.0,11.0,0,0,0,0,0,0,0,0
TF,UMH,37.687222,45.084361,0, ,0.0,0.0,0.0,0.0,0,0,0,0,0,0,0,0

STAR,BORE1N,12L,3
IF,BORES,38.474722,45.360278, ,0.0,0.0,0,0,0,0,0,0,0,0
TF,D291T,38.294864,45.832750,0, ,0.0,0.0,0.0,0.0,0,0,0,0,0,0,0,0
TF,TBZ,38.148194,46.212694,0, ,0.0,0.0,0.0,0.0,0,0,0,0,0,0,0,0

STAR,BORE1N,30R,3
IF,BORES,38.474722,45.360278, ,0.0,0.0,0,0,0,0,0,0,0,0
TF,D291T,38.294864,45.832750,0, ,0.0,0.0,0.0,0.0,0,0,0,0,0,0,0,0
TF,TBZ,38.148194,46.212694,0, ,0.0,0.0,0.0,0.0,0,0,0,0,0,0,0,0

STAR,BORE1P,12L,3
IF,BORES,38.474722,45.360278, ,0.0,0.0,0,0,0,0,0,0,0,0
TF,D326J,38.285572,46.116053,0, ,0.0,0.0,0.0,0.0,0,0,0,0,0,0,0,0
TF,D082R,38.163297,46.592561,0, ,0.0,0.0,0.0,0.0,0,0,0,0,0,0,0,0

STAR,BORE1P,30R,3
IF,BORES,38.474722,45.360278, ,0.0,0.0,0,0,0,0,0,0,0,0
TF,D326J,38.285572,46.116053,0, ,0.0,0.0,0.0,0.0,0,0,0,0,0,0,0,0
TF,D082R,38.163297,46.592561,0, ,0.0,0.0,0.0,0.0,0,0,0,0,0,0,0,0

STAR,DASD1N,12L,3
IF,DASDA,38.693056,46.870556, ,0.0,0.0,0,0,0,0,0,0,0,0
TF,D039T,38.390592,46.503589,0, ,0.0,0.0,0.0,0.0,0,0,0,0,0,0,0,0
TF,TBZ,38.148194,46.212694,0, ,0.0,0.0,0.0,0.0,0,0,0,0,0,0,0,0

STAR,DASD1N,30R,3
IF,DASDA,38.693056,46.870556, ,0.0,0.0,0,0,0,0,0,0,0,0
TF,D039T,38.390592,46.503589,0, ,0.0,0.0,0.0,0.0,0,0,0,0,0,0,0,0
TF,TBZ,38.148194,46.212694,0, ,0.0,0.0,0.0,0.0,0,0,0,0,0,0,0,0

STAR,DASD1P,12L,3
IF,DASDA,38.693056,46.870556, ,0.0,0.0,0,0,0,0,0,0,0,0
TF,D060X,38.316156,46.672319,0, ,0.0,0.0,0.0,0.0,0,0,0,0,0,0,0,0
TF,D082R,38.163297,46.592561,0, ,0.0,0.0,0.0,0.0,0,0,0,0,0,0,0,0

STAR,DASD1P,30R,3
IF,DASDA,38.693056,46.870556, ,0.0,0.0,0,0,0,0,0,0,0,0
TF,D060X,38.316156,46.672319,0, ,0.0,0.0,0.0,0.0,0,0,0,0,0,0,0,0
TF,D082R,38.163297,46.592561,0, ,0.0,0.0,0.0,0.0,0,0,0,0,0,0,0,0

STAR,PAPO1N,12L,3
IF,PAPOK,38.744167,46.351389, ,0.0,0.0,0,0,0,0,0,0,0,0
TF,D004T,38.476453,46.288797,0, ,0.0,0.0,0.0,0.0,0,0,0,0,0,0,0,0
TF,TBZ,38.148194,46.212694,0, ,0.0,0.0,0.0,0.0,0,0,0,0,0,0,0,0

STAR,PAPO1N,30R,3
IF,PAPOK,38.744167,46.351389, ,0.0,0.0,0,0,0,0,0,0,0,0
TF,D004T,38.476453,46.288797,0, ,0.0,0.0,0.0,0.0,0,0,0,0,0,0,0,0
TF,TBZ,38.148194,46.212694,0, ,0.0,0.0,0.0,0.0,0,0,0,0,0,0,0,0

STAR,PAPO1P,12L,3
IF,PAPOK,38.744167,46.351389, ,0.0,0.0,0,0,0,0,0,0,0,0
TF,D038T,38.389575,46.499094,0, ,0.0,0.0,0.0,0.0,0,0,0,0,0,0,0,0
TF,D082R,38.163297,46.592561,0, ,0.0,0.0,0.0,0.0,0,0,0,0,0,0,0,0

STAR,PAPO1P,30R,3
IF,PAPOK,38.744167,46.351389, ,0.0,0.0,0,0,0,0,0,0,0,0
TF,D038T,38.389575,46.499094,0, ,0.0,0.0,0.0,0.0,0,0,0,0,0,0,0,0
TF,D082R,38.163297,46.592561,0, ,0.0,0.0,0.0,0.0,0,0,0,0,0,0,0,0

STAR,RABD1N,12L,3
IF,RABDI,38.801111,45.741944, ,0.0,0.0,0,0,0,0,0,0,0,0
TF,D326T,38.438731,46.004439,0, ,0.0,0.0,0.0,0.0,0,0,0,0,0,0,0,0
TF,TBZ,38.148194,46.212694,0, ,0.0,0.0,0.0,0.0,0,0,0,0,0,0,0,0

STAR,RABD1N,30R,3
IF,RABDI,38.801111,45.741944, ,0.0,0.0,0,0,0,0,0,0,0,0
TF,D326T,38.438731,46.004439,0, ,0.0,0.0,0.0,0.0,0,0,0,0,0,0,0,0
TF,TBZ,38.148194,46.212694,0, ,0.0,0.0,0.0,0.0,0,0,0,0,0,0,0,0

STAR,RABD1P,12L,3
IF,RABDI,38.801111,45.741944, ,0.0,0.0,0,0,0,0,0,0,0,0
TF,D082R,38.163297,46.592561,0, ,0.0,0.0,0.0,0.0,0,0,0,0,0,0,0,0

STAR,RABD1P,30R,3
IF,RABDI,38.801111,45.741944, ,0.0,0.0,0,0,0,0,0,0,0,0
TF,D082R,38.163297,46.592561,0, ,0.0,0.0,0.0,0.0,0,0,0,0,0,0,0,0

STAR,RAKE1P,12L,3
IF,RAKED,37.939167,47.120000, ,0.0,0.0,0,0,0,0,0,0,0,0
TF,D082R,38.163297,46.592561,0, ,0.0,0.0,0.0,0.0,0,0,0,0,0,0,0,0

STAR,RAKE1P,30R,3
IF,RAKED,37.939167,47.120000, ,0.0,0.0,0,0,0,0,0,0,0,0
TF,D082R,38.163297,46.592561,0, ,0.0,0.0,0.0,0.0,0,0,0,0,0,0,0,0

STAR,RAKE2N,12L,3
IF,RAKED,37.939167,47.120000, ,0.0,0.0,0,0,0,0,0,0,0,0
TF,TBZ,38.148194,46.212694,0, ,0.0,0.0,0.0,0.0,0,0,0,0,0,0,0,0

STAR,RAKE2N,30R,3
IF,RAKED,37.939167,47.120000, ,0.0,0.0,0,0,0,0,0,0,0,0
TF,TBZ,38.148194,46.212694,0, ,0.0,0.0,0.0,0.0,0,0,0,0,0,0,0,0

STAR,RUDA1N,12L,3
IF,RUDAD,37.679167,46.961389, ,0.0,0.0,0,0,0,0,0,0,0,0
TF,TBZ,38.148194,46.212694,0, ,0.0,0.0,0.0,0.0,0,0,0,0,0,0,0,0

STAR,RUDA1N,30R,3
IF,RUDAD,37.679167,46.961389, ,0.0,0.0,0,0,0,0,0,0,0,0
TF,TBZ,38.148194,46.212694,0, ,0.0,0.0,0.0,0.0,0,0,0,0,0,0,0,0

STAR,RUDA1P,12L,3
IF,RUDAD,37.679167,46.961389, ,0.0,0.0,0,0,0,0,0,0,0,0
TF,D082R,38.163297,46.592561,0, ,0.0,0.0,0.0,0.0,0,0,0,0,0,0,0,0

STAR,RUDA1P,30R,3
IF,RUDAD,37.679167,46.961389, ,0.0,0.0,0,0,0,0,0,0,0,0
TF,D082R,38.163297,46.592561,0, ,0.0,0.0,0.0,0.0,0,0,0,0,0,0,0,0

STAR,SETN1N,12L,3
IF,SETNA,37.937500,45.922778, ,0.0,0.0,0,0,0,0,0,0,0,0
TF,TBZ,38.148194,46.212694,0, ,0.0,0.0,0.0,0.0,0,0,0,0,0,0,0,0

STAR,SETN1N,30R,3
IF,SETNA,37.937500,45.922778, ,0.0,0.0,0,0,0,0,0,0,0,0
TF,TBZ,38.148194,46.212694,0, ,0.0,0.0,0.0,0.0,0,0,0,0,0,0,0,0

STAR,SETN1P,12L,3
IF,SETNA,37.937500,45.922778, ,0.0,0.0,0,0,0,0,0,0,0,0
TF,D082R,38.163297,46.592561,0, ,0.0,0.0,0.0,0.0,0,0,0,0,0,0,0,0

STAR,SETN1P,30R,3
IF,SETNA,37.937500,45.922778, ,0.0,0.0,0,0,0,0,0,0,0,0
TF,D082R,38.163297,46.592561,0, ,0.0,0.0,0.0,0.0,0,0,0,0,0,0,0,0

APPTR,I30L,30L,D082R
IF,D082R,38.163297,46.592561, ,0.0,0.0,2,12000,0,0,0,0,1,0
CI,0, ,0.0,262.0,0,0,0,0,0,0,0,0
AF,D115P,38.014347,46.504925,2,TBZ,115.0,16.0,82.0,2,8300,0,0,0,0,0,0
CF,CI30L,38.009456,46.426486,0,ITBL,123.9,12.9,304.0,3.0,2,7500,0,0,0,0,0,0

FINAL,I30L,30L,I,3
IF,CI30L,38.009456,46.426486,ITBL,123.9,12.9,2,7500,0,0,0,0,0,0
CF,FI30L,38.030469,46.393717,0,ITBL,123.9,10.9,304.0,2.0,1,7500,0,0,0,0,2,0
CF,RW30L,38.123175,46.248633,0,ITBL,123.8,2.1,304.0,8.8,1,4498,0,0,0,0,3,0
CF,TBZ,38.148194,46.212694,0,TBZ,0.0,0.0,304.0,2.3,0,0,0,0,0,0,0,1
FA,TBZ,38.148194,46.212694,0,TBZ,0.0,0.0,285.0,2,7500,0,0,0,0,0,0
DF,TBZ,38.148194,46.212694,1, ,0.0,0.0,0,0,0,0,0,0,0,0
CF,D082R,38.163297,46.592561,0,TBZ,82.0,18.0,82.0,18.0,1,12000,0,0,0,0,0,0
HM,D082R,38.163297,46.592561,2, ,0.0,0.0,262.0,04.3,2,12000,0,1,210,0,0,0,0

APPTR,I30R,30R,D082R
IF,D082R,38.163297,46.592561, ,0.0,0.0,2,12000,0,0,0,0,1,0
CI,0, ,0.0,262.0,0,0,0,1,200,0,0,0
AF,D115P,38.014347,46.504925,2,TBZ,115.0,16.0,82.0,2,8300,0,0,0,0,0,0
CF,CI30R,38.012003,46.426536,0,ITBZ,123.8,12.9,304.0,3.0,2,8100,0,0,0,0,0,0

FINAL,I30R,30R,I,3
IF,CI30R,38.012003,46.426536,ITBZ,123.8,12.9,2,8100,0,0,0,0,0,0
CF,FI30R,38.088481,46.306650,0,ITBZ,123.8,5.6,304.0,7.3,1,5638,0,0,0,0,2,0
CF,RW30R,38.123306,46.251839,0,ITBZ,123.9,2.2,304.0,3.3,1,4506,0,0,0,0,3,0
CF,TBZ,38.148194,46.212694,0,TBZ,0.0,0.0,304.0,2.4,0,0,0,0,0,0,0,0
FA,TBZ,38.148194,46.212694,0,TBZ,0.0,0.0,285.0,2,7500,0,0,0,0,0,0
DF,TBZ,38.148194,46.212694,1, ,0.0,0.0,0,0,0,0,0,0,0,0
CF,D082R,38.163297,46.592561,0,TBZ,82.0,18.0,82.0,18.0,1,12000,0,0,0,0,0,0
HM,D082R,38.163297,46.592561,2, ,0.0,0.0,262.0,04.3,2,12000,0,1,210,0,0,0,0

APPTR,V12LA,12L,TBZ1
IF,TBZ,38.148194,46.212694,TBZ,0.0,0.0,1,9000,0,0,0,0,1,0
FD,TBZ,38.148194,46.212694,0,TBZ,0.0,8.0,145.0,8.0,1,7200,0,1,210,0,0,0
CF,FF304,38.064117,46.343903,1,TBZ,124.0,8.0,304.0,1.0,1,7200,0,0,0,0,0,0

APPTR,V12LA,12L,TBZ2
IF,TBZ,38.148194,46.212694,TBZ,0.0,0.0,1,9000,0,0,0,0,1,0
FD,TBZ,38.148194,46.212694,0,TBZ,0.0,8.0,138.0,8.0,1,7200,0,1,185,0,0,0
CF,FF304,38.064117,46.343903,1,TBZ,124.0,8.0,304.0,1.0,1,7200,0,0,0,0,0,0

FINAL,V12LA,12L,D,3
IF,FF304,38.064117,46.343903,TBZ,124.0,8.0,1,7200,0,0,0,0,2,0
CF,40VOR,38.106172,46.278333,0,TBZ,124.0,4.0,304.0,4.0,1,6400,0,0,0,0,0,0
CF,TBZ,38.148194,46.212694,0,TBZ,0.0,0.0,304.0,4.0,1,5980,0,0,0,0,3,0
FA,TBZ,38.148194,46.212694,0,TBZ,0.0,0.0,270.0,2,7500,0,0,0,0,0,0
CF,TBZ,38.148194,46.212694,2,TBZ,0.0,0.0,115.0,7.0,1,9000,0,0,0,0,0,0
HM,TBZ,38.148194,46.212694,2, ,0.0,0.0,145.0,04.3,2,9000,0,1,230,0,0,0,0

APPTR,V12LB,12L,D082R
IF,D082R,38.163297,46.592561,TBZ,82.0,18.0,2,12000,0,0,0,0,1,0
CI,0, ,0.0,262.0,0,0,0,0,0,0,0,0
AF,D124P,37.979894,46.474808,2,TBZ,124.0,16.0,82.0,2,8300,0,1,185,0,1,0
CF,CF304,38.011494,46.425753,0,TBZ,124.0,13.0,304.0,3.0,2,7400,0,0,0,0,0,0

FINAL,V12LB,12L,D,4
IF,CF304,38.011494,46.425753,TBZ,124.0,13.0,2,7400,0,0,0,0,0,0
CF,F3041,38.053597,46.360281,0,TBZ,124.0,9.0,304.0,4.0,2,6600,0,0,0,0,2,0
CF,50VOR,38.095661,46.294733,0,TBZ,124.0,5.0,304.0,4.0,2,6400,0,0,0,0,0,0
CF,MA304,38.116681,46.261931,0,TBZ,124.0,3.0,304.0,2.0,1,5980,0,0,0,0,3,0
CF,TBZ,38.148194,46.212694,0,TBZ,0.0,0.0,304.0,3.0,2,5980,0,0,0,0,0,0
FA,TBZ,38.148194,46.212694,0,TBZ,0.0,0.0,270.0,2,7500,0,0,0,0,0,0
CF,TBZ,38.148194,46.212694,2,TBZ,0.0,0.0,115.0,4.0,0,0,0,0,0,0,0,0
CF,D082R,38.163297,46.592561,0,TBZ,82.0,18.0,82.0,18.0,1,12000,0,0,0,0,0,0
HM,D082R,38.163297,46.592561,2, ,0.0,0.0,262.0,04.3,2,12000,0,1,210,0,0,0,0

APPTR,V12LC,12L,D082R
IF,D082R,38.163297,46.592561,TBZ,82.0,18.0,2,12000,0,0,0,0,1,0
CI,0, ,0.0,262.0,0,0,0,0,0,0,0,0
AF,D307P,37.969292,46.463306,2,TBZ,127.0,16.0,82.0,2,8300,0,1,185,0,1,0
CF,CF307,38.002875,46.416408,0,TBZ,127.0,13.0,307.0,3.0,2,7400,0,0,0,0,0,0

FINAL,V12LC,12L,D,4
IF,CF307,38.002875,46.416408,TBZ,127.0,13.0,2,7400,0,0,0,0,0,0
CF,FF307,38.036442,46.369467,0,TBZ,127.0,10.0,307.0,3.0,2,6500,0,0,0,0,2,0
CF,70VOR,38.069989,46.322486,0,TBZ,127.0,7.0,307.0,3.0,2,5980,0,0,0,0,0,0
CF,MA307,38.114689,46.259775,0,TBZ,127.0,3.0,307.0,4.0,1,5980,0,0,0,0,3,0
CF,TBZ,38.148194,46.212694,0,TBZ,0.0,0.0,307.0,3.0,2,5980,0,0,0,0,0,0
FA,TBZ,38.148194,46.212694,0,TBZ,0.0,0.0,285.0,2,7500,0,0,0,0,0,0
DF,TBZ,38.148194,46.212694,1, ,0.0,0.0,0,0,0,0,0,0,0,0
CF,D082R,38.163297,46.592561,0,TBZ,82.0,18.0,82.0,18.0,1,12000,0,0,0,0,0,0
HM,D082R,38.163297,46.592561,2, ,0.0,0.0,262.0,04.3,2,12000,0,1,210,0,0,0,0

APPTR,V12LD,12L,TBZ
IF,TBZ,38.148194,46.212694,TBZ,0.0,0.0,2,9500,0,0,0,0,1,0
FC,TBZ,38.148194,46.212694,0,TBZ,0.0,0.0,248.0,7.0,2,7100,0,1,210,0,0,1
CF,FF105,38.188056,46.073639,2,TBZ,285.0,7.0,105.0,1.0,1,7100,0,0,0,0,0,0

FINAL,V12LD,12L,D,2
IF,FF105,38.188056,46.073639,TBZ,285.0,7.0,1,7100,0,0,0,0,2,0
CF,TBZ,38.148194,46.212694,0,TBZ,0.0,0.0,105.0,7.0,1,5980,0,0,0,0,3,1
CI,2, ,0.0,260.0,0,0,0,0,0,0,0,0
FA,TBZ,38.148194,46.212694,0,TBZ,0.0,0.0,230.0,2,8000,0,0,0,0,0,0
DF,TBZ,38.148194,46.212694,2, ,0.0,0.0,1,9500,0,0,0,0,0,0
HM,TBZ,38.148194,46.212694,1, ,0.0,0.0,270.0,04.3,2,9500,0,1,230,0,0,0,0

APPTR,V12RA,12R,TBZ1
IF,TBZ,38.148194,46.212694,TBZ,0.0,0.0,1,9000,0,0,0,0,1,0
FD,TBZ,38.148194,46.212694,0,TBZ,0.0,8.0,145.0,8.0,1,7200,0,1,210,0,0,0
CF,FF304,38.064117,46.343903,1,TBZ,124.0,8.0,304.0,1.0,1,7200,0,0,0,0,0,0

APPTR,V12RA,12R,TBZ2
IF,TBZ,38.148194,46.212694,TBZ,0.0,0.0,1,9000,0,0,0,0,1,0
FD,TBZ,38.148194,46.212694,0,TBZ,0.0,8.0,138.0,8.0,1,7200,0,1,185,0,0,0
CF,FF304,38.064117,46.343903,1,TBZ,124.0,8.0,304.0,1.0,1,7200,0,0,0,0,0,0

FINAL,V12RA,12R,D,3
IF,FF304,38.064117,46.343903,TBZ,124.0,8.0,1,7200,0,0,0,0,2,0
CF,40VOR,38.106172,46.278333,0,TBZ,124.0,4.0,304.0,4.0,1,6400,0,0,0,0,0,0
CF,TBZ,38.148194,46.212694,0,TBZ,0.0,0.0,304.0,4.0,1,5980,0,0,0,0,3,0
FA,TBZ,38.148194,46.212694,0,TBZ,0.0,0.0,270.0,2,7500,0,0,0,0,0,0
CF,TBZ,38.148194,46.212694,2,TBZ,0.0,0.0,115.0,7.0,1,9000,0,0,0,0,0,0
HM,TBZ,38.148194,46.212694,2, ,0.0,0.0,145.0,04.3,2,9000,0,1,230,0,0,0,0

APPTR,V12RB,12R,D082R
IF,D082R,38.163297,46.592561,TBZ,82.0,18.0,2,12000,0,0,0,0,1,0
CI,0, ,0.0,262.0,0,0,0,0,0,0,0,0
AF,D124P,37.979894,46.474808,2,TBZ,124.0,16.0,82.0,2,8300,0,1,185,0,1,0
CF,CF304,38.011494,46.425753,0,TBZ,124.0,13.0,304.0,3.0,2,7400,0,0,0,0,0,0

FINAL,V12RB,12R,D,4
IF,CF304,38.011494,46.425753,TBZ,124.0,13.0,2,7400,0,0,0,0,0,0
CF,F3041,38.053597,46.360281,0,TBZ,124.0,9.0,304.0,4.0,2,6600,0,0,0,0,2,0
CF,50VOR,38.095661,46.294733,0,TBZ,124.0,5.0,304.0,4.0,2,6400,0,0,0,0,0,0
CF,MA304,38.116681,46.261931,0,TBZ,124.0,3.0,304.0,2.0,1,5980,0,0,0,0,3,0
CF,TBZ,38.148194,46.212694,0,TBZ,0.0,0.0,304.0,3.0,2,5980,0,0,0,0,0,0
FA,TBZ,38.148194,46.212694,0,TBZ,0.0,0.0,270.0,2,7500,0,0,0,0,0,0
CF,TBZ,38.148194,46.212694,2,TBZ,0.0,0.0,115.0,4.0,0,0,0,0,0,0,0,0
CF,D082R,38.163297,46.592561,0,TBZ,82.0,18.0,82.0,18.0,1,12000,0,0,0,0,0,0
HM,D082R,38.163297,46.592561,2, ,0.0,0.0,262.0,04.3,2,12000,0,1,210,0,0,0,0

APPTR,V12RC,12R,D082R
IF,D082R,38.163297,46.592561,TBZ,82.0,18.0,2,12000,0,0,0,0,1,0
CI,0, ,0.0,262.0,0,0,0,0,0,0,0,0
AF,D307P,37.969292,46.463306,2,TBZ,127.0,16.0,82.0,2,8300,0,1,185,0,1,0
CF,CF307,38.002875,46.416408,0,TBZ,127.0,13.0,307.0,3.0,2,7400,0,0,0,0,0,0

FINAL,V12RC,12R,D,4
IF,CF307,38.002875,46.416408,TBZ,127.0,13.0,2,7400,0,0,0,0,0,0
CF,FF307,38.036442,46.369467,0,TBZ,127.0,10.0,307.0,3.0,2,6500,0,0,0,0,2,0
CF,70VOR,38.069989,46.322486,0,TBZ,127.0,7.0,307.0,3.0,2,5980,0,0,0,0,0,0
CF,MA307,38.114689,46.259775,0,TBZ,127.0,3.0,307.0,4.0,1,5980,0,0,0,0,3,0
CF,TBZ,38.148194,46.212694,0,TBZ,0.0,0.0,307.0,3.0,2,5980,0,0,0,0,0,0
FA,TBZ,38.148194,46.212694,0,TBZ,0.0,0.0,285.0,2,7500,0,0,0,0,0,0
DF,TBZ,38.148194,46.212694,1, ,0.0,0.0,0,0,0,0,0,0,0,0
CF,D082R,38.163297,46.592561,0,TBZ,82.0,18.0,82.0,18.0,1,12000,0,0,0,0,0,0
HM,D082R,38.163297,46.592561,2, ,0.0,0.0,262.0,04.3,2,12000,0,1,210,0,0,0,0

APPTR,V12RD,12R,TBZ
IF,TBZ,38.148194,46.212694,TBZ,0.0,0.0,2,9500,0,0,0,0,1,0
FC,TBZ,38.148194,46.212694,0,TBZ,0.0,0.0,248.0,7.0,2,7100,0,1,210,0,0,1
CF,FF105,38.188056,46.073639,2,TBZ,285.0,7.0,105.0,1.0,1,7100,0,0,0,0,0,0

FINAL,V12RD,12R,D,2
IF,FF105,38.188056,46.073639,TBZ,285.0,7.0,1,7100,0,0,0,0,2,0
CF,TBZ,38.148194,46.212694,0,TBZ,0.0,0.0,105.0,7.0,1,5980,0,0,0,0,3,1
CI,2, ,0.0,260.0,0,0,0,0,0,0,0,0
FA,TBZ,38.148194,46.212694,0,TBZ,0.0,0.0,230.0,2,8000,0,0,0,0,0,0
DF,TBZ,38.148194,46.212694,2, ,0.0,0.0,1,9500,0,0,0,0,0,0
HM,TBZ,38.148194,46.212694,1, ,0.0,0.0,270.0,04.3,2,9500,0,1,230,0,0,0,0

APPTR,V30LA,30L,TBZ1
IF,TBZ,38.148194,46.212694,TBZ,0.0,0.0,1,9000,0,0,0,0,1,0
FD,TBZ,38.148194,46.212694,0,TBZ,0.0,8.0,145.0,8.0,1,7200,0,1,210,0,0,0
CF,FF304,38.064117,46.343903,1,TBZ,124.0,8.0,304.0,1.0,1,7200,0,0,0,0,0,0

APPTR,V30LA,30L,TBZ2
IF,TBZ,38.148194,46.212694,TBZ,0.0,0.0,1,9000,0,0,0,0,1,0
FD,TBZ,38.148194,46.212694,0,TBZ,0.0,8.0,138.0,8.0,1,7200,0,1,185,0,0,0
CF,FF304,38.064117,46.343903,1,TBZ,124.0,8.0,304.0,1.0,1,7200,0,0,0,0,0,0

FINAL,V30LA,30L,D,3
IF,FF304,38.064117,46.343903,TBZ,124.0,8.0,1,7200,0,0,0,0,2,0
CF,40VOR,38.106172,46.278333,0,TBZ,124.0,4.0,304.0,4.0,1,6400,0,0,0,0,0,0
CF,TBZ,38.148194,46.212694,0,TBZ,0.0,0.0,304.0,4.0,1,5980,0,0,0,0,3,0
FA,TBZ,38.148194,46.212694,0,TBZ,0.0,0.0,270.0,2,7500,0,0,0,0,0,0
CF,TBZ,38.148194,46.212694,2,TBZ,0.0,0.0,115.0,7.0,1,9000,0,0,0,0,0,0
HM,TBZ,38.148194,46.212694,2, ,0.0,0.0,145.0,04.3,2,9000,0,1,230,0,0,0,0

APPTR,V30LB,30L,D082R
IF,D082R,38.163297,46.592561,TBZ,82.0,18.0,2,12000,0,0,0,0,1,0
CI,0, ,0.0,262.0,0,0,0,0,0,0,0,0
AF,D124P,37.979894,46.474808,2,TBZ,124.0,16.0,82.0,2,8300,0,1,185,0,1,0
CF,CF304,38.011494,46.425753,0,TBZ,124.0,13.0,304.0,3.0,2,7400,0,0,0,0,0,0

FINAL,V30LB,30L,D,4
IF,CF304,38.011494,46.425753,TBZ,124.0,13.0,2,7400,0,0,0,0,0,0
CF,F3041,38.053597,46.360281,0,TBZ,124.0,9.0,304.0,4.0,2,6600,0,0,0,0,2,0
CF,50VOR,38.095661,46.294733,0,TBZ,124.0,5.0,304.0,4.0,2,6400,0,0,0,0,0,0
CF,MA304,38.116681,46.261931,0,TBZ,124.0,3.0,304.0,2.0,1,5980,0,0,0,0,3,0
CF,TBZ,38.148194,46.212694,0,TBZ,0.0,0.0,304.0,3.0,2,5980,0,0,0,0,0,0
FA,TBZ,38.148194,46.212694,0,TBZ,0.0,0.0,270.0,2,7500,0,0,0,0,0,0
CF,TBZ,38.148194,46.212694,2,TBZ,0.0,0.0,115.0,4.0,0,0,0,0,0,0,0,0
CF,D082R,38.163297,46.592561,0,TBZ,82.0,18.0,82.0,18.0,1,12000,0,0,0,0,0,0
HM,D082R,38.163297,46.592561,2, ,0.0,0.0,262.0,04.3,2,12000,0,1,210,0,0,0,0

APPTR,V30LC,30L,D082R
IF,D082R,38.163297,46.592561,TBZ,82.0,18.0,2,12000,0,0,0,0,1,0
CI,0, ,0.0,262.0,0,0,0,0,0,0,0,0
AF,D307P,37.969292,46.463306,2,TBZ,127.0,16.0,82.0,2,8300,0,1,185,0,1,0
CF,CF307,38.002875,46.416408,0,TBZ,127.0,13.0,307.0,3.0,2,7400,0,0,0,0,0,0

FINAL,V30LC,30L,D,4
IF,CF307,38.002875,46.416408,TBZ,127.0,13.0,2,7400,0,0,0,0,0,0
CF,FF307,38.036442,46.369467,0,TBZ,127.0,10.0,307.0,3.0,2,6500,0,0,0,0,2,0
CF,70VOR,38.069989,46.322486,0,TBZ,127.0,7.0,307.0,3.0,2,5980,0,0,0,0,0,0
CF,MA307,38.114689,46.259775,0,TBZ,127.0,3.0,307.0,4.0,1,5980,0,0,0,0,3,0
CF,TBZ,38.148194,46.212694,0,TBZ,0.0,0.0,307.0,3.0,2,5980,0,0,0,0,0,0
FA,TBZ,38.148194,46.212694,0,TBZ,0.0,0.0,285.0,2,7500,0,0,0,0,0,0
DF,TBZ,38.148194,46.212694,1, ,0.0,0.0,0,0,0,0,0,0,0,0
CF,D082R,38.163297,46.592561,0,TBZ,82.0,18.0,82.0,18.0,1,12000,0,0,0,0,0,0
HM,D082R,38.163297,46.592561,2, ,0.0,0.0,262.0,04.3,2,12000,0,1,210,0,0,0,0

APPTR,V30LD,30L,TBZ
IF,TBZ,38.148194,46.212694,TBZ,0.0,0.0,2,9500,0,0,0,0,1,0
FC,TBZ,38.148194,46.212694,0,TBZ,0.0,0.0,248.0,7.0,2,7100,0,1,210,0,0,1
CF,FF105,38.188056,46.073639,2,TBZ,285.0,7.0,105.0,1.0,1,7100,0,0,0,0,0,0

FINAL,V30LD,30L,D,2
IF,FF105,38.188056,46.073639,TBZ,285.0,7.0,1,7100,0,0,0,0,2,0
CF,TBZ,38.148194,46.212694,0,TBZ,0.0,0.0,105.0,7.0,1,5980,0,0,0,0,3,1
CI,2, ,0.0,260.0,0,0,0,0,0,0,0,0
FA,TBZ,38.148194,46.212694,0,TBZ,0.0,0.0,230.0,2,8000,0,0,0,0,0,0
DF,TBZ,38.148194,46.212694,2, ,0.0,0.0,1,9500,0,0,0,0,0,0
HM,TBZ,38.148194,46.212694,1, ,0.0,0.0,270.0,04.3,2,9500,0,1,230,0,0,0,0

APPTR,V30RA,30R,TBZ1
IF,TBZ,38.148194,46.212694,TBZ,0.0,0.0,1,9000,0,0,0,0,1,0
FD,TBZ,38.148194,46.212694,0,TBZ,0.0,8.0,145.0,8.0,1,7200,0,1,210,0,0,0
CF,FF304,38.064117,46.343903,1,TBZ,124.0,8.0,304.0,1.0,1,7200,0,0,0,0,0,0

APPTR,V30RA,30R,TBZ2
IF,TBZ,38.148194,46.212694,TBZ,0.0,0.0,1,9000,0,0,0,0,1,0
FD,TBZ,38.148194,46.212694,0,TBZ,0.0,8.0,138.0,8.0,1,7200,0,1,185,0,0,0
CF,FF304,38.064117,46.343903,1,TBZ,124.0,8.0,304.0,1.0,1,7200,0,0,0,0,0,0

FINAL,V30RA,30R,D,3
IF,FF304,38.064117,46.343903,TBZ,124.0,8.0,1,7200,0,0,0,0,2,0
CF,40VOR,38.106172,46.278333,0,TBZ,124.0,4.0,304.0,4.0,1,6400,0,0,0,0,0,0
CF,TBZ,38.148194,46.212694,0,TBZ,0.0,0.0,304.0,4.0,1,5980,0,0,0,0,3,0
FA,TBZ,38.148194,46.212694,0,TBZ,0.0,0.0,270.0,2,7500,0,0,0,0,0,0
CF,TBZ,38.148194,46.212694,2,TBZ,0.0,0.0,115.0,7.0,1,9000,0,0,0,0,0,0
HM,TBZ,38.148194,46.212694,2, ,0.0,0.0,145.0,04.3,2,9000,0,1,230,0,0,0,0

APPTR,V30RB,30R,D082R
IF,D082R,38.163297,46.592561,TBZ,82.0,18.0,2,12000,0,0,0,0,1,0
CI,0, ,0.0,262.0,0,0,0,0,0,0,0,0
AF,D124P,37.979894,46.474808,2,TBZ,124.0,16.0,82.0,2,8300,0,1,185,0,1,0
CF,CF304,38.011494,46.425753,0,TBZ,124.0,13.0,304.0,3.0,2,7400,0,0,0,0,0,0

FINAL,V30RB,30R,D,4
IF,CF304,38.011494,46.425753,TBZ,124.0,13.0,2,7400,0,0,0,0,0,0
CF,F3041,38.053597,46.360281,0,TBZ,124.0,9.0,304.0,4.0,2,6600,0,0,0,0,2,0
CF,50VOR,38.095661,46.294733,0,TBZ,124.0,5.0,304.0,4.0,2,6400,0,0,0,0,0,0
CF,MA304,38.116681,46.261931,0,TBZ,124.0,3.0,304.0,2.0,1,5980,0,0,0,0,3,0
CF,TBZ,38.148194,46.212694,0,TBZ,0.0,0.0,304.0,3.0,2,5980,0,0,0,0,0,0
FA,TBZ,38.148194,46.212694,0,TBZ,0.0,0.0,270.0,2,7500,0,0,0,0,0,0
CF,TBZ,38.148194,46.212694,2,TBZ,0.0,0.0,115.0,4.0,0,0,0,0,0,0,0,0
CF,D082R,38.163297,46.592561,0,TBZ,82.0,18.0,82.0,18.0,1,12000,0,0,0,0,0,0
HM,D082R,38.163297,46.592561,2, ,0.0,0.0,262.0,04.3,2,12000,0,1,210,0,0,0,0

APPTR,V30RC,30R,D082R
IF,D082R,38.163297,46.592561,TBZ,82.0,18.0,2,12000,0,0,0,0,1,0
CI,0, ,0.0,262.0,0,0,0,0,0,0,0,0
AF,D307P,37.969292,46.463306,2,TBZ,127.0,16.0,82.0,2,8300,0,1,185,0,1,0
CF,CF307,38.002875,46.416408,0,TBZ,127.0,13.0,307.0,3.0,2,7400,0,0,0,0,0,0

FINAL,V30RC,30R,D,4
IF,CF307,38.002875,46.416408,TBZ,127.0,13.0,2,7400,0,0,0,0,0,0
CF,FF307,38.036442,46.369467,0,TBZ,127.0,10.0,307.0,3.0,2,6500,0,0,0,0,2,0
CF,70VOR,38.069989,46.322486,0,TBZ,127.0,7.0,307.0,3.0,2,5980,0,0,0,0,0,0
CF,MA307,38.114689,46.259775,0,TBZ,127.0,3.0,307.0,4.0,1,5980,0,0,0,0,3,0
CF,TBZ,38.148194,46.212694,0,TBZ,0.0,0.0,307.0,3.0,2,5980,0,0,0,0,0,0
FA,TBZ,38.148194,46.212694,0,TBZ,0.0,0.0,285.0,2,7500,0,0,0,0,0,0
DF,TBZ,38.148194,46.212694,1, ,0.0,0.0,0,0,0,0,0,0,0,0
CF,D082R,38.163297,46.592561,0,TBZ,82.0,18.0,82.0,18.0,1,12000,0,0,0,0,0,0
HM,D082R,38.163297,46.592561,2, ,0.0,0.0,262.0,04.3,2,12000,0,1,210,0,0,0,0

APPTR,V30RD,30R,TBZ
IF,TBZ,38.148194,46.212694,TBZ,0.0,0.0,2,9500,0,0,0,0,1,0
FC,TBZ,38.148194,46.212694,0,TBZ,0.0,0.0,248.0,7.0,2,7100,0,1,210,0,0,1
CF,FF105,38.188056,46.073639,2,TBZ,285.0,7.0,105.0,1.0,1,7100,0,0,0,0,0,0

FINAL,V30RD,30R,D,2
IF,FF105,38.188056,46.073639,TBZ,285.0,7.0,1,7100,0,0,0,0,2,0
CF,TBZ,38.148194,46.212694,0,TBZ,0.0,0.0,105.0,7.0,1,5980,0,0,0,0,3,1
CI,2, ,0.0,260.0,0,0,0,0,0,0,0,0
FA,TBZ,38.148194,46.212694,0,TBZ,0.0,0.0,230.0,2,8000,0,0,0,0,0,0
DF,TBZ,38.148194,46.212694,2, ,0.0,0.0,1,9500,0,0,0,0,0,0
HM,TBZ,38.148194,46.212694,1, ,0.0,0.0,270.0,04.3,2,9500,0,1,230,0,0,0,0

