SID,LOXU1A,30,2
CA,0,301.0,2,5790,0,0,0,0,0,0
FA,ZAJ,36.779667,48.353306,0,ZAJ,0.0,0.0,320.0,2,7000,0,0,0,0,0,0
CF,ZAJ,36.779667,48.353306,1,ZAJ,0.0,0.0,100.0,3.0,2,8700,0,0,0,0,0,0
TF,LOXUB,36.611111,48.828333,0, ,0.0,0.0,0.0,0.0,0,0,0,0,0,0,0,0

SID,SUTB1A,30,2
CA,0,301.0,2,5790,0,0,0,0,0,0
FA,ZAJ,36.779667,48.353306,0,ZAJ,0.0,0.0,320.0,2,7000,0,0,0,0,0,0
CF,ZAJ,36.779667,48.353306,1,ZAJ,0.0,0.0,100.0,3.0,2,8700,0,0,0,0,0,0
TF,SUTBU,36.556667,48.792222,0, ,0.0,0.0,0.0,0.0,0,0,0,0,0,0,0,0

SID,SUTB1B,12,2
CA,0,121.0,2,5790,0,0,0,0,0,0
CF,SUTBU,36.556667,48.792222,0,ZAJ,117.1,25.1,118.0,24.0,0,0,0,0,0,0,0,0

SID,TULG1A,30,2
CA,0,301.0,2,5790,0,0,0,0,0,0
FA,ZAJ,36.779667,48.353306,0,ZAJ,0.0,0.0,320.0,2,7000,0,0,0,0,0,0
CF,ZAJ,36.779667,48.353306,1,ZAJ,0.0,0.0,100.0,3.0,2,8700,0,0,0,0,0,0
TF,TULGU,36.476667,48.709722,0, ,0.0,0.0,0.0,0.0,0,0,0,0,0,0,0,0

SID,TULG1B,12,2
CA,0,121.0,2,5790,0,0,0,0,0,0
CF,TULGU,36.476667,48.709722,0,ZAJ,131.4,25.0,132.0,24.0,0,0,0,0,0,0,0,0

STAR,LOXU1N,30,2
IF,LOXUB,36.611111,48.828333, ,0.0,0.0,0,0,0,0,0,0,0,0
TF,D125Q,36.596992,48.622844,0, ,0.0,0.0,0.0,0.0,0,0,0,0,0,0,0,0

STAR,LOXU1P,ALL,2
IF,LOXUB,36.611111,48.828333, ,0.0,0.0,0,0,0,0,0,0,0,0
TF,ZAJ,36.779667,48.353306,0, ,0.0,0.0,0.0,0.0,0,0,0,0,0,0,0,0

STAR,SUTB1N,30,2
IF,SUTBU,36.556667,48.792222, ,0.0,0.0,0,0,0,0,0,0,0,0
TF,D125Q,36.596992,48.622844,0, ,0.0,0.0,0.0,0.0,0,0,0,0,0,0,0,0

STAR,SUTB1P,ALL,2
IF,SUTBU,36.556667,48.792222, ,0.0,0.0,0,0,0,0,0,0,0,0
TF,ZAJ,36.779667,48.353306,0, ,0.0,0.0,0.0,0.0,0,0,0,0,0,0,0,0

STAR,TULG1N,30,2
IF,TULGU,36.476667,48.709722, ,0.0,0.0,0,0,0,0,0,0,0,0
TF,D125Q,36.596992,48.622844,0, ,0.0,0.0,0.0,0.0,0,0,0,0,0,0,0,0

STAR,TULG1P,ALL,2
IF,TULGU,36.476667,48.709722, ,0.0,0.0,0,0,0,0,0,0,0,0
TF,ZAJ,36.779667,48.353306,0, ,0.0,0.0,0.0,0.0,0,0,0,0,0,0,0,0

APPTR,D12,12,ZAJ1
IF,ZAJ,36.779667,48.353306, ,0.0,0.0,2,11000,0,0,0,0,0,0
FD,ZAJ,36.779667,48.353306,0,ZAJ,0.0,11.0,312.0,11.0,1,7300,0,0,0,0,0,0
CF,CD12,36.874053,48.157444,1,ZAJ,296.0,11.0,116.0,2.0,1,7300,0,0,0,0,0,0

APPTR,D12,12,ZAJ2
IF,ZAJ,36.779667,48.353306, ,0.0,0.0,2,11000,0,0,0,0,0,0
FD,ZAJ,36.779667,48.353306,0,ZAJ,0.0,11.0,308.0,11.0,1,7300,0,0,0,0,0,0
CF,CD12,36.874053,48.157444,1,ZAJ,296.0,11.0,116.0,1.0,1,7300,0,0,0,0,0,0

FINAL,D12,12,D,3
IF,CD12,36.874053,48.157444,ZAJ,296.0,11.0,1,7300,0,0,0,0,0,0
CF,FD12,36.831189,48.246533,0,ZAJ,296.0,6.0,116.0,5.0,1,7300,0,0,0,0,2,0
CF,MD12,36.788258,48.335519,0,ZAJ,296.0,1.0,116.0,5.0,1,5543,0,0,0,0,3,0
CF,ZAJ,36.779667,48.353306,0,ZAJ,0.0,0.0,116.0,1.0,0,0,0,0,0,0,0,0
CF,D125Q,36.596992,48.622844,0,ZAJ,125.0,17.0,125.0,17.0,1,10700,0,0,0,0,0,0

APPTR,D30,30,D125Q
IF,D125Q,36.596992,48.622844, ,0.0,0.0,2,10700,0,0,0,0,1,0
CF,CD30,36.650783,48.543700,0,ZAJ,125.0,12.0,305.0,5.0,2,8500,0,0,0,0,1,0

FINAL,D30,30,D,4
IF,CD30,36.650783,48.543700,ZAJ,125.0,12.0,2,8500,0,0,0,0,0,0
CF,FD30,36.704522,48.464447,0,ZAJ,125.0,7.0,305.0,5.0,2,7600,0,0,0,0,2,0
CF,50VOR,36.726003,48.432714,0,ZAJ,125.0,5.0,305.0,2.0,2,6900,0,0,0,0,0,0
CF,MD30,36.763572,48.377139,0,ZAJ,125.0,1.5,305.0,3.5,1,5522,0,0,0,0,3,0
CF,ZAJ,36.779667,48.353306,0,ZAJ,0.0,0.0,305.0,1.5,0,0,0,0,0,0,0,0
FA,ZAJ,36.779667,48.353306,0,ZAJ,0.0,0.0,320.0,2,7000,0,0,0,0,0,0
CF,ZAJ,36.779667,48.353306,1,ZAJ,0.0,0.0,100.0,3.0,2,8000,0,0,0,0,0,0
CF,D125Q,36.596992,48.622844,0,ZAJ,125.0,17.0,125.0,17.0,1,10700,0,0,0,0,0,0
HM,D125Q,36.596992,48.622844,1, ,0.0,0.0,305.0,04.3,0,0,0,1,210,0,0,0,0

APPTR,N12,12,ZAJ
IF,ZAJ,36.775417,48.364556, ,0.0,0.0,2,10000,0,0,0,0,0,0
FC,ZAJ,36.775417,48.364556,0,ZAJ,0.0,0.0,322.0,9.2,1,7600,0,1,220,0,0,1
CF,FN12,36.852875,48.226758,1,ZAJ,300.8,7.5,120.0,2.0,1,7600,0,0,0,0,0,0

FINAL,N12,12,N,3
IF,FN12,36.852875,48.226758,ZAJ,0.0,0.0,2,7600,0,0,0,0,2,0
CF,EN12,36.785558,48.346544,0,ZAJ,0.0,0.0,120.0,7.0,1,5358,0,0,0,0,0,1
CF,ZAJ,36.775417,48.364556,0,ZAJ,0.0,0.0,120.0,1.1,2,5780,0,0,0,0,3,1
FA,ZAJ,36.775417,48.364556,0,ZAJ,0.0,0.0,131.0,2,7900,0,0,0,0,0,0
DF,ZAJ,36.775417,48.364556,2, ,0.0,0.0,1,10000,0,0,0,0,0,0
HM,ZAJ,36.775417,48.364556,1, ,0.0,0.0,322.0,04.3,0,0,0,1,230,0,0,0,0

APPTR,N30,30,ZAJ
IF,ZAJ,36.775417,48.364556, ,0.0,0.0,2,10000,0,0,0,0,0,0
FC,ZAJ,36.775417,48.364556,0,ZAJ,0.0,0.0,143.0,9.3,1,8300,0,1,185,0,0,1
CF,FN30,36.671475,48.507739,1,ZAJ,126.0,9.9,307.0,1.0,1,8300,0,0,0,0,0,0

FINAL,N30,30,N,3
IF,FN30,36.671475,48.507739,ZAJ,0.0,0.0,1,8300,0,0,0,0,2,0
CF,EN30,36.767678,48.375236,0,ZAJ,0.0,0.0,307.0,8.6,1,5430,0,0,0,0,0,1
CF,ZAJ,36.775417,48.364556,0,ZAJ,0.0,0.0,307.0,0.7,2,5780,0,0,0,0,3,1
FA,ZAJ,36.775417,48.364556,0,ZAJ,0.0,0.0,307.0,2,8200,0,0,0,0,0,0
DF,ZAJ,36.775417,48.364556,1, ,0.0,0.0,1,10000,0,0,0,0,0,0
HM,ZAJ,36.775417,48.364556,2, ,0.0,0.0,143.0,04.3,0,0,0,1,230,0,0,0,0

APPTR,Q12-B,12,ZAJ
IF,ZAJ,36.775417,48.364556, ,0.0,0.0,2,10000,0,0,0,0,0,0
FC,ZAJ,36.775417,48.364556,0,ZAJ,0.0,0.0,137.0,10.5,1,7600,0,0,0,0,0,1
CF,FN307,36.699394,48.469339,1,ZAJ,125.7,7.4,307.0,4.0,1,7600,0,0,0,0,0,0

FINAL,Q12-B,12,N,2
IF,FN307,36.699394,48.469339,ZAJ,0.0,0.0,1,7600,0,0,0,0,2,0
CF,ZAJ,36.775417,48.364556,0,ZAJ,0.0,0.0,307.0,6.8,1,6300,0,0,0,0,3,0
FA,ZAJ,36.775417,48.364556,0,ZAJ,0.0,0.0,307.0,2,8200,0,0,0,0,0,0
DF,ZAJ,36.775417,48.364556,1, ,0.0,0.0,1,10000,0,0,0,0,0,0
HM,ZAJ,36.775417,48.364556,2, ,0.0,0.0,143.0,04.3,2,10000,0,0,0,0,0,0,0

APPTR,Q30-B,30,ZAJ
IF,ZAJ,36.775417,48.364556, ,0.0,0.0,2,10000,0,0,0,0,0,0
FC,ZAJ,36.775417,48.364556,0,ZAJ,0.0,0.0,137.0,10.5,1,7600,0,0,0,0,0,1
CF,FN307,36.699394,48.469339,1,ZAJ,125.7,7.4,307.0,4.0,1,7600,0,0,0,0,0,0

FINAL,Q30-B,30,N,2
IF,FN307,36.699394,48.469339,ZAJ,0.0,0.0,1,7600,0,0,0,0,2,0
CF,ZAJ,36.775417,48.364556,0,ZAJ,0.0,0.0,307.0,6.8,1,6300,0,0,0,0,3,0
FA,ZAJ,36.775417,48.364556,0,ZAJ,0.0,0.0,307.0,2,8200,0,0,0,0,0,0
DF,ZAJ,36.775417,48.364556,1, ,0.0,0.0,1,10000,0,0,0,0,0,0
HM,ZAJ,36.775417,48.364556,2, ,0.0,0.0,143.0,04.3,2,10000,0,0,0,0,0,0,0

