SID,ATUD1U,31L,5
CF,AA820,24.524222,54.522583,0,ADV,305.4,10.4,306.0,9.0,0,0,0,1,220,0,0,0
TF,OBTOL,24.606083,54.406778,0, ,0.0,0.0,0.0,0.0,2,5000,0,0,0,0,0,0
TF,KUVIN,24.661139,54.443250,0, ,0.0,0.0,0.0,0.0,0,0,0,1,220,0,0,0
TF,MUVUM,24.634083,54.629167,0, ,0.0,0.0,0.0,0.0,0,0,0,0,0,0,0,0
TF,AA825,24.613528,54.719361,0, ,0.0,0.0,0.0,0.0,3,9000,0,0,0,0,0,0
TF,LONUP,24.602444,54.767861,0, ,0.0,0.0,0.0,0.0,2,10000,0,0,0,0,0,0
TF,AA827,24.554389,54.818694,0, ,0.0,0.0,0.0,0.0,2,11000,0,1,220,0,0,0
TF,ATUDO,24.285556,54.575556,0, ,0.0,0.0,0.0,0.0,2,12000,0,0,0,0,0,0

SID,ATUD3P,31R,5
CA,0,306.0,2,570,0,0,0,0,0,0
CF,TADBU,24.619806,54.569083,0,ADV,332.6,13.3,338.0,9.0,2,3500,0,0,0,0,0,0
TF,MURSU,24.805639,54.669889,0, ,0.0,0.0,0.0,0.0,3,9000,0,0,0,0,0,0
TF,ITLIV,24.751472,54.822694,0, ,0.0,0.0,0.0,0.0,2,9000,0,1,230,0,0,0
TF,LONUP,24.602444,54.767861,0, ,0.0,0.0,0.0,0.0,2,10000,0,0,0,0,0,0
TF,ATUDO,24.285556,54.575556,0, ,0.0,0.0,0.0,0.0,2,12000,0,0,0,0,0,0

SID,ATUD4K,31L,5
CF,AA820,24.524222,54.522583,0,ADV,305.4,10.4,306.0,9.0,0,0,0,0,0,0,0,0
TF,OBTOL,24.606083,54.406778,0, ,0.0,0.0,0.0,0.0,2,5000,0,0,0,0,0,0
TF,KUVIN,24.661139,54.443250,0, ,0.0,0.0,0.0,0.0,0,0,0,0,0,0,0,0
TF,OBMUK,24.734194,54.491778,0, ,0.0,0.0,0.0,0.0,2,7500,0,0,0,0,0,0
TF,AA824,24.768278,54.576611,0, ,0.0,0.0,0.0,0.0,3,9000,0,1,230,0,0,0
TF,MURSU,24.805639,54.669889,0, ,0.0,0.0,0.0,0.0,2,10000,0,0,0,0,0,0
TF,ITLIV,24.751472,54.822694,0, ,0.0,0.0,0.0,0.0,2,11000,0,1,250,0,0,0
TF,LONUP,24.602444,54.767861,0, ,0.0,0.0,0.0,0.0,2,12000,0,0,0,0,0,0
TF,ATUDO,24.285556,54.575556,0, ,0.0,0.0,0.0,0.0,0,0,0,0,0,0,0,0

SID,ATUD5F,13L,5
CA,0,126.0,2,500,0,0,0,0,0,0
CF,AA836,24.402083,54.911528,0,ADV,92.4,13.1,97.0,13.0,2,4000,0,1,230,0,0,0
TF,PATAM,24.496556,54.925472,1, ,0.0,0.0,0.0,0.0,4,7000,5000,0,0,0,0,0
TF,UKPAP,24.617167,54.876889,0, ,0.0,0.0,0.0,0.0,3,8000,0,1,230,0,0,0
TF,LONUP,24.602444,54.767861,0, ,0.0,0.0,0.0,0.0,2,9000,0,1,250,0,0,0
TF,RABDU,24.401944,54.646083,0, ,0.0,0.0,0.0,0.0,2,10000,0,0,0,0,0,0
TF,ATUDO,24.285556,54.575556,0, ,0.0,0.0,0.0,0.0,2,12000,0,0,0,0,0,0

SID,ATUD5G,13R,5
CF,ITKOV,24.288417,54.854528,0,ADV,126.1,12.6,126.0,14.0,2,4000,0,0,0,0,0,0
TF,AA839,24.257361,54.898083,0, ,0.0,0.0,0.0,0.0,2,5000,0,1,230,0,0,0
TF,PEGEB,24.322611,54.955083,0, ,0.0,0.0,0.0,0.0,0,0,0,1,230,0,0,0
TF,AA842,24.405444,54.838889,1, ,0.0,0.0,0.0,0.0,3,7000,0,0,0,0,0,0
TF,RABDU,24.401944,54.646083,0, ,0.0,0.0,0.0,0.0,2,10000,0,0,0,0,0,0
TF,ATUDO,24.285556,54.575556,0, ,0.0,0.0,0.0,0.0,2,12000,0,0,0,0,0,0

SID,BOSE1F,13L,5
CA,0,126.0,2,500,0,0,0,0,0,0
CF,ULALA,24.409000,54.855528,0,ADV,91.4,10.0,97.0,10.0,0,0,0,1,230,0,0,0
TF,AA834,24.366667,54.912028,0, ,0.0,0.0,0.0,0.0,4,7000,4500,0,0,0,0,0
TF,ITKOV,24.288417,54.854528,0, ,0.0,0.0,0.0,0.0,2,6000,0,0,0,0,0,0
TF,VEGIR,24.196750,54.776778,0, ,0.0,0.0,0.0,0.0,0,0,0,1,230,0,0,0
TF,RUKOS,24.390194,54.505222,0, ,0.0,0.0,0.0,0.0,3,7000,0,0,0,0,0,0
TF,EGSUP,24.365278,54.360917,0, ,0.0,0.0,0.0,0.0,2,9000,0,0,0,0,0,0
TF,MUSUL,24.679944,54.250833,0, ,0.0,0.0,0.0,0.0,2,13000,0,0,0,0,0,0
TF,BOSEV,24.837028,54.080222,0, ,0.0,0.0,0.0,0.0,2,15000,0,0,0,0,0,0

SID,BOSE1G,13R,5
CF,ITKOV,24.288417,54.854528,0,ADV,126.1,12.6,126.0,14.0,2,4000,0,0,0,0,0,0
TF,VEGIR,24.196750,54.776778,0, ,0.0,0.0,0.0,0.0,0,0,0,1,230,0,0,0
TF,RUKOS,24.390194,54.505222,0, ,0.0,0.0,0.0,0.0,3,7000,0,0,0,0,0,0
TF,EGSUP,24.365278,54.360917,0, ,0.0,0.0,0.0,0.0,2,9000,0,0,0,0,0,0
TF,MUSUL,24.679944,54.250833,0, ,0.0,0.0,0.0,0.0,2,13000,0,0,0,0,0,0
TF,BOSEV,24.837028,54.080222,0, ,0.0,0.0,0.0,0.0,2,15000,0,0,0,0,0,0

SID,BOSE1K,31L,5
CF,AA820,24.524222,54.522583,0,ADV,305.4,10.4,306.0,8.0,0,0,0,0,0,0,0,0
TF,OBTOL,24.606083,54.406778,0, ,0.0,0.0,0.0,0.0,2,5000,0,0,0,0,0,0
TF,PUXUT,24.636972,54.363194,0, ,0.0,0.0,0.0,0.0,3,9000,0,1,250,0,0,0
TF,BOSEV,24.837028,54.080222,0, ,0.0,0.0,0.0,0.0,2,10000,0,0,0,0,0,0

SID,BOSE1P,31R,5
CA,0,306.0,2,570,0,0,0,0,0,0
CF,TADBU,24.619806,54.569083,0,ADV,332.6,13.3,338.0,9.0,2,3500,0,1,230,0,0,0
TF,LOSID,24.670722,54.496611,0, ,0.0,0.0,0.0,0.0,2,5000,0,0,0,0,0,0
TF,BOSEV,24.837028,54.080222,0, ,0.0,0.0,0.0,0.0,2,10000,0,0,0,0,0,0

SID,DAXI1F,13L,5
CA,0,126.0,2,500,0,0,0,0,0,0
CF,AA836,24.402083,54.911528,0,ADV,92.4,13.1,97.0,13.0,2,4000,0,1,230,0,0,0
TF,PATAM,24.496556,54.925472,1, ,0.0,0.0,0.0,0.0,4,7000,5000,0,0,0,0,0
TF,UKPAP,24.617167,54.876889,0, ,0.0,0.0,0.0,0.0,3,8000,0,0,0,0,0,0
TF,ITLIV,24.751472,54.822694,0, ,0.0,0.0,0.0,0.0,2,9500,0,0,0,0,0,0
TF,MURSU,24.805639,54.669889,0, ,0.0,0.0,0.0,0.0,2,12000,0,0,0,0,0,0
TF,DAXIB,24.912917,54.150306,0, ,0.0,0.0,0.0,0.0,2,15000,0,0,0,0,0,0

SID,DAXI1G,13R,5
CF,ITKOV,24.288417,54.854528,0,ADV,126.1,12.6,126.0,14.0,2,4000,0,0,0,0,0,0
TF,AA839,24.257361,54.898083,0, ,0.0,0.0,0.0,0.0,2,5000,0,1,230,0,0,0
TF,PEGEB,24.322611,54.955083,0, ,0.0,0.0,0.0,0.0,0,0,0,1,230,0,0,0
TF,PATAM,24.496556,54.925472,0, ,0.0,0.0,0.0,0.0,4,7000,5000,0,0,0,0,0
TF,UKPAP,24.617167,54.876889,0, ,0.0,0.0,0.0,0.0,3,8000,0,0,0,0,0,0
TF,ITLIV,24.751472,54.822694,0, ,0.0,0.0,0.0,0.0,2,9500,0,0,0,0,0,0
TF,MURSU,24.805639,54.669889,0, ,0.0,0.0,0.0,0.0,2,12000,0,0,0,0,0,0
TF,DAXIB,24.912917,54.150306,0, ,0.0,0.0,0.0,0.0,2,15000,0,0,0,0,0,0

SID,DAXI1K,31L,5
CF,AA820,24.524222,54.522583,0,ADV,305.4,10.4,306.0,8.0,0,0,0,0,0,0,0,0
TF,OBTOL,24.606083,54.406778,0, ,0.0,0.0,0.0,0.0,2,5000,0,0,0,0,0,0
TF,PUXUT,24.636972,54.363194,0, ,0.0,0.0,0.0,0.0,3,9000,0,1,250,0,0,0
TF,DAXIB,24.912917,54.150306,0, ,0.0,0.0,0.0,0.0,2,10000,0,0,0,0,0,0

SID,DAXI1P,31R,5
CA,0,306.0,2,570,0,0,0,0,0,0
CF,TADBU,24.619806,54.569083,0,ADV,332.6,13.3,338.0,9.0,2,3500,0,1,230,0,0,0
TF,LOSID,24.670722,54.496611,0, ,0.0,0.0,0.0,0.0,2,5000,0,0,0,0,0,0
TF,DAXIB,24.912917,54.150306,0, ,0.0,0.0,0.0,0.0,2,10000,0,0,0,0,0,0

SID,KANI1N,31R,5
CA,0,306.0,2,570,0,0,0,0,0,0
CF,TADBU,24.619806,54.569083,0,ADV,332.6,13.3,338.0,9.0,2,3500,0,0,0,0,0,0
TF,MURSU,24.805639,54.669889,0, ,0.0,0.0,0.0,0.0,3,9000,0,0,0,0,0,0
TF,ITLIV,24.751472,54.822694,0, ,0.0,0.0,0.0,0.0,2,9000,0,1,230,0,0,0
TF,LONUP,24.602444,54.767861,0, ,0.0,0.0,0.0,0.0,2,10000,0,0,0,0,0,0
TF,AA827,24.554389,54.818694,0, ,0.0,0.0,0.0,0.0,2,11000,0,0,0,0,0,0
TF,IMTUP,24.322861,55.062583,0, ,0.0,0.0,0.0,0.0,2,15000,0,0,0,0,0,0
TF,KANIP,24.177778,55.345000,0, ,0.0,0.0,0.0,0.0,0,0,0,0,0,0,0,0

SID,KANI2U,31L,5
CF,AA820,24.524222,54.522583,0,ADV,305.4,10.4,306.0,9.0,0,0,0,0,0,0,0,0
TF,OBTOL,24.606083,54.406778,0, ,0.0,0.0,0.0,0.0,2,5000,0,0,0,0,0,0
TF,KUVIN,24.661139,54.443250,0, ,0.0,0.0,0.0,0.0,0,0,0,0,0,0,0,0
TF,OBMUK,24.734194,54.491778,0, ,0.0,0.0,0.0,0.0,2,7500,0,0,0,0,0,0
TF,AA824,24.768278,54.576611,0, ,0.0,0.0,0.0,0.0,3,9000,0,1,230,0,0,0
TF,MURSU,24.805639,54.669889,0, ,0.0,0.0,0.0,0.0,2,10000,0,0,0,0,0,0
TF,ITLIV,24.751472,54.822694,0, ,0.0,0.0,0.0,0.0,2,11000,0,1,250,0,0,0
TF,LONUP,24.602444,54.767861,0, ,0.0,0.0,0.0,0.0,2,12000,0,0,0,0,0,0
TF,AA827,24.554389,54.818694,0, ,0.0,0.0,0.0,0.0,0,0,0,0,0,0,0,0
TF,IMTUP,24.322861,55.062583,0, ,0.0,0.0,0.0,0.0,2,15000,0,0,0,0,0,0
TF,KANIP,24.177778,55.345000,0, ,0.0,0.0,0.0,0.0,0,0,0,0,0,0,0,0

SID,KANI3F,13L,5
CA,0,126.0,2,500,0,0,0,0,0,0
CF,ULALA,24.409000,54.855528,0,ADV,91.4,10.0,97.0,10.0,0,0,0,0,0,0,0,0
TF,AA834,24.366667,54.912028,0, ,0.0,0.0,0.0,0.0,4,7000,4500,1,230,0,0,0
TF,KANIP,24.177778,55.345000,0, ,0.0,0.0,0.0,0.0,2,11000,0,0,0,0,0,0

SID,KANI3G,13R,5
CF,ITKOV,24.288417,54.854528,0,ADV,126.1,12.6,126.0,14.0,2,4000,0,0,0,0,0,0
TF,AA839,24.257361,54.898083,0, ,0.0,0.0,0.0,0.0,2,5000,0,1,230,0,0,0
TF,ITREN,24.206333,54.969472,0, ,0.0,0.0,0.0,0.0,3,7000,0,1,230,0,0,0
TF,KANIP,24.177778,55.345000,0, ,0.0,0.0,0.0,0.0,2,11000,0,0,0,0,0,0

SID,KANI3P,31R,5
CF,AA432,24.536667,54.537222,0,ADV,311.4,10.3,306.0,6.8,2,2200,0,1,220,0,0,0
TF,AA441,24.615278,54.603611,0, ,0.0,0.0,0.0,0.0,2,4000,0,1,220,0,0,0
TF,AA442,24.500556,54.765278,0, ,0.0,0.0,0.0,0.0,0,0,0,0,0,0,0,0
TF,EMATI,24.391944,54.918056,0, ,0.0,0.0,0.0,0.0,0,0,0,0,0,0,0,0
TF,IMTUP,24.322861,55.062583,0, ,0.0,0.0,0.0,0.0,2,15000,0,0,0,0,0,0
TF,KANIP,24.177778,55.345000,0, ,0.0,0.0,0.0,0.0,0,0,0,0,0,0,0,0

SID,KANI4K,31L,5
CF,AA820,24.524222,54.522583,0,ADV,305.4,10.4,306.0,9.0,0,0,0,0,0,0,0,0
TF,OBTOL,24.606083,54.406778,0, ,0.0,0.0,0.0,0.0,2,5000,0,0,0,0,0,0
TF,KUVIN,24.661139,54.443250,0, ,0.0,0.0,0.0,0.0,0,0,0,1,220,0,0,0
TF,MUVUM,24.634083,54.629167,0, ,0.0,0.0,0.0,0.0,0,0,0,0,0,0,0,0
TF,AA825,24.613528,54.719361,0, ,0.0,0.0,0.0,0.0,3,9000,0,0,0,0,0,0
TF,LONUP,24.602444,54.767861,0, ,0.0,0.0,0.0,0.0,2,10000,0,0,0,0,0,0
TF,AA827,24.554389,54.818694,0, ,0.0,0.0,0.0,0.0,2,11000,0,0,0,0,0,0
TF,IMTUP,24.322861,55.062583,0, ,0.0,0.0,0.0,0.0,2,15000,0,0,0,0,0,0
TF,KANIP,24.177778,55.345000,0, ,0.0,0.0,0.0,0.0,0,0,0,0,0,0,0,0

SID,LORI1F,13L,5
CA,0,126.0,2,500,0,0,0,0,0,0
CF,AA836,24.402083,54.911528,0,ADV,92.4,13.1,97.0,13.0,2,4000,0,1,230,0,0,0
TF,PATAM,24.496556,54.925472,1, ,0.0,0.0,0.0,0.0,4,7000,5000,0,0,0,0,0
TF,UKPAP,24.617167,54.876889,0, ,0.0,0.0,0.0,0.0,3,8000,0,0,0,0,0,0
TF,ITLIV,24.751472,54.822694,0, ,0.0,0.0,0.0,0.0,0,0,0,0,0,0,0,0
TF,MURSU,24.805639,54.669889,0, ,0.0,0.0,0.0,0.0,0,0,0,0,0,0,0,0
TF,LORID,24.931250,54.651139,0, ,0.0,0.0,0.0,0.0,0,0,0,0,0,0,0,0

SID,LORI1G,13R,5
CF,ITKOV,24.288417,54.854528,0,ADV,126.1,12.6,126.0,14.0,2,4000,0,0,0,0,0,0
TF,AA839,24.257361,54.898083,0, ,0.0,0.0,0.0,0.0,2,5000,0,1,230,0,0,0
TF,PEGEB,24.322611,54.955083,0, ,0.0,0.0,0.0,0.0,0,0,0,1,230,0,0,0
TF,PATAM,24.496556,54.925472,0, ,0.0,0.0,0.0,0.0,4,7000,5000,0,0,0,0,0
TF,UKPAP,24.617167,54.876889,0, ,0.0,0.0,0.0,0.0,3,8000,0,0,0,0,0,0
TF,ITLIV,24.751472,54.822694,0, ,0.0,0.0,0.0,0.0,0,0,0,0,0,0,0,0
TF,MURSU,24.805639,54.669889,0, ,0.0,0.0,0.0,0.0,0,0,0,0,0,0,0,0
TF,LORID,24.931250,54.651139,0, ,0.0,0.0,0.0,0.0,0,0,0,0,0,0,0,0

SID,LORI1P,31R,5
CA,0,306.0,2,570,0,0,0,0,0,0
CF,TADBU,24.619806,54.569083,0,ADV,332.6,13.3,338.0,9.0,2,3500,0,1,230,0,0,0
TF,MURSU,24.805639,54.669889,0, ,0.0,0.0,0.0,0.0,3,9000,0,0,0,0,0,0
TF,LORID,24.931250,54.651139,0, ,0.0,0.0,0.0,0.0,0,0,0,0,0,0,0,0

SID,LORI2K,31L,5
CF,AA820,24.524222,54.522583,0,ADV,305.4,10.4,306.0,8.0,0,0,0,0,0,0,0,0
TF,OBTOL,24.606083,54.406778,0, ,0.0,0.0,0.0,0.0,2,5000,0,0,0,0,0,0
TF,KUVIN,24.661139,54.443250,0, ,0.0,0.0,0.0,0.0,0,0,0,0,0,0,0,0
TF,OBMUK,24.734194,54.491778,0, ,0.0,0.0,0.0,0.0,2,7500,0,0,0,0,0,0
TF,AA824,24.768278,54.576611,0, ,0.0,0.0,0.0,0.0,3,9000,0,1,230,0,0,0
TF,MURSU,24.805639,54.669889,0, ,0.0,0.0,0.0,0.0,2,10000,0,0,0,0,0,0
TF,LORID,24.931250,54.651139,0, ,0.0,0.0,0.0,0.0,0,0,0,0,0,0,0,0

SID,MEKR1F,13L,5
CA,0,126.0,2,500,0,0,0,0,0,0
CF,ULALA,24.409000,54.855528,0,ADV,91.4,10.0,97.0,10.0,0,0,0,1,230,0,0,0
TF,AA834,24.366667,54.912028,0, ,0.0,0.0,0.0,0.0,4,7000,4500,0,0,0,0,0
TF,ITKOV,24.288417,54.854528,0, ,0.0,0.0,0.0,0.0,2,6000,0,0,0,0,0,0
TF,VEGIR,24.196750,54.776778,0, ,0.0,0.0,0.0,0.0,0,0,0,1,230,0,0,0
TF,RUKOS,24.390194,54.505222,0, ,0.0,0.0,0.0,0.0,3,7000,0,0,0,0,0,0
TF,EGSUP,24.365278,54.360917,0, ,0.0,0.0,0.0,0.0,2,9000,0,0,0,0,0,0
TF,LAGVU,24.484917,54.089667,0, ,0.0,0.0,0.0,0.0,2,11000,0,0,0,0,0,0
TF,MEKRI,24.523000,53.916667,0, ,0.0,0.0,0.0,0.0,0,0,0,0,0,0,0,0

SID,MEKR1G,13R,5
CF,ITKOV,24.288417,54.854528,0,ADV,126.1,12.6,126.0,14.0,2,4000,0,0,0,0,0,0
TF,VEGIR,24.196750,54.776778,0, ,0.0,0.0,0.0,0.0,0,0,0,1,230,0,0,0
TF,RUKOS,24.390194,54.505222,0, ,0.0,0.0,0.0,0.0,3,7000,0,0,0,0,0,0
TF,EGSUP,24.365278,54.360917,0, ,0.0,0.0,0.0,0.0,2,9000,0,0,0,0,0,0
TF,LAGVU,24.484917,54.089667,0, ,0.0,0.0,0.0,0.0,2,11000,0,0,0,0,0,0
TF,MEKRI,24.523000,53.916667,0, ,0.0,0.0,0.0,0.0,0,0,0,0,0,0,0,0

SID,MEKR1P,31R,5
CA,0,306.0,2,570,0,0,0,0,0,0
CF,TADBU,24.619806,54.569083,0,ADV,332.6,13.3,338.0,9.0,2,3500,0,1,230,0,0,0
TF,LOSID,24.670722,54.496611,0, ,0.0,0.0,0.0,0.0,2,5000,0,0,0,0,0,0
TF,PUXUT,24.636972,54.363194,0, ,0.0,0.0,0.0,0.0,3,9000,0,0,0,0,0,0
TF,AA826,24.570944,54.103778,0, ,0.0,0.0,0.0,0.0,3,10000,0,0,0,0,0,0
TF,MEKRI,24.523000,53.916667,0, ,0.0,0.0,0.0,0.0,2,11000,0,0,0,0,0,0

SID,MEKR2K,31L,5
CF,AA820,24.524222,54.522583,0,ADV,305.4,10.4,306.0,8.0,0,0,0,0,0,0,0,0
TF,MEPDO,24.526389,54.449528,0, ,0.0,0.0,0.0,0.0,2,4000,0,1,250,0,0,0
TF,AA822,24.529056,54.358250,0, ,0.0,0.0,0.0,0.0,3,6000,0,0,0,0,0,0
TF,ORPEP,24.533722,54.192944,0, ,0.0,0.0,0.0,0.0,0,0,0,0,0,0,0,0
TF,AA823,24.528417,54.054806,0, ,0.0,0.0,0.0,0.0,3,10000,0,0,0,0,0,0
TF,MEKRI,24.523000,53.916667,0, ,0.0,0.0,0.0,0.0,2,11000,0,0,0,0,0,0

SID,ORNE1F,13L,5
CA,0,126.0,2,500,0,0,0,0,0,0
CF,ULALA,24.409000,54.855528,0,ADV,91.4,10.0,97.0,10.0,0,0,0,0,0,0,0,0
TF,AA834,24.366667,54.912028,0, ,0.0,0.0,0.0,0.0,4,7000,4500,1,230,0,0,0
TF,ORNEL,24.053250,55.328361,0, ,0.0,0.0,0.0,0.0,2,11000,0,0,0,0,0,0

SID,ORNE1G,13R,5
CF,ITKOV,24.288417,54.854528,0,ADV,126.1,12.6,126.0,14.0,2,4000,0,0,0,0,0,0
TF,AA839,24.257361,54.898083,0, ,0.0,0.0,0.0,0.0,2,5000,0,1,230,0,0,0
TF,ITREN,24.206333,54.969472,0, ,0.0,0.0,0.0,0.0,3,7000,0,1,230,0,0,0
TF,ORNEL,24.053250,55.328361,0, ,0.0,0.0,0.0,0.0,2,11000,0,0,0,0,0,0

SID,ORNE1P,31R,5
CA,0,306.0,2,570,0,0,0,0,0,0
CF,TADBU,24.619806,54.569083,0,ADV,332.6,13.3,338.0,9.0,2,3500,0,0,0,0,0,0
TF,MURSU,24.805639,54.669889,0, ,0.0,0.0,0.0,0.0,3,9000,0,0,0,0,0,0
TF,ITLIV,24.751472,54.822694,0, ,0.0,0.0,0.0,0.0,2,9000,0,1,230,0,0,0
TF,LONUP,24.602444,54.767861,0, ,0.0,0.0,0.0,0.0,2,10000,0,0,0,0,0,0
TF,AA827,24.554389,54.818694,0, ,0.0,0.0,0.0,0.0,2,11000,0,0,0,0,0,0
TF,IMTUP,24.322861,55.062583,0, ,0.0,0.0,0.0,0.0,2,15000,0,0,0,0,0,0
TF,AA817,24.132028,55.250889,0, ,0.0,0.0,0.0,0.0,0,0,0,0,0,0,0,0
TF,ORNEL,24.053250,55.328361,0, ,0.0,0.0,0.0,0.0,0,0,0,0,0,0,0,0

SID,ORNE1U,31L,5
CF,AA820,24.524222,54.522583,0,ADV,305.4,10.4,306.0,8.0,0,0,0,0,0,0,0,0
TF,OBTOL,24.606083,54.406778,0, ,0.0,0.0,0.0,0.0,2,5000,0,0,0,0,0,0
TF,KUVIN,24.661139,54.443250,0, ,0.0,0.0,0.0,0.0,0,0,0,1,220,0,0,0
TF,MUVUM,24.634083,54.629167,0, ,0.0,0.0,0.0,0.0,0,0,0,0,0,0,0,0
TF,AA825,24.613528,54.719361,0, ,0.0,0.0,0.0,0.0,3,9000,0,0,0,0,0,0
TF,LONUP,24.602444,54.767861,0, ,0.0,0.0,0.0,0.0,2,10000,0,0,0,0,0,0
TF,AA827,24.554389,54.818694,0, ,0.0,0.0,0.0,0.0,2,11000,0,0,0,0,0,0
TF,IMTUP,24.322861,55.062583,0, ,0.0,0.0,0.0,0.0,2,15000,0,0,0,0,0,0
TF,AA817,24.132028,55.250889,0, ,0.0,0.0,0.0,0.0,0,0,0,0,0,0,0,0
TF,ORNEL,24.053250,55.328361,0, ,0.0,0.0,0.0,0.0,0,0,0,0,0,0,0,0

SID,ORNE2K,31L,5
CF,AA820,24.524222,54.522583,0,ADV,305.4,10.4,306.0,8.0,0,0,0,0,0,0,0,0
TF,OBTOL,24.606083,54.406778,0, ,0.0,0.0,0.0,0.0,2,5000,0,0,0,0,0,0
TF,KUVIN,24.661139,54.443250,0, ,0.0,0.0,0.0,0.0,0,0,0,0,0,0,0,0
TF,OBMUK,24.734194,54.491778,0, ,0.0,0.0,0.0,0.0,2,7500,0,0,0,0,0,0
TF,AA824,24.768278,54.576611,0, ,0.0,0.0,0.0,0.0,3,9000,0,1,230,0,0,0
TF,MURSU,24.805639,54.669889,0, ,0.0,0.0,0.0,0.0,2,10000,0,0,0,0,0,0
TF,ITLIV,24.751472,54.822694,0, ,0.0,0.0,0.0,0.0,2,11000,0,1,250,0,0,0
TF,LONUP,24.602444,54.767861,0, ,0.0,0.0,0.0,0.0,2,12000,0,0,0,0,0,0
TF,AA827,24.554389,54.818694,0, ,0.0,0.0,0.0,0.0,0,0,0,0,0,0,0,0
TF,IMTUP,24.322861,55.062583,0, ,0.0,0.0,0.0,0.0,2,15000,0,0,0,0,0,0
TF,AA817,24.132028,55.250889,0, ,0.0,0.0,0.0,0.0,0,0,0,0,0,0,0,0
TF,ORNEL,24.053250,55.328361,0, ,0.0,0.0,0.0,0.0,0,0,0,0,0,0,0,0

SID,TULO1F,13L,5
CA,0,126.0,2,500,0,0,0,0,0,0
CF,AA836,24.402083,54.911528,0,ADV,92.4,13.1,97.0,13.0,2,4000,0,1,230,0,0,0
TF,PATAM,24.496556,54.925472,1, ,0.0,0.0,0.0,0.0,4,7000,5000,0,0,0,0,0
TF,UKPAP,24.617167,54.876889,0, ,0.0,0.0,0.0,0.0,3,8000,0,0,0,0,0,0
TF,ITLIV,24.751472,54.822694,0, ,0.0,0.0,0.0,0.0,2,9500,0,0,0,0,0,0
TF,TULON,24.919833,54.794194,0, ,0.0,0.0,0.0,0.0,2,12000,0,0,0,0,0,0

SID,TULO1G,13R,5
CF,ITKOV,24.288417,54.854528,0,ADV,126.1,12.6,126.0,14.0,2,4000,0,0,0,0,0,0
TF,AA839,24.257361,54.898083,0, ,0.0,0.0,0.0,0.0,2,5000,0,1,230,0,0,0
TF,PEGEB,24.322611,54.955083,0, ,0.0,0.0,0.0,0.0,0,0,0,1,230,0,0,0
TF,PATAM,24.496556,54.925472,0, ,0.0,0.0,0.0,0.0,4,7000,5000,0,0,0,0,0
TF,UKPAP,24.617167,54.876889,0, ,0.0,0.0,0.0,0.0,3,8000,0,0,0,0,0,0
TF,ITLIV,24.751472,54.822694,0, ,0.0,0.0,0.0,0.0,2,9500,0,0,0,0,0,0
TF,TULON,24.919833,54.794194,0, ,0.0,0.0,0.0,0.0,2,12000,0,0,0,0,0,0

SID,TULO1P,31R,5
CA,0,306.0,2,570,0,0,0,0,0,0
CF,TADBU,24.619806,54.569083,0,ADV,332.6,13.3,338.0,9.0,2,3500,0,1,230,0,0,0
TF,MURSU,24.805639,54.669889,0, ,0.0,0.0,0.0,0.0,3,9000,0,0,0,0,0,0
TF,TULON,24.919833,54.794194,0, ,0.0,0.0,0.0,0.0,2,12000,0,0,0,0,0,0

SID,TULO2K,31L,5
CF,AA820,24.524222,54.522583,0,ADV,305.4,10.4,306.0,8.0,0,0,0,0,0,0,0,0
TF,OBTOL,24.606083,54.406778,0, ,0.0,0.0,0.0,0.0,2,5000,0,0,0,0,0,0
TF,KUVIN,24.661139,54.443250,0, ,0.0,0.0,0.0,0.0,0,0,0,0,0,0,0,0
TF,OBMUK,24.734194,54.491778,0, ,0.0,0.0,0.0,0.0,2,7500,0,0,0,0,0,0
TF,AA824,24.768278,54.576611,0, ,0.0,0.0,0.0,0.0,3,9000,0,1,230,0,0,0
TF,MURSU,24.805639,54.669889,0, ,0.0,0.0,0.0,0.0,2,10000,0,0,0,0,0,0
TF,TULON,24.919833,54.794194,0, ,0.0,0.0,0.0,0.0,2,12000,0,0,0,0,0,0

STAR,ATUD2A,13L,5
IF,ATUDO,24.285556,54.575556, ,0.0,0.0,2,12000,0,1,250,0,0,0
TF,TUMEX,24.511389,54.692222,0, ,0.0,0.0,0.0,0.0,4,8000,7000,0,0,0,0,0
TF,IVEPO,24.579611,54.596028,0, ,0.0,0.0,0.0,0.0,0,0,0,0,0,0,0,0
TF,SODEL,24.652833,54.492500,0, ,0.0,0.0,0.0,0.0,0,0,0,1,230,0,0,0
TF,OVOLA,24.703944,54.420139,0, ,0.0,0.0,0.0,0.0,0,0,0,0,0,0,0,0
TF,RIGIP,24.767111,54.330500,0, ,0.0,0.0,0.0,0.0,3,5000,0,1,210,0,0,0
TF,AA568,24.714389,54.286000,0, ,0.0,0.0,0.0,0.0,1,4000,0,0,0,0,0,0
TF,ORDAK,24.673556,54.343917,0, ,0.0,0.0,0.0,0.0,1,4000,0,1,210,0,0,0

STAR,ATUD2A,13R,5
IF,ATUDO,24.285556,54.575556, ,0.0,0.0,2,12000,0,1,250,0,0,0
TF,TUMEX,24.511389,54.692222,0, ,0.0,0.0,0.0,0.0,4,8000,7000,0,0,0,0,0
TF,IVEPO,24.579611,54.596028,0, ,0.0,0.0,0.0,0.0,0,0,0,0,0,0,0,0
TF,SODEL,24.652833,54.492500,0, ,0.0,0.0,0.0,0.0,0,0,0,1,230,0,0,0
TF,OVOLA,24.703944,54.420139,0, ,0.0,0.0,0.0,0.0,0,0,0,0,0,0,0,0
TF,RIGIP,24.767111,54.330500,0, ,0.0,0.0,0.0,0.0,3,5000,0,1,210,0,0,0
TF,AA568,24.714389,54.286000,0, ,0.0,0.0,0.0,0.0,1,4000,0,0,0,0,0,0
TF,ORDAK,24.673556,54.343917,0, ,0.0,0.0,0.0,0.0,1,4000,0,1,210,0,0,0

STAR,ATUD2C,31L,5
IF,ATUDO,24.285556,54.575556, ,0.0,0.0,2,12000,0,1,250,0,0,0
TF,ITUGO,24.516111,54.715361,0, ,0.0,0.0,0.0,0.0,3,9000,0,0,0,0,0,0
TF,TONKI,24.445861,54.814222,2, ,0.0,0.0,0.0,0.0,3,8000,0,1,230,0,0,0
TF,LOXIX,24.354528,54.942417,0, ,0.0,0.0,0.0,0.0,0,0,0,0,0,0,0,0
TF,AA524,24.303139,55.014361,0, ,0.0,0.0,0.0,0.0,0,0,0,0,0,0,0,0
TF,GISVU,24.251722,55.086278,0, ,0.0,0.0,0.0,0.0,3,5000,0,1,210,0,0,0
TF,AA526,24.185833,55.030194,0, ,0.0,0.0,0.0,0.0,1,4000,0,0,0,0,0,0
TF,PEGUM,24.220611,54.981583,0, ,0.0,0.0,0.0,0.0,1,4000,0,1,210,0,0,0

STAR,ATUD2C,31R,5
IF,ATUDO,24.285556,54.575556, ,0.0,0.0,2,12000,0,1,250,0,0,0
TF,ITUGO,24.516111,54.715361,0, ,0.0,0.0,0.0,0.0,3,9000,0,0,0,0,0,0
TF,TONKI,24.445861,54.814222,2, ,0.0,0.0,0.0,0.0,3,8000,0,1,230,0,0,0
TF,LOXIX,24.354528,54.942417,0, ,0.0,0.0,0.0,0.0,0,0,0,0,0,0,0,0
TF,AA524,24.303139,55.014361,0, ,0.0,0.0,0.0,0.0,0,0,0,0,0,0,0,0
TF,GISVU,24.251722,55.086278,0, ,0.0,0.0,0.0,0.0,3,5000,0,1,210,0,0,0
TF,AA526,24.185833,55.030194,0, ,0.0,0.0,0.0,0.0,1,4000,0,0,0,0,0,0
TF,PEGUM,24.220611,54.981583,0, ,0.0,0.0,0.0,0.0,1,4000,0,1,210,0,0,0

STAR,ATUD4B,13L,5
IF,ATUDO,24.285556,54.575556, ,0.0,0.0,2,12000,0,1,250,0,0,0
TF,TUMEX,24.511389,54.692222,0, ,0.0,0.0,0.0,0.0,4,8000,7000,0,0,0,0,0
TF,IVEPO,24.579611,54.596028,0, ,0.0,0.0,0.0,0.0,0,0,0,0,0,0,0,0
TF,SODEL,24.652833,54.492500,0, ,0.0,0.0,0.0,0.0,0,0,0,1,230,0,0,0
FM,SODEL,24.652833,54.492500,0,ADV,0.0,0.0,306.0,0,0,0,0,0,0,0,0

STAR,ATUD4B,13R,5
IF,ATUDO,24.285556,54.575556, ,0.0,0.0,2,12000,0,1,250,0,0,0
TF,TUMEX,24.511389,54.692222,0, ,0.0,0.0,0.0,0.0,4,8000,7000,0,0,0,0,0
TF,IVEPO,24.579611,54.596028,0, ,0.0,0.0,0.0,0.0,0,0,0,0,0,0,0,0
TF,SODEL,24.652833,54.492500,0, ,0.0,0.0,0.0,0.0,0,0,0,1,230,0,0,0
FM,SODEL,24.652833,54.492500,0,ADV,0.0,0.0,306.0,0,0,0,0,0,0,0,0

STAR,ATUD4D,31L,5
IF,ATUDO,24.285556,54.575556, ,0.0,0.0,2,12000,0,1,250,0,0,0
TF,ITUGO,24.516111,54.715361,0, ,0.0,0.0,0.0,0.0,3,9000,0,0,0,0,0,0
TF,TONKI,24.445861,54.814222,2, ,0.0,0.0,0.0,0.0,3,8000,0,1,230,0,0,0
TF,LOXIX,24.354528,54.942417,0, ,0.0,0.0,0.0,0.0,0,0,0,0,0,0,0,0
FM,LOXIX,24.354528,54.942417,0,ADV,0.0,0.0,126.0,0,0,0,0,0,0,0,0

STAR,ATUD4D,31R,5
IF,ATUDO,24.285556,54.575556, ,0.0,0.0,2,12000,0,1,250,0,0,0
TF,ITUGO,24.516111,54.715361,0, ,0.0,0.0,0.0,0.0,3,9000,0,0,0,0,0,0
TF,TONKI,24.445861,54.814222,2, ,0.0,0.0,0.0,0.0,3,8000,0,1,230,0,0,0
TF,LOXIX,24.354528,54.942417,0, ,0.0,0.0,0.0,0.0,0,0,0,0,0,0,0,0
FM,LOXIX,24.354528,54.942417,0,ADV,0.0,0.0,126.0,0,0,0,0,0,0,0,0

STAR,ELOV2B,13L,5
IF,ELOVU,24.955917,54.338194, ,0.0,0.0,1,11000,0,1,250,0,0,0
TF,MUTOP,24.774250,54.595889,0, ,0.0,0.0,0.0,0.0,0,0,0,0,0,0,0,0
TF,RIBUV,24.718806,54.548639,0, ,0.0,0.0,0.0,0.0,2,5000,0,1,230,0,0,0
TF,SODEL,24.652833,54.492500,0, ,0.0,0.0,0.0,0.0,0,0,0,0,0,0,0,0
FM,SODEL,24.652833,54.492500,0,ADV,0.0,0.0,306.0,0,0,0,0,0,0,0,0

STAR,ELOV2B,13R,5
IF,ELOVU,24.955917,54.338194, ,0.0,0.0,1,11000,0,1,250,0,0,0
TF,MUTOP,24.774250,54.595889,0, ,0.0,0.0,0.0,0.0,0,0,0,0,0,0,0,0
TF,RIBUV,24.718806,54.548639,0, ,0.0,0.0,0.0,0.0,2,5000,0,1,230,0,0,0
TF,SODEL,24.652833,54.492500,0, ,0.0,0.0,0.0,0.0,0,0,0,0,0,0,0,0
FM,SODEL,24.652833,54.492500,0,ADV,0.0,0.0,306.0,0,0,0,0,0,0,0,0

STAR,ELOV2D,31L,5
IF,ELOVU,24.955917,54.338194, ,0.0,0.0,3,15000,0,1,250,0,0,0
TF,MUVUM,24.634083,54.629167,0, ,0.0,0.0,0.0,0.0,2,11000,0,0,0,0,0,0
TF,AA522,24.559667,54.683583,0, ,0.0,0.0,0.0,0.0,2,10000,0,0,0,0,0,0
TF,ITUGO,24.516111,54.715361,0, ,0.0,0.0,0.0,0.0,3,9000,0,0,0,0,0,0
TF,TONKI,24.445861,54.814222,0, ,0.0,0.0,0.0,0.0,3,8000,0,1,230,0,0,0
TF,LOXIX,24.354528,54.942417,0, ,0.0,0.0,0.0,0.0,0,0,0,0,0,0,0,0
FM,LOXIX,24.354528,54.942417,0,ADV,0.0,0.0,126.0,0,0,0,0,0,0,0,0

STAR,ELOV2D,31R,5
IF,ELOVU,24.955917,54.338194, ,0.0,0.0,3,15000,0,1,250,0,0,0
TF,MUVUM,24.634083,54.629167,0, ,0.0,0.0,0.0,0.0,2,11000,0,0,0,0,0,0
TF,AA522,24.559667,54.683583,0, ,0.0,0.0,0.0,0.0,2,10000,0,0,0,0,0,0
TF,ITUGO,24.516111,54.715361,0, ,0.0,0.0,0.0,0.0,3,9000,0,0,0,0,0,0
TF,TONKI,24.445861,54.814222,0, ,0.0,0.0,0.0,0.0,3,8000,0,1,230,0,0,0
TF,LOXIX,24.354528,54.942417,0, ,0.0,0.0,0.0,0.0,0,0,0,0,0,0,0,0
FM,LOXIX,24.354528,54.942417,0,ADV,0.0,0.0,126.0,0,0,0,0,0,0,0,0

STAR,ELOV3A,13L,5
IF,ELOVU,24.955917,54.338194, ,0.0,0.0,1,11000,0,1,250,0,0,0
TF,MUTOP,24.774250,54.595889,0, ,0.0,0.0,0.0,0.0,0,0,0,0,0,0,0,0
TF,RIBUV,24.718806,54.548639,0, ,0.0,0.0,0.0,0.0,2,5000,0,1,230,0,0,0
TF,SODEL,24.652833,54.492500,0, ,0.0,0.0,0.0,0.0,0,0,0,0,0,0,0,0
TF,OVOLA,24.703944,54.420139,0, ,0.0,0.0,0.0,0.0,0,0,0,0,0,0,0,0
TF,RIGIP,24.767111,54.330500,0, ,0.0,0.0,0.0,0.0,3,5000,0,1,210,0,0,0
TF,AA568,24.714389,54.286000,0, ,0.0,0.0,0.0,0.0,1,4000,0,0,0,0,0,0
TF,ORDAK,24.673556,54.343917,0, ,0.0,0.0,0.0,0.0,1,4000,0,1,210,0,0,0

STAR,ELOV3A,13R,5
IF,ELOVU,24.955917,54.338194, ,0.0,0.0,1,11000,0,1,250,0,0,0
TF,MUTOP,24.774250,54.595889,0, ,0.0,0.0,0.0,0.0,0,0,0,0,0,0,0,0
TF,RIBUV,24.718806,54.548639,0, ,0.0,0.0,0.0,0.0,2,5000,0,1,230,0,0,0
TF,SODEL,24.652833,54.492500,0, ,0.0,0.0,0.0,0.0,0,0,0,0,0,0,0,0
TF,OVOLA,24.703944,54.420139,0, ,0.0,0.0,0.0,0.0,0,0,0,0,0,0,0,0
TF,RIGIP,24.767111,54.330500,0, ,0.0,0.0,0.0,0.0,3,5000,0,1,210,0,0,0
TF,AA568,24.714389,54.286000,0, ,0.0,0.0,0.0,0.0,1,4000,0,0,0,0,0,0
TF,ORDAK,24.673556,54.343917,0, ,0.0,0.0,0.0,0.0,1,4000,0,1,210,0,0,0

STAR,ELOV3C,31L,5
IF,ELOVU,24.955917,54.338194, ,0.0,0.0,3,15000,0,1,250,0,0,0
TF,MUVUM,24.634083,54.629167,0, ,0.0,0.0,0.0,0.0,2,11000,0,0,0,0,0,0
TF,AA522,24.559667,54.683583,0, ,0.0,0.0,0.0,0.0,2,10000,0,0,0,0,0,0
TF,ITUGO,24.516111,54.715361,0, ,0.0,0.0,0.0,0.0,3,9000,0,0,0,0,0,0
TF,TONKI,24.445861,54.814222,0, ,0.0,0.0,0.0,0.0,3,8000,0,1,230,0,0,0
TF,LOXIX,24.354528,54.942417,0, ,0.0,0.0,0.0,0.0,0,0,0,0,0,0,0,0
TF,AA524,24.303139,55.014361,0, ,0.0,0.0,0.0,0.0,0,0,0,0,0,0,0,0
TF,GISVU,24.251722,55.086278,0, ,0.0,0.0,0.0,0.0,3,5000,0,1,210,0,0,0
TF,AA526,24.185833,55.030194,0, ,0.0,0.0,0.0,0.0,1,4000,0,0,0,0,0,0
TF,PEGUM,24.220611,54.981583,0, ,0.0,0.0,0.0,0.0,1,4000,0,1,210,0,0,0

STAR,ELOV3C,31R,5
IF,ELOVU,24.955917,54.338194, ,0.0,0.0,3,15000,0,1,250,0,0,0
TF,MUVUM,24.634083,54.629167,0, ,0.0,0.0,0.0,0.0,2,11000,0,0,0,0,0,0
TF,AA522,24.559667,54.683583,0, ,0.0,0.0,0.0,0.0,2,10000,0,0,0,0,0,0
TF,ITUGO,24.516111,54.715361,0, ,0.0,0.0,0.0,0.0,3,9000,0,0,0,0,0,0
TF,TONKI,24.445861,54.814222,0, ,0.0,0.0,0.0,0.0,3,8000,0,1,230,0,0,0
TF,LOXIX,24.354528,54.942417,0, ,0.0,0.0,0.0,0.0,0,0,0,0,0,0,0,0
TF,AA524,24.303139,55.014361,0, ,0.0,0.0,0.0,0.0,0,0,0,0,0,0,0,0
TF,GISVU,24.251722,55.086278,0, ,0.0,0.0,0.0,0.0,3,5000,0,1,210,0,0,0
TF,AA526,24.185833,55.030194,0, ,0.0,0.0,0.0,0.0,1,4000,0,0,0,0,0,0
TF,PEGUM,24.220611,54.981583,0, ,0.0,0.0,0.0,0.0,1,4000,0,1,210,0,0,0

STAR,EMER1B,13L,5
IF,EMERU,24.808056,55.050833, ,0.0,0.0,3,16000,0,1,250,0,0,0
TF,MUNPA,24.618528,54.926833,0, ,0.0,0.0,0.0,0.0,2,10000,0,0,0,0,0,0
TF,RIDIB,24.541333,54.877472,0, ,0.0,0.0,0.0,0.0,2,9000,0,0,0,0,0,0
TF,SISUG,24.469167,54.831361,0, ,0.0,0.0,0.0,0.0,1,8000,0,0,0,0,0,0
TF,TUMEX,24.511389,54.692222,0, ,0.0,0.0,0.0,0.0,4,8000,7000,0,0,0,0,0
TF,IVEPO,24.579611,54.596028,0, ,0.0,0.0,0.0,0.0,0,0,0,0,0,0,0,0
TF,SODEL,24.652833,54.492500,0, ,0.0,0.0,0.0,0.0,0,0,0,1,230,0,0,0
FM,SODEL,24.652833,54.492500,0,ADV,0.0,0.0,306.0,0,0,0,0,0,0,0,0

STAR,EMER1B,13R,5
IF,EMERU,24.808056,55.050833, ,0.0,0.0,3,16000,0,1,250,0,0,0
TF,MUNPA,24.618528,54.926833,0, ,0.0,0.0,0.0,0.0,2,10000,0,0,0,0,0,0
TF,RIDIB,24.541333,54.877472,0, ,0.0,0.0,0.0,0.0,2,9000,0,0,0,0,0,0
TF,SISUG,24.469167,54.831361,0, ,0.0,0.0,0.0,0.0,1,8000,0,0,0,0,0,0
TF,TUMEX,24.511389,54.692222,0, ,0.0,0.0,0.0,0.0,4,8000,7000,0,0,0,0,0
TF,IVEPO,24.579611,54.596028,0, ,0.0,0.0,0.0,0.0,0,0,0,0,0,0,0,0
TF,SODEL,24.652833,54.492500,0, ,0.0,0.0,0.0,0.0,0,0,0,1,230,0,0,0
FM,SODEL,24.652833,54.492500,0,ADV,0.0,0.0,306.0,0,0,0,0,0,0,0,0

STAR,EMER2A,13L,5
IF,EMERU,24.808056,55.050833, ,0.0,0.0,3,16000,0,1,250,0,0,0
TF,MUNPA,24.618528,54.926833,0, ,0.0,0.0,0.0,0.0,2,10000,0,0,0,0,0,0
TF,RIDIB,24.541333,54.877472,0, ,0.0,0.0,0.0,0.0,2,9000,0,0,0,0,0,0
TF,SISUG,24.469167,54.831361,0, ,0.0,0.0,0.0,0.0,1,8000,0,0,0,0,0,0
TF,TUMEX,24.511389,54.692222,0, ,0.0,0.0,0.0,0.0,4,8000,7000,0,0,0,0,0
TF,IVEPO,24.579611,54.596028,0, ,0.0,0.0,0.0,0.0,0,0,0,0,0,0,0,0
TF,SODEL,24.652833,54.492500,0, ,0.0,0.0,0.0,0.0,0,0,0,1,230,0,0,0
TF,OVOLA,24.703944,54.420139,0, ,0.0,0.0,0.0,0.0,0,0,0,0,0,0,0,0
TF,RIGIP,24.767111,54.330500,0, ,0.0,0.0,0.0,0.0,3,5000,0,1,210,0,0,0
TF,AA568,24.714389,54.286000,0, ,0.0,0.0,0.0,0.0,1,4000,0,0,0,0,0,0
TF,ORDAK,24.673556,54.343917,0, ,0.0,0.0,0.0,0.0,1,4000,0,1,210,0,0,0

STAR,EMER2A,13R,5
IF,EMERU,24.808056,55.050833, ,0.0,0.0,3,16000,0,1,250,0,0,0
TF,MUNPA,24.618528,54.926833,0, ,0.0,0.0,0.0,0.0,2,10000,0,0,0,0,0,0
TF,RIDIB,24.541333,54.877472,0, ,0.0,0.0,0.0,0.0,2,9000,0,0,0,0,0,0
TF,SISUG,24.469167,54.831361,0, ,0.0,0.0,0.0,0.0,1,8000,0,0,0,0,0,0
TF,TUMEX,24.511389,54.692222,0, ,0.0,0.0,0.0,0.0,4,8000,7000,0,0,0,0,0
TF,IVEPO,24.579611,54.596028,0, ,0.0,0.0,0.0,0.0,0,0,0,0,0,0,0,0
TF,SODEL,24.652833,54.492500,0, ,0.0,0.0,0.0,0.0,0,0,0,1,230,0,0,0
TF,OVOLA,24.703944,54.420139,0, ,0.0,0.0,0.0,0.0,0,0,0,0,0,0,0,0
TF,RIGIP,24.767111,54.330500,0, ,0.0,0.0,0.0,0.0,3,5000,0,1,210,0,0,0
TF,AA568,24.714389,54.286000,0, ,0.0,0.0,0.0,0.0,1,4000,0,0,0,0,0,0
TF,ORDAK,24.673556,54.343917,0, ,0.0,0.0,0.0,0.0,1,4000,0,1,210,0,0,0

STAR,EMER2D,31L,5
IF,EMERU,24.808056,55.050833, ,0.0,0.0,3,16000,0,1,250,0,0,0
TF,TUGVA,24.583889,54.904222,0, ,0.0,0.0,0.0,0.0,3,10000,0,0,0,0,0,0
TF,TONKI,24.445861,54.814222,0, ,0.0,0.0,0.0,0.0,3,8000,0,1,230,0,0,0
TF,LOXIX,24.354528,54.942417,0, ,0.0,0.0,0.0,0.0,0,0,0,0,0,0,0,0
FM,LOXIX,24.354528,54.942417,0,ADV,0.0,0.0,126.0,0,0,0,0,0,0,0,0

STAR,EMER2D,31R,5
IF,EMERU,24.808056,55.050833, ,0.0,0.0,3,16000,0,1,250,0,0,0
TF,TUGVA,24.583889,54.904222,0, ,0.0,0.0,0.0,0.0,3,10000,0,0,0,0,0,0
TF,TONKI,24.445861,54.814222,0, ,0.0,0.0,0.0,0.0,3,8000,0,1,230,0,0,0
TF,LOXIX,24.354528,54.942417,0, ,0.0,0.0,0.0,0.0,0,0,0,0,0,0,0,0
FM,LOXIX,24.354528,54.942417,0,ADV,0.0,0.0,126.0,0,0,0,0,0,0,0,0

STAR,EMER3C,31L,5
IF,EMERU,24.808056,55.050833, ,0.0,0.0,3,16000,0,1,250,0,0,0
TF,TUGVA,24.583889,54.904222,0, ,0.0,0.0,0.0,0.0,3,10000,0,0,0,0,0,0
TF,TONKI,24.445861,54.814222,0, ,0.0,0.0,0.0,0.0,3,8000,0,1,230,0,0,0
TF,LOXIX,24.354528,54.942417,0, ,0.0,0.0,0.0,0.0,0,0,0,0,0,0,0,0
TF,AA524,24.303139,55.014361,0, ,0.0,0.0,0.0,0.0,0,0,0,0,0,0,0,0
TF,GISVU,24.251722,55.086278,0, ,0.0,0.0,0.0,0.0,3,5000,0,1,210,0,0,0
TF,AA526,24.185833,55.030194,0, ,0.0,0.0,0.0,0.0,1,4000,0,0,0,0,0,0
TF,PEGUM,24.220611,54.981583,0, ,0.0,0.0,0.0,0.0,1,4000,0,1,210,0,0,0

STAR,EMER3C,31R,5
IF,EMERU,24.808056,55.050833, ,0.0,0.0,3,16000,0,1,250,0,0,0
TF,TUGVA,24.583889,54.904222,0, ,0.0,0.0,0.0,0.0,3,10000,0,0,0,0,0,0
TF,TONKI,24.445861,54.814222,0, ,0.0,0.0,0.0,0.0,3,8000,0,1,230,0,0,0
TF,LOXIX,24.354528,54.942417,0, ,0.0,0.0,0.0,0.0,0,0,0,0,0,0,0,0
TF,AA524,24.303139,55.014361,0, ,0.0,0.0,0.0,0.0,0,0,0,0,0,0,0,0
TF,GISVU,24.251722,55.086278,0, ,0.0,0.0,0.0,0.0,3,5000,0,1,210,0,0,0
TF,AA526,24.185833,55.030194,0, ,0.0,0.0,0.0,0.0,1,4000,0,0,0,0,0,0
TF,PEGUM,24.220611,54.981583,0, ,0.0,0.0,0.0,0.0,1,4000,0,1,210,0,0,0

STAR,GIDO1D,31L,5
IF,GIDOB,24.745917,53.997944, ,0.0,0.0,3,15000,0,1,250,0,0,0
TF,ORGAD,24.593556,54.332194,0, ,0.0,0.0,0.0,0.0,0,0,0,0,0,0,0,0
TF,VEDEX,24.567222,54.461667,0, ,0.0,0.0,0.0,0.0,2,11000,0,0,0,0,0,0
TF,ITUGO,24.516111,54.715361,0, ,0.0,0.0,0.0,0.0,3,9000,0,0,0,0,0,0
TF,TONKI,24.445861,54.814222,0, ,0.0,0.0,0.0,0.0,3,8000,0,1,230,0,0,0
TF,LOXIX,24.354528,54.942417,0, ,0.0,0.0,0.0,0.0,0,0,0,0,0,0,0,0
FM,LOXIX,24.354528,54.942417,0,ADV,0.0,0.0,126.0,0,0,0,0,0,0,0,0

STAR,GIDO1D,31R,5
IF,GIDOB,24.745917,53.997944, ,0.0,0.0,3,15000,0,1,250,0,0,0
TF,ORGAD,24.593556,54.332194,0, ,0.0,0.0,0.0,0.0,0,0,0,0,0,0,0,0
TF,VEDEX,24.567222,54.461667,0, ,0.0,0.0,0.0,0.0,2,11000,0,0,0,0,0,0
TF,ITUGO,24.516111,54.715361,0, ,0.0,0.0,0.0,0.0,3,9000,0,0,0,0,0,0
TF,TONKI,24.445861,54.814222,0, ,0.0,0.0,0.0,0.0,3,8000,0,1,230,0,0,0
TF,LOXIX,24.354528,54.942417,0, ,0.0,0.0,0.0,0.0,0,0,0,0,0,0,0,0
FM,LOXIX,24.354528,54.942417,0,ADV,0.0,0.0,126.0,0,0,0,0,0,0,0,0

STAR,GIDO2B,13L,5
IF,GIDOB,24.745917,53.997944, ,0.0,0.0,3,12000,0,1,250,0,0,0
TF,TOMDO,24.833250,54.386444,0, ,0.0,0.0,0.0,0.0,4,10000,8000,0,0,0,0,0
TF,RIBUV,24.718806,54.548639,0, ,0.0,0.0,0.0,0.0,2,5000,0,1,230,0,0,0
TF,SODEL,24.652833,54.492500,0, ,0.0,0.0,0.0,0.0,0,0,0,0,0,0,0,0
FM,SODEL,24.652833,54.492500,0,ADV,0.0,0.0,306.0,0,0,0,0,0,0,0,0

STAR,GIDO2B,13R,5
IF,GIDOB,24.745917,53.997944, ,0.0,0.0,3,12000,0,1,250,0,0,0
TF,TOMDO,24.833250,54.386444,0, ,0.0,0.0,0.0,0.0,4,10000,8000,0,0,0,0,0
TF,RIBUV,24.718806,54.548639,0, ,0.0,0.0,0.0,0.0,2,5000,0,1,230,0,0,0
TF,SODEL,24.652833,54.492500,0, ,0.0,0.0,0.0,0.0,0,0,0,0,0,0,0,0
FM,SODEL,24.652833,54.492500,0,ADV,0.0,0.0,306.0,0,0,0,0,0,0,0,0

STAR,GIDO2C,31L,5
IF,GIDOB,24.745917,53.997944, ,0.0,0.0,3,15000,0,1,250,0,0,0
TF,ORGAD,24.593556,54.332194,0, ,0.0,0.0,0.0,0.0,0,0,0,0,0,0,0,0
TF,VEDEX,24.567222,54.461667,0, ,0.0,0.0,0.0,0.0,2,11000,0,0,0,0,0,0
TF,ITUGO,24.516111,54.715361,0, ,0.0,0.0,0.0,0.0,3,9000,0,0,0,0,0,0
TF,TONKI,24.445861,54.814222,0, ,0.0,0.0,0.0,0.0,3,8000,0,1,230,0,0,0
TF,LOXIX,24.354528,54.942417,0, ,0.0,0.0,0.0,0.0,0,0,0,0,0,0,0,0
TF,AA524,24.303139,55.014361,0, ,0.0,0.0,0.0,0.0,0,0,0,0,0,0,0,0
TF,GISVU,24.251722,55.086278,0, ,0.0,0.0,0.0,0.0,3,5000,0,1,210,0,0,0
TF,AA526,24.185833,55.030194,0, ,0.0,0.0,0.0,0.0,1,4000,0,0,0,0,0,0
TF,PEGUM,24.220611,54.981583,0, ,0.0,0.0,0.0,0.0,1,4000,0,1,210,0,0,0

STAR,GIDO2C,31R,5
IF,GIDOB,24.745917,53.997944, ,0.0,0.0,3,15000,0,1,250,0,0,0
TF,ORGAD,24.593556,54.332194,0, ,0.0,0.0,0.0,0.0,0,0,0,0,0,0,0,0
TF,VEDEX,24.567222,54.461667,0, ,0.0,0.0,0.0,0.0,2,11000,0,0,0,0,0,0
TF,ITUGO,24.516111,54.715361,0, ,0.0,0.0,0.0,0.0,3,9000,0,0,0,0,0,0
TF,TONKI,24.445861,54.814222,0, ,0.0,0.0,0.0,0.0,3,8000,0,1,230,0,0,0
TF,LOXIX,24.354528,54.942417,0, ,0.0,0.0,0.0,0.0,0,0,0,0,0,0,0,0
TF,AA524,24.303139,55.014361,0, ,0.0,0.0,0.0,0.0,0,0,0,0,0,0,0,0
TF,GISVU,24.251722,55.086278,0, ,0.0,0.0,0.0,0.0,3,5000,0,1,210,0,0,0
TF,AA526,24.185833,55.030194,0, ,0.0,0.0,0.0,0.0,1,4000,0,0,0,0,0,0
TF,PEGUM,24.220611,54.981583,0, ,0.0,0.0,0.0,0.0,1,4000,0,1,210,0,0,0

STAR,GIDO2M,31L,5
IF,GIDOB,24.745917,53.997944, ,0.0,0.0,3,15000,0,1,250,0,0,0
TF,ORGAD,24.593556,54.332194,0, ,0.0,0.0,0.0,0.0,2,11000,0,0,0,0,0,0
TF,ORMED,24.419583,54.522611,0, ,0.0,0.0,0.0,0.0,4,9000,7000,1,230,0,0,0
TF,TAPTO,24.208333,54.818306,0, ,0.0,0.0,0.0,0.0,0,0,0,0,0,0,0,0
FM,TAPTO,24.208333,54.818306,0,ADV,0.0,0.0,126.0,0,0,0,0,0,0,0,0

STAR,GIDO2M,31R,5
IF,GIDOB,24.745917,53.997944, ,0.0,0.0,3,15000,0,1,250,0,0,0
TF,ORGAD,24.593556,54.332194,0, ,0.0,0.0,0.0,0.0,2,11000,0,0,0,0,0,0
TF,ORMED,24.419583,54.522611,0, ,0.0,0.0,0.0,0.0,4,9000,7000,1,230,0,0,0
TF,TAPTO,24.208333,54.818306,0, ,0.0,0.0,0.0,0.0,0,0,0,0,0,0,0,0
FM,TAPTO,24.208333,54.818306,0,ADV,0.0,0.0,126.0,0,0,0,0,0,0,0,0

STAR,GIDO3A,13L,5
IF,GIDOB,24.745917,53.997944, ,0.0,0.0,3,12000,0,1,250,0,0,0
TF,TOMDO,24.833250,54.386444,0, ,0.0,0.0,0.0,0.0,4,10000,8000,0,0,0,0,0
TF,RIBUV,24.718806,54.548639,0, ,0.0,0.0,0.0,0.0,2,5000,0,1,230,0,0,0
TF,SODEL,24.652833,54.492500,0, ,0.0,0.0,0.0,0.0,0,0,0,0,0,0,0,0
TF,OVOLA,24.703944,54.420139,0, ,0.0,0.0,0.0,0.0,0,0,0,0,0,0,0,0
TF,RIGIP,24.767111,54.330500,0, ,0.0,0.0,0.0,0.0,3,5000,0,1,210,0,0,0
TF,AA568,24.714389,54.286000,0, ,0.0,0.0,0.0,0.0,1,4000,0,0,0,0,0,0
TF,ORDAK,24.673556,54.343917,0, ,0.0,0.0,0.0,0.0,1,4000,0,1,210,0,0,0

STAR,GIDO3A,13R,5
IF,GIDOB,24.745917,53.997944, ,0.0,0.0,3,12000,0,1,250,0,0,0
TF,TOMDO,24.833250,54.386444,0, ,0.0,0.0,0.0,0.0,4,10000,8000,0,0,0,0,0
TF,RIBUV,24.718806,54.548639,0, ,0.0,0.0,0.0,0.0,2,5000,0,1,230,0,0,0
TF,SODEL,24.652833,54.492500,0, ,0.0,0.0,0.0,0.0,0,0,0,0,0,0,0,0
TF,OVOLA,24.703944,54.420139,0, ,0.0,0.0,0.0,0.0,0,0,0,0,0,0,0,0
TF,RIGIP,24.767111,54.330500,0, ,0.0,0.0,0.0,0.0,3,5000,0,1,210,0,0,0
TF,AA568,24.714389,54.286000,0, ,0.0,0.0,0.0,0.0,1,4000,0,0,0,0,0,0
TF,ORDAK,24.673556,54.343917,0, ,0.0,0.0,0.0,0.0,1,4000,0,1,210,0,0,0

STAR,GIDO3J,31L,5
IF,GIDOB,24.745917,53.997944, ,0.0,0.0,3,15000,0,1,250,0,0,0
TF,ORGAD,24.593556,54.332194,0, ,0.0,0.0,0.0,0.0,2,11000,0,0,0,0,0,0
TF,ORMED,24.419583,54.522611,0, ,0.0,0.0,0.0,0.0,4,9000,7000,1,230,0,0,0
TF,TAPTO,24.208333,54.818306,0, ,0.0,0.0,0.0,0.0,0,0,0,0,0,0,0,0
TF,AA519,24.157000,54.890222,0, ,0.0,0.0,0.0,0.0,0,0,0,0,0,0,0,0
TF,BOSIG,24.105639,54.962083,0, ,0.0,0.0,0.0,0.0,0,0,0,1,210,0,0,0
TF,AA520,24.171556,55.018083,0, ,0.0,0.0,0.0,0.0,2,6000,0,0,0,0,0,0
TF,ITREN,24.206333,54.969472,0, ,0.0,0.0,0.0,0.0,2,5000,0,1,210,0,0,0

STAR,GIDO3J,31R,5
IF,GIDOB,24.745917,53.997944, ,0.0,0.0,3,15000,0,1,250,0,0,0
TF,ORGAD,24.593556,54.332194,0, ,0.0,0.0,0.0,0.0,2,11000,0,0,0,0,0,0
TF,ORMED,24.419583,54.522611,0, ,0.0,0.0,0.0,0.0,4,9000,7000,1,230,0,0,0
TF,TAPTO,24.208333,54.818306,0, ,0.0,0.0,0.0,0.0,0,0,0,0,0,0,0,0
TF,AA519,24.157000,54.890222,0, ,0.0,0.0,0.0,0.0,0,0,0,0,0,0,0,0
TF,BOSIG,24.105639,54.962083,0, ,0.0,0.0,0.0,0.0,0,0,0,1,210,0,0,0
TF,AA520,24.171556,55.018083,0, ,0.0,0.0,0.0,0.0,2,6000,0,0,0,0,0,0
TF,ITREN,24.206333,54.969472,0, ,0.0,0.0,0.0,0.0,2,5000,0,1,210,0,0,0

STAR,NOBT3H,13L,5
IF,NOBTO,23.923611,55.311111, ,0.0,0.0,3,15000,0,1,250,0,0,0
TF,SITIB,24.022556,55.101306,0, ,0.0,0.0,0.0,0.0,0,0,0,0,0,0,0,0
TF,PUVUT,24.120278,54.972500,0, ,0.0,0.0,0.0,0.0,2,10000,0,0,0,0,0,0
TF,SISUG,24.469167,54.831361,0, ,0.0,0.0,0.0,0.0,1,8000,0,0,0,0,0,0
TF,TUMEX,24.511389,54.692222,0, ,0.0,0.0,0.0,0.0,4,8000,7000,0,0,0,0,0
TF,IVEPO,24.579611,54.596028,0, ,0.0,0.0,0.0,0.0,0,0,0,0,0,0,0,0
TF,SODEL,24.652833,54.492500,0, ,0.0,0.0,0.0,0.0,0,0,0,1,230,0,0,0
TF,OVOLA,24.703944,54.420139,0, ,0.0,0.0,0.0,0.0,0,0,0,0,0,0,0,0
TF,RIGIP,24.767111,54.330500,0, ,0.0,0.0,0.0,0.0,3,5000,0,1,210,0,0,0
TF,AA568,24.714389,54.286000,0, ,0.0,0.0,0.0,0.0,1,4000,0,0,0,0,0,0
TF,ORDAK,24.673556,54.343917,0, ,0.0,0.0,0.0,0.0,1,4000,0,1,210,0,0,0

STAR,NOBT3H,13R,5
IF,NOBTO,23.923611,55.311111, ,0.0,0.0,3,15000,0,1,250,0,0,0
TF,SITIB,24.022556,55.101306,0, ,0.0,0.0,0.0,0.0,0,0,0,0,0,0,0,0
TF,PUVUT,24.120278,54.972500,0, ,0.0,0.0,0.0,0.0,2,10000,0,0,0,0,0,0
TF,SISUG,24.469167,54.831361,0, ,0.0,0.0,0.0,0.0,1,8000,0,0,0,0,0,0
TF,TUMEX,24.511389,54.692222,0, ,0.0,0.0,0.0,0.0,4,8000,7000,0,0,0,0,0
TF,IVEPO,24.579611,54.596028,0, ,0.0,0.0,0.0,0.0,0,0,0,0,0,0,0,0
TF,SODEL,24.652833,54.492500,0, ,0.0,0.0,0.0,0.0,0,0,0,1,230,0,0,0
TF,OVOLA,24.703944,54.420139,0, ,0.0,0.0,0.0,0.0,0,0,0,0,0,0,0,0
TF,RIGIP,24.767111,54.330500,0, ,0.0,0.0,0.0,0.0,3,5000,0,1,210,0,0,0
TF,AA568,24.714389,54.286000,0, ,0.0,0.0,0.0,0.0,1,4000,0,0,0,0,0,0
TF,ORDAK,24.673556,54.343917,0, ,0.0,0.0,0.0,0.0,1,4000,0,1,210,0,0,0

STAR,NOBT4J,31L,5
IF,NOBTO,23.923611,55.311111, ,0.0,0.0,4,13000,10000,1,250,0,0,0
TF,SITIB,24.022556,55.101306,0, ,0.0,0.0,0.0,0.0,0,0,0,1,230,0,0,0
TF,KITOX,24.361528,55.184306,0, ,0.0,0.0,0.0,0.0,3,12000,0,0,0,0,0,0
TF,GEXOD,24.393611,55.079167,0, ,0.0,0.0,0.0,0.0,2,6000,0,1,230,0,0,0
TF,LORUP,24.417667,55.000667,0, ,0.0,0.0,0.0,0.0,3,9000,0,0,0,0,0,0
TF,LOXIX,24.354528,54.942417,0, ,0.0,0.0,0.0,0.0,0,0,0,0,0,0,0,0
TF,AA524,24.303139,55.014361,1, ,0.0,0.0,0.0,0.0,0,0,0,0,0,0,0,0
TF,GISVU,24.251722,55.086278,0, ,0.0,0.0,0.0,0.0,3,5000,0,1,210,0,0,0
TF,AA526,24.185833,55.030194,0, ,0.0,0.0,0.0,0.0,1,4000,0,0,0,0,0,0
TF,PEGUM,24.220611,54.981583,0, ,0.0,0.0,0.0,0.0,1,4000,0,1,210,0,0,0

STAR,NOBT4J,31R,5
IF,NOBTO,23.923611,55.311111, ,0.0,0.0,4,13000,10000,1,250,0,0,0
TF,SITIB,24.022556,55.101306,0, ,0.0,0.0,0.0,0.0,0,0,0,1,230,0,0,0
TF,KITOX,24.361528,55.184306,0, ,0.0,0.0,0.0,0.0,3,12000,0,0,0,0,0,0
TF,GEXOD,24.393611,55.079167,0, ,0.0,0.0,0.0,0.0,2,6000,0,1,230,0,0,0
TF,LORUP,24.417667,55.000667,0, ,0.0,0.0,0.0,0.0,3,9000,0,0,0,0,0,0
TF,LOXIX,24.354528,54.942417,0, ,0.0,0.0,0.0,0.0,0,0,0,0,0,0,0,0
TF,AA524,24.303139,55.014361,1, ,0.0,0.0,0.0,0.0,0,0,0,0,0,0,0,0
TF,GISVU,24.251722,55.086278,0, ,0.0,0.0,0.0,0.0,3,5000,0,1,210,0,0,0
TF,AA526,24.185833,55.030194,0, ,0.0,0.0,0.0,0.0,1,4000,0,0,0,0,0,0
TF,PEGUM,24.220611,54.981583,0, ,0.0,0.0,0.0,0.0,1,4000,0,1,210,0,0,0

STAR,NOBT6B,13L,5
IF,NOBTO,23.923611,55.311111, ,0.0,0.0,3,15000,0,1,250,0,0,0
TF,SITIB,24.022556,55.101306,0, ,0.0,0.0,0.0,0.0,0,0,0,0,0,0,0,0
TF,PUVUT,24.120278,54.972500,0, ,0.0,0.0,0.0,0.0,2,10000,0,0,0,0,0,0
TF,NOPNU,24.325500,54.684861,0, ,0.0,0.0,0.0,0.0,3,9000,0,0,0,0,0,0
TF,OBVIK,24.434278,54.531694,0, ,0.0,0.0,0.0,0.0,2,8000,0,0,0,0,0,0
TF,SIVOV,24.533972,54.391528,0, ,0.0,0.0,0.0,0.0,0,0,0,1,230,0,0,0
FM,SIVOV,24.533972,54.391528,0,ADV,0.0,0.0,306.0,0,0,0,0,0,0,0,0

STAR,NOBT6B,13R,5
IF,NOBTO,23.923611,55.311111, ,0.0,0.0,3,15000,0,1,250,0,0,0
TF,SITIB,24.022556,55.101306,0, ,0.0,0.0,0.0,0.0,0,0,0,0,0,0,0,0
TF,PUVUT,24.120278,54.972500,0, ,0.0,0.0,0.0,0.0,2,10000,0,0,0,0,0,0
TF,NOPNU,24.325500,54.684861,0, ,0.0,0.0,0.0,0.0,3,9000,0,0,0,0,0,0
TF,OBVIK,24.434278,54.531694,0, ,0.0,0.0,0.0,0.0,2,8000,0,0,0,0,0,0
TF,SIVOV,24.533972,54.391528,0, ,0.0,0.0,0.0,0.0,0,0,0,1,230,0,0,0
FM,SIVOV,24.533972,54.391528,0,ADV,0.0,0.0,306.0,0,0,0,0,0,0,0,0

STAR,NOBT6D,31L,5
IF,NOBTO,23.923611,55.311111, ,0.0,0.0,4,13000,10000,1,250,0,0,0
TF,SITIB,24.022556,55.101306,0, ,0.0,0.0,0.0,0.0,0,0,0,1,230,0,0,0
TF,MERPU,24.054250,55.033889,0, ,0.0,0.0,0.0,0.0,2,7000,0,0,0,0,0,0
FM,MERPU,24.054250,55.033889,0,ADV,0.0,0.0,337.0,0,0,0,0,0,0,0,0

STAR,NOBT6D,31R,5
IF,NOBTO,23.923611,55.311111, ,0.0,0.0,4,13000,10000,1,250,0,0,0
TF,SITIB,24.022556,55.101306,0, ,0.0,0.0,0.0,0.0,0,0,0,1,230,0,0,0
TF,MERPU,24.054250,55.033889,0, ,0.0,0.0,0.0,0.0,2,7000,0,0,0,0,0,0
FM,MERPU,24.054250,55.033889,0,ADV,0.0,0.0,337.0,0,0,0,0,0,0,0,0

STAR,NOBT7A,13L,5
IF,NOBTO,23.923611,55.311111, ,0.0,0.0,3,15000,0,1,250,0,0,0
TF,SITIB,24.022556,55.101306,0, ,0.0,0.0,0.0,0.0,0,0,0,0,0,0,0,0
TF,PUVUT,24.120278,54.972500,0, ,0.0,0.0,0.0,0.0,2,10000,0,0,0,0,0,0
TF,NOPNU,24.325500,54.684861,0, ,0.0,0.0,0.0,0.0,3,9000,0,0,0,0,0,0
TF,OBVIK,24.434278,54.531694,0, ,0.0,0.0,0.0,0.0,2,8000,0,0,0,0,0,0
TF,SIVOV,24.533972,54.391528,0, ,0.0,0.0,0.0,0.0,0,0,0,1,230,0,0,0
TF,DEGVO,24.585250,54.319417,0, ,0.0,0.0,0.0,0.0,0,0,0,0,0,0,0,0
TF,PAXIK,24.648306,54.230194,0, ,0.0,0.0,0.0,0.0,0,0,0,1,210,0,0,0
TF,AA583,24.700278,54.274028,0, ,0.0,0.0,0.0,0.0,2,6000,0,0,0,0,0,0
TF,IMSIG,24.659333,54.331861,0, ,0.0,0.0,0.0,0.0,2,5000,0,1,210,0,0,0

STAR,NOBT7A,13R,5
IF,NOBTO,23.923611,55.311111, ,0.0,0.0,3,15000,0,1,250,0,0,0
TF,SITIB,24.022556,55.101306,0, ,0.0,0.0,0.0,0.0,0,0,0,0,0,0,0,0
TF,PUVUT,24.120278,54.972500,0, ,0.0,0.0,0.0,0.0,2,10000,0,0,0,0,0,0
TF,NOPNU,24.325500,54.684861,0, ,0.0,0.0,0.0,0.0,3,9000,0,0,0,0,0,0
TF,OBVIK,24.434278,54.531694,0, ,0.0,0.0,0.0,0.0,2,8000,0,0,0,0,0,0
TF,SIVOV,24.533972,54.391528,0, ,0.0,0.0,0.0,0.0,0,0,0,1,230,0,0,0
TF,DEGVO,24.585250,54.319417,0, ,0.0,0.0,0.0,0.0,0,0,0,0,0,0,0,0
TF,PAXIK,24.648306,54.230194,0, ,0.0,0.0,0.0,0.0,0,0,0,1,210,0,0,0
TF,AA583,24.700278,54.274028,0, ,0.0,0.0,0.0,0.0,2,6000,0,0,0,0,0,0
TF,IMSIG,24.659333,54.331861,0, ,0.0,0.0,0.0,0.0,2,5000,0,1,210,0,0,0

STAR,NOBT7C,31L,5
IF,NOBTO,23.923611,55.311111, ,0.0,0.0,4,13000,10000,1,250,0,0,0
TF,SITIB,24.022556,55.101306,0, ,0.0,0.0,0.0,0.0,0,0,0,1,230,0,0,0
TF,MERPU,24.054250,55.033889,0, ,0.0,0.0,0.0,0.0,2,7000,0,0,0,0,0,0
TF,BOSIG,24.105639,54.962083,0, ,0.0,0.0,0.0,0.0,0,0,0,1,210,0,0,0
TF,AA520,24.171556,55.018083,0, ,0.0,0.0,0.0,0.0,2,6000,0,0,0,0,0,0
TF,ITREN,24.206333,54.969472,0, ,0.0,0.0,0.0,0.0,2,5000,0,1,210,0,0,0

STAR,NOBT7C,31R,5
IF,NOBTO,23.923611,55.311111, ,0.0,0.0,4,13000,10000,1,250,0,0,0
TF,SITIB,24.022556,55.101306,0, ,0.0,0.0,0.0,0.0,0,0,0,1,230,0,0,0
TF,MERPU,24.054250,55.033889,0, ,0.0,0.0,0.0,0.0,2,7000,0,0,0,0,0,0
TF,BOSIG,24.105639,54.962083,0, ,0.0,0.0,0.0,0.0,0,0,0,1,210,0,0,0
TF,AA520,24.171556,55.018083,0, ,0.0,0.0,0.0,0.0,2,6000,0,0,0,0,0,0
TF,ITREN,24.206333,54.969472,0, ,0.0,0.0,0.0,0.0,2,5000,0,1,210,0,0,0

STAR,ROVO3H,13L,5
IF,ROVOS,24.306944,55.361944, ,0.0,0.0,3,15000,0,1,250,0,0,0
TF,PUVUT,24.120278,54.972500,0, ,0.0,0.0,0.0,0.0,2,10000,0,0,0,0,0,0
TF,NOPNU,24.325500,54.684861,0, ,0.0,0.0,0.0,0.0,3,9000,0,0,0,0,0,0
TF,OBVIK,24.434278,54.531694,0, ,0.0,0.0,0.0,0.0,2,8000,0,0,0,0,0,0
TF,SIVOV,24.533972,54.391528,0, ,0.0,0.0,0.0,0.0,0,0,0,1,230,0,0,0
TF,DEGVO,24.585250,54.319417,0, ,0.0,0.0,0.0,0.0,0,0,0,0,0,0,0,0
TF,PAXIK,24.648306,54.230194,0, ,0.0,0.0,0.0,0.0,0,0,0,1,210,0,0,0
TF,AA583,24.700278,54.274028,0, ,0.0,0.0,0.0,0.0,2,6000,0,0,0,0,0,0
TF,IMSIG,24.659333,54.331861,0, ,0.0,0.0,0.0,0.0,2,5000,0,1,210,0,0,0

STAR,ROVO3H,13R,5
IF,ROVOS,24.306944,55.361944, ,0.0,0.0,3,15000,0,1,250,0,0,0
TF,PUVUT,24.120278,54.972500,0, ,0.0,0.0,0.0,0.0,2,10000,0,0,0,0,0,0
TF,NOPNU,24.325500,54.684861,0, ,0.0,0.0,0.0,0.0,3,9000,0,0,0,0,0,0
TF,OBVIK,24.434278,54.531694,0, ,0.0,0.0,0.0,0.0,2,8000,0,0,0,0,0,0
TF,SIVOV,24.533972,54.391528,0, ,0.0,0.0,0.0,0.0,0,0,0,1,230,0,0,0
TF,DEGVO,24.585250,54.319417,0, ,0.0,0.0,0.0,0.0,0,0,0,0,0,0,0,0
TF,PAXIK,24.648306,54.230194,0, ,0.0,0.0,0.0,0.0,0,0,0,1,210,0,0,0
TF,AA583,24.700278,54.274028,0, ,0.0,0.0,0.0,0.0,2,6000,0,0,0,0,0,0
TF,IMSIG,24.659333,54.331861,0, ,0.0,0.0,0.0,0.0,2,5000,0,1,210,0,0,0

STAR,ROVO3J,31L,5
IF,ROVOS,24.306944,55.361944, ,0.0,0.0,4,13000,10000,1,250,0,0,0
TF,MERPU,24.054250,55.033889,0, ,0.0,0.0,0.0,0.0,2,7000,0,1,230,0,0,0
TF,BOSIG,24.105639,54.962083,0, ,0.0,0.0,0.0,0.0,0,0,0,1,210,0,0,0
TF,AA520,24.171556,55.018083,0, ,0.0,0.0,0.0,0.0,2,6000,0,0,0,0,0,0
TF,ITREN,24.206333,54.969472,0, ,0.0,0.0,0.0,0.0,2,5000,0,1,210,0,0,0

STAR,ROVO3J,31R,5
IF,ROVOS,24.306944,55.361944, ,0.0,0.0,4,13000,10000,1,250,0,0,0
TF,MERPU,24.054250,55.033889,0, ,0.0,0.0,0.0,0.0,2,7000,0,1,230,0,0,0
TF,BOSIG,24.105639,54.962083,0, ,0.0,0.0,0.0,0.0,0,0,0,1,210,0,0,0
TF,AA520,24.171556,55.018083,0, ,0.0,0.0,0.0,0.0,2,6000,0,0,0,0,0,0
TF,ITREN,24.206333,54.969472,0, ,0.0,0.0,0.0,0.0,2,5000,0,1,210,0,0,0

STAR,ROVO4B,13L,5
IF,ROVOS,24.306944,55.361944, ,0.0,0.0,3,15000,0,1,250,0,0,0
TF,KITOX,24.361528,55.184306,0, ,0.0,0.0,0.0,0.0,0,0,0,0,0,0,0,0
TF,GEXOD,24.393611,55.079167,0, ,0.0,0.0,0.0,0.0,0,0,0,0,0,0,0,0
TF,LORUP,24.417667,55.000667,0, ,0.0,0.0,0.0,0.0,0,0,0,0,0,0,0,0
TF,SISUG,24.469167,54.831361,0, ,0.0,0.0,0.0,0.0,1,8000,0,0,0,0,0,0
TF,TUMEX,24.511389,54.692222,0, ,0.0,0.0,0.0,0.0,4,8000,7000,0,0,0,0,0
TF,IVEPO,24.579611,54.596028,0, ,0.0,0.0,0.0,0.0,0,0,0,0,0,0,0,0
TF,SODEL,24.652833,54.492500,0, ,0.0,0.0,0.0,0.0,0,0,0,1,230,0,0,0
FM,SODEL,24.652833,54.492500,0,ADV,0.0,0.0,306.0,0,0,0,0,0,0,0,0

STAR,ROVO4B,13R,5
IF,ROVOS,24.306944,55.361944, ,0.0,0.0,3,15000,0,1,250,0,0,0
TF,KITOX,24.361528,55.184306,0, ,0.0,0.0,0.0,0.0,0,0,0,0,0,0,0,0
TF,GEXOD,24.393611,55.079167,0, ,0.0,0.0,0.0,0.0,0,0,0,0,0,0,0,0
TF,LORUP,24.417667,55.000667,0, ,0.0,0.0,0.0,0.0,0,0,0,0,0,0,0,0
TF,SISUG,24.469167,54.831361,0, ,0.0,0.0,0.0,0.0,1,8000,0,0,0,0,0,0
TF,TUMEX,24.511389,54.692222,0, ,0.0,0.0,0.0,0.0,4,8000,7000,0,0,0,0,0
TF,IVEPO,24.579611,54.596028,0, ,0.0,0.0,0.0,0.0,0,0,0,0,0,0,0,0
TF,SODEL,24.652833,54.492500,0, ,0.0,0.0,0.0,0.0,0,0,0,1,230,0,0,0
FM,SODEL,24.652833,54.492500,0,ADV,0.0,0.0,306.0,0,0,0,0,0,0,0,0

STAR,ROVO5A,13L,5
IF,ROVOS,24.306944,55.361944, ,0.0,0.0,3,15000,0,1,250,0,0,0
TF,KITOX,24.361528,55.184306,0, ,0.0,0.0,0.0,0.0,0,0,0,0,0,0,0,0
TF,GEXOD,24.393611,55.079167,0, ,0.0,0.0,0.0,0.0,0,0,0,0,0,0,0,0
TF,LORUP,24.417667,55.000667,0, ,0.0,0.0,0.0,0.0,0,0,0,0,0,0,0,0
TF,SISUG,24.469167,54.831361,0, ,0.0,0.0,0.0,0.0,1,8000,0,0,0,0,0,0
TF,TUMEX,24.511389,54.692222,0, ,0.0,0.0,0.0,0.0,4,8000,7000,0,0,0,0,0
TF,IVEPO,24.579611,54.596028,0, ,0.0,0.0,0.0,0.0,0,0,0,0,0,0,0,0
TF,SODEL,24.652833,54.492500,0, ,0.0,0.0,0.0,0.0,0,0,0,1,230,0,0,0
TF,OVOLA,24.703944,54.420139,0, ,0.0,0.0,0.0,0.0,0,0,0,0,0,0,0,0
TF,RIGIP,24.767111,54.330500,0, ,0.0,0.0,0.0,0.0,3,5000,0,1,210,0,0,0
TF,AA568,24.714389,54.286000,0, ,0.0,0.0,0.0,0.0,1,4000,0,0,0,0,0,0
TF,ORDAK,24.673556,54.343917,0, ,0.0,0.0,0.0,0.0,1,4000,0,1,210,0,0,0

STAR,ROVO5A,13R,5
IF,ROVOS,24.306944,55.361944, ,0.0,0.0,3,15000,0,1,250,0,0,0
TF,KITOX,24.361528,55.184306,0, ,0.0,0.0,0.0,0.0,0,0,0,0,0,0,0,0
TF,GEXOD,24.393611,55.079167,0, ,0.0,0.0,0.0,0.0,0,0,0,0,0,0,0,0
TF,LORUP,24.417667,55.000667,0, ,0.0,0.0,0.0,0.0,0,0,0,0,0,0,0,0
TF,SISUG,24.469167,54.831361,0, ,0.0,0.0,0.0,0.0,1,8000,0,0,0,0,0,0
TF,TUMEX,24.511389,54.692222,0, ,0.0,0.0,0.0,0.0,4,8000,7000,0,0,0,0,0
TF,IVEPO,24.579611,54.596028,0, ,0.0,0.0,0.0,0.0,0,0,0,0,0,0,0,0
TF,SODEL,24.652833,54.492500,0, ,0.0,0.0,0.0,0.0,0,0,0,1,230,0,0,0
TF,OVOLA,24.703944,54.420139,0, ,0.0,0.0,0.0,0.0,0,0,0,0,0,0,0,0
TF,RIGIP,24.767111,54.330500,0, ,0.0,0.0,0.0,0.0,3,5000,0,1,210,0,0,0
TF,AA568,24.714389,54.286000,0, ,0.0,0.0,0.0,0.0,1,4000,0,0,0,0,0,0
TF,ORDAK,24.673556,54.343917,0, ,0.0,0.0,0.0,0.0,1,4000,0,1,210,0,0,0

STAR,ROVO5D,31L,5
IF,ROVOS,24.306944,55.361944, ,0.0,0.0,4,13000,10000,1,250,0,0,0
TF,KITOX,24.361528,55.184306,0, ,0.0,0.0,0.0,0.0,3,12000,0,0,0,0,0,0
TF,GEXOD,24.393611,55.079167,0, ,0.0,0.0,0.0,0.0,2,6000,0,1,230,0,0,0
TF,LORUP,24.417667,55.000667,0, ,0.0,0.0,0.0,0.0,3,9000,0,0,0,0,0,0
TF,LOXIX,24.354528,54.942417,0, ,0.0,0.0,0.0,0.0,0,0,0,0,0,0,0,0
FM,LOXIX,24.354528,54.942417,1,ADV,0.0,0.0,126.0,0,0,0,0,0,0,0,0

STAR,ROVO5D,31R,5
IF,ROVOS,24.306944,55.361944, ,0.0,0.0,4,13000,10000,1,250,0,0,0
TF,KITOX,24.361528,55.184306,0, ,0.0,0.0,0.0,0.0,3,12000,0,0,0,0,0,0
TF,GEXOD,24.393611,55.079167,0, ,0.0,0.0,0.0,0.0,2,6000,0,1,230,0,0,0
TF,LORUP,24.417667,55.000667,0, ,0.0,0.0,0.0,0.0,3,9000,0,0,0,0,0,0
TF,LOXIX,24.354528,54.942417,0, ,0.0,0.0,0.0,0.0,0,0,0,0,0,0,0,0
FM,LOXIX,24.354528,54.942417,1,ADV,0.0,0.0,126.0,0,0,0,0,0,0,0,0

STAR,ROVO6C,31L,5
IF,ROVOS,24.306944,55.361944, ,0.0,0.0,4,13000,10000,1,250,0,0,0
TF,KITOX,24.361528,55.184306,0, ,0.0,0.0,0.0,0.0,3,12000,0,0,0,0,0,0
TF,GEXOD,24.393611,55.079167,0, ,0.0,0.0,0.0,0.0,2,6000,0,1,230,0,0,0
TF,LORUP,24.417667,55.000667,0, ,0.0,0.0,0.0,0.0,3,9000,0,0,0,0,0,0
TF,LOXIX,24.354528,54.942417,0, ,0.0,0.0,0.0,0.0,0,0,0,0,0,0,0,0
TF,AA524,24.303139,55.014361,1, ,0.0,0.0,0.0,0.0,0,0,0,0,0,0,0,0
TF,GISVU,24.251722,55.086278,0, ,0.0,0.0,0.0,0.0,3,5000,0,1,210,0,0,0
TF,AA526,24.185833,55.030194,0, ,0.0,0.0,0.0,0.0,1,4000,0,0,0,0,0,0
TF,PEGUM,24.220611,54.981583,0, ,0.0,0.0,0.0,0.0,1,4000,0,1,210,0,0,0

STAR,ROVO6C,31R,5
IF,ROVOS,24.306944,55.361944, ,0.0,0.0,4,13000,10000,1,250,0,0,0
TF,KITOX,24.361528,55.184306,0, ,0.0,0.0,0.0,0.0,3,12000,0,0,0,0,0,0
TF,GEXOD,24.393611,55.079167,0, ,0.0,0.0,0.0,0.0,2,6000,0,1,230,0,0,0
TF,LORUP,24.417667,55.000667,0, ,0.0,0.0,0.0,0.0,3,9000,0,0,0,0,0,0
TF,LOXIX,24.354528,54.942417,0, ,0.0,0.0,0.0,0.0,0,0,0,0,0,0,0,0
TF,AA524,24.303139,55.014361,1, ,0.0,0.0,0.0,0.0,0,0,0,0,0,0,0,0
TF,GISVU,24.251722,55.086278,0, ,0.0,0.0,0.0,0.0,3,5000,0,1,210,0,0,0
TF,AA526,24.185833,55.030194,0, ,0.0,0.0,0.0,0.0,1,4000,0,0,0,0,0,0
TF,PEGUM,24.220611,54.981583,0, ,0.0,0.0,0.0,0.0,1,4000,0,1,210,0,0,0

STAR,UKIL1B,13L,5
IF,UKILI,24.637639,53.943444, ,0.0,0.0,3,12000,0,1,250,0,0,0
TF,PEKAX,24.582111,54.174444,0, ,0.0,0.0,0.0,0.0,3,8000,0,0,0,0,0,0
TF,OTUTU,24.467944,54.335556,0, ,0.0,0.0,0.0,0.0,0,0,0,1,230,0,0,0
TF,SIVOV,24.533972,54.391528,0, ,0.0,0.0,0.0,0.0,0,0,0,0,0,0,0,0
FM,SIVOV,24.533972,54.391528,0,ADV,0.0,0.0,306.0,0,0,0,0,0,0,0,0

STAR,UKIL1B,13R,5
IF,UKILI,24.637639,53.943444, ,0.0,0.0,3,12000,0,1,250,0,0,0
TF,PEKAX,24.582111,54.174444,0, ,0.0,0.0,0.0,0.0,3,8000,0,0,0,0,0,0
TF,OTUTU,24.467944,54.335556,0, ,0.0,0.0,0.0,0.0,0,0,0,1,230,0,0,0
TF,SIVOV,24.533972,54.391528,0, ,0.0,0.0,0.0,0.0,0,0,0,0,0,0,0,0
FM,SIVOV,24.533972,54.391528,0,ADV,0.0,0.0,306.0,0,0,0,0,0,0,0,0

STAR,UKIL2A,13L,5
IF,UKILI,24.637639,53.943444, ,0.0,0.0,3,12000,0,1,250,0,0,0
TF,PEKAX,24.582111,54.174444,0, ,0.0,0.0,0.0,0.0,3,8000,0,0,0,0,0,0
TF,OTUTU,24.467944,54.335556,0, ,0.0,0.0,0.0,0.0,0,0,0,1,230,0,0,0
TF,SIVOV,24.533972,54.391528,0, ,0.0,0.0,0.0,0.0,0,0,0,1,230,0,0,0
TF,DEGVO,24.585250,54.319417,0, ,0.0,0.0,0.0,0.0,0,0,0,0,0,0,0,0
TF,PAXIK,24.648306,54.230194,0, ,0.0,0.0,0.0,0.0,0,0,0,1,210,0,0,0
TF,AA583,24.700278,54.274028,0, ,0.0,0.0,0.0,0.0,2,6000,0,0,0,0,0,0
TF,IMSIG,24.659333,54.331861,0, ,0.0,0.0,0.0,0.0,2,5000,0,1,210,0,0,0

STAR,UKIL2A,13R,5
IF,UKILI,24.637639,53.943444, ,0.0,0.0,3,12000,0,1,250,0,0,0
TF,PEKAX,24.582111,54.174444,0, ,0.0,0.0,0.0,0.0,3,8000,0,0,0,0,0,0
TF,OTUTU,24.467944,54.335556,0, ,0.0,0.0,0.0,0.0,0,0,0,1,230,0,0,0
TF,SIVOV,24.533972,54.391528,0, ,0.0,0.0,0.0,0.0,0,0,0,1,230,0,0,0
TF,DEGVO,24.585250,54.319417,0, ,0.0,0.0,0.0,0.0,0,0,0,0,0,0,0,0
TF,PAXIK,24.648306,54.230194,0, ,0.0,0.0,0.0,0.0,0,0,0,1,210,0,0,0
TF,AA583,24.700278,54.274028,0, ,0.0,0.0,0.0,0.0,2,6000,0,0,0,0,0,0
TF,IMSIG,24.659333,54.331861,0, ,0.0,0.0,0.0,0.0,2,5000,0,1,210,0,0,0

STAR,UKIL2J,31L,5
IF,UKILI,24.637639,53.943444, ,0.0,0.0,3,15000,0,1,250,0,0,0
TF,ORGAD,24.593556,54.332194,0, ,0.0,0.0,0.0,0.0,0,0,0,0,0,0,0,0
TF,VEDEX,24.567222,54.461667,0, ,0.0,0.0,0.0,0.0,2,11000,0,0,0,0,0,0
TF,ITUGO,24.516111,54.715361,0, ,0.0,0.0,0.0,0.0,3,9000,0,0,0,0,0,0
TF,TONKI,24.445861,54.814222,0, ,0.0,0.0,0.0,0.0,3,8000,0,1,230,0,0,0
TF,LOXIX,24.354528,54.942417,0, ,0.0,0.0,0.0,0.0,0,0,0,0,0,0,0,0
TF,AA524,24.303139,55.014361,0, ,0.0,0.0,0.0,0.0,0,0,0,0,0,0,0,0
TF,GISVU,24.251722,55.086278,0, ,0.0,0.0,0.0,0.0,3,5000,0,1,210,0,0,0
TF,AA526,24.185833,55.030194,0, ,0.0,0.0,0.0,0.0,1,4000,0,0,0,0,0,0
TF,PEGUM,24.220611,54.981583,0, ,0.0,0.0,0.0,0.0,1,4000,0,1,210,0,0,0

STAR,UKIL2J,31R,5
IF,UKILI,24.637639,53.943444, ,0.0,0.0,3,15000,0,1,250,0,0,0
TF,ORGAD,24.593556,54.332194,0, ,0.0,0.0,0.0,0.0,0,0,0,0,0,0,0,0
TF,VEDEX,24.567222,54.461667,0, ,0.0,0.0,0.0,0.0,2,11000,0,0,0,0,0,0
TF,ITUGO,24.516111,54.715361,0, ,0.0,0.0,0.0,0.0,3,9000,0,0,0,0,0,0
TF,TONKI,24.445861,54.814222,0, ,0.0,0.0,0.0,0.0,3,8000,0,1,230,0,0,0
TF,LOXIX,24.354528,54.942417,0, ,0.0,0.0,0.0,0.0,0,0,0,0,0,0,0,0
TF,AA524,24.303139,55.014361,0, ,0.0,0.0,0.0,0.0,0,0,0,0,0,0,0,0
TF,GISVU,24.251722,55.086278,0, ,0.0,0.0,0.0,0.0,3,5000,0,1,210,0,0,0
TF,AA526,24.185833,55.030194,0, ,0.0,0.0,0.0,0.0,1,4000,0,0,0,0,0,0
TF,PEGUM,24.220611,54.981583,0, ,0.0,0.0,0.0,0.0,1,4000,0,1,210,0,0,0

STAR,UKIL3D,31L,5
IF,UKILI,24.637639,53.943444, ,0.0,0.0,3,15000,0,1,250,0,0,0
TF,ORPEP,24.533722,54.192944,0, ,0.0,0.0,0.0,0.0,2,12000,0,0,0,0,0,0
TF,AA530,24.478472,54.352917,0, ,0.0,0.0,0.0,0.0,2,11000,0,0,0,0,0,0
TF,ORMED,24.419583,54.522611,0, ,0.0,0.0,0.0,0.0,4,9000,7000,1,230,0,0,0
TF,TAPTO,24.208333,54.818306,0, ,0.0,0.0,0.0,0.0,0,0,0,0,0,0,0,0
FM,TAPTO,24.208333,54.818306,0,ADV,0.0,0.0,126.0,0,0,0,0,0,0,0,0

STAR,UKIL3D,31R,5
IF,UKILI,24.637639,53.943444, ,0.0,0.0,3,15000,0,1,250,0,0,0
TF,ORPEP,24.533722,54.192944,0, ,0.0,0.0,0.0,0.0,2,12000,0,0,0,0,0,0
TF,AA530,24.478472,54.352917,0, ,0.0,0.0,0.0,0.0,2,11000,0,0,0,0,0,0
TF,ORMED,24.419583,54.522611,0, ,0.0,0.0,0.0,0.0,4,9000,7000,1,230,0,0,0
TF,TAPTO,24.208333,54.818306,0, ,0.0,0.0,0.0,0.0,0,0,0,0,0,0,0,0
FM,TAPTO,24.208333,54.818306,0,ADV,0.0,0.0,126.0,0,0,0,0,0,0,0,0

STAR,UKIL4C,31L,5
IF,UKILI,24.637639,53.943444, ,0.0,0.0,3,15000,0,1,250,0,0,0
TF,ORPEP,24.533722,54.192944,0, ,0.0,0.0,0.0,0.0,2,12000,0,0,0,0,0,0
TF,AA530,24.478472,54.352917,0, ,0.0,0.0,0.0,0.0,2,11000,0,0,0,0,0,0
TF,ORMED,24.419583,54.522611,0, ,0.0,0.0,0.0,0.0,4,9000,7000,1,230,0,0,0
TF,TAPTO,24.208333,54.818306,0, ,0.0,0.0,0.0,0.0,0,0,0,0,0,0,0,0
TF,AA519,24.157000,54.890222,0, ,0.0,0.0,0.0,0.0,0,0,0,0,0,0,0,0
TF,BOSIG,24.105639,54.962083,0, ,0.0,0.0,0.0,0.0,0,0,0,1,210,0,0,0
TF,AA520,24.171556,55.018083,0, ,0.0,0.0,0.0,0.0,2,6000,0,0,0,0,0,0
TF,ITREN,24.206333,54.969472,0, ,0.0,0.0,0.0,0.0,2,5000,0,1,210,0,0,0

STAR,UKIL4C,31R,5
IF,UKILI,24.637639,53.943444, ,0.0,0.0,3,15000,0,1,250,0,0,0
TF,ORPEP,24.533722,54.192944,0, ,0.0,0.0,0.0,0.0,2,12000,0,0,0,0,0,0
TF,AA530,24.478472,54.352917,0, ,0.0,0.0,0.0,0.0,2,11000,0,0,0,0,0,0
TF,ORMED,24.419583,54.522611,0, ,0.0,0.0,0.0,0.0,4,9000,7000,1,230,0,0,0
TF,TAPTO,24.208333,54.818306,0, ,0.0,0.0,0.0,0.0,0,0,0,0,0,0,0,0
TF,AA519,24.157000,54.890222,0, ,0.0,0.0,0.0,0.0,0,0,0,0,0,0,0,0
TF,BOSIG,24.105639,54.962083,0, ,0.0,0.0,0.0,0.0,0,0,0,1,210,0,0,0
TF,AA520,24.171556,55.018083,0, ,0.0,0.0,0.0,0.0,2,6000,0,0,0,0,0,0
TF,ITREN,24.206333,54.969472,0, ,0.0,0.0,0.0,0.0,2,5000,0,1,210,0,0,0

APPTR,D13R,13R,ADV1
IF,ADV,24.418964,54.673244, ,0.0,0.0,2,4000,0,0,0,0,1,0
FD,ADV,24.418964,54.673244,0,ADV,0.0,13.0,319.0,13.0,2,2000,0,0,0,0,0,0
CF,RALDA,24.551972,54.485500,1,ADV,305.8,13.0,126.0,1.0,2,2000,0,1,200,0,1,0

APPTR,D13R,13R,ADV2
IF,ADV,24.418964,54.673244, ,0.0,0.0,2,4000,0,0,0,0,1,0
FD,ADV,24.418964,54.673244,0,ADV,0.0,13.0,313.0,13.0,2,2000,0,0,0,0,0,0
CF,RALDA,24.551972,54.485500,1,ADV,305.8,13.0,126.0,1.0,2,2000,0,0,0,0,1,0

FINAL,D13R,13R,D,3
IF,RALDA,24.551972,54.485500,ADV,305.8,13.0,2,2000,0,0,0,0,0,0
CF,LOVIM,24.495750,54.564972,0,ADV,305.8,7.5,126.0,5.5,2,1700,0,0,0,0,2,0
CF,MD13R,24.456011,54.621425,0,ADV,306.0,3.6,126.0,3.9,1,460,0,0,0,0,3,0
CF,ADV,24.418964,54.673244,0,ADV,0.0,0.0,126.0,3.6,0,0,0,0,0,0,0,0
FD,ADV,24.418964,54.673244,0,ADV,0.0,8.0,126.0,8.0,0,0,0,0,0,0,0,0
DF,ADV,24.418964,54.673244,1, ,0.0,0.0,1,4000,0,0,0,0,0,0
HM,ADV,24.418964,54.673244,1, ,0.0,0.0,319.0,04.3,0,0,0,0,0,0,0,0,0

APPTR,D31L,31L,ADV1
IF,ADV,24.418964,54.673244, ,0.0,0.0,2,4000,0,0,0,0,1,0
FD,ADV,24.418964,54.673244,0,ADV,0.0,10.0,98.0,10.0,2,2000,0,0,0,0,0,0
CF,BOMOS,24.316472,54.817417,2,ADV,125.8,10.0,306.0,1.0,2,2000,0,0,0,0,1,0

APPTR,D31L,31L,ADV2
IF,ADV,24.418964,54.673244, ,0.0,0.0,2,4000,0,0,0,0,1,0
FD,ADV,24.418964,54.673244,0,ADV,0.0,10.0,116.0,10.0,2,2000,0,0,0,0,0,0
CF,BOMOS,24.316472,54.817417,2,ADV,125.8,10.0,306.0,1.0,2,2000,0,0,0,0,1,0

FINAL,D31L,31L,D,4
IF,BOMOS,24.316472,54.817417,ADV,125.8,10.0,2,2000,0,0,0,0,0,0
CF,RADSO,24.367722,54.745361,0,ADV,125.8,5.0,306.0,5.0,2,1840,0,0,0,0,2,0
CF,30VOR,24.388219,54.716525,0,ADV,125.8,3.0,306.0,2.0,2,1204,0,0,0,0,0,0
CF,ADV,24.418964,54.673244,0,ADV,0.0,0.0,306.0,3.0,1,256,0,0,0,0,3,0
CA,0,306.0,2,490,0,0,0,0,0,0
FD,ADV,24.418964,54.673244,0,ADV,0.0,10.0,306.0,10.0,0,0,0,0,0,0,0,0
DF,ADV,24.418964,54.673244,2, ,0.0,0.0,1,4000,0,0,0,0,0,0
HM,ADV,24.418964,54.673244,1, ,0.0,0.0,98.0,04.3,0,0,0,0,0,0,0,0,0

APPTR,I13L,13L,IMSIG
IF,IMSIG,24.659333,54.331861, ,0.0,0.0,2,5000,0,1,210,0,1,0
TF,PUVOD,24.591639,54.459528,0,IAS,0.0,0.0,0.0,0.0,1,2000,0,0,0,0,1,0

APPTR,I13L,13L,ORDAK
IF,ORDAK,24.673556,54.343917, ,0.0,0.0,1,4000,0,1,210,0,1,0
TF,AA408,24.632722,54.401833,0, ,0.0,0.0,0.0,0.0,1,3000,0,0,0,0,0,0
TF,PUVOD,24.591639,54.459528,0,IAS,0.0,0.0,0.0,0.0,1,2000,0,0,0,0,1,0

FINAL,I13L,13L,I,3
IF,PUVOD,24.591639,54.459528,IAS,305.8,14.8,1,2000,0,0,0,0,0,0
CF,RESIG,24.525611,54.552889,0,IAS,305.8,8.4,126.0,6.5,1,2000,0,0,0,0,2,0
CF,RW13L,24.465081,54.638253,0,IAS,305.8,2.4,126.0,5.9,1,116,0,0,0,0,3,0
CF,AA415,24.431444,54.685667,0,ADV,40.3,1.0,126.0,3.3,0,0,0,1,210,0,0,1
CF,DASNU,24.414972,54.894250,0,ADV,89.1,12.1,93.0,11.5,0,0,0,1,210,0,0,0
TF,ALSOV,24.315278,55.043250,0, ,0.0,0.0,0.0,0.0,2,4000,0,1,210,0,0,0
HM,ALSOV,24.315278,55.043250,1, ,0.0,0.0,124.0,04.3,3,6000,0,1,210,0,0,0,0

APPTR,I13R,13R,IMSIG
IF,IMSIG,24.659333,54.331861, ,0.0,0.0,2,5000,0,1,210,0,1,0
TF,AA428,24.618361,54.389639,0, ,0.0,0.0,0.0,0.0,2,4000,0,0,0,0,0,0
TF,KINIL,24.577389,54.447417,0,IAE,0.0,0.0,0.0,0.0,1,3000,0,0,0,0,1,0

APPTR,I13R,13R,ORDAK
IF,ORDAK,24.673556,54.343917, ,0.0,0.0,1,4000,0,1,210,0,1,0
TF,KINIL,24.577389,54.447417,0,IAE,0.0,0.0,0.0,0.0,1,3000,0,0,0,0,1,0

FINAL,I13R,13R,I,3
IF,KINIL,24.577389,54.447417,IAE,305.8,15.4,1,3000,0,0,0,0,0,0
CF,SOKOV,24.536556,54.505250,0,IAE,305.8,11.5,126.0,4.0,1,3000,0,0,0,0,2,0
CF,RW13R,24.444411,54.635186,0,IAE,305.8,2.5,126.0,9.0,1,134,0,0,0,0,3,0
CF,ITKOV,24.288417,54.854528,0,ADV,126.1,12.6,126.0,15.2,2,4000,0,1,210,0,0,0
HM,ITKOV,24.288417,54.854528,2, ,0.0,0.0,126.0,04.3,3,6000,0,1,210,0,0,0,0

APPTR,I31L,31L,ITREN
IF,ITREN,24.206333,54.969472, ,0.0,0.0,2,5000,0,1,210,0,1,0
TF,AA430,24.248139,54.910944,0, ,0.0,0.0,0.0,0.0,2,4000,0,0,0,0,0,0
TF,LUBIK,24.288528,54.854389,0,IAW,0.0,0.0,0.0,0.0,1,3000,0,0,0,0,1,0

APPTR,I31L,31L,PEGUM
IF,PEGUM,24.220611,54.981583, ,0.0,0.0,1,4000,0,1,210,0,1,0
TF,LUBIK,24.288528,54.854389,0,IAW,0.0,0.0,0.0,0.0,1,3000,0,0,0,0,1,0

FINAL,I31L,31L,I,3
IF,LUBIK,24.288528,54.854389,IAW,125.8,15.4,1,3000,0,0,0,0,0,0
CF,EMOSU,24.329556,54.796778,0,IAW,125.8,11.4,306.0,4.0,1,3000,0,0,0,0,2,0
CF,RW31L,24.421700,54.667183,0,IAW,125.8,2.4,306.0,9.0,1,140,0,0,0,0,3,0
CF,VEDEX,24.567222,54.461667,0,ADV,305.5,14.6,306.0,14.2,1,4000,0,1,210,0,0,0
TF,VUTOK,24.551278,54.273917,0, ,0.0,0.0,0.0,0.0,2,4000,0,1,210,0,0,0
HM,VUTOK,24.551278,54.273917,2, ,0.0,0.0,263.0,04.3,3,6000,0,1,210,0,0,0,0

APPTR,I31R,31R,ITREN
IF,ITREN,24.206333,54.969472, ,0.0,0.0,2,5000,0,1,210,0,1,0
TF,SETRU,24.303639,54.865750,0,IAN,0.0,0.0,0.0,0.0,1,2000,0,0,0,0,1,0

APPTR,I31R,31R,PEGUM
IF,PEGUM,24.220611,54.981583, ,0.0,0.0,1,4000,0,1,210,0,1,0
TF,AA420,24.262333,54.923139,0, ,0.0,0.0,0.0,0.0,1,3000,0,0,0,0,0,0
TF,SETRU,24.303639,54.865750,0,IAN,0.0,0.0,0.0,0.0,1,2000,0,0,0,0,1,0

FINAL,I31R,31R,I,3
IF,SETRU,24.303639,54.865750,IAN,125.7,15.9,1,2000,0,0,0,0,0,0
CF,LOSOV,24.382139,54.755028,0,IAN,125.8,8.3,306.0,7.7,1,2000,0,0,0,0,2,0
CF,RW31R,24.442400,54.670211,0,IAN,125.8,2.4,306.0,5.9,1,125,0,0,0,0,3,0
CF,AA416,24.470194,54.631028,0,ADV,321.0,3.8,306.0,2.7,0,0,0,1,210,0,0,1
CF,TADBU,24.619806,54.569083,0,ADV,332.6,13.3,337.0,9.6,0,0,0,1,210,0,0,0
TF,LUBUS,24.736778,54.441750,0, ,0.0,0.0,0.0,0.0,2,4000,0,1,210,0,0,0
HM,LUBUS,24.736778,54.441750,2, ,0.0,0.0,313.0,04.3,3,6000,0,1,210,0,0,0,0

APPTR,R13LY,13L,NOPNU
IF,NOPNU,24.325500,54.684861, ,0.0,0.0,3,9000,0,0,0,0,1,0
TF,AA623,24.432444,54.482361,0, ,0.0,0.0,0.0,0.0,2,4000,0,1,210,0,0,0
RF,AA622,24.490194,54.451917,2,AA620,35.4,3.4,2,4000,0,0,0,0,0,0
RF,AA621,24.533389,54.487444,2,AA620,95.2,3.4,2,3000,0,1,180,0,1,0
RF,MENDU,24.526667,54.551361,2,AA620,277.9,3.4,2,1900,0,0,0,0,0,0

APPTR,R13LY,13L,PEKAX
IF,PEKAX,24.582111,54.174444, ,0.0,0.0,3,8000,0,0,0,0,1,0
TF,AA612,24.578139,54.455528,0, ,0.0,0.0,0.0,0.0,0,0,0,1,210,0,0,0
RF,AA611,24.564556,54.497833,2,AA610,126.5,3.9,2,3000,0,1,180,0,1,0
TF,MENDU,24.526667,54.551361,0, ,0.0,0.0,0.0,0.0,2,1900,0,0,0,0,0,0

APPTR,R13LY,13L,RIBUV
IF,RIBUV,24.718806,54.548639, ,0.0,0.0,0,0,0,1,230,0,1,0
TF,AA613,24.637083,54.536972,0, ,0.0,0.0,0.0,0.0,0,0,0,0,0,0,0,0
TF,AA601,24.581500,54.527500,0, ,0.0,0.0,0.0,0.0,2,3000,0,1,180,0,1,0
RF,MENDU,24.526667,54.551361,1,AA600,85.7,3.5,2,1900,0,0,0,0,0,0

APPTR,R13LY,13L,RIDIB
IF,RIDIB,24.541333,54.877472, ,0.0,0.0,2,9000,0,0,0,0,1,0
TF,AA701,24.522833,54.816556,0, ,0.0,0.0,0.0,0.0,0,0,0,1,230,0,0,0
RF,ELEPO,24.536389,54.736111,2,AA700,308.8,4.7,0,0,0,0,0,0,0,0
TF,AA603,24.617028,54.631028,0, ,0.0,0.0,0.0,0.0,0,0,0,1,220,0,0,0
RF,AA602,24.624917,54.562778,1,AA600,215.1,3.5,0,0,0,0,0,0,0,0
RF,AA601,24.581500,54.527500,1,AA600,157.0,3.5,2,3000,0,1,180,0,1,0
RF,MENDU,24.526667,54.551361,1,AA600,101.3,3.5,2,1900,0,0,0,0,0,0

APPTR,R13LY,13L,SISUG
IF,SISUG,24.469167,54.831361, ,0.0,0.0,1,8000,0,0,0,0,1,0
TF,ELEPO,24.536389,54.736111,0, ,0.0,0.0,0.0,0.0,0,0,0,0,0,0,0,0
TF,AA603,24.617028,54.631028,0, ,0.0,0.0,0.0,0.0,0,0,0,1,220,0,0,0
RF,AA602,24.624917,54.562778,1,AA600,215.1,3.5,0,0,0,0,0,0,0,0
RF,AA601,24.581500,54.527500,1,AA600,157.0,3.5,2,3000,0,1,180,0,1,0
RF,MENDU,24.526667,54.551361,1,AA600,95.4,3.5,2,1900,0,0,0,0,0,0

APPTR,R13LY,13L,TUMEX
IF,TUMEX,24.511389,54.692222, ,0.0,0.0,4,8000,7000,0,0,0,1,0
TF,AA604,24.597472,54.647556,0, ,0.0,0.0,0.0,0.0,0,0,0,1,220,0,0,0
RF,AA603,24.617028,54.631028,1,AA600,275.9,3.5,0,0,0,1,220,0,0,0
RF,AA602,24.624917,54.562778,1,AA600,215.1,3.5,0,0,0,0,0,0,0,0
RF,AA601,24.581500,54.527500,1,AA600,157.0,3.5,2,3000,0,1,180,0,1,0
RF,MENDU,24.526667,54.551361,1,AA600,358.6,3.5,2,1900,0,0,0,0,0,0

FINAL,R13LY,13L,R,3
IF,MENDU,24.526667,54.551361, ,0.0,0.0,2,1900,0,0,0,0,0,0
TF,LOVUB,24.506028,54.580528,0, ,0.0,0.0,126.0,2.0,1,1300,0,1,160,0,2,0
TF,RW13L,24.465081,54.638253,0, ,0.0,0.0,126.0,4.0,1,112,0,0,0,0,3,1
TF,AA415,24.431444,54.685667,0, ,0.0,0.0,0.0,0.0,0,0,0,1,210,0,0,0
RF,AA631,24.420028,54.720306,1,AA630,90.4,3.3,0,0,0,1,210,0,0,0
TF,DASNU,24.414972,54.894250,0, ,0.0,0.0,0.0,0.0,0,0,0,1,210,0,0,0
TF,ALSOV,24.315278,55.043250,0, ,0.0,0.0,0.0,0.0,2,4000,0,1,210,0,0,0
HM,ALSOV,24.315278,55.043250,1, ,0.0,0.0,124.0,04.3,3,6000,0,1,210,0,0,0,0

APPTR,R13LZ,13L,IMSIG
IF,IMSIG,24.659333,54.331861, ,0.0,0.0,2,5000,0,1,210,0,1,0
TF,PUVOD,24.591639,54.459528,0, ,0.0,0.0,0.0,0.0,1,3000,0,0,0,0,1,0

APPTR,R13LZ,13L,ORDAK
IF,ORDAK,24.673556,54.343917, ,0.0,0.0,1,4000,0,1,210,0,1,0
TF,AA408,24.632722,54.401833,0, ,0.0,0.0,0.0,0.0,1,3000,0,0,0,0,0,0
TF,PUVOD,24.591639,54.459528,0, ,0.0,0.0,0.0,0.0,1,3000,0,0,0,0,1,0

FINAL,R13LZ,13L,R,3
IF,PUVOD,24.591639,54.459528, ,0.0,0.0,1,3000,0,0,0,0,0,0
TF,DERVA,24.529917,54.546778,0, ,0.0,0.0,126.0,6.0,1,2000,0,0,0,0,2,0
TF,RW13L,24.465081,54.638253,0, ,0.0,0.0,126.0,6.3,1,118,0,0,0,0,3,1
DF,AA415,24.431444,54.685667,0, ,0.0,0.0,0,0,0,1,210,0,0,1
TF,DASNU,24.414972,54.894250,0, ,0.0,0.0,0.0,0.0,0,0,0,1,210,0,0,0
TF,ALSOV,24.315278,55.043250,0, ,0.0,0.0,0.0,0.0,2,4000,0,1,210,0,0,0
HM,ALSOV,24.315278,55.043250,1, ,0.0,0.0,124.0,04.3,3,6000,0,1,210,0,0,0,0

APPTR,R13RY,13R,NOPNU
IF,NOPNU,24.325500,54.684861, ,0.0,0.0,3,9000,0,0,0,0,1,0
TF,AA653,24.410083,54.483417,0, ,0.0,0.0,0.0,0.0,2,4000,0,1,210,0,0,0
RF,AA652,24.472250,54.448222,2,AA650,37.5,3.4,2,4000,0,0,0,0,0,0
RF,AA651,24.514250,54.485417,2,AA650,96.2,3.4,2,3000,0,1,180,0,1,0
RF,RETUX,24.506722,54.547278,2,AA650,281.2,3.4,2,1900,0,0,0,0,0,0

APPTR,R13RY,13R,PEKAX
IF,PEKAX,24.582111,54.174444, ,0.0,0.0,3,8000,0,0,0,0,1,0
TF,AA672,24.555389,54.462583,0, ,0.0,0.0,0.0,0.0,0,0,0,1,210,0,0,0
RF,AA671,24.543333,54.495556,2,AA670,126.5,3.5,2,3000,0,1,180,0,1,0
TF,RETUX,24.506722,54.547278,0, ,0.0,0.0,0.0,0.0,2,1900,0,0,0,0,0,0

APPTR,R13RY,13R,RIBUV
IF,RIBUV,24.718806,54.548639, ,0.0,0.0,0,0,0,1,230,0,1,0
TF,AA673,24.614806,54.518889,0, ,0.0,0.0,0.0,0.0,0,0,0,0,0,0,0,0
TF,AA641,24.558528,54.519278,0, ,0.0,0.0,0.0,0.0,2,3000,0,1,180,0,1,0
RF,RETUX,24.506722,54.547278,1,AA640,82.0,4.0,2,1900,0,0,0,0,0,0

APPTR,R13RY,13R,RIDIB
IF,RIDIB,24.541333,54.877472, ,0.0,0.0,2,9000,0,0,0,0,1,0
TF,AA701,24.522833,54.816556,0, ,0.0,0.0,0.0,0.0,0,0,0,1,230,0,0,0
RF,ELEPO,24.536389,54.736111,2,AA700,308.0,4.7,0,0,0,0,0,0,0,0
TF,AA643,24.610139,54.637083,0, ,0.0,0.0,0.0,0.0,0,0,0,1,220,0,0,0
RF,AA642,24.608389,54.543583,1,AA640,202.5,4.0,0,0,0,0,0,0,0,0
RF,AA641,24.558528,54.519278,1,AA640,152.4,4.0,2,3000,0,1,180,0,1,0
RF,RETUX,24.506722,54.547278,1,AA640,96.8,4.0,2,1900,0,0,0,0,0,0

APPTR,R13RY,13R,SISUG
IF,SISUG,24.469167,54.831361, ,0.0,0.0,1,8000,0,0,0,0,1,0
TF,ELEPO,24.536389,54.736111,0, ,0.0,0.0,0.0,0.0,0,0,0,0,0,0,0,0
TF,AA643,24.610139,54.637083,0, ,0.0,0.0,0.0,0.0,0,0,0,1,220,0,0,0
RF,AA642,24.608389,54.543583,1,AA640,202.5,4.0,0,0,0,0,0,0,0,0
RF,AA641,24.558528,54.519278,1,AA640,152.4,4.0,2,3000,0,1,180,0,1,0
RF,RETUX,24.506722,54.547278,1,AA640,86.6,4.0,2,1900,0,0,0,0,0,0

APPTR,R13RY,13R,TUMEX
IF,TUMEX,24.511389,54.692222, ,0.0,0.0,4,8000,7000,0,0,0,1,0
TF,AA644,24.584917,54.657889,0, ,0.0,0.0,0.0,0.0,0,0,0,1,220,0,0,0
RF,AA643,24.610139,54.637083,1,AA640,267.5,4.0,0,0,0,1,220,0,0,0
RF,AA642,24.608389,54.543583,1,AA640,202.5,4.0,0,0,0,0,0,0,0,0
RF,AA641,24.558528,54.519278,1,AA640,152.4,4.0,2,3000,0,1,180,0,1,0
RF,RETUX,24.506722,54.547278,1,AA640,358.6,4.0,2,1900,0,0,0,0,0,0

FINAL,R13RY,13R,R,3
IF,RETUX,24.506722,54.547278, ,0.0,0.0,2,1900,0,0,0,0,0,0
TF,ORSOB,24.484639,54.578444,0, ,0.0,0.0,126.0,2.2,1,1300,0,1,160,0,2,0
TF,RW13R,24.444411,54.635186,0, ,0.0,0.0,126.0,3.9,1,128,0,0,0,0,3,1
TF,ITKOV,24.288417,54.854528,0, ,0.0,0.0,0.0,0.0,2,4000,0,1,210,0,0,0
HM,ITKOV,24.288417,54.854528,2, ,0.0,0.0,126.0,04.3,3,6000,0,1,210,0,0,0,0

APPTR,R13RZ,13R,IMSIG
IF,IMSIG,24.659333,54.331861, ,0.0,0.0,2,5000,0,1,210,0,1,0
TF,AA428,24.618361,54.389639,0, ,0.0,0.0,0.0,0.0,2,4000,0,0,0,0,0,0
TF,KINIL,24.577389,54.447417,0, ,0.0,0.0,0.0,0.0,1,3000,0,0,0,0,1,0

APPTR,R13RZ,13R,ORDAK
IF,ORDAK,24.673556,54.343917, ,0.0,0.0,1,4000,0,1,210,0,1,0
TF,KINIL,24.577389,54.447417,0, ,0.0,0.0,0.0,0.0,1,3000,0,0,0,0,1,0

FINAL,R13RZ,13R,R,3
IF,KINIL,24.577389,54.447417, ,0.0,0.0,1,3000,0,0,0,0,0,0
TF,ELEXU,24.543083,54.495917,0, ,0.0,0.0,126.0,3.4,1,3000,0,0,0,0,2,0
TF,RW13R,24.444411,54.635186,0, ,0.0,0.0,126.0,9.6,1,134,0,0,0,0,3,1
DF,ITKOV,24.288417,54.854528,0, ,0.0,0.0,2,4000,0,1,210,0,0,0
HM,ITKOV,24.288417,54.854528,2, ,0.0,0.0,126.0,04.3,3,6000,0,1,210,0,0,0,0

APPTR,R31LY,31L,GEXOD
IF,GEXOD,24.393611,55.079167, ,0.0,0.0,2,6000,0,1,230,0,1,0
TF,AA772,24.314306,54.880278,0, ,0.0,0.0,0.0,0.0,0,0,0,0,0,0,0,0
RF,AA771,24.322806,54.806278,2,AA770,306.6,4.0,2,3000,0,1,180,0,1,0
TF,KUSOK,24.360944,54.752667,0, ,0.0,0.0,0.0,0.0,2,1900,0,0,0,0,0,0

APPTR,R31LY,31L,ITUGO
IF,ITUGO,24.516111,54.715361, ,0.0,0.0,3,9000,0,0,0,0,1,0
TF,AA713,24.485194,54.823611,0, ,0.0,0.0,0.0,0.0,0,0,0,1,220,0,0,0
RF,AA712,24.407417,54.877417,2,AA710,221.3,4.3,2,4000,0,1,220,0,0,0
RF,AA711,24.347583,54.816806,2,AA710,281.5,4.3,2,3000,0,1,180,0,1,0
RF,KUSOK,24.360944,54.752667,2,AA710,138.7,4.3,2,1900,0,0,0,0,0,0

APPTR,R31LY,31L,MERPU
IF,MERPU,24.054250,55.033889, ,0.0,0.0,2,6500,0,1,230,0,1,0
TF,ITREN,24.206333,54.969472,0, ,0.0,0.0,0.0,0.0,2,5000,0,0,0,0,0,0
TF,AA771,24.322806,54.806278,0, ,0.0,0.0,0.0,0.0,2,3000,0,1,180,0,1,0
TF,KUSOK,24.360944,54.752667,0, ,0.0,0.0,0.0,0.0,2,1900,0,0,0,0,0,0

APPTR,R31LY,31L,ORMED
IF,ORMED,24.419583,54.522611, ,0.0,0.0,4,9000,7000,1,230,0,1,0
TF,AA723,24.273611,54.663111,0, ,0.0,0.0,0.0,0.0,0,0,0,1,210,0,0,0
RF,AA722,24.260972,54.744639,1,AA720,32.3,3.6,0,0,0,0,0,0,0,0
RF,AA721,24.306028,54.777583,1,AA720,336.2,3.6,2,3000,0,1,180,0,1,0
RF,KUSOK,24.360944,54.752667,1,AA720,30.3,3.6,2,1900,0,0,0,0,0,0

APPTR,R31LY,31L,TUGVA
IF,TUGVA,24.583889,54.904222, ,0.0,0.0,3,10000,0,0,0,0,1,0
TF,AA712,24.407417,54.877417,0, ,0.0,0.0,0.0,0.0,2,4000,0,1,220,0,0,0
RF,AA711,24.347583,54.816806,2,AA710,281.5,4.3,2,3000,0,1,180,0,1,0
RF,KUSOK,24.360944,54.752667,2,AA710,358.6,4.3,2,1900,0,0,0,0,0,0

FINAL,R31LY,31L,R,3
IF,KUSOK,24.360944,54.752667, ,0.0,0.0,2,1900,0,0,0,0,0,0
TF,KATIG,24.381444,54.723833,0, ,0.0,0.0,306.0,2.0,1,1300,0,1,160,0,2,0
TF,RW31L,24.421700,54.667183,0, ,0.0,0.0,306.0,3.9,1,133,0,0,0,0,3,1
TF,VEDEX,24.567222,54.461667,0, ,0.0,0.0,0.0,0.0,1,4000,0,1,210,0,0,0
TF,VUTOK,24.551278,54.273917,0, ,0.0,0.0,0.0,0.0,2,4000,0,1,210,0,0,0
HM,VUTOK,24.551278,54.273917,2, ,0.0,0.0,263.0,04.3,3,6000,0,1,210,0,0,0,0

APPTR,R31LZ,31L,ITREN
IF,ITREN,24.206333,54.969472, ,0.0,0.0,2,5000,0,1,210,0,1,0
TF,AA430,24.248139,54.910944,0, ,0.0,0.0,0.0,0.0,2,4000,0,0,0,0,0,0
TF,LUBIK,24.288528,54.854389,0, ,0.0,0.0,0.0,0.0,1,3000,0,0,0,0,1,0

APPTR,R31LZ,31L,PEGUM
IF,PEGUM,24.220611,54.981583, ,0.0,0.0,1,4000,0,1,210,0,1,0
TF,LUBIK,24.288528,54.854389,0, ,0.0,0.0,0.0,0.0,1,3000,0,0,0,0,1,0

FINAL,R31LZ,31L,R,3
IF,LUBIK,24.288528,54.854389, ,0.0,0.0,1,3000,0,0,0,0,0,0
TF,ASMUP,24.322972,54.806056,0, ,0.0,0.0,306.0,3.4,1,3000,0,0,0,0,2,0
TF,RW31L,24.421700,54.667183,0, ,0.0,0.0,306.0,9.6,1,138,0,0,0,0,3,1
DF,VEDEX,24.567222,54.461667,0, ,0.0,0.0,1,4000,0,1,210,0,0,0
TF,VUTOK,24.551278,54.273917,0, ,0.0,0.0,0.0,0.0,2,4000,0,1,210,0,0,0
HM,VUTOK,24.551278,54.273917,2, ,0.0,0.0,263.0,04.3,3,6000,0,1,210,0,0,0,0

APPTR,R31RY,31R,GEXOD
IF,GEXOD,24.393611,55.079167, ,0.0,0.0,2,6000,0,1,230,0,1,0
TF,AA762,24.332444,54.877722,0, ,0.0,0.0,0.0,0.0,0,0,0,0,0,0,0,0
RF,AA761,24.343111,54.809861,2,AA760,306.6,4.0,2,3000,0,1,180,0,1,0
TF,IVEGU,24.381278,54.756250,0, ,0.0,0.0,0.0,0.0,2,1900,0,0,0,0,0,0

APPTR,R31RY,31R,ITUGO
IF,ITUGO,24.516111,54.715361, ,0.0,0.0,3,9000,0,0,0,0,1,0
TF,AA733,24.508167,54.810889,0, ,0.0,0.0,0.0,0.0,0,0,0,1,220,0,0,0
RF,AA732,24.427972,54.881056,2,AA730,221.4,4.3,2,4000,0,1,220,0,0,0
RF,AA731,24.367833,54.820028,2,AA730,281.7,4.3,2,3000,0,1,180,0,1,0
RF,IVEGU,24.381278,54.756250,2,AA730,140.8,4.3,2,1900,0,0,0,0,0,0

APPTR,R31RY,31R,MERPU
IF,MERPU,24.054250,55.033889, ,0.0,0.0,2,6500,0,1,230,0,1,0
TF,PEGUM,24.220611,54.981583,0, ,0.0,0.0,0.0,0.0,0,0,0,0,0,0,0,0
TF,AA761,24.343111,54.809861,0, ,0.0,0.0,0.0,0.0,2,3000,0,1,180,0,1,0
TF,IVEGU,24.381278,54.756250,0, ,0.0,0.0,0.0,0.0,2,1900,0,0,0,0,0,0

APPTR,R31RY,31R,ORMED
IF,ORMED,24.419583,54.522611, ,0.0,0.0,4,9000,7000,1,230,0,1,0
TF,AA743,24.285250,54.661083,0, ,0.0,0.0,0.0,0.0,0,0,0,1,220,0,0,0
RF,AA742,24.278361,54.756028,1,AA740,25.9,3.9,0,0,0,0,0,0,0,0
RF,AA741,24.327250,54.783639,1,AA740,333.8,3.9,2,3000,0,1,180,0,1,0
RF,IVEGU,24.381278,54.756250,1,AA740,32.2,3.9,2,1900,0,0,0,0,0,0

APPTR,R31RY,31R,TUGVA
IF,TUGVA,24.583889,54.904222, ,0.0,0.0,3,10000,0,0,0,0,1,0
TF,AA732,24.427972,54.881056,0, ,0.0,0.0,0.0,0.0,2,4000,0,1,220,0,0,0
RF,AA731,24.367833,54.820028,2,AA730,281.7,4.3,2,3000,0,1,180,0,1,0
RF,IVEGU,24.381278,54.756250,2,AA730,358.6,4.3,2,1900,0,0,0,0,0,0

FINAL,R31RY,31R,R,3
IF,IVEGU,24.381278,54.756250, ,0.0,0.0,2,1900,0,0,0,0,0,0
TF,RUDON,24.401778,54.727417,0, ,0.0,0.0,306.0,2.0,1,1300,0,1,160,0,2,0
TF,RW31R,24.442400,54.670211,0, ,0.0,0.0,306.0,4.0,1,122,0,0,0,0,3,1
TF,AA416,24.470194,54.631028,0, ,0.0,0.0,0.0,0.0,0,0,0,1,210,0,0,0
RF,AA751,24.497167,54.610611,2,AA750,341.5,3.3,0,0,0,1,210,0,0,0
TF,TADBU,24.619806,54.569083,0, ,0.0,0.0,0.0,0.0,0,0,0,1,210,0,0,0
TF,LUBUS,24.736778,54.441750,0, ,0.0,0.0,0.0,0.0,2,4000,0,1,210,0,0,0
HM,LUBUS,24.736778,54.441750,2, ,0.0,0.0,313.0,04.3,3,6000,0,1,210,0,0,0,0

APPTR,R31RZ,31R,ITREN
IF,ITREN,24.206333,54.969472, ,0.0,0.0,2,5000,0,1,210,0,1,0
TF,SETRU,24.303639,54.865750,0, ,0.0,0.0,0.0,0.0,1,3000,0,0,0,0,1,0

APPTR,R31RZ,31R,PEGUM
IF,PEGUM,24.220611,54.981583, ,0.0,0.0,1,4000,0,1,210,0,1,0
TF,AA420,24.262333,54.923139,0, ,0.0,0.0,0.0,0.0,1,3000,0,0,0,0,0,0
TF,SETRU,24.303639,54.865750,0, ,0.0,0.0,0.0,0.0,1,3000,0,0,0,0,1,0

FINAL,R31RZ,31R,R,3
IF,SETRU,24.303639,54.865750, ,0.0,0.0,1,3000,0,0,0,0,0,0
TF,GIPNA,24.377833,54.761083,0, ,0.0,0.0,306.0,7.3,1,2000,0,0,0,0,2,0
TF,RW31R,24.442400,54.670211,0, ,0.0,0.0,306.0,6.3,1,128,0,0,0,0,3,1
DF,AA416,24.470194,54.631028,0, ,0.0,0.0,0,0,0,1,210,0,0,1
TF,TADBU,24.619806,54.569083,0, ,0.0,0.0,0.0,0.0,0,0,0,1,210,0,0,0
TF,LUBUS,24.736778,54.441750,0, ,0.0,0.0,0.0,0.0,2,4000,0,1,210,0,0,0
HM,LUBUS,24.736778,54.441750,2, ,0.0,0.0,313.0,04.3,3,6000,0,1,210,0,0,0,0

