SID,GABK1R,29L,5
CA,0,290.0,2,800,0,0,0,0,0,0
DF,FJ802,25.129833,56.271361,0, ,0.0,0.0,2,1500,0,1,210,0,0,1
TF,FJ803,25.163056,56.230000,0, ,0.0,0.0,0.0,0.0,0,0,0,1,230,0,0,1
TF,FJ810,25.298556,56.237306,0, ,0.0,0.0,0.0,0.0,0,0,0,0,0,0,0,0
TF,EMOPI,25.438889,56.150000,0, ,0.0,0.0,0.0,0.0,2,6000,0,0,0,0,0,0
TF,GABKO,26.067778,55.798611,0, ,0.0,0.0,0.0,0.0,0,0,0,0,0,0,0,0

SID,GABK3N,29,5
CF,MEPTI,25.158889,56.237222,0,FJV,296.6,7.3,300.0,5.0,0,0,0,1,230,0,0,1
TF,FJ810,25.298556,56.237306,0, ,0.0,0.0,0.0,0.0,0,0,0,0,0,0,0,0
TF,EMOPI,25.438889,56.150000,0, ,0.0,0.0,0.0,0.0,2,6000,0,0,0,0,0,0
TF,GABKO,26.067778,55.798611,0, ,0.0,0.0,0.0,0.0,0,0,0,0,0,0,0,0

SID,GABK4F,11,4
CA,0,110.0,2,500,0,0,0,0,0,0
DF,FJ929,25.080917,56.407194,0, ,0.0,0.0,0,0,0,1,220,0,0,1

SID,GABK4F,11R,4
CA,0,110.0,2,500,0,0,0,0,0,0
DF,FJ929,25.080917,56.407194,0, ,0.0,0.0,0,0,0,1,220,0,0,1

SID,GABK4F,ALL,5
IF,FJ929,25.080917,56.407194, ,0.0,0.0,0,0,0,1,220,0,0,0
DF,FJ800,25.170111,56.400750,1, ,0.0,0.0,0,0,0,0,0,0,0,1
TF,FJ810,25.298556,56.237306,0, ,0.0,0.0,0.0,0.0,2,6000,0,0,0,0,0,0
TF,EMOPI,25.438889,56.150000,0, ,0.0,0.0,0.0,0.0,0,0,0,0,0,0,0,0
TF,GABKO,26.067778,55.798611,0, ,0.0,0.0,0.0,0.0,0,0,0,0,0,0,0,0

SID,IMPE1R,29L,5
CA,0,290.0,2,800,0,0,0,0,0,0
DF,FJ802,25.129833,56.271361,0, ,0.0,0.0,2,1500,0,1,210,0,0,1
TF,FJ803,25.163056,56.230000,0, ,0.0,0.0,0.0,0.0,0,0,0,1,230,0,0,1
TF,FJ810,25.298556,56.237306,0, ,0.0,0.0,0.0,0.0,0,0,0,1,230,0,0,0
TF,FJ812,25.304167,56.333889,0, ,0.0,0.0,0.0,0.0,2,6000,0,0,0,0,0,0
TF,IMKIR,25.066861,56.444500,0, ,0.0,0.0,0.0,0.0,0,0,0,0,0,0,0,0
TF,FJ811,24.985194,56.163333,2, ,0.0,0.0,0.0,0.0,0,0,0,0,0,0,0,0
TF,IMPED,24.973472,56.068389,0, ,0.0,0.0,0.0,0.0,0,0,0,0,0,0,0,0

SID,IMPE1S,29L,5
CA,0,290.0,2,800,0,0,0,0,0,0
DF,FJ802,25.129833,56.271361,0, ,0.0,0.0,2,1500,0,1,210,0,0,1
TF,FJ804,25.171944,56.219167,0, ,0.0,0.0,0.0,0.0,0,0,0,1,230,0,0,1
DF,FJ805,25.093611,56.161667,1, ,0.0,0.0,0,0,0,0,0,0,0,0
TF,FJ811,24.985194,56.163333,0, ,0.0,0.0,0.0,0.0,0,0,0,1,230,0,0,0
TF,IMPED,24.973472,56.068389,0, ,0.0,0.0,0.0,0.0,0,0,0,0,0,0,0,0

SID,IMPE2N,29,5
CF,MEPTI,25.158889,56.237222,0,FJV,296.6,7.3,300.0,5.0,0,0,0,1,230,0,0,1
TF,FJ810,25.298556,56.237306,0, ,0.0,0.0,0.0,0.0,0,0,0,1,230,0,0,0
TF,KUSEN,25.307778,56.394444,0, ,0.0,0.0,0.0,0.0,2,6000,0,0,0,0,0,0
TF,IMKIR,25.066861,56.444500,0, ,0.0,0.0,0.0,0.0,2,6000,0,0,0,0,0,0
TF,FJ811,24.985194,56.163333,0, ,0.0,0.0,0.0,0.0,0,0,0,0,0,0,0,0
TF,IMPED,24.973472,56.068389,0, ,0.0,0.0,0.0,0.0,0,0,0,0,0,0,0,0

SID,IMPE2P,29,5
CF,NAGEX,25.175833,56.207778,0,FJV,297.4,9.2,300.0,7.0,0,0,0,1,210,0,0,1
TF,FJ811,24.985194,56.163333,1, ,0.0,0.0,0.0,0.0,0,0,0,1,230,0,0,0
TF,IMPED,24.973472,56.068389,0, ,0.0,0.0,0.0,0.0,0,0,0,0,0,0,0,0

SID,IMPE3F,11,4
CA,0,110.0,2,500,0,0,0,0,0,0
DF,FJ929,25.080917,56.407194,0, ,0.0,0.0,0,0,0,1,220,0,0,1

SID,IMPE3F,11R,4
CA,0,110.0,2,500,0,0,0,0,0,0
DF,FJ929,25.080917,56.407194,0, ,0.0,0.0,0,0,0,1,220,0,0,1

SID,IMPE3F,ALL,5
IF,FJ929,25.080917,56.407194, ,0.0,0.0,0,0,0,1,220,0,0,0
DF,FJ801,24.973250,56.320611,2, ,0.0,0.0,0,0,0,0,0,0,0,0
TF,IMPED,24.973472,56.068389,0, ,0.0,0.0,0.0,0.0,2,6000,0,0,0,0,0,0

SID,NOLS1R,29L,5
CA,0,290.0,2,800,0,0,0,0,0,0
DF,FJ802,25.129833,56.271361,0, ,0.0,0.0,2,1500,0,1,210,0,0,1
TF,FJ804,25.171944,56.219167,0, ,0.0,0.0,0.0,0.0,0,0,0,1,230,0,0,1
TF,NOLSU,25.213333,56.127167,0, ,0.0,0.0,0.0,0.0,2,6000,0,0,0,0,0,0

SID,NOLS2N,29,5
CF,MEPTI,25.158889,56.237222,0,FJV,296.6,7.3,300.0,5.0,0,0,0,1,230,0,0,1
TF,NOLSU,25.213333,56.127167,0, ,0.0,0.0,0.0,0.0,2,6000,0,0,0,0,0,0

SID,NOLS3F,11,4
CA,0,110.0,2,500,0,0,0,0,0,0
DF,FJ929,25.080917,56.407194,0, ,0.0,0.0,0,0,0,1,220,0,0,1

SID,NOLS3F,11R,4
CA,0,110.0,2,500,0,0,0,0,0,0
DF,FJ929,25.080917,56.407194,0, ,0.0,0.0,0,0,0,1,220,0,0,1

SID,NOLS3F,ALL,5
IF,FJ929,25.080917,56.407194, ,0.0,0.0,0,0,0,1,220,0,0,0
DF,FJ800,25.170111,56.400750,1, ,0.0,0.0,0,0,0,0,0,0,0,1
TF,NOLSU,25.213333,56.127167,0, ,0.0,0.0,0.0,0.0,2,6000,0,0,0,0,0,0

SID,RAV1F,11,4
CA,0,110.0,2,500,0,0,0,0,0,0
DF,FJ929,25.080917,56.407194,0, ,0.0,0.0,0,0,0,1,220,0,0,1

SID,RAV1F,11R,4
CA,0,110.0,2,500,0,0,0,0,0,0
DF,FJ929,25.080917,56.407194,0, ,0.0,0.0,0,0,0,1,220,0,0,1

SID,RAV1F,ALL,5
IF,FJ929,25.080917,56.407194, ,0.0,0.0,0,0,0,1,220,0,0,0
DF,FJ800,25.170111,56.400750,1, ,0.0,0.0,0,0,0,0,0,0,0,1
TF,FJ810,25.298556,56.237306,0, ,0.0,0.0,0.0,0.0,2,6000,0,0,0,0,0,0
TF,EMOPI,25.438889,56.150000,0, ,0.0,0.0,0.0,0.0,0,0,0,0,0,0,0,0
TF,RAV,25.588453,55.946319,0, ,0.0,0.0,0.0,0.0,0,0,0,0,0,0,0,0

SID,RAV1N,29,5
CF,MEPTI,25.158889,56.237222,0,FJV,296.6,7.3,300.0,5.0,0,0,0,1,230,0,0,1
TF,FJ810,25.298556,56.237306,0, ,0.0,0.0,0.0,0.0,0,0,0,0,0,0,0,0
TF,EMOPI,25.438889,56.150000,0, ,0.0,0.0,0.0,0.0,2,6000,0,0,0,0,0,0
TF,RAV,25.588453,55.946319,0, ,0.0,0.0,0.0,0.0,0,0,0,0,0,0,0,0

SID,RAV1R,29L,5
CA,0,290.0,2,800,0,0,0,0,0,0
DF,FJ802,25.129833,56.271361,0, ,0.0,0.0,2,1500,0,1,210,0,0,1
TF,FJ803,25.163056,56.230000,0, ,0.0,0.0,0.0,0.0,0,0,0,1,230,0,0,1
TF,FJ810,25.298556,56.237306,0, ,0.0,0.0,0.0,0.0,0,0,0,0,0,0,0,0
TF,EMOPI,25.438889,56.150000,0, ,0.0,0.0,0.0,0.0,2,6000,0,0,0,0,0,0
TF,RAV,25.588453,55.946319,0, ,0.0,0.0,0.0,0.0,0,0,0,0,0,0,0,0

SID,SERS1R,29L,5
CA,0,290.0,2,800,0,0,0,0,0,0
DF,FJ802,25.129833,56.271361,0, ,0.0,0.0,2,1500,0,1,210,0,0,1
TF,FJ803,25.163056,56.230000,0, ,0.0,0.0,0.0,0.0,0,0,0,1,230,0,0,1
TF,FJ810,25.298556,56.237306,0, ,0.0,0.0,0.0,0.0,0,0,0,0,0,0,0,0
TF,EMOPI,25.438889,56.150000,0, ,0.0,0.0,0.0,0.0,2,6000,0,0,0,0,0,0
TF,TUDOP,25.466667,55.750000,0, ,0.0,0.0,0.0,0.0,0,0,0,0,0,0,0,0
TF,SERSA,25.329167,55.521667,0, ,0.0,0.0,0.0,0.0,0,0,0,0,0,0,0,0

SID,SERS3N,29,5
CF,MEPTI,25.158889,56.237222,0,FJV,296.6,7.3,300.0,5.0,0,0,0,1,230,0,0,1
TF,FJ810,25.298556,56.237306,0, ,0.0,0.0,0.0,0.0,0,0,0,0,0,0,0,0
TF,EMOPI,25.438889,56.150000,0, ,0.0,0.0,0.0,0.0,2,6000,0,0,0,0,0,0
TF,TUDOP,25.466667,55.750000,0, ,0.0,0.0,0.0,0.0,0,0,0,0,0,0,0,0
TF,SERSA,25.329167,55.521667,0, ,0.0,0.0,0.0,0.0,0,0,0,0,0,0,0,0

SID,SERS4F,11,4
CA,0,110.0,2,500,0,0,0,0,0,0
DF,FJ929,25.080917,56.407194,0, ,0.0,0.0,0,0,0,1,220,0,0,1

SID,SERS4F,11R,4
CA,0,110.0,2,500,0,0,0,0,0,0
DF,FJ929,25.080917,56.407194,0, ,0.0,0.0,0,0,0,1,220,0,0,1

SID,SERS4F,ALL,5
IF,FJ929,25.080917,56.407194, ,0.0,0.0,0,0,0,1,220,0,0,0
DF,FJ800,25.170111,56.400750,1, ,0.0,0.0,0,0,0,0,0,0,0,1
TF,FJ810,25.298556,56.237306,0, ,0.0,0.0,0.0,0.0,2,6000,0,0,0,0,0,0
TF,EMOPI,25.438889,56.150000,0, ,0.0,0.0,0.0,0.0,0,0,0,0,0,0,0,0
TF,TUDOP,25.466667,55.750000,0, ,0.0,0.0,0.0,0.0,0,0,0,0,0,0,0,0
TF,SERSA,25.329167,55.521667,0, ,0.0,0.0,0.0,0.0,0,0,0,0,0,0,0,0

SID,TONV1R,29L,5
CA,0,290.0,2,800,0,0,0,0,0,0
DF,FJ802,25.129833,56.271361,0, ,0.0,0.0,2,1500,0,1,210,0,0,1
TF,FJ803,25.163056,56.230000,0, ,0.0,0.0,0.0,0.0,0,0,0,1,230,0,0,1
TF,FJ810,25.298556,56.237306,0, ,0.0,0.0,0.0,0.0,0,0,0,1,230,0,0,0
TF,FJ812,25.304167,56.333889,0, ,0.0,0.0,0.0,0.0,2,6000,0,0,0,0,0,0
TF,IMKIR,25.066861,56.444500,0, ,0.0,0.0,0.0,0.0,0,0,0,0,0,0,0,0
TF,TONVO,25.083333,56.533333,0, ,0.0,0.0,0.0,0.0,0,0,0,0,0,0,0,0

SID,TONV4F,11,4
CA,0,110.0,2,500,0,0,0,0,0,0
DF,FJ929,25.080917,56.407194,0, ,0.0,0.0,0,0,0,1,220,0,0,1

SID,TONV4F,11R,4
CA,0,110.0,2,500,0,0,0,0,0,0
DF,FJ929,25.080917,56.407194,0, ,0.0,0.0,0,0,0,1,220,0,0,1

SID,TONV4F,ALL,5
IF,FJ929,25.080917,56.407194, ,0.0,0.0,0,0,0,1,220,0,0,0
DF,TONVO,25.083333,56.533333,0, ,0.0,0.0,0,0,0,0,0,0,0,0

SID,UMAM1R,29L,5
CA,0,290.0,2,800,0,0,0,0,0,0
DF,FJ802,25.129833,56.271361,0, ,0.0,0.0,2,1500,0,1,210,0,0,1
TF,FJ803,25.163056,56.230000,0, ,0.0,0.0,0.0,0.0,0,0,0,1,230,0,0,1
TF,FJ810,25.298556,56.237306,0, ,0.0,0.0,0.0,0.0,0,0,0,1,230,0,0,0
TF,FJ812,25.304167,56.333889,0, ,0.0,0.0,0.0,0.0,2,6000,0,0,0,0,0,0
TF,IMKIR,25.066861,56.444500,0, ,0.0,0.0,0.0,0.0,0,0,0,0,0,0,0,0
TF,FJ811,24.985194,56.163333,2, ,0.0,0.0,0.0,0.0,0,0,0,0,0,0,0,0
TF,UMAMI,24.853806,56.039806,0, ,0.0,0.0,0.0,0.0,0,0,0,0,0,0,0,0

SID,UMAM1S,29L,5
CA,0,290.0,2,800,0,0,0,0,0,0
DF,FJ802,25.129833,56.271361,0, ,0.0,0.0,2,1500,0,1,210,0,0,1
TF,FJ804,25.171944,56.219167,0, ,0.0,0.0,0.0,0.0,0,0,0,1,230,0,0,1
DF,FJ805,25.093611,56.161667,1, ,0.0,0.0,0,0,0,0,0,0,0,0
TF,FJ811,24.985194,56.163333,0, ,0.0,0.0,0.0,0.0,0,0,0,1,230,0,0,0
TF,UMAMI,24.853806,56.039806,0, ,0.0,0.0,0.0,0.0,0,0,0,0,0,0,0,0

SID,UMAM2N,29,5
CF,MEPTI,25.158889,56.237222,0,FJV,296.6,7.3,300.0,5.0,0,0,0,1,230,0,0,1
TF,FJ810,25.298556,56.237306,0, ,0.0,0.0,0.0,0.0,0,0,0,1,230,0,0,0
TF,KUSEN,25.307778,56.394444,0, ,0.0,0.0,0.0,0.0,2,6000,0,0,0,0,0,0
TF,IMKIR,25.066861,56.444500,0, ,0.0,0.0,0.0,0.0,2,6000,0,0,0,0,0,0
TF,FJ811,24.985194,56.163333,0, ,0.0,0.0,0.0,0.0,0,0,0,0,0,0,0,0
TF,UMAMI,24.853806,56.039806,0, ,0.0,0.0,0.0,0.0,0,0,0,0,0,0,0,0

SID,UMAM2P,29,5
CF,NAGEX,25.175833,56.207778,0,FJV,297.4,9.2,300.0,7.0,0,0,0,1,210,0,0,1
TF,FJ811,24.985194,56.163333,1, ,0.0,0.0,0.0,0.0,0,0,0,1,230,0,0,0
TF,UMAMI,24.853806,56.039806,0, ,0.0,0.0,0.0,0.0,0,0,0,0,0,0,0,0

SID,UMAM3F,11,4
CA,0,110.0,2,500,0,0,0,0,0,0
DF,FJ929,25.080917,56.407194,0, ,0.0,0.0,0,0,0,1,220,0,0,1

SID,UMAM3F,11R,4
CA,0,110.0,2,500,0,0,0,0,0,0
DF,FJ929,25.080917,56.407194,0, ,0.0,0.0,0,0,0,1,220,0,0,1

SID,UMAM3F,ALL,5
IF,FJ929,25.080917,56.407194, ,0.0,0.0,0,0,0,1,220,0,0,0
DF,FJ801,24.973250,56.320611,2, ,0.0,0.0,0,0,0,0,0,0,0,0
TF,UMAMI,24.853806,56.039806,0, ,0.0,0.0,0.0,0.0,2,6000,0,0,0,0,0,0

SID,VAVI1N,29,5
CF,MEPTI,25.158889,56.237222,0,FJV,296.6,7.3,300.0,5.0,0,0,0,1,230,0,0,1
TF,FJ810,25.298556,56.237306,0, ,0.0,0.0,0.0,0.0,0,0,0,1,230,0,0,0
TF,KUSEN,25.307778,56.394444,0, ,0.0,0.0,0.0,0.0,2,6000,0,0,0,0,0,0
TF,IMKIR,25.066861,56.444500,0, ,0.0,0.0,0.0,0.0,2,6000,0,0,0,0,0,0
TF,ALNUM,24.850000,56.266667,0, ,0.0,0.0,0.0,0.0,0,0,0,0,0,0,0,0
TF,GIDIS,24.600000,55.933333,0, ,0.0,0.0,0.0,0.0,0,0,0,0,0,0,0,0
TF,VAVIM,24.259750,55.606361,0, ,0.0,0.0,0.0,0.0,0,0,0,0,0,0,0,0

SID,VAVI1P,29,5
CF,NAGEX,25.175833,56.207778,0,FJV,297.4,9.2,300.0,7.0,0,0,0,1,210,0,0,1
TF,FJ811,24.985194,56.163333,1, ,0.0,0.0,0.0,0.0,2,7000,0,0,0,0,0,0
TF,GIDIS,24.600000,55.933333,0, ,0.0,0.0,0.0,0.0,0,0,0,0,0,0,0,0
TF,VAVIM,24.259750,55.606361,0, ,0.0,0.0,0.0,0.0,0,0,0,0,0,0,0,0

SID,VAVI1R,29L,5
CA,0,290.0,2,800,0,0,0,0,0,0
DF,FJ802,25.129833,56.271361,0, ,0.0,0.0,2,1500,0,1,210,0,0,1
TF,FJ803,25.163056,56.230000,0, ,0.0,0.0,0.0,0.0,0,0,0,1,230,0,0,1
TF,FJ810,25.298556,56.237306,0, ,0.0,0.0,0.0,0.0,0,0,0,1,230,0,0,0
TF,FJ812,25.304167,56.333889,0, ,0.0,0.0,0.0,0.0,2,6000,0,0,0,0,0,0
TF,IMKIR,25.066861,56.444500,0, ,0.0,0.0,0.0,0.0,0,0,0,0,0,0,0,0
TF,ALNUM,24.850000,56.266667,0, ,0.0,0.0,0.0,0.0,0,0,0,0,0,0,0,0
TF,GIDIS,24.600000,55.933333,0, ,0.0,0.0,0.0,0.0,0,0,0,0,0,0,0,0
TF,VAVIM,24.259750,55.606361,0, ,0.0,0.0,0.0,0.0,0,0,0,0,0,0,0,0

SID,VAVI1S,29L,5
CA,0,290.0,2,800,0,0,0,0,0,0
DF,FJ802,25.129833,56.271361,0, ,0.0,0.0,2,1500,0,1,210,0,0,1
TF,FJ804,25.171944,56.219167,0, ,0.0,0.0,0.0,0.0,0,0,0,1,230,0,0,1
DF,FJ805,25.093611,56.161667,1, ,0.0,0.0,0,0,0,0,0,0,0,0
TF,FJ811,24.985194,56.163333,0, ,0.0,0.0,0.0,0.0,2,7000,0,0,0,0,0,0
TF,GIDIS,24.600000,55.933333,0, ,0.0,0.0,0.0,0.0,0,0,0,0,0,0,0,0
TF,VAVIM,24.259750,55.606361,0, ,0.0,0.0,0.0,0.0,0,0,0,0,0,0,0,0

SID,VAVI2F,11,4
CA,0,110.0,2,500,0,0,0,0,0,0
DF,FJ929,25.080917,56.407194,0, ,0.0,0.0,0,0,0,1,220,0,0,1

SID,VAVI2F,11R,4
CA,0,110.0,2,500,0,0,0,0,0,0
DF,FJ929,25.080917,56.407194,0, ,0.0,0.0,0,0,0,1,220,0,0,1

SID,VAVI2F,ALL,5
IF,FJ929,25.080917,56.407194, ,0.0,0.0,0,0,0,1,220,0,0,0
DF,FJ801,24.973250,56.320611,2, ,0.0,0.0,0,0,0,0,0,0,0,0
TF,GIDIS,24.600000,55.933333,0, ,0.0,0.0,0.0,0.0,2,7000,0,0,0,0,0,0
TF,VAVIM,24.259750,55.606361,0, ,0.0,0.0,0.0,0.0,0,0,0,0,0,0,0,0

STAR,KUSE3A,ALL,5
IF,KUSEN,25.307778,56.394444, ,0.0,0.0,2,8000,0,0,0,0,0,0

STAR,KUSE3A,29,6
IF,KUSEN,25.307778,56.394444, ,0.0,0.0,2,8000,0,0,0,0,0,0
TF,ASREN,25.107611,56.576389,0, ,0.0,0.0,0.0,0.0,2,3000,0,1,210,0,0,0

STAR,KUSE3A,29L,6
IF,KUSEN,25.307778,56.394444, ,0.0,0.0,2,8000,0,0,0,0,0,0
TF,ASREN,25.107611,56.576389,0, ,0.0,0.0,0.0,0.0,2,3000,0,1,210,0,0,0

STAR,RUDA3A,ALL,5
IF,RUDAT,24.768083,56.287250, ,0.0,0.0,2,8000,0,0,0,0,0,0

STAR,RUDA3A,29,6
IF,RUDAT,24.768083,56.287250, ,0.0,0.0,2,8000,0,0,0,0,0,0
TF,IMVAT,24.953111,56.506056,0, ,0.0,0.0,0.0,0.0,2,3000,0,1,210,0,0,0

STAR,RUDA3A,29L,6
IF,RUDAT,24.768083,56.287250, ,0.0,0.0,2,8000,0,0,0,0,0,0
TF,IMVAT,24.953111,56.506056,0, ,0.0,0.0,0.0,0.0,2,3000,0,1,210,0,0,0

APPTR,D29-W,29,BORUL
IF,BORUL,24.991944,56.642778, ,0.0,0.0,2,3000,0,0,0,0,1,0
CF,DANIG,25.030278,56.541111,0,FJV,110.5,11.0,291.0,6.0,2,2000,0,0,0,0,1,0

APPTR,D29-W,29,DANIG
IF,DANIG,25.030278,56.541111, ,0.0,0.0,2,3000,0,0,0,0,0,0
HF,DANIG,25.030278,56.541111,2, ,0.0,0.0,291.0,05,2,2000,0,1,210,0,0,0,0

APPTR,D29-W,29,DESPA
IF,DESPA,25.215833,56.512222, ,0.0,0.0,2,3000,0,0,0,0,1,0
AF,DANIG,25.030278,56.541111,2,FJV,110.5,11.0,50.0,2,2000,0,0,0,0,1,0

APPTR,D29-W,29,FJV
IF,FJV,25.100714,56.354558, ,0.0,0.0,2,5000,0,1,210,0,0,0
FD,FJV,25.100714,56.354558,0,FJV,0.0,11.0,93.0,11.0,0,0,0,0,0,0,0,0
CF,DANIG,25.030278,56.541111,2,FJV,110.5,11.0,291.0,1.0,2,2000,0,0,0,0,1,0

FINAL,D29-W,29,D,4
IF,DANIG,25.030278,56.541111,FJV,110.5,11.0,2,2000,0,0,0,0,0,0
CF,IMKIR,25.066861,56.444500,0,FJV,110.4,5.3,291.0,5.7,2,2000,0,0,0,0,2,0
CF,FJ929,25.080917,56.407194,0,FJV,110.4,3.1,291.0,2.2,2,1300,0,0,0,0,0,0
CF,MA29,25.093642,56.373361,0,FJV,110.4,1.1,291.0,2.0,1,698,0,0,0,0,3,0
VI,1, ,0.0,105.0,0,0,0,1,185,0,0,0
CF,KARER,24.894444,56.569444,0,FJV,134.4,17.0,135.0,11.0,1,3000,0,0,0,0,0,0
HM,KARER,24.894444,56.569444,1, ,0.0,0.0,315.0,05,2,3000,0,1,210,0,0,0,0

APPTR,D29-X,29,BORUL
IF,BORUL,24.991944,56.642778, ,0.0,0.0,2,3000,0,0,0,0,1,0
CF,DANIG,25.030278,56.541111,0,FJV,110.5,11.0,291.0,6.0,2,2000,0,0,0,0,1,0

APPTR,D29-X,29,DANIG
IF,DANIG,25.030278,56.541111, ,0.0,0.0,2,3000,0,0,0,0,0,0
HF,DANIG,25.030278,56.541111,2, ,0.0,0.0,291.0,05,2,2000,0,1,210,0,0,0,0

APPTR,D29-X,29,DESPA
IF,DESPA,25.215833,56.512222, ,0.0,0.0,2,3000,0,0,0,0,1,0
AF,DANIG,25.030278,56.541111,2,FJV,110.5,11.0,50.0,2,2000,0,0,0,0,1,0

APPTR,D29-X,29,FJV
IF,FJV,25.100714,56.354558, ,0.0,0.0,2,5000,0,0,0,0,0,0
FD,FJV,25.100714,56.354558,0,FJV,0.0,11.0,102.0,11.0,0,0,0,0,0,0,0,0
CF,DANIG,25.030278,56.541111,2,FJV,110.5,11.0,291.0,1.0,2,2000,0,0,0,0,1,0

FINAL,D29-X,29,D,4
IF,DANIG,25.030278,56.541111,FJV,110.5,11.0,2,2000,0,0,0,0,0,0
CF,IMKIR,25.066861,56.444500,0,FJV,110.4,5.3,291.0,5.7,2,2000,0,0,0,0,2,0
CF,FJ929,25.080917,56.407194,0,FJV,110.4,3.1,291.0,2.2,2,1300,0,0,0,0,0,0
CF,MA29,25.093642,56.373361,0,FJV,110.4,1.1,291.0,2.0,1,698,0,0,0,0,3,0
VI,1, ,0.0,105.0,0,0,0,0,0,0,0,0
CF,KARER,24.894444,56.569444,0,FJV,134.4,17.0,135.0,11.0,1,3000,0,0,0,0,0,0
HM,KARER,24.894444,56.569444,1, ,0.0,0.0,315.0,05,2,3000,0,1,210,0,0,0,0

APPTR,L29-W,29,BORUL
IF,BORUL,24.991944,56.642778, ,0.0,0.0,2,3000,0,0,0,0,1,0
CF,DANIG,25.030278,56.541111,0,IFJR,110.5,14.0,291.0,6.0,2,2000,0,0,0,0,1,0

APPTR,L29-W,29,DANIG
IF,DANIG,25.030278,56.541111, ,0.0,0.0,2,3000,0,0,0,0,0,0
HF,DANIG,25.030278,56.541111,2, ,0.0,0.0,291.0,05,2,2000,0,1,210,0,0,0,0

APPTR,L29-W,29,DESPA
IF,DESPA,25.215833,56.512222, ,0.0,0.0,2,3000,0,0,0,0,1,0
AF,D100K,25.062344,56.552053,2,FJV,100.0,11.0,50.0,2,2000,0,0,0,0,0,0
VI,0,IFJR,0.0,261.0,0,0,0,0,0,0,0,0

APPTR,L29-W,29,FJV
IF,FJV,25.100714,56.354558, ,0.0,0.0,2,5000,0,1,210,0,0,0
FD,FJV,25.100714,56.354558,0,FJV,0.0,11.0,93.0,11.0,0,0,0,0,0,0,0,0
CF,DANIG,25.030278,56.541111,2,IFJR,110.5,14.0,291.0,1.0,2,2000,0,0,0,0,1,0

FINAL,L29-W,29,D,4
IF,DANIG,25.030278,56.541111,IFJR,110.5,14.0,2,2000,0,0,0,0,0,0
CF,IMKIR,25.066861,56.444500,0,IFJR,110.4,8.3,291.0,5.7,2,2000,0,0,0,0,2,0
CF,FJ929,25.080917,56.407194,0,IFJR,110.4,6.1,291.0,2.2,2,1300,0,0,0,0,0,0
CF,MA29,25.093642,56.373361,0,IFJR,110.4,4.1,291.0,2.0,1,698,0,0,0,0,3,0
VI,1, ,0.0,105.0,0,0,0,1,185,0,0,0
CF,KARER,24.894444,56.569444,0,FJV,134.4,17.0,135.0,11.0,1,3000,0,0,0,0,0,0
HM,KARER,24.894444,56.569444,1, ,0.0,0.0,315.0,05,2,3000,0,1,210,0,0,0,0

APPTR,L29-X,29,BORUL
IF,BORUL,24.991944,56.642778, ,0.0,0.0,2,3000,0,0,0,0,1,0
CF,DANIG,25.030278,56.541111,0,IFJR,110.5,14.0,291.0,6.0,2,2000,0,0,0,0,1,0

APPTR,L29-X,29,DANIG
IF,DANIG,25.030278,56.541111, ,0.0,0.0,2,3000,0,0,0,0,0,0
HF,DANIG,25.030278,56.541111,2, ,0.0,0.0,291.0,05,2,2000,0,1,210,0,0,0,0

APPTR,L29-X,29,DESPA
IF,DESPA,25.215833,56.512222, ,0.0,0.0,2,3000,0,0,0,0,1,0
AF,D100K,25.062344,56.552053,2,FJV,100.0,11.0,50.0,2,2000,0,0,0,0,0,0
VI,0,IFJR,0.0,261.0,0,0,0,0,0,0,0,0

APPTR,L29-X,29,FJV
IF,FJV,25.100714,56.354558, ,0.0,0.0,2,5000,0,0,0,0,0,0
FD,FJV,25.100714,56.354558,0,FJV,0.0,11.0,102.0,11.0,0,0,0,0,0,0,0,0
CF,DANIG,25.030278,56.541111,2,IFJR,110.5,14.0,291.0,1.0,2,2000,0,0,0,0,1,0

FINAL,L29-X,29,D,4
IF,DANIG,25.030278,56.541111,IFJR,110.5,14.0,2,2000,0,0,0,0,0,0
CF,IMKIR,25.066861,56.444500,0,IFJR,110.4,8.3,291.0,5.7,2,2000,0,0,0,0,2,0
CF,FJ929,25.080917,56.407194,0,IFJR,110.4,6.1,291.0,2.2,2,1300,0,0,0,0,0,0
CF,MA29,25.093642,56.373361,0,IFJR,110.4,4.1,291.0,2.0,1,698,0,0,0,0,3,0
VI,1, ,0.0,105.0,0,0,0,0,0,0,0,0
CF,KARER,24.894444,56.569444,0,FJV,134.4,17.0,135.0,11.0,1,3000,0,0,0,0,0,0
HM,KARER,24.894444,56.569444,1, ,0.0,0.0,315.0,05,2,3000,0,1,210,0,0,0,0

APPTR,R29LY,29L,ASREN
IF,ASREN,25.107611,56.576389, ,0.0,0.0,2,3000,0,1,210,0,1,0
TF,KULKU,25.028528,56.540361,0, ,0.0,0.0,0.0,0.0,2,2000,0,0,0,0,1,0

APPTR,R29LY,29L,BORUL
IF,BORUL,24.991944,56.642778, ,0.0,0.0,2,3000,0,1,210,0,1,0
TF,KULKU,25.028528,56.540361,0, ,0.0,0.0,0.0,0.0,2,2000,0,0,0,0,1,0

APPTR,R29LY,29L,DESPA
IF,DESPA,25.215833,56.512222, ,0.0,0.0,2,3000,0,1,210,0,1,0
TF,ASREN,25.107611,56.576389,0, ,0.0,0.0,0.0,0.0,2,3000,0,0,0,0,0,0
TF,KULKU,25.028528,56.540361,0, ,0.0,0.0,0.0,0.0,2,2000,0,0,0,0,1,0

APPTR,R29LY,29L,IMVAT
IF,IMVAT,24.953111,56.506056, ,0.0,0.0,2,3000,0,1,210,0,1,0
TF,KULKU,25.028528,56.540361,0, ,0.0,0.0,0.0,0.0,2,2000,0,0,0,0,1,0

FINAL,R29LY,29L,R,3
IF,KULKU,25.028528,56.540361, ,0.0,0.0,2,2000,0,0,0,0,0,0
TF,FJ935,25.065694,56.441889,0, ,0.0,0.0,290.0,5.8,1,2000,0,0,0,0,2,0
TF,FJ930,25.097444,56.357556,0, ,0.0,0.0,290.0,5.0,1,417,0,0,0,0,3,1
DF,KARER,24.894444,56.569444,1, ,0.0,0.0,2,3000,0,1,160,0,0,0
HM,KARER,24.894444,56.569444,1, ,0.0,0.0,314.0,04.3,2,3000,0,1,210,0,0,0,0

APPTR,R29LZ,29L,ASREN
IF,ASREN,25.107611,56.576389, ,0.0,0.0,2,3000,0,1,210,0,1,0
TF,KULKU,25.028528,56.540361,0, ,0.0,0.0,0.0,0.0,2,2000,0,0,0,0,1,0

APPTR,R29LZ,29L,BORUL
IF,BORUL,24.991944,56.642778, ,0.0,0.0,2,3000,0,1,210,0,1,0
TF,KULKU,25.028528,56.540361,0, ,0.0,0.0,0.0,0.0,2,2000,0,0,0,0,1,0

APPTR,R29LZ,29L,DESPA
IF,DESPA,25.215833,56.512222, ,0.0,0.0,2,3000,0,1,210,0,1,0
TF,ASREN,25.107611,56.576389,0, ,0.0,0.0,0.0,0.0,2,3000,0,0,0,0,0,0
TF,KULKU,25.028528,56.540361,0, ,0.0,0.0,0.0,0.0,2,2000,0,0,0,0,1,0

APPTR,R29LZ,29L,IMVAT
IF,IMVAT,24.953111,56.506056, ,0.0,0.0,2,3000,0,1,210,0,1,0
TF,KULKU,25.028528,56.540361,0, ,0.0,0.0,0.0,0.0,2,2000,0,0,0,0,1,0

FINAL,R29LZ,29L,R,3
IF,KULKU,25.028528,56.540361, ,0.0,0.0,2,2000,0,0,0,0,0,0
TF,FJ934,25.062944,56.449139,0, ,0.0,0.0,290.0,5.4,1,2000,0,0,0,0,2,0
TF,RW29L,25.103825,56.340578,0, ,0.0,0.0,290.0,6.4,1,98,0,0,0,0,3,1
DF,FJ933,25.117056,56.305389,0, ,0.0,0.0,0,0,0,1,185,0,0,1
TF,FJ932,25.199000,56.210000,0, ,0.0,0.0,0.0,0.0,2,2700,0,1,210,0,0,0
TF,FJ931,25.308667,56.259833,0, ,0.0,0.0,0.0,0.0,0,0,0,1,210,0,0,0
TF,DESPA,25.215833,56.512222,0, ,0.0,0.0,0.0,0.0,2,4000,0,1,210,0,0,0
HM,DESPA,25.215833,56.512222,2, ,0.0,0.0,229.0,04.3,0,0,0,1,210,0,0,0,0

APPTR,R29-Y,29,ASREN
IF,ASREN,25.107611,56.576389, ,0.0,0.0,2,3000,0,1,210,0,1,0
TF,DANIG,25.030278,56.541111,0, ,0.0,0.0,0.0,0.0,2,2000,0,0,0,0,1,0

APPTR,R29-Y,29,BORUL
IF,BORUL,24.991944,56.642778, ,0.0,0.0,2,3000,0,1,210,0,1,0
TF,DANIG,25.030278,56.541111,0, ,0.0,0.0,0.0,0.0,2,2000,0,0,0,0,1,0

APPTR,R29-Y,29,DANIG
HF,DANIG,25.030278,56.541111,2, ,0.0,0.0,291.0,04.3,2,3000,0,1,210,0,0,0,0

APPTR,R29-Y,29,IMVAT
IF,IMVAT,24.953111,56.506056, ,0.0,0.0,2,3000,0,1,210,0,1,0
TF,DANIG,25.030278,56.541111,0, ,0.0,0.0,0.0,0.0,2,2000,0,0,0,0,1,0

FINAL,R29-Y,29,R,4
IF,DANIG,25.030278,56.541111, ,0.0,0.0,2,2000,0,0,0,0,0,0
TF,IMKIR,25.066861,56.444500,0, ,0.0,0.0,291.0,5.7,2,2000,0,0,0,0,2,0
TF,FJ929,25.080917,56.407194,0, ,0.0,0.0,291.0,2.2,2,1370,0,0,0,0,0,0
TF,FJ924,25.093694,56.373250,0, ,0.0,0.0,291.0,2.0,1,714,0,0,0,0,3,1
DF,KARER,24.894444,56.569444,1, ,0.0,0.0,2,3000,0,1,185,0,0,1
HM,KARER,24.894444,56.569444,1, ,0.0,0.0,315.0,04.3,2,3000,0,1,210,0,0,0,0

APPTR,R29-Z,29,ASREN
IF,ASREN,25.107611,56.576389, ,0.0,0.0,2,3000,0,1,210,0,1,0
TF,DANIG,25.030278,56.541111,0, ,0.0,0.0,0.0,0.0,2,2000,0,0,0,0,1,0

APPTR,R29-Z,29,BORUL
IF,BORUL,24.991944,56.642778, ,0.0,0.0,2,3000,0,1,210,0,1,0
TF,DANIG,25.030278,56.541111,0, ,0.0,0.0,0.0,0.0,2,2000,0,0,0,0,1,0

APPTR,R29-Z,29,DANIG
HF,DANIG,25.030278,56.541111,2, ,0.0,0.0,291.0,04.3,2,3000,0,1,210,0,0,0,0

APPTR,R29-Z,29,IMVAT
IF,IMVAT,24.953111,56.506056, ,0.0,0.0,2,3000,0,1,210,0,1,0
TF,DANIG,25.030278,56.541111,0, ,0.0,0.0,0.0,0.0,2,2000,0,0,0,0,1,0

FINAL,R29-Z,29,R,4
IF,DANIG,25.030278,56.541111, ,0.0,0.0,2,2000,0,0,0,0,0,0
TF,FJ363,25.064778,56.450028,0, ,0.0,0.0,291.0,5.4,2,2000,0,0,0,0,2,0
TF,FJ928,25.086500,56.392333,0, ,0.0,0.0,291.0,3.4,2,990,0,0,0,0,0,0
TF,RW29,25.105664,56.341403,0, ,0.0,0.0,291.0,3.0,1,98,0,0,0,0,3,1
DF,FJ364,25.119861,56.303639,0, ,0.0,0.0,2,1200,0,0,0,0,0,1
TF,FJ365,25.194417,56.212583,0, ,0.0,0.0,0.0,0.0,2,3300,0,1,210,0,0,0
TF,FJ366,25.311583,56.251889,0, ,0.0,0.0,0.0,0.0,1,4000,0,1,210,0,0,0
TF,DESPA,25.215833,56.512222,2, ,0.0,0.0,0.0,0.0,2,4000,0,1,210,0,0,1
HM,DESPA,25.215833,56.512222,2, ,0.0,0.0,230.0,04.3,2,4000,0,1,210,0,0,0,0

