APPTR,N02,02,KD
IF,KD,25.322903,68.362033, ,0.0,0.0,2,3000,0,0,0,0,0,0
FC,KD,25.322903,68.362033,0,KD,0.0,0.0,205.0,9.0,2,1800,0,0,0,0,0,1
CF,FN02,25.228458,68.336144,1,KD,193.0,5.8,13.0,4.0,2,1800,0,0,0,0,0,0

FINAL,N02,02,N,3
IF,FN02,25.228458,68.336144,KD,0.0,0.0,2,1800,0,0,0,0,2,0
CF,EN02,25.310225,68.358556,0,KD,0.0,0.0,13.0,5.0,1,195,0,0,0,0,0,1
CF,KD,25.322903,68.362033,0,KD,0.0,0.0,13.0,0.8,2,550,0,0,0,0,3,1
VM,0,0,0,13.0,1,2000,0,0,0,0,0,0

APPTR,N20,20,KD
IF,KD,25.322903,68.362033, ,0.0,0.0,2,3000,0,0,0,0,0,0
FC,KD,25.322903,68.362033,0,KD,0.0,0.0,28.0,9.0,2,1800,0,0,0,0,0,1
CF,FN20,25.393217,68.429339,2,KD,40.0,5.6,220.0,4.0,2,1800,0,0,0,0,0,0

FINAL,N20,20,N,3
IF,FN20,25.393217,68.429339,KD,0.0,0.0,2,1800,0,0,0,0,2,0
CF,EN20,25.329044,68.367908,0,KD,0.0,0.0,220.0,5.1,1,180,0,0,0,0,0,1
CF,KD,25.322903,68.362033,0,KD,0.0,0.0,220.0,0.5,2,550,0,0,0,0,3,1
VM,0,0,0,220.0,1,2000,0,0,0,0,0,0

