SID,BADU1A,02,5
CA,0,20.0,2,700,0,0,0,0,0,0
DF,NH368,26.092778,68.269167,2, ,0.0,0.0,0,0,0,1,250,0,0,0
TF,BADUL,25.228889,67.473611,0, ,0.0,0.0,0.0,0.0,0,0,0,0,0,0,0,0

SID,BADU1B,20,5
CA,0,200.0,2,700,0,0,0,0,0,0
DF,NH368,26.092778,68.269167,0, ,0.0,0.0,0,0,0,1,250,0,0,0
TF,BADUL,25.228889,67.473611,0, ,0.0,0.0,0.0,0.0,0,0,0,0,0,0,0,0

SID,BADU1C,02,5
CA,0,20.0,2,700,0,0,0,0,0,0
DF,NH368,26.092778,68.269167,1, ,0.0,0.0,0,0,0,1,250,0,0,0
TF,BADUL,25.228889,67.473611,0, ,0.0,0.0,0.0,0.0,0,0,0,0,0,0,0,0

SID,BIML1A,02,5
CA,0,20.0,2,700,0,0,0,0,0,0
DF,NH364,26.353333,68.501111,0, ,0.0,0.0,0,0,0,1,250,0,0,0
TF,BIMLA,26.605556,68.716667,0, ,0.0,0.0,0.0,0.0,0,0,0,0,0,0,0,0

SID,BIML1B,20,5
CA,0,200.0,2,700,0,0,0,0,0,0
DF,NH364,26.353333,68.501111,1, ,0.0,0.0,0,0,0,1,250,0,0,0
TF,BIMLA,26.605556,68.716667,0, ,0.0,0.0,0.0,0.0,0,0,0,0,0,0,0,0

SID,IDEB1A,02,5
CA,0,20.0,2,700,0,0,0,0,0,0
DF,NH367,26.345278,68.268056,0, ,0.0,0.0,0,0,0,1,250,0,0,0
TF,IDEBA,27.458333,67.227222,0, ,0.0,0.0,0.0,0.0,0,0,0,0,0,0,0,0

SID,IDEB1B,20,5
CA,0,200.0,2,700,0,0,0,0,0,0
DF,NH367,26.345278,68.268056,2, ,0.0,0.0,0,0,0,1,250,0,0,0
TF,IDEBA,27.458333,67.227222,0, ,0.0,0.0,0.0,0.0,0,0,0,0,0,0,0,0

SID,KAGN1A,02,5
CA,0,20.0,2,700,0,0,0,0,0,0
DF,NH365,26.382500,68.430556,0, ,0.0,0.0,0,0,0,1,250,0,0,0
TF,KAGNI,26.720556,68.523333,0, ,0.0,0.0,0.0,0.0,0,0,0,0,0,0,0,0

SID,KAGN1B,20,5
CA,0,200.0,2,700,0,0,0,0,0,0
DF,NH365,26.382500,68.430556,2, ,0.0,0.0,0,0,0,1,250,0,0,0
TF,KAGNI,26.720556,68.523333,0, ,0.0,0.0,0.0,0.0,0,0,0,0,0,0,0,0

SID,KDND1A,02,5
CA,0,20.0,2,700,0,0,0,0,0,0
DF,NH370,26.052500,68.381389,2, ,0.0,0.0,0,0,0,1,250,0,0,0
TF,KDNDB,25.322903,68.362033,0, ,0.0,0.0,0.0,0.0,0,0,0,0,0,0,0,0

SID,KDND1B,20,5
CA,0,200.0,2,700,0,0,0,0,0,0
DF,NH370,26.052500,68.381389,0, ,0.0,0.0,0,0,0,1,250,0,0,0
TF,KDNDB,25.322903,68.362033,0, ,0.0,0.0,0.0,0.0,0,0,0,0,0,0,0,0

SID,MAKL1A,02,5
CA,0,20.0,2,700,0,0,0,0,0,0
DF,NH369,26.083056,68.282778,2, ,0.0,0.0,0,0,0,1,250,0,0,0
TF,MAKLI,24.976389,67.446389,0, ,0.0,0.0,0.0,0.0,0,0,0,0,0,0,0,0

SID,MAKL1B,20,5
CA,0,200.0,2,700,0,0,0,0,0,0
DF,NH369,26.083056,68.282778,0, ,0.0,0.0,0,0,0,1,250,0,0,0
TF,MAKLI,24.976389,67.446389,0, ,0.0,0.0,0.0,0.0,0,0,0,0,0,0,0,0

SID,MERO1A,02,5
CA,0,20.0,2,700,0,0,0,0,0,0
DF,NH366,26.383611,68.355833,0, ,0.0,0.0,0,0,0,1,250,0,0,0
TF,MEROX,26.875278,68.266667,0, ,0.0,0.0,0.0,0.0,0,0,0,0,0,0,0,0

SID,MERO1B,20,5
CA,0,200.0,2,700,0,0,0,0,0,0
DF,NH366,26.383611,68.355833,2, ,0.0,0.0,0,0,0,1,250,0,0,0
TF,MEROX,26.875278,68.266667,0, ,0.0,0.0,0.0,0.0,0,0,0,0,0,0,0,0

APPTR,D02,02,NH
IF,NH,26.216758,68.385469, ,0.0,0.0,2,4000,0,0,0,0,1,0
FD,NH,26.216758,68.385469,0,NH,0.0,9.0,218.0,9.0,2,1800,0,0,0,0,0,0
CF,FD02,26.123914,68.361725,1,NH,192.0,5.7,12.0,4.0,2,1800,0,0,0,0,0,0

FINAL,D02,02,D,2
IF,FD02,26.123914,68.361725,NH,192.0,5.7,2,1800,0,0,0,0,2,0
CF,MD02,26.200469,68.381300,0,NH,192.0,1.0,12.0,4.7,1,299,0,0,0,0,3,0
CF,NH,26.216758,68.385469,0,NH,0.0,0.0,12.0,1.0,0,0,0,0,0,0,0,0
CA,0,12.0,2,2000,0,0,0,0,0,0
VM,0,0,0,12.0,1,2000,0,0,0,0,0,0

APPTR,D20,20,NH
IF,NH,26.216758,68.385469, ,0.0,0.0,2,4000,0,0,0,0,1,0
FD,NH,26.216758,68.385469,0,NH,0.0,9.0,50.0,9.0,2,1800,0,0,0,0,0,0
CF,FD20,26.309900,68.435878,1,NH,25.0,6.2,205.0,3.0,2,1800,0,0,0,0,0,0

FINAL,D20,20,D,2
IF,FD20,26.309900,68.435878,NH,25.0,6.2,2,1800,0,0,0,0,2,0
CF,MD20,26.239294,68.397656,0,NH,25.0,1.5,205.0,4.7,1,308,0,0,0,0,3,0
CF,NH,26.216758,68.385469,0,NH,0.0,0.0,205.0,1.5,0,0,0,0,0,0,0,0
CA,0,205.0,2,2000,0,0,0,0,0,0
VM,0,0,0,205.0,1,2000,0,0,0,0,0,0

APPTR,N02,02,NH1
IF,NH,26.217164,68.391272, ,0.0,0.0,2,4000,0,0,0,0,1,0
FC,NH,26.217164,68.391272,0,NH,0.0,0.0,230.0,7.0,0,0,0,0,0,0,0,1
CF,FN02,26.129500,68.348036,1,NH,200.2,5.6,23.0,2.0,2,1800,0,0,0,0,0,0

APPTR,N02,02,NH2
IF,NH,26.217164,68.391272, ,0.0,0.0,2,4000,0,0,0,0,1,0
FC,NH,26.217164,68.391272,0,NH,0.0,0.0,230.0,9.0,0,0,0,0,0,0,0,1
CF,FN02,26.129500,68.348036,1,NH,200.2,5.6,23.0,3.0,2,1800,0,0,0,0,0,0

FINAL,N02,02,N,2
IF,FN02,26.129500,68.348036,NH,0.0,0.0,2,1800,0,0,0,0,2,0
CF,RW02,26.207842,68.385242,0,NH,0.0,0.0,23.0,5.1,1,144,0,0,0,0,3,0
CF,NH,26.217164,68.391272,0,NH,84.6,0.3,23.0,0.7,0,0,0,0,0,0,0,0
VM,0,0,0,23.0,1,2000,0,0,0,0,0,0

APPTR,N20,20,NH1
IF,NH,26.217164,68.391272, ,0.0,0.0,2,4000,0,0,0,0,1,0
FC,NH,26.217164,68.391272,0,NH,0.0,0.0,45.0,7.0,0,0,0,0,0,0,0,1
CF,FN20,26.313872,68.424081,1,NH,18.7,6.2,196.0,1.0,2,1800,0,0,0,0,0,0

APPTR,N20,20,NH2
IF,NH,26.217164,68.391272, ,0.0,0.0,2,4000,0,0,0,0,1,0
FC,NH,26.217164,68.391272,0,NH,0.0,0.0,45.0,9.0,0,0,0,0,0,0,0,1
CF,FN20,26.313872,68.424081,1,NH,18.7,6.2,196.0,2.0,2,1800,0,0,0,0,0,0

FINAL,N20,20,N,2
IF,FN20,26.313872,68.424081,NH,0.0,0.0,2,1800,0,0,0,0,2,0
CF,RW20,26.231039,68.394869,0,NH,0.0,0.0,196.0,5.2,1,145,0,0,0,0,3,0
CF,NH,26.217164,68.391272,0,NH,84.6,0.3,196.0,0.9,0,0,0,0,0,0,0,0
VM,0,0,0,196.0,1,2000,0,0,0,0,0,0

APPTR,R02,02,ANOSU
IF,ANOSU,25.872222,68.064722, ,0.0,0.0,1,7000,0,1,250,0,1,0
TF,IKOTO,26.060667,68.324250,0, ,0.0,0.0,0.0,0.0,2,2500,0,1,220,0,0,0

APPTR,R02,02,EKEMA
IF,EKEMA,26.254722,68.290556, ,0.0,0.0,1,6000,0,1,230,0,1,0
TF,NH372,26.088056,68.241111,0, ,0.0,0.0,0.0,0.0,2,3500,0,1,220,0,0,0
TF,IKOTO,26.060667,68.324250,0, ,0.0,0.0,0.0,0.0,2,2500,0,1,220,0,0,0

APPTR,R02,02,LASUX
IF,LASUX,26.186389,68.490833, ,0.0,0.0,1,6000,0,1,230,0,1,0
TF,NH373,26.032222,68.406944,0, ,0.0,0.0,0.0,0.0,2,3500,0,1,220,0,0,0
TF,IKOTO,26.060667,68.324250,0, ,0.0,0.0,0.0,0.0,2,2500,0,1,220,0,0,0

FINAL,R02,02,R,3
IF,IKOTO,26.060667,68.324250, ,0.0,0.0,2,2500,0,1,220,0,0,0
TF,NH371,26.126433,68.351486,0, ,0.0,0.0,20.0,4.2,1,1800,0,0,0,0,2,0
TF,RW02,26.207842,68.385242,0, ,0.0,0.0,20.0,5.2,1,144,0,0,0,0,3,1
DF,MAMLU,26.378167,68.456028,0, ,0.0,0.0,1,2500,0,1,220,0,0,1

APPTR,R20,20,EKEMA
IF,EKEMA,26.254722,68.290556, ,0.0,0.0,1,6000,0,1,230,0,1,0
TF,NH363,26.406667,68.373333,0, ,0.0,0.0,0.0,0.0,2,3500,0,1,220,0,0,0
TF,MAMLU,26.378167,68.456028,0, ,0.0,0.0,0.0,0.0,2,2500,0,1,220,0,0,0

APPTR,R20,20,LASUX
IF,LASUX,26.186389,68.490833, ,0.0,0.0,1,6000,0,1,230,0,1,0
TF,NH362,26.350833,68.539444,0, ,0.0,0.0,0.0,0.0,2,3500,0,1,220,0,0,0
TF,MAMLU,26.378167,68.456028,0, ,0.0,0.0,0.0,0.0,2,2500,0,1,220,0,0,0

FINAL,R20,20,R,3
IF,MAMLU,26.378167,68.456028, ,0.0,0.0,2,2500,0,1,220,0,0,0
TF,NH361,26.312419,68.428678,0, ,0.0,0.0,200.0,4.2,1,1800,0,0,0,0,2,0
TF,RW20,26.231039,68.394869,0, ,0.0,0.0,200.0,5.2,1,145,0,0,0,0,3,1
DF,IKOTO,26.060667,68.324250,0, ,0.0,0.0,1,2500,0,1,220,0,0,1

