APPTR,D16L,16L,ITOLA
IF,ITOLA,25.356308,51.208903, ,0.0,0.0,2,3000,0,0,0,0,1,0
TF,NOLPA,25.309808,51.229581,0, ,0.0,0.0,0.0,0.0,2,2300,0,0,0,0,1,0

FINAL,D16L,16L,D,3
IF,NOLPA,25.309808,51.229581,ALD,336.0,14.0,2,2300,0,0,0,0,0,0
CF,ODKAB,25.213694,51.272261,0,ALD,336.0,7.8,156.0,6.2,2,1840,0,0,0,0,2,0
CF,GISBI,25.139278,51.305261,0,ALD,336.0,3.0,156.0,4.8,1,313,0,0,0,0,3,1
DF,ALD,25.092761,51.325867,0, ,0.0,0.0,0,0,0,0,0,0,0,0
TF,BOTIM,25.038506,51.349928,0, ,0.0,0.0,0.0,0.0,0,0,0,0,0,0,0,0
VI,2, ,0.0,21.0,0,0,0,0,0,0,0,0
CF,ITOLA,25.356308,51.208903,0,ALD,336.0,17.0,336.0,16.0,2,3000,0,0,0,0,0,0
HM,ITOLA,25.356308,51.208903,2, ,0.0,0.0,156.0,07,3,8000,0,1,280,0,0,0,0

APPTR,D16R,16R,BIKTA
IF,BIKTA,25.350286,51.193686, ,0.0,0.0,2,3000,0,0,0,0,1,0
TF,SISUX,25.304850,51.217053,0, ,0.0,0.0,0.0,0.0,2,2300,0,0,0,0,1,0

FINAL,D16R,16R,D,3
IF,SISUX,25.304850,51.217053,ALD,333.0,14.0,2,2300,0,0,0,0,0,0
CF,TUGOT,25.210936,51.265289,0,ALD,333.0,7.8,153.0,6.2,2,1800,0,0,0,0,2,0
CF,IMSOR,25.142761,51.300250,0,ALD,333.0,3.3,153.0,4.5,1,351,0,0,0,0,3,0
CA,0,153.0,2,540,0,0,0,0,0,0
DF,ALD,25.092761,51.325867,0, ,0.0,0.0,0,0,0,0,0,0,0,0
CF,MONET,25.039014,51.346181,0,ALD,159.0,3.4,159.0,3.4,0,0,0,0,0,0,0,0
VI,2, ,0.0,21.0,0,0,0,0,0,0,0,0
CF,ITOLA,25.356308,51.208903,0,ALD,336.0,17.0,336.0,16.0,2,3000,0,0,0,0,0,0
HM,ITOLA,25.356308,51.208903,2, ,0.0,0.0,156.0,07,3,8000,0,1,280,0,0,0,0

APPTR,D34L,34L,NOBNU
IF,NOBNU,24.887247,51.483564, ,0.0,0.0,2,3500,0,0,0,0,1,0
TF,RUDUM,24.942067,51.441561,0, ,0.0,0.0,0.0,0.0,2,3500,0,0,0,0,1,0

FINAL,D34L,34L,D,3
IF,RUDUM,24.942067,51.441561,ALD,143.0,11.0,2,3500,0,0,0,0,0,0
CF,KUKSU,25.024275,51.378492,0,ALD,143.0,5.0,323.0,6.0,2,2040,0,0,0,0,2,0
CF,ALD,25.092761,51.325867,0,ALD,0.0,0.0,323.0,5.0,1,427,0,0,0,0,3,0
CA,0,323.0,2,540,0,0,0,0,0,0
CF,DANID,25.212042,51.272997,0,ALD,336.0,7.7,336.0,6.7,0,0,0,0,0,0,0,0
VI,1, ,0.0,111.0,0,0,0,0,0,0,0,0
CF,MENTA,24.891128,51.414894,0,ALD,156.1,13.0,156.0,17.0,2,3500,0,0,0,0,0,0
HM,MENTA,24.891128,51.414894,1, ,0.0,0.0,336.0,06,3,8000,0,1,265,0,0,0,0

APPTR,D34R,34R,MENTA
HF,MENTA,24.891128,51.414894,1, ,0.0,0.0,336.0,06,2,3500,0,1,265,0,1,0,0

FINAL,D34R,34R,D,4
IF,MENTA,24.891128,51.414894,ALD,156.1,13.0,2,3500,0,0,0,0,0,0
CF,ROXIX,25.013667,51.360828,0,ALD,156.1,5.1,336.0,7.9,2,2000,0,0,0,0,2,0
CF,MAZER,25.061744,51.339583,0,ALD,156.1,2.0,336.0,3.1,2,1000,0,0,0,0,0,0
CF,ALD,25.092761,51.325867,0,ALD,0.0,0.0,336.0,2.0,1,364,0,0,0,0,3,0
TF,DANID,25.212042,51.272997,0, ,0.0,0.0,0.0,0.0,0,0,0,0,0,0,0,0
VI,1, ,0.0,111.0,0,0,0,0,0,0,0,0
CF,MENTA,24.891128,51.414894,0,ALD,156.1,13.0,156.0,16.0,2,3500,0,0,0,0,0,0
HM,MENTA,24.891128,51.414894,1, ,0.0,0.0,336.0,06,3,8000,0,1,265,0,0,0,0

APPTR,I16L,16L,ITOLA
IF,ITOLA,25.356308,51.208903, ,0.0,0.0,2,3000,0,0,0,0,1,0
CF,NOLPA,25.309808,51.229581,0,ISWT,336.0,13.6,156.0,3.0,2,2300,0,0,0,0,1,0

FINAL,I16L,16L,I,3
IF,NOLPA,25.309808,51.229581,ISWT,336.0,13.6,2,2300,0,0,0,0,0,0
CF,DANID,25.212042,51.272997,0,ISWT,336.0,7.3,156.0,6.3,1,1800,0,0,0,0,2,0
CF,RW16L,25.133017,51.308042,0,ISWT,336.0,2.2,156.0,5.1,1,177,0,0,0,0,3,0
CA,0,156.0,2,540,0,0,0,0,0,0
DF,ALD,25.092761,51.325867,0, ,0.0,0.0,0,0,0,0,0,0,0,0
CF,BOTIM,25.038506,51.349928,0,ALD,156.0,3.5,156.0,3.5,0,0,0,0,0,0,0,0
VI,2, ,0.0,21.0,0,0,0,0,0,0,0,0
CF,ITOLA,25.356308,51.208903,0,ALD,336.0,17.0,336.0,16.0,2,3000,0,0,0,0,0,0
HM,ITOLA,25.356308,51.208903,2, ,0.0,0.0,156.0,07,3,8000,0,1,280,0,0,0,0

APPTR,I16R,16R,TAMER
IF,TAMER,25.355283,51.206100, ,0.0,0.0,2,3000,0,0,0,0,1,0
CF,PUSPU,25.308764,51.226783,0,ICGM,336.0,13.5,156.0,3.0,2,2300,0,0,0,0,1,0

FINAL,I16R,16R,I,3
IF,PUSPU,25.308764,51.226783,ICGM,336.0,13.5,2,2300,0,0,0,0,0,0
CF,LOVUG,25.213667,51.269017,0,ICGM,336.0,7.3,156.0,6.1,1,1800,0,0,0,0,2,0
CF,RW16R,25.134967,51.303919,0,ICGM,336.1,2.3,156.0,5.1,1,183,0,0,0,0,3,0
CA,0,156.0,2,540,0,0,0,0,0,0
DF,ALD,25.092761,51.325867,0, ,0.0,0.0,0,0,0,0,0,0,0,0
CF,MONET,25.039014,51.346181,0,ALD,159.0,3.4,159.0,3.4,0,0,0,0,0,0,0,0
VI,2, ,0.0,21.0,0,0,0,0,0,0,0,0
CF,ITOLA,25.356308,51.208903,0,ALD,336.0,17.0,336.0,16.0,2,3000,0,0,0,0,0,0
HM,ITOLA,25.356308,51.208903,2, ,0.0,0.0,156.0,07,3,8000,0,1,280,0,0,0,0

APPTR,I34L,34L,KITAK
IF,KITAK,24.873672,51.419328, ,0.0,0.0,2,3500,0,0,0,0,1,0
CF,NOGSU,24.904697,51.405653,0,ITCE,156.1,15.1,336.0,2.0,2,3500,0,0,0,0,1,0

FINAL,I34L,34L,I,3
IF,NOGSU,24.904697,51.405653,ITCE,156.1,15.1,2,3500,0,0,0,0,0,0
CF,OVOVU,25.019539,51.354967,0,ITCE,156.1,7.7,336.0,7.4,1,1900,0,0,0,0,2,0
CF,RW34L,25.103583,51.317814,0,ITCE,156.0,2.3,336.0,5.4,1,174,0,0,0,0,3,0
CA,0,336.0,2,540,0,0,0,0,0,0
CF,DANID,25.212042,51.272997,0,ALD,336.0,7.7,336.0,6.7,0,0,0,0,0,0,0,0
VI,1, ,0.0,111.0,0,0,0,0,0,0,0,0
CF,MENTA,24.891128,51.414894,0,ALD,156.1,13.0,156.0,17.0,2,3500,0,0,0,0,0,0
HM,MENTA,24.891128,51.414894,1, ,0.0,0.0,336.0,06,3,8000,0,1,265,0,0,0,0

APPTR,I34R,34R,MENTA
HF,MENTA,24.891128,51.414894,1, ,0.0,0.0,336.0,06,2,3500,0,1,265,0,1,0,0

FINAL,I34R,34R,I,3
IF,MENTA,24.891128,51.414894,IMBH,156.1,15.8,2,3500,0,0,0,0,0,0
CF,DATEM,25.022642,51.356856,0,IMBH,156.1,7.3,336.0,8.5,1,1800,0,0,0,0,2,0
CF,RW34R,25.101619,51.321944,0,IMBH,156.0,2.2,336.0,5.1,1,179,0,0,0,0,3,0
CA,0,336.0,2,540,0,0,0,0,0,0
CF,DANID,25.212042,51.272997,0,ALD,336.0,7.7,336.0,6.5,0,0,0,0,0,0,0,0
VI,1, ,0.0,111.0,0,0,0,0,0,0,0,0
CF,MENTA,24.891128,51.414894,0,ALD,156.1,13.0,156.0,17.0,2,3500,0,0,0,0,0,0
HM,MENTA,24.891128,51.414894,1, ,0.0,0.0,336.0,06,3,8000,0,1,265,0,0,0,0

APPTR,R16L,16L,ITOLA
HF,ITOLA,25.356308,51.208903,2, ,0.0,0.0,156.0,07,2,3000,0,1,280,0,1,0,0

FINAL,R16L,16L,R,3
IF,ITOLA,25.356308,51.208903, ,0.0,0.0,2,3000,0,0,0,0,0,0
TF,DANID,25.212042,51.272997,0, ,0.0,0.0,156.0,9.3,2,1800,0,0,0,0,2,0
TF,RW16L,25.133017,51.308042,0, ,0.0,0.0,156.0,5.1,1,184,0,0,0,0,3,1
CA,0,156.0,2,532,0,0,0,0,0,0
DF,MENTA,24.891128,51.414894,0, ,0.0,0.0,2,3500,0,0,0,0,0,1
HM,MENTA,24.891128,51.414894,1, ,0.0,0.0,336.0,06,3,8000,0,1,265,0,0,0,0

FINAL,R16R,16R,R,3
IF,PUSPU,25.308764,51.226783, ,0.0,0.0,2,2300,0,0,0,0,1,0
TF,LOVUG,25.213667,51.269017,0, ,0.0,0.0,156.0,6.1,2,1800,0,0,0,0,2,0
TF,RW16R,25.134967,51.303919,0, ,0.0,0.0,156.0,5.1,1,187,0,0,0,0,3,1
CA,0,156.0,2,1500,0,0,0,0,0,0
DF,MENTA,24.891128,51.414894,0, ,0.0,0.0,2,3500,0,0,0,0,0,1
HM,MENTA,24.891128,51.414894,1, ,0.0,0.0,336.0,06,3,8000,0,1,265,0,0,0,0

FINAL,R34L,34L,R,3
IF,NOGSU,24.904697,51.405653, ,0.0,0.0,2,3500,0,0,0,0,1,0
TF,OVOVU,25.019539,51.354967,0, ,0.0,0.0,336.0,7.4,2,1900,0,0,0,0,2,0
TF,RW34L,25.103583,51.317814,0, ,0.0,0.0,336.0,5.4,1,174,0,0,0,0,3,1
CA,0,336.0,2,1500,0,0,0,0,0,0
DF,ITOLA,25.356308,51.208903,0, ,0.0,0.0,2,3000,0,0,0,0,0,1
HM,ITOLA,25.356308,51.208903,2, ,0.0,0.0,156.0,07,3,8000,0,1,280,0,0,0,0

APPTR,R34R,34R,MENTA
HF,MENTA,24.891128,51.414894,1, ,0.0,0.0,336.0,06,2,3500,0,1,265,0,1,0,0

FINAL,R34R,34R,R,3
IF,MENTA,24.891128,51.414894, ,0.0,0.0,2,3500,0,0,0,0,0,0
TF,DATEM,25.022642,51.356856,0, ,0.0,0.0,336.0,8.5,2,1800,0,0,0,0,2,0
TF,RW34R,25.101619,51.321944,0, ,0.0,0.0,336.0,5.1,1,180,0,0,0,0,3,1
CA,0,336.0,2,500,0,0,0,0,0,0
DF,ITOLA,25.356308,51.208903,0, ,0.0,0.0,2,3000,0,0,0,0,0,1
HM,ITOLA,25.356308,51.208903,2, ,0.0,0.0,156.0,07,3,8000,0,1,280,0,0,0,0

APPTR,T16L,16L,ITOLA
IF,ITOLA,25.356308,51.208903, ,0.0,0.0,2,3000,0,0,0,0,1,0
TF,NOLPA,25.309808,51.229581,0, ,0.0,0.0,0.0,0.0,2,2300,0,0,0,0,1,0

FINAL,T16L,16L,D,3
IF,NOLPA,25.309808,51.229581,ALD,336.0,14.0,2,2300,0,0,0,0,0,0
CF,ODKAB,25.213694,51.272261,0,ALD,336.0,7.8,156.0,6.2,2,1840,0,0,0,0,2,0
CF,GISBI,25.139278,51.305261,0,ALD,336.0,3.0,156.0,4.8,1,313,0,0,0,0,3,1
DF,ALD,25.092761,51.325867,0, ,0.0,0.0,0,0,0,0,0,0,0,0
TF,BOTIM,25.038506,51.349928,0, ,0.0,0.0,0.0,0.0,0,0,0,0,0,0,0,0
VI,2, ,0.0,21.0,0,0,0,0,0,0,0,0
CF,ITOLA,25.356308,51.208903,0,ALD,336.0,17.0,336.0,16.0,2,3000,0,0,0,0,0,0
HM,ITOLA,25.356308,51.208903,2, ,0.0,0.0,156.0,07,3,8000,0,1,280,0,0,0,0

APPTR,T16R,16R,BIKTA
IF,BIKTA,25.350286,51.193686, ,0.0,0.0,2,3000,0,0,0,0,1,0
TF,SISUX,25.304850,51.217053,0, ,0.0,0.0,0.0,0.0,2,2300,0,0,0,0,1,0

FINAL,T16R,16R,D,3
IF,SISUX,25.304850,51.217053,ALD,333.0,14.0,2,2300,0,0,0,0,0,0
CF,TUGOT,25.210936,51.265289,0,ALD,333.0,7.8,153.0,6.2,2,1800,0,0,0,0,2,0
CF,IMSOR,25.142761,51.300250,0,ALD,333.0,3.3,153.0,4.5,1,351,0,0,0,0,3,0
CA,0,153.0,2,540,0,0,0,0,0,0
DF,ALD,25.092761,51.325867,0, ,0.0,0.0,0,0,0,0,0,0,0,0
CF,MONET,25.039014,51.346181,0,ALD,159.0,3.4,159.0,3.4,0,0,0,0,0,0,0,0
VI,2, ,0.0,21.0,0,0,0,0,0,0,0,0
CF,ITOLA,25.356308,51.208903,0,ALD,336.0,17.0,336.0,16.0,2,3000,0,0,0,0,0,0
HM,ITOLA,25.356308,51.208903,2, ,0.0,0.0,156.0,07,3,8000,0,1,280,0,0,0,0

APPTR,T34L,34L,NOBNU
IF,NOBNU,24.887247,51.483564, ,0.0,0.0,2,3500,0,0,0,0,1,0
TF,RUDUM,24.942067,51.441561,0, ,0.0,0.0,0.0,0.0,2,3500,0,0,0,0,1,0

FINAL,T34L,34L,D,3
IF,RUDUM,24.942067,51.441561,ALD,143.0,11.0,2,3500,0,0,0,0,0,0
CF,KUKSU,25.024275,51.378492,0,ALD,143.0,5.0,323.0,6.0,2,2040,0,0,0,0,2,0
CF,ALD,25.092761,51.325867,0,ALD,0.0,0.0,323.0,5.0,1,427,0,0,0,0,3,0
CA,0,323.0,2,540,0,0,0,0,0,0
CF,DANID,25.212042,51.272997,0,ALD,336.0,7.7,336.0,6.7,0,0,0,0,0,0,0,0
VI,1, ,0.0,111.0,0,0,0,0,0,0,0,0
CF,MENTA,24.891128,51.414894,0,ALD,156.1,13.0,156.0,17.0,2,3500,0,0,0,0,0,0
HM,MENTA,24.891128,51.414894,1, ,0.0,0.0,336.0,06,3,8000,0,1,265,0,0,0,0

APPTR,T34R,34R,MENTA
HF,MENTA,24.891128,51.414894,1, ,0.0,0.0,336.0,06,2,3500,0,1,265,0,1,0,0

FINAL,T34R,34R,D,4
IF,MENTA,24.891128,51.414894,ALD,156.1,13.0,2,3500,0,0,0,0,0,0
CF,ROXIX,25.013667,51.360828,0,ALD,156.1,5.1,336.0,7.9,2,2000,0,0,0,0,2,0
CF,MAZER,25.061744,51.339583,0,ALD,156.1,2.0,336.0,3.1,2,1000,0,0,0,0,0,0
CF,ALD,25.092761,51.325867,0,ALD,0.0,0.0,336.0,2.0,1,364,0,0,0,0,3,0
TF,DANID,25.212042,51.272997,0, ,0.0,0.0,0.0,0.0,0,0,0,0,0,0,0,0
VI,1, ,0.0,111.0,0,0,0,0,0,0,0,0
CF,MENTA,24.891128,51.414894,0,ALD,156.1,13.0,156.0,16.0,2,3500,0,0,0,0,0,0
HM,MENTA,24.891128,51.414894,1, ,0.0,0.0,336.0,06,3,8000,0,1,265,0,0,0,0

