STAR,SAP10,ALL,2
IF,TAZ,13.697222,44.138611, ,0.0,0.0,0,0,0,0,0,0,0,0
TF,KRA56,13.494014,44.347119,0, ,0.0,0.0,0.0,0.0,2,15000,0,0,0,0,0,0
TF,GOMRI,13.304444,44.540000,0, ,0.0,0.0,0.0,0.0,0,0,0,0,0,0,0,0
TF,D314Z,13.138775,44.709603,0, ,0.0,0.0,0.0,0.0,2,15000,0,0,0,0,0,0
TF,D314R,13.044167,44.806303,0, ,0.0,0.0,0.0,0.0,2,12000,0,0,0,0,0,0
TF,KRA,12.831167,45.023611,0, ,0.0,0.0,0.0,0.0,0,0,0,0,0,0,0,0

STAR,SAP11,ALL,2
IF,ARABO,12.647778,44.066944, ,0.0,0.0,2,15000,0,0,0,0,0,0
TF,DIRAK,12.703056,44.353611,0, ,0.0,0.0,0.0,0.0,0,0,0,0,0,0,0,0
TF,KRA28,12.741714,44.554783,0, ,0.0,0.0,0.0,0.0,2,15000,0,0,0,0,0,0
TF,D258O,12.783347,44.772411,0, ,0.0,0.0,0.0,0.0,2,7000,0,0,0,0,0,0
TF,KRA,12.831167,45.023611,0, ,0.0,0.0,0.0,0.0,0,0,0,0,0,0,0,0

STAR,SAP7A,ALL,2
IF,GEVEL,14.208056,44.429722, ,0.0,0.0,2,15000,0,0,0,0,0,0
TF,MOGEM,13.448611,44.758056,0, ,0.0,0.0,0.0,0.0,0,0,0,0,0,0,0,0
TF,D336Z,13.232278,44.851261,0, ,0.0,0.0,0.0,0.0,2,15000,0,0,0,0,0,0
TF,D336R,13.108872,44.904353,0, ,0.0,0.0,0.0,0.0,2,12000,0,0,0,0,0,0
TF,KRA,12.831167,45.023611,0, ,0.0,0.0,0.0,0.0,0,0,0,0,0,0,0,0

STAR,SAP7B,ALL,2
IF,GEVEL,14.208056,44.429722, ,0.0,0.0,2,15000,0,0,0,0,0,0
TF,LOSET,14.033611,44.664167,0, ,0.0,0.0,0.0,0.0,0,0,0,0,0,0,0,0
TF,XAKER,13.474167,44.831667,0, ,0.0,0.0,0.0,0.0,2,15000,0,0,0,0,0,0
TF,D342R,13.120392,44.937403,0, ,0.0,0.0,0.0,0.0,2,12000,0,0,0,0,0,0
TF,KRA,12.831167,45.023611,0, ,0.0,0.0,0.0,0.0,0,0,0,0,0,0,0,0

STAR,SAP8,ALL,2
IF,IVORA,14.728333,47.061667, ,0.0,0.0,0,0,0,0,0,0,0,0
TF,BANAR,13.101111,45.648611,0, ,0.0,0.0,0.0,0.0,0,0,0,0,0,0,0,0

APPTR,D08,08,DIRAK
IF,DIRAK,12.703056,44.353611, ,0.0,0.0,0,0,0,0,0,0,0,0
TF,D257P,12.780153,44.755669,0, ,0.0,0.0,0.0,0.0,0,0,0,0,0,0,1,0
TF,CD08,12.775719,44.826861,0, ,0.0,0.0,0.0,0.0,2,3000,0,0,0,0,1,0

APPTR,D08,08,GOMRI
IF,GOMRI,13.304444,44.540000, ,0.0,0.0,0,0,0,0,0,0,0,0
TF,D313P,13.020508,44.830467,0, ,0.0,0.0,0.0,0.0,0,0,0,0,0,0,1,0
CI,0, ,0.0,133.0,0,0,0,0,0,0,0,0
AF,D252N,12.766464,44.794078,1,KRA,252.0,14.0,313.0,2,3000,0,0,0,0,0,0
CF,CD08,12.775719,44.826861,0,KRA,252.0,12.0,72.0,2.0,2,3000,0,0,0,0,1,0

APPTR,D08,08,KATAN
IF,KATAN,12.456667,44.457778, ,0.0,0.0,0,0,0,0,0,0,0,0
TF,D234P,12.681608,44.797225,0, ,0.0,0.0,0.0,0.0,0,0,0,0,0,0,1,0
CI,0, ,0.0,54.0,0,0,0,0,0,0,0,0
AF,D252N,12.766464,44.794078,2,KRA,252.0,14.0,234.0,2,3000,0,0,0,0,0,0
CF,CD08,12.775719,44.826861,0,KRA,252.0,12.0,72.0,2.0,2,3000,0,0,0,0,1,0

APPTR,D08,08,KRA1
IF,KRA,12.831167,45.023611, ,0.0,0.0,2,3000,0,0,0,0,0,0
CF,D274L,12.852086,44.819992,0,KRA,274.0,12.0,274.0,12.0,2,3000,0,0,0,0,0,1
CF,CD08,12.775719,44.826861,1,KRA,252.0,12.0,72.0,1.0,2,3000,0,0,0,0,1,0

APPTR,D08,08,KRA2
IF,KRA,12.831167,45.023611, ,0.0,0.0,2,3000,0,0,0,0,0,0
CF,D265L,12.820572,44.819175,0,KRA,265.0,12.0,265.0,12.0,2,3000,0,0,0,0,0,1
CF,CD08,12.775719,44.826861,1,KRA,252.0,12.0,72.0,1.0,2,3000,0,0,0,0,1,0

APPTR,D08,08,MOGEM
IF,MOGEM,13.448611,44.758056, ,0.0,0.0,0,0,0,0,0,0,0,0
TF,D335P,13.078019,44.917617,0, ,0.0,0.0,0.0,0.0,0,0,0,0,0,0,1,0
CI,0, ,0.0,155.0,0,0,0,0,0,0,0,0
AF,D252N,12.766464,44.794078,1,KRA,252.0,14.0,335.0,2,3000,0,0,0,0,0,0
CF,CD08,12.775719,44.826861,0,KRA,252.0,12.0,72.0,2.0,2,3000,0,0,0,0,1,0

APPTR,D08,08,ULDAK
IF,ULDAK,12.185833,44.841111, ,0.0,0.0,0,0,0,0,0,0,0,0
TF,D193P,12.573103,44.950517,0, ,0.0,0.0,0.0,0.0,0,0,0,0,0,0,1,0
CI,0, ,0.0,13.0,0,0,0,0,0,0,0,0
AF,D252N,12.766464,44.794078,2,KRA,252.0,14.0,193.0,2,3000,0,0,0,0,0,0
CF,CD08,12.775719,44.826861,0,KRA,252.0,12.0,72.0,2.0,2,3000,0,0,0,0,1,0

FINAL,D08,08,D,3
IF,CD08,12.775719,44.826861,KRA,252.0,12.0,2,3000,0,0,0,0,0,0
CF,FD08,12.794217,44.892433,0,KRA,252.0,8.0,72.0,4.0,2,2500,0,0,0,0,2,0
CF,RW08,12.826383,45.014939,0,KRA,238.7,0.6,72.0,7.4,1,56,0,0,0,0,3,0
CF,KRA,12.831167,45.023611,0,KRA,0.0,0.0,72.0,0.6,0,0,0,0,0,0,0,1
FA,KRA,12.831167,45.023611,0,KRA,0.0,0.0,71.0,2,2000,0,0,0,0,0,0
DF,KRA,12.831167,45.023611,1, ,0.0,0.0,1,3000,0,0,0,0,0,0
HM,KRA,12.831167,45.023611,2, ,0.0,0.0,274.0,04.3,2,3000,0,0,0,0,0,0,0

APPTR,D26,26,IVOSO
IF,IVOSO,13.292778,45.518611, ,0.0,0.0,0,0,0,0,0,0,0,0
TF,D044N,12.992806,45.196614,0, ,0.0,0.0,0.0,0.0,2,4000,0,0,0,0,1,0
CI,0, ,0.0,224.0,0,0,0,0,0,0,0,0
AF,D068L,12.899803,45.216039,2,KRA,68.0,12.0,44.0,2,2000,0,0,0,0,0,1
CF,FD26,12.849458,45.129464,0,KRA,78.0,6.3,258.0,5.7,2,1700,0,0,0,0,0,0

APPTR,D26,26,KRA1
IF,KRA,12.831167,45.023611, ,0.0,0.0,2,3000,0,0,0,0,0,0
FD,KRA,12.831167,45.023611,0,KRA,0.0,8.0,99.0,8.0,2,1700,0,0,0,0,0,0
CF,FD26,12.849458,45.129464,1,KRA,78.0,6.3,258.0,2.0,2,1700,0,0,0,0,0,0

APPTR,D26,26,KRA2
IF,KRA,12.831167,45.023611, ,0.0,0.0,2,3000,0,0,0,0,0,0
FD,KRA,12.831167,45.023611,0,KRA,0.0,8.0,94.0,8.0,2,1700,0,0,0,0,0,0
CF,FD26,12.849458,45.129464,1,KRA,78.0,6.3,258.0,2.0,2,1700,0,0,0,0,0,0

APPTR,D26,26,MOGEM
IF,MOGEM,13.448611,44.758056, ,0.0,0.0,0,0,0,0,0,0,0,0
TF,D335N,13.047164,44.930875,0, ,0.0,0.0,0.0,0.0,0,0,0,0,0,0,1,0
CI,0, ,0.0,155.0,0,0,0,0,0,0,0,0
AF,D044L,12.969722,45.171886,2,KRA,44.4,12.0,335.0,2,4000,0,0,0,0,0,0
AF,D068L,12.899803,45.216039,2,KRA,68.0,12.0,44.0,2,2000,0,0,0,0,0,1
CF,FD26,12.849458,45.129464,0,KRA,78.0,6.3,258.0,5.7,2,1700,0,0,0,0,0,0

FINAL,D26,26,D,2
IF,FD26,12.849458,45.129464,KRA,78.0,6.3,2,1700,0,0,0,0,2,0
CF,RW26,12.832539,45.042828,0,KRA,83.8,1.1,258.0,5.2,1,57,0,0,0,0,3,0
CF,KRA,12.831167,45.023611,0,KRA,0.0,0.0,258.0,1.1,0,0,0,0,0,0,0,1
FA,KRA,12.831167,45.023611,0,KRA,0.0,0.0,290.0,2,2000,0,0,0,0,0,0
DF,KRA,12.831167,45.023611,2, ,0.0,0.0,1,3000,0,0,0,0,0,0
HM,KRA,12.831167,45.023611,1, ,0.0,0.0,99.0,04.3,2,3000,0,0,0,0,0,0,0

APPTR,I08,08,DIRAK
IF,DIRAK,12.703056,44.353611, ,0.0,0.0,0,0,0,0,0,0,0,0
TF,D257P,12.780153,44.755669,0, ,0.0,0.0,0.0,0.0,0,0,0,0,0,0,1,0
VI,0, ,0.0,105.0,2,3000,0,0,0,0,0,0
CF,CI08,12.786600,44.834772,0,KRL,255.4,12.7,75.0,4.0,2,3000,0,0,0,0,1,0

APPTR,I08,08,GOMRI
IF,GOMRI,13.304444,44.540000, ,0.0,0.0,0,0,0,0,0,0,0,0
TF,D313P,13.020508,44.830467,0, ,0.0,0.0,0.0,0.0,0,0,0,0,0,0,1,0
CI,0, ,0.0,133.0,0,0,0,0,0,0,0,0
AF,D255N,12.776989,44.791344,1,KRA,254.7,14.0,313.0,2,3000,0,0,0,0,0,0
CF,CI08,12.786600,44.834772,0,KRL,255.4,12.7,75.0,2.6,2,3000,0,0,0,0,1,0

APPTR,I08,08,KATAN
IF,KATAN,12.456667,44.457778, ,0.0,0.0,0,0,0,0,0,0,0,0
TF,D234P,12.681608,44.797225,0, ,0.0,0.0,0.0,0.0,0,0,0,0,0,0,1,0
CI,0, ,0.0,54.0,0,0,0,0,0,0,0,0
AF,D255N,12.776989,44.791344,2,KRA,254.7,14.0,234.0,2,3000,0,0,0,0,0,0
CF,CI08,12.786600,44.834772,0,KRL,255.4,12.7,75.0,2.6,2,3000,0,0,0,0,1,0

APPTR,I08,08,KRA1
IF,KRA,12.831167,45.023611, ,0.0,0.0,2,3000,0,0,0,0,0,0
CF,D274L,12.852086,44.819992,0,KRA,274.0,12.0,274.0,12.0,2,3000,0,0,0,0,0,1
CF,CI08,12.786600,44.834772,1,KRL,255.4,12.7,75.0,1.0,2,3000,0,0,0,0,1,0

APPTR,I08,08,KRA2
IF,KRA,12.831167,45.023611, ,0.0,0.0,2,3000,0,0,0,0,0,0
CF,D265L,12.820572,44.819175,0,KRA,265.0,12.0,265.0,12.0,2,3000,0,0,0,0,0,1
CF,CI08,12.786600,44.834772,1,KRL,255.4,12.7,75.0,1.0,2,3000,0,0,0,0,1,0

APPTR,I08,08,MOGEM
IF,MOGEM,13.448611,44.758056, ,0.0,0.0,0,0,0,0,0,0,0,0
TF,D335P,13.078019,44.917617,0, ,0.0,0.0,0.0,0.0,0,0,0,0,0,0,1,0
CI,0, ,0.0,155.0,0,0,0,0,0,0,0,0
AF,D255N,12.776989,44.791344,1,KRA,254.7,14.0,335.0,2,3000,0,0,0,0,0,0
CF,CI08,12.786600,44.834772,0,KRL,255.4,12.7,75.0,2.6,2,3000,0,0,0,0,1,0

APPTR,I08,08,ULDAK
IF,ULDAK,12.185833,44.841111, ,0.0,0.0,0,0,0,0,0,0,0,0
TF,D193P,12.573103,44.950517,0, ,0.0,0.0,0.0,0.0,0,0,0,0,0,0,1,0
CI,0, ,0.0,13.0,0,0,0,0,0,0,0,0
AF,D255N,12.776989,44.791344,2,KRA,254.7,14.0,193.0,2,3000,0,0,0,0,0,0
CF,CI08,12.786600,44.834772,0,KRL,255.4,12.7,75.0,2.6,2,3000,0,0,0,0,1,0

FINAL,I08,08,I,3
IF,CI08,12.786600,44.834772,KRL,255.4,12.7,2,3000,0,0,0,0,0,0
CF,FI08,12.798003,44.886358,0,KRL,255.4,9.6,75.0,3.1,1,2500,0,0,0,0,2,0
CF,RW08,12.826383,45.014939,0,KRL,255.3,1.9,75.0,7.7,1,56,0,0,0,0,3,0
FA,RW08,12.826383,45.014939,0,KRA,0.0,0.0,75.0,2,2000,0,0,0,0,0,0
DF,KRA,12.831167,45.023611,1, ,0.0,0.0,1,3000,0,0,0,0,0,0
HM,KRA,12.831167,45.023611,2, ,0.0,0.0,274.0,04.3,2,3000,0,0,0,0,0,0,0

APPTR,R08,08,AA600
IF,AA600,12.436000,45.280361, ,0.0,0.0,2,6000,0,0,0,0,1,0
TF,AA520,12.654694,44.859444,0, ,0.0,0.0,0.0,0.0,2,4000,0,0,0,0,0,0
TF,AA510,12.785333,44.829417,0, ,0.0,0.0,0.0,0.0,1,3000,0,0,0,0,1,0

APPTR,R08,08,AA610
IF,AA610,12.379722,44.895056, ,0.0,0.0,2,6000,0,0,0,0,1,0
TF,AA520,12.654694,44.859444,0, ,0.0,0.0,0.0,0.0,2,4000,0,0,0,0,0,0
TF,AA510,12.785333,44.829417,0, ,0.0,0.0,0.0,0.0,1,3000,0,0,0,0,1,0

APPTR,R08,08,AA620
IF,AA620,12.569306,44.627611, ,0.0,0.0,2,6000,0,0,0,0,1,0
TF,AA520,12.654694,44.859444,0, ,0.0,0.0,0.0,0.0,2,4000,0,0,0,0,0,0
TF,AA510,12.785333,44.829417,0, ,0.0,0.0,0.0,0.0,1,3000,0,0,0,0,1,0

APPTR,R08,08,AA630
IF,AA630,13.162417,44.685417, ,0.0,0.0,2,8000,0,0,0,0,1,0
TF,AA530,12.915972,44.799333,0, ,0.0,0.0,0.0,0.0,1,4000,0,0,0,0,0,0
TF,AA510,12.785333,44.829417,0, ,0.0,0.0,0.0,0.0,1,3000,0,0,0,0,1,0

APPTR,R08,08,AA640
IF,AA640,13.263111,44.837972, ,0.0,0.0,2,9000,0,0,0,0,1,0
TF,AA540,12.953944,44.970917,0, ,0.0,0.0,0.0,0.0,2,4000,0,0,0,0,0,0
TF,AA530,12.915972,44.799333,2, ,0.0,0.0,0.0,0.0,1,4000,0,0,0,0,0,0
TF,AA510,12.785333,44.829417,0, ,0.0,0.0,0.0,0.0,1,3000,0,0,0,0,1,0

APPTR,R08,08,AA650
IF,AA650,13.268972,45.194361, ,0.0,0.0,2,9000,0,0,0,0,1,0
TF,AA540,12.953944,44.970917,0, ,0.0,0.0,0.0,0.0,2,4000,0,0,0,0,0,0
TF,AA530,12.915972,44.799333,0, ,0.0,0.0,0.0,0.0,1,4000,0,0,0,0,0,0
TF,AA510,12.785333,44.829417,0, ,0.0,0.0,0.0,0.0,1,3000,0,0,0,0,1,0

APPTR,R08,08,AA660
IF,AA660,13.154306,45.369833, ,0.0,0.0,2,10000,0,0,0,0,1,0
TF,AA540,12.953944,44.970917,0, ,0.0,0.0,0.0,0.0,2,4000,0,0,0,0,0,0
TF,AA530,12.915972,44.799333,0, ,0.0,0.0,0.0,0.0,1,4000,0,0,0,0,0,0
TF,AA510,12.785333,44.829417,0, ,0.0,0.0,0.0,0.0,1,3000,0,0,0,0,1,0

APPTR,R08,08,AA670
IF,AA670,13.020250,45.460861, ,0.0,0.0,2,6000,0,0,0,0,1,0
TF,AA540,12.953944,44.970917,0, ,0.0,0.0,0.0,0.0,2,4000,0,0,0,0,0,0
TF,AA530,12.915972,44.799333,0, ,0.0,0.0,0.0,0.0,1,4000,0,0,0,0,0,0
TF,AA510,12.785333,44.829417,0, ,0.0,0.0,0.0,0.0,1,3000,0,0,0,0,1,0

APPTR,R08,08,AA680
IF,AA680,12.937083,45.489028, ,0.0,0.0,2,6000,0,0,0,0,1,0
TF,AA540,12.953944,44.970917,0, ,0.0,0.0,0.0,0.0,2,4000,0,0,0,0,0,0
TF,AA530,12.915972,44.799333,0, ,0.0,0.0,0.0,0.0,1,4000,0,0,0,0,0,0
TF,AA510,12.785333,44.829417,0, ,0.0,0.0,0.0,0.0,1,3000,0,0,0,0,1,0

APPTR,R08,08,AA690
IF,AA690,12.741722,44.554778, ,0.0,0.0,2,6000,0,0,0,0,0,0
TF,AA510,12.785333,44.829417,0, ,0.0,0.0,0.0,0.0,1,3000,0,0,0,0,1,0

FINAL,R08,08,R,3
IF,AA510,12.785333,44.829417, ,0.0,0.0,1,3000,0,0,0,0,0,0
TF,AA500,12.803750,44.912611,0, ,0.0,0.0,75.0,5.0,1,2000,0,0,0,0,2,0
TF,RW08,12.826383,45.014939,0, ,0.0,0.0,75.0,6.2,1,57,0,0,0,0,3,1
CF,AA550,12.848417,45.114806,0,KRA,77.1,5.4,75.0,6.0,1,1200,0,0,0,0,0,1
DF,AA540,12.953944,44.970917,1, ,0.0,0.0,2,4000,0,1,250,0,0,0
HM,AA540,12.953944,44.970917,2, ,0.0,0.0,255.0,04.3,2,4000,0,1,250,0,0,0,0

APPTR,R26,26,AA600
IF,AA600,12.436000,45.280361, ,0.0,0.0,2,6000,0,0,0,0,1,0
TF,AA430,12.742750,45.258278,0, ,0.0,0.0,0.0,0.0,2,4000,0,0,0,0,0,0
TF,AA420,12.873444,45.228417,0, ,0.0,0.0,0.0,0.0,1,3000,0,0,0,0,1,0

APPTR,R26,26,AA610
IF,AA610,12.379722,44.895056, ,0.0,0.0,2,6000,0,0,0,0,1,0
TF,AA430,12.742750,45.258278,0, ,0.0,0.0,0.0,0.0,2,4000,0,0,0,0,0,0
TF,AA420,12.873444,45.228417,0, ,0.0,0.0,0.0,0.0,1,3000,0,0,0,0,1,0

APPTR,R26,26,AA620
IF,AA620,12.569306,44.627611, ,0.0,0.0,2,6000,0,0,0,0,1,0
TF,AA430,12.742750,45.258278,0, ,0.0,0.0,0.0,0.0,2,4000,0,0,0,0,0,0
TF,AA420,12.873444,45.228417,0, ,0.0,0.0,0.0,0.0,1,3000,0,0,0,0,1,0

APPTR,R26,26,AA630
IF,AA630,13.162417,44.685417, ,0.0,0.0,2,9000,0,0,0,0,1,0
TF,AA540,12.953944,44.970917,0, ,0.0,0.0,0.0,0.0,2,4000,0,0,0,0,0,0
TF,AA440,13.004111,45.198556,0, ,0.0,0.0,0.0,0.0,1,4000,0,0,0,0,0,0
TF,AA420,12.873444,45.228417,0, ,0.0,0.0,0.0,0.0,1,3000,0,0,0,0,1,0

APPTR,R26,26,AA640
IF,AA640,13.263111,44.837972, ,0.0,0.0,2,9000,0,0,0,0,1,0
TF,AA540,12.953944,44.970917,0, ,0.0,0.0,0.0,0.0,2,4000,0,0,0,0,0,0
TF,AA440,13.004111,45.198556,0, ,0.0,0.0,0.0,0.0,1,4000,0,0,0,0,0,0
TF,AA420,12.873444,45.228417,0, ,0.0,0.0,0.0,0.0,1,3000,0,0,0,0,1,0

APPTR,R26,26,AA650
IF,AA650,13.268972,45.194361, ,0.0,0.0,2,8000,0,0,0,0,1,0
TF,AA440,13.004111,45.198556,0, ,0.0,0.0,0.0,0.0,1,4000,0,0,0,0,0,0
TF,AA420,12.873444,45.228417,0, ,0.0,0.0,0.0,0.0,1,3000,0,0,0,0,1,0

APPTR,R26,26,AA660
IF,AA660,13.154306,45.369833, ,0.0,0.0,2,7000,0,0,0,0,1,0
TF,AA440,13.004111,45.198556,0, ,0.0,0.0,0.0,0.0,1,4000,0,0,0,0,0,0
TF,AA420,12.873444,45.228417,0, ,0.0,0.0,0.0,0.0,1,3000,0,0,0,0,1,0

APPTR,R26,26,AA670
IF,AA670,13.020250,45.460861, ,0.0,0.0,2,6000,0,0,0,0,1,0
TF,AA420,12.873444,45.228417,0, ,0.0,0.0,0.0,0.0,1,3000,0,0,0,0,1,0

APPTR,R26,26,AA680
IF,AA680,12.937083,45.489028, ,0.0,0.0,2,6000,0,0,0,0,1,0
TF,AA420,12.873444,45.228417,0, ,0.0,0.0,0.0,0.0,1,3000,0,0,0,0,1,0

APPTR,R26,26,AA690
IF,AA690,12.741722,44.554778, ,0.0,0.0,2,6000,0,0,0,0,1,0
TF,AA540,12.953944,44.970917,0, ,0.0,0.0,0.0,0.0,2,4000,0,0,0,0,0,0
TF,AA440,13.004111,45.198556,0, ,0.0,0.0,0.0,0.0,1,4000,0,0,0,0,0,0
TF,AA420,12.873444,45.228417,0, ,0.0,0.0,0.0,0.0,1,3000,0,0,0,0,1,0

FINAL,R26,26,R,3
IF,AA420,12.873444,45.228417, ,0.0,0.0,1,3000,0,0,0,0,0,0
TF,AA400,12.855111,45.145194,0, ,0.0,0.0,255.0,5.0,1,2000,0,0,0,0,2,0
TF,RW26,12.832539,45.042828,0, ,0.0,0.0,255.0,6.2,1,57,0,0,0,0,3,1
CF,AA410,12.805333,44.920389,0,KRA,253.7,6.2,255.0,7.4,1,1300,0,0,0,0,0,1
DF,AA540,12.953944,44.970917,2, ,0.0,0.0,2,4000,0,0,0,0,0,0
HM,AA540,12.953944,44.970917,1, ,0.0,0.0,75.0,04.3,2,4000,0,1,250,0,0,0,0

