SID,JALEX3,05,5
DF,JALEX,51.913333,-176.557131,0, ,0.0,0.0,0,0,0,0,0,0,0,1
TF,EBILE,51.962219,-176.416239,0, ,0.0,0.0,0.0,0.0,0,0,0,0,0,0,0,0
TF,CEBID,52.263100,-176.265017,0, ,0.0,0.0,0.0,0.0,0,0,0,0,0,0,0,0
TF,LONOK,52.151806,-175.548614,0, ,0.0,0.0,0.0,0.0,2,9000,0,0,0,0,0,0

SID,TTAUN4,23,5
DF,TTAUN,51.870156,-176.680911,0, ,0.0,0.0,0,0,0,0,0,0,0,1
TF,YAKUL,51.834667,-176.902072,0, ,0.0,0.0,0.0,0.0,0,0,0,0,0,0,0,0
TF,CAMIG,52.060342,-176.996361,0, ,0.0,0.0,0.0,0.0,0,0,0,0,0,0,0,0
TF,LONOK,52.151806,-175.548614,2, ,0.0,0.0,0.0,0.0,2,9000,0,0,0,0,0,0

APPTR,I23-Y,23,LONOK
IF,LONOK,52.151806,-175.548614, ,0.0,0.0,0,0,0,0,0,0,1,0
TF,TICCU,52.016144,-176.102206,0, ,0.0,0.0,0.0,0.0,2,7200,0,0,0,0,0,0
TF,SALSE,51.978781,-176.252244,0, ,0.0,0.0,0.0,0.0,2,6200,0,0,0,0,0,0
VI,0, ,0.0,304.0,0,0,0,0,0,0,0,0
CF,GIDKE,51.992147,-176.329594,0,IBER,53.6,14.1,234.0,1.4,2,4500,0,0,0,0,1,0

FINAL,I23-Y,23,I,3
IF,GIDKE,51.992147,-176.329594,IBER,53.6,14.1,2,4500,0,0,0,0,0,0
CF,GUISE,51.950931,-176.448819,0,IBER,53.6,9.0,234.0,5.1,1,2900,0,0,0,0,2,0
CF,RW23,51.888825,-176.627464,0,IBER,53.6,1.4,234.0,7.6,1,70,0,0,0,0,3,0
CA,0,234.0,2,420,0,0,0,0,0,0
DF,ADK,51.871878,-176.675989,0, ,0.0,0.0,0,0,0,0,0,0,0,0
TF,COMAT,51.809519,-176.923933,0, ,0.0,0.0,0.0,0.0,0,0,0,0,0,0,0,1
DF,ADK,51.871878,-176.675989,1, ,0.0,0.0,2,5400,0,0,0,0,0,0
HM,ADK,51.871878,-176.675989,2, ,0.0,0.0,59.0,04.3,0,0,0,0,0,0,0,0,0

APPTR,I23-Z,23,LONOK
IF,LONOK,52.151806,-175.548614, ,0.0,0.0,0,0,0,0,0,0,1,0
TF,TICCU,52.016144,-176.102206,0, ,0.0,0.0,0.0,0.0,2,7200,0,0,0,0,0,0
TF,SALSE,51.978781,-176.252244,0, ,0.0,0.0,0.0,0.0,2,6200,0,0,0,0,0,0
VI,0, ,0.0,304.0,0,0,0,0,0,0,0,0
CF,GIDKE,51.992147,-176.329594,0,IBER,53.6,14.1,234.0,1.4,2,4500,0,0,0,0,1,0

FINAL,I23-Z,23,I,3
IF,GIDKE,51.992147,-176.329594,IBER,53.6,14.1,2,4500,0,0,0,0,0,0
CF,GUISE,51.950931,-176.448819,0,IBER,53.6,9.0,234.0,5.1,1,2900,0,0,0,0,2,0
CF,RW23,51.888825,-176.627464,0,IBER,53.6,1.4,234.0,7.6,1,70,0,0,0,0,3,0
CA,0,234.0,2,420,0,0,0,0,0,0
DF,ADK,51.871878,-176.675989,0, ,0.0,0.0,0,0,0,0,0,0,0,0
TF,COMAT,51.809519,-176.923933,0, ,0.0,0.0,0.0,0.0,0,0,0,0,0,0,0,1
DF,ADK,51.871878,-176.675989,1, ,0.0,0.0,2,5400,0,0,0,0,0,0
HM,ADK,51.871878,-176.675989,2, ,0.0,0.0,59.0,04.3,0,0,0,0,0,0,0,0,0

APPTR,Q23,23,LONOK
IF,LONOK,52.151806,-175.548614, ,0.0,0.0,0,0,0,0,0,0,0,0
TF,RUNUW,52.004036,-176.150953,0, ,0.0,0.0,0.0,0.0,2,7700,0,0,0,0,1,0
TF,D054R,52.018700,-176.244444,0, ,0.0,0.0,0.0,0.0,2,4400,0,0,0,0,0,0
TF,CF23,51.992411,-176.322283,0, ,0.0,0.0,0.0,0.0,2,4400,0,0,0,0,0,0

FINAL,Q23,23,N,3
IF,CF23,51.992411,-176.322283,ADK,0.0,0.0,2,4400,0,0,0,0,0,0
CF,GATIF,51.951175,-176.448158,0,ADK,0.0,0.0,234.0,5.3,2,2800,0,0,0,0,2,0
CF,MA23,51.893669,-176.612478,0,ADK,0.0,2.7,234.0,7.0,1,287,0,0,0,0,3,0
CA,0,234.0,2,5000,0,0,0,0,0,0
DF,ADK,51.871878,-176.675989,1, ,0.0,0.0,2,9000,0,0,0,0,0,0
HM,ADK,51.871878,-176.675989,2, ,0.0,0.0,59.0,04,0,0,0,0,0,0,0,0,0

APPTR,R23,23,DEJJE
IF,DEJJE,51.947336,-177.253256, ,0.0,0.0,0,0,0,0,0,0,0,0
TF,BAERE,52.203322,-176.135703,0, ,0.0,0.0,0.0,0.0,2,6600,0,0,0,0,1,0
TF,YIQTO,52.017061,-176.367456,0, ,0.0,0.0,0.0,0.0,2,3500,0,0,0,0,0,0

APPTR,R23,23,SIYNY
IF,SIYNY,52.200981,-175.344431, ,0.0,0.0,0,0,0,0,0,0,0,0
TF,BAERE,52.203322,-176.135703,0, ,0.0,0.0,0.0,0.0,2,6600,0,0,0,0,1,0
TF,YIQTO,52.017061,-176.367456,0, ,0.0,0.0,0.0,0.0,2,3500,0,0,0,0,0,0

FINAL,R23,23,R,3
IF,YIQTO,52.017061,-176.367456, ,0.0,0.0,2,3500,0,0,0,0,0,0
TF,GATIF,51.951175,-176.448158,0, ,0.0,0.0,210.0,5.0,2,2500,0,0,0,0,2,0
TF,WAURI,51.910086,-176.566531,0, ,0.0,0.0,234.0,5.0,1,891,0,0,0,0,3,0
CA,0,234.0,2,894,0,0,0,0,0,0
DF,XERIC,51.769994,-176.900167,0, ,0.0,0.0,2,6600,0,0,0,0,0,0
TF,DEJJE,51.947336,-177.253256,0, ,0.0,0.0,0.0,0.0,0,0,0,0,0,0,0,0
HM,DEJJE,51.947336,-177.253256,1, ,0.0,0.0,95.0,06,0,0,0,0,0,0,0,0,0

APPTR,R23-N,23,BAERE
IF,BAERE,52.203322,-176.135703, ,0.0,0.0,2,6600,0,0,0,0,1,0
TF,NOISS,52.081617,-176.260864,0, ,0.0,0.0,0.0,0.0,2,4500,0,0,0,0,0,0
TF,GEEDO,51.980033,-176.364703,0, ,0.0,0.0,0.0,0.0,2,2800,0,0,0,0,1,0

FINAL,R23-N,23,R,4
IF,GEEDO,51.980033,-176.364703, ,0.0,0.0,2,2800,0,0,0,0,0,0
TF,DUEEY,51.931208,-176.505706,0, ,0.0,0.0,234.0,6.0,2,2000,0,0,0,0,2,0
TF,BALBR,51.909258,-176.568839,0, ,0.0,0.0,234.0,2.7,2,1000,0,0,0,0,0,0
TF,RW23,51.888825,-176.627464,0, ,0.0,0.0,234.0,2.5,1,70,0,0,0,0,3,1
CA,0,234.0,2,420,0,0,0,0,0,0
DF,NYREN,51.850353,-176.737600,0, ,0.0,0.0,0,0,0,1,210,0,0,0
TF,ACKBR,51.888133,-176.922567,0, ,0.0,0.0,0.0,0.0,0,0,0,0,0,0,0,0
TF,FEMUL,52.005358,-176.880050,0, ,0.0,0.0,0.0,0.0,0,0,0,0,0,0,0,0
TF,BAERE,52.203322,-176.135703,0, ,0.0,0.0,0.0,0.0,2,6600,0,0,0,0,0,1
HM,BAERE,52.203322,-176.135703,2, ,0.0,0.0,210.0,07,0,0,0,0,0,0,0,0,0

APPTR,T23,23,GLINE
IF,GLINE,52.079658,-176.418572, ,0.0,0.0,0,0,0,0,0,0,1,0
AF,DUKKO,52.000856,-176.306708,2,BER,53.1,15.7,30.0,2,3500,0,0,0,0,1,0

FINAL,T23,23,D,3
IF,DUKKO,52.000856,-176.306708,BER,53.1,15.7,2,3500,0,0,0,0,0,0
CF,SIPPI,51.950947,-176.448803,0,BER,53.1,9.6,233.0,6.1,2,2900,0,0,0,0,2,0
CF,NOVUE,51.896156,-176.603881,0,BER,53.1,3.0,233.0,6.6,1,435,0,0,0,0,3,1
DF,BER,51.871231,-176.674111,0, ,0.0,0.0,0,0,0,0,0,0,0,0
TF,XERIC,51.769994,-176.900167,0, ,0.0,0.0,0.0,0.0,2,4300,0,0,0,0,0,0
HM,XERIC,51.769994,-176.900167,2, ,0.0,0.0,47.0,04.3,2,4300,0,0,0,0,0,0,0

