SID,KAKE1,11,4
VA,0,109.0,2,672,0,0,0,0,0,0
DF,LVD,56.467708,-133.083114,0, ,0.0,0.0,0,0,0,0,0,0,0,0

SID,KAKE1,29,4
VA,0,289.0,2,800,0,0,0,0,0,0
DF,LVD,56.467708,-133.083114,1, ,0.0,0.0,0,0,0,0,0,0,0,0

APPTR,R11,11,BKA
IF,BKA,56.859408,-135.551311, ,0.0,0.0,0,0,0,0,0,0,0,0
TF,CEMGA,56.971686,-134.709497,0, ,0.0,0.0,0.0,0.0,2,7400,0,0,0,0,0,0
TF,ZOLKO,56.994828,-134.529839,0, ,0.0,0.0,0.0,0.0,2,5000,0,0,0,0,1,0
TF,JOJOE,57.041439,-134.222422,0, ,0.0,0.0,0.0,0.0,2,3100,0,0,0,0,1,0

APPTR,R11,11,HOODS
IF,HOODS,57.742933,-134.681572, ,0.0,0.0,0,0,0,0,0,0,0,0
TF,HAVNI,57.190736,-133.986758,0, ,0.0,0.0,0.0,0.0,2,6500,0,0,0,0,0,0
TF,NEYIC,57.131944,-134.145250,0, ,0.0,0.0,0.0,0.0,2,4700,0,0,0,0,1,0
TF,JOJOE,57.041439,-134.222422,0, ,0.0,0.0,0.0,0.0,2,3100,0,0,0,0,1,0

APPTR,R11,11,TURKS
IF,TURKS,56.716614,-133.384617, ,0.0,0.0,0,0,0,0,0,0,0,0
TF,HAVNI,57.190736,-133.986758,0, ,0.0,0.0,0.0,0.0,2,6500,0,0,0,0,0,0
TF,NEYIC,57.131944,-134.145250,0, ,0.0,0.0,0.0,0.0,2,4700,0,0,0,0,1,0
TF,JOJOE,57.041439,-134.222422,0, ,0.0,0.0,0.0,0.0,2,3100,0,0,0,0,1,0

FINAL,R11,11,R,3
IF,JOJOE,57.041439,-134.222422, ,0.0,0.0,2,3100,0,0,0,0,0,0
TF,SAKIY,56.999767,-134.056192,0, ,0.0,0.0,94.0,6.0,2,2000,0,0,0,0,2,0
TF,RW11,56.964872,-133.917950,0, ,0.0,0.0,94.0,5.0,1,191,0,0,0,0,3,1
CA,0,94.0,2,572,0,0,0,0,0,0
DF,ZOLKO,56.994828,-134.529839,2, ,0.0,0.0,2,5000,0,0,0,0,0,1
HM,ZOLKO,56.994828,-134.529839,1, ,0.0,0.0,143.0,05,0,0,0,0,0,0,0,0,0

