SID,OME2,03,4
VA,0,26.0,2,557,0,0,0,0,0,0
DF,KUSEY,64.602689,-163.619053,1, ,0.0,0.0,0,0,0,0,0,0,0,0
TF,OME,64.485108,-165.253175,0, ,0.0,0.0,0.0,0.0,0,0,0,0,0,0,0,1

SID,OME2,21,4
VA,0,206.0,2,557,0,0,0,0,0,0
DF,KUSEY,64.602689,-163.619053,2, ,0.0,0.0,0,0,0,0,0,0,0,0
TF,OME,64.485108,-165.253175,0, ,0.0,0.0,0.0,0.0,0,0,0,0,0,0,0,1

APPTR,R03,03,JODMI
IF,JODMI,64.339897,-163.535686, ,0.0,0.0,0,0,0,0,0,0,1,0
TF,ZOVAN,64.291917,-163.250089,0, ,0.0,0.0,0.0,0.0,2,3000,0,0,0,0,1,0

APPTR,R03,03,TAMVE
IF,TAMVE,64.243381,-162.965489, ,0.0,0.0,0,0,0,0,0,0,1,0
TF,ZOVAN,64.291917,-163.250089,0, ,0.0,0.0,0.0,0.0,2,3000,0,0,0,0,1,0

APPTR,R03,03,ZOVAN
IF,ZOVAN,64.291917,-163.250089, ,0.0,0.0,3,6000,0,0,0,0,1,0
HF,ZOVAN,64.291917,-163.250089,2, ,0.0,0.0,11.0,04,2,3000,0,0,0,0,0,0,0

FINAL,R03,03,R,5
IF,ZOVAN,64.291917,-163.250089, ,0.0,0.0,2,3000,0,0,0,0,0,0
TF,HAPNA,64.415700,-163.138483,0, ,0.0,0.0,11.0,8.0,2,2900,0,0,0,0,2,0
TF,TINOC,64.478100,-163.081800,0, ,0.0,0.0,11.0,4.0,2,1580,0,0,0,0,0,0
TF,VIYUV,64.502842,-163.059264,0, ,0.0,0.0,11.0,1.6,2,1040,0,0,0,0,0,0
TF,XELHU,64.536850,-163.028200,0, ,0.0,0.0,11.0,2.2,1,315,0,0,0,0,3,1
CA,0,11.0,2,500,0,0,0,0,0,0
DF,WUKPO,64.644283,-163.485033,1, ,0.0,0.0,0,0,0,0,0,0,0,0
TF,WONAB,64.346592,-164.062186,0, ,0.0,0.0,0.0,0.0,2,3000,0,0,0,0,0,1
HM,WONAB,64.346592,-164.062186,2, ,0.0,0.0,89.0,04,0,0,0,0,0,0,0,0,0

APPTR,R03-A,03,JIRAV
IF,JIRAV,64.554161,-163.548028, ,0.0,0.0,0,0,0,0,0,0,1,0
TF,NOCIL,64.662253,-163.367956,0, ,0.0,0.0,0.0,0.0,2,3200,0,0,0,0,1,0

APPTR,R03-A,03,NOCIL
IF,NOCIL,64.662253,-163.367956, ,0.0,0.0,3,6000,0,0,0,0,1,0
HF,NOCIL,64.662253,-163.367956,2, ,0.0,0.0,116.0,04,2,3200,0,0,0,0,0,0,0

APPTR,R03-A,03,SERAI
IF,SERAI,64.770122,-163.186447, ,0.0,0.0,0,0,0,0,0,0,1,0
TF,NOCIL,64.662253,-163.367956,0, ,0.0,0.0,0.0,0.0,2,3200,0,0,0,0,1,0

FINAL,R03-A,03,R,3
IF,NOCIL,64.662253,-163.367956, ,0.0,0.0,2,3200,0,0,0,0,0,0
TF,DADYA,64.604033,-163.179353,0, ,0.0,0.0,116.0,6.0,2,1900,0,0,0,0,2,0
TF,GIDCE,64.555333,-163.022797,0, ,0.0,0.0,116.0,5.0,1,1000,0,0,0,0,3,1
CA,0,116.0,2,1000,0,0,0,0,0,0
DF,TOCOT,64.299133,-163.028000,2, ,0.0,0.0,0,0,0,0,0,0,0,0
TF,FEMEB,64.240767,-163.540472,0, ,0.0,0.0,0.0,0.0,0,0,0,0,0,0,0,0
TF,WONAB,64.346592,-164.062186,0, ,0.0,0.0,0.0,0.0,2,3000,0,0,0,0,0,1
HM,WONAB,64.346592,-164.062186,2, ,0.0,0.0,89.0,04,0,0,0,0,0,0,0,0,0

APPTR,R21-A,21,JIRAV
IF,JIRAV,64.554161,-163.548028, ,0.0,0.0,0,0,0,0,0,0,1,0
TF,NOCIL,64.662253,-163.367956,0, ,0.0,0.0,0.0,0.0,2,3200,0,0,0,0,1,0

APPTR,R21-A,21,NOCIL
IF,NOCIL,64.662253,-163.367956, ,0.0,0.0,3,6000,0,0,0,0,1,0
HF,NOCIL,64.662253,-163.367956,2, ,0.0,0.0,116.0,04,2,3200,0,0,0,0,0,0,0

APPTR,R21-A,21,SERAI
IF,SERAI,64.770122,-163.186447, ,0.0,0.0,0,0,0,0,0,0,1,0
TF,NOCIL,64.662253,-163.367956,0, ,0.0,0.0,0.0,0.0,2,3200,0,0,0,0,1,0

FINAL,R21-A,21,R,3
IF,NOCIL,64.662253,-163.367956, ,0.0,0.0,2,3200,0,0,0,0,0,0
TF,DADYA,64.604033,-163.179353,0, ,0.0,0.0,116.0,6.0,2,1900,0,0,0,0,2,0
TF,GIDCE,64.555333,-163.022797,0, ,0.0,0.0,116.0,5.0,1,1000,0,0,0,0,3,1
CA,0,116.0,2,1000,0,0,0,0,0,0
DF,TOCOT,64.299133,-163.028000,2, ,0.0,0.0,0,0,0,0,0,0,0,0
TF,FEMEB,64.240767,-163.540472,0, ,0.0,0.0,0.0,0.0,0,0,0,0,0,0,0,0
TF,WONAB,64.346592,-164.062186,0, ,0.0,0.0,0.0,0.0,2,3000,0,0,0,0,0,1
HM,WONAB,64.346592,-164.062186,2, ,0.0,0.0,89.0,04,0,0,0,0,0,0,0,0,0

