APPTR,I11,11,ANI
IF,ANI,61.590156,-159.597892, ,0.0,0.0,0,0,0,0,0,0,0,0
TF,IKUFU,61.676258,-159.876508,0, ,0.0,0.0,0.0,0.0,2,3500,0,0,0,0,0,0
HF,IKUFU,61.676258,-159.876508,1, ,0.0,0.0,109.0,04.3,2,3500,0,0,0,0,1,0,0

APPTR,I11,11,CUKFA
IF,CUKFA,61.682881,-160.260128, ,0.0,0.0,0,0,0,0,0,0,1,0
VI,0, ,0.0,64.0,0,0,0,0,0,0,0,0
CF,IKUFU,61.676258,-159.876508,0,IANI,289.2,11.7,109.0,4.4,2,3500,0,0,0,0,1,0

FINAL,I11,11,I,3
IF,IKUFU,61.676258,-159.876508,IANI,289.2,11.7,2,3500,0,0,0,0,0,0
CF,ANORE,61.627514,-159.705706,0,IANI,289.2,6.0,109.0,5.7,1,1700,0,0,0,0,2,0
CF,RW11,61.585228,-159.558556,0,IANI,289.2,1.1,109.0,4.9,1,132,0,0,0,0,3,0
CA,0,109.0,2,1500,0,0,0,0,0,0
DF,ANI,61.590156,-159.597892,2, ,0.0,0.0,2,3500,0,0,0,0,0,0
HM,ANI,61.590156,-159.597892,2, ,0.0,0.0,39.0,04.3,2,3500,0,0,0,0,0,0,0

APPTR,R11,11,IKUFU
HF,IKUFU,61.676258,-159.876508,1, ,0.0,0.0,109.0,04,2,3500,0,0,0,0,1,0,0

APPTR,R11,11,NUBDY
IF,NUBDY,61.804514,-159.714236, ,0.0,0.0,0,0,0,0,0,0,1,0
TF,IKUFU,61.676258,-159.876508,0, ,0.0,0.0,0.0,0.0,2,3500,0,0,0,0,1,0

APPTR,R11,11,ZEVOD
IF,ZEVOD,61.547808,-160.037439, ,0.0,0.0,0,0,0,0,0,0,1,0
TF,IKUFU,61.676258,-159.876508,0, ,0.0,0.0,0.0,0.0,2,3500,0,0,0,0,1,0

FINAL,R11,11,R,4
IF,IKUFU,61.676258,-159.876508, ,0.0,0.0,2,3500,0,0,0,0,0,0
TF,ANORE,61.627514,-159.705706,0, ,0.0,0.0,109.0,5.7,2,1700,0,0,0,0,2,0
TF,CALIL,61.613578,-159.657108,0, ,0.0,0.0,109.0,1.6,2,1160,0,0,0,0,0,0
TF,RW11,61.585228,-159.558556,0, ,0.0,0.0,109.0,3.3,1,132,0,0,0,0,3,1
CA,0,109.0,2,1500,0,0,0,0,0,0
DF,IKUFU,61.676258,-159.876508,2, ,0.0,0.0,2,3500,0,0,0,0,0,1
HM,IKUFU,61.676258,-159.876508,1, ,0.0,0.0,109.0,04,2,3500,0,0,0,0,0,0,0

APPTR,R29,29,ANI
IF,ANI,61.590156,-159.597892, ,0.0,0.0,0,0,0,0,0,0,0,0
TF,APWIS,61.481628,-159.202022,0, ,0.0,0.0,0.0,0.0,2,3500,0,0,0,0,0,1
HF,APWIS,61.481628,-159.202022,2, ,0.0,0.0,289.0,04,2,3500,0,0,0,0,1,0,0

APPTR,R29,29,CERGU
IF,CERGU,61.322736,-159.191222, ,0.0,0.0,0,0,0,0,0,0,1,0
TF,APWIS,61.481628,-159.202022,0, ,0.0,0.0,0.0,0.0,2,3500,0,0,0,0,1,0

APPTR,R29,29,EBSIH
IF,EBSIH,61.506333,-158.852050, ,0.0,0.0,0,0,0,0,0,0,1,0
TF,APWIS,61.481628,-159.202022,0, ,0.0,0.0,0.0,0.0,2,3500,0,0,0,0,1,0

FINAL,R29,29,R,3
IF,APWIS,61.481628,-159.202022, ,0.0,0.0,2,3500,0,0,0,0,0,0
TF,HAFRU,61.535578,-159.386992,0, ,0.0,0.0,289.0,6.2,2,1700,0,0,0,0,2,0
TF,RW29,61.577581,-159.532044,0, ,0.0,0.0,289.0,4.9,1,149,0,0,0,0,3,1
CA,0,289.0,2,1500,0,0,0,0,0,0
DF,APWIS,61.481628,-159.202022,1, ,0.0,0.0,2,3500,0,0,0,0,0,1
HM,APWIS,61.481628,-159.202022,2, ,0.0,0.0,289.0,04,0,0,0,0,0,0,0,0,0

