APPTR,I11,11,LIJFY
IF,LIJFY,56.514089,-169.441556, ,0.0,0.0,0,0,0,0,0,0,0,0
TF,SRI,56.571906,-169.647561,0, ,0.0,0.0,0.0,0.0,2,3200,0,0,0,0,0,0
TF,APOTE,56.620000,-169.807817,0, ,0.0,0.0,0.0,0.0,2,3000,0,0,0,0,0,0
PI,APOTE,56.620000,-169.807817,2,SRI,246.0,10.0,291,5.0,2,3000,0,0,0,0,1,0

APPTR,I11,11,SPY
IF,SPY,57.157000,-170.232992, ,0.0,0.0,0,0,0,0,0,0,1,0
TF,EQQUP,56.666989,-169.967600,0,IPBV,0.0,0.0,0.0,0.0,2,3000,0,0,0,0,1,0

FINAL,I11,11,I,3
IF,EQQUP,56.666989,-169.967600,IPBV,291.3,11.9,2,3000,0,0,0,0,0,0
CF,APOTE,56.620000,-169.807817,0,IPBV,291.3,5.9,111.0,6.0,1,2100,0,0,0,0,2,0
CF,RW11,56.580581,-169.674614,0,IPBV,291.3,0.9,111.0,5.0,1,184,0,0,0,0,3,0
TF,LIJFY,56.514089,-169.441556,0, ,0.0,0.0,0.0,0.0,2,3200,0,0,0,0,0,0
HM,LIJFY,56.514089,-169.441556,2, ,0.0,0.0,290.0,04.3,2,3200,0,0,0,0,0,0,0

APPTR,R11,11,EQQUP
HF,EQQUP,56.666989,-169.967600,2, ,0.0,0.0,111.0,04,2,3000,0,0,0,0,1,0,0

APPTR,R11,11,JIRON
IF,JIRON,56.784389,-169.853714, ,0.0,0.0,0,0,0,0,0,0,1,0
TF,EQQUP,56.666989,-169.967600,0, ,0.0,0.0,0.0,0.0,2,3000,0,0,0,0,1,0

APPTR,R11,11,OSUCA
IF,OSUCA,56.549483,-170.080781, ,0.0,0.0,0,0,0,0,0,0,1,0
TF,EQQUP,56.666989,-169.967600,0, ,0.0,0.0,0.0,0.0,2,3000,0,0,0,0,1,0

FINAL,R11,11,R,4
IF,EQQUP,56.666989,-169.967600, ,0.0,0.0,2,3000,0,0,0,0,0,0
TF,APOTE,56.620000,-169.807817,0, ,0.0,0.0,111.0,6.0,2,2100,0,0,0,0,2,0
TF,WIVOG,56.598683,-169.735689,0, ,0.0,0.0,111.0,2.7,2,1060,0,0,0,0,0,0
TF,RW11,56.580581,-169.674614,0, ,0.0,0.0,111.0,2.3,1,184,0,0,0,0,3,1
CA,0,111.0,2,600,0,0,0,0,0,0
DF,OSUCA,56.549483,-170.080781,2, ,0.0,0.0,2,3000,0,0,0,0,0,1
HM,OSUCA,56.549483,-170.080781,2, ,0.0,0.0,21.0,04,0,0,0,0,0,0,0,0,0

APPTR,R11-D,11,BILBE
IF,BILBE,56.205758,-166.112844, ,0.0,0.0,0,0,0,0,0,0,0,0
TF,HEKEL,56.531575,-170.024331,0, ,0.0,0.0,0.0,0.0,2,2000,0,0,0,0,0,1
HF,HEKEL,56.531575,-170.024331,2, ,0.0,0.0,69.0,04,2,2000,0,0,0,0,1,0,0

APPTR,R11-D,11,DIBWO
IF,DIBWO,56.328747,-169.220317, ,0.0,0.0,0,0,0,0,0,0,0,0
TF,HEKEL,56.531575,-170.024331,0, ,0.0,0.0,0.0,0.0,2,2000,0,0,0,0,0,1
HF,HEKEL,56.531575,-170.024331,2, ,0.0,0.0,69.0,04,2,2000,0,0,0,0,1,0,0

APPTR,R11-D,11,SPY
IF,SPY,57.157000,-170.232992, ,0.0,0.0,0,0,0,0,0,0,0,0
TF,HEKEL,56.531575,-170.024331,0, ,0.0,0.0,0.0,0.0,2,2100,0,0,0,0,0,1
HF,HEKEL,56.531575,-170.024331,2, ,0.0,0.0,69.0,04,2,2000,0,0,0,0,1,0,0

FINAL,R11-D,11,R,3
IF,HEKEL,56.531575,-170.024331, ,0.0,0.0,2,2000,0,0,0,0,0,0
TF,AJBOS,56.555842,-169.849111,0, ,0.0,0.0,69.0,6.0,2,1600,0,0,0,0,2,0
TF,JEJZO,56.573878,-169.717561,0, ,0.0,0.0,69.0,4.5,1,980,0,0,0,0,3,1
CA,0,69.0,2,980,0,0,0,0,0,0
DF,HEKEL,56.531575,-170.024331,2, ,0.0,0.0,2,2100,0,0,0,0,0,1
HM,HEKEL,56.531575,-170.024331,2, ,0.0,0.0,69.0,04,0,0,0,0,0,0,0,0,0

APPTR,R29-D,29,BILBE
IF,BILBE,56.205758,-166.112844, ,0.0,0.0,0,0,0,0,0,0,0,0
TF,HEKEL,56.531575,-170.024331,0, ,0.0,0.0,0.0,0.0,2,2000,0,0,0,0,0,1
HF,HEKEL,56.531575,-170.024331,2, ,0.0,0.0,69.0,04,2,2000,0,0,0,0,1,0,0

APPTR,R29-D,29,DIBWO
IF,DIBWO,56.328747,-169.220317, ,0.0,0.0,0,0,0,0,0,0,0,0
TF,HEKEL,56.531575,-170.024331,0, ,0.0,0.0,0.0,0.0,2,2000,0,0,0,0,0,1
HF,HEKEL,56.531575,-170.024331,2, ,0.0,0.0,69.0,04,2,2000,0,0,0,0,1,0,0

APPTR,R29-D,29,SPY
IF,SPY,57.157000,-170.232992, ,0.0,0.0,0,0,0,0,0,0,0,0
TF,HEKEL,56.531575,-170.024331,0, ,0.0,0.0,0.0,0.0,2,2100,0,0,0,0,0,1
HF,HEKEL,56.531575,-170.024331,2, ,0.0,0.0,69.0,04,2,2000,0,0,0,0,1,0,0

FINAL,R29-D,29,R,3
IF,HEKEL,56.531575,-170.024331, ,0.0,0.0,2,2000,0,0,0,0,0,0
TF,AJBOS,56.555842,-169.849111,0, ,0.0,0.0,69.0,6.0,2,1600,0,0,0,0,2,0
TF,JEJZO,56.573878,-169.717561,0, ,0.0,0.0,69.0,4.5,1,980,0,0,0,0,3,1
CA,0,69.0,2,980,0,0,0,0,0,0
DF,HEKEL,56.531575,-170.024331,2, ,0.0,0.0,2,2100,0,0,0,0,0,1
HM,HEKEL,56.531575,-170.024331,2, ,0.0,0.0,69.0,04,0,0,0,0,0,0,0,0,0

