SID,CILAC3,20,5
VA,0,203.0,2,530,0,0,0,0,0,0
DF,CILAC,55.666667,-159.500000,0, ,0.0,0.0,2,10000,0,0,0,0,0,1
HA,CILAC,55.666667,-159.500000,2, ,0.0,0.0,317.0,06,2,10000,0,0,0,0,0,0,0

APPTR,R02,02,GESSE
IF,GESSE,55.538106,-159.877883, ,0.0,0.0,0,0,0,0,0,0,1,0
TF,WAREX,55.750708,-159.393617,0, ,0.0,0.0,0.0,0.0,2,4100,0,0,0,0,1,0

FINAL,R02,02,R,3
IF,WAREX,55.750708,-159.393617, ,0.0,0.0,2,4100,0,0,0,0,0,0
TF,ECALI,55.818306,-159.307628,0, ,0.0,0.0,24.0,5.0,2,2600,0,0,0,0,2,0
TF,GEYED,55.899678,-159.169681,0, ,0.0,0.0,32.0,6.8,1,141,0,0,0,0,3,1
CA,0,32.0,2,430,0,0,0,0,0,0
DF,ZOLOP,55.596378,-159.241747,2, ,0.0,0.0,0,0,0,1,230,0,0,0
TF,GESSE,55.538106,-159.877883,0, ,0.0,0.0,0.0,0.0,2,9000,0,0,0,0,0,0
HM,GESSE,55.538106,-159.877883,2, ,0.0,0.0,40.0,07,2,9000,0,0,0,0,0,0,0

