SID,ITAWU2,06,4
VA,0,58.0,2,1500,0,0,0,0,0,0
DF,ITAWU,57.044975,-159.037886,1, ,0.0,0.0,2,3000,0,0,0,0,0,1
HA,ITAWU,57.044975,-159.037886,2, ,0.0,0.0,70.0,10,2,10000,0,0,0,0,0,0,0

SID,ITAWU2,14,4
VA,0,135.0,2,1500,0,0,0,0,0,0
DF,ITAWU,57.044975,-159.037886,2, ,0.0,0.0,2,3000,0,0,0,0,0,1
HA,ITAWU,57.044975,-159.037886,2, ,0.0,0.0,70.0,10,2,10000,0,0,0,0,0,0,0

SID,ITAWU2,24,4
VA,0,238.0,2,1500,0,0,0,0,0,0
DF,ITAWU,57.044975,-159.037886,2, ,0.0,0.0,2,3000,0,0,0,0,0,1
HA,ITAWU,57.044975,-159.037886,2, ,0.0,0.0,70.0,10,2,10000,0,0,0,0,0,0,0

SID,ITAWU2,32,4
VA,0,315.0,2,1500,0,0,0,0,0,0
DF,ITAWU,57.044975,-159.037886,1, ,0.0,0.0,2,3000,0,0,0,0,0,1
HA,ITAWU,57.044975,-159.037886,2, ,0.0,0.0,70.0,10,2,10000,0,0,0,0,0,0,0

APPTR,R06,06,BEBCU
HF,BEBCU,56.894119,-158.953333,2, ,0.0,0.0,58.0,04,2,2500,0,0,0,0,1,0,0

APPTR,R06,06,LECIC
IF,LECIC,57.019181,-159.036428, ,0.0,0.0,0,0,0,0,0,0,1,0
TF,BEBCU,56.894119,-158.953333,0, ,0.0,0.0,0.0,0.0,2,2500,0,0,0,0,1,0

APPTR,R06,06,RACOC
IF,RACOC,56.769000,-158.870792, ,0.0,0.0,0,0,0,0,0,0,1,0
TF,BEBCU,56.894119,-158.953333,0, ,0.0,0.0,0.0,0.0,2,2500,0,0,0,0,1,0

FINAL,R06,06,R,3
IF,BEBCU,56.894119,-158.953333, ,0.0,0.0,2,2500,0,0,0,0,0,0
TF,OGEGE,56.929081,-158.776225,0, ,0.0,0.0,58.0,6.2,2,1700,0,0,0,0,2,0
TF,ZUBMA,56.954086,-158.648569,0, ,0.0,0.0,58.0,4.5,1,281,0,0,0,0,3,1
CA,0,58.0,2,495,0,0,0,0,0,0
DF,BEBCU,56.894119,-158.953333,1, ,0.0,0.0,2,2500,0,0,0,0,0,1
HM,BEBCU,56.894119,-158.953333,2, ,0.0,0.0,58.0,04,0,0,0,0,0,0,0,0,0

APPTR,R14,14,ITAWU
IF,ITAWU,57.044975,-159.037886, ,0.0,0.0,0,0,0,0,0,0,1,0
TF,UPPIV,57.117003,-158.832461,0, ,0.0,0.0,0.0,0.0,2,2900,0,0,0,0,1,0

APPTR,R14,14,NIRUW
IF,NIRUW,57.188692,-158.626239, ,0.0,0.0,0,0,0,0,0,0,1,0
TF,UPPIV,57.117003,-158.832461,0, ,0.0,0.0,0.0,0.0,2,2900,0,0,0,0,1,0

APPTR,R14,14,UPPIV
HF,UPPIV,57.117003,-158.832461,2, ,0.0,0.0,135.0,04,2,2900,0,0,0,0,1,0,0

FINAL,R14,14,R,3
IF,UPPIV,57.117003,-158.832461, ,0.0,0.0,2,2900,0,0,0,0,0,0
TF,CIGNO,57.033786,-158.734556,0, ,0.0,0.0,135.0,5.9,2,1700,0,0,0,0,2,0
TF,ZUDAL,56.970625,-158.660594,0, ,0.0,0.0,135.0,4.5,1,265,0,0,0,0,3,1
CA,0,135.0,2,495,0,0,0,0,0,0
DF,UPPIV,57.117003,-158.832461,2, ,0.0,0.0,2,2900,0,0,0,0,0,1
HM,UPPIV,57.117003,-158.832461,2, ,0.0,0.0,135.0,04,2,2900,0,0,0,0,0,0,0

