APPTR,R03,03,SUGRE
IF,SUGRE,68.071553,-165.934178, ,0.0,0.0,2,8000,0,0,0,0,0,0
TF,PERPL,68.121097,-166.902961,0, ,0.0,0.0,0.0,0.0,2,3000,0,0,0,0,1,0
TF,TUNAF,68.193003,-167.101714,0, ,0.0,0.0,0.0,0.0,2,1700,0,0,0,0,1,0

FINAL,R03,03,R,4
IF,TUNAF,68.193003,-167.101714, ,0.0,0.0,2,1700,0,0,0,0,0,0
TF,MONCA,68.274128,-166.942317,0, ,0.0,0.0,30.0,6.1,2,1700,0,0,0,0,2,0
TF,JOENS,68.308061,-166.876803,0, ,0.0,0.0,30.0,2.5,2,900,0,0,0,0,0,0
TF,RW03,68.343689,-166.807758,0, ,0.0,0.0,30.0,2.6,1,60,0,0,0,0,3,1
CA,0,30.0,2,500,0,0,0,0,0,0
DF,COPOX,68.514153,-166.245414,0, ,0.0,0.0,2,3300,0,0,0,0,0,1
HM,COPOX,68.514153,-166.245414,2, ,0.0,0.0,262.0,04,0,0,0,0,0,0,0,0,0

APPTR,R03-A,03,FSTOR
HF,FSTOR,68.324458,-166.279306,2, ,0.0,0.0,273.0,04,2,3000,0,0,0,0,1,0,0

APPTR,R03-A,03,SUGRE
IF,SUGRE,68.071553,-165.934178, ,0.0,0.0,2,8000,0,0,0,0,1,0
TF,FSTOR,68.324458,-166.279306,0, ,0.0,0.0,0.0,0.0,2,3000,0,0,0,0,1,0

FINAL,R03-A,03,R,4
IF,FSTOR,68.324458,-166.279306, ,0.0,0.0,2,3000,0,0,0,0,0,0
TF,DEREK,68.339319,-166.545856,0, ,0.0,0.0,273.0,6.0,2,1700,0,0,0,0,2,0
TF,KECYU,68.344111,-166.682217,0, ,0.0,0.0,270.0,3.1,2,980,0,0,0,0,0,0
TF,SMPLY,68.347878,-166.791750,0, ,0.0,0.0,270.0,2.5,1,580,0,0,0,0,3,1
CA,0,270.0,2,580,0,0,0,0,0,0
DF,COPOX,68.514153,-166.245414,2, ,0.0,0.0,2,3300,0,0,0,0,0,1
HM,COPOX,68.514153,-166.245414,2, ,0.0,0.0,262.0,04,0,0,0,0,0,0,0,0,0

APPTR,R21,21,CABGI
IF,CABGI,68.871372,-166.080658, ,0.0,0.0,2,4300,0,0,0,0,0,0
TF,COPOX,68.514153,-166.245414,0, ,0.0,0.0,0.0,0.0,2,4300,0,0,0,0,1,0
TF,KEENT,68.502700,-166.496019,0, ,0.0,0.0,0.0,0.0,2,2000,0,0,0,0,1,0

FINAL,R21,21,R,4
IF,KEENT,68.502700,-166.496019, ,0.0,0.0,2,2000,0,0,0,0,0,0
TF,NEEZA,68.422019,-166.655061,0, ,0.0,0.0,210.0,6.0,2,1700,0,0,0,0,2,0
TF,FRNKS,68.389861,-166.717903,0, ,0.0,0.0,210.0,2.4,2,940,0,0,0,0,0,0
TF,RW21,68.352569,-166.790494,0, ,0.0,0.0,210.0,2.8,1,60,0,0,0,0,3,1
CA,0,210.0,2,700,0,0,0,0,0,0
DF,PERPL,68.121097,-166.902961,0, ,0.0,0.0,2,3000,0,0,0,0,0,1
HM,PERPL,68.121097,-166.902961,2, ,0.0,0.0,184.0,04,2,3000,0,0,0,0,0,0,0

APPTR,R21-A,21,FSTOR
HF,FSTOR,68.324458,-166.279306,2, ,0.0,0.0,273.0,04,2,3000,0,0,0,0,1,0,0

APPTR,R21-A,21,SUGRE
IF,SUGRE,68.071553,-165.934178, ,0.0,0.0,2,8000,0,0,0,0,1,0
TF,FSTOR,68.324458,-166.279306,0, ,0.0,0.0,0.0,0.0,2,3000,0,0,0,0,1,0

FINAL,R21-A,21,R,4
IF,FSTOR,68.324458,-166.279306, ,0.0,0.0,2,3000,0,0,0,0,0,0
TF,DEREK,68.339319,-166.545856,0, ,0.0,0.0,273.0,6.0,2,1700,0,0,0,0,2,0
TF,KECYU,68.344111,-166.682217,0, ,0.0,0.0,270.0,3.1,2,980,0,0,0,0,0,0
TF,SMPLY,68.347878,-166.791750,0, ,0.0,0.0,270.0,2.5,1,580,0,0,0,0,3,1
CA,0,270.0,2,580,0,0,0,0,0,0
DF,COPOX,68.514153,-166.245414,2, ,0.0,0.0,2,3300,0,0,0,0,0,1
HM,COPOX,68.514153,-166.245414,2, ,0.0,0.0,262.0,04,0,0,0,0,0,0,0,0,0

