APPTR,R18,18,RODOY
IF,RODOY,62.109494,-161.583808, ,0.0,0.0,0,0,0,0,0,0,1,0
TF,TILOY,62.088206,-161.232133,0, ,0.0,0.0,0.0,0.0,2,4200,0,0,0,0,1,0

APPTR,R18,18,TILOY
HF,TILOY,62.088206,-161.232133,2, ,0.0,0.0,177.0,05,2,4200,0,0,0,0,1,0,0

APPTR,R18,18,YACDU
IF,YACDU,62.066025,-160.880961, ,0.0,0.0,0,0,0,0,0,0,1,0
TF,TILOY,62.088206,-161.232133,0, ,0.0,0.0,0.0,0.0,2,4200,0,0,0,0,1,0

FINAL,R18,18,R,4
IF,TILOY,62.088206,-161.232133, ,0.0,0.0,2,4200,0,0,0,0,0,0
TF,ZOMOK,61.937297,-161.274392,0, ,0.0,0.0,177.0,9.2,2,3600,0,0,0,0,2,0
TF,KOSBE,61.875231,-161.291650,0, ,0.0,0.0,176.0,3.8,2,2200,0,0,0,0,0,0
TF,RW18,61.779794,-161.318050,0, ,0.0,0.0,176.0,5.8,1,98,0,0,0,0,3,1
CA,0,176.0,2,458,0,0,0,0,0,0
DF,YOSCU,61.534708,-161.247642,0, ,0.0,0.0,2,3400,0,0,0,0,0,1
HM,YOSCU,61.534708,-161.247642,2, ,0.0,0.0,340.0,04,0,0,0,0,0,0,0,0,0

APPTR,R36,36,WODAP
IF,WODAP,61.513786,-161.522597, ,0.0,0.0,0,0,0,0,0,0,1,0
TF,YOSCU,61.534708,-161.247642,0, ,0.0,0.0,0.0,0.0,2,3400,0,0,0,0,1,0

APPTR,R36,36,YOSCU
HF,YOSCU,61.534708,-161.247642,2, ,0.0,0.0,340.0,04,2,3400,0,0,0,0,1,0,0

APPTR,R36,36,ZUVUT
IF,ZUVUT,61.555078,-160.972319, ,0.0,0.0,0,0,0,0,0,0,1,0
TF,YOSCU,61.534708,-161.247642,0, ,0.0,0.0,0.0,0.0,2,3400,0,0,0,0,1,0

FINAL,R36,36,R,3
IF,YOSCU,61.534708,-161.247642, ,0.0,0.0,2,3400,0,0,0,0,0,0
TF,WURED,61.697003,-161.301372,0, ,0.0,0.0,340.0,9.9,2,2100,0,0,0,0,2,0
TF,DLLRA,61.761842,-161.322997,0, ,0.0,0.0,340.0,4.0,1,309,0,0,0,0,3,1
CA,0,340.0,2,458,0,0,0,0,0,0
DF,YOSCU,61.534708,-161.247642,2, ,0.0,0.0,2,3400,0,0,0,0,0,1
HM,YOSCU,61.534708,-161.247642,2, ,0.0,0.0,340.0,04,0,0,0,0,0,0,0,0,0

