APPTR,B24,24,ARCON
IF,ARCON,69.933600,-148.422011, ,0.0,0.0,0,0,0,0,0,0,1,0
AF,UVALL,69.948147,-148.161911,1,SCC,143.8,16.0,163.0,2,4000,0,0,0,0,0,0
AF,D066P,70.229881,-147.637347,1,SCC,66.0,16.0,144.0,2,2300,0,0,0,0,0,0
VI,0,ISCC,0.0,268.0,0,0,0,0,0,0,0,0

APPTR,B24,24,SCC
IF,SCC,70.199197,-148.416158, ,0.0,0.0,0,0,0,0,0,0,0,0
TF,QUVQU,70.266061,-147.656692,0, ,0.0,0.0,0.0,0.0,2,2300,0,0,0,0,0,0
HF,QUVQU,70.266061,-147.656692,2, ,0.0,0.0,238.0,04.3,2,2300,0,0,0,0,1,0,0

APPTR,B24,24,SHELO
IF,SHELO,69.950508,-148.689647, ,0.0,0.0,0,0,0,0,0,0,1,0
AF,ARCON,69.933600,-148.422011,1,SCC,163.4,16.0,184.0,2,4000,0,0,0,0,0,0
AF,UVALL,69.948147,-148.161911,1,SCC,143.8,16.0,163.0,2,4000,0,0,0,0,0,0
AF,D066P,70.229881,-147.637347,1,SCC,66.0,16.0,144.0,2,2300,0,0,0,0,0,0
VI,0,ISCC,0.0,268.0,0,0,0,0,0,0,0,0

APPTR,B24,24,UVALL
IF,UVALL,69.948147,-148.161911, ,0.0,0.0,0,0,0,0,0,0,1,0
AF,D066P,70.229881,-147.637347,1,SCC,66.0,16.0,144.0,2,2300,0,0,0,0,0,0
VI,0,ISCC,0.0,268.0,0,0,0,0,0,0,0,0

APPTR,B24,24,YIGUF
IF,YIGUF,70.310694,-149.129183, ,0.0,0.0,0,0,0,0,0,0,1,0
AF,D050P,70.301522,-147.691358,2,SCC,50.0,16.0,278.0,2,2300,0,0,0,0,0,0
VI,0,ISCC,0.0,208.0,0,0,0,0,0,0,0,0

FINAL,B24,24,D,4
IF,QUVQU,70.266061,-147.656692,ISCC,58.1,16.3,2,2300,0,0,0,0,0,0
CF,OCOTA,70.216908,-148.219039,0,ISCC,58.0,4.5,238.0,11.8,2,1600,0,0,0,0,2,0
CF,EMRLL,70.208653,-148.311269,0,ISCC,58.0,2.6,238.0,2.0,2,980,0,0,0,0,0,0
CF,ZIMPO,70.200600,-148.400653,0,ISCC,58.0,0.7,238.0,1.9,1,380,0,0,0,0,3,0
CA,0,238.0,2,1500,0,0,0,0,0,0
VI,1, ,0.0,100.0,0,0,0,0,0,0,0,0
CF,UVALL,69.948147,-148.161911,0,SCC,143.8,16.0,144.0,9.0,2,4000,0,0,0,0,0,0
HM,UVALL,69.948147,-148.161911,2, ,0.0,0.0,324.0,04.3,0,0,0,0,0,0,0,0,0

APPTR,D06,06,ARCON
IF,ARCON,69.933600,-148.422011, ,0.0,0.0,0,0,0,0,0,0,1,0
AF,SHELO,69.950508,-148.689647,2,SCC,183.7,16.0,163.0,2,2300,0,0,0,0,0,0
AF,JOVVO,70.129133,-149.170597,2,SCC,238.1,16.0,184.0,2,2300,0,0,0,0,1,0

APPTR,D06,06,SCC
IF,SCC,70.199197,-148.416158, ,0.0,0.0,0,0,0,0,0,0,0,0
TF,JOVVO,70.129133,-149.170597,0, ,0.0,0.0,0.0,0.0,2,2300,0,0,0,0,0,0
HF,JOVVO,70.129133,-149.170597,2, ,0.0,0.0,58.0,04.3,2,2300,0,0,0,0,1,0,0

APPTR,D06,06,SHELO
IF,SHELO,69.950508,-148.689647, ,0.0,0.0,0,0,0,0,0,0,1,0
AF,JOVVO,70.129133,-149.170597,2,SCC,238.1,16.0,184.0,2,2300,0,0,0,0,1,0

APPTR,D06,06,UVALL
IF,UVALL,69.948147,-148.161911, ,0.0,0.0,0,0,0,0,0,0,1,0
AF,ARCON,69.933600,-148.422011,2,SCC,163.4,16.0,144.0,2,2300,0,0,0,0,0,0
AF,SHELO,69.950508,-148.689647,2,SCC,183.7,16.0,163.0,2,2300,0,0,0,0,0,0
AF,JOVVO,70.129133,-149.170597,2,SCC,238.1,16.0,184.0,2,2300,0,0,0,0,1,0

APPTR,D06,06,YIGUF
IF,YIGUF,70.310694,-149.129183, ,0.0,0.0,0,0,0,0,0,0,1,0
AF,JOVVO,70.129133,-149.170597,1,SCC,238.1,16.0,278.0,2,2300,0,0,0,0,1,0

FINAL,D06,06,D,4
IF,JOVVO,70.129133,-149.170597,SCC,238.1,16.0,2,2300,0,0,0,0,0,0
CF,CIMAS,70.172403,-148.709331,0,SCC,238.1,6.2,58.0,9.8,2,1600,0,0,0,0,2,0
CF,WUKTI,70.180806,-148.618044,0,SCC,238.1,4.3,58.0,1.9,2,980,0,0,0,0,0,0
CF,RW06,70.192458,-148.490458,0,SCC,238.1,1.6,58.0,2.7,1,117,0,0,0,0,3,0
CA,0,58.0,2,1500,0,0,0,0,0,0
DF,SCC,70.199197,-148.416158,2, ,0.0,0.0,2,2000,0,0,0,0,0,0
HM,SCC,70.199197,-148.416158,2, ,0.0,0.0,58.0,04.3,0,0,0,0,0,0,0,0,0

APPTR,D24-Z,24,ARCON
IF,ARCON,69.933600,-148.422011, ,0.0,0.0,0,0,0,0,0,0,1,0
AF,UVALL,69.948147,-148.161911,1,SCC,143.8,16.0,163.0,2,2300,0,0,0,0,0,0
AF,QUVQU,70.266061,-147.656692,1,SCC,58.1,16.0,144.0,2,2300,0,0,0,0,1,0

APPTR,D24-Z,24,SCC
IF,SCC,70.199197,-148.416158, ,0.0,0.0,0,0,0,0,0,0,0,0
TF,OCOTA,70.216908,-148.219039,0, ,0.0,0.0,0.0,0.0,2,1600,0,0,0,0,0,0
PI,OCOTA,70.216908,-148.219039,2,SCC,13.0,15.0,058,5.0,2,1600,0,0,0,0,1,0

APPTR,D24-Z,24,SHELO
IF,SHELO,69.950508,-148.689647, ,0.0,0.0,0,0,0,0,0,0,1,0
AF,ARCON,69.933600,-148.422011,1,SCC,163.4,16.0,184.0,2,2300,0,0,0,0,0,0
AF,UVALL,69.948147,-148.161911,1,SCC,143.8,16.0,163.0,2,2300,0,0,0,0,0,0
AF,QUVQU,70.266061,-147.656692,1,SCC,58.1,16.0,144.0,2,2300,0,0,0,0,1,0

APPTR,D24-Z,24,UVALL
IF,UVALL,69.948147,-148.161911, ,0.0,0.0,0,0,0,0,0,0,1,0
AF,QUVQU,70.266061,-147.656692,1,SCC,58.1,16.0,144.0,2,2300,0,0,0,0,1,0

APPTR,D24-Z,24,YIGUF
IF,YIGUF,70.310694,-149.129183, ,0.0,0.0,0,0,0,0,0,0,1,0
AF,QUVQU,70.266061,-147.656692,2,SCC,58.1,16.0,278.0,2,2300,0,0,0,0,1,0

FINAL,D24-Z,24,D,4
IF,QUVQU,70.266061,-147.656692,SCC,58.1,16.0,2,2300,0,0,0,0,0,0
CF,OCOTA,70.216908,-148.219039,0,SCC,58.1,4.2,238.0,11.8,2,1600,0,0,0,0,2,0
CF,WILIG,70.208153,-148.316822,0,SCC,58.1,2.1,238.0,2.1,2,940,0,0,0,0,0,0
CF,SCC,70.199197,-148.416158,0,SCC,0.0,0.0,238.0,2.1,1,275,0,0,0,0,3,0
CA,0,238.0,2,1500,0,0,0,0,0,0
DF,SCC,70.199197,-148.416158,2, ,0.0,0.0,2,2000,0,0,0,0,0,0
HM,SCC,70.199197,-148.416158,2, ,0.0,0.0,238.0,04.3,0,0,0,0,0,0,0,0,0

APPTR,I06,06,ARCON
IF,ARCON,69.933600,-148.422011, ,0.0,0.0,0,0,0,0,0,0,1,0
AF,SHELO,69.950508,-148.689647,2,SCC,183.7,16.0,163.0,2,2300,0,0,0,0,0,0
AF,JOVVO,70.129133,-149.170597,2,SCC,238.1,16.0,184.0,2,2300,0,0,0,0,1,0
CF,FEVLE,70.150917,-148.940206,0,ISCC,238.1,10.8,58.0,4.9,2,1900,0,0,0,0,0,0

APPTR,I06,06,JOVVO
IF,JOVVO,70.129133,-149.170597, ,0.0,0.0,2,2300,0,0,0,0,1,0
CF,FEVLE,70.150917,-148.940206,0,ISCC,238.1,10.8,58.0,4.9,2,1900,0,0,0,0,0,0

APPTR,I06,06,SCC
IF,SCC,70.199197,-148.416158, ,0.0,0.0,0,0,0,0,0,0,0,0
TF,JOVVO,70.129133,-149.170597,0, ,0.0,0.0,0.0,0.0,2,2300,0,0,0,0,0,0
HF,JOVVO,70.129133,-149.170597,2, ,0.0,0.0,58.0,04.3,2,2300,0,0,0,0,1,0,0
CF,FEVLE,70.150917,-148.940206,0,ISCC,238.1,10.8,58.0,4.9,2,1900,0,0,0,0,0,0

APPTR,I06,06,SHELO
IF,SHELO,69.950508,-148.689647, ,0.0,0.0,0,0,0,0,0,0,1,0
AF,JOVVO,70.129133,-149.170597,2,SCC,238.1,16.0,184.0,2,2300,0,0,0,0,1,0
CF,FEVLE,70.150917,-148.940206,0,ISCC,238.1,10.8,58.0,4.9,2,1900,0,0,0,0,0,0

APPTR,I06,06,UVALL
IF,UVALL,69.948147,-148.161911, ,0.0,0.0,0,0,0,0,0,0,1,0
AF,ARCON,69.933600,-148.422011,2,SCC,163.4,16.0,144.0,2,4000,0,0,0,0,0,0
AF,SHELO,69.950508,-148.689647,2,SCC,183.7,16.0,163.0,2,2300,0,0,0,0,0,0
AF,JOVVO,70.129133,-149.170597,2,SCC,238.1,16.0,184.0,2,2300,0,0,0,0,1,0
CF,FEVLE,70.150917,-148.940206,0,ISCC,238.1,10.8,58.0,4.9,2,1900,0,0,0,0,0,0

APPTR,I06,06,YIGUF
IF,YIGUF,70.310694,-149.129183, ,0.0,0.0,0,0,0,0,0,0,1,0
AF,JOVVO,70.129133,-149.170597,1,SCC,238.1,16.0,278.0,2,2300,0,0,0,0,1,0
CF,FEVLE,70.150917,-148.940206,0,ISCC,238.1,10.8,58.0,4.9,2,1900,0,0,0,0,0,0

FINAL,I06,06,I,3
IF,FEVLE,70.150917,-148.940206,ISCC,238.1,10.8,2,1900,0,0,0,0,0,0
CF,CIMAS,70.172403,-148.709331,0,ISCC,238.1,5.9,58.0,4.9,1,1600,0,0,0,0,2,0
CF,RW06,70.192458,-148.490458,0,ISCC,238.1,1.2,58.0,4.6,1,125,0,0,0,0,3,0
CA,0,58.0,2,1500,0,0,0,0,0,0
VI,2, ,0.0,170.0,0,0,0,0,0,0,0,0
CF,UVALL,69.948147,-148.161911,0,SCC,143.8,16.0,144.0,8.0,2,4000,0,0,0,0,0,0
HM,UVALL,69.948147,-148.161911,2, ,0.0,0.0,324.0,04.3,0,0,0,0,0,0,0,0,0

APPTR,R06-Z,06,CUBSU
HF,CUBSU,70.141603,-149.039161,2, ,0.0,0.0,57.0,08,2,1900,0,0,0,0,1,0,0

APPTR,R06-Z,06,EXIWO
IF,EXIWO,70.269528,-149.144378, ,0.0,0.0,0,0,0,0,0,0,1,0
TF,CUBSU,70.141603,-149.039161,0, ,0.0,0.0,0.0,0.0,2,1900,0,0,0,0,1,0

APPTR,R06-Z,06,VUWIB
IF,VUWIB,70.013614,-148.935239, ,0.0,0.0,0,0,0,0,0,0,1,0
TF,CUBSU,70.141603,-149.039161,0, ,0.0,0.0,0.0,0.0,2,1900,0,0,0,0,1,0

FINAL,R06-Z,06,R,4
IF,CUBSU,70.141603,-149.039161, ,0.0,0.0,2,1900,0,0,0,0,0,0
TF,CIMAS,70.172403,-148.709331,0, ,0.0,0.0,57.0,7.0,2,1600,0,0,0,0,2,0
TF,WUKTI,70.180806,-148.618044,0, ,0.0,0.0,58.0,1.9,2,980,0,0,0,0,0,0
TF,RW06,70.192458,-148.490458,0, ,0.0,0.0,58.0,2.7,1,125,0,0,0,0,3,1
CA,0,58.0,2,500,0,0,0,0,0,0
DF,CUBSU,70.141603,-149.039161,2, ,0.0,0.0,2,1900,0,0,0,0,0,1
HM,CUBSU,70.141603,-149.039161,2, ,0.0,0.0,57.0,08,0,0,0,0,0,0,0,0,0

APPTR,R24-Z,24,MAJEF
HF,MAJEF,70.246203,-147.886822,2, ,0.0,0.0,239.0,08,2,1700,0,0,0,0,1,0,0

APPTR,R24-Z,24,QATZA
IF,QATZA,70.374778,-147.985378, ,0.0,0.0,0,0,0,0,0,0,1,0
TF,MAJEF,70.246203,-147.886822,0, ,0.0,0.0,0.0,0.0,2,1700,0,0,0,0,1,0

APPTR,R24-Z,24,UBYEF
IF,UBYEF,70.117569,-147.789492, ,0.0,0.0,0,0,0,0,0,0,1,0
TF,MAJEF,70.246203,-147.886822,0, ,0.0,0.0,0.0,0.0,2,1700,0,0,0,0,1,0

FINAL,R24-Z,24,R,4
IF,MAJEF,70.246203,-147.886822, ,0.0,0.0,2,1700,0,0,0,0,0,0
TF,OCOTA,70.216908,-148.219039,0, ,0.0,0.0,239.0,7.0,2,1600,0,0,0,0,2,0
TF,WILIG,70.208153,-148.316822,0, ,0.0,0.0,238.0,2.1,2,940,0,0,0,0,0,0
TF,RW24,70.197050,-148.439872,0, ,0.0,0.0,238.0,2.6,1,115,0,0,0,0,3,1
CA,0,238.0,2,500,0,0,0,0,0,0
DF,MAJEF,70.246203,-147.886822,1, ,0.0,0.0,2,1700,0,0,0,0,0,1
HM,MAJEF,70.246203,-147.886822,2, ,0.0,0.0,239.0,08,0,0,0,0,0,0,0,0,0

APPTR,S24-Y,24,SCC
PI,SCC,70.199197,-148.416158,2,SCC,13.0,10.0,058,5.0,2,1600,0,0,0,0,1,0
CF,FF24,70.216972,-148.219128,0,SCC,58.0,4.2,238.0,5.8,2,1600,0,0,0,0,0,0

FINAL,S24-Y,24,D,2
IF,FF24,70.216972,-148.219128,SCC,58.0,4.2,2,1600,0,0,0,0,2,0
CF,SCC,70.199197,-148.416158,0,SCC,0.0,0.0,238.0,4.2,1,274,0,0,0,0,3,0
CA,0,238.0,2,1500,0,0,0,0,0,0
DF,SCC,70.199197,-148.416158,2, ,0.0,0.0,2,2000,0,0,0,0,0,0
HM,SCC,70.199197,-148.416158,2, ,0.0,0.0,238.0,04.3,0,0,0,0,0,0,0,0,0

