APPTR,R15,15,EZATY
IF,EZATY,64.536600,-164.569550, ,0.0,0.0,0,0,0,0,0,0,0,0
TF,FEZCO,64.740233,-163.808928,0, ,0.0,0.0,0.0,0.0,2,4000,0,0,0,0,0,0
TF,GAZRI,64.784986,-163.638206,0, ,0.0,0.0,0.0,0.0,2,3400,0,1,210,0,1,0
TF,RAMZE,64.803206,-163.488347,0, ,0.0,0.0,0.0,0.0,2,2400,0,0,0,0,1,0

APPTR,R15,15,KUZDO
IF,KUZDO,64.651572,-162.847183, ,0.0,0.0,0,0,0,0,0,0,0,0
TF,JAZWU,64.736756,-163.092342,0, ,0.0,0.0,0.0,0.0,2,4100,0,0,0,0,0,0
TF,HIZPO,64.821272,-163.338286,0, ,0.0,0.0,0.0,0.0,2,3400,0,1,210,0,1,0
TF,RAMZE,64.803206,-163.488347,0, ,0.0,0.0,0.0,0.0,2,2400,0,0,0,0,1,0

APPTR,R15,15,LEZUH
IF,LEZUH,64.590525,-163.805097, ,0.0,0.0,0,0,0,0,0,0,0,0
TF,GAZRI,64.784986,-163.638206,0, ,0.0,0.0,0.0,0.0,2,3400,0,1,210,0,1,0
TF,RAMZE,64.803206,-163.488347,0, ,0.0,0.0,0.0,0.0,2,2400,0,0,0,0,1,0

FINAL,R15,15,R,4
IF,RAMZE,64.803206,-163.488347, ,0.0,0.0,2,2400,0,0,0,0,0,0
TF,ZABRU,64.755261,-163.456481,0, ,0.0,0.0,152.0,3.0,2,1500,0,0,0,0,2,0
TF,EZEXY,64.729894,-163.439667,0, ,0.0,0.0,152.0,1.6,2,1100,0,0,0,0,0,0
TF,RW15,64.693131,-163.415358,0, ,0.0,0.0,152.0,2.3,1,262,0,0,0,0,3,1
CA,0,152.0,2,700,0,0,0,0,0,0
DF,LEZUH,64.590525,-163.805097,0, ,0.0,0.0,2,5000,0,0,0,0,0,1
HM,LEZUH,64.590525,-163.805097,2, ,0.0,0.0,8.0,05,2,5000,0,0,0,0,0,0,0

APPTR,R33,33,EZATY
IF,EZATY,64.536600,-164.569550, ,0.0,0.0,0,0,0,0,0,0,0,0
TF,MAFIZ,64.546197,-163.943033,0, ,0.0,0.0,0.0,0.0,2,2800,0,0,0,0,1,0
TF,WOZHO,64.551700,-163.361572,0, ,0.0,0.0,0.0,0.0,2,2500,0,0,0,0,1,0

APPTR,R33,33,MOS
IF,MOS,64.696525,-162.071267, ,0.0,0.0,0,0,0,0,0,0,0,0
TF,NIZUR,64.554081,-162.978181,0, ,0.0,0.0,0.0,0.0,2,4000,0,0,0,0,1,0
TF,WOZHO,64.551700,-163.361572,0, ,0.0,0.0,0.0,0.0,2,2500,0,0,0,0,1,0

APPTR,R33,33,WOZHO
HF,WOZHO,64.551700,-163.361572,1, ,0.0,0.0,347.0,04,2,2500,0,0,0,0,1,0,0

FINAL,R33,33,R,3
IF,WOZHO,64.551700,-163.361572, ,0.0,0.0,2,2500,0,0,0,0,0,0
TF,ZEVIX,64.615322,-163.364153,0, ,0.0,0.0,347.0,3.8,2,1700,0,0,0,0,2,0
TF,RW33,64.685239,-163.410150,0, ,0.0,0.0,332.0,4.4,1,307,0,0,0,0,3,1
CA,0,332.0,2,1100,0,0,0,0,0,0
DF,WOZHO,64.551700,-163.361572,1, ,0.0,0.0,2,2500,0,0,0,0,0,1
HM,WOZHO,64.551700,-163.361572,1, ,0.0,0.0,347.0,04,0,0,0,0,0,0,0,0,0

