APPTR,R07,07,GEVEY
IF,GEVEY,59.258528,-155.270739, ,0.0,0.0,0,0,0,0,0,0,1,0
TF,ZUTEB,59.389619,-155.314617,0, ,0.0,0.0,0.0,0.0,2,4400,0,0,0,0,1,0

APPTR,R07,07,UBICE
IF,UBICE,59.520694,-155.358836, ,0.0,0.0,0,0,0,0,0,0,1,0
TF,ZUTEB,59.389619,-155.314617,0, ,0.0,0.0,0.0,0.0,2,4400,0,0,0,0,1,0

APPTR,R07,07,ZUTEB
HF,ZUTEB,59.389619,-155.314617,2, ,0.0,0.0,66.0,05,2,4400,0,0,0,0,1,0,0

FINAL,R07,07,R,4
IF,ZUTEB,59.389619,-155.314617, ,0.0,0.0,2,4400,0,0,0,0,0,0
TF,TASAE,59.405642,-155.129794,0, ,0.0,0.0,66.0,5.8,2,3300,0,0,0,0,2,0
TF,HOMRA,59.420597,-154.954039,0, ,0.0,0.0,66.0,5.5,2,1560,0,0,0,0,0,0
TF,JUTOL,59.432022,-154.817781,0, ,0.0,0.0,66.0,4.2,1,213,0,0,0,0,3,1
CA,0,66.0,2,515,0,0,0,0,0,0
DF,UBICE,59.520694,-155.358836,1, ,0.0,0.0,2,4400,0,0,0,0,0,1
HM,UBICE,59.520694,-155.358836,2, ,0.0,0.0,156.0,05,2,4400,0,0,0,0,0,0,0

APPTR,R25,25,CIVKA
HF,CIVKA,59.482453,-154.193914,2, ,0.0,0.0,247.0,07,2,6100,0,0,0,0,1,0,0

APPTR,R25,25,ILALE
IF,ILALE,59.622103,-154.236383, ,0.0,0.0,0,0,0,0,0,0,1,0
TF,CIVKA,59.482453,-154.193914,0, ,0.0,0.0,0.0,0.0,2,6100,0,0,0,0,1,0

APPTR,R25,25,YECUR
IF,YECUR,59.342786,-154.151794, ,0.0,0.0,0,0,0,0,0,0,1,0
TF,CIVKA,59.482453,-154.193914,0, ,0.0,0.0,0.0,0.0,2,6100,0,0,0,0,1,0

FINAL,R25,25,R,4
IF,CIVKA,59.482453,-154.193914, ,0.0,0.0,2,6100,0,0,0,0,0,0
TF,HUBAM,59.467908,-154.377797,0, ,0.0,0.0,247.0,5.7,2,4300,0,0,0,0,0,0
TF,FOLIL,59.451789,-154.577792,0, ,0.0,0.0,247.0,6.2,2,3000,0,0,0,0,2,0
TF,HOKLO,59.434550,-154.787406,0, ,0.0,0.0,247.0,6.5,1,237,0,0,0,0,3,1
CA,0,247.0,2,515,0,0,0,0,0,0
DF,ZUTEB,59.389619,-155.314617,0, ,0.0,0.0,2,4400,0,0,0,0,0,1
HM,ZUTEB,59.389619,-155.314617,2, ,0.0,0.0,66.0,09,2,4400,0,0,0,0,0,0,0

