SID,KTS3,12,4
VA,0,121.0,2,600,0,0,0,0,0,0
DF,MUJUD,65.112606,-166.769425,2, ,0.0,0.0,0,0,0,0,0,0,0,1
HA,MUJUD,65.112606,-166.769425,2, ,0.0,0.0,123.0,10,2,6900,0,0,0,0,0,0,0

SID,KTS3,23,4
VA,0,226.0,2,600,0,0,0,0,0,0
DF,MUJUD,65.112606,-166.769425,0, ,0.0,0.0,0,0,0,0,0,0,0,1
HA,MUJUD,65.112606,-166.769425,2, ,0.0,0.0,123.0,10,2,6900,0,0,0,0,0,0,0

SID,KTS3,30,4
VA,0,301.0,2,600,0,0,0,0,0,0
DF,MUJUD,65.112606,-166.769425,1, ,0.0,0.0,0,0,0,0,0,0,0,1
HA,MUJUD,65.112606,-166.769425,2, ,0.0,0.0,123.0,10,2,6900,0,0,0,0,0,0,0

APPTR,R12,12,JOVDO
IF,JOVDO,65.418008,-167.126672, ,0.0,0.0,0,0,0,0,0,0,1,0
TF,WIGBO,65.501550,-166.962200,0, ,0.0,0.0,0.0,0.0,2,5100,0,0,0,0,1,0

APPTR,R12,12,WIGBO
HF,WIGBO,65.501550,-166.962200,2, ,0.0,0.0,120.0,05,2,5100,0,0,0,0,1,0,0

APPTR,R12,12,ZOBOL
IF,ZOBOL,65.585364,-166.798011, ,0.0,0.0,0,0,0,0,0,0,1,0
TF,WIGBO,65.501550,-166.962200,0, ,0.0,0.0,0.0,0.0,2,5100,0,0,0,0,1,0

FINAL,R12,12,R,5
IF,WIGBO,65.501550,-166.962200, ,0.0,0.0,2,5100,0,0,0,0,0,0
TF,WOPAK,65.459483,-166.838450,0, ,0.0,0.0,120.0,4.0,2,3900,0,0,0,0,0,0
TF,CUTIR,65.417303,-166.715081,0, ,0.0,0.0,120.0,4.0,2,2700,0,0,0,0,2,0
TF,DIBAC,65.375831,-166.594444,0, ,0.0,0.0,120.0,3.9,2,1400,0,0,0,0,0,0
TF,RW12,65.333458,-166.471864,0, ,0.0,0.0,120.0,4.0,1,77,0,0,0,0,3,1
CA,0,120.0,2,287,0,0,0,0,0,0
DF,CUSEW,65.158483,-165.972717,0, ,0.0,0.0,2,6300,0,0,0,0,0,1
HM,CUSEW,65.158483,-165.972717,2, ,0.0,0.0,301.0,05,2,6300,0,0,0,0,0,0,0

APPTR,R30,30,CUSEW
IF,CUSEW,65.158483,-165.972717, ,0.0,0.0,3,6300,0,0,0,0,1,0
HF,CUSEW,65.158483,-165.972717,2, ,0.0,0.0,301.0,05,2,4600,0,0,0,0,0,0,0

APPTR,R30,30,JOMSO
IF,JOMSO,65.240931,-165.806719, ,0.0,0.0,0,0,0,0,0,0,1,0
TF,CUSEW,65.158483,-165.972717,0, ,0.0,0.0,0.0,0.0,2,4600,0,0,0,0,1,0

APPTR,R30,30,YEGUK
IF,YEGUK,65.075828,-166.137617, ,0.0,0.0,0,0,0,0,0,0,1,0
TF,CUSEW,65.158483,-165.972717,0, ,0.0,0.0,0.0,0.0,2,4600,0,0,0,0,1,0

FINAL,R30,30,R,4
IF,CUSEW,65.158483,-165.972717, ,0.0,0.0,2,4600,0,0,0,0,0,0
TF,FETUP,65.243928,-166.215058,0, ,0.0,0.0,301.0,8.0,2,2600,0,0,0,0,2,0
TF,EZIDU,65.285758,-166.334667,0, ,0.0,0.0,301.0,3.9,2,1340,0,0,0,0,0,0
TF,RW30,65.328239,-166.456811,0, ,0.0,0.0,301.0,4.0,1,75,0,0,0,0,3,1
CA,0,301.0,2,287,0,0,0,0,0,0
DF,WIGBO,65.501550,-166.962200,0, ,0.0,0.0,2,5100,0,0,0,0,0,1
HM,WIGBO,65.501550,-166.962200,2, ,0.0,0.0,120.0,05,2,5100,0,0,0,0,0,0,0

