SID,LNBRG2,08,5
VA,0,79.0,2,578,0,0,0,0,0,0
DF,SIPAE,20.795581,-155.955794,0, ,0.0,0.0,0,0,0,0,0,0,0,1
TF,LNBRG,20.638633,-155.933731,0, ,0.0,0.0,0.0,0.0,0,0,0,1,200,0,0,0

APPTR,R08,08,OGG
IF,OGG,20.906472,-156.420950, ,0.0,0.0,0,0,0,0,0,0,1,0
TF,OPANA,20.944081,-156.192986,0, ,0.0,0.0,0.0,0.0,2,4800,0,0,0,0,1,0

FINAL,R08,08,R,3
IF,OPANA,20.944081,-156.192986, ,0.0,0.0,2,4800,0,0,0,0,0,0
TF,ZOMPU,20.841647,-156.117997,0, ,0.0,0.0,134.0,7.4,2,2500,0,0,0,0,2,0
TF,UREAS,20.795653,-156.032892,0, ,0.0,0.0,109.0,5.5,1,375,0,0,0,0,3,1
CA,0,109.0,2,478,0,0,0,0,0,0
DF,GPYLE,20.795392,-155.829497,0, ,0.0,0.0,2,2500,0,0,0,0,0,1
HM,GPYLE,20.795392,-155.829497,2, ,0.0,0.0,259.0,04,0,0,0,0,0,0,0,0,0

APPTR,R26,26,GPYLE
HF,GPYLE,20.795392,-155.829497,2, ,0.0,0.0,259.0,04,2,2500,0,0,0,0,1,0,0

APPTR,R26,26,OPANA
IF,OPANA,20.944081,-156.192986, ,0.0,0.0,0,0,0,0,0,0,0,0
TF,GOYEY,20.936744,-156.011094,0, ,0.0,0.0,0.0,0.0,2,3800,0,0,0,0,0,0
TF,SEYOL,20.929211,-155.829222,0, ,0.0,0.0,0.0,0.0,2,3000,0,0,0,0,1,0
TF,GPYLE,20.795392,-155.829497,0, ,0.0,0.0,0.0,0.0,2,2500,0,0,0,0,1,0

APPTR,R26,26,PULPS
IF,PULPS,20.472161,-155.899294, ,0.0,0.0,0,0,0,0,0,0,0,0
TF,HALEU,20.661569,-155.829769,0, ,0.0,0.0,0.0,0.0,2,3000,0,0,0,0,1,0
TF,GPYLE,20.795392,-155.829497,0, ,0.0,0.0,0.0,0.0,2,2500,0,0,0,0,1,0

APPTR,R26,26,SARDS
IF,SARDS,20.539983,-155.705011, ,0.0,0.0,0,0,0,0,0,0,0,0
TF,HALEU,20.661569,-155.829769,0, ,0.0,0.0,0.0,0.0,2,3000,0,0,0,0,1,0
TF,GPYLE,20.795392,-155.829497,0, ,0.0,0.0,0.0,0.0,2,2500,0,0,0,0,1,0

FINAL,R26,26,R,3
IF,GPYLE,20.795392,-155.829497, ,0.0,0.0,2,2500,0,0,0,0,0,0
TF,INUCU,20.795539,-155.920692,0, ,0.0,0.0,259.0,5.1,2,1700,0,0,0,0,2,0
TF,IHEPA,20.795625,-156.000267,0, ,0.0,0.0,259.0,4.5,1,254,0,0,0,0,3,1
CA,0,259.0,2,478,0,0,0,0,0,0
DF,GPYLE,20.795392,-155.829497,2, ,0.0,0.0,2,2500,0,0,0,0,0,1
HM,GPYLE,20.795392,-155.829497,2, ,0.0,0.0,259.0,04,0,0,0,0,0,0,0,0,0

