APPTR,N08,08,XI1
IF,XI,1.983417,-157.354800, ,0.0,0.0,2,1500,0,0,0,0,0,0
FC,XI,1.983417,-157.354800,0,XI,0.0,0.0,300.0,7.0,0,0,0,0,0,0,0,1
CF,FN08,1.995742,-157.424994,1,XI,270.9,4.3,91.0,3.0,2,1200,0,0,0,0,0,0

APPTR,N08,08,XI2
IF,XI,1.983417,-157.354800, ,0.0,0.0,2,1500,0,0,0,0,0,0
FC,XI,1.983417,-157.354800,0,XI,0.0,0.0,283.0,9.0,0,0,0,0,0,0,0,1
CF,FN08,1.995742,-157.424994,1,XI,270.9,4.3,91.0,5.0,2,1200,0,0,0,0,0,0

FINAL,N08,08,N,2
IF,FN08,1.995742,-157.424994,XI,0.0,0.0,2,1200,0,0,0,0,2,0
CF,XI,1.983417,-157.354800,0,XI,0.0,0.0,91.0,4.3,1,470,0,0,0,0,3,0
CA,0,91.0,2,1000,0,0,0,0,0,0
DF,XI,1.983417,-157.354800,2, ,0.0,0.0,1,1500,0,0,0,0,0,0
HM,XI,1.983417,-157.354800,2, ,0.0,0.0,300.0,04.3,0,0,0,0,0,0,0,0,0

APPTR,N26,26,XI1
IF,XI,1.983417,-157.354800, ,0.0,0.0,2,1500,0,0,0,0,0,0
FC,XI,1.983417,-157.354800,0,XI,0.0,0.0,104.0,7.0,0,0,0,0,0,0,0,1
CF,FN26,1.991811,-157.274064,1,XI,75.1,4.9,255.0,2.0,2,1200,0,0,0,0,0,0

APPTR,N26,26,XI2
IF,XI,1.983417,-157.354800, ,0.0,0.0,2,1500,0,0,0,0,0,0
FC,XI,1.983417,-157.354800,0,XI,0.0,0.0,87.0,9.0,0,0,0,0,0,0,0,1
CF,FN26,1.991811,-157.274064,1,XI,75.1,4.9,255.0,4.0,2,1200,0,0,0,0,0,0

FINAL,N26,26,N,2
IF,FN26,1.991811,-157.274064,XI,0.0,0.0,2,1200,0,0,0,0,2,0
CF,XI,1.983417,-157.354800,0,XI,0.0,0.0,255.0,4.9,1,460,0,0,0,0,3,0
CA,0,255.0,2,1000,0,0,0,0,0,0
DF,XI,1.983417,-157.354800,2, ,0.0,0.0,1,1500,0,0,0,0,0,0
HM,XI,1.983417,-157.354800,2, ,0.0,0.0,104.0,04.3,0,0,0,0,0,0,0,0,0

APPTR,P08,08,AF08N
IF,AF08N,2.069608,-157.525714, ,0.0,0.0,0,0,0,0,0,0,1,0
TF,IF08,1.985864,-157.525556,0, ,0.0,0.0,0.0,0.0,2,1500,0,0,0,0,1,0

APPTR,P08,08,AF08S
IF,AF08S,1.902119,-157.525397, ,0.0,0.0,0,0,0,0,0,0,1,0
TF,IF08,1.985864,-157.525556,0, ,0.0,0.0,0.0,0.0,2,1500,0,0,0,0,1,0

FINAL,P08,08,G,3
IF,IF08,1.985864,-157.525556, ,0.0,0.0,2,1500,0,0,0,0,0,0
TF,FF08,1.986031,-157.442322,0, ,0.0,0.0,0.0,5.0,2,700,0,0,0,0,2,0
TF,RW08,1.986272,-157.359364,0, ,0.0,0.0,0.0,5.0,1,58,0,0,0,0,3,1
TF,IF26,1.986544,-157.173956,0, ,0.0,0.0,0.0,0.0,1,1500,0,0,0,0,0,0
HM,IF26,1.986544,-157.173956,2, ,0.0,0.0,261.0,04.3,1,1500,0,0,0,0,0,0,0

APPTR,P26,26,AF26N
IF,AF26N,2.070289,-157.174117, ,0.0,0.0,0,0,0,0,0,0,1,0
TF,IF26,1.986544,-157.173956,0, ,0.0,0.0,0.0,0.0,2,1500,0,0,0,0,1,0

APPTR,P26,26,AF26S
IF,AF26S,1.902800,-157.173794, ,0.0,0.0,0,0,0,0,0,0,1,0
TF,IF26,1.986544,-157.173956,0, ,0.0,0.0,0.0,0.0,2,1500,0,0,0,0,1,0

FINAL,P26,26,G,3
IF,IF26,1.986544,-157.173956, ,0.0,0.0,2,1500,0,0,0,0,0,0
TF,FF26,1.986389,-157.257189,0, ,0.0,0.0,0.0,5.0,2,700,0,0,0,0,2,0
TF,RW26,1.986269,-157.340461,0, ,0.0,0.0,0.0,5.0,1,58,0,0,0,0,3,1
TF,IF08,1.985864,-157.525556,0, ,0.0,0.0,0.0,0.0,1,1500,0,0,0,0,0,0
HM,IF08,1.985864,-157.525556,2, ,0.0,0.0,81.0,04.3,1,1500,0,0,0,0,0,0,0

