SID,EZEPU1,16,4
CF,APPAG,60.483583,-165.208808,0,BER,24.9,641.2,160.0,5.6,0,0,0,0,0,0,0,1
TF,OZPEB,60.516725,-164.772636,0, ,0.0,0.0,0.0,0.0,0,0,0,0,0,0,0,0
TF,EZEPU,60.583683,-164.430800,0, ,0.0,0.0,0.0,0.0,0,0,0,0,0,0,0,0

SID,EZEPU1,34,4
CF,PYCHE,60.655967,-165.284181,0,BER,24.1,647.6,340.0,5.6,0,0,0,0,0,0,0,1
TF,UCIXO,60.715297,-164.895158,0, ,0.0,0.0,0.0,0.0,0,0,0,0,0,0,0,0
TF,EZEPU,60.583683,-164.430800,0, ,0.0,0.0,0.0,0.0,0,0,0,0,0,0,0,0

APPTR,R16-Y,16,BOWAY
HF,BOWAY,60.732303,-165.435711,2, ,0.0,0.0,142.0,04,2,2400,0,0,0,0,1,0,0

APPTR,R16-Y,16,BRNZZ
IF,BRNZZ,60.790753,-165.230083, ,0.0,0.0,0,0,0,0,0,0,1,0
TF,BOWAY,60.732303,-165.435711,0, ,0.0,0.0,0.0,0.0,2,2400,0,0,0,0,1,0

APPTR,R16-Y,16,ROBWA
IF,ROBWA,60.673539,-165.640592, ,0.0,0.0,0,0,0,0,0,0,1,0
TF,BOWAY,60.732303,-165.435711,0, ,0.0,0.0,0.0,0.0,2,2400,0,0,0,0,1,0

FINAL,R16-Y,16,R,3
IF,BOWAY,60.732303,-165.435711, ,0.0,0.0,2,2400,0,0,0,0,0,0
TF,AVWAK,60.646136,-165.333425,0, ,0.0,0.0,142.0,6.0,2,1700,0,0,0,0,2,0
TF,AKKEG,60.581964,-165.251722,0, ,0.0,0.0,140.0,4.6,1,242,0,0,0,0,3,1
CA,0,140.0,2,462,0,0,0,0,0,0
DF,JIRIM,60.346233,-165.255136,0, ,0.0,0.0,2,2700,0,0,0,0,0,1
HM,JIRIM,60.346233,-165.255136,2, ,0.0,0.0,50.0,04,0,0,0,0,0,0,0,0,0

APPTR,R34,34,BRAAP
IF,BRAAP,60.468997,-164.855467, ,0.0,0.0,0,0,0,0,0,0,1,0
TF,JAZHU,60.407767,-165.055678,0, ,0.0,0.0,0.0,0.0,2,2300,0,0,0,0,1,0

APPTR,R34,34,JAZHU
HF,JAZHU,60.407767,-165.055678,2, ,0.0,0.0,320.0,04,2,2300,0,0,0,0,1,0,0

APPTR,R34,34,JIRIM
IF,JIRIM,60.346233,-165.255136, ,0.0,0.0,0,0,0,0,0,0,1,0
TF,JAZHU,60.407767,-165.055678,0, ,0.0,0.0,0.0,0.0,2,2300,0,0,0,0,1,0

FINAL,R34,34,R,4
IF,JAZHU,60.407767,-165.055678, ,0.0,0.0,2,2300,0,0,0,0,0,0
TF,WESIF,60.492778,-165.162742,0, ,0.0,0.0,320.0,6.0,2,1700,0,0,0,0,2,0
TF,IJIXO,60.528206,-165.207561,0, ,0.0,0.0,320.0,2.5,2,900,0,0,0,0,0,0
TF,AKCAB,60.553081,-165.239097,0, ,0.0,0.0,320.0,1.8,1,328,0,0,0,0,3,1
CA,0,320.0,2,500,0,0,0,0,0,0
DF,ALULY,60.634839,-165.360844,0, ,0.0,0.0,0,0,0,0,0,0,0,0
TF,BOWAY,60.732303,-165.435711,0, ,0.0,0.0,331.0,6.3,2,2400,0,0,0,0,0,1
HM,BOWAY,60.732303,-165.435711,2, ,0.0,0.0,142.0,04,0,0,0,0,0,0,0,0,0

