SID,CUBO1A,06,5
VA,0,67.0,2,600,0,0,0,0,0,0
DF,BS001,24.299444,118.667222,0, ,0.0,0.0,0,0,0,0,0,0,0,0
TF,INDIA,24.101111,118.857500,0, ,0.0,0.0,0.0,0.0,0,0,0,0,0,0,0,0
TF,CUBON,23.950667,118.957331,0, ,0.0,0.0,0.0,0.0,0,0,0,0,0,0,0,0

SID,CUBO1B,24,5
VA,0,247.0,2,600,0,1,250,0,0,0
DF,BS002,24.294078,118.276236,0, ,0.0,0.0,0,0,0,1,250,0,0,0
TF,CUBON,23.950667,118.957331,0, ,0.0,0.0,0.0,0.0,0,0,0,0,0,0,0,0

SID,INDI1A,06,5
VA,0,67.0,2,600,0,0,0,0,0,0
DF,BS001,24.299444,118.667222,0, ,0.0,0.0,0,0,0,0,0,0,0,0
TF,INDIA,24.101111,118.857500,0, ,0.0,0.0,0.0,0.0,0,0,0,0,0,0,0,0

SID,INDI1B,24,5
VA,0,247.0,2,600,0,1,250,0,0,0
DF,BS002,24.294078,118.276236,0, ,0.0,0.0,0,0,0,1,250,0,0,0
TF,INDIA,24.101111,118.857500,0, ,0.0,0.0,0.0,0.0,0,0,0,0,0,0,0,0

SID,SAND1A,06,2
VA,0,67.0,2,600,0,1,250,0,0,0
VI,2, ,0.0,159.0,0,0,0,1,250,0,0,0
CF,SANDY,24.283272,118.573697,0,XMN,124.3,29.2,129.0,9.0,0,0,0,0,0,0,0,0

SID,SAND1B,24,2
VA,0,247.0,2,600,0,1,240,0,0,0
VI,1, ,0.0,99.0,0,0,0,1,240,0,0,0
CF,SANDY,24.283272,118.573697,0,XMN,124.3,29.2,129.0,8.0,0,0,0,0,0,0,0,0

SID,SPRA1J,06,2
VA,0,67.0,2,600,0,0,0,0,0,0
VM,0,0,2,170.0,0,0,0,0,0,0,0,0

SID,SPRA1K,24,2
VA,0,247.0,2,600,0,0,0,0,0,0
VM,0,0,1,100.0,0,0,0,0,0,0,0,0

STAR,CUBO1C,06,5
IF,CUBON,23.950667,118.957331, ,0.0,0.0,0,0,0,0,0,0,0,0
TF,SPICA,24.262172,118.361606,0, ,0.0,0.0,0.0,0.0,2,4000,0,0,0,0,0,0

STAR,CUBO2D,24,5
IF,CUBON,23.950667,118.957331, ,0.0,0.0,0,0,0,0,0,0,0,0
TF,POSTY,24.180194,118.880917,0, ,0.0,0.0,0.0,0.0,2,5000,0,0,0,0,0,0
TF,MELOG,24.400444,118.511081,0, ,0.0,0.0,0.0,0.0,2,2000,0,0,0,0,0,0

FINAL,I06,06,I,3
IF,SKIRT,24.352422,118.194672,ICKM,247.4,11.0,2,2300,0,1,220,0,0,0
CF,FI06,24.390694,118.277861,0,ICKM,247.4,5.9,67.0,5.1,1,1500,0,0,0,0,2,0
CF,RW06,24.423778,118.349889,0,ICKM,247.4,1.5,67.0,4.4,1,96,0,0,0,0,3,0
CA,0,67.0,2,500,0,0,0,0,0,0
VI,2, ,0.0,159.0,0,0,0,0,0,0,0,0
CF,SANDY,24.283272,118.573697,0,XMN,124.1,29.2,129.0,10.0,2,3000,0,0,0,0,0,0
HM,SANDY,24.283272,118.573697,1, ,0.0,0.0,309.0,04.3,2,3000,0,0,0,0,0,0,0

FINAL,I24,24,I,3
IF,INDOK,24.491653,118.498208,ICSY,67.4,9.5,2,2000,0,0,0,0,0,0
CF,FI24,24.464017,118.437733,0,ICSY,67.4,5.8,248.0,3.7,1,1400,0,0,0,0,2,0
CF,RW24,24.434000,118.372139,0,ICSY,67.4,1.8,248.0,4.0,1,73,0,0,0,0,3,0
CF,D248B,24.417689,118.336533,0,JNJ,215.6,27.1,248.0,2.2,0,0,0,0,0,0,0,0
VI,1, ,0.0,99.0,0,0,0,1,230,0,0,0
CF,SANDY,24.283272,118.573697,0,JNJ,186.2,31.1,129.0,7.0,2,3000,0,0,0,0,0,0
HM,SANDY,24.283272,118.573697,1, ,0.0,0.0,309.0,04.3,2,3000,0,0,0,0,0,0,0

FINAL,L06,06,D,3
IF,SKIRT,24.352422,118.194672,ICKM,247.4,11.0,2,2300,0,1,220,0,0,0
CF,FF06,24.389925,118.276169,0,ICKM,247.4,6.0,67.0,5.0,2,1500,0,0,0,0,2,0
CF,RW06,24.423778,118.349889,0,ICKM,247.4,1.5,67.0,4.5,1,96,0,0,0,0,3,0
CA,0,67.0,2,560,0,0,0,0,0,0
VI,2, ,0.0,159.0,0,0,0,0,0,0,0,0
CF,SANDY,24.283272,118.573697,0,XMN,124.1,29.2,129.0,10.0,2,3000,0,0,0,0,0,0
HM,SANDY,24.283272,118.573697,1, ,0.0,0.0,309.0,04.3,2,3000,0,0,0,0,0,0,0

APPTR,Q06-D,06,SANDY
IF,SANDY,24.283272,118.573697, ,0.0,0.0,2,5000,0,0,0,0,1,0
TF,VISAR,24.321542,118.513847,0, ,0.0,0.0,0.0,0.0,2,3000,0,0,0,0,1,0

FINAL,Q06-D,06,N,3
IF,VISAR,24.321542,118.513847,BS,0.0,0.0,2,3000,0,0,0,0,0,0
CF,FF309,24.378500,118.423906,0,BS,0.0,0.0,309.0,6.0,2,1500,0,0,0,0,2,0
CF,MA309,24.410164,118.374564,0,BSN,0.0,1.7,309.0,3.3,1,1220,0,0,0,0,3,0
VI,1, ,0.0,84.0,0,0,0,1,240,0,0,0
CF,SANDY,24.283272,118.573697,0,XMN,124.1,29.2,129.0,10.0,1,3000,0,0,0,0,0,0
HM,SANDY,24.283272,118.573697,1, ,0.0,0.0,309.0,04.3,2,3000,0,0,0,0,0,0,0

APPTR,Q24-D,24,SANDY
IF,SANDY,24.283272,118.573697, ,0.0,0.0,2,5000,0,0,0,0,1,0
TF,VISAR,24.321542,118.513847,0, ,0.0,0.0,0.0,0.0,2,3000,0,0,0,0,1,0

FINAL,Q24-D,24,N,3
IF,VISAR,24.321542,118.513847,BS,0.0,0.0,2,3000,0,0,0,0,0,0
CF,FF309,24.378500,118.423906,0,BS,0.0,0.0,309.0,6.0,2,1500,0,0,0,0,2,0
CF,MA309,24.410164,118.374564,0,BSN,0.0,1.7,309.0,3.3,1,1220,0,0,0,0,3,0
VI,1, ,0.0,84.0,0,0,0,1,240,0,0,0
CF,SANDY,24.283272,118.573697,0,XMN,124.1,29.2,129.0,10.0,1,3000,0,0,0,0,0,0
HM,SANDY,24.283272,118.573697,1, ,0.0,0.0,309.0,04.3,2,3000,0,0,0,0,0,0,0

APPTR,R06,06,SANDY
IF,SANDY,24.283272,118.573697, ,0.0,0.0,2,5000,0,0,0,0,1,0
TF,SPICA,24.262172,118.361606,0, ,0.0,0.0,0.0,0.0,2,4000,0,0,0,0,0,0
TF,KNISH,24.274008,118.227781,0, ,0.0,0.0,0.0,0.0,2,4000,0,1,210,0,0,0
TF,KETCH,24.348686,118.186775,0, ,0.0,0.0,0.0,0.0,2,2900,0,1,210,0,1,0

APPTR,R06,06,SPICA
IF,SPICA,24.262172,118.361606, ,0.0,0.0,2,4000,0,0,0,0,1,0
TF,KNISH,24.274008,118.227781,0, ,0.0,0.0,0.0,0.0,2,4000,0,1,210,0,0,0
TF,KETCH,24.348686,118.186775,0, ,0.0,0.0,0.0,0.0,2,2900,0,1,210,0,1,0

FINAL,R06,06,R,3
IF,KETCH,24.348686,118.186775, ,0.0,0.0,2,2900,0,1,210,0,0,0
TF,KEBAB,24.386256,118.268308,0, ,0.0,0.0,67.0,5.0,2,1700,0,0,0,0,2,0
TF,RW06,24.423778,118.349889,0, ,0.0,0.0,67.0,5.0,1,95,0,0,0,0,3,1
CA,0,67.0,2,800,0,0,0,0,0,0
DF,SANDY,24.283272,118.573697,2, ,0.0,0.0,2,3000,0,0,0,0,0,1
HM,SANDY,24.283272,118.573697,1, ,0.0,0.0,309.0,05,2,3000,0,0,0,0,0,0,0

