SID,DONA1A,04,2
VD, ,0,0,0,IFNN,0.0,0.0,43.0,5.8,0,0,0,0,0,0,0,0
VI,0, ,0.0,80.0,0,0,0,0,0,0,0,0
CF,DONNA,23.169444,121.645000,0,GID,20.5,31.0,52.0,30.0,0,0,0,0,0,0,0,0

SID,DONA1B,22,2
VD, ,0,0,0,IFNN,0.0,0.0,223.0,2.2,0,0,0,0,0,0,0,0
DF,ZN,22.759917,121.159139,1, ,0.0,0.0,0,0,0,1,250,0,0,0
TF,DONNA,23.169444,121.645000,0, ,0.0,0.0,0.0,0.0,0,0,0,0,0,0,0,0

SID,FONG1A,04,2
DF,DER04,22.763469,121.109069,0, ,0.0,0.0,0,0,0,0,0,0,0,1
VM,0,0,0,90.0,0,0,0,0,0,0,0,0

SID,FONG1B,22,2
DF,DER22,22.746275,121.094231,0, ,0.0,0.0,0,0,0,0,0,0,0,1
VM,0,0,1,90.0,0,0,0,0,0,0,0,0

SID,GAMA1A,04,2
VA,0,43.0,2,600,0,0,0,0,0,0
VI,2, ,0.0,200.0,0,0,0,1,220,0,0,0
CF,GAMMA,22.531808,121.195806,0,GID,246.5,18.2,156.0,8.0,0,0,0,0,0,0,0,0

SID,GAMA2B,22,2
VA,0,223.0,2,600,0,1,230,0,0,0
CF,GAMMA,22.531808,121.195806,0,GID,246.5,18.2,156.0,14.0,0,0,0,0,0,0,0,0

SID,HYPE1B,22,2
VA,0,223.0,2,600,0,0,0,0,0,0
VI,1, ,0.0,70.0,0,0,0,0,0,0,0,0
CF,HYPER,22.718364,121.312683,0,GID,290.0,10.0,110.0,5.0,0,0,0,0,0,0,0,0

SID,HYPE1C,04,2
VD, ,0,0,0,IFNN,0.0,0.0,43.0,5.8,0,0,0,0,0,0,0,0
VI,2, ,0.0,150.0,0,0,0,1,200,0,0,0
CF,HYPER,22.718364,121.312683,0,GID,290.0,10.0,110.0,2.0,0,0,0,0,0,0,0,0

SID,HYPE2A,04,2
VA,0,43.0,2,600,0,0,0,0,0,0
CF,HYPER,22.718364,121.312683,0,GID,290.0,10.0,110.0,11.0,0,0,0,0,0,0,0,0

SID,TACL1A,04,2
CA,0,43.0,2,650,0,0,0,0,0,0
VI,0, ,0.0,80.0,0,0,0,0,0,0,0,0
CF,TACLE,22.993056,121.588333,0,GID,20.5,20.0,64.0,26.0,0,0,0,0,0,0,0,0

SID,TACL1B,22,2
CA,0,223.0,2,650,0,0,0,0,0,0
VI,1, ,0.0,45.0,0,0,0,1,250,0,0,0
CF,TACLE,22.993056,121.588333,0,GID,20.5,20.0,64.0,22.0,0,0,0,0,0,0,0,0

APPTR,Q04-D,04,DULAN
IF,DULAN,22.736944,121.506667, ,0.0,0.0,2,5000,0,0,0,0,1,0
TF,HYPIN,22.749022,121.325761,0, ,0.0,0.0,0.0,0.0,2,3000,0,0,0,0,1,0

FINAL,Q04-D,04,N,3
IF,HYPIN,22.749022,121.325761,ZN,0.0,0.0,2,3000,0,0,0,0,0,0
CF,FQ278,22.756136,121.217236,0,ZN,0.0,0.0,278.0,6.0,2,2100,0,0,0,0,2,0
CF,MQ278,22.761056,121.141561,0,IFNN,0.0,2.9,278.0,4.2,1,2060,0,0,0,0,3,1
DF,GID,22.672361,121.485972,1, ,0.0,0.0,1,3000,0,1,220,0,0,0
HM,GID,22.672361,121.485972,1, ,0.0,0.0,278.0,04.3,2,3000,0,0,0,0,0,0,0

APPTR,Q04-G,04,HYPER
HF,HYPER,22.718364,121.312683,1, ,0.0,0.0,271.0,04.3,2,2000,0,1,200,0,1,0,0

FINAL,Q04-G,04,N,3
IF,HYPER,22.718364,121.312683,JB,0.0,0.0,2,2000,0,0,0,0,0,0
CF,FQ271,22.713378,121.184397,0,JB,0.0,0.0,271.0,7.1,2,2000,0,0,0,0,2,0
CF,MQ271,22.709900,121.112389,0,JBT,0.0,1.0,271.0,4.0,1,640,0,0,0,0,3,0
CA,0,271.0,2,650,0,0,0,0,0,0
DF,ZN,22.759917,121.159139,2, ,0.0,0.0,0,0,0,0,0,0,0,0
CF,HYPER,22.718364,121.312683,0,GID,290.0,10.0,110.0,8.9,1,3000,0,0,0,0,0,0
HM,HYPER,22.718364,121.312683,1, ,0.0,0.0,271.0,04.3,0,0,0,1,200,0,0,0,0

APPTR,Q04-H,04,GAMMA
HF,GAMMA,22.531808,121.195806,1, ,0.0,0.0,336.0,04.3,2,2900,0,1,200,0,1,0,0

FINAL,Q04-H,04,N,3
IF,GAMMA,22.531808,121.195806,JB,0.0,0.0,2,2900,0,0,0,0,0,0
CF,FQ336,22.620419,121.145131,0,JB,0.0,0.0,336.0,6.0,2,2000,0,0,0,0,2,0
CF,JB,22.709083,121.094417,0,JBT,0.0,0.0,336.0,6.0,1,640,0,0,0,0,3,0
CA,0,336.0,2,650,0,0,0,0,0,0
VI,2, ,0.0,120.0,0,0,0,0,0,0,0,0
CF,GAMMA,22.531808,121.195806,0,GID,246.5,18.2,175.0,14.0,1,3000,0,0,0,0,0,0
HM,GAMMA,22.531808,121.195806,1, ,0.0,0.0,336.0,04.3,0,0,0,1,200,0,0,0,0

APPTR,Q22-D,22,DULAN
IF,DULAN,22.736944,121.506667, ,0.0,0.0,2,5000,0,0,0,0,1,0
TF,HYPIN,22.749022,121.325761,0, ,0.0,0.0,0.0,0.0,2,3000,0,0,0,0,1,0

FINAL,Q22-D,22,N,3
IF,HYPIN,22.749022,121.325761,ZN,0.0,0.0,2,3000,0,0,0,0,0,0
CF,FQ278,22.756136,121.217236,0,ZN,0.0,0.0,278.0,6.0,2,2100,0,0,0,0,2,0
CF,MQ278,22.761056,121.141561,0,IFNN,0.0,2.9,278.0,4.2,1,2060,0,0,0,0,3,1
DF,GID,22.672361,121.485972,1, ,0.0,0.0,1,3000,0,1,220,0,0,0
HM,GID,22.672361,121.485972,1, ,0.0,0.0,278.0,04.3,2,3000,0,0,0,0,0,0,0

APPTR,Q22-G,22,HYPER
HF,HYPER,22.718364,121.312683,1, ,0.0,0.0,271.0,04.3,2,2000,0,1,200,0,1,0,0

FINAL,Q22-G,22,N,3
IF,HYPER,22.718364,121.312683,JB,0.0,0.0,2,2000,0,0,0,0,0,0
CF,FQ271,22.713378,121.184397,0,JB,0.0,0.0,271.0,7.1,2,2000,0,0,0,0,2,0
CF,MQ271,22.709900,121.112389,0,JBT,0.0,1.0,271.0,4.0,1,640,0,0,0,0,3,0
CA,0,271.0,2,650,0,0,0,0,0,0
DF,ZN,22.759917,121.159139,2, ,0.0,0.0,0,0,0,0,0,0,0,0
CF,HYPER,22.718364,121.312683,0,GID,290.0,10.0,110.0,8.9,1,3000,0,0,0,0,0,0
HM,HYPER,22.718364,121.312683,1, ,0.0,0.0,271.0,04.3,0,0,0,1,200,0,0,0,0

APPTR,Q22-H,22,GAMMA
HF,GAMMA,22.531808,121.195806,1, ,0.0,0.0,336.0,04.3,2,2900,0,1,200,0,1,0,0

FINAL,Q22-H,22,N,3
IF,GAMMA,22.531808,121.195806,JB,0.0,0.0,2,2900,0,0,0,0,0,0
CF,FQ336,22.620419,121.145131,0,JB,0.0,0.0,336.0,6.0,2,2000,0,0,0,0,2,0
CF,JB,22.709083,121.094417,0,JBT,0.0,0.0,336.0,6.0,1,640,0,0,0,0,3,0
CA,0,336.0,2,650,0,0,0,0,0,0
VI,2, ,0.0,120.0,0,0,0,0,0,0,0,0
CF,GAMMA,22.531808,121.195806,0,GID,246.5,18.2,175.0,14.0,1,3000,0,0,0,0,0,0
HM,GAMMA,22.531808,121.195806,1, ,0.0,0.0,336.0,04.3,0,0,0,1,200,0,0,0,0

APPTR,R04-F,04,GID
IF,GID,22.672361,121.485972, ,0.0,0.0,2,5000,0,0,0,0,1,0
TF,DRACO,22.555278,121.165556,0, ,0.0,0.0,0.0,0.0,2,3000,0,0,0,0,1,0

FINAL,R04-F,04,R,3
IF,DRACO,22.555278,121.165556, ,0.0,0.0,2,3000,0,0,0,0,0,0
TF,METAL,22.626389,121.108333,0, ,0.0,0.0,327.0,5.3,2,2100,0,0,0,0,2,0
TF,JB,22.709083,121.094417,0, ,0.0,0.0,355.0,5.0,1,2060,0,0,0,0,3,1
DF,GID,22.672361,121.485972,2, ,0.0,0.0,1,3000,0,0,0,0,0,1
HM,GID,22.672361,121.485972,1, ,0.0,0.0,278.0,04.3,2,3000,0,0,0,0,0,0,0

APPTR,R22-F,22,GID
IF,GID,22.672361,121.485972, ,0.0,0.0,2,5000,0,0,0,0,1,0
TF,DRACO,22.555278,121.165556,0, ,0.0,0.0,0.0,0.0,2,3000,0,0,0,0,1,0

FINAL,R22-F,22,R,3
IF,DRACO,22.555278,121.165556, ,0.0,0.0,2,3000,0,0,0,0,0,0
TF,METAL,22.626389,121.108333,0, ,0.0,0.0,327.0,5.3,2,2100,0,0,0,0,2,0
TF,JB,22.709083,121.094417,0, ,0.0,0.0,355.0,5.0,1,2060,0,0,0,0,3,1
DF,GID,22.672361,121.485972,2, ,0.0,0.0,1,3000,0,0,0,0,0,1
HM,GID,22.672361,121.485972,1, ,0.0,0.0,278.0,04.3,2,3000,0,0,0,0,0,0,0

APPTR,X04,04,GID
IF,GID,22.672361,121.485972, ,0.0,0.0,0,0,0,0,0,0,1,0
TF,RAZOR,22.366983,121.034997,0, ,0.0,0.0,0.0,0.0,2,5000,0,0,0,0,0,0
AF,OPTIM,22.483250,120.964378,2,GID,252.8,31.0,238.0,2,4000,0,0,0,0,1,0

APPTR,X04,04,ORRIS
IF,ORRIS,22.268333,121.136389, ,0.0,0.0,0,0,0,0,0,0,1,0
AF,RAZOR,22.366983,121.034997,2,GID,238.0,31.0,223.0,2,4000,0,0,0,0,0,0
AF,OPTIM,22.483250,120.964378,2,GID,252.8,31.0,238.0,2,4000,0,0,0,0,1,0

FINAL,X04,04,C,4
IF,OPTIM,22.483250,120.964378,IFNN,208.0,17.3,2,4000,0,0,0,0,0,0
CF,FX04,22.588703,121.014825,0,IFNN,208.0,10.4,28.0,6.9,2,3500,0,0,0,0,2,0
CF,60LDA,22.655942,121.047036,0,IFNN,208.0,6.0,28.0,4.4,2,2100,0,0,0,0,0,0
CF,MX04,22.733869,121.084414,0,IFNN,208.0,0.9,28.0,5.1,1,480,0,0,0,0,3,0
CA,0,28.0,2,650,0,0,0,0,0,0
DF,GID,22.672361,121.485972,0, ,0.0,0.0,1,3000,0,1,210,0,0,1
HM,GID,22.672361,121.485972,1, ,0.0,0.0,279.0,04.3,0,0,0,0,0,0,0,0,0

