SID,HOPA1B,21,2
CA,0,213.0,2,600,0,0,0,0,0,0
CI,0, ,0.0,159.0,0,0,0,0,0,0,0,0
CF,HOOPA,26.079722,120.076111,0,APU,309.9,95.2,129.0,3.0,0,0,0,0,0,0,0,0

SID,LOTA1A,03,5
CA,0,33.0,2,600,0,0,0,0,0,0
DF,MT035,26.302553,120.049236,0, ,0.0,0.0,0,0,0,0,0,0,0,0
TF,LOTAD,26.133611,120.455556,0, ,0.0,0.0,0.0,0.0,0,0,0,0,0,0,0,0

SID,LOTA1B,21,5
CA,0,213.0,2,600,0,0,0,0,0,0
DF,MT215,26.146000,119.956397,0, ,0.0,0.0,0,0,0,0,0,0,0,0
TF,LOTAD,26.133611,120.455556,1, ,0.0,0.0,0.0,0.0,0,0,0,0,0,0,0,0

SID,MEDI2B,21,2
CA,0,213.0,2,600,0,0,0,0,0,0
CF,MEDIT,26.148889,120.105000,1,APU,312.4,96.4,97.0,5.0,0,0,0,0,0,0,0,0

SID,RALT1A,03,5
CA,0,33.0,2,600,0,0,0,0,0,0
DF,MT035,26.302553,120.049236,0, ,0.0,0.0,0,0,0,0,0,0,0,0
TF,RALTS,25.907500,120.350556,2, ,0.0,0.0,0.0,0.0,0,0,0,0,0,0,0,0

SID,RALT1B,21,5
CA,0,213.0,2,600,0,0,0,0,0,0
DF,MT215,26.146000,119.956397,0, ,0.0,0.0,0,0,0,0,0,0,0,0
TF,RALTS,25.907500,120.350556,0, ,0.0,0.0,0.0,0.0,0,0,0,0,0,0,0,0

FINAL,Q03,03,N,3
IF,MATIS,26.076014,119.936842,PK,0.0,0.0,2,2000,0,0,0,0,0,0
CF,FQ03,26.161861,119.973308,0,PK,0.0,0.0,25.0,5.5,2,1300,0,0,0,0,2,0
CF,MQ03,26.200878,119.989900,0,PKN,0.0,1.5,25.0,2.5,1,1300,0,0,0,0,3,0
CF,ZIPPY,26.146944,120.153611,2,APU,313.3,94.2,124.0,9.5,1,3000,0,0,0,0,0,0
HM,ZIPPY,26.146944,120.153611,1, ,0.0,0.0,277.0,04.3,1,3000,0,0,0,0,0,0,0

APPTR,R03,03,MT033
IF,MT033,26.032836,119.994358, ,0.0,0.0,2,3000,0,0,0,0,1,0
TF,MT032,26.072278,119.912775,0, ,0.0,0.0,0.0,0.0,2,2000,0,0,0,0,1,0

FINAL,R03,03,R,3
IF,MT032,26.072278,119.912775, ,0.0,0.0,2,2000,0,0,0,0,0,0
TF,MT031,26.146000,119.956397,0, ,0.0,0.0,33.0,5.0,1,1400,0,0,0,0,2,0
TF,RW03,26.219708,120.000072,0, ,0.0,0.0,33.0,5.0,1,76,0,0,0,0,3,1
FA,RW03,26.219708,120.000072,0,APU,0.0,0.0,33.0,2,1300,0,0,0,0,0,0
DF,MT033,26.032836,119.994358,2, ,0.0,0.0,1,3000,0,0,0,0,0,0
HM,MT033,26.032836,119.994358,1, ,0.0,0.0,303.0,05,2,3000,0,0,0,0,0,0,0

FINAL,X03,03,C,4
IF,ARMOS,26.056694,119.915222,IBGS,210.0,11.1,2,2000,0,0,0,0,0,0
CF,FF03,26.133981,119.955083,0,IBGS,210.0,6.0,30.0,5.1,2,1850,0,0,0,0,2,0
CF,40LOC,26.164283,119.970728,0,IBGS,210.0,4.0,30.0,2.0,2,1200,0,0,0,0,0,0
CF,MA03,26.191558,119.984814,0,IBGS,210.0,2.2,30.0,1.8,1,673,0,0,0,0,3,0
CA,0,33.0,2,1400,0,0,0,0,0,0
VI,2, ,0.0,169.0,0,0,0,0,0,0,0,0
CF,ZIPPY,26.146944,120.153611,0,APU,313.3,94.2,124.0,6.0,1,3000,0,0,0,0,0,0
HM,ZIPPY,26.146944,120.153611,1, ,0.0,0.0,277.0,04.3,2,3000,0,0,0,0,0,0,0

FINAL,X21,21,C,3
IF,PIXEL,26.309425,120.058403,IBGN,36.0,5.9,2,1400,0,0,0,0,0,0
CF,FF21,26.275042,120.035467,0,IBGN,36.0,3.5,216.0,2.4,2,1200,0,0,0,0,2,0
CF,MA21,26.249256,120.018272,0,IBGN,36.0,1.7,216.0,1.8,1,582,0,0,0,0,3,0
CA,0,213.0,2,1200,0,0,0,0,0,0
VI,0, ,0.0,130.0,0,0,0,0,0,0,0,0
CF,SEDGA,26.146944,120.151111,0,APU,313.3,94.3,97.0,7.0,1,3000,0,0,0,0,0,0
HM,SEDGA,26.146944,120.151111,1, ,0.0,0.0,277.0,04.3,2,3000,0,0,0,0,0,0,0

