SID,ATSUM5,09,1
CD, ,0,0,0,LHT,0,0.0,98.0,3.4,0,0,0,0,0,0,0,0
VI,2, ,0.0,319.0,0,0,0,0,0,0,0,0
CF,XMT,34.704594,136.957425,0,XMT,0.0,0.0,274.0,36.0,0,0,0,0,0,0,0,0

SID,ATSUM5,27,1
CA,0,278.0,2,650,0,0,0,0,0,0
CF,XMT,34.704594,136.957425,0,XMT,0.0,0.0,274.0,36.0,0,0,0,0,0,0,0,0

SID,LHT3R,09,1
CD, ,0,0,0,LHT,0,0.0,98.0,3.4,0,0,0,0,0,0,0,0
VI,2, ,0.0,265.0,0,0,0,0,0,0,0,0
CF,D220J,34.605725,137.603061,0,LHT,220.0,10.0,220.0,4.0,3,6000,0,0,0,0,0,0

SID,LHT3R,27,1
CD, ,0,0,0,LHT,0,0.0,278.0,4.0,0,0,0,0,0,0,0,0
VI,1, ,0.0,175.0,0,0,0,0,0,0,0,0
CF,D220J,34.605725,137.603061,0,LHT,220.0,10.0,220.0,2.0,3,6000,0,0,0,0,0,0

SID,LHT3R,ALL,2
IF,D220J,34.605725,137.603061, ,0.0,0.0,3,6000,0,0,0,0,0,0
FD,D220J,34.605725,137.603061,0,LHT,220.0,45.0,220.0,45.0,0,0,0,0,0,0,0,0
CF,D220N,34.549047,137.560364,1,LHT,220.0,14.0,40.0,31.0,0,0,0,0,0,0,0,0
TF,LHT,34.747353,137.710058,0, ,0.0,0.0,0.0,0.0,0,0,0,0,0,0,0,0

SID,OSHIM4,09,1
CF,SAGRA,34.732475,138.430761,0,LHT,99.2,35.7,99.0,36.0,0,0,0,0,0,0,0,0

SID,OSHIM4,27,1
CD, ,0,0,0,LHT,0,0.0,278.0,4.0,0,0,0,0,0,0,0,0
VI,1, ,0.0,54.0,0,0,0,0,0,0,0,0
CF,SAGRA,34.732475,138.430761,0,LHT,99.2,35.7,99.0,36.0,0,0,0,0,0,0,0,0

SID,SAGRA5,09,1
CD, ,0,0,0,LHT,0,0.0,98.0,3.4,0,0,0,0,0,0,0,0
VI,2, ,0.0,205.0,0,0,0,0,0,0,0,0
CF,D160J,34.599908,137.804842,0,LHT,160.0,10.0,160.0,3.0,3,6000,0,0,0,0,0,0

SID,SAGRA5,27,1
CD, ,0,0,0,LHT,0,0.0,278.0,4.0,0,0,0,0,0,0,0,0
VI,1, ,0.0,115.0,0,0,0,0,0,0,0,0
CF,D160J,34.599908,137.804842,0,LHT,160.0,10.0,160.0,4.0,3,6000,0,0,0,0,0,0

SID,SAGRA5,ALL,2
IF,D160J,34.599908,137.804842, ,0.0,0.0,3,6000,0,0,0,0,0,0
TF,D160W,34.408550,137.927292,0, ,0.0,0.0,0.0,0.0,0,0,0,0,0,0,0,0
TF,D225T,34.547519,138.052953,1, ,0.0,0.0,0.0,0.0,0,0,0,0,0,0,0,0
TF,XAC59,34.737150,138.225294,0, ,0.0,0.0,0.0,0.0,0,0,0,0,0,0,0,0
TF,SAGRA,34.732475,138.430761,0, ,0.0,0.0,0.0,0.0,0,0,0,0,0,0,0,0

SID,XMT6,09,1
CD, ,0,0,0,LHT,0,0.0,98.0,3.4,0,0,0,0,0,0,0,0
VI,2, ,0.0,265.0,0,0,0,0,0,0,0,0
CF,D220J,34.605725,137.603061,0,LHT,220.0,10.0,220.0,4.0,3,6000,0,0,0,0,0,0

SID,XMT6,27,1
CD, ,0,0,0,LHT,0,0.0,278.0,4.0,0,0,0,0,0,0,0,0
VI,1, ,0.0,175.0,0,0,0,0,0,0,0,0
CF,D220J,34.605725,137.603061,0,LHT,220.0,10.0,220.0,2.0,3,6000,0,0,0,0,0,0

SID,XMT6,ALL,2
IF,D220J,34.605725,137.603061, ,0.0,0.0,3,6000,0,0,0,0,0,0
TF,LHT39,34.194467,137.294808,0, ,0.0,0.0,0.0,0.0,0,0,0,0,0,0,0,1
VI,2, ,0.0,318.0,0,0,0,0,0,0,0,0
CF,XMT27,34.278253,137.134219,0,XMT,168.0,27.0,348.0,3.0,2,13000,0,0,0,0,0,0
TF,XMT,34.704594,136.957425,0, ,0.0,0.0,0.0,0.0,0,0,0,0,0,0,0,0

APPTR,T09-X,09,KOSAI
IF,KOSAI,34.768947,137.468461, ,0.0,0.0,4,5000,3000,0,0,0,1,0
CF,CT09,34.764636,137.508867,0,LHT,284.0,10.0,104.0,2.0,2,2100,0,0,0,0,0,0

FINAL,T09-X,09,D,3
IF,CT09,34.764636,137.508867,LHT,284.0,10.0,2,2100,0,0,0,0,0,0
CF,FT09,34.757761,137.589353,0,LHT,284.0,6.0,104.0,4.0,1,1500,0,0,0,0,2,0
CF,MT09,34.750486,137.673850,0,LHT,284.0,1.8,104.0,4.2,1,435,0,0,0,0,3,0
CF,LHT,34.747353,137.710058,0,LHT,0.0,0.0,104.0,1.8,0,0,0,0,0,0,0,0
FD,LHT,34.747353,137.710058,0,LHT,0.0,3.0,90.0,3.0,0,0,0,0,0,0,0,0
VI,2, ,0.0,314.0,0,0,0,0,0,0,0,0
CF,D284H,34.761206,137.549111,0,LHT,284.0,8.0,284.0,6.0,1,3000,0,0,0,0,0,0
HM,D284H,34.761206,137.549111,1, ,0.0,0.0,104.0,04,0,0,0,0,0,0,0,0,0

APPTR,T09-Y,09,DAIOH
IF,DAIOH,34.262958,137.393586, ,0.0,0.0,4,14000,10000,0,0,0,1,0
TF,D216L,34.571233,137.594503,0, ,0.0,0.0,0.0,0.0,0,0,0,0,0,0,0,0
AF,D240L,34.623864,137.519083,2,LHT,240.0,12.0,216.0,3,4000,0,0,0,0,0,0
AF,D284L,34.768053,137.468619,2,LHT,284.0,12.0,240.0,1,3000,0,0,0,0,0,0
CF,CT09,34.764636,137.508867,0,LHT,284.0,10.0,104.0,2.0,2,2100,0,0,0,0,0,0

FINAL,T09-Y,09,D,3
IF,CT09,34.764636,137.508867,LHT,284.0,10.0,2,2100,0,0,0,0,0,0
CF,FT09,34.757761,137.589353,0,LHT,284.0,6.0,104.0,4.0,1,1500,0,0,0,0,2,0
CF,MT09,34.750486,137.673850,0,LHT,284.0,1.8,104.0,4.2,1,435,0,0,0,0,3,0
CF,LHT,34.747353,137.710058,0,LHT,0.0,0.0,104.0,1.8,0,0,0,0,0,0,0,0
FD,LHT,34.747353,137.710058,0,LHT,0.0,3.0,90.0,3.0,0,0,0,0,0,0,0,0
VI,2, ,0.0,314.0,0,0,0,0,0,0,0,0
CF,D284H,34.761206,137.549111,0,LHT,284.0,8.0,284.0,6.0,1,3000,0,0,0,0,0,0
HM,D284H,34.761206,137.549111,1, ,0.0,0.0,104.0,04,2,3000,0,1,200,0,0,0,0

APPTR,T09-Z,09,HAMNA
IF,HAMNA,34.560142,137.879517, ,0.0,0.0,4,23000,10000,0,0,0,1,0
FD,HAMNA,34.560142,137.879517,0,LHT,151.2,19.0,151.0,19.0,0,0,0,0,0,0,0,0
CF,D166L,34.561569,137.800775,2,LHT,166.0,12.0,346.0,7.0,0,0,0,0,0,0,0,0
AF,D240L,34.623864,137.519083,2,LHT,240.0,12.0,166.0,3,4000,0,0,0,0,0,0
AF,D284L,34.768053,137.468619,2,LHT,284.0,12.0,240.0,1,3000,0,0,0,0,0,0
CF,CT09,34.764636,137.508867,0,LHT,284.0,10.0,104.0,2.0,2,2100,0,0,0,0,0,0

FINAL,T09-Z,09,D,3
IF,CT09,34.764636,137.508867,LHT,284.0,10.0,2,2100,0,0,0,0,0,0
CF,FT09,34.757761,137.589353,0,LHT,284.0,6.0,104.0,4.0,1,1500,0,0,0,0,2,0
CF,MT09,34.750486,137.673850,0,LHT,284.0,1.8,104.0,4.2,1,435,0,0,0,0,3,0
CF,LHT,34.747353,137.710058,0,LHT,0.0,0.0,104.0,1.8,0,0,0,0,0,0,0,0
FD,LHT,34.747353,137.710058,0,LHT,0.0,3.0,90.0,3.0,0,0,0,0,0,0,0,0
VI,2, ,0.0,314.0,0,0,0,0,0,0,0,0
CF,D284H,34.761206,137.549111,0,LHT,284.0,8.0,284.0,6.0,1,3000,0,0,0,0,0,0
HM,D284H,34.761206,137.549111,1, ,0.0,0.0,104.0,04,2,3000,0,1,200,0,0,0,0

APPTR,T27-X,27,IWATA
IF,IWATA,34.776136,137.970981, ,0.0,0.0,4,6000,3000,0,0,0,1,0
CF,FT27,34.761233,137.830250,0,LHT,90.0,6.0,270.0,7.0,1,1500,0,0,0,0,0,0

FINAL,T27-X,27,D,2
IF,FT27,34.761233,137.830250,LHT,90.0,6.0,1,1500,0,0,0,0,2,0
CF,MT27,34.750369,137.736094,0,LHT,90.0,1.3,270.0,4.7,1,494,0,0,0,0,3,0
CF,LHT,34.747353,137.710058,0,LHT,0.0,0.0,270.0,1.3,0,0,0,0,0,0,0,0
FD,LHT,34.747353,137.710058,0,LHT,0.0,3.0,270.0,3.0,0,0,0,0,0,0,0,0
VI,1, ,0.0,60.0,0,0,0,0,0,0,0,0
CF,D090I,34.768128,137.890361,0,LHT,90.0,9.0,90.0,5.0,1,3000,0,0,0,0,0,0
HM,D090I,34.768128,137.890361,2, ,0.0,0.0,270.0,04,0,0,0,0,0,0,0,0,0

APPTR,T27-Y,27,DAIOH
IF,DAIOH,34.262958,137.393586, ,0.0,0.0,4,14000,10000,0,0,0,1,0
TF,D216O,34.526158,137.568006,0, ,0.0,0.0,0.0,0.0,0,0,0,0,0,0,0,0
AF,D131O,34.610697,137.964078,1,LHT,131.0,15.0,216.0,3,6000,0,0,0,0,0,0
AF,D090O,34.781831,138.010614,1,LHT,90.0,15.0,131.0,1,3000,0,0,0,0,0,0
CF,CT27,34.777278,137.970525,0,LHT,90.0,13.0,270.0,2.0,2,2100,0,0,0,0,0,0

FINAL,T27-Y,27,D,3
IF,CT27,34.777278,137.970525,LHT,90.0,13.0,2,2100,0,0,0,0,0,0
CF,FT27,34.761233,137.830250,0,LHT,90.0,6.0,270.0,7.0,1,1500,0,0,0,0,2,0
CF,MT27,34.750369,137.736094,0,LHT,90.0,1.3,270.0,4.7,1,494,0,0,0,0,3,0
CF,LHT,34.747353,137.710058,0,LHT,0.0,0.0,270.0,1.3,0,0,0,0,0,0,0,0
FD,LHT,34.747353,137.710058,0,LHT,0.0,3.0,270.0,3.0,0,0,0,0,0,0,0,0
VI,1, ,0.0,60.0,0,0,0,0,0,0,0,0
CF,D090I,34.768128,137.890361,0,LHT,90.0,9.0,90.0,5.0,1,3000,0,0,0,0,0,0
HM,D090I,34.768128,137.890361,2, ,0.0,0.0,270.0,04,2,3000,0,1,200,0,0,0,0

APPTR,T27-Z,27,HAMNA
IF,HAMNA,34.560142,137.879517, ,0.0,0.0,4,23000,10000,0,0,0,1,0
FD,HAMNA,34.560142,137.879517,0,LHT,151.2,19.0,151.0,19.0,0,0,0,0,0,0,0,0
CF,D166O,34.515111,137.823389,2,LHT,166.0,15.0,346.0,4.0,0,0,0,0,0,0,0,0
AF,D131O,34.610697,137.964078,1,LHT,131.0,15.0,166.0,3,6000,0,0,0,0,0,0
AF,D090O,34.781831,138.010614,1,LHT,90.0,15.0,131.0,1,3000,0,0,0,0,0,0
CF,CT27,34.777278,137.970525,0,LHT,90.0,13.0,270.0,2.0,2,2100,0,0,0,0,0,0

FINAL,T27-Z,27,D,3
IF,CT27,34.777278,137.970525,LHT,90.0,13.0,2,2100,0,0,0,0,0,0
CF,FT27,34.761233,137.830250,0,LHT,90.0,6.0,270.0,7.0,1,1500,0,0,0,0,2,0
CF,MT27,34.750369,137.736094,0,LHT,90.0,1.3,270.0,4.7,1,494,0,0,0,0,3,0
CF,LHT,34.747353,137.710058,0,LHT,0.0,0.0,270.0,1.3,0,0,0,0,0,0,0,0
FD,LHT,34.747353,137.710058,0,LHT,0.0,3.0,270.0,3.0,0,0,0,0,0,0,0,0
VI,1, ,0.0,60.0,0,0,0,0,0,0,0,0
CF,D090I,34.768128,137.890361,0,LHT,90.0,9.0,90.0,5.0,1,3000,0,0,0,0,0,0
HM,D090I,34.768128,137.890361,2, ,0.0,0.0,270.0,04,2,3000,0,1,200,0,0,0,0

