SID,HISUI3,07,1
CA,0,75.0,2,1300,0,0,0,0,0,0
CF,HISUI,37.592906,137.931414,0,NTE,76.3,49.7,77.0,49.0,0,0,0,0,0,0,0,0

SID,HISUI3,25,1
CA,0,255.0,2,1200,0,0,0,0,0,0
VI,1, ,0.0,32.0,0,0,0,0,0,0,0,0
CF,HISUI,37.592906,137.931414,0,NTE,76.3,49.7,77.0,45.0,0,0,0,0,0,0,0,0

SID,URUSI1,07,1
CA,0,75.0,2,1300,0,0,0,0,0,0
VI,2, ,0.0,217.0,0,0,0,0,0,0,0,0
CF,URUSI,36.819208,137.131533,0,NTE,171.9,29.4,172.0,24.0,2,8000,0,0,0,0,0,0

SID,URUSI1,25,1
CA,0,255.0,2,1200,0,0,0,0,0,0
VI,1, ,0.0,127.0,0,0,0,0,0,0,0,0
CF,URUSI,36.819208,137.131533,0,NTE,171.9,29.4,172.0,25.0,2,8000,0,0,0,0,0,0

STAR,GORYU,ALL,2
IF,HAPPO,37.101361,137.889092, ,0.0,0.0,0,0,0,0,0,0,0,0
AF,GORYU,37.198486,137.769542,1,TOE,48.2,43.1,59.0,0,0,0,0,0,0,0,0
AF,NOPPY,37.370747,137.188892,1,TOE,7.9,43.1,48.0,2,3000,0,0,0,0,0,0
TF,NTE,37.289961,136.962911,0, ,0.0,0.0,0.0,0.0,2,3000,0,0,0,0,0,0

STAR,KILCO,07,5
IF,HAPPO,37.101361,137.889092, ,0.0,0.0,0,0,0,0,0,0,0,0
TF,KILCO,37.145292,137.422158,0, ,0.0,0.0,0.0,0.0,2,6000,0,0,0,0,0,0

APPTR,D07,07,NTE
IF,NTE,37.289961,136.962911, ,0.0,0.0,2,3000,0,0,0,0,0,0
FD,NTE,37.289961,136.962911,0,NTE,0.0,10.0,282.0,10.0,0,0,0,1,200,0,0,0
CF,CF07,37.248456,136.760667,1,NTE,263.7,10.0,84.0,1.0,2,2500,0,0,0,0,0,0

FINAL,D07,07,D,3
IF,CF07,37.248456,136.760667,NTE,263.7,10.0,2,2500,0,0,0,0,0,0
CF,SIZMI,37.269253,136.861764,0,NTE,263.7,5.0,84.0,5.0,2,2188,0,0,0,0,2,0
CF,RW07,37.289700,136.951772,0,NTE,276.3,0.5,84.0,4.5,1,760,0,0,0,0,3,0
CF,NTE,37.289961,136.962911,0,NTE,0.0,0.0,84.0,0.5,0,0,0,0,0,0,0,1
FA,NTE,37.289961,136.962911,0,NTE,0.0,0.0,84.0,2,3000,0,0,0,0,0,0
DF,NTE,37.289961,136.962911,2, ,0.0,0.0,0,0,0,0,0,0,0,0
HM,NTE,37.289961,136.962911,2, ,0.0,0.0,282.0,04.3,2,3000,0,1,230,0,0,0,0

APPTR,D25,25,NTE
IF,NTE,37.289961,136.962911, ,0.0,0.0,2,3000,0,0,0,0,0,0
FD,NTE,37.289961,136.962911,0,NTE,0.0,11.0,54.0,11.0,0,0,0,1,200,0,0,0
CF,D070K,37.376636,137.165547,2,NTE,69.8,11.0,250.0,1.0,2,2700,0,0,0,0,0,0
TF,CS25,37.353031,137.110236,0, ,0.0,0.0,0.0,0.0,2,2100,0,0,0,0,0,0

FINAL,D25,25,D,3
IF,CS25,37.353031,137.110236,NTE,69.8,8.0,2,2100,0,0,0,0,0,0
CF,HALKI,37.323097,137.040228,0,NTE,69.8,4.2,250.0,3.8,2,1898,0,0,0,0,2,0
CF,RW25,37.296811,136.972500,0,NTE,56.2,0.6,250.0,3.6,1,756,0,0,0,0,3,0
CF,NTE,37.289961,136.962911,0,NTE,0.0,0.0,250.0,0.6,0,0,0,0,0,0,0,1
FA,NTE,37.289961,136.962911,0,NTE,0.0,0.0,250.0,2,2000,0,0,0,0,0,0
DF,NTE,37.289961,136.962911,1, ,0.0,0.0,1,3000,0,0,0,0,0,0
HM,NTE,37.289961,136.962911,2, ,0.0,0.0,58.0,04.3,2,3000,0,1,210,0,0,0,0

APPTR,I25-Y,25,NTE
IF,NTE,37.289961,136.962911, ,0.0,0.0,2,3000,0,0,0,0,0,0
FD,NTE,37.289961,136.962911,0,NTE,0.0,11.0,58.0,11.0,0,0,0,1,200,0,0,0
CF,CF25,37.365194,137.172578,2,INT,74.8,11.6,255.0,1.0,2,2700,0,0,0,0,0,0

FINAL,I25-Y,25,I,3
IF,CF25,37.365194,137.172578,INT,74.8,11.6,2,2700,0,0,0,0,0,0
CF,NONOC,37.336283,137.087822,0,INT,74.8,7.2,255.0,4.4,1,2700,0,0,0,0,2,0
CF,RW25,37.296811,136.972500,0,INT,74.8,1.2,255.0,6.0,1,756,0,0,0,0,3,0
VA,0,255.0,2,2000,0,0,0,0,0,0
DF,NTE,37.289961,136.962911,1, ,0.0,0.0,1,3000,0,0,0,0,0,0
HM,NTE,37.289961,136.962911,2, ,0.0,0.0,58.0,04.3,2,3000,0,1,210,0,0,0,0

FINAL,I25-Z,25,I,3
IF,NOPPY,37.370747,137.188892,INT,74.8,12.5,2,3000,0,0,0,0,0,0
CF,NONOC,37.336283,137.087822,0,INT,74.8,7.2,255.0,5.3,1,2700,0,0,0,0,2,0
CF,RW25,37.296811,136.972500,0,INT,74.8,1.2,255.0,6.0,1,756,0,0,0,0,3,0
VA,0,255.0,2,2000,0,0,0,0,0,0
DF,NTE,37.289961,136.962911,1, ,0.0,0.0,1,3000,0,0,0,0,0,0
HM,NTE,37.289961,136.962911,2, ,0.0,0.0,58.0,04.3,2,3000,0,1,210,0,0,0,0

APPTR,R07-Y,07,NOPPY
IF,NOPPY,37.370747,137.188892, ,0.0,0.0,2,4200,0,0,0,0,1,0
TF,BENKO,37.363406,137.100947,0, ,0.0,0.0,0.0,0.0,2,4200,0,0,0,0,1,0

FINAL,R07-Y,07,R,5
IF,BENKO,37.363406,137.100947, ,0.0,0.0,2,4200,0,0,0,0,0,0
TF,KONOS,37.349956,136.941861,0, ,0.0,0.0,272.0,7.6,1,4200,0,0,0,0,2,0
TF,NW760,37.346364,136.899806,0, ,0.0,0.0,272.0,2.0,1,3555,0,1,165,0,0,0
RF,NW761,37.279403,136.921786,1,NWRF2,74.3,2.1,1,1257,0,0,0,0,0,0
TF,RW07,37.289700,136.951772,0, ,0.0,0.0,75.0,1.6,1,760,0,0,0,0,3,1
TF,NOPPY,37.370747,137.188892,0, ,0.0,0.0,0.0,0.0,1,3000,0,0,0,0,0,0
HM,NOPPY,37.370747,137.188892,1, ,0.0,0.0,254.0,06.2,2,3000,0,1,230,0,0,0,0

APPTR,R07-Z,07,KILCO
IF,KILCO,37.145292,137.422158, ,0.0,0.0,2,6000,0,0,0,0,1,0
TF,TABNO,37.171558,137.132942,0, ,0.0,0.0,0.0,0.0,2,6000,0,0,0,0,1,0

FINAL,R07-Z,07,R,5
IF,TABNO,37.171558,137.132942, ,0.0,0.0,2,6000,0,0,0,0,0,0
TF,ENDOH,37.185739,136.973403,0, ,0.0,0.0,285.0,7.7,1,4200,0,0,0,0,2,0
TF,NW750,37.188950,136.936922,0, ,0.0,0.0,285.0,1.8,1,3639,0,1,165,0,0,0
RF,NW751,37.278833,136.920125,2,NWRF1,74.3,2.8,1,1284,0,0,0,0,0,0
TF,RW07,37.289700,136.951772,0, ,0.0,0.0,75.0,1.6,1,760,0,0,0,0,3,1
TF,NOPPY,37.370747,137.188892,0, ,0.0,0.0,0.0,0.0,1,3000,0,0,0,0,0,0
HM,NOPPY,37.370747,137.188892,1, ,0.0,0.0,254.0,06.2,2,3000,0,1,230,0,0,0,0

