SID,GTC2,10,4
VA,0,106.0,2,900,0,0,0,0,0,0
DF,SK011,39.602250,140.367333,0, ,0.0,0.0,0,0,0,0,0,0,0,0
TF,SK012,39.527667,140.356028,0, ,0.0,0.0,0.0,0.0,0,0,0,0,0,0,0,0
TF,TARAA,39.194772,139.778358,0, ,0.0,0.0,0.0,0.0,0,0,0,0,0,0,0,0
TF,GTC,37.958294,139.114886,0, ,0.0,0.0,0.0,0.0,0,0,0,0,0,0,0,0

SID,GTC2,28,4
VA,0,286.0,2,900,0,0,0,0,0,0
DF,TARAA,39.194772,139.778358,0, ,0.0,0.0,0,0,0,0,0,0,0,0
TF,GTC,37.958294,139.114886,0, ,0.0,0.0,0.0,0.0,0,0,0,0,0,0,0,0

SID,MUTSU3,10,4
VA,0,106.0,2,900,0,0,0,0,0,0
DF,SUGUT,39.726761,140.411547,0, ,0.0,0.0,0,0,0,0,0,0,0,0
TF,IRNOG,40.393889,140.510108,0, ,0.0,0.0,0.0,0.0,0,0,0,0,0,0,0,0
TF,MRE,40.738792,140.705333,0, ,0.0,0.0,0.0,0.0,0,0,0,0,0,0,0,0

SID,MUTSU3,28,4
VA,0,286.0,2,900,0,0,0,0,0,0
DF,NUPLI,39.806136,140.182367,0, ,0.0,0.0,0,0,0,0,0,0,0,0
TF,MRE,40.738792,140.705333,0, ,0.0,0.0,0.0,0.0,0,0,0,0,0,0,0,0

SID,USYU2,10,4
VA,0,106.0,2,900,0,0,0,0,0,0
DF,MUSHA,39.086381,140.347825,0, ,0.0,0.0,0,0,0,0,0,0,0,0
TF,YTE,38.388622,140.357953,0, ,0.0,0.0,0.0,0.0,0,0,0,0,0,0,0,0

SID,USYU2,28,4
VA,0,286.0,2,900,0,0,0,0,0,0
DF,SK801,39.332500,140.214028,1, ,0.0,0.0,0,0,0,0,0,0,0,0
TF,MUSHA,39.086381,140.347825,0, ,0.0,0.0,0.0,0.0,0,0,0,0,0,0,0,0
TF,YTE,38.388622,140.357953,0, ,0.0,0.0,0.0,0.0,0,0,0,0,0,0,0,0

SID,UWE7R,10,1
CA,0,105.0,2,900,0,0,0,0,0,0
CD, ,0,0,0,UWE,0,0.0,105.0,10.8,0,0,0,0,0,0,0,0
DF,UWE,39.617128,140.186936,1, ,0.0,0.0,2,6000,0,0,0,0,0,0

SID,UWE7R,28,1
CA,0,285.0,2,900,0,0,0,0,0,0
CD, ,0,0,0,UWE,0,0.0,285.0,10.8,0,0,0,0,0,0,0,0
DF,UWE,39.617128,140.186936,2, ,0.0,0.0,2,6000,0,0,0,0,0,0

STAR,CHOKAE,28,5
IF,CHOKA,39.285975,140.233628, ,0.0,0.0,2,7000,0,0,0,0,0,0
TF,BIJIN,39.514608,140.407097,0, ,0.0,0.0,0.0,0.0,2,4200,0,0,0,0,0,0

STAR,CHOKAW,10,5
IF,CHOKA,39.285975,140.233628, ,0.0,0.0,2,7000,0,0,0,0,0,0
TF,BRIKO,39.553936,139.966997,0, ,0.0,0.0,0.0,0.0,2,3500,0,0,0,0,0,0

STAR,MAGGYE,28,5
IF,MAGGY,39.915725,140.324111, ,0.0,0.0,2,7000,0,0,0,0,0,0
TF,GAKKO,39.727483,140.403278,0, ,0.0,0.0,0.0,0.0,2,5000,0,0,0,0,0,0

STAR,MAGGYW,10,5
IF,MAGGY,39.915725,140.324111, ,0.0,0.0,2,7000,0,0,0,0,0,0
TF,POLTA,39.719736,139.991239,0, ,0.0,0.0,0.0,0.0,2,3500,0,0,0,0,0,0

STAR,YAYOIE,28,5
IF,YAYOI,39.319467,139.992711, ,0.0,0.0,2,9000,0,0,0,0,0,0
TF,BIJIN,39.514608,140.407097,0, ,0.0,0.0,0.0,0.0,2,4200,0,0,0,0,0,0

STAR,YAYOIW,10,5
IF,YAYOI,39.319467,139.992711, ,0.0,0.0,2,9000,0,0,0,0,0,0
TF,BRIKO,39.553936,139.966997,0, ,0.0,0.0,0.0,0.0,2,3500,0,0,0,0,0,0

APPTR,D10-Z,10,UWE
IF,UWE,39.617128,140.186936, ,0.0,0.0,2,4000,0,0,0,0,0,0
FD,UWE,39.617128,140.186936,0,UWE,0.0,11.0,263.0,11.0,0,0,0,1,200,0,0,0
CF,YAESU,39.619381,140.079100,2,UWE,279.6,5.0,100.0,6.0,2,2185,0,0,0,0,0,0

FINAL,D10-Z,10,D,3
IF,YAESU,39.619381,140.079100,UWE,279.6,5.0,2,2185,0,0,0,0,2,0
CF,30VOR,39.618489,140.122253,0,UWE,279.6,3.0,100.0,2.0,2,1548,0,0,0,0,0,0
CF,UWE,39.617128,140.186936,0,UWE,0.0,0.0,100.0,3.0,1,594,0,0,0,0,3,0
FD,UWE,39.617128,140.186936,0,UWE,0.0,8.6,100.0,8.6,0,0,0,0,0,0,0,0
DF,UWE,39.617128,140.186936,2, ,0.0,0.0,1,4000,0,0,0,0,0,0
HM,UWE,39.617128,140.186936,1, ,0.0,0.0,290.0,04.3,0,0,0,1,230,0,0,0,0

APPTR,D28,28,UWE
IF,UWE,39.617128,140.186936, ,0.0,0.0,2,4000,0,0,0,0,0,0
FD,UWE,39.617128,140.186936,0,UWE,0.0,13.0,118.0,13.0,0,0,0,1,200,0,0,0
CF,CS28,39.593817,140.465647,1,UWE,104.1,13.0,284.0,1.0,2,3000,0,0,0,0,0,0

FINAL,D28,28,D,4
IF,CS28,39.593817,140.465647,UWE,104.1,13.0,2,3000,0,0,0,0,0,0
CF,MANAG,39.599250,140.401419,0,UWE,104.1,10.0,284.0,3.0,2,2864,0,0,0,0,2,0
CF,61VOR,39.606272,140.317739,0,UWE,104.1,6.1,284.0,3.9,2,1636,0,0,0,0,0,0
CF,RW28,39.614350,140.233125,0,UWE,102.4,2.2,284.0,4.0,1,368,0,0,0,0,3,0
CF,UWE,39.617128,140.186936,0,UWE,0.0,0.0,284.0,2.1,0,0,0,0,0,0,0,0
FD,UWE,39.617128,140.186936,0,UWE,0.0,6.3,284.0,6.3,0,0,0,0,0,0,0,0
DF,UWE,39.617128,140.186936,2, ,0.0,0.0,1,4000,0,0,0,0,0,0
HM,UWE,39.617128,140.186936,2, ,0.0,0.0,121.0,04.3,0,0,0,1,230,0,0,0,0

APPTR,I28-Y,28,UWE
IF,UWE,39.617128,140.186936, ,0.0,0.0,2,4000,0,0,0,0,0,0
FD,UWE,39.617128,140.186936,0,UWE,0.0,11.0,121.0,11.0,0,0,0,1,200,0,0,0
CF,CI28,39.597192,140.422739,1,IUW,105.6,10.3,286.0,1.0,2,2900,0,0,0,0,0,0

FINAL,I28-Y,28,I,3
IF,CI28,39.597192,140.422739,IUW,105.6,10.3,2,2900,0,0,0,0,0,0
CF,KAKNO,39.603403,140.354508,0,IUW,105.6,7.1,286.0,3.2,1,2200,0,0,0,0,2,0
CF,RW28,39.614350,140.233125,0,IUW,105.6,1.5,286.0,5.7,1,368,0,0,0,0,3,0
VA,0,286.0,2,800,0,0,0,0,0,0
CF,UWE,39.617128,140.186936,0,UWE,0.0,0.0,286.0,1.6,0,0,0,0,0,0,0,0
FD,UWE,39.617128,140.186936,0,UWE,0.0,4.8,286.0,4.8,0,0,0,0,0,0,0,0
DF,UWE,39.617128,140.186936,2, ,0.0,0.0,1,4000,0,0,0,0,0,0
HM,UWE,39.617128,140.186936,2, ,0.0,0.0,121.0,04.3,2,4000,0,1,230,0,0,0,0

APPTR,I28-Z,28,BIJIN
IF,BIJIN,39.514608,140.407097, ,0.0,0.0,2,4200,0,1,210,0,1,0
TF,KENDI,39.597467,140.419722,0, ,0.0,0.0,0.0,0.0,2,2600,0,0,0,0,1,0
TF,D106G,39.600800,140.383122,0, ,0.0,0.0,0.0,0.0,2,2100,0,0,0,0,0,0
CF,CF28,39.602942,140.359564,0,IUW,105.6,7.4,286.0,1.1,2,1700,0,0,0,0,0,0

APPTR,I28-Z,28,GAKKO
IF,GAKKO,39.727483,140.403278, ,0.0,0.0,2,5000,0,1,210,0,1,0
TF,NYUTO,39.663981,140.429881,0, ,0.0,0.0,0.0,0.0,2,3500,0,0,0,0,0,0
TF,25NM,39.638881,140.426044,0, ,0.0,0.0,0.0,0.0,2,3300,0,0,0,0,0,0
TF,KENDI,39.597467,140.419722,0, ,0.0,0.0,0.0,0.0,2,2600,0,0,0,0,1,0
TF,D106G,39.600800,140.383122,0, ,0.0,0.0,0.0,0.0,2,2100,0,0,0,0,0,0
CF,CF28,39.602942,140.359564,0,IUW,105.6,7.4,286.0,1.1,2,1700,0,0,0,0,0,0

FINAL,I28-Z,28,I,3
IF,CF28,39.602942,140.359564,IUW,105.6,7.4,2,1700,0,0,0,0,0,0
CF,KYOWA,39.607561,140.308581,0,IUW,105.6,5.0,286.0,2.4,1,1500,0,0,0,0,2,0
CF,RW28,39.614350,140.233125,0,IUW,105.6,1.5,286.0,3.5,1,368,0,0,0,0,3,0
VA,0,286.0,2,800,0,0,0,0,0,0
CF,UWE,39.617128,140.186936,0,UWE,0.0,0.0,286.0,1.6,0,0,0,0,0,0,0,0
FD,UWE,39.617128,140.186936,0,UWE,0.0,4.8,286.0,4.8,0,0,0,0,0,0,0,0
DF,UWE,39.617128,140.186936,2, ,0.0,0.0,1,4000,0,0,0,0,0,0
HM,UWE,39.617128,140.186936,2, ,0.0,0.0,121.0,04.3,2,4000,0,1,230,0,0,0,0

APPTR,R10-Y,10,CHOKA
IF,CHOKA,39.285975,140.233628, ,0.0,0.0,2,8000,0,0,0,0,1,0
TF,NOZOM,39.492175,140.131917,0, ,0.0,0.0,0.0,0.0,2,3200,0,0,0,0,1,0

FINAL,R10-Y,10,R,5
IF,NOZOM,39.492175,140.131917, ,0.0,0.0,2,3200,0,0,0,0,0,0
TF,RINAH,39.537497,140.109472,0, ,0.0,0.0,348.0,2.9,1,3200,0,0,0,0,2,0
TF,SK050,39.558114,140.099250,0, ,0.0,0.0,348.0,1.3,1,2778,0,0,0,0,0,0
RF,SK051,39.620708,140.161964,2,SKRF1,104.5,2.8,1,965,0,0,0,0,0,0
TF,RW10,39.616939,140.204206,0, ,0.0,0.0,106.0,2.0,1,339,0,0,0,0,3,1
FA,RW10,39.616939,140.204206,0,UWE,0.0,0.0,106.0,2,700,0,0,0,0,0,0
DF,CHOKA,39.285975,140.233628,2, ,0.0,0.0,1,8000,0,0,0,0,0,0
HM,CHOKA,39.285975,140.233628,2, ,0.0,0.0,3.0,04.3,2,8000,0,1,230,0,0,0,0

APPTR,R10-Z,10,BRIKO
IF,BRIKO,39.553936,139.966997, ,0.0,0.0,0,0,0,0,0,0,1,0
TF,KILLY,39.636836,139.979106,0, ,0.0,0.0,0.0,0.0,2,2000,0,1,230,0,1,0

APPTR,R10-Z,10,POLTA
IF,POLTA,39.719736,139.991239, ,0.0,0.0,0,0,0,0,0,0,1,0
TF,KILLY,39.636836,139.979106,0, ,0.0,0.0,0.0,0.0,2,2000,0,1,230,0,1,0

FINAL,R10-Z,10,R,4
IF,KILLY,39.636836,139.979106, ,0.0,0.0,2,2000,0,1,230,0,0,0
TF,TAMPO,39.626883,140.092347,0, ,0.0,0.0,106.0,5.3,2,2000,0,0,0,0,2,0
TF,SK054,39.623619,140.129186,0, ,0.0,0.0,106.0,1.7,2,1452,0,0,0,0,0,0
TF,RW10,39.616939,140.204206,0, ,0.0,0.0,106.0,3.5,1,339,0,0,0,0,3,1
DF,SK055,39.611172,140.268497,0, ,0.0,0.0,0,0,0,0,0,0,0,1
DF,BRIKO,39.553936,139.966997,2, ,0.0,0.0,1,3000,0,0,0,0,0,0
HM,BRIKO,39.553936,139.966997,2, ,0.0,0.0,79.0,04.3,2,3000,0,1,230,0,0,0,0

APPTR,R28-Y,28,CHOKA
IF,CHOKA,39.285975,140.233628, ,0.0,0.0,2,8000,0,0,0,0,1,0
TF,GIBAR,39.484853,140.299242,0, ,0.0,0.0,0.0,0.0,2,3000,0,0,0,0,1,0

FINAL,R28-Y,28,R,5
IF,GIBAR,39.484853,140.299242, ,0.0,0.0,2,3000,0,0,0,0,0,0
TF,AYANE,39.524944,140.312514,0, ,0.0,0.0,23.0,2.5,1,3000,0,0,0,0,2,0
TF,SK850,39.553575,140.322003,0, ,0.0,0.0,23.0,1.8,1,2436,0,0,0,0,0,0
RF,SK851,39.610942,140.271078,1,SKRF2,284.5,2.8,1,932,0,0,0,0,0,0
TF,RW28,39.614350,140.233125,0, ,0.0,0.0,286.0,1.8,1,368,0,0,0,0,3,1
FA,RW28,39.614350,140.233125,0,UWE,0.0,0.0,286.0,2,800,0,0,0,0,0,0
DF,CHOKA,39.285975,140.233628,1, ,0.0,0.0,1,8000,0,0,0,0,0,0
HM,CHOKA,39.285975,140.233628,2, ,0.0,0.0,3.0,04.3,2,8000,0,1,230,0,0,0,0

APPTR,R28-Z,28,BIJIN
IF,BIJIN,39.514608,140.407097, ,0.0,0.0,2,4200,0,1,210,0,1,0
TF,KENDI,39.597467,140.419722,0, ,0.0,0.0,0.0,0.0,2,2500,0,1,200,0,1,0

APPTR,R28-Z,28,GAKKO
IF,GAKKO,39.727483,140.403278, ,0.0,0.0,2,5000,0,1,210,0,1,0
TF,KUREE,39.647181,140.427314,0, ,0.0,0.0,0.0,0.0,2,3200,0,0,0,0,0,0
TF,KENDI,39.597467,140.419722,0, ,0.0,0.0,0.0,0.0,2,2500,0,1,200,0,1,0

FINAL,R28-Z,28,R,4
IF,KENDI,39.597467,140.419722, ,0.0,0.0,2,2500,0,1,200,0,0,0
TF,SK852,39.602592,140.363453,0, ,0.0,0.0,286.0,2.6,2,1800,0,0,0,0,0,0
TF,LEBAP,39.606281,140.322744,0, ,0.0,0.0,286.0,1.9,2,1700,0,0,0,0,2,0
TF,RW28,39.614350,140.233125,0, ,0.0,0.0,286.0,4.2,1,368,0,0,0,0,3,1
DF,SK853,39.627636,140.083822,0, ,0.0,0.0,0,0,0,0,0,0,0,1
DF,UWE,39.617128,140.186936,2, ,0.0,0.0,1,4000,0,0,0,0,0,0
HM,UWE,39.617128,140.186936,2, ,0.0,0.0,122.0,04.3,2,4000,0,1,230,0,0,0,0

