SID,ENKAI3,10,2
CA,0,103.0,2,620,0,0,0,0,0,0
CF,ENKAI,40.683253,141.598572,0,MIS,105.0,10.0,105.0,9.8,2,3500,0,0,0,0,0,0

SID,KOSUI3,28,2
CA,0,283.0,2,620,0,0,0,0,0,0
CF,KOSUI,40.715211,141.162483,0,MIS,282.0,10.0,282.0,8.6,2,3600,0,0,0,0,0,0

SID,REIWA2,10,1
CA,0,103.0,2,620,0,0,0,0,0,0
CF,HESEI,40.682908,141.509703,0,MIS,110.0,6.0,109.0,5.8,0,0,0,0,0,0,0,0
VI,2, ,0.0,212.0,0,0,0,0,0,0,0,0
CF,TASHO,40.482800,141.480031,0,MIS,169.1,14.0,169.0,5.0,3,4000,0,0,0,0,0,0
CF,REIWA,40.184803,141.612311,0,MIS,169.1,32.9,169.0,18.9,2,10000,0,0,0,0,0,0

SID,REIWA2,28,1
CF,SHOWA,40.711156,141.228028,0,MIS,281.7,7.0,282.0,5.6,0,0,0,0,0,0,0,0
VI,1, ,0.0,132.0,0,0,0,0,0,0,0,0
CF,TAIKA,40.419647,141.508169,0,MIS,169.1,18.0,169.0,8.0,2,5200,0,0,0,0,0,0
CF,REIWA,40.184803,141.612311,0,MIS,169.1,32.9,169.0,14.9,2,10000,0,0,0,0,0,0

APPTR,I10-Y,10,WEASL
IF,WEASL,40.721267,141.086142, ,0.0,0.0,2,7000,0,0,0,0,1,0
CF,NADDY,40.715658,141.182303,0,IMAS,283.1,9.5,103.0,4.4,2,2600,0,0,0,0,1,0

FINAL,I10-Y,10,I,3
IF,NADDY,40.715658,141.182303,IMAS,283.1,9.5,2,2600,0,0,0,0,0,0
CF,HOSHI,40.710575,141.258831,0,IMAS,283.1,6.0,103.0,3.5,1,1500,0,0,0,0,2,0
CF,RW10,40.704436,141.350406,0,IMAS,283.1,1.8,103.0,4.2,1,165,0,0,0,0,3,0
CA,0,103.0,2,620,0,0,0,0,0,0
CF,STICK,40.670889,141.684797,0,MIS,106.0,14.0,106.0,14.9,2,4000,0,0,0,0,0,0
HM,STICK,40.670889,141.684797,2, ,0.0,0.0,286.0,08,3,6000,0,0,0,0,0,0,0

APPTR,I10-Z,10,SHOJU
IF,SHOJU,40.377478,141.290447, ,0.0,0.0,2,7000,0,0,0,0,1,0
CF,CHELL,40.459064,141.313036,0,MIS,200.0,15.0,20.0,5.0,2,7000,0,0,0,0,0,0
AF,UBESE,40.724103,141.053450,2,MIS,282.8,15.0,200.0,0,0,0,0,0,0,0,0
CF,LIFTY,40.721275,141.097136,0,MIS,282.7,13.0,103.0,2.0,2,4700,0,0,0,0,0,0
CF,KASHH,40.718394,141.140811,0,IMAS,283.1,11.4,103.0,2.0,2,3200,0,0,0,0,1,0

FINAL,I10-Z,10,I,3
IF,KASHH,40.718394,141.140811,IMAS,283.1,11.4,2,3200,0,0,0,0,0,0
CF,KLYBR,40.709658,141.272542,0,IMAS,283.1,5.4,103.0,6.0,1,1300,0,0,0,0,2,0
CF,RW10,40.704436,141.350406,0,IMAS,283.1,1.8,103.0,3.6,1,165,0,0,0,0,3,0
CA,0,103.0,2,620,0,0,0,0,0,0
CF,STICK,40.670889,141.684797,0,MIS,106.0,14.0,106.0,15.9,2,4000,0,0,0,0,0,0
HM,STICK,40.670889,141.684797,2, ,0.0,0.0,286.0,08,3,6000,0,0,0,0,0,0,0

APPTR,I28-Y,28,SHOJU
IF,SHOJU,40.377478,141.290447, ,0.0,0.0,2,7000,0,0,0,0,1,0
CF,CHELL,40.459064,141.313036,0,MIS,200.0,15.0,20.0,5.0,2,7000,0,0,0,0,0,0
AF,BITPY,40.552933,141.643064,1,MIS,135.0,15.0,200.0,2,7000,0,0,0,0,0,0
AF,D112O,40.642822,141.699794,1,MIS,112.0,15.0,135.0,2,4000,0,0,0,0,0,0
VI,0,IMIS,0.0,313.0,0,0,0,0,0,0,0,0

FINAL,I28-Y,28,I,3
IF,DEVLS,40.679508,141.708236,IMIS,103.1,16.6,2,4000,0,0,0,0,0,0
CF,GABII,40.691464,141.538625,0,IMIS,103.1,8.8,283.0,7.8,1,2000,0,0,0,0,2,0
CF,RW28,40.701994,141.386325,0,IMIS,103.1,1.8,283.0,7.0,1,148,0,0,0,0,3,0
CA,0,283.0,2,620,0,0,0,0,0,0
CF,KISSA,40.708306,141.205911,0,MIS,280.0,8.0,280.0,7.9,0,0,0,0,0,0,0,0
VI,1, ,0.0,150.0,0,0,0,0,0,0,0,0
CF,SHOJU,40.377478,141.290447,0,MIS,200.0,20.0,200.0,8.0,1,7000,0,0,0,0,0,0
HM,SHOJU,40.377478,141.290447,2, ,0.0,0.0,20.0,08,0,0,0,1,265,0,0,0,0

APPTR,I28-Z,28,GABII
IF,GABII,40.691464,141.538625, ,0.0,0.0,2,4000,0,0,0,0,1,0
PI,GABII,40.691464,141.538625,2,MIS,58.0,15.0,103,5.0,2,4000,0,0,0,0,0,0

FINAL,I28-Z,28,I,3
IF,DEVLS,40.679508,141.708236,IMIS,103.1,16.6,2,4000,0,0,0,0,0,0
CF,GABII,40.691464,141.538625,0,IMIS,103.1,8.8,283.0,7.8,1,2000,0,0,0,0,2,0
CF,RW28,40.701994,141.386325,0,IMIS,103.1,1.8,283.0,7.0,1,148,0,0,0,0,3,0
CA,0,283.0,2,620,0,0,0,0,0,0
CF,KISSA,40.708306,141.205911,0,MIS,280.0,8.0,280.0,7.9,0,0,0,0,0,0,0,0
VI,1, ,0.0,150.0,0,0,0,0,0,0,0,0
CF,SHOJU,40.377478,141.290447,0,MIS,200.0,20.0,200.0,8.0,1,7000,0,0,0,0,0,0
HM,SHOJU,40.377478,141.290447,2, ,0.0,0.0,20.0,08,0,0,0,1,265,0,0,0,0

APPTR,R10,10,BAXIL
IF,BAXIL,40.885003,141.153639, ,0.0,0.0,2,4000,0,0,0,0,1,0
TF,DUKER,40.718856,141.134683,0, ,0.0,0.0,0.0,0.0,2,2300,0,0,0,0,1,0

APPTR,R10,10,ELKID
IF,ELKID,40.552697,141.115817, ,0.0,0.0,2,4000,0,0,0,0,1,0
TF,DUKER,40.718856,141.134683,0, ,0.0,0.0,0.0,0.0,2,2300,0,0,0,0,1,0

FINAL,R10,10,R,3
IF,DUKER,40.718856,141.134683, ,0.0,0.0,2,2300,0,0,0,0,0,0
TF,MESAL,40.710147,141.265692,0, ,0.0,0.0,103.0,6.0,2,1400,0,0,0,0,2,0
TF,RW10,40.704436,141.350406,0, ,0.0,0.0,103.0,3.9,1,165,0,0,0,0,3,1
CA,0,103.0,2,1000,0,0,0,0,0,0
DF,STICK,40.670889,141.684797,0, ,0.0,0.0,2,4000,0,0,0,0,0,1
HM,STICK,40.670889,141.684797,2, ,0.0,0.0,286.0,07,3,6000,0,0,0,0,0,0,0

APPTR,R28,28,DEVLS
HF,DEVLS,40.679508,141.708236,2, ,0.0,0.0,283.0,05,2,4000,0,1,265,0,1,0,0

FINAL,R28,28,R,3
IF,DEVLS,40.679508,141.708236, ,0.0,0.0,2,4000,0,0,0,0,0,0
TF,GABII,40.691464,141.538625,0, ,0.0,0.0,283.0,7.8,2,2000,0,0,0,0,2,0
TF,RW28,40.701994,141.386325,0, ,0.0,0.0,283.0,7.0,1,148,0,0,0,0,3,1
CA,0,283.0,2,2000,0,0,0,0,0,0
DF,SHOJU,40.377478,141.290447,1, ,0.0,0.0,2,7000,0,0,0,0,0,1
HM,SHOJU,40.377478,141.290447,2, ,0.0,0.0,20.0,08,1,7000,0,1,265,0,0,0,0

APPTR,S10-Y,10,SHOJU
IF,SHOJU,40.377478,141.290447, ,0.0,0.0,2,7000,0,0,0,0,1,0
CF,CHELL,40.459064,141.313036,0,MIS,200.0,15.0,20.0,5.0,2,7000,0,0,0,0,0,0
AF,KENII,40.716408,141.052803,2,MIS,281.0,15.0,200.0,2,4700,0,0,0,0,1,0

FINAL,S10-Y,10,D,4
IF,KENII,40.716408,141.052803,MIS,281.0,15.0,2,4700,0,0,0,0,0,0
CF,HAMAV,40.711469,141.184150,0,MIS,281.0,9.0,101.0,6.0,2,2800,0,0,0,0,0,0
CF,HABIX,40.709792,141.227925,0,MIS,281.0,7.0,101.0,2.0,2,2200,0,0,0,0,2,0
CF,FOSEM,40.705433,141.339550,0,MIS,281.0,1.9,101.0,5.1,1,343,0,0,0,0,3,0
CF,STICK,40.670889,141.684797,0,MIS,106.0,14.0,106.0,15.9,2,4000,0,0,0,0,0,0
HM,STICK,40.670889,141.684797,2, ,0.0,0.0,286.0,08,3,6000,0,0,0,0,0,0,0

APPTR,S28-Y,28,SHOJU
IF,SHOJU,40.377478,141.290447, ,0.0,0.0,2,7000,0,0,0,0,1,0
TF,CHELL,40.459064,141.313036,0, ,0.0,0.0,0.0,0.0,2,7000,0,0,0,0,0,0
AF,BITPY,40.552933,141.643064,1,MIS,135.0,15.0,200.0,2,7000,0,0,0,0,0,0
AF,KUJII,40.651325,141.702411,1,MIS,110.0,15.0,135.0,2,4000,0,0,0,0,1,0

FINAL,S28-Y,28,D,3
IF,KUJII,40.651325,141.702411,MIS,110.0,15.0,2,4000,0,0,0,0,0,0
CF,TAZWA,40.682908,141.509703,0,MIS,110.0,6.0,290.0,9.0,2,2000,0,0,0,0,2,0
CF,VASUC,40.700661,141.400422,0,MIS,110.0,0.9,290.0,5.1,1,357,0,0,0,0,3,0
CF,KISSA,40.708306,141.205911,0,MIS,280.0,8.0,280.0,8.9,0,0,0,0,0,0,0,0
VI,1, ,0.0,150.0,0,0,0,0,0,0,0,0
CF,SHOJU,40.377478,141.290447,0,MIS,200.0,20.0,200.0,8.0,1,7000,0,0,0,0,0,0
HM,SHOJU,40.377478,141.290447,2, ,0.0,0.0,20.0,08,0,0,0,1,265,0,0,0,0

APPTR,S28-Z,28,KUJII
HF,KUJII,40.651325,141.702411,2, ,0.0,0.0,290.0,07,2,4000,0,1,265,0,1,0,0

FINAL,S28-Z,28,D,3
IF,KUJII,40.651325,141.702411,MIS,110.0,15.0,2,4000,0,0,0,0,0,0
CF,TAZWA,40.682908,141.509703,0,MIS,110.0,6.0,290.0,9.0,2,2000,0,0,0,0,2,0
CF,VASUC,40.700661,141.400422,0,MIS,110.0,0.9,290.0,5.1,1,357,0,0,0,0,3,0
CF,KISSA,40.708306,141.205911,0,MIS,280.0,8.0,280.0,8.9,1,7000,0,0,0,0,0,0
VI,1, ,0.0,150.0,0,0,0,0,0,0,0,0
CF,SHOJU,40.377478,141.290447,0,MIS,200.0,20.0,200.0,8.0,1,7000,0,0,0,0,0,0
HM,SHOJU,40.377478,141.290447,2, ,0.0,0.0,20.0,08,0,0,0,1,265,0,0,0,0

APPTR,T10-Y,10,SHOJU
IF,SHOJU,40.377478,141.290447, ,0.0,0.0,2,7000,0,0,0,0,1,0
CF,CHELL,40.459064,141.313036,0,MIS,200.0,15.0,20.0,5.0,2,7000,0,0,0,0,0,0
AF,KENII,40.716408,141.052803,2,MIS,281.0,15.0,200.0,2,4700,0,0,0,0,1,0

FINAL,T10-Y,10,D,4
IF,KENII,40.716408,141.052803,MIS,281.0,15.0,2,4700,0,0,0,0,0,0
CF,HAMAV,40.711469,141.184150,0,MIS,281.0,9.0,101.0,6.0,2,2800,0,0,0,0,0,0
CF,HABIX,40.709792,141.227925,0,MIS,281.0,7.0,101.0,2.0,2,2200,0,0,0,0,2,0
CF,FOSEM,40.705433,141.339550,0,MIS,281.0,1.9,101.0,5.1,1,343,0,0,0,0,3,0
CF,STICK,40.670889,141.684797,0,MIS,106.0,14.0,106.0,15.9,2,4000,0,0,0,0,0,0
HM,STICK,40.670889,141.684797,2, ,0.0,0.0,286.0,08,3,6000,0,0,0,0,0,0,0

APPTR,T10-Z,10,JEDDY
IF,JEDDY,40.900731,141.178153, ,0.0,0.0,2,7000,0,0,0,0,1,0
AF,KENII,40.716408,141.052803,1,MIS,281.0,15.0,330.0,2,4700,0,0,0,0,1,0

FINAL,T10-Z,10,D,4
IF,KENII,40.716408,141.052803,MIS,281.0,15.0,2,4700,0,0,0,0,0,0
CF,HAMAV,40.711469,141.184150,0,MIS,281.0,9.0,101.0,6.0,2,2800,0,0,0,0,0,0
CF,HABIX,40.709792,141.227925,0,MIS,281.0,7.0,101.0,2.0,2,2200,0,0,0,0,2,0
CF,FOSEM,40.705433,141.339550,0,MIS,281.0,1.9,101.0,5.1,1,343,0,0,0,0,3,0
CF,STICK,40.670889,141.684797,0,MIS,106.0,14.0,106.0,15.9,2,4000,0,0,0,0,0,0
HM,STICK,40.670889,141.684797,2, ,0.0,0.0,286.0,08,3,6000,0,0,0,0,0,0,0

APPTR,T28-Y,28,SHOJU
IF,SHOJU,40.377478,141.290447, ,0.0,0.0,2,7000,0,0,0,0,1,0
TF,CHELL,40.459064,141.313036,0, ,0.0,0.0,0.0,0.0,2,7000,0,0,0,0,0,0
AF,BITPY,40.552933,141.643064,1,MIS,135.0,15.0,200.0,2,7000,0,0,0,0,0,0
AF,KUJII,40.651325,141.702411,1,MIS,110.0,15.0,135.0,2,4000,0,0,0,0,1,0

FINAL,T28-Y,28,D,3
IF,KUJII,40.651325,141.702411,MIS,110.0,15.0,2,4000,0,0,0,0,0,0
CF,TAZWA,40.682908,141.509703,0,MIS,110.0,6.0,290.0,9.0,2,2000,0,0,0,0,2,0
CF,VASUC,40.700661,141.400422,0,MIS,110.0,0.9,290.0,5.1,1,357,0,0,0,0,3,0
CF,KISSA,40.708306,141.205911,0,MIS,280.0,8.0,280.0,8.9,1,7000,0,0,0,0,0,0
VI,1, ,0.0,150.0,0,0,0,0,0,0,0,0
CF,SHOJU,40.377478,141.290447,0,MIS,200.0,20.0,200.0,8.0,1,7000,0,0,0,0,0,0
HM,SHOJU,40.377478,141.290447,2, ,0.0,0.0,20.0,08,0,0,0,1,265,0,0,0,0

APPTR,T28-Z,28,KUJII
HF,KUJII,40.651325,141.702411,2, ,0.0,0.0,290.0,07,2,4000,0,1,265,0,1,0,0

FINAL,T28-Z,28,D,3
IF,KUJII,40.651325,141.702411,MIS,110.0,15.0,2,4000,0,0,0,0,0,0
CF,TAZWA,40.682908,141.509703,0,MIS,110.0,6.0,290.0,9.0,2,2000,0,0,0,0,2,0
CF,VASUC,40.700661,141.400422,0,MIS,110.0,0.9,290.0,5.1,1,357,0,0,0,0,3,0
CF,KISSA,40.708306,141.205911,0,MIS,280.0,8.0,280.0,8.9,1,7000,0,0,0,0,0,0
VI,1, ,0.0,150.0,0,0,0,0,0,0,0,0
CF,SHOJU,40.377478,141.290447,0,MIS,200.0,20.0,200.0,8.0,1,7000,0,0,0,0,0,0
HM,SHOJU,40.377478,141.290447,2, ,0.0,0.0,20.0,08,0,0,0,1,265,0,0,0,0

