SID,KWA5,04L,1
VA,0,38.0,2,550,0,0,0,0,0,0
VM,0,0,0,38.0,1,8000,0,0,0,0,0,0

SID,KWA5,04R,1
VA,0,38.0,2,550,0,0,0,0,0,0
VM,0,0,0,38.0,1,8000,0,0,0,0,0,0

SID,KWA5,22L,1
VA,0,218.0,2,550,0,0,0,0,0,0
VM,0,0,0,218.0,1,8000,0,0,0,0,0,0

SID,KWA5,22R,1
VA,0,218.0,2,550,0,0,0,0,0,0
VM,0,0,0,218.0,1,8000,0,0,0,0,0,0

SID,LILVI1,04L,4
CF,LILVI,35.218778,126.875028,0,KWA,37.1,6.4,39.0,5.7,0,0,0,1,210,0,0,0

SID,LILVI1,04R,4
CF,LILVI,35.218778,126.875028,0,KWA,37.1,6.4,38.0,5.7,0,0,0,1,210,0,0,0

SID,LILVI1,DOTOL,6
IF,LILVI,35.218778,126.875028, ,0.0,0.0,0,0,0,1,210,0,0,0
TF,JJ401,35.222528,126.976639,0, ,0.0,0.0,0.0,0.0,0,0,0,1,210,0,0,0
TF,JISUN,35.127556,127.015389,0, ,0.0,0.0,0.0,0.0,2,7000,0,1,210,0,0,0
TF,JJ403,34.824028,126.669833,0, ,0.0,0.0,0.0,0.0,2,7000,0,0,0,0,0,0
TF,DOTOL,34.254278,126.610167,0, ,0.0,0.0,0.0,0.0,2,7000,0,0,0,0,0,0

SID,LILVI1,IGDOK,6
IF,LILVI,35.218778,126.875028, ,0.0,0.0,0,0,0,1,210,0,0,0
TF,JJ401,35.222528,126.976639,0, ,0.0,0.0,0.0,0.0,0,0,0,1,210,0,0,0
TF,PUMEG,35.225722,127.065139,0, ,0.0,0.0,0.0,0.0,2,7000,0,0,0,0,0,0
TF,GUMAM,35.366417,127.426028,0, ,0.0,0.0,0.0,0.0,2,7000,0,0,0,0,0,0
TF,IGDOK,35.517667,127.818500,0, ,0.0,0.0,0.0,0.0,2,7000,0,0,0,0,0,0

SID,LILVI1,MAKSA,6
IF,LILVI,35.218778,126.875028, ,0.0,0.0,0,0,0,1,210,0,0,0
TF,MAKSA,35.503139,126.906111,0, ,0.0,0.0,0.0,0.0,0,0,0,0,0,0,0,0

SID,LILVI1,TEDAN,6
IF,LILVI,35.218778,126.875028, ,0.0,0.0,0,0,0,1,210,0,0,0
TF,JJ401,35.222528,126.976639,0, ,0.0,0.0,0.0,0.0,0,0,0,1,210,0,0,0
TF,JJ402,35.178778,127.086917,0, ,0.0,0.0,0.0,0.0,2,7000,0,0,0,0,0,0
TF,IGBEM,35.128611,127.212861,0, ,0.0,0.0,0.0,0.0,2,7000,0,0,0,0,0,0
TF,TEDAN,35.128833,127.314472,0, ,0.0,0.0,0.0,0.0,2,7000,0,0,0,0,0,0

SID,MARYO1,22L,4
CF,MARYO,35.035167,126.746389,0,KWA,218.8,6.3,218.0,5.5,0,0,0,1,210,0,0,0

SID,MARYO1,22R,4
CF,MARYO,35.035167,126.746389,0,KWA,218.8,6.3,217.0,5.5,0,0,0,1,210,0,0,0

SID,MARYO1,DOTOL,6
IF,MARYO,35.035167,126.746389, ,0.0,0.0,0,0,0,1,210,0,0,0
TF,JJ224,34.938583,126.681917,0, ,0.0,0.0,0.0,0.0,0,0,0,0,0,0,0,0
TF,DOTOL,34.254278,126.610167,0, ,0.0,0.0,0.0,0.0,0,0,0,0,0,0,0,0

SID,MARYO1,IGDOK,6
IF,MARYO,35.035167,126.746389, ,0.0,0.0,0,0,0,1,210,0,0,0
TF,JJ221,34.985222,126.851889,0, ,0.0,0.0,0.0,0.0,0,0,0,1,210,0,0,0
TF,JISUN,35.127556,127.015389,0, ,0.0,0.0,0.0,0.0,2,8000,0,1,250,0,0,0
TF,JJ223,35.214889,127.037528,0, ,0.0,0.0,0.0,0.0,2,9000,0,0,0,0,0,0
TF,GUMAM,35.366417,127.426028,0, ,0.0,0.0,0.0,0.0,2,9000,0,0,0,0,0,0
TF,IGDOK,35.517667,127.818500,0, ,0.0,0.0,0.0,0.0,2,9000,0,0,0,0,0,0

SID,MARYO1,MAKSA,6
IF,MARYO,35.035167,126.746389, ,0.0,0.0,0,0,0,1,210,0,0,0
TF,JJ221,34.985222,126.851889,0, ,0.0,0.0,0.0,0.0,0,0,0,1,210,0,0,0
TF,JISUN,35.127556,127.015389,0, ,0.0,0.0,0.0,0.0,2,8000,0,1,250,0,0,0
TF,JJ222,35.267944,126.880389,0, ,0.0,0.0,0.0,0.0,2,8000,0,0,0,0,0,0
TF,MAKSA,35.503139,126.906111,0, ,0.0,0.0,0.0,0.0,2,8000,0,0,0,0,0,0

SID,MARYO1,TEDAN,6
IF,MARYO,35.035167,126.746389, ,0.0,0.0,0,0,0,1,210,0,0,0
TF,JJ221,34.985222,126.851889,0, ,0.0,0.0,0.0,0.0,0,0,0,1,210,0,0,0
TF,JISUN,35.127556,127.015389,0, ,0.0,0.0,0.0,0.0,2,8000,0,1,250,0,0,0
TF,TEDAN,35.128833,127.314472,0, ,0.0,0.0,0.0,0.0,2,8000,0,0,0,0,0,0

STAR,ARIMU1,IGDOK,4
IF,IGDOK,35.517667,127.818500, ,0.0,0.0,0,0,0,0,0,0,0,0
TF,JJ502,35.366667,127.426583,0, ,0.0,0.0,0.0,0.0,2,10000,0,0,0,0,0,0
TF,JJ503,35.275278,127.191611,0, ,0.0,0.0,0.0,0.0,2,6000,0,0,0,0,0,0
TF,JJ504,35.000111,127.081528,0, ,0.0,0.0,0.0,0.0,2,5000,0,0,0,0,0,0
TF,ARIMU,34.834444,126.783972,0, ,0.0,0.0,0.0,0.0,2,5000,0,0,0,0,0,0

STAR,ARIMU1,KAMIT,4
IF,KAMIT,34.253917,126.771583, ,0.0,0.0,0,0,0,0,0,0,0,0
TF,ARIMU,34.834444,126.783972,0, ,0.0,0.0,0.0,0.0,2,5000,0,0,0,0,0,0

STAR,ARIMU1,TEDAN,4
IF,TEDAN,35.128833,127.314472, ,0.0,0.0,0,0,0,0,0,0,0,0
TF,JJ504,35.000111,127.081528,0, ,0.0,0.0,0.0,0.0,2,5000,0,0,0,0,0,0
TF,ARIMU,34.834444,126.783972,0, ,0.0,0.0,0.0,0.0,2,5000,0,0,0,0,0,0

STAR,ARIMU1,04L,5
IF,ARIMU,34.834444,126.783972, ,0.0,0.0,2,5000,0,0,0,0,0,0

STAR,ARIMU1,04R,5
IF,ARIMU,34.834444,126.783972, ,0.0,0.0,2,5000,0,0,0,0,0,0

STAR,ORUSA1,IGDOK,4
IF,IGDOK,35.517667,127.818500, ,0.0,0.0,0,0,0,0,0,0,0,0
TF,JJ321,35.340972,127.360361,0, ,0.0,0.0,0.0,0.0,2,9000,0,0,0,0,0,0
TF,ORUSA,35.290278,127.104028,0, ,0.0,0.0,0.0,0.0,2,6000,0,0,0,0,0,0

STAR,ORUSA1,KAMIT,4
IF,KAMIT,34.253917,126.771583, ,0.0,0.0,0,0,0,0,0,0,0,0
TF,JJ322,34.625444,126.811167,0, ,0.0,0.0,0.0,0.0,2,7000,0,0,0,0,0,0
TF,JJ323,35.000083,127.011583,0, ,0.0,0.0,0.0,0.0,2,7000,0,0,0,0,0,0
TF,ORUSA,35.290278,127.104028,0, ,0.0,0.0,0.0,0.0,2,6000,0,0,0,0,0,0

STAR,ORUSA1,TEDAN,4
IF,TEDAN,35.128833,127.314472, ,0.0,0.0,0,0,0,0,0,0,0,0
TF,ORUSA,35.290278,127.104028,0, ,0.0,0.0,0.0,0.0,2,6000,0,0,0,0,0,0

STAR,ORUSA1,22L,5
IF,ORUSA,35.290278,127.104028, ,0.0,0.0,2,6000,0,0,0,0,0,0

STAR,ORUSA1,22R,5
IF,ORUSA,35.290278,127.104028, ,0.0,0.0,2,6000,0,0,0,0,0,0

STAR,XEMIX1,MANGI,4
IF,MANGI,35.503139,126.742139, ,0.0,0.0,0,0,0,0,0,0,0,0
TF,JJ501,35.248333,126.714889,0, ,0.0,0.0,0.0,0.0,2,11000,0,0,0,0,0,0
TF,XEMIX,34.961500,126.514944,0, ,0.0,0.0,0.0,0.0,2,5000,0,0,0,0,0,0

STAR,XEMIX1,04L,5
IF,XEMIX,34.961500,126.514944, ,0.0,0.0,2,5000,0,0,0,0,0,0

STAR,XEMIX1,04R,5
IF,XEMIX,34.961500,126.514944, ,0.0,0.0,2,5000,0,0,0,0,0,0

APPTR,D04L,04L,KOTTY
IF,KOTTY,35.057500,126.561667, ,0.0,0.0,2,4000,0,0,0,0,1,0
AF,CF04L,34.950494,126.657292,1,KWA,224.0,13.0,260.0,2,3000,0,0,0,0,1,0

FINAL,D04L,04L,D,3
IF,CF04L,34.950494,126.657292,KWA,224.0,13.0,2,3000,0,0,0,0,0,0
CF,FF04L,35.031600,126.728717,0,KWA,224.0,7.0,44.0,6.0,2,2000,0,0,0,0,2,0
CF,MA04L,35.103206,126.791922,0,KWA,224.0,1.7,44.0,5.3,1,360,0,0,0,0,3,0
CF,KWA,35.126167,126.812222,0,KWA,0.0,0.0,44.0,1.7,0,0,0,0,0,0,0,0
VD, ,0,0,0,KWA,0.0,0.0,44.0,1.5,0,0,0,0,0,0,0,0
CF,JADOO,35.417389,127.231694,0,KWA,57.6,27.0,58.0,25.5,2,7000,0,0,0,0,0,0
HM,JADOO,35.417389,127.231694,1, ,0.0,0.0,238.0,05,2,7000,0,1,230,0,0,0,0

APPTR,D04R,04R,KOTTY
IF,KOTTY,35.057500,126.561667, ,0.0,0.0,2,4000,0,0,0,0,1,0
AF,CF04R,34.944072,126.668675,1,KWA,221.0,13.0,260.0,2,3000,0,0,0,0,1,0

FINAL,D04R,04R,D,3
IF,CF04R,34.944072,126.668675,KWA,221.0,13.0,2,3000,0,0,0,0,0,0
CF,FF04R,35.028139,126.734847,0,KWA,221.0,7.0,41.0,6.0,2,2000,0,0,0,0,2,0
CF,MA04R,35.102364,126.793414,0,KWA,221.0,1.7,41.0,5.3,1,359,0,0,0,0,3,0
CF,KWA,35.126167,126.812222,0,KWA,0.0,0.0,41.0,1.7,0,0,0,0,0,0,0,0
VD, ,0,0,0,KWA,0.0,0.0,41.0,1.5,0,0,0,0,0,0,0,0
CF,JADOO,35.417389,127.231694,0,KWA,57.6,27.0,58.0,25.5,2,7000,0,0,0,0,0,0
HM,JADOO,35.417389,127.231694,1, ,0.0,0.0,238.0,05,2,7000,0,1,230,0,0,0,0

APPTR,D22L,22L,JADOO
IF,JADOO,35.417389,127.231694, ,0.0,0.0,2,7000,0,0,0,0,1,0
CF,D058Q,35.305361,127.080333,0,KWA,58.8,17.0,238.0,10.0,2,5000,0,0,0,0,0,0
AF,CF22L,35.381133,126.964117,1,KWA,34.0,17.0,58.0,2,4300,0,0,0,0,1,0

FINAL,D22L,22L,D,6
IF,CF22L,35.381133,126.964117,KWA,34.0,17.0,2,4300,0,0,0,0,0,0
CF,VOR11,35.291167,126.910397,0,KWA,34.0,11.0,214.0,6.0,2,3300,0,0,0,0,0,0
CF,90VOR,35.261172,126.892519,0,KWA,34.0,9.0,214.0,2.0,2,2900,0,0,0,0,0,0
CF,FF22L,35.231175,126.874653,0,KWA,34.0,7.0,214.0,2.0,2,2300,0,0,0,0,2,0
CF,40VOR,35.186175,126.847875,0,KWA,34.0,4.0,214.0,3.0,2,1240,0,0,0,0,0,0
CF,MA22L,35.148669,126.825586,0,KWA,34.0,1.5,214.0,2.5,1,379,0,0,0,0,3,0
VA,0,210.0,2,4000,0,0,0,0,0,0
DF,KOTTY,35.057500,126.561667,2, ,0.0,0.0,2,4000,0,0,0,0,0,0
HM,KOTTY,35.057500,126.561667,1, ,0.0,0.0,80.0,05,2,4000,0,1,230,0,0,0,0

APPTR,D22R,22R,JADOO
IF,JADOO,35.417389,127.231694, ,0.0,0.0,2,7000,0,0,0,0,1,0
CF,D058Q,35.305361,127.080333,0,KWA,58.8,17.0,238.0,10.0,2,5000,0,0,0,0,0,0
AF,CF22R,35.387314,126.947619,1,KWA,31.0,17.0,58.0,2,4300,0,0,0,0,1,0

FINAL,D22R,22R,D,6
IF,CF22R,35.387314,126.947619,KWA,31.0,17.0,2,4300,0,0,0,0,0,0
CF,VO211,35.295161,126.899733,0,KWA,31.0,11.0,211.0,6.0,2,3300,0,0,0,0,0,0
CF,90VO2,35.264439,126.883794,0,KWA,31.0,9.0,211.0,2.0,2,2900,0,0,0,0,0,0
CF,FF22R,35.233717,126.867869,0,KWA,31.0,7.0,211.0,2.0,2,2300,0,0,0,0,2,0
CF,40VO2,35.187628,126.844003,0,KWA,31.0,4.0,211.0,3.0,2,1240,0,0,0,0,0,0
CF,MA22R,35.149214,126.824133,0,KWA,31.0,1.5,211.0,2.5,1,379,0,0,0,0,3,0
VA,0,210.0,2,4000,0,0,0,0,0,0
DF,KOTTY,35.057500,126.561667,2, ,0.0,0.0,2,4000,0,0,0,0,0,0
HM,KOTTY,35.057500,126.561667,1, ,0.0,0.0,80.0,05,2,4000,0,1,230,0,0,0,0

APPTR,I04R,04R,KOTTY
IF,KOTTY,35.057500,126.561667, ,0.0,0.0,2,4000,0,0,0,0,1,0
AF,D227M,34.957397,126.646331,1,KWA,227.0,13.0,260.0,2,3000,0,0,0,0,0,0
VI,0,IMDG,0.0,68.0,0,0,0,0,0,0,0,0

FINAL,I04R,04R,I,3
IF,CI04R,34.939028,126.679217,IMDG,218.0,13.8,2,3000,0,0,0,0,0,0
CF,FI04R,35.028767,126.741875,0,IMDG,218.0,7.6,38.0,6.2,1,2000,0,0,0,0,2,0
CF,RW04R,35.114744,126.802058,0,IMDG,218.0,1.7,38.0,5.9,1,94,0,0,0,0,3,0
VD, ,0,0,0,KWA,0.0,0.0,38.0,1.5,0,0,0,0,0,0,0,0
CF,JADOO,35.417389,127.231694,0,KWA,57.6,27.0,58.0,25.5,2,7000,0,0,0,0,0,0
HM,JADOO,35.417389,127.231694,1, ,0.0,0.0,238.0,05,2,7000,0,1,230,0,0,0,0

APPTR,L04R,04R,KOTTY
IF,KOTTY,35.057500,126.561667, ,0.0,0.0,2,4000,0,0,0,0,1,0
AF,D227M,34.957397,126.646331,1,KWA,227.0,13.0,260.0,2,3000,0,0,0,0,0,0
VI,0,IMDG,0.0,68.0,0,0,0,0,0,0,0,0

FINAL,L04R,04R,D,3
IF,CI04R,34.939028,126.679217,IMDG,218.0,13.8,2,3000,0,0,0,0,0,0
CF,FI04R,35.028767,126.741875,0,IMDG,218.0,7.6,38.0,6.2,2,2000,0,0,0,0,2,0
CF,MI04R,35.108347,126.797575,0,IMDG,218.0,2.1,38.0,5.5,1,235,0,0,0,0,3,0
VD, ,0,0,0,KWA,0.0,0.0,38.0,1.5,0,0,0,0,0,0,0,0
CF,JADOO,35.417389,127.231694,0,KWA,57.6,27.0,58.0,25.5,2,7000,0,0,0,0,0,0
HM,JADOO,35.417389,127.231694,1, ,0.0,0.0,238.0,05,2,7000,0,1,230,0,0,0,0

APPTR,L22L,22L,JADOO
IF,JADOO,35.417389,127.231694, ,0.0,0.0,2,7000,0,0,0,0,1,0
CF,D058Q,35.305361,127.080333,0,KWA,58.8,17.0,238.0,10.0,2,5000,0,0,0,0,0,0
AF,ELPEX,35.375000,126.978333,1,KWA,36.7,17.0,58.0,2,5000,0,0,0,0,0,0
CF,CL22L,35.358192,126.973039,0,IMDH,37.9,17.0,218.0,1.0,2,5000,0,0,0,0,1,0

FINAL,L22L,22L,D,7
IF,CL22L,35.358192,126.973039,IMDH,37.9,17.0,2,5000,0,0,0,0,0,0
CF,LOC14,35.314750,126.942556,0,IMDH,37.9,14.0,218.0,3.0,2,4100,0,0,0,0,0,0
CF,LOC12,35.285861,126.922194,0,IMDH,37.9,12.0,218.0,2.0,2,3500,0,0,0,0,0,0
CF,LOC10,35.256944,126.901861,0,IMDH,37.9,10.0,218.0,2.0,2,2900,0,0,0,0,0,0
CF,FL22L,35.223611,126.878333,0,IMDH,37.9,7.7,218.0,2.3,2,2200,0,0,0,0,2,0
CF,45LOC,35.177389,126.846000,0,IMDH,37.9,4.5,218.0,3.2,2,1080,0,0,0,0,0,0
CF,ML22L,35.148472,126.825694,0,IMDH,37.9,2.5,218.0,2.0,1,378,0,0,0,0,3,0
VA,0,218.0,2,1000,0,0,0,0,0,0
VA,0,210.0,2,4000,0,0,0,0,0,0
DF,KOTTY,35.057500,126.561667,2, ,0.0,0.0,2,4000,0,0,0,0,0,0
HM,KOTTY,35.057500,126.561667,1, ,0.0,0.0,80.0,05,2,4000,0,1,230,0,0,0,0

APPTR,R04L,04L,ARIMU
IF,ARIMU,34.834444,126.783972, ,0.0,0.0,2,5000,0,1,230,0,1,0
TF,OPASI,34.898472,126.648639,0, ,0.0,0.0,0.0,0.0,2,4000,0,1,230,0,1,0

APPTR,R04L,04L,XEMIX
IF,XEMIX,34.961500,126.514944, ,0.0,0.0,2,5000,0,1,230,0,1,0
TF,OPASI,34.898472,126.648639,0, ,0.0,0.0,0.0,0.0,2,4000,0,1,230,0,1,0

FINAL,R04L,04L,R,4
IF,OPASI,34.898472,126.648639, ,0.0,0.0,2,4000,0,1,230,0,0,0
TF,JJ481,34.944806,126.680917,0, ,0.0,0.0,38.0,3.2,2,3000,0,0,0,0,0,0
TF,PIGEL,35.029111,126.739722,0, ,0.0,0.0,38.0,5.8,2,2000,0,0,0,0,2,0
TF,RW04L,35.115614,126.800219,0, ,0.0,0.0,38.0,6.0,1,96,0,0,0,0,3,1
DF,JJ482,35.156611,126.828944,0, ,0.0,0.0,0,0,0,1,210,0,0,0
TF,JJ483,35.268222,126.984250,0, ,0.0,0.0,0.0,0.0,0,0,0,0,0,0,0,0
TF,JADOO,35.417389,127.231694,0, ,0.0,0.0,0.0,0.0,2,7000,0,1,230,0,0,0
HM,JADOO,35.417389,127.231694,1, ,0.0,0.0,238.0,05,2,7000,0,1,230,0,0,0,0

APPTR,R04R,04R,ARIMU
IF,ARIMU,34.834444,126.783972, ,0.0,0.0,2,5000,0,1,230,0,1,0
TF,VADRO,34.897611,126.650472,0, ,0.0,0.0,0.0,0.0,2,4000,0,1,230,0,1,0

APPTR,R04R,04R,XEMIX
IF,XEMIX,34.961500,126.514944, ,0.0,0.0,2,5000,0,1,230,0,1,0
TF,VADRO,34.897611,126.650472,0, ,0.0,0.0,0.0,0.0,2,4000,0,1,230,0,1,0

FINAL,R04R,04R,R,4
IF,VADRO,34.897611,126.650472, ,0.0,0.0,2,4000,0,1,230,0,0,0
TF,JJ581,34.943944,126.682750,0, ,0.0,0.0,38.0,3.2,2,3000,0,0,0,0,0,0
TF,TEPEL,35.028194,126.741528,0, ,0.0,0.0,38.0,5.8,2,2000,0,0,0,0,2,0
TF,RW04R,35.114744,126.802058,0, ,0.0,0.0,38.0,6.0,1,95,0,0,0,0,3,1
DF,JJ582,35.155833,126.830861,0, ,0.0,0.0,0,0,0,1,210,0,0,0
TF,JJ483,35.268222,126.984250,0, ,0.0,0.0,0.0,0.0,0,0,0,0,0,0,0,0
TF,JADOO,35.417389,127.231694,0, ,0.0,0.0,0.0,0.0,2,7000,0,1,230,0,0,0
HM,JADOO,35.417389,127.231694,1, ,0.0,0.0,238.0,05,2,7000,0,1,230,0,0,0,0

APPTR,R22L,22L,MANGI
IF,MANGI,35.503139,126.742139, ,0.0,0.0,0,0,0,0,0,0,0,0
TF,LUVOL,35.479306,126.947417,0, ,0.0,0.0,0.0,0.0,2,6000,0,1,230,0,1,0
TF,OPIBA,35.353806,126.970056,0, ,0.0,0.0,0.0,0.0,2,4100,0,1,230,0,1,0

APPTR,R22L,22L,ORUSA
IF,ORUSA,35.290278,127.104028, ,0.0,0.0,2,6000,0,1,230,0,1,0
TF,OPIBA,35.353806,126.970056,0, ,0.0,0.0,0.0,0.0,2,4100,0,1,230,0,1,0

FINAL,R22L,22L,R,6
IF,OPIBA,35.353806,126.970056, ,0.0,0.0,2,4100,0,1,230,0,0,0
TF,JJ681,35.285861,126.922194,0, ,0.0,0.0,218.0,4.7,2,3500,0,0,0,0,0,0
TF,JJ682,35.256944,126.901833,0, ,0.0,0.0,218.0,2.0,2,2900,0,0,0,0,0,0
TF,GOMUX,35.223694,126.878472,0, ,0.0,0.0,218.0,2.3,2,2200,0,0,0,0,2,0
TF,JJ683,35.177389,126.845972,0, ,0.0,0.0,218.0,3.2,2,1080,0,0,0,0,0,0
TF,RW22L,35.136892,126.817572,0, ,0.0,0.0,218.0,2.8,1,98,0,0,0,0,3,1
VA,0,218.0,2,1000,0,0,0,0,0,0
DF,JJ684,34.954972,126.731472,0, ,0.0,0.0,2,4000,0,0,0,0,0,0
TF,XEMIX,34.961500,126.514944,0, ,0.0,0.0,0.0,0.0,2,5000,0,0,0,0,0,0
HM,XEMIX,34.961500,126.514944,1, ,0.0,0.0,80.0,05,2,5000,0,1,230,0,0,0,0

APPTR,R22R,22R,MANGI
IF,MANGI,35.503139,126.742139, ,0.0,0.0,0,0,0,0,0,0,0,0
TF,LUVOL,35.479306,126.947417,0, ,0.0,0.0,0.0,0.0,2,6000,0,1,230,0,1,0
TF,IPDUT,35.354667,126.968194,0, ,0.0,0.0,0.0,0.0,2,4100,0,1,230,0,1,0

APPTR,R22R,22R,ORUSA
IF,ORUSA,35.290278,127.104028, ,0.0,0.0,2,6000,0,1,230,0,1,0
TF,IPDUT,35.354667,126.968194,0, ,0.0,0.0,0.0,0.0,2,4100,0,1,230,0,1,0

FINAL,R22R,22R,R,6
IF,IPDUT,35.354667,126.968194, ,0.0,0.0,2,4100,0,1,230,0,0,0
TF,JJ781,35.286750,126.920333,0, ,0.0,0.0,218.0,4.7,2,3500,0,0,0,0,0,0
TF,JJ782,35.257806,126.900000,0, ,0.0,0.0,218.0,2.0,2,2900,0,0,0,0,0,0
TF,GUMAK,35.228583,126.879444,0, ,0.0,0.0,218.0,2.0,2,2300,0,0,0,0,2,0
TF,JJ783,35.178278,126.844139,0, ,0.0,0.0,218.0,3.5,2,1080,0,0,0,0,0,0
TF,RW22R,35.137761,126.815733,0, ,0.0,0.0,218.0,2.8,1,100,0,0,0,0,3,1
VA,0,218.0,2,1000,0,0,0,0,0,0
DF,JJ684,34.954972,126.731472,0, ,0.0,0.0,2,4000,0,0,0,0,0,0
TF,XEMIX,34.961500,126.514944,0, ,0.0,0.0,0.0,0.0,2,5000,0,0,0,0,0,0
HM,XEMIX,34.961500,126.514944,1, ,0.0,0.0,80.0,05,2,5000,0,1,230,0,0,0,0

