SID,BIKS2E,15,5
CF,NY050,37.978139,128.754333,0,YAG,148.2,6.7,150.0,5.6,0,0,0,0,0,0,0,0
TF,NY070,37.902528,128.754167,0, ,0.0,0.0,0.0,0.0,3,7000,0,0,0,0,0,0
TF,NY090,37.817556,128.754000,0, ,0.0,0.0,0.0,0.0,0,0,0,0,0,0,0,0
TF,KAE,37.700778,128.753778,0, ,0.0,0.0,0.0,0.0,1,10000,0,0,0,0,0,0
TF,BIKSI,37.675556,128.584444,0, ,0.0,0.0,0.0,0.0,0,0,0,0,0,0,0,0

SID,BIKS2N,33,5
CF,NY000,38.095972,128.633583,0,YAG,335.0,2.4,330.0,1.8,0,0,0,1,240,0,0,1
DF,NY040,38.057500,128.754500,2, ,0.0,0.0,0,0,0,1,240,0,0,0
TF,NY050,37.978139,128.754333,0, ,0.0,0.0,0.0,0.0,2,5000,0,0,0,0,0,0
TF,NY070,37.902528,128.754167,0, ,0.0,0.0,0.0,0.0,0,0,0,0,0,0,0,0
TF,NY090,37.817556,128.754000,0, ,0.0,0.0,0.0,0.0,0,0,0,0,0,0,0,0
TF,KAE,37.700778,128.753778,0, ,0.0,0.0,0.0,0.0,1,10000,0,0,0,0,0,0
TF,BIKSI,37.675556,128.584444,0, ,0.0,0.0,0.0,0.0,0,0,0,0,0,0,0,0

SID,KAE2E,15,5
CF,NY050,37.978139,128.754333,0,YAG,148.2,6.7,150.0,5.6,0,0,0,0,0,0,0,0
TF,NY070,37.902528,128.754167,0, ,0.0,0.0,0.0,0.0,3,7000,0,0,0,0,0,0
TF,NY090,37.817556,128.754000,0, ,0.0,0.0,0.0,0.0,0,0,0,0,0,0,0,0
TF,KAE,37.700778,128.753778,0, ,0.0,0.0,0.0,0.0,1,10000,0,0,0,0,0,0

SID,KAE2N,33,5
CF,NY000,38.095972,128.633583,0,YAG,335.0,2.4,330.0,1.8,0,0,0,1,240,0,0,1
DF,NY040,38.057500,128.754500,2, ,0.0,0.0,0,0,0,1,240,0,0,0
TF,NY050,37.978139,128.754333,0, ,0.0,0.0,0.0,0.0,2,5000,0,0,0,0,0,0
TF,NY070,37.902528,128.754167,0, ,0.0,0.0,0.0,0.0,0,0,0,0,0,0,0,0
TF,NY090,37.817556,128.754000,0, ,0.0,0.0,0.0,0.0,0,0,0,0,0,0,0,0
TF,KAE,37.700778,128.753778,0, ,0.0,0.0,0.0,0.0,1,10000,0,0,0,0,0,0

SID,PILI2E,15,5
CF,NY050,37.978139,128.754333,0,YAG,148.2,6.7,150.0,5.6,0,0,0,0,0,0,0,0
TF,NY070,37.902528,128.754167,0, ,0.0,0.0,0.0,0.0,3,7000,0,0,0,0,0,0
TF,NY090,37.817556,128.754000,0, ,0.0,0.0,0.0,0.0,0,0,0,0,0,0,0,0
TF,KAE,37.700778,128.753778,0, ,0.0,0.0,0.0,0.0,1,10000,0,0,0,0,0,0
TF,PILIT,37.441944,129.291944,0, ,0.0,0.0,0.0,0.0,0,0,0,0,0,0,0,0

SID,PILI2N,33,5
CF,NY000,38.095972,128.633583,0,YAG,335.0,2.4,330.0,1.8,0,0,0,1,240,0,0,1
DF,NY040,38.057500,128.754500,2, ,0.0,0.0,0,0,0,1,240,0,0,0
TF,NY050,37.978139,128.754333,0, ,0.0,0.0,0.0,0.0,2,5000,0,0,0,0,0,0
TF,NY070,37.902528,128.754167,0, ,0.0,0.0,0.0,0.0,0,0,0,0,0,0,0,0
TF,NY090,37.817556,128.754000,0, ,0.0,0.0,0.0,0.0,0,0,0,0,0,0,0,0
TF,KAE,37.700778,128.753778,0, ,0.0,0.0,0.0,0.0,1,10000,0,0,0,0,0,0
TF,PILIT,37.441944,129.291944,0, ,0.0,0.0,0.0,0.0,0,0,0,0,0,0,0,0

SID,YAG2A,33,2
VD, ,0,0,0,YAG,0.0,0.0,330.0,2.0,0,0,0,0,0,0,0,0
DF,D010T,38.034442,128.761139,2, ,0.0,0.0,0,0,0,1,240,0,0,0
TF,D010J,37.867611,128.757450,0, ,0.0,0.0,0.0,0.0,2,9000,0,0,0,0,0,0
TF,KAE,37.700778,128.753778,0, ,0.0,0.0,0.0,0.0,0,0,0,0,0,0,0,0

SID,YAG2S,15,2
CA,0,150.0,2,740,0,0,0,0,0,0
FD,YAG,38.063333,128.661472,0,YAG,0.0,5.0,135.0,5.0,0,0,0,1,220,0,0,0
DF,D013P,37.967097,128.777300,0, ,0.0,0.0,0,0,0,0,0,0,0,0
TF,D013E,37.784003,128.761108,0, ,0.0,0.0,0.0,0.0,2,7500,0,0,0,0,0,0
TF,KAE,37.700778,128.753778,0, ,0.0,0.0,0.0,0.0,0,0,0,0,0,0,0,0

SID,YAG2T,15,2
CA,0,150.0,2,740,0,0,0,0,0,0
FD,YAG,38.063333,128.661472,0,YAG,0.0,3.0,135.0,3.0,0,0,0,1,250,0,0,0
DF,D081B,38.073636,128.701619,1, ,0.0,0.0,0,0,0,0,0,0,0,0
TF,YAG,38.063333,128.661472,0, ,0.0,0.0,0.0,0.0,0,0,0,0,0,0,0,0
TF,D357J,37.864347,128.712247,0, ,0.0,0.0,0.0,0.0,2,9000,0,0,0,0,0,0
TF,KAE,37.700778,128.753778,0, ,0.0,0.0,0.0,0.0,0,0,0,0,0,0,0,0

STAR,BIKS2H,33,5
IF,BIKSI,37.675556,128.584444, ,0.0,0.0,0,0,0,0,0,0,0,0
TF,NY049,37.753111,128.673528,0, ,0.0,0.0,0.0,0.0,0,0,0,0,0,0,0,0
TF,NY042,37.874833,128.673639,0, ,0.0,0.0,0.0,0.0,2,10000,0,0,0,0,0,0
TF,NY031,38.059472,128.673833,0, ,0.0,0.0,0.0,0.0,2,9000,0,0,0,0,0,0
TF,NIMAL,38.072667,128.766611,0, ,0.0,0.0,0.0,0.0,2,7500,0,0,0,0,0,0
TF,DUBUN,38.087361,128.870500,0, ,0.0,0.0,0.0,0.0,2,6000,0,0,0,0,0,0

STAR,KAE2H,33,5
IF,KAE,37.700778,128.753778, ,0.0,0.0,0,0,0,0,0,0,0,0
TF,NY049,37.753111,128.673528,0, ,0.0,0.0,0.0,0.0,0,0,0,0,0,0,0,0
TF,NY042,37.874833,128.673639,0, ,0.0,0.0,0.0,0.0,2,10000,0,0,0,0,0,0
TF,NY031,38.059472,128.673833,0, ,0.0,0.0,0.0,0.0,2,9000,0,0,0,0,0,0
TF,NIMAL,38.072667,128.766611,0, ,0.0,0.0,0.0,0.0,2,7500,0,0,0,0,0,0
TF,DUBUN,38.087361,128.870500,0, ,0.0,0.0,0.0,0.0,2,6000,0,0,0,0,0,0

APPTR,D33,33,DUBUN
IF,DUBUN,38.087361,128.870500, ,0.0,0.0,2,6000,0,0,0,0,1,0
AF,CS33,37.947111,128.812944,2,YAG,143.1,10.0,91.0,2,3200,0,0,0,0,1,0

FINAL,D33,33,D,3
IF,CS33,37.947111,128.812944,YAG,143.1,10.0,2,3200,0,0,0,0,0,0
CF,FS33,38.005222,128.737278,0,YAG,143.1,5.0,323.0,5.0,2,1600,0,0,0,0,2,0
CF,MS33,38.040083,128.691861,0,YAG,143.1,2.0,323.0,3.0,1,604,0,0,0,0,3,0
CF,YAG,38.063333,128.661472,0,YAG,0.0,0.0,323.0,2.0,0,0,0,0,0,0,0,0
FD,YAG,38.063333,128.661472,0,YAG,0.0,2.0,330.0,2.0,0,0,0,0,0,0,0,0
DF,DUBUN,38.087361,128.870500,2, ,0.0,0.0,1,6000,0,1,200,0,0,0
HM,DUBUN,38.087361,128.870500,1, ,0.0,0.0,91.0,04.3,3,9000,0,1,200,0,0,0,0

APPTR,I33-Y,33,DUBUN
IF,DUBUN,38.087361,128.870500, ,0.0,0.0,2,6000,0,0,0,0,1,0
AF,D150J,37.935806,128.797556,2,YAG,148.8,10.0,91.0,2,3200,0,0,0,0,1,0
CF,CF33,37.963778,128.769000,0,IYAN,150.0,8.4,330.0,2.2,2,2500,0,0,0,0,0,0

FINAL,I33-Y,33,I,3
IF,CF33,37.963778,128.769000,IYAN,150.0,8.4,2,2500,0,0,0,0,0,0
CF,FF33,37.995528,128.736528,0,IYAN,150.0,5.9,330.0,2.4,1,1700,0,0,0,0,2,0
CF,RW33,38.052558,128.678125,0,IYAN,149.9,1.5,330.0,4.4,1,282,0,0,0,0,3,0
CF,D330B,38.091250,128.638444,0,YAG,335.9,2.0,330.0,3.0,0,0,0,0,0,0,0,1
DF,DUBUN,38.087361,128.870500,2, ,0.0,0.0,1,6000,0,1,200,0,0,0
HM,DUBUN,38.087361,128.870500,1, ,0.0,0.0,91.0,04.3,3,9000,0,1,200,0,0,0,0

APPTR,I33-Z,33,DUBUN
IF,DUBUN,38.087361,128.870500, ,0.0,0.0,2,6000,0,0,0,0,1,0
TF,NY015,37.975333,128.892667,0, ,0.0,0.0,0.0,0.0,2,5000,0,0,0,0,0,0
TF,NY010,37.922861,128.810778,0,IYAN,0.0,0.0,0.0,0.0,2,3300,0,0,0,0,1,0

FINAL,I33-Z,33,I,3
IF,NY010,37.922861,128.810778,IYAN,150.0,11.5,2,3300,0,0,0,0,0,0
CF,FF33,37.995528,128.736528,0,IYAN,150.0,5.9,330.0,5.6,1,1700,0,0,0,0,2,0
CF,RW33,38.052558,128.678125,0,IYAN,149.9,1.5,330.0,4.4,1,282,0,0,0,0,3,0
CF,D330B,38.091250,128.638444,0,YAG,335.9,2.0,330.0,3.0,0,0,0,0,0,0,0,1
DF,DUBUN,38.087361,128.870500,2, ,0.0,0.0,1,6000,0,1,200,0,0,0
HM,DUBUN,38.087361,128.870500,1, ,0.0,0.0,91.0,04.3,3,9000,0,1,200,0,0,0,0

APPTR,R33,33,DUBUN
IF,DUBUN,38.087361,128.870500, ,0.0,0.0,2,6000,0,0,0,0,1,0
TF,NY015,37.975333,128.892667,0, ,0.0,0.0,0.0,0.0,2,5000,0,0,0,0,0,0
TF,NY010,37.922861,128.810778,0, ,0.0,0.0,0.0,0.0,2,3300,0,0,0,0,1,0

FINAL,R33,33,R,4
IF,NY010,37.922861,128.810778, ,0.0,0.0,2,3300,0,0,0,0,0,0
TF,NY004,37.994611,128.737472,0, ,0.0,0.0,330.0,5.5,2,1700,0,0,0,0,2,0
TF,NY003,38.013667,128.717972,0, ,0.0,0.0,330.0,1.5,2,1200,0,0,0,0,0,0
TF,RW33,38.052558,128.678125,0, ,0.0,0.0,330.0,3.0,1,277,0,0,0,0,3,1
VA,0,330.0,2,900,0,1,200,0,0,0
DF,DUBUN,38.087361,128.870500,2, ,0.0,0.0,1,6000,0,1,200,0,0,1
HM,DUBUN,38.087361,128.870500,1, ,0.0,0.0,91.0,04.3,3,9000,0,1,200,0,0,0,0

