SID,AKPO1E,07,5
CF,PALRI,33.640889,126.743722,0,YDM,65.8,15.0,66.0,14.3,4,9000,6000,0,0,0,0,0
TF,AKPON,33.780444,127.331389,0, ,0.0,0.0,0.0,0.0,0,0,0,0,0,0,0,0

SID,AKPO1N,31,5
CF,PC861,33.562167,126.409472,0,YDM,314.8,5.0,313.0,4.7,0,0,0,0,0,0,0,0
TF,PC871,33.651472,126.408889,0, ,0.0,0.0,0.0,0.0,3,5000,0,0,0,0,0,0
TF,PC872,33.721361,126.521861,0, ,0.0,0.0,0.0,0.0,3,8000,0,0,0,0,0,0
TF,TOREN,33.810222,126.666028,0, ,0.0,0.0,0.0,0.0,2,11000,0,0,0,0,0,0
TF,PC874,33.810556,127.185778,0, ,0.0,0.0,0.0,0.0,0,0,0,0,0,0,0,0
TF,AKPON,33.780444,127.331389,0, ,0.0,0.0,0.0,0.0,0,0,0,0,0,0,0,0

SID,AKPO1W,25,5
CF,PC841,33.428528,126.329944,0,YDM,244.9,9.3,246.0,8.0,0,0,0,0,0,0,0,0
TF,PC842,33.293972,126.354806,0, ,0.0,0.0,0.0,0.0,0,0,0,0,0,0,0,0
TF,PC846,33.321000,126.591278,0, ,0.0,0.0,0.0,0.0,2,12000,0,0,0,0,0,0
TF,ATIMO,33.397917,126.730889,0, ,0.0,0.0,0.0,0.0,0,0,0,0,0,0,0,0
TF,PAPLU,33.578139,127.060139,0, ,0.0,0.0,0.0,0.0,2,17000,0,0,0,0,0,0
TF,AKPON,33.780444,127.331389,0, ,0.0,0.0,0.0,0.0,0,0,0,0,0,0,0,0

SID,CJU3L,25,2
CF,D245I,33.431742,126.335608,0,YDM,245.0,9.0,245.0,9.0,0,0,0,0,0,0,0,0
AF,D326I,33.624833,126.369758,2,YDM,326.0,9.0,245.0,2,6000,0,0,0,0,0,0
TF,YDM,33.511472,126.487611,0, ,0.0,0.0,0.0,0.0,1,9000,0,0,0,0,0,0
TF,CJU,33.384611,126.624111,0, ,0.0,0.0,0.0,0.0,1,9000,0,0,0,0,0,0

SID,CJU4K,07,2
CD, ,0,0,0,YDM,0,0.0,67.0,13.5,0,0,0,0,0,0,0,0
DF,D073K,33.458481,126.822478,2, ,0.0,0.0,1,9000,0,0,0,0,0,0
TF,CJU,33.384611,126.624111,0, ,0.0,0.0,0.0,0.0,1,9000,0,0,0,0,0,0

SID,IPDA1L,25,2
CF,D245I,33.431742,126.335608,0,YDM,245.0,9.0,245.0,9.0,0,0,0,0,0,0,0,0
AF,D326I,33.624833,126.369758,2,YDM,326.0,9.0,245.0,2,6000,0,0,0,0,0,0
AF,D007I,33.661750,126.487611,2,YDM,7.0,9.0,326.0,1,9000,0,0,0,0,0,0
TF,CJ27A,33.820736,126.487611,0, ,0.0,0.0,0.0,0.0,0,0,0,0,0,0,0,0
AF,CJ27B,33.833669,126.671861,2,CJU,12.1,27.0,353.0,0,0,0,0,0,0,0,0
TF,IPDAS,34.254361,126.717056,0, ,0.0,0.0,0.0,0.0,1,9000,0,0,0,0,0,0

SID,IPDA1W,25,5
CF,MEXER,33.457778,126.386667,0,YDM,244.6,6.0,246.0,4.7,0,0,0,1,250,0,0,1
DF,PC832,33.679444,126.231083,2, ,0.0,0.0,4,10000,8000,1,250,0,0,0
TF,PC833,33.835778,126.512444,0, ,0.0,0.0,0.0,0.0,1,13000,0,0,0,0,0,0
TF,PC834,33.929500,126.682139,0, ,0.0,0.0,0.0,0.0,1,13000,0,0,0,0,0,0
TF,IPDAS,34.254361,126.717056,0, ,0.0,0.0,0.0,0.0,1,13000,0,0,0,0,0,0

SID,IPDA4K,07,2
CD, ,0,0,0,YDM,0,0.0,67.0,6.5,0,0,0,0,0,0,0,0
CF,CJU30,33.883564,126.677197,0,CJU,12.1,30.0,13.0,20.0,1,7000,0,0,0,0,0,0
TF,IPDAS,34.254361,126.717056,0, ,0.0,0.0,0.0,0.0,1,7000,0,0,0,0,0,0

SID,KAMI1W,25,5
CF,MEXER,33.457778,126.386667,0,YDM,244.6,6.0,246.0,4.7,0,0,0,1,250,0,0,1
DF,PC832,33.679444,126.231083,2, ,0.0,0.0,4,10000,8000,1,250,0,0,0
TF,PC833,33.835778,126.512444,0, ,0.0,0.0,0.0,0.0,2,13000,0,0,0,0,0,0
TF,OLLEH,33.961722,126.740694,0, ,0.0,0.0,0.0,0.0,2,17000,0,0,0,0,0,0
TF,KAMIT,34.253917,126.771583,0, ,0.0,0.0,0.0,0.0,0,0,0,0,0,0,0,0

SID,KAMI2E,07,5
DF,DER07,33.514878,126.497642,0, ,0.0,0.0,0,0,0,0,0,0,0,1
CA,0,66.0,2,1000,0,0,0,0,0,0
DF,PC811,33.703361,126.713556,0, ,0.0,0.0,0,0,0,0,0,0,0,0
TF,OLLEH,33.961722,126.740694,0, ,0.0,0.0,0.0,0.0,3,10000,0,0,0,0,0,0
TF,KAMIT,34.253917,126.771583,0, ,0.0,0.0,0.0,0.0,2,14000,0,0,0,0,0,0

SID,KAMI2N,31,5
CF,PC861,33.562167,126.409472,0,YDM,314.8,5.0,313.0,4.7,0,0,0,0,0,0,0,0
TF,PC871,33.651472,126.408889,0, ,0.0,0.0,0.0,0.0,3,5000,0,0,0,0,0,0
TF,PC872,33.721361,126.521861,0, ,0.0,0.0,0.0,0.0,3,8000,0,0,0,0,0,0
TF,TOREN,33.810222,126.666028,0, ,0.0,0.0,0.0,0.0,2,11000,0,0,0,0,0,0
TF,OLLEH,33.961722,126.740694,0, ,0.0,0.0,0.0,0.0,3,12000,0,0,0,0,0,0
TF,KAMIT,34.253917,126.771583,0, ,0.0,0.0,0.0,0.0,3,16000,0,0,0,0,0,0

SID,LIMD1E,07,5
CF,PALRI,33.640889,126.743722,0,YDM,65.8,15.0,66.0,14.3,0,0,0,1,250,0,0,0
TF,PC813,33.498750,126.847222,0, ,0.0,0.0,0.0,0.0,1,9000,0,1,250,0,0,0
TF,CJU,33.384611,126.624111,0, ,0.0,0.0,0.0,0.0,1,9000,0,0,0,0,0,0
TF,PC816,33.449028,126.325222,0, ,0.0,0.0,0.0,0.0,2,15000,0,0,0,0,0,0
TF,LIMDI,33.553611,125.831389,0, ,0.0,0.0,0.0,0.0,0,0,0,0,0,0,0,0

SID,LIMD1W,25,5
CF,MEXER,33.457778,126.386667,0,YDM,244.6,6.0,246.0,4.7,0,0,0,0,0,0,0,1
DF,LEDIN,33.545028,126.170806,0, ,0.0,0.0,0,0,0,0,0,0,0,0
TF,LIMDI,33.553611,125.831389,0, ,0.0,0.0,0.0,0.0,0,0,0,0,0,0,0,0

SID,MAKE4K,07,2
CF,MAKET,33.914444,127.331389,0,YDM,67.0,48.6,67.0,49.0,0,0,0,0,0,0,0,0

SID,PANS2E,07,5
CF,PALRI,33.640889,126.743722,0,YDM,65.8,15.0,66.0,14.3,0,0,0,1,250,0,0,0
TF,PC813,33.498750,126.847222,0, ,0.0,0.0,0.0,0.0,1,9000,0,1,250,0,0,0
TF,CJU,33.384611,126.624111,0, ,0.0,0.0,0.0,0.0,1,9000,0,0,0,0,0,0
TF,PC814,33.260111,126.487083,0, ,0.0,0.0,0.0,0.0,3,10000,0,0,0,0,0,0
TF,PANSI,33.004000,126.206972,0, ,0.0,0.0,0.0,0.0,0,0,0,0,0,0,0,0

SID,PANS2W,25,5
CF,PC841,33.428528,126.329944,0,YDM,244.9,9.3,246.0,8.0,0,0,0,0,0,0,0,0
TF,PANSI,33.004000,126.206972,0, ,0.0,0.0,0.0,0.0,0,0,0,0,0,0,0,0

SID,RADA1N,31,2
VA,0,313.0,2,2200,0,0,0,0,0,0
VM,0,0,0,313.0,0,0,0,0,0,0,0,0

SID,RADA2E,07,2
VA,0,66.0,2,2200,0,0,0,0,0,0
VM,0,0,0,66.0,0,0,0,0,0,0,0,0

SID,RADA3W,25,2
VA,0,246.0,2,3000,0,0,0,0,0,0
VM,0,0,0,246.0,0,0,0,0,0,0,0,0

SID,TAMN2E,07,5
CF,PALRI,33.640889,126.743722,0,YDM,65.8,15.0,66.0,14.3,4,9000,6000,0,0,0,0,0
TF,TAMNA,33.470972,127.331389,0, ,0.0,0.0,0.0,0.0,0,0,0,0,0,0,0,0

SID,TAMN2K,07,2
CD, ,0,0,0,YDM,0,0.0,67.0,13.5,0,0,0,0,0,0,0,0
VI,2, ,0.0,169.0,2,9000,0,0,0,0,0,0
CF,TAMNA,33.470972,127.331389,0,YDM,100.1,42.4,101.0,26.0,3,11000,0,0,0,0,0,0

SID,TAMN3W,25,5
CF,PC841,33.428528,126.329944,0,YDM,244.9,9.3,246.0,8.0,0,0,0,0,0,0,0,0
TF,PC842,33.293972,126.354806,0, ,0.0,0.0,0.0,0.0,0,0,0,0,0,0,0,0
TF,PC846,33.321000,126.591278,0, ,0.0,0.0,0.0,0.0,2,12000,0,0,0,0,0,0
TF,ATIMO,33.397917,126.730889,0, ,0.0,0.0,0.0,0.0,0,0,0,0,0,0,0,0
TF,PC845,33.417556,126.890000,0, ,0.0,0.0,0.0,0.0,2,17000,0,0,0,0,0,0
TF,TAMNA,33.470972,127.331389,0, ,0.0,0.0,0.0,0.0,0,0,0,0,0,0,0,0

STAR,DOTO1M,25,5
IF,DOTOL,34.254278,126.610167, ,0.0,0.0,0,0,0,1,250,0,0,0
TF,PC751,34.136222,126.597889,0, ,0.0,0.0,0.0,0.0,3,12000,0,0,0,0,0,0
TF,PC752,34.076611,126.741583,0, ,0.0,0.0,0.0,0.0,1,10000,0,0,0,0,0,0
TF,OLPUS,34.031750,126.849278,0, ,0.0,0.0,0.0,0.0,1,10000,0,1,220,0,0,0
TF,PC651,34.006944,126.945000,0, ,0.0,0.0,0.0,0.0,0,0,0,1,220,0,0,0
TF,PC652,33.966000,127.032333,0, ,0.0,0.0,0.0,0.0,0,0,0,1,220,0,0,0
TF,PC653,33.910167,127.106778,0, ,0.0,0.0,0.0,0.0,0,0,0,1,220,0,0,0
TF,PC654,33.842528,127.165472,0, ,0.0,0.0,0.0,0.0,0,0,0,1,220,0,0,0
TF,PC655,33.765861,127.205083,0, ,0.0,0.0,0.0,0.0,0,0,0,1,220,0,0,0
TF,PC656,33.683944,127.224278,0, ,0.0,0.0,0.0,0.0,0,0,0,1,220,0,0,0
TF,PC657,33.600472,127.222333,0, ,0.0,0.0,0.0,0.0,0,0,0,1,220,0,0,0
TF,TULMO,33.519333,127.198778,0, ,0.0,0.0,0.0,0.0,1,10000,0,1,220,0,0,0
TF,DUKAL,33.649611,126.760778,2, ,0.0,0.0,0.0,0.0,2,4000,0,1,210,0,0,0

STAR,DOTO2P,07,5
IF,DOTOL,34.254278,126.610167, ,0.0,0.0,0,0,0,0,0,0,0,0
TF,CHUJA,33.996472,126.583389,0, ,0.0,0.0,0.0,0.0,0,0,0,0,0,0,0,0
TF,PC726,33.908944,126.498444,0, ,0.0,0.0,0.0,0.0,3,9000,0,0,0,0,0,0
TF,BIROM,33.792750,126.386056,0, ,0.0,0.0,0.0,0.0,1,7000,0,0,0,0,0,0
TF,MANBA,33.727750,126.323333,0, ,0.0,0.0,0.0,0.0,0,0,0,1,220,0,0,0
TF,PC621,33.740944,126.224694,0, ,0.0,0.0,0.0,0.0,0,0,0,1,220,0,0,0
TF,PC622,33.729556,126.125722,0, ,0.0,0.0,0.0,0.0,0,0,0,1,220,0,0,0
TF,PC623,33.694500,126.035056,0, ,0.0,0.0,0.0,0.0,0,0,0,1,220,0,0,0
TF,PC624,33.638861,125.960611,0, ,0.0,0.0,0.0,0.0,0,0,0,1,220,0,0,0
TF,PC625,33.567528,125.908833,0, ,0.0,0.0,0.0,0.0,0,0,0,1,220,0,0,0
TF,PC626,33.486639,125.884139,0, ,0.0,0.0,0.0,0.0,0,0,0,1,220,0,0,0
TF,DAKPI,33.403250,125.888639,0, ,0.0,0.0,0.0,0.0,0,0,0,1,220,0,0,0
TF,PC628,33.324556,125.921806,0, ,0.0,0.0,0.0,0.0,0,0,0,1,220,0,0,0
TF,PIMIK,33.257333,125.980750,0, ,0.0,0.0,0.0,0.0,1,7000,0,1,220,0,0,0
TF,YUMIN,33.457139,126.220972,1, ,0.0,0.0,0.0,0.0,2,4000,0,1,210,0,0,0

STAR,DOTO2T,25,5
IF,DOTOL,34.254278,126.610167, ,0.0,0.0,3,14000,0,1,250,0,0,0
TF,PC731,34.038056,126.587694,0, ,0.0,0.0,0.0,0.0,0,0,0,0,0,0,0,0
TF,PC732,33.957222,126.715361,0, ,0.0,0.0,0.0,0.0,3,9000,0,0,0,0,0,0
TF,GULBI,33.896528,126.810972,0, ,0.0,0.0,0.0,0.0,1,7000,0,1,220,0,0,0
TF,PC631,33.868972,126.905472,0, ,0.0,0.0,0.0,0.0,0,0,0,1,220,0,0,0
TF,NOMED,33.817000,126.983750,0, ,0.0,0.0,0.0,0.0,0,0,0,1,220,0,0,0
TF,PC632,33.746417,127.037139,0, ,0.0,0.0,0.0,0.0,0,0,0,1,220,0,0,0
TF,PC633,33.665083,127.059722,0, ,0.0,0.0,0.0,0.0,0,0,0,1,220,0,0,0
TF,GURUM,33.582083,127.049056,0, ,0.0,0.0,0.0,0.0,1,7000,0,1,220,0,0,0
TF,DUKAL,33.649611,126.760778,2, ,0.0,0.0,0.0,0.0,2,4000,0,1,210,0,0,0

STAR,LIMD1M,25,5
IF,LIMDI,33.553611,125.831389, ,0.0,0.0,0,0,0,0,0,0,0,0
TF,LEDIN,33.545028,126.170806,0, ,0.0,0.0,0.0,0.0,2,15000,0,0,0,0,0,0
TF,PC741,33.538778,126.395167,0, ,0.0,0.0,0.0,0.0,2,13000,0,0,0,0,0,0
TF,PC735,33.556528,126.658556,0, ,0.0,0.0,0.0,0.0,2,11000,0,0,0,0,0,0
TF,PC736,33.721194,126.691639,0, ,0.0,0.0,0.0,0.0,1,10000,0,0,0,0,0,0
TF,PC757,33.970639,126.742139,0, ,0.0,0.0,0.0,0.0,1,9000,0,1,220,0,0,0
TF,OLPUS,34.031750,126.849278,0, ,0.0,0.0,0.0,0.0,1,8000,0,1,220,0,0,0
TF,PC651,34.006944,126.945000,0, ,0.0,0.0,0.0,0.0,0,0,0,1,220,0,0,0
TF,PC652,33.966000,127.032333,0, ,0.0,0.0,0.0,0.0,0,0,0,1,220,0,0,0
TF,PC653,33.910167,127.106778,0, ,0.0,0.0,0.0,0.0,0,0,0,1,220,0,0,0
TF,PC654,33.842528,127.165472,0, ,0.0,0.0,0.0,0.0,0,0,0,1,220,0,0,0
TF,PC655,33.765861,127.205083,0, ,0.0,0.0,0.0,0.0,0,0,0,1,220,0,0,0
TF,PC656,33.683944,127.224278,0, ,0.0,0.0,0.0,0.0,0,0,0,1,220,0,0,0
TF,PC657,33.600472,127.222333,0, ,0.0,0.0,0.0,0.0,0,0,0,1,220,0,0,0
TF,TULMO,33.519333,127.198778,0, ,0.0,0.0,0.0,0.0,1,8000,0,1,220,0,0,0
TF,DUKAL,33.649611,126.760778,2, ,0.0,0.0,0.0,0.0,2,4000,0,1,210,0,0,0

STAR,LIMD1P,07,5
IF,LIMDI,33.553611,125.831389, ,0.0,0.0,0,0,0,0,0,0,0,0
TF,PC727,33.406444,126.249694,0, ,0.0,0.0,0.0,0.0,2,14000,0,0,0,0,0,0
TF,PC725,33.323667,126.482472,0, ,0.0,0.0,0.0,0.0,0,0,0,0,0,0,0,0
TF,CJU,33.384611,126.624111,0, ,0.0,0.0,0.0,0.0,2,11000,0,0,0,0,0,0
TF,PC723,33.595639,126.494972,0, ,0.0,0.0,0.0,0.0,2,11000,0,0,0,0,0,0
TF,PC724,33.714444,126.421972,0, ,0.0,0.0,0.0,0.0,2,10000,0,0,0,0,0,0
TF,MANBA,33.727750,126.323333,0, ,0.0,0.0,0.0,0.0,1,9000,0,1,220,0,0,0
TF,PC621,33.740944,126.224694,0, ,0.0,0.0,0.0,0.0,0,0,0,1,220,0,0,0
TF,PC622,33.729556,126.125722,0, ,0.0,0.0,0.0,0.0,0,0,0,1,220,0,0,0
TF,PC623,33.694500,126.035056,0, ,0.0,0.0,0.0,0.0,0,0,0,1,220,0,0,0
TF,PC624,33.638861,125.960611,0, ,0.0,0.0,0.0,0.0,0,0,0,1,220,0,0,0
TF,PC625,33.567528,125.908833,0, ,0.0,0.0,0.0,0.0,0,0,0,1,220,0,0,0
TF,PC626,33.486639,125.884139,0, ,0.0,0.0,0.0,0.0,0,0,0,1,220,0,0,0
TF,DAKPI,33.403250,125.888639,0, ,0.0,0.0,0.0,0.0,0,0,0,1,220,0,0,0
TF,PC628,33.324556,125.921806,0, ,0.0,0.0,0.0,0.0,0,0,0,1,220,0,0,0
TF,PIMIK,33.257333,125.980750,0, ,0.0,0.0,0.0,0.0,1,9000,0,1,220,0,0,0
TF,YUMIN,33.457139,126.220972,1, ,0.0,0.0,0.0,0.0,2,4000,0,1,210,0,0,0

STAR,LIMD1T,25,5
IF,LIMDI,33.553611,125.831389, ,0.0,0.0,0,0,0,0,0,0,0,0
TF,LEDIN,33.545028,126.170806,0, ,0.0,0.0,0.0,0.0,2,15000,0,0,0,0,0,0
TF,PC741,33.538778,126.395167,0, ,0.0,0.0,0.0,0.0,2,13000,0,0,0,0,0,0
TF,PC735,33.556528,126.658556,0, ,0.0,0.0,0.0,0.0,2,11000,0,0,0,0,0,0
TF,PC736,33.721194,126.691639,0, ,0.0,0.0,0.0,0.0,3,9000,0,0,0,0,0,0
TF,PC737,33.836472,126.714861,0, ,0.0,0.0,0.0,0.0,1,7000,0,0,0,0,0,0
TF,GULBI,33.896528,126.810972,0, ,0.0,0.0,0.0,0.0,0,0,0,1,220,0,0,0
TF,PC631,33.868972,126.905472,0, ,0.0,0.0,0.0,0.0,0,0,0,1,220,0,0,0
TF,NOMED,33.817000,126.983750,0, ,0.0,0.0,0.0,0.0,0,0,0,1,220,0,0,0
TF,PC632,33.746417,127.037139,0, ,0.0,0.0,0.0,0.0,0,0,0,1,220,0,0,0
TF,PC633,33.665083,127.059722,0, ,0.0,0.0,0.0,0.0,0,0,0,1,220,0,0,0
TF,GURUM,33.582083,127.049056,0, ,0.0,0.0,0.0,0.0,1,7000,0,1,220,0,0,0
TF,DUKAL,33.649611,126.760778,2, ,0.0,0.0,0.0,0.0,2,4000,0,1,210,0,0,0

STAR,SOSD1M,25,5
IF,SOSDO,33.003333,126.459722, ,0.0,0.0,2,15000,0,0,0,0,0,0
TF,NUSLO,33.266722,126.669944,0, ,0.0,0.0,0.0,0.0,1,11000,0,0,0,0,0,0
TF,CJU,33.384611,126.624111,0, ,0.0,0.0,0.0,0.0,1,11000,0,0,0,0,0,0
TF,PC735,33.556528,126.658556,0, ,0.0,0.0,0.0,0.0,1,11000,0,0,0,0,0,0
TF,PC736,33.721194,126.691639,0, ,0.0,0.0,0.0,0.0,1,10000,0,0,0,0,0,0
TF,PC757,33.970639,126.742139,0, ,0.0,0.0,0.0,0.0,1,9000,0,1,220,0,0,0
TF,OLPUS,34.031750,126.849278,0, ,0.0,0.0,0.0,0.0,1,8000,0,1,220,0,0,0
TF,PC651,34.006944,126.945000,0, ,0.0,0.0,0.0,0.0,0,0,0,1,220,0,0,0
TF,PC652,33.966000,127.032333,0, ,0.0,0.0,0.0,0.0,0,0,0,1,220,0,0,0
TF,PC653,33.910167,127.106778,0, ,0.0,0.0,0.0,0.0,0,0,0,1,220,0,0,0
TF,PC654,33.842528,127.165472,0, ,0.0,0.0,0.0,0.0,0,0,0,1,220,0,0,0
TF,PC655,33.765861,127.205083,0, ,0.0,0.0,0.0,0.0,0,0,0,1,220,0,0,0
TF,PC656,33.683944,127.224278,0, ,0.0,0.0,0.0,0.0,0,0,0,1,220,0,0,0
TF,PC657,33.600472,127.222333,0, ,0.0,0.0,0.0,0.0,0,0,0,1,220,0,0,0
TF,TULMO,33.519333,127.198778,0, ,0.0,0.0,0.0,0.0,1,8000,0,1,220,0,0,0
TF,DUKAL,33.649611,126.760778,2, ,0.0,0.0,0.0,0.0,2,4000,0,1,210,0,0,0

STAR,SOSD2P,07,5
IF,SOSDO,33.003333,126.459722, ,0.0,0.0,2,15000,0,0,0,0,0,0
TF,CJU,33.384611,126.624111,0, ,0.0,0.0,0.0,0.0,2,12000,0,0,0,0,0,0
TF,PC723,33.595639,126.494972,0, ,0.0,0.0,0.0,0.0,2,11000,0,0,0,0,0,0
TF,PC724,33.714444,126.421972,0, ,0.0,0.0,0.0,0.0,2,10000,0,0,0,0,0,0
TF,MANBA,33.727750,126.323333,0, ,0.0,0.0,0.0,0.0,1,9000,0,1,220,0,0,0
TF,PC621,33.740944,126.224694,0, ,0.0,0.0,0.0,0.0,0,0,0,1,220,0,0,0
TF,PC622,33.729556,126.125722,0, ,0.0,0.0,0.0,0.0,0,0,0,1,220,0,0,0
TF,PC623,33.694500,126.035056,0, ,0.0,0.0,0.0,0.0,0,0,0,1,220,0,0,0
TF,PC624,33.638861,125.960611,0, ,0.0,0.0,0.0,0.0,0,0,0,1,220,0,0,0
TF,PC625,33.567528,125.908833,0, ,0.0,0.0,0.0,0.0,0,0,0,1,220,0,0,0
TF,PC626,33.486639,125.884139,0, ,0.0,0.0,0.0,0.0,0,0,0,1,220,0,0,0
TF,DAKPI,33.403250,125.888639,0, ,0.0,0.0,0.0,0.0,0,0,0,1,220,0,0,0
TF,PC628,33.324556,125.921806,0, ,0.0,0.0,0.0,0.0,0,0,0,1,220,0,0,0
TF,PIMIK,33.257333,125.980750,0, ,0.0,0.0,0.0,0.0,1,9000,0,1,220,0,0,0
TF,YUMIN,33.457139,126.220972,1, ,0.0,0.0,0.0,0.0,2,4000,0,1,210,0,0,0

STAR,SOSD3T,25,5
IF,SOSDO,33.003333,126.459722, ,0.0,0.0,2,15000,0,0,0,0,0,0
TF,NUSLO,33.266722,126.669944,0, ,0.0,0.0,0.0,0.0,1,11000,0,0,0,0,0,0
TF,CJU,33.384611,126.624111,0, ,0.0,0.0,0.0,0.0,1,11000,0,0,0,0,0,0
TF,PC735,33.556528,126.658556,0, ,0.0,0.0,0.0,0.0,1,11000,0,0,0,0,0,0
TF,PC736,33.721194,126.691639,0, ,0.0,0.0,0.0,0.0,3,9000,0,0,0,0,0,0
TF,PC737,33.836472,126.714861,0, ,0.0,0.0,0.0,0.0,1,7000,0,0,0,0,0,0
TF,GULBI,33.896528,126.810972,0, ,0.0,0.0,0.0,0.0,0,0,0,1,220,0,0,0
TF,PC631,33.868972,126.905472,0, ,0.0,0.0,0.0,0.0,0,0,0,1,220,0,0,0
TF,NOMED,33.817000,126.983750,0, ,0.0,0.0,0.0,0.0,0,0,0,1,220,0,0,0
TF,PC632,33.746417,127.037139,0, ,0.0,0.0,0.0,0.0,0,0,0,1,220,0,0,0
TF,PC633,33.665083,127.059722,0, ,0.0,0.0,0.0,0.0,0,0,0,1,220,0,0,0
TF,GURUM,33.582083,127.049056,0, ,0.0,0.0,0.0,0.0,1,7000,0,1,220,0,0,0
TF,DUKAL,33.649611,126.760778,2, ,0.0,0.0,0.0,0.0,2,4000,0,1,210,0,0,0

STAR,TAMN1M,25,5
IF,TAMNA,33.470972,127.331389, ,0.0,0.0,0,0,0,0,0,0,0,0
TF,PC738,33.413944,126.860444,0, ,0.0,0.0,0.0,0.0,1,11000,0,0,0,0,0,0
TF,PC735,33.556528,126.658556,0, ,0.0,0.0,0.0,0.0,1,11000,0,0,0,0,0,0
TF,PC736,33.721194,126.691639,0, ,0.0,0.0,0.0,0.0,1,10000,0,0,0,0,0,0
TF,PC757,33.970639,126.742139,0, ,0.0,0.0,0.0,0.0,1,9000,0,1,220,0,0,0
TF,OLPUS,34.031750,126.849278,0, ,0.0,0.0,0.0,0.0,1,8000,0,1,220,0,0,0
TF,PC651,34.006944,126.945000,0, ,0.0,0.0,0.0,0.0,0,0,0,1,220,0,0,0
TF,PC652,33.966000,127.032333,0, ,0.0,0.0,0.0,0.0,0,0,0,1,220,0,0,0
TF,PC653,33.910167,127.106778,0, ,0.0,0.0,0.0,0.0,0,0,0,1,220,0,0,0
TF,PC654,33.842528,127.165472,0, ,0.0,0.0,0.0,0.0,0,0,0,1,220,0,0,0
TF,PC655,33.765861,127.205083,0, ,0.0,0.0,0.0,0.0,0,0,0,1,220,0,0,0
TF,PC656,33.683944,127.224278,0, ,0.0,0.0,0.0,0.0,0,0,0,1,220,0,0,0
TF,PC657,33.600472,127.222333,0, ,0.0,0.0,0.0,0.0,0,0,0,1,220,0,0,0
TF,TULMO,33.519333,127.198778,0, ,0.0,0.0,0.0,0.0,1,8000,0,1,220,0,0,0
TF,DUKAL,33.649611,126.760778,2, ,0.0,0.0,0.0,0.0,2,4000,0,1,210,0,0,0

STAR,TAMN2P,07,5
IF,TAMNA,33.470972,127.331389, ,0.0,0.0,0,0,0,0,0,0,0,0
TF,CJU,33.384611,126.624111,0, ,0.0,0.0,0.0,0.0,2,12000,0,0,0,0,0,0
TF,PC723,33.595639,126.494972,0, ,0.0,0.0,0.0,0.0,2,11000,0,0,0,0,0,0
TF,PC724,33.714444,126.421972,0, ,0.0,0.0,0.0,0.0,2,10000,0,0,0,0,0,0
TF,MANBA,33.727750,126.323333,0, ,0.0,0.0,0.0,0.0,1,9000,0,1,220,0,0,0
TF,PC621,33.740944,126.224694,0, ,0.0,0.0,0.0,0.0,0,0,0,1,220,0,0,0
TF,PC622,33.729556,126.125722,0, ,0.0,0.0,0.0,0.0,0,0,0,1,220,0,0,0
TF,PC623,33.694500,126.035056,0, ,0.0,0.0,0.0,0.0,0,0,0,1,220,0,0,0
TF,PC624,33.638861,125.960611,0, ,0.0,0.0,0.0,0.0,0,0,0,1,220,0,0,0
TF,PC625,33.567528,125.908833,0, ,0.0,0.0,0.0,0.0,0,0,0,1,220,0,0,0
TF,PC626,33.486639,125.884139,0, ,0.0,0.0,0.0,0.0,0,0,0,1,220,0,0,0
TF,DAKPI,33.403250,125.888639,0, ,0.0,0.0,0.0,0.0,0,0,0,1,220,0,0,0
TF,PC628,33.324556,125.921806,0, ,0.0,0.0,0.0,0.0,0,0,0,1,220,0,0,0
TF,PIMIK,33.257333,125.980750,0, ,0.0,0.0,0.0,0.0,1,9000,0,1,220,0,0,0
TF,YUMIN,33.457139,126.220972,1, ,0.0,0.0,0.0,0.0,2,4000,0,1,210,0,0,0

STAR,TAMN2T,25,5
IF,TAMNA,33.470972,127.331389, ,0.0,0.0,0,0,0,0,0,0,0,0
TF,PC738,33.413944,126.860444,0, ,0.0,0.0,0.0,0.0,1,11000,0,0,0,0,0,0
TF,PC735,33.556528,126.658556,0, ,0.0,0.0,0.0,0.0,1,11000,0,0,0,0,0,0
TF,PC736,33.721194,126.691639,0, ,0.0,0.0,0.0,0.0,3,9000,0,0,0,0,0,0
TF,PC737,33.836472,126.714861,0, ,0.0,0.0,0.0,0.0,1,7000,0,0,0,0,0,0
TF,GULBI,33.896528,126.810972,0, ,0.0,0.0,0.0,0.0,0,0,0,1,220,0,0,0
TF,PC631,33.868972,126.905472,0, ,0.0,0.0,0.0,0.0,0,0,0,1,220,0,0,0
TF,NOMED,33.817000,126.983750,0, ,0.0,0.0,0.0,0.0,0,0,0,1,220,0,0,0
TF,PC632,33.746417,127.037139,0, ,0.0,0.0,0.0,0.0,0,0,0,1,220,0,0,0
TF,PC633,33.665083,127.059722,0, ,0.0,0.0,0.0,0.0,0,0,0,1,220,0,0,0
TF,GURUM,33.582083,127.049056,0, ,0.0,0.0,0.0,0.0,1,7000,0,1,220,0,0,0
TF,DUKAL,33.649611,126.760778,2, ,0.0,0.0,0.0,0.0,2,4000,0,1,210,0,0,0

STAR,TOSA1M,25,5
IF,TOSAN,33.003333,126.771861, ,0.0,0.0,2,15000,0,0,0,0,0,0
TF,NUSLO,33.266722,126.669944,0, ,0.0,0.0,0.0,0.0,1,11000,0,0,0,0,0,0
TF,CJU,33.384611,126.624111,0, ,0.0,0.0,0.0,0.0,1,11000,0,0,0,0,0,0
TF,PC735,33.556528,126.658556,0, ,0.0,0.0,0.0,0.0,1,11000,0,0,0,0,0,0
TF,PC736,33.721194,126.691639,0, ,0.0,0.0,0.0,0.0,1,10000,0,0,0,0,0,0
TF,PC757,33.970639,126.742139,0, ,0.0,0.0,0.0,0.0,1,9000,0,1,220,0,0,0
TF,OLPUS,34.031750,126.849278,0, ,0.0,0.0,0.0,0.0,1,8000,0,1,220,0,0,0
TF,PC651,34.006944,126.945000,0, ,0.0,0.0,0.0,0.0,0,0,0,1,220,0,0,0
TF,PC652,33.966000,127.032333,0, ,0.0,0.0,0.0,0.0,0,0,0,1,220,0,0,0
TF,PC653,33.910167,127.106778,0, ,0.0,0.0,0.0,0.0,0,0,0,1,220,0,0,0
TF,PC654,33.842528,127.165472,0, ,0.0,0.0,0.0,0.0,0,0,0,1,220,0,0,0
TF,PC655,33.765861,127.205083,0, ,0.0,0.0,0.0,0.0,0,0,0,1,220,0,0,0
TF,PC656,33.683944,127.224278,0, ,0.0,0.0,0.0,0.0,0,0,0,1,220,0,0,0
TF,PC657,33.600472,127.222333,0, ,0.0,0.0,0.0,0.0,0,0,0,1,220,0,0,0
TF,TULMO,33.519333,127.198778,0, ,0.0,0.0,0.0,0.0,1,8000,0,1,220,0,0,0
TF,DUKAL,33.649611,126.760778,2, ,0.0,0.0,0.0,0.0,2,4000,0,1,210,0,0,0

STAR,TOSA2P,07,5
IF,TOSAN,33.003333,126.771861, ,0.0,0.0,2,15000,0,0,0,0,0,0
TF,CJU,33.384611,126.624111,0, ,0.0,0.0,0.0,0.0,2,12000,0,0,0,0,0,0
TF,PC723,33.595639,126.494972,0, ,0.0,0.0,0.0,0.0,2,11000,0,0,0,0,0,0
TF,PC724,33.714444,126.421972,0, ,0.0,0.0,0.0,0.0,2,10000,0,0,0,0,0,0
TF,MANBA,33.727750,126.323333,0, ,0.0,0.0,0.0,0.0,1,9000,0,1,220,0,0,0
TF,PC621,33.740944,126.224694,0, ,0.0,0.0,0.0,0.0,0,0,0,1,220,0,0,0
TF,PC622,33.729556,126.125722,0, ,0.0,0.0,0.0,0.0,0,0,0,1,220,0,0,0
TF,PC623,33.694500,126.035056,0, ,0.0,0.0,0.0,0.0,0,0,0,1,220,0,0,0
TF,PC624,33.638861,125.960611,0, ,0.0,0.0,0.0,0.0,0,0,0,1,220,0,0,0
TF,PC625,33.567528,125.908833,0, ,0.0,0.0,0.0,0.0,0,0,0,1,220,0,0,0
TF,PC626,33.486639,125.884139,0, ,0.0,0.0,0.0,0.0,0,0,0,1,220,0,0,0
TF,DAKPI,33.403250,125.888639,0, ,0.0,0.0,0.0,0.0,0,0,0,1,220,0,0,0
TF,PC628,33.324556,125.921806,0, ,0.0,0.0,0.0,0.0,0,0,0,1,220,0,0,0
TF,PIMIK,33.257333,125.980750,0, ,0.0,0.0,0.0,0.0,1,9000,0,1,220,0,0,0
TF,YUMIN,33.457139,126.220972,1, ,0.0,0.0,0.0,0.0,2,4000,0,1,210,0,0,0

STAR,TOSA3T,25,5
IF,TOSAN,33.003333,126.771861, ,0.0,0.0,2,15000,0,0,0,0,0,0
TF,NUSLO,33.266722,126.669944,0, ,0.0,0.0,0.0,0.0,1,11000,0,0,0,0,0,0
TF,CJU,33.384611,126.624111,0, ,0.0,0.0,0.0,0.0,1,11000,0,0,0,0,0,0
TF,PC735,33.556528,126.658556,0, ,0.0,0.0,0.0,0.0,1,11000,0,0,0,0,0,0
TF,PC736,33.721194,126.691639,0, ,0.0,0.0,0.0,0.0,3,9000,0,0,0,0,0,0
TF,PC737,33.836472,126.714861,0, ,0.0,0.0,0.0,0.0,1,7000,0,0,0,0,0,0
TF,GULBI,33.896528,126.810972,0, ,0.0,0.0,0.0,0.0,0,0,0,1,220,0,0,0
TF,PC631,33.868972,126.905472,0, ,0.0,0.0,0.0,0.0,0,0,0,1,220,0,0,0
TF,NOMED,33.817000,126.983750,0, ,0.0,0.0,0.0,0.0,0,0,0,1,220,0,0,0
TF,PC632,33.746417,127.037139,0, ,0.0,0.0,0.0,0.0,0,0,0,1,220,0,0,0
TF,PC633,33.665083,127.059722,0, ,0.0,0.0,0.0,0.0,0,0,0,1,220,0,0,0
TF,GURUM,33.582083,127.049056,0, ,0.0,0.0,0.0,0.0,1,7000,0,1,220,0,0,0
TF,DUKAL,33.649611,126.760778,2, ,0.0,0.0,0.0,0.0,2,4000,0,1,210,0,0,0

STAR,UPGO1M,25,5
IF,UPGOS,33.959167,127.331389, ,0.0,0.0,0,0,0,1,250,0,0,0
TF,PC753,34.164333,127.030028,0, ,0.0,0.0,0.0,0.0,3,12000,0,0,0,0,0,0
TF,PC754,34.162222,126.862639,0, ,0.0,0.0,0.0,0.0,3,9000,0,0,0,0,0,0
TF,OLPUS,34.031750,126.849278,0, ,0.0,0.0,0.0,0.0,1,8000,0,1,220,0,0,0
TF,PC651,34.006944,126.945000,0, ,0.0,0.0,0.0,0.0,0,0,0,1,220,0,0,0
TF,PC652,33.966000,127.032333,0, ,0.0,0.0,0.0,0.0,0,0,0,1,220,0,0,0
TF,PC653,33.910167,127.106778,0, ,0.0,0.0,0.0,0.0,0,0,0,1,220,0,0,0
TF,PC654,33.842528,127.165472,0, ,0.0,0.0,0.0,0.0,0,0,0,1,220,0,0,0
TF,PC655,33.765861,127.205083,0, ,0.0,0.0,0.0,0.0,0,0,0,1,220,0,0,0
TF,PC656,33.683944,127.224278,0, ,0.0,0.0,0.0,0.0,0,0,0,1,220,0,0,0
TF,PC657,33.600472,127.222333,0, ,0.0,0.0,0.0,0.0,0,0,0,1,220,0,0,0
TF,TULMO,33.519333,127.198778,0, ,0.0,0.0,0.0,0.0,1,8000,0,1,220,0,0,0
TF,DUKAL,33.649611,126.760778,2, ,0.0,0.0,0.0,0.0,2,4000,0,1,210,0,0,0

STAR,UPGO1P,07,5
IF,UPGOS,33.959167,127.331389, ,0.0,0.0,0,0,0,0,0,0,0,0
TF,PC728,33.914944,127.096944,0, ,0.0,0.0,0.0,0.0,0,0,0,0,0,0,0,0
TF,PC721,33.914806,126.786028,0, ,0.0,0.0,0.0,0.0,0,0,0,0,0,0,0,0
TF,PC722,33.867472,126.630250,0, ,0.0,0.0,0.0,0.0,2,13000,0,0,0,0,0,0
TF,BIROM,33.792750,126.386056,0, ,0.0,0.0,0.0,0.0,2,10000,0,0,0,0,0,0
TF,MANBA,33.727750,126.323333,0, ,0.0,0.0,0.0,0.0,1,9000,0,1,220,0,0,0
TF,PC621,33.740944,126.224694,0, ,0.0,0.0,0.0,0.0,0,0,0,1,220,0,0,0
TF,PC622,33.729556,126.125722,0, ,0.0,0.0,0.0,0.0,0,0,0,1,220,0,0,0
TF,PC623,33.694500,126.035056,0, ,0.0,0.0,0.0,0.0,0,0,0,1,220,0,0,0
TF,PC624,33.638861,125.960611,0, ,0.0,0.0,0.0,0.0,0,0,0,1,220,0,0,0
TF,PC625,33.567528,125.908833,0, ,0.0,0.0,0.0,0.0,0,0,0,1,220,0,0,0
TF,PC626,33.486639,125.884139,0, ,0.0,0.0,0.0,0.0,0,0,0,1,220,0,0,0
TF,DAKPI,33.403250,125.888639,0, ,0.0,0.0,0.0,0.0,0,0,0,1,220,0,0,0
TF,PC628,33.324556,125.921806,0, ,0.0,0.0,0.0,0.0,0,0,0,1,220,0,0,0
TF,PIMIK,33.257333,125.980750,0, ,0.0,0.0,0.0,0.0,1,9000,0,1,220,0,0,0
TF,YUMIN,33.457139,126.220972,1, ,0.0,0.0,0.0,0.0,2,4000,0,1,210,0,0,0

STAR,UPGO1T,25,5
IF,UPGOS,33.959167,127.331389, ,0.0,0.0,3,15000,0,1,250,0,0,0
TF,JAREE,33.915556,127.071028,0, ,0.0,0.0,0.0,0.0,3,12000,0,0,0,0,0,0
TF,NOMED,33.817000,126.983750,0, ,0.0,0.0,0.0,0.0,1,9000,0,1,220,0,0,0
TF,PC632,33.746417,127.037139,0, ,0.0,0.0,0.0,0.0,0,0,0,1,220,0,0,0
TF,PC633,33.665083,127.059722,0, ,0.0,0.0,0.0,0.0,0,0,0,1,220,0,0,0
TF,GURUM,33.582083,127.049056,0, ,0.0,0.0,0.0,0.0,1,9000,0,1,220,0,0,0
TF,DUKAL,33.649611,126.760778,2, ,0.0,0.0,0.0,0.0,2,4000,0,1,210,0,0,0

APPTR,D07,07,AKBIN
IF,AKBIN,33.522639,126.248694, ,0.0,0.0,2,4000,0,0,0,0,1,0
AF,CD07,33.402917,126.286694,1,YDM,245.3,12.0,280.0,2,2900,0,0,0,0,1,0

FINAL,D07,07,D,5
IF,CD07,33.402917,126.286694,YDM,245.3,12.0,2,2900,0,0,0,0,0,0
CF,84VOR,33.435528,126.346917,0,YDM,245.3,8.4,65.0,3.6,2,2200,0,0,0,0,0,0
CF,FD07,33.454528,126.382056,0,YDM,245.3,6.3,65.0,2.1,2,1800,0,0,0,0,2,0
CF,45VOR,33.470806,126.412194,0,YDM,245.3,4.5,65.0,1.8,2,1200,0,0,0,0,0,0
CF,MD07,33.489806,126.447389,0,YDM,245.3,2.4,65.0,2.1,1,543,0,0,0,0,3,0
CF,D065D,33.547583,126.554694,0,YDM,65.3,4.0,65.0,6.4,0,0,0,0,0,0,0,1
CI,0, ,0.0,126.0,0,0,0,0,0,0,0,0
CF,PETAA,33.521667,126.926111,0,YDM,96.3,22.0,96.0,14.0,1,8000,0,0,0,0,0,0
HM,PETAA,33.521667,126.926111,2, ,0.0,0.0,276.0,04.3,2,8000,0,1,230,0,0,0,0

APPTR,D25,25,OMKEL
IF,OMKEL,33.721167,126.685556, ,0.0,0.0,2,4000,0,0,0,0,1,0
AF,D067P,33.647792,126.762117,2,YDM,67.2,16.0,46.0,2,4000,0,0,0,0,0,0
TF,CD25,33.603556,126.672806,0, ,0.0,0.0,0.0,0.0,2,2900,0,0,0,0,1,0

APPTR,D25,25,PETAA
IF,PETAA,33.521667,126.926111, ,0.0,0.0,2,8000,0,0,0,0,1,0
AF,D067V,33.698842,126.865450,1,YDM,67.2,22.0,96.0,0,0,0,0,0,0,0,0
TF,D067P,33.647792,126.762117,0, ,0.0,0.0,0.0,0.0,2,4000,0,0,0,0,0,0
TF,CD25,33.603556,126.672806,0, ,0.0,0.0,0.0,0.0,2,2900,0,0,0,0,1,0

FINAL,D25,25,D,3
IF,CD25,33.603556,126.672806,YDM,67.2,10.8,2,2900,0,0,0,0,0,0
CF,FD25,33.560111,126.585306,0,YDM,67.2,5.7,247.0,5.1,2,1800,0,0,0,0,2,0
CF,MD25,33.524222,126.513167,0,YDM,67.2,1.5,247.0,4.2,1,437,0,0,0,0,3,0
CF,D247O,33.383167,126.231028,0,YDM,247.3,15.0,247.0,16.5,0,0,0,0,0,0,0,1
CF,LOTKA,33.353083,126.114500,0,YDM,251.3,21.0,260.0,6.1,1,6000,0,0,0,0,0,0
HM,LOTKA,33.353083,126.114500,1, ,0.0,0.0,71.0,04.3,2,6000,0,1,210,0,0,0,0

APPTR,I25-Y,25,OMKEL
IF,OMKEL,33.721167,126.685556, ,0.0,0.0,2,4000,0,0,0,0,1,0
AF,D066P,33.649639,126.760886,2,YDM,66.8,16.0,46.0,2,4000,0,0,0,0,0,0
CF,CF25,33.605056,126.673583,0,ICHE,66.5,12.2,246.0,5.1,2,2900,0,0,0,0,1,0

APPTR,I25-Y,25,PETAA
IF,PETAA,33.521667,126.926111, ,0.0,0.0,2,8000,0,0,0,0,1,0
AF,D066V,33.701847,126.863392,1,YDM,66.7,22.0,96.0,0,0,0,0,0,0,0,0
TF,D066P,33.649639,126.760886,0, ,0.0,0.0,0.0,0.0,2,4000,0,0,0,0,0,0
CF,CF25,33.605056,126.673583,0,ICHE,66.5,12.2,246.0,5.1,2,2900,0,0,0,0,1,0

FINAL,I25-Y,25,I,3
IF,CF25,33.605056,126.673583,ICHE,66.5,12.2,2,2900,0,0,0,0,0,0
CF,FF25,33.560111,126.585750,0,ICHE,66.5,7.1,246.0,5.2,1,1800,0,0,0,0,2,0
CF,RW25,33.514878,126.497642,0,ICHE,66.5,1.9,246.0,5.2,1,126,0,0,0,0,3,0
CF,D246G,33.449917,126.369056,0,YDM,246.3,7.0,246.0,7.5,0,0,0,0,0,0,0,1
CF,D246O,33.379417,126.233750,0,YDM,246.3,15.0,246.0,8.0,0,0,0,0,0,0,0,1
CF,LOTKA,33.353083,126.114500,0,YDM,251.3,21.0,263.0,6.2,1,6000,0,1,210,0,0,0
HM,LOTKA,33.353083,126.114500,1, ,0.0,0.0,71.0,04.3,2,6000,0,1,210,0,0,0,0

APPTR,I25-Z,25,DUKAL
IF,DUKAL,33.649611,126.760778, ,0.0,0.0,2,4000,0,0,0,0,1,0
TF,TOKIN,33.606083,126.675611,0,ICHE,0.0,0.0,0.0,0.0,2,2900,0,0,0,0,1,0

FINAL,I25-Z,25,I,3
IF,TOKIN,33.606083,126.675611,ICHE,66.5,12.3,2,2900,0,0,0,0,0,0
CF,FF25,33.560111,126.585750,0,ICHE,66.5,7.1,246.0,5.3,1,1800,0,0,0,0,2,0
CF,RW25,33.514878,126.497642,0,ICHE,66.5,1.9,246.0,5.2,1,126,0,0,0,0,3,0
TF,PC403,33.379000,126.234167,0, ,0.0,0.0,0.0,0.0,0,0,0,0,0,0,0,0
TF,LOTKA,33.353083,126.114500,0, ,0.0,0.0,0.0,0.0,1,6000,0,0,0,0,0,0
HM,LOTKA,33.353083,126.114500,1, ,0.0,0.0,71.0,04.3,2,6000,0,1,210,0,0,0,0

APPTR,R07-Y,07,YUMIN
IF,YUMIN,33.457139,126.220972, ,0.0,0.0,2,4000,0,0,0,0,1,0
TF,LIMSO,33.417500,126.308611,0, ,0.0,0.0,0.0,0.0,2,2900,0,0,0,0,1,0

FINAL,R07-Y,07,R,4
IF,LIMSO,33.417500,126.308611, ,0.0,0.0,2,2900,0,0,0,0,0,0
TF,TEWOO,33.454250,126.379861,0, ,0.0,0.0,66.0,4.2,2,1800,0,0,0,0,2,0
TF,PC401,33.473472,126.417167,0, ,0.0,0.0,66.0,2.2,2,1000,0,0,0,0,0,0
TF,RW07,33.499881,126.468472,0, ,0.0,0.0,66.0,3.0,1,137,0,0,0,0,3,1
TF,PC404,33.545083,126.556500,0, ,0.0,0.0,0.0,0.0,0,0,0,0,0,0,0,0
TF,PETAA,33.521667,126.926111,0, ,0.0,0.0,0.0,0.0,1,8000,0,0,0,0,0,1
HM,PETAA,33.521667,126.926111,2, ,0.0,0.0,276.0,04.3,2,8000,0,1,230,0,0,0,0

APPTR,R07-Z,07,YUMIN
IF,YUMIN,33.457139,126.220972, ,0.0,0.0,2,4000,0,1,210,0,1,0
TF,LIMSO,33.417500,126.308611,0, ,0.0,0.0,0.0,0.0,2,2900,0,1,210,0,1,0

FINAL,R07-Z,07,R,3
IF,LIMSO,33.417500,126.308611, ,0.0,0.0,2,2900,0,1,210,0,0,0
TF,TEWOO,33.454250,126.379861,0, ,0.0,0.0,66.0,4.2,2,1800,0,0,0,0,2,0
TF,RW07,33.499881,126.468472,0, ,0.0,0.0,66.0,5.2,1,137,0,0,0,0,3,1
TF,PC404,33.545083,126.556500,0, ,0.0,0.0,0.0,0.0,0,0,0,0,0,0,0,0
TF,PETAA,33.521667,126.926111,0, ,0.0,0.0,0.0,0.0,2,8000,0,0,0,0,0,1
HM,PETAA,33.521667,126.926111,2, ,0.0,0.0,276.0,04.3,2,8000,0,1,230,0,0,0,0

APPTR,R25,25,DUKAL
IF,DUKAL,33.649611,126.760778, ,0.0,0.0,2,4000,0,0,0,0,1,0
TF,TOKIN,33.606083,126.675611,0, ,0.0,0.0,0.0,0.0,2,2900,0,0,0,0,1,0

FINAL,R25,25,R,3
IF,TOKIN,33.606083,126.675611, ,0.0,0.0,2,2900,0,0,0,0,0,0
TF,RENEK,33.560722,126.586972,0, ,0.0,0.0,246.0,5.2,2,1800,0,0,0,0,2,0
TF,RW25,33.514878,126.497642,0, ,0.0,0.0,246.0,5.3,1,126,0,0,0,0,3,1
TF,PC403,33.379000,126.234167,0, ,0.0,0.0,0.0,0.0,0,0,0,0,0,0,0,0
TF,LOTKA,33.353083,126.114500,0, ,0.0,0.0,0.0,0.0,1,6000,0,0,0,0,0,1
HM,LOTKA,33.353083,126.114500,1, ,0.0,0.0,71.0,04.3,2,6000,0,1,210,0,0,0,0

