SID,APAR1A,36,2
CD, ,0,0,0,USN,0,0.0,4.0,2.5,0,0,0,0,0,0,0,0
FD,USN,35.598500,129.353278,0,USN,0.0,13.0,349.0,13.0,0,0,0,0,0,0,0,0
VI,2, ,0.0,120.0,0,0,0,0,0,0,0,0
CF,KPO20,35.673472,129.304403,2,USN,340.0,5.1,213.0,8.0,1,6000,0,0,0,0,0,0
TF,APARU,35.411694,129.158917,0, ,0.0,0.0,0.0,0.0,0,0,0,0,0,0,0,0

SID,APAR1M,18,5
CA,0,184.0,2,550,0,0,0,0,0,0
CF,PU851,35.533139,129.370028,0,USN,176.2,4.0,172.0,3.1,3,4000,0,1,250,0,0,1
DF,APARU,35.411694,129.158917,0, ,0.0,0.0,3,6000,0,0,0,0,0,0

SID,APAR1R,36,5
CF,PU801,35.635778,129.348194,0,USN,1.7,2.3,4.0,2.0,0,0,0,1,200,0,0,1
CF,PU802,35.830111,129.252389,0,USN,348.5,14.7,349.0,12.5,3,6000,0,1,250,0,0,1
DF,PU803,35.712750,129.326306,2, ,0.0,0.0,3,6000,0,0,0,0,0,0
TF,APARU,35.411694,129.158917,0, ,0.0,0.0,0.0,0.0,1,6000,0,0,0,0,0,0

SID,APAR7S,18,2
CA,0,184.0,2,550,0,0,0,0,0,0
VD, ,0,0,0,USN,0.0,0.0,172.0,4.0,0,0,0,1,210,0,0,0
VI,2, ,0.0,275.0,0,0,0,0,0,0,0,0
CF,APARU,35.411694,129.158917,0,USN,228.5,14.7,228.0,7.0,1,6000,0,0,0,0,0,0

SID,APAR8N,36,2
CD, ,0,0,0,USN,0,0.0,4.0,2.5,0,0,0,0,0,0,0,0
FD,USN,35.598500,129.353278,0,USN,0.0,13.0,349.0,13.0,0,0,0,1,240,0,0,0
VI,2, ,0.0,180.0,0,0,0,0,0,0,0,0
CF,KPO20,35.673472,129.304403,0,USN,340.0,5.1,213.0,6.0,1,6000,0,0,0,0,0,0
TF,APARU,35.411694,129.158917,0, ,0.0,0.0,0.0,0.0,0,0,0,0,0,0,0,0

SID,KPO1A,18,2
CA,0,184.0,2,550,0,0,0,0,0,0
VD, ,0,0,0,USN,0.0,0.0,172.0,4.0,0,0,0,1,210,0,0,0
VI,2, ,0.0,300.0,0,0,0,0,0,0,0,0
CF,KPO20,35.673472,129.304403,2,KPO,212.6,20.0,32.0,10.0,1,6000,0,0,0,0,0,0
TF,KPO,35.977194,129.474528,0, ,0.0,0.0,0.0,0.0,1,6000,0,0,0,0,0,0

SID,KPO1M,18,5
CA,0,184.0,2,550,0,0,0,0,0,0
CF,PU851,35.533139,129.370028,0,USN,176.2,4.0,172.0,3.1,3,4000,0,1,250,0,0,1
DF,PU852,35.614222,129.271333,2, ,0.0,0.0,0,0,0,1,250,0,0,0
TF,PU853,35.691278,129.314306,0, ,0.0,0.0,0.0,0.0,1,6000,0,0,0,0,0,0
TF,KPO,35.977194,129.474528,0, ,0.0,0.0,0.0,0.0,1,6000,0,0,0,0,0,0

SID,KPO1R,36,5
CF,PU801,35.635778,129.348194,0,USN,1.7,2.3,4.0,2.0,0,0,0,1,200,0,0,1
CF,PU802,35.830111,129.252389,0,USN,348.5,14.7,349.0,12.5,3,6000,0,1,215,0,0,1
TF,KPO,35.977194,129.474528,0, ,0.0,0.0,0.0,0.0,1,6000,0,1,215,0,0,0

SID,KPO7S,18,2
CA,0,184.0,2,550,0,0,0,0,0,0
VD, ,0,0,0,USN,0.0,0.0,172.0,4.0,0,0,0,1,210,0,0,0
VI,2, ,0.0,360.0,0,0,0,0,0,0,0,0
CF,KPO20,35.673472,129.304403,0,KPO,212.6,20.0,32.0,4.0,1,6000,0,0,0,0,0,0
TF,KPO,35.977194,129.474528,0, ,0.0,0.0,0.0,0.0,1,6000,0,0,0,0,0,0

SID,KPO8N,36,2
CD, ,0,0,0,USN,0,0.0,4.0,2.5,0,0,0,0,0,0,0,0
FD,USN,35.598500,129.353278,0,USN,0.0,13.0,349.0,13.0,0,0,0,1,240,0,0,0
VI,0, ,0.0,30.0,0,0,0,0,0,0,0,0
CF,D240E,35.925786,129.393672,0,KPO,240.0,5.0,60.0,8.0,1,6000,0,0,0,0,0,0
TF,KPO,35.977194,129.474528,0, ,0.0,0.0,0.0,0.0,0,0,0,0,0,0,0,0

STAR,APAR2C,36,5
IF,APARU,35.411694,129.158917, ,0.0,0.0,0,0,0,0,0,0,0,0
TF,PU701,35.579111,129.409806,0, ,0.0,0.0,0.0,0.0,2,7000,0,0,0,0,0,0
TF,HAEGU,35.535194,129.542306,0, ,0.0,0.0,0.0,0.0,2,5000,0,0,0,0,0,0

STAR,APAR2D,18,5
IF,APARU,35.411694,129.158917, ,0.0,0.0,0,0,0,0,0,0,0,0
TF,PU751,35.787056,129.412833,0, ,0.0,0.0,0.0,0.0,0,0,0,0,0,0,0,0
TF,PU752,35.899056,129.371972,0, ,0.0,0.0,0.0,0.0,2,7000,0,0,0,0,0,0
TF,MAKKY,35.871889,129.259944,0, ,0.0,0.0,0.0,0.0,2,5000,0,0,0,0,0,0

STAR,LAPA2C,36,5
IF,LAPAL,35.903500,129.081111, ,0.0,0.0,0,0,0,0,0,0,0,0
TF,DOGDI,35.926722,129.200889,0, ,0.0,0.0,0.0,0.0,1,7000,0,0,0,0,0,0
TF,PU701,35.579111,129.409806,0, ,0.0,0.0,0.0,0.0,1,7000,0,0,0,0,0,0
TF,HAEGU,35.535194,129.542306,0, ,0.0,0.0,0.0,0.0,2,5000,0,0,0,0,0,0

STAR,LAPA2D,18,5
IF,LAPAL,35.903500,129.081111, ,0.0,0.0,0,0,0,0,0,0,0,0
TF,DOGDI,35.926722,129.200889,0, ,0.0,0.0,0.0,0.0,2,6000,0,0,0,0,0,0
TF,MAKKY,35.871889,129.259944,0, ,0.0,0.0,0.0,0.0,2,5000,0,0,0,0,0,0

APPTR,D18,18,MAKKY
IF,MAKKY,35.871889,129.259944, ,0.0,0.0,2,5000,0,0,0,0,1,0
TF,SEDMO,35.807528,129.281944,0, ,0.0,0.0,0.0,0.0,2,4000,0,0,0,0,0,0

FINAL,D18,18,D,6
IF,SEDMO,35.807528,129.281944,USN,352.5,13.0,2,4000,0,0,0,0,0,0
CF,VOR10,35.760861,129.297722,0,USN,352.4,10.1,173.0,2.9,2,3300,0,0,0,0,0,0
CF,80VOR,35.727111,129.309306,0,USN,352.4,8.0,173.0,2.1,2,2800,0,0,0,0,0,0
CF,FD18,35.693333,129.320861,0,USN,352.4,5.9,173.0,2.1,2,2300,0,0,0,0,2,0
CF,33VOR,35.651222,129.335278,0,USN,352.4,3.3,173.0,2.6,2,1280,0,0,0,0,0,0
CF,MD18,35.634833,129.340861,0,USN,352.4,2.3,173.0,1.0,1,879,0,0,0,0,3,0
CF,D204C,35.550361,129.336556,0,USN,203.9,3.0,190.0,5.1,0,0,0,0,0,0,0,1
DF,HAEGU,35.535194,129.542306,1, ,0.0,0.0,1,5000,0,0,0,0,0,0
HM,HAEGU,35.535194,129.542306,2, ,0.0,0.0,300.0,04.3,1,5000,0,1,200,0,0,0,0

APPTR,D36,36,HAEGU
IF,HAEGU,35.535194,129.542306, ,0.0,0.0,2,5000,0,0,0,0,1,0
AF,CD36,35.431750,129.362472,2,USN,185.4,10.0,120.0,2,2500,0,0,0,0,1,0

FINAL,D36,36,D,3
IF,CD36,35.431750,129.362472,USN,185.4,10.0,2,2500,0,0,0,0,0,0
CF,FD36,35.515111,129.357889,0,USN,185.4,5.0,5.0,5.0,2,1400,0,0,0,0,2,0
CF,MD36,35.565139,129.355139,0,USN,185.4,2.0,5.0,3.0,1,446,0,0,0,0,3,0
CF,USN,35.598500,129.353278,0,USN,0.0,0.0,5.0,2.0,0,0,0,0,0,0,0,0
CF,SEDMO,35.807528,129.281944,0,USN,352.5,13.0,353.0,13.0,1,4000,0,0,0,0,0,0
HM,SEDMO,35.807528,129.281944,1, ,0.0,0.0,173.0,04.3,3,5000,0,1,200,0,0,0,0

APPTR,I36-Y,36,HAEGU
IF,HAEGU,35.535194,129.542306, ,0.0,0.0,2,5000,0,0,0,0,1,0
AF,D172J,35.438028,129.409497,2,USN,172.0,10.0,120.0,2,2500,0,0,0,0,0,0
VI,0,IULS,0.0,334.0,0,0,0,0,0,0,0,0

FINAL,I36-Y,36,I,3
IF,CI36,35.431861,129.365222,IULS,184.1,10.4,2,2500,0,0,0,0,0,0
CF,FI36,35.516000,129.358194,0,IULS,184.1,5.3,4.0,5.0,1,1400,0,0,0,0,2,0
CF,RW36,35.584486,129.352486,0,IULS,184.1,1.2,4.0,4.1,1,75,0,0,0,0,3,0
CF,D359A,35.614944,129.349944,0,USN,358.6,1.0,4.0,1.8,0,0,0,0,0,0,0,1
CF,SEDMO,35.807528,129.281944,0,USN,352.5,13.0,353.0,12.0,1,4000,0,0,0,0,0,0
HM,SEDMO,35.807528,129.281944,1, ,0.0,0.0,173.0,04.3,3,5000,0,1,200,0,0,0,0

APPTR,I36-Z,36,HAEGU
IF,HAEGU,35.535194,129.542306, ,0.0,0.0,2,5000,0,0,0,0,1,0
TF,PU501,35.438361,129.484139,0, ,0.0,0.0,0.0,0.0,2,3500,0,0,0,0,0,0
TF,LUKLI,35.431778,129.365222,0,IULS,0.0,0.0,0.0,0.0,2,2500,0,0,0,0,1,0

FINAL,I36-Z,36,I,3
IF,LUKLI,35.431778,129.365222,IULS,184.1,10.4,2,2500,0,0,0,0,0,0
CF,FI36,35.516000,129.358194,0,IULS,184.1,5.3,4.0,5.0,1,1400,0,0,0,0,2,0
CF,RW36,35.584486,129.352486,0,IULS,184.1,1.2,4.0,4.1,1,75,0,0,0,0,3,0
CF,D359A,35.614944,129.349944,0,USN,358.6,1.0,4.0,1.8,0,0,0,0,0,0,0,1
CF,SEDMO,35.807528,129.281944,0,USN,352.5,13.0,353.0,12.0,1,4000,0,0,0,0,0,0
HM,SEDMO,35.807528,129.281944,1, ,0.0,0.0,173.0,04.3,3,5000,0,1,200,0,0,0,0

APPTR,R18-Y,18,MAKKY
IF,MAKKY,35.871889,129.259944, ,0.0,0.0,2,5000,0,0,0,0,1,0
TF,SEDMO,35.807528,129.281944,0, ,0.0,0.0,0.0,0.0,2,4000,0,0,0,0,0,0

FINAL,R18-Y,18,R,5
IF,SEDMO,35.807528,129.281944, ,0.0,0.0,2,4000,0,0,0,0,0,0
TF,PU402,35.737278,129.305944,0, ,0.0,0.0,173.0,4.4,2,3000,0,0,0,0,0,0
TF,BINJO,35.695417,129.320222,0, ,0.0,0.0,173.0,2.6,2,2400,0,0,0,0,2,0
TF,PU403,35.654306,129.334889,0, ,0.0,0.0,172.0,2.6,2,1300,0,0,0,0,0,0
TF,IGMEL,35.638250,129.340667,0, ,0.0,0.0,172.0,1.0,1,974,0,0,0,0,3,1
TF,PU406,35.524750,129.381194,0, ,0.0,0.0,0.0,0.0,0,0,0,0,0,0,0,0
TF,HAEGU,35.535194,129.542306,0, ,0.0,0.0,0.0,0.0,1,5000,0,0,0,0,0,1
HM,HAEGU,35.535194,129.542306,2, ,0.0,0.0,300.0,04.3,1,5000,0,1,200,0,0,0,0

APPTR,R18-Z,18,MAKKY
IF,MAKKY,35.871889,129.259944, ,0.0,0.0,2,5000,0,1,220,0,1,0
TF,SEDMO,35.807528,129.281944,0, ,0.0,0.0,0.0,0.0,2,4000,0,1,220,0,0,0

FINAL,R18-Z,18,R,6
IF,SEDMO,35.807528,129.281944, ,0.0,0.0,2,4000,0,1,220,0,0,0
TF,PU402,35.737278,129.305944,0, ,0.0,0.0,173.0,4.4,2,2800,0,1,220,0,0,0
TF,KALUS,35.693722,129.320806,0, ,0.0,0.0,173.0,2.7,2,2000,0,1,165,0,2,0
TF,GODIS,35.658528,129.342861,0, ,0.0,0.0,161.0,2.4,2,1218,0,1,165,0,0,0
RF,RIMTA,35.645111,129.347417,2,ARC01,183.4,2.1,2,944,0,1,165,0,0,0
TF,RW18,35.602469,129.350983,0, ,0.0,0.0,184.0,2.6,1,102,0,1,165,0,3,1
TF,PU407,35.491722,129.360222,0, ,0.0,0.0,0.0,0.0,0,0,0,1,220,0,0,0
TF,PU408,35.498111,129.475889,0, ,0.0,0.0,0.0,0.0,0,0,0,1,220,0,0,0
TF,HAEGU,35.535194,129.542306,0, ,0.0,0.0,0.0,0.0,2,5000,0,1,220,0,0,1
HM,HAEGU,35.535194,129.542306,2, ,0.0,0.0,300.0,04.3,1,5000,0,1,200,0,0,0,0

APPTR,R36,36,HAEGU
IF,HAEGU,35.535194,129.542306, ,0.0,0.0,2,5000,0,0,0,0,1,0
TF,PU501,35.438361,129.484139,0, ,0.0,0.0,0.0,0.0,2,3500,0,0,0,0,0,0
TF,LUKLI,35.431778,129.365222,0, ,0.0,0.0,0.0,0.0,2,2500,0,0,0,0,1,0

FINAL,R36,36,R,3
IF,LUKLI,35.431778,129.365222, ,0.0,0.0,2,2500,0,0,0,0,0,0
TF,DOOBU,35.515361,129.358250,0, ,0.0,0.0,4.0,5.0,2,1400,0,0,0,0,2,0
TF,ONAPU,35.565111,129.354111,0, ,0.0,0.0,4.0,3.0,1,449,0,0,0,0,3,1
TF,SEDMO,35.807528,129.281944,0, ,0.0,0.0,0.0,0.0,2,4000,0,0,0,0,0,1
HM,SEDMO,35.807528,129.281944,1, ,0.0,0.0,173.0,04.3,2,4000,0,1,200,0,0,0,0

