SID,FREED2,04,4
VA,0,43.0,2,700,0,0,0,0,0,0
DF,FREED,25.477808,126.542428,0, ,0.0,0.0,0,0,0,0,0,0,0,0

SID,FREED2,22,4
VA,0,223.0,2,600,0,0,0,0,0,0
DF,FREED,25.477808,126.542428,1, ,0.0,0.0,0,0,0,0,0,0,0,0

SID,NAHA6,04,1
CA,0,43.0,2,700,0,0,0,0,0,0
CF,PAYAO,25.279156,126.109133,0,MJC,59.8,53.6,60.0,52.0,0,0,0,0,0,0,0,0

SID,NAHA6,22,1
CA,0,223.0,2,600,0,0,0,0,0,0
VI,1, ,0.0,15.0,0,0,0,0,0,0,0,0
CF,PAYAO,25.279156,126.109133,0,MJC,59.8,53.6,60.0,49.0,0,0,0,0,0,0,0,0

SID,UMAKI2,04,4
VA,0,43.0,2,700,0,0,0,0,0,0
DF,WAIDO,24.692178,125.330128,2, ,0.0,0.0,2,3000,0,0,0,0,0,0
TF,UMAKI,24.622694,124.854169,0, ,0.0,0.0,0.0,0.0,2,3000,0,0,0,0,0,0

SID,UMAKI2,22,4
VA,0,223.0,2,600,0,0,0,0,0,0
DF,UMAKI,24.622694,124.854169,0, ,0.0,0.0,2,3000,0,0,0,0,0,0

SID,UMAKI2,JOTTO,6
IF,UMAKI,24.622694,124.854169, ,0.0,0.0,2,3000,0,0,0,0,0,0
TF,YAIMA,24.195642,124.199314,0, ,0.0,0.0,0.0,0.0,0,0,0,1,230,0,0,0
TF,JOTTO,24.243981,124.124911,0, ,0.0,0.0,0.0,0.0,2,3000,0,0,0,0,0,0

SID,UMAKI2,YUNTA,6
IF,UMAKI,24.622694,124.854169, ,0.0,0.0,2,3000,0,0,0,0,0,0
TF,YUNTA,24.558308,124.373133,0, ,0.0,0.0,0.0,0.0,2,3000,0,0,0,0,0,0

SID,WEST7,04,1
CA,0,43.0,2,700,0,0,0,0,0,0
VI,2, ,0.0,283.0,0,0,0,0,0,0,0,0
CF,SHUJI,24.708978,125.098556,0,MJC,253.0,11.4,253.0,8.0,2,3000,0,0,0,0,0,0

SID,WEST7,22,1
CA,0,223.0,2,600,0,0,0,0,0,0
CF,SHUJI,24.708978,125.098556,0,MJC,253.0,11.4,253.0,11.0,2,3000,0,0,0,0,0,0

STAR,YUTAHN,22,5
IF,YUTAH,25.351664,125.718069, ,0.0,0.0,0,0,0,0,0,0,0,0
TF,MIBAI,24.912236,125.407311,0, ,0.0,0.0,0.0,0.0,2,1600,0,0,0,0,0,0

STAR,YUTAHW,04,5
IF,YUTAH,25.351664,125.718069, ,0.0,0.0,0,0,0,0,0,0,0,0
TF,TANDI,24.785500,125.160775,0, ,0.0,0.0,0.0,0.0,2,5000,0,0,0,0,0,0
TF,GAHRA,24.711981,125.097319,0, ,0.0,0.0,0.0,0.0,2,3000,0,0,0,0,0,0

APPTR,D04,04,MJC
IF,MJC,24.777392,125.293408, ,0.0,0.0,2,3000,0,0,0,0,1,0
FD,MJC,24.777392,125.293408,0,MJC,0.0,11.0,210.0,11.0,0,0,0,1,200,0,0,0
CF,KOHMA,24.719497,125.235028,2,MJC,226.7,4.7,47.0,6.0,2,1600,0,0,0,0,0,0

FINAL,D04,04,D,2
IF,KOHMA,24.719497,125.235028,MJC,226.7,4.7,2,1600,0,0,0,0,2,0
CF,RW04,24.775736,125.289003,0,MJC,251.6,0.3,47.0,4.5,1,174,0,0,0,0,3,0
CF,MJC,24.777392,125.293408,0,MJC,0.0,0.0,47.0,0.3,0,0,0,0,0,0,0,1
CA,0,47.0,2,2000,0,0,0,0,0,0
DF,MJC,24.777392,125.293408,1, ,0.0,0.0,1,3000,0,0,0,0,0,0
HM,MJC,24.777392,125.293408,1, ,0.0,0.0,210.0,04.3,2,3000,0,1,230,0,0,0,0

APPTR,D22,22,MJC
IF,MJC,24.777392,125.293408, ,0.0,0.0,2,3000,0,0,0,0,0,0
FD,MJC,24.777392,125.293408,0,MJC,0.0,11.0,55.0,11.0,0,0,0,1,200,0,0,0
CF,CS22,24.929819,125.406192,1,MJC,38.0,11.0,218.0,1.0,2,1600,0,0,0,0,0,0

FINAL,D22,22,D,3
IF,CS22,24.929819,125.406192,MJC,38.0,11.0,2,1600,0,0,0,0,0,0
CF,SORYU,24.850092,125.347458,0,MJC,38.2,5.3,218.0,6.4,2,1600,0,0,0,0,2,0
CF,RW22,24.789906,125.301267,0,MJC,33.8,0.9,218.0,4.4,1,204,0,0,0,0,3,0
CF,MJC,24.777392,125.293408,0,MJC,0.0,0.0,218.0,0.9,0,0,0,0,0,0,0,1
FA,MJC,24.777392,125.293408,0,MJC,0.0,0.0,170.0,2,2000,0,0,0,0,0,0
DF,MJC,24.777392,125.293408,1, ,0.0,0.0,1,3000,0,0,0,0,0,0
HM,MJC,24.777392,125.293408,2, ,0.0,0.0,28.0,04.3,2,3000,0,1,230,0,0,0,0

APPTR,I22-Y,22,MJC
IF,MJC,24.777392,125.293408, ,0.0,0.0,2,3000,0,0,0,0,0,0
FD,MJC,24.777392,125.293408,0,MJC,0.0,11.0,58.0,11.0,0,0,0,1,200,0,0,0
CF,CF22,24.922950,125.416606,1,IMY,43.3,11.4,223.0,1.0,2,1600,0,0,0,0,0,0

FINAL,I22-Y,22,I,3
IF,CF22,24.922950,125.416606,IMY,43.3,11.4,2,1600,0,0,0,0,0,0
CF,UTIMA,24.846703,125.350464,0,IMY,43.3,5.5,223.0,5.8,1,1600,0,0,0,0,2,0
CF,RW22,24.789906,125.301267,0,IMY,43.3,1.2,223.0,4.3,1,204,0,0,0,0,3,0
VA,0,223.0,2,600,0,0,0,0,0,0
VI,1, ,0.0,125.0,0,0,0,0,0,0,0,0
FA,MJC,24.777392,125.293408,0,MJC,0.0,0.0,170.0,2,2000,0,0,0,0,0,0
DF,MJC,24.777392,125.293408,1, ,0.0,0.0,1,3000,0,0,0,0,0,0
HM,MJC,24.777392,125.293408,2, ,0.0,0.0,28.0,04.3,2,3000,0,1,230,0,0,0,0

FINAL,I22-Z,22,I,3
IF,MIBAI,24.912236,125.407311,IMY,43.3,10.5,2,1600,0,0,0,0,0,0
CF,UTIMA,24.846703,125.350464,0,IMY,43.3,5.5,223.0,5.0,1,1600,0,0,0,0,2,0
CF,RW22,24.789906,125.301267,0,IMY,43.3,1.2,223.0,4.3,1,204,0,0,0,0,3,0
VA,0,223.0,2,600,0,0,0,0,0,0
VI,1, ,0.0,125.0,0,0,0,0,0,0,0,0
FA,MJC,24.777392,125.293408,0,MJC,0.0,0.0,170.0,2,2000,0,0,0,0,0,0
DF,MJC,24.777392,125.293408,1, ,0.0,0.0,1,3000,0,0,0,0,0,0
HM,MJC,24.777392,125.293408,2, ,0.0,0.0,28.0,04.3,2,3000,0,1,230,0,0,0,0

APPTR,R04-X,04,ARGUY
IF,ARGUY,24.781353,125.598481, ,0.0,0.0,2,2000,0,0,0,0,1,0
TF,SHIBY,24.733817,125.454525,0, ,0.0,0.0,0.0,0.0,0,0,0,0,0,0,1,0

FINAL,R04-X,04,R,5
IF,SHIBY,24.733817,125.454525, ,0.0,0.0,0,0,0,0,0,0,0,0
TF,MY462,24.689397,125.320497,0, ,0.0,0.0,255.0,7.8,2,2000,0,1,185,0,0,0
RF,INGYA,24.694003,125.279869,2,MYRF2,355.1,2.5,1,2000,0,0,0,0,2,0
RF,MY461,24.753533,125.269794,2,MYRF2,41.9,2.5,1,712,0,0,0,0,0,0
TF,RW04,24.775736,125.289003,0, ,0.0,0.0,43.0,1.7,1,174,0,0,0,0,3,1
TF,UTIMA,24.846703,125.350464,0, ,0.0,0.0,0.0,0.0,0,0,0,0,0,0,0,0
TF,ARGUY,24.781353,125.598481,0, ,0.0,0.0,0.0,0.0,1,2000,0,0,0,0,0,0
HM,ARGUY,24.781353,125.598481,1, ,0.0,0.0,274.0,04.3,2,2000,0,1,230,0,0,0,0

APPTR,R04-Y,04,KACHU
IF,KACHU,24.957261,125.341097, ,0.0,0.0,2,2000,0,0,0,0,1,0
TF,MIJUN,24.894111,125.281067,0, ,0.0,0.0,0.0,0.0,0,0,0,0,0,0,1,0

FINAL,R04-Y,04,R,5
IF,MIJUN,24.894111,125.281067, ,0.0,0.0,0,0,0,0,0,0,0,0
TF,MY460,24.807247,125.198639,0, ,0.0,0.0,226.0,6.9,2,2000,0,1,185,0,0,0
RF,FUUKA,24.747436,125.203789,1,MYRF1,88.0,2.5,1,2000,0,0,0,0,2,0
RF,MY461,24.753533,125.269794,1,MYRF1,41.9,2.5,1,712,0,0,0,0,0,0
TF,RW04,24.775736,125.289003,0, ,0.0,0.0,43.0,1.7,1,174,0,0,0,0,3,1
TF,UTIMA,24.846703,125.350464,0, ,0.0,0.0,0.0,0.0,0,0,0,0,0,0,0,0
TF,KACHU,24.957261,125.341097,0, ,0.0,0.0,0.0,0.0,1,2000,0,0,0,0,0,0
HM,KACHU,24.957261,125.341097,2, ,0.0,0.0,199.0,04.3,2,2000,0,1,230,0,0,0,0

APPTR,R04-Z,04,DANKE
IF,DANKE,24.599572,125.253286, ,0.0,0.0,2,2000,0,0,0,0,1,0
TF,KURIM,24.651347,125.181508,0, ,0.0,0.0,0.0,0.0,0,0,0,0,0,0,1,0
TF,PAINA,24.716961,125.238172,0, ,0.0,0.0,0.0,0.0,2,1600,0,0,0,0,0,0

APPTR,R04-Z,04,GAHRA
IF,GAHRA,24.711981,125.097319, ,0.0,0.0,2,3000,0,0,0,0,1,0
TF,KURIM,24.651347,125.181508,0, ,0.0,0.0,0.0,0.0,0,0,0,0,0,0,1,0
TF,PAINA,24.716961,125.238172,0, ,0.0,0.0,0.0,0.0,2,1600,0,0,0,0,0,0

FINAL,R04-Z,04,R,2
IF,PAINA,24.716961,125.238172, ,0.0,0.0,2,1600,0,0,0,0,2,0
TF,RW04,24.775736,125.289003,0, ,0.0,0.0,43.0,4.5,1,174,0,0,0,0,3,1
DF,UTIMA,24.846703,125.350464,0, ,0.0,0.0,0,0,0,0,0,0,0,1
DF,DANKE,24.599572,125.253286,2, ,0.0,0.0,1,2000,0,0,0,0,0,0
HM,DANKE,24.599572,125.253286,2, ,0.0,0.0,17.0,04.3,2,2000,0,1,230,0,0,0,0

