SID,KIBO2C,02,2
CA,0,24.0,2,3000,0,0,0,0,0,0
DF,CIA,15.186889,120.560639,2, ,0.0,0.0,2,7000,0,0,0,0,0,0
TF,KIBOK,14.984917,120.398000,0, ,0.0,0.0,0.0,0.0,0,0,0,0,0,0,0,0

SID,KIBO3F,20,2
CD, ,0,0,0,CIA,0,0.0,204.0,4.0,0,0,0,0,0,0,0,0
DF,CIA,15.186889,120.560639,1, ,0.0,0.0,0,0,0,1,220,0,0,0
TF,KIBOK,14.984917,120.398000,1, ,0.0,0.0,0.0,0.0,2,7000,0,0,0,0,0,0

SID,MALI1A,02,2
CA,0,24.0,2,3000,0,0,0,0,0,0
VI,0, ,0.0,326.0,0,0,0,0,0,0,0,0
CF,NABAL,15.471389,120.523472,0,CIA,355.8,17.1,356.0,9.0,2,9000,0,0,0,0,0,0
TF,MALIB,15.684778,120.495750,0, ,0.0,0.0,0.0,0.0,0,0,0,0,0,0,0,0

SID,MALI2C,20,2
CD, ,0,0,0,CIA,0,0.0,204.0,4.0,0,0,0,0,0,0,0,0
DF,CIA,15.186889,120.560639,1, ,0.0,0.0,0,0,0,1,220,0,0,0
TF,NABAL,15.471389,120.523472,0, ,0.0,0.0,0.0,0.0,0,0,0,0,0,0,0,0
TF,MALIB,15.684778,120.495750,0, ,0.0,0.0,0.0,0.0,2,9000,0,0,0,0,0,0

SID,OLIV2E,02,2
CA,0,24.0,2,3000,0,0,0,0,0,0
VI,2, ,0.0,195.0,0,0,0,0,0,0,0,0
CF,D150J,15.047286,120.655689,0,CIA,149.5,10.0,150.0,4.0,2,6000,0,0,0,0,0,0
TF,OLIVA,14.949389,120.722333,0, ,0.0,0.0,0.0,0.0,0,0,0,0,0,0,0,0

SID,OLIV3F,20,2
CD, ,0,0,0,CIA,0,0.0,204.0,4.0,0,0,0,0,0,0,0,0
VI,0, ,0.0,114.0,0,0,0,1,220,0,0,0
CF,OLIVA,14.949389,120.722333,0,CIA,149.5,17.0,150.0,8.0,2,6000,0,0,0,0,0,0

SID,RAYA2A,02,2
CA,0,24.0,2,3000,0,0,0,0,0,0
DF,D108H,15.151236,120.693531,2, ,0.0,0.0,2,5000,0,0,0,0,0,0
TF,RAYAT,15.117861,120.817611,0, ,0.0,0.0,0.0,0.0,2,7000,0,0,0,0,0,0

SID,RAYA3D,20,2
CD, ,0,0,0,CIA,0,0.0,204.0,4.0,0,0,0,0,0,0,0,0
VI,1, ,0.0,69.0,0,0,0,1,220,0,0,0
CF,RAYAT,15.117861,120.817611,0,CIA,108.4,15.5,109.0,6.0,2,7000,0,0,0,0,0,0

SID,REPA2A,02,2
CA,0,24.0,2,3000,0,0,0,0,0,0
VI,2, ,0.0,198.0,0,0,0,0,0,0,0,0
CF,D168J,15.024894,120.603986,0,CIA,168.4,10.0,168.0,2.0,2,7000,0,0,0,0,0,0
TF,REPAT,14.831333,120.655694,0, ,0.0,0.0,0.0,0.0,0,0,0,0,0,0,0,0

SID,REPA3D,20,2
CD, ,0,0,0,CIA,0,0.0,204.0,4.0,0,0,0,0,0,0,0,0
VI,0, ,0.0,138.0,0,0,0,1,220,0,0,0
CF,REPAT,14.831333,120.655694,0,CIA,168.4,22.0,169.0,13.0,2,7000,0,0,0,0,0,0

SID,REPA4R,02,5
CA,0,24.0,2,3000,0,0,0,0,0,0
DF,PENGS,15.139167,120.728861,2, ,0.0,0.0,2,5000,0,1,250,0,0,0
TF,MORFE,15.016861,120.699750,0, ,0.0,0.0,0.0,0.0,0,0,0,0,0,0,0,0
TF,REPAT,14.831333,120.655694,0, ,0.0,0.0,0.0,0.0,2,7000,0,0,0,0,0,0

SID,REPA5P,20,5
CF,MIKEV,15.127500,120.539278,0,CIA,202.3,3.8,204.0,3.0,0,0,0,0,0,0,0,1
DF,DOKNI,14.994528,120.601806,0, ,0.0,0.0,0,0,0,1,230,0,0,0
TF,REPAT,14.831333,120.655694,0, ,0.0,0.0,0.0,0.0,2,7000,0,0,0,0,0,0

SID,RIAN2A,02,2
CA,0,24.0,2,970,0,0,0,0,0,0
VI,0, ,0.0,90.0,0,0,0,0,0,0,0,0
CF,RIANO,15.350831,120.817625,0,CIA,59.7,17.8,60.0,15.0,2,5000,0,0,0,0,0,0

SID,RIAN3D,20,2
CD, ,0,0,0,CIA,0,0.0,204.0,4.0,0,0,0,0,0,0,0,0
VI,1, ,0.0,20.0,0,0,0,1,220,0,0,0
CF,RIANO,15.350831,120.817625,0,CIA,59.7,17.8,60.0,13.0,2,7000,0,0,0,0,0,0

SID,RIAN4R,02,5
CA,0,24.0,2,1000,0,0,0,0,0,0
DF,RIANO,15.350831,120.817625,0, ,0.0,0.0,2,5000,0,0,0,0,0,0

SID,RIAN5N,20,5
CF,MIKEV,15.127500,120.539278,0,CIA,202.3,3.8,204.0,3.0,0,0,0,0,0,0,0,1
DF,REMUN,15.079000,120.704861,1, ,0.0,0.0,0,0,0,1,230,0,0,0
TF,ESLIP,15.156000,120.779972,0, ,0.0,0.0,0.0,0.0,0,0,0,1,250,0,0,0
TF,RIANO,15.350831,120.817625,0, ,0.0,0.0,0.0,0.0,2,5000,0,0,0,0,0,0

SID,RIAN5P,20,5
CF,MIKEV,15.127500,120.539278,0,CIA,202.3,3.8,204.0,3.0,0,0,0,0,0,0,0,1
DF,EDUEL,15.238167,120.688472,1, ,0.0,0.0,0,0,0,1,230,0,0,0
TF,RIANO,15.350831,120.817625,0, ,0.0,0.0,0.0,0.0,2,5000,0,0,0,0,0,0

STAR,BABA3P,20,5
IF,BABAN,15.513389,120.474417, ,0.0,0.0,2,5000,0,0,0,0,0,0
TF,DINOS,15.419917,120.549889,0, ,0.0,0.0,0.0,0.0,2,5000,0,0,0,0,0,0

STAR,BABA5R,02,5
IF,BABAN,15.513389,120.474417, ,0.0,0.0,2,10000,0,0,0,0,0,0
TF,NABAL,15.471389,120.523472,0, ,0.0,0.0,0.0,0.0,0,0,0,0,0,0,0,0
TF,CIA,15.186889,120.560639,0, ,0.0,0.0,0.0,0.0,0,0,0,0,0,0,0,0
TF,MAMEN,15.073556,120.637861,0, ,0.0,0.0,0.0,0.0,0,0,0,0,0,0,0,0
TF,EDLEX,14.968361,120.596222,0, ,0.0,0.0,0.0,0.0,2,5000,0,1,230,0,0,0

STAR,BABA7R,02,5
IF,BABAN,15.513389,120.474417, ,0.0,0.0,2,10000,0,0,0,0,0,0
TF,NABAL,15.471389,120.523472,0, ,0.0,0.0,0.0,0.0,0,0,0,0,0,0,0,0
TF,SIYAK,15.385306,120.641528,0, ,0.0,0.0,0.0,0.0,2,5000,0,0,0,0,0,0

STAR,KIBO3N,20,5
IF,KIBOK,14.984917,120.398000, ,0.0,0.0,2,10000,0,0,0,0,0,0
TF,CIA,15.186889,120.560639,0, ,0.0,0.0,0.0,0.0,2,6000,0,0,0,0,0,0
TF,EDUEL,15.238167,120.688472,0, ,0.0,0.0,0.0,0.0,0,0,0,0,0,0,0,0
TF,PILEG,15.350639,120.733111,0, ,0.0,0.0,0.0,0.0,2,3500,0,0,0,0,0,0

STAR,KIBO3P,20,5
IF,KIBOK,14.984917,120.398000, ,0.0,0.0,2,10000,0,0,0,0,0,0
TF,MANOV,15.280250,120.491750,0, ,0.0,0.0,0.0,0.0,2,6000,0,0,0,0,0,0
TF,DINOS,15.419917,120.549889,0, ,0.0,0.0,0.0,0.0,2,5000,0,0,0,0,0,0

STAR,MALI1N,20,2
IF,MALIB,15.684778,120.495750, ,0.0,0.0,0,0,0,0,0,0,0,0
TF,NABAL,15.471389,120.523472,0, ,0.0,0.0,0.0,0.0,0,0,0,0,0,0,0,0
TF,SEMBI,15.402778,120.532500,0, ,0.0,0.0,0.0,0.0,2,3500,0,0,0,0,0,0

STAR,MALI3P,20,5
IF,MALIB,15.684778,120.495750, ,0.0,0.0,2,9000,0,0,0,0,0,0
TF,DINOS,15.419917,120.549889,0, ,0.0,0.0,0.0,0.0,2,5000,0,0,0,0,0,0

STAR,MALI5R,02,5
IF,MALIB,15.684778,120.495750, ,0.0,0.0,2,10000,0,0,0,0,0,0
TF,NABAL,15.471389,120.523472,0, ,0.0,0.0,0.0,0.0,0,0,0,0,0,0,0,0
TF,CIA,15.186889,120.560639,0, ,0.0,0.0,0.0,0.0,0,0,0,0,0,0,0,0
TF,MAMEN,15.073556,120.637861,0, ,0.0,0.0,0.0,0.0,0,0,0,0,0,0,0,0
TF,EDLEX,14.968361,120.596222,0, ,0.0,0.0,0.0,0.0,2,5000,0,1,230,0,0,0

STAR,MALI7R,02,5
IF,MALIB,15.684778,120.495750, ,0.0,0.0,2,10000,0,0,0,0,0,0
TF,NABAL,15.471389,120.523472,0, ,0.0,0.0,0.0,0.0,0,0,0,0,0,0,0,0
TF,SIYAK,15.385306,120.641528,0, ,0.0,0.0,0.0,0.0,2,5000,0,0,0,0,0,0

STAR,OLIV3P,20,5
IF,OLIVA,14.949389,120.722333, ,0.0,0.0,2,6000,0,0,0,0,0,0
TF,REMUN,15.079000,120.704861,0, ,0.0,0.0,0.0,0.0,0,0,0,0,0,0,0,0
TF,DRADA,15.138528,120.696833,0, ,0.0,0.0,0.0,0.0,0,0,0,0,0,0,0,0
TF,EDUEL,15.238167,120.688472,0, ,0.0,0.0,0.0,0.0,0,0,0,0,0,0,0,0
TF,PILEG,15.350639,120.733111,0, ,0.0,0.0,0.0,0.0,2,3500,0,0,0,0,0,0

STAR,OLIV5R,02,5
IF,OLIVA,14.949389,120.722333, ,0.0,0.0,2,6000,0,0,0,0,0,0
TF,EDLEX,14.968361,120.596222,0, ,0.0,0.0,0.0,0.0,2,5000,0,1,230,0,0,0

STAR,RAYA1N,20,2
IF,RAYAT,15.117861,120.817611, ,0.0,0.0,0,0,0,0,0,0,0,0
TF,D108M,15.128914,120.776564,0, ,0.0,0.0,0.0,0.0,0,0,0,0,0,0,0,0
AF,TAXIT,15.306389,120.747778,1,CIA,59.6,13.0,108.0,2,5100,0,0,0,0,0,0

STAR,RAYA3P,20,5
IF,RAYAT,15.117861,120.817611, ,0.0,0.0,2,7000,0,0,0,0,0,0
TF,DRADA,15.138528,120.696833,0, ,0.0,0.0,0.0,0.0,0,0,0,0,0,0,0,0
TF,EDUEL,15.238167,120.688472,0, ,0.0,0.0,0.0,0.0,0,0,0,0,0,0,0,0
TF,PILEG,15.350639,120.733111,0, ,0.0,0.0,0.0,0.0,2,3500,0,0,0,0,0,0

STAR,RAYA5R,02,5
IF,RAYAT,15.117861,120.817611, ,0.0,0.0,2,7000,0,0,0,0,0,0
TF,MORFE,15.016861,120.699750,0, ,0.0,0.0,0.0,0.0,0,0,0,0,0,0,0,0
TF,EDLEX,14.968361,120.596222,0, ,0.0,0.0,0.0,0.0,2,5000,0,1,230,0,0,0

STAR,REPA5R,02,5
IF,REPAT,14.831333,120.655694, ,0.0,0.0,2,7000,0,0,0,0,0,0
TF,EDLEX,14.968361,120.596222,0, ,0.0,0.0,0.0,0.0,2,5000,0,1,230,0,0,0

STAR,RIAN1N,20,2
IF,RIANO,15.350831,120.817625, ,0.0,0.0,0,0,0,0,0,0,0,0
TF,TAXIT,15.306389,120.747778,0, ,0.0,0.0,0.0,0.0,2,5100,0,0,0,0,0,0

STAR,TADE1N,20,2
IF,TADEL,15.414139,120.432861, ,0.0,0.0,0,0,0,0,0,0,0,0
TF,D334M,15.377864,120.453219,0, ,0.0,0.0,0.0,0.0,0,0,0,0,0,0,0,0
AF,SEMBI,15.402778,120.532500,2,CIA,355.8,13.0,334.0,2,3500,0,0,0,0,0,0

APPTR,I02,02,CIA1
IF,CIA,15.186889,120.560639, ,0.0,0.0,2,6000,0,0,0,0,1,0
FD,CIA,15.186889,120.560639,0,CIA,0.0,9.0,181.0,9.0,2,3000,0,1,210,0,0,0
CF,CF02,15.045642,120.506803,2,ICA,204.1,10.1,24.0,1.0,2,3000,0,0,0,0,0,0

APPTR,I02,02,CIA2
IF,CIA,15.186889,120.560639, ,0.0,0.0,2,6000,0,0,0,0,1,0
FD,CIA,15.186889,120.560639,0,CIA,0.0,9.0,193.0,9.0,2,3000,0,0,0,0,0,0
CF,CF02,15.045642,120.506803,2,ICA,204.1,10.1,24.0,1.0,2,3000,0,0,0,0,0,0

FINAL,I02,02,I,3
IF,CF02,15.045642,120.506803,ICA,204.1,10.1,2,3000,0,0,0,0,0,0
CF,FF02,15.071528,120.517111,0,ICA,204.1,8.5,24.0,1.7,1,3000,0,0,0,0,2,0
CF,RW02,15.174367,120.557842,0,ICA,204.0,1.9,24.0,6.6,1,515,0,0,0,0,3,0
CA,0,24.0,2,3000,0,0,0,0,0,0
DF,CIA,15.186889,120.560639,2, ,0.0,0.0,2,6000,0,1,230,0,0,0
HM,CIA,15.186889,120.560639,1, ,0.0,0.0,180.0,04.3,2,6000,0,1,230,0,0,0,0

APPTR,I20,20,ANLAS
HF,ANLAS,15.388611,120.644722,2, ,0.0,0.0,204.0,04.3,2,3500,0,1,230,0,1,0,0

APPTR,I20,20,CIA1
IF,CIA,15.186889,120.560639, ,0.0,0.0,2,7400,0,0,0,0,1,0
FD,CIA,15.186889,120.560639,0,CIA,0.0,10.0,49.0,10.0,0,0,0,1,220,0,0,0
VI,1,ICK,0.0,234.0,2,2600,0,0,0,0,0,0

APPTR,I20,20,CIA2
IF,CIA,15.186889,120.560639, ,0.0,0.0,2,7400,0,0,0,0,1,0
FD,CIA,15.186889,120.560639,0,CIA,0.0,10.0,35.0,10.0,0,0,0,0,0,0,0,0
VI,1,ICK,0.0,234.0,2,2600,0,0,0,0,0,0

APPTR,I20,20,SEMBI
IF,SEMBI,15.402778,120.532500, ,0.0,0.0,2,3500,0,0,0,0,1,0
AF,D014M,15.400472,120.603433,2,CIA,14.0,13.0,356.0,2,3500,0,0,0,0,0,0
VI,0,ICK,0.0,174.0,0,0,0,0,0,0,0,0

APPTR,I20,20,TAXIT
IF,TAXIT,15.306389,120.747778, ,0.0,0.0,2,5100,0,0,0,0,1,0
AF,D034M,15.373367,120.676136,1,CIA,34.0,13.0,60.0,2,3500,0,0,0,0,0,0
VI,0,ICK,0.0,234.0,0,0,0,0,0,0,0,0

FINAL,I20,20,I,3
IF,ANLAS,15.388611,120.644722,ICK,24.5,13.9,2,3500,0,0,0,0,0,0
CF,FF20,15.305111,120.609694,0,ICK,24.1,8.6,204.0,5.4,1,2600,0,0,0,0,2,0
CF,RW20,15.201361,120.568539,0,ICK,24.0,1.9,204.0,6.6,1,442,0,0,0,0,3,0
VA,0,204.0,2,970,0,0,0,0,0,0
FD,CIA,15.186889,120.560639,0,CIA,0.0,3.0,204.0,3.0,0,0,0,0,0,0,0,0
VR,1,CIA,57.0,12.0,0,0,0,1,210,0,0,0
CD, ,0,0,0,CIA,0,0.0,57.0,10.0,0,0,0,0,0,0,0,0
CF,D057M,15.314708,120.742011,0,CIA,57.0,13.0,57.0,3.0,0,0,0,0,0,0,0,0
AF,ANLAS,15.388611,120.644722,1,CIA,25.0,13.0,57.0,2,3500,0,1,210,0,0,0
HM,ANLAS,15.388611,120.644722,2, ,0.0,0.0,204.0,04.3,2,3500,0,1,230,0,0,0,0

APPTR,R02,02,EDLEX
IF,EDLEX,14.968361,120.596222, ,0.0,0.0,2,5000,0,1,230,0,1,0
TF,LC02C,15.007417,120.491722,0, ,0.0,0.0,0.0,0.0,4,3800,3500,1,210,0,1,0
TF,LC02D,15.069889,120.516444,2, ,0.0,0.0,0.0,0.0,1,3000,0,0,0,0,0,0

APPTR,R02,02,SIYAK
IF,SIYAK,15.385306,120.641528, ,0.0,0.0,2,5000,0,0,0,0,1,0
TF,MAMEN,15.073556,120.637861,0, ,0.0,0.0,0.0,0.0,0,0,0,0,0,0,0,0
TF,EDLEX,14.968361,120.596222,0, ,0.0,0.0,0.0,0.0,2,5000,0,1,230,0,0,0
TF,LC02C,15.007417,120.491722,0, ,0.0,0.0,0.0,0.0,4,3800,3500,1,210,0,1,0
TF,LC02D,15.069889,120.516444,2, ,0.0,0.0,0.0,0.0,1,3000,0,0,0,0,0,0

FINAL,R02,02,R,2
IF,LC02D,15.069889,120.516444, ,0.0,0.0,1,3000,0,0,0,0,2,0
TF,RW02,15.174367,120.557842,0, ,0.0,0.0,24.0,6.7,1,515,0,0,0,0,3,1
CF,SIYAK,15.385306,120.641528,0,CIA,24.6,12.8,24.0,13.5,2,5000,0,0,0,0,0,0
HM,SIYAK,15.385306,120.641528,2, ,0.0,0.0,204.0,04.3,2,5000,0,1,230,0,0,0,0

APPTR,R20,20,DINOS
IF,DINOS,15.419917,120.549889, ,0.0,0.0,2,5000,0,1,230,0,1,0
TF,SIYAK,15.385306,120.641528,0, ,0.0,0.0,0.0,0.0,2,3500,0,1,230,0,1,0

APPTR,R20,20,PILEG
IF,PILEG,15.350639,120.733111, ,0.0,0.0,2,3500,0,1,230,0,1,0
TF,SIYAK,15.385306,120.641528,0, ,0.0,0.0,0.0,0.0,2,3500,0,1,230,0,1,0

APPTR,R20,20,SIYAK
HF,SIYAK,15.385306,120.641528,2, ,0.0,0.0,204.0,04.3,2,3500,0,1,230,0,1,0,0

FINAL,R20,20,R,3
IF,SIYAK,15.385306,120.641528, ,0.0,0.0,2,3500,0,1,230,0,0,0
TF,LC20B,15.307222,120.610528,0, ,0.0,0.0,204.0,5.0,1,2600,0,0,0,0,2,0
TF,RW20,15.201361,120.568539,0, ,0.0,0.0,204.0,6.8,1,442,0,0,0,0,3,1
CF,PATPA,15.135306,120.542361,0,CIA,202.0,3.3,204.0,4.2,0,0,0,0,0,0,0,1
DF,EDUEL,15.238167,120.688472,1, ,0.0,0.0,0,0,0,1,220,0,0,0
TF,PILEG,15.350639,120.733111,0, ,0.0,0.0,0.0,0.0,2,3500,0,1,230,0,0,0
TF,SIYAK,15.385306,120.641528,0, ,0.0,0.0,0.0,0.0,2,3500,0,1,230,0,0,0
HM,SIYAK,15.385306,120.641528,2, ,0.0,0.0,204.0,04.3,2,3500,0,1,230,0,0,0,0

