SID,JINE1A,35,2
CA,0,354.0,2,1010,0,0,0,0,0,0
VI,2, ,0.0,204.0,0,0,0,0,0,0,0,0
CF,ANIMU,5.747333,125.133083,0,GSA,173.9,19.8,174.0,12.0,2,10000,0,0,0,0,0,0
TF,BURIA,5.660222,125.143917,0, ,0.0,0.0,0.0,0.0,0,0,0,0,0,0,0,0
TF,JINET,5.498500,125.163000,0, ,0.0,0.0,0.0,0.0,0,0,0,0,0,0,0,0

SID,JINE1B,17,2
CA,0,174.0,2,1010,0,0,0,0,0,0
CF,ANIMU,5.747333,125.133083,0,GSA,173.9,19.8,174.0,18.0,2,10000,0,0,0,0,0,0
TF,BURIA,5.660222,125.143917,0, ,0.0,0.0,0.0,0.0,0,0,0,0,0,0,0,0
TF,JINET,5.498500,125.163000,0, ,0.0,0.0,0.0,0.0,0,0,0,0,0,0,0,0

SID,JINE4P,35,5
CA,0,354.0,2,1100,0,0,0,0,0,0
DF,LORIE,5.899444,125.263056,2, ,0.0,0.0,0,0,0,1,250,0,0,0
TF,JINET,5.498500,125.163000,0, ,0.0,0.0,0.0,0.0,2,10000,0,0,0,0,0,0

SID,JINE4R,17,5
CF,TELMA,5.977222,125.106111,0,GSA,172.9,5.9,174.0,4.0,0,0,0,0,0,0,0,1
DF,GASSI,5.789167,125.128611,0, ,0.0,0.0,0,0,0,0,0,0,0,0
TF,JINET,5.498500,125.163000,0, ,0.0,0.0,0.0,0.0,2,10000,0,0,0,0,0,0

SID,JINE4S,35,5
CA,0,354.0,2,1100,0,0,0,0,0,0
DF,NARYA,6.048889,125.273056,2, ,0.0,0.0,0,0,0,1,250,0,0,0
TF,JIEZL,5.830278,125.300000,0, ,0.0,0.0,0.0,0.0,0,0,0,0,0,0,0,0
TF,JINET,5.498500,125.163000,0, ,0.0,0.0,0.0,0.0,2,10000,0,0,0,0,0,0

SID,LATI1A,35,2
CA,0,354.0,2,1010,0,0,0,0,0,0
DF,GSA,6.075667,125.092194,2, ,0.0,0.0,0,0,0,0,0,0,0,0
TF,D349J,6.239692,125.058428,0, ,0.0,0.0,0.0,0.0,2,9000,0,0,0,0,0,0
TF,PAKAN,6.485611,125.007667,0, ,0.0,0.0,0.0,0.0,2,13000,0,0,0,0,0,0
TF,LATIA,6.904750,124.921250,0, ,0.0,0.0,0.0,0.0,0,0,0,0,0,0,0,0

SID,LATI1B,17,2
CA,0,174.0,2,1010,0,0,0,0,0,0
VI,1, ,0.0,319.0,0,0,0,0,0,0,0,0
CF,D349J,6.239692,125.058428,0,GSA,349.4,10.0,349.0,5.0,2,9000,0,0,0,0,0,0
TF,PAKAN,6.485611,125.007667,0, ,0.0,0.0,0.0,0.0,2,13000,0,0,0,0,0,0
TF,LATIA,6.904750,124.921250,0, ,0.0,0.0,0.0,0.0,0,0,0,0,0,0,0,0

SID,LATI4P,35,5
CA,0,354.0,2,1100,0,0,0,0,0,0
CF,TENIX,6.231667,125.239444,0,GSA,44.4,12.8,54.0,11.0,0,0,0,1,250,0,0,0
TF,KABAY,6.445333,125.288611,0, ,0.0,0.0,0.0,0.0,0,0,0,0,0,0,0,0
TF,YESHA,6.643333,125.130556,0, ,0.0,0.0,0.0,0.0,0,0,0,0,0,0,0,0
TF,LATIA,6.904750,124.921250,0, ,0.0,0.0,0.0,0.0,2,13000,0,0,0,0,0,0

SID,LATI4R,17,5
CF,TELMA,5.977222,125.106111,0,GSA,172.9,5.9,174.0,4.0,0,0,0,1,230,0,0,1
DF,AGRID,6.160278,125.180833,1, ,0.0,0.0,0,0,0,0,0,0,0,0
TF,KABAY,6.445333,125.288611,0, ,0.0,0.0,0.0,0.0,0,0,0,0,0,0,0,0
TF,YESHA,6.643333,125.130556,0, ,0.0,0.0,0.0,0.0,0,0,0,0,0,0,0,0
TF,LATIA,6.904750,124.921250,0, ,0.0,0.0,0.0,0.0,2,13000,0,0,0,0,0,0

SID,MEGO1A,35,2
CA,0,354.0,2,1010,0,0,0,0,0,0
CF,D029J,6.223539,125.170736,0,GSA,29.0,10.0,29.0,10.0,2,6000,0,0,0,0,0,0
TF,KABAY,6.445333,125.288611,0, ,0.0,0.0,0.0,0.0,0,0,0,0,0,0,0,0
TF,MEGOM,6.715417,125.432306,0, ,0.0,0.0,0.0,0.0,0,0,0,0,0,0,0,0

SID,MEGO1B,17,2
CA,0,174.0,2,1010,0,0,0,0,0,0
VI,1, ,0.0,359.0,0,0,0,0,0,0,0,0
CF,D029J,6.223539,125.170736,0,GSA,29.0,10.0,29.0,2.0,2,6000,0,0,0,0,0,0
TF,KABAY,6.445333,125.288611,0, ,0.0,0.0,0.0,0.0,0,0,0,0,0,0,0,0
TF,MEGOM,6.715417,125.432306,0, ,0.0,0.0,0.0,0.0,0,0,0,0,0,0,0,0

SID,MELB1A,35,2
CA,0,354.0,2,1010,0,0,0,0,0,0
CF,D322J,6.205939,124.987047,2,GSA,322.1,10.0,322.0,11.0,2,7000,0,0,0,0,0,0
TF,BANGA,6.401556,124.829278,0, ,0.0,0.0,0.0,0.0,2,10000,0,0,0,0,0,0
TF,MELBY,6.669028,124.612944,0, ,0.0,0.0,0.0,0.0,0,0,0,0,0,0,0,0

SID,MELB1B,17,2
CA,0,174.0,2,1010,0,0,0,0,0,0
VI,1, ,0.0,292.0,0,0,0,0,0,0,0,0
CF,D322J,6.205939,124.987047,0,GSA,322.1,10.0,322.0,7.0,2,7000,0,0,0,0,0,0
TF,BANGA,6.401556,124.829278,0, ,0.0,0.0,0.0,0.0,2,10000,0,0,0,0,0,0
TF,MELBY,6.669028,124.612944,0, ,0.0,0.0,0.0,0.0,0,0,0,0,0,0,0,0

SID,SEBU1A,35,2
CA,0,354.0,2,1010,0,0,0,0,0,0
VI,2, ,0.0,317.0,0,0,0,0,0,0,0,0
CF,D287J,6.121147,124.931172,0,GSA,286.8,10.0,287.0,9.0,2,8000,0,0,0,0,0,0
TF,KAMBE,6.189417,124.689611,0, ,0.0,0.0,0.0,0.0,2,10000,0,0,0,0,0,0
TF,SEBUL,6.229333,124.547861,0, ,0.0,0.0,0.0,0.0,0,0,0,0,0,0,0,0

SID,SEBU1B,17,2
CA,0,174.0,2,1010,0,0,0,0,0,0
VI,1, ,0.0,257.0,0,0,0,0,0,0,0,0
CF,D287J,6.121147,124.931172,0,GSA,286.8,10.0,287.0,9.0,2,8000,0,0,0,0,0,0
TF,KAMBE,6.189417,124.689611,0, ,0.0,0.0,0.0,0.0,2,10000,0,0,0,0,0,0
TF,SEBUL,6.229333,124.547861,0, ,0.0,0.0,0.0,0.0,0,0,0,0,0,0,0,0

SID,SEBU4R,17,5
CF,AMORE,5.918889,125.113056,0,GSA,173.4,9.4,174.0,7.5,0,0,0,1,250,0,0,1
DF,ESCAR,5.802778,124.926667,0, ,0.0,0.0,0,0,0,0,0,0,0,0
TF,REDBE,5.911389,124.732222,0, ,0.0,0.0,0.0,0.0,0,0,0,0,0,0,0,0
TF,SEBUL,6.229333,124.547861,0, ,0.0,0.0,0.0,0.0,2,10000,0,0,0,0,0,0

STAR,JINE3P,35,5
IF,JINET,5.498500,125.163000, ,0.0,0.0,2,10000,0,0,0,0,0,0
TF,GASSI,5.789167,125.128611,0, ,0.0,0.0,0.0,0.0,2,3000,0,0,0,0,0,0

STAR,JINE5R,17,5
IF,JINET,5.498500,125.163000, ,0.0,0.0,2,10000,0,0,0,0,0,0
TF,EIZAY,5.829722,125.179444,0, ,0.0,0.0,0.0,0.0,2,6000,0,0,0,0,0,0

STAR,JINET1,ALL,2
IF,JINET,5.498500,125.163000, ,0.0,0.0,0,0,0,0,0,0,0,0
TF,BURIA,5.660222,125.143917,0, ,0.0,0.0,0.0,0.0,0,0,0,0,0,0,0,0
TF,ANIMU,5.747333,125.133083,0, ,0.0,0.0,0.0,0.0,1,10000,0,0,0,0,0,0
TF,GSA,6.075667,125.092194,0, ,0.0,0.0,0.0,0.0,1,4000,0,0,0,0,0,0

STAR,LATIA1,ALL,2
IF,LATIA,6.904750,124.921250, ,0.0,0.0,0,0,0,0,0,0,0,0
TF,PAKAN,6.485611,125.007667,0, ,0.0,0.0,0.0,0.0,1,13000,0,0,0,0,0,0
TF,D349O,6.321703,125.041539,0, ,0.0,0.0,0.0,0.0,1,9000,0,0,0,0,0,0
TF,GSA,6.075667,125.092194,0, ,0.0,0.0,0.0,0.0,1,4000,0,0,0,0,0,0

STAR,MEGO3P,35,5
IF,MEGOM,6.715417,125.432306, ,0.0,0.0,0,0,0,0,0,0,0,0
TF,KABAY,6.445333,125.288611,0, ,0.0,0.0,0.0,0.0,2,7000,0,0,0,0,0,0
TF,BERON,6.103889,125.183333,0, ,0.0,0.0,0.0,0.0,2,4000,0,0,0,0,0,0
TF,DIKXY,5.883611,125.210278,0, ,0.0,0.0,0.0,0.0,2,3000,0,0,0,0,0,0

STAR,MEGO5R,17,5
IF,MEGOM,6.715417,125.432306, ,0.0,0.0,0,0,0,0,0,0,0,0
TF,KABAY,6.445333,125.288611,0, ,0.0,0.0,0.0,0.0,2,7000,0,0,0,0,0,0

STAR,MEGOM1,ALL,2
IF,MEGOM,6.715417,125.432306, ,0.0,0.0,0,0,0,0,0,0,0,0
TF,KABAY,6.445333,125.288611,0, ,0.0,0.0,0.0,0.0,0,0,0,0,0,0,0,0
TF,D029O,6.297472,125.210025,0, ,0.0,0.0,0.0,0.0,1,6000,0,0,0,0,0,0
TF,GSA,6.075667,125.092194,0, ,0.0,0.0,0.0,0.0,1,4000,0,0,0,0,0,0

STAR,MELB3P,35,5
IF,MELBY,6.669028,124.612944, ,0.0,0.0,2,10000,0,0,0,0,0,0
TF,CUETO,6.386667,124.826944,0, ,0.0,0.0,0.0,0.0,2,6000,0,0,0,0,0,0
TF,ZEDIK,6.306944,124.941667,0, ,0.0,0.0,0.0,0.0,0,0,0,0,0,0,0,0
TF,BERON,6.103889,125.183333,0, ,0.0,0.0,0.0,0.0,2,4000,0,0,0,0,0,0
TF,DIKXY,5.883611,125.210278,0, ,0.0,0.0,0.0,0.0,2,3000,0,0,0,0,0,0

STAR,MELB3R,17,5
IF,MELBY,6.669028,124.612944, ,0.0,0.0,2,10000,0,0,0,0,0,0
TF,CUETO,6.386667,124.826944,0, ,0.0,0.0,0.0,0.0,2,6000,0,0,0,0,0,0

STAR,MELBY1,ALL,2
IF,MELBY,6.669028,124.612944, ,0.0,0.0,0,0,0,0,0,0,0,0
TF,BANGA,6.401556,124.829278,0, ,0.0,0.0,0.0,0.0,1,10000,0,0,0,0,0,0
TF,D322J,6.205939,124.987047,0, ,0.0,0.0,0.0,0.0,1,7000,0,0,0,0,0,0
TF,GSA,6.075667,125.092194,0, ,0.0,0.0,0.0,0.0,1,4000,0,0,0,0,0,0

STAR,SEBU3P,35,5
IF,SEBUL,6.229333,124.547861, ,0.0,0.0,2,10000,0,0,0,0,0,0
TF,REGOR,5.971667,124.761667,0, ,0.0,0.0,0.0,0.0,2,8600,0,0,0,0,0,0
TF,MAYRE,5.765278,124.933056,0, ,0.0,0.0,0.0,0.0,2,4500,0,0,0,0,0,0
TF,GASSI,5.789167,125.128611,0, ,0.0,0.0,0.0,0.0,2,3000,0,0,0,0,0,0

STAR,SEBU3R,17,5
IF,SEBUL,6.229333,124.547861, ,0.0,0.0,2,10000,0,0,0,0,0,0
TF,TABBY,6.311667,124.693611,0, ,0.0,0.0,0.0,0.0,2,8000,0,0,0,0,0,0
TF,CUETO,6.386667,124.826944,0, ,0.0,0.0,0.0,0.0,2,6000,0,0,0,0,0,0

STAR,SEBUL1,ALL,2
IF,SEBUL,6.229333,124.547861, ,0.0,0.0,0,0,0,0,0,0,0,0
TF,KAMBE,6.189417,124.689611,0, ,0.0,0.0,0.0,0.0,1,10000,0,0,0,0,0,0
TF,TBOLI,6.135361,124.881111,0, ,0.0,0.0,0.0,0.0,0,0,0,0,0,0,0,0
TF,D287J,6.121147,124.931172,0, ,0.0,0.0,0.0,0.0,1,8000,0,0,0,0,0,0
TF,GSA,6.075667,125.092194,0, ,0.0,0.0,0.0,0.0,1,4000,0,0,0,0,0,0

APPTR,D35-Y,35,DAYAN
HF,DAYAN,5.913056,125.115000,2, ,0.0,0.0,353.0,04.3,2,3000,0,0,0,0,1,0,0

FINAL,D35-Y,35,D,2
IF,DAYAN,5.913056,125.115000,GSA,173.0,9.8,2,3000,0,0,0,0,2,0
CF,MD35,6.004353,125.102203,0,GSA,173.0,4.3,353.0,5.5,1,1265,0,0,0,0,3,1
DF,DAYAN,5.913056,125.115000,2, ,0.0,0.0,1,3000,0,0,0,0,0,0
HM,DAYAN,5.913056,125.115000,2, ,0.0,0.0,353.0,04.3,1,3000,0,0,0,0,0,0,0

APPTR,D35-Z,35,DAYAN
IF,DAYAN,5.913056,125.115000, ,0.0,0.0,2,3000,0,0,0,0,1,0
TF,FD35,5.939675,125.111281,0, ,0.0,0.0,0.0,0.0,2,2500,0,0,0,0,0,0

APPTR,D35-Z,35,GSA
IF,GSA,6.075667,125.092194, ,0.0,0.0,2,4500,0,0,0,0,0,0
FD,GSA,6.075667,125.092194,0,GSA,0.0,8.0,143.0,8.0,2,2500,0,0,0,0,0,0
CF,FD35,5.939675,125.111281,2,GSA,173.0,8.2,353.0,1.0,2,2500,0,0,0,0,0,0

FINAL,D35-Z,35,D,2
IF,FD35,5.939675,125.111281,GSA,173.0,8.2,2,2500,0,0,0,0,2,0
CF,MD35,6.004353,125.102203,0,GSA,173.0,4.3,353.0,3.9,1,1265,0,0,0,0,3,1
DF,DAYAN,5.913056,125.115000,2, ,0.0,0.0,0,0,0,0,0,0,0,0
HM,DAYAN,5.913056,125.115000,2, ,0.0,0.0,353.0,04.3,1,3000,0,0,0,0,0,0,0

APPTR,R17,17,CUETO
IF,CUETO,6.386667,124.826944, ,0.0,0.0,2,6000,0,0,0,0,1,0
TF,DAREL,6.276111,124.984722,0, ,0.0,0.0,0.0,0.0,2,3900,0,0,0,0,0,0
TF,MR17A,6.249167,125.072778,0, ,0.0,0.0,0.0,0.0,2,3200,0,1,230,0,1,0

APPTR,R17,17,EIZAY
IF,EIZAY,5.829722,125.179444, ,0.0,0.0,2,6000,0,0,0,0,1,0
TF,ORLIE,6.150278,125.289444,0, ,0.0,0.0,0.0,0.0,0,0,0,0,0,0,0,0
TF,MABER,6.272222,125.261111,0, ,0.0,0.0,0.0,0.0,4,6000,4500,1,230,0,0,0
TF,GLORI,6.256111,125.131111,0, ,0.0,0.0,0.0,0.0,2,3800,0,0,0,0,0,0
TF,MR17A,6.249167,125.072778,0, ,0.0,0.0,0.0,0.0,2,3200,0,1,230,0,1,0

APPTR,R17,17,KABAY
IF,KABAY,6.445333,125.288611, ,0.0,0.0,2,7000,0,0,0,0,1,0
TF,MABER,6.272222,125.261111,0, ,0.0,0.0,0.0,0.0,4,6000,4500,1,230,0,0,0
TF,GLORI,6.256111,125.131111,0, ,0.0,0.0,0.0,0.0,2,3800,0,0,0,0,0,0
TF,MR17A,6.249167,125.072778,0, ,0.0,0.0,0.0,0.0,2,3200,0,1,230,0,1,0

FINAL,R17,17,R,3
IF,MR17A,6.249167,125.072778, ,0.0,0.0,2,3200,0,1,230,0,0,0
TF,MR17B,6.174444,125.081944,0, ,0.0,0.0,174.0,4.5,1,2500,0,0,0,0,2,0
TF,RW17,6.072608,125.094431,0, ,0.0,0.0,174.0,6.1,1,553,0,0,0,0,3,1
CA,0,174.0,2,1500,0,0,0,0,0,0
DF,EIZAY,5.829722,125.179444,0, ,0.0,0.0,2,3000,0,0,0,0,0,0
HM,EIZAY,5.829722,125.179444,1, ,0.0,0.0,20.0,04.3,2,3000,0,1,230,0,0,0,0

APPTR,R35,35,DIKXY
IF,DIKXY,5.883611,125.210278, ,0.0,0.0,2,3000,0,0,0,0,1,0
TF,MR35A,5.872500,125.118889,0, ,0.0,0.0,0.0,0.0,2,2400,0,0,0,0,1,0

APPTR,R35,35,GASSI
IF,GASSI,5.789167,125.128611, ,0.0,0.0,2,3000,0,0,0,0,1,0
TF,MR35A,5.872500,125.118889,0, ,0.0,0.0,0.0,0.0,2,2400,0,0,0,0,1,0

FINAL,R35,35,R,3
IF,MR35A,5.872500,125.118889, ,0.0,0.0,2,2400,0,0,0,0,0,0
TF,MR35B,5.954167,125.108889,0, ,0.0,0.0,354.0,4.9,1,2400,0,0,0,0,2,0
TF,RW35,6.043639,125.097967,0, ,0.0,0.0,354.0,5.3,1,513,0,0,0,0,3,1
CA,0,354.0,2,1200,0,0,0,0,0,0
DF,YELOW,6.000833,125.208333,2, ,0.0,0.0,0,0,0,1,230,0,0,0
TF,DIKXY,5.883611,125.210278,0, ,0.0,0.0,0.0,0.0,0,0,0,0,0,0,0,0
TF,GASSI,5.789167,125.128611,0, ,0.0,0.0,0.0,0.0,2,3000,0,0,0,0,0,0
HM,GASSI,5.789167,125.128611,1, ,0.0,0.0,354.0,04.3,1,3000,0,1,230,0,0,0,0

