SID,ALDE1C,01,5
CF,CO200,-31.196294,-64.210194,0,CBA,3.3,7.0,5.0,6.0,0,0,0,0,0,0,0,0
TF,OPSUG,-31.119628,-64.280928,0, ,0.0,0.0,0.0,0.0,0,0,0,0,0,0,0,0
TF,ROMOB,-31.119017,-64.520839,0, ,0.0,0.0,0.0,0.0,2,8400,0,0,0,0,0,0
TF,CO203,-31.157903,-64.709086,0, ,0.0,0.0,0.0,0.0,0,0,0,0,0,0,0,0
TF,CO055,-31.201014,-64.919561,0, ,0.0,0.0,0.0,0.0,2,11000,0,0,0,0,0,0
TF,ALDEX,-31.660278,-65.196389,0, ,0.0,0.0,0.0,0.0,0,0,0,0,0,0,0,0

SID,ALDE1G,19,5
CA,0,185.0,2,2100,0,0,0,0,0,0
DF,CO401,-31.396300,-64.049781,0, ,0.0,0.0,2,5000,0,0,0,0,0,0
TF,CO402,-31.313136,-64.049786,0, ,0.0,0.0,0.0,0.0,0,0,0,0,0,0,0,0
TF,CBA,-31.313222,-64.203694,0, ,0.0,0.0,0.0,0.0,0,0,0,1,220,0,0,0
TF,ISKIT,-31.387875,-64.554017,0, ,0.0,0.0,0.0,0.0,2,11000,0,0,0,0,0,0
TF,CO404,-31.493894,-64.868603,0, ,0.0,0.0,0.0,0.0,0,0,0,0,0,0,0,0
TF,ALDEX,-31.660278,-65.196389,0, ,0.0,0.0,0.0,0.0,2,12000,0,0,0,0,0,0

SID,DONK1C,01,5
CF,CO200,-31.196294,-64.210194,0,CBA,3.3,7.0,5.0,6.0,0,0,0,0,0,0,0,0
TF,OPSUG,-31.119628,-64.280928,0, ,0.0,0.0,0.0,0.0,0,0,0,0,0,0,0,0
TF,CO205,-31.012981,-64.379067,0, ,0.0,0.0,0.0,0.0,2,8000,0,0,0,0,0,0
TF,SATGI,-30.679967,-64.386989,0, ,0.0,0.0,0.0,0.0,2,10000,0,0,0,0,0,0
TF,CO207,-30.557811,-64.389881,0, ,0.0,0.0,0.0,0.0,0,0,0,0,0,0,0,0
TF,DONKA,-30.409167,-64.393333,0, ,0.0,0.0,0.0,0.0,0,0,0,0,0,0,0,0

SID,DONK1G,19,5
CA,0,185.0,2,2100,0,0,0,0,0,0
DF,CO401,-31.396300,-64.049781,0, ,0.0,0.0,2,5000,0,0,0,0,0,0
TF,CO402,-31.313136,-64.049786,0, ,0.0,0.0,0.0,0.0,0,0,0,0,0,0,0,0
TF,CBA,-31.313222,-64.203694,0, ,0.0,0.0,0.0,0.0,0,0,0,1,220,0,0,0
TF,CO205,-31.012981,-64.379067,0, ,0.0,0.0,0.0,0.0,2,11000,0,0,0,0,0,0
TF,SATGI,-30.679967,-64.386989,0, ,0.0,0.0,0.0,0.0,0,0,0,0,0,0,0,0
TF,CO207,-30.557811,-64.389881,0, ,0.0,0.0,0.0,0.0,0,0,0,0,0,0,0,0
TF,DONKA,-30.409167,-64.393333,0, ,0.0,0.0,0.0,0.0,0,0,0,0,0,0,0,0

SID,GENA1C,01,5
CA,0,5.0,2,2100,0,0,0,0,0,0
CF,CO211,-31.241625,-64.115322,2,CBA,52.7,6.3,96.0,4.0,0,0,0,1,185,0,0,0
TF,CO212,-31.241083,-64.031797,0, ,0.0,0.0,0.0,0.0,2,5000,0,1,220,0,0,1
DF,CO216,-31.314050,-63.743633,0, ,0.0,0.0,0,0,0,0,0,0,0,0
TF,GENAS,-31.465278,-63.147500,0, ,0.0,0.0,0.0,0.0,0,0,0,0,0,0,0,0

SID,GENA1G,19,5
CA,0,185.0,2,2100,0,0,0,0,0,0
DF,CO401,-31.396300,-64.049781,0, ,0.0,0.0,2,5000,0,1,220,0,0,0
TF,CO407,-31.393167,-63.808175,0, ,0.0,0.0,0.0,0.0,0,0,0,0,0,0,0,0
TF,ILKUL,-31.390594,-63.631850,0, ,0.0,0.0,0.0,0.0,0,0,0,0,0,0,0,0
TF,GENAS,-31.465278,-63.147500,0, ,0.0,0.0,0.0,0.0,0,0,0,0,0,0,0,0

SID,LOGE1C,01,5
CF,CO200,-31.196294,-64.210194,0,CBA,3.3,7.0,5.0,6.0,0,0,0,0,0,0,0,0
TF,OPSUG,-31.119628,-64.280928,0, ,0.0,0.0,0.0,0.0,0,0,0,0,0,0,0,0
TF,CO205,-31.012981,-64.379067,0, ,0.0,0.0,0.0,0.0,2,8000,0,0,0,0,0,0
TF,SATGI,-30.679967,-64.386989,0, ,0.0,0.0,0.0,0.0,2,10000,0,0,0,0,0,0
TF,CO207,-30.557811,-64.389881,0, ,0.0,0.0,0.0,0.0,0,0,0,0,0,0,0,0
TF,LOGET,-30.394722,-64.234167,0, ,0.0,0.0,0.0,0.0,0,0,0,0,0,0,0,0

SID,LOGE1G,19,5
CA,0,185.0,2,2100,0,0,0,0,0,0
DF,CO401,-31.396300,-64.049781,0, ,0.0,0.0,2,5000,0,0,0,0,0,0
TF,CO402,-31.313136,-64.049786,0, ,0.0,0.0,0.0,0.0,0,0,0,0,0,0,0,0
TF,CBA,-31.313222,-64.203694,0, ,0.0,0.0,0.0,0.0,0,0,0,1,220,0,0,0
TF,CO205,-31.012981,-64.379067,0, ,0.0,0.0,0.0,0.0,2,11000,0,0,0,0,0,0
TF,SATGI,-30.679967,-64.386989,0, ,0.0,0.0,0.0,0.0,0,0,0,0,0,0,0,0
TF,CO207,-30.557811,-64.389881,0, ,0.0,0.0,0.0,0.0,0,0,0,0,0,0,0,0
TF,LOGET,-30.394722,-64.234167,0, ,0.0,0.0,0.0,0.0,0,0,0,0,0,0,0,0

SID,MAVB1C,01,5
CA,0,5.0,2,2100,0,0,0,0,0,0
CF,CO211,-31.241625,-64.115322,2,CBA,52.7,6.3,96.0,4.0,0,0,0,1,185,0,0,0
TF,CO212,-31.241083,-64.031797,0, ,0.0,0.0,0.0,0.0,2,5000,0,1,220,0,0,1
DF,CO217,-31.246372,-63.740875,0, ,0.0,0.0,0,0,0,0,0,0,0,0
TF,MAVBI,-31.255833,-63.136111,0, ,0.0,0.0,0.0,0.0,0,0,0,0,0,0,0,0

SID,MAVB1G,19,5
CA,0,185.0,2,2100,0,0,0,0,0,0
DF,CO401,-31.396300,-64.049781,0, ,0.0,0.0,2,5000,0,1,220,0,0,0
TF,CO407,-31.393167,-63.808175,0, ,0.0,0.0,0.0,0.0,0,0,0,0,0,0,0,0
TF,ILKUL,-31.390594,-63.631850,0, ,0.0,0.0,0.0,0.0,0,0,0,0,0,0,0,0
TF,CO309,-31.258483,-63.448683,0, ,0.0,0.0,0.0,0.0,0,0,0,0,0,0,0,0
TF,MAVBI,-31.255833,-63.136111,0, ,0.0,0.0,0.0,0.0,0,0,0,0,0,0,0,0

SID,PAMA1C,01,5
CF,CO200,-31.196294,-64.210194,0,CBA,3.3,7.0,5.0,6.0,0,0,0,0,0,0,0,0
TF,OPSUG,-31.119628,-64.280928,0, ,0.0,0.0,0.0,0.0,0,0,0,0,0,0,0,0
TF,ROMOB,-31.119017,-64.520839,0, ,0.0,0.0,0.0,0.0,2,8400,0,0,0,0,0,0
TF,CO203,-31.157903,-64.709086,0, ,0.0,0.0,0.0,0.0,0,0,0,0,0,0,0,0
TF,CO055,-31.201014,-64.919561,0, ,0.0,0.0,0.0,0.0,2,11000,0,0,0,0,0,0
TF,PAMAK,-31.390000,-65.270556,0, ,0.0,0.0,0.0,0.0,0,0,0,0,0,0,0,0

SID,PAMA1G,19,5
CA,0,185.0,2,2100,0,0,0,0,0,0
DF,CO401,-31.396300,-64.049781,0, ,0.0,0.0,2,5000,0,0,0,0,0,0
TF,CO402,-31.313136,-64.049786,0, ,0.0,0.0,0.0,0.0,0,0,0,0,0,0,0,0
TF,CBA,-31.313222,-64.203694,0, ,0.0,0.0,0.0,0.0,0,0,0,1,220,0,0,0
TF,ISKIT,-31.387875,-64.554017,0, ,0.0,0.0,0.0,0.0,2,11000,0,0,0,0,0,0
TF,PAMAK,-31.390000,-65.270556,0, ,0.0,0.0,0.0,0.0,2,13000,0,0,0,0,0,0

SID,SIME1C,01,5
CA,0,5.0,2,2100,0,0,0,0,0,0
CF,CO211,-31.241625,-64.115322,2,CBA,52.7,6.3,96.0,4.0,0,0,0,1,185,0,0,0
TF,CO214,-31.278092,-64.042964,0, ,0.0,0.0,0.0,0.0,2,5000,0,1,220,0,0,0
TF,CO215,-31.470481,-63.827597,0, ,0.0,0.0,0.0,0.0,0,0,0,0,0,0,0,0
TF,MAKMO,-31.629619,-63.649333,0, ,0.0,0.0,0.0,0.0,0,0,0,0,0,0,0,0
TF,SIMES,-32.051667,-63.564444,0, ,0.0,0.0,0.0,0.0,0,0,0,0,0,0,0,0

SID,SIME1G,19,5
CA,0,185.0,2,2100,0,0,0,0,0,0
DF,CO408,-31.458178,-64.077658,0, ,0.0,0.0,2,4700,0,1,220,0,0,0
TF,TIGRU,-31.532542,-63.954706,0, ,0.0,0.0,0.0,0.0,0,0,0,0,0,0,0,0
TF,SIMES,-32.051667,-63.564444,0, ,0.0,0.0,0.0,0.0,0,0,0,0,0,0,0,0

SID,TREJ1C,01,5
CA,0,5.0,2,2100,0,0,0,0,0,0
CF,CO211,-31.241625,-64.115322,2,CBA,52.7,6.3,96.0,4.0,0,0,0,1,185,0,0,0
TF,CO212,-31.241083,-64.031797,0, ,0.0,0.0,0.0,0.0,2,5000,0,1,220,0,0,1
DF,CO218,-31.103347,-63.822194,0, ,0.0,0.0,0,0,0,0,0,0,0,0
TF,TREJO,-30.775833,-63.338056,0, ,0.0,0.0,0.0,0.0,0,0,0,0,0,0,0,0

SID,TREJ1G,19,5
CA,0,185.0,2,2100,0,0,0,0,0,0
DF,CO401,-31.396300,-64.049781,0, ,0.0,0.0,2,5000,0,1,220,0,0,0
TF,CO407,-31.393167,-63.808175,0, ,0.0,0.0,0.0,0.0,0,0,0,0,0,0,0,0
TF,ILKUL,-31.390594,-63.631850,0, ,0.0,0.0,0.0,0.0,0,0,0,0,0,0,0,0
TF,CO309,-31.258483,-63.448683,0, ,0.0,0.0,0.0,0.0,0,0,0,0,0,0,0,0
TF,NATIO,-31.069350,-63.412192,0, ,0.0,0.0,0.0,0.0,0,0,0,0,0,0,0,0
TF,TREJO,-30.775833,-63.338056,0, ,0.0,0.0,0.0,0.0,0,0,0,0,0,0,0,0

SID,UTRA1C,01,5
CA,0,5.0,2,2100,0,0,0,0,0,0
CF,CO211,-31.241625,-64.115322,2,CBA,52.7,6.3,96.0,4.0,0,0,0,1,185,0,0,0
TF,CO214,-31.278092,-64.042964,0, ,0.0,0.0,0.0,0.0,2,5000,0,1,220,0,0,0
TF,CO215,-31.470481,-63.827597,0, ,0.0,0.0,0.0,0.0,0,0,0,0,0,0,0,0
TF,MAKMO,-31.629619,-63.649333,0, ,0.0,0.0,0.0,0.0,0,0,0,0,0,0,0,0
TF,UTRAX,-31.886111,-63.364722,0, ,0.0,0.0,0.0,0.0,0,0,0,0,0,0,0,0

SID,UTRA1G,19,5
CA,0,185.0,2,2100,0,0,0,0,0,0
DF,CO408,-31.458178,-64.077658,0, ,0.0,0.0,2,4700,0,1,220,0,0,0
TF,TIGRU,-31.532542,-63.954706,0, ,0.0,0.0,0.0,0.0,0,0,0,0,0,0,0,0
TF,CO410,-31.674014,-63.719717,0, ,0.0,0.0,0.0,0.0,0,0,0,0,0,0,0,0
TF,UTRAX,-31.886111,-63.364722,0, ,0.0,0.0,0.0,0.0,0,0,0,0,0,0,0,0

STAR,ALDE1Q,01,5
IF,ALDEX,-31.660278,-65.196389, ,0.0,0.0,0,0,0,0,0,0,0,0
TF,TILBI,-31.311850,-64.796900,0, ,0.0,0.0,0.0,0.0,0,0,0,0,0,0,0,0
TF,CO051,-31.312894,-64.492869,0, ,0.0,0.0,0.0,0.0,2,11000,0,0,0,0,0,0
TF,CBA,-31.313222,-64.203694,0, ,0.0,0.0,0.0,0.0,2,9000,0,0,0,0,0,0
TF,EDMIR,-31.320275,-63.959100,0, ,0.0,0.0,0.0,0.0,2,6000,0,0,0,0,0,0
TF,ILMOG,-31.434875,-63.959100,0, ,0.0,0.0,0.0,0.0,2,5000,0,0,0,0,0,0
TF,EDNUL,-31.434953,-64.048764,0, ,0.0,0.0,0.0,0.0,2,4500,0,0,0,0,0,0

STAR,ALDE1U,19,5
IF,ALDEX,-31.660278,-65.196389, ,0.0,0.0,0,0,0,0,0,0,0,0
TF,CO300,-31.470350,-64.978031,0, ,0.0,0.0,0.0,0.0,0,0,0,0,0,0,0,0
TF,CO301,-31.282533,-64.763497,0, ,0.0,0.0,0.0,0.0,2,12000,0,0,0,0,0,0
TF,DOTKO,-31.192411,-64.661003,0, ,0.0,0.0,0.0,0.0,2,10000,0,0,0,0,0,0
TF,CO303,-31.144403,-64.518819,0, ,0.0,0.0,0.0,0.0,2,8000,0,0,0,0,0,0
TF,EVPON,-31.083122,-64.338206,0, ,0.0,0.0,0.0,0.0,2,6200,0,0,0,0,0,0

STAR,ALDE1X,05,5
IF,ALDEX,-31.660278,-65.196389, ,0.0,0.0,2,11000,0,0,0,0,0,0
TF,CO802,-31.311892,-64.787350,0, ,0.0,0.0,0.0,0.0,2,11000,0,0,0,0,0,0
TF,CO807,-31.210597,-64.450575,0, ,0.0,0.0,0.0,0.0,2,9000,0,0,0,0,0,0
TF,CO808,-31.166161,-64.303981,0, ,0.0,0.0,0.0,0.0,2,7000,0,0,0,0,0,0
TF,IRETI,-31.138303,-64.212428,0, ,0.0,0.0,0.0,0.0,2,6000,0,0,0,0,0,0

STAR,ALDE1Z,23,5
IF,ALDEX,-31.660278,-65.196389, ,0.0,0.0,0,0,0,0,0,0,0,0
TF,CO300,-31.470350,-64.978031,0, ,0.0,0.0,0.0,0.0,0,0,0,0,0,0,0,0
TF,CO301,-31.282533,-64.763497,0, ,0.0,0.0,0.0,0.0,2,12000,0,0,0,0,0,0
TF,DOTKO,-31.192411,-64.661003,0, ,0.0,0.0,0.0,0.0,2,10000,0,0,0,0,0,0
TF,CO303,-31.144403,-64.518819,0, ,0.0,0.0,0.0,0.0,2,8000,0,0,0,0,0,0
TF,EVPON,-31.083122,-64.338206,0, ,0.0,0.0,0.0,0.0,2,6700,0,0,0,0,0,0
TF,DOSMO,-31.080206,-64.095625,0, ,0.0,0.0,0.0,0.0,2,6000,0,0,0,0,0,0

STAR,ASIS1Q,01,5
IF,ASISA,-31.667222,-63.214444, ,0.0,0.0,0,0,0,0,0,0,0,0
TF,KIDAM,-31.434356,-63.716650,0, ,0.0,0.0,0.0,0.0,2,6000,0,0,0,0,0,0
TF,ILMOG,-31.434875,-63.959100,0, ,0.0,0.0,0.0,0.0,2,5000,0,0,0,0,0,0
TF,EDNUL,-31.434953,-64.048764,0, ,0.0,0.0,0.0,0.0,2,4500,0,0,0,0,0,0

STAR,ASIS1U,19,5
IF,ASISA,-31.667222,-63.214444, ,0.0,0.0,0,0,0,0,0,0,0,0
TF,CO310,-31.460103,-63.527319,0, ,0.0,0.0,0.0,0.0,0,0,0,0,0,0,0,0
TF,ILKUL,-31.390594,-63.631850,0, ,0.0,0.0,0.0,0.0,0,0,0,0,0,0,0,0
TF,DIKEX,-31.202886,-63.912986,0, ,0.0,0.0,0.0,0.0,0,0,0,0,0,0,0,0
TF,DOSMO,-31.080206,-64.095625,0, ,0.0,0.0,0.0,0.0,2,6000,0,0,0,0,0,0

STAR,ASIS1X,05,5
IF,ASISA,-31.667222,-63.214444, ,0.0,0.0,2,6000,0,0,0,0,0,0
TF,RIQUE,-31.507336,-63.665042,0, ,0.0,0.0,0.0,0.0,2,6000,0,0,0,0,0,0
TF,CO801,-31.137411,-63.732578,0, ,0.0,0.0,0.0,0.0,2,6000,0,0,0,0,0,0
TF,IRETI,-31.138303,-64.212428,0, ,0.0,0.0,0.0,0.0,2,6000,0,0,0,0,0,0

STAR,ASIS1Z,23,5
IF,ASISA,-31.667222,-63.214444, ,0.0,0.0,0,0,0,0,0,0,0,0
TF,CO310,-31.460103,-63.527319,0, ,0.0,0.0,0.0,0.0,0,0,0,0,0,0,0,0
TF,ILKUL,-31.390594,-63.631850,0, ,0.0,0.0,0.0,0.0,0,0,0,0,0,0,0,0
TF,DIKEX,-31.202886,-63.912986,0, ,0.0,0.0,0.0,0.0,2,6000,0,0,0,0,0,0

STAR,DONK1Q,01,5
IF,DONKA,-30.409167,-64.393333, ,0.0,0.0,0,0,0,0,0,0,0,0
TF,VAKAR,-30.595214,-64.227219,0, ,0.0,0.0,0.0,0.0,0,0,0,0,0,0,0,0
TF,ILNAK,-30.981447,-64.213692,0, ,0.0,0.0,0.0,0.0,2,7000,0,0,0,0,0,0
TF,EDMIR,-31.320275,-63.959100,0, ,0.0,0.0,0.0,0.0,2,6000,0,0,0,0,0,0
TF,ILMOG,-31.434875,-63.959100,0, ,0.0,0.0,0.0,0.0,2,5000,0,0,0,0,0,0
TF,EDNUL,-31.434953,-64.048764,0, ,0.0,0.0,0.0,0.0,2,4500,0,0,0,0,0,0

STAR,DONK1U,19,5
IF,DONKA,-30.409167,-64.393333, ,0.0,0.0,0,0,0,0,0,0,0,0
TF,VAKAR,-30.595214,-64.227219,0, ,0.0,0.0,0.0,0.0,2,7000,0,0,0,0,0,0
TF,ILNAK,-30.981447,-64.213692,0, ,0.0,0.0,0.0,0.0,2,6000,0,0,0,0,0,0

STAR,DONK1X,05,5
IF,DONKA,-30.409167,-64.393333, ,0.0,0.0,2,8000,0,0,0,0,0,0
TF,CO800,-30.813272,-64.222000,0, ,0.0,0.0,0.0,0.0,2,7000,0,0,0,0,0,0
TF,IRETI,-31.138303,-64.212428,0, ,0.0,0.0,0.0,0.0,2,6000,0,0,0,0,0,0

STAR,DONK1Z,23,5
IF,DONKA,-30.409167,-64.393333, ,0.0,0.0,0,0,0,0,0,0,0,0
TF,VAKAR,-30.595214,-64.227219,0, ,0.0,0.0,0.0,0.0,0,0,0,0,0,0,0,0
TF,ILNAK,-30.981447,-64.213692,0, ,0.0,0.0,0.0,0.0,2,7000,0,0,0,0,0,0
TF,DOSMO,-31.080206,-64.095625,0, ,0.0,0.0,0.0,0.0,2,6000,0,0,0,0,0,0

STAR,ETEP1X,05,5
IF,ETEPO,-30.722222,-65.020556, ,0.0,0.0,2,9000,0,0,0,0,0,0
TF,CO809,-30.791803,-64.413917,0, ,0.0,0.0,0.0,0.0,2,9000,0,0,0,0,0,0
TF,CO810,-30.802572,-64.317969,0, ,0.0,0.0,0.0,0.0,2,8000,0,0,0,0,0,0
TF,CO800,-30.813272,-64.222000,0, ,0.0,0.0,0.0,0.0,2,7000,0,0,0,0,0,0
TF,IRETI,-31.138303,-64.212428,0, ,0.0,0.0,0.0,0.0,2,6000,0,0,0,0,0,0

STAR,GEMO1Q,01,5
IF,GEMOP,-31.022500,-63.190000, ,0.0,0.0,0,0,0,0,0,0,0,0
TF,KIDAM,-31.434356,-63.716650,0, ,0.0,0.0,0.0,0.0,2,6000,0,0,0,0,0,0
TF,ILMOG,-31.434875,-63.959100,0, ,0.0,0.0,0.0,0.0,2,5000,0,0,0,0,0,0
TF,EDNUL,-31.434953,-64.048764,0, ,0.0,0.0,0.0,0.0,2,4500,0,0,0,0,0,0

STAR,GEMO1U,19,5
IF,GEMOP,-31.022500,-63.190000, ,0.0,0.0,0,0,0,0,0,0,0,0
TF,NATIO,-31.069350,-63.412192,0, ,0.0,0.0,0.0,0.0,0,0,0,0,0,0,0,0
TF,EVSEG,-31.074567,-63.712442,0, ,0.0,0.0,0.0,0.0,0,0,0,0,0,0,0,0
TF,DALUX,-31.077922,-63.930967,0, ,0.0,0.0,0.0,0.0,0,0,0,0,0,0,0,0
TF,DOSMO,-31.080206,-64.095625,0, ,0.0,0.0,0.0,0.0,2,6000,0,0,0,0,0,0

STAR,GEMO1X,05,5
IF,GEMOP,-31.022500,-63.190000, ,0.0,0.0,2,6000,0,0,0,0,0,0
TF,CO801,-31.137411,-63.732578,0, ,0.0,0.0,0.0,0.0,2,6000,0,0,0,0,0,0
TF,IRETI,-31.138303,-64.212428,0, ,0.0,0.0,0.0,0.0,2,6000,0,0,0,0,0,0

STAR,GEMO1Z,23,5
IF,GEMOP,-31.022500,-63.190000, ,0.0,0.0,0,0,0,0,0,0,0,0
TF,NATIO,-31.069350,-63.412192,0, ,0.0,0.0,0.0,0.0,0,0,0,0,0,0,0,0
TF,EVSEG,-31.074567,-63.712442,0, ,0.0,0.0,0.0,0.0,0,0,0,0,0,0,0,0
TF,DALUX,-31.077922,-63.930967,0, ,0.0,0.0,0.0,0.0,2,6000,0,0,0,0,0,0

STAR,GENA1Q,01,5
IF,GENAS,-31.465278,-63.147500, ,0.0,0.0,0,0,0,0,0,0,0,0
TF,KIDAM,-31.434356,-63.716650,0, ,0.0,0.0,0.0,0.0,2,6000,0,0,0,0,0,0
TF,ILMOG,-31.434875,-63.959100,0, ,0.0,0.0,0.0,0.0,2,5000,0,0,0,0,0,0
TF,EDNUL,-31.434953,-64.048764,0, ,0.0,0.0,0.0,0.0,2,4500,0,0,0,0,0,0

STAR,GENA1U,19,5
IF,GENAS,-31.465278,-63.147500, ,0.0,0.0,0,0,0,0,0,0,0,0
TF,CO308,-31.348286,-63.318264,0, ,0.0,0.0,0.0,0.0,0,0,0,0,0,0,0,0
TF,CO309,-31.258483,-63.448683,0, ,0.0,0.0,0.0,0.0,0,0,0,0,0,0,0,0
TF,EVSEG,-31.074567,-63.712442,0, ,0.0,0.0,0.0,0.0,0,0,0,0,0,0,0,0
TF,DALUX,-31.077922,-63.930967,0, ,0.0,0.0,0.0,0.0,0,0,0,0,0,0,0,0
TF,DOSMO,-31.080206,-64.095625,0, ,0.0,0.0,0.0,0.0,2,6000,0,0,0,0,0,0

STAR,GENA1X,05,5
IF,GENAS,-31.465278,-63.147500, ,0.0,0.0,2,6000,0,0,0,0,0,0
TF,CO801,-31.137411,-63.732578,0, ,0.0,0.0,0.0,0.0,2,6000,0,0,0,0,0,0
TF,IRETI,-31.138303,-64.212428,0, ,0.0,0.0,0.0,0.0,2,6000,0,0,0,0,0,0

STAR,GENA1Z,23,5
IF,GENAS,-31.465278,-63.147500, ,0.0,0.0,0,0,0,0,0,0,0,0
TF,CO308,-31.348286,-63.318264,0, ,0.0,0.0,0.0,0.0,0,0,0,0,0,0,0,0
TF,CO309,-31.258483,-63.448683,0, ,0.0,0.0,0.0,0.0,0,0,0,0,0,0,0,0
TF,EVSEG,-31.074567,-63.712442,0, ,0.0,0.0,0.0,0.0,0,0,0,0,0,0,0,0
TF,DALUX,-31.077922,-63.930967,0, ,0.0,0.0,0.0,0.0,2,6000,0,0,0,0,0,0

STAR,LOGE1Q,01,5
IF,LOGET,-30.394722,-64.234167, ,0.0,0.0,0,0,0,0,0,0,0,0
TF,VAKAR,-30.595214,-64.227219,0, ,0.0,0.0,0.0,0.0,0,0,0,0,0,0,0,0
TF,ILNAK,-30.981447,-64.213692,0, ,0.0,0.0,0.0,0.0,2,7000,0,0,0,0,0,0
TF,EDMIR,-31.320275,-63.959100,0, ,0.0,0.0,0.0,0.0,2,6000,0,0,0,0,0,0
TF,ILMOG,-31.434875,-63.959100,0, ,0.0,0.0,0.0,0.0,2,5000,0,0,0,0,0,0
TF,EDNUL,-31.434953,-64.048764,0, ,0.0,0.0,0.0,0.0,2,4500,0,0,0,0,0,0

STAR,LOGE1U,19,5
IF,LOGET,-30.394722,-64.234167, ,0.0,0.0,0,0,0,0,0,0,0,0
TF,VAKAR,-30.595214,-64.227219,0, ,0.0,0.0,0.0,0.0,2,7000,0,0,0,0,0,0
TF,ILNAK,-30.981447,-64.213692,0, ,0.0,0.0,0.0,0.0,2,6000,0,0,0,0,0,0

STAR,LOGE1X,05,5
IF,LOGET,-30.394722,-64.234167, ,0.0,0.0,2,7000,0,0,0,0,0,0
TF,CO800,-30.813272,-64.222000,0, ,0.0,0.0,0.0,0.0,2,7000,0,0,0,0,0,0
TF,IRETI,-31.138303,-64.212428,0, ,0.0,0.0,0.0,0.0,2,6000,0,0,0,0,0,0

STAR,LOGE1Z,23,5
IF,LOGET,-30.394722,-64.234167, ,0.0,0.0,0,0,0,0,0,0,0,0
TF,VAKAR,-30.595214,-64.227219,0, ,0.0,0.0,0.0,0.0,0,0,0,0,0,0,0,0
TF,ILNAK,-30.981447,-64.213692,0, ,0.0,0.0,0.0,0.0,2,7000,0,0,0,0,0,0
TF,DOSMO,-31.080206,-64.095625,0, ,0.0,0.0,0.0,0.0,2,6000,0,0,0,0,0,0

STAR,MAVB1Q,01,5
IF,MAVBI,-31.255833,-63.136111, ,0.0,0.0,0,0,0,0,0,0,0,0
TF,KIDAM,-31.434356,-63.716650,0, ,0.0,0.0,0.0,0.0,2,6000,0,0,0,0,0,0
TF,ILMOG,-31.434875,-63.959100,0, ,0.0,0.0,0.0,0.0,2,5000,0,0,0,0,0,0
TF,EDNUL,-31.434953,-64.048764,0, ,0.0,0.0,0.0,0.0,2,4500,0,0,0,0,0,0

STAR,MAVB1U,19,5
IF,MAVBI,-31.255833,-63.136111, ,0.0,0.0,0,0,0,0,0,0,0,0
TF,NATIO,-31.069350,-63.412192,0, ,0.0,0.0,0.0,0.0,0,0,0,0,0,0,0,0
TF,EVSEG,-31.074567,-63.712442,0, ,0.0,0.0,0.0,0.0,0,0,0,0,0,0,0,0
TF,DALUX,-31.077922,-63.930967,0, ,0.0,0.0,0.0,0.0,0,0,0,0,0,0,0,0
TF,DOSMO,-31.080206,-64.095625,0, ,0.0,0.0,0.0,0.0,2,6000,0,0,0,0,0,0

STAR,MAVB1X,05,5
IF,MAVBI,-31.255833,-63.136111, ,0.0,0.0,2,6000,0,0,0,0,0,0
TF,CO801,-31.137411,-63.732578,0, ,0.0,0.0,0.0,0.0,2,6000,0,0,0,0,0,0
TF,IRETI,-31.138303,-64.212428,0, ,0.0,0.0,0.0,0.0,2,6000,0,0,0,0,0,0

STAR,MAVB1Z,23,5
IF,MAVBI,-31.255833,-63.136111, ,0.0,0.0,0,0,0,0,0,0,0,0
TF,NATIO,-31.069350,-63.412192,0, ,0.0,0.0,0.0,0.0,0,0,0,0,0,0,0,0
TF,EVSEG,-31.074567,-63.712442,0, ,0.0,0.0,0.0,0.0,0,0,0,0,0,0,0,0
TF,DALUX,-31.077922,-63.930967,0, ,0.0,0.0,0.0,0.0,2,6000,0,0,0,0,0,0

STAR,PAMA1Q,01,5
IF,PAMAK,-31.390000,-65.270556, ,0.0,0.0,0,0,0,0,0,0,0,0
TF,TILBI,-31.311850,-64.796900,0, ,0.0,0.0,0.0,0.0,0,0,0,0,0,0,0,0
TF,CO051,-31.312894,-64.492869,0, ,0.0,0.0,0.0,0.0,2,11000,0,0,0,0,0,0
TF,CBA,-31.313222,-64.203694,0, ,0.0,0.0,0.0,0.0,2,9000,0,0,0,0,0,0
TF,EDMIR,-31.320275,-63.959100,0, ,0.0,0.0,0.0,0.0,2,6000,0,0,0,0,0,0
TF,ILMOG,-31.434875,-63.959100,0, ,0.0,0.0,0.0,0.0,2,5000,0,0,0,0,0,0
TF,EDNUL,-31.434953,-64.048764,0, ,0.0,0.0,0.0,0.0,2,4500,0,0,0,0,0,0

STAR,PAMA1U,19,5
IF,PAMAK,-31.390000,-65.270556, ,0.0,0.0,0,0,0,0,0,0,0,0
TF,CO304,-31.235811,-64.793975,0, ,0.0,0.0,0.0,0.0,2,12000,0,0,0,0,0,0
TF,DOTKO,-31.192411,-64.661003,0, ,0.0,0.0,0.0,0.0,2,10000,0,0,0,0,0,0
TF,CO303,-31.144403,-64.518819,0, ,0.0,0.0,0.0,0.0,2,8000,0,0,0,0,0,0
TF,EVPON,-31.083122,-64.338206,0, ,0.0,0.0,0.0,0.0,2,6200,0,0,0,0,0,0

STAR,PAMA1X,05,5
IF,PAMAK,-31.390000,-65.270556, ,0.0,0.0,2,11000,0,0,0,0,0,0
TF,CO802,-31.311892,-64.787350,0, ,0.0,0.0,0.0,0.0,2,11000,0,0,0,0,0,0
TF,CO807,-31.210597,-64.450575,0, ,0.0,0.0,0.0,0.0,2,9000,0,0,0,0,0,0
TF,CO808,-31.166161,-64.303981,0, ,0.0,0.0,0.0,0.0,2,7000,0,0,0,0,0,0
TF,IRETI,-31.138303,-64.212428,0, ,0.0,0.0,0.0,0.0,2,6000,0,0,0,0,0,0

STAR,PAMA1Z,23,5
IF,PAMAK,-31.390000,-65.270556, ,0.0,0.0,0,0,0,0,0,0,0,0
TF,CO304,-31.235811,-64.793975,0, ,0.0,0.0,0.0,0.0,2,12000,0,0,0,0,0,0
TF,DOTKO,-31.192411,-64.661003,0, ,0.0,0.0,0.0,0.0,2,10000,0,0,0,0,0,0
TF,CO303,-31.144403,-64.518819,0, ,0.0,0.0,0.0,0.0,2,8000,0,0,0,0,0,0
TF,EVPON,-31.083122,-64.338206,0, ,0.0,0.0,0.0,0.0,2,6700,0,0,0,0,0,0
TF,DOSMO,-31.080206,-64.095625,0, ,0.0,0.0,0.0,0.0,2,6000,0,0,0,0,0,0

STAR,SIBO1Q,01,5
IF,SIBOL,-30.490833,-64.678611, ,0.0,0.0,0,0,0,0,0,0,0,0
TF,VAKAR,-30.595214,-64.227219,0, ,0.0,0.0,0.0,0.0,0,0,0,0,0,0,0,0
TF,ILNAK,-30.981447,-64.213692,0, ,0.0,0.0,0.0,0.0,2,7000,0,0,0,0,0,0
TF,EDMIR,-31.320275,-63.959100,0, ,0.0,0.0,0.0,0.0,2,6000,0,0,0,0,0,0
TF,ILMOG,-31.434875,-63.959100,0, ,0.0,0.0,0.0,0.0,2,5000,0,0,0,0,0,0
TF,EDNUL,-31.434953,-64.048764,0, ,0.0,0.0,0.0,0.0,2,4500,0,0,0,0,0,0

STAR,SIBO1U,19,5
IF,SIBOL,-30.490833,-64.678611, ,0.0,0.0,0,0,0,0,0,0,0,0
TF,VAKAR,-30.595214,-64.227219,0, ,0.0,0.0,0.0,0.0,2,7000,0,0,0,0,0,0
TF,ILNAK,-30.981447,-64.213692,0, ,0.0,0.0,0.0,0.0,2,6000,0,0,0,0,0,0

STAR,SIBO1X,05,5
IF,SIBOL,-30.490833,-64.678611, ,0.0,0.0,2,11000,0,0,0,0,0,0
TF,CO800,-30.813272,-64.222000,0, ,0.0,0.0,0.0,0.0,2,7000,0,0,0,0,0,0
TF,IRETI,-31.138303,-64.212428,0, ,0.0,0.0,0.0,0.0,2,6000,0,0,0,0,0,0

STAR,SIBO1Z,23,5
IF,SIBOL,-30.490833,-64.678611, ,0.0,0.0,0,0,0,0,0,0,0,0
TF,VAKAR,-30.595214,-64.227219,0, ,0.0,0.0,0.0,0.0,0,0,0,0,0,0,0,0
TF,ILNAK,-30.981447,-64.213692,0, ,0.0,0.0,0.0,0.0,2,7000,0,0,0,0,0,0
TF,DOSMO,-31.080206,-64.095625,0, ,0.0,0.0,0.0,0.0,2,6000,0,0,0,0,0,0

STAR,SIME1Q,01,5
IF,SIMES,-32.051667,-63.564444, ,0.0,0.0,0,0,0,0,0,0,0,0
TF,KIDAM,-31.434356,-63.716650,0, ,0.0,0.0,0.0,0.0,2,6000,0,0,0,0,0,0
TF,ILMOG,-31.434875,-63.959100,0, ,0.0,0.0,0.0,0.0,2,5000,0,0,0,0,0,0
TF,EDNUL,-31.434953,-64.048764,0, ,0.0,0.0,0.0,0.0,2,4500,0,0,0,0,0,0

STAR,SIME1U,19,5
IF,SIMES,-32.051667,-63.564444, ,0.0,0.0,0,0,0,0,0,0,0,0
TF,CO313,-31.876631,-63.582453,0, ,0.0,0.0,0.0,0.0,0,0,0,0,0,0,0,0
TF,CO314,-31.542386,-63.616478,0, ,0.0,0.0,0.0,0.0,0,0,0,0,0,0,0,0
TF,ILKUL,-31.390594,-63.631850,0, ,0.0,0.0,0.0,0.0,0,0,0,0,0,0,0,0
TF,DIKEX,-31.202886,-63.912986,0, ,0.0,0.0,0.0,0.0,0,0,0,0,0,0,0,0
TF,DOSMO,-31.080206,-64.095625,0, ,0.0,0.0,0.0,0.0,2,6000,0,0,0,0,0,0

STAR,SIME1X,05,5
IF,SIMES,-32.051667,-63.564444, ,0.0,0.0,2,6000,0,0,0,0,0,0
TF,RIQUE,-31.507336,-63.665042,0, ,0.0,0.0,0.0,0.0,2,6000,0,0,0,0,0,0
TF,CO801,-31.137411,-63.732578,0, ,0.0,0.0,0.0,0.0,2,6000,0,0,0,0,0,0
TF,IRETI,-31.138303,-64.212428,0, ,0.0,0.0,0.0,0.0,2,6000,0,0,0,0,0,0

STAR,SIME1Z,23,5
IF,SIMES,-32.051667,-63.564444, ,0.0,0.0,0,0,0,0,0,0,0,0
TF,CO313,-31.876631,-63.582453,0, ,0.0,0.0,0.0,0.0,0,0,0,0,0,0,0,0
TF,CO314,-31.542386,-63.616478,0, ,0.0,0.0,0.0,0.0,0,0,0,0,0,0,0,0
TF,ILKUL,-31.390594,-63.631850,0, ,0.0,0.0,0.0,0.0,0,0,0,0,0,0,0,0
TF,DIKEX,-31.202886,-63.912986,0, ,0.0,0.0,0.0,0.0,2,6000,0,0,0,0,0,0

STAR,TREJ1U,19,5
IF,TREJO,-30.775833,-63.338056, ,0.0,0.0,0,0,0,0,0,0,0,0
TF,EVSEG,-31.074567,-63.712442,0, ,0.0,0.0,0.0,0.0,0,0,0,0,0,0,0,0
TF,DALUX,-31.077922,-63.930967,0, ,0.0,0.0,0.0,0.0,0,0,0,0,0,0,0,0
TF,DOSMO,-31.080206,-64.095625,0, ,0.0,0.0,0.0,0.0,2,6000,0,0,0,0,0,0

STAR,TREJ1X,05,5
IF,TREJO,-30.775833,-63.338056, ,0.0,0.0,2,6000,0,0,0,0,0,0
TF,CO801,-31.137411,-63.732578,0, ,0.0,0.0,0.0,0.0,2,6000,0,0,0,0,0,0
TF,IRETI,-31.138303,-64.212428,0, ,0.0,0.0,0.0,0.0,2,6000,0,0,0,0,0,0

STAR,TREJ1Z,23,5
IF,TREJO,-30.775833,-63.338056, ,0.0,0.0,0,0,0,0,0,0,0,0
TF,EVSEG,-31.074567,-63.712442,0, ,0.0,0.0,0.0,0.0,0,0,0,0,0,0,0,0
TF,DALUX,-31.077922,-63.930967,0, ,0.0,0.0,0.0,0.0,2,6000,0,0,0,0,0,0

APPTR,D19-Y,19,CBA
IF,CBA,-31.313222,-64.203694, ,0.0,0.0,2,6000,0,1,220,0,1,0
TF,D016N,-31.089489,-64.157853,0, ,0.0,0.0,0.0,0.0,2,6000,0,0,0,0,0,1
CF,CD19,-31.087289,-64.231286,1,CBA,0.0,13.6,180.0,1.0,2,5000,0,0,0,0,1,0

FINAL,D19-Y,19,D,4
IF,CD19,-31.087289,-64.231286,CBA,0.0,13.6,2,5000,0,0,0,0,0,0
CF,FD19,-31.176997,-64.220344,0,CBA,0.0,8.2,180.0,5.4,2,3900,0,0,0,0,2,0
CF,34VOR,-31.256739,-64.210603,0,CBA,0.0,3.4,180.0,4.8,2,2400,0,0,0,0,0,0
CF,RW19,-31.295656,-64.208572,0,CBA,352.6,1.1,180.0,2.3,1,1654,0,0,0,0,3,0
CF,CBA,-31.313222,-64.203694,0,CBA,0.0,0.0,180.0,1.1,0,0,0,0,0,0,0,0
CF,D135N,-31.456017,-63.997750,0,CBA,135.0,13.6,135.0,13.6,2,4100,0,0,0,0,0,0
HM,D135N,-31.456017,-63.997750,2, ,0.0,0.0,315.0,04.3,2,4100,0,1,210,0,0,0,0

APPTR,D19-Z,19,D060N
IF,D060N,-31.179514,-63.989928, ,0.0,0.0,2,6000,0,0,0,0,1,0
AF,D018N,-31.091000,-64.148808,1,CBA,18.0,13.6,60.0,2,6000,0,0,0,0,0,0
AF,CD19,-31.087289,-64.231286,1,CBA,0.0,13.6,18.0,2,5000,0,0,0,0,1,0

APPTR,D19-Z,19,D078N
IF,D078N,-31.242775,-63.952231, ,0.0,0.0,2,6000,0,0,0,0,1,0
AF,D018N,-31.091000,-64.148808,1,CBA,18.0,13.6,78.0,2,6000,0,0,0,0,0,0
AF,CD19,-31.087289,-64.231286,1,CBA,0.0,13.6,18.0,2,5000,0,0,0,0,1,0

APPTR,D19-Z,19,D093N
IF,D093N,-31.301061,-63.939489, ,0.0,0.0,2,6000,0,0,0,0,1,0
AF,D018N,-31.091000,-64.148808,1,CBA,18.0,13.6,93.0,2,6000,0,0,0,0,0,0
AF,CD19,-31.087289,-64.231286,1,CBA,0.0,13.6,18.0,2,5000,0,0,0,0,1,0

APPTR,D19-Z,19,D106N
IF,D106N,-31.352403,-63.943006, ,0.0,0.0,2,6000,0,0,0,0,1,0
AF,D018N,-31.091000,-64.148808,1,CBA,18.0,13.6,106.0,2,6000,0,0,0,0,0,0
AF,CD19,-31.087289,-64.231286,1,CBA,0.0,13.6,18.0,2,5000,0,0,0,0,1,0

APPTR,D19-Z,19,D119N
IF,D119N,-31.401750,-63.959900, ,0.0,0.0,2,6000,0,0,0,0,1,0
AF,D018N,-31.091000,-64.148808,1,CBA,18.0,13.6,119.0,2,6000,0,0,0,0,0,0
AF,CD19,-31.087289,-64.231286,1,CBA,0.0,13.6,18.0,2,5000,0,0,0,0,1,0

APPTR,D19-Z,19,D135N
IF,D135N,-31.456017,-63.997750, ,0.0,0.0,2,6000,0,0,0,0,1,0
AF,D018N,-31.091000,-64.148808,1,CBA,18.0,13.6,135.0,2,6000,0,0,0,0,0,0
AF,CD19,-31.087289,-64.231286,1,CBA,0.0,13.6,18.0,2,5000,0,0,0,0,1,0

APPTR,D19-Z,19,D150N
IF,D150N,-31.496908,-64.047861, ,0.0,0.0,2,6000,0,0,0,0,1,0
AF,D018N,-31.091000,-64.148808,1,CBA,18.0,13.6,150.0,2,6000,0,0,0,0,0,0
AF,CD19,-31.087289,-64.231286,1,CBA,0.0,13.6,18.0,2,5000,0,0,0,0,1,0

FINAL,D19-Z,19,D,4
IF,CD19,-31.087289,-64.231286,CBA,0.0,13.6,2,5000,0,0,0,0,0,0
CF,FD19,-31.176997,-64.220344,0,CBA,0.0,8.2,180.0,5.4,2,3900,0,0,0,0,2,0
CF,34VOR,-31.256739,-64.210603,0,CBA,0.0,3.4,180.0,4.8,2,2400,0,0,0,0,0,0
CF,RW19,-31.295656,-64.208572,0,CBA,352.6,1.1,180.0,2.3,1,1654,0,0,0,0,3,0
CF,CBA,-31.313222,-64.203694,0,CBA,0.0,0.0,180.0,1.1,0,0,0,0,0,0,0,0
CF,D135N,-31.456017,-63.997750,0,CBA,135.0,13.6,135.0,13.6,2,4100,0,0,0,0,0,0
HM,D135N,-31.456017,-63.997750,2, ,0.0,0.0,315.0,04.3,2,4100,0,1,210,0,0,0,0

APPTR,D23-Y,23,CBA
IF,CBA,-31.313222,-64.203694, ,0.0,0.0,2,6300,0,1,220,0,1,0
FD,CBA,-31.313222,-64.203694,0,CBA,0.0,13.6,77.0,13.6,2,5000,0,0,0,0,0,0
CF,CS23,-31.179514,-63.989928,1,CBA,60.0,13.6,240.0,1.0,2,5000,0,0,0,0,1,0

FINAL,D23-Y,23,D,3
IF,CS23,-31.179514,-63.989928,CBA,60.0,13.6,2,5000,0,0,0,0,0,0
CF,FS23,-31.235597,-64.079447,0,CBA,60.0,7.9,240.0,5.7,2,3900,0,0,0,0,2,0
CF,MS23,-31.296528,-64.176939,0,CBA,60.0,1.7,240.0,6.2,1,1924,0,0,0,0,3,0
CF,CBA,-31.313222,-64.203694,0,CBA,0.0,0.0,240.0,1.7,0,0,0,0,0,0,0,0
VI,1,CBA,0.0,105.0,0,0,0,1,195,0,0,0
CF,D135N,-31.456017,-63.997750,0,CBA,135.0,13.6,135.0,8.0,2,4100,0,0,0,0,0,0
HM,D135N,-31.456017,-63.997750,2, ,0.0,0.0,315.0,04.3,2,4100,0,1,210,0,0,0,0

APPTR,D23-Z,23,D004N
IF,D004N,-31.086186,-64.212906, ,0.0,0.0,2,6000,0,1,220,0,1,0
AF,CS23,-31.179514,-63.989928,2,CBA,60.0,13.6,4.0,2,5000,0,1,180,0,1,0

APPTR,D23-Z,23,D033N
IF,D033N,-31.110753,-64.083822, ,0.0,0.0,2,6000,0,1,220,0,1,0
AF,CS23,-31.179514,-63.989928,2,CBA,60.0,13.6,33.0,2,5000,0,1,180,0,1,0

APPTR,D23-Z,23,D078N
IF,D078N,-31.242775,-63.952231, ,0.0,0.0,2,6000,0,1,220,0,1,0
AF,CS23,-31.179514,-63.989928,1,CBA,60.0,13.6,78.0,2,5000,0,1,180,0,1,0

APPTR,D23-Z,23,D093N
IF,D093N,-31.301061,-63.939489, ,0.0,0.0,2,6000,0,1,220,0,1,0
AF,CS23,-31.179514,-63.989928,1,CBA,60.0,13.6,93.0,2,5000,0,1,180,0,1,0

APPTR,D23-Z,23,D106N
IF,D106N,-31.352403,-63.943006, ,0.0,0.0,2,6000,0,1,220,0,1,0
AF,CS23,-31.179514,-63.989928,1,CBA,60.0,13.6,106.0,2,5000,0,1,180,0,1,0

APPTR,D23-Z,23,D119N
IF,D119N,-31.401750,-63.959900, ,0.0,0.0,2,6000,0,1,220,0,1,0
AF,CS23,-31.179514,-63.989928,1,CBA,60.0,13.6,119.0,2,5000,0,1,180,0,1,0

APPTR,D23-Z,23,D135N
IF,D135N,-31.456017,-63.997750, ,0.0,0.0,2,6000,0,1,220,0,1,0
AF,CS23,-31.179514,-63.989928,1,CBA,60.0,13.6,135.0,2,5000,0,1,180,0,1,0

APPTR,D23-Z,23,D150N
IF,D150N,-31.496908,-64.047861, ,0.0,0.0,2,6000,0,1,220,0,1,0
AF,CS23,-31.179514,-63.989928,1,CBA,60.0,13.6,150.0,2,5000,0,1,180,0,1,0

FINAL,D23-Z,23,D,3
IF,CS23,-31.179514,-63.989928,CBA,60.0,13.6,2,5000,0,1,180,0,0,0
CF,FS23,-31.235597,-64.079447,0,CBA,60.0,7.9,240.0,5.7,2,3900,0,0,0,0,2,0
CF,MS23,-31.296528,-64.176939,0,CBA,60.0,1.7,240.0,6.2,1,1924,0,0,0,0,3,0
CF,CBA,-31.313222,-64.203694,0,CBA,0.0,0.0,240.0,1.7,0,0,0,0,0,0,0,0
VI,1,CBA,0.0,105.0,0,0,0,1,195,0,0,0
CF,D135N,-31.456017,-63.997750,0,CBA,135.0,13.6,135.0,8.0,2,4100,0,0,0,0,0,0
HM,D135N,-31.456017,-63.997750,2, ,0.0,0.0,315.0,04.3,2,4100,0,1,210,0,0,0,0

APPTR,I19-X,19,CBA
IF,CBA,-31.313222,-64.203694, ,0.0,0.0,2,6000,0,1,220,0,1,0
TF,D031N,-31.107283,-64.092111,0, ,0.0,0.0,0.0,0.0,2,6000,0,0,0,0,0,0
AF,D018N,-31.091000,-64.148808,1,CBA,18.0,13.6,31.0,2,6000,0,0,0,0,0,0
AF,D013N,-31.087736,-64.171522,1,CBA,13.0,13.6,18.0,2,5000,0,0,0,0,0,0
CI,0,CB,0.0,215.0,0,0,0,0,0,0,0,0

FINAL,I19-X,19,I,3
IF,EDPAK,-31.086161,-64.211994,CB,5.2,14.4,2,5000,0,1,180,0,0,0
CF,UBNOR,-31.178017,-64.210494,0,CB,5.2,8.9,185.0,5.5,1,3900,0,0,0,0,2,0
CF,RW19,-31.295656,-64.208572,0,CB,5.2,1.9,185.0,7.0,1,1656,0,0,0,0,3,0
VD, ,0,0,0,CBA,0.0,0.0,185.0,1.9,0,0,0,0,0,0,0,0
CF,D135N,-31.456017,-63.997750,0,CBA,135.0,13.6,135.0,12.0,2,4100,0,1,200,0,0,0
HM,D135N,-31.456017,-63.997750,2, ,0.0,0.0,315.0,04.3,2,4100,0,1,210,0,0,0,0

APPTR,I19-Y,19,D078N
IF,D078N,-31.242775,-63.952231, ,0.0,0.0,2,6000,0,1,220,0,1,0
AF,D018N,-31.091000,-64.148808,1,CBA,18.0,13.6,78.0,2,6000,0,0,0,0,0,0
AF,D013N,-31.087736,-64.171522,1,CBA,13.0,13.6,18.0,2,5000,0,0,0,0,0,0
CI,0,CB,0.0,215.0,0,0,0,0,0,0,0,0

APPTR,I19-Y,19,D093N
IF,D093N,-31.301061,-63.939489, ,0.0,0.0,2,6000,0,1,220,0,1,0
AF,D018N,-31.091000,-64.148808,1,CBA,18.0,13.6,93.0,2,6000,0,0,0,0,0,0
AF,D013N,-31.087736,-64.171522,1,CBA,13.0,13.6,18.0,2,5000,0,0,0,0,0,0
CI,0,CB,0.0,215.0,0,0,0,0,0,0,0,0

APPTR,I19-Y,19,D106N
IF,D106N,-31.352403,-63.943006, ,0.0,0.0,2,6000,0,1,220,0,1,0
AF,D018N,-31.091000,-64.148808,1,CBA,18.0,13.6,106.0,2,6000,0,0,0,0,0,0
AF,D013N,-31.087736,-64.171522,1,CBA,13.0,13.6,18.0,2,5000,0,0,0,0,0,0
CI,0,CB,0.0,215.0,0,0,0,0,0,0,0,0

APPTR,I19-Y,19,D119N
IF,D119N,-31.401750,-63.959900, ,0.0,0.0,2,6000,0,1,220,0,1,0
AF,D018N,-31.091000,-64.148808,1,CBA,18.0,13.6,119.0,2,6000,0,0,0,0,0,0
AF,D013N,-31.087736,-64.171522,1,CBA,13.0,13.6,18.0,2,5000,0,0,0,0,0,0
CI,0,CB,0.0,215.0,0,0,0,0,0,0,0,0

APPTR,I19-Y,19,D135N
IF,D135N,-31.456017,-63.997750, ,0.0,0.0,2,6000,0,1,220,0,1,0
AF,D018N,-31.091000,-64.148808,1,CBA,18.0,13.6,135.0,2,6000,0,0,0,0,0,0
AF,D013N,-31.087736,-64.171522,1,CBA,13.0,13.6,18.0,2,5000,0,0,0,0,0,0
CI,0,CB,0.0,215.0,0,0,0,0,0,0,0,0

APPTR,I19-Y,19,D150N
IF,D150N,-31.496908,-64.047861, ,0.0,0.0,2,6000,0,1,220,0,1,0
AF,D018N,-31.091000,-64.148808,1,CBA,18.0,13.6,150.0,2,6000,0,0,0,0,0,0
AF,D013N,-31.087736,-64.171522,1,CBA,13.0,13.6,18.0,2,5000,0,0,0,0,0,0
CI,0,CB,0.0,215.0,0,0,0,0,0,0,0,0

FINAL,I19-Y,19,I,3
IF,EDPAK,-31.086161,-64.211994,CB,5.2,14.4,2,5000,0,1,180,0,0,0
CF,UBNOR,-31.178017,-64.210494,0,CB,5.2,8.9,185.0,5.5,1,3900,0,0,0,0,2,0
CF,RW19,-31.295656,-64.208572,0,CB,5.2,1.9,185.0,7.0,1,1656,0,0,0,0,3,0
VD, ,0,0,0,CBA,0.0,0.0,185.0,1.9,0,0,0,0,0,0,0,0
CF,D135N,-31.456017,-63.997750,0,CBA,135.0,13.6,135.0,12.0,2,4100,0,1,200,0,0,0
HM,D135N,-31.456017,-63.997750,2, ,0.0,0.0,315.0,04.3,2,4100,0,1,210,0,0,0,0

APPTR,I19-Z,19,DOSMO
IF,DOSMO,-31.080206,-64.095625, ,0.0,0.0,2,6000,0,1,220,0,1,0
TF,CO392,-31.083200,-64.153864,0, ,0.0,0.0,0.0,0.0,2,6000,0,0,0,0,0,0
TF,EDPAK,-31.086161,-64.211994,0,CB,0.0,0.0,0.0,0.0,2,5000,0,1,180,0,1,0

APPTR,I19-Z,19,EVPON
IF,EVPON,-31.083122,-64.338206, ,0.0,0.0,2,6200,0,1,220,0,1,0
TF,CO393,-31.084650,-64.275414,0, ,0.0,0.0,0.0,0.0,2,5600,0,0,0,0,0,0
TF,EDPAK,-31.086161,-64.211994,0,CB,0.0,0.0,0.0,0.0,2,5000,0,1,180,0,1,0

APPTR,I19-Z,19,ILNAK
IF,ILNAK,-30.981447,-64.213692, ,0.0,0.0,2,6000,0,1,220,0,1,0
TF,EDPAK,-31.086161,-64.211994,0,CB,0.0,0.0,0.0,0.0,2,5000,0,1,180,0,1,0

FINAL,I19-Z,19,I,3
IF,EDPAK,-31.086161,-64.211994,CB,5.2,14.4,2,5000,0,1,180,0,0,0
CF,FF19,-31.178017,-64.210494,0,CB,5.2,8.9,185.0,5.5,1,3900,0,0,0,0,2,0
CF,RW19,-31.295656,-64.208572,0,CB,5.2,1.9,185.0,7.0,1,1656,0,0,0,0,3,1
CF,CO395,-31.344761,-64.207769,0,CBA,192.3,1.9,185.0,2.9,0,0,0,1,200,0,0,0
TF,CO396,-31.389536,-64.151508,0, ,0.0,0.0,0.0,0.0,0,0,0,1,200,0,0,0
TF,CO397,-31.390275,-63.933711,0, ,0.0,0.0,0.0,0.0,0,0,0,0,0,0,0,0
TF,ILKUL,-31.390594,-63.631850,0, ,0.0,0.0,0.0,0.0,2,6000,0,0,0,0,0,1
HM,ILKUL,-31.390594,-63.631850,2, ,0.0,0.0,314.0,04,2,6000,0,1,210,0,0,0,0

APPTR,L19-Y,19,D078N
IF,D078N,-31.242775,-63.952231, ,0.0,0.0,2,6000,0,1,220,0,1,0
AF,D018N,-31.091000,-64.148808,1,CBA,18.0,13.6,78.0,2,6000,0,0,0,0,0,0
AF,D013N,-31.087736,-64.171522,1,CBA,13.0,13.6,18.0,2,5000,0,0,0,0,0,0
CI,0,CB,0.0,215.0,0,0,0,0,0,0,0,0

APPTR,L19-Y,19,D093N
IF,D093N,-31.301061,-63.939489, ,0.0,0.0,2,6000,0,1,220,0,1,0
AF,D018N,-31.091000,-64.148808,1,CBA,18.0,13.6,93.0,2,6000,0,0,0,0,0,0
AF,D013N,-31.087736,-64.171522,1,CBA,13.0,13.6,18.0,2,5000,0,0,0,0,0,0
CI,0,CB,0.0,215.0,0,0,0,0,0,0,0,0

APPTR,L19-Y,19,D106N
IF,D106N,-31.352403,-63.943006, ,0.0,0.0,2,6000,0,1,220,0,1,0
AF,D018N,-31.091000,-64.148808,1,CBA,18.0,13.6,106.0,2,6000,0,0,0,0,0,0
AF,D013N,-31.087736,-64.171522,1,CBA,13.0,13.6,18.0,2,5000,0,0,0,0,0,0
CI,0,CB,0.0,215.0,0,0,0,0,0,0,0,0

APPTR,L19-Y,19,D119N
IF,D119N,-31.401750,-63.959900, ,0.0,0.0,2,6000,0,1,220,0,1,0
AF,D018N,-31.091000,-64.148808,1,CBA,18.0,13.6,119.0,2,6000,0,0,0,0,0,0
AF,D013N,-31.087736,-64.171522,1,CBA,13.0,13.6,18.0,2,5000,0,0,0,0,0,0
CI,0,CB,0.0,215.0,0,0,0,0,0,0,0,0

APPTR,L19-Y,19,D135N
IF,D135N,-31.456017,-63.997750, ,0.0,0.0,2,6000,0,1,220,0,1,0
AF,D018N,-31.091000,-64.148808,1,CBA,18.0,13.6,135.0,2,6000,0,0,0,0,0,0
AF,D013N,-31.087736,-64.171522,1,CBA,13.0,13.6,18.0,2,5000,0,0,0,0,0,0
CI,0,CB,0.0,215.0,0,0,0,0,0,0,0,0

APPTR,L19-Y,19,D150N
IF,D150N,-31.496908,-64.047861, ,0.0,0.0,2,6000,0,1,220,0,1,0
AF,D018N,-31.091000,-64.148808,1,CBA,18.0,13.6,150.0,2,6000,0,0,0,0,0,0
AF,D013N,-31.087736,-64.171522,1,CBA,13.0,13.6,18.0,2,5000,0,0,0,0,0,0
CI,0,CB,0.0,215.0,0,0,0,0,0,0,0,0

FINAL,L19-Y,19,D,4
IF,EDPAK,-31.086161,-64.211994,CB,5.2,14.4,2,5000,0,1,180,0,0,0
CF,UBNOR,-31.178017,-64.210494,0,CB,5.2,8.9,185.0,5.5,2,3900,0,0,0,0,2,0
CF,20LOC,-31.262222,-64.209111,0,CB,5.2,3.9,185.0,5.0,2,2300,0,0,0,0,0,0
CF,RW19,-31.295656,-64.208572,0,CB,5.2,1.9,185.0,2.0,1,1656,0,0,0,0,3,0
VD, ,0,0,0,CBA,0.0,0.0,185.0,1.9,0,0,0,0,0,0,0,0
CF,D135N,-31.456017,-63.997750,0,CBA,135.0,13.6,135.0,12.0,2,4100,0,1,200,0,0,0
HM,D135N,-31.456017,-63.997750,2, ,0.0,0.0,315.0,04.3,2,4100,0,1,210,0,0,0,0

APPTR,R01,01,EDNUL
IF,EDNUL,-31.434953,-64.048764, ,0.0,0.0,2,4500,0,1,220,0,1,0
TF,ESONA,-31.434900,-64.164433,0, ,0.0,0.0,0.0,0.0,2,3600,0,1,180,0,1,0

FINAL,R01,01,R,3
IF,ESONA,-31.434900,-64.164433, ,0.0,0.0,2,3600,0,1,180,0,0,0
TF,LIVUS,-31.373261,-64.207303,0, ,0.0,0.0,335.0,4.3,2,2500,0,0,0,0,2,0
TF,RW01,-31.324531,-64.208100,0, ,0.0,0.0,5.0,2.9,1,1576,0,0,0,0,3,1
CF,CO128,-31.251775,-64.209289,0,CBA,1.5,3.7,5.0,4.4,0,0,0,1,200,0,0,0
TF,CO129,-31.250372,-64.048764,0, ,0.0,0.0,0.0,0.0,0,0,0,0,0,0,0,0
TF,DEVEB,-31.166661,-63.854286,0, ,0.0,0.0,0.0,0.0,2,5000,0,0,0,0,0,1
HM,DEVEB,-31.166661,-63.854286,1, ,0.0,0.0,218.0,04,2,5000,0,1,210,0,0,0,0

APPTR,R05,05,IRETI
IF,IRETI,-31.138303,-64.212428, ,0.0,0.0,2,6000,0,1,220,0,1,0
TF,CO009,-31.374042,-64.479747,0, ,0.0,0.0,0.0,0.0,2,6000,0,1,220,0,0,0
TF,CO008,-31.440083,-64.424425,0, ,0.0,0.0,0.0,0.0,2,6000,0,1,220,0,0,0
TF,GUVUX,-31.476236,-64.381178,0, ,0.0,0.0,0.0,0.0,2,5000,0,1,180,0,1,0

FINAL,R05,05,R,4
IF,GUVUX,-31.476236,-64.381178, ,0.0,0.0,2,5000,0,1,180,0,0,0
TF,CO006,-31.419406,-64.316600,0, ,0.0,0.0,50.0,4.8,2,3500,0,1,180,0,0,0
TF,ESUBO,-31.395467,-64.289431,0, ,0.0,0.0,50.0,2.0,2,3500,0,0,0,0,2,0
TF,RW05,-31.323167,-64.207503,0, ,0.0,0.0,50.0,6.0,1,1577,0,0,0,0,3,1
CI,0, ,0.0,50.0,0,0,0,0,0,0,0,0
FM,CBA,-31.313222,-64.203694,0,CBA,0.0,0.0,70.0,0,0,0,1,230,0,0,0

APPTR,R19,19,DOSMO
IF,DOSMO,-31.080206,-64.095625, ,0.0,0.0,2,6000,0,1,220,0,1,0
TF,CO392,-31.083200,-64.153864,0, ,0.0,0.0,0.0,0.0,2,6000,0,0,0,0,0,0
TF,EDPAK,-31.086161,-64.211994,0, ,0.0,0.0,0.0,0.0,2,5000,0,1,180,0,1,0

APPTR,R19,19,EVPON
IF,EVPON,-31.083122,-64.338206, ,0.0,0.0,2,6200,0,1,220,0,1,0
TF,CO393,-31.084650,-64.275414,0, ,0.0,0.0,0.0,0.0,2,5600,0,0,0,0,0,0
TF,EDPAK,-31.086161,-64.211994,0, ,0.0,0.0,0.0,0.0,2,5000,0,1,180,0,1,0

APPTR,R19,19,ILNAK
IF,ILNAK,-30.981447,-64.213692, ,0.0,0.0,2,6000,0,1,220,0,1,0
TF,EDPAK,-31.086161,-64.211994,0, ,0.0,0.0,0.0,0.0,2,5000,0,1,180,0,1,0

FINAL,R19,19,R,4
IF,EDPAK,-31.086161,-64.211994, ,0.0,0.0,2,5000,0,1,180,0,0,0
TF,UBNOR,-31.178017,-64.210494,0, ,0.0,0.0,185.0,5.5,2,3900,0,0,0,0,2,0
TF,CO394,-31.261925,-64.209125,0, ,0.0,0.0,185.0,5.0,2,2300,0,0,0,0,0,0
TF,RW19,-31.295656,-64.208572,0, ,0.0,0.0,185.0,2.0,1,1656,0,0,0,0,3,1
CF,CO395,-31.344761,-64.207769,0,CBA,192.3,1.9,185.0,2.9,0,0,0,1,200,0,0,0
TF,CO396,-31.389536,-64.151508,0, ,0.0,0.0,0.0,0.0,0,0,0,1,200,0,0,0
TF,CO397,-31.390275,-63.933711,0, ,0.0,0.0,0.0,0.0,0,0,0,0,0,0,0,0
TF,ILKUL,-31.390594,-63.631850,0, ,0.0,0.0,0.0,0.0,2,6000,0,0,0,0,0,1
HM,ILKUL,-31.390594,-63.631850,2, ,0.0,0.0,314.0,04,2,6000,0,1,210,0,0,0,0

APPTR,R23,23,DALUX
IF,DALUX,-31.077922,-63.930967, ,0.0,0.0,2,6000,0,1,220,0,1,0
TF,GIBNA,-31.149950,-64.011967,0, ,0.0,0.0,0.0,0.0,2,5000,0,1,180,0,1,0

APPTR,R23,23,DIKEX
IF,DIKEX,-31.202886,-63.912986, ,0.0,0.0,2,6000,0,1,220,0,1,0
TF,GIBNA,-31.149950,-64.011967,0, ,0.0,0.0,0.0,0.0,2,5000,0,1,180,0,1,0

APPTR,R23,23,DOSMO
IF,DOSMO,-31.080206,-64.095625, ,0.0,0.0,2,6000,0,1,220,0,1,0
TF,CO876,-31.115086,-64.053811,0, ,0.0,0.0,0.0,0.0,2,6000,0,0,0,0,0,0
TF,GIBNA,-31.149950,-64.011967,0, ,0.0,0.0,0.0,0.0,2,5000,0,1,180,0,1,0

FINAL,R23,23,R,3
IF,GIBNA,-31.149950,-64.011967, ,0.0,0.0,2,5000,0,1,180,0,0,0
TF,TISTI,-31.218294,-64.088989,0, ,0.0,0.0,230.0,5.7,2,4000,0,0,0,0,2,0
TF,RW23,-31.308925,-64.191386,0, ,0.0,0.0,230.0,7.6,1,1592,0,0,0,0,3,1
CF,CO880,-31.351508,-64.239594,0,CBA,224.8,2.9,230.0,3.6,0,0,0,1,190,0,0,0
TF,CO384,-31.409706,-64.169778,0, ,0.0,0.0,0.0,0.0,0,0,0,1,190,0,0,0
TF,ILKUL,-31.390594,-63.631850,0, ,0.0,0.0,0.0,0.0,2,6000,0,0,0,0,0,1
HM,ILKUL,-31.390594,-63.631850,2, ,0.0,0.0,314.0,04,2,6000,0,1,210,0,0,0,0

