APPTR,D19,19,D060M
IF,D060M,-27.368817,-64.736719, ,0.0,0.0,0,0,0,0,0,0,0,0
AF,D011M,-27.280214,-64.912417,1,TRH,11.0,13.0,60.0,2,4000,0,0,0,0,0,1
CF,CD19,-27.346450,-64.942425,0,TRH,3.0,9.0,183.0,4.0,2,3100,0,0,0,0,1,0

APPTR,D19,19,TRH
IF,TRH,-27.496758,-64.933717, ,0.0,0.0,0,0,0,0,0,0,1,0
FD,TRH,-27.496758,-64.933717,0,TRH,0.0,9.0,348.0,9.0,2,3100,0,0,0,0,0,0
CF,CD19,-27.346450,-64.942425,2,TRH,3.0,9.0,183.0,1.0,2,3100,0,0,0,0,1,0

FINAL,D19,19,D,3
IF,CD19,-27.346450,-64.942425,TRH,3.0,9.0,2,3100,0,0,0,0,0,0
CF,FD19,-27.371486,-64.940958,0,TRH,3.1,7.5,183.0,1.5,2,3100,0,0,0,0,2,0
CF,MD19,-27.471631,-64.935081,0,TRH,3.2,1.5,183.0,6.0,1,1232,0,0,0,0,3,0
VA,0,183.0,2,4000,0,0,0,0,0,0
DF,TRH,-27.496758,-64.933717,1, ,0.0,0.0,0,0,0,0,0,0,0,0

APPTR,I01,01,TRH
IF,TRH,-27.496758,-64.933717, ,0.0,0.0,0,0,0,0,0,0,1,0
FD,TRH,-27.496758,-64.933717,0,TRH,0.0,9.0,206.0,9.0,2,3200,0,0,0,0,0,0
CF,CF01,-27.647017,-64.943653,1,RH,189.6,9.9,9.0,1.0,2,3200,0,0,0,0,1,0

FINAL,I01,01,I,3
IF,CF01,-27.647017,-64.943653,RH,189.6,9.9,2,3200,0,0,0,0,0,0
CF,FF01,-27.621972,-64.942369,0,RH,189.6,8.4,9.0,1.5,1,3200,0,0,0,0,2,0
CF,RW01,-27.507883,-64.936533,0,RH,189.6,1.6,9.0,6.8,1,964,0,0,0,0,3,0
CA,0,9.0,2,1320,0,0,0,0,0,0
VM,0,0,0,10.0,0,0,0,0,0,0,0,0

