STAR,DILI1A,18,5
IF,DILIX,-31.834008,-68.415664, ,0.0,0.0,2,5000,0,0,0,0,0,0
TF,NU426,-31.481894,-68.591197,0, ,0.0,0.0,0.0,0.0,2,5000,0,0,0,0,0,0
RF,UTLIX,-31.400733,-68.534108,2,NUC01,52.3,3.5,2,5000,0,1,220,0,0,0

STAR,DODB1A,36,6
IF,DODBO,-31.244958,-68.296675, ,0.0,0.0,2,7000,0,0,0,0,0,0
TF,NU420,-31.684981,-68.241642,0, ,0.0,0.0,0.0,0.0,2,6000,0,0,0,0,0,0
RF,POTSI,-31.749664,-68.308964,2,NUC02,74.4,3.5,2,5000,0,1,220,0,0,0

STAR,ISUS1A,18,5
IF,ISUSA,-31.639167,-67.841111, ,0.0,0.0,2,12000,0,0,0,0,0,0
TF,KOTUD,-31.595697,-68.119606,0, ,0.0,0.0,0.0,0.0,2,9000,0,0,0,0,0,0
TF,NU407,-31.467661,-68.242742,0, ,0.0,0.0,0.0,0.0,2,6700,0,0,0,0,0,0
TF,NAXEX,-31.390350,-68.316872,0, ,0.0,0.0,0.0,0.0,2,5000,0,1,220,0,0,0

STAR,ISUS1B,36,6
IF,ISUSA,-31.639167,-67.841111, ,0.0,0.0,2,12000,0,0,0,0,0,0
TF,NU528,-31.714286,-68.158256,0, ,0.0,0.0,0.0,0.0,2,7000,0,0,0,0,0,0
TF,POTSI,-31.749664,-68.308964,0, ,0.0,0.0,0.0,0.0,2,5000,0,1,220,0,0,0

STAR,MEBR1A,36,6
IF,MEBRA,-32.058611,-68.336944, ,0.0,0.0,2,7000,0,0,0,0,0,0
TF,DILIX,-31.834008,-68.415664,0, ,0.0,0.0,0.0,0.0,2,5000,0,1,220,0,0,0

STAR,XONO1A,18,5
IF,XONOM,-31.006739,-67.998625, ,0.0,0.0,2,12000,0,0,0,0,0,0
TF,ASOTA,-31.144444,-68.102500,0, ,0.0,0.0,0.0,0.0,2,10000,0,0,0,0,0,0
TF,DODBO,-31.244958,-68.296675,0, ,0.0,0.0,0.0,0.0,2,7000,0,0,0,0,0,0
TF,ESNUG,-31.309011,-68.420908,0, ,0.0,0.0,0.0,0.0,2,5000,0,1,220,0,0,0

APPTR,D18-Z,18,AKROL
IF,AKROL,-31.331667,-68.388333, ,0.0,0.0,2,6000,0,0,0,0,1,0
TF,CF18,-31.414350,-68.403100,0, ,0.0,0.0,0.0,0.0,2,4300,0,0,0,0,1,0

APPTR,D18-Z,18,JUA
IF,JUA,-31.563861,-68.421417, ,0.0,0.0,2,7000,0,0,0,0,1,0
FD,JUA,-31.563861,-68.421417,0,JUA,0.0,9.0,24.0,9.0,2,4300,0,0,0,0,0,0
CF,CF18,-31.414350,-68.403100,1,JUA,7.0,9.0,187.0,1.0,2,4300,0,0,0,0,1,0

FINAL,D18-Z,18,D,4
IF,CF18,-31.414350,-68.403100,JUA,7.0,9.0,2,4300,0,0,0,0,0,0
CF,FF18,-31.439269,-68.406150,0,JUA,7.0,7.5,187.0,1.5,2,4300,0,0,0,0,2,0
CF,45VOR,-31.489103,-68.412256,0,JUA,7.0,4.5,187.0,3.0,2,3350,0,0,0,0,0,0
CF,MA18,-31.543922,-68.418978,0,JUA,7.0,1.2,187.0,3.3,1,2309,0,0,0,0,3,0
CF,JUA,-31.563861,-68.421417,0,JUA,0.0,0.0,187.0,1.2,0,0,0,0,0,0,0,0
VM,0,0,0,140.0,2,5600,0,0,0,0,0,0

APPTR,I18,18,AKROL
IF,AKROL,-31.331667,-68.388333, ,0.0,0.0,2,6000,0,0,0,0,1,0
CF,CI18,-31.416750,-68.419844,0,SJ,0.5,10.0,199.0,5.3,2,4300,0,0,0,0,1,0

APPTR,I18,18,JUA
IF,JUA,-31.563861,-68.421417, ,0.0,0.0,2,7000,0,0,0,0,1,0
TF,D018I,-31.422164,-68.370908,0, ,0.0,0.0,0.0,0.0,2,4300,0,0,0,0,0,1
CF,CI18,-31.416750,-68.419844,1,SJ,0.5,10.0,181.0,1.0,2,4300,0,0,0,0,1,0

FINAL,I18,18,I,3
IF,CI18,-31.416750,-68.419844,SJ,0.5,10.0,2,4300,0,0,0,0,0,0
CF,FI18,-31.440133,-68.419608,0,SJ,0.5,8.6,181.0,1.4,1,4300,0,0,0,0,2,0
CF,RW18,-31.560369,-68.418406,0,SJ,0.5,1.4,181.0,7.2,1,1997,0,0,0,0,3,0
CA,0,181.0,2,2350,0,0,0,0,0,0
VM,0,0,0,140.0,2,5600,0,0,0,0,0,0

APPTR,R18,18,ESNUG
IF,ESNUG,-31.309011,-68.420908, ,0.0,0.0,2,5000,0,1,220,0,1,0
TF,AKVUP,-31.392525,-68.420078,0, ,0.0,0.0,0.0,0.0,2,4000,0,1,180,0,1,0

APPTR,R18,18,NAXEX
IF,NAXEX,-31.390350,-68.316872, ,0.0,0.0,2,5000,0,1,220,0,1,0
TF,AKVUP,-31.392525,-68.420078,0, ,0.0,0.0,0.0,0.0,2,4000,0,1,180,0,1,0

APPTR,R18,18,UTLIX
IF,UTLIX,-31.400733,-68.534108, ,0.0,0.0,2,5000,0,1,220,0,1,0
TF,AKVUP,-31.392525,-68.420078,0, ,0.0,0.0,0.0,0.0,2,4000,0,1,180,0,1,0

FINAL,R18,18,R,3
IF,AKVUP,-31.392525,-68.420078, ,0.0,0.0,2,4000,0,1,180,0,0,0
TF,NIPTO,-31.476039,-68.419247,0, ,0.0,0.0,181.0,5.0,2,3600,0,0,0,0,2,0
TF,RW18,-31.560369,-68.418406,0, ,0.0,0.0,181.0,5.1,1,1998,0,0,0,0,3,1
TF,DILIX,-31.834008,-68.415664,0, ,0.0,0.0,0.0,0.0,2,5000,0,0,0,0,0,1
HM,DILIX,-31.834008,-68.415664,2, ,0.0,0.0,1.0,04,2,5000,0,0,0,0,0,0,0

APPTR,R36,36,DILIX
IF,DILIX,-31.834008,-68.415664, ,0.0,0.0,2,5000,0,1,220,0,1,0
TF,GEDOL,-31.750500,-68.416503,0, ,0.0,0.0,0.0,0.0,2,4000,0,1,180,0,1,0

APPTR,R36,36,POTSI
IF,POTSI,-31.749664,-68.308964, ,0.0,0.0,2,5000,0,1,220,0,1,0
TF,GEDOL,-31.750500,-68.416503,0, ,0.0,0.0,0.0,0.0,2,4000,0,1,180,0,1,0

FINAL,R36,36,R,3
IF,GEDOL,-31.750500,-68.416503, ,0.0,0.0,2,4000,0,1,180,0,0,0
TF,SEMLI,-31.666989,-68.417339,0, ,0.0,0.0,1.0,5.0,2,3600,0,0,0,0,2,0
TF,RW36,-31.582556,-68.418183,0, ,0.0,0.0,1.0,5.1,1,1991,0,0,0,0,3,1
TF,NIPTO,-31.476039,-68.419247,0, ,0.0,0.0,0.0,0.0,0,0,0,0,0,0,0,0
TF,DODBO,-31.244958,-68.296675,0, ,0.0,0.0,0.0,0.0,2,7000,0,0,0,0,0,1
HM,DODBO,-31.244958,-68.296675,2, ,0.0,0.0,200.0,04,2,7000,0,0,0,0,0,0,0

