APPTR,D02,02,POS
IF,POS,-27.385569,-55.968997, ,0.0,0.0,0,0,0,0,0,0,1,0
FD,POS,-27.385569,-55.968997,0,POS,0.0,7.0,212.0,7.0,2,2600,0,0,0,0,0,0
CF,FF02,-27.502400,-55.975861,1,POS,198.0,7.0,18.0,1.0,2,2600,0,0,0,0,0,0

FINAL,D02,02,D,3
IF,FF02,-27.502400,-55.975861,POS,198.0,7.0,2,2600,0,0,0,0,2,0
CF,50VO2,-27.469019,-55.973900,0,POS,198.0,5.0,18.0,2.0,2,2000,0,0,0,0,0,0
CF,MA02,-27.405597,-55.970172,0,POS,198.0,1.2,18.0,3.8,1,679,0,0,0,0,3,0
CF,POS,-27.385569,-55.968997,0,POS,0.0,0.0,18.0,1.2,0,0,0,0,0,0,0,0
VM,0,0,0,18.0,2,3000,0,0,0,0,0,0

APPTR,D20,20,POS
IF,POS,-27.385569,-55.968997, ,0.0,0.0,0,0,0,0,0,0,1,0
FD,POS,-27.385569,-55.968997,0,POS,0.0,7.0,28.0,7.0,2,2600,0,0,0,0,0,0
CF,FD20,-27.269214,-55.982681,1,POS,9.0,7.0,189.0,1.0,2,2600,0,0,0,0,0,0

FINAL,D20,20,D,3
IF,FD20,-27.269214,-55.982681,POS,9.0,7.0,2,2600,0,0,0,0,2,0
CF,50VOR,-27.302458,-55.978775,0,POS,9.0,5.0,189.0,2.0,2,2000,0,0,0,0,0,0
CF,MD20,-27.365622,-55.971344,0,POS,9.0,1.2,189.0,3.8,1,639,0,0,0,0,3,0
CF,POS,-27.385569,-55.968997,0,POS,0.0,0.0,189.0,1.2,0,0,0,0,0,0,0,0
VM,0,0,0,194.0,2,3000,0,0,0,0,0,0

APPTR,I20,20,POS
IF,POS,-27.385569,-55.968997, ,0.0,0.0,0,0,0,0,0,0,1,0
FD,POS,-27.385569,-55.968997,0,POS,0.0,10.0,28.0,10.0,2,2600,0,0,0,0,0,0
CF,CF20,-27.216825,-55.973308,1,PO,14.2,10.8,194.0,1.0,2,2600,0,0,0,0,1,0

FINAL,I20,20,I,3
IF,CF20,-27.216825,-55.973308,PO,14.2,10.8,2,2600,0,0,0,0,0,0
CF,FF20,-27.258606,-55.972617,0,PO,14.2,8.3,194.0,2.5,1,2600,0,0,0,0,2,0
CF,RW20,-27.375586,-55.970675,0,PO,14.1,1.3,194.0,7.0,1,424,0,0,0,0,3,0
VM,0,0,0,194.0,2,3000,0,0,0,0,0,0

APPTR,R02,02,EVTEX
IF,EVTEX,-27.557539,-55.836400, ,0.0,0.0,2,3000,0,1,220,0,1,0
TF,UTKES,-27.559319,-55.967653,0, ,0.0,0.0,0.0,0.0,2,2000,0,1,185,0,1,0

APPTR,R02,02,MOVLO
IF,MOVLO,-27.579714,-56.078450, ,0.0,0.0,2,3000,0,1,220,0,1,0
TF,UTKES,-27.559319,-55.967653,0, ,0.0,0.0,0.0,0.0,2,2000,0,1,185,0,1,0

APPTR,R02,02,XOLAS
IF,XOLAS,-27.661494,-56.031617, ,0.0,0.0,2,3000,0,1,220,0,1,0
TF,UTKES,-27.559319,-55.967653,0, ,0.0,0.0,0.0,0.0,2,2000,0,1,185,0,1,0

FINAL,R02,02,R,4
IF,UTKES,-27.559319,-55.967653, ,0.0,0.0,2,2000,0,1,185,0,0,0
TF,EGULO,-27.475764,-55.969028,0, ,0.0,0.0,14.0,5.0,2,2000,0,0,0,0,2,0
TF,RP334,-27.433783,-55.969717,0, ,0.0,0.0,14.0,2.5,2,1200,0,0,0,0,0,0
TF,RW02,-27.395911,-55.970342,0, ,0.0,0.0,14.0,2.3,1,478,0,0,0,0,3,1
CF,RP015,-27.345775,-55.971164,0,POS,12.2,2.4,14.0,3.0,0,0,0,0,0,0,0,1
DF,MOVLO,-27.579714,-56.078450,1, ,0.0,0.0,2,3000,0,0,0,0,0,0
HM,MOVLO,-27.579714,-56.078450,2, ,0.0,0.0,93.0,04,2,3000,0,1,210,0,0,0,0

APPTR,R20-Y,20,NEKID
IF,NEKID,-27.204356,-56.103264, ,0.0,0.0,2,3000,0,1,220,0,1,0
TF,LOLIB,-27.209375,-55.973497,0, ,0.0,0.0,0.0,0.0,2,3000,0,1,185,0,1,0

FINAL,R20-Y,20,R,4
IF,LOLIB,-27.209375,-55.973497, ,0.0,0.0,2,3000,0,1,185,0,0,0
TF,UKEKO,-27.292933,-55.972081,0, ,0.0,0.0,194.0,5.0,2,2000,0,0,0,0,2,0
TF,RP333,-27.334914,-55.971367,0, ,0.0,0.0,194.0,2.5,2,1200,0,0,0,0,0,0
TF,RW20,-27.375586,-55.970675,0, ,0.0,0.0,194.0,2.4,1,425,0,0,0,0,3,1
CF,RP005,-27.425722,-55.969850,0,POS,196.1,2.4,194.0,3.0,0,0,0,0,0,0,0,1
DF,EVTEX,-27.557539,-55.836400,0, ,0.0,0.0,2,2500,0,0,0,0,0,0
HM,EVTEX,-27.557539,-55.836400,1, ,0.0,0.0,284.0,04,2,3000,0,1,210,0,0,0,0

APPTR,R20-Z,20,SUDSI
IF,SUDSI,-27.352711,-56.109822, ,0.0,0.0,2,3000,0,1,220,0,1,0
TF,RP082,-27.245172,-56.064208,0, ,0.0,0.0,0.0,0.0,2,3000,0,1,185,0,0,0
RF,SIMIM,-27.259511,-55.972647,2,RP083,373.2,2.5,2,2000,0,1,185,0,1,0

FINAL,R20-Z,20,R,4
IF,SIMIM,-27.259511,-55.972647, ,0.0,0.0,2,2000,0,1,185,0,0,0
TF,UKEKO,-27.292933,-55.972081,0, ,0.0,0.0,194.0,2.0,2,2000,0,0,0,0,2,0
TF,RP333,-27.334914,-55.971367,0, ,0.0,0.0,194.0,2.5,2,1200,0,0,0,0,0,0
TF,RW20,-27.375586,-55.970675,0, ,0.0,0.0,194.0,2.4,1,425,0,0,0,0,3,1
CF,RP005,-27.425722,-55.969850,0,POS,196.1,2.4,194.0,3.0,0,0,0,0,0,0,0,1
DF,EVTEX,-27.557539,-55.836400,0, ,0.0,0.0,2,2500,0,0,0,0,0,0
HM,EVTEX,-27.557539,-55.836400,1, ,0.0,0.0,284.0,04,2,3000,0,1,210,0,0,0,0

