SID,USU2A,07,2
CA,0,74.0,2,500,0,0,0,0,0,0
CF,D093N,-54.905428,-67.897639,0,PWL,266.5,9.7,93.0,13.0,2,4500,0,0,0,0,0,1

SID,USU2A,GRA,3
IF,D093N,-54.905428,-67.897639, ,0.0,0.0,2,4500,0,0,0,0,0,0
VI,0, ,0.0,17.0,2,8000,0,0,0,0,0,0
CF,GRA,-53.775250,-67.745694,0,GRA,0.0,0.0,347.0,58.0,0,0,0,0,0,0,0,0

SID,USU2A,KEXOP,3
IF,D093N,-54.905428,-67.897639, ,0.0,0.0,2,4500,0,0,0,0,0,0
DF,USU,-54.837944,-68.284194,2, ,0.0,0.0,2,8000,0,0,0,0,0,0
TF,KEXOP,-54.500000,-68.109722,0, ,0.0,0.0,0.0,0.0,0,0,0,0,0,0,0,0

SID,USU2A,ROMIV,3
IF,D093N,-54.905428,-67.897639, ,0.0,0.0,2,4500,0,0,0,0,0,0
DF,USU,-54.837944,-68.284194,2, ,0.0,0.0,2,8000,0,0,0,0,0,0
TF,ROMIV,-54.668056,-68.610556,0, ,0.0,0.0,0.0,0.0,0,0,0,0,0,0,0,0

SID,USU2A,SUNLI,3
IF,D093N,-54.905428,-67.897639, ,0.0,0.0,2,4500,0,0,0,0,0,0
DF,USU,-54.837944,-68.284194,2, ,0.0,0.0,2,8000,0,0,0,0,0,0
TF,SUNLI,-54.963056,-68.736667,0, ,0.0,0.0,0.0,0.0,0,0,0,0,0,0,0,0

SID,USU2A,UGIRA,3
IF,D093N,-54.905428,-67.897639, ,0.0,0.0,2,4500,0,0,0,0,0,0
DF,USU,-54.837944,-68.284194,2, ,0.0,0.0,2,8000,0,0,0,0,0,0
TF,UGIRA,-54.500000,-68.317778,0, ,0.0,0.0,0.0,0.0,0,0,0,0,0,0,0,0

SID,USU2B,25,2
CF,DER25,-54.844156,-68.317472,0,PWL,269.7,24.7,254.0,1.5,0,0,0,0,0,0,0,1
CA,0,245.0,2,400,0,0,0,0,0,0
VI,1, ,0.0,70.0,0,0,0,0,0,0,0,0
CF,D093N,-54.905428,-67.897639,0,PWL,266.5,9.7,93.0,4.0,2,4500,0,0,0,0,0,1

SID,USU2B,GRA,3
IF,D093N,-54.905428,-67.897639, ,0.0,0.0,2,4500,0,0,0,0,0,0
VI,0, ,0.0,17.0,2,8000,0,0,0,0,0,0
CF,GRA,-53.775250,-67.745694,0,GRA,0.0,0.0,347.0,58.0,0,0,0,0,0,0,0,0

SID,USU2B,KEXOP,3
IF,D093N,-54.905428,-67.897639, ,0.0,0.0,2,4500,0,0,0,0,0,0
DF,USU,-54.837944,-68.284194,2, ,0.0,0.0,2,8000,0,0,0,0,0,0
TF,KEXOP,-54.500000,-68.109722,0, ,0.0,0.0,0.0,0.0,0,0,0,0,0,0,0,0

SID,USU2B,ROMIV,3
IF,D093N,-54.905428,-67.897639, ,0.0,0.0,2,4500,0,0,0,0,0,0
DF,USU,-54.837944,-68.284194,2, ,0.0,0.0,2,8000,0,0,0,0,0,0
TF,ROMIV,-54.668056,-68.610556,0, ,0.0,0.0,0.0,0.0,0,0,0,0,0,0,0,0

SID,USU2B,SUNLI,3
IF,D093N,-54.905428,-67.897639, ,0.0,0.0,2,4500,0,0,0,0,0,0
DF,USU,-54.837944,-68.284194,2, ,0.0,0.0,2,8000,0,0,0,0,0,0
TF,SUNLI,-54.963056,-68.736667,0, ,0.0,0.0,0.0,0.0,0,0,0,0,0,0,0,0

SID,USU2B,UGIRA,3
IF,D093N,-54.905428,-67.897639, ,0.0,0.0,2,4500,0,0,0,0,0,0
DF,USU,-54.837944,-68.284194,2, ,0.0,0.0,2,8000,0,0,0,0,0,0
TF,UGIRA,-54.500000,-68.317778,0, ,0.0,0.0,0.0,0.0,0,0,0,0,0,0,0,0

STAR,DABLI2,25,5
IF,DABLI,-54.500000,-67.667778, ,0.0,0.0,2,14000,0,0,0,0,0,0
TF,EDPAN,-54.663611,-67.649722,0, ,0.0,0.0,0.0,0.0,2,10000,0,0,0,0,0,0
TF,WH213,-54.730000,-67.642222,0, ,0.0,0.0,0.0,0.0,2,8000,0,0,0,0,0,0
TF,WH214,-54.796389,-67.635000,0, ,0.0,0.0,0.0,0.0,2,6500,0,0,0,0,0,0
TF,MIBOK,-54.817778,-67.675556,0, ,0.0,0.0,0.0,0.0,2,6500,0,1,220,0,0,0

APPTR,I25-1,25,USU
IF,USU,-54.837944,-68.284194, ,0.0,0.0,0,0,0,0,0,0,1,0
FD,USU,-54.837944,-68.284194,0,USU,0.0,16.0,85.0,16.0,2,5100,0,0,0,0,0,0
CF,CI25,-54.826631,-67.901092,1,US,72.0,14.6,252.0,3.0,2,5100,0,0,0,0,0,0

FINAL,I25-1,25,I,3
IF,CI25,-54.826631,-67.901092,US,72.0,14.6,2,5100,0,0,0,0,0,0
CF,FI25,-54.834311,-68.079275,0,US,72.0,8.4,252.0,6.2,1,2700,0,0,0,0,2,0
CF,RW25,-54.842564,-68.276436,0,US,72.2,1.5,252.0,6.9,1,123,0,0,0,0,3,0
VA,0,252.0,2,650,0,0,0,0,0,0
VI,1, ,0.0,70.0,0,0,0,1,180,0,0,0
FA,USU,-54.837944,-68.284194,0,PWL,0.0,0.0,90.0,2,6000,0,0,0,0,0,0
DF,USU,-54.837944,-68.284194,2, ,0.0,0.0,2,8000,0,0,0,0,0,0

APPTR,I25-3,25,MIBOK
IF,MIBOK,-54.817778,-67.675556, ,0.0,0.0,2,6500,0,0,0,0,1,0
CF,CI252,-54.821450,-67.763067,0,US,72.2,19.4,252.0,3.0,2,5700,0,0,0,0,1,0

FINAL,I25-3,25,I,3
IF,CI252,-54.821450,-67.763067,US,72.2,19.4,2,5700,0,0,0,0,0,0
CF,FI252,-54.825150,-67.849269,0,US,72.2,16.4,252.0,3.0,1,5700,0,0,0,0,2,0
CF,RW25,-54.842564,-68.276436,0,US,72.2,1.5,252.0,14.9,1,123,0,0,0,0,3,0
VA,0,252.0,2,650,0,0,0,0,0,0
VI,1, ,0.0,70.0,0,0,0,1,180,0,0,0
FM,USU,-54.837944,-68.284194,0,PWL,0.0,0.0,90.0,2,8000,0,0,0,0,0,0

APPTR,R25-Y,25,MIBOK
IF,MIBOK,-54.817778,-67.675556, ,0.0,0.0,2,6500,0,1,220,0,1,0
TF,WH768,-54.906997,-67.705822,0, ,0.0,0.0,0.0,0.0,2,6000,0,0,0,0,0,0
TF,WH064,-54.894150,-67.819125,0, ,0.0,0.0,0.0,0.0,2,5000,0,0,0,0,0,0
TF,RENEN,-54.870647,-68.023864,0, ,0.0,0.0,0.0,0.0,2,2700,0,1,185,0,1,0

FINAL,R25-Y,25,R,4
IF,RENEN,-54.870647,-68.023864, ,0.0,0.0,2,2700,0,1,185,0,0,0
TF,WH876,-54.853658,-68.124664,0, ,0.0,0.0,274.0,3.6,2,1800,0,0,0,0,0,0
TF,TOBTO,-54.842528,-68.190400,0, ,0.0,0.0,274.0,2.4,2,1200,0,0,0,0,2,0
TF,FTP,-54.841017,-68.276472,0, ,0.0,0.0,260.0,3.0,1,121,0,0,0,0,3,1
CF,WH792,-54.840356,-68.313064,0,PWL,270.3,24.6,260.0,1.3,0,0,0,0,0,0,0,1
CF,WH292,-54.903883,-68.232983,1,PWL,261.9,21.2,70.0,3.0,0,0,0,1,185,0,0,0
TF,WH488,-54.881344,-67.948131,0, ,0.0,0.0,0.0,0.0,0,0,0,0,0,0,0,1
DF,USU,-54.837944,-68.284194,2, ,0.0,0.0,2,8000,0,0,0,0,0,1
HM,USU,-54.837944,-68.284194,1, ,0.0,0.0,88.0,04,2,8000,0,1,220,0,0,0,0

APPTR,R25-Z,25,MIBOK
IF,MIBOK,-54.817778,-67.675556, ,0.0,0.0,2,6500,0,1,220,0,1,0
TF,WH087,-54.820772,-67.744642,0, ,0.0,0.0,0.0,0.0,2,5800,0,0,0,0,0,0
TF,MUGUM,-54.823847,-67.816478,0, ,0.0,0.0,0.0,0.0,2,5300,0,1,185,0,1,0

FINAL,R25-Z,25,R,5
IF,MUGUM,-54.823847,-67.816478, ,0.0,0.0,2,5300,0,1,185,0,0,0
TF,UGSIN,-54.829858,-67.959581,0, ,0.0,0.0,254.0,5.0,2,4100,0,0,0,0,2,0
TF,WH092,-54.833617,-68.051144,0, ,0.0,0.0,254.0,3.2,2,2950,0,0,0,0,0,0
TF,WH192,-54.837622,-68.150697,0, ,0.0,0.0,254.0,3.5,2,1700,0,0,0,0,0,0
TF,RW25,-54.842564,-68.276436,0, ,0.0,0.0,254.0,4.4,1,121,0,0,0,0,3,1
CF,WH588,-54.844025,-68.314219,0,PWL,269.8,24.6,254.0,1.3,0,0,0,0,0,0,0,1
CF,WH292,-54.903883,-68.232983,1,PWL,261.9,21.2,70.0,3.0,0,0,0,1,185,0,0,0
TF,WH488,-54.881344,-67.948131,0, ,0.0,0.0,0.0,0.0,0,0,0,0,0,0,0,1
DF,USU,-54.837944,-68.284194,2, ,0.0,0.0,2,8000,0,0,0,0,0,1
HM,USU,-54.837944,-68.284194,1, ,0.0,0.0,88.0,04,2,8000,0,1,220,0,0,0,0

APPTR,V25,25,USU
IF,USU,-54.837944,-68.284194, ,0.0,0.0,0,0,0,0,0,0,1,0
FD,USU,-54.837944,-68.284194,0,USU,0.0,12.0,110.0,12.0,2,4000,0,0,0,0,0,0
CF,D093L,-54.889906,-67.944692,1,PWL,269.9,11.5,273.0,1.0,2,4000,0,0,0,0,0,0
TF,FF25,-54.872942,-68.056319,0, ,0.0,0.0,0.0,0.0,2,2750,0,0,0,0,0,0

FINAL,V25,25,D,3
IF,FF25,-54.872942,-68.056319,USU,93.0,8.2,2,2750,0,0,0,0,2,0
CF,40DME,-54.855867,-68.167892,0,USU,93.0,4.2,273.0,4.0,2,1500,0,0,0,0,0,0
CF,MA25,-54.850719,-68.201378,0,USU,93.0,3.0,273.0,1.2,1,1070,0,0,0,0,3,0
VI,1, ,0.0,70.0,0,0,0,0,0,0,0,0
FA,USU,-54.837944,-68.284194,0,PWL,0.0,0.0,90.0,2,6000,0,0,0,0,0,0
DF,USU,-54.837944,-68.284194,2, ,0.0,0.0,2,8000,0,0,0,0,0,0

