SID,AKNO1C,17L,5
DF,DE17L,-38.737503,-62.149603,0, ,0.0,0.0,0,0,0,0,0,0,0,1
CA,0,167.0,2,800,0,1,210,0,0,0
CF,ZB058,-38.822900,-62.328636,2,BCA,235.3,10.1,263.0,7.0,0,0,0,1,210,0,0,0
TF,ZB713,-38.485492,-62.397383,2, ,0.0,0.0,0.0,0.0,0,0,0,1,230,0,0,0
TF,AKNOS,-38.001389,-62.884444,0, ,0.0,0.0,0.0,0.0,0,0,0,0,0,0,0,0

SID,AKNO1G,35R,5
DF,DE35R,-38.716669,-62.157378,0, ,0.0,0.0,0,0,0,0,0,0,0,1
CA,0,344.0,2,800,0,0,0,0,0,0
DF,ZB713,-38.485492,-62.397383,0, ,0.0,0.0,0,0,0,0,0,0,0,0
TF,AKNOS,-38.001389,-62.884444,0, ,0.0,0.0,0.0,0.0,0,0,0,0,0,0,0,0

SID,DAMI1C,17L,5
DF,DE17L,-38.737503,-62.149603,0, ,0.0,0.0,0,0,0,0,0,0,0,1
CA,0,167.0,2,800,0,1,210,0,0,0
CF,ZB058,-38.822900,-62.328636,2,BCA,235.3,10.1,263.0,7.0,0,0,0,1,210,0,0,0
TF,ZB714,-38.743856,-62.540506,0, ,0.0,0.0,0.0,0.0,0,0,0,0,0,0,0,0
TF,DAMIN,-38.789167,-63.330556,0, ,0.0,0.0,0.0,0.0,0,0,0,0,0,0,0,0

SID,DAMI1G,35R,5
DF,DE35R,-38.716669,-62.157378,0, ,0.0,0.0,0,0,0,0,0,0,0,1
CA,0,344.0,2,800,0,1,250,0,0,0
DF,ZB733,-38.698694,-62.343617,0, ,0.0,0.0,0,0,0,1,250,0,0,0
TF,ZB714,-38.743856,-62.540506,0, ,0.0,0.0,0.0,0.0,0,0,0,0,0,0,0,0
TF,DAMIN,-38.789167,-63.330556,0, ,0.0,0.0,0.0,0.0,0,0,0,0,0,0,0,0

SID,DOTR1C,17L,5
DF,DE17L,-38.737503,-62.149603,0, ,0.0,0.0,0,0,0,0,0,0,0,1
CA,0,167.0,2,800,0,1,250,0,0,0
DF,ZB042,-38.691325,-61.969697,1, ,0.0,0.0,0,0,0,1,250,0,0,1
TF,DOTRI,-38.540000,-61.007778,0, ,0.0,0.0,0.0,0.0,0,0,0,0,0,0,0,0

SID,DOTR1G,35R,5
DF,DE35R,-38.716669,-62.157378,0, ,0.0,0.0,0,0,0,0,0,0,0,1
CA,0,344.0,2,800,0,0,0,0,0,0
DF,ZB049,-38.556928,-62.010275,0, ,0.0,0.0,0,0,0,0,0,0,0,0
TF,ZB731,-38.542225,-61.113953,0, ,0.0,0.0,0.0,0.0,3,10000,0,0,0,0,0,0
TF,DOTRI,-38.540000,-61.007778,0, ,0.0,0.0,0.0,0.0,0,0,0,0,0,0,0,0

SID,GENA1C,17L,5
DF,DE17L,-38.737503,-62.149603,0, ,0.0,0.0,0,0,0,0,0,0,0,1
CA,0,167.0,2,800,0,1,210,0,0,0
CF,ZB058,-38.822900,-62.328636,2,BCA,235.3,10.1,263.0,7.0,0,0,0,1,210,0,0,0
TF,ZB728,-38.832203,-62.514169,0, ,0.0,0.0,0.0,0.0,0,0,0,0,0,0,0,0
TF,GENAX,-39.060278,-63.251944,0, ,0.0,0.0,0.0,0.0,0,0,0,0,0,0,0,0

SID,GENA1G,35R,5
DF,DE35R,-38.716669,-62.157378,0, ,0.0,0.0,0,0,0,0,0,0,0,1
CA,0,344.0,2,800,0,1,250,0,0,0
DF,ZB733,-38.698694,-62.343617,0, ,0.0,0.0,0,0,0,1,250,0,0,0
TF,ZB728,-38.832203,-62.514169,0, ,0.0,0.0,0.0,0.0,0,0,0,0,0,0,0,0
TF,GENAX,-39.060278,-63.251944,0, ,0.0,0.0,0.0,0.0,0,0,0,0,0,0,0,0

SID,KIMI1C,17L,5
DF,DE17L,-38.737503,-62.149603,0, ,0.0,0.0,0,0,0,0,0,0,0,1
CA,0,167.0,2,800,0,1,210,0,0,0
CF,ZB058,-38.822900,-62.328636,2,BCA,235.3,10.1,263.0,7.0,0,0,0,1,210,0,0,0
TF,ZB717,-38.889331,-62.475272,0, ,0.0,0.0,0.0,0.0,0,0,0,0,0,0,0,0
TF,KIMID,-39.372778,-63.397778,0, ,0.0,0.0,0.0,0.0,0,0,0,0,0,0,0,0

SID,KIMI1G,35R,5
DF,DE35R,-38.716669,-62.157378,0, ,0.0,0.0,0,0,0,0,0,0,0,1
CA,0,344.0,2,800,0,1,250,0,0,0
DF,ZB733,-38.698694,-62.343617,0, ,0.0,0.0,0,0,0,1,250,0,0,0
TF,ZB717,-38.889331,-62.475272,0, ,0.0,0.0,0.0,0.0,0,0,0,0,0,0,0,0
TF,KIMID,-39.372778,-63.397778,0, ,0.0,0.0,0.0,0.0,0,0,0,0,0,0,0,0

SID,MOXA1C,17L,5
DF,DE17L,-38.737503,-62.149603,0, ,0.0,0.0,0,0,0,0,0,0,0,1
CA,0,167.0,2,800,0,1,250,0,0,0
DF,ZB042,-38.691325,-61.969697,1, ,0.0,0.0,0,0,0,1,250,0,0,1
TF,MOXAN,-38.371667,-61.074167,0, ,0.0,0.0,0.0,0.0,0,0,0,0,0,0,0,0

SID,MOXA1G,35R,5
DF,DE35R,-38.716669,-62.157378,0, ,0.0,0.0,0,0,0,0,0,0,0,1
CA,0,344.0,2,800,0,0,0,0,0,0
DF,ZB049,-38.556928,-62.010275,0, ,0.0,0.0,0,0,0,0,0,0,0,0
TF,MOXAN,-38.371667,-61.074167,0, ,0.0,0.0,0.0,0.0,0,0,0,0,0,0,0,0

SID,PULA1C,17L,5
DF,DE17L,-38.737503,-62.149603,0, ,0.0,0.0,0,0,0,0,0,0,0,1
CA,0,167.0,2,800,0,1,250,0,0,0
DF,ZB042,-38.691325,-61.969697,1, ,0.0,0.0,0,0,0,1,250,0,0,1
TF,ZB043,-38.578808,-61.893275,0, ,0.0,0.0,0.0,0.0,2,8000,0,0,0,0,0,0
TF,PULAS,-37.970833,-61.485000,0, ,0.0,0.0,0.0,0.0,0,0,0,0,0,0,0,0

SID,PULA1G,35R,5
DF,DE35R,-38.716669,-62.157378,0, ,0.0,0.0,0,0,0,0,0,0,0,1
CA,0,344.0,2,800,0,0,0,0,0,0
DF,ZB734,-38.449803,-61.991361,0, ,0.0,0.0,0,0,0,0,0,0,0,0
TF,PULAS,-37.970833,-61.485000,0, ,0.0,0.0,0.0,0.0,0,0,0,0,0,0,0,0

SID,SANB1C,17L,5
DF,DE17L,-38.737503,-62.149603,0, ,0.0,0.0,0,0,0,0,0,0,0,1
CA,0,167.0,2,800,0,1,210,0,0,0
CF,ZB058,-38.822900,-62.328636,2,BCA,235.3,10.1,263.0,7.0,0,0,0,1,210,0,0,0
TF,ZB723,-39.007775,-62.268061,1, ,0.0,0.0,0.0,0.0,0,0,0,1,230,0,0,0
TF,SANBU,-39.505278,-62.666111,0, ,0.0,0.0,0.0,0.0,0,0,0,0,0,0,0,0

SID,SANB1G,35R,5
DF,DE35R,-38.716669,-62.157378,0, ,0.0,0.0,0,0,0,0,0,0,0,1
CA,0,344.0,2,800,0,1,250,0,0,0
DF,ZB733,-38.698694,-62.343617,0, ,0.0,0.0,0,0,0,1,250,0,0,0
TF,ZB732,-38.948067,-62.409347,0, ,0.0,0.0,0.0,0.0,0,0,0,0,0,0,0,0
TF,SANBU,-39.505278,-62.666111,0, ,0.0,0.0,0.0,0.0,0,0,0,0,0,0,0,0

STAR,AKNO1Q,17L,5
IF,AKNOS,-38.001389,-62.884444, ,0.0,0.0,0,0,0,0,0,0,0,0
TF,UBLUM,-38.579828,-62.319008,0, ,0.0,0.0,0.0,0.0,2,3000,0,0,0,0,0,0

STAR,DAMI1Q,17L,5
IF,DAMIN,-38.789167,-63.330556, ,0.0,0.0,0,0,0,0,0,0,0,0
TF,LIVAK,-38.813889,-62.455556,0, ,0.0,0.0,0.0,0.0,0,0,0,0,0,0,0,0
TF,UBLUM,-38.579828,-62.319008,0, ,0.0,0.0,0.0,0.0,2,3000,0,0,0,0,0,0

STAR,DOTR1Q,17L,5
IF,DOTRI,-38.540000,-61.007778, ,0.0,0.0,0,0,0,0,0,0,0,0
TF,ZB041,-38.471242,-61.708447,0, ,0.0,0.0,0.0,0.0,3,7000,0,0,0,0,0,0
TF,ANGEM,-38.533125,-62.115033,0, ,0.0,0.0,0.0,0.0,2,3000,0,0,0,0,0,0

STAR,DOTR1U,35R,5
IF,DOTRI,-38.540000,-61.007778, ,0.0,0.0,0,0,0,0,0,0,0,0
TF,ZB730,-38.645294,-61.390789,0, ,0.0,0.0,0.0,0.0,2,11000,0,0,0,0,0,0
TF,ZB741,-38.689264,-61.528786,0, ,0.0,0.0,0.0,0.0,2,7000,0,0,0,0,0,0
TF,EDPIL,-38.817428,-61.934972,0, ,0.0,0.0,0.0,0.0,2,3000,0,0,0,0,0,0

STAR,GENA1Q,17L,5
IF,GENAX,-39.060278,-63.251944, ,0.0,0.0,0,0,0,0,0,0,0,0
TF,LIVAK,-38.813889,-62.455556,0, ,0.0,0.0,0.0,0.0,0,0,0,0,0,0,0,0
TF,UBLUM,-38.579828,-62.319008,0, ,0.0,0.0,0.0,0.0,2,3000,0,0,0,0,0,0

STAR,KIMI1Q,17L,5
IF,KIMID,-39.372778,-63.397778, ,0.0,0.0,0,0,0,0,0,0,0,0
TF,LIVAK,-38.813889,-62.455556,0, ,0.0,0.0,0.0,0.0,0,0,0,0,0,0,0,0
TF,UBLUM,-38.579828,-62.319008,0, ,0.0,0.0,0.0,0.0,2,3000,0,0,0,0,0,0

STAR,MOXA1Q,17L,5
IF,MOXAN,-38.371667,-61.074167, ,0.0,0.0,0,0,0,0,0,0,0,0
TF,ZB041,-38.471242,-61.708447,0, ,0.0,0.0,0.0,0.0,3,7000,0,0,0,0,0,0
TF,ANGEM,-38.533125,-62.115033,0, ,0.0,0.0,0.0,0.0,2,3000,0,0,0,0,0,0

STAR,MOXA1U,35R,5
IF,MOXAN,-38.371667,-61.074167, ,0.0,0.0,0,0,0,0,0,0,0,0
TF,ZB730,-38.645294,-61.390789,0, ,0.0,0.0,0.0,0.0,2,11000,0,0,0,0,0,0
TF,ZB741,-38.689264,-61.528786,0, ,0.0,0.0,0.0,0.0,2,7000,0,0,0,0,0,0
TF,EDPIL,-38.817428,-61.934972,0, ,0.0,0.0,0.0,0.0,2,3000,0,0,0,0,0,0

STAR,SANB1Q,17L,5
IF,SANBU,-39.505278,-62.666111, ,0.0,0.0,0,0,0,0,0,0,0,0
TF,LIVAK,-38.813889,-62.455556,0, ,0.0,0.0,0.0,0.0,0,0,0,0,0,0,0,0
TF,UBLUM,-38.579828,-62.319008,0, ,0.0,0.0,0.0,0.0,2,3000,0,0,0,0,0,0

APPTR,I17LY,17L,BCA
IF,BCA,-38.720000,-62.158361, ,0.0,0.0,0,0,0,1,220,0,1,0
FD,BCA,-38.720000,-62.158361,0,BCA,0.0,11.0,5.0,11.0,2,2200,0,0,0,0,0,0
CF,OSOVI,-38.556519,-62.216989,1,BC,346.7,11.5,167.0,1.0,2,2200,0,0,0,0,1,0

APPTR,I17LY,17L,ZB172
IF,ZB172,-38.671756,-61.845003, ,0.0,0.0,0,0,0,0,0,0,1,0
AF,ZB173,-38.621778,-61.864717,1,BCA,70.0,15.0,82.0,0,0,0,0,0,0,0,0
AF,ZB183,-38.479333,-62.246114,1,BCA,347.0,15.0,70.0,0,0,0,0,0,0,0,0
CF,OSOVI,-38.556519,-62.216989,0,BC,346.7,11.5,167.0,4.8,2,2200,0,0,0,0,1,0

APPTR,I17LY,17L,ZB173
IF,ZB173,-38.621778,-61.864717, ,0.0,0.0,0,0,0,0,0,0,1,0
AF,ZB183,-38.479333,-62.246114,1,BCA,347.0,15.0,70.0,0,0,0,0,0,0,0,0
CF,OSOVI,-38.556519,-62.216989,0,BC,346.7,11.5,167.0,4.8,2,2200,0,0,0,0,1,0

APPTR,I17LY,17L,ZB174
IF,ZB174,-38.525272,-62.358842, ,0.0,0.0,0,0,0,0,0,0,1,0
AF,ZB183,-38.479333,-62.246114,2,BCA,347.0,15.0,324.0,0,0,0,0,0,0,0,0
CF,OSOVI,-38.556519,-62.216989,0,BC,346.7,11.5,167.0,4.8,2,2200,0,0,0,0,1,0

APPTR,I17LY,17L,ZB176
IF,ZB176,-38.745653,-62.476158, ,0.0,0.0,0,0,0,0,0,0,1,0
AF,ZB174,-38.525272,-62.358842,2,BCA,324.0,15.0,267.0,0,0,0,0,0,0,0,0
AF,ZB183,-38.479333,-62.246114,2,BCA,347.0,15.0,324.0,0,0,0,0,0,0,0,0
CF,OSOVI,-38.556519,-62.216989,0,BC,346.7,11.5,167.0,4.8,2,2200,0,0,0,0,1,0

APPTR,I17LY,17L,ZB183
IF,ZB183,-38.479333,-62.246114, ,0.0,0.0,0,0,0,0,0,0,1,0
CF,OSOVI,-38.556519,-62.216989,0,BC,346.7,11.5,167.0,4.8,2,2200,0,0,0,0,1,0

FINAL,I17LY,17L,I,3
IF,OSOVI,-38.556519,-62.216989,BC,346.7,11.5,2,2200,0,0,0,0,0,0
CF,ZB059,-38.610969,-62.196736,0,BC,346.7,8.1,167.0,3.4,1,2200,0,0,0,0,2,0
CF,RW17L,-38.716669,-62.157378,0,BC,346.7,1.5,167.0,6.6,1,302,0,0,0,0,3,0
VA,0,167.0,2,900,0,0,0,0,0,0
CF,VUBLI,-38.662508,-61.782256,1,BCA,82.1,18.0,82.0,17.0,2,3000,0,1,210,0,0,0
HM,VUBLI,-38.662508,-61.782256,2, ,0.0,0.0,262.0,04.3,2,3000,0,1,210,0,0,0,0

APPTR,I17LZ,17L,ANGEM
IF,ANGEM,-38.533125,-62.115033, ,0.0,0.0,2,3000,0,1,220,0,1,0
TF,OSOVI,-38.556519,-62.216989,0,BC,0.0,0.0,0.0,0.0,2,2200,0,1,180,0,1,0

APPTR,I17LZ,17L,PUMVO
IF,PUMVO,-38.476433,-62.246694, ,0.0,0.0,2,3000,0,1,220,0,1,0
TF,OSOVI,-38.556519,-62.216989,0,BC,0.0,0.0,0.0,0.0,2,2200,0,1,180,0,1,0

APPTR,I17LZ,17L,UBLUM
IF,UBLUM,-38.579828,-62.319008, ,0.0,0.0,2,3000,0,1,220,0,1,0
TF,OSOVI,-38.556519,-62.216989,0,BC,0.0,0.0,0.0,0.0,2,2200,0,1,180,0,1,0

FINAL,I17LZ,17L,I,3
IF,OSOVI,-38.556519,-62.216989,BC,346.7,11.5,2,2200,0,1,180,0,0,0
CF,FF17L,-38.610614,-62.196914,0,BC,346.7,8.1,167.0,3.4,1,2200,0,0,0,0,2,0
CF,RW17L,-38.716669,-62.157378,0,BC,346.7,1.5,167.0,6.6,1,302,0,0,0,0,3,0
CF,ZB700,-38.785539,-62.131658,0,BCA,165.3,4.1,167.0,4.3,0,0,0,1,230,0,0,1
DF,VUBLI,-38.662508,-61.782256,1, ,0.0,0.0,2,3000,0,1,230,0,0,1
HM,VUBLI,-38.662508,-61.782256,2, ,0.0,0.0,262.0,04,2,3000,0,1,210,0,0,0,0

APPTR,R17L,17L,ANGEM
IF,ANGEM,-38.533125,-62.115033, ,0.0,0.0,2,3000,0,1,220,0,1,0
TF,OSOVI,-38.556519,-62.216989,0, ,0.0,0.0,0.0,0.0,2,2200,0,1,180,0,1,0

APPTR,R17L,17L,PUMVO
IF,PUMVO,-38.476433,-62.246694, ,0.0,0.0,2,3000,0,1,220,0,1,0
TF,OSOVI,-38.556519,-62.216989,0, ,0.0,0.0,0.0,0.0,2,2200,0,1,180,0,1,0

APPTR,R17L,17L,UBLUM
IF,UBLUM,-38.579828,-62.319008, ,0.0,0.0,2,3000,0,1,220,0,1,0
TF,OSOVI,-38.556519,-62.216989,0, ,0.0,0.0,0.0,0.0,2,2200,0,1,180,0,1,0

FINAL,R17L,17L,R,3
IF,OSOVI,-38.556519,-62.216989, ,0.0,0.0,2,2200,0,1,180,0,0,0
TF,OPSEV,-38.621008,-62.193019,0, ,0.0,0.0,167.0,4.0,2,2200,0,0,0,0,2,0
TF,RW17L,-38.716669,-62.157378,0, ,0.0,0.0,167.0,6.0,1,298,0,0,0,0,3,1
CF,ZB700,-38.785539,-62.131658,0,BCA,165.3,4.1,167.0,4.3,0,0,0,1,230,0,0,1
DF,VUBLI,-38.662508,-61.782256,1, ,0.0,0.0,2,3000,0,1,230,0,0,1
HM,VUBLI,-38.662508,-61.782256,2, ,0.0,0.0,262.0,04,2,3000,0,1,210,0,0,0,0

APPTR,R35R,35R,EDPIL
IF,EDPIL,-38.817428,-61.934972, ,0.0,0.0,2,3000,0,1,220,0,1,0
TF,ISVOR,-38.843794,-62.048139,0, ,0.0,0.0,0.0,0.0,2,2000,0,1,180,0,1,0

FINAL,R35R,35R,R,3
IF,ISVOR,-38.843794,-62.048139, ,0.0,0.0,2,2000,0,1,180,0,0,0
TF,KONLO,-38.797728,-62.109853,0, ,0.0,0.0,317.0,4.0,2,1580,0,0,0,0,2,0
TF,MUBUD,-38.754967,-62.143081,0, ,0.0,0.0,332.0,3.0,1,609,0,0,0,0,3,1
CF,ZB742,-38.704919,-62.181478,0,BCA,312.6,1.4,332.0,3.5,0,0,0,0,0,0,0,0
TF,NEDET,-38.524486,-62.228878,0, ,0.0,0.0,0.0,0.0,2,3000,0,0,0,0,0,1
HM,NEDET,-38.524486,-62.228878,1, ,0.0,0.0,167.0,04,2,3000,0,1,210,0,0,0,0

APPTR,S17LZ,17L,BCA
IF,BCA,-38.720000,-62.158361, ,0.0,0.0,0,0,0,1,210,0,1,0
FD,BCA,-38.720000,-62.158361,0,BCA,0.0,9.0,13.0,9.0,2,2200,0,0,0,0,0,0
CF,ZB179,-38.572053,-62.191572,1,BCA,353.0,9.0,173.0,1.0,2,2200,0,0,0,0,1,0

APPTR,S17LZ,17L,ZB172
IF,ZB172,-38.671756,-61.845003, ,0.0,0.0,0,0,0,0,0,0,1,0
AF,ZB173,-38.621778,-61.864717,1,BCA,70.0,15.0,82.0,0,0,0,0,0,0,0,0
AF,ZB177,-38.473461,-62.213639,1,BCA,353.0,15.0,70.0,0,0,0,0,0,0,0,0
TF,ZB179,-38.572053,-62.191572,0, ,0.0,0.0,0.0,0.0,2,2200,0,0,0,0,1,0

APPTR,S17LZ,17L,ZB173
IF,ZB173,-38.621778,-61.864717, ,0.0,0.0,0,0,0,0,0,0,1,0
AF,ZB177,-38.473461,-62.213639,1,BCA,353.0,15.0,70.0,0,0,0,0,0,0,0,0
TF,ZB179,-38.572053,-62.191572,0, ,0.0,0.0,0.0,0.0,2,2200,0,0,0,0,1,0

APPTR,S17LZ,17L,ZB174
IF,ZB174,-38.525272,-62.358842, ,0.0,0.0,0,0,0,0,0,0,1,0
AF,ZB177,-38.473461,-62.213639,2,BCA,353.0,15.0,324.0,0,0,0,0,0,0,0,0
TF,ZB179,-38.572053,-62.191572,0, ,0.0,0.0,0.0,0.0,2,2200,0,0,0,0,1,0

APPTR,S17LZ,17L,ZB176
IF,ZB176,-38.745653,-62.476158, ,0.0,0.0,0,0,0,0,0,0,1,0
AF,ZB174,-38.525272,-62.358842,2,BCA,324.0,15.0,267.0,0,0,0,0,0,0,0,0
AF,ZB177,-38.473461,-62.213639,2,BCA,353.0,15.0,324.0,0,0,0,0,0,0,0,0
TF,ZB179,-38.572053,-62.191572,0, ,0.0,0.0,0.0,0.0,2,2200,0,0,0,0,1,0

APPTR,S17LZ,17L,ZB177
IF,ZB177,-38.473461,-62.213639, ,0.0,0.0,0,0,0,0,0,0,1,0
CF,ZB179,-38.572053,-62.191572,0,BCA,353.0,9.0,173.0,6.0,2,2200,0,0,0,0,1,0

FINAL,S17LZ,17L,D,3
IF,ZB179,-38.572053,-62.191572,BCA,353.0,9.0,2,2200,0,0,0,0,0,0
CF,ZB178,-38.608200,-62.183467,0,BCA,353.0,6.8,173.0,2.2,2,2200,0,0,0,0,2,0
CF,RW17L,-38.716669,-62.157378,0,BCA,16.3,0.2,173.0,6.6,1,302,0,0,0,0,3,0
CF,BCA,-38.720000,-62.158361,0,BCA,0.0,0.0,173.0,0.2,0,0,0,0,0,0,0,0
CA,0,173.0,2,1000,0,0,0,0,0,0
CF,VUBLI,-38.662508,-61.782256,1,BCA,82.1,18.0,82.0,17.0,2,3000,0,1,210,0,0,0
HM,VUBLI,-38.662508,-61.782256,2, ,0.0,0.0,262.0,04.3,2,3000,0,1,210,0,0,0,0

