SID,ESUR1C,13,5
CF,ZM052,-37.990911,-57.461442,0,MDP,131.9,6.6,130.0,5.7,0,0,0,0,0,0,0,0
TF,ZM053,-38.124392,-57.461442,0, ,0.0,0.0,0.0,0.0,0,0,0,0,0,0,0,0
TF,OSEXI,-38.146150,-57.591172,0, ,0.0,0.0,0.0,0.0,0,0,0,0,0,0,0,0
TF,ZM056,-38.012475,-57.753589,0, ,0.0,0.0,0.0,0.0,2,9000,0,0,0,0,0,0
TF,ESURO,-37.695278,-58.135556,0, ,0.0,0.0,0.0,0.0,0,0,0,0,0,0,0,0

SID,ESUR1G,31,5
CA,0,310.0,2,1500,0,0,0,0,0,0
CF,ESURO,-37.695278,-58.135556,0,MDP,305.7,30.1,304.0,28.0,0,0,0,0,0,0,0,0

SID,PULP1C,13,5
CA,0,130.0,2,1500,0,0,0,0,0,0
DF,ZM060,-37.531739,-57.473547,1, ,0.0,0.0,2,9000,0,0,0,0,0,0
TF,PULPA,-36.995278,-57.680833,0, ,0.0,0.0,0.0,0.0,0,0,0,0,0,0,0,0

SID,PULP1D,13,5
CA,0,130.0,2,1500,0,0,0,0,0,0
DF,ZM092,-37.765528,-57.214111,0, ,0.0,0.0,0,0,0,0,0,0,0,0
TF,OPRER,-37.428967,-57.313286,0, ,0.0,0.0,0.0,0.0,0,0,0,0,0,0,0,0
TF,ZM096,-37.323936,-57.402778,0, ,0.0,0.0,0.0,0.0,2,10000,0,0,0,0,0,0
TF,PULPA,-36.995278,-57.680833,0, ,0.0,0.0,0.0,0.0,0,0,0,0,0,0,0,0

SID,PULP1G,31,5
CA,0,310.0,2,1500,0,0,0,0,0,0
CI,0, ,0.0,310.0,0,0,0,0,0,0,0,0
CF,BOGEG,-37.373883,-57.710344,0,MDP,357.1,33.9,12.0,28.0,3,10000,0,0,0,0,0,0
TF,PULPA,-36.995278,-57.680833,0, ,0.0,0.0,0.0,0.0,0,0,0,0,0,0,0,0

SID,ROGA1C,13,5
CF,ZM052,-37.990911,-57.461442,0,MDP,131.9,6.6,130.0,5.7,0,0,0,0,0,0,0,0
TF,ZM053,-38.124392,-57.461442,0, ,0.0,0.0,0.0,0.0,0,0,0,0,0,0,0,0
TF,OSEXI,-38.146150,-57.591172,0, ,0.0,0.0,0.0,0.0,0,0,0,0,0,0,0,0
TF,ZM070,-38.184678,-57.823194,0, ,0.0,0.0,0.0,0.0,2,9000,0,0,0,0,0,0
TF,ROGAS,-38.227778,-58.086389,0, ,0.0,0.0,0.0,0.0,0,0,0,0,0,0,0,0

SID,ROGA1G,31,5
CA,0,310.0,2,1500,0,0,0,0,0,0
CI,0, ,0.0,310.0,0,0,0,0,0,0,0,0
CF,ZM402,-37.948269,-57.975183,0,MDP,274.5,19.0,247.0,12.0,3,7000,0,0,0,0,0,0
TF,ZM403,-38.149939,-58.055331,0, ,0.0,0.0,0.0,0.0,3,9000,0,0,0,0,0,0
TF,ROGAS,-38.227778,-58.086389,0, ,0.0,0.0,0.0,0.0,0,0,0,0,0,0,0,0

SID,ROPI1C,13,5
CA,0,130.0,2,1500,0,0,0,0,0,0
DF,ZM092,-37.765528,-57.214111,0, ,0.0,0.0,0,0,0,0,0,0,0,0
TF,ROPIS,-36.741667,-56.958333,0, ,0.0,0.0,0.0,0.0,0,0,0,0,0,0,0,0

SID,ROPI1D,13,5
CA,0,130.0,2,1500,0,0,0,0,0,0
DF,ZM092,-37.765528,-57.214111,0, ,0.0,0.0,0,0,0,0,0,0,0,0
TF,OPRER,-37.428967,-57.313286,0, ,0.0,0.0,0.0,0.0,0,0,0,0,0,0,0,0
TF,ROPIS,-36.741667,-56.958333,0, ,0.0,0.0,0.0,0.0,0,0,0,0,0,0,0,0

SID,ROPI1G,31,5
CA,0,310.0,2,1500,0,0,0,0,0,0
CI,0, ,0.0,310.0,0,0,0,0,0,0,0,0
CF,BOGEG,-37.373883,-57.710344,0,MDP,357.1,33.9,12.0,28.0,3,10000,0,0,0,0,0,0
TF,ZM401,-36.998406,-57.261525,0, ,0.0,0.0,0.0,0.0,2,16000,0,0,0,0,0,0
TF,ROPIS,-36.741667,-56.958333,0, ,0.0,0.0,0.0,0.0,0,0,0,0,0,0,0,0

SID,SIRA1C,13,5
CF,ZM052,-37.990911,-57.461442,0,MDP,131.9,6.6,130.0,5.7,0,0,0,0,0,0,0,0
TF,ZM053,-38.124392,-57.461442,0, ,0.0,0.0,0.0,0.0,0,0,0,0,0,0,0,0
TF,OSEXI,-38.146150,-57.591172,0, ,0.0,0.0,0.0,0.0,0,0,0,0,0,0,0,0
TF,ZM055,-38.101839,-57.864064,0, ,0.0,0.0,0.0,0.0,2,9000,0,0,0,0,0,0
TF,SIRAN,-38.047500,-58.193056,0, ,0.0,0.0,0.0,0.0,0,0,0,0,0,0,0,0

SID,SIRA1G,31,5
CA,0,310.0,2,1500,0,0,0,0,0,0
CI,0, ,0.0,310.0,0,0,0,0,0,0,0,0
CF,ZM402,-37.948269,-57.975183,0,MDP,274.5,19.0,247.0,12.0,3,7000,0,0,0,0,0,0
TF,SIRAN,-38.047500,-58.193056,0, ,0.0,0.0,0.0,0.0,0,0,0,0,0,0,0,0

STAR,ESUR1Q,13,5
IF,ESURO,-37.695278,-58.135556, ,0.0,0.0,4,7000,5000,0,0,0,0,0
TF,AKROG,-37.784361,-57.866925,0, ,0.0,0.0,0.0,0.0,2,3000,0,0,0,0,0,0

STAR,ESUR1U,31,5
IF,ESURO,-37.695278,-58.135556, ,0.0,0.0,0,0,0,0,0,0,0,0
TF,ZM251,-37.966958,-57.776939,0, ,0.0,0.0,0.0,0.0,2,8000,0,0,0,0,0,0
TF,ZM253,-38.129858,-57.565375,0, ,0.0,0.0,0.0,0.0,0,0,0,0,0,0,0,0
TF,GAVIK,-38.108878,-57.463169,0, ,0.0,0.0,0.0,0.0,2,3000,0,0,0,0,0,0

STAR,MUDN1Q,13,5
IF,MUDNO,-36.758056,-57.212778, ,0.0,0.0,0,0,0,0,0,0,0,0
TF,ILRED,-37.165917,-57.393453,0, ,0.0,0.0,0.0,0.0,3,9000,0,0,0,0,0,0
TF,ZM090,-37.399656,-57.635986,0, ,0.0,0.0,0.0,0.0,3,8000,0,0,0,0,0,0
TF,DALMI,-37.740992,-57.732969,0, ,0.0,0.0,0.0,0.0,2,3000,0,0,0,0,0,0

STAR,MUDN1U,31,5
IF,MUDNO,-36.758056,-57.212778, ,0.0,0.0,3,15000,0,0,0,0,0,0
TF,OPRER,-37.428967,-57.313286,0, ,0.0,0.0,0.0,0.0,0,0,0,0,0,0,0,0
TF,ZM092,-37.765528,-57.214111,0, ,0.0,0.0,0.0,0.0,0,0,0,0,0,0,0,0
TF,NIRSU,-37.941578,-57.324072,0, ,0.0,0.0,0.0,0.0,2,3000,0,0,0,0,0,0

STAR,ROGA1Q,13,5
IF,ROGAS,-38.227778,-58.086389, ,0.0,0.0,4,7000,5000,0,0,0,0,0
TF,ZM058,-38.033833,-57.953397,0, ,0.0,0.0,0.0,0.0,3,5000,0,0,0,0,0,0
TF,PUNOX,-37.899125,-57.861500,0, ,0.0,0.0,0.0,0.0,2,3000,0,0,0,0,0,0

STAR,ROGA1U,31,5
IF,ROGAS,-38.227778,-58.086389, ,0.0,0.0,0,0,0,0,0,0,0,0
TF,ZM253,-38.129858,-57.565375,0, ,0.0,0.0,0.0,0.0,0,0,0,0,0,0,0,0
TF,GAVIK,-38.108878,-57.463169,0, ,0.0,0.0,0.0,0.0,2,3000,0,0,0,0,0,0

STAR,ROPI1Q,13,5
IF,ROPIS,-36.741667,-56.958333, ,0.0,0.0,0,0,0,0,0,0,0,0
TF,ZM061,-37.378022,-57.448767,0, ,0.0,0.0,0.0,0.0,3,8000,0,0,0,0,0,0
TF,DALMI,-37.740992,-57.732969,0, ,0.0,0.0,0.0,0.0,2,3000,0,0,0,0,0,0

STAR,ROPI1R,13,5
IF,ROPIS,-36.741667,-56.958333, ,0.0,0.0,0,0,0,0,0,0,0,0
TF,ILRED,-37.165917,-57.393453,0, ,0.0,0.0,0.0,0.0,3,9000,0,0,0,0,0,0
TF,ZM090,-37.399656,-57.635986,0, ,0.0,0.0,0.0,0.0,3,8000,0,0,0,0,0,0
TF,DALMI,-37.740992,-57.732969,0, ,0.0,0.0,0.0,0.0,2,3000,0,0,0,0,0,0

STAR,ROPI1U,31,5
IF,ROPIS,-36.741667,-56.958333, ,0.0,0.0,0,0,0,0,0,0,0,0
TF,OPRER,-37.428967,-57.313286,0, ,0.0,0.0,0.0,0.0,0,0,0,0,0,0,0,0
TF,ZM092,-37.765528,-57.214111,0, ,0.0,0.0,0.0,0.0,0,0,0,0,0,0,0,0
TF,NIRSU,-37.941578,-57.324072,0, ,0.0,0.0,0.0,0.0,2,3000,0,0,0,0,0,0

STAR,SIRA1Q,13,5
IF,SIRAN,-38.047500,-58.193056, ,0.0,0.0,4,7000,5000,0,0,0,0,0
TF,ZM059,-37.973431,-58.027111,0, ,0.0,0.0,0.0,0.0,3,5000,0,0,0,0,0,0
TF,PUNOX,-37.899125,-57.861500,0, ,0.0,0.0,0.0,0.0,2,3000,0,0,0,0,0,0

STAR,SIRA1U,31,5
IF,SIRAN,-38.047500,-58.193056, ,0.0,0.0,0,0,0,0,0,0,0,0
TF,ZM252,-38.084467,-57.919833,0, ,0.0,0.0,0.0,0.0,2,10000,0,0,0,0,0,0
TF,ZM253,-38.129858,-57.565375,0, ,0.0,0.0,0.0,0.0,0,0,0,0,0,0,0,0
TF,GAVIK,-38.108878,-57.463169,0, ,0.0,0.0,0.0,0.0,2,3000,0,0,0,0,0,0

STAR,VOTR1Q,13,5
IF,VOTRA,-37.063889,-58.029444, ,0.0,0.0,0,0,0,0,0,0,0,0
TF,AKROG,-37.784361,-57.866925,0, ,0.0,0.0,0.0,0.0,2,3000,0,0,0,0,0,0

STAR,VOTR1U,31,5
IF,VOTRA,-37.063889,-58.029444, ,0.0,0.0,0,0,0,0,0,0,0,0
TF,ZM250,-37.518569,-57.656353,0, ,0.0,0.0,0.0,0.0,2,11000,0,0,0,0,0,0
TF,NIRSU,-37.941578,-57.324072,0, ,0.0,0.0,0.0,0.0,2,3000,0,0,0,0,0,0

APPTR,D13-Z,13,ZM032
IF,ZM032,-37.837900,-57.824331, ,0.0,0.0,2,3000,0,0,0,0,1,0
TF,CS13,-37.861992,-57.759558,0, ,0.0,0.0,0.0,0.0,2,2300,0,0,0,0,1,0

APPTR,D13-Z,13,ZM035
IF,ZM035,-38.060167,-57.795542, ,0.0,0.0,2,3000,0,0,0,0,1,0
AF,ZM036,-37.982008,-57.842353,2,MDP,264.0,13.0,241.0,2,3000,0,0,0,0,0,0
AF,ZM032,-37.837900,-57.824331,2,MDP,303.0,13.0,264.0,2,3000,0,0,0,0,0,0
TF,CS13,-37.861992,-57.759558,0, ,0.0,0.0,0.0,0.0,2,2300,0,0,0,0,1,0

APPTR,D13-Z,13,ZM036
IF,ZM036,-37.982008,-57.842353, ,0.0,0.0,2,3000,0,0,0,0,1,0
AF,ZM032,-37.837900,-57.824331,2,MDP,303.0,13.0,264.0,2,3000,0,0,0,0,0,0
TF,CS13,-37.861992,-57.759558,0, ,0.0,0.0,0.0,0.0,2,2300,0,0,0,0,1,0

APPTR,D13-Z,13,ZM038
IF,ZM038,-37.730111,-57.683158, ,0.0,0.0,2,3000,0,0,0,0,1,0
AF,ZM032,-37.837900,-57.824331,1,MDP,303.0,13.0,345.0,2,3000,0,0,0,0,0,0
TF,CS13,-37.861992,-57.759558,0, ,0.0,0.0,0.0,0.0,2,2300,0,0,0,0,1,0

APPTR,D13-Z,13,ZM039
IF,ZM039,-37.730111,-57.469728, ,0.0,0.0,2,3000,0,0,0,0,1,0
AF,ZM038,-37.730111,-57.683158,1,MDP,345.0,13.0,31.0,2,3000,0,0,0,0,0,0
AF,ZM032,-37.837900,-57.824331,1,MDP,303.0,13.0,345.0,2,3000,0,0,0,0,0,0
TF,CS13,-37.861992,-57.759558,0, ,0.0,0.0,0.0,0.0,2,2300,0,0,0,0,1,0

FINAL,D13-Z,13,D,3
IF,CS13,-37.861992,-57.759558,MDP,303.0,9.6,2,2300,0,0,0,0,0,0
CF,FS13,-37.878981,-57.713811,0,MDP,303.0,7.2,123.0,2.4,2,2300,0,0,0,0,2,0
CF,RW13,-37.928856,-57.583792,0,MDP,287.5,0.4,123.0,6.8,1,122,0,0,0,0,3,0
CA,0,123.0,2,480,0,0,0,0,0,0
FA,MDP,-37.929828,-57.576447,0,MDP,0.0,0.0,123.0,2,1000,0,0,0,0,0,0
CF,PUMTO,-37.991269,-57.237489,0,MDP,111.0,16.5,111.0,15.0,2,3000,0,0,0,0,0,0
HM,PUMTO,-37.991269,-57.237489,2, ,0.0,0.0,291.0,04.3,2,3000,0,1,210,0,0,0,0

APPTR,D31-Z,31,ZM310
IF,ZM310,-37.745478,-57.477917, ,0.0,0.0,2,3000,0,0,0,0,1,0
AF,ZM312,-38.047344,-57.371606,2,MDP,134.0,12.0,31.0,2,3000,0,0,0,0,1,0

APPTR,D31-Z,31,ZM311
IF,ZM311,-38.050156,-57.778658, ,0.0,0.0,2,3000,0,0,0,0,1,0
AF,ZM312,-38.047344,-57.371606,1,MDP,134.0,12.0,241.0,2,3000,0,0,0,0,1,0

APPTR,D31-Z,31,ZM316
IF,ZM316,-37.745478,-57.674969, ,0.0,0.0,2,3000,0,0,0,0,1,0
AF,ZM310,-37.745478,-57.477917,2,MDP,31.0,12.0,345.0,2,3000,0,0,0,0,0,0
AF,ZM312,-38.047344,-57.371606,2,MDP,134.0,12.0,31.0,2,3000,0,0,0,0,1,0

APPTR,D31-Z,31,ZM317
IF,ZM317,-37.981400,-57.820789, ,0.0,0.0,2,3000,0,0,0,0,1,0
AF,ZM311,-38.050156,-57.778658,1,MDP,241.0,12.0,264.0,2,3000,0,0,0,0,0,0
AF,ZM312,-38.047344,-57.371606,1,MDP,134.0,12.0,241.0,2,3000,0,0,0,0,1,0

FINAL,D31-Z,31,D,3
IF,ZM312,-38.047344,-57.371606,MDP,134.0,12.0,2,3000,0,0,0,0,0,0
CF,FF31,-38.006256,-57.443372,0,MDP,134.0,7.8,314.0,4.2,2,2300,0,0,0,0,2,0
CF,RW31,-37.939556,-57.562728,0,MDP,139.8,0.9,314.0,6.9,1,112,0,0,0,0,3,0
CA,0,314.0,2,3000,0,0,0,0,0,0

APPTR,I13-Y,13,ZM035
IF,ZM035,-38.060167,-57.795542, ,0.0,0.0,2,3000,0,0,0,0,1,0
AF,ZM036,-37.982008,-57.842353,2,MDP,264.0,13.0,241.0,2,3000,0,0,0,0,0,0
AF,ZM102,-37.814656,-57.808325,2,MDP,310.0,13.0,264.0,2,3000,0,0,0,0,0,0
CF,CF13,-37.844986,-57.748467,0,MP,310.7,10.7,130.0,3.4,2,2300,0,0,0,0,1,0

APPTR,I13-Y,13,ZM036
IF,ZM036,-37.982008,-57.842353, ,0.0,0.0,2,3000,0,0,0,0,1,0
AF,ZM102,-37.814656,-57.808325,2,MDP,310.0,13.0,264.0,2,3000,0,0,0,0,0,0
CF,CF13,-37.844986,-57.748467,0,MP,310.7,10.7,130.0,3.4,2,2300,0,0,0,0,1,0

APPTR,I13-Y,13,ZM038
IF,ZM038,-37.730111,-57.683158, ,0.0,0.0,2,3000,0,0,0,0,1,0
AF,ZM102,-37.814656,-57.808325,1,MDP,310.0,13.0,345.0,2,3000,0,0,0,0,0,0
CF,CF13,-37.844986,-57.748467,0,MP,310.7,10.7,130.0,3.4,2,2300,0,0,0,0,1,0

APPTR,I13-Y,13,ZM039
IF,ZM039,-37.730111,-57.469728, ,0.0,0.0,2,3000,0,0,0,0,1,0
AF,ZM038,-37.730111,-57.683158,1,MDP,345.0,13.0,31.0,2,3000,0,0,0,0,0,0
AF,ZM102,-37.814656,-57.808325,1,MDP,310.0,13.0,345.0,2,3000,0,0,0,0,0,0
CF,CF13,-37.844986,-57.748467,0,MP,310.7,10.7,130.0,3.4,2,2300,0,0,0,0,1,0

APPTR,I13-Y,13,ZM102
IF,ZM102,-37.814656,-57.808325, ,0.0,0.0,2,3000,0,0,0,0,1,0
CF,CF13,-37.844986,-57.748467,0,MP,310.7,10.7,130.0,3.4,2,2300,0,0,0,0,1,0

FINAL,I13-Y,13,I,3
IF,CF13,-37.844986,-57.748467,MP,310.7,10.7,2,2300,0,0,0,0,0,0
CF,FI13,-37.867161,-57.704969,0,MP,310.7,8.2,130.0,2.5,1,2300,0,0,0,0,2,0
CF,RW13,-37.928856,-57.583792,0,MP,310.7,1.4,130.0,6.8,1,122,0,0,0,0,3,0
VA,0,130.0,2,1000,0,0,0,0,0,0
VI,0, ,0.0,81.0,0,0,0,0,0,0,0,0
CF,PUMTO,-37.991269,-57.237489,0,MDP,111.0,16.5,111.0,12.4,2,3000,0,0,0,0,0,0
HM,PUMTO,-37.991269,-57.237489,2, ,0.0,0.0,291.0,04.3,2,3000,0,1,210,0,0,0,0

APPTR,I13-Z,13,AKROG
IF,AKROG,-37.784361,-57.866925, ,0.0,0.0,2,3000,0,1,220,0,1,0
TF,KOVEX,-37.838625,-57.760881,0,MP,0.0,0.0,0.0,0.0,2,2300,0,1,180,0,1,0

APPTR,I13-Z,13,DALMI
IF,DALMI,-37.740992,-57.732969, ,0.0,0.0,2,3000,0,1,220,0,1,0
TF,KOVEX,-37.838625,-57.760881,0,MP,0.0,0.0,0.0,0.0,2,2300,0,1,180,0,1,0

APPTR,I13-Z,13,PUNOX
IF,PUNOX,-37.899125,-57.861500, ,0.0,0.0,2,3000,0,1,220,0,1,0
TF,KOVEX,-37.838625,-57.760881,0,MP,0.0,0.0,0.0,0.0,2,2300,0,1,180,0,1,0

FINAL,I13-Z,13,I,3
IF,KOVEX,-37.838625,-57.760881,MP,310.7,11.4,2,2300,0,1,180,0,0,0
CF,FI13,-37.867161,-57.704969,0,MP,310.7,8.2,130.0,3.2,1,2300,0,0,0,0,2,0
CF,RW13,-37.928856,-57.583792,0,MP,310.7,1.4,130.0,6.8,1,122,0,0,0,0,3,1
CF,ZM110,-37.973869,-57.495086,0,MDP,132.4,4.7,130.0,5.0,0,0,0,0,0,0,0,1
DF,PUMTO,-37.991269,-57.237489,0, ,0.0,0.0,2,3000,0,0,0,0,0,1
HM,PUMTO,-37.991269,-57.237489,2, ,0.0,0.0,291.0,04,2,3000,0,1,210,0,0,0,0

APPTR,R13,13,AKROG
IF,AKROG,-37.784361,-57.866925, ,0.0,0.0,2,3000,0,1,220,0,1,0
TF,KOVEX,-37.838625,-57.760881,0, ,0.0,0.0,0.0,0.0,2,2300,0,1,180,0,1,0

APPTR,R13,13,DALMI
IF,DALMI,-37.740992,-57.732969, ,0.0,0.0,2,3000,0,1,220,0,1,0
TF,KOVEX,-37.838625,-57.760881,0, ,0.0,0.0,0.0,0.0,2,2300,0,1,180,0,1,0

APPTR,R13,13,PUNOX
IF,PUNOX,-37.899125,-57.861500, ,0.0,0.0,2,3000,0,1,220,0,1,0
TF,KOVEX,-37.838625,-57.760881,0, ,0.0,0.0,0.0,0.0,2,2300,0,1,180,0,1,0

FINAL,R13,13,R,3
IF,KOVEX,-37.838625,-57.760881, ,0.0,0.0,2,2300,0,1,180,0,0,0
TF,IVREK,-37.884144,-57.671664,0, ,0.0,0.0,130.0,5.0,2,1700,0,0,0,0,2,0
TF,RW13,-37.928856,-57.583792,0, ,0.0,0.0,130.0,5.0,1,121,0,0,0,0,3,1
TF,ZM110,-37.973869,-57.495086,0, ,0.0,0.0,0.0,0.0,0,0,0,0,0,0,0,1
DF,PUMTO,-37.991269,-57.237489,0, ,0.0,0.0,2,3000,0,0,0,0,0,1
HM,PUMTO,-37.991269,-57.237489,2, ,0.0,0.0,291.0,04,2,3000,0,1,210,0,0,0,0

APPTR,R31,31,GAVIK
IF,GAVIK,-38.108878,-57.463169, ,0.0,0.0,2,3000,0,1,220,0,1,0
TF,SIRUR,-38.024097,-57.395822,0, ,0.0,0.0,0.0,0.0,2,1700,0,1,180,0,1,0

APPTR,R31,31,NIRSU
IF,NIRSU,-37.941578,-57.324072, ,0.0,0.0,2,3000,0,1,220,0,1,0
TF,SIRUR,-38.024097,-57.395822,0, ,0.0,0.0,0.0,0.0,2,1700,0,1,180,0,1,0

FINAL,R31,31,R,3
IF,SIRUR,-38.024097,-57.395822, ,0.0,0.0,2,1700,0,1,180,0,0,0
TF,TENOV,-37.984433,-57.474233,0, ,0.0,0.0,310.0,4.4,2,1700,0,0,0,0,2,0
TF,RW31,-37.939556,-57.562728,0, ,0.0,0.0,310.0,5.0,1,112,0,0,0,0,3,1
TF,AKROG,-37.784361,-57.866925,0, ,0.0,0.0,0.0,0.0,2,3000,0,0,0,0,0,1
HM,AKROG,-37.784361,-57.866925,1, ,0.0,0.0,130.0,04,2,3000,0,1,210,0,0,0,0

