SID,MUBI1B,36,4
CA,0,358.0,2,3700,0,0,0,0,0,0
DF,BI117,-25.235431,-49.310506,0, ,0.0,0.0,3,5000,0,0,0,0,0,0
TF,MUBIP,-25.102608,-49.372314,0, ,0.0,0.0,0.0,0.0,3,6000,0,0,0,0,0,0
TF,BI109,-25.199061,-49.637519,0, ,0.0,0.0,0.0,0.0,3,8000,0,0,0,0,0,0

SID,MUBI1B,KOTIL,6
IF,BI109,-25.199061,-49.637519, ,0.0,0.0,3,8000,0,0,0,0,0,0
TF,BI112,-25.666947,-49.770936,0, ,0.0,0.0,0.0,0.0,3,8000,0,0,0,0,0,0
TF,KOTIL,-25.842094,-49.821983,0, ,0.0,0.0,0.0,0.0,3,15000,0,0,0,0,0,0

SID,MUBI1B,RORIB,6
IF,BI109,-25.199061,-49.637519, ,0.0,0.0,3,8000,0,0,0,0,0,0
TF,RORIB,-25.279789,-49.861025,0, ,0.0,0.0,0.0,0.0,0,0,0,0,0,0,0,0

SID,NIRN1A,18,5
CA,0,178.0,2,3500,0,0,0,0,0,0
DF,BI103,-25.325042,-49.159661,1, ,0.0,0.0,3,6000,0,0,0,0,0,0
TF,NIRNI,-25.344742,-48.779050,0, ,0.0,0.0,0.0,0.0,3,6000,0,0,0,0,0,0

SID,NIRN1A,EDVEB,6
IF,NIRNI,-25.344742,-48.779050, ,0.0,0.0,3,6000,0,0,0,0,0,0
TF,BI104,-25.333600,-48.300275,0, ,0.0,0.0,0.0,0.0,3,13000,0,0,0,0,0,0
TF,BI106,-25.329828,-48.152975,0, ,0.0,0.0,0.0,0.0,2,15000,0,0,0,0,0,0
TF,EDVEB,-25.325158,-47.978967,0, ,0.0,0.0,0.0,0.0,0,0,0,0,0,0,0,0

SID,NIRN1A,PONLU,6
IF,NIRNI,-25.344742,-48.779050, ,0.0,0.0,3,6000,0,0,0,0,0,0
TF,BI107,-25.649314,-48.786025,0, ,0.0,0.0,0.0,0.0,3,7000,0,0,0,0,0,0
TF,PONLU,-26.527178,-49.045525,0, ,0.0,0.0,0.0,0.0,0,0,0,0,0,0,0,0

SID,NIRN1A,SAVLU,6
IF,NIRNI,-25.344742,-48.779050, ,0.0,0.0,3,6000,0,0,0,0,0,0
TF,BI107,-25.649314,-48.786025,0, ,0.0,0.0,0.0,0.0,3,7000,0,0,0,0,0,0
TF,SAVLU,-26.114306,-49.264086,0, ,0.0,0.0,0.0,0.0,0,0,0,0,0,0,0,0

SID,NIRN1B,36,5
CA,0,358.0,2,3700,0,0,0,0,0,0
DF,BI103,-25.325042,-49.159661,0, ,0.0,0.0,3,5000,0,0,0,0,0,0
TF,NIRNI,-25.344742,-48.779050,0, ,0.0,0.0,0.0,0.0,3,6000,0,0,0,0,0,0

SID,NIRN1B,EDVEB,6
IF,NIRNI,-25.344742,-48.779050, ,0.0,0.0,3,6000,0,0,0,0,0,0
TF,BI119,-25.339206,-48.532017,0, ,0.0,0.0,0.0,0.0,3,8000,0,0,0,0,0,0
TF,BI104,-25.333600,-48.300275,0, ,0.0,0.0,0.0,0.0,3,13000,0,0,0,0,0,0
TF,BI106,-25.329828,-48.152975,0, ,0.0,0.0,0.0,0.0,2,15000,0,0,0,0,0,0
TF,EDVEB,-25.325158,-47.978967,0, ,0.0,0.0,0.0,0.0,0,0,0,0,0,0,0,0

SID,NIRN1B,PONLU,6
IF,NIRNI,-25.344742,-48.779050, ,0.0,0.0,3,6000,0,0,0,0,0,0
TF,BI107,-25.649314,-48.786025,0, ,0.0,0.0,0.0,0.0,3,7000,0,0,0,0,0,0
TF,PONLU,-26.527178,-49.045525,0, ,0.0,0.0,0.0,0.0,0,0,0,0,0,0,0,0

SID,NIRN1B,SAVLU,6
IF,NIRNI,-25.344742,-48.779050, ,0.0,0.0,3,6000,0,0,0,0,0,0
TF,BI107,-25.649314,-48.786025,0, ,0.0,0.0,0.0,0.0,3,7000,0,0,0,0,0,0
TF,SAVLU,-26.114306,-49.264086,0, ,0.0,0.0,0.0,0.0,0,0,0,0,0,0,0,0

SID,OGNU1B,36,5
CA,0,358.0,2,3700,0,0,0,0,0,0
DF,BI118,-25.234847,-49.228550,0, ,0.0,0.0,3,5000,0,0,0,0,0,0
TF,OGNUK,-25.072114,-49.182467,0, ,0.0,0.0,0.0,0.0,0,0,0,0,0,0,0,0

SID,OGNU1B,AKPEN,6
IF,OGNUK,-25.072114,-49.182467, ,0.0,0.0,0,0,0,0,0,0,0,0
TF,AKPEN,-24.514206,-48.769381,0, ,0.0,0.0,0.0,0.0,0,0,0,0,0,0,0,0

SID,OGNU1B,XONUG,6
IF,OGNUK,-25.072114,-49.182467, ,0.0,0.0,0,0,0,0,0,0,0,0
TF,XONUG,-24.348158,-48.159128,0, ,0.0,0.0,0.0,0.0,0,0,0,0,0,0,0,0

SID,OMNI,18,1
CA,0,178.0,2,3460,0,0,0,0,0,0
VA,0,163.0,2,4000,0,0,0,0,0,0
VM,0,0,0,163.0,0,0,0,0,0,0,0,0

SID,OMNI,36,1
CA,0,358.0,2,4000,0,0,0,0,0,0
VM,0,0,0,358.0,0,0,0,0,0,0,0,0

SID,OPSE1A,18,5
CA,0,164.0,2,3500,0,0,0,0,0,0
DF,BI103,-25.325042,-49.159661,1, ,0.0,0.0,0,0,0,1,230,0,0,0
TF,OPSET,-25.074769,-49.094019,0, ,0.0,0.0,0.0,0.0,3,6500,0,0,0,0,0,0

SID,OPSE1A,AKPEN,6
IF,OPSET,-25.074769,-49.094019, ,0.0,0.0,3,6500,0,0,0,0,0,0
TF,AKPEN,-24.514206,-48.769381,0, ,0.0,0.0,0.0,0.0,0,0,0,0,0,0,0,0

SID,OPSE1A,KOTIL,6
IF,OPSET,-25.074769,-49.094019, ,0.0,0.0,3,6500,0,0,0,0,0,0
TF,BI108,-25.057208,-49.248136,0, ,0.0,0.0,0.0,0.0,3,6500,0,0,0,0,0,0
TF,BI109,-25.199061,-49.637519,0, ,0.0,0.0,0.0,0.0,3,8000,0,0,0,0,0,0
TF,BI112,-25.666947,-49.770936,0, ,0.0,0.0,0.0,0.0,3,8000,0,0,0,0,0,0
TF,KOTIL,-25.842094,-49.821983,0, ,0.0,0.0,0.0,0.0,3,15000,0,0,0,0,0,0

SID,OPSE1A,RORIB,6
IF,OPSET,-25.074769,-49.094019, ,0.0,0.0,3,6500,0,0,0,0,0,0
TF,BI108,-25.057208,-49.248136,0, ,0.0,0.0,0.0,0.0,3,6500,0,0,0,0,0,0
TF,BI109,-25.199061,-49.637519,0, ,0.0,0.0,0.0,0.0,3,8000,0,0,0,0,0,0
TF,RORIB,-25.279789,-49.861025,0, ,0.0,0.0,0.0,0.0,0,0,0,0,0,0,0,0

SID,OPSE1A,XONUG,6
IF,OPSET,-25.074769,-49.094019, ,0.0,0.0,3,6500,0,0,0,0,0,0
TF,XONUG,-24.348158,-48.159128,0, ,0.0,0.0,0.0,0.0,0,0,0,0,0,0,0,0

STAR,EKAP1A,18,5
IF,RAXIT,-24.420525,-47.691417, ,0.0,0.0,0,0,0,0,0,0,0,0
TF,EKAPU,-24.980036,-48.264258,0, ,0.0,0.0,0.0,0.0,0,0,0,0,0,0,0,0
TF,BI113,-25.029478,-48.448853,0, ,0.0,0.0,0.0,0.0,3,17000,0,0,0,0,0,0
TF,BI114,-25.114072,-48.767306,0, ,0.0,0.0,0.0,0.0,3,11000,0,0,0,0,0,0
TF,BI116,-25.147897,-49.037081,0, ,0.0,0.0,0.0,0.0,0,0,0,0,0,0,0,0
TF,BI102,-25.188297,-49.222533,0, ,0.0,0.0,0.0,0.0,2,7500,0,0,0,0,0,0

STAR,EKAP1B,36,5
IF,RAXIT,-24.420525,-47.691417, ,0.0,0.0,0,0,0,0,0,0,0,0
TF,EKAPU,-24.980036,-48.264258,0, ,0.0,0.0,0.0,0.0,0,0,0,0,0,0,0,0
TF,LIVEG,-25.125975,-48.414997,0, ,0.0,0.0,0.0,0.0,3,18000,0,0,0,0,0,0
TF,LOKEP,-25.244619,-48.555881,0, ,0.0,0.0,0.0,0.0,3,15000,0,0,0,0,0,0
TF,MAVSA,-25.449397,-48.800139,0, ,0.0,0.0,0.0,0.0,2,9000,0,0,0,0,0,0
TF,GATUV,-25.520794,-48.885633,0, ,0.0,0.0,0.0,0.0,2,8000,0,0,0,0,0,0
TF,BI101,-25.505314,-49.044600,0, ,0.0,0.0,0.0,0.0,2,6500,0,0,0,0,0,0

APPTR,D36-Z,36,ALGUD
IF,ALGUD,-25.725572,-49.112767, ,0.0,0.0,2,7000,0,0,0,0,1,0
AF,CTB19,-25.674228,-49.012811,1,CTB,155.4,12.0,185.0,2,7000,0,0,0,0,0,0
CF,OPVIS,-25.653333,-49.035667,0,CTB,155.4,10.2,335.0,1.8,2,7000,0,0,0,0,0,0
CF,CTB,-25.532031,-49.167664,0,CTB,0.0,0.0,335.0,10.2,2,5660,0,0,0,0,0,0

APPTR,D36-Z,36,EDSUR
IF,EDSUR,-25.581411,-48.958350, ,0.0,0.0,2,7000,0,0,0,0,1,0
AF,CTB18,-25.671219,-49.015192,2,CTB,155.2,11.7,124.0,2,7000,0,0,0,0,0,0
CF,OPVIS,-25.653333,-49.035667,0,CTB,155.4,10.2,335.0,1.5,2,7000,0,0,0,0,0,0
CF,CTB,-25.532031,-49.167664,0,CTB,0.0,0.0,335.0,10.2,2,5660,0,0,0,0,0,0

FINAL,D36-Z,36,D,2
IF,CTB,-25.532031,-49.167664,CTB,0.0,0.0,2,5660,0,0,0,0,2,0
CF,RW36,-25.409694,-49.229928,0,CTB,355.2,8.0,355.0,8.1,1,3103,0,0,0,0,3,0
CF,GIMSO,-25.112881,-49.392219,0,CTB,354.0,27.9,354.0,19.8,2,6000,0,0,0,0,0,0
HM,GIMSO,-25.112881,-49.392219,1, ,0.0,0.0,354.0,04.3,2,6000,0,0,0,0,0,0,0

APPTR,Q18-B,18,EPGAV
IF,EPGAV,-25.285667,-49.115667, ,0.0,0.0,2,7000,0,0,0,0,1,0
AF,EKEMI,-25.284000,-49.208333,1,CTB,11.5,15.0,31.0,2,5300,0,0,0,0,1,0

APPTR,Q18-B,18,ILRIT
IF,ILRIT,-25.181500,-49.190500, ,0.0,0.0,2,7000,0,0,0,0,1,0
CF,EKEMI,-25.284000,-49.208333,0,CTB,11.5,15.0,209.0,6.2,2,5300,0,0,0,0,1,0

FINAL,Q18-B,18,N,3
IF,EKEMI,-25.284000,-49.208333,BCH,0.0,0.0,2,5300,0,0,0,0,0,0
CF,VUMOT,-25.336500,-49.217500,0,BCH,0.0,0.0,209.0,3.2,2,4520,0,0,0,0,2,0
CF,BCH,-25.402667,-49.229000,0,CTB,0.0,8.4,209.0,4.0,1,3720,0,0,0,0,3,1
VI,1, ,0.0,47.0,0,0,0,0,0,0,0,0
CF,ILRIT,-25.181500,-49.190500,0,CTB,16.6,21.0,17.0,16.0,2,7000,0,0,0,0,0,0
HM,ILRIT,-25.181500,-49.190500,1, ,0.0,0.0,209.0,04.3,2,7000,0,0,0,0,0,0,0

APPTR,Q36-B,36,EPGAV
IF,EPGAV,-25.285667,-49.115667, ,0.0,0.0,2,7000,0,0,0,0,1,0
AF,EKEMI,-25.284000,-49.208333,1,CTB,11.5,15.0,31.0,2,5300,0,0,0,0,1,0

APPTR,Q36-B,36,ILRIT
IF,ILRIT,-25.181500,-49.190500, ,0.0,0.0,2,7000,0,0,0,0,1,0
CF,EKEMI,-25.284000,-49.208333,0,CTB,11.5,15.0,209.0,6.2,2,5300,0,0,0,0,1,0

FINAL,Q36-B,36,N,3
IF,EKEMI,-25.284000,-49.208333,BCH,0.0,0.0,2,5300,0,0,0,0,0,0
CF,VUMOT,-25.336500,-49.217500,0,BCH,0.0,0.0,209.0,3.2,2,4520,0,0,0,0,2,0
CF,BCH,-25.402667,-49.229000,0,CTB,0.0,8.4,209.0,4.0,1,3720,0,0,0,0,3,1
VI,1, ,0.0,47.0,0,0,0,0,0,0,0,0
CF,ILRIT,-25.181500,-49.190500,0,CTB,16.6,21.0,17.0,16.0,2,7000,0,0,0,0,0,0
HM,ILRIT,-25.181500,-49.190500,1, ,0.0,0.0,209.0,04.3,2,7000,0,0,0,0,0,0,0

APPTR,R18-Z,18,BI102
IF,BI102,-25.188297,-49.222533, ,0.0,0.0,2,7500,0,0,0,0,1,0
TF,BI117,-25.235431,-49.310506,0, ,0.0,0.0,0.0,0.0,2,5100,0,0,0,0,1,0

APPTR,R18-Z,18,BI127
IF,BI127,-25.155600,-49.348342, ,0.0,0.0,2,7500,0,0,0,0,1,0
TF,BI128,-25.209333,-49.322881,0, ,0.0,0.0,0.0,0.0,2,5800,0,0,0,0,0,0
TF,BI117,-25.235431,-49.310506,0, ,0.0,0.0,0.0,0.0,2,5100,0,0,0,0,1,0

FINAL,R18-Z,18,R,5
IF,BI117,-25.235431,-49.310506, ,0.0,0.0,2,5100,0,0,0,0,0,0
TF,BI121,-25.324464,-49.268244,0, ,0.0,0.0,177.0,5.8,2,5060,0,0,0,0,2,0
TF,BI124,-25.363156,-49.250853,0, ,0.0,0.0,178.0,2.5,2,4067,0,0,0,0,0,0
TF,BI126,-25.378631,-49.243892,0, ,0.0,0.0,178.0,1.0,2,3672,0,0,0,0,0,0
TF,RW18,-25.400031,-49.234250,0, ,0.0,0.0,178.0,1.4,1,3077,0,0,0,0,3,1
VA,0,163.0,2,3700,0,0,0,0,0,0
DF,BI123,-25.329119,-49.187967,1, ,0.0,0.0,2,5000,0,0,0,0,0,0
TF,BI102,-25.188297,-49.222533,0, ,0.0,0.0,0.0,0.0,2,7500,0,0,0,0,0,1
HM,BI102,-25.188297,-49.222533,1, ,0.0,0.0,260.0,04.3,2,7500,0,0,0,0,0,0,0

APPTR,R36-C,36,BI102
IF,BI102,-25.188297,-49.222533, ,0.0,0.0,2,7500,0,0,0,0,1,0
TF,BI117,-25.235431,-49.310506,0, ,0.0,0.0,0.0,0.0,2,5100,0,0,0,0,1,0

APPTR,R36-C,36,BI127
IF,BI127,-25.155600,-49.348342, ,0.0,0.0,2,7500,0,0,0,0,1,0
TF,BI128,-25.209333,-49.322881,0, ,0.0,0.0,0.0,0.0,2,5800,0,0,0,0,0,0
TF,BI117,-25.235431,-49.310506,0, ,0.0,0.0,0.0,0.0,2,5100,0,0,0,0,1,0

FINAL,R36-C,36,R,4
IF,BI117,-25.235431,-49.310506, ,0.0,0.0,2,5100,0,0,0,0,0,0
TF,BI121,-25.324464,-49.268244,0, ,0.0,0.0,177.0,5.8,2,4970,0,0,0,0,2,0
TF,BI124,-25.363156,-49.250853,0, ,0.0,0.0,178.0,2.5,2,4167,0,0,0,0,0,0
TF,BI122,-25.387317,-49.239983,0, ,0.0,0.0,178.0,1.6,1,3670,0,0,0,0,3,1
VA,0,163.0,2,3700,0,0,0,0,0,0
DF,BI123,-25.329119,-49.187967,1, ,0.0,0.0,2,5000,0,0,0,0,0,1
TF,BI102,-25.188297,-49.222533,0, ,0.0,0.0,0.0,0.0,2,7500,0,0,0,0,0,1
HM,BI102,-25.188297,-49.222533,1, ,0.0,0.0,260.0,04.3,2,7500,0,0,0,0,0,0,0

APPTR,R36-Y,36,BI063
IF,BI063,-25.321250,-49.065789, ,0.0,0.0,2,6500,0,0,0,0,1,0
TF,BI058,-25.373683,-49.081172,0, ,0.0,0.0,0.0,0.0,3,5500,0,0,0,0,0,0
TF,BI062,-25.472756,-49.129667,0, ,0.0,0.0,0.0,0.0,2,4500,0,0,0,0,1,0

APPTR,R36-Y,36,BI101
IF,BI101,-25.505314,-49.044600, ,0.0,0.0,2,6500,0,0,0,0,1,0
TF,BI062,-25.472756,-49.129667,0, ,0.0,0.0,0.0,0.0,2,4500,0,0,0,0,1,0

APPTR,R36-Y,36,OPVIS
IF,OPVIS,-25.653333,-49.035667, ,0.0,0.0,2,7200,0,0,0,0,1,0
TF,BI062,-25.472756,-49.129667,0, ,0.0,0.0,0.0,0.0,2,4500,0,0,0,0,1,0

FINAL,R36-Y,36,R,3
IF,BI062,-25.472756,-49.129667, ,0.0,0.0,2,4500,0,0,0,0,0,0
TF,BI061,-25.453200,-49.180628,0, ,0.0,0.0,313.0,3.0,2,4300,0,0,0,0,2,0
TF,BI059,-25.422575,-49.224125,0, ,0.0,0.0,328.0,3.0,1,3346,0,0,0,0,3,1
VA,0,358.0,2,4000,0,0,0,0,0,0
DF,BI063,-25.321250,-49.065789,2, ,0.0,0.0,2,6500,0,0,0,0,0,1
HM,BI063,-25.321250,-49.065789,1, ,0.0,0.0,215.0,04.3,2,6500,0,0,0,0,0,0,0

APPTR,R36-Z,36,ALGUD
IF,ALGUD,-25.725572,-49.112767, ,0.0,0.0,2,7000,0,0,0,0,1,0
TF,OPVIS,-25.653333,-49.035667,0, ,0.0,0.0,0.0,0.0,2,5500,0,0,0,0,0,0
TF,BUVBA,-25.594833,-49.101500,0, ,0.0,0.0,0.0,0.0,2,5400,0,0,0,0,0,0
TF,CTB,-25.532031,-49.167664,0, ,0.0,0.0,0.0,0.0,2,4900,0,0,0,0,1,0

APPTR,R36-Z,36,EDSUR
IF,EDSUR,-25.581411,-48.958350, ,0.0,0.0,2,7000,0,0,0,0,1,0
TF,OPVIS,-25.653333,-49.035667,0, ,0.0,0.0,0.0,0.0,2,5500,0,0,0,0,0,0
TF,BUVBA,-25.594833,-49.101500,0, ,0.0,0.0,0.0,0.0,2,5400,0,0,0,0,0,0
TF,CTB,-25.532031,-49.167664,0, ,0.0,0.0,0.0,0.0,2,4900,0,0,0,0,1,0

FINAL,R36-Z,36,R,3
IF,CTB,-25.532031,-49.167664, ,0.0,0.0,2,4900,0,0,0,0,0,0
TF,BI002,-25.488833,-49.196333,0, ,0.0,0.0,349.0,3.0,2,4700,0,0,0,0,2,0
TF,RW36,-25.409694,-49.229928,0, ,0.0,0.0,359.0,5.1,1,3103,0,0,0,0,3,1
CF,GIMSO,-25.112881,-49.392219,0,CTB,354.0,27.9,354.0,19.8,2,6000,0,0,0,0,0,1
HM,GIMSO,-25.112881,-49.392219,1, ,0.0,0.0,174.0,04.3,2,6000,0,0,0,0,0,0,0

