SID,EGAL2A,24,5
CF,EGALI,-22.247567,-54.966786,0,GRD,206.4,106.6,236.0,3.0,0,0,0,0,0,0,0,1

SID,EGAL2A,AKSUL,6
IF,EGALI,-22.247567,-54.966786, ,0.0,0.0,0,0,0,0,0,0,0,0
TF,AKSUL,-22.477500,-55.745556,0, ,0.0,0.0,0.0,0.0,0,0,0,0,0,0,0,0

SID,EGAL2A,GAXUT,6
IF,EGALI,-22.247567,-54.966786, ,0.0,0.0,0,0,0,0,0,0,0,0
TF,DO036,-22.429525,-54.781139,0, ,0.0,0.0,0.0,0.0,0,0,0,1,290,0,0,0
TF,GAXUT,-22.232375,-53.849153,0, ,0.0,0.0,0.0,0.0,0,0,0,0,0,0,0,0

SID,EGAL2A,GEDEM,6
IF,EGALI,-22.247567,-54.966786, ,0.0,0.0,0,0,0,0,0,0,0,0
TF,DO036,-22.429525,-54.781139,0, ,0.0,0.0,0.0,0.0,0,0,0,1,290,0,0,0
TF,GEDEM,-22.993528,-54.201161,0, ,0.0,0.0,0.0,0.0,0,0,0,0,0,0,0,0

SID,EGAL2A,RETER,6
IF,EGALI,-22.247567,-54.966786, ,0.0,0.0,0,0,0,0,0,0,0,0
TF,DO034,-22.088875,-55.175394,0, ,0.0,0.0,0.0,0.0,0,0,0,1,280,0,0,0
TF,RETER,-21.076000,-54.969500,0, ,0.0,0.0,0.0,0.0,0,0,0,0,0,0,0,0

SID,IMBU2A,06,5
CF,IMBUP,-22.156153,-54.886722,0,GRD,204.3,100.6,57.0,3.0,0,0,0,0,0,0,0,1

SID,IMBU2A,AKSUL,6
IF,IMBUP,-22.156153,-54.886722, ,0.0,0.0,0,0,0,0,0,0,0,0
DF,AKSUL,-22.477500,-55.745556,1, ,0.0,0.0,0,0,0,0,0,0,0,0

SID,IMBU2A,GAXUT,6
IF,IMBUP,-22.156153,-54.886722, ,0.0,0.0,0,0,0,0,0,0,0,0
TF,GAXUT,-22.232375,-53.849153,0, ,0.0,0.0,0.0,0.0,0,0,0,0,0,0,0,0

SID,IMBU2A,GEDEM,6
IF,IMBUP,-22.156153,-54.886722, ,0.0,0.0,0,0,0,0,0,0,0,0
TF,GEDEM,-22.993528,-54.201161,0, ,0.0,0.0,0.0,0.0,0,0,0,0,0,0,0,0

SID,IMBU2A,RETER,6
IF,IMBUP,-22.156153,-54.886722, ,0.0,0.0,0,0,0,0,0,0,0,0
TF,RETER,-21.076000,-54.969500,0, ,0.0,0.0,0.0,0.0,0,0,0,0,0,0,0,0

SID,OMNI,06,1
VA,0,57.0,2,2500,0,0,0,0,0,0
VM,0,0,0,57.0,0,0,0,0,0,0,0,0

SID,OMNI,24,1
VA,0,237.0,2,2500,0,0,0,0,0,0
VM,0,0,0,237.0,0,0,0,0,0,0,0,0

APPTR,N06,06,DOU
IF,DOU,-22.197333,-54.928333, ,0.0,0.0,2,4000,0,0,0,0,1,0
FC,DOU,-22.197333,-54.928333,0,GRD,0.0,0.0,241.0,8.0,2,3000,0,0,0,0,0,1
CF,FF06,-22.274975,-54.974578,1,GRD,206.5,108.3,47.0,3.0,2,3000,0,0,0,0,0,0

FINAL,N06,06,N,2
IF,FF06,-22.274975,-54.974578,DOU,0.0,0.0,2,3000,0,0,0,0,2,0
CF,DOU01,-22.207506,-54.934569,0,DOU,0.0,0.0,47.0,4.6,1,1534,0,0,0,0,3,0
CF,DOU,-22.197333,-54.928333,0,GRD,205.4,103.3,47.0,0.7,0,0,0,0,0,0,0,1
VA,0,47.0,2,3000,0,0,0,0,0,0
DF,DOU,-22.197333,-54.928333,2, ,0.0,0.0,2,4000,0,0,0,0,0,0
HM,DOU,-22.197333,-54.928333,2, ,0.0,0.0,241.0,04.3,2,4000,0,0,0,0,0,0,0

APPTR,N06-A,06,DOU
IF,DOU,-22.197333,-54.928333, ,0.0,0.0,2,4000,0,0,0,0,1,0
FC,DOU,-22.197333,-54.928333,0,DOU,0.0,0.0,352.0,8.8,2,3000,0,0,0,0,0,1
CF,FF147,-22.150383,-54.990553,1,DOU,327.0,4.5,147.0,5.0,2,3000,0,0,0,0,0,0

FINAL,N06-A,06,N,2
IF,FF147,-22.150383,-54.990553,DOU,0.0,0.0,2,3000,0,0,0,0,2,0
CF,DOU,-22.197333,-54.928333,0,DOU,0.0,0.0,147.0,4.5,1,2200,0,0,0,0,3,0
VA,0,147.0,2,2700,0,0,0,0,0,0
DF,DOU,-22.197333,-54.928333,2, ,0.0,0.0,2,4000,0,0,0,0,0,0
HM,DOU,-22.197333,-54.928333,1, ,0.0,0.0,352.0,04.3,2,4000,0,0,0,0,0,0,0

APPTR,N24,24,DOU
IF,DOU,-22.197333,-54.928333, ,0.0,0.0,2,4000,0,0,0,0,1,0
FC,DOU,-22.197333,-54.928333,0,GRD,0.0,0.0,83.0,7.5,2,3000,0,0,0,0,0,1
CF,FF24,-22.145300,-54.859378,1,GRD,203.5,99.8,249.0,3.0,2,3000,0,0,0,0,0,0

FINAL,N24,24,N,3
IF,FF24,-22.145300,-54.859378,DOU,0.0,0.0,2,3000,0,0,0,0,2,0
CF,DO037,-22.193161,-54.922764,0,DOU,0.0,0.0,249.0,4.5,1,1553,0,0,0,0,0,1
CF,DOU,-22.197333,-54.928333,0,DOU,0.0,0.0,249.0,0.4,2,1910,0,0,0,0,3,1
VA,0,249.0,2,3000,0,0,0,0,0,0
DF,DOU,-22.197333,-54.928333,2, ,0.0,0.0,2,4000,0,0,0,0,0,0
HM,DOU,-22.197333,-54.928333,2, ,0.0,0.0,83.0,04.3,2,4000,0,0,0,0,0,0,0

APPTR,N24-A,24,DOU
IF,DOU,-22.197333,-54.928333, ,0.0,0.0,2,4000,0,0,0,0,1,0
FC,DOU,-22.197333,-54.928333,0,DOU,0.0,0.0,352.0,8.8,2,3000,0,0,0,0,0,1
CF,FF147,-22.150383,-54.990553,1,DOU,327.0,4.5,147.0,5.0,2,3000,0,0,0,0,0,0

FINAL,N24-A,24,N,2
IF,FF147,-22.150383,-54.990553,DOU,0.0,0.0,2,3000,0,0,0,0,2,0
CF,DOU,-22.197333,-54.928333,0,DOU,0.0,0.0,147.0,4.5,1,2200,0,0,0,0,3,0
VA,0,147.0,2,2700,0,0,0,0,0,0
DF,DOU,-22.197333,-54.928333,2, ,0.0,0.0,2,4000,0,0,0,0,0,0
HM,DOU,-22.197333,-54.928333,1, ,0.0,0.0,352.0,04.3,2,4000,0,0,0,0,0,0,0

APPTR,R06,06,DO003
IF,DO003,-22.398833,-55.099167, ,0.0,0.0,2,4000,0,0,0,0,1,0
TF,DO002,-22.334167,-55.042333,0, ,0.0,0.0,0.0,0.0,2,3200,0,0,0,0,1,0

APPTR,R06,06,DO004
IF,DO004,-22.420333,-54.987000, ,0.0,0.0,2,4000,0,0,0,0,1,0
TF,DO002,-22.334167,-55.042333,0, ,0.0,0.0,0.0,0.0,2,3200,0,0,0,0,1,0

APPTR,R06,06,DO006
IF,DO006,-22.301167,-55.144167, ,0.0,0.0,2,4000,0,0,0,0,1,0
TF,DO002,-22.334167,-55.042333,0, ,0.0,0.0,0.0,0.0,2,3200,0,0,0,0,1,0

FINAL,R06,06,R,3
IF,DO002,-22.334167,-55.042333, ,0.0,0.0,2,3200,0,0,0,0,0,0
TF,DO001,-22.269333,-54.985500,0, ,0.0,0.0,57.0,5.0,2,3080,0,0,0,0,2,0
TF,RW06,-22.208689,-54.932719,0, ,0.0,0.0,57.0,4.7,1,1536,0,0,0,0,3,1
CF,DO007,-22.000833,-54.750667,0,GRD,200.2,90.8,57.0,16.0,2,4000,0,0,0,0,0,1
HM,DO007,-22.000833,-54.750667,1, ,0.0,0.0,57.0,04.3,2,4000,0,0,0,0,0,0,0

APPTR,R24,24,DO007
IF,DO007,-22.000833,-54.750667, ,0.0,0.0,2,4000,0,0,0,0,1,0
TF,DO009,-22.065667,-54.807333,0, ,0.0,0.0,0.0,0.0,2,3200,0,0,0,0,1,0

APPTR,R24,24,DO011
IF,DO011,-21.979500,-54.862500, ,0.0,0.0,2,4000,0,0,0,0,1,0
TF,DO009,-22.065667,-54.807333,0, ,0.0,0.0,0.0,0.0,2,3200,0,0,0,0,1,0

APPTR,R24,24,DO012
IF,DO012,-22.098500,-54.705667, ,0.0,0.0,2,4000,0,0,0,0,1,0
TF,DO009,-22.065667,-54.807333,0, ,0.0,0.0,0.0,0.0,2,3200,0,0,0,0,1,0

FINAL,R24,24,R,3
IF,DO009,-22.065667,-54.807333, ,0.0,0.0,2,3200,0,0,0,0,0,0
TF,DO008,-22.130500,-54.864000,0, ,0.0,0.0,237.0,5.0,2,3200,0,0,0,0,2,0
TF,RW24,-22.195039,-54.920764,0, ,0.0,0.0,237.0,5.0,1,1553,0,0,0,0,3,1
TF,DO003,-22.398833,-55.099167,0, ,0.0,0.0,0.0,0.0,2,4000,0,0,0,0,0,1
HM,DO003,-22.398833,-55.099167,1, ,0.0,0.0,236.0,04.3,2,4000,0,0,0,0,0,0,0

