SID,OMNI,08,1
CA,0,80.0,2,1800,0,0,0,0,0,0
VM,0,0,0,80.0,0,0,0,0,0,0,0,0

SID,OMNI,26,1
CA,0,260.0,2,1800,0,0,0,0,0,0
VM,0,0,0,260.0,0,0,0,0,0,0,0,0

APPTR,R08,08,EK004
IF,EK004,-6.357503,-58.022289, ,0.0,0.0,2,3000,0,0,0,0,1,0
TF,EK003,-6.312128,-57.932683,0, ,0.0,0.0,0.0,0.0,2,2000,0,0,0,0,1,0

APPTR,R08,08,EK006
IF,EK006,-6.401783,-57.887333, ,0.0,0.0,2,3000,0,0,0,0,1,0
TF,EK003,-6.312128,-57.932683,0, ,0.0,0.0,0.0,0.0,2,2000,0,0,0,0,1,0

APPTR,R08,08,EK007
IF,EK007,-6.222469,-57.978017, ,0.0,0.0,2,3000,0,0,0,0,1,0
TF,EK003,-6.312128,-57.932683,0, ,0.0,0.0,0.0,0.0,2,2000,0,0,0,0,1,0

FINAL,R08,08,R,3
IF,EK003,-6.312128,-57.932683, ,0.0,0.0,2,2000,0,0,0,0,0,0
TF,EK002,-6.274317,-57.858017,0, ,0.0,0.0,80.0,5.0,2,1960,0,0,0,0,2,0
TF,RW08,-6.236514,-57.783350,0, ,0.0,0.0,80.0,5.0,1,371,0,0,0,0,3,1
VA,0,80.0,2,1500,0,0,0,0,0,0
DF,EK006,-6.401783,-57.887333,2, ,0.0,0.0,2,3000,0,0,0,0,0,1
HM,EK006,-6.401783,-57.887333,2, ,0.0,0.0,350.0,04.3,2,3000,0,0,0,0,0,0,0

APPTR,R26,26,EK012
IF,EK012,-6.108981,-57.531572, ,0.0,0.0,2,3000,0,0,0,0,1,0
TF,EK009,-6.154356,-57.621144,0, ,0.0,0.0,0.0,0.0,2,2000,0,0,0,0,1,0

APPTR,R26,26,EK013
IF,EK013,-6.244011,-57.575808, ,0.0,0.0,2,3000,0,0,0,0,1,0
TF,EK009,-6.154356,-57.621144,0, ,0.0,0.0,0.0,0.0,2,2000,0,0,0,0,1,0

APPTR,R26,26,EK014
IF,EK014,-6.064697,-57.666467, ,0.0,0.0,2,3000,0,0,0,0,1,0
TF,EK009,-6.154356,-57.621144,0, ,0.0,0.0,0.0,0.0,2,2000,0,0,0,0,1,0

FINAL,R26,26,R,4
IF,EK009,-6.154356,-57.621144, ,0.0,0.0,2,2000,0,0,0,0,0,0
TF,EK008,-6.192167,-57.695794,0, ,0.0,0.0,260.0,5.0,2,1970,0,0,0,0,2,0
TF,JAC01,-6.214847,-57.740592,0, ,0.0,0.0,260.0,3.0,2,1012,0,0,0,0,0,0
TF,RW26,-6.229981,-57.770447,0, ,0.0,0.0,260.0,2.0,1,374,0,0,0,0,3,1
VA,0,260.0,2,1500,0,0,0,0,0,0
DF,EK013,-6.244011,-57.575808,1, ,0.0,0.0,2,3000,0,0,0,0,0,1
HM,EK013,-6.244011,-57.575808,2, ,0.0,0.0,351.0,04.3,2,3000,0,0,0,0,0,0,0

