SID,NISB1B,12,5
VA,0,114.0,2,2000,0,0,0,0,0,0
DF,ARNUT,-4.133333,-32.814333,2, ,0.0,0.0,0,0,0,0,0,0,0,0
TF,NISBU,-4.360833,-33.105167,0, ,0.0,0.0,0.0,0.0,0,0,0,0,0,0,0,0

SID,NISB1C,30,5
VA,0,294.0,2,2000,0,0,0,0,0,0
DF,NISBU,-4.360833,-33.105167,0, ,0.0,0.0,0,0,0,0,0,0,0,0

SID,OMNI,12,1
VA,0,114.0,2,2000,0,0,0,0,0,0
VM,0,0,0,114.0,0,0,0,0,0,0,0,0

SID,OMNI,30,1
VA,0,294.0,2,2000,0,0,0,0,0,0
VM,0,0,0,294.0,0,0,0,0,0,0,0,0

SID,TOME1B,12,5
VA,0,114.0,2,2000,0,0,0,0,0,0
DF,FN016,-4.422000,-32.490500,2, ,0.0,0.0,0,0,0,0,0,0,0,0
TF,TOMEK,-4.593333,-32.849833,0, ,0.0,0.0,0.0,0.0,0,0,0,0,0,0,0,0

SID,TOME1C,30,5
VA,0,294.0,2,2000,0,0,0,0,0,0
DF,TOMEK,-4.593333,-32.849833,0, ,0.0,0.0,0,0,0,0,0,0,0,0

APPTR,D12,12,FNR
IF,FNR,-3.856744,-32.429939, ,0.0,0.0,2,4000,0,0,0,0,1,0
FD,FNR,-3.856744,-32.429939,0,FNR,0.0,8.0,337.0,8.0,2,2500,0,0,0,0,0,0
CF,BOKOV,-3.825000,-32.544000,1,FNR,304.5,7.1,125.0,1.0,2,2500,0,0,0,0,0,0

FINAL,D12,12,D,2
IF,BOKOV,-3.825000,-32.544000,FNR,304.5,7.1,2,2500,0,0,0,0,2,0
CF,FNR11,-3.847806,-32.462094,0,FNR,304.5,2.0,125.0,5.1,1,840,0,0,0,0,3,0
CF,FNR,-3.856744,-32.429939,0,FNR,0.0,0.0,125.0,2.0,0,0,0,0,0,0,0,0
CA,0,125.0,2,3000,0,1,250,0,0,0
DF,FNR,-3.856744,-32.429939,1, ,0.0,0.0,2,4000,0,0,0,0,0,0
HM,FNR,-3.856744,-32.429939,1, ,0.0,0.0,337.0,04.3,2,4000,0,0,0,0,0,0,0

APPTR,R12-Y,12,FN001
IF,FN001,-3.740883,-32.589942, ,0.0,0.0,2,4000,0,1,230,0,1,0
TF,FN004,-3.841078,-32.597586,0, ,0.0,0.0,0.0,0.0,2,2500,0,0,0,0,1,0

APPTR,R12-Y,12,FN002
IF,FN002,-3.834672,-32.680711, ,0.0,0.0,2,4000,0,0,0,0,1,0
TF,FN004,-3.841078,-32.597586,0, ,0.0,0.0,0.0,0.0,2,2500,0,0,0,0,1,0

APPTR,R12-Y,12,FN003
IF,FN003,-3.941272,-32.605233, ,0.0,0.0,2,4000,0,1,230,0,1,0
TF,FN004,-3.841078,-32.597586,0, ,0.0,0.0,0.0,0.0,2,2500,0,0,0,0,1,0

FINAL,R12-Y,12,R,3
IF,FN004,-3.841078,-32.597586, ,0.0,0.0,2,2500,0,0,0,0,0,0
TF,FN006,-3.847475,-32.514461,0, ,0.0,0.0,114.0,5.0,2,1830,0,0,0,0,2,0
TF,RW12,-3.853822,-32.431328,0, ,0.0,0.0,114.0,5.0,1,234,0,0,0,0,3,1
TF,FN007,-3.858575,-32.369742,0, ,0.0,0.0,0.0,0.0,0,0,0,0,0,0,0,0
TF,FN368,-3.870833,-32.210056,0, ,0.0,0.0,0.0,0.0,2,4000,0,0,0,0,0,1
HM,FN368,-3.870833,-32.210056,2, ,0.0,0.0,294.0,04.3,2,4000,0,0,0,0,0,0,0

APPTR,R12-Z,12,FN361
IF,FN361,-3.741500,-32.660917, ,0.0,0.0,2,5000,0,0,0,0,1,0
TF,FN364,-3.838278,-32.633944,0, ,0.0,0.0,0.0,0.0,2,3500,0,0,0,0,1,0

APPTR,R12-Z,12,FN362
IF,FN362,-3.830611,-32.733694, ,0.0,0.0,2,5000,0,0,0,0,1,0
TF,FN364,-3.838278,-32.633944,0, ,0.0,0.0,0.0,0.0,2,3500,0,0,0,0,1,0

APPTR,R12-Z,12,FN363
IF,FN363,-3.929806,-32.675222, ,0.0,0.0,2,5000,0,0,0,0,1,0
TF,FN364,-3.838278,-32.633944,0, ,0.0,0.0,0.0,0.0,2,3500,0,0,0,0,1,0

FINAL,R12-Z,12,R,3
IF,FN364,-3.838278,-32.633944, ,0.0,0.0,2,3500,0,0,0,0,0,0
TF,FN366,-3.844694,-32.550833,0, ,0.0,0.0,114.0,5.0,2,2530,0,0,0,0,2,0
TF,FN367,-3.851083,-32.467694,0, ,0.0,0.0,114.0,5.0,1,931,0,0,0,0,3,1
TF,FN368,-3.870833,-32.210056,0, ,0.0,0.0,0.0,0.0,2,5000,0,0,0,0,0,1
HM,FN368,-3.870833,-32.210056,2, ,0.0,0.0,294.0,04.3,2,5000,0,0,0,0,0,0,0

APPTR,R30-Y,30,FN011
IF,FN011,-3.767783,-32.239114, ,0.0,0.0,2,4000,0,1,220,0,1,0
TF,FN014,-3.867828,-32.248503,0, ,0.0,0.0,0.0,0.0,2,2500,0,0,0,0,1,0

APPTR,R30-Y,30,FN012
IF,FN012,-3.874183,-32.165369, ,0.0,0.0,2,4000,0,0,0,0,1,0
TF,FN014,-3.867828,-32.248503,0, ,0.0,0.0,0.0,0.0,2,2500,0,0,0,0,1,0

APPTR,R30-Y,30,FN013
IF,FN013,-3.967875,-32.257894, ,0.0,0.0,2,4000,0,1,220,0,1,0
TF,FN014,-3.867828,-32.248503,0, ,0.0,0.0,0.0,0.0,2,2500,0,0,0,0,1,0

FINAL,R30-Y,30,R,3
IF,FN014,-3.867828,-32.248503, ,0.0,0.0,2,2500,0,0,0,0,0,0
TF,FN017,-3.861467,-32.331633,0, ,0.0,0.0,294.0,5.0,2,1800,0,0,0,0,2,0
TF,RW30,-3.855094,-32.414764,0, ,0.0,0.0,294.0,5.0,1,208,0,0,0,0,3,1
TF,FN367,-3.851083,-32.467694,0, ,0.0,0.0,0.0,0.0,0,0,0,0,0,0,0,0
TF,FN364,-3.838278,-32.633944,0, ,0.0,0.0,0.0,0.0,0,0,0,0,0,0,0,1
HM,FN364,-3.838278,-32.633944,2, ,0.0,0.0,114.0,04.3,2,4000,0,0,0,0,0,0,0

APPTR,R30-Z,30,FN369
IF,FN369,-3.967611,-32.183111, ,0.0,0.0,2,5000,0,0,0,0,1,0
TF,FN368,-3.870833,-32.210056,0, ,0.0,0.0,0.0,0.0,2,3500,0,0,0,0,1,0

APPTR,R30-Z,30,FN371
IF,FN371,-3.878472,-32.110306, ,0.0,0.0,2,5000,0,0,0,0,1,0
TF,FN368,-3.870833,-32.210056,0, ,0.0,0.0,0.0,0.0,2,3500,0,0,0,0,1,0

APPTR,R30-Z,30,FN372
IF,FN372,-3.779306,-32.168778, ,0.0,0.0,2,5000,0,0,0,0,1,0
TF,FN368,-3.870833,-32.210056,0, ,0.0,0.0,0.0,0.0,2,3500,0,0,0,0,1,0

FINAL,R30-Z,30,R,3
IF,FN368,-3.870833,-32.210056, ,0.0,0.0,2,3500,0,0,0,0,0,0
TF,FN373,-3.864472,-32.293194,0, ,0.0,0.0,294.0,5.0,2,2540,0,0,0,0,2,0
TF,FN374,-3.858083,-32.376333,0, ,0.0,0.0,294.0,5.0,1,945,0,0,0,0,3,1
TF,FN364,-3.838278,-32.633944,0, ,0.0,0.0,0.0,0.0,2,5000,0,0,0,0,0,1
HM,FN364,-3.838278,-32.633944,2, ,0.0,0.0,114.0,04.3,2,5000,0,0,0,0,0,0,0

