SID,ARSI1A,25,5
CA,0,248.0,2,1500,0,0,0,0,0,0
CF,ARSIR,-18.961044,-42.050514,0,VRI,331.5,126.6,248.0,4.0,0,0,0,0,0,0,0,0

SID,ARSI1A,EVTEK,6
IF,ARSIR,-18.961044,-42.050514, ,0.0,0.0,0,0,0,0,0,0,0,0
TF,EVTEK,-19.463000,-42.479500,0, ,0.0,0.0,0.0,0.0,0,0,0,0,0,0,0,0

SID,ARSI1A,MILED,6
IF,ARSIR,-18.961044,-42.050514, ,0.0,0.0,0,0,0,0,0,0,0,0
TF,MILED,-20.180833,-40.997833,0, ,0.0,0.0,0.0,0.0,0,0,0,0,0,0,0,0

SID,ARSI1A,OPLUT,6
IF,ARSIR,-18.961044,-42.050514, ,0.0,0.0,0,0,0,0,0,0,0,0
TF,OPLUT,-18.860667,-42.903500,0, ,0.0,0.0,0.0,0.0,0,0,0,0,0,0,0,0

SID,ARSI1A,PULKU,6
IF,ARSIR,-18.961044,-42.050514, ,0.0,0.0,0,0,0,0,0,0,0,0
TF,PULKU,-19.105000,-42.440631,0, ,0.0,0.0,0.0,0.0,0,0,0,0,0,0,0,0

SID,DADN1A,07,5
CA,0,68.0,2,1500,0,0,0,0,0,0
CF,GV023,-18.699217,-41.803192,0,VRI,341.1,126.9,64.0,15.0,0,0,0,0,0,0,0,1
TF,DADNA,-17.542333,-40.793833,0, ,0.0,0.0,0.0,0.0,0,0,0,0,0,0,0,0

SID,DALR1A,25,5
CA,0,248.0,2,1500,0,0,0,0,0,0
DF,GV022,-18.855178,-42.113678,2, ,0.0,0.0,0,0,0,0,0,0,0,0
TF,DALRI,-18.790267,-42.040639,0, ,0.0,0.0,0.0,0.0,0,0,0,0,0,0,0,0

SID,DALR1A,DADNA,6
IF,DALRI,-18.790267,-42.040639, ,0.0,0.0,0,0,0,0,0,0,0,0
TF,DADNA,-17.542333,-40.793833,0, ,0.0,0.0,0.0,0.0,0,0,0,0,0,0,0,0

SID,DALR1A,MILED,6
IF,DALRI,-18.790267,-42.040639, ,0.0,0.0,0,0,0,0,0,0,0,0
TF,GV018,-18.722072,-41.765733,0, ,0.0,0.0,0.0,0.0,0,0,0,0,0,0,0,0
TF,GV019,-18.825581,-41.595814,0, ,0.0,0.0,0.0,0.0,0,0,0,0,0,0,0,0
TF,GV021,-19.175481,-41.387294,0, ,0.0,0.0,0.0,0.0,0,0,0,0,0,0,0,0
TF,MILED,-20.180833,-40.997833,0, ,0.0,0.0,0.0,0.0,0,0,0,0,0,0,0,0

SID,MILE1A,07,5
CA,0,68.0,2,1500,0,0,0,0,0,0
CF,GV023,-18.699217,-41.803192,0,VRI,341.1,126.9,64.0,15.0,0,0,0,0,0,0,0,1
TF,GV019,-18.825581,-41.595814,0, ,0.0,0.0,0.0,0.0,0,0,0,0,0,0,0,0
TF,GV021,-19.175481,-41.387294,0, ,0.0,0.0,0.0,0.0,0,0,0,0,0,0,0,0
TF,MILED,-20.180833,-40.997833,0, ,0.0,0.0,0.0,0.0,0,0,0,0,0,0,0,0

SID,OMNI,07,1
CA,0,68.0,2,1500,0,0,0,0,0,0
VM,0,0,0,68.0,0,0,0,0,0,0,0,0

SID,OMNI,25,1
CA,0,248.0,2,1500,0,0,0,0,0,0
VM,0,0,0,248.0,0,0,0,0,0,0,0,0

SID,PULK1A,07,5
CA,0,68.0,2,1500,0,0,0,0,0,0
DF,PULKU,-19.105000,-42.440631,1, ,0.0,0.0,0,0,0,0,0,0,0,0

SID,PULK1A,EVTEK,6
IF,PULKU,-19.105000,-42.440631, ,0.0,0.0,0,0,0,0,0,0,0,0
TF,EVTEK,-19.463000,-42.479500,0, ,0.0,0.0,0.0,0.0,2,6000,0,0,0,0,0,0

SID,PULK1A,OPLUT,6
IF,PULKU,-19.105000,-42.440631, ,0.0,0.0,0,0,0,0,0,0,0,0
TF,OPLUT,-18.860667,-42.903500,0, ,0.0,0.0,0.0,0.0,0,0,0,0,0,0,0,0

APPTR,R07,07,GV001
IF,GV001,-19.080061,-42.174158, ,0.0,0.0,2,5000,0,0,0,0,1,0
TF,GV002,-19.020567,-42.112317,0, ,0.0,0.0,0.0,0.0,2,3100,0,0,0,0,1,0

APPTR,R07,07,GV003
IF,GV003,-18.985328,-42.192081, ,0.0,0.0,2,5000,0,0,0,0,1,0
TF,GV002,-19.020567,-42.112317,0, ,0.0,0.0,0.0,0.0,2,3100,0,0,0,0,1,0

APPTR,R07,07,GV004
IF,GV004,-19.096167,-42.074650, ,0.0,0.0,2,5000,0,0,0,0,1,0
TF,GV002,-19.020567,-42.112317,0, ,0.0,0.0,0.0,0.0,2,3100,0,0,0,0,1,0

FINAL,R07,07,R,4
IF,GV002,-19.020567,-42.112317, ,0.0,0.0,2,3100,0,0,0,0,0,0
TF,ARSIR,-18.961044,-42.050514,0, ,0.0,0.0,68.0,5.0,2,2350,0,0,0,0,2,0
TF,GV006,-18.937625,-42.026286,0, ,0.0,0.0,68.0,2.0,2,1676,0,0,0,0,0,0
TF,RW07,-18.900381,-41.987556,0, ,0.0,0.0,68.0,3.1,1,612,0,0,0,0,3,1
CA,0,68.0,2,1500,0,0,0,0,0,0
DF,GV003,-18.985328,-42.192081,1, ,0.0,0.0,2,5000,0,0,0,0,0,1
HM,GV003,-18.985328,-42.192081,1, ,0.0,0.0,138.0,04.3,2,5000,0,0,0,0,0,0,0

APPTR,R25,25,GV012
IF,GV012,-18.806017,-41.774458, ,0.0,0.0,2,5000,0,0,0,0,1,0
TF,GV011,-18.771369,-41.854406,0, ,0.0,0.0,0.0,0.0,2,3100,0,0,0,0,1,0

APPTR,R25,25,GV013
IF,GV013,-18.695872,-41.892228, ,0.0,0.0,2,5000,0,0,0,0,1,0
TF,GV011,-18.771369,-41.854406,0, ,0.0,0.0,0.0,0.0,2,3100,0,0,0,0,1,0

APPTR,R25,25,GV014
IF,GV014,-18.711669,-41.792892, ,0.0,0.0,2,5000,0,0,0,0,1,0
TF,GV011,-18.771369,-41.854406,0, ,0.0,0.0,0.0,0.0,2,3100,0,0,0,0,1,0

FINAL,R25,25,R,3
IF,GV011,-18.771369,-41.854406, ,0.0,0.0,2,3100,0,0,0,0,0,0
TF,GV017,-18.831069,-41.915983,0, ,0.0,0.0,248.0,5.0,2,2590,0,0,0,0,2,0
TF,RW25,-18.890742,-41.977567,0, ,0.0,0.0,248.0,5.0,1,611,0,0,0,0,3,1
CA,0,248.0,2,1500,0,0,0,0,0,0
DF,GV013,-18.695872,-41.892228,2, ,0.0,0.0,2,5000,0,0,0,0,0,1
HM,GV013,-18.695872,-41.892228,2, ,0.0,0.0,178.0,04.3,2,5000,0,0,0,0,0,0,0

