SID,OMNI,03,1
VA,0,30.0,2,2000,0,0,0,0,0,0
VM,0,0,0,30.0,0,0,0,0,0,0,0,0

SID,OMNI,21,1
VA,0,210.0,2,2000,0,0,0,0,0,0
VM,0,0,0,210.0,0,0,0,0,0,0,0,0

APPTR,R03,03,JI031
IF,JI031,-11.013803,-61.991436, ,0.0,0.0,2,3000,0,0,0,0,1,0
TF,JI026,-11.040175,-61.893317,0, ,0.0,0.0,0.0,0.0,2,2500,0,0,0,0,1,0

APPTR,R03,03,JI032
IF,JI032,-11.066514,-61.795181, ,0.0,0.0,2,3000,0,0,0,0,1,0
TF,JI026,-11.040175,-61.893317,0, ,0.0,0.0,0.0,0.0,2,2500,0,0,0,0,1,0

APPTR,R03,03,JI033
IF,JI033,-11.120956,-61.915556, ,0.0,0.0,2,3000,0,0,0,0,1,0
TF,JI026,-11.040175,-61.893317,0, ,0.0,0.0,0.0,0.0,2,2500,0,0,0,0,1,0

FINAL,R03,03,R,4
IF,JI026,-11.040175,-61.893317, ,0.0,0.0,2,2500,0,0,0,0,0,0
TF,JI028,-10.959392,-61.871089,0, ,0.0,0.0,30.0,5.0,2,2240,0,0,0,0,2,0
TF,JI029,-10.927083,-61.862186,0, ,0.0,0.0,30.0,2.0,2,1600,0,0,0,0,0,0
TF,RW03,-10.878608,-61.848875,0, ,0.0,0.0,30.0,3.0,1,645,0,0,0,0,3,1
TF,JI022,-10.701331,-61.800169,0, ,0.0,0.0,0.0,0.0,2,3000,0,0,0,0,0,1
HM,JI022,-10.701331,-61.800169,2, ,0.0,0.0,210.0,04.3,2,3000,0,0,0,0,0,0,0

APPTR,R21,21,JI021
IF,JI021,-10.727642,-61.702133, ,0.0,0.0,2,3000,0,0,0,0,1,0
TF,JI022,-10.701331,-61.800169,0, ,0.0,0.0,0.0,0.0,2,2500,0,0,0,0,1,0

APPTR,R21,21,JI023
IF,JI023,-10.674989,-61.898186, ,0.0,0.0,2,3000,0,0,0,0,1,0
TF,JI022,-10.701331,-61.800169,0, ,0.0,0.0,0.0,0.0,2,2500,0,0,0,0,1,0

APPTR,R21,21,JI027
IF,JI027,-10.620539,-61.777992, ,0.0,0.0,2,3000,0,0,0,0,1,0
TF,JI022,-10.701331,-61.800169,0, ,0.0,0.0,0.0,0.0,2,2500,0,0,0,0,1,0

FINAL,R21,21,R,3
IF,JI022,-10.701331,-61.800169, ,0.0,0.0,2,2500,0,0,0,0,0,0
TF,JI024,-10.782119,-61.822358,0, ,0.0,0.0,210.0,5.0,2,2240,0,0,0,0,2,0
TF,RW21,-10.862906,-61.844558,0, ,0.0,0.0,210.0,5.0,1,644,0,0,0,0,3,1
TF,JI026,-11.040175,-61.893317,0, ,0.0,0.0,0.0,0.0,2,3000,0,0,0,0,0,1
HM,JI026,-11.040175,-61.893317,2, ,0.0,0.0,30.0,04.3,2,3000,0,0,0,0,0,0,0

