SID,AKSE1A,15,5
CF,UMDUK,-26.281289,-48.718669,0,JNV,149.5,5.6,149.0,5.0,0,0,0,0,0,0,0,0
TF,JV036,-26.333667,-48.646333,0, ,0.0,0.0,0.0,0.0,0,0,0,0,0,0,0,0
TF,ARNED,-26.255497,-48.576619,0, ,0.0,0.0,0.0,0.0,3,6000,0,0,0,0,0,0
TF,AKSEB,-26.101875,-48.458986,0, ,0.0,0.0,0.0,0.0,0,0,0,0,0,0,0,0

SID,AKSE1A,BUXUK,6
IF,AKSEB,-26.101875,-48.458986, ,0.0,0.0,0,0,0,0,0,0,0,0
TF,JV102,-25.522642,-48.025919,0, ,0.0,0.0,0.0,0.0,0,0,0,0,0,0,0,0
TF,JV103,-24.367161,-48.048964,0, ,0.0,0.0,0.0,0.0,3,19000,0,0,0,0,0,0
TF,BUXUK,-23.763908,-47.815869,0, ,0.0,0.0,0.0,0.0,0,0,0,0,0,0,0,0

SID,AKSE1A,DULIA,6
IF,AKSEB,-26.101875,-48.458986, ,0.0,0.0,0,0,0,0,0,0,0,0
TF,JV101,-25.873833,-48.169117,0, ,0.0,0.0,0.0,0.0,0,0,0,0,0,0,0,0
TF,DULIA,-25.402228,-47.575983,0, ,0.0,0.0,0.0,0.0,0,0,0,0,0,0,0,0

SID,AKSE1A,TIMRU,6
IF,AKSEB,-26.101875,-48.458986, ,0.0,0.0,0,0,0,0,0,0,0,0
TF,JV102,-25.522642,-48.025919,0, ,0.0,0.0,0.0,0.0,0,0,0,0,0,0,0,0
TF,JV103,-24.367161,-48.048964,0, ,0.0,0.0,0.0,0.0,3,19000,0,0,0,0,0,0
TF,TIMRU,-23.484761,-48.065978,0, ,0.0,0.0,0.0,0.0,0,0,0,0,0,0,0,0

SID,ASGO1A,15,5
CF,UMDUK,-26.281289,-48.718669,0,JNV,149.5,5.6,149.0,5.0,0,0,0,0,0,0,0,0
TF,JV036,-26.333667,-48.646333,0, ,0.0,0.0,0.0,0.0,0,0,0,0,0,0,0,0
TF,ARNED,-26.255497,-48.576619,0, ,0.0,0.0,0.0,0.0,3,6000,0,0,0,0,0,0
TF,AKSEB,-26.101875,-48.458986,0, ,0.0,0.0,0.0,0.0,0,0,0,0,0,0,0,0
TF,JV104,-25.806392,-48.520369,0, ,0.0,0.0,0.0,0.0,2,14000,0,0,0,0,0,0
TF,JV106,-25.609028,-48.561067,0, ,0.0,0.0,0.0,0.0,0,0,0,0,0,0,0,0
TF,JV107,-25.352767,-48.555897,0, ,0.0,0.0,0.0,0.0,2,19000,0,0,0,0,0,0
TF,ASGOL,-24.995919,-48.548936,0, ,0.0,0.0,0.0,0.0,0,0,0,0,0,0,0,0

SID,ASGO1A,TIMRU,6
IF,ASGOL,-24.995919,-48.548936, ,0.0,0.0,0,0,0,0,0,0,0,0
TF,TIMRU,-23.484761,-48.065978,0, ,0.0,0.0,0.0,0.0,0,0,0,0,0,0,0,0

SID,ASGO1A,XONUG,6
IF,ASGOL,-24.995919,-48.548936, ,0.0,0.0,0,0,0,0,0,0,0,0
TF,XONUG,-24.348158,-48.159128,0, ,0.0,0.0,0.0,0.0,0,0,0,0,0,0,0,0

SID,ASGO1B,33,5
CA,0,329.0,2,1800,0,0,0,0,0,0
DF,JV109,-26.013814,-48.708708,2, ,0.0,0.0,0,0,0,1,210,0,0,0
TF,JV107,-25.352767,-48.555897,0, ,0.0,0.0,0.0,0.0,2,19000,0,0,0,0,0,0
TF,ASGOL,-24.995919,-48.548936,0, ,0.0,0.0,0.0,0.0,0,0,0,0,0,0,0,0

SID,ASGO1B,TIMRU,6
IF,ASGOL,-24.995919,-48.548936, ,0.0,0.0,0,0,0,0,0,0,0,0
TF,TIMRU,-23.484761,-48.065978,0, ,0.0,0.0,0.0,0.0,0,0,0,0,0,0,0,0

SID,ASGO1B,XONUG,6
IF,ASGOL,-24.995919,-48.548936, ,0.0,0.0,0,0,0,0,0,0,0,0
TF,XONUG,-24.348158,-48.159128,0, ,0.0,0.0,0.0,0.0,0,0,0,0,0,0,0,0

SID,NEVL1B,33,5
CA,0,329.0,2,1800,0,0,0,0,0,0
DF,JV109,-26.013814,-48.708708,2, ,0.0,0.0,0,0,0,1,210,0,0,0
TF,JV112,-25.996442,-48.592250,0, ,0.0,0.0,0.0,0.0,2,9000,0,0,0,0,0,0
TF,NEVLU,-25.965867,-48.389008,0, ,0.0,0.0,0.0,0.0,0,0,0,0,0,0,0,0

SID,NEVL1B,BUXUK,6
IF,NEVLU,-25.965867,-48.389008, ,0.0,0.0,0,0,0,0,0,0,0,0
TF,JV102,-25.522642,-48.025919,0, ,0.0,0.0,0.0,0.0,0,0,0,0,0,0,0,0
TF,JV103,-24.367161,-48.048964,0, ,0.0,0.0,0.0,0.0,3,19000,0,0,0,0,0,0
TF,BUXUK,-23.763908,-47.815869,0, ,0.0,0.0,0.0,0.0,0,0,0,0,0,0,0,0

SID,NEVL1B,DULIA,6
IF,NEVLU,-25.965867,-48.389008, ,0.0,0.0,0,0,0,0,0,0,0,0
TF,JV101,-25.873833,-48.169117,0, ,0.0,0.0,0.0,0.0,0,0,0,0,0,0,0,0
TF,DULIA,-25.402228,-47.575983,0, ,0.0,0.0,0.0,0.0,0,0,0,0,0,0,0,0

SID,NEVL1B,TIMRU,6
IF,NEVLU,-25.965867,-48.389008, ,0.0,0.0,0,0,0,0,0,0,0,0
TF,JV102,-25.522642,-48.025919,0, ,0.0,0.0,0.0,0.0,0,0,0,0,0,0,0,0
TF,JV103,-24.367161,-48.048964,0, ,0.0,0.0,0.0,0.0,3,19000,0,0,0,0,0,0
TF,TIMRU,-23.484761,-48.065978,0, ,0.0,0.0,0.0,0.0,0,0,0,0,0,0,0,0

SID,OMNI,15,1
VA,0,149.0,2,1500,0,0,0,0,0,0
VM,0,0,0,149.0,0,0,0,0,0,0,0,0

SID,OMNI,33,1
VA,0,329.0,2,1500,0,0,0,0,0,0
VM,0,0,0,329.0,0,0,0,0,0,0,0,0

SID,POXO1B,33,5
CA,0,329.0,2,550,0,0,0,0,0,0
DF,POXOL,-26.322167,-48.958667,0, ,0.0,0.0,0,0,0,1,230,0,0,0

SID,POXO1B,PUDNI,6
IF,POXOL,-26.322167,-48.958667, ,0.0,0.0,0,0,0,1,230,0,0,0
TF,PUDNI,-26.753619,-48.981622,0, ,0.0,0.0,0.0,0.0,0,0,0,0,0,0,0,0

SID,POXO1B,UMGAD,6
IF,POXOL,-26.322167,-48.958667, ,0.0,0.0,0,0,0,1,230,0,0,0
TF,JV108,-26.572456,-49.145439,0, ,0.0,0.0,0.0,0.0,3,10000,0,0,0,0,0,0
TF,UMGAD,-26.907458,-49.397050,0, ,0.0,0.0,0.0,0.0,0,0,0,0,0,0,0,0

SID,PUMG1A,15,2
CF,OGPON,-26.343783,-48.629811,0,JNV,148.7,11.6,149.0,11.1,3,6000,0,0,0,0,0,0
AF,PAGEV,-26.028625,-48.816406,1,JNV,15.1,11.6,149.0,0,0,0,0,0,0,0,0
TF,PUMGO,-25.760106,-48.841814,0, ,0.0,0.0,0.0,0.0,4,13000,10000,0,0,0,0,0

SID,PUMG1A,CTB,3
IF,PUMGO,-25.760106,-48.841814, ,0.0,0.0,4,13000,10000,0,0,0,0,0
TF,CTB,-25.532031,-49.167664,0, ,0.0,0.0,0.0,0.0,0,0,0,0,0,0,0,0

SID,PUMG1A,DAGPI,3
IF,PUMGO,-25.760106,-48.841814, ,0.0,0.0,4,13000,10000,0,0,0,0,0
TF,VANOK,-25.586847,-48.858147,0, ,0.0,0.0,0.0,0.0,2,15000,0,0,0,0,0,0
TF,GEVPU,-25.441428,-48.871817,0, ,0.0,0.0,0.0,0.0,2,18000,0,0,0,0,0,0
TF,ISPUS,-25.174369,-48.896828,0, ,0.0,0.0,0.0,0.0,0,0,0,0,0,0,0,0
TF,DAGPI,-24.766386,-48.945664,0, ,0.0,0.0,0.0,0.0,0,0,0,0,0,0,0,0

SID,PUMG1B,33,2
CA,0,329.0,2,420,0,0,0,0,0,0
VA,0,341.0,2,600,0,0,0,0,0,0
CF,PAGEV,-26.028625,-48.816406,0,JNV,15.1,11.6,15.0,11.0,0,0,0,1,210,0,0,0
TF,PUMGO,-25.760106,-48.841814,0, ,0.0,0.0,0.0,0.0,4,13000,10000,0,0,0,0,0

SID,PUMG1B,CTB,3
IF,PUMGO,-25.760106,-48.841814, ,0.0,0.0,4,13000,10000,0,0,0,0,0
TF,CTB,-25.532031,-49.167664,0, ,0.0,0.0,0.0,0.0,0,0,0,0,0,0,0,0

SID,PUMG1B,DAGPI,3
IF,PUMGO,-25.760106,-48.841814, ,0.0,0.0,4,13000,10000,0,0,0,0,0
TF,VANOK,-25.586847,-48.858147,0, ,0.0,0.0,0.0,0.0,2,15000,0,0,0,0,0,0
TF,GEVPU,-25.441428,-48.871817,0, ,0.0,0.0,0.0,0.0,2,18000,0,0,0,0,0,0
TF,ISPUS,-25.174369,-48.896828,0, ,0.0,0.0,0.0,0.0,0,0,0,0,0,0,0,0
TF,DAGPI,-24.766386,-48.945664,0, ,0.0,0.0,0.0,0.0,0,0,0,0,0,0,0,0

STAR,RAXI1C,ALL,5
IF,RAXIT,-24.420525,-47.691417, ,0.0,0.0,0,0,0,0,0,0,0,0
TF,JV113,-25.181631,-48.322619,0, ,0.0,0.0,0.0,0.0,3,17000,0,0,0,0,0,0
TF,JV114,-25.251897,-48.381439,0, ,0.0,0.0,0.0,0.0,0,0,0,0,0,0,0,0
TF,JV116,-25.331517,-48.392817,0, ,0.0,0.0,0.0,0.0,3,15000,0,0,0,0,0,0
TF,JV117,-25.419900,-48.405467,0, ,0.0,0.0,0.0,0.0,2,14000,0,0,0,0,0,0
TF,JV118,-25.613189,-48.433197,0, ,0.0,0.0,0.0,0.0,3,12000,0,0,0,0,0,0

STAR,RAXI1C,15,6
IF,JV118,-25.613189,-48.433197, ,0.0,0.0,3,12000,0,0,0,0,0,0
TF,ANDAM,-25.811025,-48.665761,0, ,0.0,0.0,0.0,0.0,2,6000,0,0,0,0,0,0

STAR,RAXI1C,33,6
IF,JV118,-25.613189,-48.433197, ,0.0,0.0,3,12000,0,0,0,0,0,0
TF,JV119,-25.891597,-48.462589,0, ,0.0,0.0,0.0,0.0,3,8000,0,0,0,0,0,0
TF,ARNED,-26.255497,-48.576619,0, ,0.0,0.0,0.0,0.0,2,4000,0,0,0,0,0,0

APPTR,D33-X,33,ARNED
IF,ARNED,-26.255497,-48.576619, ,0.0,0.0,2,4000,0,0,0,0,1,0
AF,JNV04,-26.350972,-48.624783,2,JNV,149.5,12.1,119.0,2,2500,0,0,0,0,0,0
CF,BUVIT,-26.334428,-48.647092,0,JNV,149.5,10.6,329.0,1.6,2,2500,0,0,0,0,1,0

APPTR,D33-X,33,KIMAD
IF,KIMAD,-26.411800,-48.716144, ,0.0,0.0,2,4000,0,0,0,0,1,0
AF,JNV01,-26.351619,-48.623914,1,JNV,149.5,12.2,178.0,2,2500,0,0,0,0,0,0
CF,BUVIT,-26.334428,-48.647092,0,JNV,149.5,10.6,329.0,1.6,2,2500,0,0,0,0,1,0

FINAL,D33-X,33,D,3
IF,BUVIT,-26.334428,-48.647092,JNV,149.5,10.6,2,2500,0,0,0,0,0,0
CF,UMDUK,-26.281289,-48.718669,0,JNV,149.5,5.6,329.0,5.0,2,1660,0,0,0,0,2,0
CF,JNV06,-26.228147,-48.790136,0,JNV,149.5,0.6,329.0,5.0,1,60,0,0,0,0,3,0
CF,JNV,-26.222261,-48.798044,0,JNV,0.0,0.0,329.0,0.6,0,0,0,0,0,0,0,1
CF,GEPVO,-26.028000,-48.804333,0,JNV,18.3,11.6,18.0,12.0,0,0,0,1,185,0,0,1
VI,2, ,0.0,151.0,0,0,0,1,185,0,0,0
AF,ARNED,-26.255497,-48.576619,2,JNV,119.5,12.1,44.0,2,4000,0,0,0,0,0,0
HM,ARNED,-26.255497,-48.576619,2, ,0.0,0.0,299.0,04.3,2,4000,0,0,0,0,0,0,0

APPTR,I33-W,33,ARNED
IF,ARNED,-26.255497,-48.576619, ,0.0,0.0,2,4000,0,0,0,0,1,0
AF,JV083,-26.349872,-48.623786,2,JNV,149.1,12.1,119.0,2,1900,0,0,0,0,0,0
CF,ASBUV,-26.327817,-48.654364,0,IJV,148.8,10.4,329.0,2.1,2,1900,0,0,0,0,1,0

APPTR,I33-W,33,KIMAD
IF,KIMAD,-26.411800,-48.716144, ,0.0,0.0,2,4000,0,0,0,0,1,0
AF,JV084,-26.350508,-48.622906,1,JNV,149.1,12.2,178.0,2,1900,0,0,0,0,0,0
CF,ASBUV,-26.327817,-48.654364,0,IJV,148.8,10.4,329.0,2.2,2,1900,0,0,0,0,1,0

FINAL,I33-W,33,I,3
IF,ASBUV,-26.327817,-48.654364,IJV,148.8,10.4,2,1900,0,0,0,0,0,0
CF,ANKIS,-26.289517,-48.707417,0,IJV,148.8,6.7,329.0,3.7,1,1900,0,0,0,0,2,0
CF,RW33,-26.229092,-48.790989,0,IJV,148.8,0.9,329.0,5.8,1,60,0,0,0,0,3,0
VA,0,329.0,2,800,0,1,185,0,0,0
CF,GEPVO,-26.028000,-48.804333,0,JNV,18.3,11.6,18.0,11.0,0,0,0,1,185,0,0,1
VI,2, ,0.0,151.0,2,4000,0,1,185,0,0,0
AF,ARNED,-26.255497,-48.576619,2,JNV,119.4,12.1,44.0,2,4000,0,0,0,0,0,0
HM,ARNED,-26.255497,-48.576619,2, ,0.0,0.0,299.0,04.3,2,4000,0,0,0,0,0,0,0

APPTR,I33-Y,33,ARNED
IF,ARNED,-26.255497,-48.576619, ,0.0,0.0,2,4000,0,1,210,0,1,0
TF,JV036,-26.333667,-48.646333,0,IJV,0.0,0.0,0.0,0.0,2,2200,0,0,0,0,1,0

APPTR,I33-Y,33,KIMAD
IF,KIMAD,-26.411800,-48.716144, ,0.0,0.0,2,4000,0,1,210,0,1,0
TF,JV036,-26.333667,-48.646333,0,IJV,0.0,0.0,0.0,0.0,2,2200,0,0,0,0,1,0

FINAL,I33-Y,33,I,3
IF,JV036,-26.333667,-48.646333,IJV,148.8,10.9,2,2200,0,0,0,0,0,0
CF,UMDUK,-26.281289,-48.718669,0,IJV,148.7,5.9,329.0,5.0,1,1650,0,0,0,0,2,0
CF,RW33,-26.229092,-48.790989,0,IJV,148.8,0.9,329.0,5.0,1,60,0,0,0,0,3,1
CA,0,329.0,2,800,0,1,210,0,0,0
CF,GEPVO,-26.028000,-48.804333,0,JNV,18.3,11.6,27.0,11.0,0,0,0,1,210,0,0,1
CF,ARNED,-26.255497,-48.576619,2,JNV,119.5,12.1,180.0,16.0,2,4000,0,1,210,0,0,1
HM,ARNED,-26.255497,-48.576619,1, ,0.0,0.0,239.0,04.3,2,4000,0,1,210,0,0,0,0

APPTR,L33-W,33,ARNED
IF,ARNED,-26.255497,-48.576619, ,0.0,0.0,2,4000,0,0,0,0,1,0
AF,JV083,-26.349872,-48.623786,2,JNV,149.1,12.1,119.0,2,1900,0,0,0,0,0,0
CF,ASBUV,-26.327817,-48.654364,0,IJV,148.8,10.4,329.0,2.1,2,1900,0,0,0,0,1,0

APPTR,L33-W,33,KIMAD
IF,KIMAD,-26.411800,-48.716144, ,0.0,0.0,2,4000,0,0,0,0,1,0
AF,JV084,-26.350508,-48.622906,1,JNV,149.1,12.2,178.0,2,1900,0,0,0,0,0,0
CF,ASBUV,-26.327817,-48.654364,0,IJV,148.8,10.4,329.0,2.2,2,1900,0,0,0,0,1,0

FINAL,L33-W,33,D,3
IF,ASBUV,-26.327817,-48.654364,IJV,148.8,10.4,2,1900,0,0,0,0,0,0
CF,ANKIS,-26.289517,-48.707417,0,IJV,148.8,6.7,329.0,3.7,2,1900,0,0,0,0,2,0
CF,RW33,-26.229092,-48.790989,0,IJV,148.8,0.9,329.0,5.8,1,60,0,0,0,0,3,0
VA,0,329.0,2,800,0,1,185,0,0,0
CF,GEPVO,-26.028000,-48.804333,0,JNV,18.3,11.6,18.0,11.0,0,0,0,1,185,0,0,1
VI,2, ,0.0,151.0,2,4000,0,1,185,0,0,0
AF,ARNED,-26.255497,-48.576619,2,JNV,119.4,12.1,44.0,2,4000,0,0,0,0,0,0
HM,ARNED,-26.255497,-48.576619,2, ,0.0,0.0,299.0,04.3,2,4000,0,0,0,0,0,0,0

APPTR,R15-Y,15,JV402
IF,JV402,-25.867439,-48.702678, ,0.0,0.0,2,6000,0,0,0,0,1,0
TF,JV086,-25.984711,-48.773764,0, ,0.0,0.0,0.0,0.0,2,3900,0,0,0,0,0,0
TF,JV301,-26.071206,-48.826300,0, ,0.0,0.0,0.0,0.0,2,2400,0,0,0,0,1,0

FINAL,R15-Y,15,R,4
IF,JV301,-26.071206,-48.826300, ,0.0,0.0,2,2400,0,0,0,0,0,0
TF,JV302,-26.152550,-48.851650,0, ,0.0,0.0,216.0,5.1,2,1730,0,0,0,0,2,0
RF,JV303,-26.196436,-48.836078,1,JV305,147.3,2.5,2,794,0,0,0,0,0,0
TF,RW15,-26.220394,-48.803006,0, ,0.0,0.0,149.0,2.3,1,65,0,0,0,0,3,1
TF,JV087,-26.290592,-48.705958,0, ,0.0,0.0,0.0,0.0,0,0,0,1,210,0,0,0
RF,JV088,-26.250422,-48.586644,1,JV089,28.6,4.0,0,0,0,1,210,0,0,0
TF,JV017,-26.159333,-48.568250,0, ,0.0,0.0,0.0,0.0,2,5000,0,0,0,0,0,1
HM,JV017,-26.159333,-48.568250,2, ,0.0,0.0,210.0,04.3,2,5000,0,0,0,0,0,0,0

APPTR,R15-Z,15,ANDAM
IF,ANDAM,-25.811025,-48.665761, ,0.0,0.0,2,6000,0,0,0,0,1,0
TF,JV012,-25.897217,-48.722456,0, ,0.0,0.0,0.0,0.0,2,5000,0,0,0,0,0,0
TF,JV011,-26.117875,-48.868042,0, ,0.0,0.0,0.0,0.0,2,2100,0,1,160,0,1,0

APPTR,R15-Z,15,VUNBA
IF,VUNBA,-25.948506,-48.627136, ,0.0,0.0,2,6000,0,0,0,0,1,0
TF,JV012,-25.897217,-48.722456,0, ,0.0,0.0,0.0,0.0,2,5000,0,0,0,0,0,0
TF,JV011,-26.117875,-48.868042,0, ,0.0,0.0,0.0,0.0,2,2100,0,1,160,0,1,0

FINAL,R15-Z,15,R,3
IF,JV011,-26.117875,-48.868042, ,0.0,0.0,2,2100,0,1,160,0,0,0
TF,JV013,-26.174883,-48.853464,0, ,0.0,0.0,187.0,3.5,2,1500,0,0,0,0,2,0
TF,JV016,-26.212478,-48.813933,0, ,0.0,0.0,157.0,3.1,1,345,0,0,0,0,3,1
CF,JV033,-26.396333,-48.559333,0,JNV,149.0,16.6,149.0,17.6,2,3000,0,0,0,0,0,1
HM,JV033,-26.396333,-48.559333,2, ,0.0,0.0,329.0,04.3,2,3000,0,0,0,0,0,0,0

APPTR,R33-Y,33,JV017
IF,JV017,-26.159333,-48.568250, ,0.0,0.0,2,4200,0,0,0,0,1,0
TF,JV316,-26.224200,-48.641272,0, ,0.0,0.0,0.0,0.0,2,2500,0,0,0,0,1,0

FINAL,R33-Y,33,R,4
IF,JV316,-26.224200,-48.641272, ,0.0,0.0,2,2500,0,0,0,0,0,0
TF,JV091,-26.260531,-48.674033,0, ,0.0,0.0,239.0,2.8,2,2450,0,0,0,0,2,0
RF,JV092,-26.266756,-48.738942,2,JV093,327.2,2.5,2,1206,0,0,0,0,0,0
TF,RW33,-26.229092,-48.790989,0, ,0.0,0.0,329.0,3.6,1,60,0,0,0,0,3,1
TF,JV094,-26.198531,-48.833183,0, ,0.0,0.0,0.0,0.0,0,0,0,1,200,0,0,0
RF,JV096,-26.089497,-48.854008,2,JV097,49.9,5.0,0,0,0,1,200,0,0,0
TF,JV402,-25.867439,-48.702678,0, ,0.0,0.0,0.0,0.0,2,6000,0,0,0,0,0,1
HM,JV402,-25.867439,-48.702678,1, ,0.0,0.0,232.0,04.3,2,6000,0,0,0,0,0,0,0

APPTR,R33-Z,33,ARNED
IF,ARNED,-26.255497,-48.576619, ,0.0,0.0,2,4000,0,0,0,0,1,0
TF,JV036,-26.333667,-48.646333,0, ,0.0,0.0,0.0,0.0,2,2200,0,0,0,0,1,0

APPTR,R33-Z,33,KIMAD
IF,KIMAD,-26.411800,-48.716144, ,0.0,0.0,2,4000,0,0,0,0,1,0
TF,JV036,-26.333667,-48.646333,0, ,0.0,0.0,0.0,0.0,2,2200,0,0,0,0,1,0

FINAL,R33-Z,33,R,3
IF,JV036,-26.333667,-48.646333, ,0.0,0.0,2,2200,0,0,0,0,0,0
TF,UMDUK,-26.281289,-48.718669,0, ,0.0,0.0,329.0,5.0,2,1650,0,0,0,0,2,0
TF,RW33,-26.229092,-48.790989,0, ,0.0,0.0,329.0,5.0,1,60,0,0,0,0,3,1
CA,0,329.0,2,800,0,1,210,0,0,0
CF,GEPVO,-26.028000,-48.804333,0,JNV,18.3,11.6,27.0,11.0,0,0,0,1,210,0,0,1
CF,ARNED,-26.255497,-48.576619,2,JNV,119.5,12.1,180.0,16.0,2,4000,0,1,210,0,0,1
HM,ARNED,-26.255497,-48.576619,1, ,0.0,0.0,239.0,04.3,2,4000,0,1,210,0,0,0,0

