SID,DEXI3A,15,5
CA,0,149.0,2,3200,0,0,0,0,0,0
DF,KP024,-22.847217,-46.999908,1, ,0.0,0.0,2,5500,0,0,0,0,0,0
TF,DEXIB,-22.765719,-47.021111,0, ,0.0,0.0,0.0,0.0,3,7000,0,0,0,0,0,0

SID,DEXI3A,GERTU,6
IF,DEXIB,-22.765719,-47.021111, ,0.0,0.0,3,7000,0,0,0,0,0,0
TF,GERTU,-22.430183,-47.562453,0, ,0.0,0.0,0.0,0.0,2,20000,0,0,0,0,0,0

SID,DEXI3A,ISMOB,6
IF,DEXIB,-22.765719,-47.021111, ,0.0,0.0,3,7000,0,0,0,0,0,0
TF,UKBEV,-22.551303,-47.076786,0, ,0.0,0.0,0.0,0.0,0,0,0,0,0,0,0,0
TF,KP179,-22.285000,-47.284333,0, ,0.0,0.0,0.0,0.0,0,0,0,0,0,0,0,0
TF,ISMOB,-21.789178,-47.197017,0, ,0.0,0.0,0.0,0.0,0,0,0,0,0,0,0,0

SID,DEXI3A,VUPOG,6
IF,DEXIB,-22.765719,-47.021111, ,0.0,0.0,3,7000,0,0,0,0,0,0
TF,UKBEV,-22.551303,-47.076786,0, ,0.0,0.0,0.0,0.0,0,0,0,0,0,0,0,0
TF,KP179,-22.285000,-47.284333,0, ,0.0,0.0,0.0,0.0,0,0,0,0,0,0,0,0
TF,VUPOG,-20.742222,-48.833056,0, ,0.0,0.0,0.0,0.0,0,0,0,0,0,0,0,0

SID,GILV1A,33,4
VA,0,330.0,2,3800,0,1,210,0,0,0
DF,KP144,-22.969367,-47.314047,0, ,0.0,0.0,0,0,0,0,0,0,0,0
TF,KP146,-22.982797,-47.410100,0, ,0.0,0.0,0.0,0.0,3,9000,0,0,0,0,0,0
TF,GILVU,-23.042389,-47.841025,0, ,0.0,0.0,0.0,0.0,3,17000,0,0,0,0,0,0

SID,GILV1A,ASETA,6
IF,GILVU,-23.042389,-47.841025, ,0.0,0.0,3,17000,0,0,0,0,0,0
TF,ASETA,-23.285667,-48.095667,0, ,0.0,0.0,0.0,0.0,0,0,0,0,0,0,0,0

SID,GILV1A,EGEVA,6
IF,GILVU,-23.042389,-47.841025, ,0.0,0.0,3,17000,0,0,0,0,0,0
TF,EGEVA,-23.139761,-48.561439,0, ,0.0,0.0,0.0,0.0,0,0,0,0,0,0,0,0

SID,ISMO1A,33,5
CA,0,329.0,2,3200,0,0,0,0,0,0
DF,UGADO,-22.881364,-47.104306,0, ,0.0,0.0,3,8000,0,0,0,0,0,0
TF,UKBEV,-22.551303,-47.076786,0, ,0.0,0.0,0.0,0.0,0,0,0,0,0,0,0,0
TF,KP701,-22.202431,-46.810703,0, ,0.0,0.0,0.0,0.0,2,20000,0,0,0,0,0,0
TF,ISMOB,-21.789178,-47.197017,0, ,0.0,0.0,0.0,0.0,0,0,0,0,0,0,0,0

SID,KONV1A,15,5
CA,0,149.0,2,3200,0,0,0,0,0,0
DF,KP174,-22.944203,-46.927892,0, ,0.0,0.0,4,8000,5500,0,0,0,0,0
TF,KP121,-22.745861,-46.766250,0, ,0.0,0.0,0.0,0.0,4,13000,12000,0,0,0,0,0
TF,KP114,-22.680381,-46.713011,0, ,0.0,0.0,0.0,0.0,0,0,0,0,0,0,0,0
TF,KP116,-22.629806,-46.613031,0, ,0.0,0.0,0.0,0.0,0,0,0,0,0,0,0,0
TF,KP117,-22.655069,-46.404994,0, ,0.0,0.0,0.0,0.0,2,19000,0,0,0,0,0,0
TF,KONVI,-22.684678,-46.175983,0, ,0.0,0.0,0.0,0.0,0,0,0,0,0,0,0,0

SID,KONV1B,33,5
CA,0,329.0,2,3200,0,0,0,0,0,0
DF,KP122,-22.897567,-47.081400,2, ,0.0,0.0,0,0,0,0,0,0,0,0
TF,KP123,-22.948344,-47.009553,0, ,0.0,0.0,0.0,0.0,4,8000,6000,0,0,0,0,0
TF,KP174,-22.944203,-46.927892,0, ,0.0,0.0,0.0,0.0,0,0,0,0,0,0,0,0
TF,KP119,-22.882286,-46.877369,0, ,0.0,0.0,0.0,0.0,3,10000,0,0,0,0,0,0
TF,KP121,-22.745861,-46.766250,0, ,0.0,0.0,0.0,0.0,4,13000,12000,0,0,0,0,0
TF,KP114,-22.680381,-46.713011,0, ,0.0,0.0,0.0,0.0,0,0,0,0,0,0,0,0
TF,KP116,-22.629806,-46.613031,0, ,0.0,0.0,0.0,0.0,0,0,0,0,0,0,0,0
TF,KP117,-22.655069,-46.404994,0, ,0.0,0.0,0.0,0.0,2,19000,0,0,0,0,0,0
TF,KONVI,-22.684678,-46.175983,0, ,0.0,0.0,0.0,0.0,0,0,0,0,0,0,0,0

SID,KONV1C,15,5
VA,0,149.0,2,3200,0,0,0,0,0,0
DF,KP174,-22.944203,-46.927892,0, ,0.0,0.0,3,8000,0,0,0,0,0,0
TF,KP121,-22.745861,-46.766250,0, ,0.0,0.0,0.0,0.0,0,0,0,0,0,0,0,0
TF,KP114,-22.680381,-46.713011,0, ,0.0,0.0,0.0,0.0,4,9000,8000,0,0,0,0,0
TF,KP116,-22.629806,-46.613031,0, ,0.0,0.0,0.0,0.0,0,0,0,0,0,0,0,0
TF,KP117,-22.655069,-46.404994,0, ,0.0,0.0,0.0,0.0,0,0,0,0,0,0,0,0
TF,KONVI,-22.684678,-46.175983,0, ,0.0,0.0,0.0,0.0,3,13000,0,0,0,0,0,0

SID,KONV1D,33,5
CA,0,329.0,2,3200,0,0,0,0,0,0
DF,KP122,-22.897567,-47.081400,2, ,0.0,0.0,0,0,0,0,0,0,0,0
TF,KP123,-22.948344,-47.009553,0, ,0.0,0.0,0.0,0.0,4,8000,6000,0,0,0,0,0
TF,KP174,-22.944203,-46.927892,0, ,0.0,0.0,0.0,0.0,0,0,0,0,0,0,0,0
TF,KP119,-22.882286,-46.877369,0, ,0.0,0.0,0.0,0.0,0,0,0,0,0,0,0,0
TF,KP121,-22.745861,-46.766250,0, ,0.0,0.0,0.0,0.0,0,0,0,0,0,0,0,0
TF,KP114,-22.680381,-46.713011,0, ,0.0,0.0,0.0,0.0,4,9000,8000,0,0,0,0,0
TF,KP116,-22.629806,-46.613031,0, ,0.0,0.0,0.0,0.0,0,0,0,0,0,0,0,0
TF,KP117,-22.655069,-46.404994,0, ,0.0,0.0,0.0,0.0,0,0,0,0,0,0,0,0
TF,KONVI,-22.684678,-46.175983,0, ,0.0,0.0,0.0,0.0,3,13000,0,0,0,0,0,0

SID,KOPT2A,33,5
VA,0,330.0,2,3000,0,0,0,0,0,0
DF,KOPTA,-23.093981,-47.297164,0, ,0.0,0.0,4,7000,6000,0,0,0,0,0

SID,KOPT2A,ASETA,6
IF,KOPTA,-23.093981,-47.297164, ,0.0,0.0,4,7000,6000,0,0,0,0,0
TF,KP187,-23.107667,-47.648833,0, ,0.0,0.0,0.0,0.0,0,0,0,0,0,0,0,0
TF,ASETA,-23.285667,-48.095667,0, ,0.0,0.0,0.0,0.0,0,0,0,0,0,0,0,0

SID,KOPT2A,EGEVA,6
IF,KOPTA,-23.093981,-47.297164, ,0.0,0.0,4,7000,6000,0,0,0,0,0
TF,KP187,-23.107667,-47.648833,0, ,0.0,0.0,0.0,0.0,0,0,0,0,0,0,0,0
TF,KP138,-23.115319,-47.855094,0, ,0.0,0.0,0.0,0.0,3,17000,0,0,0,0,0,0
TF,EGEVA,-23.139761,-48.561439,0, ,0.0,0.0,0.0,0.0,0,0,0,0,0,0,0,0

SID,KOPT2A,OBLUG,6
IF,KOPTA,-23.093981,-47.297164, ,0.0,0.0,4,7000,6000,0,0,0,0,0
TF,KP189,-23.002333,-47.820500,0, ,0.0,0.0,0.0,0.0,3,17000,0,0,0,0,0,0
TF,OBLUG,-22.609711,-48.459561,0, ,0.0,0.0,0.0,0.0,0,0,0,0,0,0,0,0

SID,KOPT2A,SOVSI,6
IF,KOPTA,-23.093981,-47.297164, ,0.0,0.0,4,7000,6000,0,0,0,0,0
TF,KP134,-23.216600,-47.316094,0, ,0.0,0.0,0.0,0.0,2,9000,0,0,0,0,0,0
TF,KP136,-23.339203,-47.335056,0, ,0.0,0.0,0.0,0.0,2,11000,0,0,0,0,0,0
TF,KP137,-23.397467,-47.344078,0, ,0.0,0.0,0.0,0.0,3,17000,0,0,0,0,0,0
TF,SOVSI,-24.105492,-47.472189,0, ,0.0,0.0,0.0,0.0,0,0,0,0,0,0,0,0

SID,OMNI,15,1
CA,0,149.0,2,4500,0,0,0,0,0,0
VM,0,0,0,149.0,3,8000,0,0,0,0,0,0

SID,OMNI,33,1
CA,0,329.0,2,4500,0,0,0,0,0,0
VM,0,0,0,329.0,3,8000,0,0,0,0,0,0

SID,OSUD2A,15,5
CA,0,150.0,2,3000,0,0,0,0,0,0
DF,OSUDO,-23.108431,-47.137431,0, ,0.0,0.0,0,0,0,0,0,0,0,0

SID,OSUD2A,ASETA,6
IF,OSUDO,-23.108431,-47.137431, ,0.0,0.0,0,0,0,0,0,0,0,0
TF,KP143,-23.095528,-47.336175,0, ,0.0,0.0,0.0,0.0,4,7000,6000,0,0,0,0,0
TF,KP187,-23.107667,-47.648833,0, ,0.0,0.0,0.0,0.0,0,0,0,0,0,0,0,0
TF,ASETA,-23.285667,-48.095667,0, ,0.0,0.0,0.0,0.0,0,0,0,0,0,0,0,0

SID,OSUD2A,EGEVA,6
IF,OSUDO,-23.108431,-47.137431, ,0.0,0.0,0,0,0,0,0,0,0,0
TF,KP143,-23.095528,-47.336175,0, ,0.0,0.0,0.0,0.0,4,7000,6000,0,0,0,0,0
TF,KP187,-23.107667,-47.648833,0, ,0.0,0.0,0.0,0.0,0,0,0,0,0,0,0,0
TF,KP138,-23.115319,-47.855094,0, ,0.0,0.0,0.0,0.0,3,17000,0,0,0,0,0,0
TF,EGEVA,-23.139761,-48.561439,0, ,0.0,0.0,0.0,0.0,0,0,0,0,0,0,0,0

SID,OSUD2A,OBLUG,6
IF,OSUDO,-23.108431,-47.137431, ,0.0,0.0,0,0,0,0,0,0,0,0
TF,KP143,-23.095528,-47.336175,0, ,0.0,0.0,0.0,0.0,4,7000,6000,0,0,0,0,0
TF,KP189,-23.002333,-47.820500,0, ,0.0,0.0,0.0,0.0,3,17000,0,0,0,0,0,0
TF,OBLUG,-22.609711,-48.459561,0, ,0.0,0.0,0.0,0.0,0,0,0,0,0,0,0,0

SID,OSUD2A,SOVSI,6
IF,OSUDO,-23.108431,-47.137431, ,0.0,0.0,0,0,0,0,0,0,0,0
TF,KP141,-23.227572,-47.222486,0, ,0.0,0.0,0.0,0.0,4,9000,7000,0,0,0,0,0
TF,KP142,-23.330897,-47.296394,0, ,0.0,0.0,0.0,0.0,2,11000,0,0,0,0,0,0
TF,KP137,-23.397467,-47.344078,0, ,0.0,0.0,0.0,0.0,3,17000,0,0,0,0,0,0
TF,SOVSI,-24.105492,-47.472189,0, ,0.0,0.0,0.0,0.0,0,0,0,0,0,0,0,0

SID,PICE2A,15,5
CA,0,150.0,2,3200,0,0,0,0,0,0
DF,KP148,-23.130989,-47.032306,0, ,0.0,0.0,3,8000,0,0,0,0,0,0
TF,KP127,-23.203547,-46.987197,0, ,0.0,0.0,0.0,0.0,4,10000,8000,0,0,0,0,0
TF,KP128,-23.338681,-46.932556,0, ,0.0,0.0,0.0,0.0,2,10000,0,0,0,0,0,0
TF,KP129,-23.395661,-46.817258,0, ,0.0,0.0,0.0,0.0,2,13000,0,0,0,0,0,0
TF,PICEK,-23.461011,-46.654669,0, ,0.0,0.0,0.0,0.0,0,0,0,0,0,0,0,0

SID,PICE2A,NIBRU,6
IF,PICEK,-23.461011,-46.654669, ,0.0,0.0,0,0,0,0,0,0,0,0
TF,KP131,-23.488742,-46.585522,0, ,0.0,0.0,0.0,0.0,2,15000,0,0,0,0,0,0
TF,KP132,-23.544167,-46.503103,0, ,0.0,0.0,0.0,0.0,2,17000,0,0,0,0,0,0
TF,UGIKI,-23.593428,-46.429756,0, ,0.0,0.0,0.0,0.0,0,0,0,0,0,0,0,0
TF,NIBRU,-23.573069,-45.468961,0, ,0.0,0.0,0.0,0.0,0,0,0,0,0,0,0,0

SID,PICE2A,UREMI,6
IF,PICEK,-23.461011,-46.654669, ,0.0,0.0,0,0,0,0,0,0,0,0
TF,KP131,-23.488742,-46.585522,0, ,0.0,0.0,0.0,0.0,2,15000,0,0,0,0,0,0
TF,KP132,-23.544167,-46.503103,0, ,0.0,0.0,0.0,0.0,2,17000,0,0,0,0,0,0
TF,UGIKI,-23.593428,-46.429756,0, ,0.0,0.0,0.0,0.0,0,0,0,0,0,0,0,0
TF,UREMI,-23.389156,-45.512986,0, ,0.0,0.0,0.0,0.0,0,0,0,0,0,0,0,0

SID,PICE2B,33,5
CA,0,330.0,2,3200,0,0,0,0,0,0
DF,KP122,-22.897567,-47.081400,2, ,0.0,0.0,0,0,0,0,0,0,0,0
TF,KP123,-22.948344,-47.009553,0, ,0.0,0.0,0.0,0.0,4,8000,6000,0,0,0,0,0
TF,KP124,-23.060811,-46.973986,0, ,0.0,0.0,0.0,0.0,2,8000,0,0,0,0,0,0
TF,KP126,-23.114131,-46.957106,0, ,0.0,0.0,0.0,0.0,0,0,0,0,0,0,0,0
TF,KP127,-23.203547,-46.987197,0, ,0.0,0.0,0.0,0.0,4,10000,8000,0,0,0,0,0
TF,KP128,-23.338681,-46.932556,0, ,0.0,0.0,0.0,0.0,2,10000,0,0,0,0,0,0
TF,KP129,-23.395661,-46.817258,0, ,0.0,0.0,0.0,0.0,2,13000,0,0,0,0,0,0
TF,PICEK,-23.461011,-46.654669,0, ,0.0,0.0,0.0,0.0,0,0,0,0,0,0,0,0

SID,PICE2B,NIBRU,6
IF,PICEK,-23.461011,-46.654669, ,0.0,0.0,0,0,0,0,0,0,0,0
TF,KP131,-23.488742,-46.585522,0, ,0.0,0.0,0.0,0.0,2,15000,0,0,0,0,0,0
TF,KP132,-23.544167,-46.503103,0, ,0.0,0.0,0.0,0.0,2,17000,0,0,0,0,0,0
TF,UGIKI,-23.593428,-46.429756,0, ,0.0,0.0,0.0,0.0,0,0,0,0,0,0,0,0
TF,NIBRU,-23.573069,-45.468961,0, ,0.0,0.0,0.0,0.0,0,0,0,0,0,0,0,0

SID,PICE2B,UREMI,6
IF,PICEK,-23.461011,-46.654669, ,0.0,0.0,0,0,0,0,0,0,0,0
TF,KP131,-23.488742,-46.585522,0, ,0.0,0.0,0.0,0.0,2,15000,0,0,0,0,0,0
TF,KP132,-23.544167,-46.503103,0, ,0.0,0.0,0.0,0.0,2,17000,0,0,0,0,0,0
TF,UGIKI,-23.593428,-46.429756,0, ,0.0,0.0,0.0,0.0,0,0,0,0,0,0,0,0
TF,UREMI,-23.389156,-45.512986,0, ,0.0,0.0,0.0,0.0,0,0,0,0,0,0,0,0

SID,SILO2A,33,5
CA,0,329.0,2,3200,0,0,0,0,0,0
DF,SILOM,-22.633839,-47.234464,0, ,0.0,0.0,0,0,0,0,0,0,0,0

SID,SILO2A,GERTU,6
IF,SILOM,-22.633839,-47.234464, ,0.0,0.0,0,0,0,0,0,0,0,0
TF,GERTU,-22.430183,-47.562453,0, ,0.0,0.0,0.0,0.0,2,20000,0,0,0,0,0,0

SID,SILO2A,ISMOB,6
IF,SILOM,-22.633839,-47.234464, ,0.0,0.0,0,0,0,0,0,0,0,0
TF,KP179,-22.285000,-47.284333,0, ,0.0,0.0,0.0,0.0,0,0,0,0,0,0,0,0
TF,ISMOB,-21.789178,-47.197017,0, ,0.0,0.0,0.0,0.0,0,0,0,0,0,0,0,0

SID,SILO2A,VUPOG,6
IF,SILOM,-22.633839,-47.234464, ,0.0,0.0,0,0,0,0,0,0,0,0
TF,KP179,-22.285000,-47.284333,0, ,0.0,0.0,0.0,0.0,0,0,0,0,0,0,0,0
TF,VUPOG,-20.742222,-48.833056,0, ,0.0,0.0,0.0,0.0,0,0,0,0,0,0,0,0

STAR,ASBA1A,EDMUS,4
IF,EDMUS,-23.189167,-45.385833, ,0.0,0.0,3,30000,0,0,0,0,0,0
TF,NIBVO,-23.226900,-45.555925,0, ,0.0,0.0,0.0,0.0,0,0,0,0,0,0,0,0
TF,KP153,-23.372561,-46.079869,0, ,0.0,0.0,0.0,0.0,2,26000,0,0,0,0,0,0
TF,KP154,-23.458031,-46.383081,0, ,0.0,0.0,0.0,0.0,0,0,0,0,0,0,0,0
TF,KP156,-23.313072,-46.608981,0, ,0.0,0.0,0.0,0.0,2,14000,0,0,0,0,0,0
TF,KP157,-23.161925,-46.749869,0, ,0.0,0.0,0.0,0.0,4,14000,13000,0,0,0,0,0
TF,KP158,-23.077136,-46.828728,0, ,0.0,0.0,0.0,0.0,3,12000,0,0,0,0,0,0
TF,KP159,-22.948025,-47.010392,0, ,0.0,0.0,0.0,0.0,2,9000,0,0,0,0,0,0
TF,LOLED,-22.912408,-47.060403,0, ,0.0,0.0,0.0,0.0,2,8000,0,0,0,0,0,0

STAR,ASBA1A,ENTIT,4
IF,ENTIT,-22.417511,-46.657975, ,0.0,0.0,3,21000,0,0,0,0,0,0
TF,KP149,-22.491753,-46.718125,0, ,0.0,0.0,0.0,0.0,0,0,0,0,0,0,0,0
TF,KP151,-22.699497,-46.886847,0, ,0.0,0.0,0.0,0.0,2,13000,0,0,0,0,0,0
TF,KP163,-22.797939,-46.967011,0, ,0.0,0.0,0.0,0.0,3,12000,0,0,0,0,0,0
TF,KP152,-22.858994,-47.016800,0, ,0.0,0.0,0.0,0.0,3,11000,0,0,0,0,0,0
TF,LOLED,-22.912408,-47.060403,0, ,0.0,0.0,0.0,0.0,2,8000,0,0,0,0,0,0

STAR,ASBA1A,15,5
IF,LOLED,-22.912408,-47.060403, ,0.0,0.0,2,8000,0,0,0,0,0,0
TF,ASBAK,-22.803578,-47.212906,0, ,0.0,0.0,0.0,0.0,2,6000,0,0,0,0,0,0

STAR,EDRA1A,15,5
IF,EDRAT,-23.839333,-48.306733, ,0.0,0.0,0,0,0,0,0,0,0,0
TF,KP008,-23.608400,-47.925244,0, ,0.0,0.0,0.0,0.0,3,19000,0,0,0,0,0,0
TF,KP011,-23.403314,-47.588594,0, ,0.0,0.0,0.0,0.0,0,0,0,0,0,0,0,0
TF,KP162,-23.268489,-47.419664,0, ,0.0,0.0,0.0,0.0,2,12000,0,0,0,0,0,0
TF,KP173,-23.053325,-47.247203,0, ,0.0,0.0,0.0,0.0,2,8000,0,0,0,0,0,0
TF,KP104,-22.975578,-47.356083,0, ,0.0,0.0,0.0,0.0,2,6000,0,0,0,0,0,0

STAR,EDRA1B,33,5
IF,EDRAT,-23.839333,-48.306733, ,0.0,0.0,0,0,0,0,0,0,0,0
TF,KP009,-23.567608,-47.743336,0, ,0.0,0.0,0.0,0.0,3,15000,0,0,0,0,0,0
TF,OBMAV,-23.501522,-47.607189,0, ,0.0,0.0,0.0,0.0,3,13000,0,0,0,0,0,0
TF,KP033,-23.417608,-47.468922,0, ,0.0,0.0,0.0,0.0,3,9000,0,0,0,0,0,0
TF,KP168,-23.380786,-47.408361,0, ,0.0,0.0,0.0,0.0,3,8000,0,0,0,0,0,0
TF,KP169,-23.252219,-47.197397,0, ,0.0,0.0,0.0,0.0,4,7000,6500,0,0,0,0,0
TF,KP106,-23.177286,-47.074800,0, ,0.0,0.0,0.0,0.0,2,6000,0,0,0,0,0,0
FM,KP106,-23.177286,-47.074800,0,BGC,0.0,0.0,150.0,2,6000,0,0,0,0,0,0

STAR,LOLE1B,EDMUS,4
IF,EDMUS,-23.189167,-45.385833, ,0.0,0.0,3,30000,0,0,0,0,0,0
TF,NIBVO,-23.226900,-45.555925,0, ,0.0,0.0,0.0,0.0,0,0,0,0,0,0,0,0
TF,KP153,-23.372561,-46.079869,0, ,0.0,0.0,0.0,0.0,2,26000,0,0,0,0,0,0
TF,KP154,-23.458031,-46.383081,0, ,0.0,0.0,0.0,0.0,0,0,0,0,0,0,0,0
TF,KP156,-23.313072,-46.608981,0, ,0.0,0.0,0.0,0.0,2,14000,0,0,0,0,0,0
TF,KP157,-23.161925,-46.749869,0, ,0.0,0.0,0.0,0.0,4,14000,13000,0,0,0,0,0
TF,KP158,-23.077136,-46.828728,0, ,0.0,0.0,0.0,0.0,3,12000,0,0,0,0,0,0
TF,KP159,-22.948025,-47.010392,0, ,0.0,0.0,0.0,0.0,2,9000,0,0,0,0,0,0
TF,LOLED,-22.912408,-47.060403,0, ,0.0,0.0,0.0,0.0,2,8000,0,0,0,0,0,0

STAR,LOLE1B,ENTIT,4
IF,ENTIT,-22.417511,-46.657975, ,0.0,0.0,3,21000,0,0,0,0,0,0
TF,KP149,-22.491753,-46.718125,0, ,0.0,0.0,0.0,0.0,0,0,0,0,0,0,0,0
TF,KP151,-22.699497,-46.886847,0, ,0.0,0.0,0.0,0.0,2,13000,0,0,0,0,0,0
TF,KP163,-22.797939,-46.967011,0, ,0.0,0.0,0.0,0.0,3,12000,0,0,0,0,0,0
TF,KP152,-22.858994,-47.016800,0, ,0.0,0.0,0.0,0.0,3,11000,0,0,0,0,0,0
TF,LOLED,-22.912408,-47.060403,0, ,0.0,0.0,0.0,0.0,2,8000,0,0,0,0,0,0

STAR,LOLE1B,15,5
IF,LOLED,-22.912408,-47.060403, ,0.0,0.0,2,8000,0,0,0,0,0,0

STAR,UTLO2A,15,5
IF,UTLOT,-22.474000,-47.892333, ,0.0,0.0,3,16000,0,0,0,0,0,0
TF,IREMA,-22.690383,-47.553842,0, ,0.0,0.0,0.0,0.0,3,10000,0,0,0,0,0,0
TF,NOBRE,-22.844808,-47.361058,0, ,0.0,0.0,0.0,0.0,2,6000,0,0,0,0,0,0

STAR,UTLO4B,33,5
IF,UTLOT,-22.474000,-47.892333, ,0.0,0.0,0,0,0,0,0,0,0,0
TF,IREMA,-22.690383,-47.553842,0, ,0.0,0.0,0.0,0.0,3,16000,0,0,0,0,0,0
TF,KP171,-23.003878,-47.316703,0, ,0.0,0.0,0.0,0.0,2,10000,0,0,0,0,0,0
TF,KP167,-23.085947,-47.202347,0, ,0.0,0.0,0.0,0.0,4,9000,8000,0,0,0,0,0
TF,KP106,-23.177286,-47.074800,0, ,0.0,0.0,0.0,0.0,2,6000,0,0,0,0,0,0
FM,KP106,-23.177286,-47.074800,0,BGC,0.0,0.0,150.0,2,6000,0,0,0,0,0,0

STAR,VURA2A,EDMUS,4
IF,EDMUS,-23.189167,-45.385833, ,0.0,0.0,3,30000,0,0,0,0,0,0
TF,NIBVO,-23.226900,-45.555925,0, ,0.0,0.0,0.0,0.0,0,0,0,0,0,0,0,0
TF,KP153,-23.372561,-46.079869,0, ,0.0,0.0,0.0,0.0,2,26000,0,0,0,0,0,0
TF,KP154,-23.458031,-46.383081,0, ,0.0,0.0,0.0,0.0,0,0,0,0,0,0,0,0
TF,KP156,-23.313072,-46.608981,0, ,0.0,0.0,0.0,0.0,2,14000,0,0,0,0,0,0
TF,KP157,-23.161925,-46.749869,0, ,0.0,0.0,0.0,0.0,4,14000,13000,0,0,0,0,0
TF,KP158,-23.077136,-46.828728,0, ,0.0,0.0,0.0,0.0,3,12000,0,0,0,0,0,0
TF,KP164,-22.936108,-46.890564,0, ,0.0,0.0,0.0,0.0,0,0,0,0,0,0,0,0
TF,VURAV,-22.851369,-47.010581,0, ,0.0,0.0,0.0,0.0,2,11000,0,0,0,0,0,0

STAR,VURA2A,ENTIT,4
IF,ENTIT,-22.417511,-46.657975, ,0.0,0.0,3,21000,0,0,0,0,0,0
TF,KP149,-22.491753,-46.718125,0, ,0.0,0.0,0.0,0.0,0,0,0,0,0,0,0,0
TF,KP151,-22.699497,-46.886847,0, ,0.0,0.0,0.0,0.0,2,13000,0,0,0,0,0,0
TF,KP163,-22.797939,-46.967011,0, ,0.0,0.0,0.0,0.0,3,12000,0,0,0,0,0,0
TF,VURAV,-22.851369,-47.010581,0, ,0.0,0.0,0.0,0.0,2,11000,0,0,0,0,0,0

STAR,VURA2A,33,5
IF,VURAV,-22.851369,-47.010581, ,0.0,0.0,2,11000,0,0,0,0,0,0
TF,KP166,-23.005856,-47.136781,0, ,0.0,0.0,0.0,0.0,4,11000,9000,0,0,0,0,0
TF,KP167,-23.085947,-47.202347,0, ,0.0,0.0,0.0,0.0,4,9000,8000,0,0,0,0,0
TF,KP106,-23.177286,-47.074800,0, ,0.0,0.0,0.0,0.0,2,6000,0,0,0,0,0,0
FM,KP106,-23.177286,-47.074800,0,BGC,0.0,0.0,149.0,2,6000,0,0,0,0,0,0

APPTR,I15-X,15,MUPIP
IF,MUPIP,-22.832594,-47.378067, ,0.0,0.0,2,7000,0,0,0,0,1,0
CF,ASUTI,-22.872150,-47.323114,0,IKP,329.7,14.3,150.0,3.9,2,5500,0,0,0,0,1,0

FINAL,I15-X,15,I,3
IF,ASUTI,-22.872150,-47.323114,IKP,329.7,14.3,2,5500,0,0,0,0,0,0
CF,SEBSU,-22.947278,-47.218417,0,IKP,329.7,7.0,150.0,7.3,1,3790,0,0,0,0,2,0
CF,RW15,-22.998458,-47.147003,0,IKP,329.7,2.0,150.0,5.0,1,2190,0,0,0,0,3,1
CA,0,150.0,2,3000,0,0,0,0,0,0
VM,0,0,2,305.0,2,7000,0,0,0,0,0,0

APPTR,I15-Z,15,ASBAK
IF,ASBAK,-22.803578,-47.212906, ,0.0,0.0,2,6000,0,0,0,0,1,0
TF,ATARA,-22.896061,-47.289761,0,IKP,0.0,0.0,0.0,0.0,2,4400,0,0,0,0,1,0

APPTR,I15-Z,15,KP104
IF,KP104,-22.975578,-47.356083, ,0.0,0.0,2,6000,0,0,0,0,1,0
TF,ATARA,-22.896061,-47.289761,0,IKP,0.0,0.0,0.0,0.0,2,4400,0,0,0,0,1,0

APPTR,I15-Z,15,NOBRE
IF,NOBRE,-22.844808,-47.361058, ,0.0,0.0,2,6000,0,0,0,0,1,0
TF,ATARA,-22.896061,-47.289761,0,IKP,0.0,0.0,0.0,0.0,2,4400,0,0,0,0,1,0

FINAL,I15-Z,15,I,3
IF,ATARA,-22.896061,-47.289761,IKP,329.7,12.0,2,4400,0,0,0,0,0,0
CF,SEBSU,-22.947278,-47.218417,0,IKP,329.7,7.0,150.0,5.0,1,3790,0,0,0,0,2,0
CF,RW15,-22.998458,-47.147003,0,IKP,329.7,2.0,150.0,5.0,1,2190,0,0,0,0,3,0
CA,0,150.0,2,3000,0,0,0,0,0,0
DF,KP104,-22.975578,-47.356083,2, ,0.0,0.0,2,6000,0,0,0,0,0,1
HM,KP104,-22.975578,-47.356083,2, ,0.0,0.0,59.0,04.3,2,6000,0,0,0,0,0,0,0

APPTR,L15-X,15,MUPIP
IF,MUPIP,-22.832594,-47.378067, ,0.0,0.0,2,7000,0,0,0,0,1,0
CF,ASUTI,-22.872150,-47.323114,0,IKP,329.7,14.3,150.0,3.9,2,5500,0,0,0,0,1,0

FINAL,L15-X,15,D,4
IF,ASUTI,-22.872150,-47.323114,IKP,329.7,14.3,2,5500,0,0,0,0,0,0
CF,SEBSU,-22.947278,-47.218417,0,IKP,329.7,7.0,150.0,7.3,2,3790,0,0,0,0,2,0
CF,KP030,-22.977997,-47.175572,0,IKP,329.7,4.0,150.0,3.0,2,2830,0,0,0,0,0,0
CF,RW15,-22.998458,-47.147003,0,IKP,329.7,2.0,150.0,2.0,1,2190,0,0,0,0,3,1
CA,0,150.0,2,3000,0,0,0,0,0,0
VM,0,0,2,305.0,2,7000,0,0,0,0,0,0

APPTR,R15-Y,15,LOLED
IF,LOLED,-22.912408,-47.060403, ,0.0,0.0,2,8000,0,0,0,0,1,0
TF,KP183,-22.859986,-47.133586,0, ,0.0,0.0,0.0,0.0,2,6000,0,1,240,0,0,0
RF,KP194,-22.847944,-47.166994,1,KP193,379.9,3.5,2,5400,0,0,0,0,1,0

FINAL,R15-Y,15,R,4
IF,KP194,-22.847944,-47.166994, ,0.0,0.0,2,5400,0,0,0,0,0,0
RF,KP186,-22.917489,-47.234328,1,KP193,168.4,3.5,2,4500,0,0,0,0,2,0
RF,KP188,-22.952619,-47.210975,1,KP193,147.8,3.5,2,3664,0,0,0,0,0,0
TF,RW15,-22.998458,-47.147003,0, ,0.0,0.0,149.0,4.5,1,2189,0,0,0,0,3,1
TF,KP063,-23.067650,-47.050514,0, ,0.0,0.0,0.0,0.0,0,0,0,0,0,0,0,0
RF,KP182,-23.163819,-47.131075,2,KP181,327.6,3.6,0,0,0,1,200,0,0,0
TF,KOVGA,-22.996833,-47.363500,0, ,0.0,0.0,0.0,0.0,2,7000,0,0,0,0,0,1
HM,KOVGA,-22.996833,-47.363500,2, ,0.0,0.0,59.0,04.3,2,7000,0,0,0,0,0,0,0

APPTR,R15-Z,15,ASBAK
IF,ASBAK,-22.803578,-47.212906, ,0.0,0.0,2,6000,0,0,0,0,1,0
TF,ATARA,-22.896061,-47.289761,0, ,0.0,0.0,0.0,0.0,2,4400,0,0,0,0,1,0

APPTR,R15-Z,15,KP104
IF,KP104,-22.975578,-47.356083, ,0.0,0.0,2,6000,0,0,0,0,1,0
TF,ATARA,-22.896061,-47.289761,0, ,0.0,0.0,0.0,0.0,2,4400,0,0,0,0,1,0

APPTR,R15-Z,15,NOBRE
IF,NOBRE,-22.844808,-47.361058, ,0.0,0.0,2,6000,0,0,0,0,1,0
TF,ATARA,-22.896061,-47.289761,0, ,0.0,0.0,0.0,0.0,2,4400,0,0,0,0,1,0

FINAL,R15-Z,15,R,3
IF,ATARA,-22.896061,-47.289761, ,0.0,0.0,2,4400,0,0,0,0,0,0
TF,SEBSU,-22.947278,-47.218417,0, ,0.0,0.0,150.0,5.0,2,3790,0,0,0,0,2,0
TF,RW15,-22.998458,-47.147003,0, ,0.0,0.0,150.0,5.0,1,2189,0,0,0,0,3,1
CA,0,150.0,2,3000,0,0,0,0,0,0
DF,KP104,-22.975578,-47.356083,2, ,0.0,0.0,2,6000,0,0,0,0,0,1
HM,KP104,-22.975578,-47.356083,2, ,0.0,0.0,59.0,04.3,2,6000,0,0,0,0,0,0,0

APPTR,R33-W,33,KP106
IF,KP106,-23.177286,-47.074800, ,0.0,0.0,2,6000,0,0,0,0,1,0
TF,KP036,-23.137311,-47.040831,0, ,0.0,0.0,0.0,0.0,2,5000,0,0,0,0,1,0

FINAL,R33-W,33,R,3
IF,KP036,-23.137311,-47.040831, ,0.0,0.0,2,5000,0,0,0,0,0,0
RF,ARNIV,-23.067508,-47.050514,1,KP034,327.5,3.0,2,3820,0,0,0,0,2,0
TF,RW33,-23.016364,-47.121994,0, ,0.0,0.0,329.0,5.0,1,2236,0,0,0,0,3,1
TF,KP037,-22.997642,-47.148153,0, ,0.0,0.0,0.0,0.0,0,0,0,1,190,0,0,0
TF,KP103,-22.956706,-47.205278,0, ,0.0,0.0,0.0,0.0,0,0,0,1,190,0,0,0
RF,KP038,-23.038278,-47.273531,1,KP039,147.0,3.1,0,0,0,1,190,0,0,0
TF,KP106,-23.177286,-47.074800,0, ,0.0,0.0,0.0,0.0,2,6000,0,0,0,0,0,1
HM,KP106,-23.177286,-47.074800,2, ,0.0,0.0,60.0,04.3,2,6000,0,0,0,0,0,0,0

APPTR,R33-X,33,KP106
IF,KP106,-23.177286,-47.074800, ,0.0,0.0,2,6000,0,0,0,0,1,0
TF,KP107,-23.098175,-47.007597,0, ,0.0,0.0,0.0,0.0,2,4400,0,0,0,0,1,0

APPTR,R33-X,33,KP191
IF,KP191,-23.159469,-46.921703, ,0.0,0.0,2,6000,0,0,0,0,1,0
TF,KP192,-23.128828,-46.964658,0, ,0.0,0.0,0.0,0.0,2,5500,0,0,0,0,0,0
TF,KP107,-23.098175,-47.007597,0, ,0.0,0.0,0.0,0.0,2,4400,0,0,0,0,1,0

FINAL,R33-X,33,R,4
IF,KP107,-23.098175,-47.007597, ,0.0,0.0,2,4400,0,0,0,0,0,0
TF,ARNIV,-23.067508,-47.050514,0, ,0.0,0.0,329.0,3.0,2,3820,0,0,0,0,2,0
TF,KP172,-23.041944,-47.086264,0, ,0.0,0.0,329.0,2.5,2,3016,0,0,0,0,0,0
TF,RW33,-23.015867,-47.122692,0, ,0.0,0.0,329.0,2.5,1,2220,0,0,0,0,3,1
CA,0,329.0,2,3000,0,0,0,0,0,0
DF,KP106,-23.177286,-47.074800,1, ,0.0,0.0,2,6000,0,0,0,0,0,1
HM,KP106,-23.177286,-47.074800,2, ,0.0,0.0,60.0,04.3,2,6000,0,0,0,0,0,0,0

