SID,OMNI,05,1
CA,0,46.0,2,1500,0,0,0,0,0,0
VM,0,0,0,46.0,0,0,0,0,0,0,0,0

SID,OMNI,23,1
CA,0,226.0,2,1500,0,0,0,0,0,0
VM,0,0,0,226.0,0,0,0,0,0,0,0,0

APPTR,D05,05,DANBU
IF,DANBU,-5.358883,-37.509997, ,0.0,0.0,2,3000,0,0,0,0,1,0
AF,MSS01,-5.401969,-37.438472,1,MSS,220.9,13.0,244.0,0,0,0,0,0,0,0,0
CF,KUKAT,-5.367211,-37.425883,0,MSS,220.9,10.8,41.0,2.2,2,1800,0,0,0,0,1,0

APPTR,D05,05,UMDAV
IF,UMDAV,-5.414644,-37.354178, ,0.0,0.0,2,3000,0,0,0,0,1,0
AF,MSS02,-5.401861,-37.438433,2,MSS,220.9,13.0,199.0,0,0,0,0,0,0,0,0
CF,KUKAT,-5.367211,-37.425883,0,MSS,220.9,10.8,41.0,2.2,2,1800,0,0,0,0,1,0

FINAL,D05,05,D,3
IF,KUKAT,-5.367211,-37.425883,MSS,220.9,10.8,2,1800,0,0,0,0,0,0
CF,NEDEP,-5.288489,-37.397414,0,MSS,220.9,5.8,41.0,5.0,2,1730,0,0,0,0,2,0
CF,MSS05,-5.208794,-37.368600,0,MSS,220.9,0.7,41.0,5.1,1,111,0,0,0,0,3,0
CF,ENRIK,-4.961111,-37.279103,0,MSS,40.9,15.0,41.0,15.8,2,3000,0,0,0,0,0,0
HM,ENRIK,-4.961111,-37.279103,1, ,0.0,0.0,41.0,04.3,2,3000,0,0,0,0,0,0,0

APPTR,D23,23,VAGUV
IF,VAGUV,-5.000500,-37.405067, ,0.0,0.0,2,3000,0,0,0,0,1,0
AF,MSS03,-5.027464,-37.257283,2,MSS,53.3,12.0,10.0,2,1800,0,0,0,0,0,0
CF,BIVOX,-5.051486,-37.272419,0,MSS,53.3,10.3,234.0,1.7,2,1800,0,0,0,0,1,0

APPTR,D23,23,VAPET
IF,VAPET,-5.091689,-37.193911, ,0.0,0.0,2,3000,0,0,0,0,1,0
AF,MSS03,-5.027464,-37.257283,1,MSS,53.3,12.0,80.0,2,1800,0,0,0,0,0,0
CF,BIVOX,-5.051486,-37.272419,0,MSS,53.3,10.3,234.0,1.7,2,1800,0,0,0,0,1,0

FINAL,D23,23,D,3
IF,BIVOX,-5.051486,-37.272419,MSS,53.3,10.3,2,1800,0,0,0,0,0,0
CF,XOPIN,-5.122247,-37.317072,0,MSS,53.3,5.3,234.0,5.0,2,1720,0,0,0,0,2,0
CF,MS006,-5.193006,-37.361736,0,MSS,53.3,0.3,234.0,5.0,1,124,0,0,0,0,3,0
CF,MSS,-5.197300,-37.364447,0,MSS,0.0,0.0,234.0,0.3,0,0,0,0,0,0,0,1
VA,0,234.0,2,1000,0,1,210,0,0,0
VI,2, ,0.0,45.0,0,0,0,1,210,0,0,0
CF,VAGUV,-5.000500,-37.405067,0,MSS,9.3,12.0,10.0,5.0,2,3000,0,1,210,0,0,0
HM,VAGUV,-5.000500,-37.405067,2, ,0.0,0.0,190.0,04.3,2,3000,0,1,210,0,0,0,0

APPTR,R05,05,MS013
IF,MS013,-5.404419,-37.347539, ,0.0,0.0,2,3000,0,0,0,0,1,0
TF,MS012,-5.362017,-37.438436,0, ,0.0,0.0,0.0,0.0,2,1800,0,0,0,0,1,0

APPTR,R05,05,MS014
IF,MS014,-5.453108,-37.480758, ,0.0,0.0,2,3000,0,0,0,0,1,0
TF,MS012,-5.362017,-37.438436,0, ,0.0,0.0,0.0,0.0,2,1800,0,0,0,0,1,0

APPTR,R05,05,MS016
IF,MS016,-5.319597,-37.529317, ,0.0,0.0,2,3000,0,0,0,0,1,0
TF,MS012,-5.362017,-37.438436,0, ,0.0,0.0,0.0,0.0,2,1800,0,0,0,0,1,0

FINAL,R05,05,R,3
IF,MS012,-5.362017,-37.438436, ,0.0,0.0,2,1800,0,0,0,0,0,0
TF,MS011,-5.286103,-37.403175,0, ,0.0,0.0,46.0,5.0,2,1720,0,0,0,0,2,0
TF,RW05,-5.209292,-37.367544,0, ,0.0,0.0,46.0,5.1,1,111,0,0,0,0,3,1
CA,0,46.0,2,2000,0,0,0,0,0,0
DF,MS016,-5.319597,-37.529317,1, ,0.0,0.0,2,3000,0,0,0,0,0,1
HM,MS016,-5.319597,-37.529317,1, ,0.0,0.0,136.0,04.3,2,3000,0,0,0,0,0,0,0

APPTR,R23,23,MS017
IF,MS017,-4.999550,-37.380686, ,0.0,0.0,2,3000,0,0,0,0,1,0
TF,MS019,-5.041947,-37.289839,0, ,0.0,0.0,0.0,0.0,2,2000,0,0,0,0,1,0

APPTR,R23,23,MS018
IF,MS018,-5.084336,-37.198983, ,0.0,0.0,2,3000,0,0,0,0,1,0
TF,MS019,-5.041947,-37.289839,0, ,0.0,0.0,0.0,0.0,2,2000,0,0,0,0,1,0

APPTR,R23,23,MS022
IF,MS022,-4.950842,-37.247575, ,0.0,0.0,2,3000,0,0,0,0,1,0
TF,MS019,-5.041947,-37.289839,0, ,0.0,0.0,0.0,0.0,2,2000,0,0,0,0,1,0

FINAL,R23,23,R,3
IF,MS019,-5.041947,-37.289839, ,0.0,0.0,2,2000,0,0,0,0,0,0
TF,MS021,-5.117867,-37.325069,0, ,0.0,0.0,226.0,5.0,2,1720,0,0,0,0,2,0
TF,RW23,-5.193744,-37.360325,0, ,0.0,0.0,226.0,5.0,1,125,0,0,0,0,3,1
CA,0,226.0,2,2000,0,0,0,0,0,0
DF,MS017,-4.999550,-37.380686,2, ,0.0,0.0,2,3000,0,0,0,0,0,1
HM,MS017,-4.999550,-37.380686,2, ,0.0,0.0,136.0,04.3,2,3000,0,0,0,0,0,0,0

