SID,EDVE1A,12,5
CA,0,120.0,2,2000,0,0,0,0,0,0
DF,OPTOT,-6.250283,-35.133419,0, ,0.0,0.0,0,0,0,0,0,0,0,0
TF,EDVEG,-6.950147,-34.888725,0, ,0.0,0.0,0.0,0.0,0,0,0,0,0,0,0,0

SID,EDVE1B,16L,5
CA,0,162.0,2,2000,0,0,0,0,0,0
DF,OPTOT,-6.250283,-35.133419,0, ,0.0,0.0,0,0,0,0,0,0,0,0
TF,EDVEG,-6.950147,-34.888725,0, ,0.0,0.0,0.0,0.0,0,0,0,0,0,0,0,0

SID,EDVE1B,16R,5
CA,0,162.0,2,2000,0,0,0,0,0,0
DF,OPTOT,-6.250283,-35.133419,0, ,0.0,0.0,0,0,0,0,0,0,0,0
TF,EDVEG,-6.950147,-34.888725,0, ,0.0,0.0,0.0,0.0,0,0,0,0,0,0,0,0

SID,ILMI1A,16L,5
CA,0,162.0,2,2000,0,0,0,0,0,0
DF,ISARU,-5.764225,-34.956294,1, ,0.0,0.0,0,0,0,0,0,0,0,0
TF,PUBAG,-5.554172,-34.537383,0, ,0.0,0.0,0.0,0.0,0,0,0,0,0,0,0,0
TF,ILMIG,-5.002556,-33.991419,0, ,0.0,0.0,0.0,0.0,0,0,0,0,0,0,0,0

SID,ILMI1A,16R,5
CA,0,162.0,2,2000,0,0,0,0,0,0
DF,ISARU,-5.764225,-34.956294,1, ,0.0,0.0,0,0,0,0,0,0,0,0
TF,PUBAG,-5.554172,-34.537383,0, ,0.0,0.0,0.0,0.0,0,0,0,0,0,0,0,0
TF,ILMIG,-5.002556,-33.991419,0, ,0.0,0.0,0.0,0.0,0,0,0,0,0,0,0,0

SID,ILMI1B,12,5
CA,0,120.0,2,2500,0,0,0,0,0,0
DF,ISARU,-5.764225,-34.956294,0, ,0.0,0.0,0,0,0,0,0,0,0,0
TF,PUBAG,-5.554172,-34.537383,0, ,0.0,0.0,0.0,0.0,0,0,0,0,0,0,0,0
TF,ILMIG,-5.002556,-33.991419,0, ,0.0,0.0,0.0,0.0,0,0,0,0,0,0,0,0

SID,NEBI2C,12,1
VA,0,120.0,2,1000,0,1,190,0,0,0
VI,1, ,0.0,290.0,0,0,0,0,0,0,0,0
CF,NTL11,-5.721783,-35.526342,0,NTL,324.8,20.0,325.0,14.0,2,8000,0,0,0,0,0,0
TF,NEBIK,-5.535017,-35.804000,0, ,0.0,0.0,0.0,0.0,0,0,0,0,0,0,0,0

SID,NEBI2C,16L,1
VA,0,162.0,2,1000,0,1,190,0,0,0
VI,2, ,0.0,350.0,0,0,0,0,0,0,0,0
CF,NTL11,-5.721783,-35.526342,0,NTL,324.8,20.0,325.0,12.0,2,8000,0,0,0,0,0,0
TF,NEBIK,-5.535017,-35.804000,0, ,0.0,0.0,0.0,0.0,0,0,0,0,0,0,0,0

SID,NEBI2C,16R,1
VA,0,162.0,2,1000,0,1,190,0,0,0
VI,2, ,0.0,350.0,0,0,0,0,0,0,0,0
CF,NTL11,-5.721783,-35.526342,0,NTL,324.8,20.0,325.0,12.0,2,8000,0,0,0,0,0,0
TF,NEBIK,-5.535017,-35.804000,0, ,0.0,0.0,0.0,0.0,0,0,0,0,0,0,0,0

SID,NTL3A,12,2
DF,DER12,-5.911664,-35.239539,0, ,0.0,0.0,0,0,0,0,0,0,0,1
VA,0,120.0,2,600,0,0,0,0,0,0
DF,NTL,-5.908333,-35.248667,2, ,0.0,0.0,0,0,0,1,210,0,0,0

SID,NTL3A,OGPER,3
IF,NTL,-5.908333,-35.248667, ,0.0,0.0,0,0,0,1,210,0,0,0
TF,NTL04,-5.840022,-35.153464,0, ,0.0,0.0,0.0,0.0,3,4000,0,0,0,0,0,0
TF,OGPER,-5.517667,-34.705333,0, ,0.0,0.0,0.0,0.0,0,0,0,0,0,0,0,0

SID,NTL3A,SIRED,3
IF,NTL,-5.908333,-35.248667, ,0.0,0.0,0,0,0,1,210,0,0,0
TF,NTL02,-5.805014,-35.193353,0, ,0.0,0.0,0.0,0.0,3,4000,0,0,0,0,0,0
TF,SIRED,-5.318111,-34.933111,0, ,0.0,0.0,0.0,0.0,0,0,0,0,0,0,0,0

SID,NTL3B,16L,1
DF,DE16L,-5.920086,-35.236781,0, ,0.0,0.0,0,0,0,0,0,0,0,1
VA,0,162.0,2,600,0,0,0,0,0,0
DF,NTL,-5.908333,-35.248667,2, ,0.0,0.0,0,0,0,1,210,0,0,0

SID,NTL3B,16R,1
DF,DE16R,-5.920139,-35.246019,0, ,0.0,0.0,0,0,0,0,0,0,0,1
VA,0,162.0,2,600,0,0,0,0,0,0
DF,NTL,-5.908333,-35.248667,2, ,0.0,0.0,0,0,0,1,210,0,0,0

SID,NTL3B,OGPER,3
IF,NTL,-5.908333,-35.248667, ,0.0,0.0,0,0,0,1,210,0,0,0
TF,NTL04,-5.840022,-35.153464,0, ,0.0,0.0,0.0,0.0,3,4000,0,0,0,0,0,0
TF,OGPER,-5.517667,-34.705333,0, ,0.0,0.0,0.0,0.0,0,0,0,0,0,0,0,0

SID,NTL3B,SIRED,3
IF,NTL,-5.908333,-35.248667, ,0.0,0.0,0,0,0,1,210,0,0,0
TF,NTL02,-5.805014,-35.193353,0, ,0.0,0.0,0.0,0.0,3,4000,0,0,0,0,0,0
TF,SIRED,-5.318111,-34.933111,0, ,0.0,0.0,0.0,0.0,0,0,0,0,0,0,0,0

SID,OMNI,12,1
CA,0,120.0,2,1000,0,0,0,0,0,0
VM,0,0,0,120.0,0,0,0,0,0,0,0,0

SID,OMNI,16L,1
CA,0,162.0,2,1000,0,0,0,0,0,0
VM,0,0,0,162.0,0,0,0,0,0,0,0,0

SID,OMNI,16R,1
CA,0,162.0,2,1000,0,0,0,0,0,0
VM,0,0,0,162.0,0,0,0,0,0,0,0,0

SID,OMNI,30,1
CA,0,300.0,2,1000,0,0,0,0,0,0
VM,0,0,0,300.0,0,0,0,0,0,0,0,0

SID,OMNI,34L,1
CA,0,342.0,2,1000,0,0,0,0,0,0
VM,0,0,0,342.0,0,0,0,0,0,0,0,0

SID,OMNI,34R,1
CA,0,342.0,2,1000,0,0,0,0,0,0
VM,0,0,0,342.0,0,0,0,0,0,0,0,0

SID,OPVA1A,16L,5
CA,0,162.0,2,2000,0,0,0,0,0,0
DF,NTL,-5.908333,-35.248667,2, ,0.0,0.0,2,5000,0,0,0,0,0,0
TF,NT011,-5.672139,-35.541428,0, ,0.0,0.0,0.0,0.0,2,6000,0,0,0,0,0,0
TF,NT012,-5.782928,-36.125742,0, ,0.0,0.0,0.0,0.0,0,0,0,0,0,0,0,0
TF,OPVAR,-6.111139,-36.614250,0, ,0.0,0.0,0.0,0.0,0,0,0,0,0,0,0,0

SID,OPVA1A,16R,5
CA,0,162.0,2,2000,0,0,0,0,0,0
DF,NTL,-5.908333,-35.248667,2, ,0.0,0.0,2,5000,0,0,0,0,0,0
TF,NT011,-5.672139,-35.541428,0, ,0.0,0.0,0.0,0.0,2,6000,0,0,0,0,0,0
TF,NT012,-5.782928,-36.125742,0, ,0.0,0.0,0.0,0.0,0,0,0,0,0,0,0,0
TF,OPVAR,-6.111139,-36.614250,0, ,0.0,0.0,0.0,0.0,0,0,0,0,0,0,0,0

SID,OPVA1B,12,5
CA,0,120.0,2,2500,0,0,0,0,0,0
DF,NTL,-5.908333,-35.248667,1, ,0.0,0.0,2,5000,0,0,0,0,0,0
TF,NT011,-5.672139,-35.541428,0, ,0.0,0.0,0.0,0.0,2,6000,0,0,0,0,0,0
TF,NT012,-5.782928,-36.125742,0, ,0.0,0.0,0.0,0.0,0,0,0,0,0,0,0,0
TF,OPVAR,-6.111139,-36.614250,0, ,0.0,0.0,0.0,0.0,0,0,0,0,0,0,0,0

SID,RATE2E,12,1
VA,0,120.0,2,1000,0,1,190,0,0,0
VI,1, ,0.0,290.0,0,0,0,0,0,0,0,0
CF,NTL12,-5.802297,-35.565844,0,NTL,309.4,20.0,309.0,9.0,2,8000,0,0,0,0,0,0
TF,RATEP,-5.696000,-35.883167,0, ,0.0,0.0,0.0,0.0,0,0,0,0,0,0,0,0

SID,RATE2E,16L,1
VA,0,162.0,2,1000,0,1,190,0,0,0
VI,2, ,0.0,350.0,0,0,0,0,0,0,0,0
CF,NTL12,-5.802297,-35.565844,0,NTL,309.4,20.0,309.0,15.0,2,8000,0,0,0,0,0,0
TF,RATEP,-5.696000,-35.883167,0, ,0.0,0.0,0.0,0.0,0,0,0,0,0,0,0,0

SID,RATE2E,16R,1
VA,0,162.0,2,1000,0,1,190,0,0,0
VI,2, ,0.0,350.0,0,0,0,0,0,0,0,0
CF,NTL12,-5.802297,-35.565844,0,NTL,309.4,20.0,309.0,15.0,2,8000,0,0,0,0,0,0
TF,RATEP,-5.696000,-35.883167,0, ,0.0,0.0,0.0,0.0,0,0,0,0,0,0,0,0

SID,SEVI1A,34R,5
CA,0,343.0,2,2000,0,0,0,0,0,0
VI,1, ,0.0,150.0,0,0,0,0,0,0,0,0
CF,SIGIT,-6.136333,-35.192500,0,NTL,188.2,14.0,180.0,12.0,2,7000,0,0,0,0,0,0
TF,SEVIL,-7.040667,-35.840667,0, ,0.0,0.0,0.0,0.0,0,0,0,0,0,0,0,0

SID,SIKE1A,12,5
CA,0,120.0,2,2000,0,0,0,0,0,0
DF,DAKER,-6.111703,-35.229708,2, ,0.0,0.0,0,0,0,0,0,0,0,0
TF,VUMAR,-6.284100,-35.370511,0, ,0.0,0.0,0.0,0.0,3,5000,0,0,0,0,0,0
TF,SIKEL,-6.953333,-35.393333,0, ,0.0,0.0,0.0,0.0,0,0,0,0,0,0,0,0

SID,SIKE3B,16L,5
CA,0,162.0,2,2000,0,0,0,0,0,0
DF,DAKER,-6.111703,-35.229708,0, ,0.0,0.0,0,0,0,0,0,0,0,0
TF,VUMAR,-6.284100,-35.370511,0, ,0.0,0.0,0.0,0.0,3,8000,0,0,0,0,0,0
TF,SIKEL,-6.953333,-35.393333,0, ,0.0,0.0,0.0,0.0,0,0,0,0,0,0,0,0

SID,SIKE3B,16R,5
CA,0,162.0,2,2000,0,0,0,0,0,0
DF,DAKER,-6.111703,-35.229708,0, ,0.0,0.0,0,0,0,0,0,0,0,0
TF,VUMAR,-6.284100,-35.370511,0, ,0.0,0.0,0.0,0.0,3,8000,0,0,0,0,0,0
TF,SIKEL,-6.953333,-35.393333,0, ,0.0,0.0,0.0,0.0,0,0,0,0,0,0,0,0

SID,SINU1A,16L,5
CA,0,162.0,2,2000,0,0,0,0,0,0
DF,NTL,-5.908333,-35.248667,2, ,0.0,0.0,2,5000,0,0,0,0,0,0
TF,OBGOD,-5.283672,-35.983758,0, ,0.0,0.0,0.0,0.0,0,0,0,0,0,0,0,0
TF,SINUD,-5.195683,-36.137756,0, ,0.0,0.0,0.0,0.0,0,0,0,0,0,0,0,0

SID,SINU1A,16R,5
CA,0,162.0,2,2000,0,0,0,0,0,0
DF,NTL,-5.908333,-35.248667,2, ,0.0,0.0,2,5000,0,0,0,0,0,0
TF,OBGOD,-5.283672,-35.983758,0, ,0.0,0.0,0.0,0.0,0,0,0,0,0,0,0,0
TF,SINUD,-5.195683,-36.137756,0, ,0.0,0.0,0.0,0.0,0,0,0,0,0,0,0,0

SID,SINU1B,12,5
CA,0,120.0,2,2500,0,0,0,0,0,0
DF,NTL,-5.908333,-35.248667,1, ,0.0,0.0,2,5000,0,0,0,0,0,0
TF,OBGOD,-5.283672,-35.983758,0, ,0.0,0.0,0.0,0.0,0,0,0,0,0,0,0,0
TF,SINUD,-5.195683,-36.137756,0, ,0.0,0.0,0.0,0.0,0,0,0,0,0,0,0,0

STAR,ISOB1A,16L,6
IF,ISOBA,-5.496906,-36.197650, ,0.0,0.0,0,0,0,0,0,0,0,0
TF,NT013,-5.657478,-35.810900,0, ,0.0,0.0,0.0,0.0,3,5000,0,0,0,0,0,0
TF,KUBTO,-5.724667,-35.644000,0, ,0.0,0.0,0.0,0.0,0,0,0,0,0,0,0,0
TF,NT363,-5.804667,-35.451806,0, ,0.0,0.0,0.0,0.0,1,3000,0,0,0,0,0,0

STAR,ISOB1A,16R,6
IF,ISOBA,-5.496906,-36.197650, ,0.0,0.0,0,0,0,0,0,0,0,0
TF,NT013,-5.657478,-35.810900,0, ,0.0,0.0,0.0,0.0,3,5000,0,0,0,0,0,0
TF,KUBTO,-5.724667,-35.644000,0, ,0.0,0.0,0.0,0.0,0,0,0,0,0,0,0,0
TF,NT363,-5.804667,-35.451806,0, ,0.0,0.0,0.0,0.0,1,3000,0,0,0,0,0,0

STAR,SAFU1A,16L,6
IF,SAFUC,-6.903000,-35.105500, ,0.0,0.0,0,0,0,0,0,0,0,0
TF,GEDOR,-6.287881,-35.241344,0, ,0.0,0.0,0.0,0.0,3,9000,0,0,0,0,0,0
TF,NT016,-6.132989,-35.352989,0, ,0.0,0.0,0.0,0.0,2,6000,0,0,0,0,0,0
TF,NEBUG,-5.970833,-35.469667,0, ,0.0,0.0,0.0,0.0,1,5000,0,0,0,0,0,0
TF,NT363,-5.804667,-35.451806,0, ,0.0,0.0,0.0,0.0,1,3000,0,0,0,0,0,0

STAR,SAFU1A,16R,6
IF,SAFUC,-6.903000,-35.105500, ,0.0,0.0,0,0,0,0,0,0,0,0
TF,GEDOR,-6.287881,-35.241344,0, ,0.0,0.0,0.0,0.0,3,9000,0,0,0,0,0,0
TF,NT016,-6.132989,-35.352989,0, ,0.0,0.0,0.0,0.0,2,6000,0,0,0,0,0,0
TF,NEBUG,-5.970833,-35.469667,0, ,0.0,0.0,0.0,0.0,1,5000,0,0,0,0,0,0
TF,NT363,-5.804667,-35.451806,0, ,0.0,0.0,0.0,0.0,1,3000,0,0,0,0,0,0

STAR,TOGU1A,16L,6
IF,TOGUN,-6.616422,-36.580825, ,0.0,0.0,0,0,0,0,0,0,0,0
TF,NT017,-6.162494,-35.950064,0, ,0.0,0.0,0.0,0.0,2,5000,0,0,0,0,0,0
TF,NT014,-5.930247,-35.625328,0, ,0.0,0.0,0.0,0.0,1,3000,0,0,0,0,0,0
TF,NT363,-5.804667,-35.451806,0, ,0.0,0.0,0.0,0.0,1,3000,0,0,0,0,0,0

STAR,TOGU1A,16R,6
IF,TOGUN,-6.616422,-36.580825, ,0.0,0.0,0,0,0,0,0,0,0,0
TF,NT017,-6.162494,-35.950064,0, ,0.0,0.0,0.0,0.0,2,5000,0,0,0,0,0,0
TF,NT014,-5.930247,-35.625328,0, ,0.0,0.0,0.0,0.0,1,3000,0,0,0,0,0,0
TF,NT363,-5.804667,-35.451806,0, ,0.0,0.0,0.0,0.0,1,3000,0,0,0,0,0,0

STAR,UTKE1A,16L,6
IF,TOGUN,-6.616422,-36.580825, ,0.0,0.0,0,0,0,0,0,0,0,0
TF,LIXAM,-6.189953,-36.335994,0, ,0.0,0.0,0.0,0.0,0,0,0,0,0,0,0,0
TF,DIDUK,-5.970814,-36.172703,0, ,0.0,0.0,0.0,0.0,2,7000,0,0,0,0,0,0
TF,NT388,-5.919925,-35.927778,0, ,0.0,0.0,0.0,0.0,2,3500,0,0,0,0,0,0
TF,UTKEL,-5.875453,-35.651778,0, ,0.0,0.0,0.0,0.0,1,3000,0,0,0,0,0,0
TF,NT363,-5.804667,-35.451806,0, ,0.0,0.0,0.0,0.0,1,3000,0,0,0,0,0,0

STAR,UTKE1A,16R,6
IF,TOGUN,-6.616422,-36.580825, ,0.0,0.0,0,0,0,0,0,0,0,0
TF,LIXAM,-6.189953,-36.335994,0, ,0.0,0.0,0.0,0.0,0,0,0,0,0,0,0,0
TF,DIDUK,-5.970814,-36.172703,0, ,0.0,0.0,0.0,0.0,2,7000,0,0,0,0,0,0
TF,NT388,-5.919925,-35.927778,0, ,0.0,0.0,0.0,0.0,2,3500,0,0,0,0,0,0
TF,UTKEL,-5.875453,-35.651778,0, ,0.0,0.0,0.0,0.0,1,3000,0,0,0,0,0,0
TF,NT363,-5.804667,-35.451806,0, ,0.0,0.0,0.0,0.0,1,3000,0,0,0,0,0,0

APPTR,D12-X,12,NTL
IF,NTL,-5.908333,-35.248667, ,0.0,0.0,2,17000,0,0,0,0,1,0
FD,NTL,-5.908333,-35.248667,0,NTL,0.0,15.0,55.0,15.0,2,11000,0,1,250,0,0,0
CI,2, ,0.0,221.0,2,11000,0,0,0,0,0,0
CF,NTL,-5.908333,-35.248667,0,NTL,0.0,0.0,266.0,12.0,2,3000,0,0,0,0,0,0
FD,NTL,-5.908333,-35.248667,0,NTL,0.0,7.5,266.0,7.5,2,2100,0,0,0,0,0,0
CF,CF12,-5.899586,-35.373800,2,NTL,295.0,7.5,115.0,1.0,2,2100,0,0,0,0,0,0

FINAL,D12-X,12,D,4
IF,CF12,-5.899586,-35.373800,NTL,295.0,7.5,2,2100,0,0,0,0,0,0
CF,ELANI,-5.901336,-35.348811,0,NTL,295.0,6.0,115.0,1.5,2,2000,0,0,0,0,2,0
CF,NTL01,-5.905514,-35.289044,0,NTL,295.0,2.4,115.0,3.6,2,853,0,0,0,0,0,0
CF,NTL07,-5.907844,-35.255675,0,NTL,295.0,0.4,115.0,2.0,1,216,0,0,0,0,3,0
CF,NTL,-5.908333,-35.248667,0,NTL,0.0,0.0,115.0,0.4,0,0,0,0,0,0,0,1
FA,NTL,-5.908333,-35.248667,0,NTL,0.0,0.0,140.0,2,2000,0,1,210,0,0,0
DF,NTL,-5.908333,-35.248667,2, ,0.0,0.0,2,3000,0,0,0,0,0,0
HM,NTL,-5.908333,-35.248667,1, ,0.0,0.0,320.0,04.3,2,3000,0,0,0,0,0,0,0

APPTR,D12-Y,12,DAKOK
IF,DAKOK,-6.068792,-35.180194, ,0.0,0.0,2,3000,0,0,0,0,1,0
AF,ETINA,-5.893097,-35.422258,2,NTL,296.0,10.4,178.0,2,2500,0,0,0,0,1,0

APPTR,D12-Y,12,EDROS
IF,EDROS,-5.814572,-35.395619, ,0.0,0.0,2,3000,0,0,0,0,1,0
AF,ETINA,-5.893097,-35.422258,1,NTL,296.0,10.4,324.0,2,2500,0,0,0,0,1,0

FINAL,D12-Y,12,D,4
IF,ETINA,-5.893097,-35.422258,NTL,296.0,10.4,2,2500,0,0,0,0,0,0
CF,ISIRI,-5.900417,-35.338956,0,NTL,296.0,5.4,116.0,5.0,2,1810,0,0,0,0,2,0
CF,NTL18,-5.904508,-35.292306,0,NTL,296.0,2.6,116.0,2.8,2,917,0,0,0,0,0,0
CF,NTL06,-5.907722,-35.255650,0,NTL,296.0,0.4,116.0,2.2,1,216,0,0,0,0,3,0
CF,NTL,-5.908333,-35.248667,0,NTL,0.0,0.0,116.0,0.4,0,0,0,0,0,0,0,1
CF,D116J,-5.923486,-35.075381,0,NTL,116.0,10.4,116.0,10.4,0,0,0,0,0,0,0,0
AF,DAKOK,-6.068792,-35.180194,2,NTL,177.9,10.4,116.0,2,3000,0,0,0,0,0,0
HM,DAKOK,-6.068792,-35.180194,2, ,0.0,0.0,358.0,04.3,2,3000,0,0,0,0,0,0,0

APPTR,D12-Z,12,NTL
IF,NTL,-5.908333,-35.248667, ,0.0,0.0,2,3000,0,0,0,0,1,0
FD,NTL,-5.908333,-35.248667,0,NTL,0.0,7.5,266.0,7.5,2,2100,0,0,0,0,0,0
CF,CF12,-5.899586,-35.373800,2,NTL,295.0,7.5,115.0,1.0,2,2100,0,0,0,0,0,0

FINAL,D12-Z,12,D,4
IF,CF12,-5.899586,-35.373800,NTL,295.0,7.5,2,2100,0,0,0,0,0,0
CF,ELANI,-5.901336,-35.348811,0,NTL,295.0,6.0,115.0,1.5,2,2000,0,0,0,0,2,0
CF,NTL01,-5.905514,-35.289044,0,NTL,295.0,2.4,115.0,3.6,2,853,0,0,0,0,0,0
CF,NTL07,-5.907844,-35.255675,0,NTL,295.0,0.4,115.0,2.0,1,216,0,0,0,0,3,0
CF,NTL,-5.908333,-35.248667,0,NTL,0.0,0.0,115.0,0.4,0,0,0,0,0,0,0,1
FA,NTL,-5.908333,-35.248667,0,NTL,0.0,0.0,140.0,2,2000,0,1,210,0,0,0
DF,NTL,-5.908333,-35.248667,2, ,0.0,0.0,2,3000,0,0,0,0,0,0
HM,NTL,-5.908333,-35.248667,1, ,0.0,0.0,320.0,04.3,2,3000,0,0,0,0,0,0,0

APPTR,D16LW,16L,EGEGI
IF,EGEGI,-6.013044,-35.332189, ,0.0,0.0,2,3000,0,0,0,0,1,0
AF,IRUNU,-5.853419,-35.370686,2,NTL,315.2,8.0,239.0,2,2000,0,0,0,0,0,0
AF,SALBA,-5.802756,-35.330675,2,NTL,343.1,8.0,315.0,2,2000,0,0,0,0,1,0

FINAL,D16LW,16L,D,4
IF,SALBA,-5.802756,-35.330675,NTL,343.1,8.0,2,2000,0,0,0,0,0,0
CF,NIPKA,-5.846167,-35.296833,0,NTL,343.2,4.7,163.0,3.3,2,1570,0,0,0,0,2,0
CF,NTL21,-5.875100,-35.274414,0,NTL,343.2,2.5,163.0,2.2,2,868,0,0,0,0,0,0
CF,NTL24,-5.902872,-35.252900,0,NTL,343.2,0.4,163.0,2.1,1,204,0,0,0,0,3,0
CF,D155H,-6.001161,-35.152178,0,NTL,154.9,8.0,155.0,8.4,2,3000,0,0,0,0,0,0
AF,EGEGI,-6.013044,-35.332189,2,NTL,239.6,8.0,155.0,2,3000,0,0,0,0,0,0
HM,EGEGI,-6.013044,-35.332189,2, ,0.0,0.0,59.0,04.3,2,3000,0,0,0,0,0,0,0

APPTR,D16LY,16L,NTL
IF,NTL,-5.908333,-35.248667, ,0.0,0.0,2,3000,0,0,0,0,1,0
FD,NTL,-5.908333,-35.248667,0,NTL,0.0,8.0,317.0,8.0,2,1800,0,1,230,0,0,0
CF,CF16L,-5.801325,-35.329175,2,NTL,344.0,8.0,164.0,1.0,2,1800,0,0,0,0,0,0

FINAL,D16LY,16L,D,4
IF,CF16L,-5.801325,-35.329175,NTL,344.0,8.0,2,1800,0,0,0,0,0,0
CF,LOMIL,-5.835939,-35.303139,0,NTL,344.0,5.4,164.0,2.6,2,1790,0,0,0,0,2,0
CF,NTL05,-5.872053,-35.275967,0,NTL,344.0,2.7,164.0,2.7,2,931,0,0,0,0,0,0
CF,NTL08,-5.902800,-35.252828,0,NTL,344.0,0.4,164.0,2.3,1,203,0,0,0,0,3,0
CF,NTL,-5.908333,-35.248667,0,NTL,0.0,0.0,164.0,0.4,0,0,0,0,0,0,0,1
CA,0,164.0,2,2000,0,0,0,0,0,0
DF,NTL,-5.908333,-35.248667,2, ,0.0,0.0,2,3000,0,0,0,0,0,0
HM,NTL,-5.908333,-35.248667,1, ,0.0,0.0,317.0,04.3,2,3000,0,0,0,0,0,0,0

APPTR,D16LZ,16L,NTL
IF,NTL,-5.908333,-35.248667, ,0.0,0.0,2,17000,0,0,0,0,1,0
FD,NTL,-5.908333,-35.248667,0,NTL,0.0,14.4,164.0,14.4,2,11000,0,1,250,0,0,0
CF,D191N,-6.145828,-35.206825,2,NTL,191.0,14.4,11.0,1.0,2,11000,0,0,0,0,0,0
CF,NTL,-5.908333,-35.248667,0,NTL,0.0,0.0,11.0,14.4,2,3000,0,0,0,0,0,0
FD,NTL,-5.908333,-35.248667,0,NTL,0.0,8.0,11.0,8.0,2,1800,0,1,230,0,0,0
CF,CF16L,-5.801325,-35.329175,1,NTL,344.0,8.0,164.0,1.0,2,1800,0,0,0,0,0,0

FINAL,D16LZ,16L,D,3
IF,CF16L,-5.801325,-35.329175,NTL,344.0,8.0,2,1800,0,0,0,0,0,0
CF,LOMIL,-5.835939,-35.303139,0,NTL,344.0,5.4,164.0,2.6,2,1790,0,0,0,0,2,0
CF,NTL13,-5.902808,-35.252825,0,NTL,344.0,0.4,164.0,5.0,1,203,0,0,0,0,3,0
CF,NTL,-5.908333,-35.248667,0,NTL,0.0,0.0,164.0,0.4,0,0,0,0,0,0,0,1
CA,0,164.0,2,2000,0,0,0,0,0,0
DF,NTL,-5.908333,-35.248667,2, ,0.0,0.0,2,3000,0,0,0,0,0,0
HM,NTL,-5.908333,-35.248667,1, ,0.0,0.0,11.0,04.3,2,3000,0,0,0,0,0,0,0

APPTR,D16RX,16R,NTL
IF,NTL,-5.908333,-35.248667, ,0.0,0.0,2,17000,0,0,0,0,1,0
FD,NTL,-5.908333,-35.248667,0,NTL,0.0,14.4,164.0,14.4,2,11000,0,1,250,0,0,0
CF,D192N,-6.146522,-35.210972,2,NTL,192.0,14.4,12.0,1.0,2,11000,0,0,0,0,0,0
CF,NTL,-5.908333,-35.248667,0,NTL,0.0,0.0,12.0,14.4,2,3000,0,0,0,0,0,0
FD,NTL,-5.908333,-35.248667,0,NTL,0.0,8.0,349.0,8.0,2,1900,0,1,200,0,0,0
CF,CF16R,-5.825836,-35.354086,1,NTL,329.0,8.0,149.0,1.0,2,1900,0,0,0,0,0,0

FINAL,D16RX,16R,D,4
IF,CF16R,-5.825836,-35.354086,NTL,329.0,8.0,2,1900,0,0,0,0,0,0
CF,VAKAN,-5.853372,-35.319681,0,NTL,328.7,5.4,149.0,2.6,2,1830,0,0,0,0,2,0
CF,NTL22,-5.905344,-35.252528,0,NTL,328.7,0.3,149.0,5.1,1,210,0,0,0,0,0,1
CF,NTL,-5.908333,-35.248667,0,NTL,0.0,0.0,149.0,0.3,2,570,0,0,0,0,3,1
FA,NTL,-5.908333,-35.248667,0,NTL,0.0,0.0,168.0,2,2000,0,1,200,0,0,0
DF,NTL,-5.908333,-35.248667,2, ,0.0,0.0,2,3000,0,1,200,0,0,0
HM,NTL,-5.908333,-35.248667,1, ,0.0,0.0,10.0,04.3,2,3000,0,0,0,0,0,0,0

APPTR,D16RZ,16R,NTL
IF,NTL,-5.908333,-35.248667, ,0.0,0.0,2,3000,0,0,0,0,1,0
FD,NTL,-5.908333,-35.248667,0,NTL,0.0,8.0,349.0,8.0,2,1900,0,1,200,0,0,0
CF,CF16R,-5.825836,-35.354086,1,NTL,329.0,8.0,149.0,1.0,2,1900,0,0,0,0,0,0

FINAL,D16RZ,16R,D,4
IF,CF16R,-5.825836,-35.354086,NTL,329.0,8.0,2,1900,0,0,0,0,0,0
CF,VAKAN,-5.853372,-35.319681,0,NTL,328.7,5.4,149.0,2.6,2,1830,0,0,0,0,2,0
CF,NTL22,-5.905344,-35.252528,0,NTL,328.7,0.3,149.0,5.1,1,210,0,0,0,0,0,1
CF,NTL,-5.908333,-35.248667,0,NTL,0.0,0.0,149.0,0.3,2,570,0,0,0,0,3,1
FA,NTL,-5.908333,-35.248667,0,NTL,0.0,0.0,168.0,2,2000,0,1,200,0,0,0
DF,NTL,-5.908333,-35.248667,2, ,0.0,0.0,2,3000,0,1,200,0,0,0
HM,NTL,-5.908333,-35.248667,1, ,0.0,0.0,10.0,04.3,2,3000,0,0,0,0,0,0,0

APPTR,I16LW,16L,EGEGI
IF,EGEGI,-6.013044,-35.332189, ,0.0,0.0,2,3000,0,0,0,0,1,0
AF,IRUNU,-5.853419,-35.370686,2,NTL,315.2,8.0,239.0,2,2000,0,0,0,0,0,0
AF,D328H,-5.827692,-35.355508,2,NTL,328.0,8.0,315.0,2,2000,0,0,0,0,0,0
VI,0,INT,0.0,132.0,0,0,0,0,0,0,0,0

FINAL,I16LW,16L,I,3
IF,CASTO,-5.803067,-35.331425,INT,342.0,9.1,2,2000,0,1,180,0,0,0
CF,BUXUP,-5.836744,-35.304200,0,INT,342.0,6.5,162.0,2.6,1,1800,0,0,0,0,2,0
CF,RW16L,-5.901833,-35.251583,0,INT,341.9,1.5,162.0,5.0,1,203,0,0,0,0,3,0
CF,D162H,-6.011289,-35.163039,0,NTL,161.2,8.0,162.0,8.4,0,0,0,0,0,0,0,0
AF,EGEGI,-6.013044,-35.332189,2,NTL,239.6,8.0,162.0,2,3000,0,0,0,0,0,0
HM,EGEGI,-6.013044,-35.332189,2, ,0.0,0.0,59.0,04.3,2,3000,0,0,0,0,0,0,0

APPTR,I16LX,16L,NTL
IF,NTL,-5.908333,-35.248667, ,0.0,0.0,2,3000,0,0,0,0,1,0
FD,NTL,-5.908333,-35.248667,0,NTL,0.0,8.0,316.0,8.0,2,2200,0,1,230,0,0,0
CF,CASTO,-5.803067,-35.331425,2,INT,342.0,9.1,162.0,1.0,2,2200,0,0,0,0,1,0

FINAL,I16LX,16L,I,3
IF,CASTO,-5.803067,-35.331425,INT,342.0,9.1,2,2200,0,0,0,0,0,0
CF,NIPKA,-5.846167,-35.296833,0,INT,341.9,5.8,162.0,3.3,1,1570,0,0,0,0,2,0
CF,RW16L,-5.901833,-35.251583,0,INT,341.9,1.5,162.0,4.3,1,203,0,0,0,0,3,1
VA,0,162.0,2,2000,0,0,0,0,0,0
DF,NTL,-5.908333,-35.248667,2, ,0.0,0.0,2,3000,0,0,0,0,0,0
HM,NTL,-5.908333,-35.248667,1, ,0.0,0.0,316.0,04.3,2,3000,0,0,0,0,0,0,0

APPTR,I16LY,16L,NT361
IF,NT361,-5.685611,-35.305472, ,0.0,0.0,2,3000,0,0,0,0,1,0
TF,NT364,-5.771806,-35.357000,0,INT,0.0,0.0,0.0,0.0,2,2500,0,0,0,0,1,0

APPTR,I16LY,16L,NT362
IF,NT362,-5.693806,-35.420222, ,0.0,0.0,2,3000,0,0,0,0,1,0
TF,NT364,-5.771806,-35.357000,0,INT,0.0,0.0,0.0,0.0,2,2500,0,0,0,0,1,0

APPTR,I16LY,16L,NT363
IF,NT363,-5.804667,-35.451806, ,0.0,0.0,2,3000,0,0,0,0,1,0
TF,NT364,-5.771806,-35.357000,0,INT,0.0,0.0,0.0,0.0,2,2500,0,0,0,0,1,0

FINAL,I16LY,16L,I,3
IF,NT364,-5.771806,-35.357000,INT,341.9,11.5,2,2500,0,0,0,0,0,0
CF,NT366,-5.836806,-35.304306,0,INT,341.9,6.5,162.0,5.0,1,1800,0,0,0,0,2,0
CF,RW16L,-5.901833,-35.251583,0,INT,341.9,1.5,162.0,5.0,1,203,0,0,0,0,3,1
VA,0,162.0,2,2000,0,0,0,0,0,0
DF,NT363,-5.804667,-35.451806,2, ,0.0,0.0,2,3000,0,0,0,0,0,1
HM,NT363,-5.804667,-35.451806,2, ,0.0,0.0,92.0,04.3,2,3000,0,0,0,0,0,0,0

APPTR,L16LX,16L,NTL
IF,NTL,-5.908333,-35.248667, ,0.0,0.0,2,3000,0,0,0,0,1,0
FD,NTL,-5.908333,-35.248667,0,NTL,0.0,8.0,316.0,8.0,2,2200,0,1,230,0,0,0
CF,CASTO,-5.803067,-35.331425,2,INT,342.0,9.1,162.0,1.0,2,2200,0,0,0,0,1,0

FINAL,L16LX,16L,D,3
IF,CASTO,-5.803067,-35.331425,INT,342.0,9.1,2,2200,0,0,0,0,0,0
CF,NIPKA,-5.846167,-35.296833,0,INT,341.9,5.8,162.0,3.3,2,1570,0,0,0,0,2,0
CF,RW16L,-5.901833,-35.251583,0,INT,341.9,1.5,162.0,4.3,1,203,0,0,0,0,3,1
VA,0,162.0,2,2000,0,0,0,0,0,0
DF,NTL,-5.908333,-35.248667,2, ,0.0,0.0,2,3000,0,0,0,0,0,0
HM,NTL,-5.908333,-35.248667,1, ,0.0,0.0,316.0,04.3,2,3000,0,0,0,0,0,0,0

APPTR,R12,12,NEBUG
IF,NEBUG,-5.970833,-35.469667, ,0.0,0.0,1,3000,0,0,0,0,1,0
TF,NT389,-5.882861,-35.421000,0, ,0.0,0.0,0.0,0.0,2,2500,0,0,0,0,1,0

APPTR,R12,12,NT386
IF,NT386,-5.784222,-35.440167, ,0.0,0.0,1,3000,0,0,0,0,1,0
TF,NT389,-5.882861,-35.421000,0, ,0.0,0.0,0.0,0.0,2,2500,0,0,0,0,1,0

APPTR,R12,12,NT387
IF,NT387,-5.867111,-35.520111, ,0.0,0.0,1,3000,0,0,0,0,1,0
TF,NT389,-5.882861,-35.421000,0, ,0.0,0.0,0.0,0.0,2,2500,0,0,0,0,1,0

FINAL,R12,12,R,3
IF,NT389,-5.882861,-35.421000, ,0.0,0.0,2,2500,0,0,0,0,0,0
TF,NT391,-5.895972,-35.338417,0, ,0.0,0.0,120.0,5.0,2,1810,0,0,0,0,2,0
TF,RW12,-5.909083,-35.255814,0, ,0.0,0.0,120.0,5.0,1,216,0,0,0,0,3,1
CF,NT006,-5.919944,-35.187381,0,NTL,121.7,3.7,120.0,4.1,0,0,0,1,230,0,0,0
TF,NT007,-6.093911,-35.206911,0, ,0.0,0.0,0.0,0.0,2,2500,0,1,230,0,0,0
TF,NEBUG,-5.970833,-35.469667,2, ,0.0,0.0,0.0,0.0,1,3000,0,0,0,0,0,1
HM,NEBUG,-5.970833,-35.469667,2, ,0.0,0.0,50.0,04.3,1,3000,0,0,0,0,0,0,0

APPTR,R16L,16L,NT361
IF,NT361,-5.685611,-35.305472, ,0.0,0.0,2,3000,0,0,0,0,1,0
TF,NT364,-5.771806,-35.357000,0, ,0.0,0.0,0.0,0.0,2,2500,0,0,0,0,1,0

APPTR,R16L,16L,NT362
IF,NT362,-5.693806,-35.420222, ,0.0,0.0,2,3000,0,0,0,0,1,0
TF,NT364,-5.771806,-35.357000,0, ,0.0,0.0,0.0,0.0,2,2500,0,0,0,0,1,0

APPTR,R16L,16L,NT363
IF,NT363,-5.804667,-35.451806, ,0.0,0.0,2,3000,0,0,0,0,1,0
TF,NT364,-5.771806,-35.357000,0, ,0.0,0.0,0.0,0.0,2,2500,0,0,0,0,1,0

FINAL,R16L,16L,R,3
IF,NT364,-5.771806,-35.357000, ,0.0,0.0,2,2500,0,0,0,0,0,0
TF,NT366,-5.836806,-35.304306,0, ,0.0,0.0,162.0,5.0,2,1800,0,0,0,0,2,0
TF,RW16L,-5.901833,-35.251583,0, ,0.0,0.0,162.0,5.0,1,199,0,0,0,0,3,1
VA,0,162.0,2,2000,0,0,0,0,0,0
DF,NT363,-5.804667,-35.451806,2, ,0.0,0.0,2,3000,0,0,0,0,0,1
HM,NT363,-5.804667,-35.451806,2, ,0.0,0.0,92.0,04.3,2,3000,0,0,0,0,0,0,0

APPTR,R16R,16R,NT363
IF,NT363,-5.804667,-35.451806, ,0.0,0.0,2,3000,0,0,0,0,1,0
TF,NT377,-5.777278,-35.361444,0, ,0.0,0.0,0.0,0.0,2,2500,0,0,0,0,1,0

APPTR,R16R,16R,NT373
IF,NT373,-5.691167,-35.309750, ,0.0,0.0,2,3000,0,0,0,0,1,0
TF,NT377,-5.777278,-35.361444,0, ,0.0,0.0,0.0,0.0,2,2500,0,0,0,0,1,0

APPTR,R16R,16R,NT374
IF,NT374,-5.699167,-35.424528, ,0.0,0.0,2,3000,0,0,0,0,1,0
TF,NT377,-5.777278,-35.361444,0, ,0.0,0.0,0.0,0.0,2,2500,0,0,0,0,1,0

FINAL,R16R,16R,R,3
IF,NT377,-5.777278,-35.361444, ,0.0,0.0,2,2500,0,0,0,0,0,0
TF,NT378,-5.842389,-35.308833,0, ,0.0,0.0,162.0,5.0,2,1830,0,0,0,0,2,0
TF,RW16R,-5.907486,-35.256244,0, ,0.0,0.0,162.0,5.1,1,210,0,0,0,0,3,1
CA,0,162.0,2,2000,0,0,0,0,0,0
DF,NT363,-5.804667,-35.451806,2, ,0.0,0.0,2,3000,0,0,0,0,0,1
HM,NT363,-5.804667,-35.451806,2, ,0.0,0.0,94.0,04.3,2,3000,0,0,0,0,0,0,0

APPTR,R30,30,NT393
IF,NT393,-6.036417,-35.055167, ,0.0,0.0,2,3000,0,0,0,0,1,0
TF,NT392,-5.937806,-35.074333,0, ,0.0,0.0,0.0,0.0,2,2500,0,0,0,0,1,0

APPTR,R30,30,NT394
IF,NT394,-5.953472,-34.975222, ,0.0,0.0,2,3000,0,0,0,0,1,0
TF,NT392,-5.937806,-35.074333,0, ,0.0,0.0,0.0,0.0,2,2500,0,0,0,0,1,0

APPTR,R30,30,NT396
IF,NT396,-5.849917,-35.025694, ,0.0,0.0,2,3000,0,0,0,0,1,0
TF,NT392,-5.937806,-35.074333,0, ,0.0,0.0,0.0,0.0,2,2500,0,0,0,0,1,0

FINAL,R30,30,R,3
IF,NT392,-5.937806,-35.074333, ,0.0,0.0,2,2500,0,0,0,0,0,0
TF,NT397,-5.924722,-35.156944,0, ,0.0,0.0,300.0,5.0,2,1790,0,0,0,0,2,0
TF,RW30,-5.911658,-35.239550,0, ,0.0,0.0,300.0,5.0,1,195,0,0,0,0,3,1
CA,0,300.0,2,2000,0,0,0,0,0,0
DF,NT393,-6.036417,-35.055167,1, ,0.0,0.0,2,3000,0,0,0,0,0,1
HM,NT393,-6.036417,-35.055167,2, ,0.0,0.0,10.0,04.3,2,3000,0,0,0,0,0,0,0

APPTR,R34L,34L,NT381
IF,NT381,-6.136389,-35.192500, ,0.0,0.0,2,3000,0,0,0,0,1,0
TF,NT379,-6.050278,-35.140750,0, ,0.0,0.0,0.0,0.0,2,2500,0,0,0,0,1,0

APPTR,R34L,34L,NT382
IF,NT382,-6.128361,-35.077583, ,0.0,0.0,2,3000,0,0,0,0,1,0
TF,NT379,-6.050278,-35.140750,0, ,0.0,0.0,0.0,0.0,2,2500,0,0,0,0,1,0

APPTR,R34L,34L,NT383
IF,NT383,-6.017583,-35.045861, ,0.0,0.0,2,3000,0,0,0,0,1,0
TF,NT379,-6.050278,-35.140750,0, ,0.0,0.0,0.0,0.0,2,2500,0,0,0,0,1,0

FINAL,R34L,34L,R,3
IF,NT379,-6.050278,-35.140750, ,0.0,0.0,2,2500,0,0,0,0,0,0
TF,NT384,-5.985194,-35.193389,0, ,0.0,0.0,342.0,5.0,2,1790,0,0,0,0,2,0
TF,RW34L,-5.920136,-35.246017,0, ,0.0,0.0,342.0,5.0,1,201,0,0,0,0,3,1
VA,0,342.0,2,2000,0,0,0,0,0,0
DF,NT381,-6.136389,-35.192500,1, ,0.0,0.0,2,3000,0,0,0,0,0,1
HM,NT381,-6.136389,-35.192500,1, ,0.0,0.0,52.0,04.3,2,3000,0,0,0,0,0,0,0

APPTR,R34R,34R,NT368
IF,NT368,-6.136250,-35.182889, ,0.0,0.0,2,3000,0,0,0,0,1,0
TF,ESDIL,-6.050000,-35.131333,0, ,0.0,0.0,0.0,0.0,2,2000,0,0,0,0,1,0

APPTR,R34R,34R,NT369
IF,NT369,-6.128028,-35.068000, ,0.0,0.0,2,3000,0,0,0,0,1,0
TF,ESDIL,-6.050000,-35.131333,0, ,0.0,0.0,0.0,0.0,2,2000,0,0,0,0,1,0

APPTR,R34R,34R,NT371
IF,NT371,-6.017194,-35.036444, ,0.0,0.0,2,3000,0,0,0,0,1,0
TF,ESDIL,-6.050000,-35.131333,0, ,0.0,0.0,0.0,0.0,2,2000,0,0,0,0,1,0

FINAL,R34R,34R,R,3
IF,ESDIL,-6.050000,-35.131333, ,0.0,0.0,2,2000,0,0,0,0,0,0
TF,NT372,-5.985056,-35.184056,0, ,0.0,0.0,342.0,5.0,2,1780,0,0,0,0,2,0
TF,RW34R,-5.920086,-35.236778,0, ,0.0,0.0,342.0,5.0,1,188,0,0,0,0,3,1
VA,0,342.0,2,2000,0,0,0,0,0,0
DF,NT368,-6.136250,-35.182889,1, ,0.0,0.0,2,3000,0,0,0,0,0,1
HM,NT368,-6.136250,-35.182889,1, ,0.0,0.0,52.0,04.3,2,3000,0,0,0,0,0,0,0

