APPTR,R10,10,PB004
IF,PB004,-2.966956,-41.980847, ,0.0,0.0,2,3100,0,0,0,0,1,0
TF,PB003,-2.943453,-41.900903,0, ,0.0,0.0,0.0,0.0,2,1700,0,0,0,0,1,0

APPTR,R10,10,PB006
IF,PB006,-3.039903,-41.872842, ,0.0,0.0,2,3100,0,0,0,0,1,0
TF,PB003,-2.943453,-41.900903,0, ,0.0,0.0,0.0,0.0,2,1700,0,0,0,0,1,0

APPTR,R10,10,PB007
IF,PB007,-2.847003,-41.928956, ,0.0,0.0,2,3100,0,0,0,0,1,0
TF,PB003,-2.943453,-41.900903,0, ,0.0,0.0,0.0,0.0,2,1700,0,0,0,0,1,0

FINAL,R10,10,R,3
IF,PB003,-2.943453,-41.900903, ,0.0,0.0,2,1700,0,0,0,0,0,0
TF,PB012,-2.919942,-41.820958,0, ,0.0,0.0,94.0,5.0,2,1660,0,0,0,0,2,0
TF,RW10,-2.896033,-41.739678,0, ,0.0,0.0,94.0,5.0,1,68,0,0,0,0,3,1
VA,0,94.0,2,1100,0,0,0,0,0,0
DF,PB007,-2.847003,-41.928956,1, ,0.0,0.0,2,3100,0,0,0,0,0,1
HM,PB007,-2.847003,-41.928956,2, ,0.0,0.0,184.0,04.3,2,3100,0,0,0,0,0,0,0

APPTR,R28,28,PB002
IF,PB002,-2.819500,-41.479661, ,0.0,0.0,2,3500,0,0,0,0,1,0
TF,PB009,-2.843033,-41.559589,0, ,0.0,0.0,0.0,0.0,2,2000,0,0,0,0,1,0

APPTR,R28,28,PB013
IF,PB013,-2.939475,-41.531500, ,0.0,0.0,2,3500,0,0,0,0,1,0
TF,PB009,-2.843033,-41.559589,0, ,0.0,0.0,0.0,0.0,2,2000,0,0,0,0,1,0

APPTR,R28,28,PB017
IF,PB017,-2.746592,-41.587672, ,0.0,0.0,2,3500,0,0,0,0,1,0
TF,PB009,-2.843033,-41.559589,0, ,0.0,0.0,0.0,0.0,2,2000,0,0,0,0,1,0

FINAL,R28,28,R,3
IF,PB009,-2.843033,-41.559589, ,0.0,0.0,2,2000,0,0,0,0,0,0
TF,PB008,-2.866561,-41.639519,0, ,0.0,0.0,274.0,5.0,2,1660,0,0,0,0,2,0
TF,RW28,-2.890083,-41.719456,0, ,0.0,0.0,274.0,5.0,1,68,0,0,0,0,3,1
CA,0,274.0,2,1500,0,0,0,0,0,0
DF,PB013,-2.939475,-41.531500,1, ,0.0,0.0,2,3500,0,0,0,0,0,1
HM,PB013,-2.939475,-41.531500,1, ,0.0,0.0,4.0,04.3,2,3500,0,0,0,0,0,0,0

