SID,EVTI1A,09,5
CF,EVTIK,-28.222728,-52.267028,0,CXS,332.5,81.5,86.0,3.0,0,0,0,0,0,0,0,1

SID,EVTI1A,EAGLE,6
IF,EVTIK,-28.222728,-52.267028, ,0.0,0.0,0,0,0,0,0,0,0,0
TF,PF014,-28.545014,-52.140544,0, ,0.0,0.0,0.0,0.0,0,0,0,0,0,0,0,0
TF,EAGLE,-29.202833,-51.790500,0, ,0.0,0.0,0.0,0.0,0,0,0,0,0,0,0,0

SID,EVTI1A,KIMUV,6
IF,EVTIK,-28.222728,-52.267028, ,0.0,0.0,0,0,0,0,0,0,0,0
TF,KIMUV,-27.674150,-50.478100,0, ,0.0,0.0,0.0,0.0,0,0,0,0,0,0,0,0

SID,EVTI1A,MADBO,6
IF,EVTIK,-28.222728,-52.267028, ,0.0,0.0,0,0,0,0,0,0,0,0
TF,MADBO,-27.695056,-52.946889,0, ,0.0,0.0,0.0,0.0,0,0,0,0,0,0,0,0

SID,EVTI1A,SMA,6
IF,EVTIK,-28.222728,-52.267028, ,0.0,0.0,0,0,0,0,0,0,0,0
TF,PF014,-28.545014,-52.140544,0, ,0.0,0.0,0.0,0.0,0,0,0,0,0,0,0,0
TF,SMA,-29.709761,-53.712744,0, ,0.0,0.0,0.0,0.0,0,0,0,0,0,0,0,0

SID,OMNI,09,1
CA,0,86.0,2,3000,0,0,0,0,0,0
VM,0,0,0,86.0,0,0,0,0,0,0,0,0

SID,OMNI,27,1
CA,0,266.0,2,3000,0,0,0,0,0,0
VM,0,0,0,266.0,0,0,0,0,0,0,0,0

SID,SILE1A,27,5
CF,SILEP,-28.265167,-52.388461,0,CXS,328.1,84.4,266.0,3.0,0,0,0,0,0,0,0,1

SID,SILE1A,EAGLE,6
IF,SILEP,-28.265167,-52.388461, ,0.0,0.0,0,0,0,0,0,0,0,0
TF,EAGLE,-29.202833,-51.790500,0, ,0.0,0.0,0.0,0.0,0,0,0,0,0,0,0,0

SID,SILE1A,KIMUV,6
IF,SILEP,-28.265167,-52.388461, ,0.0,0.0,0,0,0,0,0,0,0,0
TF,PF013,-28.099967,-52.360008,0, ,0.0,0.0,0.0,0.0,0,0,0,1,190,0,0,0
TF,KIMUV,-27.674150,-50.478100,0, ,0.0,0.0,0.0,0.0,0,0,0,0,0,0,0,0

SID,SILE1A,MADBO,6
IF,SILEP,-28.265167,-52.388461, ,0.0,0.0,0,0,0,0,0,0,0,0
TF,MADBO,-27.695056,-52.946889,0, ,0.0,0.0,0.0,0.0,0,0,0,0,0,0,0,0

SID,SILE1A,SMA,6
IF,SILEP,-28.265167,-52.388461, ,0.0,0.0,0,0,0,0,0,0,0,0
TF,SMA,-29.709761,-53.712744,0, ,0.0,0.0,0.0,0.0,0,0,0,0,0,0,0,0

APPTR,R09,09,PF009
IF,PF009,-28.408233,-52.508558, ,0.0,0.0,2,6000,0,0,0,0,1,0
TF,PF008,-28.308000,-52.511431,0, ,0.0,0.0,0.0,0.0,2,4000,0,0,0,0,1,0

APPTR,R09,09,PF011
IF,PF011,-28.232825,-52.586372, ,0.0,0.0,2,6000,0,0,0,0,1,0
TF,PF008,-28.308000,-52.511431,0, ,0.0,0.0,0.0,0.0,2,4000,0,0,0,0,1,0

APPTR,R09,09,PF012
IF,PF012,-28.338528,-52.599331, ,0.0,0.0,2,6000,0,0,0,0,1,0
TF,PF008,-28.308000,-52.511431,0, ,0.0,0.0,0.0,0.0,2,4000,0,0,0,0,1,0

FINAL,R09,09,R,3
IF,PF008,-28.308000,-52.511431, ,0.0,0.0,2,4000,0,0,0,0,0,0
TF,PF007,-28.277417,-52.423586,0, ,0.0,0.0,86.0,5.0,2,3990,0,0,0,0,2,0
TF,RW09,-28.246992,-52.336433,0, ,0.0,0.0,86.0,5.0,1,2396,0,0,0,0,3,1
TF,PF002,-28.179675,-52.144253,0, ,0.0,0.0,0.0,0.0,2,4000,0,0,0,0,0,1
HM,PF002,-28.179675,-52.144253,2, ,0.0,0.0,86.0,04.3,2,4000,0,0,0,0,0,0,0

APPTR,R27,27,PF003
IF,PF003,-28.254606,-52.069033, ,0.0,0.0,2,6000,0,0,0,0,1,0
TF,PF002,-28.179675,-52.144253,0, ,0.0,0.0,0.0,0.0,2,4100,0,0,0,0,1,0

APPTR,R27,27,PF004
IF,PF004,-28.079444,-52.147450, ,0.0,0.0,2,6000,0,0,0,0,1,0
TF,PF002,-28.179675,-52.144253,0, ,0.0,0.0,0.0,0.0,2,4100,0,0,0,0,1,0

APPTR,R27,27,PF006
IF,PF006,-28.148853,-52.056614, ,0.0,0.0,2,6000,0,0,0,0,1,0
TF,PF002,-28.179675,-52.144253,0, ,0.0,0.0,0.0,0.0,2,4100,0,0,0,0,1,0

FINAL,R27,27,R,3
IF,PF002,-28.179675,-52.144253, ,0.0,0.0,2,4100,0,0,0,0,0,0
TF,PF001,-28.210439,-52.231939,0, ,0.0,0.0,266.0,5.0,2,4030,0,0,0,0,2,0
TF,RW27,-28.241417,-52.320514,0, ,0.0,0.0,266.0,5.0,1,2430,0,0,0,0,3,1
TF,PF008,-28.308000,-52.511431,0, ,0.0,0.0,0.0,0.0,2,4000,0,0,0,0,0,1
HM,PF008,-28.308000,-52.511431,1, ,0.0,0.0,266.0,04.3,2,4000,0,0,0,0,0,0,0

