SID,ABAF1A,04,5
CF,ABAFT,-22.462567,-55.668286,0,FOZ,357.8,197.3,37.0,5.0,0,0,0,0,0,0,0,0

SID,ABAF1A,ANLAT,6
IF,ABAFT,-22.462567,-55.668286, ,0.0,0.0,0,0,0,0,0,0,0,0
TF,ANLAT,-22.005044,-55.432444,0, ,0.0,0.0,0.0,0.0,0,0,0,0,0,0,0,0

SID,ABAF1A,DOU,6
IF,ABAFT,-22.462567,-55.668286, ,0.0,0.0,0,0,0,0,0,0,0,0
TF,ILVUG,-22.352861,-55.270167,0, ,0.0,0.0,0.0,0.0,0,0,0,0,0,0,0,0
TF,DOU,-22.197333,-54.928333,0, ,0.0,0.0,0.0,0.0,0,0,0,0,0,0,0,0

SID,ABAF1A,LITOK,6
IF,ABAFT,-22.462567,-55.668286, ,0.0,0.0,0,0,0,0,0,0,0,0
TF,LITOK,-22.283831,-55.858347,0, ,0.0,0.0,0.0,0.0,0,0,0,0,0,0,0,0

SID,ABAF1A,LON,6
IF,ABAFT,-22.462567,-55.668286, ,0.0,0.0,0,0,0,0,0,0,0,0
TF,GELOV,-22.674361,-55.035861,0, ,0.0,0.0,0.0,0.0,0,0,0,0,0,0,0,0
TF,LON,-23.339517,-51.112525,0, ,0.0,0.0,0.0,0.0,0,0,0,0,0,0,0,0

SID,ABAF1A,PRR,6
IF,ABAFT,-22.462567,-55.668286, ,0.0,0.0,0,0,0,0,0,0,0,0
TF,TERUN,-22.489861,-54.917861,0, ,0.0,0.0,0.0,0.0,0,0,0,0,0,0,0,0
TF,PRR,-22.172664,-51.425681,0, ,0.0,0.0,0.0,0.0,0,0,0,0,0,0,0,0

SID,EGOD1A,22,5
DF,PP004,-22.617856,-55.729619,0, ,0.0,0.0,0,0,0,0,0,0,0,1
TF,EGODO,-22.669656,-55.577328,0, ,0.0,0.0,0.0,0.0,0,0,0,1,220,0,0,0

SID,EGOD1A,ANLAT,6
IF,EGODO,-22.669656,-55.577328, ,0.0,0.0,0,0,0,1,220,0,0,0
TF,PP003,-22.559719,-55.534022,0, ,0.0,0.0,0.0,0.0,0,0,0,0,0,0,0,0
TF,ANLAT,-22.005044,-55.432444,0, ,0.0,0.0,0.0,0.0,0,0,0,0,0,0,0,0

SID,EGOD1A,DOU,6
IF,EGODO,-22.669656,-55.577328, ,0.0,0.0,0,0,0,1,220,0,0,0
TF,ILVUG,-22.352861,-55.270167,0, ,0.0,0.0,0.0,0.0,0,0,0,0,0,0,0,0
TF,DOU,-22.197333,-54.928333,0, ,0.0,0.0,0.0,0.0,0,0,0,0,0,0,0,0

SID,EGOD1A,LITOK,6
IF,EGODO,-22.669656,-55.577328, ,0.0,0.0,0,0,0,1,220,0,0,0
TF,PP003,-22.559719,-55.534022,0, ,0.0,0.0,0.0,0.0,0,0,0,0,0,0,0,0
TF,LITOK,-22.283831,-55.858347,0, ,0.0,0.0,0.0,0.0,0,0,0,0,0,0,0,0

SID,EGOD1A,LON,6
IF,EGODO,-22.669656,-55.577328, ,0.0,0.0,0,0,0,1,220,0,0,0
TF,GELOV,-22.674361,-55.035861,0, ,0.0,0.0,0.0,0.0,0,0,0,0,0,0,0,0
TF,LON,-23.339517,-51.112525,0, ,0.0,0.0,0.0,0.0,0,0,0,0,0,0,0,0

SID,EGOD1A,PRR,6
IF,EGODO,-22.669656,-55.577328, ,0.0,0.0,0,0,0,1,220,0,0,0
TF,TERUN,-22.489861,-54.917861,0, ,0.0,0.0,0.0,0.0,0,0,0,0,0,0,0,0
TF,PRR,-22.172664,-51.425681,0, ,0.0,0.0,0.0,0.0,0,0,0,0,0,0,0,0

SID,OMNI,04,1
CA,0,37.0,2,3000,0,0,0,0,0,0
VM,0,0,0,37.0,0,0,0,0,0,0,0,0

SID,OMNI,22,1
CA,0,217.0,2,3000,0,0,0,0,0,0
VM,0,0,0,217.0,0,0,0,0,0,0,0,0

APPTR,N04,04,PTP
IF,PTP,-22.550075,-55.707161, ,0.0,0.0,2,4000,0,0,0,0,1,0
FC,PTP,-22.550075,-55.707161,0,PTP,0.0,0.0,176.0,7.0,2,3400,0,0,0,0,0,1
CF,FF04,-22.620844,-55.717872,2,PTP,205.0,4.3,25.0,3.0,2,3400,0,0,0,0,0,0

FINAL,N04,04,N,3
IF,FF04,-22.620844,-55.717872,PTP,0.0,0.0,2,3400,0,0,0,0,2,0
CF,PTP01,-22.554350,-55.707822,0,PTP,0.0,0.0,25.0,4.0,1,2195,0,0,0,0,0,1
CF,PTP,-22.550075,-55.707161,0,PTP,0.0,0.0,25.0,0.3,2,2560,0,0,0,0,3,1
CA,0,25.0,2,4000,0,0,0,0,0,0
DF,PTP,-22.550075,-55.707161,2, ,0.0,0.0,2,4000,0,0,0,0,0,0
HM,PTP,-22.550075,-55.707161,1, ,0.0,0.0,176.0,04.3,2,4000,0,0,0,0,0,0,0

APPTR,N22,22,PTP
IF,PTP,-22.550075,-55.707161, ,0.0,0.0,2,4000,0,0,0,0,1,0
FC,PTP,-22.550075,-55.707161,0,PTP,0.0,0.0,16.0,7.0,2,3500,0,0,0,0,0,1
CF,FF22,-22.478300,-55.666097,2,PTP,45.0,4.9,225.0,3.0,2,3500,0,0,0,0,0,0

FINAL,N22,22,N,2
IF,FF22,-22.478300,-55.666097,PTP,0.0,0.0,2,3500,0,0,0,0,2,0
CF,PTP02,-22.540247,-55.701458,0,PTP,0.0,0.0,225.0,4.2,1,2167,0,0,0,0,3,0
CF,PTP,-22.550075,-55.707161,0,PTP,0.0,0.0,225.0,0.7,0,0,0,0,0,0,0,1
VA,0,225.0,2,3500,0,1,230,0,0,0
DF,PTP,-22.550075,-55.707161,1, ,0.0,0.0,2,4000,0,1,230,0,0,0
HM,PTP,-22.550075,-55.707161,2, ,0.0,0.0,45.0,04.3,2,4000,0,0,0,0,0,0,0

APPTR,R04,04,PP224
IF,PP224,-22.762467,-55.646789, ,0.0,0.0,2,4000,0,0,0,0,1,0
TF,PP223,-22.719944,-55.744775,0, ,0.0,0.0,0.0,0.0,2,3900,0,0,0,0,1,0

APPTR,R04,04,PP226
IF,PP226,-22.803233,-55.752778, ,0.0,0.0,2,4000,0,0,0,0,1,0
TF,PP223,-22.719944,-55.744775,0, ,0.0,0.0,0.0,0.0,2,3900,0,0,0,0,1,0

FINAL,R04,04,R,3
IF,PP223,-22.719944,-55.744775, ,0.0,0.0,2,3900,0,0,0,0,0,0
TF,PP217,-22.636592,-55.736756,0, ,0.0,0.0,22.0,5.0,2,3860,0,0,0,0,2,0
TF,RW04,-22.555067,-55.704767,0, ,0.0,0.0,37.0,5.2,1,2195,0,0,0,0,3,1
CA,0,37.0,2,3000,0,0,0,0,0,0
DF,PP224,-22.762467,-55.646789,2, ,0.0,0.0,2,4000,0,0,0,0,0,1
HM,PP224,-22.762467,-55.646789,2, ,0.0,0.0,312.0,04.3,2,4000,0,0,0,0,0,0,0

APPTR,R22,22,PP213
IF,PP213,-22.384067,-55.529539, ,0.0,0.0,2,4000,0,0,0,0,1,0
TF,PP212,-22.384014,-55.637442,0, ,0.0,0.0,0.0,0.0,2,3800,0,0,0,0,1,0

APPTR,R22,22,PP214
IF,PP214,-22.305458,-55.606631, ,0.0,0.0,2,4000,0,0,0,0,1,0
TF,PP212,-22.384014,-55.637442,0, ,0.0,0.0,0.0,0.0,2,3800,0,0,0,0,1,0

FINAL,R22,22,R,3
IF,PP212,-22.384014,-55.637442, ,0.0,0.0,2,3800,0,0,0,0,0,0
TF,PP211,-22.462567,-55.668286,0, ,0.0,0.0,217.0,5.0,2,3770,0,0,0,0,2,0
TF,RW22,-22.541161,-55.699275,0, ,0.0,0.0,217.0,5.0,1,2167,0,0,0,0,3,1
CA,0,217.0,2,2700,0,0,0,0,0,0
DF,PP213,-22.384067,-55.529539,1, ,0.0,0.0,2,4000,0,0,0,0,0,1
HM,PP213,-22.384067,-55.529539,1, ,0.0,0.0,287.0,04.3,2,4000,0,0,0,0,0,0,0

