SID,BOBI2A,34,4
CF,BOBIC,-23.190136,-45.903986,0,SCP,338.6,3.5,337.0,2.5,0,0,0,0,0,0,0,1

SID,BOBI2A,DAGUB,6
IF,BOBIC,-23.190136,-45.903986, ,0.0,0.0,0,0,0,0,0,0,0,0
DF,SIKEM,-23.116786,-45.751656,0, ,0.0,0.0,3,5000,0,1,210,0,0,0
TF,DAGUB,-22.971292,-45.636844,0, ,0.0,0.0,0.0,0.0,0,0,0,0,0,0,0,0

SID,BOBI2A,NUXEL,6
IF,BOBIC,-23.190136,-45.903986, ,0.0,0.0,0,0,0,0,0,0,0,0
DF,ENLOV,-23.050081,-45.917483,0, ,0.0,0.0,0,0,0,0,0,0,0,0
TF,SJ011,-22.931369,-45.916736,0, ,0.0,0.0,0.0,0.0,3,6000,0,0,0,0,0,0
TF,KORSA,-22.832306,-45.934744,0, ,0.0,0.0,0.0,0.0,0,0,0,0,0,0,0,0
TF,NUXEL,-22.283086,-45.821908,0, ,0.0,0.0,0.0,0.0,0,0,0,0,0,0,0,0

SID,BOBI2A,UKBEV,6
IF,BOBIC,-23.190136,-45.903986, ,0.0,0.0,0,0,0,0,0,0,0,0
TF,SJ051,-22.928861,-46.234025,0, ,0.0,0.0,0.0,0.0,0,0,0,0,0,0,0,0
TF,SJ052,-22.653572,-46.849944,0, ,0.0,0.0,0.0,0.0,3,11000,0,0,0,0,0,0
TF,UKBEV,-22.551303,-47.076786,0, ,0.0,0.0,0.0,0.0,0,0,0,0,0,0,0,0

SID,BOBI2A,UKDAN,6
IF,BOBIC,-23.190136,-45.903986, ,0.0,0.0,0,0,0,0,0,0,0,0
TF,SJ059,-23.394206,-45.999433,0, ,0.0,0.0,0.0,0.0,3,7000,0,1,230,0,0,0
TF,BAIAN,-23.668872,-46.128417,0, ,0.0,0.0,0.0,0.0,3,8000,0,0,0,0,0,0
TF,UKDAN,-23.983150,-46.263339,0, ,0.0,0.0,0.0,0.0,0,0,0,0,0,0,0,0

SID,BOBI2A,UMBAD,6
IF,BOBIC,-23.190136,-45.903986, ,0.0,0.0,0,0,0,0,0,0,0,0
DF,SIKEM,-23.116786,-45.751656,0, ,0.0,0.0,3,5000,0,1,210,0,0,0
TF,SJ014,-23.224506,-45.546397,0, ,0.0,0.0,0.0,0.0,3,6000,0,0,0,0,0,0
TF,DORLU,-23.347044,-45.315697,0, ,0.0,0.0,0.0,0.0,0,0,0,0,0,0,0,0
TF,IMDAB,-23.197406,-44.624828,0, ,0.0,0.0,0.0,0.0,0,0,0,0,0,0,0,0
TF,UMBAD,-23.282092,-44.141483,0, ,0.0,0.0,0.0,0.0,0,0,0,0,0,0,0,0

SID,OMNI,16,1
CA,0,157.0,2,5000,0,0,0,0,0,0
VM,0,0,0,157.0,0,0,0,0,0,0,0,0

SID,OMNI,34,1
CA,0,337.0,2,6500,0,0,0,0,0,0
VM,0,0,0,337.0,0,0,0,0,0,0,0,0

SID,VUSM2A,16,5
CF,VUSMA,-23.281194,-45.805172,0,SCP,155.5,4.2,157.0,3.8,0,0,0,0,0,0,0,1

SID,VUSM2A,DAGUB,6
IF,VUSMA,-23.281194,-45.805172, ,0.0,0.0,0,0,0,0,0,0,0,0
DF,SIKEM,-23.116786,-45.751656,0, ,0.0,0.0,3,6000,0,1,230,0,0,0
TF,DAGUB,-22.971292,-45.636844,0, ,0.0,0.0,0.0,0.0,0,0,0,0,0,0,0,0

SID,VUSM2A,NUXEL,6
IF,VUSMA,-23.281194,-45.805172, ,0.0,0.0,0,0,0,0,0,0,0,0
DF,SIKEM,-23.116786,-45.751656,0, ,0.0,0.0,3,6000,0,1,230,0,0,0
TF,NUXES,-22.977536,-45.906533,0, ,0.0,0.0,0.0,0.0,0,0,0,0,0,0,0,0
TF,KORSA,-22.832306,-45.934744,0, ,0.0,0.0,0.0,0.0,0,0,0,0,0,0,0,0
TF,NUXEL,-22.283086,-45.821908,0, ,0.0,0.0,0.0,0.0,0,0,0,0,0,0,0,0

SID,VUSM2A,UKBEV,6
IF,VUSMA,-23.281194,-45.805172, ,0.0,0.0,0,0,0,0,0,0,0,0
DF,SIKEM,-23.116786,-45.751656,0, ,0.0,0.0,3,6000,0,1,230,0,0,0
TF,NUXES,-22.977536,-45.906533,0, ,0.0,0.0,0.0,0.0,0,0,0,0,0,0,0,0
TF,SJ054,-22.950117,-46.091603,0, ,0.0,0.0,0.0,0.0,0,0,0,0,0,0,0,0
TF,SJ051,-22.928861,-46.234025,0, ,0.0,0.0,0.0,0.0,0,0,0,0,0,0,0,0
TF,SJ052,-22.653572,-46.849944,0, ,0.0,0.0,0.0,0.0,3,11000,0,0,0,0,0,0
TF,UKBEV,-22.551303,-47.076786,0, ,0.0,0.0,0.0,0.0,0,0,0,0,0,0,0,0

SID,VUSM2A,UKDAN,6
IF,VUSMA,-23.281194,-45.805172, ,0.0,0.0,0,0,0,0,0,0,0,0
TF,SJ058,-23.410261,-45.912514,0, ,0.0,0.0,0.0,0.0,3,7000,0,0,0,0,0,0
TF,BAIAN,-23.668872,-46.128417,0, ,0.0,0.0,0.0,0.0,3,8000,0,0,0,0,0,0
TF,UKDAN,-23.983150,-46.263339,0, ,0.0,0.0,0.0,0.0,0,0,0,0,0,0,0,0

SID,VUSM2A,UMBAD,6
IF,VUSMA,-23.281194,-45.805172, ,0.0,0.0,0,0,0,0,0,0,0,0
DF,SJ014,-23.224506,-45.546397,0, ,0.0,0.0,3,6000,0,0,0,0,0,0
TF,DORLU,-23.347044,-45.315697,0, ,0.0,0.0,0.0,0.0,0,0,0,0,0,0,0,0
TF,IMDAB,-23.197406,-44.624828,0, ,0.0,0.0,0.0,0.0,0,0,0,0,0,0,0,0
TF,UMBAD,-23.282092,-44.141483,0, ,0.0,0.0,0.0,0.0,0,0,0,0,0,0,0,0

STAR,LONE1A,ANISE,4
IF,ANISE,-24.602167,-46.625333, ,0.0,0.0,0,0,0,0,0,0,0,0
TF,UTMUR,-24.281250,-46.188536,0, ,0.0,0.0,0.0,0.0,0,0,0,0,0,0,0,0
TF,SJ053,-23.992222,-45.831536,0, ,0.0,0.0,0.0,0.0,3,13000,0,0,0,0,0,0
TF,UGTEV,-23.302303,-45.547569,0, ,0.0,0.0,0.0,0.0,1,11000,0,0,0,0,0,0
TF,SJ006,-23.191028,-45.701736,0, ,0.0,0.0,0.0,0.0,2,10000,0,0,0,0,0,0
TF,LONES,-23.030517,-45.923333,0, ,0.0,0.0,0.0,0.0,2,7000,0,0,0,0,0,0

STAR,LONE1A,PORNA,4
IF,PORNA,-23.539500,-44.259167, ,0.0,0.0,0,0,0,0,0,0,0,0
TF,KEVUN,-23.462994,-44.951733,0, ,0.0,0.0,0.0,0.0,0,0,0,0,0,0,0,0
TF,SJ019,-23.443497,-45.351267,0, ,0.0,0.0,0.0,0.0,0,0,0,0,0,0,0,0
TF,UGTEV,-23.302303,-45.547569,0, ,0.0,0.0,0.0,0.0,1,11000,0,0,0,0,0,0
TF,SJ006,-23.191028,-45.701736,0, ,0.0,0.0,0.0,0.0,2,10000,0,0,0,0,0,0
TF,LONES,-23.030517,-45.923333,0, ,0.0,0.0,0.0,0.0,2,7000,0,0,0,0,0,0

STAR,LONE1A,VUNOX,4
IF,VUNOX,-22.317833,-46.213167, ,0.0,0.0,3,17000,0,0,0,0,0,0
TF,SJ022,-22.642353,-46.169847,0, ,0.0,0.0,0.0,0.0,3,14000,0,0,0,0,0,0
TF,SUNBU,-22.978928,-45.994306,0, ,0.0,0.0,0.0,0.0,4,9000,8000,0,0,0,0,0
TF,LONES,-23.030517,-45.923333,0, ,0.0,0.0,0.0,0.0,2,7000,0,0,0,0,0,0

STAR,LONE1A,16,5
IF,LONES,-23.030517,-45.923333, ,0.0,0.0,2,7000,0,0,0,0,0,0

STAR,SOTP2A,34,5
IF,VUNOX,-22.317833,-46.213167, ,0.0,0.0,3,17000,0,0,0,0,0,0
TF,SJ022,-22.642353,-46.169847,0, ,0.0,0.0,0.0,0.0,3,14000,0,0,0,0,0,0
TF,SUNBU,-22.978928,-45.994306,0, ,0.0,0.0,0.0,0.0,3,9000,0,0,0,0,0,0
TF,SJ017,-23.147489,-45.761911,0, ,0.0,0.0,0.0,0.0,2,8000,0,0,0,0,0,0
TF,SOTPI,-23.245444,-45.626411,0, ,0.0,0.0,0.0,0.0,2,7000,0,0,0,0,0,0

STAR,TESI2A,ANISE,4
IF,ANISE,-24.602167,-46.625333, ,0.0,0.0,0,0,0,0,0,0,0,0
TF,UTMUR,-24.281250,-46.188536,0, ,0.0,0.0,0.0,0.0,0,0,0,0,0,0,0,0
TF,SJ053,-23.992222,-45.831536,0, ,0.0,0.0,0.0,0.0,3,13000,0,0,0,0,0,0
TF,SJ057,-23.655200,-45.712142,0, ,0.0,0.0,0.0,0.0,2,9000,0,0,0,0,0,0
TF,TESIX,-23.437333,-45.635306,0, ,0.0,0.0,0.0,0.0,2,7000,0,0,0,0,0,0

STAR,TESI2A,PORNA,4
IF,PORNA,-23.539500,-44.259167, ,0.0,0.0,0,0,0,0,0,0,0,0
TF,KEVUN,-23.462994,-44.951733,0, ,0.0,0.0,0.0,0.0,0,0,0,0,0,0,0,0
TF,SJ019,-23.443497,-45.351267,0, ,0.0,0.0,0.0,0.0,2,11000,0,0,0,0,0,0
TF,TESIX,-23.437333,-45.635306,0, ,0.0,0.0,0.0,0.0,2,7000,0,0,0,0,0,0

STAR,TESI2A,34,5
IF,TESIX,-23.437333,-45.635306, ,0.0,0.0,2,7000,0,0,0,0,0,0

APPTR,D16-Y,16,SCP
IF,SCP,-23.233167,-45.860000, ,0.0,0.0,2,6000,0,0,0,0,1,0
FD,SCP,-23.233167,-45.860000,0,SCP,0.0,8.8,359.0,8.8,2,4400,0,1,190,0,0,0
CF,CF16,-23.123478,-45.966119,1,SCP,340.2,8.8,160.0,1.0,2,4400,0,0,0,0,0,0

FINAL,D16-Y,16,D,4
IF,CF16,-23.123478,-45.966119,SCP,340.2,8.8,2,4400,0,0,0,0,0,0
CF,BOLEM,-23.158089,-45.932664,0,SCP,340.2,6.0,160.0,2.8,2,3700,0,0,0,0,2,0
CF,SCP11,-23.181033,-45.910303,0,SCP,340.3,4.2,160.0,1.9,2,3080,0,0,0,0,0,0
CF,SCP12,-23.220169,-45.872544,0,SCP,340.3,1.0,160.0,3.1,1,2087,0,0,0,0,3,0
VA,0,160.0,2,4000,0,0,0,0,0,0
DF,SCP,-23.233167,-45.860000,1, ,0.0,0.0,2,6000,0,0,0,0,0,0
HM,SCP,-23.233167,-45.860000,2, ,0.0,0.0,1.0,04.3,2,6000,0,0,0,0,0,0,0

APPTR,D16-Z,16,LONES
IF,LONES,-23.030517,-45.923333, ,0.0,0.0,2,7000,0,1,220,0,1,0
AF,SCP14,-23.075919,-46.012061,1,SCP,340.2,12.6,6.0,2,5400,0,0,0,0,0,0
CF,ATOMI,-23.091256,-45.997253,0,SCP,340.2,11.4,160.0,1.2,2,5400,0,0,0,0,1,0

FINAL,D16-Z,16,D,4
IF,ATOMI,-23.091256,-45.997253,SCP,340.2,11.4,2,5400,0,0,0,0,0,0
CF,BOLEM,-23.158089,-45.932664,0,SCP,340.2,6.0,160.0,5.4,2,3670,0,0,0,0,2,0
CF,SJ061,-23.174294,-45.916989,0,SCP,340.2,4.7,160.0,1.3,2,3260,0,0,0,0,0,0
CF,SJ062,-23.220189,-45.872567,0,SCP,340.2,1.0,160.0,3.7,1,2087,0,0,0,0,3,0
CF,SCP,-23.233167,-45.860000,0,SCP,0.0,0.0,160.0,1.0,0,0,0,0,0,0,0,0
CF,TESIX,-23.437333,-45.635306,0,SCP,156.6,17.4,157.0,17.4,2,6000,0,0,0,0,0,0
HM,TESIX,-23.437333,-45.635306,1, ,0.0,0.0,157.0,04.3,2,6000,0,0,0,0,0,0,0

APPTR,D34,34,SOTPI
IF,SOTPI,-23.245444,-45.626411, ,0.0,0.0,2,7000,0,0,0,0,1,0
AF,SJC02,-23.384839,-45.693178,2,SCP,156.6,12.9,115.0,0,0,0,0,0,0,0,0
CF,DOTBA,-23.356436,-45.724461,0,SCP,156.6,10.5,337.0,2.4,2,5100,0,0,0,0,1,0

APPTR,D34,34,TESIX
IF,TESIX,-23.437333,-45.635306, ,0.0,0.0,2,7000,0,0,0,0,1,0
CF,DOTBA,-23.356436,-45.724461,0,SCP,156.6,10.5,337.0,6.9,2,5100,0,0,0,0,1,0

FINAL,D34,34,D,5
IF,DOTBA,-23.356436,-45.724461,SCP,156.6,10.5,2,5100,0,0,0,0,0,0
CF,DOPSO,-23.297781,-45.789000,0,SCP,156.6,5.5,337.0,5.0,2,3800,0,0,0,0,2,0
CF,SJC03,-23.280175,-45.808358,0,SCP,156.6,4.0,337.0,1.5,2,3320,0,0,0,0,0,0
CF,SJC04,-23.262564,-45.827711,0,SCP,156.6,2.5,337.0,1.5,2,2840,0,0,0,0,0,0
CF,FTP33,-23.237939,-45.854761,0,SCP,156.6,0.4,337.0,2.1,1,2172,0,0,0,0,3,0
CF,SCP,-23.233167,-45.860000,0,SCP,0.0,0.0,337.0,0.4,0,0,0,0,0,0,0,0
FA,SCP,-23.233167,-45.860000,0,SCP,0.0,0.0,337.0,2,4000,0,0,0,0,0,0
VI,2, ,0.0,150.0,0,0,0,0,0,0,0,0
CF,SOTPI,-23.245444,-45.626411,0,SCP,115.3,12.9,115.0,6.0,2,7000,0,0,0,0,0,0
HM,SOTPI,-23.245444,-45.626411,1, ,0.0,0.0,295.0,04.3,2,7000,0,0,0,0,0,0,0

APPTR,I16-T,16,LONES
IF,LONES,-23.030517,-45.923333, ,0.0,0.0,2,7000,0,1,220,0,1,0
TF,GEMSO,-23.101514,-45.999958,0,ISJ,0.0,0.0,0.0,0.0,2,5100,0,0,0,0,1,0

FINAL,I16-T,16,I,3
IF,GEMSO,-23.101514,-45.999958,ISJ,336.9,11.7,2,5100,0,0,0,0,0,0
CF,SJ044,-23.160600,-45.935992,0,ISJ,336.9,6.7,157.0,5.0,1,3680,0,0,0,0,2,0
CF,RW16,-23.219664,-45.871967,0,ISJ,336.9,1.7,157.0,5.0,1,2087,0,0,0,0,3,0
TF,TESIX,-23.437333,-45.635306,0, ,0.0,0.0,0.0,0.0,2,6000,0,0,0,0,0,1
HM,TESIX,-23.437333,-45.635306,1, ,0.0,0.0,157.0,04.3,2,6000,0,0,0,0,0,0,0

APPTR,I16-V,16,LONES
IF,LONES,-23.030517,-45.923333, ,0.0,0.0,2,7000,0,1,220,0,1,0
AF,SCP13,-23.083017,-46.020236,1,SCP,337.4,12.6,6.0,2,5100,0,0,0,0,0,0
CF,EDMEG,-23.097472,-46.004833,0,ISJ,336.8,12.1,157.0,1.2,2,5100,0,0,0,0,1,0

FINAL,I16-V,16,I,3
IF,EDMEG,-23.097472,-46.004833,ISJ,336.8,12.1,2,5100,0,0,0,0,0,0
CF,SJ044,-23.160600,-45.935992,0,ISJ,336.9,6.7,157.0,5.4,1,3680,0,0,0,0,2,0
CF,RW16,-23.219664,-45.871967,0,ISJ,336.9,1.7,157.0,5.0,1,2087,0,0,0,0,3,0
VA,0,157.0,2,3100,0,0,0,0,0,0
CF,TESIX,-23.437333,-45.635306,0,SCP,156.6,17.4,157.0,16.0,2,6000,0,0,0,0,0,0
HM,TESIX,-23.437333,-45.635306,1, ,0.0,0.0,157.0,04.3,2,6000,0,0,0,0,0,0,0

APPTR,L16-V,16,LONES
IF,LONES,-23.030517,-45.923333, ,0.0,0.0,2,7000,0,1,220,0,1,0
AF,SCP13,-23.083017,-46.020236,1,SCP,337.4,12.6,6.0,2,5100,0,0,0,0,0,0
CF,EDMEG,-23.097472,-46.004833,0,ISJ,336.8,12.1,157.0,1.2,2,5100,0,0,0,0,1,0

FINAL,L16-V,16,D,3
IF,EDMEG,-23.097472,-46.004833,ISJ,336.8,12.1,2,5100,0,0,0,0,0,0
CF,SJ044,-23.160600,-45.935992,0,ISJ,336.9,6.7,157.0,5.4,2,3680,0,0,0,0,2,0
CF,RW16,-23.219664,-45.871967,0,ISJ,336.9,1.7,157.0,5.0,1,2087,0,0,0,0,3,0
VA,0,157.0,2,3100,0,0,0,0,0,0
CF,TESIX,-23.437333,-45.635306,0,SCP,156.6,17.4,157.0,16.0,2,6000,0,0,0,0,0,0
HM,TESIX,-23.437333,-45.635306,1, ,0.0,0.0,157.0,04.3,2,6000,0,0,0,0,0,0,0

APPTR,R16-W,16,LONES
IF,LONES,-23.030517,-45.923333, ,0.0,0.0,2,7000,0,0,0,0,1,0
TF,GEMSO,-23.101514,-45.999958,0, ,0.0,0.0,0.0,0.0,2,5300,0,0,0,0,1,0

FINAL,R16-W,16,R,3
IF,GEMSO,-23.101514,-45.999958, ,0.0,0.0,2,5300,0,0,0,0,0,0
TF,SJ044,-23.160600,-45.935992,0, ,0.0,0.0,157.0,5.0,2,3680,0,0,0,0,2,0
TF,RW16,-23.219664,-45.871967,0, ,0.0,0.0,157.0,5.0,1,2082,0,0,0,0,3,1
CA,0,157.0,2,4000,0,0,0,0,0,0
DF,LONES,-23.030517,-45.923333,1, ,0.0,0.0,2,7000,0,0,0,0,0,1
HM,LONES,-23.030517,-45.923333,1, ,0.0,0.0,276.0,04.3,2,7000,0,0,0,0,0,0,0

APPTR,R16-Z,16,SJ023
IF,SJ023,-23.007539,-45.892428, ,0.0,0.0,2,7000,0,0,0,0,1,0
TF,SJ024,-23.029253,-45.941608,0, ,0.0,0.0,0.0,0.0,2,6000,0,1,210,0,0,0
RF,SJ033,-23.081356,-45.982239,1,SJ028,181.8,4.0,2,4800,0,0,0,0,0,0
RF,SJ026,-23.136972,-45.961586,1,SJ028,380.7,4.0,2,4100,0,0,0,0,1,0

FINAL,R16-Z,16,R,3
IF,SJ026,-23.136972,-45.961586, ,0.0,0.0,2,4100,0,0,0,0,0,0
TF,SJ027,-23.172417,-45.923192,0, ,0.0,0.0,157.0,3.0,2,3360,0,0,0,0,2,0
TF,RW16,-23.219664,-45.871967,0, ,0.0,0.0,157.0,4.0,1,2082,0,0,0,0,3,1
TF,SJ029,-23.288142,-45.797628,0, ,0.0,0.0,0.0,0.0,0,0,0,1,195,0,0,0
RF,SJ031,-23.191194,-45.693169,1,SJ032,335.7,4.1,0,0,0,1,195,0,0,0
TF,SJ023,-23.007539,-45.892428,0, ,0.0,0.0,0.0,0.0,2,7000,0,0,0,0,0,1
HM,SJ023,-23.007539,-45.892428,1, ,0.0,0.0,266.0,04.3,2,7000,0,0,0,0,0,0,0

APPTR,R34-X,34,SOTPI
IF,SOTPI,-23.245444,-45.626411, ,0.0,0.0,2,7000,0,0,0,0,1,0
TF,SJ046,-23.354753,-45.725200,0, ,0.0,0.0,0.0,0.0,2,5300,0,0,0,0,1,0

APPTR,R34-X,34,TESIX
IF,TESIX,-23.437333,-45.635306, ,0.0,0.0,2,7000,0,0,0,0,1,0
TF,SJ046,-23.354753,-45.725200,0, ,0.0,0.0,0.0,0.0,2,5300,0,0,0,0,1,0

FINAL,R34-X,34,R,4
IF,SJ046,-23.354753,-45.725200, ,0.0,0.0,2,5300,0,0,0,0,0,0
TF,SJ047,-23.295753,-45.789353,0, ,0.0,0.0,337.0,5.0,2,3770,0,0,0,0,2,0
TF,SJ020,-23.272139,-45.814994,0, ,0.0,0.0,337.0,2.0,2,3126,0,0,0,0,0,0
TF,RW34,-23.236728,-45.853453,0, ,0.0,0.0,337.0,3.0,1,2171,0,0,0,0,3,1
CA,0,337.0,2,4000,0,0,0,0,0,0
DF,SOTPI,-23.245444,-45.626411,2, ,0.0,0.0,2,7000,0,0,0,0,0,1
HM,SOTPI,-23.245444,-45.626411,1, ,0.0,0.0,242.0,04.3,2,7000,0,0,0,0,0,0,0

