SID,ARVO1A,10,5
DF,DER10,-12.905311,-38.306281,0, ,0.0,0.0,0,0,0,0,0,0,0,1
CF,SV021,-12.847819,-38.069164,0,SVD,99.7,15.2,99.0,14.3,0,0,0,0,0,0,0,0
TF,SV079,-12.015467,-37.185181,0, ,0.0,0.0,0.0,0.0,0,0,0,0,0,0,0,0
TF,ARVOR,-10.350722,-36.310969,0, ,0.0,0.0,0.0,0.0,0,0,0,0,0,0,0,0

SID,GEDE3A,10,5
DF,DER10,-12.905311,-38.306281,0, ,0.0,0.0,0,0,0,0,0,0,0,1
CA,0,102.0,2,1800,0,0,0,0,0,0
DF,GEDEX,-13.141875,-38.207889,2, ,0.0,0.0,0,0,0,0,0,0,0,0

SID,GEDE3A,IRUMI,6
IF,GEDEX,-13.141875,-38.207889, ,0.0,0.0,0,0,0,0,0,0,0,0
TF,IRUMI,-15.015333,-38.306500,0, ,0.0,0.0,0.0,0.0,0,0,0,0,0,0,0,0

SID,GEDE3A,OSENI,6
IF,GEDEX,-13.141875,-38.207889, ,0.0,0.0,0,0,0,0,0,0,0,0
TF,OSENI,-13.919375,-38.478108,0, ,0.0,0.0,0.0,0.0,0,0,0,0,0,0,0,0

SID,GEDE3A,UKARU,6
IF,GEDEX,-13.141875,-38.207889, ,0.0,0.0,0,0,0,0,0,0,0,0
TF,UKARU,-15.444722,-38.396389,0, ,0.0,0.0,0.0,0.0,0,0,0,0,0,0,0,0

SID,KIBI2B,28,5
DF,DER28,-12.911289,-38.336089,0, ,0.0,0.0,0,0,0,0,0,0,0,1
CF,KIBIX,-12.964833,-38.603667,0,SVD,281.1,16.9,282.0,15.9,0,0,0,0,0,0,0,0

SID,KIBI2B,ARNOX,6
IF,KIBIX,-12.964833,-38.603667, ,0.0,0.0,0,0,0,0,0,0,0,0
TF,ARNOX,-13.284464,-39.748517,0, ,0.0,0.0,0.0,0.0,0,0,0,0,0,0,0,0

SID,KIBI2B,GEKEV,6
IF,KIBIX,-12.964833,-38.603667, ,0.0,0.0,0,0,0,0,0,0,0,0
TF,GILDO,-13.450433,-39.323786,0, ,0.0,0.0,0.0,0.0,0,0,0,0,0,0,0,0
TF,GEKEV,-14.099039,-40.393478,0, ,0.0,0.0,0.0,0.0,0,0,0,0,0,0,0,0

SID,KIBI2B,GILDO,6
IF,KIBIX,-12.964833,-38.603667, ,0.0,0.0,0,0,0,0,0,0,0,0
TF,GILDO,-13.450433,-39.323786,0, ,0.0,0.0,0.0,0.0,0,0,0,0,0,0,0,0

SID,MEVU1A,10,5
DF,DER10,-12.905311,-38.306281,0, ,0.0,0.0,0,0,0,0,0,0,0,1
CA,0,99.0,2,1800,0,0,0,0,0,0
DF,MEVUP,-12.713356,-38.286664,1, ,0.0,0.0,4,6000,3000,0,0,0,0,0

SID,MEVU1A,ARURU,6
IF,MEVUP,-12.713356,-38.286664, ,0.0,0.0,4,6000,3000,0,0,0,0,0
TF,ARURU,-11.941833,-37.692333,0, ,0.0,0.0,0.0,0.0,0,0,0,0,0,0,0,0

SID,MEVU1A,ASGIK,6
IF,MEVUP,-12.713356,-38.286664, ,0.0,0.0,4,6000,3000,0,0,0,0,0
TF,ASGIK,-11.465078,-37.863681,0, ,0.0,0.0,0.0,0.0,0,0,0,0,0,0,0,0

SID,MEVU1A,ILTAT,6
IF,MEVUP,-12.713356,-38.286664, ,0.0,0.0,4,6000,3000,0,0,0,0,0
TF,ARURU,-11.941833,-37.692333,0, ,0.0,0.0,0.0,0.0,0,0,0,0,0,0,0,0
TF,ILTAT,-11.003581,-37.153683,0, ,0.0,0.0,0.0,0.0,0,0,0,0,0,0,0,0

SID,MIME1B,28,5
DF,DER28,-12.911289,-38.336089,0, ,0.0,0.0,0,0,0,0,0,0,0,1
CA,0,282.0,2,1800,0,0,0,0,0,0
DF,MIMES,-13.101617,-38.349047,1, ,0.0,0.0,4,6000,3000,0,0,0,0,0

SID,MIME1B,IRUMI,6
IF,MIMES,-13.101617,-38.349047, ,0.0,0.0,4,6000,3000,0,0,0,0,0
TF,IRUMI,-15.015333,-38.306500,0, ,0.0,0.0,0.0,0.0,0,0,0,0,0,0,0,0

SID,MIME1B,OSENI,6
IF,MIMES,-13.101617,-38.349047, ,0.0,0.0,4,6000,3000,0,0,0,0,0
TF,OSENI,-13.919375,-38.478108,0, ,0.0,0.0,0.0,0.0,0,0,0,0,0,0,0,0

SID,MIME1B,UKARU,6
IF,MIMES,-13.101617,-38.349047, ,0.0,0.0,4,6000,3000,0,0,0,0,0
TF,UKARU,-15.444722,-38.396389,0, ,0.0,0.0,0.0,0.0,0,0,0,0,0,0,0,0

SID,OMNI,10,1
CA,0,102.0,2,600,0,0,0,0,0,0
VM,0,0,0,102.0,0,0,0,0,0,0,0,0

SID,OMNI,28,1
CA,0,282.0,2,600,0,0,0,0,0,0
VM,0,0,0,282.0,0,0,0,0,0,0,0,0

SID,PABU1A,10,5
DF,DER10,-12.905311,-38.306281,0, ,0.0,0.0,0,0,0,0,0,0,0,1
CA,0,102.0,2,1800,0,0,0,0,0,0
DF,MEVUP,-12.713356,-38.286664,1, ,0.0,0.0,4,6000,3000,0,0,0,0,0
TF,PABUK,-12.379478,-38.306353,0, ,0.0,0.0,0.0,0.0,0,0,0,0,0,0,0,0

SID,PABU1A,BOGUT,6
IF,PABUK,-12.379478,-38.306353, ,0.0,0.0,0,0,0,0,0,0,0,0
TF,SV058,-12.310228,-38.470625,0, ,0.0,0.0,0.0,0.0,2,14000,0,0,0,0,0,0
TF,VAMOT,-12.186306,-38.763897,0, ,0.0,0.0,0.0,0.0,0,0,0,0,0,0,0,0
TF,BOGUT,-12.000000,-39.203333,0, ,0.0,0.0,0.0,0.0,0,0,0,0,0,0,0,0

SID,PABU1A,FROTI,6
IF,PABUK,-12.379478,-38.306353, ,0.0,0.0,0,0,0,0,0,0,0,0
TF,FROTI,-10.277000,-38.387667,0, ,0.0,0.0,0.0,0.0,0,0,0,0,0,0,0,0

SID,UMPE1A,10,5
DF,DER10,-12.905311,-38.306281,0, ,0.0,0.0,0,0,0,0,0,0,0,1
CA,0,102.0,2,1800,0,0,0,0,0,0
DF,DIKIT,-13.026617,-38.399303,2, ,0.0,0.0,2,6000,0,0,0,0,0,0
TF,UMPEL,-13.088614,-38.734767,0, ,0.0,0.0,0.0,0.0,2,12000,0,0,0,0,0,0

SID,UMPE1A,ARNOX,6
IF,UMPEL,-13.088614,-38.734767, ,0.0,0.0,2,12000,0,0,0,0,0,0
TF,ARNOX,-13.284464,-39.748517,0, ,0.0,0.0,0.0,0.0,0,0,0,0,0,0,0,0

SID,UMPE1A,GEKEV,6
IF,UMPEL,-13.088614,-38.734767, ,0.0,0.0,2,12000,0,0,0,0,0,0
TF,GILDO,-13.450433,-39.323786,0, ,0.0,0.0,0.0,0.0,0,0,0,0,0,0,0,0
TF,GEKEV,-14.099039,-40.393478,0, ,0.0,0.0,0.0,0.0,0,0,0,0,0,0,0,0

SID,UMPE1A,GILDO,6
IF,UMPEL,-13.088614,-38.734767, ,0.0,0.0,2,12000,0,0,0,0,0,0
TF,GILDO,-13.450433,-39.323786,0, ,0.0,0.0,0.0,0.0,0,0,0,0,0,0,0,0

SID,UTLE1B,28,5
DF,DER28,-12.911289,-38.336089,0, ,0.0,0.0,0,0,0,0,0,0,0,1
CA,0,282.0,2,1800,0,0,0,0,0,0
DF,UTLED,-12.741592,-38.428597,2, ,0.0,0.0,4,6000,3000,0,0,0,0,0

SID,UTLE1B,ARURU,6
IF,UTLED,-12.741592,-38.428597, ,0.0,0.0,4,6000,3000,0,0,0,0,0
TF,ARURU,-11.941833,-37.692333,0, ,0.0,0.0,0.0,0.0,0,0,0,0,0,0,0,0

SID,UTLE1B,ARVOR,6
IF,UTLED,-12.741592,-38.428597, ,0.0,0.0,4,6000,3000,0,0,0,0,0
TF,ARURU,-11.941833,-37.692333,0, ,0.0,0.0,0.0,0.0,0,0,0,0,0,0,0,0
TF,ARVOR,-10.350722,-36.310969,0, ,0.0,0.0,0.0,0.0,0,0,0,0,0,0,0,0

SID,UTLE1B,ASGIK,6
IF,UTLED,-12.741592,-38.428597, ,0.0,0.0,4,6000,3000,0,0,0,0,0
TF,ASGIK,-11.465078,-37.863681,0, ,0.0,0.0,0.0,0.0,0,0,0,0,0,0,0,0

SID,UTLE1B,BOGUT,6
IF,UTLED,-12.741592,-38.428597, ,0.0,0.0,4,6000,3000,0,0,0,0,0
TF,SV031,-12.505789,-38.423258,0, ,0.0,0.0,0.0,0.0,0,0,0,0,0,0,0,0
TF,SV032,-12.363503,-38.643225,0, ,0.0,0.0,0.0,0.0,3,13000,0,0,0,0,0,0
TF,BOGUT,-12.000000,-39.203333,0, ,0.0,0.0,0.0,0.0,0,0,0,0,0,0,0,0

SID,UTLE1B,FROTI,6
IF,UTLED,-12.741592,-38.428597, ,0.0,0.0,4,6000,3000,0,0,0,0,0
TF,ARVAT,-12.236833,-38.308667,0, ,0.0,0.0,0.0,0.0,0,0,0,0,0,0,0,0
TF,FROTI,-10.277000,-38.387667,0, ,0.0,0.0,0.0,0.0,0,0,0,0,0,0,0,0

SID,UTLE1B,ILTAT,6
IF,UTLED,-12.741592,-38.428597, ,0.0,0.0,4,6000,3000,0,0,0,0,0
TF,ARURU,-11.941833,-37.692333,0, ,0.0,0.0,0.0,0.0,0,0,0,0,0,0,0,0
TF,ILTAT,-11.003581,-37.153683,0, ,0.0,0.0,0.0,0.0,0,0,0,0,0,0,0,0

STAR,AKPA1A,10,5
IF,AKPAS,-11.924933,-37.441772, ,0.0,0.0,0,0,0,0,0,0,0,0
TF,XOLUT,-12.518319,-37.949642,0, ,0.0,0.0,0.0,0.0,0,0,0,0,0,0,0,0
TF,TOGPA,-12.772900,-38.160981,0, ,0.0,0.0,0.0,0.0,0,0,0,0,0,0,0,0
TF,SV076,-12.818928,-38.386689,0, ,0.0,0.0,0.0,0.0,2,7000,0,0,0,0,0,0
TF,UDESI,-12.846331,-38.523619,0, ,0.0,0.0,0.0,0.0,2,4000,0,0,0,0,0,0

STAR,AKPA1B,28,5
IF,AKPAS,-11.924933,-37.441772, ,0.0,0.0,0,0,0,0,0,0,0,0
TF,XOLUT,-12.518319,-37.949642,0, ,0.0,0.0,0.0,0.0,0,0,0,0,0,0,0,0
TF,TOGPA,-12.772900,-38.160981,0, ,0.0,0.0,0.0,0.0,2,4000,0,0,0,0,0,0

STAR,ATEX1A,EDNOB,4
IF,EDNOB,-14.314994,-39.584106, ,0.0,0.0,0,0,0,0,0,0,0,0
TF,ATEXO,-13.701000,-39.056500,0, ,0.0,0.0,0.0,0.0,0,0,0,0,0,0,0,0

STAR,ATEX1A,XUXUG,4
IF,XUXUG,-15.957778,-39.348889, ,0.0,0.0,0,0,0,0,0,0,0,0
TF,ATEXO,-13.701000,-39.056500,0, ,0.0,0.0,0.0,0.0,0,0,0,0,0,0,0,0

STAR,ATEX1A,ZUMBA,4
IF,ZUMBA,-14.987825,-39.712156, ,0.0,0.0,0,0,0,0,0,0,0,0
TF,ATEXO,-13.701000,-39.056500,0, ,0.0,0.0,0.0,0.0,0,0,0,0,0,0,0,0

STAR,ATEX1A,10,5
IF,ATEXO,-13.701000,-39.056500, ,0.0,0.0,0,0,0,0,0,0,0,0
TF,ASUGA,-13.387336,-38.799044,0, ,0.0,0.0,0.0,0.0,0,0,0,0,0,0,0,0
TF,SV028,-13.148494,-38.603181,0, ,0.0,0.0,0.0,0.0,3,5000,0,0,0,0,0,0
TF,GEVMO,-13.044139,-38.518361,0, ,0.0,0.0,0.0,0.0,2,4000,0,0,0,0,0,0

STAR,ATEX1B,EDNOB,4
IF,EDNOB,-14.314994,-39.584106, ,0.0,0.0,0,0,0,0,0,0,0,0
TF,ATEXO,-13.701000,-39.056500,0, ,0.0,0.0,0.0,0.0,0,0,0,0,0,0,0,0

STAR,ATEX1B,XUXUG,4
IF,XUXUG,-15.957778,-39.348889, ,0.0,0.0,0,0,0,0,0,0,0,0
TF,ATEXO,-13.701000,-39.056500,0, ,0.0,0.0,0.0,0.0,0,0,0,0,0,0,0,0

STAR,ATEX1B,ZUMBA,4
IF,ZUMBA,-14.987825,-39.712156, ,0.0,0.0,0,0,0,0,0,0,0,0
TF,ATEXO,-13.701000,-39.056500,0, ,0.0,0.0,0.0,0.0,0,0,0,0,0,0,0,0

STAR,ATEX1B,28,5
IF,ATEXO,-13.701000,-39.056500, ,0.0,0.0,0,0,0,0,0,0,0,0
TF,ASUGA,-13.387336,-38.799044,0, ,0.0,0.0,0.0,0.0,0,0,0,0,0,0,0,0
TF,GEVMO,-13.044139,-38.518361,0, ,0.0,0.0,0.0,0.0,0,0,0,0,0,0,0,0
TF,SV078,-13.003392,-38.284422,0, ,0.0,0.0,0.0,0.0,2,7000,0,0,0,0,0,0
TF,ASDUT,-12.970711,-38.121425,0, ,0.0,0.0,0.0,0.0,2,4000,0,0,0,0,0,0

STAR,RELO1A,DORMU,4
IF,DORMU,-11.595692,-40.001381, ,0.0,0.0,0,0,0,0,0,0,0,0
TF,SV081,-12.431633,-39.268303,0, ,0.0,0.0,0.0,0.0,0,0,0,0,0,0,0,0
TF,SV043,-12.722344,-39.014706,0, ,0.0,0.0,0.0,0.0,0,0,0,0,0,0,0,0
TF,RELOP,-12.865344,-38.889369,0, ,0.0,0.0,0.0,0.0,0,0,0,0,0,0,0,0

STAR,RELO1A,DOTBI,4
IF,DOTBI,-12.856636,-39.844825, ,0.0,0.0,0,0,0,0,0,0,0,0
TF,RELOP,-12.865344,-38.889369,0, ,0.0,0.0,0.0,0.0,0,0,0,0,0,0,0,0

STAR,RELO1A,10,5
IF,RELOP,-12.865344,-38.889369, ,0.0,0.0,0,0,0,0,0,0,0,0
TF,KIBIX,-12.964833,-38.603667,0, ,0.0,0.0,0.0,0.0,4,5000,4000,0,0,0,0,0

STAR,UDES2A,FROTI,4
IF,FROTI,-10.277000,-38.387667, ,0.0,0.0,0,0,0,0,0,0,0,0
TF,ILPIX,-11.698122,-38.516769,0, ,0.0,0.0,0.0,0.0,4,23000,20000,0,0,0,0,0
TF,SV023,-12.185206,-38.548656,0, ,0.0,0.0,0.0,0.0,3,13000,0,0,0,0,0,0

STAR,UDES2A,ILPIX,4
IF,ILPIX,-11.698122,-38.516769, ,0.0,0.0,4,23000,20000,0,0,0,0,0
TF,SV023,-12.185206,-38.548656,0, ,0.0,0.0,0.0,0.0,3,13000,0,0,0,0,0,0

STAR,UDES2A,10,5
IF,SV023,-12.185206,-38.548656, ,0.0,0.0,3,13000,0,0,0,0,0,0
TF,SV024,-12.733133,-38.584636,0, ,0.0,0.0,0.0,0.0,0,0,0,0,0,0,0,0
TF,UDESI,-12.846331,-38.523619,0, ,0.0,0.0,0.0,0.0,2,4000,0,0,0,0,0,0

STAR,UDES2B,DORMU,4
IF,DORMU,-11.595692,-40.001381, ,0.0,0.0,0,0,0,0,0,0,0,0
TF,SV061,-12.224814,-39.261025,0, ,0.0,0.0,0.0,0.0,0,0,0,0,0,0,0,0
TF,SV062,-12.548794,-38.830381,0, ,0.0,0.0,0.0,0.0,0,0,0,0,0,0,0,0
TF,SV024,-12.733133,-38.584636,0, ,0.0,0.0,0.0,0.0,0,0,0,0,0,0,0,0
TF,UDESI,-12.846331,-38.523619,0, ,0.0,0.0,0.0,0.0,0,0,0,0,0,0,0,0

STAR,UDES2B,DOTBI,4
IF,DOTBI,-12.856636,-39.844825, ,0.0,0.0,0,0,0,0,0,0,0,0
TF,RELOP,-12.865344,-38.889369,0, ,0.0,0.0,0.0,0.0,0,0,0,0,0,0,0,0
TF,UDESI,-12.846331,-38.523619,0, ,0.0,0.0,0.0,0.0,0,0,0,0,0,0,0,0

STAR,UDES2B,FROTI,4
IF,FROTI,-10.277000,-38.387667, ,0.0,0.0,0,0,0,0,0,0,0,0
TF,ILPIX,-11.698122,-38.516769,0, ,0.0,0.0,0.0,0.0,0,0,0,0,0,0,0,0
TF,SV071,-12.515794,-38.570347,0, ,0.0,0.0,0.0,0.0,2,14000,0,0,0,0,0,0
TF,SV024,-12.733133,-38.584636,0, ,0.0,0.0,0.0,0.0,0,0,0,0,0,0,0,0
TF,UDESI,-12.846331,-38.523619,0, ,0.0,0.0,0.0,0.0,0,0,0,0,0,0,0,0

STAR,UDES2B,ILPIX,4
IF,ILPIX,-11.698122,-38.516769, ,0.0,0.0,0,0,0,0,0,0,0,0
TF,SV071,-12.515794,-38.570347,0, ,0.0,0.0,0.0,0.0,2,14000,0,0,0,0,0,0
TF,SV024,-12.733133,-38.584636,0, ,0.0,0.0,0.0,0.0,0,0,0,0,0,0,0,0
TF,UDESI,-12.846331,-38.523619,0, ,0.0,0.0,0.0,0.0,0,0,0,0,0,0,0,0

STAR,UDES2B,28,5
IF,UDESI,-12.846331,-38.523619, ,0.0,0.0,0,0,0,0,0,0,0,0
TF,SV083,-12.807089,-38.327467,0, ,0.0,0.0,0.0,0.0,2,7000,0,0,0,0,0,0
TF,TOGPA,-12.772900,-38.160981,0, ,0.0,0.0,0.0,0.0,2,4000,0,0,0,0,0,0

APPTR,D10-Z,10,DOBVA
IF,DOBVA,-13.012258,-38.473006, ,0.0,0.0,2,4000,0,0,0,0,1,0
AF,PUBOM,-12.953603,-38.501139,2,SVD,278.0,10.9,258.0,2,2500,0,0,0,0,1,0

APPTR,D10-Z,10,TIMRI
IF,TIMRI,-12.854375,-38.499706, ,0.0,0.0,2,4000,0,0,0,0,1,0
AF,PUBOM,-12.953603,-38.501139,1,SVD,278.0,10.9,310.0,2,2500,0,0,0,0,1,0

FINAL,D10-Z,10,D,4
IF,PUBOM,-12.953603,-38.501139,SVD,278.0,10.9,2,2500,0,0,0,0,0,0
CF,ANKAT,-12.932000,-38.418767,0,SVD,278.0,5.9,98.0,5.0,2,1700,0,0,0,0,2,0
CF,SVD11,-12.923344,-38.385789,0,SVD,278.0,3.9,98.0,2.0,2,1057,0,0,0,0,0,0
CF,SVD17,-12.910072,-38.335264,0,SVD,278.0,0.8,98.0,3.1,1,86,0,0,0,0,3,0
CF,SVD,-12.906417,-38.321361,0,SVD,0.0,0.0,98.0,0.8,0,0,0,0,0,0,0,1
CF,KAGOT,-12.866664,-38.114936,0,SVD,101.9,12.3,102.0,12.3,2,4000,0,0,0,0,0,0
HM,KAGOT,-12.866664,-38.114936,1, ,0.0,0.0,282.0,04.3,2,4000,0,0,0,0,0,0,0

APPTR,D28-Z,28,ASDUT
IF,ASDUT,-12.970711,-38.121425, ,0.0,0.0,2,4000,0,0,0,0,1,0
AF,DILOX,-12.871075,-38.114103,1,SVD,103.2,12.3,131.0,2,2600,0,0,0,0,1,0

APPTR,D28-Z,28,TOGPA
IF,TOGPA,-12.772900,-38.160981, ,0.0,0.0,2,4000,0,0,0,0,1,0
AF,DILOX,-12.871075,-38.114103,2,SVD,103.2,12.3,73.0,2,2600,0,0,0,0,1,0

FINAL,D28-Z,28,D,3
IF,DILOX,-12.871075,-38.114103,SVD,103.2,12.3,2,2600,0,0,0,0,0,0
CF,DILEM,-12.890042,-38.225197,0,SVD,103.2,5.7,283.0,6.6,2,1730,0,0,0,0,2,0
CF,SVD16,-12.904547,-38.310361,0,SVD,103.2,0.7,283.0,5.1,1,117,0,0,0,0,3,0
CF,SVD,-12.906417,-38.321361,0,SVD,0.0,0.0,283.0,0.7,0,0,0,0,0,0,0,1
CF,KIBIX,-12.964833,-38.603667,0,SVD,281.1,16.9,281.0,16.9,2,4500,0,0,0,0,0,0
HM,KIBIX,-12.964833,-38.603667,1, ,0.0,0.0,101.0,04.3,2,4500,0,0,0,0,0,0,0

APPTR,I10-Y,10,DOBVA
IF,DOBVA,-13.012258,-38.473006, ,0.0,0.0,2,4000,0,0,0,0,1,0
AF,D270K,-12.977658,-38.492636,2,SVD,270.0,10.9,258.0,2,2500,0,0,0,0,0,0
VI,0,ISA,0.0,72.0,0,0,0,0,0,0,0,0

APPTR,I10-Y,10,TIMRI
IF,TIMRI,-12.854375,-38.499706, ,0.0,0.0,2,4000,0,0,0,0,1,0
AF,D292K,-12.909536,-38.507347,1,SVD,292.0,10.9,310.0,2,2500,0,0,0,0,0,0
VI,0,ISA,0.0,132.0,0,0,0,0,0,0,0,0

FINAL,I10-Y,10,I,3
IF,LOGAV,-12.944778,-38.503306,ISA,281.5,11.8,2,2500,0,0,0,0,0,0
CF,DIBOD,-12.928056,-38.419694,0,ISA,281.5,6.8,102.0,5.0,1,1700,0,0,0,0,2,0
CF,RW10,-12.911072,-38.335022,0,ISA,281.6,1.7,102.0,5.1,1,86,0,0,0,0,3,0
CF,KAGOT,-12.866664,-38.114936,0,SVD,101.9,12.3,102.0,13.2,2,4000,0,0,0,0,0,0
HM,KAGOT,-12.866664,-38.114936,1, ,0.0,0.0,282.0,04.3,2,4000,0,0,0,0,0,0,0

APPTR,I10-Z,10,GEVMO
IF,GEVMO,-13.044139,-38.518361, ,0.0,0.0,2,4000,0,0,0,0,1,0
TF,LOGAV,-12.944778,-38.503306,0,ISA,0.0,0.0,0.0,0.0,2,2500,0,0,0,0,1,0

APPTR,I10-Z,10,KIBIX
IF,KIBIX,-12.964833,-38.603667, ,0.0,0.0,2,4000,0,0,0,0,1,0
TF,LOGAV,-12.944778,-38.503306,0,ISA,0.0,0.0,0.0,0.0,2,2500,0,0,0,0,1,0

APPTR,I10-Z,10,UDESI
IF,UDESI,-12.846331,-38.523619, ,0.0,0.0,2,4000,0,0,0,0,1,0
TF,LOGAV,-12.944778,-38.503306,0,ISA,0.0,0.0,0.0,0.0,2,2500,0,0,0,0,1,0

FINAL,I10-Z,10,I,3
IF,LOGAV,-12.944778,-38.503306,ISA,281.4,11.8,2,2500,0,0,0,0,0,0
CF,DIBOD,-12.928056,-38.419694,0,ISA,281.4,6.8,102.0,5.0,1,1700,0,0,0,0,2,0
CF,RW10,-12.911072,-38.335022,0,ISA,281.4,1.7,102.0,5.1,1,86,0,0,0,0,3,0
CF,SV091,-12.838794,-37.975772,0,SVD,101.8,20.7,102.0,21.5,2,4000,0,0,0,0,0,1
HM,SV091,-12.838794,-37.975772,1, ,0.0,0.0,102.0,04.3,2,4000,0,0,0,0,0,0,0

APPTR,I28-X,28,ASDUT
IF,ASDUT,-12.970711,-38.121425, ,0.0,0.0,2,4000,0,0,0,0,1,0
TF,SV027,-12.872131,-38.141147,0,ILD,0.0,0.0,0.0,0.0,2,2600,0,0,0,0,1,0

APPTR,I28-X,28,TOGPA
IF,TOGPA,-12.772900,-38.160981, ,0.0,0.0,2,4000,0,0,0,0,1,0
TF,SV027,-12.872131,-38.141147,0,ILD,0.0,0.0,0.0,0.0,2,2600,0,0,0,0,1,0

FINAL,I28-X,28,I,3
IF,SV027,-12.872131,-38.141147,ILD,101.5,11.8,2,2600,0,0,0,0,0,0
CF,RENIS,-12.889072,-38.225389,0,ILD,101.5,6.7,282.0,5.0,1,1730,0,0,0,0,2,0
CF,RW28,-12.906067,-38.310069,0,ILD,101.5,1.7,282.0,5.1,1,117,0,0,0,0,3,0
VA,0,282.0,2,2200,0,0,0,0,0,0
DF,ASDUT,-12.970711,-38.121425,1, ,0.0,0.0,2,4000,0,0,0,0,0,1
HM,ASDUT,-12.970711,-38.121425,1, ,0.0,0.0,12.0,04.3,2,4000,0,0,0,0,0,0,0

APPTR,I28-Y,28,ASDUT
IF,ASDUT,-12.970711,-38.121425, ,0.0,0.0,2,4000,0,0,0,0,1,0
AF,D112L,-12.902731,-38.110983,1,SVD,112.0,12.3,131.0,2,2600,0,0,0,0,0,0
VI,0,ILD,0.0,312.0,0,0,0,0,0,0,0,0

APPTR,I28-Y,28,TOGPA
IF,TOGPA,-12.772900,-38.160981, ,0.0,0.0,2,4000,0,0,0,0,1,0
AF,D092L,-12.832372,-38.124981,2,SVD,92.0,12.3,73.0,2,2600,0,0,0,0,0,0
VI,0,ILD,0.0,252.0,0,0,0,0,0,0,0,0

FINAL,I28-Y,28,I,3
IF,KAGOT,-12.866664,-38.114936,ILD,101.4,13.3,2,2600,0,0,0,0,0,0
CF,RENIS,-12.889072,-38.225389,0,ILD,101.5,6.7,282.0,6.6,1,1730,0,0,0,0,2,0
CF,RW28,-12.906067,-38.310069,0,ILD,101.5,1.7,282.0,5.1,1,117,0,0,0,0,3,0
CA,0,282.0,2,470,0,0,0,0,0,0
CF,KIBIX,-12.964833,-38.603667,0,SVD,281.1,16.9,281.0,16.6,2,4500,0,0,0,0,0,0
HM,KIBIX,-12.964833,-38.603667,1, ,0.0,0.0,101.0,04.3,2,4500,0,0,0,0,0,0,0

APPTR,L10-Y,10,DOBVA
IF,DOBVA,-13.012258,-38.473006, ,0.0,0.0,2,4000,0,0,0,0,1,0
AF,D270K,-12.977658,-38.492636,2,SVD,270.0,10.9,258.0,2,2500,0,0,0,0,0,0
VI,0,ISA,0.0,72.0,0,0,0,0,0,0,0,0

APPTR,L10-Y,10,TIMRI
IF,TIMRI,-12.854375,-38.499706, ,0.0,0.0,2,4000,0,0,0,0,1,0
AF,D292K,-12.909536,-38.507347,1,SVD,292.0,10.9,310.0,2,2500,0,0,0,0,0,0
VI,0,ISA,0.0,132.0,0,0,0,0,0,0,0,0

FINAL,L10-Y,10,D,4
IF,LOGAV,-12.944778,-38.503306,ISA,281.5,11.8,2,2500,0,0,0,0,0,0
CF,DIBOD,-12.928056,-38.419694,0,ISA,281.5,6.8,102.0,5.0,2,1700,0,0,0,0,2,0
CF,SVD15,-12.921364,-38.386250,0,ISA,281.5,4.8,102.0,2.0,2,1062,0,0,0,0,0,0
CF,RW10,-12.911072,-38.335022,0,ISA,281.6,1.7,102.0,3.1,1,86,0,0,0,0,3,0
CF,KAGOT,-12.866664,-38.114936,0,SVD,101.9,12.3,102.0,13.2,2,4000,0,0,0,0,0,0
HM,KAGOT,-12.866664,-38.114936,1, ,0.0,0.0,282.0,04.3,2,4000,0,0,0,0,0,0,0

APPTR,L28-Y,28,ASDUT
IF,ASDUT,-12.970711,-38.121425, ,0.0,0.0,2,4000,0,0,0,0,1,0
AF,D112L,-12.902731,-38.110983,1,SVD,112.0,12.3,131.0,2,2600,0,0,0,0,0,0
VI,0,ILD,0.0,312.0,0,0,0,0,0,0,0,0

APPTR,L28-Y,28,TOGPA
IF,TOGPA,-12.772900,-38.160981, ,0.0,0.0,2,4000,0,0,0,0,1,0
AF,D092L,-12.832372,-38.124981,2,SVD,92.0,12.3,73.0,2,2600,0,0,0,0,0,0
VI,0,ILD,0.0,252.0,0,0,0,0,0,0,0,0

FINAL,L28-Y,28,D,3
IF,KAGOT,-12.866664,-38.114936,ILD,101.4,13.3,2,2600,0,0,0,0,0,0
CF,RENIS,-12.889072,-38.225389,0,ILD,101.5,6.7,282.0,6.6,2,1730,0,0,0,0,2,0
CF,RW28,-12.906067,-38.310069,0,ILD,101.5,1.7,282.0,5.1,1,117,0,0,0,0,3,0
CF,KIBIX,-12.964833,-38.603667,0,SVD,281.1,16.9,281.0,17.6,2,4500,0,0,0,0,0,0
HM,KIBIX,-12.964833,-38.603667,1, ,0.0,0.0,101.0,04.3,2,4500,0,0,0,0,0,0,0

APPTR,R10,10,GEVMO
IF,GEVMO,-13.044139,-38.518361, ,0.0,0.0,2,4000,0,0,0,0,1,0
TF,LOGAV,-12.944778,-38.503306,0, ,0.0,0.0,0.0,0.0,2,2500,0,0,0,0,1,0

APPTR,R10,10,KIBIX
IF,KIBIX,-12.964833,-38.603667, ,0.0,0.0,2,4000,0,0,0,0,1,0
TF,LOGAV,-12.944778,-38.503306,0, ,0.0,0.0,0.0,0.0,2,2500,0,0,0,0,1,0

APPTR,R10,10,UDESI
IF,UDESI,-12.846331,-38.523619, ,0.0,0.0,2,4000,0,0,0,0,1,0
TF,LOGAV,-12.944778,-38.503306,0, ,0.0,0.0,0.0,0.0,2,2500,0,0,0,0,1,0

FINAL,R10,10,R,4
IF,LOGAV,-12.944778,-38.503306, ,0.0,0.0,2,2500,0,0,0,0,0,0
TF,DIBOD,-12.928056,-38.419694,0, ,0.0,0.0,102.0,5.0,2,1700,0,0,0,0,2,0
TF,SVD13,-12.921342,-38.386256,0, ,0.0,0.0,102.0,2.0,2,1057,0,0,0,0,0,0
TF,RW10,-12.911072,-38.335022,0, ,0.0,0.0,102.0,3.1,1,81,0,0,0,0,3,1
CF,SV091,-12.838794,-37.975772,0,SVD,101.8,20.7,102.0,21.5,2,4000,0,0,0,0,0,1
HM,SV091,-12.838794,-37.975772,1, ,0.0,0.0,102.0,04.3,2,4000,0,0,0,0,0,0,0

APPTR,R17-Z,17,SV044
IF,SV044,-12.780400,-38.565225, ,0.0,0.0,2,4000,0,0,0,0,1,0
TF,SV052,-12.772600,-38.444378,0, ,0.0,0.0,0.0,0.0,2,2800,0,0,0,0,1,0

APPTR,R17-Z,17,SV051
IF,SV051,-12.661981,-38.399925, ,0.0,0.0,2,4000,0,0,0,0,1,0
TF,SV052,-12.772600,-38.444378,0, ,0.0,0.0,0.0,0.0,2,2800,0,0,0,0,1,0

APPTR,R17-Z,17,SV053
IF,SV053,-12.705006,-38.494672, ,0.0,0.0,2,4000,0,0,0,0,1,0
TF,SV052,-12.772600,-38.444378,0, ,0.0,0.0,0.0,0.0,2,2800,0,0,0,0,1,0

FINAL,R17-Z,17,R,3
IF,SV052,-12.772600,-38.444378, ,0.0,0.0,2,2800,0,0,0,0,0,0
TF,SV054,-12.840194,-38.394072,0, ,0.0,0.0,167.0,5.0,2,1670,0,0,0,0,2,0
TF,RW17,-12.907775,-38.343736,0, ,0.0,0.0,167.0,5.0,1,78,0,0,0,0,3,1
CF,SV082,-13.110503,-38.192597,0,SVD,171.3,14.3,167.0,15.0,2,2000,0,0,0,0,0,1
HM,SV082,-13.110503,-38.192597,2, ,0.0,0.0,347.0,04.3,2,2000,0,0,0,0,0,0,0

APPTR,R28,28,ASDUT
IF,ASDUT,-12.970711,-38.121425, ,0.0,0.0,2,4000,0,0,0,0,1,0
TF,SV027,-12.872131,-38.141147,0, ,0.0,0.0,0.0,0.0,2,2600,0,0,0,0,1,0

APPTR,R28,28,TOGPA
IF,TOGPA,-12.772900,-38.160981, ,0.0,0.0,2,4000,0,0,0,0,1,0
TF,SV027,-12.872131,-38.141147,0, ,0.0,0.0,0.0,0.0,2,2600,0,0,0,0,1,0

FINAL,R28,28,R,3
IF,SV027,-12.872131,-38.141147, ,0.0,0.0,2,2600,0,0,0,0,0,0
TF,RENIS,-12.889072,-38.225389,0, ,0.0,0.0,282.0,5.0,2,1730,0,0,0,0,2,0
TF,RW28,-12.906067,-38.310069,0, ,0.0,0.0,282.0,5.1,1,113,0,0,0,0,3,1
VA,0,282.0,2,2200,0,0,0,0,0,0
DF,ASDUT,-12.970711,-38.121425,1, ,0.0,0.0,2,4000,0,0,0,0,0,1
HM,ASDUT,-12.970711,-38.121425,1, ,0.0,0.0,12.0,04.3,2,4000,0,0,0,0,0,0,0

