APPTR,R07,07,TG011
IF,TG011,-20.904667,-51.900631, ,0.0,0.0,2,4200,0,0,0,0,1,0
TF,TG009,-20.854964,-51.829056,0, ,0.0,0.0,0.0,0.0,2,2800,0,0,0,0,1,0

APPTR,R07,07,TG012
IF,TG012,-20.774269,-51.892528, ,0.0,0.0,2,4200,0,0,0,0,1,0
TF,TG009,-20.854964,-51.829056,0, ,0.0,0.0,0.0,0.0,2,2800,0,0,0,0,1,0

APPTR,R07,07,TG013
IF,TG013,-20.935683,-51.765583, ,0.0,0.0,2,4200,0,0,0,0,1,0
TF,TG009,-20.854964,-51.829056,0, ,0.0,0.0,0.0,0.0,2,2800,0,0,0,0,1,0

FINAL,R07,07,R,3
IF,TG009,-20.854964,-51.829056, ,0.0,0.0,2,2800,0,0,0,0,0,0
TF,TG008,-20.805231,-51.757531,0, ,0.0,0.0,73.0,5.0,2,2700,0,0,0,0,2,0
TF,RW07,-20.755467,-51.686050,0, ,0.0,0.0,73.0,5.0,1,1109,0,0,0,0,3,1
VA,0,73.0,2,2300,0,0,0,0,0,0
DF,TG012,-20.774269,-51.892528,1, ,0.0,0.0,2,4200,0,0,0,0,0,1
HM,TG012,-20.774269,-51.892528,1, ,0.0,0.0,163.0,04.3,2,4200,0,0,0,0,0,0,0

APPTR,R25,25,TG004
IF,TG004,-20.597708,-51.460142, ,0.0,0.0,2,4100,0,0,0,0,1,0
TF,TG003,-20.647614,-51.531442,0, ,0.0,0.0,0.0,0.0,2,2700,0,0,0,0,1,0

APPTR,R25,25,TG006
IF,TG006,-20.728183,-51.467839, ,0.0,0.0,2,4100,0,0,0,0,1,0
TF,TG003,-20.647614,-51.531442,0, ,0.0,0.0,0.0,0.0,2,2700,0,0,0,0,1,0

APPTR,R25,25,TG007
IF,TG007,-20.567025,-51.594983, ,0.0,0.0,2,4100,0,0,0,0,1,0
TF,TG003,-20.647614,-51.531442,0, ,0.0,0.0,0.0,0.0,2,2700,0,0,0,0,1,0

FINAL,R25,25,R,3
IF,TG003,-20.647614,-51.531442, ,0.0,0.0,2,2700,0,0,0,0,0,0
TF,TG002,-20.697442,-51.602819,0, ,0.0,0.0,253.0,5.0,2,2700,0,0,0,0,2,0
TF,RW25,-20.747242,-51.674244,0, ,0.0,0.0,253.0,5.0,1,1107,0,0,0,0,3,1
VA,0,253.0,2,2300,0,0,0,0,0,0
DF,TG007,-20.567025,-51.594983,2, ,0.0,0.0,2,4100,0,0,0,0,0,1
HM,TG007,-20.567025,-51.594983,2, ,0.0,0.0,163.0,04.3,2,4100,0,0,0,0,0,0,0

