SID,DEXO3J,20,4
CA,0,200.0,2,1000,0,0,0,0,0,0
DF,DAKTU,-36.705964,-73.184464,2, ,0.0,0.0,2,5000,0,0,0,0,0,0
TF,IE593,-36.315211,-73.003253,0, ,0.0,0.0,0.0,0.0,2,5000,0,0,0,0,0,0
TF,DEXOT,-35.755833,-72.980556,0, ,0.0,0.0,0.0,0.0,2,9000,0,0,0,0,0,0

SID,ESID1K,02,5
CF,MUBUG,-36.702814,-73.022525,0,CAR,20.0,3.5,20.0,3.8,2,1000,0,0,0,0,0,1
DF,TARMA,-36.366597,-72.865906,0, ,0.0,0.0,2,5000,0,0,0,0,0,0
TF,ESIDO,-35.782778,-72.759444,0, ,0.0,0.0,0.0,0.0,2,10000,0,0,0,0,0,0

SID,ESID1L,02,5
CF,MUBUG,-36.702814,-73.022525,0,CAR,20.0,3.5,20.0,3.8,2,1000,0,0,0,0,0,1
DF,IE593,-36.315211,-73.003253,0, ,0.0,0.0,2,5000,0,0,0,0,0,0
TF,ESIDO,-35.782778,-72.759444,0, ,0.0,0.0,0.0,0.0,2,10000,0,0,0,0,0,0

SID,ESID3J,20,4
CA,0,200.0,2,1000,0,0,0,0,0,0
DF,DAKTU,-36.705964,-73.184464,2, ,0.0,0.0,2,5000,0,0,0,0,0,0
TF,IE593,-36.315211,-73.003253,0, ,0.0,0.0,0.0,0.0,2,5000,0,0,0,0,0,0
TF,ESIDO,-35.782778,-72.759444,0, ,0.0,0.0,0.0,0.0,2,9000,0,0,0,0,0,0

SID,LODO3J,02,1
CA,0,20.0,2,430,0,0,0,0,0,0
FA,CAR,-36.755556,-73.053056,0,CAR,0.0,0.0,20.0,2,2500,0,0,0,0,0,0
CF,DAKEP,-36.495753,-72.733069,0,CAR,39.9,21.9,40.0,19.0,2,6000,0,0,0,0,0,0
TF,LODOS,-36.042553,-72.183275,0, ,0.0,0.0,0.0,0.0,2,10000,0,0,0,0,0,0

SID,LODO3K,20,1
VA,0,200.0,2,1000,0,0,0,0,0,0
VI,1, ,0.0,10.0,0,0,0,0,0,0,0,0
CF,DAKEP,-36.495753,-72.733069,0,CAR,39.9,21.9,40.0,15.0,2,6000,0,0,0,0,0,0
TF,LODOS,-36.042553,-72.183275,0, ,0.0,0.0,0.0,0.0,2,10000,0,0,0,0,0,0

SID,LODO4M,02,4
CF,MUBUG,-36.702814,-73.022525,0,CAR,20.0,3.5,20.0,3.8,2,1000,0,0,0,0,0,1
TF,DAKEP,-36.495753,-72.733069,0, ,0.0,0.0,0.0,0.0,2,6000,0,0,0,0,0,0
TF,LODOS,-36.042553,-72.183275,0, ,0.0,0.0,0.0,0.0,2,10000,0,0,0,0,0,0

SID,LODO4N,20,4
CA,0,200.0,2,1000,0,0,0,0,0,0
DF,IE344,-36.804647,-72.921275,1, ,0.0,0.0,2,5000,0,0,0,0,0,0
TF,LODOS,-36.042553,-72.183275,0, ,0.0,0.0,0.0,0.0,2,10000,0,0,0,0,0,0

SID,PANE2J,02,1
CA,0,20.0,2,430,0,0,0,0,0,0
FA,CAR,-36.755556,-73.053056,0,CAR,0.0,0.0,20.0,2,2500,0,0,0,0,0,0
VI,2, ,0.0,207.0,0,0,0,0,0,0,0,0
CF,PANEX,-37.766389,-73.093056,0,CAR,176.8,60.6,177.0,55.0,0,0,0,0,0,0,0,0

SID,PANE2K,02,1
CA,0,20.0,2,430,0,0,0,0,0,0
FA,CAR,-36.755556,-73.053056,0,CAR,0.0,0.0,20.0,2,2500,0,0,0,0,0,0
VM,0,0,1,260.0,0,0,0,0,0,0,0,0
DF,CAR,-36.755556,-73.053056,1, ,0.0,0.0,0,0,0,0,0,0,0,0

SID,PANE2L,20,1
VA,0,200.0,2,3000,0,0,0,0,0,0
VI,0, ,0.0,147.0,0,0,0,0,0,0,0,0
CF,PANEX,-37.766389,-73.093056,0,CAR,176.8,60.6,177.0,48.0,0,0,0,0,0,0,0,0

SID,PANE3M,02,4
CF,MUBUG,-36.702814,-73.022525,0,CAR,20.0,3.5,20.0,3.8,2,1000,0,0,0,0,0,1
DF,DAGEN,-37.339628,-73.056119,2, ,0.0,0.0,2,8000,0,0,0,0,0,0
TF,PANEX,-37.766389,-73.093056,0, ,0.0,0.0,0.0,0.0,2,8000,0,0,0,0,0,0

SID,PANE3N,20,4
CA,0,200.0,2,1000,0,0,0,0,0,0
DF,DAGEN,-37.339628,-73.056119,0, ,0.0,0.0,2,8000,0,0,0,0,0,0
TF,PANEX,-37.766389,-73.093056,0, ,0.0,0.0,0.0,0.0,2,8000,0,0,0,0,0,0

SID,SOST2J,02,1
CA,0,20.0,2,430,0,0,0,0,0,0
FA,CAR,-36.755556,-73.053056,0,CAR,0.0,0.0,20.0,2,2500,0,0,0,0,0,0
CF,SOSTA,-35.821667,-72.606944,0,CAR,16.3,60.0,16.0,57.0,0,0,0,0,0,0,0,0

SID,SOST2K,20,1
VA,0,200.0,2,1000,0,0,0,0,0,0
VI,2, ,0.0,46.0,0,0,0,0,0,0,0,0
CF,SOSTA,-35.821667,-72.606944,0,CAR,16.3,60.0,16.0,56.0,0,0,0,0,0,0,0,0

SID,SOST3L,02,4
CF,MUBUG,-36.702814,-73.022525,0,CAR,20.0,3.5,20.0,3.8,2,1000,0,0,0,0,0,1
DF,TARMA,-36.366597,-72.865906,0, ,0.0,0.0,2,5000,0,0,0,0,0,0
TF,SOSTA,-35.821667,-72.606944,0, ,0.0,0.0,0.0,0.0,2,5000,0,0,0,0,0,0

SID,SOST5M,20,4
CA,0,200.0,2,1000,0,0,0,0,0,0
DF,DAKTU,-36.705964,-73.184464,2, ,0.0,0.0,2,5000,0,0,0,0,0,0
TF,IE593,-36.315211,-73.003253,0, ,0.0,0.0,0.0,0.0,2,5000,0,0,0,0,0,0
TF,SOSTA,-35.821667,-72.606944,0, ,0.0,0.0,0.0,0.0,2,9000,0,0,0,0,0,0

SID,VUMI2J,02,1
CA,0,20.0,2,430,0,0,0,0,0,0
FA,CAR,-36.755556,-73.053056,0,CAR,0.0,0.0,20.0,2,2500,0,0,0,0,0,0
VI,0, ,0.0,103.0,0,0,0,0,0,0,0,0
CF,VUMIT,-36.653611,-72.444444,0,CAR,73.4,30.0,73.0,21.0,0,0,0,0,0,0,0,0

SID,VUMI2K,20,1
VA,0,200.0,2,1000,0,0,0,0,0,0
VI,1, ,0.0,43.0,0,0,0,0,0,0,0,0
CF,VUMIT,-36.653611,-72.444444,0,CAR,73.4,30.0,73.0,21.0,0,0,0,0,0,0,0,0

SID,VUMI3L,02,4
CF,MUBUG,-36.702814,-73.022525,0,CAR,20.0,3.5,20.0,3.8,2,1000,0,0,0,0,0,1
DF,ANSIV,-36.681017,-72.606492,0, ,0.0,0.0,2,6000,0,0,0,0,0,0
TF,VUMIT,-36.653611,-72.444444,0, ,0.0,0.0,0.0,0.0,2,6000,0,0,0,0,0,0

SID,VUMI4M,20,4
CA,0,200.0,2,1000,0,0,0,0,0,0
DF,ANSIV,-36.681017,-72.606492,1, ,0.0,0.0,2,6000,0,0,0,0,0,0
TF,VUMIT,-36.653611,-72.444444,0, ,0.0,0.0,0.0,0.0,2,6000,0,0,0,0,0,0

STAR,ANGO4B,20,6
IF,ANGOL,-37.675000,-72.708333, ,0.0,0.0,2,6000,0,0,0,0,0,0
TF,MAPLO,-36.898983,-72.999931,0, ,0.0,0.0,0.0,0.0,2,6000,0,0,0,0,0,0
TF,DAMIP,-36.639389,-72.848611,0, ,0.0,0.0,0.0,0.0,2,3500,0,0,0,0,0,0

STAR,ANGO5A,02,6
IF,ANGOL,-37.675000,-72.708333, ,0.0,0.0,2,6000,0,0,0,0,0,0
TF,TELUN,-37.331119,-72.838261,0, ,0.0,0.0,0.0,0.0,2,6000,0,0,0,0,0,0
TF,MATKA,-37.038894,-73.218603,0, ,0.0,0.0,0.0,0.0,2,3500,0,0,0,0,0,0
TF,DAPSO,-36.982206,-73.185317,0, ,0.0,0.0,0.0,0.0,2,3500,0,0,0,0,0,0

STAR,ANGO5C,02,3
IF,ANGOL,-37.675000,-72.708333, ,0.0,0.0,0,0,0,0,0,0,0,0
TF,CA35A,-37.315150,-72.844297,0, ,0.0,0.0,0.0,0.0,2,6000,0,0,0,0,0,0
TF,CAR25,-37.155308,-72.904256,0, ,0.0,0.0,0.0,0.0,2,5000,0,0,0,0,0,0
FD,CAR25,-37.155308,-72.904256,0,CAR,158.4,17.0,338.0,17.0,0,0,0,0,0,0,0,0
CI,0, ,0.0,338.0,0,0,0,0,0,0,0,0
AF,DAPSO,-36.982206,-73.185317,2,CAR,200.1,15.0,158.0,2,3500,0,0,0,0,0,0

STAR,ARUN1A,02,5
IF,ARUNI,-35.885517,-72.440356, ,0.0,0.0,2,10000,0,0,0,0,0,0
TF,IE593,-36.315211,-73.003253,0, ,0.0,0.0,0.0,0.0,2,5000,0,0,0,0,0,0
TF,DAKTU,-36.705964,-73.184464,0, ,0.0,0.0,0.0,0.0,2,3700,0,0,0,0,0,0

STAR,ARUN1D,02,5
IF,ARUNI,-35.885517,-72.440356, ,0.0,0.0,2,10000,0,0,0,0,0,0
TF,IE461,-36.440000,-72.665556,0, ,0.0,0.0,0.0,0.0,2,5000,0,0,0,0,0,0
TF,IE344,-36.804647,-72.921275,0, ,0.0,0.0,0.0,0.0,2,5000,0,0,0,0,0,0
TF,MASLI,-37.024594,-73.072214,0, ,0.0,0.0,0.0,0.0,2,3500,0,1,210,0,0,0
TF,DAPSO,-36.982206,-73.185317,0, ,0.0,0.0,0.0,0.0,2,3500,0,0,0,0,0,0

STAR,ARUN6C,20,6
IF,ARUNI,-35.885517,-72.440356, ,0.0,0.0,2,10000,0,0,0,0,0,0
TF,IE253,-36.385458,-72.816864,0, ,0.0,0.0,0.0,0.0,2,5000,0,0,0,0,0,0
TF,RODUT,-36.513611,-72.912778,0, ,0.0,0.0,0.0,0.0,2,3500,0,0,0,0,0,0

STAR,ARUN8E,02,6
IF,ARUNI,-35.885517,-72.440356, ,0.0,0.0,2,10000,0,0,0,0,0,0
TF,IE593,-36.315211,-73.003253,0, ,0.0,0.0,0.0,0.0,2,5000,0,0,0,0,0,0
TF,DAKTU,-36.705964,-73.184464,0, ,0.0,0.0,0.0,0.0,2,5000,0,0,0,0,0,0
TF,KEVIS,-36.939708,-73.298294,0, ,0.0,0.0,0.0,0.0,2,3500,0,0,0,0,0,0
TF,DAPSO,-36.982206,-73.185317,0, ,0.0,0.0,0.0,0.0,2,3500,0,0,0,0,0,0

STAR,ESID1B,02,5
IF,ESIDO,-35.782778,-72.759444, ,0.0,0.0,2,9000,0,0,0,0,0,0
TF,IE461,-36.440000,-72.665556,0, ,0.0,0.0,0.0,0.0,2,5000,0,0,0,0,0,0
TF,IE344,-36.804647,-72.921275,0, ,0.0,0.0,0.0,0.0,2,5000,0,0,0,0,0,0
TF,MASLI,-37.024594,-73.072214,0, ,0.0,0.0,0.0,0.0,2,3500,0,1,210,0,0,0
TF,DAPSO,-36.982206,-73.185317,0, ,0.0,0.0,0.0,0.0,2,3500,0,0,0,0,0,0

STAR,ESID1C,02,5
IF,ESIDO,-35.782778,-72.759444, ,0.0,0.0,2,9000,0,0,0,0,0,0
TF,IE593,-36.315211,-73.003253,0, ,0.0,0.0,0.0,0.0,2,5000,0,0,0,0,0,0
TF,DAKTU,-36.705964,-73.184464,0, ,0.0,0.0,0.0,0.0,2,3700,0,0,0,0,0,0

STAR,ESID4A,02,6
IF,ESIDO,-35.782778,-72.759444, ,0.0,0.0,2,9000,0,0,0,0,0,0
TF,IE593,-36.315211,-73.003253,0, ,0.0,0.0,0.0,0.0,2,5000,0,0,0,0,0,0
TF,DAKTU,-36.705964,-73.184464,0, ,0.0,0.0,0.0,0.0,2,5000,0,0,0,0,0,0
TF,KEVIS,-36.939708,-73.298294,0, ,0.0,0.0,0.0,0.0,2,3500,0,0,0,0,0,0
TF,DAPSO,-36.982206,-73.185317,0, ,0.0,0.0,0.0,0.0,2,3500,0,0,0,0,0,0

STAR,PANE5B,02,6
IF,PANEX,-37.766389,-73.093056, ,0.0,0.0,2,8000,0,0,0,0,0,0
TF,DAGEN,-37.339628,-73.056119,0, ,0.0,0.0,0.0,0.0,2,8000,0,0,0,0,0,0
TF,MATKA,-37.038894,-73.218603,0, ,0.0,0.0,0.0,0.0,2,3500,0,0,0,0,0,0
TF,DAPSO,-36.982206,-73.185317,0, ,0.0,0.0,0.0,0.0,2,3500,0,0,0,0,0,0

STAR,PANE6A,02,3
IF,PANEX,-37.766389,-73.093056, ,0.0,0.0,0,0,0,0,0,0,0,0
TF,CA35B,-37.339347,-73.076003,0, ,0.0,0.0,0.0,0.0,2,8000,0,0,0,0,0,1
VD, ,0,0,0,CAR,0.0,0.0,335.0,25.0,2,5000,0,0,0,0,0,0
VI,0, ,0.0,335.0,0,0,0,0,0,0,0,0
CF,DAPSO,-36.982206,-73.185317,0,CAR,200.1,15.0,20.0,4.0,2,3500,0,0,0,0,0,0

STAR,PANE6C,20,5
IF,PANEX,-37.766389,-73.093056, ,0.0,0.0,2,8000,0,0,0,0,0,0
TF,MASLI,-37.024594,-73.072214,0, ,0.0,0.0,0.0,0.0,2,7000,0,0,0,0,0,0
TF,MAPLO,-36.898983,-72.999931,0, ,0.0,0.0,0.0,0.0,2,6000,0,0,0,0,0,0
TF,DAMIP,-36.639389,-72.848611,0, ,0.0,0.0,0.0,0.0,2,3500,0,0,0,0,0,0

STAR,SOST1B,02,5
IF,SOSTA,-35.821667,-72.606944, ,0.0,0.0,2,9000,0,0,0,0,0,0
TF,IE593,-36.315211,-73.003253,0, ,0.0,0.0,0.0,0.0,2,5000,0,0,0,0,0,0
TF,DAKTU,-36.705964,-73.184464,0, ,0.0,0.0,0.0,0.0,2,3700,0,0,0,0,0,0

STAR,SOST1E,02,5
IF,SOSTA,-35.821667,-72.606944, ,0.0,0.0,2,9000,0,0,0,0,0,0
TF,IE461,-36.440000,-72.665556,0, ,0.0,0.0,0.0,0.0,2,5000,0,0,0,0,0,0
TF,IE344,-36.804647,-72.921275,0, ,0.0,0.0,0.0,0.0,2,5000,0,0,0,0,0,0
TF,MASLI,-37.024594,-73.072214,0, ,0.0,0.0,0.0,0.0,2,3500,0,1,210,0,0,0
TF,DAPSO,-36.982206,-73.185317,0, ,0.0,0.0,0.0,0.0,2,3500,0,0,0,0,0,0

STAR,SOST5A,20,3
IF,SOSTA,-35.821667,-72.606944, ,0.0,0.0,0,0,0,0,0,0,0,0
TF,D016Y,-36.366600,-72.865872,0, ,0.0,0.0,0.0,0.0,0,0,0,0,0,0,0,1
DF,D020U,-36.437772,-72.869739,0, ,0.0,0.0,2,5000,0,0,0,0,0,0
TF,RODUT,-36.513611,-72.912778,0, ,0.0,0.0,0.0,0.0,2,3500,0,0,0,0,0,0

STAR,SOST6C,20,5
IF,SOSTA,-35.821667,-72.606944, ,0.0,0.0,2,5000,0,0,0,0,0,0
TF,TARMA,-36.366597,-72.865906,0, ,0.0,0.0,0.0,0.0,2,5000,0,0,0,0,0,0
TF,RODUT,-36.513611,-72.912778,0, ,0.0,0.0,0.0,0.0,2,3500,0,0,0,0,0,0

STAR,SOST8D,02,6
IF,SOSTA,-35.821667,-72.606944, ,0.0,0.0,2,9000,0,0,0,0,0,0
TF,IE593,-36.315211,-73.003253,0, ,0.0,0.0,0.0,0.0,2,5000,0,0,0,0,0,0
TF,DAKTU,-36.705964,-73.184464,0, ,0.0,0.0,0.0,0.0,2,5000,0,0,0,0,0,0
TF,KEVIS,-36.939708,-73.298294,0, ,0.0,0.0,0.0,0.0,2,3500,0,0,0,0,0,0
TF,DAPSO,-36.982206,-73.185317,0, ,0.0,0.0,0.0,0.0,2,3500,0,0,0,0,0,0

STAR,VUMI4B,20,6
IF,VUMIT,-36.653611,-72.444444, ,0.0,0.0,2,6000,0,0,0,0,0,0
TF,PAGOM,-36.696308,-72.697397,0, ,0.0,0.0,0.0,0.0,2,6000,0,0,0,0,0,0
TF,DAMIP,-36.639389,-72.848611,0, ,0.0,0.0,0.0,0.0,2,3500,0,0,0,0,0,0

STAR,VUMI7C,02,6
IF,VUMIT,-36.653611,-72.444444, ,0.0,0.0,2,6000,0,0,0,0,0,0
TF,IE344,-36.804647,-72.921275,0, ,0.0,0.0,0.0,0.0,2,5000,0,0,0,0,0,0
TF,MASLI,-37.024594,-73.072214,0, ,0.0,0.0,0.0,0.0,2,3500,0,1,210,0,0,0
TF,DAPSO,-36.982206,-73.185317,0, ,0.0,0.0,0.0,0.0,2,3500,0,0,0,0,0,0

APPTR,D02,02,D109O
IF,D109O,-36.857033,-72.768472, ,0.0,0.0,0,0,0,0,0,0,0,0
AF,DAPSO,-36.982206,-73.185317,2,CAR,200.1,15.0,109.0,2,3500,0,0,0,0,0,0
CF,CS02,-36.937008,-73.158486,0,CAR,200.0,12.0,20.0,3.0,2,2800,0,0,0,0,0,0

APPTR,D02,02,D289O
IF,D289O,-36.653394,-73.336886, ,0.0,0.0,0,0,0,0,0,0,0,0
AF,DAPSO,-36.982206,-73.185317,1,CAR,200.1,15.0,289.0,2,3500,0,0,0,0,0,0
CF,CS02,-36.937008,-73.158486,0,CAR,200.0,12.0,20.0,3.0,2,2800,0,0,0,0,0,0

FINAL,D02,02,D,4
IF,CS02,-36.937008,-73.158486,CAR,200.0,12.0,2,2800,0,0,0,0,0,0
CF,FS02,-36.891653,-73.132081,0,CAR,200.0,9.0,20.0,3.0,2,2400,0,0,0,0,2,0
CF,40VOR,-36.816050,-73.088142,0,CAR,200.0,4.0,20.0,5.0,2,840,0,0,0,0,0,0
CF,MA02,-36.790342,-73.073222,0,CAR,200.0,2.3,20.0,1.7,1,275,0,0,0,0,3,0
VA,0,20.0,2,3500,0,0,0,0,0,0

APPTR,D20-Z,20,D109M
IF,D109M,-36.843542,-72.806458, ,0.0,0.0,0,0,0,0,0,0,0,0
AF,CF20,-36.558867,-72.939397,1,CAR,20.0,13.0,109.0,2,2900,0,0,0,0,0,0

APPTR,D20-Z,20,D289M
IF,D289M,-36.667056,-73.299086, ,0.0,0.0,0,0,0,0,0,0,0,0
AF,CF20,-36.558867,-72.939397,2,CAR,20.0,13.0,289.0,2,2900,0,0,0,0,0,0

APPTR,D20-Z,20,RODUT
IF,RODUT,-36.513611,-72.912778, ,0.0,0.0,2,3500,0,0,0,0,0,0
TF,CF20,-36.558867,-72.939397,0, ,0.0,0.0,0.0,0.0,2,2900,0,0,0,0,0,0

FINAL,D20-Z,20,D,3
IF,CF20,-36.558867,-72.939397,CAR,20.0,13.0,2,2900,0,0,0,0,0,0
CF,FF20,-36.679919,-73.009272,0,CAR,20.0,5.0,200.0,8.0,2,1800,0,0,0,0,2,0
CF,CAR,-36.755556,-73.053056,0,CAR,0.0,0.0,200.0,5.0,1,188,0,0,0,0,3,0
VA,0,200.0,2,3500,0,0,0,0,0,0

APPTR,I02-T,02,DAKTU
IF,DAKTU,-36.705964,-73.184464, ,0.0,0.0,2,3700,0,0,0,0,1,0
TF,IE117,-36.838108,-73.205114,0, ,0.0,0.0,0.0,0.0,2,2500,0,1,180,0,1,0
RF,PANOV,-36.859114,-73.113494,1,IE999,352.7,2.3,2,1600,0,0,0,0,0,0

FINAL,I02-T,02,I,3
IF,PANOV,-36.859114,-73.113494,ICEP,200.1,6.7,2,1600,0,0,0,0,0,0
CF,KALIS,-36.834811,-73.099606,0,ICEP,200.3,5.1,20.0,1.6,1,1200,0,0,0,0,2,0
CF,RW02,-36.782036,-73.068597,0,ICEP,200.2,1.6,20.0,3.5,1,86,0,0,0,0,3,1
DF,ARTEN,-36.596981,-72.961139,0, ,0.0,0.0,2,3500,0,0,0,0,0,1
HM,ARTEN,-36.596981,-72.961139,2, ,0.0,0.0,200.0,04,2,3500,0,0,0,0,0,0,0

APPTR,I02-W,02,CAR
IF,CAR,-36.755556,-73.053056, ,0.0,0.0,2,6000,0,0,0,0,0,0
FD,CAR,-36.755556,-73.053056,0,CAR,0.0,12.0,218.0,12.0,0,0,0,0,0,0,0,0
CF,CF02,-36.906106,-73.141328,1,ICEP,200.2,9.8,20.0,2.0,2,2700,0,0,0,0,0,0

FINAL,I02-W,02,I,3
IF,CF02,-36.906106,-73.141328,ICEP,200.2,9.8,2,2700,0,0,0,0,0,0
CF,FF02,-36.857800,-73.112975,0,ICEP,200.2,6.6,20.0,3.2,1,1678,0,0,0,0,2,0
CF,RW02,-36.782036,-73.068597,0,ICEP,200.2,1.6,20.0,5.0,1,86,0,0,0,0,3,0
VA,0,20.0,2,3500,0,0,0,0,0,0

APPTR,I02-X,02,DAPSO
IF,DAPSO,-36.982206,-73.185317, ,0.0,0.0,2,3500,0,0,0,0,0,0
CF,CF02,-36.906106,-73.141328,0,ICEP,200.2,9.8,20.0,5.0,2,2700,0,0,0,0,0,0

FINAL,I02-X,02,I,3
IF,CF02,-36.906106,-73.141328,ICEP,200.2,9.8,2,2700,0,0,0,0,0,0
CF,FF02,-36.857800,-73.112975,0,ICEP,200.2,6.6,20.0,3.2,1,1678,0,0,0,0,2,0
CF,RW02,-36.782036,-73.068597,0,ICEP,200.2,1.6,20.0,5.0,1,86,0,0,0,0,3,0
VA,0,20.0,2,3500,0,0,0,0,0,0

APPTR,I02-Y,02,CAR
IF,CAR,-36.755556,-73.053056, ,0.0,0.0,2,6000,0,0,0,0,0,0
FD,CAR,-36.755556,-73.053056,0,CAR,0.0,12.0,218.0,12.0,0,0,0,0,0,0,0,0
CF,CF02,-36.906106,-73.141328,1,ICEP,200.2,9.8,20.0,2.0,2,2700,0,0,0,0,0,0

FINAL,I02-Y,02,I,3
IF,CF02,-36.906106,-73.141328,ICEP,200.2,9.8,2,2700,0,0,0,0,0,0
CF,FF02,-36.857800,-73.112975,0,ICEP,200.2,6.6,20.0,3.2,1,1678,0,0,0,0,2,0
CF,RW02,-36.782036,-73.068597,0,ICEP,200.2,1.6,20.0,5.0,1,86,0,0,0,0,3,0
VA,0,20.0,2,3500,0,0,0,0,0,0

APPTR,I02-Z,02,DAPSO
IF,DAPSO,-36.982206,-73.185317, ,0.0,0.0,2,3500,0,0,0,0,0,0
CF,CF02,-36.906106,-73.141328,0,ICEP,200.2,9.8,20.0,5.0,2,2700,0,0,0,0,0,0

FINAL,I02-Z,02,I,3
IF,CF02,-36.906106,-73.141328,ICEP,200.2,9.8,2,2700,0,0,0,0,0,0
CF,FF02,-36.857800,-73.112975,0,ICEP,200.2,6.6,20.0,3.2,1,1678,0,0,0,0,2,0
CF,RW02,-36.782036,-73.068597,0,ICEP,200.2,1.6,20.0,5.0,1,86,0,0,0,0,3,0
VA,0,20.0,2,3500,0,0,0,0,0,0

APPTR,R02-Y,02,DAPSO
HF,DAPSO,-36.982206,-73.185317,1, ,0.0,0.0,20.0,04,2,3500,0,0,0,0,1,0,0

FINAL,R02-Y,02,R,4
IF,DAPSO,-36.982206,-73.185317, ,0.0,0.0,2,3500,0,0,0,0,0,0
TF,PANOV,-36.859114,-73.113494,0, ,0.0,0.0,20.0,8.2,2,1700,0,0,0,0,2,0
TF,IE030,-36.827378,-73.094997,0, ,0.0,0.0,20.0,2.1,2,1020,0,0,0,0,0,0
TF,RW02,-36.782036,-73.068597,0, ,0.0,0.0,20.0,3.0,1,86,0,0,0,0,3,1
DF,ARTEN,-36.596981,-72.961139,0, ,0.0,0.0,2,3500,0,0,0,0,0,1
HM,ARTEN,-36.596981,-72.961139,2, ,0.0,0.0,200.0,04,2,3500,0,0,0,0,0,0,0

APPTR,R02-Z,02,DAPSO
HF,DAPSO,-36.982206,-73.185317,1, ,0.0,0.0,20.0,04,2,3500,0,0,0,0,1,0,0

FINAL,R02-Z,02,R,3
IF,DAPSO,-36.982206,-73.185317, ,0.0,0.0,2,3500,0,0,0,0,0,0
TF,PANOV,-36.859114,-73.113494,0, ,0.0,0.0,20.0,8.2,2,1700,0,0,0,0,2,0
TF,RW02,-36.782036,-73.068597,0, ,0.0,0.0,20.0,5.1,1,86,0,0,0,0,3,1
CA,0,20.0,2,3500,0,0,0,0,0,0
DF,ARTEN,-36.596981,-72.961139,0, ,0.0,0.0,2,3500,0,0,0,0,0,1
HM,ARTEN,-36.596981,-72.961139,2, ,0.0,0.0,200.0,04,2,3500,0,0,0,0,0,0,0

APPTR,R20,20,ARTEN
HF,ARTEN,-36.596981,-72.961139,2, ,0.0,0.0,200.0,04,2,3500,0,0,0,0,1,0,0

APPTR,R20,20,DAMIP
IF,DAMIP,-36.639389,-72.848611, ,0.0,0.0,2,3500,0,0,0,0,1,0
TF,ARTEN,-36.596981,-72.961139,0, ,0.0,0.0,0.0,0.0,2,3500,0,0,0,0,1,0

APPTR,R20,20,RODUT
IF,RODUT,-36.513611,-72.912778, ,0.0,0.0,2,3500,0,0,0,0,1,0
TF,ARTEN,-36.596981,-72.961139,0, ,0.0,0.0,0.0,0.0,2,3500,0,0,0,0,1,0

FINAL,R20,20,R,3
IF,ARTEN,-36.596981,-72.961139, ,0.0,0.0,2,3500,0,0,0,0,0,0
TF,SIDIV,-36.685731,-73.012606,0, ,0.0,0.0,200.0,5.9,2,1700,0,0,0,0,2,0
TF,RW20,-36.760808,-73.056217,0, ,0.0,0.0,200.0,5.0,1,79,0,0,0,0,3,1
DF,DAPSO,-36.982206,-73.185317,0, ,0.0,0.0,2,3500,0,0,0,0,0,1
HM,DAPSO,-36.982206,-73.185317,1, ,0.0,0.0,20.0,04,2,3500,0,0,0,0,0,0,0

APPTR,S20-Y,20,CAR
IF,CAR,-36.755556,-73.053056, ,0.0,0.0,2,3500,0,0,0,0,0,0
FC,CAR,-36.755556,-73.053056,0,CAR,0.0,0.0,24.0,7.0,0,0,0,0,0,0,0,1
CF,FS20,-36.646167,-73.026669,1,CAR,6.0,6.7,186.0,1.0,2,2300,0,0,0,0,0,0

FINAL,S20-Y,20,D,2
IF,FS20,-36.646167,-73.026669,CAR,6.0,6.7,2,2300,0,0,0,0,2,0
CF,CAR,-36.755556,-73.053056,0,CAR,0.0,0.0,186.0,6.7,1,174,0,0,0,0,3,0
VA,0,186.0,2,3500,0,0,0,0,0,0
DF,CAR,-36.755556,-73.053056,2, ,0.0,0.0,0,0,0,0,0,0,0,0
HM,CAR,-36.755556,-73.053056,1, ,0.0,0.0,24.0,04.3,0,0,0,0,0,0,0,0,0

