STAR,ARMU2A,19,5
IF,MAD,-37.406667,-72.424722, ,0.0,0.0,2,6000,0,0,0,0,0,0
TF,TO318,-37.719469,-72.359811,0, ,0.0,0.0,0.0,0.0,2,5000,0,0,0,0,0,0
TF,ARMUL,-38.044542,-72.291700,0, ,0.0,0.0,0.0,0.0,2,3500,0,0,0,0,0,0

STAR,ARMU2B,19,5
IF,ENSER,-37.645833,-72.289444, ,0.0,0.0,2,6000,0,0,0,0,0,0
TF,ARMUL,-38.044542,-72.291700,0, ,0.0,0.0,0.0,0.0,2,3500,0,0,0,0,0,0

STAR,ETEM2A,01,5
IF,NIA,-38.906228,-72.643808, ,0.0,0.0,2,6000,0,0,0,0,0,0
TF,TO220,-38.598953,-72.484689,0, ,0.0,0.0,0.0,0.0,2,5000,0,0,0,0,0,0
TF,ETEMA,-38.444356,-72.405075,0, ,0.0,0.0,0.0,0.0,2,3500,0,0,0,0,0,0

APPTR,R01,01,ETEMA
IF,ETEMA,-38.444356,-72.405075, ,0.0,0.0,2,3500,0,0,0,0,1,0
TF,TO079,-38.379250,-72.386533,0, ,0.0,0.0,0.0,0.0,2,3000,0,0,0,0,1,0

FINAL,R01,01,R,3
IF,TO079,-38.379250,-72.386533, ,0.0,0.0,2,3000,0,0,0,0,0,0
TF,RAFAS,-38.315769,-72.368489,0, ,0.0,0.0,7.0,3.9,2,2500,0,0,0,0,2,0
TF,RW01,-38.249031,-72.349542,0, ,0.0,0.0,7.0,4.1,1,1175,0,0,0,0,3,1
DF,ARMUL,-38.044542,-72.291700,0, ,0.0,0.0,2,3500,0,0,0,0,0,1
HM,ARMUL,-38.044542,-72.291700,1, ,0.0,0.0,187.0,04,2,3500,0,0,0,0,0,0,0

APPTR,R19,19,ARMUL
IF,ARMUL,-38.044542,-72.291700, ,0.0,0.0,2,3500,0,0,0,0,1,0
TF,TO080,-38.109661,-72.310086,0, ,0.0,0.0,0.0,0.0,2,3000,0,0,0,0,1,0

FINAL,R19,19,R,3
IF,TO080,-38.109661,-72.310086, ,0.0,0.0,2,3000,0,0,0,0,0,0
TF,SAGAZ,-38.173150,-72.328044,0, ,0.0,0.0,187.0,3.9,2,2500,0,0,0,0,2,0
TF,RW19,-38.239892,-72.346950,0, ,0.0,0.0,187.0,4.1,1,1190,0,0,0,0,3,1
DF,ETEMA,-38.444356,-72.405075,0, ,0.0,0.0,2,3500,0,0,0,0,0,1
HM,ETEMA,-38.444356,-72.405075,2, ,0.0,0.0,7.0,04,2,3500,0,0,0,0,0,0,0

