SID,BUXI1J,05,5
CF,VM080,-32.863072,-71.345900,0,TBN,276.2,25.9,51.0,8.0,2,3800,0,0,0,0,0,0
TF,BISUX,-32.491064,-71.493817,0, ,0.0,0.0,0.0,0.0,2,8000,0,0,0,0,0,0
TF,BUXIS,-32.259167,-71.491667,0, ,0.0,0.0,0.0,0.0,2,8000,0,0,0,0,0,0

SID,BUXI1K,23,5
CF,LIXOK,-32.987350,-71.536592,0,TBN,262.1,35.6,231.0,3.2,2,1400,0,0,0,0,0,1
DF,MILIK,-32.738614,-71.496114,2, ,0.0,0.0,2,5000,0,0,0,0,0,0
TF,BISUX,-32.491064,-71.493817,0, ,0.0,0.0,0.0,0.0,2,8000,0,0,0,0,0,0
TF,BUXIS,-32.259167,-71.491667,0, ,0.0,0.0,0.0,0.0,2,8000,0,0,0,0,0,0

SID,DGO1L,23,2
DF,SAL,-32.986667,-71.535833,0, ,0.0,0.0,2,1500,0,0,0,0,0,0
FA,SAL,-32.986667,-71.535833,0,VTN,0.0,0.0,231.0,2,2500,0,0,0,0,0,0
VI,0, ,0.0,154.0,0,0,0,0,0,0,0,0
CF,DGO,-33.657222,-71.614444,0,DGO,0.0,0.0,184.0,34.0,0,0,0,0,0,0,0,0

SID,DILO1L,05,4
CF,VM040,-32.903433,-71.408989,0,TBN,270.6,28.9,51.0,4.0,2,2100,0,0,0,0,0,0
TF,VM200,-33.096414,-71.184103,0, ,0.0,0.0,0.0,0.0,1,10000,0,0,0,0,0,0
TF,VM306,-33.085936,-70.977875,0, ,0.0,0.0,0.0,0.0,1,10000,0,0,0,0,0,0
TF,TEMUS,-33.047733,-70.821606,0, ,0.0,0.0,0.0,0.0,2,13500,0,0,0,0,0,0
TF,TINGO,-32.908167,-70.697806,0, ,0.0,0.0,0.0,0.0,2,18000,0,0,0,0,0,0
TF,EL680,-32.608047,-70.677794,0, ,0.0,0.0,0.0,0.0,2,21000,0,0,0,0,0,0
TF,DILOK,-31.933333,-70.633333,0, ,0.0,0.0,0.0,0.0,2,21000,0,0,0,0,0,0

SID,DILO1L,23,4
CF,LIXOK,-32.987350,-71.536592,0,TBN,262.1,35.6,231.0,3.2,2,1800,0,0,0,0,0,1
DF,VM200,-33.096414,-71.184103,1, ,0.0,0.0,1,10000,0,0,0,0,0,0
TF,VM306,-33.085936,-70.977875,0, ,0.0,0.0,0.0,0.0,1,10000,0,0,0,0,0,0
TF,TEMUS,-33.047733,-70.821606,0, ,0.0,0.0,0.0,0.0,2,13500,0,0,0,0,0,0
TF,TINGO,-32.908167,-70.697806,0, ,0.0,0.0,0.0,0.0,2,18000,0,0,0,0,0,0
TF,EL680,-32.608047,-70.677794,0, ,0.0,0.0,0.0,0.0,2,21000,0,0,0,0,0,0
TF,DILOK,-31.933333,-70.633333,0, ,0.0,0.0,0.0,0.0,2,21000,0,0,0,0,0,0

SID,GUVO1L,05,4
CF,VM040,-32.903433,-71.408989,0,TBN,270.6,28.9,51.0,4.0,2,2100,0,0,0,0,0,0
TF,VM200,-33.096414,-71.184103,0, ,0.0,0.0,0.0,0.0,1,10000,0,0,0,0,0,0
TF,VM306,-33.085936,-70.977875,0, ,0.0,0.0,0.0,0.0,1,10000,0,0,0,0,0,0
TF,TEMUS,-33.047733,-70.821606,0, ,0.0,0.0,0.0,0.0,2,13500,0,0,0,0,0,0
TF,TINGO,-32.908167,-70.697806,0, ,0.0,0.0,0.0,0.0,2,18000,0,0,0,0,0,0
TF,EL680,-32.608047,-70.677794,0, ,0.0,0.0,0.0,0.0,2,21000,0,0,0,0,0,0
TF,GUVOL,-32.375000,-70.225000,0, ,0.0,0.0,0.0,0.0,2,25000,0,0,0,0,0,0

SID,GUVO1L,23,4
CF,LIXOK,-32.987350,-71.536592,0,TBN,262.1,35.6,231.0,3.2,2,1800,0,0,0,0,0,1
DF,VM200,-33.096414,-71.184103,1, ,0.0,0.0,1,10000,0,0,0,0,0,0
TF,VM306,-33.085936,-70.977875,0, ,0.0,0.0,0.0,0.0,1,10000,0,0,0,0,0,0
TF,TEMUS,-33.047733,-70.821606,0, ,0.0,0.0,0.0,0.0,2,13500,0,0,0,0,0,0
TF,TINGO,-32.908167,-70.697806,0, ,0.0,0.0,0.0,0.0,2,18000,0,0,0,0,0,0
TF,EL680,-32.608047,-70.677794,0, ,0.0,0.0,0.0,0.0,2,21000,0,0,0,0,0,0
TF,GUVOL,-32.375000,-70.225000,0, ,0.0,0.0,0.0,0.0,2,25000,0,0,0,0,0,0

SID,SELT1J,05,4
CF,VM020,-32.924375,-71.439839,0,TBN,268.2,30.4,51.0,2.0,2,1300,0,0,0,0,0,1
DF,SELTU,-33.320367,-71.562831,2, ,0.0,0.0,2,6000,0,0,0,0,0,0
TF,DGO,-33.657222,-71.614444,0, ,0.0,0.0,0.0,0.0,0,0,0,0,0,0,0,0

SID,SELT1K,23,5
CF,LIXOK,-32.987350,-71.536592,0,TBN,262.1,35.6,231.0,3.2,2,1400,0,0,0,0,0,1
DF,SELTU,-33.320367,-71.562831,0, ,0.0,0.0,2,6000,0,0,0,0,0,0
TF,DGO,-33.657222,-71.614444,0, ,0.0,0.0,0.0,0.0,0,0,0,0,0,0,0,0

SID,VTN1K,23,2
DF,SAL,-32.986667,-71.535833,0, ,0.0,0.0,2,1500,0,0,0,0,0,0
FA,SAL,-32.986667,-71.535833,0,VTN,0.0,0.0,231.0,2,2500,0,0,0,0,0,0
VI,2, ,0.0,35.0,0,0,0,0,0,0,0,0
CF,VTN,-32.738611,-71.496111,0,VTN,0.0,0.0,5.0,6.0,0,0,0,0,0,0,0,0

STAR,DGO1A,05,2
IF,DGO,-33.657222,-71.614444, ,0.0,0.0,0,0,0,0,0,0,0,0
TF,DGO27,-33.208831,-71.558381,0, ,0.0,0.0,0.0,0.0,2,6000,0,0,0,0,0,0
CI,0, ,0.0,4.0,0,0,0,0,0,0,0,0
AF,D204N,-33.157106,-71.591350,2,VDM,204.0,14.0,184.0,2,6000,0,0,0,0,0,0
AF,D229N,-33.095372,-71.686653,2,VDM,229.0,14.0,204.0,0,0,0,0,0,0,0,0
TF,CD05,-33.052525,-71.625789,0, ,0.0,0.0,0.0,0.0,2,3500,0,0,0,0,0,0

STAR,DGO1B,05,2
IF,DGO,-33.657222,-71.614444, ,0.0,0.0,0,0,0,0,0,0,0,0
TF,VM250,-33.293056,-71.771667,0, ,0.0,0.0,0.0,0.0,2,6000,0,0,0,0,0,0
TF,D202Z,-33.139164,-71.694803,0, ,0.0,0.0,0.0,0.0,2,4000,0,0,0,0,0,0
VI,0, ,0.0,22.0,0,0,0,0,0,0,0,0
CF,CD05,-33.052525,-71.625789,0,VTN,196.6,19.8,49.0,3.0,2,3500,0,0,0,0,0,0

STAR,DGO1C,ALL,2
IF,DGO,-33.657222,-71.614444, ,0.0,0.0,0,0,0,0,0,0,0,0
TF,VT28B,-33.203486,-71.555681,0, ,0.0,0.0,0.0,0.0,2,6000,0,0,0,0,0,0
TF,D184W,-33.120478,-71.544997,0, ,0.0,0.0,0.0,0.0,2,5000,0,0,0,0,0,0
TF,D184R,-33.037467,-71.534333,0, ,0.0,0.0,0.0,0.0,2,4000,0,0,0,0,0,1
DF,SAL,-32.986667,-71.535833,0, ,0.0,0.0,2,3500,0,0,0,0,0,0

STAR,DGO1D,ALL,2
IF,DGO,-33.657222,-71.614444, ,0.0,0.0,0,0,0,0,0,0,0,0
TF,D004Y,-33.242047,-71.562514,0, ,0.0,0.0,0.0,0.0,0,0,0,0,0,0,0,0
CF,D192I,-33.091711,-71.514050,0,VDM,192.0,9.0,12.0,9.0,2,6000,0,0,0,0,0,0
TF,D192E,-33.026631,-71.496183,0, ,0.0,0.0,0.0,0.0,2,5000,0,0,0,0,0,0
TF,VDM,-32.945278,-71.473889,0, ,0.0,0.0,0.0,0.0,2,3500,0,0,0,0,0,0

STAR,MILIK4,05,5
IF,MILIK,-32.738614,-71.496114, ,0.0,0.0,2,8000,0,0,0,0,0,0
TF,ROKUN,-32.878469,-71.692131,0, ,0.0,0.0,0.0,0.0,2,6500,0,0,0,0,0,0
TF,VM170,-33.008025,-71.755153,0, ,0.0,0.0,0.0,0.0,2,4500,0,0,0,0,0,0
TF,POSLA,-33.066572,-71.658672,0, ,0.0,0.0,0.0,0.0,2,3500,0,0,0,0,0,0

STAR,SABL1C,05,2
IF,SABLA,-33.313889,-71.399722, ,0.0,0.0,0,0,0,0,0,0,0,0
TF,VTN28,-33.202031,-71.422294,0, ,0.0,0.0,0.0,0.0,2,8000,0,0,0,0,0,0
CI,0, ,0.0,350.0,0,0,0,0,0,0,0,0
AF,D204N,-33.157106,-71.591350,2,VDM,204.0,14.0,170.0,2,6000,0,0,0,0,0,0
AF,D229N,-33.095372,-71.686653,2,VDM,229.0,14.0,204.0,0,0,0,0,0,0,0,0
TF,CD05,-33.052525,-71.625789,0, ,0.0,0.0,0.0,0.0,2,3500,0,0,0,0,0,0

STAR,SABL1D,ALL,2
IF,SABLA,-33.313889,-71.399722, ,0.0,0.0,0,0,0,0,0,0,0,0
TF,VTN30,-33.236828,-71.433797,0, ,0.0,0.0,0.0,0.0,2,8000,0,0,0,0,0,0
TF,D171V,-33.103978,-71.450483,0, ,0.0,0.0,0.0,0.0,2,6000,0,0,0,0,0,0
TF,D171R,-33.037550,-71.458808,0, ,0.0,0.0,0.0,0.0,2,5000,0,0,0,0,0,0
TF,D171O,-32.987728,-71.465042,0, ,0.0,0.0,0.0,0.0,2,3500,0,0,0,0,0,1
DF,SAL,-32.986667,-71.535833,1, ,0.0,0.0,2,3500,0,0,0,0,0,0

STAR,SABL1E,ALL,2
IF,SABLA,-33.313889,-71.399722, ,0.0,0.0,0,0,0,0,0,0,0,0
TF,D169R,-33.241644,-71.414306,0, ,0.0,0.0,0.0,0.0,2,8000,0,0,0,0,0,0
TF,D169J,-33.109931,-71.440836,0, ,0.0,0.0,0.0,0.0,2,6000,0,0,0,0,0,0
TF,D169F,-33.044069,-71.454072,0, ,0.0,0.0,0.0,0.0,2,5000,0,0,0,0,0,0
TF,VDM,-32.945278,-71.473889,0, ,0.0,0.0,0.0,0.0,2,3500,0,0,0,0,0,0

STAR,SABL4B,05,5
IF,SABLA,-33.313889,-71.399722, ,0.0,0.0,2,8000,0,0,0,0,0,0
TF,VM181,-33.180211,-71.616478,0, ,0.0,0.0,0.0,0.0,2,5500,0,0,0,0,0,0
TF,POSLA,-33.066572,-71.658672,0, ,0.0,0.0,0.0,0.0,2,3500,0,1,250,0,0,0

STAR,SELT1C,05,5
IF,SELTU,-33.320367,-71.562831, ,0.0,0.0,2,6000,0,0,0,0,0,0
TF,VM181,-33.180211,-71.616478,0, ,0.0,0.0,0.0,0.0,2,5500,0,0,0,0,0,0
TF,POSLA,-33.066572,-71.658672,0, ,0.0,0.0,0.0,0.0,2,3500,0,1,250,0,0,0

STAR,VTN1A,05,2
IF,VTN,-32.738611,-71.496111, ,0.0,0.0,2,6000,0,0,0,0,0,0
FD,VTN,-32.738611,-71.496111,0,VTN,0.0,18.0,203.0,18.0,1,2500,0,0,0,0,0,0
VI,1, ,0.0,90.0,0,0,0,0,0,0,0,0
CF,CL05,-33.026594,-71.597528,0,VTN,193.5,18.0,51.0,3.0,0,0,0,0,0,0,0,0

STAR,VTN1B,ALL,2
IF,VTN,-32.738611,-71.496111, ,0.0,0.0,2,6000,0,0,0,0,0,0
TF,D185I,-32.887442,-71.520900,0, ,0.0,0.0,0.0,0.0,2,5000,0,0,0,0,0,1
DF,SAL,-32.986667,-71.535833,0, ,0.0,0.0,2,3500,0,0,0,0,0,0

STAR,VTN1C,ALL,2
IF,VTN,-32.738611,-71.496111, ,0.0,0.0,2,6000,0,0,0,0,0,0
TF,D354F,-32.845489,-71.484631,0, ,0.0,0.0,0.0,0.0,2,5000,0,0,0,0,0,0
TF,VDM,-32.945278,-71.473889,0, ,0.0,0.0,0.0,0.0,2,3500,0,0,0,0,0,0

APPTR,D05-Y,05,VDM
IF,VDM,-32.945278,-71.473889, ,0.0,0.0,2,3500,0,0,0,0,0,0
FD,VDM,-32.945278,-71.473889,0,VDM,0.0,10.0,247.0,10.0,0,0,0,0,0,0,0,0
CF,CD05,-33.052525,-71.625789,1,VDM,229.0,10.0,49.0,1.0,2,3000,0,0,0,0,0,0

FINAL,D05-Y,05,D,4
IF,CD05,-33.052525,-71.625789,VDM,229.0,10.0,2,3000,0,0,0,0,0,0
CF,FD05,-32.998925,-71.549792,0,VDM,229.0,5.0,49.0,5.0,2,1900,0,0,0,0,2,0
CF,35VOR,-32.982833,-71.527011,0,VDM,229.0,3.5,49.0,1.5,2,1400,0,0,0,0,0,0
CF,MD05,-32.961375,-71.496650,0,VDM,229.0,1.5,49.0,2.0,1,728,0,0,0,0,3,0
CA,0,49.0,2,870,0,0,0,0,0,0
VA,1,251.0,2,3500,0,0,0,0,0,0
DF,VDM,-32.945278,-71.473889,1, ,0.0,0.0,0,0,0,0,0,0,0,0
HM,VDM,-32.945278,-71.473889,1, ,0.0,0.0,247.0,04.3,0,0,0,0,0,0,0,0,0

APPTR,D05-Z,05,CD05
HF,CD05,-33.052525,-71.625789,1, ,0.0,0.0,49.0,04,2,3500,0,0,0,0,0,0,0

FINAL,D05-Z,05,D,4
IF,CD05,-33.052525,-71.625789,VDM,229.0,10.0,2,3000,0,0,0,0,0,0
CF,FD05,-32.998925,-71.549792,0,VDM,229.0,5.0,49.0,5.0,2,1900,0,0,0,0,2,0
CF,35VOR,-32.982833,-71.527011,0,VDM,229.0,3.5,49.0,1.5,2,1400,0,0,0,0,0,0
CF,MD05,-32.961375,-71.496650,0,VDM,229.0,1.5,49.0,2.0,1,728,0,0,0,0,3,0
CA,0,49.0,2,870,0,0,0,0,0,0
DF,CD05,-33.052525,-71.625789,1, ,0.0,0.0,2,3500,0,0,0,0,0,0
HM,CD05,-33.052525,-71.625789,1, ,0.0,0.0,49.0,04,0,0,0,0,0,0,0,0,0

APPTR,L05,05,SAL
IF,SAL,-32.986667,-71.535833, ,0.0,0.0,2,3500,0,0,0,0,0,0
FC,SAL,-32.986667,-71.535833,0,VDM,0.0,0.0,249.0,7.0,0,0,0,0,0,0,0,1
VI,1, ,0.0,81.0,2,3000,0,0,0,0,0,0
CF,CL05,-33.026594,-71.597528,0,IVDM,231.4,8.1,51.0,3.1,2,2500,0,0,0,0,0,0

FINAL,L05,05,D,3
IF,CL05,-33.026594,-71.597528,IVDM,231.4,8.1,2,2500,0,0,0,0,0,0
CF,SAL,-32.986667,-71.535833,0,IVDM,231.4,4.2,51.0,3.9,2,1600,0,0,0,0,2,0
CF,MM05,-32.960278,-71.495000,0,IVDM,231.3,1.6,51.0,2.6,1,699,0,0,0,0,3,0
CA,0,51.0,2,870,0,0,0,0,0,0
VA,1,251.0,2,3500,0,0,0,0,0,0
DF,SAL,-32.986667,-71.535833,1, ,0.0,0.0,0,0,0,0,0,0,0,0
HM,SAL,-32.986667,-71.535833,1, ,0.0,0.0,249.0,04.3,0,0,0,0,0,0,0,0,0

APPTR,L05-W,05,POSLA
HF,POSLA,-33.066572,-71.658672,1, ,0.0,0.0,51.0,04,2,3500,0,0,0,0,1,0,0
TF,VM075,-33.030919,-71.603681,0,IVDM,0.0,0.0,0.0,0.0,2,3000,0,0,0,0,0,0

FINAL,L05-W,05,D,3
IF,VM075,-33.030919,-71.603681,IVDM,231.3,8.5,2,3000,0,0,0,0,0,0
CF,LIXOK,-32.987350,-71.536592,0,IVDM,231.3,4.2,51.0,4.3,2,1600,0,0,0,0,2,0
CF,VM006,-32.960497,-71.495361,0,IVDM,231.3,1.6,51.0,2.6,1,707,0,0,0,0,3,1
CA,0,51.0,2,870,0,0,0,0,0,0
DF,VM170,-33.008025,-71.755153,1, ,0.0,0.0,2,3500,0,1,210,0,0,1
HM,VM170,-33.008025,-71.755153,2, ,0.0,0.0,125.0,04,2,3500,0,0,0,0,0,0,0

APPTR,L05-X,05,VDM
IF,VDM,-32.945278,-71.473889, ,0.0,0.0,2,3500,0,0,0,0,0,0
FD,VDM,-32.945278,-71.473889,0,VDM,0.0,10.0,247.0,10.0,0,0,0,0,0,0,0,0
CF,D231J,-33.045911,-71.627411,1,VDM,231.1,9.8,51.0,1.0,2,3000,0,0,0,0,0,0
CF,CF05,-33.030661,-71.603819,0,IVDM,231.4,8.5,51.0,1.5,2,3000,0,0,0,0,0,0

FINAL,L05-X,05,D,3
IF,CF05,-33.030661,-71.603819,IVDM,231.4,8.5,2,3000,0,0,0,0,0,0
CF,FF05,-32.987047,-71.536114,0,IVDM,231.3,4.2,51.0,4.3,2,1600,0,0,0,0,2,0
CF,MM05,-32.960278,-71.495000,0,IVDM,231.3,1.6,51.0,2.6,1,698,0,0,0,0,3,0
CA,0,51.0,2,870,0,0,0,0,0,0
VA,1,251.0,2,3500,0,0,0,0,0,0
DF,VDM,-32.945278,-71.473889,1, ,0.0,0.0,0,0,0,0,0,0,0,0
HM,VDM,-32.945278,-71.473889,1, ,0.0,0.0,247.0,04.3,0,0,0,0,0,0,0,0,0

APPTR,L05-Y,05,D231J
HF,D231J,-33.045911,-71.627411,1, ,0.0,0.0,51.0,04,2,3500,0,0,0,0,0,0,0
CF,CF05,-33.030661,-71.603819,0,IVDM,231.4,8.5,51.0,1.5,2,3000,0,0,0,0,0,0

FINAL,L05-Y,05,D,3
IF,CF05,-33.030661,-71.603819,IVDM,231.4,8.5,2,3000,0,0,0,0,0,0
CF,SAL,-32.986667,-71.535833,0,IVDM,231.4,4.2,51.0,4.3,2,1600,0,0,0,0,2,0
CF,MM05,-32.960278,-71.495000,0,IVDM,231.3,1.6,51.0,2.6,1,698,0,0,0,0,3,0
CA,0,51.0,2,870,0,0,0,0,0,0
DF,D231J,-33.045911,-71.627411,1, ,0.0,0.0,2,3500,0,0,0,0,0,0
HM,D231J,-33.045911,-71.627411,1, ,0.0,0.0,51.0,04,0,0,0,0,0,0,0,0,0

APPTR,R05-Y,05,POSLA
HF,POSLA,-33.066572,-71.658672,1, ,0.0,0.0,51.0,04,2,3500,0,0,0,0,1,0,0

FINAL,R05-Y,05,R,4
IF,POSLA,-33.066572,-71.658672, ,0.0,0.0,2,3500,0,0,0,0,0,0
TF,VM075,-33.030919,-71.603681,0, ,0.0,0.0,51.0,3.5,2,3000,0,0,0,0,0,0
TF,LIXOK,-32.987350,-71.536592,0, ,0.0,0.0,51.0,4.3,2,1600,0,0,0,0,2,0
TF,VM007,-32.961578,-71.496967,0, ,0.0,0.0,51.0,2.5,1,743,0,0,0,0,3,1
DF,VM170,-33.008025,-71.755153,1, ,0.0,0.0,2,3500,0,1,180,0,0,1
HM,VM170,-33.008025,-71.755153,2, ,0.0,0.0,125.0,04,2,3500,0,0,0,0,0,0,0

APPTR,R05-Z,05,POSLA
HF,POSLA,-33.066572,-71.658672,1, ,0.0,0.0,51.0,04,2,3500,0,0,0,0,1,0,0

FINAL,R05-Z,05,R,4
IF,POSLA,-33.066572,-71.658672, ,0.0,0.0,2,3500,0,0,0,0,0,0
TF,VM075,-33.030919,-71.603681,0, ,0.0,0.0,51.0,3.5,2,3000,0,0,0,0,0,0
TF,LIXOK,-32.987350,-71.536592,0, ,0.0,0.0,51.0,4.3,2,1600,0,0,0,0,2,0
TF,RW05,-32.954436,-71.485992,0, ,0.0,0.0,51.0,3.2,1,504,0,0,0,0,3,1
DF,VM170,-33.008025,-71.755153,1, ,0.0,0.0,2,3500,0,1,210,0,0,1
HM,VM170,-33.008025,-71.755153,2, ,0.0,0.0,125.0,04,2,3500,0,0,0,0,0,0,0

APPTR,R23,23,BISUX
IF,BISUX,-32.491064,-71.493817, ,0.0,0.0,2,8000,0,0,0,0,1,0
TF,VM308,-32.591231,-71.344244,0, ,0.0,0.0,0.0,0.0,4,8000,6000,0,0,0,0,0
TF,VM238,-32.663283,-71.235936,0, ,0.0,0.0,0.0,0.0,4,8000,6000,1,210,0,0,0
RF,VM150,-32.791503,-71.236433,2,VM999,280.1,4.9,2,5100,0,0,0,0,1,0

APPTR,R23,23,MILIK
IF,MILIK,-32.738614,-71.496114, ,0.0,0.0,2,6000,0,0,0,0,1,0
TF,VM308,-32.591231,-71.344244,0, ,0.0,0.0,0.0,0.0,4,8000,6000,0,0,0,0,0
TF,VM238,-32.663283,-71.235936,0, ,0.0,0.0,0.0,0.0,4,8000,6000,1,210,0,0,0
RF,VM150,-32.791503,-71.236433,2,VM999,356.5,4.9,2,5100,0,0,0,0,1,0

FINAL,R23,23,R,3
IF,VM150,-32.791503,-71.236433, ,0.0,0.0,2,5100,0,0,0,0,0,0
TF,ETIBO,-32.842617,-71.314622,0, ,0.0,0.0,231.0,5.0,2,4300,0,0,0,0,2,0
TF,RW23,-32.944794,-71.471181,0, ,0.0,0.0,231.0,10.0,1,471,0,0,0,0,3,1
DF,ROKUN,-32.878469,-71.692131,0, ,0.0,0.0,2,4500,0,1,210,0,0,1
HM,ROKUN,-32.878469,-71.692131,1, ,0.0,0.0,49.0,04,2,4500,0,0,0,0,0,0,0

