SID,COC2,34,2
CA,0,339.0,2,1800,0,0,0,0,0,0
DF,COC,-0.448056,-76.995167,2,COV,175.8,0.2,2,3000,0,0,0,0,0,0

SID,COV2,34,2
CA,0,339.0,2,1800,0,0,0,0,0,0
DF,COV,-0.444944,-76.995667,2, ,0.0,0.0,2,3000,0,0,0,0,0,0

SID,COV2,REDAB,3
IF,COV,-0.444944,-76.995667, ,0.0,0.0,2,3000,0,0,0,0,0,0
TF,REDAB,-0.306944,-77.510556,0, ,0.0,0.0,0.0,0.0,0,0,0,0,0,0,0,0

SID,COV2,SINOK,3
IF,COV,-0.444944,-76.995667, ,0.0,0.0,2,3000,0,0,0,0,0,0
TF,SINOK,-0.938056,-77.452500,0, ,0.0,0.0,0.0,0.0,0,0,0,0,0,0,0,0

SID,COV2,VUPEK,3
IF,COV,-0.444944,-76.995667, ,0.0,0.0,2,3000,0,0,0,0,0,0
TF,VUPEK,-0.615833,-77.572222,0, ,0.0,0.0,0.0,0.0,0,0,0,0,0,0,0,0

SID,LAV1,34,2
CA,0,339.0,2,1800,0,0,0,0,0,0
CI,0, ,0.0,50.0,0,0,0,0,0,0,0,0
CF,D020J,-0.282719,-76.954269,0,COV,19.4,10.0,20.0,7.0,2,3000,0,0,0,0,0,0
TF,LAV,0.102167,-76.856056,0, ,0.0,0.0,0.0,0.0,0,0,0,0,0,0,0,0

SID,REDA1A,34,5
CA,0,339.0,2,2500,0,0,0,0,0,0
DF,REDAB,-0.306944,-77.510556,1, ,0.0,0.0,2,17500,0,0,0,0,0,0

SID,REDA1B,34,5
CA,0,339.0,2,3300,0,0,0,0,0,0
DF,REDAB,-0.306944,-77.510556,1, ,0.0,0.0,2,17500,0,0,0,0,0,0

SID,VUPE1C,34,5
CA,0,339.0,2,1300,0,0,0,0,0,0
DF,CO253,-0.571419,-77.412586,0, ,0.0,0.0,2,13000,0,0,0,0,0,0
TF,VUPEK,-0.615833,-77.572222,0, ,0.0,0.0,0.0,0.0,2,17500,0,0,0,0,0,0

STAR,LAGO1E,16,5
IF,LAV,0.102167,-76.856056, ,0.0,0.0,0,0,0,0,0,0,0,0
TF,CO502,-0.141181,-76.918094,0, ,0.0,0.0,0.0,0.0,2,4000,0,0,0,0,0,0
TF,ENPOV,-0.261264,-76.992911,0, ,0.0,0.0,0.0,0.0,2,4000,0,1,210,0,0,0

STAR,NEVD1E,16,5
IF,NEVDO,0.135833,-77.438333, ,0.0,0.0,2,12000,0,0,0,0,0,0
TF,ALDED,-0.204600,-77.113406,0, ,0.0,0.0,0.0,0.0,2,5000,0,0,0,0,0,0

STAR,SIMO1E,16,5
IF,SIMOG,0.147778,-77.642222, ,0.0,0.0,2,16000,0,0,0,0,0,0
TF,CO410,0.006747,-77.430578,0, ,0.0,0.0,0.0,0.0,2,10000,0,0,0,0,0,0
TF,CO408,-0.093667,-77.279883,0, ,0.0,0.0,0.0,0.0,2,7000,0,0,0,0,0,0
TF,ALDED,-0.204600,-77.113406,0, ,0.0,0.0,0.0,0.0,2,4000,0,0,0,0,0,0

STAR,SINO1E,16,5
IF,SINOK,-0.938056,-77.452500, ,0.0,0.0,0,0,0,0,0,0,0,0
TF,CO504,-0.719456,-77.249894,0, ,0.0,0.0,0.0,0.0,2,6000,0,0,0,0,0,0
TF,CO505,-0.502236,-77.188942,0, ,0.0,0.0,0.0,0.0,2,6000,0,0,0,0,0,0
TF,OGRIB,-0.335353,-77.142119,0, ,0.0,0.0,0.0,0.0,2,4000,0,1,210,0,0,0

STAR,VUPE1E,16,5
IF,VUPEK,-0.615833,-77.572222, ,0.0,0.0,0,0,0,0,0,0,0,0
TF,CO505,-0.502236,-77.188942,0, ,0.0,0.0,0.0,0.0,2,7000,0,0,0,0,0,0
TF,OGRIB,-0.335353,-77.142119,0, ,0.0,0.0,0.0,0.0,2,4000,0,1,210,0,0,0

APPTR,D16-X,16,COV
IF,COV,-0.444944,-76.995667, ,0.0,0.0,2,3000,0,1,200,0,1,0
FD,COV,-0.444944,-76.995667,0,COV,0.0,5.0,9.0,5.0,2,2500,0,0,0,0,0,0
CF,FF16,-0.369672,-77.032131,1,COV,339.0,5.0,159.0,1.0,2,2500,0,0,0,0,0,0

FINAL,D16-X,16,D,2
IF,FF16,-0.369672,-77.032131,COV,339.0,5.0,2,2500,0,0,0,0,2,0
CF,MS16,-0.422361,-77.006606,0,COV,339.0,1.5,159.0,3.5,1,1436,0,0,0,0,3,0
CF,COV,-0.444944,-76.995667,0,COV,0.0,0.0,159.0,1.5,0,0,0,0,0,0,0,0
FD,COV,-0.444944,-76.995667,0,COV,0.0,5.0,159.0,5.0,2,2500,0,0,0,0,0,0
DF,COV,-0.444944,-76.995667,2, ,0.0,0.0,2,3000,0,0,0,0,0,0
HM,COV,-0.444944,-76.995667,2, ,0.0,0.0,9.0,04.3,2,3000,0,0,0,0,0,0,0

APPTR,D16-Y,16,D327T
IF,D327T,-0.179186,-77.198228, ,0.0,0.0,2,6000,0,0,0,0,0,0
CI,0, ,0.0,147.0,0,0,0,0,0,0,0,0
AF,D339R,-0.173969,-77.126942,2,COV,339.0,18.0,327.0,0,0,0,0,0,0,0,0
TF,D339P,-0.204078,-77.112356,0, ,0.0,0.0,0.0,0.0,2,6000,0,0,0,0,1,0
TF,FS16,-0.347092,-77.043072,0, ,0.0,0.0,0.0,0.0,2,3000,0,0,0,0,0,0

FINAL,D16-Y,16,D,2
IF,FS16,-0.347092,-77.043072,COV,339.0,6.5,2,3000,0,0,0,0,2,0
CF,MS16,-0.422361,-77.006606,0,COV,339.0,1.5,159.0,5.0,1,1436,0,0,0,0,3,0
CF,COV,-0.444944,-76.995667,0,COV,0.0,0.0,159.0,1.5,0,0,0,0,0,0,0,0
FD,COV,-0.444944,-76.995667,0,COV,0.0,5.0,159.0,5.0,2,2500,0,0,0,0,0,0
DF,COV,-0.444944,-76.995667,2, ,0.0,0.0,2,3000,0,0,0,0,0,0
HM,COV,-0.444944,-76.995667,2, ,0.0,0.0,9.0,04.3,2,3000,0,0,0,0,0,0,0

APPTR,D16-Z,16,D327T
IF,D327T,-0.179186,-77.198228, ,0.0,0.0,2,6000,0,0,0,0,0,0
CI,0, ,0.0,147.0,0,0,0,0,0,0,0,0
AF,D339R,-0.173969,-77.126942,2,COV,339.0,18.0,327.0,0,0,0,0,0,0,0,0
TF,D339P,-0.204078,-77.112356,0, ,0.0,0.0,0.0,0.0,2,5000,0,0,0,0,1,0
TF,CS16Z,-0.309458,-77.061306,0, ,0.0,0.0,0.0,0.0,2,3000,0,0,0,0,1,0

FINAL,D16-Z,16,D,3
IF,CS16Z,-0.309458,-77.061306,COV,339.0,9.0,2,3000,0,0,0,0,0,0
CF,FS16,-0.347092,-77.043072,0,COV,339.0,6.5,159.0,2.5,2,3000,0,0,0,0,2,0
CF,MS16,-0.422361,-77.006606,0,COV,339.0,1.5,159.0,5.0,1,1436,0,0,0,0,3,0
CF,COV,-0.444944,-76.995667,0,COV,0.0,0.0,159.0,1.5,0,0,0,0,0,0,0,0
FD,COV,-0.444944,-76.995667,0,COV,0.0,5.0,159.0,5.0,2,2500,0,0,0,0,0,0
DF,COV,-0.444944,-76.995667,2, ,0.0,0.0,2,3000,0,0,0,0,0,0
HM,COV,-0.444944,-76.995667,2, ,0.0,0.0,9.0,04.3,2,3000,0,0,0,0,0,0,0

APPTR,I16-W,16,ALDED
IF,ALDED,-0.204600,-77.113406, ,0.0,0.0,2,5000,0,0,0,0,1,0
TF,OPNET,-0.298033,-77.067636,0,ICC,0.0,0.0,0.0,0.0,2,3200,0,0,0,0,1,0

APPTR,I16-W,16,ENPOV
IF,ENPOV,-0.261264,-76.992911, ,0.0,0.0,2,4000,0,1,210,0,1,0
TF,OPNET,-0.298033,-77.067636,0,ICC,0.0,0.0,0.0,0.0,2,3200,0,0,0,0,1,0

APPTR,I16-W,16,OGRIB
IF,OGRIB,-0.335353,-77.142119, ,0.0,0.0,2,4000,0,1,210,0,1,0
TF,OPNET,-0.298033,-77.067636,0,ICC,0.0,0.0,0.0,0.0,2,3200,0,0,0,0,1,0

FINAL,I16-W,16,I,3
IF,OPNET,-0.298033,-77.067636,ICC,338.8,11.4,2,3200,0,0,0,0,0,0
CF,TEPUX,-0.373142,-77.030844,0,ICC,338.8,6.4,159.0,5.0,1,2500,0,0,0,0,2,0
CF,RW16,-0.448519,-76.993919,0,ICC,338.8,1.4,159.0,5.0,1,882,0,0,0,0,3,1
CA,0,159.0,2,2000,0,0,0,0,0,0
DF,OGRIB,-0.335353,-77.142119,2, ,0.0,0.0,2,4000,0,0,0,0,0,0
HM,OGRIB,-0.335353,-77.142119,2, ,0.0,0.0,69.0,04.3,2,4000,0,0,0,0,0,0,0

APPTR,I16-X,16,COC
IF,COC,-0.448056,-76.995167, ,0.0,0.0,2,3000,0,1,200,0,1,0
TF,D189I,-0.297681,-76.984719,0, ,0.0,0.0,0.0,0.0,2,3000,0,0,0,0,0,1
CF,CI16,-0.316044,-77.058728,1,ICC,338.8,10.2,159.0,1.0,2,3000,0,0,0,0,1,0

FINAL,I16-X,16,I,3
IF,CI16,-0.316044,-77.058728,ICC,338.8,10.2,2,3000,0,0,0,0,0,0
CF,FI16,-0.349100,-77.042556,0,ICC,338.8,8.0,159.0,2.2,1,3000,0,0,0,0,2,0
CF,RW16,-0.448519,-76.993919,0,ICC,338.8,1.4,159.0,6.6,1,882,0,0,0,0,3,0
CA,0,159.0,2,1240,0,0,0,0,0,0
FC,COC,-0.448056,-76.995167,0,COV,0.0,0.0,159.0,5.0,2,2200,0,0,0,0,0,1
DF,COC,-0.448056,-76.995167,2, ,0.0,0.0,2,3000,0,0,0,0,0,0
HM,COC,-0.448056,-76.995167,2, ,0.0,0.0,9.0,04.3,2,3000,0,0,0,0,0,0,0

APPTR,I16-Y,16,COV
IF,COV,-0.444944,-76.995667, ,0.0,0.0,2,3000,0,1,200,0,1,0
TF,D009I,-0.294569,-76.985219,0, ,0.0,0.0,0.0,0.0,2,3000,0,0,0,0,0,1
CF,CI16,-0.316044,-77.058728,1,ICC,338.8,10.2,159.0,1.0,2,3000,0,0,0,0,1,0

FINAL,I16-Y,16,I,3
IF,CI16,-0.316044,-77.058728,ICC,338.8,10.2,2,3000,0,0,0,0,0,0
CF,FI16,-0.349100,-77.042556,0,ICC,338.8,8.0,159.0,2.2,1,3000,0,0,0,0,2,0
CF,RW16,-0.448519,-76.993919,0,ICC,338.8,1.4,159.0,6.6,1,882,0,0,0,0,3,0
CA,0,159.0,2,1240,0,0,0,0,0,0
FD,COV,-0.444944,-76.995667,0,COV,0.0,5.0,159.0,5.0,2,2200,0,0,0,0,0,0
DF,COV,-0.444944,-76.995667,2, ,0.0,0.0,2,3000,0,0,0,0,0,0
HM,COV,-0.444944,-76.995667,2, ,0.0,0.0,9.0,04.3,2,3000,0,0,0,0,0,0,0

APPTR,I16-Z,16,D327T
IF,D327T,-0.179186,-77.198228, ,0.0,0.0,2,6000,0,0,0,0,0,0
CI,0, ,0.0,147.0,0,0,0,0,0,0,0,0
AF,D339R,-0.173969,-77.126942,2,COV,339.0,18.0,327.0,0,0,0,0,0,0,0,0
TF,D339P,-0.204078,-77.112356,0, ,0.0,0.0,0.0,0.0,2,5000,0,0,0,0,1,0
CF,CI16,-0.316044,-77.058728,0,ICC,338.8,10.2,159.0,7.4,2,3000,0,0,0,0,1,0

FINAL,I16-Z,16,I,3
IF,CI16,-0.316044,-77.058728,ICC,338.8,10.2,2,3000,0,0,0,0,0,0
CF,FI16,-0.349100,-77.042556,0,ICC,338.8,8.0,159.0,2.2,1,3000,0,0,0,0,2,0
CF,RW16,-0.448519,-76.993919,0,ICC,338.8,1.4,159.0,6.6,1,882,0,0,0,0,3,0
CA,0,159.0,2,1240,0,0,0,0,0,0
FD,COV,-0.444944,-76.995667,0,COV,0.0,5.0,159.0,5.0,2,2200,0,0,0,0,0,0
DF,COV,-0.444944,-76.995667,2, ,0.0,0.0,2,3000,0,0,0,0,0,0
HM,COV,-0.444944,-76.995667,2, ,0.0,0.0,9.0,04.3,2,3000,0,0,0,0,0,0,0

APPTR,N16,16,COC
IF,COC,-0.448056,-76.995167, ,0.0,0.0,2,3000,0,1,200,0,1,0
FC,COC,-0.448056,-76.995167,0,COV,0.0,0.0,10.0,5.0,2,2500,0,0,0,0,0,1
CF,FN16,-0.372156,-77.030322,1,COV,339.4,4.8,160.0,1.0,2,2500,0,0,0,0,0,0

FINAL,N16,16,N,2
IF,FN16,-0.372156,-77.030322,COC,0.0,0.0,2,2500,0,0,0,0,2,0
CF,COC,-0.448056,-76.995167,0,COC,0.0,0.0,160.0,5.0,1,901,0,0,0,0,3,0
FC,COC,-0.448056,-76.995167,0,COV,0.0,0.0,160.0,5.0,2,2500,0,0,0,0,0,1
DF,COC,-0.448056,-76.995167,2, ,0.0,0.0,2,3000,0,0,0,0,0,0
HM,COC,-0.448056,-76.995167,2, ,0.0,0.0,10.0,04.3,2,3000,0,0,0,0,0,0,0

APPTR,R16-Y,16,ALDED
IF,ALDED,-0.204600,-77.113406, ,0.0,0.0,2,5000,0,0,0,0,1,0
TF,OPNET,-0.298033,-77.067636,0, ,0.0,0.0,0.0,0.0,2,3200,0,0,0,0,1,0

APPTR,R16-Y,16,ENPOV
IF,ENPOV,-0.261264,-76.992911, ,0.0,0.0,2,4000,0,1,210,0,1,0
TF,OPNET,-0.298033,-77.067636,0, ,0.0,0.0,0.0,0.0,2,3200,0,0,0,0,1,0

APPTR,R16-Y,16,OGRIB
IF,OGRIB,-0.335353,-77.142119, ,0.0,0.0,2,4000,0,1,210,0,1,0
TF,OPNET,-0.298033,-77.067636,0, ,0.0,0.0,0.0,0.0,2,3200,0,0,0,0,1,0

FINAL,R16-Y,16,R,3
IF,OPNET,-0.298033,-77.067636, ,0.0,0.0,2,3200,0,0,0,0,0,0
TF,TEPUX,-0.373142,-77.030844,0, ,0.0,0.0,159.0,5.0,2,2500,0,0,0,0,2,0
TF,RW16,-0.448519,-76.993919,0, ,0.0,0.0,159.0,5.0,1,882,0,0,0,0,3,1
CA,0,159.0,2,2000,0,0,0,0,0,0
DF,OGRIB,-0.335353,-77.142119,2, ,0.0,0.0,2,4000,0,0,0,0,0,0
HM,OGRIB,-0.335353,-77.142119,2, ,0.0,0.0,69.0,04.3,2,4000,0,0,0,0,0,0,0

APPTR,R16-Z,16,ALDED
IF,ALDED,-0.204600,-77.113406, ,0.0,0.0,2,4000,0,0,0,0,1,0
TF,OPNET,-0.298033,-77.067636,0, ,0.0,0.0,0.0,0.0,2,3000,0,0,0,0,1,0

FINAL,R16-Z,16,R,3
IF,OPNET,-0.298033,-77.067636, ,0.0,0.0,2,3000,0,0,0,0,0,0
TF,TEPUX,-0.373142,-77.030844,0, ,0.0,0.0,159.0,5.0,2,2400,0,0,0,0,2,0
TF,RW16,-0.448519,-76.993919,0, ,0.0,0.0,159.0,5.0,1,882,0,0,0,0,3,1
TF,CO910,-0.482197,-76.977422,0, ,0.0,0.0,0.0,0.0,2,1400,0,0,0,0,0,0
RF,CO912,-0.448319,-76.928644,1,CCW,326.2,1.8,2,1400,0,0,0,0,0,0
TF,ALDED,-0.204600,-77.113406,0, ,0.0,0.0,0.0,0.0,2,4000,0,0,0,0,0,1
HM,ALDED,-0.204600,-77.113406,1, ,0.0,0.0,159.0,04.3,2,4000,0,0,0,0,0,0,0

APPTR,S16-W,16,COV
IF,COV,-0.444944,-76.995667, ,0.0,0.0,2,3000,0,1,200,0,1,0
FC,COV,-0.444944,-76.995667,0,COV,0.0,0.0,9.0,5.0,2,2500,0,0,0,0,0,1
CF,FF16,-0.369672,-77.032131,1,COV,339.0,5.0,159.0,1.0,2,2500,0,0,0,0,0,0

FINAL,S16-W,16,D,2
IF,FF16,-0.369672,-77.032131,COV,339.0,5.0,2,2500,0,0,0,0,2,0
CF,COV,-0.444944,-76.995667,0,COV,0.0,0.0,159.0,5.0,1,958,0,0,0,0,3,0
FC,COV,-0.444944,-76.995667,0,COV,0.0,0.0,159.0,5.0,2,2500,0,0,0,0,0,1
DF,COV,-0.444944,-76.995667,2, ,0.0,0.0,2,3000,0,0,0,0,0,0
HM,COV,-0.444944,-76.995667,2, ,0.0,0.0,9.0,04.3,2,3000,0,0,0,0,0,0,0

