SID,LAV2A,24,2
CF,LAV15,-0.049031,-77.055358,0,LAV,238.0,15.0,238.0,14.0,2,5000,0,0,0,0,0,0
TF,LAV25,0.065669,-77.270397,0, ,0.0,0.0,0.0,0.0,2,10000,0,0,0,0,0,0
TF,BAQUI,0.052778,-77.437222,0, ,0.0,0.0,0.0,0.0,0,0,0,0,0,0,0,0

SID,LAV3,06,2
VA,0,58.0,2,1390,0,0,0,0,0,0
FD,LAV,0.102167,-76.856056,0,LAV,0.0,5.0,58.0,5.0,2,1700,0,0,0,0,0,0
DF,LAV,0.102167,-76.856056,2, ,0.0,0.0,2,3000,0,0,0,0,0,0

APPTR,D06-Y,06,LAV
IF,LAV,0.102167,-76.856056, ,0.0,0.0,2,3000,0,1,210,0,1,0
TF,LAV09,0.068256,-77.001950,0, ,0.0,0.0,0.0,0.0,2,3000,0,0,0,0,0,1
CF,CS06Y,0.011447,-76.975636,1,LAV,238.0,9.0,58.0,1.0,2,3000,0,0,0,0,1,0

FINAL,D06-Y,06,D,3
IF,CS06Y,0.011447,-76.975636,LAV,238.0,9.0,2,3000,0,0,0,0,0,0
CF,FS06,0.023542,-76.959692,0,LAV,238.0,7.8,58.0,1.2,2,3000,0,0,0,0,2,0
CF,MS06,0.070917,-76.897244,0,LAV,238.0,3.1,58.0,4.7,1,1507,0,0,0,0,3,0
TF,D058E,0.152564,-76.789619,0, ,0.0,0.0,0.0,0.0,2,2200,0,0,0,0,0,1
DF,LAV,0.102167,-76.856056,2, ,0.0,0.0,2,3000,0,0,0,0,0,0
HM,LAV,0.102167,-76.856056,2, ,0.0,0.0,262.0,04.3,2,3000,0,0,0,0,0,0,0

APPTR,D06-Z,06,BAQUI
IF,BAQUI,0.052778,-77.437222, ,0.0,0.0,0,0,0,0,0,0,0,0
TF,D270O,0.081033,-77.104725,0, ,0.0,0.0,0.0,0.0,2,6000,0,0,0,0,1,0
CI,0, ,0.0,90.0,0,0,0,0,0,0,0,0
AF,D238M,-0.028869,-77.028783,1,LAV,238.0,13.0,270.0,0,0,0,0,0,0,0,0
TF,CS06,0.001367,-76.988922,0, ,0.0,0.0,0.0,0.0,2,3000,0,0,0,0,1,0

APPTR,D06-Z,06,NEVDO
IF,NEVDO,0.135833,-77.438333, ,0.0,0.0,0,0,0,0,0,0,0,0
TF,D278O,0.116572,-77.105197,0, ,0.0,0.0,0.0,0.0,2,6000,0,0,0,0,1,0
CI,0, ,0.0,98.0,0,0,0,0,0,0,0,0
AF,D238M,-0.028869,-77.028783,1,LAV,238.0,13.0,278.0,0,0,0,0,0,0,0,0
TF,CS06,0.001367,-76.988922,0, ,0.0,0.0,0.0,0.0,2,3000,0,0,0,0,1,0

FINAL,D06-Z,06,D,3
IF,CS06,0.001367,-76.988922,LAV,238.0,10.0,2,3000,0,0,0,0,0,0
CF,FS06,0.023542,-76.959692,0,LAV,238.0,7.8,58.0,2.2,2,3000,0,0,0,0,2,0
CF,MS06,0.070917,-76.897244,0,LAV,238.0,3.1,58.0,4.7,1,1507,0,0,0,0,3,0
TF,D058E,0.152564,-76.789619,0, ,0.0,0.0,0.0,0.0,2,2200,0,0,0,0,0,1
DF,LAV,0.102167,-76.856056,2, ,0.0,0.0,2,3000,0,0,0,0,0,0
HM,LAV,0.102167,-76.856056,2, ,0.0,0.0,262.0,04.3,2,3000,0,0,0,0,0,0,0

APPTR,D24-Z,24,LAV
IF,LAV,0.102167,-76.856056, ,0.0,0.0,2,3000,0,1,210,0,1,0
TF,LAV06,0.124772,-76.758792,0, ,0.0,0.0,0.0,0.0,2,3000,0,0,0,0,0,1
CF,FS24,0.161636,-76.777661,1,LAV,58.0,5.9,238.0,1.0,2,3000,0,0,0,0,0,0

FINAL,D24-Z,24,D,2
IF,FS24,0.161636,-76.777661,LAV,58.0,5.9,2,3000,0,0,0,0,2,0
CF,MS24,0.113253,-76.841439,0,LAV,58.0,1.1,238.0,4.8,1,1488,0,0,0,0,3,0
CF,LAV,0.102167,-76.856056,0,LAV,0.0,0.0,238.0,1.1,0,0,0,0,0,0,0,0
FD,LAV,0.102167,-76.856056,0,LAV,0.0,5.0,238.0,5.0,2,2000,0,0,0,0,0,0
DF,LAV,0.102167,-76.856056,2, ,0.0,0.0,2,3000,0,0,0,0,0,0
HM,LAV,0.102167,-76.856056,1, ,0.0,0.0,82.0,04.3,2,3000,0,0,0,0,0,0,0

APPTR,I06-Y,06,LAV
IF,LAV,0.102167,-76.856056, ,0.0,0.0,2,3000,0,1,210,0,1,0
FD,LAV,0.102167,-76.856056,0,LAV,0.0,9.0,262.0,9.0,2,2900,0,0,0,0,0,0
CF,CI06,0.007922,-76.982172,1,INL,238.4,9.2,58.0,1.0,2,2900,0,0,0,0,1,0

FINAL,I06-Y,06,I,3
IF,CI06,0.007922,-76.982172,INL,238.4,9.2,2,2900,0,0,0,0,0,0
CF,FI06,0.027897,-76.955461,0,INL,238.4,7.2,58.0,2.0,1,2900,0,0,0,0,2,0
CF,RW06,0.086081,-76.877619,0,INL,238.4,1.3,58.0,5.8,1,1033,0,0,0,0,3,0
TF,D058E,0.152564,-76.789619,0, ,0.0,0.0,0.0,0.0,2,2200,0,0,0,0,0,1
DF,LAV,0.102167,-76.856056,2, ,0.0,0.0,2,3000,0,0,0,0,0,0
HM,LAV,0.102167,-76.856056,2, ,0.0,0.0,262.0,04.3,2,3000,0,0,0,0,0,0,0

APPTR,I06-Z,06,BAQUI
IF,BAQUI,0.052778,-77.437222, ,0.0,0.0,0,0,0,0,0,0,0,0
TF,D270O,0.081033,-77.104725,0, ,0.0,0.0,0.0,0.0,2,6000,0,0,0,0,1,0
CI,0, ,0.0,90.0,0,0,0,0,0,0,0,0
AF,D238M,-0.028869,-77.028783,1,LAV,238.0,13.0,270.0,0,0,0,0,0,0,0,0
CF,CI06,0.007922,-76.982172,0,INL,238.4,9.2,58.0,3.6,2,2900,0,1,210,0,1,0

APPTR,I06-Z,06,NEVDO
IF,NEVDO,0.135833,-77.438333, ,0.0,0.0,0,0,0,0,0,0,0,0
TF,D278O,0.116572,-77.105197,0, ,0.0,0.0,0.0,0.0,2,6000,0,0,0,0,1,0
CI,0, ,0.0,98.0,0,0,0,0,0,0,0,0
AF,D238M,-0.028869,-77.028783,1,LAV,238.0,13.0,278.0,0,0,0,0,0,0,0,0
CF,CI06,0.007922,-76.982172,0,INL,238.4,9.2,58.0,3.6,2,2900,0,1,210,0,1,0

FINAL,I06-Z,06,I,3
IF,CI06,0.007922,-76.982172,INL,238.4,9.2,2,2900,0,1,210,0,0,0
CF,FI06,0.027897,-76.955461,0,INL,238.4,7.2,58.0,2.0,1,2900,0,0,0,0,2,0
CF,RW06,0.086081,-76.877619,0,INL,238.4,1.3,58.0,5.8,1,1033,0,0,0,0,3,0
TF,D058E,0.152564,-76.789619,0, ,0.0,0.0,0.0,0.0,2,2200,0,0,0,0,0,1
DF,LAV,0.102167,-76.856056,2, ,0.0,0.0,2,3000,0,0,0,0,0,0
HM,LAV,0.102167,-76.856056,2, ,0.0,0.0,262.0,04.3,2,3000,0,0,0,0,0,0,0

APPTR,S24-Y,24,LAV
IF,LAV,0.102167,-76.856056, ,0.0,0.0,2,3000,0,1,210,0,1,0
TF,LAV07,0.128539,-76.742581,0, ,0.0,0.0,0.0,0.0,2,3000,0,0,0,0,0,1
CF,CF24,0.172725,-76.763044,1,LAV,58.0,7.0,238.0,1.0,2,3000,0,0,0,0,0,0

FINAL,S24-Y,24,D,3
IF,CF24,0.172725,-76.763044,LAV,58.0,7.0,2,3000,0,0,0,0,0,0
CF,FS24,0.161636,-76.777661,0,LAV,58.0,5.9,238.0,1.1,2,3000,0,0,0,0,2,0
CF,LAV,0.102167,-76.856056,0,LAV,0.0,0.0,238.0,5.9,1,1138,0,0,0,0,3,0
FC,LAV,0.102167,-76.856056,0,LAV,0.0,0.0,238.0,5.0,2,2200,0,0,0,0,0,1
DF,LAV,0.102167,-76.856056,2, ,0.0,0.0,2,3000,0,0,0,0,0,0
HM,LAV,0.102167,-76.856056,1, ,0.0,0.0,82.0,04.3,2,3000,0,0,0,0,0,0,0

