SID,GILMO,23,2
CF,GILMO,-25.530333,-54.914833,0,VES,236.9,5.5,239.0,5.5,0,0,0,0,0,0,0,0

SID,GILMO,ALDOS,3
IF,GILMO,-25.530333,-54.914833, ,0.0,0.0,0,0,0,0,0,0,0,0
VI,0, ,0.0,157.0,0,0,0,0,0,0,0,0
CF,ALDOS,-26.230556,-54.688889,0,VES,186.3,46.9,187.0,36.0,0,0,0,0,0,0,0,0

SID,GILMO,ALGEL,3
IF,GILMO,-25.530333,-54.914833, ,0.0,0.0,0,0,0,0,0,0,0,0
CF,ALGEL,-25.870000,-55.170556,0,VES,232.3,30.1,233.0,25.0,0,0,0,0,0,0,0,0

SID,GILMO,COSTA,3
IF,GILMO,-25.530333,-54.914833, ,0.0,0.0,0,0,0,0,0,0,0,0
VI,0, ,0.0,309.0,0,0,0,0,0,0,0,0
CF,COSTA,-25.511944,-55.236389,0,VES,278.5,21.2,279.0,11.0,0,0,0,0,0,0,0,0

SID,GILMO,UDENO,3
IF,GILMO,-25.530333,-54.914833, ,0.0,0.0,0,0,0,0,0,0,0,0
VI,0, ,0.0,175.0,0,0,0,0,0,0,0,0
CF,UDENO,-26.124722,-54.937222,0,VES,203.8,40.0,205.0,30.0,0,0,0,0,0,0,0,0

SID,MOLMA,05,2
CF,MOLMA,-25.380500,-54.772500,0,VES,58.5,6.4,59.0,5.0,0,0,0,0,0,0,0,0

SID,MOLMA,ALDOS,3
IF,MOLMA,-25.380500,-54.772500, ,0.0,0.0,0,0,0,0,0,0,0,0
VI,1, ,0.0,157.0,0,0,0,0,0,0,0,0
CF,ALDOS,-26.230556,-54.688889,0,VES,186.3,46.9,187.0,48.0,0,0,0,0,0,0,0,0

SID,MOLMA,ALGEL,3
IF,MOLMA,-25.380500,-54.772500, ,0.0,0.0,0,0,0,0,0,0,0,0
VI,1, ,0.0,203.0,0,0,0,0,0,0,0,0
CF,ALGEL,-25.870000,-55.170556,0,VES,232.3,30.1,233.0,30.0,0,0,0,0,0,0,0,0

SID,MOLMA,COSTA,3
IF,MOLMA,-25.380500,-54.772500, ,0.0,0.0,0,0,0,0,0,0,0,0
VI,1, ,0.0,249.0,0,0,0,0,0,0,0,0
CF,COSTA,-25.511944,-55.236389,0,VES,278.5,21.2,279.0,21.0,0,0,0,0,0,0,0,0

SID,MOLMA,UDENO,3
IF,MOLMA,-25.380500,-54.772500, ,0.0,0.0,0,0,0,0,0,0,0,0
VI,1, ,0.0,175.0,0,0,0,0,0,0,0,0
CF,UDENO,-26.124722,-54.937222,0,VES,203.8,40.0,205.0,40.0,0,0,0,0,0,0,0,0

APPTR,D05-Z,05,ALDOS
IF,ALDOS,-26.230556,-54.688889, ,0.0,0.0,0,0,0,0,0,0,0,0
TF,D187J,-25.624278,-54.815831,0, ,0.0,0.0,0.0,0.0,0,0,0,0,0,0,0,0
AF,ES002,-25.593472,-54.960944,2,VES,234.0,10.0,187.0,2,3000,0,0,0,0,0,0

APPTR,D05-Z,05,ALGEL
IF,ALGEL,-25.870000,-55.170556, ,0.0,0.0,0,0,0,0,0,0,0,0
TF,ES002,-25.593472,-54.960944,0, ,0.0,0.0,0.0,0.0,2,3000,0,0,0,0,0,0

APPTR,D05-Z,05,COSTA
IF,COSTA,-25.511944,-55.236389, ,0.0,0.0,0,0,0,0,0,0,0,0
TF,D279J,-25.484619,-55.032158,0, ,0.0,0.0,0.0,0.0,0,0,0,0,0,0,0,0
AF,ES002,-25.593472,-54.960944,1,VES,234.0,10.0,279.0,2,3000,0,0,0,0,0,0

APPTR,D05-Z,05,D077J
IF,D077J,-25.376322,-54.690631, ,0.0,0.0,0,0,0,0,0,0,0,0
AF,ES002,-25.593472,-54.960944,1,VES,234.0,10.0,77.0,2,3000,0,0,0,0,0,0

APPTR,D05-Z,05,LADER
IF,LADER,-26.142500,-54.098333, ,0.0,0.0,0,0,0,0,0,0,0,0
TF,D153J,-25.578669,-54.720228,0, ,0.0,0.0,0.0,0.0,0,0,0,0,0,0,0,0
AF,ES002,-25.593472,-54.960944,2,VES,234.0,10.0,153.0,2,3000,0,0,0,0,0,0

APPTR,D05-Z,05,UDENO
IF,UDENO,-26.124722,-54.937222, ,0.0,0.0,0,0,0,0,0,0,0,0
TF,D205J,-25.626014,-54.871692,0, ,0.0,0.0,0.0,0.0,0,0,0,0,0,0,0,0
AF,ES002,-25.593472,-54.960944,2,VES,234.0,10.0,205.0,2,3000,0,0,0,0,0,0

FINAL,D05-Z,05,D,6
IF,ES002,-25.593472,-54.960944,VES,234.0,10.0,2,3000,0,0,0,0,0,0
CF,ES001,-25.526747,-54.905442,0,VES,234.0,5.0,54.0,5.0,2,2340,0,0,0,0,2,0
CF,40VOR,-25.513397,-54.894347,0,VES,234.0,4.0,54.0,1.0,2,2020,0,0,0,0,0,0
CF,30VOR,-25.500050,-54.883258,0,VES,234.0,3.0,54.0,1.0,2,1700,0,0,0,0,0,0
CF,20VOR,-25.486700,-54.872169,0,VES,234.0,2.0,54.0,1.0,2,1340,0,0,0,0,0,0
CF,RW05,-25.467075,-54.854597,0,VES,227.5,0.5,54.0,1.5,1,896,0,0,0,0,3,0
CF,VES,-25.460000,-54.850000,0,VES,0.0,0.0,54.0,0.5,0,0,0,0,0,0,0,1
VA,0,54.0,2,3000,0,0,0,0,0,0
DF,VES,-25.460000,-54.850000,1, ,0.0,0.0,0,0,0,0,0,0,0,0
HM,VES,-25.460000,-54.850000,2, ,0.0,0.0,234.0,04.3,0,0,0,0,0,0,0,0,0

APPTR,D23-Z,23,ALDOS
IF,ALDOS,-26.230556,-54.688889, ,0.0,0.0,0,0,0,0,0,0,0,0
TF,D187J,-25.624278,-54.815831,0, ,0.0,0.0,0.0,0.0,0,0,0,0,0,0,0,0
AF,ES004,-25.339683,-54.722203,2,VES,61.0,10.0,187.0,2,3000,0,0,0,0,0,0

APPTR,D23-Z,23,ALGEL
IF,ALGEL,-25.870000,-55.170556, ,0.0,0.0,0,0,0,0,0,0,0,0
TF,D233J,-25.596483,-54.956403,0, ,0.0,0.0,0.0,0.0,0,0,0,0,0,0,0,0
AF,ES004,-25.339683,-54.722203,2,VES,61.0,10.0,233.0,2,3000,0,0,0,0,0,0

APPTR,D23-Z,23,COSTA
IF,COSTA,-25.511944,-55.236389, ,0.0,0.0,0,0,0,0,0,0,0,0
TF,D279J,-25.484619,-55.032158,0, ,0.0,0.0,0.0,0.0,0,0,0,0,0,0,0,0
AF,ES004,-25.339683,-54.722203,2,VES,61.0,10.0,279.0,2,3000,0,0,0,0,0,0

APPTR,D23-Z,23,D077J
IF,D077J,-25.376322,-54.690631, ,0.0,0.0,0,0,0,0,0,0,0,0
AF,ES004,-25.339683,-54.722203,1,VES,61.0,10.0,77.0,2,3000,0,0,0,0,0,0

APPTR,D23-Z,23,LADER
IF,LADER,-26.142500,-54.098333, ,0.0,0.0,0,0,0,0,0,0,0,0
TF,D153J,-25.578669,-54.720228,0, ,0.0,0.0,0.0,0.0,0,0,0,0,0,0,0,0
AF,ES004,-25.339683,-54.722203,2,VES,61.0,10.0,153.0,2,3000,0,0,0,0,0,0

APPTR,D23-Z,23,UDENO
IF,UDENO,-26.124722,-54.937222, ,0.0,0.0,0,0,0,0,0,0,0,0
TF,D205J,-25.626014,-54.871692,0, ,0.0,0.0,0.0,0.0,0,0,0,0,0,0,0,0
AF,ES004,-25.339683,-54.722203,2,VES,61.0,10.0,205.0,2,3000,0,0,0,0,0,0

FINAL,D23-Z,23,D,5
IF,ES004,-25.339683,-54.722203,VES,61.0,10.0,2,3000,0,0,0,0,0,0
CF,ES003,-25.399856,-54.786069,0,VES,61.0,5.0,241.0,5.0,2,1990,0,0,0,0,2,0
CF,40VO2,-25.411886,-54.798850,0,VES,61.0,4.0,241.0,1.0,2,1670,0,0,0,0,0,0
CF,30VO2,-25.423917,-54.811633,0,VES,61.0,3.0,241.0,1.0,2,1340,0,0,0,0,0,0
CF,RW23,-25.443917,-54.832589,0,VES,61.5,1.4,241.0,1.7,1,824,0,0,0,0,3,0
CF,VES,-25.460000,-54.850000,0,VES,0.0,0.0,241.0,1.4,0,0,0,0,0,0,0,1
VA,0,241.0,2,3000,0,0,0,0,0,0
DF,VES,-25.460000,-54.850000,2, ,0.0,0.0,0,0,0,0,0,0,0,0
HM,VES,-25.460000,-54.850000,1, ,0.0,0.0,61.0,04.3,0,0,0,0,0,0,0,0,0

APPTR,I23-Y,23,KORDI
IF,KORDI,-25.266500,-54.664333, ,0.0,0.0,2,3000,0,0,0,0,1,0
TF,ROGER,-25.330000,-54.724333,0,ICES,0.0,0.0,0.0,0.0,2,2500,0,0,0,0,1,0

APPTR,I23-Y,23,SATMO
IF,SATMO,-25.257000,-54.769333, ,0.0,0.0,2,3000,0,0,0,0,1,0
TF,ROGER,-25.330000,-54.724333,0,ICES,0.0,0.0,0.0,0.0,2,2500,0,0,0,0,1,0

APPTR,I23-Y,23,TEROM
IF,TEROM,-25.359500,-54.638333, ,0.0,0.0,2,3000,0,0,0,0,1,0
TF,ROGER,-25.330000,-54.724333,0,ICES,0.0,0.0,0.0,0.0,2,2500,0,0,0,0,1,0

FINAL,I23-Y,23,I,3
IF,ROGER,-25.330000,-54.724333,ICES,57.8,11.0,2,2500,0,0,0,0,0,0
CF,MOLMA,-25.380500,-54.772500,0,ICES,57.7,7.0,238.0,4.0,1,2420,0,0,0,0,2,0
CF,RW23,-25.443917,-54.832589,0,ICES,57.6,2.0,238.0,5.0,1,824,0,0,0,0,3,0
CF,PULMI,-25.644167,-55.023333,0,VES,237.5,14.5,238.0,15.8,2,3000,0,0,0,0,0,0
HM,PULMI,-25.644167,-55.023333,2, ,0.0,0.0,58.0,04.3,2,3000,0,0,0,0,0,0,0

APPTR,R05-Z,05,ILNIS
IF,ILNIS,-25.551333,-55.049167, ,0.0,0.0,2,3000,0,0,0,0,1,0
TF,NINDA,-25.581000,-54.963000,0, ,0.0,0.0,0.0,0.0,2,2500,0,0,0,0,1,0

APPTR,R05-Z,05,IROKO
IF,IROKO,-25.654000,-54.918000, ,0.0,0.0,2,3000,0,0,0,0,1,0
TF,NINDA,-25.581000,-54.963000,0, ,0.0,0.0,0.0,0.0,2,2500,0,0,0,0,1,0

APPTR,R05-Z,05,PULMI
IF,PULMI,-25.644167,-55.023333, ,0.0,0.0,2,3000,0,0,0,0,1,0
TF,NINDA,-25.581000,-54.963000,0, ,0.0,0.0,0.0,0.0,2,2500,0,0,0,0,1,0

FINAL,R05-Z,05,R,3
IF,NINDA,-25.581000,-54.963000, ,0.0,0.0,2,2500,0,0,0,0,0,0
TF,GILMO,-25.530333,-54.914833,0, ,0.0,0.0,58.0,4.0,2,2490,0,0,0,0,2,0
TF,RW05,-25.467075,-54.854597,0, ,0.0,0.0,58.0,5.0,1,896,0,0,0,0,3,1
CF,KORDI,-25.266500,-54.664333,0,VES,58.1,15.4,58.0,15.8,2,3000,0,0,0,0,0,0
HM,KORDI,-25.266500,-54.664333,2, ,0.0,0.0,238.0,04.3,2,3000,0,0,0,0,0,0,0

APPTR,R23-Z,23,KORDI
IF,KORDI,-25.266500,-54.664333, ,0.0,0.0,2,3000,0,0,0,0,1,0
TF,ROGER,-25.330000,-54.724333,0, ,0.0,0.0,0.0,0.0,2,2500,0,0,0,0,1,0

APPTR,R23-Z,23,SATMO
IF,SATMO,-25.257000,-54.769333, ,0.0,0.0,2,3000,0,0,0,0,1,0
TF,ROGER,-25.330000,-54.724333,0, ,0.0,0.0,0.0,0.0,2,2500,0,0,0,0,1,0

APPTR,R23-Z,23,TEROM
IF,TEROM,-25.359500,-54.638333, ,0.0,0.0,2,3000,0,0,0,0,1,0
TF,ROGER,-25.330000,-54.724333,0, ,0.0,0.0,0.0,0.0,2,2500,0,0,0,0,1,0

FINAL,R23-Z,23,R,3
IF,ROGER,-25.330000,-54.724333, ,0.0,0.0,2,2500,0,0,0,0,0,0
TF,MOLMA,-25.380500,-54.772500,0, ,0.0,0.0,238.0,4.0,2,2420,0,0,0,0,2,0
TF,RW23,-25.443917,-54.832589,0, ,0.0,0.0,238.0,5.0,1,824,0,0,0,0,3,1
CF,PULMI,-25.644167,-55.023333,0,VES,237.5,14.5,238.0,15.8,2,3000,0,0,0,0,0,0
HM,PULMI,-25.644167,-55.023333,2, ,0.0,0.0,58.0,04.3,2,3000,0,0,0,0,0,0,0

APPTR,S05-Y,05,VES
IF,VES,-25.460000,-54.850000, ,0.0,0.0,2,3000,0,0,0,0,0,0
FC,VES,-25.460000,-54.850000,0,VES,0.0,0.0,257.0,8.8,2,2400,0,0,0,0,0,1
CF,FS05,-25.529564,-54.907783,1,VES,234.0,5.2,54.0,4.0,2,2400,0,0,0,0,0,0

FINAL,S05-Y,05,D,2
IF,FS05,-25.529564,-54.907783,VES,234.0,5.2,2,2400,0,0,0,0,2,0
CF,RW05,-25.467075,-54.854597,0,VES,227.5,0.5,54.0,4.7,1,896,0,0,0,0,3,0
CF,VES,-25.460000,-54.850000,0,VES,0.0,0.0,54.0,0.5,0,0,0,0,0,0,0,1
VA,0,54.0,2,3000,0,0,0,0,0,0
DF,VES,-25.460000,-54.850000,2, ,0.0,0.0,0,0,0,0,0,0,0,0
HM,VES,-25.460000,-54.850000,1, ,0.0,0.0,257.0,04.3,0,0,0,0,0,0,0,0,0

APPTR,S23-Y,23,VES
IF,VES,-25.460000,-54.850000, ,0.0,0.0,2,3000,0,0,0,0,0,0
FC,VES,-25.460000,-54.850000,0,VES,0.0,0.0,41.0,10.5,2,2500,0,0,0,0,0,1
CF,FF23,-25.380458,-54.765472,2,VES,61.0,6.6,241.0,4.0,2,2500,0,0,0,0,0,0

FINAL,S23-Y,23,D,2
IF,FF23,-25.380458,-54.765472,VES,61.0,6.6,2,2500,0,0,0,0,2,0
CF,RW23,-25.443917,-54.832589,0,VES,61.5,1.4,241.0,5.3,1,824,0,0,0,0,3,0
CF,VES,-25.460000,-54.850000,0,VES,0.0,0.0,241.0,1.4,0,0,0,0,0,0,0,1
VA,0,241.0,2,3000,0,0,0,0,0,0
DF,VES,-25.460000,-54.850000,2, ,0.0,0.0,0,0,0,0,0,0,0,0
HM,VES,-25.460000,-54.850000,1, ,0.0,0.0,41.0,04.3,0,0,0,0,0,0,0,0,0

