SID,EDPI1D,30,2
CA,0,302.0,2,1200,0,0,0,0,0,0
CI,1, ,0.0,162.0,0,0,0,1,180,0,0,0
CF,D207G,1.477603,-75.609286,0,FLA,207.0,7.0,207.0,2.0,2,5200,0,1,180,0,0,1
DF,D187G,1.470533,-75.569444,1, ,0.0,0.0,2,6300,0,1,180,0,0,1
TF,FLA,1.587778,-75.569444,1, ,0.0,0.0,0.0,0.0,2,8000,0,0,0,0,0,0
TF,D062D,1.626575,-75.515169,0, ,0.0,0.0,0.0,0.0,2,9000,0,0,0,0,0,0
TF,EDPIB,1.820794,-75.243419,0, ,0.0,0.0,0.0,0.0,2,9000,0,0,0,0,0,0

SID,EDPI1E,12,2
CF,D123G,1.536378,-75.464733,0,FLA,123.0,7.0,123.0,6.4,2,3200,0,0,0,0,0,0
TF,D123O,1.477631,-75.345072,0, ,0.0,0.0,0.0,0.0,2,6000,0,0,0,0,0,0
AF,D097O,1.587761,-75.319794,1,FLA,97.0,15.0,123.0,2,7600,0,0,0,0,0,0
AF,D062O,1.733264,-75.365906,1,FLA,61.6,15.0,97.0,2,9000,0,0,0,0,0,0
TF,EDPIB,1.820794,-75.243419,0, ,0.0,0.0,0.0,0.0,2,9000,0,0,0,0,0,0

SID,GAXA2D,30,2
CA,0,302.0,2,1200,0,0,0,0,0,0
CI,1, ,0.0,162.0,0,0,0,1,180,0,0,0
CF,D207G,1.477603,-75.609286,0,FLA,207.0,7.0,207.0,2.0,2,5200,0,1,180,0,0,1
DF,D187G,1.470533,-75.569444,1, ,0.0,0.0,2,6300,0,1,180,0,0,1
TF,FLA,1.587778,-75.569444,1, ,0.0,0.0,0.0,0.0,2,8000,0,0,0,0,0,0
TF,D019H,1.718811,-75.541631,0, ,0.0,0.0,0.0,0.0,2,10000,0,0,0,0,0,0
TF,GAXAP,1.904444,-75.502222,0, ,0.0,0.0,0.0,0.0,2,13000,0,0,0,0,0,0

SID,GAXA2G,12,2
CF,D123G,1.536378,-75.464733,0,FLA,123.0,7.0,123.0,6.4,2,3200,0,0,0,0,0,0
TF,D123O,1.477631,-75.345072,0, ,0.0,0.0,0.0,0.0,2,6000,0,0,0,0,0,0
AF,D097O,1.587761,-75.319794,1,FLA,97.0,15.0,123.0,2,7600,0,0,0,0,0,0
AF,D062O,1.733264,-75.365906,1,FLA,61.6,15.0,97.0,2,9000,0,0,0,0,0,0
AF,D019O,1.833467,-75.517289,1,FLA,19.1,15.0,62.0,2,11700,0,0,0,0,0,0
TF,GAXAP,1.904444,-75.502222,0, ,0.0,0.0,0.0,0.0,2,13000,0,0,0,0,0,0

SID,GAXA3H,12,5
CF,FA900,1.572503,-75.529639,0,TQS,347.3,52.7,123.0,2.0,2,1600,0,0,0,0,0,1
TF,FA901,1.513922,-75.408047,0, ,0.0,0.0,0.0,0.0,2,5000,0,0,0,0,0,1
DF,GAXAP,1.904444,-75.502222,1, ,0.0,0.0,2,13000,0,0,0,0,0,0

SID,GEBU2A,30,2
CA,0,302.0,2,1200,0,0,0,0,0,0
CI,1, ,0.0,162.0,0,0,0,1,180,0,0,0
CF,D207G,1.477603,-75.609286,0,FLA,207.0,7.0,207.0,2.0,2,5200,0,1,180,0,0,1
DF,D187G,1.470533,-75.569444,1, ,0.0,0.0,2,6900,0,1,180,0,0,1
TF,FLA,1.587778,-75.569444,1, ,0.0,0.0,0.0,0.0,2,9500,0,0,0,0,0,0
TF,GEBUT,1.625278,-75.867222,0, ,0.0,0.0,0.0,0.0,2,16000,0,0,0,0,0,0

SID,KUDG2A,30,2
CA,0,302.0,2,1200,0,0,0,0,0,0
CI,1, ,0.0,162.0,0,0,0,1,180,0,0,0
CF,D207G,1.477603,-75.609286,0,FLA,207.0,7.0,207.0,2.0,2,5200,0,1,180,0,0,1
DF,D187G,1.470533,-75.569444,1, ,0.0,0.0,2,6900,0,1,180,0,0,1
TF,FLA,1.587778,-75.569444,1, ,0.0,0.0,0.0,0.0,2,9500,0,0,0,0,0,0
TF,D316D,1.632336,-75.623533,0, ,0.0,0.0,0.0,0.0,2,11000,0,0,0,0,0,0
TF,KUDGA,1.825278,-75.857778,0, ,0.0,0.0,0.0,0.0,2,18000,0,0,0,0,0,0

SID,PADA3F,12,5
CF,FA900,1.572503,-75.529639,0,TQS,347.3,52.7,123.0,2.0,2,1600,0,1,180,0,0,1
DF,PADAR,1.410556,-75.721389,2, ,0.0,0.0,2,7000,0,0,0,0,0,0

SID,VUKT1D,30,2
CA,0,302.0,2,1200,0,0,0,0,0,0
CI,1, ,0.0,162.0,0,0,0,1,180,0,0,0
CF,D207G,1.477603,-75.609286,0,FLA,207.0,7.0,207.0,2.0,2,5200,0,1,180,0,0,1
DF,D187G,1.470533,-75.569444,1, ,0.0,0.0,2,6900,0,1,180,0,0,1
TF,FLA,1.587778,-75.569444,0, ,0.0,0.0,0.0,0.0,2,9500,0,0,0,0,0,0
TF,D340D,1.650669,-75.600756,0, ,0.0,0.0,0.0,0.0,2,11000,0,0,0,0,0,0
TF,VUKTU,1.997778,-75.773611,0, ,0.0,0.0,0.0,0.0,2,11000,0,0,0,0,0,0

STAR,EDPI1F,ALL,2
IF,EDPIB,1.820794,-75.243419, ,0.0,0.0,2,9000,0,0,0,0,0,0
TF,D062G,1.655672,-75.474461,0, ,0.0,0.0,0.0,0.0,2,9000,0,0,0,0,0,0
TF,FLA,1.587778,-75.569444,0, ,0.0,0.0,0.0,0.0,2,7000,0,0,0,0,0,0
TF,D176J,1.423364,-75.537689,0, ,0.0,0.0,0.0,0.0,2,3500,0,1,170,0,0,1
DF,D165J,1.432481,-75.507100,1, ,0.0,0.0,2,3500,0,0,0,0,0,0
TF,SULGO,1.463542,-75.519569,1, ,0.0,0.0,0.0,0.0,2,3000,0,0,0,0,0,0

STAR,EDPI1G,ALL,2
IF,EDPIB,1.820794,-75.243419, ,0.0,0.0,2,9000,0,0,0,0,0,0
TF,D062J,1.684769,-75.433753,0, ,0.0,0.0,0.0,0.0,2,9000,0,0,0,0,0,0
AF,D125J,1.509139,-75.422497,2,FLA,125.0,10.0,62.0,2,6000,0,0,0,0,0,0
AF,D155J,1.445736,-75.481253,2,FLA,155.0,10.0,125.0,0,0,0,1,170,0,0,0
AF,D165J,1.432481,-75.507100,2,FLA,165.0,10.0,155.0,2,3500,0,0,0,0,0,0
TF,SULGO,1.463542,-75.519569,0, ,0.0,0.0,0.0,0.0,2,3000,0,0,0,0,0,0

STAR,GAXA2F,ALL,2
IF,GAXAP,1.904444,-75.502222, ,0.0,0.0,2,13000,0,0,0,0,0,0
TF,D019J,1.751572,-75.534675,0, ,0.0,0.0,0.0,0.0,2,10000,0,0,0,0,0,0
TF,FLA,1.587778,-75.569444,0, ,0.0,0.0,0.0,0.0,2,7000,0,0,0,0,0,0
TF,D176J,1.423364,-75.537689,0, ,0.0,0.0,0.0,0.0,2,3500,0,1,170,0,0,1
DF,D165J,1.432481,-75.507100,1, ,0.0,0.0,2,3500,0,0,0,0,0,0
TF,SULGO,1.463542,-75.519569,1, ,0.0,0.0,0.0,0.0,2,3000,0,0,0,0,0,0

STAR,GEBU3A,ALL,2
IF,GEBUT,1.625278,-75.867222, ,0.0,0.0,2,16000,0,0,0,0,0,0
TF,D284D,1.596100,-75.635500,0, ,0.0,0.0,0.0,0.0,2,9000,0,0,0,0,0,0
TF,FLA,1.587778,-75.569444,0, ,0.0,0.0,0.0,0.0,2,7000,0,0,0,0,0,0
TF,D176J,1.423364,-75.537689,0, ,0.0,0.0,0.0,0.0,2,3500,0,1,170,0,0,1
DF,D165J,1.432481,-75.507100,1, ,0.0,0.0,2,3500,0,0,0,0,0,0
TF,SULGO,1.463542,-75.519569,1, ,0.0,0.0,0.0,0.0,2,3000,0,0,0,0,0,0

STAR,KUDG1C,ALL,2
IF,KUDGA,1.825278,-75.857778, ,0.0,0.0,2,18000,0,0,0,0,0,0
TF,D316H,1.672653,-75.672472,0, ,0.0,0.0,0.0,0.0,2,11000,0,0,0,0,0,0
TF,FLA,1.587778,-75.569444,0, ,0.0,0.0,0.0,0.0,2,7000,0,0,0,0,0,0
TF,D176J,1.423364,-75.537689,0, ,0.0,0.0,0.0,0.0,2,3500,0,1,170,0,0,1
DF,D165J,1.432481,-75.507100,1, ,0.0,0.0,2,3500,0,0,0,0,0,0
TF,SULGO,1.463542,-75.519569,1, ,0.0,0.0,0.0,0.0,2,3000,0,0,0,0,0,0

STAR,KUDG3B,ALL,2
IF,KUDGA,1.825278,-75.857778, ,0.0,0.0,2,18000,0,0,0,0,0,0
TF,D316J,1.693872,-75.698231,0, ,0.0,0.0,0.0,0.0,2,12000,0,0,0,0,0,0
AF,D244J,1.496550,-75.709019,1,FLA,244.0,10.0,316.0,2,8000,0,0,0,0,0,0
AF,D175J,1.423947,-75.534842,1,FLA,175.0,10.0,244.0,0,0,0,1,170,0,0,0
AF,D165J,1.432481,-75.507100,1,FLA,165.0,10.0,175.0,2,3500,0,0,0,0,0,0
TF,SULGO,1.463542,-75.519569,1, ,0.0,0.0,0.0,0.0,2,3000,0,0,0,0,0,0

STAR,PADA2G,ALL,2
IF,PADAR,1.410556,-75.721389, ,0.0,0.0,2,4000,0,0,0,0,0,0
TF,D228L,1.435606,-75.699911,0, ,0.0,0.0,0.0,0.0,2,4000,0,0,0,0,0,0
CI,0, ,0.0,48.0,0,0,0,0,0,0,0,0
AF,D175J,1.423947,-75.534842,1,FLA,175.0,10.0,228.0,0,0,0,1,170,0,0,0
AF,D165J,1.432481,-75.507100,1,FLA,165.0,10.0,175.0,2,3500,0,0,0,0,0,0
TF,SULGO,1.463542,-75.519569,1, ,0.0,0.0,0.0,0.0,2,3000,0,0,0,0,0,0

STAR,REPE2A,ALL,2
IF,REPEG,1.152222,-75.233889, ,0.0,0.0,2,10000,0,0,0,0,0,0
TF,D149R,1.349531,-75.385875,0, ,0.0,0.0,0.0,0.0,2,5000,0,0,0,0,0,0
TF,D165L,1.401422,-75.494633,0, ,0.0,0.0,0.0,0.0,2,4000,0,0,0,0,0,0
TF,D165J,1.432481,-75.507100,0, ,0.0,0.0,0.0,0.0,2,3500,0,0,0,0,0,0
TF,SULGO,1.463542,-75.519569,0, ,0.0,0.0,0.0,0.0,2,3000,0,0,0,0,0,0

STAR,VUKT1E,ALL,2
IF,VUKTU,1.997778,-75.773611, ,0.0,0.0,2,11000,0,0,0,0,0,0
TF,D340K,1.758486,-75.654439,0, ,0.0,0.0,0.0,0.0,2,11000,0,0,0,0,0,0
TF,D340F,1.673131,-75.611939,0, ,0.0,0.0,0.0,0.0,2,9000,0,0,0,0,0,0
TF,FLA,1.587778,-75.569444,0, ,0.0,0.0,0.0,0.0,2,7000,0,0,0,0,0,0
TF,D176J,1.423364,-75.537689,0, ,0.0,0.0,0.0,0.0,2,3500,0,1,170,0,0,1
DF,D165J,1.432481,-75.507100,1, ,0.0,0.0,2,3500,0,0,0,0,0,0
TF,SULGO,1.463542,-75.519569,1, ,0.0,0.0,0.0,0.0,2,3000,0,0,0,0,0,0

APPTR,V12-A,12,SULGO
IF,SULGO,1.463542,-75.519569, ,0.0,0.0,2,4000,0,0,0,0,1,0
HF,SULGO,1.463542,-75.519569,1, ,0.0,0.0,345.0,04,2,3500,0,0,0,0,0,0,0

FINAL,V12-A,12,D,2
IF,SULGO,1.463542,-75.519569,FLA,165.0,8.0,2,3000,0,0,0,0,2,0
CF,MA345,1.541189,-75.550739,0,FLA,165.0,3.0,345.0,5.0,1,1400,0,0,0,0,3,1
VI,1, ,0.0,135.0,0,0,0,1,160,0,0,0
CF,SULGO,1.463542,-75.519569,0,FLA,165.0,8.0,165.0,1.0,2,4000,0,0,0,0,0,0

APPTR,V30-A,30,SULGO
IF,SULGO,1.463542,-75.519569, ,0.0,0.0,2,4000,0,0,0,0,1,0
HF,SULGO,1.463542,-75.519569,1, ,0.0,0.0,345.0,04,2,3500,0,0,0,0,0,0,0

FINAL,V30-A,30,D,2
IF,SULGO,1.463542,-75.519569,FLA,165.0,8.0,2,3000,0,0,0,0,2,0
CF,MA345,1.541189,-75.550739,0,FLA,165.0,3.0,345.0,5.0,1,1400,0,0,0,0,3,1
VI,1, ,0.0,135.0,0,0,0,1,160,0,0,0
CF,SULGO,1.463542,-75.519569,0,FLA,165.0,8.0,165.0,1.0,2,4000,0,0,0,0,0,0

