SID,DUBK1B,26,5
CF,IP911,0.849311,-77.727447,0,IPI,261.7,3.4,264.0,3.0,2,10800,0,1,160,0,0,1
DF,IP912,0.821169,-77.620450,1, ,0.0,0.0,2,13000,0,1,160,0,0,0
TF,IP901,0.890483,-77.524842,0, ,0.0,0.0,0.0,0.0,2,13000,0,1,230,0,0,0
TF,IP903,0.959636,-77.478094,0, ,0.0,0.0,0.0,0.0,2,14000,0,1,230,0,0,0
TF,IP904,1.088683,-77.478094,0, ,0.0,0.0,0.0,0.0,2,15300,0,1,230,0,0,0
TF,IP905,1.059508,-77.605694,1, ,0.0,0.0,0.0,0.0,2,16700,0,0,0,0,0,0
TF,IP906,0.997822,-77.721222,0, ,0.0,0.0,0.0,0.0,2,18000,0,0,0,0,0,0
TF,IP907,0.847028,-77.792208,0, ,0.0,0.0,0.0,0.0,2,18000,0,0,0,0,0,0
TF,DUBKU,0.618056,-77.900278,0, ,0.0,0.0,0.0,0.0,2,18000,0,0,0,0,0,0

SID,DUBK1C,08,5
CF,IP901,0.890483,-77.524842,0,IPI,84.3,9.1,83.0,8.1,2,11600,0,1,185,0,0,0
TF,IP903,0.959636,-77.478094,0, ,0.0,0.0,0.0,0.0,2,12000,0,1,230,0,0,0
TF,IP904,1.088683,-77.478094,0, ,0.0,0.0,0.0,0.0,2,13500,0,0,0,0,0,0
TF,IP905,1.059508,-77.605694,1, ,0.0,0.0,0.0,0.0,2,14900,0,0,0,0,0,0
TF,IP906,0.997822,-77.721222,0, ,0.0,0.0,0.0,0.0,2,16000,0,0,0,0,0,0
TF,IP907,0.847028,-77.792208,0, ,0.0,0.0,0.0,0.0,2,16000,0,0,0,0,0,0
TF,DUBKU,0.618056,-77.900278,0, ,0.0,0.0,0.0,0.0,2,18000,0,0,0,0,0,0

SID,EGOB1F,26,5
CF,IP911,0.849311,-77.727447,0,IPI,261.7,3.4,264.0,3.0,2,10800,0,1,160,0,0,1
DF,IP912,0.821169,-77.620450,1, ,0.0,0.0,2,13000,0,1,160,0,0,0
TF,IP901,0.890483,-77.524842,0, ,0.0,0.0,0.0,0.0,2,13000,0,1,230,0,0,0
TF,IP903,0.959636,-77.478094,0, ,0.0,0.0,0.0,0.0,2,14000,0,1,230,0,0,0
TF,IP908,1.129867,-77.478094,0, ,0.0,0.0,0.0,0.0,2,16000,0,1,230,0,0,0
TF,IP909,1.166969,-77.809356,0, ,0.0,0.0,0.0,0.0,2,18000,0,0,0,0,0,0
TF,EGOBI,1.193611,-78.047222,0, ,0.0,0.0,0.0,0.0,2,18000,0,0,0,0,0,0

SID,EGOB1G,08,5
CF,IP901,0.890483,-77.524842,0,IPI,84.3,9.1,83.0,8.1,2,11600,0,1,185,0,0,0
TF,IP903,0.959636,-77.478094,0, ,0.0,0.0,0.0,0.0,2,12000,0,1,230,0,0,0
TF,IP908,1.129867,-77.478094,0, ,0.0,0.0,0.0,0.0,0,0,0,1,230,0,0,0
TF,IP909,1.166969,-77.809356,0, ,0.0,0.0,0.0,0.0,2,16000,0,0,0,0,0,0
TF,EGOBI,1.193611,-78.047222,0, ,0.0,0.0,0.0,0.0,2,18000,0,0,0,0,0,0

SID,EGOB5B,08,2
CF,D084H,0.887786,-77.542389,0,IPI,84.0,8.0,84.0,8.0,2,12000,0,0,0,0,0,1
CF,IPI,0.862222,-77.673056,2,IPI,0.0,0.0,290.0,8.0,2,16200,0,0,0,0,0,0
FD,IPI,0.862222,-77.673056,0,IPI,0.0,4.0,316.0,4.0,2,17500,0,0,0,0,0,0
CF,EGOBI,1.193611,-78.047222,0,IPI,316.4,30.0,316.0,26.0,2,18000,0,0,0,0,0,0

SID,EGOB5C,26,2
CF,D264F,0.842725,-77.772686,0,IPI,264.0,6.1,264.0,6.1,2,11500,0,0,0,0,0,1
CF,D296B,0.871225,-77.696356,2,IPI,296.0,1.5,116.0,5.0,2,15000,0,1,160,0,0,1
TF,IPI,0.862222,-77.673056,0, ,0.0,0.0,0.0,0.0,0,0,0,0,0,0,0,0
FD,IPI,0.862222,-77.673056,1,IPI,0.0,8.3,316.0,8.3,2,18000,0,0,0,0,0,0
CF,EGOBI,1.193611,-78.047222,0,IPI,316.4,30.0,316.0,22.0,2,18000,0,0,0,0,0,0

SID,ESAR1B,08,5
CF,IP901,0.890483,-77.524842,0,IPI,84.3,9.1,83.0,8.1,2,11600,0,1,185,0,0,0
TF,IP903,0.959636,-77.478094,0, ,0.0,0.0,0.0,0.0,2,12000,0,1,230,0,0,0
TF,IP913,1.095614,-77.381853,0, ,0.0,0.0,0.0,0.0,2,14000,0,0,0,0,0,0
TF,ESARO,2.865000,-76.128056,0, ,0.0,0.0,0.0,0.0,2,21000,0,0,0,0,0,0

SID,ESAR1C,26,5
CF,IP911,0.849311,-77.727447,0,IPI,261.7,3.4,264.0,3.0,2,10800,0,1,160,0,0,1
DF,IP912,0.821169,-77.620450,1, ,0.0,0.0,2,13000,0,1,160,0,0,0
TF,IP901,0.890483,-77.524842,0, ,0.0,0.0,0.0,0.0,2,13000,0,1,230,0,0,0
TF,IP903,0.959636,-77.478094,0, ,0.0,0.0,0.0,0.0,2,14000,0,0,0,0,0,0
TF,IP913,1.095614,-77.381853,0, ,0.0,0.0,0.0,0.0,2,16000,0,0,0,0,0,0
TF,ESARO,2.865000,-76.128056,0, ,0.0,0.0,0.0,0.0,2,21000,0,0,0,0,0,0

SID,GAVE5B,08,2
CF,D084H,0.887786,-77.542389,0,IPI,84.0,8.0,84.0,8.0,2,12000,0,0,0,0,0,1
DF,D075J,0.919503,-77.516697,0, ,0.0,0.0,2,12800,0,1,160,0,0,0
CR,0,IPI,53.0,4.0,0,0,0,0,0,0,0,0
CF,D040P,1.079717,-77.517519,0,IPI,40.8,16.0,4.0,5.0,2,16000,0,0,0,0,0,0
TF,GAVEK,1.268889,-77.382222,0, ,0.0,0.0,0.0,0.0,2,16000,0,0,0,0,0,0

SID,GAVE5C,26,2
CF,D264F,0.842725,-77.772686,0,IPI,264.0,6.1,264.0,6.1,2,11500,0,0,0,0,0,1
CF,D296B,0.871225,-77.696356,2,IPI,296.0,1.5,116.0,5.0,2,15000,0,1,160,0,0,1
TF,IPI,0.862222,-77.673056,0, ,0.0,0.0,0.0,0.0,0,0,0,0,0,0,0,0
FD,IPI,0.862222,-77.673056,0,IPI,0.0,1.7,41.0,1.7,2,16000,0,0,0,0,0,0
CF,GAVEK,1.268889,-77.382222,0,IPI,40.8,29.9,41.0,28.0,2,16000,0,0,0,0,0,0

SID,MER1C,26,5
CF,IP911,0.849311,-77.727447,0,IPI,261.7,3.4,264.0,3.0,2,10800,0,1,160,0,0,1
DF,IP912,0.821169,-77.620450,1, ,0.0,0.0,2,13000,0,1,160,0,0,0
TF,IP901,0.890483,-77.524842,0, ,0.0,0.0,0.0,0.0,2,13000,0,1,230,0,0,0
TF,IP903,0.959636,-77.478094,0, ,0.0,0.0,0.0,0.0,2,13000,0,0,0,0,0,0
TF,IP908,1.129867,-77.478094,0, ,0.0,0.0,0.0,0.0,2,13000,0,0,0,0,0,0
TF,IP910,1.332856,-77.500736,0, ,0.0,0.0,0.0,0.0,2,13000,0,0,0,0,0,0
TF,MER,1.788889,-77.151389,0, ,0.0,0.0,0.0,0.0,2,13000,0,0,0,0,0,0

SID,MER1D,08,5
CF,IP901,0.890483,-77.524842,0,IPI,84.3,9.1,83.0,8.1,2,11600,0,1,185,0,0,0
TF,IP903,0.959636,-77.478094,0, ,0.0,0.0,0.0,0.0,2,12000,0,1,230,0,0,0
TF,IP908,1.129867,-77.478094,0, ,0.0,0.0,0.0,0.0,0,0,0,1,230,0,0,0
TF,IP910,1.332856,-77.500736,0, ,0.0,0.0,0.0,0.0,0,0,0,0,0,0,0,0
TF,MER,1.788889,-77.151389,0, ,0.0,0.0,0.0,0.0,2,12000,0,0,0,0,0,0

SID,PAMB1F,26,5
CF,IP911,0.849311,-77.727447,0,IPI,261.7,3.4,264.0,3.0,2,10800,0,1,160,0,0,1
DF,IP912,0.821169,-77.620450,1, ,0.0,0.0,2,13000,0,1,160,0,0,0
TF,IP901,0.890483,-77.524842,0, ,0.0,0.0,0.0,0.0,2,13000,0,1,230,0,0,0
TF,IP902,0.827664,-77.407236,0, ,0.0,0.0,0.0,0.0,2,14600,0,0,0,0,0,0
TF,PAMBA,0.714444,-77.195278,0, ,0.0,0.0,0.0,0.0,2,15000,0,0,0,0,0,0

SID,PAMB1G,08,5
CF,IP901,0.890483,-77.524842,0,IPI,84.3,9.1,83.0,8.1,2,11600,0,1,185,0,0,0
TF,IP902,0.827664,-77.407236,0, ,0.0,0.0,0.0,0.0,2,13200,0,0,0,0,0,0
TF,PAMBA,0.714444,-77.195278,0, ,0.0,0.0,0.0,0.0,2,15000,0,0,0,0,0,0

SID,PAMB4C,26,2
CF,D264F,0.842725,-77.772686,0,IPI,264.0,6.1,264.0,6.1,2,11500,0,0,0,0,0,1
CF,D296B,0.871225,-77.696356,2,IPI,296.0,1.5,116.0,5.0,2,15000,0,1,160,0,0,1
TF,IPI,0.862222,-77.673056,0, ,0.0,0.0,0.0,0.0,0,0,0,0,0,0,0,0
TF,PAMBA,0.714444,-77.195278,0, ,0.0,0.0,0.0,0.0,2,16000,0,0,0,0,0,0

SID,PAMB7B,08,2
CF,D085D,0.873853,-77.607511,0,IPI,85.0,4.0,85.0,4.0,2,10700,0,0,0,0,0,1
DF,D095G,0.862219,-77.559911,0, ,0.0,0.0,2,11600,0,1,160,0,0,0
TF,D112I,0.817953,-77.529908,0, ,0.0,0.0,0.0,0.0,2,12600,0,0,0,0,0,0
TF,D112M,0.800736,-77.474242,0, ,0.0,0.0,0.0,0.0,2,13600,0,0,0,0,0,0
TF,PAMBA,0.714444,-77.195278,0, ,0.0,0.0,0.0,0.0,2,15000,0,0,0,0,0,0

STAR,DUBK1A,08,5
IF,DUBKU,0.618056,-77.900278, ,0.0,0.0,2,17000,0,0,0,0,0,0
TF,IP401,0.690428,-77.788003,0, ,0.0,0.0,0.0,0.0,2,14600,0,1,210,0,0,0

STAR,EGOB1E,26,5
IF,EGOBI,1.193611,-78.047222, ,0.0,0.0,2,18000,0,0,0,0,0,0
TF,IP908,1.129867,-77.478094,0, ,0.0,0.0,0.0,0.0,2,15000,0,1,230,0,0,0

STAR,EGOB2D,08,5
IF,EGOBI,1.193611,-78.047222, ,0.0,0.0,2,18000,0,0,0,0,0,0
TF,IP909,1.166969,-77.809356,0, ,0.0,0.0,0.0,0.0,2,16000,0,0,0,0,0,0
TF,IP801,0.732189,-77.699036,0, ,0.0,0.0,0.0,0.0,2,15000,0,1,210,0,0,0
TF,IP401,0.690428,-77.788003,0, ,0.0,0.0,0.0,0.0,2,14600,0,1,210,0,0,0

STAR,EGOB5A,08,2
IF,EGOBI,1.193611,-78.047222, ,0.0,0.0,2,18000,0,0,0,0,0,0
TF,D316L,0.994994,-77.822953,0, ,0.0,0.0,0.0,0.0,2,18000,0,0,0,0,0,0
TF,D316F,0.928608,-77.748003,0, ,0.0,0.0,0.0,0.0,2,16200,0,0,0,0,0,0
TF,D017C,0.911369,-77.662675,0, ,0.0,0.0,0.0,0.0,2,14700,0,0,0,0,0,0
TF,IPI,0.862222,-77.673056,0, ,0.0,0.0,0.0,0.0,1,13700,0,0,0,0,0,0

STAR,GAVE1E,26,5
IF,GAVEK,1.268889,-77.382222, ,0.0,0.0,2,16000,0,0,0,0,0,0
TF,IP908,1.129867,-77.478094,0, ,0.0,0.0,0.0,0.0,2,15000,0,1,230,0,0,0

STAR,GAVE2D,08,5
IF,GAVEK,1.268889,-77.382222, ,0.0,0.0,2,16000,0,0,0,0,0,0
TF,IP908,1.129867,-77.478094,0, ,0.0,0.0,0.0,0.0,2,15000,0,0,0,0,0,0
TF,IP803,0.880700,-77.616533,0, ,0.0,0.0,0.0,0.0,2,15000,0,0,0,0,0,0
TF,IP801,0.732189,-77.699036,0, ,0.0,0.0,0.0,0.0,2,15000,0,1,210,0,0,0
TF,IP401,0.690428,-77.788003,0, ,0.0,0.0,0.0,0.0,2,14600,0,1,210,0,0,0

STAR,GAVE5A,08,2
IF,GAVEK,1.268889,-77.382222, ,0.0,0.0,2,16000,0,0,0,0,0,0
TF,D040J,0.998158,-77.575847,0, ,0.0,0.0,0.0,0.0,2,16000,0,0,0,0,0,0
TF,IPI,0.862222,-77.673056,0, ,0.0,0.0,0.0,0.0,1,13700,0,0,0,0,0,0

STAR,PAMB1E,26,5
IF,PAMBA,0.714444,-77.195278, ,0.0,0.0,2,15000,0,0,0,0,0,0
TF,IP405,0.775953,-77.297889,0, ,0.0,0.0,0.0,0.0,2,15000,0,1,230,0,0,0

STAR,PAMB2D,08,5
IF,PAMBA,0.714444,-77.195278, ,0.0,0.0,2,15000,0,0,0,0,0,0
TF,IP405,0.775953,-77.297889,0, ,0.0,0.0,0.0,0.0,2,15000,0,0,0,0,0,0
TF,IP801,0.732189,-77.699036,0, ,0.0,0.0,0.0,0.0,2,15000,0,1,210,0,0,0
TF,IP401,0.690428,-77.788003,0, ,0.0,0.0,0.0,0.0,2,14600,0,1,210,0,0,0

STAR,PAMB8A,08,2
IF,PAMBA,0.714444,-77.195278, ,0.0,0.0,2,15000,0,0,0,0,0,0
TF,D112J,0.813033,-77.514003,0, ,0.0,0.0,0.0,0.0,2,15000,0,0,0,0,0,0
TF,D112E,0.837628,-77.593528,0, ,0.0,0.0,0.0,0.0,2,14000,0,0,0,0,0,0
TF,D077B,0.872572,-77.641406,0, ,0.0,0.0,0.0,0.0,2,14000,0,0,0,0,0,0
TF,IPI,0.862222,-77.673056,0, ,0.0,0.0,0.0,0.0,1,13700,0,0,0,0,0,0

APPTR,D08,08,IPI
IF,IPI,0.862222,-77.673056, ,0.0,0.0,1,14000,0,0,0,0,1,0
FD,IPI,0.862222,-77.673056,0,IPI,0.0,6.0,241.0,6.0,2,12200,0,1,130,0,0,0
CF,FF08,0.832839,-77.768525,2,IPI,258.0,6.0,78.0,1.0,2,11900,0,0,0,0,0,0

FINAL,D08,08,D,3
IF,FF08,0.832839,-77.768525,IPI,258.0,6.0,2,11900,0,0,0,0,2,0
CF,28VOR,0.848508,-77.717608,0,IPI,258.0,2.8,78.0,3.2,2,10700,0,0,0,0,0,0
CF,RW08,0.859253,-77.678517,0,IPI,246.6,0.4,78.0,2.4,1,9778,0,0,0,0,3,0
CF,D078D,0.882297,-77.607817,0,IPI,78.0,4.1,78.0,4.5,2,10900,0,0,0,0,0,1
DF,IPI,0.862222,-77.673056,1, ,0.0,0.0,1,14000,0,0,0,0,0,0
HM,IPI,0.862222,-77.673056,1, ,0.0,0.0,224.0,04.3,2,14000,0,0,0,0,0,0,0

APPTR,R08,08,IP401
IF,IP401,0.690428,-77.788003, ,0.0,0.0,2,14600,0,1,210,0,1,0
TF,IP402,0.789500,-77.832836,0, ,0.0,0.0,0.0,0.0,2,13000,0,1,160,0,1,0

FINAL,R08,08,R,4
IF,IP402,0.789500,-77.832836, ,0.0,0.0,2,13000,0,1,160,0,0,0
TF,IP403,0.841608,-77.765358,0, ,0.0,0.0,57.0,5.1,2,11700,0,0,0,0,2,0
TF,IP404,0.849872,-77.724692,0, ,0.0,0.0,84.0,2.5,2,10800,0,0,0,0,0,0
TF,RW08,0.859253,-77.678517,0, ,0.0,0.0,84.0,2.8,1,9778,0,0,0,0,3,1
TF,IP901,0.890483,-77.524842,0, ,0.0,0.0,0.0,0.0,2,12000,0,1,185,0,0,0
TF,IP405,0.775953,-77.297889,0, ,0.0,0.0,0.0,0.0,2,15000,0,0,0,0,0,0
HM,IP405,0.775953,-77.297889,1, ,0.0,0.0,306.0,04.3,2,15000,0,1,230,0,0,0,0

APPTR,R26,26,IP405
IF,IP405,0.775953,-77.297889, ,0.0,0.0,2,15000,0,1,230,0,1,0
TF,IP406,0.901969,-77.468217,0, ,0.0,0.0,0.0,0.0,2,13500,0,1,190,0,1,0

APPTR,R26,26,IP908
IF,IP908,1.129867,-77.478094, ,0.0,0.0,2,15000,0,1,230,0,1,0
TF,IP406,0.901969,-77.468217,0, ,0.0,0.0,0.0,0.0,2,13500,0,1,190,0,1,0

FINAL,R26,26,R,3
IF,IP406,0.901969,-77.468217, ,0.0,0.0,2,13500,0,1,190,0,0,0
TF,IP407,0.885406,-77.549767,0, ,0.0,0.0,264.0,5.0,2,11900,0,0,0,0,2,0
TF,RW26,0.863725,-77.656503,0, ,0.0,0.0,264.0,6.5,1,9815,0,0,0,0,3,1
TF,IP408,0.846558,-77.741000,0, ,0.0,0.0,0.0,0.0,2,11000,0,1,185,0,0,0
TF,IP409,0.731778,-77.717272,1, ,0.0,0.0,0.0,0.0,2,12300,0,1,185,0,0,0
TF,IP410,0.781797,-77.471019,0, ,0.0,0.0,0.0,0.0,2,15000,0,0,0,0,0,0
TF,IP405,0.775953,-77.297889,0, ,0.0,0.0,0.0,0.0,2,15000,0,0,0,0,0,0
HM,IP405,0.775953,-77.297889,1, ,0.0,0.0,306.0,04.3,2,15000,0,1,230,0,0,0,0

