SID,UBRI1E,17,5
CF,NA901,2.085161,-73.765042,0,SVC,101.0,60.7,174.0,5.0,2,1800,0,0,0,0,0,1
DF,NA903,2.178767,-73.656978,1, ,0.0,0.0,2,4000,0,1,185,0,0,0
TF,NA902,2.302228,-73.641239,0, ,0.0,0.0,0.0,0.0,2,5400,0,0,0,0,0,0
TF,UBRID,3.202222,-72.963611,0, ,0.0,0.0,0.0,0.0,2,17000,0,0,0,0,0,0

STAR,IMBI1A,35,5
IF,IMBIS,3.312778,-73.931389, ,0.0,0.0,2,7000,0,0,0,0,0,0
TF,NA802,2.570633,-73.918194,0, ,0.0,0.0,0.0,0.0,2,7000,0,0,0,0,0,0
TF,NA801,2.002928,-73.908111,0, ,0.0,0.0,0.0,0.0,2,6000,0,0,0,0,0,0
TF,NA405,1.980233,-73.842692,0, ,0.0,0.0,0.0,0.0,2,5000,0,0,0,0,0,0

APPTR,R35,35,NA403
IF,NA403,1.906031,-73.722225, ,0.0,0.0,2,5000,0,0,0,0,1,0
TF,NA402,2.003736,-73.745581,0, ,0.0,0.0,0.0,0.0,2,4000,0,1,170,0,1,0

APPTR,R35,35,NA404
IF,NA404,2.027236,-73.648469, ,0.0,0.0,2,5000,0,0,0,0,1,0
TF,NA402,2.003736,-73.745581,0, ,0.0,0.0,0.0,0.0,2,4000,0,1,170,0,1,0

APPTR,R35,35,NA405
IF,NA405,1.980233,-73.842692, ,0.0,0.0,2,5000,0,0,0,0,1,0
TF,NA402,2.003736,-73.745581,0, ,0.0,0.0,0.0,0.0,2,4000,0,1,170,0,1,0

FINAL,R35,35,R,3
IF,NA402,2.003736,-73.745581, ,0.0,0.0,2,4000,0,1,170,0,0,0
TF,NA401,2.085158,-73.765047,0, ,0.0,0.0,354.0,5.0,2,2400,0,1,170,0,2,0
TF,RW35,2.166583,-73.784517,0, ,0.0,0.0,354.0,5.0,1,827,0,0,0,0,3,1
DF,NA404,2.027236,-73.648469,2, ,0.0,0.0,2,6000,0,1,185,0,0,1
HM,NA404,2.027236,-73.648469,1, ,0.0,0.0,264.0,04.3,2,6000,0,1,230,0,0,0,0

