APPTR,R05-Z,05,TIKLU
IF,TIKLU,-19.106939,-58.005356, ,0.0,0.0,2,5000,0,0,0,0,1,0
TF,PAMET,-19.124594,-57.919331,0, ,0.0,0.0,0.0,0.0,2,3700,0,0,0,0,1,0

FINAL,R05-Z,05,R,3
IF,PAMET,-19.124594,-57.919331, ,0.0,0.0,2,3700,0,0,0,0,0,0
TF,OPROL,-19.053789,-57.872472,0, ,0.0,0.0,46.0,5.0,2,2100,0,0,0,0,2,0
TF,RW05,-18.982978,-57.825633,0, ,0.0,0.0,46.0,5.0,1,490,0,0,0,0,3,1
TF,ISIRU,-18.954656,-57.806906,0, ,0.0,0.0,0.0,0.0,0,0,0,0,0,0,0,1
TF,OGRIS,-18.791514,-57.837989,0, ,0.0,0.0,0.0,0.0,2,4000,0,0,0,0,0,1
HM,OGRIS,-18.791514,-57.837989,2, ,0.0,0.0,181.0,04.3,0,0,0,0,0,0,0,0,0

