APPTR,D11-Y,11,DIDAR
IF,DIDAR,5.549278,-55.468389, ,0.0,0.0,2,3000,0,0,0,0,1,0
TF,SIPIX,5.451389,-55.367917,0, ,0.0,0.0,0.0,0.0,2,2000,0,0,0,0,0,0

APPTR,D11-Y,11,VUKSA
IF,VUKSA,5.591028,-55.350139, ,0.0,0.0,2,3000,0,0,0,0,1,0
TF,D328K,5.569417,-55.324592,0, ,0.0,0.0,0.0,0.0,0,0,0,0,0,0,0,0
AF,SIPIX,5.451389,-55.367917,1,ZY,287.3,11.0,328.0,2,2000,0,0,0,0,0,0

FINAL,D11-Y,11,D,3
IF,SIPIX,5.451389,-55.367917,ZY,287.3,11.0,2,2000,0,0,0,0,0,0
CF,ESDOG,5.452147,-55.302928,0,ZY,287.7,7.1,108.0,3.9,2,2000,0,0,0,0,2,0
CF,RW11,5.452739,-55.203494,0,ZY,293.3,1.2,108.0,6.0,1,106,0,0,0,0,3,0
CA,0,108.0,2,2000,0,0,0,0,0,0
DF,ZY,5.450547,-55.184136,2, ,0.0,0.0,1,3000,0,0,0,0,0,0
HM,ZY,5.450547,-55.184136,1, ,0.0,0.0,312.0,04.3,2,3000,0,0,0,0,0,0,0

APPTR,D11-Z,11,ZY1
IF,ZY,5.450547,-55.184136, ,0.0,0.0,2,3000,0,0,0,0,0,0
TF,D312I,5.514231,-55.320467,0, ,0.0,0.0,0.0,0.0,2,2000,0,0,0,0,0,1
CF,ESDOG,5.452147,-55.302928,1,ZY,287.7,7.1,108.0,1.9,2,2000,0,0,0,0,0,0

APPTR,D11-Z,11,ZY2
IF,ZY,5.450547,-55.184136, ,0.0,0.0,2,3000,0,0,0,0,0,0
TF,D299I,5.481867,-55.331264,0, ,0.0,0.0,0.0,0.0,2,2000,0,0,0,0,0,1
CF,ESDOG,5.452147,-55.302928,1,ZY,287.7,7.1,108.0,1.9,2,2000,0,0,0,0,0,0

FINAL,D11-Z,11,D,2
IF,ESDOG,5.452147,-55.302928,ZY,287.7,7.1,2,2000,0,0,0,0,2,0
CF,RW11,5.452739,-55.203494,0,ZY,293.3,1.2,108.0,6.0,1,106,0,0,0,0,3,0
CA,0,108.0,2,2000,0,0,0,0,0,0
DF,ZY,5.450547,-55.184136,2, ,0.0,0.0,1,3000,0,0,0,0,0,0
HM,ZY,5.450547,-55.184136,1, ,0.0,0.0,312.0,04.3,2,3000,0,0,0,0,0,0,0

APPTR,D29-Y,29,MINAL
IF,MINAL,5.305000,-54.531667, ,0.0,0.0,0,0,0,0,0,0,0,0
TF,PADUT,5.396056,-54.939444,0, ,0.0,0.0,0.0,0.0,2,3000,0,0,0,0,1,0
TF,POVDA,5.455333,-55.000361,0, ,0.0,0.0,0.0,0.0,2,2000,0,0,0,0,1,0

APPTR,D29-Y,29,NASON
IF,NASON,4.913889,-54.483333, ,0.0,0.0,0,0,0,0,0,0,0,0
TF,KOTMO,5.320222,-55.010139,0, ,0.0,0.0,0.0,0.0,2,3000,0,0,0,0,1,0
CI,0, ,0.0,325.0,0,0,0,0,0,0,0,0
AF,POVDA,5.455333,-55.000361,1,ZY,105.5,11.0,145.0,2,2000,0,0,0,0,1,0

APPTR,D29-Y,29,TODOL
IF,TODOL,6.016667,-54.833333, ,0.0,0.0,0,0,0,0,0,0,0,0
TF,OSIGI,5.635556,-55.069583,0, ,0.0,0.0,0.0,0.0,2,3000,0,0,0,0,1,0
CI,0, ,0.0,230.0,0,0,0,0,0,0,0,0
AF,D073K,5.553544,-55.031706,2,ZY,73.0,11.0,50.0,2,3000,0,0,0,0,0,0
AF,POVDA,5.455333,-55.000361,2,ZY,105.5,11.0,73.0,2,2000,0,0,0,0,1,0

APPTR,D29-Y,29,VILAS
IF,VILAS,4.666667,-54.433333, ,0.0,0.0,0,0,0,0,0,0,0,0
TF,LOLOM,5.293583,-55.033583,0, ,0.0,0.0,0.0,0.0,2,3000,0,0,0,0,1,0
CI,0, ,0.0,334.0,0,0,0,0,0,0,0,0
AF,POVDA,5.455333,-55.000361,1,ZY,105.5,11.0,154.0,2,2000,0,0,0,0,1,0

FINAL,D29-Y,29,D,3
IF,POVDA,5.455333,-55.000361,ZY,105.5,11.0,2,2000,0,0,0,0,0,0
CF,GIGLO,5.453492,-55.072706,0,ZY,105.5,6.7,286.0,4.3,2,2000,0,0,0,0,2,0
CF,RW29,5.452922,-55.172072,0,ZY,96.2,0.7,286.0,5.9,1,107,0,0,0,0,3,0
CA,0,286.0,2,2000,0,0,0,0,0,0
DF,ZY,5.450547,-55.184136,1, ,0.0,0.0,1,3000,0,0,0,0,0,0
HM,ZY,5.450547,-55.184136,2, ,0.0,0.0,82.0,04.3,2,3000,0,0,0,0,0,0,0

APPTR,D29-Z,29,ZY1
IF,ZY,5.450547,-55.184136, ,0.0,0.0,2,3000,0,0,0,0,0,0
TF,D082I,5.514231,-55.047803,0, ,0.0,0.0,0.0,0.0,2,2000,0,0,0,0,0,1
CF,GIGLO,5.453492,-55.072706,2,ZY,105.5,6.7,286.0,2.3,2,2000,0,0,0,0,0,0

APPTR,D29-Z,29,ZY2
IF,ZY,5.450547,-55.184136, ,0.0,0.0,2,3000,0,0,0,0,0,0
TF,D096I,5.479289,-55.036483,0, ,0.0,0.0,0.0,0.0,2,2000,0,0,0,0,0,1
CF,GIGLO,5.453492,-55.072706,2,ZY,105.5,6.7,286.0,2.3,2,2000,0,0,0,0,0,0

FINAL,D29-Z,29,D,2
IF,GIGLO,5.453492,-55.072706,ZY,105.5,6.7,2,2000,0,0,0,0,2,0
CF,RW29,5.452922,-55.172072,0,ZY,96.2,0.7,286.0,5.9,1,107,0,0,0,0,3,0
CA,0,286.0,2,2000,0,0,0,0,0,0
DF,ZY,5.450547,-55.184136,1, ,0.0,0.0,1,3000,0,0,0,0,0,0
HM,ZY,5.450547,-55.184136,2, ,0.0,0.0,82.0,04.3,2,3000,0,0,0,0,0,0,0

APPTR,I11-Y,11,DIDAR
IF,DIDAR,5.549278,-55.468389, ,0.0,0.0,2,3000,0,0,0,0,1,0
TF,SIPIX,5.451389,-55.367917,0,IZAN,0.0,0.0,0.0,0.0,2,2000,0,0,0,0,1,0

APPTR,I11-Y,11,SIPIX
HF,SIPIX,5.451389,-55.367917,1, ,0.0,0.0,107.0,04.3,2,2000,0,0,0,0,0,0,0

APPTR,I11-Y,11,VUKSA
IF,VUKSA,5.591028,-55.350139, ,0.0,0.0,2,3000,0,0,0,0,1,0
TF,D328K,5.569417,-55.324592,0, ,0.0,0.0,0.0,0.0,0,0,0,0,0,0,0,0
AF,D298K,5.485672,-55.364600,1,ZY,298.0,11.0,328.0,2,2000,0,0,0,0,0,0
VI,0,IZAN,0.0,137.0,0,0,0,0,0,0,0,0

FINAL,I11-Y,11,I,3
IF,SIPIX,5.451389,-55.367917,IZAN,286.6,11.8,2,2000,0,0,0,0,0,0
CF,ESDOG,5.452147,-55.302928,0,IZAN,286.7,7.9,107.0,3.9,1,2000,0,0,0,0,2,0
CF,RW11,5.452739,-55.203494,0,IZAN,286.9,2.0,107.0,5.9,1,106,0,0,0,0,3,0
CA,0,107.0,2,2000,0,0,0,0,0,0
DF,ZY,5.450547,-55.184136,2, ,0.0,0.0,1,3000,0,0,0,0,0,0
HM,ZY,5.450547,-55.184136,1, ,0.0,0.0,312.0,04.3,2,3000,0,0,0,0,0,0,0

APPTR,I11-Z,11,ZY1
IF,ZY,5.450547,-55.184136, ,0.0,0.0,2,3000,0,0,0,0,0,0
TF,D312I,5.514231,-55.320467,0, ,0.0,0.0,0.0,0.0,2,2000,0,0,0,0,0,1
CF,CI11,5.451894,-55.334536,1,IZAN,286.7,9.8,107.0,1.0,2,2000,0,0,0,0,0,0

APPTR,I11-Z,11,ZY2
IF,ZY,5.450547,-55.184136, ,0.0,0.0,2,3000,0,0,0,0,0,0
TF,D298I,5.479289,-55.331786,0, ,0.0,0.0,0.0,0.0,2,2000,0,0,0,0,0,1
CF,CI11,5.451894,-55.334536,1,IZAN,286.7,9.8,107.0,1.0,2,2000,0,0,0,0,0,0

FINAL,I11-Z,11,I,3
IF,CI11,5.451894,-55.334536,IZAN,286.7,9.8,2,2000,0,0,0,0,0,0
CF,ESDOG,5.452147,-55.302928,0,IZAN,286.7,7.9,107.0,1.9,1,2000,0,0,0,0,2,0
CF,RW11,5.452739,-55.203494,0,IZAN,286.9,2.0,107.0,5.9,1,106,0,0,0,0,3,0
CA,0,107.0,2,2000,0,0,0,0,0,0
DF,ZY,5.450547,-55.184136,2, ,0.0,0.0,1,3000,0,0,0,0,0,0
HM,ZY,5.450547,-55.184136,1, ,0.0,0.0,312.0,04.3,2,3000,0,0,0,0,0,0,0

APPTR,R11,11,KOKSI
IF,KOKSI,5.351167,-55.369122, ,0.0,0.0,2,3000,0,0,0,0,1,0
TF,XONAR,5.451742,-55.369775,0, ,0.0,0.0,0.0,0.0,2,2000,0,0,0,0,0,0

APPTR,R11,11,MIDON
IF,MIDON,5.552133,-55.370383, ,0.0,0.0,2,3000,0,0,0,0,1,0
TF,XONAR,5.451742,-55.369775,0, ,0.0,0.0,0.0,0.0,2,2000,0,0,0,0,0,0

FINAL,R11,11,R,3
IF,XONAR,5.451742,-55.369775, ,0.0,0.0,2,2000,0,0,0,0,0,0
TF,ESDOG,5.452147,-55.302928,0, ,0.0,0.0,107.0,4.0,1,2000,0,0,0,0,2,0
TF,RW11,5.452739,-55.203494,0, ,0.0,0.0,107.0,6.0,1,106,0,0,0,0,3,1
TF,ERINA,5.453864,-55.005861,0, ,0.0,0.0,0.0,0.0,2,2000,0,0,0,0,0,1
HM,ERINA,5.453864,-55.005861,1, ,0.0,0.0,287.0,04.3,2,2000,0,0,0,0,0,0,0

APPTR,R29,29,ENTON
IF,ENTON,5.359614,-54.971019, ,0.0,0.0,2,3000,0,0,0,0,1,0
TF,ERINA,5.453864,-55.005861,0, ,0.0,0.0,0.0,0.0,2,2000,0,0,0,0,0,0

APPTR,R29,29,ROMIT
IF,ROMIT,5.548458,-54.972094, ,0.0,0.0,2,3000,0,0,0,0,1,0
TF,ERINA,5.453864,-55.005861,0, ,0.0,0.0,0.0,0.0,2,2000,0,0,0,0,0,0

FINAL,R29,29,R,3
IF,ERINA,5.453864,-55.005861, ,0.0,0.0,2,2000,0,0,0,0,0,0
TF,GIGLO,5.453492,-55.072706,0, ,0.0,0.0,287.0,4.0,1,2000,0,0,0,0,2,0
TF,RW29,5.452922,-55.172072,0, ,0.0,0.0,287.0,6.0,1,107,0,0,0,0,3,1
DF,XONAR,5.451742,-55.369775,0, ,0.0,0.0,2,2000,0,0,0,0,0,1
HM,XONAR,5.451742,-55.369775,2, ,0.0,0.0,107.0,04.3,2,2000,0,0,0,0,0,0,0

APPTR,S11-X,11,ZY1
IF,ZY,5.450547,-55.184136, ,0.0,0.0,2,3000,0,0,0,0,0,0
FC,ZY,5.450547,-55.184136,0,ZY,0.0,0.0,314.0,7.0,2,1500,0,0,0,0,0,1
CF,FS11X,5.452158,-55.276628,1,ZY,288.0,5.5,108.0,1.5,2,1500,0,0,0,0,0,0

APPTR,S11-X,11,ZY2
IF,ZY,5.450547,-55.184136, ,0.0,0.0,2,3000,0,0,0,0,0,0
FC,ZY,5.450547,-55.184136,0,ZY,0.0,0.0,300.0,9.0,2,1500,0,0,0,0,0,1
CF,FS11X,5.452158,-55.276628,1,ZY,288.0,5.5,108.0,3.5,2,1500,0,0,0,0,0,0

FINAL,S11-X,11,D,2
IF,FS11X,5.452158,-55.276628,ZY,288.0,5.5,2,1500,0,0,0,0,2,0
CF,RW11,5.452739,-55.203494,0,ZY,293.3,1.2,108.0,4.4,1,106,0,0,0,0,3,0
CF,ZY,5.450547,-55.184136,0,ZY,0.0,0.0,108.0,1.2,0,0,0,0,0,0,0,1
CA,0,108.0,2,2000,0,0,0,0,0,0
DF,ZY,5.450547,-55.184136,2, ,0.0,0.0,1,3000,0,0,0,0,0,0
HM,ZY,5.450547,-55.184136,1, ,0.0,0.0,314.0,04.3,2,3000,0,0,0,0,0,0,0

APPTR,S29-X,29,ZY1
IF,ZY,5.450547,-55.184136, ,0.0,0.0,2,3000,0,0,0,0,0,0
FC,ZY,5.450547,-55.184136,0,ZY,0.0,0.0,80.0,7.0,2,1500,0,0,0,0,0,1
CF,FS29X,5.452031,-55.098961,2,ZY,106.0,5.1,286.0,1.9,2,1500,0,0,0,0,0,0

APPTR,S29-X,29,ZY2
IF,ZY,5.450547,-55.184136, ,0.0,0.0,2,3000,0,0,0,0,0,0
FC,ZY,5.450547,-55.184136,0,ZY,0.0,0.0,94.0,9.0,2,1500,0,0,0,0,0,1
CF,FS29X,5.452031,-55.098961,2,ZY,106.0,5.1,286.0,3.9,2,1500,0,0,0,0,0,0

FINAL,S29-X,29,D,2
IF,FS29X,5.452031,-55.098961,ZY,106.0,5.1,2,1500,0,0,0,0,2,0
CF,RW29,5.452922,-55.172072,0,ZY,96.2,0.7,286.0,4.4,1,107,0,0,0,0,3,0
CF,ZY,5.450547,-55.184136,0,ZY,0.0,0.0,286.0,0.7,0,0,0,0,0,0,0,1
CA,0,286.0,2,2000,0,0,0,0,0,0
DF,ZY,5.450547,-55.184136,1, ,0.0,0.0,1,3000,0,0,0,0,0,0
HM,ZY,5.450547,-55.184136,2, ,0.0,0.0,80.0,04.3,2,3000,0,0,0,0,0,0,0

