SID,OKBA1A,27,5
CF,OKBAR,-27.658089,-50.456742,0,LON,192.3,260.8,273.0,5.0,0,0,0,1,220,0,0,1

SID,OKBA1A,EGIVI,6
IF,OKBAR,-27.658089,-50.456742, ,0.0,0.0,0,0,0,1,220,0,0,0
DF,VAPAP,-27.482300,-50.103533,0, ,0.0,0.0,0,0,0,0,0,0,0,1
TF,EGIVI,-27.551778,-49.544553,0, ,0.0,0.0,0.0,0.0,0,0,0,0,0,0,0,0

SID,OKBA1A,NESMI,6
IF,OKBAR,-27.658089,-50.456742, ,0.0,0.0,0,0,0,1,220,0,0,0
TF,PT001,-27.517517,-50.535881,0, ,0.0,0.0,0.0,0.0,0,0,0,0,0,0,0,0
TF,NESMI,-27.415700,-50.624756,0, ,0.0,0.0,0.0,0.0,0,0,0,0,0,0,0,0

SID,OKBA1A,OPTIB,6
IF,OKBAR,-27.658089,-50.456742, ,0.0,0.0,0,0,0,1,220,0,0,0
TF,PT001,-27.517517,-50.535881,0, ,0.0,0.0,0.0,0.0,0,0,0,0,0,0,0,0
TF,OPTIB,-27.219467,-50.328347,0, ,0.0,0.0,0.0,0.0,0,0,0,0,0,0,0,0

SID,OKBA1A,VUKMO,6
IF,OKBAR,-27.658089,-50.456742, ,0.0,0.0,0,0,0,1,220,0,0,0
TF,VUKMO,-28.725922,-50.354125,0, ,0.0,0.0,0.0,0.0,0,0,0,0,0,0,0,0

SID,SILA1A,09,5
CF,SILAG,-27.618806,-50.295175,0,LON,190.3,259.8,93.0,3.0,0,0,0,0,0,0,0,1

SID,SILA1A,EGIVI,6
IF,SILAG,-27.618806,-50.295175, ,0.0,0.0,0,0,0,0,0,0,0,0
TF,EGIVI,-27.551778,-49.544553,0, ,0.0,0.0,0.0,0.0,0,0,0,0,0,0,0,0

SID,SILA1A,NESMI,6
IF,SILAG,-27.618806,-50.295175, ,0.0,0.0,0,0,0,0,0,0,0,0
TF,KUGIK,-27.440389,-50.433400,0, ,0.0,0.0,0.0,0.0,0,0,0,0,0,0,0,0
TF,NESMI,-27.415700,-50.624756,0, ,0.0,0.0,0.0,0.0,0,0,0,0,0,0,0,0

SID,SILA1A,OPTIB,6
IF,SILAG,-27.618806,-50.295175, ,0.0,0.0,0,0,0,0,0,0,0,0
TF,OPTIB,-27.219467,-50.328347,0, ,0.0,0.0,0.0,0.0,0,0,0,0,0,0,0,0

SID,SILA1A,VUKMO,6
IF,SILAG,-27.618806,-50.295175, ,0.0,0.0,0,0,0,0,0,0,0,0
TF,VUKMO,-28.725922,-50.354125,0, ,0.0,0.0,0.0,0.0,0,0,0,0,0,0,0,0

APPTR,R09,09,PT006
IF,PT006,-27.701939,-50.637897, ,0.0,0.0,2,6000,0,0,0,0,1,0
TF,PT004,-27.680014,-50.547311,0, ,0.0,0.0,0.0,0.0,2,5000,0,0,0,0,1,0

APPTR,R09,09,PT007
IF,PT007,-27.611733,-50.601406, ,0.0,0.0,2,6000,0,0,0,0,1,0
TF,PT004,-27.680014,-50.547311,0, ,0.0,0.0,0.0,0.0,2,5000,0,0,0,0,1,0

FINAL,R09,09,R,4
IF,PT004,-27.680014,-50.547311, ,0.0,0.0,2,5000,0,0,0,0,0,0
TF,OKBAR,-27.658089,-50.456742,0, ,0.0,0.0,93.0,5.0,2,4530,0,0,0,0,2,0
TF,PT002,-27.647075,-50.411481,0, ,0.0,0.0,93.0,2.5,2,3730,0,0,0,0,0,0
TF,RW09,-27.636103,-50.366208,0, ,0.0,0.0,93.0,2.5,1,2935,0,0,0,0,3,1
VA,0,93.0,2,4000,0,1,220,0,0,0
DF,PT007,-27.611733,-50.601406,1, ,0.0,0.0,2,6000,0,0,0,0,0,1
HM,PT007,-27.611733,-50.601406,1, ,0.0,0.0,163.0,04.3,2,6000,0,0,0,0,0,0,0

APPTR,R27,27,PT012
IF,PT012,-27.504703,-50.160775, ,0.0,0.0,2,6000,0,0,0,0,1,0
TF,PT011,-27.587983,-50.168492,0, ,0.0,0.0,0.0,0.0,2,5000,0,0,0,0,1,0

APPTR,R27,27,PT013
IF,PT013,-27.565992,-50.078019, ,0.0,0.0,2,6000,0,0,0,0,1,0
TF,PT011,-27.587983,-50.168492,0, ,0.0,0.0,0.0,0.0,2,5000,0,0,0,0,1,0

FINAL,R27,27,R,4
IF,PT011,-27.587983,-50.168492, ,0.0,0.0,2,5000,0,0,0,0,0,0
TF,PT009,-27.609975,-50.258983,0, ,0.0,0.0,273.0,5.0,2,4500,0,0,0,0,2,0
TF,PT008,-27.620981,-50.304231,0, ,0.0,0.0,273.0,2.5,2,3700,0,0,0,0,0,0
TF,RW27,-27.632031,-50.349472,0, ,0.0,0.0,273.0,2.5,1,2902,0,0,0,0,3,1
VA,0,273.0,2,4000,0,1,220,0,0,0
DF,PT012,-27.504703,-50.160775,2, ,0.0,0.0,2,6000,0,0,0,0,0,1
HM,PT012,-27.504703,-50.160775,2, ,0.0,0.0,203.0,04.3,2,6000,0,0,0,0,0,0,0

