APPTR,Q16,16,MXN
IF,MXN,-5.386167,-35.531000, ,0.0,0.0,2,3000,0,0,0,0,1,0
FC,MXN,-5.386167,-35.531000,0,SGA,0.0,0.0,5.0,9.3,2,2000,0,1,200,0,0,1
CF,CF16,-5.255597,-35.615719,1,SGA,355.4,34.2,168.0,1.0,2,2000,0,0,0,0,0,0

FINAL,Q16,16,N,3
IF,CF16,-5.255597,-35.615719,MXN,0.0,0.0,2,2000,0,0,0,0,0,0
CF,KOSRI,-5.307636,-35.581961,0,MXN,0.0,0.0,168.0,3.7,2,1930,0,0,0,0,2,0
CF,XX012,-5.377833,-35.536408,0,SGA,0.0,25.6,168.0,5.0,1,333,0,0,0,0,3,0
CF,MXN,-5.386167,-35.531000,0,SGA,358.1,25.0,168.0,0.6,0,0,0,0,0,0,0,1
CA,0,168.0,2,2000,0,0,0,0,0,0
DF,MXN,-5.386167,-35.531000,2, ,0.0,0.0,2,3000,0,0,0,0,0,0
HM,MXN,-5.386167,-35.531000,2, ,0.0,0.0,5.0,04.3,2,3000,0,0,0,0,0,0,0

APPTR,R16,16,XX009
IF,XX009,-5.189119,-35.701628, ,0.0,0.0,2,4000,0,0,0,0,1,0
TF,XX008,-5.251639,-35.646061,0, ,0.0,0.0,0.0,0.0,2,2600,0,0,0,0,1,0

APPTR,R16,16,XX011
IF,XX011,-5.184808,-35.571211, ,0.0,0.0,2,4000,0,0,0,0,1,0
TF,XX008,-5.251639,-35.646061,0, ,0.0,0.0,0.0,0.0,2,2600,0,0,0,0,1,0

APPTR,R16,16,XX017
IF,XX017,-5.318489,-35.720903, ,0.0,0.0,2,4000,0,0,0,0,1,0
TF,XX008,-5.251639,-35.646061,0, ,0.0,0.0,0.0,0.0,2,2600,0,0,0,0,1,0

FINAL,R16,16,R,3
IF,XX008,-5.251639,-35.646061, ,0.0,0.0,2,2600,0,0,0,0,0,0
TF,XX004,-5.314156,-35.590483,0, ,0.0,0.0,159.0,5.0,2,1930,0,0,0,0,2,0
TF,RW16,-5.376664,-35.534892,0, ,0.0,0.0,159.0,5.0,1,336,0,0,0,0,3,1
CA,0,159.0,2,1000,0,0,0,0,0,0
DF,XX011,-5.184808,-35.571211,1, ,0.0,0.0,2,4000,0,0,0,0,0,1
HM,XX011,-5.184808,-35.571211,1, ,0.0,0.0,159.0,04.3,2,4000,0,0,0,0,0,0,0

APPTR,R34,34,XX013
IF,XX013,-5.449633,-35.335625, ,0.0,0.0,2,3000,0,0,0,0,1,0
TF,XX007,-5.516517,-35.410461,0, ,0.0,0.0,0.0,0.0,2,2200,0,0,0,0,1,0

APPTR,R34,34,XX014
IF,XX014,-5.579008,-35.354833, ,0.0,0.0,2,3000,0,0,0,0,1,0
TF,XX007,-5.516517,-35.410461,0, ,0.0,0.0,0.0,0.0,2,2200,0,0,0,0,1,0

APPTR,R34,34,XX016
IF,XX016,-5.583408,-35.485297, ,0.0,0.0,2,3000,0,0,0,0,1,0
TF,XX007,-5.516517,-35.410461,0, ,0.0,0.0,0.0,0.0,2,2200,0,0,0,0,1,0

FINAL,R34,34,R,3
IF,XX007,-5.516517,-35.410461, ,0.0,0.0,2,2200,0,0,0,0,0,0
TF,XX003,-5.454019,-35.466075,0, ,0.0,0.0,339.0,5.0,2,1920,0,0,0,0,2,0
TF,RW34,-5.391517,-35.521681,0, ,0.0,0.0,339.0,5.0,1,327,0,0,0,0,3,1
CA,0,339.0,2,1000,0,0,0,0,0,0
DF,XX013,-5.449633,-35.335625,2, ,0.0,0.0,2,3000,0,0,0,0,0,1
HM,XX013,-5.449633,-35.335625,2, ,0.0,0.0,339.0,04.3,2,3000,0,0,0,0,0,0,0

