APPTR,R11,11,ZR011
IF,ZR011,-17.258061,-47.150786, ,0.0,0.0,2,5900,0,0,0,0,1,0
TF,ZR009,-17.253117,-47.063858,0, ,0.0,0.0,0.0,0.0,2,4500,0,0,0,0,1,0

APPTR,R11,11,ZR012
IF,ZR012,-17.353344,-47.057656, ,0.0,0.0,2,5900,0,0,0,0,1,0
TF,ZR009,-17.253117,-47.063858,0, ,0.0,0.0,0.0,0.0,2,4500,0,0,0,0,1,0

APPTR,R11,11,ZR013
IF,ZR013,-17.152889,-47.070056, ,0.0,0.0,2,5900,0,0,0,0,1,0
TF,ZR009,-17.253117,-47.063858,0, ,0.0,0.0,0.0,0.0,2,4500,0,0,0,0,1,0

FINAL,R11,11,R,3
IF,ZR009,-17.253117,-47.063858, ,0.0,0.0,2,4500,0,0,0,0,0,0
TF,ZR008,-17.248133,-46.976936,0, ,0.0,0.0,109.0,5.0,2,4430,0,0,0,0,2,0
TF,RW11,-17.243114,-46.890019,0, ,0.0,0.0,109.0,5.0,1,2438,0,0,0,0,3,1
CA,0,109.0,2,4300,0,0,0,0,0,0
DF,ZR012,-17.353344,-47.057656,2, ,0.0,0.0,2,5900,0,0,0,0,0,1
HM,ZR012,-17.353344,-47.057656,2, ,0.0,0.0,19.0,04.3,2,5900,0,0,0,0,0,0,0

APPTR,R29,29,ZR004
IF,ZR004,-17.226992,-46.615225, ,0.0,0.0,2,5400,0,0,0,0,1,0
TF,ZR003,-17.232131,-46.702128,0, ,0.0,0.0,0.0,0.0,2,4000,0,0,0,0,1,0

APPTR,R29,29,ZR006
IF,ZR006,-17.332344,-46.695694, ,0.0,0.0,2,5400,0,0,0,0,1,0
TF,ZR003,-17.232131,-46.702128,0, ,0.0,0.0,0.0,0.0,2,4000,0,0,0,0,1,0

APPTR,R29,29,ZR007
IF,ZR007,-17.131917,-46.708572, ,0.0,0.0,2,5400,0,0,0,0,1,0
TF,ZR003,-17.232131,-46.702128,0, ,0.0,0.0,0.0,0.0,2,4000,0,0,0,0,1,0

FINAL,R29,29,R,3
IF,ZR003,-17.232131,-46.702128, ,0.0,0.0,2,4000,0,0,0,0,0,0
TF,ZR002,-17.237233,-46.789036,0, ,0.0,0.0,289.0,5.0,2,3970,0,0,0,0,2,0
TF,RW29,-17.242297,-46.875947,0, ,0.0,0.0,289.0,5.0,1,2372,0,0,0,0,3,1
VA,0,289.0,2,3500,0,0,0,0,0,0
DF,ZR006,-17.332344,-46.695694,1, ,0.0,0.0,2,5400,0,0,0,0,0,1
HM,ZR006,-17.332344,-46.695694,1, ,0.0,0.0,19.0,04.3,2,5400,0,0,0,0,0,0,0

