SID,ENPA1F,17,2
CA,0,174.0,2,1270,0,0,0,0,0,0
CF,TAP,-6.658111,-76.351222,0,TAP,0.0,0.0,176.0,8.3,2,3000,0,0,0,0,0,0
TF,TA35B,-7.240842,-76.414306,0, ,0.0,0.0,0.0,0.0,2,10000,0,0,0,0,0,0
TF,KUGMI,-7.490556,-76.441389,0, ,0.0,0.0,0.0,0.0,2,10000,0,0,0,0,0,0
TF,ENPAP,-8.489444,-76.550000,0, ,0.0,0.0,0.0,0.0,2,25000,0,0,0,0,0,0

SID,IKAR2F,17,2
CA,0,174.0,2,1270,0,0,0,0,0,0
CF,TAP,-6.658111,-76.351222,0,TAP,0.0,0.0,176.0,8.3,2,3000,0,0,0,0,0,1
CR,1,TAP,91.0,21.0,2,6000,0,0,0,0,0,0
CI,0, ,0.0,21.0,0,0,0,0,0,0,0,0
CF,IKARO,-6.256944,-75.923889,0,TAP,50.8,35.0,51.0,27.0,2,8000,0,0,0,0,0,0

SID,ISRE1F,17,2
CA,0,174.0,2,1270,0,0,0,0,0,0
CF,TAP,-6.658111,-76.351222,0,TAP,0.0,0.0,176.0,8.3,2,3000,0,0,0,0,0,0
TF,D273J,-6.660989,-76.518689,2, ,0.0,0.0,0.0,0.0,2,6000,0,0,0,0,0,0
TF,TA35D,-6.667942,-76.937367,0, ,0.0,0.0,0.0,0.0,2,13000,0,0,0,0,0,0
TF,ISRES,-6.671944,-77.188611,0, ,0.0,0.0,0.0,0.0,2,18000,0,0,0,0,0,0

SID,MOXO1F,17,2
CA,0,174.0,2,1270,0,0,0,0,0,0
CF,TAP,-6.658111,-76.351222,0,TAP,0.0,0.0,176.0,8.3,2,3000,0,0,0,0,0,1
TF,D138H,-6.751461,-76.255103,0, ,0.0,0.0,0.0,0.0,2,6000,0,0,0,0,0,0
TF,TA35A,-7.066383,-75.930428,0, ,0.0,0.0,0.0,0.0,2,8000,0,0,0,0,0,0
TF,MOXOV,-7.241111,-75.750000,0, ,0.0,0.0,0.0,0.0,2,8000,0,0,0,0,0,0

SID,NENER1,17,2
CA,0,174.0,2,1270,0,0,0,0,0,0
CF,TAP,-6.658111,-76.351222,0,TAP,0.0,0.0,176.0,8.3,2,3000,0,0,0,0,0,0
TF,ISABI,-6.929028,-76.548222,0, ,0.0,0.0,0.0,0.0,2,7000,0,0,0,0,0,0
TF,NENER,-8.447889,-76.787889,0, ,0.0,0.0,0.0,0.0,2,25000,0,0,0,0,0,0

SID,UTKI1F,17,2
CA,0,174.0,2,1270,0,0,0,0,0,0
CF,TAP,-6.658111,-76.351222,0,TAP,0.0,0.0,176.0,8.3,2,3000,0,0,0,0,0,0
TF,D247J,-6.735628,-76.499700,0, ,0.0,0.0,0.0,0.0,2,6000,0,0,0,0,0,0
TF,TA35C,-6.929222,-76.871108,0, ,0.0,0.0,0.0,0.0,2,13000,0,0,0,0,0,0
TF,UTKIK,-7.045278,-77.094167,0, ,0.0,0.0,0.0,0.0,2,17000,0,0,0,0,0,0

STAR,ENPA1A,35,2
IF,ENPAP,-8.489444,-76.550000, ,0.0,0.0,2,25000,0,0,0,0,0,0
TF,KUGMI,-7.490556,-76.441389,0, ,0.0,0.0,0.0,0.0,2,10000,0,0,0,0,0,0
TF,TA35B,-7.240842,-76.414306,0, ,0.0,0.0,0.0,0.0,2,8000,0,0,0,0,0,0
TF,D190O,-6.907856,-76.378239,0, ,0.0,0.0,0.0,0.0,2,6000,0,0,0,0,0,0
TF,TAP,-6.658111,-76.351222,0, ,0.0,0.0,0.0,0.0,2,5000,0,0,0,0,0,0

STAR,ENPA1B,35,2
IF,ENPAP,-8.489444,-76.550000, ,0.0,0.0,2,25000,0,0,0,0,0,0
TF,KUGMI,-7.490556,-76.441389,0, ,0.0,0.0,0.0,0.0,2,10000,0,0,0,0,0,0
TF,RAXUT,-7.238611,-76.269444,0, ,0.0,0.0,0.0,0.0,2,9000,0,0,0,0,0,0
TF,UKMAN,-6.906944,-76.316389,0, ,0.0,0.0,0.0,0.0,2,6000,0,0,0,0,0,0
TF,TAP,-6.658111,-76.351222,0, ,0.0,0.0,0.0,0.0,2,5000,0,0,0,0,0,0

STAR,ENPA1D,35,2
IF,ENPAP,-8.489444,-76.550000, ,0.0,0.0,2,25000,0,0,0,0,0,0
TF,RAXUT,-7.238611,-76.269444,0, ,0.0,0.0,0.0,0.0,2,9000,0,0,0,0,0,0
TF,UKMAN,-6.906944,-76.316389,0, ,0.0,0.0,0.0,0.0,2,6000,0,0,0,0,0,0
TF,TAP,-6.658111,-76.351222,0, ,0.0,0.0,0.0,0.0,2,5000,0,0,0,0,0,0

STAR,IKAR2A,35,2
IF,IKARO,-6.256944,-75.923889, ,0.0,0.0,2,8000,0,0,0,0,0,0
TF,D051J,-6.543542,-76.229072,0, ,0.0,0.0,0.0,0.0,2,7000,0,0,0,0,0,0
TF,TAP,-6.658111,-76.351222,0, ,0.0,0.0,0.0,0.0,2,5000,0,0,0,0,0,0

STAR,ISRE1A,35,2
IF,ISRES,-6.671944,-77.188611, ,0.0,0.0,2,18000,0,0,0,0,0,0
TF,TA30A,-6.666581,-76.853631,0, ,0.0,0.0,0.0,0.0,2,11000,0,0,0,0,0,0
TF,D273O,-6.662408,-76.602422,0, ,0.0,0.0,0.0,0.0,2,7000,0,0,0,0,0,0
TF,TAP,-6.658111,-76.351222,0, ,0.0,0.0,0.0,0.0,2,5000,0,0,0,0,0,0

STAR,MOXO1A,35,2
IF,MOXOV,-7.241111,-75.750000, ,0.0,0.0,2,8000,0,0,0,0,0,0
TF,D138O,-6.833131,-76.170969,0, ,0.0,0.0,0.0,0.0,2,6000,0,0,0,0,0,0
TF,TAP,-6.658111,-76.351222,0, ,0.0,0.0,0.0,0.0,2,5000,0,0,0,0,0,0

STAR,UTKI1A,35,2
IF,UTKIK,-7.045278,-77.094167, ,0.0,0.0,2,17000,0,0,0,0,0,0
TF,TA30B,-6.890528,-76.796803,0, ,0.0,0.0,0.0,0.0,2,9000,0,0,0,0,0,0
TF,D247O,-6.774369,-76.573958,0, ,0.0,0.0,0.0,0.0,2,6000,0,0,0,0,0,0
TF,TAP,-6.658111,-76.351222,0, ,0.0,0.0,0.0,0.0,2,5000,0,0,0,0,0,0

APPTR,D35-Y,35,TAP
HF,TAP,-6.658111,-76.351222,1, ,0.0,0.0,356.0,07,2,5000,0,1,230,0,1,0,0

FINAL,D35-Y,35,D,4
IF,CF35,-6.757611,-76.337231,TAP,176.0,6.0,2,5000,0,0,0,0,0,0
CF,TAP,-6.658111,-76.351222,0,TAP,0.0,0.0,356.0,6.0,2,3450,0,0,0,0,2,0
CF,49VOR,-6.576847,-76.362642,0,TAP,356.0,4.9,356.0,4.9,2,1928,0,0,0,0,0,0
CF,MA35,-6.542022,-76.367533,0,TAP,356.0,7.0,356.0,2.1,1,1258,0,0,0,0,3,0
CD, ,0,0,0,TAP,0,0.0,356.0,9.0,0,0,0,1,185,0,0,0
CF,TAP,-6.658111,-76.351222,1,TAP,0.0,0.0,150.0,10.0,0,0,0,1,185,0,0,0
HM,TAP,-6.658111,-76.351222,1, ,0.0,0.0,356.0,04.3,2,5000,0,1,230,0,0,0,0

APPTR,D35-Z,35,MOXOV
IF,MOXOV,-7.241111,-75.750000, ,0.0,0.0,0,0,0,0,0,0,0,0
TF,D138O,-6.833131,-76.170969,0, ,0.0,0.0,0.0,0.0,2,6000,0,0,0,0,1,0
AF,D166O,-6.897011,-76.273547,2,TAP,166.0,15.0,138.0,2,5300,0,0,0,0,0,1
CF,CS35,-6.809022,-76.330003,0,TAP,176.0,9.1,356.0,6.2,2,5300,0,0,0,0,1,0

APPTR,D35-Z,35,RAXUT
IF,RAXUT,-7.238611,-76.269444, ,0.0,0.0,0,0,0,0,0,0,0,0
TF,UKMAN,-6.906944,-76.316389,0, ,0.0,0.0,0.0,0.0,2,6000,0,0,0,0,1,0
CF,CS35,-6.809022,-76.330003,0,TAP,176.0,9.1,356.0,5.9,2,5300,0,0,0,0,1,0

APPTR,D35-Z,35,UTKIK
IF,UTKIK,-7.045278,-77.094167, ,0.0,0.0,0,0,0,0,0,0,0,0
TF,D247O,-6.774369,-76.573958,0, ,0.0,0.0,0.0,0.0,2,6000,0,0,0,0,1,0
AF,D186O,-6.909158,-76.359994,1,TAP,186.0,15.0,247.0,2,5300,0,0,0,0,0,1
CF,CS35,-6.809022,-76.330003,0,TAP,176.0,9.1,356.0,6.2,2,5300,0,0,0,0,1,0

FINAL,D35-Z,35,D,4
IF,CS35,-6.809022,-76.330003,TAP,176.0,9.1,2,5300,0,0,0,0,0,0
CF,TAP,-6.658111,-76.351222,0,TAP,0.0,0.0,356.0,9.1,2,3450,0,0,0,0,2,0
CF,49VOR,-6.576847,-76.362642,0,TAP,356.0,4.9,356.0,4.9,2,1928,0,0,0,0,0,0
CF,MA35,-6.542022,-76.367533,0,TAP,356.0,7.0,356.0,2.1,1,1258,0,0,0,0,3,0
CD, ,0,0,0,TAP,0,0.0,356.0,9.0,0,0,0,1,185,0,0,0
CF,TAP,-6.658111,-76.351222,1,TAP,0.0,0.0,150.0,10.0,0,0,0,1,185,0,0,0
HM,TAP,-6.658111,-76.351222,1, ,0.0,0.0,356.0,04.3,2,5000,0,1,230,0,0,0,0

APPTR,L35,35,MOXOV
IF,MOXOV,-7.241111,-75.750000, ,0.0,0.0,0,0,0,0,0,0,0,0
TF,D138O,-6.833131,-76.170969,0, ,0.0,0.0,0.0,0.0,2,6000,0,0,0,0,1,0
AF,D172O,-6.903819,-76.298958,2,TAP,172.0,15.0,138.0,2,5000,0,0,0,0,0,0
CF,CL35,-6.809353,-76.318117,0,IGDP,173.6,19.0,352.0,5.8,2,5000,0,0,0,0,1,0

APPTR,L35,35,RAXUT
IF,RAXUT,-7.238611,-76.269444, ,0.0,0.0,0,0,0,0,0,0,0,0
TF,UKMAN,-6.906944,-76.316389,0, ,0.0,0.0,0.0,0.0,2,6000,0,0,0,0,1,0
CF,CL35,-6.809353,-76.318117,0,IGDP,173.6,19.0,2.0,5.8,2,5000,0,0,0,0,1,0

APPTR,L35,35,UTKIK
IF,UTKIK,-7.045278,-77.094167, ,0.0,0.0,0,0,0,0,0,0,0,0
TF,D247O,-6.774369,-76.573958,0, ,0.0,0.0,0.0,0.0,2,6000,0,0,0,0,1,0
AF,D172O,-6.903819,-76.298958,1,TAP,172.0,15.0,247.0,2,5000,0,0,0,0,0,0
CF,CL35,-6.809353,-76.318117,0,IGDP,173.6,19.0,352.0,5.8,2,5000,0,0,0,0,1,0

FINAL,L35,35,D,4
IF,CL35,-6.809353,-76.318117,IGDP,173.6,19.0,2,5000,0,0,0,0,0,0
CF,FL35,-6.644636,-76.348356,0,IGDP,173.6,9.0,354.0,10.0,2,3250,0,0,0,0,2,0
CF,49LOC,-6.577100,-76.360747,0,IGDP,173.6,4.9,354.0,4.1,2,1940,0,0,0,0,0,0
CF,ML35,-6.529331,-76.369511,0,IGDP,173.6,2.0,354.0,2.9,1,1014,0,0,0,0,3,0
TF,D174A,-6.504622,-76.374044,0, ,0.0,0.0,0.0,0.0,0,0,0,0,0,0,0,1
CF,TAP,-6.658111,-76.351222,1,TAP,0.0,0.0,150.0,10.0,0,0,0,1,185,0,0,0
TF,CL35,-6.809353,-76.318117,0, ,0.0,0.0,0.0,0.0,0,0,0,0,0,0,0,0
HM,CL35,-6.809353,-76.318117,1, ,0.0,0.0,352.0,04,2,5000,0,1,230,0,0,0,0

