APPTR,D03,03,D173K
IF,D173K,-33.538269,-56.429594, ,0.0,0.0,2,3000,0,0,0,0,1,0
CI,0, ,0.0,353.0,0,0,0,0,0,0,0,0
AF,D206J,-33.516747,-56.551000,2,DUR,206.0,10.0,173.0,2,2000,0,0,0,0,1,1
CF,FD03,-33.462169,-56.554992,0,DUR,215.0,7.0,35.0,3.0,2,1800,0,0,0,0,0,0

APPTR,D03,03,DUR1
IF,DUR,-33.356250,-56.496056, ,0.0,0.0,2,3000,0,0,0,0,0,0
FD,DUR,-33.356250,-56.496056,0,DUR,0.0,7.0,199.0,7.0,2,1800,0,0,0,0,0,0
CF,FD03,-33.462169,-56.554992,2,DUR,215.0,7.0,35.0,1.0,2,1800,0,0,0,0,0,0

APPTR,D03,03,DUR2
IF,DUR,-33.356250,-56.496056, ,0.0,0.0,2,3000,0,0,0,0,0,0
FD,DUR,-33.356250,-56.496056,0,DUR,0.0,7.0,205.0,7.0,2,1800,0,0,0,0,0,0
CF,FD03,-33.462169,-56.554992,2,DUR,215.0,7.0,35.0,1.0,2,1800,0,0,0,0,0,0

FINAL,D03,03,D,4
IF,FD03,-33.462169,-56.554992,DUR,215.0,7.0,2,1800,0,0,0,0,2,0
CF,29VOR,-33.400133,-56.520453,0,DUR,215.0,2.9,35.0,4.1,2,1200,0,0,0,0,0,0
CF,24VOR,-33.392567,-56.516244,0,DUR,215.0,2.4,35.0,0.5,2,800,0,0,0,0,0,0
CF,RW03,-33.369394,-56.504619,0,DUR,218.7,0.9,35.0,1.5,1,322,0,0,0,0,3,0
CF,DUR,-33.356250,-56.496056,0,DUR,0.0,0.0,35.0,0.9,0,0,0,0,0,0,0,1
FM,DUR,-33.356250,-56.496056,0,DUR,0.0,0.0,35.0,2,3000,0,0,0,0,0,0

APPTR,R10,10,ALBES
HF,ALBES,-33.369233,-56.709500,2, ,0.0,0.0,96.0,04.3,2,3000,0,0,0,0,1,0,0

FINAL,R10,10,R,3
IF,ALBES,-33.369233,-56.709500, ,0.0,0.0,2,3000,0,0,0,0,0,0
TF,DIDER,-33.364467,-56.610133,0, ,0.0,0.0,96.0,5.0,2,1920,0,0,0,0,2,0
TF,RW10,-33.359569,-56.510833,0, ,0.0,0.0,96.0,5.0,1,326,0,0,0,0,3,1
DF,GEMOT,-33.349550,-56.312200,0, ,0.0,0.0,2,3000,0,0,0,0,0,1
HM,GEMOT,-33.349550,-56.312200,1, ,0.0,0.0,276.0,04.3,0,0,0,0,0,0,0,0,0

APPTR,R21,21,BISOK
IF,BISOK,-32.879444,-56.678056, ,0.0,0.0,0,0,0,0,0,0,1,0
TF,BUTSI,-33.197092,-56.416428,0, ,0.0,0.0,0.0,0.0,2,4000,0,0,0,0,0,0

APPTR,R21,21,BUTSI
HF,BUTSI,-33.197092,-56.416428,1, ,0.0,0.0,214.0,04.3,2,3630,0,0,0,0,1,0,0

APPTR,R21,21,MUMET
IF,MUMET,-33.010556,-56.064722, ,0.0,0.0,0,0,0,0,0,0,1,0
TF,BUTSI,-33.197092,-56.416428,0, ,0.0,0.0,0.0,0.0,2,4000,0,0,0,0,0,0

FINAL,R21,21,R,3
IF,BUTSI,-33.197092,-56.416428, ,0.0,0.0,2,3630,0,0,0,0,0,0
TF,ESORI,-33.273806,-56.455644,0, ,0.0,0.0,214.0,5.0,2,1970,0,0,0,0,2,0
TF,RW21,-33.350503,-56.494933,0, ,0.0,0.0,214.0,5.0,1,361,0,0,0,0,3,1
CA,0,214.0,2,710,0,0,0,0,0,0
VA,0,180.0,2,2000,0,0,0,0,0,0
DF,BUTSI,-33.197092,-56.416428,1, ,0.0,0.0,2,3000,0,0,0,0,0,0
HM,BUTSI,-33.197092,-56.416428,1, ,0.0,0.0,214.0,04.3,0,0,0,0,0,0,0,0,0

