APPTR,D06,06,D180J
IF,D180J,9.580972,-63.112350, ,0.0,0.0,0,0,0,0,0,0,1,0
AF,D253J,9.657172,-63.297808,2,MUN,253.0,10.0,180.0,2,2200,0,0,0,0,0,0
TF,FF06,9.706356,-63.215369,0, ,0.0,0.0,0.0,0.0,2,1700,0,0,0,0,0,0

APPTR,D06,06,D299J
IF,D299J,9.786742,-63.316222, ,0.0,0.0,0,0,0,0,0,0,1,0
AF,D253J,9.657172,-63.297808,1,MUN,253.0,10.0,299.0,2,2200,0,0,0,0,0,0
TF,FF06,9.706356,-63.215369,0, ,0.0,0.0,0.0,0.0,2,1700,0,0,0,0,0,0

APPTR,D06,06,MUN
IF,MUN,9.743444,-63.153167, ,0.0,0.0,2,4000,0,0,0,0,1,0
PI,MUN,9.743444,-63.153167,2,MUN,208.0,10.0,253,5.0,2,2200,0,0,0,0,0,0
CF,FF06,9.706356,-63.215369,0,MUN,253.0,4.3,73.0,5.7,2,1700,0,0,0,0,0,0

FINAL,D06,06,D,2
IF,FF06,9.706356,-63.215369,MUN,253.0,4.3,2,1700,0,0,0,0,2,0
CF,MA06,9.739994,-63.158953,0,MUN,253.0,0.4,73.0,3.9,1,269,0,0,0,0,3,0
CA,0,73.0,2,620,0,0,0,0,0,0
CF,MEREY,9.795556,-62.905556,0,MUN,92.0,15.0,93.0,15.0,2,3000,0,0,0,0,0,0
HM,MEREY,9.795556,-62.905556,2, ,0.0,0.0,273.0,04.3,2,3000,0,0,0,0,0,0,0

