SID,VEDAS5,09,4
VA,0,90.0,2,2200,0,0,0,0,0,0
DF,HAKVO,17.850933,-65.256422,0, ,0.0,0.0,0,0,0,0,0,0,0,0
TF,VEDAS,17.919344,-65.586581,2, ,0.0,0.0,0.0,0.0,0,0,0,0,0,0,0,0

SID,VEDAS5,27,4
VA,0,270.0,2,549,0,0,0,0,0,0
DF,HOMAG,18.114200,-65.584794,0, ,0.0,0.0,0,0,0,0,0,0,0,0
TF,VEDAS,17.919344,-65.586581,0, ,0.0,0.0,0.0,0.0,0,0,0,0,0,0,0,0

APPTR,R09,09,TUUNA
IF,TUUNA,17.980878,-65.886131, ,0.0,0.0,0,0,0,0,0,0,1,0
TF,MIXEE,18.091497,-65.684950,0, ,0.0,0.0,0.0,0.0,2,3000,0,0,0,0,1,0

APPTR,R09,09,VEDAS
IF,VEDAS,17.919344,-65.586581, ,0.0,0.0,0,0,0,0,0,0,0,0
TF,MIXEE,18.091497,-65.684950,0, ,0.0,0.0,0.0,0.0,2,3000,0,0,0,0,0,1
HF,MIXEE,18.091497,-65.684950,2, ,0.0,0.0,90.0,04,2,3000,0,0,0,0,1,0,0

FINAL,R09,09,R,4
IF,MIXEE,18.091497,-65.684950, ,0.0,0.0,2,3000,0,0,0,0,0,0
TF,PEVOE,18.110958,-65.599097,0, ,0.0,0.0,90.0,5.0,2,2000,0,0,0,0,2,0
TF,CAVTU,18.121367,-65.553111,0, ,0.0,0.0,90.0,2.7,2,1140,0,0,0,0,0,0
TF,RW09,18.133578,-65.499067,0, ,0.0,0.0,90.0,3.2,1,93,0,0,0,0,3,1
CA,0,90.0,2,449,0,0,0,0,0,0
DF,MIXEE,18.091497,-65.684950,1, ,0.0,0.0,2,3000,0,0,0,0,0,1
HM,MIXEE,18.091497,-65.684950,2, ,0.0,0.0,90.0,04,0,0,0,0,0,0,0,0,0

