SID,ALDA1C,14,2
CA,0,141.0,2,600,0,0,0,0,0,0
CI,0, ,0.0,78.0,0,0,0,0,0,0,0,0
CF,ALDAZ,46.708889,52.640278,0,ATR,117.8,43.3,118.0,39.0,0,0,0,0,0,0,0,0

SID,ALDA1D,32,2
CA,0,321.0,2,600,0,0,0,0,0,0
CI,2, ,0.0,158.0,0,0,0,0,0,0,0,0
CF,ALDAZ,46.708889,52.640278,0,ATR,117.8,43.3,118.0,37.0,0,0,0,0,0,0,0,0

SID,ALDA1R,14,5
CF,TG110,47.038889,51.890556,0,ATR,140.9,7.3,141.0,4.8,2,2000,0,0,0,0,0,1
TF,TG120,46.849444,52.120278,0, ,0.0,0.0,0.0,0.0,0,0,0,0,0,0,0,0
TF,ALDAZ,46.708889,52.640278,0, ,0.0,0.0,0.0,0.0,2,13000,0,0,0,0,0,0

SID,ALDA2S,32,5
CF,TG310,47.205000,51.749444,0,ATR,320.9,4.2,321.0,4.8,2,2000,0,0,0,0,0,1
TF,TGN11,47.313611,51.957500,0, ,0.0,0.0,0.0,0.0,2,4000,0,0,0,0,0,0
TF,TGE11,47.195833,52.240000,0, ,0.0,0.0,0.0,0.0,2,9000,0,0,0,0,0,0
TF,TGE12,47.079167,52.336667,0, ,0.0,0.0,0.0,0.0,2,11000,0,0,0,0,0,0
TF,ALDAZ,46.708889,52.640278,0, ,0.0,0.0,0.0,0.0,2,13000,0,0,0,0,0,0

SID,BASP1R,14,5
CF,TG110,47.038889,51.890556,0,ATR,140.9,7.3,141.0,4.8,2,2000,0,0,0,0,0,1
TF,TGE01,47.090278,52.116389,0, ,0.0,0.0,0.0,0.0,2,4000,0,0,0,0,0,0
TF,BASPU,47.253889,52.846111,0, ,0.0,0.0,0.0,0.0,2,13000,0,0,0,0,0,0

SID,BASP1S,32,5
CF,TG310,47.205000,51.749444,0,ATR,320.9,4.2,321.0,4.8,2,2000,0,0,0,0,0,1
TF,TGN11,47.313611,51.957500,0, ,0.0,0.0,0.0,0.0,2,4000,0,0,0,0,0,0
TF,TGE11,47.195833,52.240000,0, ,0.0,0.0,0.0,0.0,2,9000,0,0,0,0,0,0
TF,BASPU,47.253889,52.846111,0, ,0.0,0.0,0.0,0.0,2,13000,0,0,0,0,0,0

SID,BASP5C,14,2
CA,0,141.0,2,600,0,0,0,0,0,0
CI,1, ,0.0,32.0,0,0,0,0,0,0,0,0
CF,BASPU,47.253889,52.846111,0,ATR,71.8,43.3,72.0,37.0,0,0,0,0,0,0,0,0

SID,BASP5D,32,2
CA,0,321.0,2,600,0,0,0,0,0,0
CI,2, ,0.0,112.0,0,0,0,0,0,0,0,0
CF,BASPU,47.253889,52.846111,0,ATR,71.8,43.3,72.0,38.0,0,0,0,0,0,0,0,0

SID,GIST1R,14,5
CF,TG110,47.038889,51.890556,0,ATR,140.9,7.3,141.0,4.8,2,2000,0,0,0,0,0,1
TF,TGE01,47.090278,52.116389,0, ,0.0,0.0,0.0,0.0,2,4000,0,0,0,0,0,0
TF,TGE03,47.266944,52.266111,0, ,0.0,0.0,0.0,0.0,2,9000,0,0,0,0,0,0
TF,GISTO,47.415833,52.781667,0, ,0.0,0.0,0.0,0.0,2,13000,0,0,0,0,0,0

SID,GIST1S,32,5
CF,TG310,47.205000,51.749444,0,ATR,320.9,4.2,321.0,4.8,2,2000,0,0,0,0,0,1
TF,TGN11,47.313611,51.957500,0, ,0.0,0.0,0.0,0.0,2,4000,0,0,0,0,0,0
TF,TGN12,47.365000,52.370278,0, ,0.0,0.0,0.0,0.0,2,9000,0,0,0,0,0,0
TF,GISTO,47.415833,52.781667,0, ,0.0,0.0,0.0,0.0,2,13000,0,0,0,0,0,0

SID,GIST5C,14,2
CA,0,141.0,2,600,0,0,0,0,0,0
CI,1, ,0.0,19.0,0,0,0,0,0,0,0,0
CF,GISTO,47.415833,52.781667,0,ATR,58.5,43.2,59.0,37.0,0,0,0,0,0,0,0,0

SID,GIST5D,32,2
CA,0,321.0,2,600,0,0,0,0,0,0
CI,2, ,0.0,99.0,0,0,0,0,0,0,0,0
CF,GISTO,47.415833,52.781667,0,ATR,58.5,43.2,59.0,40.0,0,0,0,0,0,0,0,0

SID,GOGD1R,14,5
CF,TG110,47.038889,51.890556,0,ATR,140.9,7.3,141.0,4.8,2,2000,0,0,0,0,0,1
TF,TGE02,46.969444,52.280556,0, ,0.0,0.0,0.0,0.0,2,5000,0,0,0,0,0,0
TF,GOGDI,47.055556,52.848611,0, ,0.0,0.0,0.0,0.0,2,13000,0,0,0,0,0,0

SID,GOGD1S,32,5
CF,TG310,47.205000,51.749444,0,ATR,320.9,4.2,321.0,4.8,2,2000,0,0,0,0,0,1
TF,TGN11,47.313611,51.957500,0, ,0.0,0.0,0.0,0.0,2,4000,0,0,0,0,0,0
TF,TGE11,47.195833,52.240000,0, ,0.0,0.0,0.0,0.0,2,9000,0,0,0,0,0,0
TF,GOGDI,47.055556,52.848611,0, ,0.0,0.0,0.0,0.0,2,13000,0,0,0,0,0,0

SID,GOGD4C,14,2
CA,0,141.0,2,600,0,0,0,0,0,0
CI,1, ,0.0,48.0,0,0,0,0,0,0,0,0
CF,GOGDI,47.055556,52.848611,0,ATR,87.7,43.3,88.0,37.0,0,0,0,0,0,0,0,0

SID,GOGD4D,32,2
CA,0,321.0,2,600,0,0,0,0,0,0
CI,2, ,0.0,128.0,0,0,0,0,0,0,0,0
CF,GOGDI,47.055556,52.848611,0,ATR,87.7,43.3,88.0,38.0,0,0,0,0,0,0,0,0

SID,NIKN1R,14,5
CF,TG110,47.038889,51.890556,0,ATR,140.9,7.3,141.0,4.8,2,2000,0,0,0,0,0,1
TF,TGS01,46.908889,51.837222,0, ,0.0,0.0,0.0,0.0,2,4000,0,0,0,0,0,0
TF,NIKNA,46.432500,51.643889,0, ,0.0,0.0,0.0,0.0,2,12000,0,0,0,0,0,0

SID,NIKN1S,32,5
CF,TG310,47.205000,51.749444,0,ATR,320.9,4.2,321.0,4.8,2,2000,0,0,0,0,0,1
TF,TG320,47.181111,51.507500,0, ,0.0,0.0,0.0,0.0,0,0,0,0,0,0,0,0
TF,TGS12,46.891667,51.560000,0, ,0.0,0.0,0.0,0.0,2,9000,0,0,0,0,0,0
TF,NIKNA,46.432500,51.643889,0, ,0.0,0.0,0.0,0.0,2,12000,0,0,0,0,0,0

SID,NIKN4C,14,2
CA,0,141.0,2,600,0,0,0,0,0,0
CI,0, ,0.0,210.0,0,0,0,0,0,0,0,0
CF,NIKNA,46.432500,51.643889,0,ATR,179.7,43.2,180.0,38.0,0,0,0,0,0,0,0,0

SID,NIKN4D,32,2
CA,0,321.0,2,600,0,0,0,0,0,0
CI,1, ,0.0,140.0,0,0,0,0,0,0,0,0
CF,NIKNA,46.432500,51.643889,0,ATR,179.7,43.2,180.0,38.0,0,0,0,0,0,0,0,0

SID,OLAP1R,14,5
CF,TG110,47.038889,51.890556,0,ATR,140.9,7.3,141.0,4.8,2,2000,0,0,0,0,0,1
TF,TGE01,47.090278,52.116389,0, ,0.0,0.0,0.0,0.0,2,4000,0,0,0,0,0,0
TF,TGE03,47.266944,52.266111,0, ,0.0,0.0,0.0,0.0,2,9000,0,0,0,0,0,0
TF,TGN01,47.458889,52.103611,0, ,0.0,0.0,0.0,0.0,2,12000,0,0,0,0,0,0
TF,OLAPU,47.862778,51.758611,0, ,0.0,0.0,0.0,0.0,2,12000,0,0,0,0,0,0

SID,OLAP1S,32,5
CF,TG310,47.205000,51.749444,0,ATR,320.9,4.2,321.0,4.8,2,2000,0,0,0,0,0,1
TF,OLAPU,47.862778,51.758611,0, ,0.0,0.0,0.0,0.0,2,12000,0,0,0,0,0,0

SID,OLAP4C,14,2
CA,0,141.0,2,600,0,0,0,0,0,0
CI,1, ,0.0,309.0,0,0,0,0,0,0,0,0
CF,OLAPU,47.862778,51.758611,0,ATR,348.7,43.2,349.0,39.0,0,0,0,0,0,0,0,0

SID,OLAP4D,32,2
DF,ATR,47.143944,51.801500,0, ,0.0,0.0,0,0,0,0,0,0,0,0
CA,0,321.0,2,600,0,0,0,0,0,0
CI,0, ,0.0,19.0,0,0,0,0,0,0,0,0
CF,OLAPU,47.862778,51.758611,0,ATR,348.7,43.2,349.0,41.0,0,0,0,0,0,0,0,0

SID,RENP1R,14,5
CF,TG110,47.038889,51.890556,0,ATR,140.9,7.3,141.0,4.8,2,2000,0,0,0,0,0,1
TF,TG120,46.849444,52.120278,0, ,0.0,0.0,0.0,0.0,0,0,0,0,0,0,0,0
TF,RENPI,46.576944,52.448889,0, ,0.0,0.0,0.0,0.0,2,13000,0,0,0,0,0,0

SID,RENP2S,32,5
CF,TG310,47.205000,51.749444,0,ATR,320.9,4.2,321.0,4.8,2,2000,0,0,0,0,0,1
TF,TG320,47.181111,51.507500,0, ,0.0,0.0,0.0,0.0,0,0,0,0,0,0,0,0
TF,TGS12,46.891667,51.560000,0, ,0.0,0.0,0.0,0.0,2,9000,0,0,0,0,0,0
TF,TGS11,46.801944,51.815000,0, ,0.0,0.0,0.0,0.0,2,11000,0,0,0,0,0,0
TF,RENPI,46.576944,52.448889,0, ,0.0,0.0,0.0,0.0,2,13000,0,0,0,0,0,0

SID,RENP3C,14,2
CA,0,141.0,2,600,0,0,0,0,0,0
CF,RENPI,46.576944,52.448889,0,ATR,132.7,43.2,132.0,40.0,0,0,0,0,0,0,0,0

SID,RENP4D,32,2
CA,0,321.0,2,600,0,0,0,0,0,0
CI,2, ,0.0,173.0,0,0,0,0,0,0,0,0
CF,RENPI,46.576944,52.448889,0,ATR,132.7,43.2,133.0,39.0,0,0,0,0,0,0,0,0

SID,TUGL1R,14,5
CF,TG110,47.038889,51.890556,0,ATR,140.9,7.3,141.0,4.8,2,2000,0,0,0,0,0,1
TF,TGS01,46.908889,51.837222,0, ,0.0,0.0,0.0,0.0,2,4000,0,0,0,0,0,0
TF,TGS02,46.898056,51.599167,0, ,0.0,0.0,0.0,0.0,2,7000,0,0,0,0,0,0
TF,TUGLA,46.861667,50.835000,0, ,0.0,0.0,0.0,0.0,2,12000,0,0,0,0,0,0

SID,TUGL1S,32,5
CF,TG310,47.205000,51.749444,0,ATR,320.9,4.2,321.0,4.8,2,2000,0,0,0,0,0,1
TF,TG320,47.181111,51.507500,0, ,0.0,0.0,0.0,0.0,0,0,0,0,0,0,0,0
TF,TUGLA,46.861667,50.835000,0, ,0.0,0.0,0.0,0.0,2,12000,0,0,0,0,0,0

SID,TUGL4C,14,2
CA,0,141.0,2,600,0,0,0,0,0,0
CI,2, ,0.0,279.0,0,0,0,0,0,0,0,0
CF,TUGLA,46.861667,50.835000,0,ATR,238.2,43.2,239.0,36.0,0,0,0,0,0,0,0,0

SID,TUGL4D,32,2
CA,0,321.0,2,600,0,0,0,0,0,0
CI,1, ,0.0,199.0,0,0,0,0,0,0,0,0
CF,TUGLA,46.861667,50.835000,0,ATR,238.2,43.2,239.0,39.0,0,0,0,0,0,0,0,0

SID,UDEB1R,14,5
CF,TG110,47.038889,51.890556,0,ATR,140.9,7.3,141.0,4.8,2,2000,0,0,0,0,0,1
TF,TGE01,47.090278,52.116389,0, ,0.0,0.0,0.0,0.0,2,4000,0,0,0,0,0,0
TF,TGE03,47.266944,52.266111,0, ,0.0,0.0,0.0,0.0,2,9000,0,0,0,0,0,0
TF,TGN02,47.439167,52.412778,0, ,0.0,0.0,0.0,0.0,2,13000,0,0,0,0,0,0
TF,UDEBA,47.633889,52.578611,0, ,0.0,0.0,0.0,0.0,2,13000,0,0,0,0,0,0

SID,UDEB1S,32,5
CF,TG310,47.205000,51.749444,0,ATR,320.9,4.2,321.0,4.8,2,2000,0,0,0,0,0,1
TF,TGN11,47.313611,51.957500,0, ,0.0,0.0,0.0,0.0,2,4000,0,0,0,0,0,0
TF,UDEBA,47.633889,52.578611,0, ,0.0,0.0,0.0,0.0,2,13000,0,0,0,0,0,0

SID,UDEB4C,14,2
CA,0,141.0,2,600,0,0,0,0,0,0
CI,1, ,0.0,358.0,0,0,0,0,0,0,0,0
CF,UDEBA,47.633889,52.578611,0,ATR,37.8,43.2,38.0,37.0,0,0,0,0,0,0,0,0

SID,UDEB4D,32,2
CA,0,321.0,2,600,0,0,0,0,0,0
CI,2, ,0.0,78.0,0,0,0,0,0,0,0,0
CF,UDEBA,47.633889,52.578611,0,ATR,37.8,43.2,38.0,40.0,0,0,0,0,0,0,0,0

STAR,ALDA1K,14,5
IF,ALDAZ,46.708889,52.640278, ,0.0,0.0,2,12000,0,0,0,0,0,0
TF,TGE02,46.969444,52.280556,0, ,0.0,0.0,0.0,0.0,2,9000,0,0,0,0,0,0
TF,TGE01,47.090278,52.116389,0, ,0.0,0.0,0.0,0.0,2,7000,0,0,0,0,0,0
TF,TG270,47.276111,51.863333,0, ,0.0,0.0,0.0,0.0,2,4000,0,0,0,0,0,0
TF,TG250,47.338889,51.777778,0, ,0.0,0.0,0.0,0.0,2,3000,0,0,0,0,0,0

STAR,ALDA1L,14,2
IF,ALDAZ,46.708889,52.640278, ,0.0,0.0,0,0,0,0,0,0,0,0
TF,ATR,47.143944,51.801500,0, ,0.0,0.0,0.0,0.0,1,4000,0,0,0,0,0,0

STAR,ALDA1M,32,2
IF,ALDAZ,46.708889,52.640278, ,0.0,0.0,0,0,0,0,0,0,0,0
TF,ATR,47.143944,51.801500,0, ,0.0,0.0,0.0,0.0,1,4000,0,0,0,0,0,0

STAR,ALDA1N,32,5
IF,ALDAZ,46.708889,52.640278, ,0.0,0.0,2,12000,0,0,0,0,0,0
TF,TG470,46.817222,52.078333,0, ,0.0,0.0,0.0,0.0,2,4000,0,0,0,0,0,0
TF,TG430,46.874722,52.029722,0, ,0.0,0.0,0.0,0.0,2,3000,0,0,0,0,0,0

STAR,ALDA1T,14,5
IF,ALDAZ,46.708889,52.640278, ,0.0,0.0,2,12000,0,0,0,0,0,0
TF,TGE02,46.969444,52.280556,0, ,0.0,0.0,0.0,0.0,2,9000,0,0,0,0,0,0
TF,TGE01,47.090278,52.116389,0, ,0.0,0.0,0.0,0.0,2,7000,0,0,0,0,0,0
TF,TG270,47.276111,51.863333,0, ,0.0,0.0,0.0,0.0,2,4000,0,0,0,0,0,0
TF,TG250,47.338889,51.777778,0, ,0.0,0.0,0.0,0.0,2,3000,0,0,0,0,0,0

STAR,ALDA1U,32,5
IF,ALDAZ,46.708889,52.640278, ,0.0,0.0,2,12000,0,0,0,0,0,0
TF,TG470,46.817222,52.078333,0, ,0.0,0.0,0.0,0.0,2,4000,0,0,0,0,0,0
TF,TG430,46.874722,52.029722,0, ,0.0,0.0,0.0,0.0,2,3000,0,0,0,0,0,0

STAR,BASP1K,14,5
IF,BASPU,47.253889,52.846111, ,0.0,0.0,2,12000,0,0,0,0,0,0
TF,TGE03,47.266944,52.266111,0, ,0.0,0.0,0.0,0.0,2,7000,0,0,0,0,0,0
TF,TG270,47.276111,51.863333,0, ,0.0,0.0,0.0,0.0,2,4000,0,0,0,0,0,0
TF,TG250,47.338889,51.777778,0, ,0.0,0.0,0.0,0.0,2,3000,0,0,0,0,0,0

STAR,BASP1N,32,5
IF,BASPU,47.253889,52.846111, ,0.0,0.0,2,12000,0,0,0,0,0,0
TF,TGE13,47.135556,52.501389,0, ,0.0,0.0,0.0,0.0,2,6000,0,0,0,0,0,0
TF,TGE12,47.079167,52.336667,0, ,0.0,0.0,0.0,0.0,2,4000,0,0,0,0,0,0
TF,TG450,46.988889,52.074167,0, ,0.0,0.0,0.0,0.0,2,3000,0,0,0,0,0,0

STAR,BASP1T,14,5
IF,BASPU,47.253889,52.846111, ,0.0,0.0,2,12000,0,0,0,0,0,0
TF,TGE03,47.266944,52.266111,0, ,0.0,0.0,0.0,0.0,2,7000,0,0,0,0,0,0
TF,TG270,47.276111,51.863333,0, ,0.0,0.0,0.0,0.0,2,4000,0,0,0,0,0,0
TF,TG250,47.338889,51.777778,0, ,0.0,0.0,0.0,0.0,2,3000,0,0,0,0,0,0

STAR,BASP1U,32,5
IF,BASPU,47.253889,52.846111, ,0.0,0.0,2,12000,0,0,0,0,0,0
TF,TGE13,47.135556,52.501389,0, ,0.0,0.0,0.0,0.0,2,6000,0,0,0,0,0,0
TF,TGE12,47.079167,52.336667,0, ,0.0,0.0,0.0,0.0,2,4000,0,0,0,0,0,0
TF,TG450,46.988889,52.074167,0, ,0.0,0.0,0.0,0.0,2,3000,0,0,0,0,0,0

STAR,BASP4L,14,2
IF,BASPU,47.253889,52.846111, ,0.0,0.0,0,0,0,0,0,0,0,0
TF,ATR,47.143944,51.801500,0, ,0.0,0.0,0.0,0.0,1,4000,0,0,0,0,0,0

STAR,BASP4M,32,2
IF,BASPU,47.253889,52.846111, ,0.0,0.0,0,0,0,0,0,0,0,0
TF,ATR,47.143944,51.801500,0, ,0.0,0.0,0.0,0.0,1,4000,0,0,0,0,0,0

STAR,GIST1K,14,5
IF,GISTO,47.415833,52.781667, ,0.0,0.0,2,12000,0,0,0,0,0,0
TF,TGN02,47.439167,52.412778,0, ,0.0,0.0,0.0,0.0,2,6000,0,0,0,0,0,0
TF,TGN01,47.458889,52.103611,0, ,0.0,0.0,0.0,0.0,2,5000,0,0,0,0,0,0
TF,TG250,47.338889,51.777778,0, ,0.0,0.0,0.0,0.0,2,3000,0,0,0,0,0,0

STAR,GIST1N,32,5
IF,GISTO,47.415833,52.781667, ,0.0,0.0,2,12000,0,0,0,0,0,0
TF,TGE11,47.195833,52.240000,0, ,0.0,0.0,0.0,0.0,2,7000,0,0,0,0,0,0
TF,TG460,47.110833,52.030278,0, ,0.0,0.0,0.0,0.0,2,4000,0,0,0,0,0,0
TF,TG450,46.988889,52.074167,0, ,0.0,0.0,0.0,0.0,2,3000,0,0,0,0,0,0

STAR,GIST1T,14,5
IF,GISTO,47.415833,52.781667, ,0.0,0.0,2,12000,0,0,0,0,0,0
TF,TGN02,47.439167,52.412778,0, ,0.0,0.0,0.0,0.0,2,6000,0,0,0,0,0,0
TF,TGN01,47.458889,52.103611,0, ,0.0,0.0,0.0,0.0,2,5000,0,0,0,0,0,0
TF,TG250,47.338889,51.777778,0, ,0.0,0.0,0.0,0.0,2,3000,0,0,0,0,0,0

STAR,GIST1U,32,5
IF,GISTO,47.415833,52.781667, ,0.0,0.0,2,12000,0,0,0,0,0,0
TF,TGE11,47.195833,52.240000,0, ,0.0,0.0,0.0,0.0,2,7000,0,0,0,0,0,0
TF,TG460,47.110833,52.030278,0, ,0.0,0.0,0.0,0.0,2,4000,0,0,0,0,0,0
TF,TG450,46.988889,52.074167,0, ,0.0,0.0,0.0,0.0,2,3000,0,0,0,0,0,0

STAR,GIST4L,14,2
IF,GISTO,47.415833,52.781667, ,0.0,0.0,0,0,0,0,0,0,0,0
TF,ATR,47.143944,51.801500,0, ,0.0,0.0,0.0,0.0,1,4000,0,0,0,0,0,0

STAR,GIST4M,32,2
IF,GISTO,47.415833,52.781667, ,0.0,0.0,0,0,0,0,0,0,0,0
TF,ATR,47.143944,51.801500,0, ,0.0,0.0,0.0,0.0,1,4000,0,0,0,0,0,0

STAR,GOGD1K,14,5
IF,GOGDI,47.055556,52.848611, ,0.0,0.0,2,12000,0,0,0,0,0,0
TF,TGE01,47.090278,52.116389,0, ,0.0,0.0,0.0,0.0,2,7000,0,0,0,0,0,0
TF,TG270,47.276111,51.863333,0, ,0.0,0.0,0.0,0.0,2,4000,0,0,0,0,0,0
TF,TG250,47.338889,51.777778,0, ,0.0,0.0,0.0,0.0,2,3000,0,0,0,0,0,0

STAR,GOGD1N,32,5
IF,GOGDI,47.055556,52.848611, ,0.0,0.0,2,12000,0,0,0,0,0,0
TF,TGE12,47.079167,52.336667,0, ,0.0,0.0,0.0,0.0,2,4000,0,0,0,0,0,0
TF,TG450,46.988889,52.074167,0, ,0.0,0.0,0.0,0.0,2,3000,0,0,0,0,0,0

STAR,GOGD1T,14,5
IF,GOGDI,47.055556,52.848611, ,0.0,0.0,2,12000,0,0,0,0,0,0
TF,TGE01,47.090278,52.116389,0, ,0.0,0.0,0.0,0.0,2,7000,0,0,0,0,0,0
TF,TG270,47.276111,51.863333,0, ,0.0,0.0,0.0,0.0,2,4000,0,0,0,0,0,0
TF,TG250,47.338889,51.777778,0, ,0.0,0.0,0.0,0.0,2,3000,0,0,0,0,0,0

STAR,GOGD1U,32,5
IF,GOGDI,47.055556,52.848611, ,0.0,0.0,2,12000,0,0,0,0,0,0
TF,TGE12,47.079167,52.336667,0, ,0.0,0.0,0.0,0.0,2,4000,0,0,0,0,0,0
TF,TG450,46.988889,52.074167,0, ,0.0,0.0,0.0,0.0,2,3000,0,0,0,0,0,0

STAR,GOGD3L,14,2
IF,GOGDI,47.055556,52.848611, ,0.0,0.0,0,0,0,0,0,0,0,0
TF,ATR,47.143944,51.801500,0, ,0.0,0.0,0.0,0.0,1,4000,0,0,0,0,0,0

STAR,GOGD3M,32,2
IF,GOGDI,47.055556,52.848611, ,0.0,0.0,0,0,0,0,0,0,0,0
TF,ATR,47.143944,51.801500,0, ,0.0,0.0,0.0,0.0,1,4000,0,0,0,0,0,0

STAR,NIKN1K,14,5
IF,NIKNA,46.432500,51.643889, ,0.0,0.0,2,13000,0,0,0,0,0,0
TF,TGS02,46.898056,51.599167,0, ,0.0,0.0,0.0,0.0,2,5000,0,0,0,0,0,0
TF,TG260,47.161667,51.573889,0, ,0.0,0.0,0.0,0.0,2,4000,0,0,0,0,0,0
TF,TG240,47.255000,51.565000,0, ,0.0,0.0,0.0,0.0,2,3000,0,0,0,0,0,0

STAR,NIKN1N,32,5
IF,NIKNA,46.432500,51.643889, ,0.0,0.0,2,13000,0,0,0,0,0,0
TF,TGS11,46.801944,51.815000,0, ,0.0,0.0,0.0,0.0,2,4000,0,0,0,0,0,0
TF,TG440,46.905000,51.862778,0, ,0.0,0.0,0.0,0.0,2,3000,0,0,0,0,0,0

STAR,NIKN1T,14,5
IF,NIKNA,46.432500,51.643889, ,0.0,0.0,2,13000,0,0,0,0,0,0
TF,TGS02,46.898056,51.599167,0, ,0.0,0.0,0.0,0.0,2,5000,0,0,0,0,0,0
TF,TG260,47.161667,51.573889,0, ,0.0,0.0,0.0,0.0,2,4000,0,0,0,0,0,0
TF,TG240,47.255000,51.565000,0, ,0.0,0.0,0.0,0.0,2,3000,0,0,0,0,0,0

STAR,NIKN1U,32,5
IF,NIKNA,46.432500,51.643889, ,0.0,0.0,2,13000,0,0,0,0,0,0
TF,TGS11,46.801944,51.815000,0, ,0.0,0.0,0.0,0.0,2,4000,0,0,0,0,0,0
TF,TG440,46.905000,51.862778,0, ,0.0,0.0,0.0,0.0,2,3000,0,0,0,0,0,0

STAR,NIKN3L,14,2
IF,NIKNA,46.432500,51.643889, ,0.0,0.0,0,0,0,0,0,0,0,0
TF,ATR,47.143944,51.801500,0, ,0.0,0.0,0.0,0.0,1,4000,0,0,0,0,0,0

STAR,NIKN3M,32,2
IF,NIKNA,46.432500,51.643889, ,0.0,0.0,0,0,0,0,0,0,0,0
TF,ATR,47.143944,51.801500,0, ,0.0,0.0,0.0,0.0,1,4000,0,0,0,0,0,0

STAR,OLAP1K,14,5
IF,OLAPU,47.862778,51.758611, ,0.0,0.0,2,13000,0,0,0,0,0,0
TF,TG230,47.369444,51.609722,0, ,0.0,0.0,0.0,0.0,2,3000,0,0,0,0,0,0

STAR,OLAP1N,32,5
IF,OLAPU,47.862778,51.758611, ,0.0,0.0,2,13000,0,0,0,0,0,0
TF,TGN11,47.313611,51.957500,0, ,0.0,0.0,0.0,0.0,2,7000,0,0,0,0,0,0
TF,TG460,47.110833,52.030278,0, ,0.0,0.0,0.0,0.0,2,4000,0,0,0,0,0,0
TF,TG450,46.988889,52.074167,0, ,0.0,0.0,0.0,0.0,2,3000,0,0,0,0,0,0

STAR,OLAP1T,14,5
IF,OLAPU,47.862778,51.758611, ,0.0,0.0,2,13000,0,0,0,0,0,0
TF,TG230,47.369444,51.609722,0, ,0.0,0.0,0.0,0.0,2,3000,0,0,0,0,0,0

STAR,OLAP1U,32,5
IF,OLAPU,47.862778,51.758611, ,0.0,0.0,2,13000,0,0,0,0,0,0
TF,TGN11,47.313611,51.957500,0, ,0.0,0.0,0.0,0.0,2,7000,0,0,0,0,0,0
TF,TG460,47.110833,52.030278,0, ,0.0,0.0,0.0,0.0,2,4000,0,0,0,0,0,0
TF,TG450,46.988889,52.074167,0, ,0.0,0.0,0.0,0.0,2,3000,0,0,0,0,0,0

STAR,OLAP3L,14,2
IF,OLAPU,47.862778,51.758611, ,0.0,0.0,0,0,0,0,0,0,0,0
TF,ATR,47.143944,51.801500,0, ,0.0,0.0,0.0,0.0,1,4000,0,0,0,0,0,0

STAR,OLAP3M,32,2
IF,OLAPU,47.862778,51.758611, ,0.0,0.0,0,0,0,0,0,0,0,0
TF,ATR,47.143944,51.801500,0, ,0.0,0.0,0.0,0.0,1,4000,0,0,0,0,0,0

STAR,RENP1K,14,5
IF,RENPI,46.576944,52.448889, ,0.0,0.0,2,12000,0,0,0,0,0,0
TF,TGS01,46.908889,51.837222,0, ,0.0,0.0,0.0,0.0,2,7000,0,0,0,0,0,0
TF,TG260,47.161667,51.573889,0, ,0.0,0.0,0.0,0.0,2,4000,0,0,0,0,0,0
TF,TG240,47.255000,51.565000,0, ,0.0,0.0,0.0,0.0,2,3000,0,0,0,0,0,0

STAR,RENP1N,32,5
IF,RENPI,46.576944,52.448889, ,0.0,0.0,2,12000,0,0,0,0,0,0
TF,TG470,46.817222,52.078333,0, ,0.0,0.0,0.0,0.0,2,4000,0,0,0,0,0,0
TF,TG430,46.874722,52.029722,0, ,0.0,0.0,0.0,0.0,2,3000,0,0,0,0,0,0

STAR,RENP1T,14,5
IF,RENPI,46.576944,52.448889, ,0.0,0.0,2,12000,0,0,0,0,0,0
TF,TGS01,46.908889,51.837222,0, ,0.0,0.0,0.0,0.0,2,7000,0,0,0,0,0,0
TF,TG260,47.161667,51.573889,0, ,0.0,0.0,0.0,0.0,2,4000,0,0,0,0,0,0
TF,TG240,47.255000,51.565000,0, ,0.0,0.0,0.0,0.0,2,3000,0,0,0,0,0,0

STAR,RENP1U,32,5
IF,RENPI,46.576944,52.448889, ,0.0,0.0,2,12000,0,0,0,0,0,0
TF,TG470,46.817222,52.078333,0, ,0.0,0.0,0.0,0.0,2,4000,0,0,0,0,0,0
TF,TG430,46.874722,52.029722,0, ,0.0,0.0,0.0,0.0,2,3000,0,0,0,0,0,0

STAR,RENP3L,14,2
IF,RENPI,46.576944,52.448889, ,0.0,0.0,0,0,0,0,0,0,0,0
TF,ATR,47.143944,51.801500,0, ,0.0,0.0,0.0,0.0,1,4000,0,0,0,0,0,0

STAR,RENP3M,32,2
IF,RENPI,46.576944,52.448889, ,0.0,0.0,0,0,0,0,0,0,0,0
TF,ATR,47.143944,51.801500,0, ,0.0,0.0,0.0,0.0,1,4000,0,0,0,0,0,0

STAR,TUGL1K,14,5
IF,TUGLA,46.861667,50.835000, ,0.0,0.0,2,13000,0,0,0,0,0,0
TF,TG240,47.255000,51.565000,0, ,0.0,0.0,0.0,0.0,2,3000,0,0,0,0,0,0

STAR,TUGL1N,32,5
IF,TUGLA,46.861667,50.835000, ,0.0,0.0,2,13000,0,0,0,0,0,0
TF,TGS12,46.891667,51.560000,0, ,0.0,0.0,0.0,0.0,2,4000,0,0,0,0,0,0
TF,TG440,46.905000,51.862778,0, ,0.0,0.0,0.0,0.0,2,3000,0,0,0,0,0,0

STAR,TUGL1T,14,5
IF,TUGLA,46.861667,50.835000, ,0.0,0.0,2,13000,0,0,0,0,0,0
TF,TG240,47.255000,51.565000,0, ,0.0,0.0,0.0,0.0,2,3000,0,0,0,0,0,0

STAR,TUGL1U,32,5
IF,TUGLA,46.861667,50.835000, ,0.0,0.0,2,13000,0,0,0,0,0,0
TF,TGS12,46.891667,51.560000,0, ,0.0,0.0,0.0,0.0,2,4000,0,0,0,0,0,0
TF,TG440,46.905000,51.862778,0, ,0.0,0.0,0.0,0.0,2,3000,0,0,0,0,0,0

STAR,TUGL3L,14,2
IF,TUGLA,46.861667,50.835000, ,0.0,0.0,0,0,0,0,0,0,0,0
TF,ATR,47.143944,51.801500,0, ,0.0,0.0,0.0,0.0,1,4000,0,0,0,0,0,0

STAR,TUGL3M,32,2
IF,TUGLA,46.861667,50.835000, ,0.0,0.0,0,0,0,0,0,0,0,0
TF,ATR,47.143944,51.801500,0, ,0.0,0.0,0.0,0.0,1,4000,0,0,0,0,0,0

STAR,UDEB1K,14,5
IF,UDEBA,47.633889,52.578611, ,0.0,0.0,2,12000,0,0,0,0,0,0
TF,TGN01,47.458889,52.103611,0, ,0.0,0.0,0.0,0.0,2,5000,0,0,0,0,0,0
TF,TG250,47.338889,51.777778,0, ,0.0,0.0,0.0,0.0,2,3000,0,0,0,0,0,0

STAR,UDEB1N,32,5
IF,UDEBA,47.633889,52.578611, ,0.0,0.0,2,12000,0,0,0,0,0,0
TF,TGN12,47.365000,52.370278,0, ,0.0,0.0,0.0,0.0,2,7000,0,0,0,0,0,0
TF,TGE11,47.195833,52.240000,0, ,0.0,0.0,0.0,0.0,2,7000,0,0,0,0,0,0
TF,TG460,47.110833,52.030278,0, ,0.0,0.0,0.0,0.0,2,4000,0,0,0,0,0,0
TF,TG450,46.988889,52.074167,0, ,0.0,0.0,0.0,0.0,2,3000,0,0,0,0,0,0

STAR,UDEB1T,14,5
IF,UDEBA,47.633889,52.578611, ,0.0,0.0,2,12000,0,0,0,0,0,0
TF,TGN01,47.458889,52.103611,0, ,0.0,0.0,0.0,0.0,2,5000,0,0,0,0,0,0
TF,TG250,47.338889,51.777778,0, ,0.0,0.0,0.0,0.0,2,3000,0,0,0,0,0,0

STAR,UDEB1U,32,5
IF,UDEBA,47.633889,52.578611, ,0.0,0.0,2,12000,0,0,0,0,0,0
TF,TGN12,47.365000,52.370278,0, ,0.0,0.0,0.0,0.0,2,7000,0,0,0,0,0,0
TF,TGE11,47.195833,52.240000,0, ,0.0,0.0,0.0,0.0,2,7000,0,0,0,0,0,0
TF,TG460,47.110833,52.030278,0, ,0.0,0.0,0.0,0.0,2,4000,0,0,0,0,0,0
TF,TG450,46.988889,52.074167,0, ,0.0,0.0,0.0,0.0,2,3000,0,0,0,0,0,0

STAR,UDEB3L,14,2
IF,UDEBA,47.633889,52.578611, ,0.0,0.0,0,0,0,0,0,0,0,0
TF,ATR,47.143944,51.801500,0, ,0.0,0.0,0.0,0.0,1,4000,0,0,0,0,0,0

STAR,UDEB3M,32,2
IF,UDEBA,47.633889,52.578611, ,0.0,0.0,0,0,0,0,0,0,0,0
TF,ATR,47.143944,51.801500,0, ,0.0,0.0,0.0,0.0,1,4000,0,0,0,0,0,0

APPTR,D14-Y,14,AGMEN
IF,AGMEN,47.231000,51.574375, ,0.0,0.0,2,1600,0,0,0,0,1,0
CF,GEGSI,47.276183,51.688664,0,ATR,320.9,9.2,51.0,5.4,2,1600,0,0,0,0,1,0

APPTR,D14-Y,14,BUDUL
IF,BUDUL,47.321253,51.803144, ,0.0,0.0,2,1600,0,0,0,0,1,0
CF,GEGSI,47.276183,51.688664,0,ATR,320.9,9.2,231.0,5.4,2,1600,0,0,0,0,1,0

FINAL,D14-Y,14,D,3
IF,GEGSI,47.276183,51.688664,ATR,320.9,9.2,2,1600,0,0,0,0,0,0
CF,FD14,47.207950,51.747261,0,ATR,321.0,4.4,141.0,4.8,2,1600,0,0,0,0,2,0
CF,ATR,47.143944,51.801500,0,ATR,0.0,0.0,141.0,4.4,1,207,0,0,0,0,3,0
CA,0,141.0,2,600,0,0,0,0,0,0
VM,0,0,0,141.0,1,1600,0,0,0,0,0,0

APPTR,D14-Z,14,ATR1
IF,ATR,47.143944,51.801500, ,0.0,0.0,2,4000,0,1,200,0,1,0
FD,ATR,47.143944,51.801500,0,ATR,0.0,8.0,300.0,8.0,2,1600,0,0,0,0,0,0
CF,FD14,47.207950,51.747261,2,ATR,321.0,4.4,141.0,4.0,2,1600,0,0,0,0,0,0

APPTR,D14-Z,14,ATR2
IF,ATR,47.143944,51.801500, ,0.0,0.0,2,4000,0,1,140,0,1,0
FD,ATR,47.143944,51.801500,0,ATR,0.0,8.0,310.0,8.0,2,1600,0,0,0,0,0,0
CF,FD14,47.207950,51.747261,2,ATR,321.0,4.4,141.0,4.0,2,1600,0,0,0,0,0,0

FINAL,D14-Z,14,D,2
IF,FD14,47.207950,51.747261,ATR,321.0,4.4,2,1600,0,0,0,0,2,0
CF,ATR,47.143944,51.801500,0,ATR,0.0,0.0,141.0,4.4,1,207,0,0,0,0,3,0
FD,ATR,47.143944,51.801500,0,ATR,0.0,4.4,141.0,4.4,2,600,0,0,0,0,0,0
DF,ATR,47.143944,51.801500,2, ,0.0,0.0,1,1600,0,1,250,0,0,0

APPTR,D32-Y,32,AKIBU
IF,AKIBU,46.922739,51.836883, ,0.0,0.0,2,1600,0,0,0,0,1,0
CF,EDOLO,46.967922,51.950511,0,ATR,140.9,12.2,51.0,5.4,2,1600,0,0,0,0,1,0

APPTR,D32-Y,32,DOLEP
IF,DOLEP,47.012992,52.064328, ,0.0,0.0,2,1600,0,0,0,0,1,0
CF,EDOLO,46.967922,51.950511,0,ATR,140.9,12.2,231.0,5.4,2,1600,0,0,0,0,1,0

FINAL,D32-Y,32,D,3
IF,EDOLO,46.967922,51.950511,ATR,140.9,12.2,2,1600,0,0,0,0,0,0
CF,FD32,47.036197,51.892461,0,ATR,141.0,7.5,321.0,4.7,2,1600,0,0,0,0,2,0
CF,MD32,47.103542,51.835656,0,ATR,141.0,2.8,321.0,4.7,1,129,0,0,0,0,3,0
CA,0,321.0,2,600,0,0,0,0,0,0
VM,0,0,0,321.0,1,1600,0,0,0,0,0,0

APPTR,D32-Z,32,ATR1
IF,ATR,47.143944,51.801500, ,0.0,0.0,2,4000,0,1,200,0,1,0
FD,ATR,47.143944,51.801500,0,ATR,0.0,10.5,158.0,10.5,2,1600,0,0,0,0,0,0
CF,FD32,47.036197,51.892461,1,ATR,141.0,7.5,321.0,4.0,2,1600,0,0,0,0,0,0

APPTR,D32-Z,32,ATR2
IF,ATR,47.143944,51.801500, ,0.0,0.0,2,4000,0,1,140,0,1,0
FD,ATR,47.143944,51.801500,0,ATR,0.0,10.2,151.0,10.2,2,1600,0,0,0,0,0,0
CF,FD32,47.036197,51.892461,1,ATR,141.0,7.5,321.0,4.0,2,1600,0,0,0,0,0,0

FINAL,D32-Z,32,D,2
IF,FD32,47.036197,51.892461,ATR,141.0,7.5,2,1600,0,0,0,0,2,0
CF,MD32,47.103542,51.835656,0,ATR,141.0,2.8,321.0,4.7,1,129,0,0,0,0,3,0
CF,ATR,47.143944,51.801500,0,ATR,0.0,0.0,321.0,2.8,0,0,0,0,0,0,0,0
FD,ATR,47.143944,51.801500,0,ATR,0.0,4.3,321.0,4.3,2,1100,0,0,0,0,0,0
DF,ATR,47.143944,51.801500,1, ,0.0,0.0,1,1600,0,1,250,0,0,0

APPTR,R14,14,TG230
IF,TG230,47.369444,51.609722, ,0.0,0.0,2,3000,0,0,0,0,1,0
TF,TG220,47.296944,51.671389,0, ,0.0,0.0,0.0,0.0,2,2000,0,0,0,0,1,0

APPTR,R14,14,TG240
IF,TG240,47.255000,51.565000, ,0.0,0.0,2,3000,0,0,0,0,1,0
TF,TG220,47.296944,51.671389,0, ,0.0,0.0,0.0,0.0,2,2000,0,0,0,0,1,0

APPTR,R14,14,TG250
IF,TG250,47.338889,51.777778, ,0.0,0.0,2,3000,0,0,0,0,1,0
TF,TG220,47.296944,51.671389,0, ,0.0,0.0,0.0,0.0,2,2000,0,0,0,0,1,0

FINAL,R14,14,R,3
IF,TG220,47.296944,51.671389, ,0.0,0.0,2,2000,0,0,0,0,0,0
TF,TG210,47.224722,51.732778,0, ,0.0,0.0,141.0,5.0,1,2000,0,0,0,0,2,0
TF,TG205,47.142389,51.802833,0, ,0.0,0.0,141.0,5.7,1,173,0,0,0,0,3,1
CA,0,141.0,2,2000,0,0,0,0,0,0
DF,TG240,47.255000,51.565000,2, ,0.0,0.0,2,4000,0,0,0,0,0,0

