SID,ADIS1A,08,5
CF,LL080,56.949386,125.082428,0,NRG,83.7,6.5,83.0,5.0,0,0,0,0,0,0,0,1
DF,ADISI,57.033056,123.951667,1, ,0.0,0.0,2,11000,0,0,0,0,0,0

SID,ADIS1B,26,5
CF,LL260,56.878069,124.745617,0,NRG,261.8,5.4,263.0,5.0,0,0,0,0,0,0,0,1
DF,ADISI,57.033056,123.951667,0, ,0.0,0.0,2,11000,0,0,0,0,0,0

SID,ADIS1C,08,2
CD, ,0,0,0,NRG,0,0.0,83.0,7.1,0,0,0,0,0,0,0,0
DF,NRG,56.912167,124.897444,2, ,0.0,0.0,0,0,0,1,240,0,0,0
TF,ADISI,57.033056,123.951667,0, ,0.0,0.0,0.0,0.0,2,11000,0,0,0,0,0,0

SID,ADIS1D,26,2
CD, ,0,0,0,NRG,0,0.0,263.0,5.4,0,0,0,0,0,0,0,0
CI,0, ,0.0,343.0,0,0,0,0,0,0,0,0
CF,ADISI,57.033056,123.951667,0,NRG,297.6,31.9,298.0,24.0,2,11000,0,0,0,0,0,0

SID,ADIS1E,08,2
CA,0,83.0,2,3800,0,0,0,0,0,0
DF,RN,56.893667,124.817694,2, ,0.0,0.0,0,0,0,1,240,0,0,0
TF,ADISI,57.033056,123.951667,0, ,0.0,0.0,0.0,0.0,2,11000,0,0,0,0,0,0

SID,ADIS1F,26,2
CA,0,263.0,2,3700,0,0,0,0,0,0
CI,0, ,0.0,339.0,0,0,0,0,0,0,0,0
CF,ADISI,57.033056,123.951667,0,NRG,297.6,31.9,296.0,29.0,2,11000,0,0,0,0,0,0

SID,APRI1A,08,5
CF,LL080,56.949386,125.082428,0,NRG,83.7,6.5,83.0,5.0,0,0,0,0,0,0,0,1
DF,APRIS,56.561389,124.172500,2, ,0.0,0.0,2,11000,0,0,0,0,0,0

SID,APRI1B,26,5
CF,LL260,56.878069,124.745617,0,NRG,261.8,5.4,263.0,5.0,0,0,0,0,0,0,0,1
DF,APRIS,56.561389,124.172500,0, ,0.0,0.0,2,11000,0,0,0,0,0,0

SID,APRI1C,08,2
CD, ,0,0,0,NRG,0,0.0,83.0,7.1,0,0,0,0,0,0,0,0
DF,NRG,56.912167,124.897444,1, ,0.0,0.0,0,0,0,1,240,0,0,0
TF,APRIS,56.561389,124.172500,0, ,0.0,0.0,0.0,0.0,2,11000,0,0,0,0,0,0

SID,APRI1D,26,2
CD, ,0,0,0,NRG,0,0.0,263.0,5.4,0,0,0,0,0,0,0,0
CI,0, ,0.0,213.0,0,0,0,0,0,0,0,0
CF,APRIS,56.561389,124.172500,0,NRG,242.9,31.9,243.0,23.0,2,11000,0,0,0,0,0,0

SID,APRI1E,08,2
CA,0,83.0,2,3800,0,0,0,0,0,0
DF,RN,56.893667,124.817694,1, ,0.0,0.0,0,0,0,1,240,0,0,0
TF,APRIS,56.561389,124.172500,0, ,0.0,0.0,0.0,0.0,2,11000,0,0,0,0,0,0

SID,APRI1F,26,2
CA,0,263.0,2,3700,0,0,0,0,0,0
CI,0, ,0.0,214.0,0,0,0,0,0,0,0,0
CF,APRIS,56.561389,124.172500,0,NRG,242.9,31.9,244.0,29.0,2,11000,0,0,0,0,0,0

SID,LOMR1A,08,5
CF,LL080,56.949386,125.082428,0,NRG,83.7,6.5,83.0,5.0,0,0,0,0,0,0,0,1
DF,LOMRO,57.240000,125.701389,0, ,0.0,0.0,2,11000,0,0,0,0,0,0

SID,LOMR1B,26,5
CF,LL260,56.878069,124.745617,0,NRG,261.8,5.4,263.0,5.0,0,0,0,0,0,0,0,1
DF,LOMRO,57.240000,125.701389,2, ,0.0,0.0,2,11000,0,0,0,0,0,0

SID,LOMR1C,08,2
CD, ,0,0,0,NRG,0,0.0,83.0,7.1,0,0,0,0,0,0,0,0
CI,0, ,0.0,37.0,0,0,0,0,0,0,0,0
CF,LOMRO,57.240000,125.701389,0,NRG,66.8,32.9,67.0,23.0,2,11000,0,0,0,0,0,0

SID,LOMR1D,26,2
CD, ,0,0,0,NRG,0,0.0,263.0,5.4,0,0,0,0,0,0,0,0
DF,NRG,56.912167,124.897444,1, ,0.0,0.0,0,0,0,1,240,0,0,0
TF,LOMRO,57.240000,125.701389,0, ,0.0,0.0,0.0,0.0,2,11000,0,0,0,0,0,0

SID,LOMR1E,08,2
CA,0,83.0,2,3800,0,0,0,0,0,0
CI,0, ,0.0,38.0,0,0,0,0,0,0,0,0
CF,LOMRO,57.240000,125.701389,0,NRG,66.8,32.9,68.0,29.0,2,11000,0,0,0,0,0,0

SID,LOMR1F,26,2
CA,0,263.0,2,3700,0,0,0,0,0,0
DF,U,56.923111,124.958333,1, ,0.0,0.0,0,0,0,1,240,0,0,0
TF,LOMRO,57.240000,125.701389,0, ,0.0,0.0,0.0,0.0,2,11000,0,0,0,0,0,0

SID,LUNE1A,08,5
CF,LL080,56.949386,125.082428,0,NRG,83.7,6.5,83.0,5.0,0,0,0,0,0,0,0,1
DF,LUNEN,57.361389,124.362222,1, ,0.0,0.0,2,11000,0,0,0,0,0,0

SID,LUNE1B,26,5
CF,LL260,56.878069,124.745617,0,NRG,261.8,5.4,263.0,5.0,0,0,0,0,0,0,0,1
DF,LUNEN,57.361389,124.362222,2, ,0.0,0.0,2,11000,0,0,0,0,0,0

SID,LUNE1C,08,2
CD, ,0,0,0,NRG,0,0.0,83.0,7.1,0,0,0,0,0,0,0,0
DF,NRG,56.912167,124.897444,2, ,0.0,0.0,0,0,0,1,240,0,0,0
TF,LUNEN,57.361389,124.362222,0, ,0.0,0.0,0.0,0.0,2,11000,0,0,0,0,0,0

SID,LUNE1D,26,2
CD, ,0,0,0,NRG,0,0.0,263.0,5.4,0,0,0,0,0,0,0,0
CI,2, ,0.0,41.0,0,0,0,0,0,0,0,0
CF,LUNEN,57.361389,124.362222,0,NRG,341.3,32.2,341.0,25.0,2,11000,0,0,0,0,0,0

SID,LUNE1E,08,2
CA,0,83.0,2,3800,0,0,0,0,0,0
DF,RN,56.893667,124.817694,2, ,0.0,0.0,0,0,0,1,240,0,0,0
TF,LUNEN,57.361389,124.362222,0, ,0.0,0.0,0.0,0.0,2,11000,0,0,0,0,0,0

SID,LUNE1F,26,2
CA,0,263.0,2,3700,0,0,0,0,0,0
CI,2, ,0.0,53.0,0,0,0,0,0,0,0,0
CF,LUNEN,57.361389,124.362222,0,NRG,341.3,32.2,338.0,28.0,2,11000,0,0,0,0,0,0

SID,ORTE1A,08,5
CF,LL080,56.949386,125.082428,0,NRG,83.7,6.5,83.0,5.0,0,0,0,0,0,0,0,1
DF,ORTEL,56.382222,124.845833,2, ,0.0,0.0,2,11000,0,0,0,0,0,0

SID,ORTE1B,26,5
CF,LL260,56.878069,124.745617,0,NRG,261.8,5.4,263.0,5.0,0,0,0,0,0,0,0,1
DF,ORTEL,56.382222,124.845833,0, ,0.0,0.0,2,11000,0,0,0,0,0,0

SID,ORTE1C,08,2
CD, ,0,0,0,NRG,0,0.0,83.0,7.1,0,0,0,0,0,0,0,0
DF,NRG,56.912167,124.897444,1, ,0.0,0.0,0,0,0,1,240,0,0,0
TF,ORTEL,56.382222,124.845833,0, ,0.0,0.0,0.0,0.0,2,11000,0,0,0,0,0,0

SID,ORTE1D,26,2
CD, ,0,0,0,NRG,0,0.0,263.0,5.4,0,0,0,0,0,0,0,0
CI,1, ,0.0,137.0,0,0,0,0,0,0,0,0
CF,ORTEL,56.382222,124.845833,0,NRG,197.1,31.9,197.0,24.0,2,11000,0,0,0,0,0,0

SID,ORTE1E,08,2
CA,0,83.0,2,3800,0,0,0,0,0,0
DF,RN,56.893667,124.817694,1, ,0.0,0.0,0,0,0,1,240,0,0,0
TF,ORTEL,56.382222,124.845833,0, ,0.0,0.0,0.0,0.0,2,11000,0,0,0,0,0,0

SID,ORTE1F,26,2
CA,0,263.0,2,3700,0,0,0,0,0,0
CI,1, ,0.0,131.0,0,0,0,0,0,0,0,0
CF,ORTEL,56.382222,124.845833,0,NRG,197.1,31.9,201.0,27.0,2,11000,0,0,0,0,0,0

SID,RESK1A,08,5
CF,LL080,56.949386,125.082428,0,NRG,83.7,6.5,83.0,5.0,0,0,0,0,0,0,0,1
DF,LL081,56.775833,125.358333,0, ,0.0,0.0,0,0,0,0,0,0,0,0
TF,RESKI,56.638889,125.757778,0, ,0.0,0.0,0.0,0.0,2,11000,0,0,0,0,0,0

SID,RESK1B,26,5
CF,LL260,56.878069,124.745617,0,NRG,261.8,5.4,263.0,5.0,0,0,0,0,0,0,0,1
DF,RESKI,56.638889,125.757778,1, ,0.0,0.0,2,11000,0,0,0,0,0,0

SID,RESK1C,08,2
CD, ,0,0,0,NRG,0,0.0,83.0,7.1,0,0,0,0,0,0,0,0
CI,2, ,0.0,194.0,0,0,0,0,0,0,0,0
CF,RESKI,56.638889,125.757778,0,NRG,133.7,32.8,134.0,23.0,2,11000,0,0,0,0,0,0

SID,RESK1D,26,2
CD, ,0,0,0,NRG,0,0.0,263.0,5.4,0,0,0,0,0,0,0,0
DF,NRG,56.912167,124.897444,2, ,0.0,0.0,0,0,0,1,240,0,0,0
TF,RESKI,56.638889,125.757778,0, ,0.0,0.0,0.0,0.0,2,11000,0,0,0,0,0,0

SID,RESK1E,08,2
CA,0,83.0,2,3800,0,0,0,0,0,0
CI,2, ,0.0,195.0,0,0,0,0,0,0,0,0
CF,RESKI,56.638889,125.757778,0,NRG,133.7,32.8,130.0,27.0,2,11000,0,0,0,0,0,0

SID,RESK1F,26,2
CA,0,263.0,2,3700,0,0,0,0,0,0
DF,U,56.923111,124.958333,2, ,0.0,0.0,0,0,0,1,240,0,0,0
TF,RESKI,56.638889,125.757778,0, ,0.0,0.0,0.0,0.0,2,11000,0,0,0,0,0,0

SID,TEBL1A,08,5
CF,LL080,56.949386,125.082428,0,NRG,83.7,6.5,83.0,5.0,0,0,0,0,0,0,0,1
DF,TEBLO,57.447500,125.051944,0, ,0.0,0.0,2,11000,0,0,0,0,0,0

SID,TEBL1B,26,5
CF,LL260,56.878069,124.745617,0,NRG,261.8,5.4,263.0,5.0,0,0,0,0,0,0,0,1
DF,TEBLO,57.447500,125.051944,2, ,0.0,0.0,2,11000,0,0,0,0,0,0

SID,TEBL1C,08,2
CD, ,0,0,0,NRG,0,0.0,83.0,7.1,0,0,0,0,0,0,0,0
CI,1, ,0.0,318.0,0,0,0,0,0,0,0,0
CF,TEBLO,57.447500,125.051944,0,NRG,22.8,32.6,23.0,24.0,2,11000,0,0,0,0,0,0

SID,TEBL1D,26,2
CD, ,0,0,0,NRG,0,0.0,263.0,5.4,0,0,0,0,0,0,0,0
DF,NRG,56.912167,124.897444,1, ,0.0,0.0,0,0,0,1,240,0,0,0
TF,TEBLO,57.447500,125.051944,0, ,0.0,0.0,0.0,0.0,2,11000,0,0,0,0,0,0

SID,TEBL1E,08,2
CA,0,83.0,2,3800,0,0,0,0,0,0
CI,1, ,0.0,312.0,0,0,0,0,0,0,0,0
CF,TEBLO,57.447500,125.051944,0,NRG,22.8,32.6,27.0,28.0,2,11000,0,0,0,0,0,0

SID,TEBL1F,26,2
CA,0,263.0,2,3700,0,0,0,0,0,0
DF,U,56.923111,124.958333,1, ,0.0,0.0,0,0,0,1,240,0,0,0
TF,TEBLO,57.447500,125.051944,0, ,0.0,0.0,0.0,0.0,2,11000,0,0,0,0,0,0

STAR,ADIS1G,08,5
IF,ADISI,57.033056,123.951667, ,0.0,0.0,2,11000,0,0,0,0,0,0
TF,LL013,56.889825,124.258892,0, ,0.0,0.0,0.0,0.0,2,8000,0,0,0,0,0,0
TF,LL004,56.810581,124.427172,0, ,0.0,0.0,0.0,0.0,2,6000,0,0,0,0,0,0

STAR,ADIS1H,26,5
IF,ADISI,57.033056,123.951667, ,0.0,0.0,2,11000,0,0,0,0,0,0
TF,LL268,57.046439,124.302469,0, ,0.0,0.0,0.0,0.0,2,8000,0,0,0,0,0,0
TF,LL263,57.075333,125.171797,0, ,0.0,0.0,0.0,0.0,2,5000,0,0,0,0,0,0

STAR,ADIS1K,08,2
IF,ADISI,57.033056,123.951667, ,0.0,0.0,2,11000,0,0,0,0,0,0
TF,RN,56.893667,124.817694,0, ,0.0,0.0,0.0,0.0,2,8000,0,0,0,0,0,0

STAR,ADIS1L,26,2
IF,ADISI,57.033056,123.951667, ,0.0,0.0,2,11000,0,0,0,0,0,0
TF,U,56.923111,124.958333,0, ,0.0,0.0,0.0,0.0,2,8000,0,0,0,0,0,0

STAR,ADIS1M,08,2
IF,ADISI,57.033056,123.951667, ,0.0,0.0,2,11000,0,0,0,0,0,0
TF,D298U,56.992778,124.273728,0, ,0.0,0.0,0.0,0.0,2,8000,0,0,0,0,0,0
TF,D298L,56.958022,124.545933,0, ,0.0,0.0,0.0,0.0,2,5100,0,0,0,0,0,0

STAR,ADIS1N,26,2
IF,ADISI,57.033056,123.951667, ,0.0,0.0,2,11000,0,0,0,0,0,0
TF,D298U,56.992778,124.273728,0, ,0.0,0.0,0.0,0.0,2,8000,0,0,0,0,0,0
TF,NRG,56.912167,124.897444,0, ,0.0,0.0,0.0,0.0,2,5000,0,0,0,0,0,0

STAR,APRI1G,08,5
IF,APRIS,56.561389,124.172500, ,0.0,0.0,2,11000,0,0,0,0,0,0
TF,LL014,56.733214,124.347686,0, ,0.0,0.0,0.0,0.0,2,8000,0,0,0,0,0,0
TF,LL004,56.810581,124.427172,0, ,0.0,0.0,0.0,0.0,2,6000,0,0,0,0,0,0

STAR,APRI1H,26,5
IF,APRIS,56.561389,124.172500, ,0.0,0.0,2,11000,0,0,0,0,0,0
TF,LL274,56.649053,124.471800,0, ,0.0,0.0,0.0,0.0,2,8000,0,0,0,0,0,0
TF,LL265,56.886783,125.303456,0, ,0.0,0.0,0.0,0.0,2,5900,0,0,0,0,0,0

STAR,APRI1K,08,2
IF,APRIS,56.561389,124.172500, ,0.0,0.0,2,11000,0,0,0,0,0,0
TF,RN,56.893667,124.817694,0, ,0.0,0.0,0.0,0.0,2,8000,0,0,0,0,0,0

STAR,APRI1L,26,2
IF,APRIS,56.561389,124.172500, ,0.0,0.0,2,11000,0,0,0,0,0,0
TF,U,56.923111,124.958333,0, ,0.0,0.0,0.0,0.0,2,8000,0,0,0,0,0,0

STAR,APRI1M,08,2
IF,APRIS,56.561389,124.172500, ,0.0,0.0,2,11000,0,0,0,0,0,0
TF,D243S,56.699036,124.454328,0, ,0.0,0.0,0.0,0.0,2,8000,0,0,0,0,0,0

STAR,APRI1N,26,2
IF,APRIS,56.561389,124.172500, ,0.0,0.0,2,11000,0,0,0,0,0,0
TF,D243P,56.734669,124.527833,0, ,0.0,0.0,0.0,0.0,2,8000,0,0,0,0,0,0
TF,NRG,56.912167,124.897444,0, ,0.0,0.0,0.0,0.0,2,5000,0,0,0,0,0,0

STAR,LOMR1G,08,5
IF,LOMRO,57.240000,125.701389, ,0.0,0.0,2,11000,0,0,0,0,0,0
TF,LL011,57.162056,125.390222,0, ,0.0,0.0,0.0,0.0,2,8000,0,0,0,0,0,0
TF,LL005,56.940967,124.530658,0, ,0.0,0.0,0.0,0.0,2,5000,0,0,0,0,0,0

STAR,LOMR1H,26,5
IF,LOMRO,57.240000,125.701389, ,0.0,0.0,2,11000,0,0,0,0,0,0
TF,LL271,57.082239,125.495292,0, ,0.0,0.0,0.0,0.0,2,8000,0,0,0,0,0,0
TF,LL264,57.016528,125.410094,0, ,0.0,0.0,0.0,0.0,2,5700,0,0,0,0,0,0

STAR,LOMR1K,08,2
IF,LOMRO,57.240000,125.701389, ,0.0,0.0,2,11000,0,0,0,0,0,0
TF,RN,56.893667,124.817694,0, ,0.0,0.0,0.0,0.0,2,8000,0,0,0,0,0,0

STAR,LOMR1L,26,2
IF,LOMRO,57.240000,125.701389, ,0.0,0.0,2,11000,0,0,0,0,0,0
TF,U,56.923111,124.958333,0, ,0.0,0.0,0.0,0.0,2,8000,0,0,0,0,0,0

STAR,LOMR1M,08,2
IF,LOMRO,57.240000,125.701389, ,0.0,0.0,2,11000,0,0,0,0,0,0
TF,D067V,57.133408,125.437033,0, ,0.0,0.0,0.0,0.0,2,8000,0,0,0,0,0,0
TF,NRG,56.912167,124.897444,0, ,0.0,0.0,0.0,0.0,2,6000,0,0,0,0,0,0

STAR,LOMR1N,26,2
IF,LOMRO,57.240000,125.701389, ,0.0,0.0,2,11000,0,0,0,0,0,0
TF,D067V,57.133408,125.437033,0, ,0.0,0.0,0.0,0.0,2,8000,0,0,0,0,0,0
TF,D067S,57.106553,125.370886,0, ,0.0,0.0,0.0,0.0,2,5000,0,0,0,0,0,0

STAR,LUNE1G,08,5
IF,LUNEN,57.361389,124.362222, ,0.0,0.0,2,11000,0,0,0,0,0,0
TF,LL012,57.164375,124.441642,0, ,0.0,0.0,0.0,0.0,2,8000,0,0,0,0,0,0
TF,LL005,56.940967,124.530658,0, ,0.0,0.0,0.0,0.0,2,5000,0,0,0,0,0,0

STAR,LUNE1H,26,5
IF,LUNEN,57.361389,124.362222, ,0.0,0.0,2,11000,0,0,0,0,0,0
TF,LL269,57.249933,124.680917,0, ,0.0,0.0,0.0,0.0,2,8000,0,0,0,0,0,0
TF,LL263,57.075333,125.171797,0, ,0.0,0.0,0.0,0.0,2,5000,0,0,0,0,0,0

STAR,LUNE1K,08,2
IF,LUNEN,57.361389,124.362222, ,0.0,0.0,2,11000,0,0,0,0,0,0
TF,RN,56.893667,124.817694,0, ,0.0,0.0,0.0,0.0,2,8000,0,0,0,0,0,0

STAR,LUNE1L,26,2
IF,LUNEN,57.361389,124.362222, ,0.0,0.0,2,11000,0,0,0,0,0,0
TF,U,56.923111,124.958333,0, ,0.0,0.0,0.0,0.0,2,8000,0,0,0,0,0,0

STAR,LUNE1M,08,2
IF,LUNEN,57.361389,124.362222, ,0.0,0.0,2,11000,0,0,0,0,0,0
TF,D341U,57.210872,124.543308,0, ,0.0,0.0,0.0,0.0,2,8000,0,0,0,0,0,0
TF,D341L,57.078239,124.701403,0, ,0.0,0.0,0.0,0.0,2,6000,0,0,0,0,0,0

STAR,LUNE1N,26,2
IF,LUNEN,57.361389,124.362222, ,0.0,0.0,2,11000,0,0,0,0,0,0
TF,D341U,57.210872,124.543308,0, ,0.0,0.0,0.0,0.0,2,8000,0,0,0,0,0,0
TF,NRG,56.912167,124.897444,0, ,0.0,0.0,0.0,0.0,2,5000,0,0,0,0,0,0

STAR,ORTE1G,08,5
IF,ORTEL,56.382222,124.845833, ,0.0,0.0,2,11000,0,0,0,0,0,0
TF,LL008,56.565244,124.756525,0, ,0.0,0.0,0.0,0.0,2,8000,0,0,0,0,0,0
TF,LL003,56.752678,124.664128,0, ,0.0,0.0,0.0,0.0,2,5100,0,0,0,0,0,0

STAR,ORTE1H,26,5
IF,ORTEL,56.382222,124.845833, ,0.0,0.0,2,11000,0,0,0,0,0,0
TF,LL273,56.558092,125.003781,0, ,0.0,0.0,0.0,0.0,2,8000,0,0,0,0,0,0
TF,LL265,56.886783,125.303456,0, ,0.0,0.0,0.0,0.0,2,5900,0,0,0,0,0,0

STAR,ORTE1K,08,2
IF,ORTEL,56.382222,124.845833, ,0.0,0.0,2,11000,0,0,0,0,0,0
TF,RN,56.893667,124.817694,0, ,0.0,0.0,0.0,0.0,2,8000,0,0,0,0,0,0

STAR,ORTE1L,26,2
IF,ORTEL,56.382222,124.845833, ,0.0,0.0,2,11000,0,0,0,0,0,0
TF,U,56.923111,124.958333,0, ,0.0,0.0,0.0,0.0,2,8000,0,0,0,0,0,0

STAR,ORTE1M,08,2
IF,ORTEL,56.382222,124.845833, ,0.0,0.0,2,11000,0,0,0,0,0,0
TF,D197U,56.555267,124.862525,0, ,0.0,0.0,0.0,0.0,2,8000,0,0,0,0,0,0
TF,D197L,56.714889,124.878061,0, ,0.0,0.0,0.0,0.0,2,6000,0,0,0,0,0,0

STAR,ORTE1N,26,2
IF,ORTEL,56.382222,124.845833, ,0.0,0.0,2,11000,0,0,0,0,0,0
TF,D197U,56.555267,124.862525,0, ,0.0,0.0,0.0,0.0,2,8000,0,0,0,0,0,0
TF,NRG,56.912167,124.897444,0, ,0.0,0.0,0.0,0.0,2,5000,0,0,0,0,0,0

STAR,RESK1G,08,5
IF,RESKI,56.638889,125.757778, ,0.0,0.0,2,11000,0,0,0,0,0,0
TF,LL009,56.707081,125.114444,0, ,0.0,0.0,0.0,0.0,2,8000,0,0,0,0,0,0
TF,LL003,56.752678,124.664128,0, ,0.0,0.0,0.0,0.0,2,5100,0,0,0,0,0,0

STAR,RESK1H,26,5
IF,RESKI,56.638889,125.757778, ,0.0,0.0,2,11000,0,0,0,0,0,0
TF,LL272,56.900006,125.518228,0, ,0.0,0.0,0.0,0.0,2,8000,0,0,0,0,0,0
TF,LL264,57.016528,125.410094,0, ,0.0,0.0,0.0,0.0,2,5700,0,0,0,0,0,0

STAR,RESK1K,08,2
IF,RESKI,56.638889,125.757778, ,0.0,0.0,2,11000,0,0,0,0,0,0
TF,RN,56.893667,124.817694,0, ,0.0,0.0,0.0,0.0,2,8000,0,0,0,0,0,0

STAR,RESK1L,26,2
IF,RESKI,56.638889,125.757778, ,0.0,0.0,2,11000,0,0,0,0,0,0
TF,U,56.923111,124.958333,0, ,0.0,0.0,0.0,0.0,2,8000,0,0,0,0,0,0

STAR,RESK1M,08,2
IF,RESKI,56.638889,125.757778, ,0.0,0.0,2,11000,0,0,0,0,0,0
TF,D134V,56.729336,125.476467,0, ,0.0,0.0,0.0,0.0,2,8000,0,0,0,0,0,0
TF,D134L,56.813914,125.210364,0, ,0.0,0.0,0.0,0.0,2,7000,0,0,0,0,0,0

STAR,RESK1N,26,2
IF,RESKI,56.638889,125.757778, ,0.0,0.0,2,11000,0,0,0,0,0,0
TF,D134V,56.729336,125.476467,0, ,0.0,0.0,0.0,0.0,2,8000,0,0,0,0,0,0
TF,D134L,56.813914,125.210364,0, ,0.0,0.0,0.0,0.0,2,6500,0,0,0,0,0,0
TF,NRG,56.912167,124.897444,0, ,0.0,0.0,0.0,0.0,2,5000,0,0,0,0,0,0

STAR,TEBL1G,08,5
IF,TEBLO,57.447500,125.051944, ,0.0,0.0,2,11000,0,0,0,0,0,0
TF,LL010,57.272275,124.869739,0, ,0.0,0.0,0.0,0.0,2,8000,0,0,0,0,0,0
TF,LL005,56.940967,124.530658,0, ,0.0,0.0,0.0,0.0,2,5000,0,0,0,0,0,0

STAR,TEBL1H,26,5
IF,TEBLO,57.447500,125.051944, ,0.0,0.0,2,11000,0,0,0,0,0,0
TF,LL270,57.256181,125.113864,0, ,0.0,0.0,0.0,0.0,2,8000,0,0,0,0,0,0
TF,LL263,57.075333,125.171797,0, ,0.0,0.0,0.0,0.0,2,5000,0,0,0,0,0,0

STAR,TEBL1K,08,2
IF,TEBLO,57.447500,125.051944, ,0.0,0.0,2,11000,0,0,0,0,0,0
TF,RN,56.893667,124.817694,0, ,0.0,0.0,0.0,0.0,2,8000,0,0,0,0,0,0

STAR,TEBL1L,26,2
IF,TEBLO,57.447500,125.051944, ,0.0,0.0,2,11000,0,0,0,0,0,0
TF,U,56.923111,124.958333,0, ,0.0,0.0,0.0,0.0,2,8000,0,0,0,0,0,0

STAR,TEBL1M,08,2
IF,TEBLO,57.447500,125.051944, ,0.0,0.0,2,11000,0,0,0,0,0,0
TF,D023V,57.270594,125.000383,0, ,0.0,0.0,0.0,0.0,2,8000,0,0,0,0,0,0
TF,NRG,56.912167,124.897444,0, ,0.0,0.0,0.0,0.0,2,6000,0,0,0,0,0,0

STAR,TEBL1N,26,2
IF,TEBLO,57.447500,125.051944, ,0.0,0.0,2,11000,0,0,0,0,0,0
TF,D023V,57.270594,125.000383,0, ,0.0,0.0,0.0,0.0,2,8000,0,0,0,0,0,0
TF,NRG,56.912167,124.897444,0, ,0.0,0.0,0.0,0.0,2,5000,0,0,0,0,0,0

APPTR,D08,08,D134L
IF,D134L,56.813914,125.210364, ,0.0,0.0,2,7000,0,0,0,0,1,0
AF,D259L,56.828094,124.570278,2,NRG,259.0,11.9,134.0,2,5100,0,0,0,0,1,0
CF,FD08,56.872500,124.742778,0,NRG,259.0,5.6,79.0,6.3,1,4500,0,0,0,0,0,0

APPTR,D08,08,D197L
IF,D197L,56.714889,124.878061, ,0.0,0.0,2,6000,0,0,0,0,1,0
AF,D259L,56.828094,124.570278,2,NRG,259.0,11.9,197.0,2,5100,0,0,0,0,1,0
CF,FD08,56.872500,124.742778,0,NRG,259.0,5.6,79.0,6.3,1,4500,0,0,0,0,0,0

APPTR,D08,08,D243S
IF,D243S,56.699036,124.454328, ,0.0,0.0,2,8000,0,0,0,0,1,0
CF,D259L,56.828094,124.570278,0,NRG,259.0,11.9,40.0,8.6,2,5100,0,0,0,0,1,0
CF,FD08,56.872500,124.742778,0,NRG,259.0,5.6,79.0,6.3,1,4500,0,0,0,0,0,0

APPTR,D08,08,D298L
IF,D298L,56.958022,124.545933, ,0.0,0.0,2,5100,0,0,0,0,1,0
AF,D259L,56.828094,124.570278,1,NRG,259.0,11.9,298.0,2,5100,0,0,0,0,1,0
CF,FD08,56.872500,124.742778,0,NRG,259.0,5.6,79.0,6.3,1,4500,0,0,0,0,0,0

APPTR,D08,08,D341L
IF,D341L,57.078239,124.701403, ,0.0,0.0,2,6000,0,0,0,0,1,0
AF,D259L,56.828094,124.570278,1,NRG,259.0,11.9,341.0,2,5100,0,0,0,0,1,0
CF,FD08,56.872500,124.742778,0,NRG,259.0,5.6,79.0,6.3,1,4500,0,0,0,0,0,0

APPTR,D08,08,NRG
IF,NRG,56.912167,124.897444, ,0.0,0.0,2,6000,0,0,0,0,1,0
FD,NRG,56.912167,124.897444,0,NRG,0.0,9.7,226.0,9.7,0,0,0,0,0,0,0,0
CF,FD08,56.872500,124.742778,2,NRG,259.0,5.6,79.0,5.0,1,4500,0,0,0,0,0,0

FINAL,D08,08,D,2
IF,FD08,56.872500,124.742778,NRG,259.0,5.6,1,4500,0,0,0,0,2,0
CF,RW08,56.908025,124.886297,0,NRG,249.8,0.4,79.0,5.2,1,2870,0,0,0,0,3,0
CA,0,79.0,2,4000,0,0,0,0,0,0
DF,NRG,56.912167,124.897444,1, ,0.0,0.0,2,6000,0,1,225,0,0,0

APPTR,D26,26,D067S
IF,D067S,57.106553,125.370886, ,0.0,0.0,2,5000,0,0,0,0,1,0
CF,CD26,56.981994,125.271853,0,NRG,85.0,13.0,217.0,8.1,2,5000,0,0,0,0,1,0

APPTR,D26,26,NRG1
IF,NRG,56.912167,124.897444, ,0.0,0.0,2,5000,0,0,0,0,1,0
FD,NRG,56.912167,124.897444,0,NRG,0.0,12.4,65.0,12.4,0,0,0,0,0,0,0,0
CF,CD26,56.981994,125.271853,2,NRG,85.0,13.0,265.0,1.0,2,5000,0,0,0,0,1,0

APPTR,D26,26,NRG2
IF,NRG,56.912167,124.897444, ,0.0,0.0,2,5000,0,0,0,0,1,0
FD,NRG,56.912167,124.897444,0,NRG,0.0,12.4,77.0,12.4,0,0,0,0,0,0,0,0
CF,CD26,56.981994,125.271853,2,NRG,85.0,13.0,265.0,1.0,2,5000,0,0,0,0,1,0

FINAL,D26,26,D,3
IF,CD26,56.981994,125.271853,NRG,85.0,13.0,2,5000,0,0,0,0,0,0
CF,FD26,56.950000,125.099444,0,NRG,85.0,7.0,265.0,6.0,1,4500,0,0,0,0,2,0
CF,RW26,56.919592,124.941486,0,NRG,86.9,1.5,265.0,5.5,1,2751,0,0,0,0,3,0
CA,0,265.0,2,4000,0,0,0,0,0,0
DF,NRG,56.912167,124.897444,1, ,0.0,0.0,2,5000,0,1,225,0,0,0

APPTR,I08-X,08,RN1
IF,RN,56.893667,124.817694, ,0.0,0.0,2,8000,0,0,0,0,1,0
FD,RN,56.893667,124.817694,0,NRG,261.1,11.4,239.0,11.4,0,0,0,1,215,0,0,0
CF,CF08,56.841694,124.574472,2,IRN,263.0,13.5,83.0,1.0,2,5700,0,0,0,0,0,0

APPTR,I08-X,08,RN2
IF,RN,56.893667,124.817694, ,0.0,0.0,2,8000,0,0,0,0,1,0
FD,RN,56.893667,124.817694,0,NRG,261.1,11.4,288.0,11.4,0,0,0,1,215,0,0,0
CF,CF08,56.841694,124.574472,1,IRN,263.0,13.5,83.0,1.0,2,5700,0,0,0,0,0,0

APPTR,I08-X,08,RN3
IF,RN,56.893667,124.817694, ,0.0,0.0,2,8000,0,0,0,0,1,0
FD,RN,56.893667,124.817694,0,NRG,261.1,11.4,252.0,11.4,0,0,0,0,0,0,0,0
CF,CF08,56.841694,124.574472,2,IRN,263.0,13.5,83.0,1.0,2,5700,0,0,0,0,0,0

APPTR,I08-X,08,RN4
IF,RN,56.893667,124.817694, ,0.0,0.0,2,8000,0,0,0,0,1,0
FD,RN,56.893667,124.817694,0,NRG,261.1,11.4,274.0,11.4,0,0,0,0,0,0,0,0
CF,CF08,56.841694,124.574472,1,IRN,263.0,13.5,83.0,1.0,2,5700,0,0,0,0,0,0

FINAL,I08-X,08,I,3
IF,CF08,56.841694,124.574472,IRN,263.0,13.5,2,5700,0,0,0,0,0,0
CF,FF08,56.877500,124.743333,0,IRN,262.9,7.5,83.0,6.0,1,4500,0,0,0,0,2,0
CF,RW08,56.908025,124.886297,0,IRN,263.0,2.5,83.0,5.1,1,2870,0,0,0,0,3,0
CA,0,83.0,2,3800,0,0,0,0,0,0
DF,RN,56.893667,124.817694,1, ,0.0,0.0,2,5800,0,1,225,0,0,0

APPTR,I08-Y,08,D134L
IF,D134L,56.813914,125.210364, ,0.0,0.0,2,7000,0,0,0,0,1,0
AF,D251L,56.804008,124.594886,2,NRG,251.0,11.9,134.0,0,0,0,0,0,0,0,1
CF,CI08Y,56.865631,124.686458,0,IRN,263.0,9.5,83.0,4.0,1,4500,0,0,0,0,0,0

APPTR,I08-Y,08,D197L
IF,D197L,56.714889,124.878061, ,0.0,0.0,2,6000,0,0,0,0,1,0
AF,D251L,56.804008,124.594886,2,NRG,251.0,11.9,197.0,0,0,0,0,0,0,0,1
CF,CI08Y,56.865631,124.686458,0,IRN,263.0,9.5,83.0,4.0,1,4500,0,0,0,0,0,0

APPTR,I08-Y,08,D243S
IF,D243S,56.699036,124.454328, ,0.0,0.0,2,8000,0,0,0,0,1,0
CF,D263L,56.840783,124.560317,0,NRG,263.0,11.9,37.0,9.2,2,5100,0,0,0,0,1,0
CF,CI08Y,56.865631,124.686458,0,IRN,263.0,9.5,83.0,4.4,1,4500,0,0,0,0,0,0

APPTR,I08-Y,08,D298L
IF,D298L,56.958022,124.545933, ,0.0,0.0,2,5100,0,0,0,0,1,0
AF,D275L,56.880694,124.540397,1,NRG,275.0,11.9,298.0,0,0,0,0,0,0,0,1
CF,CI08Y,56.865631,124.686458,0,IRN,263.0,9.5,83.0,4.0,1,4500,0,0,0,0,0,0

APPTR,I08-Y,08,D341L
IF,D341L,57.078239,124.701403, ,0.0,0.0,2,6000,0,0,0,0,1,0
AF,D275L,56.880694,124.540397,1,NRG,275.0,11.9,341.0,0,0,0,0,0,0,0,1
CF,CI08Y,56.865631,124.686458,0,IRN,263.0,9.5,83.0,4.0,1,4500,0,0,0,0,0,0

APPTR,I08-Y,08,NRG
IF,NRG,56.912167,124.897444, ,0.0,0.0,2,6000,0,0,0,0,1,0
FD,NRG,56.912167,124.897444,0,NRG,0.0,9.7,226.0,9.7,0,0,0,0,0,0,0,0
CF,CI08Y,56.865631,124.686458,2,IRN,263.0,9.5,83.0,2.0,1,4500,0,0,0,0,0,0

FINAL,I08-Y,08,I,3
IF,CI08Y,56.865631,124.686458,IRN,263.0,9.5,1,4500,0,0,0,0,0,0
CF,FF08,56.877500,124.743333,0,IRN,262.9,7.5,83.0,2.0,1,4500,0,0,0,0,2,0
CF,RW08,56.908025,124.886297,0,IRN,263.0,2.5,83.0,5.1,1,2870,0,0,0,0,3,0
CA,0,83.0,2,3800,0,0,0,0,0,0
DF,NRG,56.912167,124.897444,1, ,0.0,0.0,2,6000,0,1,225,0,0,0

APPTR,I08-Z,08,LL003
IF,LL003,56.752678,124.664128, ,0.0,0.0,2,5100,0,0,0,0,1,0
TF,LL002,56.846981,124.597458,0,IRN,0.0,0.0,0.0,0.0,2,5000,0,0,0,0,1,0

APPTR,I08-Z,08,LL004
IF,LL004,56.810581,124.427172, ,0.0,0.0,2,6000,0,0,0,0,1,0
TF,LL002,56.846981,124.597458,0,IRN,0.0,0.0,0.0,0.0,2,5000,0,0,0,0,1,0

APPTR,I08-Z,08,LL005
IF,LL005,56.940967,124.530658, ,0.0,0.0,2,5000,0,0,0,0,1,0
TF,LL002,56.846981,124.597458,0,IRN,0.0,0.0,0.0,0.0,2,5000,0,0,0,0,1,0

FINAL,I08-Z,08,I,3
IF,LL002,56.846981,124.597458,IRN,263.1,12.7,2,5000,0,0,0,0,0,0
CF,FF08,56.877500,124.743333,0,IRN,262.9,7.5,83.0,5.1,1,4500,0,0,0,0,2,0
CF,RW08,56.908025,124.886297,0,IRN,263.0,2.5,83.0,5.1,1,2870,0,0,0,0,3,0
CA,0,83.0,2,3800,0,0,0,0,0,0
DF,LL007,56.977411,124.702589,1, ,0.0,0.0,0,0,0,1,240,0,0,0
TF,LL005,56.940967,124.530658,0, ,0.0,0.0,0.0,0.0,2,5000,0,0,0,0,0,0

APPTR,J08,08,LL003
IF,LL003,56.752678,124.664128, ,0.0,0.0,2,5100,0,0,0,0,1,0
TF,LL002,56.846981,124.597458,0,G08A,0.0,0.0,0.0,0.0,2,5000,0,0,0,0,1,0

APPTR,J08,08,LL004
IF,LL004,56.810581,124.427172, ,0.0,0.0,2,6000,0,0,0,0,1,0
TF,LL002,56.846981,124.597458,0,G08A,0.0,0.0,0.0,0.0,2,5000,0,0,0,0,1,0

APPTR,J08,08,LL005
IF,LL005,56.940967,124.530658, ,0.0,0.0,2,5000,0,0,0,0,1,0
TF,LL002,56.846981,124.597458,0,G08A,0.0,0.0,0.0,0.0,2,5000,0,0,0,0,1,0

FINAL,J08,08,G,3
IF,LL002,56.846981,124.597458,G08A,0.0,0.0,2,5000,0,0,0,0,0,0
TF,LL001,56.877444,124.741092,0,G08A,0.0,0.0,83.0,5.1,1,4500,0,0,0,0,2,0
TF,RW08,56.908025,124.886297,0,G08A,0.0,0.0,83.0,5.1,1,2870,0,0,0,0,3,1
CA,0,83.0,2,3800,0,0,0,0,0,0
DF,LL007,56.977411,124.702589,1, ,0.0,0.0,0,0,0,1,240,0,0,0
TF,LL005,56.940967,124.530658,0, ,0.0,0.0,0.0,0.0,2,5000,0,0,0,0,0,0

APPTR,J26,26,LL263
IF,LL263,57.075333,125.171797, ,0.0,0.0,2,5000,0,0,0,0,1,0
TF,LL262,56.981028,125.237211,0,G26A,0.0,0.0,0.0,0.0,2,4700,0,0,0,0,1,0

APPTR,J26,26,LL264
IF,LL264,57.016528,125.410094, ,0.0,0.0,2,5700,0,0,0,0,1,0
TF,LL262,56.981028,125.237211,0,G26A,0.0,0.0,0.0,0.0,2,4700,0,0,0,0,1,0

APPTR,J26,26,LL265
IF,LL265,56.886783,125.303456, ,0.0,0.0,2,5900,0,0,0,0,1,0
TF,30NM,56.934458,125.269989,0, ,0.0,0.0,0.0,0.0,2,5800,0,0,0,0,0,0
TF,LL262,56.981028,125.237211,0,G26A,0.0,0.0,0.0,0.0,2,4700,0,0,0,0,1,0

FINAL,J26,26,G,3
IF,LL262,56.981028,125.237211,G26A,0.0,0.0,2,4700,0,0,0,0,0,0
TF,LL261,56.952225,125.098033,0,G26A,0.0,0.0,263.0,4.9,1,4500,0,0,0,0,2,0
TF,RW26,56.919592,124.941486,0,G26A,0.0,0.0,263.0,5.5,1,2751,0,0,0,0,3,1
CA,0,263.0,2,3700,0,0,0,0,0,0
DF,LL267,57.043389,125.017894,2, ,0.0,0.0,0,0,0,1,240,0,0,0
TF,LL263,57.075333,125.171797,0, ,0.0,0.0,0.0,0.0,2,5000,0,0,0,0,0,0

APPTR,Q08,08,RN1
IF,RN,56.893667,124.817694, ,0.0,0.0,2,8000,0,0,0,0,1,0
FD,RN,56.893667,124.817694,0,NRG,261.1,11.4,239.0,11.4,0,0,0,1,215,0,0,0
CF,CF08,56.841694,124.574472,2,NRG,262.4,11.5,83.0,1.0,2,5700,0,0,0,0,0,0

APPTR,Q08,08,RN2
IF,RN,56.893667,124.817694, ,0.0,0.0,2,8000,0,0,0,0,1,0
FD,RN,56.893667,124.817694,0,NRG,261.1,11.4,288.0,11.4,0,0,0,1,215,0,0,0
CF,CF08,56.841694,124.574472,1,NRG,262.4,11.5,83.0,1.0,2,5700,0,0,0,0,0,0

APPTR,Q08,08,RN3
IF,RN,56.893667,124.817694, ,0.0,0.0,2,8000,0,0,0,0,1,0
FD,RN,56.893667,124.817694,0,NRG,261.1,11.4,252.0,11.4,0,0,0,0,0,0,0,0
CF,CF08,56.841694,124.574472,2,NRG,262.4,11.5,83.0,1.0,2,5700,0,0,0,0,0,0

APPTR,Q08,08,RN4
IF,RN,56.893667,124.817694, ,0.0,0.0,2,8000,0,0,0,0,1,0
FD,RN,56.893667,124.817694,0,NRG,261.1,11.4,274.0,11.4,0,0,0,0,0,0,0,0
CF,CF08,56.841694,124.574472,1,NRG,262.4,11.5,83.0,1.0,2,5700,0,0,0,0,0,0

FINAL,Q08,08,N,4
IF,CF08,56.841694,124.574472,RN,0.0,0.0,2,5700,0,0,0,0,0,0
CF,FQ08,56.877778,124.742222,0,RN,0.0,0.0,83.0,5.9,1,4500,0,0,0,0,2,0
CF,RN,56.893667,124.817694,0,RN,0.0,0.0,83.0,2.7,1,3640,0,0,0,0,0,0
CF,MQ08,56.905297,124.873133,0,NRG,0.0,0.9,83.0,2.0,1,3018,0,0,0,0,3,0
CA,0,83.0,2,3800,0,0,0,0,0,0
DF,RN,56.893667,124.817694,1, ,0.0,0.0,2,5800,0,1,225,0,0,0

APPTR,Q26,26,U1
IF,U,56.923111,124.958333, ,0.0,0.0,2,8000,0,0,0,0,1,0
FD,U,56.923111,124.958333,0,NRG,85.8,13.0,56.0,13.0,2,4900,0,0,0,0,0,0
CF,CQ26,56.987658,125.268183,2,NRG,83.4,13.0,263.0,1.0,2,4900,0,0,0,0,0,0

APPTR,Q26,26,U2
IF,U,56.923111,124.958333, ,0.0,0.0,2,8000,0,0,0,0,1,0
FD,U,56.923111,124.958333,0,NRG,85.8,13.0,74.0,13.0,2,4900,0,0,0,0,0,0
CF,CQ26,56.987658,125.268183,2,NRG,83.4,13.0,263.0,1.0,2,4900,0,0,0,0,0,0

FINAL,Q26,26,N,3
IF,CQ26,56.987658,125.268183,U,0.0,0.0,2,4900,0,0,0,0,0,0
CF,FQ26,56.952222,125.098056,0,U,0.0,0.0,263.0,6.0,1,4500,0,0,0,0,2,0
CF,U,56.923111,124.958333,0,NRG,0.0,2.1,263.0,4.9,1,2940,0,0,0,0,3,0
CA,0,263.0,2,4000,0,0,0,0,0,0
DF,U,56.923111,124.958333,1, ,0.0,0.0,2,4900,0,1,225,0,0,0

APPTR,R08,08,LL003
IF,LL003,56.752678,124.664128, ,0.0,0.0,2,5100,0,0,0,0,1,0
TF,LL002,56.846981,124.597458,0, ,0.0,0.0,0.0,0.0,2,5000,0,0,0,0,1,0

APPTR,R08,08,LL004
IF,LL004,56.810581,124.427172, ,0.0,0.0,2,6000,0,0,0,0,1,0
TF,LL002,56.846981,124.597458,0, ,0.0,0.0,0.0,0.0,2,5000,0,0,0,0,1,0

APPTR,R08,08,LL005
IF,LL005,56.940967,124.530658, ,0.0,0.0,2,5000,0,0,0,0,1,0
TF,LL002,56.846981,124.597458,0, ,0.0,0.0,0.0,0.0,2,5000,0,0,0,0,1,0

FINAL,R08,08,R,3
IF,LL002,56.846981,124.597458, ,0.0,0.0,2,5000,0,0,0,0,0,0
TF,LL001,56.877444,124.741092,0, ,0.0,0.0,83.0,5.1,1,4500,0,0,0,0,2,0
TF,RW08,56.908025,124.886297,0, ,0.0,0.0,83.0,5.1,1,2866,0,0,0,0,3,1
CA,0,83.0,2,3800,0,0,0,0,0,0
DF,LL007,56.977411,124.702589,1, ,0.0,0.0,0,0,0,1,240,0,0,0
TF,LL005,56.940967,124.530658,0, ,0.0,0.0,0.0,0.0,2,5000,0,0,0,0,0,0

APPTR,R26,26,LL263
IF,LL263,57.075333,125.171797, ,0.0,0.0,2,5000,0,0,0,0,1,0
TF,LL262,56.981028,125.237211,0, ,0.0,0.0,0.0,0.0,2,4700,0,0,0,0,1,0

APPTR,R26,26,LL264
IF,LL264,57.016528,125.410094, ,0.0,0.0,2,5700,0,0,0,0,1,0
TF,LL262,56.981028,125.237211,0, ,0.0,0.0,0.0,0.0,2,4700,0,0,0,0,1,0

APPTR,R26,26,LL265
IF,LL265,56.886783,125.303456, ,0.0,0.0,2,5900,0,0,0,0,1,0
TF,30NM,56.934458,125.269989,0, ,0.0,0.0,0.0,0.0,2,5800,0,0,0,0,0,0
TF,LL262,56.981028,125.237211,0, ,0.0,0.0,0.0,0.0,2,4700,0,0,0,0,1,0

FINAL,R26,26,R,3
IF,LL262,56.981028,125.237211, ,0.0,0.0,2,4700,0,0,0,0,0,0
TF,LL261,56.952225,125.098033,0, ,0.0,0.0,263.0,4.9,1,4500,0,0,0,0,2,0
TF,RW26,56.919592,124.941486,0, ,0.0,0.0,263.0,5.5,1,2751,0,0,0,0,3,1
CA,0,263.0,2,3700,0,0,0,0,0,0
DF,LL267,57.043389,125.017894,2, ,0.0,0.0,0,0,0,1,240,0,0,0
TF,LL263,57.075333,125.171797,0, ,0.0,0.0,0.0,0.0,2,5000,0,0,0,0,0,0

