APPTR,N08-Y,08,V1
IF,V,70.618389,147.849139, ,0.0,0.0,2,4000,0,0,0,0,1,0
FC,V,70.618389,147.849139,0,BTG,0.0,0.0,293.0,7.0,0,0,0,0,0,0,0,1
CF,FF08,70.590950,147.645775,1,BTG,69.5,329.0,83.0,3.0,2,1800,0,0,0,0,0,0

APPTR,N08-Y,08,V2
IF,V,70.618389,147.849139, ,0.0,0.0,2,4000,0,0,0,0,1,0
FC,V,70.618389,147.849139,0,BTG,0.0,0.0,275.0,7.0,0,0,0,0,0,0,0,1
CF,FF08,70.590950,147.645775,1,BTG,69.5,329.0,83.0,3.0,2,1800,0,0,0,0,0,0

FINAL,N08-Y,08,N,2
IF,FF08,70.590950,147.645775,V,0.0,0.0,2,1800,0,0,0,0,2,0
CF,V,70.618389,147.849139,0,V,0.0,0.0,83.0,4.4,1,399,0,0,0,0,3,0
CA,0,83.0,2,1000,0,0,0,0,0,0
DF,V,70.618389,147.849139,2, ,0.0,0.0,2,1800,0,0,0,0,0,0

APPTR,N26-Y,26,L1
IF,L,70.631972,147.950000, ,0.0,0.0,2,4000,0,0,0,0,1,0
FC,L,70.631972,147.950000,0,BTG,0.0,0.0,53.0,7.0,0,0,0,0,0,0,0,1
CF,FF26,70.659656,148.155786,2,BTG,69.7,340.0,263.0,3.0,2,1800,0,0,0,0,0,0

APPTR,N26-Y,26,L2
IF,L,70.631972,147.950000, ,0.0,0.0,2,4000,0,0,0,0,1,0
FC,L,70.631972,147.950000,0,BTG,0.0,0.0,71.0,7.0,0,0,0,0,0,0,0,1
CF,FF26,70.659656,148.155786,2,BTG,69.7,340.0,263.0,3.0,2,1800,0,0,0,0,0,0

FINAL,N26-Y,26,N,3
IF,FF26,70.659656,148.155786,L,0.0,0.0,2,1800,0,0,0,0,2,0
CF,LT,70.646889,148.060250,0,L,0.0,0.0,263.0,2.1,2,980,0,0,0,0,0,0
CF,L,70.631972,147.950000,0,L,0.0,0.0,263.0,2.4,1,387,0,0,0,0,3,0
CA,0,263.0,2,1000,0,0,0,0,0,0
DF,L,70.631972,147.950000,1, ,0.0,0.0,2,1800,0,0,0,0,0,0

APPTR,Q08-Z,08,V1
IF,V,70.618389,147.849139, ,0.0,0.0,2,4000,0,0,0,0,1,0
FC,V,70.618389,147.849139,0,BTG,0.0,0.0,293.0,7.0,0,0,0,0,0,0,0,1
CF,FF08,70.590950,147.645775,1,BTG,69.5,329.0,83.0,3.0,2,1800,0,0,0,0,0,0

APPTR,Q08-Z,08,V2
IF,V,70.618389,147.849139, ,0.0,0.0,2,4000,0,0,0,0,1,0
FC,V,70.618389,147.849139,0,BTG,0.0,0.0,275.0,7.0,0,0,0,0,0,0,0,1
CF,FF08,70.590950,147.645775,1,BTG,69.5,329.0,83.0,3.0,2,1800,0,0,0,0,0,0

FINAL,Q08-Z,08,N,2
IF,FF08,70.590950,147.645775,V,0.0,0.0,2,1800,0,0,0,0,2,0
CF,V,70.618389,147.849139,0,KD,0.0,1.2,83.0,4.4,1,399,0,0,0,0,3,0
CA,0,83.0,2,1000,0,0,0,0,0,0
DF,V,70.618389,147.849139,2, ,0.0,0.0,2,1800,0,0,0,0,0,0

APPTR,Q26-Z,26,LT1
IF,LT,70.646889,148.060250, ,0.0,0.0,2,4000,0,1,220,0,1,0
FC,LT,70.646889,148.060250,0,BTG,0.0,0.0,57.0,7.3,0,0,0,0,0,0,0,1
CF,FF26,70.659656,148.155786,2,BTG,69.7,340.0,263.0,5.0,2,1800,0,0,0,0,0,0

APPTR,Q26-Z,26,LT2
IF,LT,70.646889,148.060250, ,0.0,0.0,2,4000,0,0,0,0,1,0
FC,LT,70.646889,148.060250,0,BTG,0.0,0.0,71.0,7.0,0,0,0,0,0,0,0,1
CF,FF26,70.659656,148.155786,2,BTG,69.7,340.0,263.0,5.0,2,1800,0,0,0,0,0,0

FINAL,Q26-Z,26,N,2
IF,FF26,70.659656,148.155786,LT,0.0,0.0,2,1800,0,0,0,0,2,0
CF,MQ26,70.632156,147.950628,0,KD,0.0,1.0,263.0,4.4,1,392,0,0,0,0,3,0
CA,0,263.0,2,1000,0,0,0,0,0,0
DF,LT,70.646889,148.060250,1, ,0.0,0.0,2,1800,0,0,0,0,0,0

