SID,ADUS1B,02,5
DF,DER02,64.387389,-173.235003,0, ,0.0,0.0,0,0,0,0,0,0,0,1
CA,0,21.0,2,2980,0,1,145,0,0,0
DF,ADUSA,64.633056,-174.446667,1, ,0.0,0.0,2,9000,0,0,0,0,0,0

SID,ADUS1C,20,5
DF,DER20,64.370700,-173.250233,0, ,0.0,0.0,0,0,0,0,0,0,0,1
CA,0,188.0,2,2700,0,1,145,0,0,0
DF,ADUSA,64.633056,-174.446667,2, ,0.0,0.0,2,9000,0,0,0,0,0,0

SID,ADUS1D,02,2
DF,DER02,64.387389,-173.235003,0, ,0.0,0.0,0,0,0,0,0,0,0,1
CA,0,21.0,2,2980,0,1,145,0,0,0
DF,BC,64.377000,-173.241944,2, ,0.0,0.0,2,4780,0,0,0,0,0,1
TF,ADUSA,64.633056,-174.446667,0, ,0.0,0.0,0.0,0.0,2,9000,0,0,0,0,0,0

SID,ADUS1E,20,2
DF,DER20,64.370700,-173.250233,0, ,0.0,0.0,0,0,0,0,0,0,0,1
CA,0,188.0,2,2700,0,1,145,0,0,0
DF,BC,64.377000,-173.241944,1, ,0.0,0.0,2,4340,0,0,0,0,0,1
TF,ADUSA,64.633056,-174.446667,0, ,0.0,0.0,0.0,0.0,2,9000,0,0,0,0,0,0

SID,AKET1B,02,5
DF,DER02,64.387389,-173.235003,0, ,0.0,0.0,0,0,0,0,0,0,0,1
CA,0,21.0,2,2980,0,1,145,0,0,0
DF,AKETA,64.377500,-173.846667,1, ,0.0,0.0,2,10000,0,0,0,0,0,0

SID,AKET1C,20,5
DF,DER20,64.370700,-173.250233,0, ,0.0,0.0,0,0,0,0,0,0,0,1
CA,0,188.0,2,2700,0,1,145,0,0,0
DF,AKETA,64.377500,-173.846667,2, ,0.0,0.0,2,10000,0,0,0,0,0,0

SID,AKET1D,02,2
DF,DER02,64.387389,-173.235003,0, ,0.0,0.0,0,0,0,0,0,0,0,1
CA,0,21.0,2,2980,0,1,145,0,0,0
DF,BC,64.377000,-173.241944,2, ,0.0,0.0,2,4780,0,0,0,0,0,1
TF,AKETA,64.377500,-173.846667,0, ,0.0,0.0,0.0,0.0,2,10000,0,0,0,0,0,0

SID,AKET1E,20,2
DF,DER20,64.370700,-173.250233,0, ,0.0,0.0,0,0,0,0,0,0,0,1
CA,0,188.0,2,2700,0,1,145,0,0,0
DF,BC,64.377000,-173.241944,1, ,0.0,0.0,2,4340,0,0,0,0,0,1
TF,AKETA,64.377500,-173.846667,0, ,0.0,0.0,0.0,0.0,2,10000,0,0,0,0,0,0

SID,BAME1B,02,5
DF,DER02,64.387389,-173.235003,0, ,0.0,0.0,0,0,0,0,0,0,0,1
CA,0,21.0,2,2980,0,1,145,0,0,0
DF,BAMER,64.375278,-172.689722,2, ,0.0,0.0,2,9000,0,0,0,0,0,0

SID,BAME1C,20,5
DF,DER20,64.370700,-173.250233,0, ,0.0,0.0,0,0,0,0,0,0,0,1
CA,0,188.0,2,2700,0,1,145,0,0,0
DF,BAMER,64.375278,-172.689722,1, ,0.0,0.0,2,9000,0,0,0,0,0,0

SID,BAME1D,02,2
DF,DER02,64.387389,-173.235003,0, ,0.0,0.0,0,0,0,0,0,0,0,1
CA,0,21.0,2,2980,0,1,145,0,0,0
DF,BC,64.377000,-173.241944,1, ,0.0,0.0,2,4780,0,0,0,0,0,1
TF,BAMER,64.375278,-172.689722,0, ,0.0,0.0,0.0,0.0,2,9000,0,0,0,0,0,0

SID,BAME1E,20,2
DF,DER20,64.370700,-173.250233,0, ,0.0,0.0,0,0,0,0,0,0,0,1
CA,0,188.0,2,2700,0,1,145,0,0,0
DF,BC,64.377000,-173.241944,2, ,0.0,0.0,2,4340,0,0,0,0,0,1
TF,BAMER,64.375278,-172.689722,0, ,0.0,0.0,0.0,0.0,2,9000,0,0,0,0,0,0

SID,DEGI1B,02,5
DF,DER02,64.387389,-173.235003,0, ,0.0,0.0,0,0,0,0,0,0,0,1
CA,0,21.0,2,2980,0,0,0,0,0,0
DF,DEGIR,64.783056,-172.530000,0, ,0.0,0.0,2,9000,0,0,0,0,0,0

SID,DEGI1C,20,5
DF,DER20,64.370700,-173.250233,0, ,0.0,0.0,0,0,0,0,0,0,0,1
CA,0,188.0,2,2700,0,1,145,0,0,0
DF,DEGIR,64.783056,-172.530000,1, ,0.0,0.0,2,9000,0,0,0,0,0,0

SID,DEGI1D,02,2
DF,DER02,64.387389,-173.235003,0, ,0.0,0.0,0,0,0,0,0,0,0,1
CA,0,21.0,2,2980,0,0,0,0,0,0
CF,DEGIR,64.783056,-172.530000,0,PWK,123.6,492.8,32.0,24.0,2,9000,0,0,0,0,0,0

SID,DEGI1E,20,2
DF,DER20,64.370700,-173.250233,0, ,0.0,0.0,0,0,0,0,0,0,0,1
CA,0,188.0,2,2700,0,1,145,0,0,0
DF,BC,64.377000,-173.241944,2, ,0.0,0.0,2,4340,0,0,0,0,0,0
TF,DEGIR,64.783056,-172.530000,0, ,0.0,0.0,0.0,0.0,2,9000,0,0,0,0,0,0

SID,DILE1B,02,5
DF,DER02,64.387389,-173.235003,0, ,0.0,0.0,0,0,0,0,0,0,0,1
CA,0,21.0,2,2980,0,1,145,0,0,0
DF,DILEP,64.220833,-172.930000,2, ,0.0,0.0,2,9000,0,0,0,0,0,0

SID,DILE1C,20,5
DF,DER20,64.370700,-173.250233,0, ,0.0,0.0,0,0,0,0,0,0,0,1
CA,0,188.0,2,2700,0,1,145,0,0,0
DF,DILEP,64.220833,-172.930000,1, ,0.0,0.0,2,9000,0,0,0,0,0,0

SID,DILE1D,02,2
DF,DER02,64.387389,-173.235003,0, ,0.0,0.0,0,0,0,0,0,0,0,1
CA,0,21.0,2,2980,0,1,145,0,0,0
DF,BC,64.377000,-173.241944,1, ,0.0,0.0,2,4780,0,0,0,0,0,1
TF,DILEP,64.220833,-172.930000,0, ,0.0,0.0,0.0,0.0,2,9000,0,0,0,0,0,0

SID,DILE1E,20,2
DF,DER20,64.370700,-173.250233,0, ,0.0,0.0,0,0,0,0,0,0,0,1
CA,0,188.0,2,2700,0,1,145,0,0,0
CI,1, ,0.0,69.0,0,0,0,0,0,0,0,0
CF,DILEP,64.220833,-172.930000,0,PWK,127.1,508.2,134.0,5.0,2,9000,0,0,0,0,0,0

SID,SORI1B,02,5
DF,DER02,64.387389,-173.235003,0, ,0.0,0.0,0,0,0,0,0,0,0,1
CA,0,21.0,2,2980,0,1,145,0,0,0
DF,SORIS,64.442222,-172.584444,0, ,0.0,0.0,2,9000,0,0,0,0,0,0

SID,SORI1C,20,5
DF,DER20,64.370700,-173.250233,0, ,0.0,0.0,0,0,0,0,0,0,0,1
CA,0,188.0,2,2700,0,1,145,0,0,0
DF,SORIS,64.442222,-172.584444,1, ,0.0,0.0,2,9000,0,0,0,0,0,0

SID,SORI1D,02,2
DF,DER02,64.387389,-173.235003,0, ,0.0,0.0,0,0,0,0,0,0,0,1
CA,0,21.0,2,2980,0,1,145,0,0,0
DF,BC,64.377000,-173.241944,1, ,0.0,0.0,2,4780,0,0,0,0,0,1
TF,SORIS,64.442222,-172.584444,1, ,0.0,0.0,0.0,0.0,2,9000,0,0,0,0,0,0

SID,SORI1E,20,2
DF,DER20,64.370700,-173.250233,0, ,0.0,0.0,0,0,0,0,0,0,0,1
CA,0,188.0,2,2700,0,1,145,0,0,0
DF,BC,64.377000,-173.241944,2, ,0.0,0.0,2,4340,0,0,0,0,0,1
TF,SORIS,64.442222,-172.584444,0, ,0.0,0.0,0.0,0.0,2,9000,0,0,0,0,0,0

STAR,ADUS1A,ALL,2
IF,ADUSA,64.633056,-174.446667, ,0.0,0.0,2,9000,0,0,0,0,0,0

STAR,ADUS1A,02,3
IF,ADUSA,64.633056,-174.446667, ,0.0,0.0,2,9000,0,0,0,0,0,0
TF,BC,64.377000,-173.241944,0, ,0.0,0.0,0.0,0.0,4,6920,5280,0,0,0,0,0

STAR,ADUS1A,20,3
IF,ADUSA,64.633056,-174.446667, ,0.0,0.0,2,9000,0,0,0,0,0,0
TF,BC,64.377000,-173.241944,0, ,0.0,0.0,0.0,0.0,4,6960,5320,0,0,0,0,0

STAR,ADUS1F,02,5
IF,ADUSA,64.633056,-174.446667, ,0.0,0.0,2,9000,0,0,0,0,0,0
TF,MD007,64.360753,-173.487522,0, ,0.0,0.0,0.0,0.0,2,4780,0,0,0,0,0,0

STAR,ADUS1G,20,5
IF,ADUSA,64.633056,-174.446667, ,0.0,0.0,2,9000,0,0,0,0,0,0
TF,MD015,64.644692,-173.249836,0, ,0.0,0.0,0.0,0.0,2,5320,0,0,0,0,0,0

STAR,AKET1A,ALL,2
IF,AKETA,64.377500,-173.846667, ,0.0,0.0,2,10000,0,0,0,0,0,0

STAR,AKET1A,02,3
IF,AKETA,64.377500,-173.846667, ,0.0,0.0,2,10000,0,0,0,0,0,0
TF,BC,64.377000,-173.241944,0, ,0.0,0.0,0.0,0.0,4,6920,5280,0,0,0,0,0

STAR,AKET1A,20,3
IF,AKETA,64.377500,-173.846667, ,0.0,0.0,2,10000,0,0,0,0,0,0
TF,BC,64.377000,-173.241944,0, ,0.0,0.0,0.0,0.0,4,6960,5320,0,0,0,0,0

STAR,AKET1F,02,5
IF,AKETA,64.377500,-173.846667, ,0.0,0.0,2,10000,0,0,0,0,0,0
TF,MD007,64.360753,-173.487522,0, ,0.0,0.0,0.0,0.0,2,4780,0,0,0,0,0,0

STAR,AKET1G,20,5
IF,AKETA,64.377500,-173.846667, ,0.0,0.0,2,10000,0,0,0,0,0,0
TF,MD015,64.644692,-173.249836,0, ,0.0,0.0,0.0,0.0,2,5320,0,0,0,0,0,0

STAR,BAME1A,ALL,2
IF,BAMER,64.375278,-172.689722, ,0.0,0.0,2,9000,0,0,0,0,0,0

STAR,BAME1A,02,3
IF,BAMER,64.375278,-172.689722, ,0.0,0.0,2,9000,0,0,0,0,0,0
TF,BC,64.377000,-173.241944,0, ,0.0,0.0,0.0,0.0,4,6920,5280,0,0,0,0,0

STAR,BAME1A,20,3
IF,BAMER,64.375278,-172.689722, ,0.0,0.0,2,9000,0,0,0,0,0,0
TF,BC,64.377000,-173.241944,0, ,0.0,0.0,0.0,0.0,4,6960,5320,0,0,0,0,0

STAR,BAME1F,02,5
IF,BAMER,64.375278,-172.689722, ,0.0,0.0,2,9000,0,0,0,0,0,0
TF,MD008,64.257894,-173.146358,0, ,0.0,0.0,0.0,0.0,2,4780,0,0,0,0,0,0

STAR,BAME1G,20,5
IF,BAMER,64.375278,-172.689722, ,0.0,0.0,2,9000,0,0,0,0,0,0
TF,MD013,64.576547,-172.851881,0, ,0.0,0.0,0.0,0.0,2,4670,0,0,0,0,0,0

STAR,DEGI1A,ALL,2
IF,DEGIR,64.783056,-172.530000, ,0.0,0.0,2,9000,0,0,0,0,0,0

STAR,DEGI1A,02,3
IF,DEGIR,64.783056,-172.530000, ,0.0,0.0,2,9000,0,0,0,0,0,0
TF,BC,64.377000,-173.241944,0, ,0.0,0.0,0.0,0.0,4,6920,5280,0,0,0,0,0

STAR,DEGI1A,20,3
IF,DEGIR,64.783056,-172.530000, ,0.0,0.0,2,9000,0,0,0,0,0,0
TF,BC,64.377000,-173.241944,0, ,0.0,0.0,0.0,0.0,4,6960,5320,0,0,0,0,0

STAR,DEGI1F,02,5
IF,DEGIR,64.783056,-172.530000, ,0.0,0.0,2,9000,0,0,0,0,0,0
TF,MD020,64.459342,-172.961044,0, ,0.0,0.0,0.0,0.0,0,0,0,0,0,0,0,0
TF,MD008,64.257894,-173.146358,0, ,0.0,0.0,0.0,0.0,2,4780,0,0,0,0,0,0

STAR,DEGI1G,20,5
IF,DEGIR,64.783056,-172.530000, ,0.0,0.0,2,9000,0,0,0,0,0,0
TF,MD019,64.692983,-172.741997,0, ,0.0,0.0,0.0,0.0,0,0,0,0,0,0,0,0
TF,MD013,64.576547,-172.851881,0, ,0.0,0.0,0.0,0.0,2,4670,0,0,0,0,0,0

STAR,DILE1A,ALL,2
IF,DILEP,64.220833,-172.930000, ,0.0,0.0,2,9000,0,0,0,0,0,0

STAR,DILE1A,02,3
IF,DILEP,64.220833,-172.930000, ,0.0,0.0,2,9000,0,0,0,0,0,0
TF,BC,64.377000,-173.241944,0, ,0.0,0.0,0.0,0.0,4,6920,5280,0,0,0,0,0

STAR,DILE1A,20,3
IF,DILEP,64.220833,-172.930000, ,0.0,0.0,2,9000,0,0,0,0,0,0
TF,BC,64.377000,-173.241944,0, ,0.0,0.0,0.0,0.0,4,6960,5320,0,0,0,0,0

STAR,DILE1F,02,5
IF,DILEP,64.220833,-172.930000, ,0.0,0.0,2,9000,0,0,0,0,0,0
TF,MD008,64.257894,-173.146358,0, ,0.0,0.0,0.0,0.0,2,4780,0,0,0,0,0,0

STAR,DILE1G,20,5
IF,DILEP,64.220833,-172.930000, ,0.0,0.0,2,9000,0,0,0,0,0,0
TF,MD013,64.576547,-172.851881,0, ,0.0,0.0,0.0,0.0,2,4670,0,0,0,0,0,0

STAR,SORI1A,ALL,2
IF,SORIS,64.442222,-172.584444, ,0.0,0.0,2,9000,0,0,0,0,0,0

STAR,SORI1A,02,3
IF,SORIS,64.442222,-172.584444, ,0.0,0.0,2,9000,0,0,0,0,0,0
TF,BC,64.377000,-173.241944,0, ,0.0,0.0,0.0,0.0,4,6920,5280,0,0,0,0,0

STAR,SORI1A,20,3
IF,SORIS,64.442222,-172.584444, ,0.0,0.0,2,9000,0,0,0,0,0,0
TF,BC,64.377000,-173.241944,0, ,0.0,0.0,0.0,0.0,4,6960,5320,0,0,0,0,0

STAR,SORI1F,02,5
IF,SORIS,64.442222,-172.584444, ,0.0,0.0,2,9000,0,0,0,0,0,0
TF,MD008,64.257894,-173.146358,0, ,0.0,0.0,0.0,0.0,2,4780,0,0,0,0,0,0

STAR,SORI1G,20,5
IF,SORIS,64.442222,-172.584444, ,0.0,0.0,2,9000,0,0,0,0,0,0
TF,MD013,64.576547,-172.851881,0, ,0.0,0.0,0.0,0.0,2,4670,0,0,0,0,0,0

APPTR,J02,02,MD007
IF,MD007,64.360753,-173.487522, ,0.0,0.0,2,4780,0,0,0,0,1,0
TF,MD006,64.283378,-173.557089,0, ,0.0,0.0,0.0,0.0,2,3960,0,0,0,0,0,0
TF,MD005,64.229533,-173.502233,0, ,0.0,0.0,0.0,0.0,2,2820,0,1,125,0,0,0
TF,MD003,64.211219,-173.394789,0,G02A,0.0,0.0,0.0,0.0,2,2820,0,1,125,0,1,0

APPTR,J02,02,MD008
IF,MD008,64.257894,-173.146358, ,0.0,0.0,2,4780,0,0,0,0,1,0
TF,MD004,64.180628,-173.216669,0, ,0.0,0.0,0.0,0.0,2,4130,0,0,0,0,0,0
TF,MD003,64.211219,-173.394789,0,G02A,0.0,0.0,0.0,0.0,2,2820,0,1,125,0,1,0

FINAL,J02,02,G,3
IF,MD003,64.211219,-173.394789,G02A,0.0,0.0,2,2820,0,1,125,0,0,0
TF,MD002,64.256314,-173.354094,0,G02A,0.0,0.0,17.0,2.9,1,2820,0,0,0,0,2,0
TF,RW02,64.370700,-173.250233,0,G02A,0.0,0.0,17.0,7.4,1,72,0,0,0,0,3,1
TF,MD009,64.415533,-173.209275,0, ,0.0,0.0,0.0,0.0,0,0,0,1,130,0,0,0
TF,MD010,64.433981,-173.317397,0, ,0.0,0.0,0.0,0.0,0,0,0,1,130,0,0,0
TF,MD007,64.360753,-173.487522,0, ,0.0,0.0,0.0,0.0,2,4780,0,0,0,0,0,0

FINAL,N02-A,02,N,2
IF,FN02A,64.261436,-173.349286,BC,0.0,0.0,2,4290,0,0,0,0,2,0
CF,RW02,64.370700,-173.250233,0,BC,0.0,0.0,17.0,7.1,1,72,0,0,0,0,3,0
CF,BC,64.377000,-173.241944,0,BC,0.0,0.0,17.0,0.4,0,0,0,0,0,0,0,1
CA,0,17.0,2,3640,0,1,130,0,0,0
DF,BC,64.377000,-173.241944,1, ,0.0,0.0,2,4620,0,0,0,0,0,0

FINAL,N02-B,02,N,2
IF,FN02B,64.256469,-173.353878,BC,0.0,0.0,2,2820,0,0,0,0,2,0
CF,RW02,64.370700,-173.250233,0,BC,0.0,0.0,17.0,7.4,1,72,0,0,0,0,3,0
CF,BC,64.377000,-173.241944,0,BC,0.0,0.0,17.0,0.4,0,0,0,0,0,0,0,1
CA,0,17.0,2,3640,0,1,130,0,0,0
DF,BC,64.377000,-173.241944,1, ,0.0,0.0,2,4620,0,0,0,0,0,0

APPTR,R02-A,02,MD007
IF,MD007,64.360753,-173.487522, ,0.0,0.0,2,4780,0,0,0,0,1,0
TF,MD006,64.283378,-173.557089,0, ,0.0,0.0,0.0,0.0,2,3960,0,0,0,0,0,0
TF,MD005,64.229533,-173.502233,0, ,0.0,0.0,0.0,0.0,2,2820,0,1,125,0,0,0
TF,MD003,64.211219,-173.394789,0, ,0.0,0.0,0.0,0.0,2,2820,0,1,125,0,1,0

APPTR,R02-A,02,MD008
IF,MD008,64.257894,-173.146358, ,0.0,0.0,2,4780,0,0,0,0,1,0
TF,MD004,64.180628,-173.216669,0, ,0.0,0.0,0.0,0.0,2,4130,0,0,0,0,0,0
TF,MD003,64.211219,-173.394789,0, ,0.0,0.0,0.0,0.0,2,2820,0,1,125,0,1,0

FINAL,R02-A,02,R,3
IF,MD003,64.211219,-173.394789, ,0.0,0.0,2,2820,0,1,125,0,0,0
TF,MD002,64.256314,-173.354094,0, ,0.0,0.0,17.0,2.9,2,2820,0,0,0,0,2,0
TF,MD001,64.339822,-173.278361,0, ,0.0,0.0,17.0,5.4,1,815,0,0,0,0,3,1
TF,MD009,64.415533,-173.209275,0, ,0.0,0.0,0.0,0.0,0,0,0,1,130,0,0,0
TF,MD010,64.433981,-173.317397,0, ,0.0,0.0,0.0,0.0,0,0,0,1,130,0,0,0
TF,MD007,64.360753,-173.487522,0, ,0.0,0.0,0.0,0.0,2,4780,0,0,0,0,0,0

