SID,DOKI1A,11,2
DF,ME,53.150722,140.724694,0, ,0.0,0.0,0,0,0,0,0,0,0,1
CA,0,108.0,2,2120,0,0,0,0,0,0
CI,1, ,0.0,335.0,0,0,0,0,0,0,0,0
CF,DOKIR,53.763056,140.872500,0,NA,23.1,37.3,21.0,30.0,2,9000,0,0,0,0,0,0

SID,DOKI1B,11,2
DF,NA,53.152333,140.688139,0, ,0.0,0.0,0,0,0,0,0,0,0,1
CA,0,108.0,2,2120,0,0,0,0,0,0
CI,1, ,0.0,323.0,0,0,0,0,0,0,0,0
CF,DOKIR,53.763056,140.872500,0,NA,23.1,37.3,23.0,32.0,2,9000,0,0,0,0,0,0

SID,DOKI1C,29,2
CA,0,288.0,2,1820,0,0,0,0,0,0
DF,ME,53.150722,140.724694,1, ,0.0,0.0,0,0,0,0,0,0,0,0
TF,DOKIR,53.763056,140.872500,0, ,0.0,0.0,0.0,0.0,2,9000,0,0,0,0,0,0

SID,DOKI1D,29,2
CA,0,288.0,2,1820,0,0,0,0,0,0
DF,NA,53.152333,140.688139,1, ,0.0,0.0,0,0,0,0,0,0,0,0
TF,DOKIR,53.763056,140.872500,0, ,0.0,0.0,0.0,0.0,2,9000,0,0,0,0,0,0

SID,DOKI1E,11,5
CA,0,108.0,2,2120,0,0,0,0,0,0
DF,DOKIR,53.763056,140.872500,1, ,0.0,0.0,2,9000,0,0,0,0,0,0

SID,DOKI1F,29,5
CA,0,288.0,2,1820,0,0,0,0,0,0
DF,DOKIR,53.763056,140.872500,2, ,0.0,0.0,2,9000,0,0,0,0,0,0

SID,GIGO1A,11,2
DF,ME,53.150722,140.724694,0, ,0.0,0.0,0,0,0,0,0,0,0,1
CA,0,108.0,2,2120,0,0,0,0,0,0
CI,0, ,0.0,75.0,0,0,0,0,0,0,0,0
CF,GIGOR,53.343056,141.801667,0,NA,86.6,41.7,86.0,31.0,2,9000,0,0,0,0,0,0

SID,GIGO1B,11,2
DF,NA,53.152333,140.688139,0, ,0.0,0.0,0,0,0,0,0,0,0,1
CA,0,108.0,2,2120,0,0,0,0,0,0
CI,0, ,0.0,71.0,0,0,0,0,0,0,0,0
CF,GIGOR,53.343056,141.801667,0,NA,86.6,41.7,87.0,33.0,2,9000,0,0,0,0,0,0

SID,GIGO1C,29,2
CA,0,288.0,2,1820,0,0,0,0,0,0
DF,ME,53.150722,140.724694,1, ,0.0,0.0,0,0,0,0,0,0,0,0
TF,GIGOR,53.343056,141.801667,0, ,0.0,0.0,0.0,0.0,2,9000,0,0,0,0,0,0

SID,GIGO1D,29,2
CA,0,288.0,2,1820,0,0,0,0,0,0
DF,NA,53.152333,140.688139,1, ,0.0,0.0,0,0,0,0,0,0,0,0
TF,GIGOR,53.343056,141.801667,0, ,0.0,0.0,0.0,0.0,2,9000,0,0,0,0,0,0

SID,GIGO1E,11,5
CA,0,108.0,2,2120,0,0,0,0,0,0
DF,GIGOR,53.343056,141.801667,0, ,0.0,0.0,2,9000,0,0,0,0,0,0

SID,GIGO1F,29,5
CA,0,288.0,2,1820,0,0,0,0,0,0
DF,GIGOR,53.343056,141.801667,2, ,0.0,0.0,2,9000,0,0,0,0,0,0

SID,KIZO1A,11,2
DF,ME,53.150722,140.724694,0, ,0.0,0.0,0,0,0,0,0,0,0,1
CA,0,108.0,2,2120,0,0,0,0,0,0
CI,1, ,0.0,7.0,0,0,0,0,0,0,0,0
CF,KIZON,53.670833,141.227222,0,NA,44.6,36.7,43.0,27.0,2,9000,0,0,0,0,0,0

SID,KIZO1B,11,2
DF,NA,53.152333,140.688139,0, ,0.0,0.0,0,0,0,0,0,0,0,1
CA,0,108.0,2,2120,0,0,0,0,0,0
CI,1, ,0.0,358.0,0,0,0,0,0,0,0,0
CF,KIZON,53.670833,141.227222,0,NA,44.6,36.7,45.0,29.0,2,9000,0,0,0,0,0,0

SID,KIZO1C,29,2
CA,0,288.0,2,1820,0,0,0,0,0,0
DF,ME,53.150722,140.724694,1, ,0.0,0.0,0,0,0,0,0,0,0,0
TF,KIZON,53.670833,141.227222,0, ,0.0,0.0,0.0,0.0,2,9000,0,0,0,0,0,0

SID,KIZO1D,29,2
CA,0,288.0,2,1820,0,0,0,0,0,0
DF,NA,53.152333,140.688139,1, ,0.0,0.0,0,0,0,0,0,0,0,0
TF,KIZON,53.670833,141.227222,0, ,0.0,0.0,0.0,0.0,2,9000,0,0,0,0,0,0

SID,KIZO1E,11,5
CA,0,108.0,2,2120,0,0,0,0,0,0
DF,KIZON,53.670833,141.227222,0, ,0.0,0.0,2,9000,0,0,0,0,0,0

SID,KIZO1F,29,5
CA,0,288.0,2,1820,0,0,0,0,0,0
DF,KIZON,53.670833,141.227222,2, ,0.0,0.0,2,9000,0,0,0,0,0,0

SID,LEKB1A,11,2
DF,ME,53.150722,140.724694,0, ,0.0,0.0,0,0,0,0,0,0,0,1
CA,0,108.0,2,2120,0,0,0,0,0,0
CI,2, ,0.0,290.0,0,0,0,0,0,0,0,0
CF,LEKBI,52.631944,140.048056,0,NA,229.9,39.0,232.0,36.0,2,10000,0,0,0,0,0,0

SID,LEKB1B,11,2
DF,NA,53.152333,140.688139,0, ,0.0,0.0,0,0,0,0,0,0,0,1
CA,0,108.0,2,2120,0,0,0,0,0,0
CI,2, ,0.0,302.0,0,0,0,0,0,0,0,0
CF,LEKBI,52.631944,140.048056,0,NA,229.9,39.0,230.0,37.0,2,10000,0,0,0,0,0,0

SID,LEKB1C,29,2
CA,0,288.0,2,1820,0,0,0,0,0,0
CI,1, ,0.0,155.0,0,0,0,0,0,0,0,0
CF,LEKBI,52.631944,140.048056,0,NA,229.9,39.0,232.0,33.0,2,10000,0,0,0,0,0,0

SID,LEKB1D,29,2
CA,0,288.0,2,1820,0,0,0,0,0,0
CI,1, ,0.0,167.0,0,0,0,0,0,0,0,0
CF,LEKBI,52.631944,140.048056,0,NA,229.9,39.0,230.0,32.0,2,10000,0,0,0,0,0,0

SID,LEKB1E,11,5
CA,0,108.0,2,2120,0,0,0,0,0,0
DF,LEKBI,52.631944,140.048056,2, ,0.0,0.0,2,10000,0,0,0,0,0,0

SID,LEKB1F,29,5
CA,0,288.0,2,1820,0,0,0,0,0,0
DF,LEKBI,52.631944,140.048056,0, ,0.0,0.0,2,10000,0,0,0,0,0,0

SID,LIRS1A,11,2
DF,ME,53.150722,140.724694,0, ,0.0,0.0,0,0,0,0,0,0,0,1
CA,0,108.0,2,2120,0,0,0,0,0,0
CI,2, ,0.0,258.0,0,0,0,0,0,0,0,0
CF,LIRSA,52.687778,140.541667,0,NA,203.9,28.4,207.0,23.0,2,10000,0,0,0,0,0,0

SID,LIRS1B,11,2
DF,NA,53.152333,140.688139,0, ,0.0,0.0,0,0,0,0,0,0,0,1
CA,0,108.0,2,2120,0,0,0,0,0,0
CI,2, ,0.0,270.0,0,0,0,0,0,0,0,0
CF,LIRSA,52.687778,140.541667,0,NA,203.9,28.4,204.0,24.0,2,10000,0,0,0,0,0,0

SID,LIRS1C,29,2
CA,0,288.0,2,1820,0,0,0,0,0,0
DF,ME,53.150722,140.724694,2, ,0.0,0.0,0,0,0,0,0,0,0,0
TF,LIRSA,52.687778,140.541667,0, ,0.0,0.0,0.0,0.0,2,10000,0,0,0,0,0,0

SID,LIRS1D,29,2
CA,0,288.0,2,1820,0,0,0,0,0,0
DF,NA,53.152333,140.688139,2, ,0.0,0.0,0,0,0,0,0,0,0,0
TF,LIRSA,52.687778,140.541667,0, ,0.0,0.0,0.0,0.0,2,10000,0,0,0,0,0,0

SID,LIRS1E,11,5
CA,0,108.0,2,2120,0,0,0,0,0,0
DF,LIRSA,52.687778,140.541667,2, ,0.0,0.0,2,10000,0,0,0,0,0,0

SID,LIRS1F,29,5
CA,0,288.0,2,1820,0,0,0,0,0,0
DF,LIRSA,52.687778,140.541667,1, ,0.0,0.0,2,10000,0,0,0,0,0,0

SID,NOKD1A,11,2
DF,ME,53.150722,140.724694,0, ,0.0,0.0,0,0,0,0,0,0,0,1
CA,0,108.0,2,2120,0,0,0,0,0,0
CI,0, ,0.0,23.0,0,0,0,0,0,0,0,0
CF,NOKDA,53.609167,141.365833,0,NA,54.3,36.7,53.0,26.0,2,9000,0,0,0,0,0,0

SID,NOKD1B,11,2
DF,NA,53.152333,140.688139,0, ,0.0,0.0,0,0,0,0,0,0,0,1
CA,0,108.0,2,2120,0,0,0,0,0,0
CI,1, ,0.0,15.0,0,0,0,0,0,0,0,0
CF,NOKDA,53.609167,141.365833,0,NA,54.3,36.7,54.0,29.0,2,9000,0,0,0,0,0,0

SID,NOKD1C,29,2
CA,0,288.0,2,1820,0,0,0,0,0,0
DF,ME,53.150722,140.724694,1, ,0.0,0.0,0,0,0,0,0,0,0,0
TF,NOKDA,53.609167,141.365833,0, ,0.0,0.0,0.0,0.0,2,9000,0,0,0,0,0,0

SID,NOKD1D,29,2
CA,0,288.0,2,1820,0,0,0,0,0,0
DF,NA,53.152333,140.688139,1, ,0.0,0.0,0,0,0,0,0,0,0,0
TF,NOKDA,53.609167,141.365833,0, ,0.0,0.0,0.0,0.0,2,9000,0,0,0,0,0,0

SID,NOKD1E,11,5
CA,0,108.0,2,2120,0,0,0,0,0,0
DF,NOKDA,53.609167,141.365833,0, ,0.0,0.0,2,9000,0,0,0,0,0,0

SID,NOKD1F,29,5
CA,0,288.0,2,1820,0,0,0,0,0,0
DF,NOKDA,53.609167,141.365833,2, ,0.0,0.0,2,9000,0,0,0,0,0,0

SID,OSBE1A,11,2
DF,ME,53.150722,140.724694,0, ,0.0,0.0,0,0,0,0,0,0,0,1
CA,0,108.0,2,2120,0,0,0,0,0,0
CI,0, ,0.0,196.0,0,0,0,0,0,0,0,0
CF,OSBET,52.620000,141.195000,0,NA,162.9,36.9,165.0,26.0,2,9000,0,0,0,0,0,0

SID,OSBE1B,11,2
DF,NA,53.152333,140.688139,0, ,0.0,0.0,0,0,0,0,0,0,0,1
CA,0,108.0,2,2120,0,0,0,0,0,0
CI,2, ,0.0,204.0,0,0,0,0,0,0,0,0
CF,OSBET,52.620000,141.195000,0,NA,162.9,36.9,163.0,29.0,2,9000,0,0,0,0,0,0

SID,OSBE1C,29,2
CA,0,288.0,2,1820,0,0,0,0,0,0
DF,ME,53.150722,140.724694,2, ,0.0,0.0,0,0,0,0,0,0,0,0
TF,OSBET,52.620000,141.195000,0, ,0.0,0.0,0.0,0.0,2,9000,0,0,0,0,0,0

SID,OSBE1D,29,2
CA,0,288.0,2,1820,0,0,0,0,0,0
DF,NA,53.152333,140.688139,2, ,0.0,0.0,0,0,0,0,0,0,0,0
TF,OSBET,52.620000,141.195000,0, ,0.0,0.0,0.0,0.0,2,9000,0,0,0,0,0,0

SID,OSBE1E,11,5
CA,0,108.0,2,2120,0,0,0,0,0,0
DF,OSBET,52.620000,141.195000,0, ,0.0,0.0,2,9000,0,0,0,0,0,0

SID,OSBE1F,29,5
CA,0,288.0,2,1820,0,0,0,0,0,0
DF,OSBET,52.620000,141.195000,1, ,0.0,0.0,2,9000,0,0,0,0,0,0

SID,PIKU1A,11,2
DF,ME,53.150722,140.724694,0, ,0.0,0.0,0,0,0,0,0,0,0,1
CA,0,108.0,2,2120,0,0,0,0,0,0
DF,ME,53.150722,140.724694,1, ,0.0,0.0,0,0,0,0,0,0,0,0
CF,PIKUS,53.178333,139.590000,0,NA,285.7,39.7,286.0,41.0,2,8000,0,0,0,0,0,0

SID,PIKU1B,11,2
DF,NA,53.152333,140.688139,0, ,0.0,0.0,0,0,0,0,0,0,0,1
CA,0,108.0,2,2120,0,0,0,0,0,0
DF,NA,53.152333,140.688139,1, ,0.0,0.0,0,0,0,0,0,0,0,0
CF,PIKUS,53.178333,139.590000,0,NA,285.7,39.7,286.0,40.0,2,8000,0,0,0,0,0,0

SID,PIKU1C,29,2
CA,0,288.0,2,1820,0,0,0,0,0,0
CF,PIKUS,53.178333,139.590000,0,NA,285.7,39.7,286.0,36.0,2,8000,0,0,0,0,0,0

SID,PIKU1D,29,2
CA,0,288.0,2,1820,0,0,0,0,0,0
CF,PIKUS,53.178333,139.590000,0,NA,285.7,39.7,286.0,36.0,2,8000,0,0,0,0,0,0

SID,PIKU1E,11,5
CA,0,108.0,2,2120,0,0,0,0,0,0
DF,PIKUS,53.178333,139.590000,2, ,0.0,0.0,2,8000,0,0,0,0,0,0

SID,PIKU1F,29,5
CA,0,288.0,2,1820,0,0,0,0,0,0
DF,PIKUS,53.178333,139.590000,0, ,0.0,0.0,2,8000,0,0,0,0,0,0

SID,RATN1A,11,2
DF,ME,53.150722,140.724694,0, ,0.0,0.0,0,0,0,0,0,0,0,1
CA,0,108.0,2,2120,0,0,0,0,0,0
DF,ME,53.150722,140.724694,1, ,0.0,0.0,0,0,0,0,0,0,0,0
CF,RATNU,53.058333,139.601667,0,NA,275.3,39.7,276.0,41.0,2,8000,0,0,0,0,0,0

SID,RATN1B,11,2
DF,NA,53.152333,140.688139,0, ,0.0,0.0,0,0,0,0,0,0,0,1
CA,0,108.0,2,2120,0,0,0,0,0,0
DF,NA,53.152333,140.688139,1, ,0.0,0.0,0,0,0,0,0,0,0,0
CF,RATNU,53.058333,139.601667,0,NA,275.3,39.7,275.0,40.0,2,8000,0,0,0,0,0,0

SID,RATN1C,29,2
CA,0,288.0,2,1820,0,0,0,0,0,0
CF,RATNU,53.058333,139.601667,0,NA,275.3,39.7,276.0,36.0,2,8000,0,0,0,0,0,0

SID,RATN1D,29,2
CA,0,288.0,2,1820,0,0,0,0,0,0
CF,RATNU,53.058333,139.601667,0,NA,275.3,39.7,275.0,36.0,2,8000,0,0,0,0,0,0

SID,RATN1E,11,5
CA,0,108.0,2,2120,0,0,0,0,0,0
DF,RATNU,53.058333,139.601667,2, ,0.0,0.0,2,8000,0,0,0,0,0,0

SID,RATN1F,29,5
CA,0,288.0,2,1820,0,0,0,0,0,0
DF,RATNU,53.058333,139.601667,0, ,0.0,0.0,2,8000,0,0,0,0,0,0

SID,TEBS1A,11,2
DF,ME,53.150722,140.724694,0, ,0.0,0.0,0,0,0,0,0,0,0,1
CA,0,108.0,2,2120,0,0,0,0,0,0
DF,ME,53.150722,140.724694,2, ,0.0,0.0,0,0,0,0,0,0,0,0
CF,TEBSA,53.454167,139.717500,0,NA,310.8,39.4,310.0,41.0,2,8000,0,0,0,0,0,0

SID,TEBS1B,11,2
DF,NA,53.152333,140.688139,0, ,0.0,0.0,0,0,0,0,0,0,0,1
CA,0,108.0,2,2120,0,0,0,0,0,0
DF,NA,53.152333,140.688139,2, ,0.0,0.0,0,0,0,0,0,0,0,0
CF,TEBSA,53.454167,139.717500,0,NA,310.8,39.4,311.0,40.0,2,8000,0,0,0,0,0,0

SID,TEBS1C,29,2
CA,0,288.0,2,1820,0,0,0,0,0,0
CI,0, ,0.0,339.0,0,0,0,0,0,0,0,0
CF,TEBSA,53.454167,139.717500,0,NA,310.8,39.4,310.0,32.0,2,8000,0,0,0,0,0,0

SID,TEBS1D,29,2
CA,0,288.0,2,1820,0,0,0,0,0,0
CI,0, ,0.0,335.0,0,0,0,0,0,0,0,0
CF,TEBSA,53.454167,139.717500,0,NA,310.8,39.4,311.0,32.0,2,8000,0,0,0,0,0,0

SID,TEBS1E,11,5
CA,0,108.0,2,2120,0,0,0,0,0,0
DF,TEBSA,53.454167,139.717500,1, ,0.0,0.0,2,8000,0,0,0,0,0,0

SID,TEBS1F,29,5
CA,0,288.0,2,1820,0,0,0,0,0,0
DF,TEBSA,53.454167,139.717500,0, ,0.0,0.0,2,8000,0,0,0,0,0,0

SID,TOTR1A,11,2
DF,ME,53.150722,140.724694,0, ,0.0,0.0,0,0,0,0,0,0,0,1
CA,0,108.0,2,2120,0,0,0,0,0,0
CI,1, ,0.0,290.0,0,0,0,0,0,0,0,0
CF,TOTRU,53.735000,140.249167,0,NA,349.0,38.4,347.0,35.0,2,8000,0,0,0,0,0,0

SID,TOTR1B,11,2
DF,NA,53.152333,140.688139,0, ,0.0,0.0,0,0,0,0,0,0,0,1
CA,0,108.0,2,2120,0,0,0,0,0,0
CI,1, ,0.0,277.0,0,0,0,0,0,0,0,0
CF,TOTRU,53.735000,140.249167,0,NA,349.0,38.4,349.0,36.0,2,8000,0,0,0,0,0,0

SID,TOTR1C,29,2
CA,0,288.0,2,1820,0,0,0,0,0,0
CI,2, ,0.0,70.0,0,0,0,0,0,0,0,0
CF,TOTRU,53.735000,140.249167,0,NA,349.0,38.4,347.0,33.0,2,8000,0,0,0,0,0,0

SID,TOTR1D,29,2
CA,0,288.0,2,1820,0,0,0,0,0,0
CI,2, ,0.0,55.0,0,0,0,0,0,0,0,0
CF,TOTRU,53.735000,140.249167,0,NA,349.0,38.4,349.0,32.0,2,8000,0,0,0,0,0,0

SID,TOTR1E,11,5
CA,0,108.0,2,2120,0,0,0,0,0,0
DF,TOTRU,53.735000,140.249167,1, ,0.0,0.0,2,8000,0,0,0,0,0,0

SID,TOTR1F,29,5
CA,0,288.0,2,1820,0,0,0,0,0,0
DF,TOTRU,53.735000,140.249167,0, ,0.0,0.0,2,8000,0,0,0,0,0,0

STAR,DOKI1G,ALL,2
IF,DOKIR,53.763056,140.872500, ,0.0,0.0,2,8000,0,0,0,0,0,0

STAR,DOKI1G,11,3
IF,DOKIR,53.763056,140.872500, ,0.0,0.0,2,8000,0,0,0,0,0,0
TF,NA32B,53.682919,140.847997,0, ,0.0,0.0,0.0,0.0,0,0,0,0,0,0,0,0
TF,M,53.152583,140.684417,0, ,0.0,0.0,0.0,0.0,2,5410,0,0,0,0,0,0

STAR,DOKI1G,29,3
IF,DOKIR,53.763056,140.872500, ,0.0,0.0,2,8000,0,0,0,0,0,0
TF,NA32B,53.682919,140.847997,0, ,0.0,0.0,0.0,0.0,0,0,0,0,0,0,0,0
TF,M,53.152583,140.684417,0, ,0.0,0.0,0.0,0.0,2,5430,0,0,0,0,0,0

STAR,DOKI1H,ALL,2
IF,DOKIR,53.763056,140.872500, ,0.0,0.0,2,8000,0,0,0,0,0,0

STAR,DOKI1H,11,3
IF,DOKIR,53.763056,140.872500, ,0.0,0.0,2,8000,0,0,0,0,0,0
TF,ME,53.150722,140.724694,0, ,0.0,0.0,0.0,0.0,2,5410,0,0,0,0,0,0

STAR,DOKI1H,29,3
IF,DOKIR,53.763056,140.872500, ,0.0,0.0,2,8000,0,0,0,0,0,0
TF,ME,53.150722,140.724694,0, ,0.0,0.0,0.0,0.0,2,5430,0,0,0,0,0,0

STAR,DOKI1K,ALL,2
IF,DOKIR,53.763056,140.872500, ,0.0,0.0,2,8000,0,0,0,0,0,0

STAR,DOKI1K,11,3
IF,DOKIR,53.763056,140.872500, ,0.0,0.0,2,8000,0,0,0,0,0,0
TF,NA,53.152333,140.688139,0, ,0.0,0.0,0.0,0.0,2,5410,0,0,0,0,0,0

STAR,DOKI1K,29,3
IF,DOKIR,53.763056,140.872500, ,0.0,0.0,2,8000,0,0,0,0,0,0
TF,NA,53.152333,140.688139,0, ,0.0,0.0,0.0,0.0,2,5430,0,0,0,0,0,0

STAR,DOKI1L,11,5
IF,DOKIR,53.763056,140.872500, ,0.0,0.0,2,8000,0,0,0,0,0,0
TF,NN003,53.268833,140.368028,0, ,0.0,0.0,0.0,0.0,2,5080,0,0,0,0,0,0

STAR,DOKI1M,29,5
IF,DOKIR,53.763056,140.872500, ,0.0,0.0,2,8000,0,0,0,0,0,0
TF,NN011,53.238361,140.985667,0, ,0.0,0.0,0.0,0.0,2,5110,0,0,0,0,0,0

STAR,GIGO1G,ALL,2
IF,GIGOR,53.343056,141.801667, ,0.0,0.0,2,8000,0,0,0,0,0,0

STAR,GIGO1G,11,3
IF,GIGOR,53.343056,141.801667, ,0.0,0.0,2,8000,0,0,0,0,0,0
TF,NA32A,53.301272,141.551586,0, ,0.0,0.0,0.0,0.0,0,0,0,0,0,0,0,0
TF,M,53.152583,140.684417,0, ,0.0,0.0,0.0,0.0,2,5410,0,0,0,0,0,0

STAR,GIGO1G,29,3
IF,GIGOR,53.343056,141.801667, ,0.0,0.0,2,8000,0,0,0,0,0,0
TF,NA32A,53.301272,141.551586,0, ,0.0,0.0,0.0,0.0,0,0,0,0,0,0,0,0
TF,M,53.152583,140.684417,0, ,0.0,0.0,0.0,0.0,2,5430,0,0,0,0,0,0

STAR,GIGO1H,ALL,2
IF,GIGOR,53.343056,141.801667, ,0.0,0.0,2,8000,0,0,0,0,0,0

STAR,GIGO1H,11,3
IF,GIGOR,53.343056,141.801667, ,0.0,0.0,2,8000,0,0,0,0,0,0
TF,ME,53.150722,140.724694,0, ,0.0,0.0,0.0,0.0,2,5410,0,0,0,0,0,0

STAR,GIGO1H,29,3
IF,GIGOR,53.343056,141.801667, ,0.0,0.0,2,8000,0,0,0,0,0,0
TF,ME,53.150722,140.724694,0, ,0.0,0.0,0.0,0.0,2,5430,0,0,0,0,0,0

STAR,GIGO1K,ALL,2
IF,GIGOR,53.343056,141.801667, ,0.0,0.0,2,8000,0,0,0,0,0,0

STAR,GIGO1K,11,3
IF,GIGOR,53.343056,141.801667, ,0.0,0.0,2,8000,0,0,0,0,0,0
TF,NA,53.152333,140.688139,0, ,0.0,0.0,0.0,0.0,2,5410,0,0,0,0,0,0

STAR,GIGO1K,29,3
IF,GIGOR,53.343056,141.801667, ,0.0,0.0,2,8000,0,0,0,0,0,0
TF,NA,53.152333,140.688139,0, ,0.0,0.0,0.0,0.0,2,5430,0,0,0,0,0,0

STAR,GIGO1L,11,5
IF,GIGOR,53.343056,141.801667, ,0.0,0.0,2,8000,0,0,0,0,0,0
TF,NN003,53.268833,140.368028,0, ,0.0,0.0,0.0,0.0,2,5080,0,0,0,0,0,0

STAR,GIGO1M,29,5
IF,GIGOR,53.343056,141.801667, ,0.0,0.0,2,8000,0,0,0,0,0,0
TF,NN012,53.129694,141.138694,0, ,0.0,0.0,0.0,0.0,2,5110,0,0,0,0,0,0

STAR,KIZO1G,ALL,2
IF,KIZON,53.670833,141.227222, ,0.0,0.0,2,8000,0,0,0,0,0,0

STAR,KIZO1G,11,3
IF,KIZON,53.670833,141.227222, ,0.0,0.0,2,8000,0,0,0,0,0,0
TF,NA32C,53.610408,141.163586,0, ,0.0,0.0,0.0,0.0,0,0,0,0,0,0,0,0
TF,M,53.152583,140.684417,0, ,0.0,0.0,0.0,0.0,2,5410,0,0,0,0,0,0

STAR,KIZO1G,29,3
IF,KIZON,53.670833,141.227222, ,0.0,0.0,2,8000,0,0,0,0,0,0
TF,NA32C,53.610408,141.163586,0, ,0.0,0.0,0.0,0.0,0,0,0,0,0,0,0,0
TF,M,53.152583,140.684417,0, ,0.0,0.0,0.0,0.0,2,5430,0,0,0,0,0,0

STAR,KIZO1H,ALL,2
IF,KIZON,53.670833,141.227222, ,0.0,0.0,2,8000,0,0,0,0,0,0

STAR,KIZO1H,11,3
IF,KIZON,53.670833,141.227222, ,0.0,0.0,2,8000,0,0,0,0,0,0
TF,ME,53.150722,140.724694,0, ,0.0,0.0,0.0,0.0,2,5410,0,0,0,0,0,0

STAR,KIZO1H,29,3
IF,KIZON,53.670833,141.227222, ,0.0,0.0,2,8000,0,0,0,0,0,0
TF,ME,53.150722,140.724694,0, ,0.0,0.0,0.0,0.0,2,5430,0,0,0,0,0,0

STAR,KIZO1K,ALL,2
IF,KIZON,53.670833,141.227222, ,0.0,0.0,2,8000,0,0,0,0,0,0

STAR,KIZO1K,11,3
IF,KIZON,53.670833,141.227222, ,0.0,0.0,2,8000,0,0,0,0,0,0
TF,NA,53.152333,140.688139,0, ,0.0,0.0,0.0,0.0,2,5410,0,0,0,0,0,0

STAR,KIZO1K,29,3
IF,KIZON,53.670833,141.227222, ,0.0,0.0,2,8000,0,0,0,0,0,0
TF,NA,53.152333,140.688139,0, ,0.0,0.0,0.0,0.0,2,5430,0,0,0,0,0,0

STAR,KIZO1L,11,5
IF,KIZON,53.670833,141.227222, ,0.0,0.0,2,8000,0,0,0,0,0,0
TF,NN015,53.461194,140.842972,0, ,0.0,0.0,0.0,0.0,0,0,0,0,0,0,0,0
TF,NN003,53.268833,140.368028,0, ,0.0,0.0,0.0,0.0,2,5080,0,0,0,0,0,0

STAR,KIZO1M,29,5
IF,KIZON,53.670833,141.227222, ,0.0,0.0,2,8000,0,0,0,0,0,0
TF,NN017,53.435556,141.138583,0, ,0.0,0.0,0.0,0.0,0,0,0,0,0,0,0,0
TF,NN011,53.238361,140.985667,0, ,0.0,0.0,0.0,0.0,2,5110,0,0,0,0,0,0

STAR,LEKB1G,ALL,2
IF,LEKBI,52.631944,140.048056, ,0.0,0.0,2,11000,0,0,0,0,0,0

STAR,LEKB1G,11,3
IF,LEKBI,52.631944,140.048056, ,0.0,0.0,2,11000,0,0,0,0,0,0
TF,NA32D,52.719983,140.154972,0, ,0.0,0.0,0.0,0.0,0,0,0,0,0,0,0,0
TF,M,53.152583,140.684417,0, ,0.0,0.0,0.0,0.0,2,5410,0,0,0,0,0,0

STAR,LEKB1G,29,3
IF,LEKBI,52.631944,140.048056, ,0.0,0.0,2,11000,0,0,0,0,0,0
TF,NA32D,52.719983,140.154972,0, ,0.0,0.0,0.0,0.0,0,0,0,0,0,0,0,0
TF,M,53.152583,140.684417,0, ,0.0,0.0,0.0,0.0,2,5430,0,0,0,0,0,0

STAR,LEKB1H,ALL,2
IF,LEKBI,52.631944,140.048056, ,0.0,0.0,2,11000,0,0,0,0,0,0

STAR,LEKB1H,11,3
IF,LEKBI,52.631944,140.048056, ,0.0,0.0,2,11000,0,0,0,0,0,0
TF,ME,53.150722,140.724694,0, ,0.0,0.0,0.0,0.0,2,5410,0,0,0,0,0,0

STAR,LEKB1H,29,3
IF,LEKBI,52.631944,140.048056, ,0.0,0.0,2,11000,0,0,0,0,0,0
TF,ME,53.150722,140.724694,0, ,0.0,0.0,0.0,0.0,2,5430,0,0,0,0,0,0

STAR,LEKB1K,ALL,2
IF,LEKBI,52.631944,140.048056, ,0.0,0.0,2,11000,0,0,0,0,0,0

STAR,LEKB1K,11,3
IF,LEKBI,52.631944,140.048056, ,0.0,0.0,2,11000,0,0,0,0,0,0
TF,NA,53.152333,140.688139,0, ,0.0,0.0,0.0,0.0,2,5410,0,0,0,0,0,0

STAR,LEKB1K,29,3
IF,LEKBI,52.631944,140.048056, ,0.0,0.0,2,11000,0,0,0,0,0,0
TF,NA,53.152333,140.688139,0, ,0.0,0.0,0.0,0.0,2,5430,0,0,0,0,0,0

STAR,LEKB1L,11,5
IF,LEKBI,52.631944,140.048056, ,0.0,0.0,2,11000,0,0,0,0,0,0
TF,NN001,53.068222,140.341167,0, ,0.0,0.0,0.0,0.0,2,4090,0,0,0,0,0,0

STAR,LEKB1M,29,5
IF,LEKBI,52.631944,140.048056, ,0.0,0.0,2,11000,0,0,0,0,0,0
TF,NN019,52.942444,140.741528,0, ,0.0,0.0,0.0,0.0,0,0,0,0,0,0,0,0
TF,NN013,53.037750,140.958250,0, ,0.0,0.0,0.0,0.0,2,5430,0,0,0,0,0,0

STAR,LIRS1G,ALL,2
IF,LIRSA,52.687778,140.541667, ,0.0,0.0,2,11000,0,0,0,0,0,0

STAR,LIRS1G,11,3
IF,LIRSA,52.687778,140.541667, ,0.0,0.0,2,11000,0,0,0,0,0,0
TF,M,53.152583,140.684417,0, ,0.0,0.0,0.0,0.0,2,5410,0,0,0,0,0,0

STAR,LIRS1G,29,3
IF,LIRSA,52.687778,140.541667, ,0.0,0.0,2,11000,0,0,0,0,0,0
TF,M,53.152583,140.684417,0, ,0.0,0.0,0.0,0.0,2,5430,0,0,0,0,0,0

STAR,LIRS1H,ALL,2
IF,LIRSA,52.687778,140.541667, ,0.0,0.0,2,11000,0,0,0,0,0,0

STAR,LIRS1H,11,3
IF,LIRSA,52.687778,140.541667, ,0.0,0.0,2,11000,0,0,0,0,0,0
TF,ME,53.150722,140.724694,0, ,0.0,0.0,0.0,0.0,2,5410,0,0,0,0,0,0

STAR,LIRS1H,29,3
IF,LIRSA,52.687778,140.541667, ,0.0,0.0,2,11000,0,0,0,0,0,0
TF,ME,53.150722,140.724694,0, ,0.0,0.0,0.0,0.0,2,5430,0,0,0,0,0,0

STAR,LIRS1K,ALL,2
IF,LIRSA,52.687778,140.541667, ,0.0,0.0,2,11000,0,0,0,0,0,0

STAR,LIRS1K,11,3
IF,LIRSA,52.687778,140.541667, ,0.0,0.0,2,11000,0,0,0,0,0,0
TF,NA,53.152333,140.688139,0, ,0.0,0.0,0.0,0.0,2,5410,0,0,0,0,0,0

STAR,LIRS1K,29,3
IF,LIRSA,52.687778,140.541667, ,0.0,0.0,2,11000,0,0,0,0,0,0
TF,NA,53.152333,140.688139,0, ,0.0,0.0,0.0,0.0,2,5430,0,0,0,0,0,0

STAR,LIRS1L,11,5
IF,LIRSA,52.687778,140.541667, ,0.0,0.0,2,11000,0,0,0,0,0,0
TF,NN016,52.965472,140.395694,0, ,0.0,0.0,0.0,0.0,2,5080,0,0,0,0,0,0
TF,NN001,53.068222,140.341167,0, ,0.0,0.0,0.0,0.0,2,4090,0,0,0,0,0,0

STAR,LIRS1M,29,5
IF,LIRSA,52.687778,140.541667, ,0.0,0.0,2,11000,0,0,0,0,0,0
TF,NN013,53.037750,140.958250,0, ,0.0,0.0,0.0,0.0,2,5430,0,0,0,0,0,0

STAR,NOKD1G,ALL,2
IF,NOKDA,53.609167,141.365833, ,0.0,0.0,2,8000,0,0,0,0,0,0

STAR,NOKD1G,11,3
IF,NOKDA,53.609167,141.365833, ,0.0,0.0,2,8000,0,0,0,0,0,0
TF,NA32E,53.555856,141.285697,0, ,0.0,0.0,0.0,0.0,0,0,0,0,0,0,0,0
TF,M,53.152583,140.684417,0, ,0.0,0.0,0.0,0.0,2,5410,0,0,0,0,0,0

STAR,NOKD1G,29,3
IF,NOKDA,53.609167,141.365833, ,0.0,0.0,2,8000,0,0,0,0,0,0
TF,NA32E,53.555856,141.285697,0, ,0.0,0.0,0.0,0.0,0,0,0,0,0,0,0,0
TF,M,53.152583,140.684417,0, ,0.0,0.0,0.0,0.0,2,5430,0,0,0,0,0,0

STAR,NOKD1H,ALL,2
IF,NOKDA,53.609167,141.365833, ,0.0,0.0,2,8000,0,0,0,0,0,0

STAR,NOKD1H,11,3
IF,NOKDA,53.609167,141.365833, ,0.0,0.0,2,8000,0,0,0,0,0,0
TF,ME,53.150722,140.724694,0, ,0.0,0.0,0.0,0.0,2,5410,0,0,0,0,0,0

STAR,NOKD1H,29,3
IF,NOKDA,53.609167,141.365833, ,0.0,0.0,2,8000,0,0,0,0,0,0
TF,ME,53.150722,140.724694,0, ,0.0,0.0,0.0,0.0,2,5430,0,0,0,0,0,0

STAR,NOKD1K,ALL,2
IF,NOKDA,53.609167,141.365833, ,0.0,0.0,2,8000,0,0,0,0,0,0

STAR,NOKD1K,11,3
IF,NOKDA,53.609167,141.365833, ,0.0,0.0,2,8000,0,0,0,0,0,0
TF,NA,53.152333,140.688139,0, ,0.0,0.0,0.0,0.0,2,5410,0,0,0,0,0,0

STAR,NOKD1K,29,3
IF,NOKDA,53.609167,141.365833, ,0.0,0.0,2,8000,0,0,0,0,0,0
TF,NA,53.152333,140.688139,0, ,0.0,0.0,0.0,0.0,2,5430,0,0,0,0,0,0

STAR,NOKD1L,11,5
IF,NOKDA,53.609167,141.365833, ,0.0,0.0,2,8000,0,0,0,0,0,0
TF,NN015,53.461194,140.842972,0, ,0.0,0.0,0.0,0.0,0,0,0,0,0,0,0,0
TF,NN003,53.268833,140.368028,0, ,0.0,0.0,0.0,0.0,2,5080,0,0,0,0,0,0

STAR,NOKD1M,29,5
IF,NOKDA,53.609167,141.365833, ,0.0,0.0,2,8000,0,0,0,0,0,0
TF,NN017,53.435556,141.138583,0, ,0.0,0.0,0.0,0.0,0,0,0,0,0,0,0,0
TF,NN011,53.238361,140.985667,0, ,0.0,0.0,0.0,0.0,2,5110,0,0,0,0,0,0

STAR,OSBE1G,ALL,2
IF,OSBET,52.620000,141.195000, ,0.0,0.0,2,8000,0,0,0,0,0,0

STAR,OSBE1G,11,3
IF,OSBET,52.620000,141.195000, ,0.0,0.0,2,8000,0,0,0,0,0,0
TF,NA32F,52.685236,141.133658,0, ,0.0,0.0,0.0,0.0,0,0,0,0,0,0,0,0
TF,M,53.152583,140.684417,0, ,0.0,0.0,0.0,0.0,2,5410,0,0,0,0,0,0

STAR,OSBE1G,29,3
IF,OSBET,52.620000,141.195000, ,0.0,0.0,2,8000,0,0,0,0,0,0
TF,NA32F,52.685236,141.133658,0, ,0.0,0.0,0.0,0.0,0,0,0,0,0,0,0,0
TF,M,53.152583,140.684417,0, ,0.0,0.0,0.0,0.0,2,5430,0,0,0,0,0,0

STAR,OSBE1H,ALL,2
IF,OSBET,52.620000,141.195000, ,0.0,0.0,2,8000,0,0,0,0,0,0

STAR,OSBE1H,11,3
IF,OSBET,52.620000,141.195000, ,0.0,0.0,2,8000,0,0,0,0,0,0
TF,ME,53.150722,140.724694,0, ,0.0,0.0,0.0,0.0,2,5410,0,0,0,0,0,0

STAR,OSBE1H,29,3
IF,OSBET,52.620000,141.195000, ,0.0,0.0,2,8000,0,0,0,0,0,0
TF,ME,53.150722,140.724694,0, ,0.0,0.0,0.0,0.0,2,5430,0,0,0,0,0,0

STAR,OSBE1K,ALL,2
IF,OSBET,52.620000,141.195000, ,0.0,0.0,2,8000,0,0,0,0,0,0

STAR,OSBE1K,11,3
IF,OSBET,52.620000,141.195000, ,0.0,0.0,2,8000,0,0,0,0,0,0
TF,NA,53.152333,140.688139,0, ,0.0,0.0,0.0,0.0,2,5410,0,0,0,0,0,0

STAR,OSBE1K,29,3
IF,OSBET,52.620000,141.195000, ,0.0,0.0,2,8000,0,0,0,0,0,0
TF,NA,53.152333,140.688139,0, ,0.0,0.0,0.0,0.0,2,5430,0,0,0,0,0,0

STAR,OSBE1L,11,5
IF,OSBET,52.620000,141.195000, ,0.0,0.0,2,8000,0,0,0,0,0,0
TF,NN016,52.965472,140.395694,0, ,0.0,0.0,0.0,0.0,2,5080,0,0,0,0,0,0
TF,NN001,53.068222,140.341167,0, ,0.0,0.0,0.0,0.0,2,4090,0,0,0,0,0,0

STAR,OSBE1M,29,5
IF,OSBET,52.620000,141.195000, ,0.0,0.0,2,8000,0,0,0,0,0,0
TF,NN013,53.037750,140.958250,0, ,0.0,0.0,0.0,0.0,2,5430,0,0,0,0,0,0

STAR,PIKU1G,ALL,2
IF,PIKUS,53.178333,139.590000, ,0.0,0.0,2,9000,0,0,0,0,0,0

STAR,PIKU1G,11,3
IF,PIKUS,53.178333,139.590000, ,0.0,0.0,2,9000,0,0,0,0,0,0
TF,NA32G,53.174317,139.791797,0, ,0.0,0.0,0.0,0.0,0,0,0,0,0,0,0,0
TF,M,53.152583,140.684417,0, ,0.0,0.0,0.0,0.0,2,5410,0,0,0,0,0,0

STAR,PIKU1G,29,3
IF,PIKUS,53.178333,139.590000, ,0.0,0.0,2,9000,0,0,0,0,0,0
TF,NA32G,53.174317,139.791797,0, ,0.0,0.0,0.0,0.0,0,0,0,0,0,0,0,0
TF,M,53.152583,140.684417,0, ,0.0,0.0,0.0,0.0,2,5430,0,0,0,0,0,0

STAR,PIKU1H,ALL,2
IF,PIKUS,53.178333,139.590000, ,0.0,0.0,2,9000,0,0,0,0,0,0

STAR,PIKU1H,11,3
IF,PIKUS,53.178333,139.590000, ,0.0,0.0,2,9000,0,0,0,0,0,0
TF,ME,53.150722,140.724694,0, ,0.0,0.0,0.0,0.0,2,5410,0,0,0,0,0,0

STAR,PIKU1H,29,3
IF,PIKUS,53.178333,139.590000, ,0.0,0.0,2,9000,0,0,0,0,0,0
TF,ME,53.150722,140.724694,0, ,0.0,0.0,0.0,0.0,2,5430,0,0,0,0,0,0

STAR,PIKU1K,ALL,2
IF,PIKUS,53.178333,139.590000, ,0.0,0.0,2,9000,0,0,0,0,0,0

STAR,PIKU1K,11,3
IF,PIKUS,53.178333,139.590000, ,0.0,0.0,2,9000,0,0,0,0,0,0
TF,NA,53.152333,140.688139,0, ,0.0,0.0,0.0,0.0,2,5410,0,0,0,0,0,0

STAR,PIKU1K,29,3
IF,PIKUS,53.178333,139.590000, ,0.0,0.0,2,9000,0,0,0,0,0,0
TF,NA,53.152333,140.688139,0, ,0.0,0.0,0.0,0.0,2,5430,0,0,0,0,0,0

STAR,PIKU1L,11,5
IF,PIKUS,53.178333,139.590000, ,0.0,0.0,2,9000,0,0,0,0,0,0
TF,NN002,53.176472,140.187611,0, ,0.0,0.0,0.0,0.0,2,5080,0,0,0,0,0,0

STAR,PIKU1M,29,5
IF,PIKUS,53.178333,139.590000, ,0.0,0.0,2,9000,0,0,0,0,0,0
TF,NN018,53.061778,140.167333,0, ,0.0,0.0,0.0,0.0,0,0,0,0,0,0,0,0
TF,NN019,52.942444,140.741528,0, ,0.0,0.0,0.0,0.0,0,0,0,0,0,0,0,0
TF,NN013,53.037750,140.958250,0, ,0.0,0.0,0.0,0.0,2,5430,0,0,0,0,0,0

STAR,RATN1G,ALL,2
IF,RATNU,53.058333,139.601667, ,0.0,0.0,2,9000,0,0,0,0,0,0

STAR,RATN1G,11,3
IF,RATNU,53.058333,139.601667, ,0.0,0.0,2,9000,0,0,0,0,0,0
TF,NA32H,53.076353,139.801014,0, ,0.0,0.0,0.0,0.0,0,0,0,0,0,0,0,0
TF,M,53.152583,140.684417,0, ,0.0,0.0,0.0,0.0,2,5410,0,0,0,0,0,0

STAR,RATN1G,29,3
IF,RATNU,53.058333,139.601667, ,0.0,0.0,2,9000,0,0,0,0,0,0
TF,NA32H,53.076353,139.801014,0, ,0.0,0.0,0.0,0.0,0,0,0,0,0,0,0,0
TF,M,53.152583,140.684417,0, ,0.0,0.0,0.0,0.0,2,5430,0,0,0,0,0,0

STAR,RATN1H,ALL,2
IF,RATNU,53.058333,139.601667, ,0.0,0.0,2,9000,0,0,0,0,0,0

STAR,RATN1H,11,3
IF,RATNU,53.058333,139.601667, ,0.0,0.0,2,9000,0,0,0,0,0,0
TF,ME,53.150722,140.724694,0, ,0.0,0.0,0.0,0.0,2,5410,0,0,0,0,0,0

STAR,RATN1H,29,3
IF,RATNU,53.058333,139.601667, ,0.0,0.0,2,9000,0,0,0,0,0,0
TF,ME,53.150722,140.724694,0, ,0.0,0.0,0.0,0.0,2,5430,0,0,0,0,0,0

STAR,RATN1K,ALL,2
IF,RATNU,53.058333,139.601667, ,0.0,0.0,2,9000,0,0,0,0,0,0

STAR,RATN1K,11,3
IF,RATNU,53.058333,139.601667, ,0.0,0.0,2,9000,0,0,0,0,0,0
TF,NA,53.152333,140.688139,0, ,0.0,0.0,0.0,0.0,2,5410,0,0,0,0,0,0

STAR,RATN1K,29,3
IF,RATNU,53.058333,139.601667, ,0.0,0.0,2,9000,0,0,0,0,0,0
TF,NA,53.152333,140.688139,0, ,0.0,0.0,0.0,0.0,2,5430,0,0,0,0,0,0

STAR,RATN1L,11,5
IF,RATNU,53.058333,139.601667, ,0.0,0.0,2,9000,0,0,0,0,0,0
TF,NN002,53.176472,140.187611,0, ,0.0,0.0,0.0,0.0,2,5080,0,0,0,0,0,0

STAR,RATN1M,29,5
IF,RATNU,53.058333,139.601667, ,0.0,0.0,2,9000,0,0,0,0,0,0
TF,NN018,53.061778,140.167333,0, ,0.0,0.0,0.0,0.0,0,0,0,0,0,0,0,0
TF,NN019,52.942444,140.741528,0, ,0.0,0.0,0.0,0.0,0,0,0,0,0,0,0,0
TF,NN013,53.037750,140.958250,0, ,0.0,0.0,0.0,0.0,2,5430,0,0,0,0,0,0

STAR,TEBS1G,ALL,2
IF,TEBSA,53.454167,139.717500, ,0.0,0.0,2,9000,0,0,0,0,0,0

STAR,TEBS1G,11,3
IF,TEBSA,53.454167,139.717500, ,0.0,0.0,2,9000,0,0,0,0,0,0
TF,NA32I,53.401308,139.890333,0, ,0.0,0.0,0.0,0.0,0,0,0,0,0,0,0,0
TF,M,53.152583,140.684417,0, ,0.0,0.0,0.0,0.0,2,5410,0,0,0,0,0,0

STAR,TEBS1G,29,3
IF,TEBSA,53.454167,139.717500, ,0.0,0.0,2,9000,0,0,0,0,0,0
TF,NA32I,53.401308,139.890333,0, ,0.0,0.0,0.0,0.0,0,0,0,0,0,0,0,0
TF,M,53.152583,140.684417,0, ,0.0,0.0,0.0,0.0,2,5430,0,0,0,0,0,0

STAR,TEBS1H,ALL,2
IF,TEBSA,53.454167,139.717500, ,0.0,0.0,2,9000,0,0,0,0,0,0

STAR,TEBS1H,11,3
IF,TEBSA,53.454167,139.717500, ,0.0,0.0,2,9000,0,0,0,0,0,0
TF,ME,53.150722,140.724694,0, ,0.0,0.0,0.0,0.0,2,5410,0,0,0,0,0,0

STAR,TEBS1H,29,3
IF,TEBSA,53.454167,139.717500, ,0.0,0.0,2,9000,0,0,0,0,0,0
TF,ME,53.150722,140.724694,0, ,0.0,0.0,0.0,0.0,2,5430,0,0,0,0,0,0

STAR,TEBS1K,ALL,2
IF,TEBSA,53.454167,139.717500, ,0.0,0.0,2,9000,0,0,0,0,0,0

STAR,TEBS1K,11,3
IF,TEBSA,53.454167,139.717500, ,0.0,0.0,2,9000,0,0,0,0,0,0
TF,NA,53.152333,140.688139,0, ,0.0,0.0,0.0,0.0,2,5410,0,0,0,0,0,0

STAR,TEBS1K,29,3
IF,TEBSA,53.454167,139.717500, ,0.0,0.0,2,9000,0,0,0,0,0,0
TF,NA,53.152333,140.688139,0, ,0.0,0.0,0.0,0.0,2,5430,0,0,0,0,0,0

STAR,TEBS1L,11,5
IF,TEBSA,53.454167,139.717500, ,0.0,0.0,2,9000,0,0,0,0,0,0
TF,NN002,53.176472,140.187611,0, ,0.0,0.0,0.0,0.0,2,5080,0,0,0,0,0,0

STAR,TEBS1M,29,5
IF,TEBSA,53.454167,139.717500, ,0.0,0.0,2,9000,0,0,0,0,0,0
TF,NN011,53.238361,140.985667,0, ,0.0,0.0,0.0,0.0,2,5110,0,0,0,0,0,0

STAR,TOTR1G,ALL,2
IF,TOTRU,53.735000,140.249167, ,0.0,0.0,2,9000,0,0,0,0,0,0

STAR,TOTR1G,11,3
IF,TOTRU,53.735000,140.249167, ,0.0,0.0,2,9000,0,0,0,0,0,0
TF,NA32J,53.644108,140.318519,0, ,0.0,0.0,0.0,0.0,0,0,0,0,0,0,0,0
TF,M,53.152583,140.684417,0, ,0.0,0.0,0.0,0.0,2,5410,0,0,0,0,0,0

STAR,TOTR1G,29,3
IF,TOTRU,53.735000,140.249167, ,0.0,0.0,2,9000,0,0,0,0,0,0
TF,NA32J,53.644108,140.318519,0, ,0.0,0.0,0.0,0.0,0,0,0,0,0,0,0,0
TF,M,53.152583,140.684417,0, ,0.0,0.0,0.0,0.0,2,5430,0,0,0,0,0,0

STAR,TOTR1H,ALL,2
IF,TOTRU,53.735000,140.249167, ,0.0,0.0,2,9000,0,0,0,0,0,0

STAR,TOTR1H,11,3
IF,TOTRU,53.735000,140.249167, ,0.0,0.0,2,9000,0,0,0,0,0,0
TF,ME,53.150722,140.724694,0, ,0.0,0.0,0.0,0.0,2,5410,0,0,0,0,0,0

STAR,TOTR1H,29,3
IF,TOTRU,53.735000,140.249167, ,0.0,0.0,2,9000,0,0,0,0,0,0
TF,ME,53.150722,140.724694,0, ,0.0,0.0,0.0,0.0,2,5430,0,0,0,0,0,0

STAR,TOTR1K,ALL,2
IF,TOTRU,53.735000,140.249167, ,0.0,0.0,2,9000,0,0,0,0,0,0

STAR,TOTR1K,11,3
IF,TOTRU,53.735000,140.249167, ,0.0,0.0,2,9000,0,0,0,0,0,0
TF,NA,53.152333,140.688139,0, ,0.0,0.0,0.0,0.0,2,5410,0,0,0,0,0,0

STAR,TOTR1K,29,3
IF,TOTRU,53.735000,140.249167, ,0.0,0.0,2,9000,0,0,0,0,0,0
TF,NA,53.152333,140.688139,0, ,0.0,0.0,0.0,0.0,2,5430,0,0,0,0,0,0

STAR,TOTR1L,11,5
IF,TOTRU,53.735000,140.249167, ,0.0,0.0,2,9000,0,0,0,0,0,0
TF,NN003,53.268833,140.368028,0, ,0.0,0.0,0.0,0.0,2,5080,0,0,0,0,0,0

STAR,TOTR1M,29,5
IF,TOTRU,53.735000,140.249167, ,0.0,0.0,2,9000,0,0,0,0,0,0
TF,NN011,53.238361,140.985667,0, ,0.0,0.0,0.0,0.0,2,5110,0,0,0,0,0,0

FINAL,D11,11,D,4
IF,CF11,53.169006,140.346039,NA,287.8,12.4,2,3110,0,0,0,0,0,0
CF,FF11,53.161944,140.494722,0,NA,287.8,7.0,108.0,5.4,1,2120,0,0,0,0,2,0
CF,43VOR,53.158508,140.569536,0,NA,288.0,4.3,108.0,2.7,1,1140,0,0,0,0,0,0
CF,RW11,53.154858,140.637300,0,NA,287.7,1.8,108.0,2.5,1,202,0,0,0,0,3,0
CF,NA,53.152333,140.688139,0,NA,0.0,0.0,108.0,1.8,0,0,0,0,0,0,0,1
CA,0,108.0,2,2120,0,0,0,0,0,0
DF,NA,53.152333,140.688139,2, ,0.0,0.0,2,3110,0,0,0,0,0,0

FINAL,D29,29,D,5
IF,CF29,53.137031,140.985886,NA,107.8,10.8,2,3630,0,0,0,0,0,0
CF,FD29,53.144703,140.831517,0,NA,108.0,5.2,288.0,5.6,1,2480,0,0,0,0,2,0
CF,26DME,53.148539,140.759833,0,NA,108.0,2.6,288.0,2.6,1,1500,0,0,0,0,0,0
CF,17VOR,53.149858,140.735017,0,NA,108.0,1.7,288.0,0.9,1,1170,0,0,0,0,0,0
CF,NA,53.152333,140.688139,0,NA,0.0,0.0,288.0,1.7,1,545,0,0,0,0,3,0
CA,0,288.0,2,2150,0,0,0,0,0,0
DF,NA,53.152333,140.688139,1, ,0.0,0.0,2,3630,0,0,0,0,0,0

FINAL,I11-X,11,I,3
IF,CF11,53.169006,140.346039,INC,287.8,11.7,2,3110,0,0,0,0,0,0
CF,FF11,53.161944,140.494722,0,INC,287.8,6.3,108.0,5.4,1,2120,0,0,0,0,2,0
CF,RW11,53.154858,140.637300,0,INC,287.8,1.1,108.0,5.2,1,202,0,0,0,0,3,0
FA,RW11,53.154858,140.637300,0,NA,0.0,0.0,108.0,2,2120,0,0,0,0,0,0
DF,ME,53.150722,140.724694,2, ,0.0,0.0,2,3110,0,0,0,0,0,0

FINAL,I11-Y,11,I,3
IF,CF11,53.169006,140.346039,INC,287.8,11.7,2,3110,0,0,0,0,0,0
CF,FF11,53.161944,140.494722,0,INC,287.8,6.3,108.0,5.4,1,2120,0,0,0,0,2,0
CF,RW11,53.154858,140.637300,0,INC,287.8,1.1,108.0,5.3,1,202,0,0,0,0,3,0
FA,RW11,53.154858,140.637300,0,NA,0.0,0.0,108.0,2,2120,0,0,0,0,0,0
DF,NA,53.152333,140.688139,2, ,0.0,0.0,2,3110,0,0,0,0,0,0

APPTR,I11-Z,11,NN001
IF,NN001,53.068222,140.341167, ,0.0,0.0,2,4090,0,0,0,0,1,0
TF,NN004,53.168528,140.354556,0,INC,0.0,0.0,0.0,0.0,2,2780,0,0,0,0,1,0

APPTR,I11-Z,11,NN002
IF,NN002,53.176472,140.187611, ,0.0,0.0,2,5080,0,0,0,0,1,0
TF,NN004,53.168528,140.354556,0,INC,0.0,0.0,0.0,0.0,2,2780,0,0,0,0,1,0

APPTR,I11-Z,11,NN003
IF,NN003,53.268833,140.368028, ,0.0,0.0,2,5080,0,0,0,0,1,0
TF,NN004,53.168528,140.354556,0,INC,0.0,0.0,0.0,0.0,2,2780,0,0,0,0,1,0

FINAL,I11-Z,11,I,3
IF,NN004,53.168528,140.354556,INC,287.7,11.4,2,2780,0,0,0,0,0,0
CF,FF11,53.161944,140.494722,0,INC,287.8,6.3,108.0,5.1,1,2120,0,0,0,0,2,0
CF,RW11,53.154858,140.637300,0,INC,287.8,1.1,108.0,5.2,1,202,0,0,0,0,3,0
CF,NN006,53.144083,140.856083,0,NA,107.6,6.1,108.0,7.9,0,0,0,0,0,0,0,1
DF,NN007,53.061472,140.481333,2, ,0.0,0.0,0,0,0,0,0,0,0,0
TF,NN001,53.068222,140.341167,0, ,0.0,0.0,0.0,0.0,2,4090,0,0,0,0,0,0

FINAL,I29-W,29,I,3
IF,CF29,53.137031,140.985886,IME,107.7,12.8,2,3300,0,0,0,0,0,0
CF,FI29,53.145833,140.818333,0,IME,107.7,6.7,288.0,6.1,1,2480,0,0,0,0,2,0
CF,RW29,53.153481,140.665058,0,IME,107.7,1.1,288.0,5.6,1,234,0,0,0,0,3,0
CA,0,288.0,2,2150,0,0,0,0,0,0
DF,ME,53.150722,140.724694,1, ,0.0,0.0,2,3300,0,0,0,0,0,0

FINAL,I29-X,29,I,3
IF,CF29,53.137031,140.985886,IME,107.7,12.8,2,3300,0,0,0,0,0,0
CF,FI29,53.145833,140.818333,0,IME,107.7,6.7,288.0,6.1,1,2480,0,0,0,0,2,0
CF,RW29,53.153481,140.665058,0,IME,107.7,1.1,288.0,5.6,1,234,0,0,0,0,3,0
CA,0,288.0,2,2150,0,0,0,0,0,0
DF,ME,53.150722,140.724694,1, ,0.0,0.0,2,3300,0,0,0,0,0,0

FINAL,I29-Y,29,I,3
IF,CF29,53.137031,140.985886,IME,107.7,12.8,2,3630,0,0,0,0,0,0
CF,FI29,53.145833,140.818333,0,IME,107.7,6.7,288.0,6.1,1,2480,0,0,0,0,2,0
CF,RW29,53.153481,140.665058,0,IME,107.7,1.1,288.0,5.6,1,234,0,0,0,0,3,0
CA,0,288.0,2,2150,0,0,0,0,0,0
DF,NA,53.152333,140.688139,1, ,0.0,0.0,2,3630,0,0,0,0,0,0

APPTR,I29-Z,29,NN011
IF,NN011,53.238361,140.985667, ,0.0,0.0,2,5110,0,0,0,0,1,0
TF,NN008,53.138056,140.971917,0,IME,0.0,0.0,0.0,0.0,2,3140,0,0,0,0,1,0

APPTR,I29-Z,29,NN012
IF,NN012,53.129694,141.138694, ,0.0,0.0,2,5110,0,0,0,0,1,0
TF,NN008,53.138056,140.971917,0,IME,0.0,0.0,0.0,0.0,2,3140,0,0,0,0,1,0

APPTR,I29-Z,29,NN013
IF,NN013,53.037750,140.958250, ,0.0,0.0,2,5430,0,0,0,0,1,0
TF,NN008,53.138056,140.971917,0,IME,0.0,0.0,0.0,0.0,2,3140,0,0,0,0,1,0

FINAL,I29-Z,29,I,3
IF,NN008,53.138056,140.971917,IME,107.6,12.3,2,3140,0,0,0,0,0,0
CF,FI29,53.145833,140.818333,0,IME,107.7,6.7,288.0,5.6,1,2480,0,0,0,0,2,0
CF,RW29,53.153481,140.665058,0,IME,107.7,1.1,288.0,5.6,1,234,0,0,0,0,3,0
CF,NN010,53.164833,140.438806,0,NA,287.9,9.0,288.0,8.2,0,0,0,0,0,0,0,1
DF,NN014,53.044750,140.817750,1, ,0.0,0.0,0,0,0,0,0,0,0,0
TF,NN013,53.037750,140.958250,0, ,0.0,0.0,0.0,0.0,2,5430,0,0,0,0,0,0

APPTR,J11,11,NN001
IF,NN001,53.068222,140.341167, ,0.0,0.0,2,4090,0,0,0,0,1,0
TF,NN004,53.168528,140.354556,0,G11A,0.0,0.0,0.0,0.0,2,2780,0,0,0,0,1,0

APPTR,J11,11,NN002
IF,NN002,53.176472,140.187611, ,0.0,0.0,2,5080,0,0,0,0,1,0
TF,NN004,53.168528,140.354556,0,G11A,0.0,0.0,0.0,0.0,2,2780,0,0,0,0,1,0

APPTR,J11,11,NN003
IF,NN003,53.268833,140.368028, ,0.0,0.0,2,5080,0,0,0,0,1,0
TF,NN004,53.168528,140.354556,0,G11A,0.0,0.0,0.0,0.0,2,2780,0,0,0,0,1,0

FINAL,J11,11,G,3
IF,NN004,53.168528,140.354556,G11A,0.0,0.0,2,2780,0,0,0,0,0,0
TF,NN005,53.161833,140.494722,0,G11A,0.0,0.0,107.0,5.1,1,2120,0,0,0,0,2,0
TF,RW11,53.154858,140.637300,0,G11A,0.0,0.0,108.0,5.2,1,202,0,0,0,0,3,1
CF,NN006,53.144083,140.856083,0,NA,107.6,6.1,108.0,7.9,0,0,0,0,0,0,0,1
DF,NN007,53.061472,140.481333,2, ,0.0,0.0,0,0,0,0,0,0,0,0
TF,NN001,53.068222,140.341167,0, ,0.0,0.0,0.0,0.0,2,4090,0,0,0,0,0,0

APPTR,J29,29,NN011
IF,NN011,53.238361,140.985667, ,0.0,0.0,2,5110,0,0,0,0,1,0
TF,NN008,53.138056,140.971917,0,G29A,0.0,0.0,0.0,0.0,2,3140,0,0,0,0,1,0

APPTR,J29,29,NN012
IF,NN012,53.129694,141.138694, ,0.0,0.0,2,5110,0,0,0,0,1,0
TF,NN008,53.138056,140.971917,0,G29A,0.0,0.0,0.0,0.0,2,3140,0,0,0,0,1,0

APPTR,J29,29,NN013
IF,NN013,53.037750,140.958250, ,0.0,0.0,2,5430,0,0,0,0,1,0
TF,NN008,53.138056,140.971917,0,G29A,0.0,0.0,0.0,0.0,2,3140,0,0,0,0,1,0

FINAL,J29,29,G,3
IF,NN008,53.138056,140.971917,G29A,0.0,0.0,2,3140,0,0,0,0,0,0
TF,NN009,53.145056,140.831944,0,G29A,0.0,0.0,288.0,5.1,1,2480,0,0,0,0,2,0
TF,RW29,53.153481,140.665058,0,G29A,0.0,0.0,288.0,6.1,1,229,0,0,0,0,3,1
CF,NN010,53.164833,140.438806,0,NA,287.9,9.0,288.0,8.2,0,0,0,0,0,0,0,1
DF,NN014,53.044750,140.817750,1, ,0.0,0.0,0,0,0,0,0,0,0,0
TF,NN013,53.037750,140.958250,0, ,0.0,0.0,0.0,0.0,2,5430,0,0,0,0,0,0

FINAL,N11-Y,11,N,2
IF,FN11,53.167928,140.385375,M,0.0,0.0,2,3110,0,0,0,0,2,0
CF,RW11,53.154858,140.637300,0,M,0.0,0.0,108.0,9.1,1,202,0,0,0,0,3,0
CF,M,53.152583,140.684417,0,NA,289.4,0.1,108.0,1.7,0,0,0,0,0,0,0,1
CA,0,108.0,2,2120,0,0,0,0,0,0
DF,M,53.152583,140.684417,2, ,0.0,0.0,2,3110,0,0,0,0,0,0

FINAL,Q11-Z,11,N,4
IF,CF11,53.169006,140.346039,M,0.0,0.0,2,3110,0,0,0,0,0,0
CF,FF11,53.161944,140.494722,0,M,0.0,0.0,108.0,5.4,1,2120,0,0,0,0,2,0
CF,48DME,53.158889,140.555814,0,M,0.0,0.0,108.0,2.2,1,1300,0,0,0,0,0,0
CF,RW11,53.154858,140.637300,0,NA,0.0,1.8,108.0,3.0,1,202,0,0,0,0,3,0
CF,M,53.152583,140.684417,0,NA,289.4,0.1,108.0,1.7,0,0,0,0,0,0,0,1
CA,0,108.0,2,2120,0,0,0,0,0,0
DF,M,53.152583,140.684417,2, ,0.0,0.0,2,3110,0,0,0,0,0,0

FINAL,Q29-Y,29,N,4
IF,CF29,53.137031,140.985886,ME,0.0,0.0,2,3300,0,0,0,0,0,0
CF,FF29,53.145000,140.831944,0,ME,0.0,0.0,288.0,5.6,1,2480,0,0,0,0,2,0
CF,26DME,53.148539,140.759833,0,ME,0.0,0.0,288.0,2.6,1,1500,0,0,0,0,0,0
CF,M,53.152583,140.684417,0,NA,0.0,0.1,288.0,2.7,1,495,0,0,0,0,3,0
CA,0,288.0,2,2150,0,0,0,0,0,0
DF,ME,53.150722,140.724694,1, ,0.0,0.0,2,3300,0,0,0,0,0,0

FINAL,Q29-Z,29,N,4
IF,CF29,53.137031,140.985886,M,0.0,0.0,2,3460,0,0,0,0,0,0
CF,FF29,53.145000,140.831944,0,M,0.0,0.0,288.0,5.6,1,2480,0,0,0,0,2,0
CF,26DME,53.148539,140.759833,0,M,0.0,0.0,288.0,2.6,1,1500,0,0,0,0,0,0
CF,M,53.152583,140.684417,0,NA,0.0,0.1,288.0,2.7,1,495,0,0,0,0,3,0
CA,0,288.0,2,2150,0,0,0,0,0,0
DF,M,53.152583,140.684417,1, ,0.0,0.0,2,3460,0,0,0,0,0,0

APPTR,R11,11,NN001
IF,NN001,53.068222,140.341167, ,0.0,0.0,2,4090,0,0,0,0,1,0
TF,NN004,53.168528,140.354556,0, ,0.0,0.0,0.0,0.0,2,2780,0,0,0,0,1,0

APPTR,R11,11,NN002
IF,NN002,53.176472,140.187611, ,0.0,0.0,2,5080,0,0,0,0,1,0
TF,NN004,53.168528,140.354556,0, ,0.0,0.0,0.0,0.0,2,2780,0,0,0,0,1,0

APPTR,R11,11,NN003
IF,NN003,53.268833,140.368028, ,0.0,0.0,2,5080,0,0,0,0,1,0
TF,NN004,53.168528,140.354556,0, ,0.0,0.0,0.0,0.0,2,2780,0,0,0,0,1,0

FINAL,R11,11,R,4
IF,NN004,53.168528,140.354556, ,0.0,0.0,2,2780,0,0,0,0,0,0
TF,NN005,53.161833,140.494722,0, ,0.0,0.0,107.0,5.1,1,2120,0,0,0,0,2,0
TF,21THR,53.157714,140.579353,0, ,0.0,0.0,108.0,3.1,1,980,0,0,0,0,0,0
TF,RW11,53.154858,140.637300,0, ,0.0,0.0,108.0,2.1,1,201,0,0,0,0,3,1
CF,NN006,53.144083,140.856083,0,NA,107.6,6.1,108.0,7.9,0,0,0,0,0,0,0,1
DF,NN007,53.061472,140.481333,2, ,0.0,0.0,0,0,0,0,0,0,0,0
TF,NN001,53.068222,140.341167,0, ,0.0,0.0,0.0,0.0,2,4090,0,0,0,0,0,0

APPTR,R29,29,NN011
IF,NN011,53.238361,140.985667, ,0.0,0.0,2,5110,0,0,0,0,1,0
TF,NN008,53.138056,140.971917,0, ,0.0,0.0,0.0,0.0,2,3140,0,0,0,0,1,0

APPTR,R29,29,NN012
IF,NN012,53.129694,141.138694, ,0.0,0.0,2,5110,0,0,0,0,1,0
TF,NN008,53.138056,140.971917,0, ,0.0,0.0,0.0,0.0,2,3140,0,0,0,0,1,0

APPTR,R29,29,NN013
IF,NN013,53.037750,140.958250, ,0.0,0.0,2,5430,0,0,0,0,1,0
TF,NN008,53.138056,140.971917,0, ,0.0,0.0,0.0,0.0,2,3140,0,0,0,0,1,0

FINAL,R29,29,R,4
IF,NN008,53.138056,140.971917, ,0.0,0.0,2,3140,0,0,0,0,0,0
TF,NN009,53.145056,140.831944,0, ,0.0,0.0,288.0,5.1,1,2480,0,0,0,0,2,0
TF,29THR,53.149469,140.745058,0, ,0.0,0.0,288.0,3.2,1,1330,0,0,0,0,0,0
TF,RW29,53.153481,140.665058,0, ,0.0,0.0,288.0,2.9,1,229,0,0,0,0,3,1
CF,NN010,53.164833,140.438806,0,NA,287.9,9.0,288.0,8.2,0,0,0,0,0,0,0,1
DF,NN014,53.044750,140.817750,1, ,0.0,0.0,0,0,0,0,0,0,0,0
TF,NN013,53.037750,140.958250,0, ,0.0,0.0,0.0,0.0,2,5430,0,0,0,0,0,0

