SID,ANGAR1,04,2
CA,0,36.0,2,790,0,0,0,0,0,0
CF,ANGAR,52.100278,143.096944,0,NA,136.7,108.4,358.0,16.0,1,8000,0,0,0,0,0,0

SID,ANGAR2,22,2
CA,0,216.0,2,760,0,0,0,0,0,0
CF,ANGAR,52.100278,143.096944,2,NA,136.7,108.4,22.0,19.0,1,8000,0,0,0,0,0,0

SID,KESIK1,04,2
CA,0,36.0,2,790,0,0,0,0,0,0
CF,KESIK,51.393333,143.008333,2,NA,152.1,135.9,214.0,25.0,1,8000,0,0,0,0,0,0

SID,KESIK2,22,2
CA,0,216.0,2,760,0,0,0,0,0,0
CF,KESIK,51.393333,143.008333,0,NA,152.1,135.9,201.0,21.0,1,8000,0,0,0,0,0,0

SID,NERLI1,04,2
CA,0,36.0,2,790,0,0,0,0,0,0
CF,NERLI,51.785000,142.700000,1,NA,149.3,110.4,259.0,14.0,1,8000,0,0,0,0,0,0
TF,DABUR,51.785278,142.599722,0, ,0.0,0.0,0.0,0.0,0,0,0,0,0,0,0,0

SID,NERLI2,22,2
CA,0,216.0,2,760,0,0,0,0,0,0
VI,0, ,0.0,269.0,0,0,0,0,0,0,0,0
CF,NERLI,51.785000,142.700000,0,NA,149.3,110.4,299.0,11.0,1,8000,0,0,0,0,0,0
TF,DABUR,51.785278,142.599722,0, ,0.0,0.0,0.0,0.0,0,0,0,0,0,0,0,0

SID,VITIM1,04,2
CA,0,36.0,2,790,0,0,0,0,0,0
CF,VITIM,51.923333,142.727222,1,NA,145.9,105.0,294.0,15.0,1,8000,0,0,0,0,0,0

SID,VITIM2,22,2
CA,0,216.0,2,760,0,0,0,0,0,0
CF,VITIM,51.923333,142.727222,2,NA,145.9,105.0,327.0,15.0,1,8000,0,0,0,0,0,0

STAR,ANGA1A,04,2
IF,ANGAR,52.100278,143.096944, ,0.0,0.0,1,9000,0,0,0,0,0,0
TF,J,51.799528,143.153167,0, ,0.0,0.0,0.0,0.0,4,7000,6000,0,0,0,0,0

STAR,ANGA1G,04,5
IF,ANGAR,52.100278,143.096944, ,0.0,0.0,4,12000,9000,0,0,0,0,0
TF,SN312,51.676722,142.915314,0, ,0.0,0.0,0.0,0.0,1,3090,0,0,0,0,0,0

STAR,ANGA2A,22,2
IF,ANGAR,52.100278,143.096944, ,0.0,0.0,1,9000,0,0,0,0,0,0
TF,J,51.799528,143.153167,0, ,0.0,0.0,0.0,0.0,4,7000,6000,0,0,0,0,0

STAR,ANGA2G,22,5
IF,ANGAR,52.100278,143.096944, ,0.0,0.0,4,12000,9000,0,0,0,0,0
TF,SN411,52.028019,143.164064,0, ,0.0,0.0,0.0,0.0,1,3060,0,0,0,0,0,0

STAR,ANGA2W,22,2
IF,ANGAR,52.100278,143.096944, ,0.0,0.0,1,9000,0,0,0,0,0,0
TF,JD,51.819167,143.167222,0, ,0.0,0.0,0.0,0.0,4,7000,6000,0,0,0,0,0

STAR,KESI1A,04,2
IF,KESIK,51.393333,143.008333, ,0.0,0.0,1,9000,0,0,0,0,0,0
TF,J,51.799528,143.153167,0, ,0.0,0.0,0.0,0.0,4,7000,6000,0,0,0,0,0

STAR,KESI1G,04,5
IF,KESIK,51.393333,143.008333, ,0.0,0.0,4,12000,9000,0,0,0,0,0
TF,SN311,51.558547,143.027797,0, ,0.0,0.0,0.0,0.0,1,4070,0,0,0,0,0,0

STAR,KESI2A,22,2
IF,KESIK,51.393333,143.008333, ,0.0,0.0,1,9000,0,0,0,0,0,0
TF,J,51.799528,143.153167,0, ,0.0,0.0,0.0,0.0,4,7000,6000,0,0,0,0,0

STAR,KESI2G,22,5
IF,KESIK,51.393333,143.008333, ,0.0,0.0,4,12000,9000,0,0,0,0,0
TF,SN415,51.900144,143.376197,0, ,0.0,0.0,0.0,0.0,1,2080,0,0,0,0,0,0

STAR,KESI2W,22,2
IF,KESIK,51.393333,143.008333, ,0.0,0.0,1,9000,0,0,0,0,0,0
TF,JD,51.819167,143.167222,0, ,0.0,0.0,0.0,0.0,4,7000,6000,0,0,0,0,0

STAR,NERL1A,04,2
IF,DABUR,51.785278,142.599722, ,0.0,0.0,0,0,0,0,0,0,0,0
TF,NERLI,51.785000,142.700000,0, ,0.0,0.0,0.0,0.0,1,9000,0,0,0,0,0,0
TF,J,51.799528,143.153167,0, ,0.0,0.0,0.0,0.0,4,7000,6000,0,0,0,0,0

STAR,NERL1G,04,5
IF,DABUR,51.785278,142.599722, ,0.0,0.0,0,0,0,0,0,0,0,0
TF,NERLI,51.785000,142.700000,0, ,0.0,0.0,0.0,0.0,4,12000,8000,0,0,0,0,0
TF,SN312,51.676722,142.915314,0, ,0.0,0.0,0.0,0.0,1,3090,0,0,0,0,0,0

STAR,NERL2A,22,2
IF,DABUR,51.785278,142.599722, ,0.0,0.0,0,0,0,0,0,0,0,0
TF,NERLI,51.785000,142.700000,0, ,0.0,0.0,0.0,0.0,1,9000,0,0,0,0,0,0
TF,J,51.799528,143.153167,0, ,0.0,0.0,0.0,0.0,4,7000,6000,0,0,0,0,0

STAR,NERL2G,22,5
IF,DABUR,51.785278,142.599722, ,0.0,0.0,0,0,0,0,0,0,0,0
TF,NERLI,51.785000,142.700000,0, ,0.0,0.0,0.0,0.0,4,12000,8000,0,0,0,0,0
TF,SN412,51.969586,143.130258,0, ,0.0,0.0,0.0,0.0,1,2080,0,0,0,0,0,0

STAR,NERL2W,22,2
IF,DABUR,51.785278,142.599722, ,0.0,0.0,0,0,0,0,0,0,0,0
TF,NERLI,51.785000,142.700000,0, ,0.0,0.0,0.0,0.0,1,9000,0,0,0,0,0,0
TF,JD,51.819167,143.167222,0, ,0.0,0.0,0.0,0.0,4,7000,6000,0,0,0,0,0

STAR,VITI1A,04,2
IF,VITIM,51.923333,142.727222, ,0.0,0.0,1,9000,0,0,0,0,0,0
TF,J,51.799528,143.153167,0, ,0.0,0.0,0.0,0.0,4,7000,6000,0,0,0,0,0

STAR,VITI2A,22,2
IF,VITIM,51.923333,142.727222, ,0.0,0.0,1,9000,0,0,0,0,0,0
TF,J,51.799528,143.153167,0, ,0.0,0.0,0.0,0.0,4,7000,6000,0,0,0,0,0

STAR,VITI2W,22,2
IF,VITIM,51.923333,142.727222, ,0.0,0.0,1,9000,0,0,0,0,0,0
TF,JD,51.819167,143.167222,0, ,0.0,0.0,0.0,0.0,4,7000,6000,0,0,0,0,0

APPTR,I22-Y,22,J1
IF,J,51.799528,143.153167, ,0.0,0.0,4,7000,6000,0,0,0,1,0
CF,D055I,51.911667,143.331389,0,NA,138.5,122.2,56.0,9.4,1,3060,0,0,0,0,0,1
CF,CF22,51.894167,143.223056,1,ING,35.5,8.1,216.0,3.0,1,2080,0,0,0,0,0,0

APPTR,I22-Y,22,J2
IF,J,51.799528,143.153167, ,0.0,0.0,4,7000,6000,0,0,0,1,0
CF,D047G,51.893333,143.265278,0,NA,139.7,121.0,48.0,7.0,1,3060,0,0,0,0,0,1
CF,CF22,51.894167,143.223056,1,ING,35.5,8.1,216.0,1.0,1,2080,0,0,0,0,0,0

FINAL,I22-Y,22,I,3
IF,CF22,51.894167,143.223056,ING,35.5,8.1,1,2080,0,0,0,0,0,0
CF,FF22,51.858889,143.197222,0,ING,35.6,5.8,216.0,2.3,1,1420,0,0,0,0,2,0
CF,RW22,51.791133,143.147069,0,ING,35.6,1.3,216.0,4.5,1,153,0,0,0,0,3,0
CA,0,216.0,2,760,0,0,0,0,0,0
VM,0,0,1,36.0,1,2080,0,0,0,0,0,0

APPTR,I22-Z,22,JD1
IF,JD,51.819167,143.167222, ,0.0,0.0,4,7000,6000,0,0,0,1,0
CF,D056I,51.931111,143.345556,0,NA,138.0,121.9,56.0,9.4,1,3060,0,0,0,0,0,1
CF,CF22,51.894167,143.223056,1,ING,35.5,8.1,216.0,5.0,1,2080,0,0,0,0,0,0

APPTR,I22-Z,22,JD2
IF,JD,51.819167,143.167222, ,0.0,0.0,4,7000,6000,0,0,0,1,0
CF,D048G,51.913056,143.279444,0,NA,139.1,120.7,48.0,7.0,1,3060,0,0,0,0,0,1
CF,CF22,51.894167,143.223056,1,ING,35.5,8.1,216.0,3.0,1,2080,0,0,0,0,0,0

FINAL,I22-Z,22,I,3
IF,CF22,51.894167,143.223056,ING,35.5,8.1,1,2080,0,0,0,0,0,0
CF,FF22,51.858889,143.197222,0,ING,35.6,5.8,216.0,2.3,1,1420,0,0,0,0,2,0
CF,RW22,51.791133,143.147069,0,ING,35.6,1.3,216.0,4.5,1,153,0,0,0,0,3,0
CA,0,216.0,2,760,0,0,0,0,0,0
VM,0,0,1,36.0,1,2080,0,0,0,0,0,0

APPTR,J04,04,SN311
IF,SN311,51.558547,143.027797, ,0.0,0.0,1,4070,0,0,0,0,1,0
TF,SN313,51.641989,143.037567,0,G04A,0.0,0.0,0.0,0.0,1,2100,0,0,0,0,1,0

APPTR,J04,04,SN312
IF,SN312,51.676722,142.915314, ,0.0,0.0,1,3090,0,0,0,0,1,0
TF,SN313,51.641989,143.037567,0,G04A,0.0,0.0,0.0,0.0,1,2100,0,0,0,0,1,0

APPTR,J04,04,SN315
IF,SN315,51.607144,143.159567, ,0.0,0.0,1,2100,0,0,0,0,0,0
TF,SN313,51.641989,143.037567,0,G04A,0.0,0.0,0.0,0.0,1,2100,0,0,0,0,1,0

FINAL,J04,04,G,3
IF,SN313,51.641989,143.037567,G04A,0.0,0.0,1,2100,0,0,0,0,0,0
TF,SN314,51.718053,143.093314,0,G04A,0.0,0.0,36.0,5.0,1,1440,0,0,0,0,2,0
TF,RW04,51.776825,143.136533,0,G04A,0.0,0.0,36.0,3.9,1,178,0,0,0,0,3,1
CA,0,36.0,2,790,0,0,0,0,0,0
CF,SN315,51.607144,143.159567,2,NA,146.6,129.9,216.0,11.0,1,2100,0,0,0,0,0,0

APPTR,J22,22,SN411
IF,SN411,52.028019,143.164064, ,0.0,0.0,1,3060,0,0,0,0,1,0
TF,SN413,51.934919,143.253356,0,G22A,0.0,0.0,0.0,0.0,1,1420,0,0,0,0,1,0

APPTR,J22,22,SN412
IF,SN412,51.969586,143.130258, ,0.0,0.0,1,2080,0,0,0,0,1,0
TF,SN413,51.934919,143.253356,0,G22A,0.0,0.0,0.0,0.0,1,1420,0,0,0,0,1,0

APPTR,J22,22,SN415
IF,SN415,51.900144,143.376197, ,0.0,0.0,1,2080,0,0,0,0,1,0
TF,SN413,51.934919,143.253356,0,G22A,0.0,0.0,0.0,0.0,1,1420,0,0,0,0,1,0

FINAL,J22,22,G,3
IF,SN413,51.934919,143.253356,G22A,0.0,0.0,1,1420,0,0,0,0,0,0
TF,SN414,51.858928,143.197092,0,G22A,0.0,0.0,216.0,5.0,1,1420,0,0,0,0,2,0
TF,RW22,51.791133,143.147069,0,G22A,0.0,0.0,216.0,4.5,1,153,0,0,0,0,3,1
CA,0,216.0,2,760,0,0,0,0,0,0
CF,SN415,51.900144,143.376197,1,NA,138.3,123.9,36.0,11.0,1,2080,0,0,0,0,0,0

APPTR,N04,04,J1
IF,J,51.799528,143.153167, ,0.0,0.0,4,7000,6000,0,0,0,1,0
CF,D196I,51.642778,143.133333,0,NA,146.3,127.7,196.0,9.5,1,3090,0,0,0,0,0,1
CF,CN04,51.677222,143.063333,2,NA,146.5,124.4,36.0,2.0,1,2100,0,0,0,0,0,0

APPTR,N04,04,J2
IF,J,51.799528,143.153167, ,0.0,0.0,4,7000,6000,0,0,0,1,0
CF,D204G,51.685556,143.112778,0,NA,145.7,125.3,204.0,7.0,1,3090,0,0,0,0,0,1
CF,CN04,51.677222,143.063333,2,NA,146.5,124.4,36.0,1.0,1,2100,0,0,0,0,0,0

FINAL,N04,04,N,3
IF,CN04,51.677222,143.063333,J,0.0,0.0,1,2100,0,0,0,0,0,0
CF,FN04,51.718056,143.093333,0,J,0.0,0.0,36.0,2.7,1,1440,0,0,0,0,2,0
CF,RW04,51.776825,143.136533,0,J,0.0,0.0,36.0,3.9,1,178,0,0,0,0,3,0
CF,J,51.799528,143.153167,0,J,0.0,0.0,36.0,1.5,2,530,0,0,0,0,0,1
CA,0,36.0,2,790,0,0,0,0,0,0
VM,0,0,2,216.0,1,2100,0,0,0,0,0,0

APPTR,N22,22,JD1
IF,JD,51.819167,143.167222, ,0.0,0.0,4,7000,6000,0,0,0,1,0
CF,D056I,51.931111,143.345556,0,NA,138.0,121.9,56.0,9.4,1,3060,0,0,0,0,0,1
CF,FN22,51.894167,143.223056,1,NA,140.1,119.8,216.0,5.0,1,2080,0,0,0,0,0,0

APPTR,N22,22,JD2
IF,JD,51.819167,143.167222, ,0.0,0.0,4,7000,6000,0,0,0,1,0
CF,D048G,51.913056,143.279444,0,NA,139.1,120.7,48.0,7.0,1,3060,0,0,0,0,0,1
CF,FN22,51.894167,143.223056,1,NA,140.1,119.8,216.0,3.0,1,2080,0,0,0,0,0,0

FINAL,N22,22,N,3
IF,FN22,51.894167,143.223056,JD,0.0,0.0,1,2080,0,0,0,0,2,0
CF,JD,51.819167,143.167222,0,JD,0.0,0.0,216.0,5.0,1,700,0,0,0,0,0,0
CF,MN22,51.807700,143.158597,0,JD,0.0,0.0,216.0,0.8,1,476,0,0,0,0,3,0
CA,0,216.0,2,760,0,0,0,0,0,0
VM,0,0,1,36.0,1,2080,0,0,0,0,0,0

APPTR,N22-Y,22,J1
IF,J,51.799528,143.153167, ,0.0,0.0,4,7000,6000,0,0,0,1,0
CF,D055I,51.911667,143.331389,0,NA,138.5,122.2,56.0,9.5,1,3060,0,0,0,0,0,1
CF,CF22,51.894167,143.223056,1,NA,140.1,119.8,216.0,3.0,1,2080,0,0,0,0,0,0

APPTR,N22-Y,22,J2
IF,J,51.799528,143.153167, ,0.0,0.0,4,7000,6000,0,0,0,1,0
CF,D047G,51.893333,143.265278,0,NA,139.7,121.0,48.0,7.0,1,3060,0,0,0,0,0,1
CF,CF22,51.894167,143.223056,1,NA,140.1,119.8,216.0,1.0,1,2080,0,0,0,0,0,0

FINAL,N22-Y,22,N,3
IF,CF22,51.894167,143.223056,J,0.0,0.0,1,2080,0,0,0,0,0,0
CF,FF22,51.858889,143.197222,0,J,0.0,0.0,216.0,2.3,1,1420,0,0,0,0,2,0
CF,JD,51.819167,143.167222,0,J,0.0,0.0,216.0,2.6,1,682,0,0,0,0,3,0
CA,0,216.0,2,760,0,0,0,0,0,0
VM,0,0,1,36.0,1,2080,0,0,0,0,0,0

APPTR,N22-Z,22,JD1
IF,JD,51.819167,143.167222, ,0.0,0.0,4,7000,6000,0,0,0,1,0
CF,D056I,51.931111,143.345556,0,NA,138.0,121.9,56.0,9.4,1,3060,0,0,0,0,0,1
CF,CF22,51.894167,143.223056,1,NA,140.1,119.8,216.0,5.0,1,2080,0,0,0,0,0,0

APPTR,N22-Z,22,JD2
IF,JD,51.819167,143.167222, ,0.0,0.0,4,7000,6000,0,0,0,1,0
CF,D048G,51.913056,143.279444,0,NA,139.1,120.7,48.0,7.0,1,3060,0,0,0,0,0,1
CF,CF22,51.894167,143.223056,1,NA,140.1,119.8,216.0,3.0,1,2080,0,0,0,0,0,0

FINAL,N22-Z,22,N,3
IF,CF22,51.894167,143.223056,JD,0.0,0.0,1,2080,0,0,0,0,0,0
CF,FF22,51.858889,143.197222,0,JD,0.0,0.0,216.0,2.3,1,1420,0,0,0,0,2,0
CF,JD,51.819167,143.167222,0,JD,0.0,0.0,216.0,2.6,1,682,0,0,0,0,3,0
CA,0,216.0,2,760,0,0,0,0,0,0
VM,0,0,1,36.0,1,2080,0,0,0,0,0,0

APPTR,R04,04,SN311
IF,SN311,51.558547,143.027797, ,0.0,0.0,1,4070,0,0,0,0,1,0
TF,SN313,51.641989,143.037567,0, ,0.0,0.0,0.0,0.0,1,2100,0,0,0,0,1,0

APPTR,R04,04,SN312
IF,SN312,51.676722,142.915314, ,0.0,0.0,1,3090,0,0,0,0,1,0
TF,SN313,51.641989,143.037567,0, ,0.0,0.0,0.0,0.0,1,2100,0,0,0,0,1,0

APPTR,R04,04,SN315
IF,SN315,51.607144,143.159567, ,0.0,0.0,1,2100,0,0,0,0,1,0
TF,SN313,51.641989,143.037567,0, ,0.0,0.0,0.0,0.0,1,2100,0,0,0,0,1,0

FINAL,R04,04,R,3
IF,SN313,51.641989,143.037567, ,0.0,0.0,1,2100,0,0,0,0,0,0
TF,SN314,51.718053,143.093314,0, ,0.0,0.0,36.0,5.0,1,1440,0,0,0,0,2,0
TF,RW04,51.776825,143.136533,0, ,0.0,0.0,36.0,3.9,1,178,0,0,0,0,3,1
CA,0,36.0,2,790,0,0,0,0,0,0
CF,SN315,51.607144,143.159567,2,YS,14.3,285.4,216.0,11.0,1,2100,0,0,0,0,0,0

APPTR,R22,22,SN411
IF,SN411,52.028019,143.164064, ,0.0,0.0,1,3060,0,0,0,0,1,0
TF,SN413,51.934919,143.253356,0, ,0.0,0.0,0.0,0.0,1,1420,0,0,0,0,1,0

APPTR,R22,22,SN412
IF,SN412,51.969586,143.130258, ,0.0,0.0,1,2080,0,0,0,0,1,0
TF,SN413,51.934919,143.253356,0, ,0.0,0.0,0.0,0.0,1,1420,0,0,0,0,1,0

APPTR,R22,22,SN415
IF,SN415,51.900144,143.376197, ,0.0,0.0,1,2080,0,0,0,0,1,0
TF,SN413,51.934919,143.253356,0, ,0.0,0.0,0.0,0.0,1,1420,0,0,0,0,1,0

FINAL,R22,22,R,3
IF,SN413,51.934919,143.253356, ,0.0,0.0,1,1420,0,0,0,0,0,0
TF,SN414,51.858928,143.197092,0, ,0.0,0.0,216.0,5.0,1,1420,0,0,0,0,2,0
TF,RW22,51.791133,143.147069,0, ,0.0,0.0,216.0,4.5,1,153,0,0,0,0,3,1
CA,0,216.0,2,760,0,0,0,0,0,0
CF,SN415,51.900144,143.376197,1,YS,15.6,303.6,36.0,11.0,1,2080,0,0,0,0,0,0

