SID,ABME4A,12,2
CF,CI,56.836750,105.807583,0,KRN,239.6,92.6,123.0,3.0,2,2700,0,0,0,0,0,1
CI,2, ,0.0,215.0,0,0,0,0,0,0,0,0
CF,ABMEN,56.409167,105.661111,0,KRN,230.9,113.7,197.0,22.0,2,10000,0,0,0,0,0,0

SID,ABME4B,30,2
DF,DER30,56.861556,105.716322,0, ,0.0,0.0,0,0,0,0,0,0,0,1
CA,0,303.0,2,2700,0,0,0,0,0,0
CI,1, ,0.0,116.0,0,0,0,0,0,0,0,0
CF,ABMEN,56.409167,105.661111,0,KRN,230.9,113.7,197.0,24.0,2,10000,0,0,0,0,0,0

SID,ABME4G,12,2
DF,C,56.848861,105.762139,0, ,0.0,0.0,0,0,0,0,0,0,0,1
CA,0,123.0,2,2700,0,0,0,0,0,0
CI,0, ,0.0,213.0,0,0,0,0,0,0,0,0
CF,ABMEN,56.409167,105.661111,0,KRN,230.9,113.7,193.0,21.0,2,10000,0,0,0,0,0,0

SID,ABME4H,30,2
DF,DER30,56.861556,105.716322,0, ,0.0,0.0,0,0,0,0,0,0,0,1
CA,0,303.0,2,2700,0,0,0,0,0,0
CI,1, ,0.0,135.0,0,0,0,0,0,0,0,0
CF,ABMEN,56.409167,105.661111,0,KRN,230.9,113.7,193.0,23.0,2,10000,0,0,0,0,0,0

SID,ABME4J,12,5
DF,DER12,56.853517,105.745636,0, ,0.0,0.0,0,0,0,0,0,0,0,1
CA,0,123.0,2,2700,0,0,0,0,0,0
DF,ABMEN,56.409167,105.661111,0, ,0.0,0.0,2,10000,0,0,0,0,0,0

SID,ABME4K,30,5
DF,DER30,56.861556,105.716322,0, ,0.0,0.0,0,0,0,0,0,0,0,1
CA,0,303.0,2,2700,0,0,0,0,0,0
DF,ABMEN,56.409167,105.661111,1, ,0.0,0.0,2,10000,0,0,0,0,0,0

SID,ATME4A,12,2
CF,CI,56.836750,105.807583,0,KRN,239.6,92.6,123.0,3.0,2,2700,0,0,0,0,0,1
CI,0, ,0.0,71.0,0,0,0,0,0,0,0,0
CF,ATMER,56.958889,106.520556,0,KRN,232.5,70.1,78.0,22.0,2,10000,0,0,0,0,0,0

SID,ATME4B,30,2
DF,DER30,56.861556,105.716322,0, ,0.0,0.0,0,0,0,0,0,0,0,1
CA,0,303.0,2,2700,0,0,0,0,0,0
DF,CI,56.836750,105.807583,1, ,0.0,0.0,0,0,0,0,0,0,0,1
CF,ATMER,56.958889,106.520556,0,KRN,232.5,70.1,78.0,25.0,2,10000,0,0,0,0,0,0

SID,ATME4G,12,2
DF,C,56.848861,105.762139,0, ,0.0,0.0,0,0,0,0,0,0,0,1
CA,0,123.0,2,2700,0,0,0,0,0,0
CI,0, ,0.0,72.0,0,0,0,0,0,0,0,0
CF,ATMER,56.958889,106.520556,0,KRN,232.5,70.1,81.0,21.0,2,10000,0,0,0,0,0,0

SID,ATME4H,30,2
DF,DER30,56.861556,105.716322,0, ,0.0,0.0,0,0,0,0,0,0,0,1
CA,0,303.0,2,2700,0,0,0,0,0,0
CI,2, ,0.0,150.0,0,0,0,0,0,0,0,0
CF,ATMER,56.958889,106.520556,0,KRN,232.5,70.1,81.0,24.0,2,10000,0,0,0,0,0,0

SID,ATME4J,12,5
DF,DER12,56.853517,105.745636,0, ,0.0,0.0,0,0,0,0,0,0,0,1
CA,0,123.0,2,2700,0,0,0,0,0,0
DF,ATMER,56.958889,106.520556,0, ,0.0,0.0,2,10000,0,0,0,0,0,0

SID,ATME4K,30,5
DF,DER30,56.861556,105.716322,0, ,0.0,0.0,0,0,0,0,0,0,0,1
CA,0,303.0,2,2700,0,0,0,0,0,0
DF,ATMER,56.958889,106.520556,2, ,0.0,0.0,2,10000,0,0,0,0,0,0

SID,BERI4A,12,2
CF,CI,56.836750,105.807583,0,KRN,239.6,92.6,123.0,3.0,2,2700,0,0,0,0,0,1
CI,2, ,0.0,309.0,0,0,0,0,0,0,0,0
CF,BERIT,56.683333,104.975833,0,KRN,244.3,120.2,258.0,25.0,2,10000,0,0,0,0,0,0

SID,BERI4B,30,2
DF,DER30,56.861556,105.716322,0, ,0.0,0.0,0,0,0,0,0,0,0,1
CA,0,303.0,2,2700,0,0,0,0,0,0
CI,0, ,0.0,219.0,0,0,0,0,0,0,0,0
CF,BERIT,56.683333,104.975833,0,KRN,244.3,120.2,258.0,21.0,2,10000,0,0,0,0,0,0

SID,BERI4G,12,2
DF,C,56.848861,105.762139,0, ,0.0,0.0,0,0,0,0,0,0,0,1
CA,0,123.0,2,2700,0,0,0,0,0,0
CI,2, ,0.0,314.0,0,0,0,0,0,0,0,0
CF,BERIT,56.683333,104.975833,0,KRN,244.3,120.2,255.0,25.0,2,10000,0,0,0,0,0,0

SID,BERI4H,30,2
DF,DER30,56.861556,105.716322,0, ,0.0,0.0,0,0,0,0,0,0,0,1
CA,0,303.0,2,2700,0,0,0,0,0,0
CI,0, ,0.0,227.0,0,0,0,0,0,0,0,0
CF,BERIT,56.683333,104.975833,0,KRN,244.3,120.2,255.0,21.0,2,10000,0,0,0,0,0,0

SID,BERI4J,12,5
DF,DER12,56.853517,105.745636,0, ,0.0,0.0,0,0,0,0,0,0,0,1
CA,0,123.0,2,2700,0,0,0,0,0,0
DF,BERIT,56.683333,104.975833,2, ,0.0,0.0,2,10000,0,0,0,0,0,0

SID,BERI4K,30,5
DF,DER30,56.861556,105.716322,0, ,0.0,0.0,0,0,0,0,0,0,0,1
CA,0,303.0,2,2700,0,0,0,0,0,0
DF,BERIT,56.683333,104.975833,0, ,0.0,0.0,2,10000,0,0,0,0,0,0

SID,ERMI4A,12,2
CF,CI,56.836750,105.807583,0,KRN,239.6,92.6,123.0,3.0,2,2700,0,0,0,0,0,0
CF,ERMIK,56.639722,106.445556,0,KRN,224.6,86.2,125.0,24.0,2,10000,0,0,0,0,0,0

SID,ERMI4B,30,2
DF,DER30,56.861556,105.716322,0, ,0.0,0.0,0,0,0,0,0,0,0,1
CA,0,303.0,2,2700,0,0,0,0,0,0
DF,CI,56.836750,105.807583,1, ,0.0,0.0,0,0,0,0,0,0,0,1
VI,0, ,0.0,155.0,0,0,0,0,0,0,0,0
CF,ERMIK,56.639722,106.445556,0,KRN,224.6,86.2,125.0,21.0,2,10000,0,0,0,0,0,0

SID,ERMI4G,12,2
DF,C,56.848861,105.762139,0, ,0.0,0.0,0,0,0,0,0,0,0,0
CA,0,123.0,2,2700,0,0,0,0,0,0
CF,ERMIK,56.639722,106.445556,0,KRN,224.6,86.2,125.0,25.0,2,10000,0,0,0,0,0,0

SID,ERMI4H,30,2
DF,DER30,56.861556,105.716322,0, ,0.0,0.0,0,0,0,0,0,0,0,1
CA,0,303.0,2,2700,0,0,0,0,0,0
CI,1, ,0.0,68.0,0,0,0,0,0,0,0,0
CF,ERMIK,56.639722,106.445556,0,KRN,224.6,86.2,125.0,25.0,2,10000,0,0,0,0,0,0

SID,ERMI4J,12,5
DF,DER12,56.853517,105.745636,0, ,0.0,0.0,0,0,0,0,0,0,0,1
CA,0,123.0,2,2700,0,0,0,0,0,0
DF,ERMIK,56.639722,106.445556,0, ,0.0,0.0,2,10000,0,0,0,0,0,0

SID,ERMI4K,30,5
DF,DER30,56.861556,105.716322,0, ,0.0,0.0,0,0,0,0,0,0,0,1
CA,0,303.0,2,2700,0,0,0,0,0,0
DF,ERMIK,56.639722,106.445556,1, ,0.0,0.0,2,10000,0,0,0,0,0,0

SID,KUDU4A,12,2
CF,CI,56.836750,105.807583,0,KRN,239.6,92.6,123.0,3.0,2,2700,0,0,0,0,0,1
CI,0, ,0.0,43.0,0,0,0,0,0,0,0,0
CF,KUDUM,57.099722,106.421389,0,KRN,239.6,67.0,58.0,21.0,2,10000,0,0,0,0,0,0

SID,KUDU4B,30,2
DF,DER30,56.861556,105.716322,0, ,0.0,0.0,0,0,0,0,0,0,0,1
CA,0,303.0,2,2700,0,0,0,0,0,0
DF,CI,56.836750,105.807583,1, ,0.0,0.0,0,0,0,0,0,0,0,0
CF,KUDUM,57.099722,106.421389,0,KRN,239.6,67.0,58.0,26.0,2,10000,0,0,0,0,0,0

SID,KUDU4G,12,2
DF,C,56.848861,105.762139,0, ,0.0,0.0,0,0,0,0,0,0,0,1
CA,0,123.0,2,2700,0,0,0,0,0,0
CI,0, ,0.0,45.0,0,0,0,0,0,0,0,0
CF,KUDUM,57.099722,106.421389,0,KRN,239.6,67.0,61.0,21.0,2,10000,0,0,0,0,0,0

SID,KUDU4H,30,2
DF,DER30,56.861556,105.716322,0, ,0.0,0.0,0,0,0,0,0,0,0,1
CA,0,303.0,2,2700,0,0,0,0,0,0
CI,2, ,0.0,122.0,0,0,0,0,0,0,0,0
CF,KUDUM,57.099722,106.421389,0,KRN,239.6,67.0,61.0,23.0,2,10000,0,0,0,0,0,0

SID,KUDU4J,12,5
DF,DER12,56.853517,105.745636,0, ,0.0,0.0,0,0,0,0,0,0,0,1
CA,0,123.0,2,2700,0,0,0,0,0,0
DF,KUDUM,57.099722,106.421389,0, ,0.0,0.0,2,10000,0,0,0,0,0,0

SID,KUDU4K,30,5
DF,DER30,56.861556,105.716322,0, ,0.0,0.0,0,0,0,0,0,0,0,1
CA,0,303.0,2,2700,0,0,0,0,0,0
DF,KUDUM,57.099722,106.421389,2, ,0.0,0.0,2,10000,0,0,0,0,0,0

SID,NONL4A,12,2
CF,CI,56.836750,105.807583,0,KRN,239.6,92.6,123.0,3.0,2,2700,0,0,0,0,0,1
CI,1, ,0.0,258.0,0,0,0,0,0,0,0,0
CF,NONLI,57.151111,105.085000,0,KRN,256.1,103.6,315.0,27.0,2,10000,0,0,0,0,0,0

SID,NONL4B,30,2
DF,DER30,56.861556,105.716322,0, ,0.0,0.0,0,0,0,0,0,0,0,1
CA,0,303.0,2,2700,0,0,0,0,0,0
CF,NONLI,57.151111,105.085000,0,KRN,256.1,103.6,315.0,27.0,2,10000,0,0,0,0,0,0

SID,NONL4G,12,2
DF,C,56.848861,105.762139,0, ,0.0,0.0,0,0,0,0,0,0,0,1
CA,0,123.0,2,2700,0,0,0,0,0,0
CI,1, ,0.0,257.0,0,0,0,0,0,0,0,0
CF,NONLI,57.151111,105.085000,0,KRN,256.1,103.6,316.0,26.0,2,10000,0,0,0,0,0,0

SID,NONL4H,30,2
DF,DER30,56.861556,105.716322,0, ,0.0,0.0,0,0,0,0,0,0,0,1
CA,0,303.0,2,2700,0,0,0,0,0,0
CF,NONLI,57.151111,105.085000,0,KRN,256.1,103.6,316.0,27.0,2,10000,0,0,0,0,0,0

SID,NONL4J,12,5
DF,DER12,56.853517,105.745636,0, ,0.0,0.0,0,0,0,0,0,0,0,1
CA,0,123.0,2,2700,0,0,0,0,0,0
DF,NONLI,57.151111,105.085000,1, ,0.0,0.0,2,10000,0,0,0,0,0,0

SID,NONL4K,30,5
DF,DER30,56.861556,105.716322,0, ,0.0,0.0,0,0,0,0,0,0,0,1
CA,0,303.0,2,2700,0,0,0,0,0,0
DF,NONLI,57.151111,105.085000,0, ,0.0,0.0,2,10000,0,0,0,0,0,0

SID,OMAK4A,12,2
CF,CI,56.836750,105.807583,0,KRN,239.6,92.6,123.0,3.0,2,2700,0,0,0,0,0,1
CI,1, ,0.0,329.0,0,0,0,0,0,0,0,0
CF,OMAKA,57.303889,105.802500,0,KRN,255.9,78.5,6.0,23.0,2,10000,0,0,0,0,0,0

SID,OMAK4B,30,2
DF,DER30,56.861556,105.716322,0, ,0.0,0.0,0,0,0,0,0,0,0,1
CA,0,303.0,2,2700,0,0,0,0,0,0
CI,2, ,0.0,60.0,0,0,0,0,0,0,0,0
CF,OMAKA,57.303889,105.802500,0,KRN,255.9,78.5,6.0,22.0,2,10000,0,0,0,0,0,0

SID,OMAK4G,12,2
DF,C,56.848861,105.762139,0, ,0.0,0.0,0,0,0,0,0,0,0,1
CA,0,123.0,2,2700,0,0,0,0,0,0
CI,1, ,0.0,334.0,0,0,0,0,0,0,0,0
CF,OMAKA,57.303889,105.802500,0,KRN,255.9,78.5,9.0,22.0,2,10000,0,0,0,0,0,0

SID,OMAK4H,30,2
DF,DER30,56.861556,105.716322,0, ,0.0,0.0,0,0,0,0,0,0,0,1
CA,0,303.0,2,2700,0,0,0,0,0,0
CI,2, ,0.0,48.0,0,0,0,0,0,0,0,0
CF,OMAKA,57.303889,105.802500,0,KRN,255.9,78.5,9.0,22.0,2,10000,0,0,0,0,0,0

SID,OMAK4J,12,5
DF,DER12,56.853517,105.745636,0, ,0.0,0.0,0,0,0,0,0,0,0,1
CA,0,123.0,2,2700,0,0,0,0,0,0
DF,OMAKA,57.303889,105.802500,1, ,0.0,0.0,2,10000,0,0,0,0,0,0

SID,OMAK4K,30,5
DF,DER30,56.861556,105.716322,0, ,0.0,0.0,0,0,0,0,0,0,0,1
CA,0,303.0,2,2700,0,0,0,0,0,0
DF,OMAKA,57.303889,105.802500,0, ,0.0,0.0,2,10000,0,0,0,0,0,0

SID,RUDT4A,12,2
CF,CI,56.836750,105.807583,0,KRN,239.6,92.6,123.0,3.0,2,2700,0,0,0,0,0,1
CI,1, ,0.0,357.0,0,0,0,0,0,0,0,0
CF,RUDTI,57.261944,106.085000,0,KRN,251.3,71.1,25.0,22.0,2,10000,0,0,0,0,0,0

SID,RUDT4B,30,2
DF,DER30,56.861556,105.716322,0, ,0.0,0.0,0,0,0,0,0,0,0,1
CA,0,303.0,2,2700,0,0,0,0,0,0
CI,2, ,0.0,95.0,0,0,0,0,0,0,0,0
CF,RUDTI,57.261944,106.085000,0,KRN,251.3,71.1,25.0,22.0,2,10000,0,0,0,0,0,0

SID,RUDT4G,12,2
DF,C,56.848861,105.762139,0, ,0.0,0.0,0,0,0,0,0,0,0,1
CA,0,123.0,2,2700,0,0,0,0,0,0
CI,1, ,0.0,1.0,0,0,0,0,0,0,0,0
CF,RUDTI,57.261944,106.085000,0,KRN,251.3,71.1,29.0,21.0,2,10000,0,0,0,0,0,0

SID,RUDT4H,30,2
DF,DER30,56.861556,105.716322,0, ,0.0,0.0,0,0,0,0,0,0,0,1
CA,0,303.0,2,2700,0,0,0,0,0,0
CI,2, ,0.0,79.0,0,0,0,0,0,0,0,0
CF,RUDTI,57.261944,106.085000,0,KRN,251.3,71.1,29.0,22.0,2,10000,0,0,0,0,0,0

SID,RUDT4J,12,5
DF,DER12,56.853517,105.745636,0, ,0.0,0.0,0,0,0,0,0,0,0,1
CA,0,123.0,2,2700,0,0,0,0,0,0
DF,RUDTI,57.261944,106.085000,1, ,0.0,0.0,2,10000,0,0,0,0,0,0

SID,RUDT4K,30,5
DF,DER30,56.861556,105.716322,0, ,0.0,0.0,0,0,0,0,0,0,0,1
CA,0,303.0,2,2700,0,0,0,0,0,0
DF,RUDTI,57.261944,106.085000,2, ,0.0,0.0,2,10000,0,0,0,0,0,0

STAR,ABME4C,30,2
IF,ABMEN,56.409167,105.661111, ,0.0,0.0,2,10000,0,0,0,0,0,0
TF,D017P,56.588675,105.722192,0, ,0.0,0.0,0.0,0.0,2,7000,0,0,0,0,0,0
TF,CI,56.836750,105.807583,0, ,0.0,0.0,0.0,0.0,2,3700,0,0,0,0,0,0

STAR,ABME4D,ALL,2
IF,ABMEN,56.409167,105.661111, ,0.0,0.0,2,10000,0,0,0,0,0,0
TF,D013P,56.589064,105.702158,0, ,0.0,0.0,0.0,0.0,2,7000,0,0,0,0,0,0
TF,C,56.848861,105.762139,0, ,0.0,0.0,0.0,0.0,2,3700,0,0,0,0,0,0

STAR,ABME4E,12,5
IF,ABMEN,56.409167,105.661111, ,0.0,0.0,2,10000,0,0,0,0,0,0
TF,TT007,56.611972,105.529056,0, ,0.0,0.0,0.0,0.0,2,7000,0,0,0,0,0,0
TF,TT001,56.841833,105.377583,0, ,0.0,0.0,0.0,0.0,2,5000,0,0,0,0,0,0

STAR,ABME4F,30,5
IF,ABMEN,56.409167,105.661111, ,0.0,0.0,2,10000,0,0,0,0,0,0
TF,TT024,56.595722,105.842722,0, ,0.0,0.0,0.0,0.0,2,7000,0,0,0,0,0,0
TF,TT013,56.689194,105.934500,0, ,0.0,0.0,0.0,0.0,2,5000,0,0,0,0,0,0

STAR,ATME4C,30,2
IF,ATMER,56.958889,106.520556, ,0.0,0.0,2,10000,0,0,0,0,0,0
TF,D259P,56.906864,106.213397,0, ,0.0,0.0,0.0,0.0,2,7000,0,0,0,0,0,0
TF,CI,56.836750,105.807583,0, ,0.0,0.0,0.0,0.0,2,3700,0,0,0,0,0,0

STAR,ATME4D,ALL,2
IF,ATMER,56.958889,106.520556, ,0.0,0.0,2,10000,0,0,0,0,0,0
TF,D261P,56.914561,106.210644,0, ,0.0,0.0,0.0,0.0,2,7000,0,0,0,0,0,0
TF,C,56.848861,105.762139,0, ,0.0,0.0,0.0,0.0,2,3700,0,0,0,0,0,0

STAR,ATME4E,12,5
IF,ATMER,56.958889,106.520556, ,0.0,0.0,2,10000,0,0,0,0,0,0
TF,TT011,57.066750,106.041389,0, ,0.0,0.0,0.0,0.0,2,7000,0,0,0,0,0,0
TF,TT002,57.021889,105.541667,0, ,0.0,0.0,0.0,0.0,2,5000,0,0,0,0,0,0

STAR,ATME4F,30,5
IF,ATMER,56.958889,106.520556, ,0.0,0.0,2,10000,0,0,0,0,0,0
TF,TT020,56.939861,106.198694,0, ,0.0,0.0,0.0,0.0,2,7000,0,0,0,0,0,0
TF,TT012,56.868889,106.099250,0, ,0.0,0.0,0.0,0.0,2,5000,0,0,0,0,0,0

STAR,BERI4C,30,2
IF,BERIT,56.683333,104.975833, ,0.0,0.0,2,10000,0,0,0,0,0,0
TF,D077P,56.741483,105.286775,0, ,0.0,0.0,0.0,0.0,2,7000,0,0,0,0,0,0
TF,CI,56.836750,105.807583,0, ,0.0,0.0,0.0,0.0,2,3700,0,0,0,0,0,0

STAR,BERI4D,ALL,2
IF,BERIT,56.683333,104.975833, ,0.0,0.0,2,10000,0,0,0,0,0,0
TF,D075P,56.748328,105.280958,0, ,0.0,0.0,0.0,0.0,2,7000,0,0,0,0,0,0
TF,C,56.848861,105.762139,0, ,0.0,0.0,0.0,0.0,2,3700,0,0,0,0,0,0

STAR,BERI4E,12,5
IF,BERIT,56.683333,104.975833, ,0.0,0.0,2,10000,0,0,0,0,0,0
TF,TT006,56.793361,105.252278,0, ,0.0,0.0,0.0,0.0,2,7000,0,0,0,0,0,0
TF,TT001,56.841833,105.377583,0, ,0.0,0.0,0.0,0.0,2,5000,0,0,0,0,0,0

STAR,BERI4F,30,5
IF,BERIT,56.683333,104.975833, ,0.0,0.0,2,10000,0,0,0,0,0,0
TF,TT023,56.686694,105.350500,0, ,0.0,0.0,0.0,0.0,2,7000,0,0,0,0,0,0
TF,TT013,56.689194,105.934500,0, ,0.0,0.0,0.0,0.0,2,5000,0,0,0,0,0,0

STAR,ERMI4C,30,2
IF,ERMIK,56.639722,106.445556, ,0.0,0.0,2,10000,0,0,0,0,0,0
TF,D305P,56.728581,106.159964,0, ,0.0,0.0,0.0,0.0,2,7000,0,0,0,0,0,0
TF,CI,56.836750,105.807583,0, ,0.0,0.0,0.0,0.0,2,3700,0,0,0,0,0,0

STAR,ERMI4D,ALL,2
IF,ERMIK,56.639722,106.445556, ,0.0,0.0,2,10000,0,0,0,0,0,0
TF,D305O,56.728028,106.159406,0, ,0.0,0.0,0.0,0.0,2,7000,0,0,0,0,0,0
TF,C,56.848861,105.762139,0, ,0.0,0.0,0.0,0.0,2,3700,0,0,0,0,0,0

STAR,ERMI4E,12,5
IF,ERMIK,56.639722,106.445556, ,0.0,0.0,2,10000,0,0,0,0,0,0
TF,TT008,56.656278,106.055000,0, ,0.0,0.0,0.0,0.0,2,7000,0,0,0,0,0,0
TF,TT001,56.841833,105.377583,0, ,0.0,0.0,0.0,0.0,2,5000,0,0,0,0,0,0

STAR,ERMI4F,30,5
IF,ERMIK,56.639722,106.445556, ,0.0,0.0,2,10000,0,0,0,0,0,0
TF,TT026,56.731500,106.163222,0, ,0.0,0.0,0.0,0.0,2,7000,0,0,0,0,0,0
TF,TT014,56.779083,106.016667,0, ,0.0,0.0,0.0,0.0,2,4400,0,0,0,0,0,0

STAR,ERMI4L,30,5
IF,ERMIK,56.639722,106.445556, ,0.0,0.0,2,10000,0,0,0,0,0,0
TF,TT025,56.796306,106.208028,0, ,0.0,0.0,0.0,0.0,2,7000,0,0,0,0,0,0
TF,TT012,56.868889,106.099250,0, ,0.0,0.0,0.0,0.0,2,5000,0,0,0,0,0,0

STAR,KUDU4C,30,2
IF,KUDUM,57.099722,106.421389, ,0.0,0.0,2,10000,0,0,0,0,0,0
TF,D238P,56.988681,106.160292,0, ,0.0,0.0,0.0,0.0,2,7000,0,0,0,0,0,0
TF,CI,56.836750,105.807583,0, ,0.0,0.0,0.0,0.0,2,3700,0,0,0,0,0,0

STAR,KUDU4D,ALL,2
IF,KUDUM,57.099722,106.421389, ,0.0,0.0,2,10000,0,0,0,0,0,0
TF,D241P,56.997614,106.150875,0, ,0.0,0.0,0.0,0.0,2,7000,0,0,0,0,0,0
TF,C,56.848861,105.762139,0, ,0.0,0.0,0.0,0.0,2,3700,0,0,0,0,0,0

STAR,KUDU4E,12,5
IF,KUDUM,57.099722,106.421389, ,0.0,0.0,2,10000,0,0,0,0,0,0
TF,TT011,57.066750,106.041389,0, ,0.0,0.0,0.0,0.0,2,7000,0,0,0,0,0,0
TF,TT002,57.021889,105.541667,0, ,0.0,0.0,0.0,0.0,2,5000,0,0,0,0,0,0

STAR,KUDU4F,30,5
IF,KUDUM,57.099722,106.421389, ,0.0,0.0,2,10000,0,0,0,0,0,0
TF,TT020,56.939861,106.198694,0, ,0.0,0.0,0.0,0.0,2,7000,0,0,0,0,0,0
TF,TT012,56.868889,106.099250,0, ,0.0,0.0,0.0,0.0,2,5000,0,0,0,0,0,0

STAR,NONL4C,30,2
IF,NONLI,57.151111,105.085000, ,0.0,0.0,2,10000,0,0,0,0,0,0
TF,D134P,57.034150,105.356394,0, ,0.0,0.0,0.0,0.0,2,7000,0,0,0,0,0,0
TF,CI,56.836750,105.807583,0, ,0.0,0.0,0.0,0.0,2,3700,0,0,0,0,0,0

STAR,NONL4D,ALL,2
IF,NONLI,57.151111,105.085000, ,0.0,0.0,2,10000,0,0,0,0,0,0
TF,D135P,57.032289,105.353492,0, ,0.0,0.0,0.0,0.0,2,7000,0,0,0,0,0,0
TF,C,56.848861,105.762139,0, ,0.0,0.0,0.0,0.0,2,3700,0,0,0,0,0,0

STAR,NONL4E,12,5
IF,NONLI,57.151111,105.085000, ,0.0,0.0,2,10000,0,0,0,0,0,0
TF,TT009,57.060278,105.403639,0, ,0.0,0.0,0.0,0.0,2,7000,0,0,0,0,0,0
TF,TT002,57.021889,105.541667,0, ,0.0,0.0,0.0,0.0,2,5000,0,0,0,0,0,0

STAR,NONL4F,30,5
IF,NONLI,57.151111,105.085000, ,0.0,0.0,2,10000,0,0,0,0,0,0
TF,TT022,57.127028,105.701806,0, ,0.0,0.0,0.0,0.0,2,7000,0,0,0,0,0,0
TF,TT012,56.868889,106.099250,0, ,0.0,0.0,0.0,0.0,2,5000,0,0,0,0,0,0

STAR,OMAK4C,30,2
IF,OMAKA,57.303889,105.802500, ,0.0,0.0,2,10000,0,0,0,0,0,0
TF,D186P,57.124319,105.804467,0, ,0.0,0.0,0.0,0.0,2,7000,0,0,0,0,0,0
TF,CI,56.836750,105.807583,0, ,0.0,0.0,0.0,0.0,2,3700,0,0,0,0,0,0

STAR,OMAK4D,ALL,2
IF,OMAKA,57.303889,105.802500, ,0.0,0.0,2,10000,0,0,0,0,0,0
TF,D189P,57.125642,105.786569,0, ,0.0,0.0,0.0,0.0,2,7000,0,0,0,0,0,0
TF,C,56.848861,105.762139,0, ,0.0,0.0,0.0,0.0,2,3700,0,0,0,0,0,0

STAR,OMAK4E,12,5
IF,OMAKA,57.303889,105.802500, ,0.0,0.0,2,10000,0,0,0,0,0,0
TF,TT010,57.122194,105.632583,0, ,0.0,0.0,0.0,0.0,2,7000,0,0,0,0,0,0
TF,TT002,57.021889,105.541667,0, ,0.0,0.0,0.0,0.0,2,5000,0,0,0,0,0,0

STAR,OMAK4F,30,5
IF,OMAKA,57.303889,105.802500, ,0.0,0.0,2,10000,0,0,0,0,0,0
TF,TT022,57.127028,105.701806,0, ,0.0,0.0,0.0,0.0,2,7000,0,0,0,0,0,0
TF,TT012,56.868889,106.099250,0, ,0.0,0.0,0.0,0.0,2,5000,0,0,0,0,0,0

STAR,RUDT4C,30,2
IF,RUDTI,57.261944,106.085000, ,0.0,0.0,2,10000,0,0,0,0,0,0
TF,D206P,57.092194,105.973436,0, ,0.0,0.0,0.0,0.0,2,7000,0,0,0,0,0,0
TF,CI,56.836750,105.807583,0, ,0.0,0.0,0.0,0.0,2,3700,0,0,0,0,0,0

STAR,RUDT4D,ALL,2
IF,RUDTI,57.261944,106.085000, ,0.0,0.0,2,10000,0,0,0,0,0,0
TF,D209P,57.097500,105.955531,0, ,0.0,0.0,0.0,0.0,2,7000,0,0,0,0,0,0
TF,C,56.848861,105.762139,0, ,0.0,0.0,0.0,0.0,2,3700,0,0,0,0,0,0

STAR,RUDT4E,12,5
IF,RUDTI,57.261944,106.085000, ,0.0,0.0,2,10000,0,0,0,0,0,0
TF,TT010,57.122194,105.632583,0, ,0.0,0.0,0.0,0.0,2,7000,0,0,0,0,0,0
TF,TT002,57.021889,105.541667,0, ,0.0,0.0,0.0,0.0,2,5000,0,0,0,0,0,0

STAR,RUDT4F,30,5
IF,RUDTI,57.261944,106.085000, ,0.0,0.0,2,10000,0,0,0,0,0,0
TF,TT021,57.044139,106.086056,0, ,0.0,0.0,0.0,0.0,2,7000,0,0,0,0,0,0
TF,TT012,56.868889,106.099250,0, ,0.0,0.0,0.0,0.0,2,5000,0,0,0,0,0,0

FINAL,I30-X,30,I,3
IF,CI30,56.800242,105.939081,ICI,122.6,8.7,1,3700,0,0,0,0,0,0
CF,FF30,56.815278,105.885000,0,ICI,122.5,6.7,303.0,2.3,1,3700,0,0,0,0,2,0
CF,RW30,56.853517,105.745636,0,ICI,122.6,1.5,303.0,5.1,1,2230,0,0,0,0,3,0
CA,0,303.0,2,3300,0,0,0,0,0,0
DF,C,56.848861,105.762139,2, ,0.0,0.0,2,3700,0,0,0,0,0,0

FINAL,I30-Y,30,I,3
IF,CI30,56.800242,105.939081,ICI,122.6,8.7,1,3700,0,0,0,0,0,0
CF,FF30,56.815278,105.885000,0,ICI,122.5,6.7,303.0,2.3,1,3700,0,0,0,0,2,0
CF,RW30,56.853517,105.745636,0,ICI,122.6,1.5,303.0,5.1,1,2230,0,0,0,0,3,0
CA,0,303.0,2,3300,0,0,0,0,0,0
DF,CI,56.836750,105.807583,0, ,0.0,0.0,2,3700,0,0,0,0,0,0

APPTR,I30-Z,30,TT012
IF,TT012,56.868889,106.099250, ,0.0,0.0,2,5000,0,0,0,0,1,0
TF,TT014,56.779083,106.016667,0,ICI,0.0,0.0,0.0,0.0,2,4400,0,0,0,0,1,0

APPTR,I30-Z,30,TT013
IF,TT013,56.689194,105.934500, ,0.0,0.0,2,5000,0,0,0,0,1,0
TF,TT014,56.779083,106.016667,0,ICI,0.0,0.0,0.0,0.0,2,4400,0,0,0,0,1,0

FINAL,I30-Z,30,I,3
IF,TT014,56.779083,106.016667,ICI,122.5,11.5,2,4400,0,0,0,0,1,0
CF,FF30,56.815278,105.885000,0,ICI,122.5,6.7,303.0,4.9,1,3700,0,0,0,0,2,0
CF,RW30,56.853517,105.745636,0,ICI,122.6,1.5,303.0,5.1,1,2230,0,0,0,0,3,0
TF,TT017,56.901389,105.569667,0, ,0.0,0.0,0.0,0.0,0,0,0,0,0,0,0,1
DF,TT018,56.942694,105.974333,2, ,0.0,0.0,0,0,0,1,205,0,0,0
TF,TT012,56.868889,106.099250,0, ,0.0,0.0,0.0,0.0,2,5000,0,0,0,0,0,0

APPTR,J12,12,TT001
IF,TT001,56.841833,105.377583, ,0.0,0.0,2,5000,0,0,0,0,1,0
TF,TT003,56.931889,105.459389,0,G12A,0.0,0.0,0.0,0.0,2,3700,0,0,0,0,1,0

APPTR,J12,12,TT002
IF,TT002,57.021889,105.541667, ,0.0,0.0,2,5000,0,0,0,0,1,0
TF,TT003,56.931889,105.459389,0,G12A,0.0,0.0,0.0,0.0,2,3700,0,0,0,0,1,0

FINAL,J12,12,G,3
IF,TT003,56.931889,105.459389,G12A,0.0,0.0,2,3700,0,0,0,0,0,0
TF,TT004,56.895778,105.591583,0,G12A,0.0,0.0,123.0,4.9,1,3700,0,0,0,0,2,0
TF,RW12,56.861556,105.716322,0,G12A,0.0,0.0,123.0,4.6,1,2237,0,0,0,0,3,1
CA,0,123.0,2,2600,0,0,0,0,0,0
DF,TT019,56.816611,105.879000,0, ,0.0,0.0,0,0,0,0,0,0,0,1
DF,TT005,57.009889,105.724639,1, ,0.0,0.0,0,0,0,1,205,0,0,0
TF,TT002,57.021889,105.541667,0, ,0.0,0.0,0.0,0.0,2,5000,0,0,0,0,0,0

APPTR,J30,30,TT012
IF,TT012,56.868889,106.099250, ,0.0,0.0,2,5000,0,0,0,0,1,0
TF,TT014,56.779083,106.016667,0,G30A,0.0,0.0,0.0,0.0,2,4400,0,0,0,0,1,0

APPTR,J30,30,TT013
IF,TT013,56.689194,105.934500, ,0.0,0.0,2,5000,0,0,0,0,1,0
TF,TT014,56.779083,106.016667,0,G30A,0.0,0.0,0.0,0.0,2,4400,0,0,0,0,1,0

FINAL,J30,30,G,3
IF,TT014,56.779083,106.016667,G30A,0.0,0.0,2,4400,0,0,0,0,1,0
TF,TT015,56.815333,105.885056,0,G30A,0.0,0.0,303.0,4.9,1,3700,0,0,0,0,2,0
TF,RW30,56.853517,105.745636,0,G30A,0.0,0.0,303.0,5.1,1,2228,0,0,0,0,3,0
CA,0,303.0,2,2600,0,0,0,0,0,0
DF,TT017,56.901389,105.569667,0, ,0.0,0.0,0,0,0,0,0,0,0,1
DF,TT018,56.942694,105.974333,2, ,0.0,0.0,0,0,0,1,205,0,0,0
TF,TT012,56.868889,106.099250,0, ,0.0,0.0,0.0,0.0,2,5000,0,0,0,0,0,0

FINAL,N12,12,N,2
IF,FN12,56.895833,105.591667,C,0.0,0.0,1,3700,0,0,0,0,2,0
CF,RW12,56.861556,105.716322,0,C,0.0,0.0,123.0,4.6,1,2237,0,0,0,0,3,0
CF,C,56.848861,105.762139,0,KRN,240.5,93.3,123.0,1.7,0,0,0,0,0,0,0,1
CA,0,123.0,2,3300,0,0,0,0,0,0
DF,C,56.848861,105.762139,1, ,0.0,0.0,2,3700,0,0,0,0,0,0

FINAL,N30-X,30,N,2
IF,FN30X,56.818611,105.870225,C,0.0,0.0,2,3700,0,0,0,0,2,0
CF,C,56.848861,105.762139,0,C,0.0,0.0,303.0,4.0,1,2425,0,0,0,0,3,0
CA,0,303.0,2,3300,0,0,0,0,0,0
DF,C,56.848861,105.762139,2, ,0.0,0.0,2,3700,0,0,0,0,0,0

FINAL,N30-Y,30,N,3
IF,FF30,56.815278,105.885000,CI,0.0,0.0,1,3700,0,0,0,0,2,0
CF,CI,56.836750,105.807583,0,CI,0.0,0.0,303.0,2.9,1,2880,0,0,0,0,0,0
CF,RW30,56.853517,105.745636,0,CI,0.0,0.0,303.0,2.3,1,2230,0,0,0,0,3,0
CA,0,303.0,2,3300,0,0,0,0,0,0
DF,CI,56.836750,105.807583,2, ,0.0,0.0,2,3700,0,0,0,0,0,0

FINAL,N30-Z,30,N,2
IF,FN30Z,56.814444,105.884167,C,0.0,0.0,1,3700,0,0,0,0,2,0
CF,C,56.848861,105.762139,0,C,0.0,0.0,303.0,4.5,1,2406,0,0,0,0,3,0
CA,0,303.0,2,3300,0,0,0,0,0,0
DF,C,56.848861,105.762139,2, ,0.0,0.0,2,3700,0,0,0,0,0,0

APPTR,R12,12,TT001
IF,TT001,56.841833,105.377583, ,0.0,0.0,2,5000,0,0,0,0,1,0
TF,TT003,56.931889,105.459389,0, ,0.0,0.0,0.0,0.0,2,3700,0,0,0,0,1,0

APPTR,R12,12,TT002
IF,TT002,57.021889,105.541667, ,0.0,0.0,2,5000,0,0,0,0,1,0
TF,TT003,56.931889,105.459389,0, ,0.0,0.0,0.0,0.0,2,3700,0,0,0,0,1,0

FINAL,R12,12,R,3
IF,TT003,56.931889,105.459389, ,0.0,0.0,2,3700,0,0,0,0,0,0
TF,TT004,56.895778,105.591583,0, ,0.0,0.0,123.0,4.9,1,3700,0,0,0,0,2,0
TF,RW12,56.861556,105.716322,0, ,0.0,0.0,123.0,4.6,1,2237,0,0,0,0,3,1
CA,0,123.0,2,2600,0,0,0,0,0,0
DF,TT019,56.816611,105.879000,0, ,0.0,0.0,0,0,0,0,0,0,0,1
DF,TT005,57.009889,105.724639,1, ,0.0,0.0,0,0,0,1,205,0,0,0
TF,TT002,57.021889,105.541667,0, ,0.0,0.0,0.0,0.0,2,5000,0,0,0,0,0,0

APPTR,R30,30,TT012
IF,TT012,56.868889,106.099250, ,0.0,0.0,2,5000,0,0,0,0,1,0
TF,TT014,56.779083,106.016667,0, ,0.0,0.0,0.0,0.0,2,4400,0,0,0,0,1,0

APPTR,R30,30,TT013
IF,TT013,56.689194,105.934500, ,0.0,0.0,2,5000,0,0,0,0,1,0
TF,TT014,56.779083,106.016667,0, ,0.0,0.0,0.0,0.0,2,4400,0,0,0,0,1,0

FINAL,R30,30,R,3
IF,TT014,56.779083,106.016667, ,0.0,0.0,2,4400,0,0,0,0,1,0
TF,TT015,56.815333,105.885056,0, ,0.0,0.0,303.0,4.9,1,3700,0,0,0,0,2,0
TF,TT016,56.848972,105.762222,0, ,0.0,0.0,303.0,4.5,1,2404,0,0,0,0,3,1
CA,0,303.0,2,2600,0,0,0,0,0,0
DF,TT017,56.901389,105.569667,0, ,0.0,0.0,0,0,0,0,0,0,0,1
DF,TT018,56.942694,105.974333,2, ,0.0,0.0,0,0,0,1,205,0,0,0
TF,TT012,56.868889,106.099250,0, ,0.0,0.0,0.0,0.0,2,5000,0,0,0,0,0,0

