SID,BULI2A,02,2
CA,0,16.0,2,1970,0,0,0,0,0,0
CI,2, ,0.0,130.0,0,0,0,0,0,0,0,0
CF,BULIG,47.966667,36.216667,0,KVH,94.0,161.1,70.0,29.0,2,7060,0,0,0,0,0,0

SID,BULI2B,20,2
CA,0,196.0,2,1970,0,0,0,0,0,0
CI,1, ,0.0,16.0,0,0,0,0,0,0,0,0
CF,BULIG,47.966667,36.216667,0,KVH,94.0,161.1,76.0,32.0,2,7060,0,0,0,0,0,0

SID,DITI4A,02,2
CA,0,16.0,2,1970,0,0,0,0,0,0
DF,ZA,47.821611,35.286389,2, ,0.0,0.0,2,4930,0,0,0,0,0,0
TF,DITIX,47.511111,34.209167,0, ,0.0,0.0,0.0,0.0,2,8040,0,0,0,0,0,0

SID,DITI4B,20,2
CA,0,196.0,2,1970,0,0,0,0,0,0
CI,2, ,0.0,296.0,0,0,0,0,0,0,0,0
CF,DITIX,47.511111,34.209167,0,KVH,121.1,99.1,236.0,43.0,2,8040,0,0,0,0,0,0

SID,ODNI3A,02,2
CA,0,16.0,2,1970,0,0,0,0,0,0
CI,0, ,0.0,286.0,0,0,0,0,0,0,0,0
CF,ODNIV,48.359722,35.103056,0,BL,195.9,148.9,340.0,24.0,2,8040,0,0,0,0,0,0

SID,ODNI3B,20,2
CA,0,196.0,2,1970,0,0,0,0,0,0
DF,ZP,47.886000,35.326806,1, ,0.0,0.0,2,4930,0,0,0,0,0,0
TF,ODNIV,48.359722,35.103056,0, ,0.0,0.0,0.0,0.0,2,8040,0,0,0,0,0,0

SID,ROLO5A,02,2
CA,0,16.0,2,1970,0,0,0,0,0,0
DF,ZA,47.821611,35.286389,2, ,0.0,0.0,2,4930,0,0,0,0,0,0
TF,ROLOP,47.351667,34.745833,0, ,0.0,0.0,0.0,0.0,2,10010,0,0,0,0,0,0

SID,ROLO5B,20,2
CA,0,196.0,2,1970,0,0,0,0,0,0
CF,ROLOP,47.351667,34.745833,0,KVH,118.0,122.2,209.0,34.0,2,10010,0,0,0,0,0,0

SID,SOMO2B,20,2
CA,0,196.0,2,1970,0,0,0,0,0,0
CI,1, ,0.0,75.0,0,0,0,0,0,0,0,0
CF,SOMON,47.370000,35.991667,0,KVH,106.9,165.0,132.0,33.0,2,11000,0,0,0,0,0,0

SID,SOMO3A,02,2
CA,0,16.0,2,1970,0,0,0,0,0,0
DF,ZA,47.821611,35.286389,2, ,0.0,0.0,2,4930,0,0,0,0,0,0
TF,SOMON,47.370000,35.991667,1, ,0.0,0.0,0.0,0.0,2,11000,0,0,0,0,0,0

SID,UMSO5A,02,2
CA,0,16.0,2,1970,0,0,0,0,0,0
CI,1, ,0.0,196.0,0,0,0,0,0,0,0,0
CF,UMSOT,47.928056,34.644167,0,KVH,103.5,101.3,277.0,23.0,2,8040,0,0,0,0,0,0

SID,UMSO5B,20,2
CA,0,196.0,2,1970,0,0,0,0,0,0
CI,2, ,0.0,353.0,0,0,0,0,0,0,0,0
CF,UMSOT,47.928056,34.644167,0,KVH,103.5,101.3,268.0,22.0,2,8040,0,0,0,0,0,0

STAR,ABDA6C,02,2
IF,ABDAR,47.196944,35.255833, ,0.0,0.0,2,11000,0,0,0,0,0,0
TF,ZA,47.821611,35.286389,0, ,0.0,0.0,0.0,0.0,2,2960,0,0,0,0,0,0

STAR,ABDA6D,20,2
IF,ABDAR,47.196944,35.255833, ,0.0,0.0,2,11000,0,0,0,0,0,0
TF,ZP,47.886000,35.326806,0, ,0.0,0.0,0.0,0.0,2,2960,0,0,0,0,0,0

STAR,BULI2C,02,2
IF,BULIG,47.966667,36.216667, ,0.0,0.0,2,8040,0,0,0,0,0,0
TF,ZA,47.821611,35.286389,0, ,0.0,0.0,0.0,0.0,2,2960,0,0,0,0,0,0

STAR,BULI2D,20,2
IF,BULIG,47.966667,36.216667, ,0.0,0.0,2,8040,0,0,0,0,0,0
TF,ZP,47.886000,35.326806,0, ,0.0,0.0,0.0,0.0,2,2960,0,0,0,0,0,0

STAR,DITI4C,02,2
IF,DITIX,47.511111,34.209167, ,0.0,0.0,2,9030,0,0,0,0,0,0
TF,ZA,47.821611,35.286389,0, ,0.0,0.0,0.0,0.0,2,2960,0,0,0,0,0,0

STAR,DITI4D,20,2
IF,DITIX,47.511111,34.209167, ,0.0,0.0,2,9030,0,0,0,0,0,0
TF,ZP,47.886000,35.326806,0, ,0.0,0.0,0.0,0.0,2,2960,0,0,0,0,0,0

STAR,ODNI3C,02,2
IF,ODNIV,48.359722,35.103056, ,0.0,0.0,2,7060,0,0,0,0,0,0
TF,ZA,47.821611,35.286389,0, ,0.0,0.0,0.0,0.0,2,2960,0,0,0,0,0,0

STAR,ODNI3D,20,2
IF,ODNIV,48.359722,35.103056, ,0.0,0.0,2,7060,0,0,0,0,0,0
TF,ZP,47.886000,35.326806,0, ,0.0,0.0,0.0,0.0,2,2960,0,0,0,0,0,0

STAR,ROLO4C,02,2
IF,ROLOP,47.351667,34.745833, ,0.0,0.0,2,11000,0,0,0,0,0,0
TF,ZA,47.821611,35.286389,0, ,0.0,0.0,0.0,0.0,2,2960,0,0,0,0,0,0

STAR,ROLO4D,20,2
IF,ROLOP,47.351667,34.745833, ,0.0,0.0,2,11000,0,0,0,0,0,0
TF,ZP,47.886000,35.326806,0, ,0.0,0.0,0.0,0.0,2,2960,0,0,0,0,0,0

STAR,SOMO2C,02,2
IF,SOMON,47.370000,35.991667, ,0.0,0.0,2,10010,0,0,0,0,0,0
TF,ZA,47.821611,35.286389,0, ,0.0,0.0,0.0,0.0,2,2960,0,0,0,0,0,0

STAR,SOMO2D,20,2
IF,SOMON,47.370000,35.991667, ,0.0,0.0,2,10010,0,0,0,0,0,0
TF,ZP,47.886000,35.326806,0, ,0.0,0.0,0.0,0.0,2,2960,0,0,0,0,0,0

STAR,UMSO5C,02,2
IF,UMSOT,47.928056,34.644167, ,0.0,0.0,2,7060,0,0,0,0,0,0
TF,ZA,47.821611,35.286389,0, ,0.0,0.0,0.0,0.0,2,2960,0,0,0,0,0,0

STAR,UMSO5D,20,2
IF,UMSOT,47.928056,34.644167, ,0.0,0.0,2,7060,0,0,0,0,0,0
TF,ZP,47.886000,35.326806,0, ,0.0,0.0,0.0,0.0,2,2960,0,0,0,0,0,0

FINAL,I20,20,I,3
IF,CF20,48.013319,35.406306,IZP,15.7,10.4,1,1970,0,0,0,0,0,0
CF,FF20,47.951889,35.367892,0,IZP,15.7,6.4,196.0,4.0,1,1970,0,0,0,0,2,0
CF,RW20,47.877508,35.321514,0,IZP,15.7,1.6,196.0,4.8,1,425,0,0,0,0,3,0
CA,0,196.0,2,1970,0,0,0,0,0,0
DF,ZP,47.886000,35.326806,1, ,0.0,0.0,2,2960,0,0,0,0,0,0

APPTR,N02,02,ZA1
IF,ZA,47.821611,35.286389, ,0.0,0.0,2,2960,0,1,220,0,1,0
FC,ZA,47.821611,35.286389,0,KVH,0.0,0.0,220.0,7.0,2,1970,0,0,0,0,0,1
CF,FF02,47.780647,35.260592,1,KVH,102.9,127.8,16.0,5.0,2,1970,0,0,0,0,0,0

APPTR,N02,02,ZA2
IF,ZA,47.821611,35.286389, ,0.0,0.0,2,2960,0,1,220,0,1,0
FC,ZA,47.821611,35.286389,0,KVH,0.0,0.0,210.0,5.8,2,1970,0,0,0,0,0,1
CF,FF02,47.780647,35.260592,1,KVH,102.9,127.8,16.0,4.0,2,1970,0,0,0,0,0,0

FINAL,N02,02,N,3
IF,FF02,47.780647,35.260592,ZA,0.0,0.0,2,1970,0,0,0,0,2,0
CF,ZA,47.821611,35.286389,0,ZA,0.0,0.0,16.0,2.7,2,1120,0,0,0,0,0,0
CF,RW02,47.856744,35.308672,0,ZA,0.0,0.0,16.0,2.3,1,389,0,0,0,0,3,0
CF,ZP,47.886000,35.326806,0,KVH,99.9,128.0,16.0,1.9,0,0,0,0,0,0,0,1
CA,0,16.0,2,1970,0,0,0,0,0,0
DF,ZA,47.821611,35.286389,2, ,0.0,0.0,2,2960,0,0,0,0,0,0

FINAL,N20,20,N,2
IF,FN20,47.951906,35.368453,ZP,0.0,0.0,2,1970,0,0,0,0,2,0
CF,ZP,47.886000,35.326806,0,ZP,0.0,0.0,196.0,4.3,1,600,0,0,0,0,3,0
CA,0,196.0,2,1970,0,0,0,0,0,0
DF,ZP,47.886000,35.326806,1, ,0.0,0.0,2,2960,0,0,0,0,0,0

