SID,BUKO2T,15,5
CF,LN101,48.188389,26.033889,0,BCU,337.5,105.8,148.0,5.0,2,1640,0,0,0,0,0,1
TF,BUKOV,47.951667,25.958333,0, ,0.0,0.0,0.0,0.0,2,10010,0,0,0,0,0,0

SID,BUKO2V,33,5
CF,LN301,48.332556,25.924417,0,BCU,336.8,115.4,328.0,5.0,2,1640,0,0,0,0,0,1
TF,LNN10,48.371028,26.037750,0, ,0.0,0.0,0.0,0.0,4,6070,2960,0,0,0,0,0
TF,LNS05,48.147000,26.205778,0, ,0.0,0.0,0.0,0.0,2,7060,0,0,0,0,0,0
TF,BUKOV,47.951667,25.958333,0, ,0.0,0.0,0.0,0.0,2,10010,0,0,0,0,0,0

SID,BUKO9A,15,2
CA,0,148.0,2,2470,0,0,0,0,0,0
DF,CR,48.241167,25.993778,1, ,0.0,0.0,2,4930,0,0,0,0,0,0
TF,BUKOV,47.951667,25.958333,0, ,0.0,0.0,0.0,0.0,2,10010,0,0,0,0,0,0

SID,BUKO9B,33,2
CA,0,328.0,2,2470,0,0,0,0,0,0
DF,CR,48.241167,25.993778,2, ,0.0,0.0,2,4930,0,0,0,0,0,0
TF,BUKOV,47.951667,25.958333,0, ,0.0,0.0,0.0,0.0,2,10010,0,0,0,0,0,0

SID,LOPN2T,15,5
CF,LN101,48.188389,26.033889,0,BCU,337.5,105.8,148.0,5.0,2,1640,0,0,0,0,0,1
TF,LNS01,48.226417,26.146472,0, ,0.0,0.0,0.0,0.0,4,7060,2960,0,0,0,0,0
TF,LNE01,48.526556,26.214500,0, ,0.0,0.0,0.0,0.0,2,9030,0,0,0,0,0,0
TF,LOPNU,49.074167,26.681389,0, ,0.0,0.0,0.0,0.0,2,9030,0,0,0,0,0,0

SID,LOPN2V,33,5
CF,LN301,48.332556,25.924417,0,BCU,336.8,115.4,328.0,5.0,2,1640,0,0,0,0,0,1
TF,LNN10,48.371028,26.037750,0, ,0.0,0.0,0.0,0.0,4,6070,2960,0,0,0,0,0
TF,LOPNU,49.074167,26.681389,0, ,0.0,0.0,0.0,0.0,2,9030,0,0,0,0,0,0

SID,LOPN6E,15,2
CA,0,148.0,2,2470,0,0,0,0,0,0
CI,1, ,0.0,328.0,0,0,0,0,0,0,0,0
CF,LOPNU,49.074167,26.681389,0,SCV,2.5,85.1,24.0,53.0,2,9030,0,0,0,0,0,0

SID,LOPN6F,33,2
CA,0,328.0,2,2470,0,0,0,0,0,0
CI,2, ,0.0,83.0,0,0,0,0,0,0,0,0
CF,LOPNU,49.074167,26.681389,0,SCV,2.5,85.1,24.0,50.0,2,9030,0,0,0,0,0,0

SID,POBE2T,15,5
CF,LN101,48.188389,26.033889,0,BCU,337.5,105.8,148.0,5.0,2,1640,0,0,0,0,0,1
TF,LNS01,48.226417,26.146472,0, ,0.0,0.0,0.0,0.0,4,7060,2960,0,0,0,0,0
TF,LNN05,48.446306,25.978083,0, ,0.0,0.0,0.0,0.0,2,7060,0,0,0,0,0,0
TF,POBED,48.720556,25.457222,0, ,0.0,0.0,0.0,0.0,2,10010,0,0,0,0,0,0

SID,POBE2V,33,5
CF,LN301,48.332556,25.924417,0,BCU,336.8,115.4,328.0,5.0,2,1640,0,0,0,0,0,1
TF,POBED,48.720556,25.457222,0, ,0.0,0.0,0.0,0.0,2,10010,0,0,0,0,0,0

SID,POBE4A,15,2
CA,0,148.0,2,2470,0,0,0,0,0,0
DF,CR,48.241167,25.993778,1, ,0.0,0.0,2,4930,0,0,0,0,0,0
TF,POBED,48.720556,25.457222,0, ,0.0,0.0,0.0,0.0,2,10010,0,0,0,0,0,0

SID,POBE4B,33,2
CA,0,328.0,2,2470,0,0,0,0,0,0
CF,POBED,48.720556,25.457222,0,SCV,324.4,72.6,318.0,31.0,2,10010,0,0,0,0,0,0

SID,RIMO2T,15,5
CF,LN101,48.188389,26.033889,0,BCU,337.5,105.8,148.0,5.0,2,1640,0,0,0,0,0,1
TF,LNS01,48.226417,26.146472,0, ,0.0,0.0,0.0,0.0,4,7060,2960,0,0,0,0,0
TF,LNN05,48.446306,25.978083,0, ,0.0,0.0,0.0,0.0,2,7060,0,0,0,0,0,0
TF,LNN01,48.583528,25.978972,0, ,0.0,0.0,0.0,0.0,2,8040,0,0,0,0,0,0
TF,RIMOS,48.758333,25.980000,0, ,0.0,0.0,0.0,0.0,2,10010,0,0,0,0,0,0

SID,RIMO2V,33,5
CF,LN301,48.332556,25.924417,0,BCU,336.8,115.4,328.0,5.0,2,1640,0,0,0,0,0,1
TF,LNN10,48.371028,26.037750,0, ,0.0,0.0,0.0,0.0,4,6070,2960,0,0,0,0,0
TF,RIMOS,48.758333,25.980000,0, ,0.0,0.0,0.0,0.0,2,10010,0,0,0,0,0,0

SID,RIMO9A,15,2
CA,0,148.0,2,2470,0,0,0,0,0,0
DF,CR,48.241167,25.993778,1, ,0.0,0.0,2,4930,0,0,0,0,0,0
TF,RIMOS,48.758333,25.980000,0, ,0.0,0.0,0.0,0.0,2,10010,0,0,0,0,0,0

SID,RIMO9B,33,2
CA,0,328.0,2,2470,0,0,0,0,0,0
CI,0, ,0.0,24.0,0,0,0,0,0,0,0,0
CF,RIMOS,48.758333,25.980000,0,SCV,341.0,67.0,354.0,24.0,2,10010,0,0,0,0,0,0

SID,TUMB2T,15,5
CF,LN101,48.188389,26.033889,0,BCU,337.5,105.8,148.0,5.0,2,1640,0,0,0,0,0,1
TF,LNS01,48.226417,26.146472,0, ,0.0,0.0,0.0,0.0,4,7060,2960,0,0,0,0,0
TF,TUMBI,48.502778,26.602222,0, ,0.0,0.0,0.0,0.0,2,9030,0,0,0,0,0,0

SID,TUMB2V,33,5
CF,LN301,48.332556,25.924417,0,BCU,336.8,115.4,328.0,5.0,2,1640,0,0,0,0,0,1
TF,LNN10,48.371028,26.037750,0, ,0.0,0.0,0.0,0.0,4,6070,2960,0,0,0,0,0
TF,TUMBI,48.502778,26.602222,0, ,0.0,0.0,0.0,0.0,2,9030,0,0,0,0,0,0

SID,TUMB6A,15,2
CA,0,148.0,2,2470,0,0,0,0,0,0
CI,1, ,0.0,328.0,0,0,0,0,0,0,0,0
CF,TUMBI,48.502778,26.602222,0,SCV,4.9,50.8,52.0,25.0,2,9030,0,0,0,0,0,0

SID,TUMB6B,33,2
CA,0,328.0,2,2470,0,0,0,0,0,0
CI,2, ,0.0,142.0,0,0,0,0,0,0,0,0
CF,TUMBI,48.502778,26.602222,0,SCV,4.9,50.8,52.0,25.0,2,9030,0,0,0,0,0,0

STAR,BUKO3J,15,5
IF,BUKOV,47.951667,25.958333, ,0.0,0.0,2,9030,0,0,0,0,0,0
TF,LNS01,48.226417,26.146472,0, ,0.0,0.0,0.0,0.0,2,8040,0,0,0,0,0,0
TF,LNN05,48.446306,25.978083,0, ,0.0,0.0,0.0,0.0,4,6070,3940,1,220,0,0,0

STAR,BUKO3U,33,5
IF,BUKOV,47.951667,25.958333, ,0.0,0.0,2,9030,0,0,0,0,0,0
TF,LN405,48.109306,26.094111,0, ,0.0,0.0,0.0,0.0,2,2960,0,1,220,0,0,0

STAR,BUKO9C,15,2
IF,BUKOV,47.951667,25.958333, ,0.0,0.0,2,9030,0,0,0,0,0,0
TF,CR,48.241167,25.993778,0, ,0.0,0.0,0.0,0.0,2,3940,0,0,0,0,0,0

STAR,BUKO9D,33,2
IF,BUKOV,47.951667,25.958333, ,0.0,0.0,2,9030,0,0,0,0,0,0
TF,CR,48.241167,25.993778,0, ,0.0,0.0,0.0,0.0,2,3940,0,0,0,0,0,0

STAR,LOPN3J,15,5
IF,LOPNU,49.074167,26.681389, ,0.0,0.0,2,10010,0,0,0,0,0,0
TF,LNE01,48.526556,26.214500,0, ,0.0,0.0,0.0,0.0,2,6070,0,0,0,0,0,0
TF,LNN05,48.446306,25.978083,0, ,0.0,0.0,0.0,0.0,4,6070,3940,1,220,0,0,0

STAR,LOPN3U,33,5
IF,LOPNU,49.074167,26.681389, ,0.0,0.0,2,10010,0,0,0,0,0,0
TF,LNN10,48.371028,26.037750,0, ,0.0,0.0,0.0,0.0,2,7060,0,0,0,0,0,0
TF,LNS05,48.147000,26.205778,0, ,0.0,0.0,0.0,0.0,4,6070,3940,1,220,0,0,0

STAR,LOPN6G,15,2
IF,LOPNU,49.074167,26.681389, ,0.0,0.0,2,10010,0,0,0,0,0,0
TF,CR,48.241167,25.993778,0, ,0.0,0.0,0.0,0.0,2,3940,0,0,0,0,0,0

STAR,LOPN6H,33,2
IF,LOPNU,49.074167,26.681389, ,0.0,0.0,2,10010,0,0,0,0,0,0
TF,CR,48.241167,25.993778,0, ,0.0,0.0,0.0,0.0,2,3940,0,0,0,0,0,0

STAR,POBE3J,15,5
IF,POBED,48.720556,25.457222, ,0.0,0.0,2,9030,0,0,0,0,0,0
TF,LN215,48.467000,25.672222,0, ,0.0,0.0,0.0,0.0,2,6070,0,0,0,0,0,0
TF,LN210,48.370333,25.754000,0, ,0.0,0.0,0.0,0.0,2,3940,0,1,220,0,0,0

STAR,POBE3U,33,5
IF,POBED,48.720556,25.457222, ,0.0,0.0,2,9030,0,0,0,0,0,0
TF,LNN10,48.371028,26.037750,0, ,0.0,0.0,0.0,0.0,2,7060,0,0,0,0,0,0
TF,LNS05,48.147000,26.205778,0, ,0.0,0.0,0.0,0.0,4,6070,3940,1,220,0,0,0

STAR,POBE4C,15,2
IF,POBED,48.720556,25.457222, ,0.0,0.0,2,9030,0,0,0,0,0,0
TF,CR,48.241167,25.993778,0, ,0.0,0.0,0.0,0.0,2,3940,0,0,0,0,0,0

STAR,POBE4D,33,2
IF,POBED,48.720556,25.457222, ,0.0,0.0,2,9030,0,0,0,0,0,0
TF,CR,48.241167,25.993778,0, ,0.0,0.0,0.0,0.0,2,3940,0,0,0,0,0,0

STAR,RIMO3J,15,5
IF,RIMOS,48.758333,25.980000, ,0.0,0.0,2,9030,0,0,0,0,0,0
TF,LNN01,48.583528,25.978972,0, ,0.0,0.0,0.0,0.0,4,7060,6070,0,0,0,0,0
TF,LNN05,48.446306,25.978083,0, ,0.0,0.0,0.0,0.0,4,6070,3940,1,220,0,0,0

STAR,RIMO3U,33,5
IF,RIMOS,48.758333,25.980000, ,0.0,0.0,2,9030,0,0,0,0,0,0
TF,LNN10,48.371028,26.037750,0, ,0.0,0.0,0.0,0.0,2,7060,0,0,0,0,0,0
TF,LNS05,48.147000,26.205778,0, ,0.0,0.0,0.0,0.0,4,6070,3940,1,220,0,0,0

STAR,RIMO9C,15,2
IF,RIMOS,48.758333,25.980000, ,0.0,0.0,2,9030,0,0,0,0,0,0
TF,CR,48.241167,25.993778,0, ,0.0,0.0,0.0,0.0,2,3940,0,0,0,0,0,0

STAR,RIMO9D,33,2
IF,RIMOS,48.758333,25.980000, ,0.0,0.0,2,9030,0,0,0,0,0,0
TF,CR,48.241167,25.993778,0, ,0.0,0.0,0.0,0.0,2,3940,0,0,0,0,0,0

STAR,TUMB3J,15,5
IF,TUMBI,48.502778,26.602222, ,0.0,0.0,2,10010,0,0,0,0,0,0
TF,LNE01,48.526556,26.214500,0, ,0.0,0.0,0.0,0.0,2,6070,0,0,0,0,0,0
TF,LNN05,48.446306,25.978083,0, ,0.0,0.0,0.0,0.0,4,6070,3940,1,220,0,0,0

STAR,TUMB3U,33,5
IF,TUMBI,48.502778,26.602222, ,0.0,0.0,2,10010,0,0,0,0,0,0
TF,LN410,48.314417,26.392083,0, ,0.0,0.0,0.0,0.0,2,6070,0,0,0,0,0,0
TF,LNS05,48.147000,26.205778,0, ,0.0,0.0,0.0,0.0,4,6070,3940,1,220,0,0,0

STAR,TUMB6C,15,2
IF,TUMBI,48.502778,26.602222, ,0.0,0.0,2,10010,0,0,0,0,0,0
TF,CR,48.241167,25.993778,0, ,0.0,0.0,0.0,0.0,2,3940,0,0,0,0,0,0

STAR,TUMB6D,33,2
IF,TUMBI,48.502778,26.602222, ,0.0,0.0,2,10010,0,0,0,0,0,0
TF,CR,48.241167,25.993778,0, ,0.0,0.0,0.0,0.0,2,3940,0,0,0,0,0,0

APPTR,I15,15,CR1
IF,CR,48.241167,25.993778, ,0.0,0.0,2,3940,0,0,0,0,1,0
FC,CR,48.241167,25.993778,0,SCV,0.0,0.0,357.0,7.0,2,2790,0,0,0,0,0,1
CF,CI15,48.365569,25.899328,1,ICN,328.1,7.9,148.0,1.0,2,2300,0,0,0,0,0,0

APPTR,I15,15,CR2
IF,CR,48.241167,25.993778, ,0.0,0.0,2,3940,0,0,0,0,1,0
FC,CR,48.241167,25.993778,0,SCV,0.0,0.0,340.0,7.0,2,2630,0,0,0,0,0,1
CF,CI15,48.365569,25.899328,1,ICN,328.1,7.9,148.0,1.0,2,2300,0,0,0,0,0,0

APPTR,I15,15,LN210
IF,LN210,48.370333,25.754000, ,0.0,0.0,2,3940,0,1,220,0,1,0
TF,LN205,48.408278,25.866056,0, ,0.0,0.0,0.0,0.0,2,2960,0,0,0,0,1,0
TF,CI15,48.365569,25.899328,0,ICN,0.0,0.0,0.0,0.0,2,2300,0,0,0,0,0,0

APPTR,I15,15,LNN05
IF,LNN05,48.446306,25.978083, ,0.0,0.0,4,6070,3940,1,220,0,1,0
TF,LN205,48.408278,25.866056,0, ,0.0,0.0,0.0,0.0,2,2960,0,0,0,0,1,0
TF,CI15,48.365569,25.899328,0,ICN,0.0,0.0,0.0,0.0,2,2300,0,0,0,0,0,0

FINAL,I15,15,I,3
IF,CI15,48.365569,25.899328,ICN,328.1,7.9,2,2300,0,0,0,0,0,0
CF,FF15,48.336056,25.921139,0,ICN,327.9,6.0,148.0,2.0,1,2300,0,0,0,0,2,0
CF,RW15,48.268389,25.973303,0,ICN,328.1,1.4,148.0,4.6,1,853,0,0,0,0,3,0
CA,0,148.0,2,1970,0,0,0,0,0,0
DF,CR,48.241167,25.993778,1, ,0.0,0.0,1,3940,0,0,0,0,0,0

APPTR,I33,33,CR1
IF,CR,48.241167,25.993778, ,0.0,0.0,2,3940,0,0,0,0,1,0
FC,CR,48.241167,25.993778,0,SCV,0.0,0.0,110.0,5.3,2,2790,0,0,0,0,0,1
CF,CI33,48.154803,26.059817,2,ICR,148.0,8.0,328.0,1.0,2,2300,0,0,0,0,0,0

APPTR,I33,33,CR2
IF,CR,48.241167,25.993778, ,0.0,0.0,2,3940,0,0,0,0,1,0
FC,CR,48.241167,25.993778,0,SCV,0.0,0.0,134.0,5.8,2,2630,0,0,0,0,0,1
CF,CI33,48.154803,26.059817,2,ICR,148.0,8.0,328.0,1.0,2,2300,0,0,0,0,0,0

APPTR,I33,33,LN405
IF,LN405,48.109306,26.094111, ,0.0,0.0,2,2960,0,1,220,0,1,0
TF,CI33,48.154803,26.059817,0,ICR,0.0,0.0,0.0,0.0,2,2300,0,0,0,0,0,0

APPTR,I33,33,LNS05
IF,LNS05,48.147000,26.205778, ,0.0,0.0,4,6070,3940,1,220,0,1,0
TF,LN405,48.109306,26.094111,0, ,0.0,0.0,0.0,0.0,2,2960,0,0,0,0,1,0
TF,CI33,48.154803,26.059817,0,ICR,0.0,0.0,0.0,0.0,2,2300,0,0,0,0,0,0

FINAL,I33,33,I,3
IF,CI33,48.154803,26.059817,ICR,148.0,8.0,2,2300,0,0,0,0,0,0
CF,FF33,48.184028,26.037667,0,ICR,148.0,6.0,328.0,2.0,1,2300,0,0,0,0,2,0
CF,RW33,48.250617,25.986811,0,ICR,148.1,1.6,328.0,4.5,1,880,0,0,0,0,3,0
CA,0,328.0,2,2470,0,0,0,0,0,0
DF,CR,48.241167,25.993778,2, ,0.0,0.0,1,3940,0,0,0,0,0,0

APPTR,N15,15,CR1
IF,CR,48.241167,25.993778, ,0.0,0.0,2,3940,0,0,0,0,1,0
FC,CR,48.241167,25.993778,0,SCV,0.0,0.0,357.0,7.0,2,2790,0,0,0,0,0,1
CF,FF15,48.336056,25.921139,1,SCV,330.2,43.6,148.0,3.0,2,2300,0,0,0,0,0,0

APPTR,N15,15,CR2
IF,CR,48.241167,25.993778, ,0.0,0.0,2,3940,0,0,0,0,1,0
FC,CR,48.241167,25.993778,0,SCV,0.0,0.0,340.0,7.0,2,2630,0,0,0,0,0,1
CF,FF15,48.336056,25.921139,1,SCV,330.2,43.6,148.0,3.0,2,2300,0,0,0,0,0,0

FINAL,N15,15,N,2
IF,FF15,48.336056,25.921139,CR,0.0,0.0,2,2300,0,0,0,0,2,0
CF,RW15,48.268389,25.973303,0,CR,0.0,0.0,148.0,4.6,1,853,0,0,0,0,3,0
CF,CR,48.241167,25.993778,0,SCV,330.7,37.2,148.0,1.8,0,0,0,0,0,0,0,1
CA,0,148.0,2,1970,0,0,0,0,0,0
DF,CR,48.241167,25.993778,1, ,0.0,0.0,1,3940,0,0,0,0,0,0

APPTR,N33,33,CR1
IF,CR,48.241167,25.993778, ,0.0,0.0,2,3940,0,0,0,0,1,0
FC,CR,48.241167,25.993778,0,SCV,0.0,0.0,110.0,5.3,2,2790,0,0,0,0,0,1
CF,FF33,48.184028,26.037667,2,SCV,331.1,33.4,328.0,2.5,2,2300,0,0,0,0,0,0

APPTR,N33,33,CR2
IF,CR,48.241167,25.993778, ,0.0,0.0,2,3940,0,0,0,0,1,0
FC,CR,48.241167,25.993778,0,SCV,0.0,0.0,134.0,5.8,2,2630,0,0,0,0,0,1
CF,FF33,48.184028,26.037667,2,SCV,331.1,33.4,328.0,3.0,2,2300,0,0,0,0,0,0

FINAL,N33,33,N,2
IF,FF33,48.184028,26.037667,CR,0.0,0.0,2,2300,0,0,0,0,2,0
CF,CR,48.241167,25.993778,0,CR,0.0,0.0,328.0,3.9,1,1082,0,0,0,0,3,0
CA,0,328.0,2,3120,0,0,0,0,0,0
DF,CR,48.241167,25.993778,2, ,0.0,0.0,1,3940,0,0,0,0,0,0

