SID,ABEL3A,08,2
CA,0,78.0,2,500,0,0,0,0,0,0
DF,AZ,64.606778,40.584611,1, ,0.0,0.0,0,0,0,0,0,0,0,0
TF,ABELU,63.733333,40.182500,0, ,0.0,0.0,0.0,0.0,2,6000,0,0,0,0,0,0

SID,ABEL3C,26,2
CA,0,258.0,2,700,0,0,0,0,0,0
DF,KM,64.594611,40.833278,2, ,0.0,0.0,0,0,0,0,0,0,0,0
TF,ABELU,63.733333,40.182500,0, ,0.0,0.0,0.0,0.0,2,6000,0,0,0,0,0,0

SID,ABEL3J,08,5
CA,0,78.0,2,2200,0,0,0,0,0,0
DF,ABELU,63.733333,40.182500,2, ,0.0,0.0,2,6000,0,0,0,0,0,0

SID,ABEL3K,26,5
CA,0,258.0,2,2200,0,0,0,0,0,0
DF,ABELU,63.733333,40.182500,1, ,0.0,0.0,2,6000,0,0,0,0,0,0

SID,ADIN3A,08,2
CA,0,78.0,2,500,0,0,0,0,0,0
VI,0, ,0.0,121.0,0,0,0,0,0,0,0,0
CF,ADINU,64.280833,42.661389,0,KTL,313.4,214.4,91.0,50.0,2,7000,0,0,0,0,0,0

SID,ADIN3C,26,2
CA,0,258.0,2,700,0,0,0,0,0,0
DF,KM,64.594611,40.833278,2, ,0.0,0.0,0,0,0,0,0,0,0,0
TF,ADINU,64.280833,42.661389,0, ,0.0,0.0,0.0,0.0,2,7000,0,0,0,0,0,0

SID,ADIN3J,08,5
CA,0,78.0,2,2200,0,0,0,0,0,0
DF,ADINU,64.280833,42.661389,0, ,0.0,0.0,2,7000,0,0,0,0,0,0

SID,ADIN3K,26,5
CA,0,258.0,2,700,0,0,0,0,0,0
DF,ADINU,64.280833,42.661389,2, ,0.0,0.0,2,7000,0,0,0,0,0,0

SID,BESU3A,08,2
CA,0,78.0,2,2200,0,0,0,0,0,0
DF,AZ,64.606778,40.584611,2, ,0.0,0.0,0,0,0,0,0,0,0,0
TF,BESUM,64.684167,38.635833,0, ,0.0,0.0,0.0,0.0,2,6000,0,0,0,0,0,0

SID,BESU3C,26,2
CA,0,258.0,2,2200,0,0,0,0,0,0
CF,BESUM,64.684167,38.635833,0,KTL,299.7,302.9,258.0,50.0,2,6000,0,0,0,0,0,0

SID,BESU3J,08,5
CA,0,78.0,2,500,0,0,0,0,0,0
DF,BESUM,64.684167,38.635833,1, ,0.0,0.0,2,6000,0,0,0,0,0,0

SID,BESU3K,26,5
CA,0,258.0,2,2200,0,0,0,0,0,0
DF,BESUM,64.684167,38.635833,0, ,0.0,0.0,2,6000,0,0,0,0,0,0

SID,GUMS3A,08,2
CA,0,78.0,2,500,0,0,0,0,0,0
CF,GUMSA,64.694167,42.798889,0,KTL,317.5,233.9,66.0,53.0,2,7000,0,0,0,0,0,0

SID,GUMS3C,26,2
CA,0,258.0,2,2200,0,0,0,0,0,0
DF,KM,64.594611,40.833278,1, ,0.0,0.0,0,0,0,0,0,0,0,0
TF,GUMSA,64.694167,42.798889,0, ,0.0,0.0,0.0,0.0,2,7000,0,0,0,0,0,0

SID,GUMS3J,08,5
CA,0,78.0,2,500,0,0,0,0,0,0
DF,GUMSA,64.694167,42.798889,0, ,0.0,0.0,2,7000,0,0,0,0,0,0

SID,GUMS3K,26,5
CA,0,258.0,2,700,0,0,0,0,0,0
DF,GUMSA,64.694167,42.798889,2, ,0.0,0.0,2,7000,0,0,0,0,0,0

SID,KOTI3A,08,2
CA,0,78.0,2,2200,0,0,0,0,0,0
DF,AZ,64.606778,40.584611,2, ,0.0,0.0,0,0,0,0,0,0,0,0
TF,KOTID,65.260000,39.285556,0, ,0.0,0.0,0.0,0.0,2,6000,0,0,0,0,0,0

SID,KOTI3C,26,2
CA,0,258.0,2,700,0,0,0,0,0,0
CI,0, ,0.0,337.0,0,0,0,0,0,0,0,0
CF,KOTID,65.260000,39.285556,0,KTL,306.5,314.5,298.0,50.0,2,6000,0,0,0,0,0,0

SID,KOTI3J,08,5
CA,0,78.0,2,500,0,0,0,0,0,0
DF,KOTID,65.260000,39.285556,1, ,0.0,0.0,2,6000,0,0,0,0,0,0

SID,KOTI3K,26,5
CA,0,258.0,2,700,0,0,0,0,0,0
DF,KOTID,65.260000,39.285556,0, ,0.0,0.0,2,6000,0,0,0,0,0,0

SID,MAGE3A,08,2
CA,0,78.0,2,500,0,0,0,0,0,0
DF,AZ,64.606778,40.584611,1, ,0.0,0.0,0,0,0,0,0,0,0,0
TF,MAGEM,64.270000,38.785556,0, ,0.0,0.0,0.0,0.0,2,6000,0,0,0,0,0,0

SID,MAGE3C,26,2
CA,0,258.0,2,2200,0,0,0,0,0,0
CI,0, ,0.0,192.0,0,0,0,0,0,0,0,0
CF,MAGEM,64.270000,38.785556,0,KTL,296.3,284.5,233.0,44.0,2,6000,0,0,0,0,0,0

SID,MAGE3J,08,5
CA,0,78.0,2,2200,0,0,0,0,0,0
DF,MAGEM,64.270000,38.785556,2, ,0.0,0.0,2,6000,0,0,0,0,0,0

SID,MAGE3K,26,5
CA,0,258.0,2,2200,0,0,0,0,0,0
DF,MAGEM,64.270000,38.785556,0, ,0.0,0.0,2,6000,0,0,0,0,0,0

SID,MAKO3A,08,2
CA,0,78.0,2,500,0,0,0,0,0,0
DF,AZ,64.606778,40.584611,1, ,0.0,0.0,0,0,0,0,0,0,0,0
TF,MAKOG,64.063333,39.061111,0, ,0.0,0.0,0.0,0.0,2,6000,0,0,0,0,0,0

SID,MAKO3C,26,2
CA,0,258.0,2,2200,0,0,0,0,0,0
CI,1, ,0.0,153.0,0,0,0,0,0,0,0,0
CF,MAKOG,64.063333,39.061111,0,KTL,295.1,271.3,218.0,46.0,2,6000,0,0,0,0,0,0

SID,MAKO3J,08,5
CA,0,78.0,2,2200,0,0,0,0,0,0
DF,MAKOG,64.063333,39.061111,2, ,0.0,0.0,2,6000,0,0,0,0,0,0

SID,MAKO3K,26,5
CA,0,258.0,2,2200,0,0,0,0,0,0
DF,MAKOG,64.063333,39.061111,0, ,0.0,0.0,2,6000,0,0,0,0,0,0

SID,OBIR3A,08,2
CA,0,78.0,2,500,0,0,0,0,0,0
DF,AZ,64.606778,40.584611,1, ,0.0,0.0,0,0,0,0,0,0,0,0
TF,OBIRA,63.863333,39.537500,0, ,0.0,0.0,0.0,0.0,2,6000,0,0,0,0,0,0

SID,OBIR3C,26,2
CA,0,258.0,2,700,0,0,0,0,0,0
DF,KM,64.594611,40.833278,2, ,0.0,0.0,0,0,0,0,0,0,0,0
TF,OBIRA,63.863333,39.537500,0, ,0.0,0.0,0.0,0.0,2,6000,0,0,0,0,0,0

SID,OBIR3J,08,5
CA,0,78.0,2,2200,0,0,0,0,0,0
DF,OBIRA,63.863333,39.537500,2, ,0.0,0.0,2,6000,0,0,0,0,0,0

SID,OBIR3K,26,5
CA,0,258.0,2,2200,0,0,0,0,0,0
DF,OBIRA,63.863333,39.537500,0, ,0.0,0.0,2,6000,0,0,0,0,0,0

SID,ODES3A,08,2
CA,0,78.0,2,2200,0,0,0,0,0,0
CI,2, ,0.0,203.0,0,0,0,0,0,0,0,0
CF,ODESI,63.860833,41.890000,0,KTL,304.8,206.9,124.0,47.0,2,7000,0,0,0,0,0,0

SID,ODES3C,26,2
CA,0,258.0,2,700,0,0,0,0,0,0
DF,KM,64.594611,40.833278,2, ,0.0,0.0,0,0,0,0,0,0,0,0
TF,ODESI,63.860833,41.890000,0, ,0.0,0.0,0.0,0.0,2,7000,0,0,0,0,0,0

SID,ODES3J,08,5
CA,0,78.0,2,2200,0,0,0,0,0,0
DF,ODESI,63.860833,41.890000,0, ,0.0,0.0,2,7000,0,0,0,0,0,0

SID,ODES3K,26,5
CA,0,258.0,2,700,0,0,0,0,0,0
DF,ODESI,63.860833,41.890000,2, ,0.0,0.0,2,7000,0,0,0,0,0,0

SID,RILD3A,08,2
CA,0,78.0,2,2200,0,0,0,0,0,0
DF,AZ,64.606778,40.584611,2, ,0.0,0.0,0,0,0,0,0,0,0,0
TF,RILDA,65.475000,40.248889,0, ,0.0,0.0,0.0,0.0,2,6000,0,0,0,0,0,0

SID,RILD3C,26,2
CA,0,258.0,2,700,0,0,0,0,0,0
CI,2, ,0.0,33.0,0,0,0,0,0,0,0,0
CF,RILDA,65.475000,40.248889,0,KTL,311.4,308.8,327.0,49.0,2,6000,0,0,0,0,0,0

SID,RILD3J,08,5
CA,0,78.0,2,500,0,0,0,0,0,0
DF,RILDA,65.475000,40.248889,1, ,0.0,0.0,2,6000,0,0,0,0,0,0

SID,RILD3K,26,5
CA,0,258.0,2,700,0,0,0,0,0,0
DF,RILDA,65.475000,40.248889,0, ,0.0,0.0,2,6000,0,0,0,0,0,0

SID,UNAR3A,08,2
CA,0,78.0,2,500,0,0,0,0,0,0
CI,1, ,0.0,347.0,0,0,0,0,0,0,0,0
CF,UNARI,65.198611,42.290556,0,KTL,318.2,266.8,32.0,50.0,2,7000,0,0,0,0,0,0

SID,UNAR3C,26,2
CA,0,258.0,2,2200,0,0,0,0,0,0
DF,KM,64.594611,40.833278,1, ,0.0,0.0,0,0,0,0,0,0,0,0
TF,UNARI,65.198611,42.290556,0, ,0.0,0.0,0.0,0.0,2,7000,0,0,0,0,0,0

SID,UNAR3J,08,5
CA,0,78.0,2,500,0,0,0,0,0,0
DF,UNARI,65.198611,42.290556,0, ,0.0,0.0,2,7000,0,0,0,0,0,0

SID,UNAR3K,26,5
CA,0,258.0,2,700,0,0,0,0,0,0
DF,UNARI,65.198611,42.290556,2, ,0.0,0.0,2,7000,0,0,0,0,0,0

STAR,ABEL2L,08,5
IF,ABELU,63.733333,40.182500, ,0.0,0.0,2,7000,0,0,0,0,0,0
TF,RUGOK,64.436111,39.743333,0, ,0.0,0.0,0.0,0.0,2,5000,0,0,0,0,0,0
TF,AA001,64.634722,40.002222,0, ,0.0,0.0,0.0,0.0,2,3000,0,0,0,0,0,0

STAR,ABEL3M,26,5
IF,ABELU,63.733333,40.182500, ,0.0,0.0,2,7000,0,0,0,0,0,0
TF,AA132,64.151361,40.713167,0, ,0.0,0.0,0.0,0.0,2,6000,0,0,0,0,0,0
TF,AA109,64.477722,41.140583,0, ,0.0,0.0,0.0,0.0,2,2000,0,0,0,0,0,0

STAR,ABEL4E,08,2
IF,ABELU,63.733333,40.182500, ,0.0,0.0,2,7000,0,0,0,0,0,0
TF,AZ27B,64.175639,40.382892,0, ,0.0,0.0,0.0,0.0,2,6000,0,0,0,0,0,0
TF,AZ,64.606778,40.584611,0, ,0.0,0.0,0.0,0.0,2,2300,0,0,0,0,0,0

STAR,ABEL4G,26,2
IF,ABELU,63.733333,40.182500, ,0.0,0.0,2,7000,0,0,0,0,0,0
TF,KM27,64.161625,40.500786,0, ,0.0,0.0,0.0,0.0,2,6000,0,0,0,0,0,0
TF,KM,64.594611,40.833278,0, ,0.0,0.0,0.0,0.0,2,2300,0,0,0,0,0,0

STAR,ADIN2L,08,5
IF,ADINU,64.280833,42.661389, ,0.0,0.0,2,6000,0,0,0,0,0,0
TF,AA020,64.572694,41.760444,0, ,0.0,0.0,0.0,0.0,2,5000,0,0,0,0,0,0
TF,AA010,64.715667,41.305583,0, ,0.0,0.0,0.0,0.0,0,0,0,0,0,0,0,0
TF,AA002,64.721750,40.256500,0, ,0.0,0.0,0.0,0.0,2,3000,0,0,0,0,0,0

STAR,ADIN3M,26,5
IF,ADINU,64.280833,42.661389, ,0.0,0.0,2,6000,0,0,0,0,0,0
TF,AA130,64.492444,41.730417,0, ,0.0,0.0,0.0,0.0,2,6000,0,0,0,0,0,0
TF,AA108,64.565250,41.400528,0, ,0.0,0.0,0.0,0.0,2,2000,0,0,0,0,0,0

STAR,ADIN4E,08,2
IF,ADINU,64.280833,42.661389, ,0.0,0.0,2,6000,0,0,0,0,0,0
TF,AZ30,64.438289,41.687589,0, ,0.0,0.0,0.0,0.0,2,6000,0,0,0,0,0,0
TF,AZ,64.606778,40.584611,0, ,0.0,0.0,0.0,0.0,2,2300,0,0,0,0,0,0

STAR,ADIN4G,26,2
IF,ADINU,64.280833,42.661389, ,0.0,0.0,2,6000,0,0,0,0,0,0
TF,D274X,64.449942,41.697847,0, ,0.0,0.0,0.0,0.0,2,6000,0,0,0,0,0,0
TF,KM,64.594611,40.833278,0, ,0.0,0.0,0.0,0.0,2,2300,0,0,0,0,0,0

STAR,BESU2L,08,5
IF,BESUM,64.684167,38.635833, ,0.0,0.0,2,7000,0,0,0,0,0,0
TF,AA015,64.646694,39.678444,0, ,0.0,0.0,0.0,0.0,2,5000,0,0,0,0,0,0
TF,AA001,64.634722,40.002222,0, ,0.0,0.0,0.0,0.0,2,3000,0,0,0,0,0,0

STAR,BESU3M,26,5
IF,BESUM,64.684167,38.635833, ,0.0,0.0,2,7000,0,0,0,0,0,0
TF,AA125,64.686694,39.691722,0, ,0.0,0.0,0.0,0.0,2,6000,0,0,0,0,0,0
TF,AA107,64.677250,41.196722,0, ,0.0,0.0,0.0,0.0,2,2000,0,0,0,0,0,0

STAR,BESU4E,08,2
IF,BESUM,64.684167,38.635833, ,0.0,0.0,2,7000,0,0,0,0,0,0
TF,KM30A,64.645881,39.676903,0, ,0.0,0.0,0.0,0.0,2,6000,0,0,0,0,0,0
TF,AZ,64.606778,40.584611,0, ,0.0,0.0,0.0,0.0,2,2300,0,0,0,0,0,0

STAR,BESU4G,26,2
IF,BESUM,64.684167,38.635833, ,0.0,0.0,2,7000,0,0,0,0,0,0
TF,KM30A,64.645881,39.676903,0, ,0.0,0.0,0.0,0.0,2,6000,0,0,0,0,0,0
TF,KM,64.594611,40.833278,0, ,0.0,0.0,0.0,0.0,2,2300,0,0,0,0,0,0

STAR,GUMS2L,08,5
IF,GUMSA,64.694167,42.798889, ,0.0,0.0,2,6000,0,0,0,0,0,0
TF,AA019,64.710028,41.733056,0, ,0.0,0.0,0.0,0.0,2,5000,0,0,0,0,0,0
TF,AA010,64.715667,41.305583,0, ,0.0,0.0,0.0,0.0,0,0,0,0,0,0,0,0
TF,AA002,64.721750,40.256500,0, ,0.0,0.0,0.0,0.0,2,3000,0,0,0,0,0,0

STAR,GUMS3M,26,5
IF,GUMSA,64.694167,42.798889, ,0.0,0.0,2,6000,0,0,0,0,0,0
TF,AA129,64.600056,41.762889,0, ,0.0,0.0,0.0,0.0,2,6000,0,0,0,0,0,0
TF,AA108,64.565250,41.400528,0, ,0.0,0.0,0.0,0.0,2,2000,0,0,0,0,0,0

STAR,GUMS4E,08,2
IF,GUMSA,64.694167,42.798889, ,0.0,0.0,2,6000,0,0,0,0,0,0
TF,AZ30A,64.657114,41.753631,0, ,0.0,0.0,0.0,0.0,2,6000,0,0,0,0,0,0
TF,AZ,64.606778,40.584611,0, ,0.0,0.0,0.0,0.0,2,2300,0,0,0,0,0,0

STAR,GUMS4G,26,2
IF,GUMSA,64.694167,42.798889, ,0.0,0.0,2,6000,0,0,0,0,0,0
TF,D246X,64.644725,41.756678,0, ,0.0,0.0,0.0,0.0,2,6000,0,0,0,0,0,0
TF,KM,64.594611,40.833278,0, ,0.0,0.0,0.0,0.0,2,2300,0,0,0,0,0,0

STAR,KOTI2L,08,5
IF,KOTID,65.260000,39.285556, ,0.0,0.0,2,7000,0,0,0,0,0,0
TF,AA016,64.815667,39.798639,0, ,0.0,0.0,0.0,0.0,2,5000,0,0,0,0,0,0
TF,AA001,64.634722,40.002222,0, ,0.0,0.0,0.0,0.0,2,3000,0,0,0,0,0,0

STAR,KOTI3M,26,5
IF,KOTID,65.260000,39.285556, ,0.0,0.0,2,7000,0,0,0,0,0,0
TF,AA126,64.989056,40.194417,0, ,0.0,0.0,0.0,0.0,2,6000,0,0,0,0,0,0
TF,AA107,64.677250,41.196722,0, ,0.0,0.0,0.0,0.0,2,2000,0,0,0,0,0,0

STAR,KOTI4E,08,2
IF,KOTID,65.260000,39.285556, ,0.0,0.0,2,7000,0,0,0,0,0,0
TF,D121X,64.918250,39.975886,0, ,0.0,0.0,0.0,0.0,2,6000,0,0,0,0,0,0
TF,AZ,64.606778,40.584611,0, ,0.0,0.0,0.0,0.0,2,2300,0,0,0,0,0,0

STAR,KOTI4G,26,2
IF,KOTID,65.260000,39.285556, ,0.0,0.0,2,7000,0,0,0,0,0,0
TF,KM29A,64.942672,40.037931,0, ,0.0,0.0,0.0,0.0,2,6000,0,0,0,0,0,0
TF,KM,64.594611,40.833278,0, ,0.0,0.0,0.0,0.0,2,2300,0,0,0,0,0,0

STAR,MAGE2L,08,5
IF,MAGEM,64.270000,38.785556, ,0.0,0.0,2,13000,0,0,0,0,0,0
TF,RUGOK,64.436111,39.743333,0, ,0.0,0.0,0.0,0.0,2,5000,0,0,0,0,0,0
TF,AA001,64.634722,40.002222,0, ,0.0,0.0,0.0,0.0,2,3000,0,0,0,0,0,0

STAR,MAGE3M,26,5
IF,MAGEM,64.270000,38.785556, ,0.0,0.0,2,13000,0,0,0,0,0,0
TF,AA133,64.262500,40.034278,0, ,0.0,0.0,0.0,0.0,2,6000,0,0,0,0,0,0
TF,AA109,64.477722,41.140583,0, ,0.0,0.0,0.0,0.0,2,2000,0,0,0,0,0,0

STAR,MAGE4E,08,2
IF,MAGEM,64.270000,38.785556, ,0.0,0.0,2,13000,0,0,0,0,0,0
TF,D048X,64.451372,39.734281,0, ,0.0,0.0,0.0,0.0,2,6000,0,0,0,0,0,0
TF,AZ,64.606778,40.584611,0, ,0.0,0.0,0.0,0.0,2,2300,0,0,0,0,0,0

STAR,MAGE4G,26,2
IF,MAGEM,64.270000,38.785556, ,0.0,0.0,2,13000,0,0,0,0,0,0
TF,KM30B,64.428239,39.755278,0, ,0.0,0.0,0.0,0.0,2,6000,0,0,0,0,0,0
TF,KM,64.594611,40.833278,0, ,0.0,0.0,0.0,0.0,2,2300,0,0,0,0,0,0

STAR,MAKO2L,08,5
IF,MAKOG,64.063333,39.061111, ,0.0,0.0,2,7000,0,0,0,0,0,0
TF,RUGOK,64.436111,39.743333,0, ,0.0,0.0,0.0,0.0,2,5000,0,0,0,0,0,0
TF,AA001,64.634722,40.002222,0, ,0.0,0.0,0.0,0.0,2,3000,0,0,0,0,0,0

STAR,MAKO3M,26,5
IF,MAKOG,64.063333,39.061111, ,0.0,0.0,2,7000,0,0,0,0,0,0
TF,AA133,64.262500,40.034278,0, ,0.0,0.0,0.0,0.0,2,6000,0,0,0,0,0,0
TF,AA109,64.477722,41.140583,0, ,0.0,0.0,0.0,0.0,2,2000,0,0,0,0,0,0

STAR,MAKO4E,08,2
IF,MAKOG,64.063333,39.061111, ,0.0,0.0,2,7000,0,0,0,0,0,0
TF,D032X,64.350531,39.853206,0, ,0.0,0.0,0.0,0.0,2,6000,0,0,0,0,0,0
TF,AZ,64.606778,40.584611,0, ,0.0,0.0,0.0,0.0,2,2300,0,0,0,0,0,0

STAR,MAKO4G,26,2
IF,MAKOG,64.063333,39.061111, ,0.0,0.0,2,7000,0,0,0,0,0,0
TF,KM29B,64.321106,39.903500,0, ,0.0,0.0,0.0,0.0,2,6000,0,0,0,0,0,0
TF,KM,64.594611,40.833278,0, ,0.0,0.0,0.0,0.0,2,2300,0,0,0,0,0,0

STAR,ODES2L,08,5
IF,ODESI,63.860833,41.890000, ,0.0,0.0,2,6000,0,0,0,0,0,0
TF,AA021,64.340639,41.566583,0, ,0.0,0.0,0.0,0.0,2,5000,0,0,0,0,0,0
TF,AA010,64.715667,41.305583,0, ,0.0,0.0,0.0,0.0,0,0,0,0,0,0,0,0
TF,AA002,64.721750,40.256500,0, ,0.0,0.0,0.0,0.0,2,3000,0,0,0,0,0,0

STAR,ODES3M,26,5
IF,ODESI,63.860833,41.890000, ,0.0,0.0,2,6000,0,0,0,0,0,0
TF,AA131,64.263556,41.405056,0, ,0.0,0.0,0.0,0.0,2,6000,0,0,0,0,0,0
TF,AA109,64.477722,41.140583,0, ,0.0,0.0,0.0,0.0,2,2000,0,0,0,0,0,0

STAR,ODES4E,08,2
IF,ODESI,63.860833,41.890000, ,0.0,0.0,2,6000,0,0,0,0,0,0
TF,AZ30B,64.221158,41.270769,0, ,0.0,0.0,0.0,0.0,2,6000,0,0,0,0,0,0
TF,AZ,64.606778,40.584611,0, ,0.0,0.0,0.0,0.0,2,2300,0,0,0,0,0,0

STAR,ODES4G,26,2
IF,ODESI,63.860833,41.890000, ,0.0,0.0,2,6000,0,0,0,0,0,0
TF,D310Y,64.243931,41.346672,0, ,0.0,0.0,0.0,0.0,2,6000,0,0,0,0,0,0
TF,KM,64.594611,40.833278,0, ,0.0,0.0,0.0,0.0,2,2300,0,0,0,0,0,0

STAR,RILD2L,08,5
IF,RILDA,65.475000,40.248889, ,0.0,0.0,2,7000,0,0,0,0,0,0
TF,AA017,65.002556,40.253694,0, ,0.0,0.0,0.0,0.0,2,5000,0,0,0,0,0,0
TF,AA002,64.721750,40.256500,0, ,0.0,0.0,0.0,0.0,2,3000,0,0,0,0,0,0

STAR,RILD3M,26,5
IF,RILDA,65.475000,40.248889, ,0.0,0.0,2,7000,0,0,0,0,0,0
TF,AA127,65.048194,40.763861,0, ,0.0,0.0,0.0,0.0,2,6000,0,0,0,0,0,0
TF,AA107,64.677250,41.196722,0, ,0.0,0.0,0.0,0.0,2,2000,0,0,0,0,0,0

STAR,RILD4E,08,2
IF,RILDA,65.475000,40.248889, ,0.0,0.0,2,7000,0,0,0,0,0,0
TF,AZ26,65.030986,40.423344,0, ,0.0,0.0,0.0,0.0,2,6000,0,0,0,0,0,0
TF,AZ,64.606778,40.584611,0, ,0.0,0.0,0.0,0.0,2,2300,0,0,0,0,0,0

STAR,RILD4G,26,2
IF,RILDA,65.475000,40.248889, ,0.0,0.0,2,7000,0,0,0,0,0,0
TF,KM28,65.042461,40.541014,0, ,0.0,0.0,0.0,0.0,2,6000,0,0,0,0,0,0
TF,KM,64.594611,40.833278,0, ,0.0,0.0,0.0,0.0,2,2300,0,0,0,0,0,0

STAR,UNAR2L,08,5
IF,UNARI,65.198611,42.290556, ,0.0,0.0,2,6000,0,0,0,0,0,0
TF,AA018,64.972806,41.303444,0, ,0.0,0.0,0.0,0.0,2,5000,0,0,0,0,0,0
TF,AA002,64.721750,40.256500,0, ,0.0,0.0,0.0,0.0,2,3000,0,0,0,0,0,0

STAR,UNAR3M,26,5
IF,UNARI,65.198611,42.290556, ,0.0,0.0,2,6000,0,0,0,0,0,0
TF,AA128,64.860083,41.573556,0, ,0.0,0.0,0.0,0.0,2,6000,0,0,0,0,0,0
TF,AA107,64.677250,41.196722,0, ,0.0,0.0,0.0,0.0,2,2000,0,0,0,0,0,0

STAR,UNAR4E,08,2
IF,UNARI,65.198611,42.290556, ,0.0,0.0,2,6000,0,0,0,0,0,0
TF,AZ30C,64.916608,41.461264,0, ,0.0,0.0,0.0,0.0,2,6000,0,0,0,0,0,0
TF,AZ,64.606778,40.584611,0, ,0.0,0.0,0.0,0.0,2,2300,0,0,0,0,0,0

STAR,UNAR4G,26,2
IF,UNARI,65.198611,42.290556, ,0.0,0.0,2,6000,0,0,0,0,0,0
TF,D208Y,64.886464,41.524958,0, ,0.0,0.0,0.0,0.0,2,6000,0,0,0,0,0,0
TF,KM,64.594611,40.833278,0, ,0.0,0.0,0.0,0.0,2,2300,0,0,0,0,0,0

APPTR,I08-Y,08,AZ1
IF,AZ,64.606778,40.584611, ,0.0,0.0,2,2300,0,0,0,0,1,0
FC,AZ,64.606778,40.584611,0,KTL,0.0,0.0,289.0,7.0,0,0,0,0,0,0,0,1
CF,CF08,64.616250,40.383169,1,IAZ,258.6,9.6,78.0,2.0,1,2000,0,0,0,0,0,0

APPTR,I08-Y,08,AZ2
IF,AZ,64.606778,40.584611, ,0.0,0.0,2,2300,0,0,0,0,1,0
FC,AZ,64.606778,40.584611,0,KTL,0.0,0.0,270.0,7.0,0,0,0,0,0,0,0,1
CF,CF08,64.616250,40.383169,1,IAZ,258.6,9.6,78.0,2.0,1,2000,0,0,0,0,0,0

FINAL,I08-Y,08,I,3
IF,CF08,64.616250,40.383169,IAZ,258.6,9.6,1,2000,0,0,0,0,0,0
CF,FF08,64.612778,40.460000,0,IAZ,258.6,7.6,78.0,2.0,1,2000,0,0,0,0,2,0
CF,RW08,64.601528,40.690578,0,IAZ,258.5,1.7,78.0,6.0,1,99,0,0,0,0,3,0
CA,0,78.0,2,2200,0,0,0,0,0,0
DF,AZ,64.606778,40.584611,2, ,0.0,0.0,2,2300,0,0,0,0,0,0

APPTR,I08-Z,08,AA001
IF,AA001,64.634722,40.002222, ,0.0,0.0,2,3000,0,0,0,0,1,0
TF,AA203,64.622944,40.230583,0,IAZ,0.0,0.0,0.0,0.0,2,2000,0,0,0,0,1,0

APPTR,I08-Z,08,AA002
IF,AA002,64.721750,40.256500, ,0.0,0.0,2,3000,0,0,0,0,1,0
TF,AA203,64.622944,40.230583,0,IAZ,0.0,0.0,0.0,0.0,2,2000,0,0,0,0,1,0

FINAL,I08-Z,08,I,3
IF,AA203,64.622944,40.230583,IAZ,258.5,13.6,2,2000,0,0,0,0,0,0
CF,FF08,64.612778,40.460000,0,IAZ,258.6,7.6,78.0,6.0,1,2000,0,0,0,0,2,0
CF,RW08,64.601528,40.690578,0,IAZ,258.5,1.7,78.0,6.0,1,99,0,0,0,0,3,0
CA,0,78.0,2,1200,0,0,0,0,0,0
DF,AA205,64.711028,40.486694,1, ,0.0,0.0,0,0,0,0,0,0,0,0
TF,AA002,64.721750,40.256500,0, ,0.0,0.0,0.0,0.0,2,3000,0,0,0,0,0,0

APPTR,I26-Y,26,KM1
IF,KM,64.594611,40.833278, ,0.0,0.0,2,2300,0,0,0,0,1,0
FC,KM,64.594611,40.833278,0,KTL,0.0,0.0,109.0,7.0,0,0,0,0,0,0,0,1
CF,CF26,64.583583,41.049664,1,IKM,78.5,9.8,258.0,2.0,1,2000,0,0,0,0,0,0

APPTR,I26-Y,26,KM2
IF,KM,64.594611,40.833278, ,0.0,0.0,2,2300,0,0,0,0,1,0
FC,KM,64.594611,40.833278,0,KTL,0.0,0.0,91.0,7.0,0,0,0,0,0,0,0,1
CF,CF26,64.583583,41.049664,1,IKM,78.5,9.8,258.0,2.0,1,2000,0,0,0,0,0,0

FINAL,I26-Y,26,I,3
IF,CF26,64.583583,41.049664,IKM,78.5,9.8,1,2000,0,0,0,0,0,0
CF,FF26,64.587778,40.971389,0,IKM,78.4,7.8,258.0,2.0,1,2000,0,0,0,0,2,0
CF,RW26,64.598994,40.742458,0,IKM,78.5,1.8,258.0,6.0,1,109,0,0,0,0,3,0
CA,0,258.0,2,1200,0,0,0,0,0,0
DF,KM,64.594611,40.833278,2, ,0.0,0.0,2,1800,0,0,0,0,0,0

APPTR,I26-Z,26,AA107
IF,AA107,64.677250,41.196722, ,0.0,0.0,2,2000,0,0,0,0,1,0
TF,AA110,64.577500,41.168556,0,IKM,0.0,0.0,0.0,0.0,2,2000,0,0,0,0,1,0

APPTR,I26-Z,26,AA108
IF,AA108,64.565250,41.400528, ,0.0,0.0,2,2000,0,0,0,0,1,0
TF,AA110,64.577500,41.168556,0,IKM,0.0,0.0,0.0,0.0,2,2000,0,0,0,0,1,0

APPTR,I26-Z,26,AA109
IF,AA109,64.477722,41.140583, ,0.0,0.0,2,2000,0,0,0,0,1,0
TF,AA110,64.577500,41.168556,0,IKM,0.0,0.0,0.0,0.0,2,2000,0,0,0,0,1,0

FINAL,I26-Z,26,I,3
IF,AA110,64.577500,41.168556,IKM,78.4,12.9,2,2000,0,0,0,0,0,0
CF,FF26,64.587778,40.971389,0,IKM,78.4,7.8,258.0,5.1,1,2000,0,0,0,0,2,0
CF,RW26,64.598994,40.742458,0,IKM,78.5,1.8,258.0,6.0,1,109,0,0,0,0,3,0
CA,0,258.0,2,470,0,0,0,0,0,0
DF,AA112,64.610472,40.511750,0, ,0.0,0.0,0,0,0,1,220,0,0,0
TF,AA113,64.719972,40.540111,0, ,0.0,0.0,0.0,0.0,0,0,0,1,220,0,0,0
TF,AA114,64.703972,40.870028,0, ,0.0,0.0,0.0,0.0,0,0,0,0,0,0,0,0
TF,AA107,64.677250,41.196722,0, ,0.0,0.0,0.0,0.0,2,2000,0,0,0,0,0,0

APPTR,J08,08,AA001
IF,AA001,64.634722,40.002222, ,0.0,0.0,2,3000,0,0,0,0,1,0
TF,AA203,64.622944,40.230583,0,G08A,0.0,0.0,0.0,0.0,2,2000,0,0,0,0,1,0

APPTR,J08,08,AA002
IF,AA002,64.721750,40.256500, ,0.0,0.0,2,3000,0,0,0,0,1,0
TF,AA203,64.622944,40.230583,0,G08A,0.0,0.0,0.0,0.0,2,2000,0,0,0,0,1,0

FINAL,J08,08,G,3
IF,AA203,64.622944,40.230583,G08A,0.0,0.0,2,2000,0,0,0,0,0,0
TF,AA204,64.612278,40.459972,0,G08A,0.0,0.0,78.0,6.0,1,2000,0,0,0,0,2,0
TF,RW08,64.601528,40.690578,0,G08A,0.0,0.0,78.0,6.0,1,91,0,0,0,0,3,1
CA,0,78.0,2,1200,0,0,0,0,0,0
DF,AA205,64.711028,40.486694,1, ,0.0,0.0,0,0,0,0,0,0,0,0
TF,AA002,64.721750,40.256500,0, ,0.0,0.0,0.0,0.0,2,3000,0,0,0,0,0,0

APPTR,J26,26,AA107
IF,AA107,64.677250,41.196722, ,0.0,0.0,2,2000,0,0,0,0,1,0
TF,AA110,64.577500,41.168556,0,G26A,0.0,0.0,0.0,0.0,2,2000,0,0,0,0,1,0

APPTR,J26,26,AA108
IF,AA108,64.565250,41.400528, ,0.0,0.0,2,2000,0,0,0,0,1,0
TF,AA110,64.577500,41.168556,0,G26A,0.0,0.0,0.0,0.0,2,2000,0,0,0,0,1,0

APPTR,J26,26,AA109
IF,AA109,64.477722,41.140583, ,0.0,0.0,2,2000,0,0,0,0,1,0
TF,AA110,64.577500,41.168556,0,G26A,0.0,0.0,0.0,0.0,2,2000,0,0,0,0,1,0

FINAL,J26,26,G,3
IF,AA110,64.577500,41.168556,G26A,0.0,0.0,2,2000,0,0,0,0,0,0
TF,AA211,64.587583,40.971472,0,G26A,0.0,0.0,258.0,5.1,1,2000,0,0,0,0,2,0
TF,RW26,64.598994,40.742458,0,G26A,0.0,0.0,258.0,6.0,1,102,0,0,0,0,3,1
CA,0,258.0,2,470,0,0,0,0,0,0
DF,AA112,64.610472,40.511750,0, ,0.0,0.0,0,0,0,1,220,0,0,0
TF,AA113,64.719972,40.540111,0, ,0.0,0.0,0.0,0.0,0,0,0,1,220,0,0,0
TF,AA114,64.703972,40.870028,0, ,0.0,0.0,0.0,0.0,0,0,0,0,0,0,0,0
TF,AA107,64.677250,41.196722,0, ,0.0,0.0,0.0,0.0,2,2000,0,0,0,0,0,0

APPTR,N08-Z,08,AZ1
IF,AZ,64.606778,40.584611, ,0.0,0.0,2,2300,0,0,0,0,1,0
FC,AZ,64.606778,40.584611,0,KTL,0.0,0.0,289.0,7.0,0,0,0,0,0,0,0,1
CF,FF08,64.612778,40.460000,1,KTL,305.6,265.6,78.0,4.0,1,2000,0,0,0,0,0,0

APPTR,N08-Z,08,AZ2
IF,AZ,64.606778,40.584611, ,0.0,0.0,2,2300,0,0,0,0,1,0
FC,AZ,64.606778,40.584611,0,KTL,0.0,0.0,270.0,7.0,0,0,0,0,0,0,0,1
CF,FF08,64.612778,40.460000,1,KTL,305.6,265.6,78.0,4.0,1,2000,0,0,0,0,0,0

FINAL,N08-Z,08,N,3
IF,FF08,64.612778,40.460000,AZ,0.0,0.0,1,2000,0,0,0,0,2,0
CF,AZ,64.606778,40.584611,0,AZ,0.0,0.0,78.0,3.2,1,970,0,0,0,0,0,0
CF,A,64.602278,40.673111,0,AZ,0.0,0.0,78.0,2.3,1,244,0,0,0,0,3,0
CA,0,78.0,2,2200,0,0,0,0,0,0
DF,AZ,64.606778,40.584611,2, ,0.0,0.0,2,2300,0,0,0,0,0,0

APPTR,N26-Z,26,KM1
IF,KM,64.594611,40.833278, ,0.0,0.0,2,2300,0,0,0,0,1,0
FC,KM,64.594611,40.833278,0,KTL,0.0,0.0,109.0,7.0,0,0,0,0,0,0,0,1
CF,FF26,64.587778,40.971389,1,KTL,307.5,255.7,258.0,4.0,1,2000,0,0,0,0,0,0

APPTR,N26-Z,26,KM2
IF,KM,64.594611,40.833278, ,0.0,0.0,2,2300,0,0,0,0,1,0
FC,KM,64.594611,40.833278,0,KTL,0.0,0.0,91.0,7.0,0,0,0,0,0,0,0,1
CF,FF26,64.587778,40.971389,1,KTL,307.5,255.7,258.0,4.0,1,2000,0,0,0,0,0,0

FINAL,N26-Z,26,N,3
IF,FF26,64.587778,40.971389,KM,0.0,0.0,1,2000,0,0,0,0,2,0
CF,KM,64.594611,40.833278,0,KM,0.0,0.0,258.0,3.6,1,860,0,0,0,0,0,0
CF,K,64.597750,40.766083,0,KM,0.0,0.0,258.0,1.8,1,305,0,0,0,0,3,0
CA,0,258.0,2,1200,0,0,0,0,0,0
DF,KM,64.594611,40.833278,2, ,0.0,0.0,2,1800,0,0,0,0,0,0

APPTR,R08,08,AA001
IF,AA001,64.634722,40.002222, ,0.0,0.0,2,3000,0,0,0,0,1,0
TF,AA203,64.622944,40.230583,0, ,0.0,0.0,0.0,0.0,2,2000,0,0,0,0,1,0

APPTR,R08,08,AA002
IF,AA002,64.721750,40.256500, ,0.0,0.0,2,3000,0,0,0,0,1,0
TF,AA203,64.622944,40.230583,0, ,0.0,0.0,0.0,0.0,2,2000,0,0,0,0,1,0

FINAL,R08,08,R,3
IF,AA203,64.622944,40.230583, ,0.0,0.0,2,2000,0,0,0,0,0,0
TF,AA204,64.612278,40.459972,0, ,0.0,0.0,78.0,6.0,1,2000,0,0,0,0,2,0
TF,RW08,64.601528,40.690578,0, ,0.0,0.0,78.0,6.0,1,91,0,0,0,0,3,1
CA,0,78.0,2,1200,0,0,0,0,0,0
DF,AA205,64.711028,40.486694,1, ,0.0,0.0,0,0,0,0,0,0,0,0
TF,AA002,64.721750,40.256500,0, ,0.0,0.0,0.0,0.0,2,3000,0,0,0,0,0,0

APPTR,R26,26,AA107
IF,AA107,64.677250,41.196722, ,0.0,0.0,2,2000,0,0,0,0,1,0
TF,AA110,64.577500,41.168556,0, ,0.0,0.0,0.0,0.0,2,2000,0,0,0,0,1,0

APPTR,R26,26,AA108
IF,AA108,64.565250,41.400528, ,0.0,0.0,2,2000,0,0,0,0,1,0
TF,AA110,64.577500,41.168556,0, ,0.0,0.0,0.0,0.0,2,2000,0,0,0,0,1,0

APPTR,R26,26,AA109
IF,AA109,64.477722,41.140583, ,0.0,0.0,2,2000,0,0,0,0,1,0
TF,AA110,64.577500,41.168556,0, ,0.0,0.0,0.0,0.0,2,2000,0,0,0,0,1,0

FINAL,R26,26,R,3
IF,AA110,64.577500,41.168556, ,0.0,0.0,2,2000,0,0,0,0,0,0
TF,AA211,64.587583,40.971472,0, ,0.0,0.0,258.0,5.1,1,2000,0,0,0,0,2,0
TF,RW26,64.598994,40.742458,0, ,0.0,0.0,258.0,6.0,1,102,0,0,0,0,3,1
CA,0,258.0,2,470,0,0,0,0,0,0
DF,AA112,64.610472,40.511750,0, ,0.0,0.0,0,0,0,1,220,0,0,0
TF,AA113,64.719972,40.540111,0, ,0.0,0.0,0.0,0.0,0,0,0,1,220,0,0,0
TF,AA114,64.703972,40.870028,0, ,0.0,0.0,0.0,0.0,0,0,0,0,0,0,0,0
TF,AA107,64.677250,41.196722,0, ,0.0,0.0,0.0,0.0,2,2000,0,0,0,0,0,0

