SID,DORE1A,02,2
CD, ,0,0,0,ABK,0,0.0,22.0,5.4,0,0,0,0,0,0,0,0
DF,AB,53.701417,91.355194,2, ,0.0,0.0,0,0,0,0,0,0,0,0
TF,DOREM,53.938889,90.701389,0, ,0.0,0.0,0.0,0.0,2,8000,0,0,0,0,0,0

SID,DORE1B,02,2
CD, ,0,0,0,ABK,0,0.0,22.0,5.4,0,0,0,0,0,0,0,0
DF,A,53.723417,91.372222,2, ,0.0,0.0,0,0,0,0,0,0,0,0
TF,DOREM,53.938889,90.701389,0, ,0.0,0.0,0.0,0.0,2,8000,0,0,0,0,0,0

SID,DORE1C,02,5
CA,0,22.0,2,1300,0,1,215,0,0,0
DF,AA020,53.840000,91.463028,0, ,0.0,0.0,0,0,0,1,215,0,0,1
DF,AA015,53.950889,91.222833,0, ,0.0,0.0,0,0,0,0,0,0,0,0
TF,DOREM,53.938889,90.701389,0, ,0.0,0.0,0.0,0.0,2,8000,0,0,0,0,0,0

SID,DORE1D,20,5
CA,0,202.0,2,1300,0,1,220,0,0,0
DF,AA023,53.594806,91.272861,0, ,0.0,0.0,0,0,0,1,220,0,0,1
DF,AA024,53.682000,90.947917,2, ,0.0,0.0,0,0,0,1,225,0,0,0
TF,DOREM,53.938889,90.701389,0, ,0.0,0.0,0.0,0.0,2,8000,0,0,0,0,0,0

SID,DORE1J,20,2
CD, ,0,0,0,ABK,0,0.0,202.0,5.4,0,0,0,0,0,0,0,0
CI,2, ,0.0,10.0,0,0,0,0,0,0,0,0
CF,DOREM,53.938889,90.701389,0,KRS,202.1,147.9,295.0,23.0,2,8000,0,0,0,0,0,0

SID,DORE1L,20,2
CD, ,0,0,0,ABK,0,0.0,202.0,5.4,0,0,0,0,0,0,0,0
CI,2, ,0.0,10.0,0,0,0,0,0,0,0,0
CF,DOREM,53.938889,90.701389,0,KRS,202.1,147.9,299.0,24.0,2,8000,0,0,0,0,0,0

SID,GEPR1A,02,2
CD, ,0,0,0,ABK,0,0.0,22.0,5.4,0,0,0,0,0,0,0,0
CI,2, ,0.0,137.0,0,0,0,0,0,0,0,0
CF,GEPRA,53.850556,92.101389,0,KRS,182.4,139.8,68.0,18.0,2,8000,0,0,0,0,0,0

SID,GEPR1B,02,2
CD, ,0,0,0,ABK,0,0.0,22.0,5.4,0,0,0,0,0,0,0,0
CI,2, ,0.0,137.0,0,0,0,0,0,0,0,0
CF,GEPRA,53.850556,92.101389,0,KRS,182.4,139.8,70.0,18.0,2,8000,0,0,0,0,0,0

SID,GEPR1C,02,5
CA,0,22.0,2,1300,0,0,0,0,0,0
DF,AA019,53.803083,91.434250,0, ,0.0,0.0,0,0,0,0,0,0,0,1
DF,GEPRA,53.850556,92.101389,0, ,0.0,0.0,2,8000,0,0,0,0,0,0

SID,GEPR1D,20,5
CA,0,202.0,2,1300,0,1,215,0,0,0
DF,AA023,53.594806,91.272861,0, ,0.0,0.0,0,0,0,1,215,0,0,1
DF,AA024,53.682000,90.947917,2, ,0.0,0.0,0,0,0,1,215,0,0,0
TF,AA025,53.795611,90.984000,0, ,0.0,0.0,0.0,0.0,0,0,0,0,0,0,0,0
TF,AA026,53.852694,91.185972,0, ,0.0,0.0,0.0,0.0,0,0,0,0,0,0,0,0
TF,GEPRA,53.850556,92.101389,0, ,0.0,0.0,0.0,0.0,2,8000,0,0,0,0,0,0

SID,GEPR1J,20,2
CD, ,0,0,0,ABK,0,0.0,202.0,6.5,0,0,0,1,215,0,0,0
DF,A,53.723417,91.372222,2, ,0.0,0.0,0,0,0,0,0,0,0,0
TF,GEPRA,53.850556,92.101389,0, ,0.0,0.0,0.0,0.0,2,8000,0,0,0,0,0,0

SID,GEPR1K,20,2
CD, ,0,0,0,ABK,0,0.0,202.0,5.4,0,0,0,0,0,0,0,0
CI,1, ,0.0,350.0,0,0,0,0,0,0,0,0
CF,GEPRA,53.850556,92.101389,0,KRS,182.4,139.8,70.0,26.0,2,8000,0,0,0,0,0,0

SID,GEPR1L,20,2
CD, ,0,0,0,ABK,0,0.0,202.0,8.1,0,0,0,1,215,0,0,0
DF,AB,53.701417,91.355194,2, ,0.0,0.0,0,0,0,0,0,0,0,0
TF,GEPRA,53.850556,92.101389,0, ,0.0,0.0,0.0,0.0,2,8000,0,0,0,0,0,0

SID,GEPR1Y,20,2
CD, ,0,0,0,ABK,0,0.0,202.0,5.4,0,0,0,0,0,0,0,0
CI,1, ,0.0,350.0,0,0,0,0,0,0,0,0
CF,GEPRA,53.850556,92.101389,0,KRS,182.4,139.8,68.0,27.0,2,8000,0,0,0,0,0,0

SID,GEPR1Z,20,5
CA,0,202.0,2,1300,0,0,0,0,0,0
DF,AA023,53.594806,91.272861,0, ,0.0,0.0,0,0,0,0,0,0,0,1
DF,GEPRA,53.850556,92.101389,1, ,0.0,0.0,2,8000,0,0,0,0,0,0

SID,INBE1A,02,2
CD, ,0,0,0,ABK,0,0.0,22.0,5.4,0,0,0,0,0,0,0,0
DF,AB,53.701417,91.355194,1, ,0.0,0.0,0,0,0,0,0,0,0,0
TF,INBER,53.512222,91.816389,0, ,0.0,0.0,0.0,0.0,2,8000,0,0,0,0,0,0

SID,INBE1B,02,2
CD, ,0,0,0,ABK,0,0.0,22.0,5.4,0,0,0,0,0,0,0,0
DF,A,53.723417,91.372222,1, ,0.0,0.0,0,0,0,0,0,0,0,0
TF,INBER,53.512222,91.816389,0, ,0.0,0.0,0.0,0.0,2,8000,0,0,0,0,0,0

SID,INBE1C,02,5
CA,0,22.0,2,1300,0,0,0,0,0,0
DF,AA019,53.803083,91.434250,0, ,0.0,0.0,0,0,0,0,0,0,0,1
DF,INBER,53.512222,91.816389,2, ,0.0,0.0,2,8000,0,0,0,0,0,0

SID,INBE1D,20,5
CA,0,202.0,2,1300,0,1,215,0,0,0
DF,AA023,53.594806,91.272861,0, ,0.0,0.0,0,0,0,1,215,0,0,1
DF,AA024,53.682000,90.947917,2, ,0.0,0.0,0,0,0,1,215,0,0,0
TF,AA025,53.795611,90.984000,0, ,0.0,0.0,0.0,0.0,0,0,0,0,0,0,0,0
TF,AA026,53.852694,91.185972,0, ,0.0,0.0,0.0,0.0,0,0,0,0,0,0,0,0
TF,INBER,53.512222,91.816389,0, ,0.0,0.0,0.0,0.0,2,8000,0,0,0,0,0,0

SID,INBE1J,20,2
CD, ,0,0,0,ABK,0,0.0,202.0,6.5,0,0,0,1,215,0,0,0
DF,A,53.723417,91.372222,2, ,0.0,0.0,0,0,0,0,0,0,0,0
TF,INBER,53.512222,91.816389,0, ,0.0,0.0,0.0,0.0,2,8000,0,0,0,0,0,0

SID,INBE1K,20,2
CD, ,0,0,0,ABK,0,0.0,202.0,5.4,0,0,0,0,0,0,0,0
CI,1, ,0.0,70.0,0,0,0,0,0,0,0,0
CF,INBER,53.512222,91.816389,0,KRS,185.2,161.3,125.0,14.0,2,8000,0,0,0,0,0,0

SID,INBE1L,20,2
CD, ,0,0,0,ABK,0,0.0,202.0,8.1,0,0,0,1,215,0,0,0
DF,AB,53.701417,91.355194,2, ,0.0,0.0,0,0,0,0,0,0,0,0
TF,INBER,53.512222,91.816389,0, ,0.0,0.0,0.0,0.0,2,8000,0,0,0,0,0,0

SID,INBE1Y,20,2
CD, ,0,0,0,ABK,0,0.0,202.0,5.4,0,0,0,0,0,0,0,0
CI,1, ,0.0,70.0,0,0,0,0,0,0,0,0
CF,INBER,53.512222,91.816389,0,KRS,185.2,161.3,121.0,15.0,2,8000,0,0,0,0,0,0

SID,INBE1Z,20,5
CA,0,202.0,2,1300,0,0,0,0,0,0
DF,AA023,53.594806,91.272861,0, ,0.0,0.0,0,0,0,0,0,0,0,1
DF,INBER,53.512222,91.816389,1, ,0.0,0.0,2,8000,0,0,0,0,0,0

SID,KERA1A,02,2
CD, ,0,0,0,ABK,0,0.0,22.0,5.4,0,0,0,0,0,0,0,0
DF,AB,53.701417,91.355194,2, ,0.0,0.0,0,0,0,0,0,0,0,0
TF,KERAL,53.765556,90.628056,0, ,0.0,0.0,0.0,0.0,2,8000,0,0,0,0,0,0

SID,KERA1B,02,2
CD, ,0,0,0,ABK,0,0.0,22.0,5.4,0,0,0,0,0,0,0,0
DF,A,53.723417,91.372222,2, ,0.0,0.0,0,0,0,0,0,0,0,0
TF,KERAL,53.765556,90.628056,0, ,0.0,0.0,0.0,0.0,2,8000,0,0,0,0,0,0

SID,KERA1C,02,5
CA,0,22.0,2,1300,0,1,210,0,0,0
DF,AA020,53.840000,91.463028,0, ,0.0,0.0,0,0,0,1,210,0,0,1
DF,AA015,53.950889,91.222833,0, ,0.0,0.0,0,0,0,1,255,0,0,0
TF,KERAL,53.765556,90.628056,0, ,0.0,0.0,0.0,0.0,2,8000,0,0,0,0,0,0

SID,KERA1D,20,5
CA,0,202.0,2,1300,0,0,0,0,0,0
DF,AA023,53.594806,91.272861,0, ,0.0,0.0,0,0,0,0,0,0,0,1
DF,KERAL,53.765556,90.628056,2, ,0.0,0.0,2,8000,0,0,0,0,0,0

SID,KERA1J,20,2
CD, ,0,0,0,ABK,0,0.0,202.0,5.4,0,0,0,0,0,0,0,0
CI,2, ,0.0,330.0,0,0,0,0,0,0,0,0
CF,KERAL,53.765556,90.628056,0,KRS,201.4,158.5,272.0,20.0,2,8000,0,0,0,0,0,0

SID,KERA1L,20,2
CD, ,0,0,0,ABK,0,0.0,202.0,5.4,0,0,0,0,0,0,0,0
CI,2, ,0.0,330.0,0,0,0,0,0,0,0,0
CF,KERAL,53.765556,90.628056,0,KRS,201.4,158.5,276.0,21.0,2,8000,0,0,0,0,0,0

SID,LEGN1A,02,2
CD, ,0,0,0,ABK,0,0.0,22.0,5.4,0,0,0,0,0,0,0,0
CI,1, ,0.0,240.0,0,0,0,0,0,0,0,0
CF,LEGNI,54.105556,90.938056,0,KRS,200.7,135.4,326.0,21.0,2,8000,0,0,0,0,0,0

SID,LEGN1B,02,2
CD, ,0,0,0,ABK,0,0.0,22.0,5.4,0,0,0,0,0,0,0,0
CI,1, ,0.0,240.0,0,0,0,0,0,0,0,0
CF,LEGNI,54.105556,90.938056,0,KRS,200.7,135.4,323.0,21.0,2,8000,0,0,0,0,0,0

SID,LEGN1C,02,5
CA,0,22.0,2,1300,0,1,225,0,0,0
DF,AA020,53.840000,91.463028,0, ,0.0,0.0,0,0,0,1,225,0,0,1
DF,AA015,53.950889,91.222833,0, ,0.0,0.0,0,0,0,0,0,0,0,0
TF,LEGNI,54.105556,90.938056,0, ,0.0,0.0,0.0,0.0,2,8000,0,0,0,0,0,0

SID,LEGN1D,20,5
CA,0,202.0,2,1300,0,1,215,0,0,0
DF,AA023,53.594806,91.272861,0, ,0.0,0.0,0,0,0,1,215,0,0,1
DF,AA024,53.682000,90.947917,2, ,0.0,0.0,0,0,0,1,245,0,0,0
TF,LEGNI,54.105556,90.938056,0, ,0.0,0.0,0.0,0.0,2,8000,0,0,0,0,0,0

SID,LEGN1J,20,2
CD, ,0,0,0,ABK,0,0.0,202.0,5.4,0,0,0,0,0,0,0,0
CI,2, ,0.0,40.0,0,0,0,0,0,0,0,0
CF,LEGNI,54.105556,90.938056,0,KRS,200.7,135.4,323.0,26.0,2,8000,0,0,0,0,0,0

SID,LEGN1L,20,2
CD, ,0,0,0,ABK,0,0.0,202.0,5.4,0,0,0,0,0,0,0,0
CI,2, ,0.0,40.0,0,0,0,0,0,0,0,0
CF,LEGNI,54.105556,90.938056,0,KRS,200.7,135.4,326.0,26.0,2,8000,0,0,0,0,0,0

SID,NARB1A,02,2
CD, ,0,0,0,ABK,0,0.0,22.0,5.4,0,0,0,0,0,0,0,0
DF,AB,53.701417,91.355194,1, ,0.0,0.0,0,0,0,0,0,0,0,0
TF,NARBI,53.290556,91.391389,0, ,0.0,0.0,0.0,0.0,2,8000,0,0,0,0,0,0

SID,NARB1B,02,2
CD, ,0,0,0,ABK,0,0.0,22.0,5.4,0,0,0,0,0,0,0,0
DF,A,53.723417,91.372222,1, ,0.0,0.0,0,0,0,0,0,0,0,0
TF,NARBI,53.290556,91.391389,0, ,0.0,0.0,0.0,0.0,2,8000,0,0,0,0,0,0

SID,NARB1C,02,5
CA,0,22.0,2,1300,0,1,210,0,0,0
DF,AA019,53.803083,91.434250,0, ,0.0,0.0,0,0,0,1,210,0,0,1
DF,AA017,53.717222,91.760444,2, ,0.0,0.0,0,0,0,1,220,0,0,0
TF,AA018,53.624056,91.611833,2, ,0.0,0.0,0.0,0.0,0,0,0,0,0,0,0,0
TF,NARBI,53.290556,91.391389,0, ,0.0,0.0,0.0,0.0,2,8000,0,0,0,0,0,0

SID,NARB1D,20,5
CA,0,202.0,2,1300,0,1,215,0,0,0
DF,AA023,53.594806,91.272861,0, ,0.0,0.0,0,0,0,1,215,0,0,1
DF,AA006,53.483444,91.255444,0, ,0.0,0.0,0,0,0,0,0,0,0,0
TF,NARBI,53.290556,91.391389,0, ,0.0,0.0,0.0,0.0,2,8000,0,0,0,0,0,0

SID,NARB1J,20,2
CD, ,0,0,0,ABK,0,0.0,202.0,6.5,0,0,0,1,215,0,0,0
DF,A,53.723417,91.372222,2, ,0.0,0.0,0,0,0,0,0,0,0,0
TF,NARBI,53.290556,91.391389,2, ,0.0,0.0,0.0,0.0,2,8000,0,0,0,0,0,0

SID,NARB1K,20,2
CD, ,0,0,0,ABK,0,0.0,202.0,5.4,0,0,0,0,0,0,0,0
CI,0, ,0.0,150.0,0,0,0,0,0,0,0,0
CF,NARBI,53.290556,91.391389,0,KRS,189.5,177.2,175.0,18.0,2,8000,0,0,0,0,0,0

SID,NARB1L,20,2
CD, ,0,0,0,ABK,0,0.0,202.0,8.1,0,0,0,1,215,0,0,0
DF,AB,53.701417,91.355194,2, ,0.0,0.0,0,0,0,0,0,0,0,0
TF,NARBI,53.290556,91.391389,2, ,0.0,0.0,0.0,0.0,2,8000,0,0,0,0,0,0

SID,NARB1Y,20,2
CD, ,0,0,0,ABK,0,0.0,202.0,5.4,0,0,0,0,0,0,0,0
CI,0, ,0.0,150.0,0,0,0,0,0,0,0,0
CF,NARBI,53.290556,91.391389,0,KRS,189.5,177.2,174.0,19.0,2,8000,0,0,0,0,0,0

SID,NEBO1A,02,2
CD, ,0,0,0,ABK,0,0.0,22.0,5.4,0,0,0,0,0,0,0,0
DF,AB,53.701417,91.355194,2, ,0.0,0.0,0,0,0,0,0,0,0,0
TF,NEBON,53.602222,90.666389,0, ,0.0,0.0,0.0,0.0,2,8000,0,0,0,0,0,0

SID,NEBO1B,02,2
CD, ,0,0,0,ABK,0,0.0,22.0,5.4,0,0,0,0,0,0,0,0
DF,A,53.723417,91.372222,2, ,0.0,0.0,0,0,0,0,0,0,0,0
TF,NEBON,53.602222,90.666389,0, ,0.0,0.0,0.0,0.0,2,8000,0,0,0,0,0,0

SID,NEBO1C,02,5
CA,0,22.0,2,1300,0,1,210,0,0,0
DF,AA020,53.840000,91.463028,0, ,0.0,0.0,0,0,0,1,210,0,0,1
DF,AA015,53.950889,91.222833,0, ,0.0,0.0,0,0,0,1,210,0,0,0
TF,NEBON,53.602222,90.666389,0, ,0.0,0.0,0.0,0.0,2,8000,0,0,0,0,0,0

SID,NEBO1D,20,5
CA,0,202.0,2,1300,0,0,0,0,0,0
DF,AA023,53.594806,91.272861,0, ,0.0,0.0,0,0,0,0,0,0,0,1
DF,NEBON,53.602222,90.666389,0, ,0.0,0.0,2,8000,0,0,0,0,0,0

SID,NEBO1J,20,2
CD, ,0,0,0,ABK,0,0.0,202.0,5.4,0,0,0,0,0,0,0,0
CI,2, ,0.0,295.0,0,0,0,0,0,0,0,0
CF,NEBON,53.602222,90.666389,0,KRS,199.6,167.0,251.0,18.0,2,8000,0,0,0,0,0,0

SID,NEBO1L,20,2
CD, ,0,0,0,ABK,0,0.0,202.0,5.4,0,0,0,0,0,0,0,0
CI,2, ,0.0,295.0,0,0,0,0,0,0,0,0
CF,NEBON,53.602222,90.666389,0,KRS,199.6,167.0,254.0,19.0,2,8000,0,0,0,0,0,0

SID,SELT1A,02,2
CD, ,0,0,0,ABK,0,0.0,22.0,5.4,0,0,0,0,0,0,0,0
CI,0, ,0.0,333.0,0,0,0,0,0,0,0,0
CF,SELTI,54.188889,91.454722,0,KRS,193.9,124.4,4.0,17.0,2,8000,0,0,0,0,0,0

SID,SELT1B,02,2
CD, ,0,0,0,ABK,0,0.0,22.0,5.4,0,0,0,0,0,0,0,0
CI,0, ,0.0,333.0,0,0,0,0,0,0,0,0
CF,SELTI,54.188889,91.454722,0,KRS,193.9,124.4,3.0,18.0,2,8000,0,0,0,0,0,0

SID,SELT1C,02,5
CA,0,22.0,2,1300,0,0,0,0,0,0
DF,AA019,53.803083,91.434250,0, ,0.0,0.0,0,0,0,0,0,0,0,1
DF,AA016,54.030944,91.340861,0, ,0.0,0.0,0,0,0,0,0,0,0,0
TF,SELTI,54.188889,91.454722,0, ,0.0,0.0,0.0,0.0,2,8000,0,0,0,0,0,0

SID,SELT1D,20,5
CA,0,202.0,2,1300,0,1,215,0,0,0
DF,AA023,53.594806,91.272861,0, ,0.0,0.0,0,0,0,1,215,0,0,1
DF,AA024,53.682000,90.947917,2, ,0.0,0.0,0,0,0,1,215,0,0,0
TF,AA025,53.795611,90.984000,0, ,0.0,0.0,0.0,0.0,0,0,0,0,0,0,0,0
TF,SELTI,54.188889,91.454722,0, ,0.0,0.0,0.0,0.0,2,8000,0,0,0,0,0,0

SID,SELT1J,20,2
CD, ,0,0,0,ABK,0,0.0,202.0,5.4,0,0,0,0,0,0,0,0
CI,2, ,0.0,70.0,0,0,0,0,0,0,0,0
CF,SELTI,54.188889,91.454722,0,KRS,193.9,124.4,3.0,28.0,2,8000,0,0,0,0,0,0

SID,SELT1L,20,2
CD, ,0,0,0,ABK,0,0.0,202.0,5.4,0,0,0,0,0,0,0,0
CI,2, ,0.0,70.0,0,0,0,0,0,0,0,0
CF,SELTI,54.188889,91.454722,0,KRS,193.9,124.4,4.0,29.0,2,8000,0,0,0,0,0,0

SID,SELT1Z,20,5
CA,0,202.0,2,1300,0,0,0,0,0,0
DF,AA022,53.677500,91.336722,0, ,0.0,0.0,0,0,0,0,0,0,0,1
DF,SELTI,54.188889,91.454722,2, ,0.0,0.0,2,8000,0,0,0,0,0,0

STAR,DORE1E,02,5
IF,DOREM,53.938889,90.701389, ,0.0,0.0,2,8000,0,0,0,0,0,0
TF,AA034,53.685278,90.952028,0, ,0.0,0.0,0.0,0.0,0,0,0,0,0,0,0,0
TF,AA010,53.616222,91.103222,0, ,0.0,0.0,0.0,0.0,4,6000,3300,0,0,0,0,0

STAR,DORE1F,20,5
IF,DOREM,53.938889,90.701389, ,0.0,0.0,2,8000,0,0,0,0,0,0
TF,AA027,53.913806,91.065583,0, ,0.0,0.0,0.0,0.0,2,6000,0,0,0,0,0,0
TF,AA001,53.952778,91.363361,0, ,0.0,0.0,0.0,0.0,4,6000,3600,0,0,0,0,0

STAR,DORE1G,02,2
IF,DOREM,53.938889,90.701389, ,0.0,0.0,2,8000,0,0,0,0,0,0
TF,AB,53.701417,91.355194,0, ,0.0,0.0,0.0,0.0,2,6000,0,0,0,0,0,0

STAR,DORE1H,ALL,2
IF,DOREM,53.938889,90.701389, ,0.0,0.0,2,8000,0,0,0,0,0,0
TF,A,53.723417,91.372222,0, ,0.0,0.0,0.0,0.0,2,6000,0,0,0,0,0,0

STAR,GEPR1E,02,5
IF,GEPRA,53.850556,92.101389, ,0.0,0.0,2,8000,0,0,0,0,0,0
TF,AA030,53.538361,91.601306,0, ,0.0,0.0,0.0,0.0,0,0,0,0,0,0,0,0
TF,AA031,53.411306,91.393167,0, ,0.0,0.0,0.0,0.0,0,0,0,0,0,0,0,0
TF,AA009,53.482861,91.186806,0, ,0.0,0.0,0.0,0.0,4,6000,3300,0,0,0,0,0

STAR,GEPR1F,20,5
IF,GEPRA,53.850556,92.101389, ,0.0,0.0,2,8000,0,0,0,0,0,0
TF,AA003,53.868278,91.672833,0, ,0.0,0.0,0.0,0.0,4,6000,3600,0,0,0,0,0

STAR,GEPR1G,02,2
IF,GEPRA,53.850556,92.101389, ,0.0,0.0,2,8000,0,0,0,0,0,0
TF,AB,53.701417,91.355194,0, ,0.0,0.0,0.0,0.0,2,6000,0,0,0,0,0,0

STAR,GEPR1H,ALL,2
IF,GEPRA,53.850556,92.101389, ,0.0,0.0,2,8000,0,0,0,0,0,0
TF,A,53.723417,91.372222,0, ,0.0,0.0,0.0,0.0,2,6000,0,0,0,0,0,0

STAR,INBE1E,02,5
IF,INBER,53.512222,91.816389, ,0.0,0.0,2,8000,0,0,0,0,0,0
TF,AA030,53.538361,91.601306,0, ,0.0,0.0,0.0,0.0,0,0,0,0,0,0,0,0
TF,AA031,53.411306,91.393167,0, ,0.0,0.0,0.0,0.0,0,0,0,0,0,0,0,0
TF,AA009,53.482861,91.186806,0, ,0.0,0.0,0.0,0.0,4,6000,3300,0,0,0,0,0

STAR,INBE1F,20,5
IF,INBER,53.512222,91.816389, ,0.0,0.0,2,8000,0,0,0,0,0,0
TF,AA003,53.868278,91.672833,0, ,0.0,0.0,0.0,0.0,4,6000,3600,0,0,0,0,0

STAR,INBE1G,02,2
IF,INBER,53.512222,91.816389, ,0.0,0.0,2,8000,0,0,0,0,0,0
TF,AB,53.701417,91.355194,0, ,0.0,0.0,0.0,0.0,2,6000,0,0,0,0,0,0

STAR,INBE1H,ALL,2
IF,INBER,53.512222,91.816389, ,0.0,0.0,2,8000,0,0,0,0,0,0
TF,A,53.723417,91.372222,0, ,0.0,0.0,0.0,0.0,2,6000,0,0,0,0,0,0

STAR,KERA1E,02,5
IF,KERAL,53.765556,90.628056, ,0.0,0.0,2,8000,0,0,0,0,0,0
TF,AA035,53.734139,90.755361,0, ,0.0,0.0,0.0,0.0,2,5500,0,0,0,0,0,0
TF,AA034,53.685278,90.952028,0, ,0.0,0.0,0.0,0.0,0,0,0,0,0,0,0,0
TF,AA010,53.616222,91.103222,0, ,0.0,0.0,0.0,0.0,4,6000,3300,0,0,0,0,0

STAR,KERA1F,20,5
IF,KERAL,53.765556,90.628056, ,0.0,0.0,2,8000,0,0,0,0,0,0
TF,AA027,53.913806,91.065583,0, ,0.0,0.0,0.0,0.0,2,6000,0,0,0,0,0,0
TF,AA001,53.952778,91.363361,0, ,0.0,0.0,0.0,0.0,4,6000,3600,0,0,0,0,0

STAR,KERA1G,02,2
IF,KERAL,53.765556,90.628056, ,0.0,0.0,2,8000,0,0,0,0,0,0
TF,AB,53.701417,91.355194,0, ,0.0,0.0,0.0,0.0,2,6000,0,0,0,0,0,0

STAR,KERA1H,ALL,2
IF,KERAL,53.765556,90.628056, ,0.0,0.0,2,8000,0,0,0,0,0,0
TF,A,53.723417,91.372222,0, ,0.0,0.0,0.0,0.0,2,6000,0,0,0,0,0,0

STAR,LEGN1E,02,5
IF,LEGNI,54.105556,90.938056, ,0.0,0.0,2,8000,0,0,0,0,0,0
TF,AA033,53.949694,90.943278,0, ,0.0,0.0,0.0,0.0,2,6000,0,0,0,0,0,0
TF,AA034,53.685278,90.952028,0, ,0.0,0.0,0.0,0.0,0,0,0,0,0,0,0,0
TF,AA010,53.616222,91.103222,0, ,0.0,0.0,0.0,0.0,4,6000,3300,0,0,0,0,0

STAR,LEGN1F,20,5
IF,LEGNI,54.105556,90.938056, ,0.0,0.0,2,8000,0,0,0,0,0,0
TF,AA028,54.043472,91.111806,0, ,0.0,0.0,0.0,0.0,2,6000,0,0,0,0,0,0
TF,AA001,53.952778,91.363361,0, ,0.0,0.0,0.0,0.0,4,6000,3600,0,0,0,0,0

STAR,LEGN1G,02,2
IF,LEGNI,54.105556,90.938056, ,0.0,0.0,2,8000,0,0,0,0,0,0
TF,AB,53.701417,91.355194,0, ,0.0,0.0,0.0,0.0,2,6000,0,0,0,0,0,0

STAR,LEGN1H,ALL,2
IF,LEGNI,54.105556,90.938056, ,0.0,0.0,2,8000,0,0,0,0,0,0
TF,A,53.723417,91.372222,0, ,0.0,0.0,0.0,0.0,2,6000,0,0,0,0,0,0

STAR,NARB1E,02,5
IF,NARBI,53.290556,91.391389, ,0.0,0.0,2,8000,0,0,0,0,0,0
TF,AA032,53.360361,91.317389,0, ,0.0,0.0,0.0,0.0,2,6000,0,0,0,0,0,0
TF,AA009,53.482861,91.186806,0, ,0.0,0.0,0.0,0.0,4,6000,3300,0,0,0,0,0

STAR,NARB1F,20,5
IF,NARBI,53.290556,91.391389, ,0.0,0.0,2,8000,0,0,0,0,0,0
TF,AA003,53.868278,91.672833,0, ,0.0,0.0,0.0,0.0,4,6000,3600,0,0,0,0,0

STAR,NARB1G,02,2
IF,NARBI,53.290556,91.391389, ,0.0,0.0,2,8000,0,0,0,0,0,0
TF,AB,53.701417,91.355194,0, ,0.0,0.0,0.0,0.0,2,6000,0,0,0,0,0,0

STAR,NARB1H,ALL,2
IF,NARBI,53.290556,91.391389, ,0.0,0.0,2,8000,0,0,0,0,0,0
TF,A,53.723417,91.372222,0, ,0.0,0.0,0.0,0.0,2,6000,0,0,0,0,0,0

STAR,NEBO1E,02,5
IF,NEBON,53.602222,90.666389, ,0.0,0.0,2,8000,0,0,0,0,0,0
TF,AA010,53.616222,91.103222,0, ,0.0,0.0,0.0,0.0,4,6000,3300,0,0,0,0,0

STAR,NEBO1F,20,5
IF,NEBON,53.602222,90.666389, ,0.0,0.0,2,8000,0,0,0,0,0,0
TF,AA027,53.913806,91.065583,0, ,0.0,0.0,0.0,0.0,2,6000,0,0,0,0,0,0
TF,AA001,53.952778,91.363361,0, ,0.0,0.0,0.0,0.0,4,6000,3600,0,0,0,0,0

STAR,NEBO1G,02,2
IF,NEBON,53.602222,90.666389, ,0.0,0.0,2,8000,0,0,0,0,0,0
TF,AB,53.701417,91.355194,0, ,0.0,0.0,0.0,0.0,2,6000,0,0,0,0,0,0

STAR,NEBO1H,ALL,2
IF,NEBON,53.602222,90.666389, ,0.0,0.0,2,8000,0,0,0,0,0,0
TF,A,53.723417,91.372222,0, ,0.0,0.0,0.0,0.0,2,6000,0,0,0,0,0,0

STAR,RINA1E,02,5
IF,RINAG,54.130556,91.769722, ,0.0,0.0,2,8000,0,0,0,0,0,0
TF,AA030,53.538361,91.601306,0, ,0.0,0.0,0.0,0.0,0,0,0,0,0,0,0,0
TF,AA031,53.411306,91.393167,0, ,0.0,0.0,0.0,0.0,0,0,0,0,0,0,0,0
TF,AA009,53.482861,91.186806,0, ,0.0,0.0,0.0,0.0,4,6000,3300,0,0,0,0,0

STAR,RINA1F,20,5
IF,RINAG,54.130556,91.769722, ,0.0,0.0,2,8000,0,0,0,0,0,0
TF,AA002,53.997611,91.604139,0, ,0.0,0.0,0.0,0.0,4,6000,3600,0,0,0,0,0

STAR,RINA1G,02,2
IF,RINAG,54.130556,91.769722, ,0.0,0.0,2,8000,0,0,0,0,0,0
TF,AB,53.701417,91.355194,0, ,0.0,0.0,0.0,0.0,2,6000,0,0,0,0,0,0

STAR,RINA1H,ALL,2
IF,RINAG,54.130556,91.769722, ,0.0,0.0,2,8000,0,0,0,0,0,0
TF,A,53.723417,91.372222,0, ,0.0,0.0,0.0,0.0,2,6000,0,0,0,0,0,0

FINAL,I02-Y,02,I,3
IF,CF02,53.557728,91.244050,IAB,201.8,13.1,2,3100,0,0,0,0,0,0
CF,FF02,53.634722,91.302500,0,IAB,202.0,8.0,22.0,5.1,1,2700,0,0,0,0,2,0
CF,RW02,53.730822,91.378047,0,IAB,201.8,1.6,22.0,6.4,1,885,0,0,0,0,3,0
CA,0,22.0,2,2500,0,1,230,0,0,0
DF,AB,53.701417,91.355194,1, ,0.0,0.0,2,3100,0,0,0,0,0,0

APPTR,I02-Z,02,AA009
IF,AA009,53.482861,91.186806, ,0.0,0.0,4,6000,3300,0,0,0,1,0
TF,AA011,53.574389,91.257111,0,IAB,0.0,0.0,0.0,0.0,2,3300,0,0,0,0,1,0

APPTR,I02-Z,02,AA010
IF,AA010,53.616222,91.103222, ,0.0,0.0,4,6000,3300,0,0,0,1,0
TF,AA011,53.574389,91.257111,0,IAB,0.0,0.0,0.0,0.0,2,3300,0,0,0,0,1,0

FINAL,I02-Z,02,I,3
IF,AA011,53.574389,91.257111,IAB,201.7,12.0,2,3300,0,0,0,0,0,0
CF,FI02Z,53.650719,91.315886,0,IAB,201.8,6.9,22.0,5.1,1,2400,0,0,0,0,2,0
CF,RW02,53.730822,91.378047,0,IAB,201.8,1.6,22.0,5.3,1,885,0,0,0,0,3,0
TF,AA013,53.922389,91.527167,0, ,0.0,0.0,0.0,0.0,0,0,0,1,185,0,0,0
TF,AA014,53.964528,91.371972,0, ,0.0,0.0,0.0,0.0,0,0,0,1,185,0,0,0
TF,AA010,53.616222,91.103222,0, ,0.0,0.0,0.0,0.0,2,3300,0,0,0,0,0,0

FINAL,I20-Y,20,I,3
IF,CF20,53.900703,91.510458,IAK,21.7,11.7,2,3600,0,0,0,0,0,0
CF,FF20,53.838333,91.461944,0,IAK,21.8,7.6,202.0,4.1,1,2800,0,0,0,0,2,0
CF,RW20,53.751322,91.393967,0,IAK,21.7,1.8,202.0,5.8,1,879,0,0,0,0,3,0
CA,0,202.0,2,2400,0,0,0,0,0,0
DF,A,53.723417,91.372222,2, ,0.0,0.0,2,3600,0,0,0,0,0,0

APPTR,I20-Z,20,AA001
IF,AA001,53.952778,91.363361, ,0.0,0.0,4,6000,3600,0,0,0,1,0
TF,AA004,53.910639,91.518250,0,IAK,0.0,0.0,0.0,0.0,2,3600,0,0,0,0,1,0

APPTR,I20-Z,20,AA002
IF,AA002,53.997611,91.604139, ,0.0,0.0,4,6000,3600,0,0,0,1,0
TF,AA004,53.910639,91.518250,0,IAK,0.0,0.0,0.0,0.0,2,3600,0,0,0,0,1,0

APPTR,I20-Z,20,AA003
IF,AA003,53.868278,91.672833, ,0.0,0.0,4,6000,3600,0,0,0,1,0
TF,AA004,53.910639,91.518250,0,IAK,0.0,0.0,0.0,0.0,2,3600,0,0,0,0,1,0

FINAL,I20-Z,20,I,3
IF,AA004,53.910639,91.518250,IAK,21.7,12.4,2,3600,0,0,0,0,0,0
CF,FI20Z,53.832878,91.457453,0,IAK,21.7,7.2,202.0,5.2,1,2700,0,0,0,0,2,0
CF,RW20,53.751322,91.393967,0,IAK,21.7,1.8,202.0,5.4,1,879,0,0,0,0,3,0
TF,AA007,53.529222,91.222028,0, ,0.0,0.0,0.0,0.0,0,0,0,1,190,0,0,0
TF,AA008,53.584028,91.020611,0, ,0.0,0.0,0.0,0.0,0,0,0,1,190,0,0,0
TF,AA021,53.840583,91.218194,0, ,0.0,0.0,0.0,0.0,0,0,0,0,0,0,0,0
TF,AA001,53.952778,91.363361,0, ,0.0,0.0,0.0,0.0,2,3600,0,0,0,0,0,0

APPTR,J02,02,AA009
IF,AA009,53.482861,91.186806, ,0.0,0.0,4,6000,3300,0,0,0,1,0
TF,AA011,53.574389,91.257111,0,G02A,0.0,0.0,0.0,0.0,2,3300,0,0,0,0,1,0

APPTR,J02,02,AA010
IF,AA010,53.616222,91.103222, ,0.0,0.0,4,6000,3300,0,0,0,1,0
TF,AA011,53.574389,91.257111,0,G02A,0.0,0.0,0.0,0.0,2,3300,0,0,0,0,1,0

FINAL,J02,02,G,3
IF,AA011,53.574389,91.257111,G02A,0.0,0.0,2,3300,0,0,0,0,0,0
TF,AA036,53.650583,91.315889,0,G02A,0.0,0.0,22.0,5.0,1,2400,0,0,0,0,2,0
TF,RW02,53.730822,91.378047,0,G02A,0.0,0.0,22.0,5.3,1,880,0,0,0,0,3,1
CA,0,22.0,2,1300,0,1,185,0,0,0
DF,AA013,53.922389,91.527167,0, ,0.0,0.0,0,0,0,1,185,0,0,0
TF,AA014,53.964528,91.371972,0, ,0.0,0.0,0.0,0.0,0,0,0,1,185,0,0,0
TF,AA010,53.616222,91.103222,0, ,0.0,0.0,0.0,0.0,2,3300,0,0,0,0,0,0

APPTR,J20,20,AA001
IF,AA001,53.952778,91.363361, ,0.0,0.0,4,6000,3600,0,0,0,1,0
TF,AA004,53.910639,91.518250,0,G20A,0.0,0.0,0.0,0.0,2,3600,0,0,0,0,1,0

APPTR,J20,20,AA002
IF,AA002,53.997611,91.604139, ,0.0,0.0,4,6000,3600,0,0,0,1,0
TF,AA004,53.910639,91.518250,0,G20A,0.0,0.0,0.0,0.0,2,3600,0,0,0,0,1,0

APPTR,J20,20,AA003
IF,AA003,53.868278,91.672833, ,0.0,0.0,4,6000,3600,0,0,0,1,0
TF,AA004,53.910639,91.518250,0,G20A,0.0,0.0,0.0,0.0,2,3600,0,0,0,0,1,0

FINAL,J20,20,G,3
IF,AA004,53.910639,91.518250,G20A,0.0,0.0,2,3600,0,0,0,0,0,0
TF,AA037,53.832222,91.456944,0,G20A,0.0,0.0,202.0,5.2,1,2700,0,0,0,0,2,0
TF,RW20,53.751322,91.393967,0,G20A,0.0,0.0,202.0,5.4,1,874,0,0,0,0,3,1
CA,0,202.0,2,2000,0,1,190,0,0,0
DF,AA007,53.529222,91.222028,0, ,0.0,0.0,0,0,0,1,190,0,0,0
TF,AA008,53.584028,91.020611,0, ,0.0,0.0,0.0,0.0,0,0,0,1,190,0,0,0
TF,AA021,53.840583,91.218194,0, ,0.0,0.0,0.0,0.0,0,0,0,0,0,0,0,0
TF,AA001,53.952778,91.363361,0, ,0.0,0.0,0.0,0.0,2,3600,0,0,0,0,0,0

FINAL,N02-Y,02,N,2
IF,FN02Y,53.625833,91.295694,A,0.0,0.0,2,3100,0,0,0,0,2,0
CF,A,53.723417,91.372222,0,A,0.0,0.0,22.0,6.5,1,1042,0,0,0,0,3,0
CA,0,22.0,2,3000,0,0,0,0,0,0
DF,A,53.723417,91.372222,1, ,0.0,0.0,2,3100,0,0,0,0,0,0

FINAL,Q02-X,02,N,3
IF,CF02,53.557728,91.244050,AB,0.0,0.0,2,3100,0,0,0,0,0,0
CF,FF02,53.634722,91.302500,0,AB,0.0,0.0,22.0,5.1,1,2700,0,0,0,0,2,0
CF,A,53.723417,91.372222,0,ABK,0.0,1.4,22.0,5.9,1,1026,0,0,0,0,3,0
CA,0,22.0,2,2800,0,1,235,0,0,0
DF,AB,53.701417,91.355194,1, ,0.0,0.0,2,3100,0,0,0,0,0,0

FINAL,Q02-Z,02,N,3
IF,CF02,53.557728,91.244050,A,0.0,0.0,2,3100,0,0,0,0,0,0
CF,FF02,53.634722,91.302500,0,A,0.0,0.0,22.0,5.1,1,2700,0,0,0,0,2,0
CF,A,53.723417,91.372222,0,ABK,0.0,1.4,22.0,5.9,1,1026,0,0,0,0,3,0
CA,0,22.0,2,2800,0,1,235,0,0,0
DF,A,53.723417,91.372222,1, ,0.0,0.0,2,3100,0,0,0,0,0,0

FINAL,Q20,20,N,4
IF,CF20,53.900703,91.510458,A,0.0,0.0,2,3600,0,0,0,0,0,0
CF,FF20,53.838333,91.461944,0,A,0.0,0.0,202.0,4.1,1,2800,0,0,0,0,2,0
CF,45DME,53.811692,91.441789,0,A,0.0,0.0,202.0,1.8,1,2200,0,0,0,0,0,0
CF,RW20,53.751322,91.393967,0,ABK,0.0,0.5,202.0,4.0,1,879,0,0,0,0,3,0
CF,A,53.723417,91.372222,0,KRS,191.8,152.1,202.0,1.9,0,0,0,0,0,0,0,1
CA,0,202.0,2,2700,0,0,0,0,0,0
DF,A,53.723417,91.372222,2, ,0.0,0.0,2,3600,0,0,0,0,0,0

APPTR,R02,02,AA009
IF,AA009,53.482861,91.186806, ,0.0,0.0,4,6000,3300,0,0,0,1,0
TF,AA011,53.574389,91.257111,0, ,0.0,0.0,0.0,0.0,2,3300,0,0,0,0,1,0

APPTR,R02,02,AA010
IF,AA010,53.616222,91.103222, ,0.0,0.0,4,6000,3300,0,0,0,1,0
TF,AA011,53.574389,91.257111,0, ,0.0,0.0,0.0,0.0,2,3300,0,0,0,0,1,0

FINAL,R02,02,R,3
IF,AA011,53.574389,91.257111, ,0.0,0.0,2,3300,0,0,0,0,0,0
TF,AA036,53.650583,91.315889,0, ,0.0,0.0,22.0,5.0,1,2400,0,0,0,0,2,0
TF,RW02,53.730822,91.378047,0, ,0.0,0.0,22.0,5.3,1,880,0,0,0,0,3,1
CA,0,22.0,2,1300,0,1,185,0,0,0
DF,AA013,53.922389,91.527167,0, ,0.0,0.0,0,0,0,1,185,0,0,0
TF,AA014,53.964528,91.371972,0, ,0.0,0.0,0.0,0.0,0,0,0,1,185,0,0,0
TF,AA010,53.616222,91.103222,0, ,0.0,0.0,0.0,0.0,2,3300,0,0,0,0,0,0

APPTR,R20,20,AA001
IF,AA001,53.952778,91.363361, ,0.0,0.0,4,6000,3600,0,0,0,1,0
TF,AA004,53.910639,91.518250,0, ,0.0,0.0,0.0,0.0,2,3600,0,1,220,0,1,0

APPTR,R20,20,AA002
IF,AA002,53.997611,91.604139, ,0.0,0.0,4,6000,3600,0,0,0,1,0
TF,AA004,53.910639,91.518250,0, ,0.0,0.0,0.0,0.0,2,3600,0,1,220,0,1,0

APPTR,R20,20,AA003
IF,AA003,53.868278,91.672833, ,0.0,0.0,4,6000,3600,0,0,0,1,0
TF,AA004,53.910639,91.518250,0, ,0.0,0.0,0.0,0.0,2,3600,0,1,220,0,1,0

FINAL,R20,20,R,3
IF,AA004,53.910639,91.518250, ,0.0,0.0,2,3600,0,1,220,0,0,0
TF,AA037,53.832222,91.456944,0, ,0.0,0.0,202.0,5.2,1,2700,0,0,0,0,2,0
TF,RW20,53.751322,91.393967,0, ,0.0,0.0,202.0,5.4,1,874,0,0,0,0,3,1
CA,0,202.0,2,2000,0,1,190,0,0,0
DF,AA007,53.529222,91.222028,0, ,0.0,0.0,0,0,0,1,190,0,0,0
TF,AA008,53.584028,91.020611,0, ,0.0,0.0,0.0,0.0,0,0,0,1,190,0,0,0
TF,AA021,53.840583,91.218194,0, ,0.0,0.0,0.0,0.0,0,0,0,0,0,0,0,0
TF,AA001,53.952778,91.363361,0, ,0.0,0.0,0.0,0.0,2,3600,0,0,0,0,0,0

