SID,AMLU1S,26,5
CF,MG126,43.377694,45.453639,0,MKL,282.9,102.0,260.0,10.0,2,2180,0,1,230,0,0,0
TF,MG087,43.373111,45.339556,0, ,0.0,0.0,0.0,0.0,0,0,0,1,245,0,0,0
TF,AMLUG,43.476111,45.215278,0, ,0.0,0.0,0.0,0.0,2,10000,0,0,0,0,0,0

SID,AMLU1T,08,5
CF,MG088,43.398139,45.946250,0,MKL,288.4,82.3,80.0,10.0,2,2180,0,1,245,0,0,0
TF,MG108,43.539972,45.916083,1, ,0.0,0.0,0.0,0.0,0,0,0,1,245,0,0,0
TF,MG208,43.511972,45.602833,0, ,0.0,0.0,0.0,0.0,0,0,0,1,245,0,0,0
TF,AMLUG,43.476111,45.215278,0, ,0.0,0.0,0.0,0.0,2,10000,0,0,0,0,0,0

SID,AMLU1U,08,2
CA,0,80.0,2,1850,0,0,0,0,0,0
CI,1, ,0.0,220.0,0,0,0,0,0,0,0,0
CF,AMLUG,43.476111,45.215278,0,MKL,284.0,113.7,276.0,21.0,2,10000,0,0,0,0,0,0

SID,AMLU1W,26,2
DF,DER26,43.387542,45.684417,0, ,0.0,0.0,0,0,0,0,0,0,0,1
CA,0,260.0,2,1860,0,0,0,0,0,0
VI,0, ,0.0,306.0,0,0,0,0,0,0,0,0
CF,AMLUG,43.476111,45.215278,0,MKL,284.0,113.7,276.0,16.0,2,10000,0,0,0,0,0,0

SID,NEGU1S,26,5
CF,MG126,43.377694,45.453639,0,MKL,282.9,102.0,260.0,10.0,2,2180,0,1,230,0,0,0
TF,NEGUB,43.736389,45.425278,0, ,0.0,0.0,0.0,0.0,2,8000,0,1,245,0,0,0

SID,NEGU1T,08,5
CF,MG088,43.398139,45.946250,0,MKL,288.4,82.3,80.0,10.0,2,2180,0,1,245,0,0,0
TF,MG108,43.539972,45.916083,1, ,0.0,0.0,0.0,0.0,0,0,0,1,245,0,0,0
TF,NEGUB,43.736389,45.425278,0, ,0.0,0.0,0.0,0.0,2,8000,0,1,245,0,0,0

SID,NEGU1U,08,2
CA,0,80.0,2,1850,0,0,0,0,0,0
CI,1, ,0.0,253.0,0,0,0,0,0,0,0,0
CF,NEGUB,43.736389,45.425278,0,MKL,293.2,111.7,321.0,21.0,2,8000,0,0,0,0,0,0

SID,NEGU1W,26,2
DF,DER26,43.387542,45.684417,0, ,0.0,0.0,0,0,0,0,0,0,0,1
CA,0,260.0,2,1860,0,0,0,0,0,0
CI,2, ,0.0,24.0,0,0,0,0,0,0,0,0
CF,NEGUB,43.736389,45.425278,0,MKL,293.2,111.7,321.0,18.0,2,8000,0,0,0,0,0,0

SID,PINT1S,26,5
CF,MG126,43.377694,45.453639,0,MKL,282.9,102.0,260.0,10.0,2,2180,0,1,230,0,0,0
TF,MG267,43.506361,45.513306,2, ,0.0,0.0,0.0,0.0,0,0,0,1,245,0,0,0
TF,MG268,43.554611,45.817361,0, ,0.0,0.0,0.0,0.0,0,0,0,1,245,0,0,0
TF,PINTA,43.616389,46.215278,0, ,0.0,0.0,0.0,0.0,2,9000,0,1,245,0,0,0

SID,PINT1T,08,5
CF,MG088,43.398139,45.946250,0,MKL,288.4,82.3,80.0,10.0,2,2180,0,1,245,0,0,0
TF,PINTA,43.616389,46.215278,0, ,0.0,0.0,0.0,0.0,2,9000,0,1,245,0,0,0

SID,PINT1U,08,2
CA,0,80.0,2,1850,0,0,0,0,0,0
CI,0, ,0.0,20.0,0,0,0,0,0,0,0,0
CF,PINTA,43.616389,46.215278,0,MKL,300.7,78.8,51.0,18.0,2,9000,0,0,0,0,0,0

SID,PINT1W,26,2
DF,DER26,43.387542,45.684417,0, ,0.0,0.0,0,0,0,0,0,0,0,1
CA,0,260.0,2,1860,0,0,0,0,0,0
DF,WK,43.389417,45.728306,2, ,0.0,0.0,0,0,0,0,0,0,0,0
TF,PINTA,43.616389,46.215278,0, ,0.0,0.0,0.0,0.0,2,9000,0,0,0,0,0,0

SID,PINT1Y,08,2
CA,0,80.0,2,3490,0,0,0,0,0,0
CF,D080E,43.393003,45.826167,0,MKL,286.8,87.0,80.0,2.0,0,0,0,0,0,0,0,1
DF,WK,43.389417,45.728306,1, ,0.0,0.0,2,8000,0,0,0,0,0,1
HA,WK,43.389417,45.728306,2, ,0.0,0.0,260.0,04.3,2,9000,0,0,0,0,0,0,0
CI,2, ,0.0,95.0,0,0,0,0,0,0,0,0
CF,PINTA,43.616389,46.215278,0,MKL,300.7,78.8,51.0,22.0,2,9000,0,0,0,0,0,0

SID,PINT1Z,26,2
CA,0,260.0,2,3500,0,0,0,0,0,0
CF,D260F,43.381792,45.536533,0,MKL,283.7,98.6,260.0,2.0,0,0,0,0,0,0,0,1
DF,WK,43.389417,45.728306,2, ,0.0,0.0,2,8000,0,0,0,0,0,0
HA,WK,43.389417,45.728306,1, ,0.0,0.0,80.0,04.3,2,9000,0,0,0,0,0,0,0
TF,PINTA,43.616389,46.215278,0, ,0.0,0.0,0.0,0.0,2,9000,0,0,0,0,0,0

SID,REMK1S,26,5
CF,MG126,43.377694,45.453639,0,MKL,282.9,102.0,260.0,10.0,2,2180,0,1,230,0,0,0
TF,MG267,43.506361,45.513306,2, ,0.0,0.0,0.0,0.0,0,0,0,1,245,0,0,0
TF,MG268,43.554611,45.817361,0, ,0.0,0.0,0.0,0.0,0,0,0,1,245,0,0,0
TF,MG263,43.498194,45.938889,0, ,0.0,0.0,0.0,0.0,0,0,0,1,245,0,0,0
TF,REMKA,43.269722,46.116944,0, ,0.0,0.0,0.0,0.0,2,13000,0,0,0,0,0,0

SID,REMK1T,08,5
CF,MG088,43.398139,45.946250,0,MKL,288.4,82.3,80.0,10.0,2,2180,0,1,245,0,0,0
TF,MG108,43.539972,45.916083,1, ,0.0,0.0,0.0,0.0,0,0,0,1,245,0,0,0
TF,MG208,43.511972,45.602833,0, ,0.0,0.0,0.0,0.0,0,0,0,1,245,0,0,0
TF,MG308,43.410833,45.620139,0, ,0.0,0.0,0.0,0.0,0,0,0,1,245,0,0,0
TF,REMKA,43.269722,46.116944,0, ,0.0,0.0,0.0,0.0,2,13000,0,0,0,0,0,0

SID,REMK1U,08,2
CA,0,80.0,2,3490,0,0,0,0,0,0
CF,D080E,43.393003,45.826167,0,MKL,286.8,87.0,80.0,2.0,0,0,0,0,0,0,0,1
DF,WK,43.389417,45.728306,1, ,0.0,0.0,2,8000,0,0,0,0,0,1
HA,WK,43.389417,45.728306,2, ,0.0,0.0,260.0,04.3,2,10000,0,0,0,0,0,0,0
CI,2, ,0.0,151.0,0,0,0,0,0,0,0,0
CF,REMKA,43.269722,46.116944,0,MKL,285.3,72.4,106.0,18.0,2,13000,0,0,0,0,0,0

SID,REMK1W,26,2
CA,0,260.0,2,3500,0,0,0,0,0,0
CF,D260F,43.381792,45.536533,0,MKL,283.7,98.6,260.0,2.0,0,0,0,0,0,0,0,1
DF,WK,43.389417,45.728306,2, ,0.0,0.0,2,8000,0,0,0,0,0,0
HA,WK,43.389417,45.728306,1, ,0.0,0.0,80.0,04.3,2,10000,0,0,0,0,0,0,0
TF,REMKA,43.269722,46.116944,0, ,0.0,0.0,0.0,0.0,2,13000,0,0,0,0,0,0

STAR,AMLU1P,08,5
IF,AMLUG,43.476111,45.215278, ,0.0,0.0,2,9000,0,1,245,0,0,0
TF,MG087,43.373111,45.339556,0, ,0.0,0.0,0.0,0.0,2,4970,0,1,245,0,0,0
TF,MG126,43.377694,45.453639,0, ,0.0,0.0,0.0,0.0,2,2670,0,1,225,0,0,0

STAR,AMLU1R,26,5
IF,AMLUG,43.476111,45.215278, ,0.0,0.0,2,9000,0,1,245,0,0,0
TF,MG085,43.489694,45.721333,0, ,0.0,0.0,0.0,0.0,0,0,0,1,245,0,0,0
TF,MG263,43.498194,45.938889,0, ,0.0,0.0,0.0,0.0,2,3010,0,1,245,0,0,0
TF,MG088,43.398139,45.946250,0, ,0.0,0.0,0.0,0.0,2,2510,0,1,225,0,0,0

STAR,AMLU1X,ALL,2
IF,AMLUG,43.476111,45.215278, ,0.0,0.0,2,9000,0,0,0,0,0,0
TF,WK,43.389417,45.728306,0, ,0.0,0.0,0.0,0.0,4,6120,4150,0,0,0,0,0

STAR,NEGU1P,08,5
IF,NEGUB,43.736389,45.425278, ,0.0,0.0,2,9000,0,1,245,0,0,0
TF,MG083,43.478528,45.445694,0, ,0.0,0.0,0.0,0.0,2,3000,0,1,245,0,0,0
TF,MG126,43.377694,45.453639,0, ,0.0,0.0,0.0,0.0,2,2670,0,1,225,0,0,0

STAR,NEGU1R,26,5
IF,NEGUB,43.736389,45.425278, ,0.0,0.0,2,9000,0,1,245,0,0,0
TF,MG263,43.498194,45.938889,0, ,0.0,0.0,0.0,0.0,2,3010,0,1,245,0,0,0
TF,MG088,43.398139,45.946250,0, ,0.0,0.0,0.0,0.0,2,2510,0,1,225,0,0,0

STAR,NEGU1X,ALL,2
IF,NEGUB,43.736389,45.425278, ,0.0,0.0,2,9000,0,0,0,0,0,0
TF,WK,43.389417,45.728306,0, ,0.0,0.0,0.0,0.0,4,6120,4150,0,0,0,0,0

STAR,PINT1P,08,5
IF,PINTA,43.616389,46.215278, ,0.0,0.0,2,8000,0,1,245,0,0,0
TF,MG085,43.489694,45.721333,0, ,0.0,0.0,0.0,0.0,0,0,0,1,245,0,0,0
TF,MG084,43.483611,45.569139,0, ,0.0,0.0,0.0,0.0,0,0,0,1,245,0,0,0
TF,MG083,43.478528,45.445694,0, ,0.0,0.0,0.0,0.0,2,3000,0,1,245,0,0,0
TF,MG126,43.377694,45.453639,1, ,0.0,0.0,0.0,0.0,2,2670,0,1,225,0,0,0

STAR,PINT1R,26,5
IF,PINTA,43.616389,46.215278, ,0.0,0.0,2,8000,0,1,245,0,0,0
TF,MG088,43.398139,45.946250,0, ,0.0,0.0,0.0,0.0,2,2510,0,1,225,0,0,0

STAR,PINT1X,ALL,2
IF,PINTA,43.616389,46.215278, ,0.0,0.0,2,8000,0,0,0,0,0,0
TF,WK,43.389417,45.728306,0, ,0.0,0.0,0.0,0.0,4,6120,4150,0,0,0,0,0

STAR,REMK1P,08,5
IF,REMKA,43.269722,46.116944, ,0.0,0.0,2,12000,0,0,0,0,0,0
TF,MG086,43.366639,45.943333,0, ,0.0,0.0,0.0,0.0,0,0,0,1,245,0,0,0
TF,MG085,43.489694,45.721333,0, ,0.0,0.0,0.0,0.0,2,7590,0,1,245,0,0,0
TF,MG084,43.483611,45.569139,0, ,0.0,0.0,0.0,0.0,0,0,0,1,245,0,0,0
TF,MG083,43.478528,45.445694,0, ,0.0,0.0,0.0,0.0,2,3000,0,1,245,0,0,0
TF,MG126,43.377694,45.453639,1, ,0.0,0.0,0.0,0.0,2,2670,0,1,225,0,0,0

STAR,REMK1R,26,5
IF,REMKA,43.269722,46.116944, ,0.0,0.0,2,12000,0,0,0,0,0,0
TF,MG265,43.380167,45.728917,0, ,0.0,0.0,0.0,0.0,0,0,0,1,245,0,0,0
TF,MG085,43.489694,45.721333,0, ,0.0,0.0,0.0,0.0,2,7600,0,1,245,0,0,0
TF,MG263,43.498194,45.938889,0, ,0.0,0.0,0.0,0.0,2,3010,0,1,245,0,0,0
TF,MG088,43.398139,45.946250,0, ,0.0,0.0,0.0,0.0,2,2510,0,1,225,0,0,0

STAR,REMK1X,ALL,2
IF,REMKA,43.269722,46.116944, ,0.0,0.0,2,12000,0,0,0,0,0,0
TF,WK,43.389417,45.728306,0, ,0.0,0.0,0.0,0.0,4,6120,4150,0,0,0,0,0

APPTR,I26-V,26,WK1
IF,WK,43.389417,45.728306, ,0.0,0.0,4,6120,4150,1,220,0,1,0
FC,WK,43.389417,45.728306,0,MKL,0.0,0.0,58.0,9.2,1,2840,0,0,0,0,0,1
CF,CI26V,43.397794,45.938372,2,IWK,79.7,11.4,260.0,1.0,1,2840,0,0,0,0,0,0

APPTR,I26-V,26,WK2
IF,WK,43.389417,45.728306, ,0.0,0.0,4,6120,4150,1,220,0,1,0
FC,WK,43.389417,45.728306,0,MKL,0.0,0.0,70.0,9.2,1,2840,0,0,0,0,0,1
CF,CI26V,43.397794,45.938372,2,IWK,79.7,11.4,260.0,1.0,1,2840,0,0,0,0,0,0

FINAL,I26-V,26,I,3
IF,CI26V,43.397794,45.938372,IWK,79.7,11.4,1,2840,0,0,0,0,0,0
CF,FI26V,43.394044,45.843872,0,IWK,79.7,7.2,260.0,4.1,1,2180,0,0,0,0,2,0
CF,RW26,43.388819,45.715236,0,IWK,79.7,1.6,260.0,5.6,1,590,0,0,0,0,3,0
CA,0,260.0,2,2180,0,0,0,0,0,0
DF,WK,43.389417,45.728306,2, ,0.0,0.0,2,2840,0,1,220,0,0,0

FINAL,I26-W,26,I,3
IF,MG088,43.398139,45.946250,IWK,79.7,11.7,2,2510,0,1,225,0,1,0
CF,MG270,43.394028,45.843250,0,IWK,79.7,7.2,260.0,4.5,1,2180,0,0,0,0,2,0
CF,RW26,43.388819,45.715236,0,IWK,79.7,1.6,260.0,5.6,1,590,0,0,0,0,3,0
TF,MG126,43.377694,45.453639,0, ,0.0,0.0,0.0,0.0,2,2510,0,1,240,0,0,0
TF,MG267,43.506361,45.513306,2, ,0.0,0.0,0.0,0.0,0,0,0,1,240,0,0,0
TF,MG268,43.554611,45.817361,0, ,0.0,0.0,0.0,0.0,2,3010,0,1,240,0,0,0
TF,MG263,43.498194,45.938889,0, ,0.0,0.0,0.0,0.0,0,0,0,0,0,0,0,0
TF,MG088,43.398139,45.946250,0, ,0.0,0.0,0.0,0.0,0,0,0,1,225,0,0,0

FINAL,J08,08,G,3
IF,MG126,43.377694,45.453639,G08A,0.0,0.0,2,2670,0,1,225,0,1,0
TF,MG090,43.382139,45.556278,0,G08A,0.0,0.0,80.0,4.5,1,2180,0,0,0,0,2,0
TF,RW08,43.387542,45.684417,0,G08A,0.0,0.0,80.0,5.6,1,586,0,0,0,0,3,1
CA,0,80.0,2,2510,0,1,240,0,0,0
DF,MG088,43.398139,45.946250,0, ,0.0,0.0,2,2510,0,1,240,0,0,0
TF,MG108,43.539972,45.916083,1, ,0.0,0.0,0.0,0.0,2,3000,0,1,240,0,0,0
TF,MG083,43.478528,45.445694,1, ,0.0,0.0,0.0,0.0,2,3000,0,1,240,0,0,0
TF,MG126,43.377694,45.453639,0, ,0.0,0.0,0.0,0.0,0,0,0,1,225,0,0,0

FINAL,J26,26,G,3
IF,MG088,43.398139,45.946250,G26A,0.0,0.0,2,2510,0,1,225,0,1,0
TF,MG270,43.394028,45.843250,0,G26A,0.0,0.0,260.0,4.5,1,2180,0,0,0,0,2,0
TF,RW26,43.388819,45.715236,0,G26A,0.0,0.0,260.0,5.6,1,590,0,0,0,0,3,1
CF,MG126,43.377694,45.453639,0,MKL,282.9,102.0,260.0,11.5,2,2510,0,1,240,0,0,0
TF,MG267,43.506361,45.513306,2, ,0.0,0.0,0.0,0.0,0,0,0,1,240,0,0,0
TF,MG268,43.554611,45.817361,0, ,0.0,0.0,0.0,0.0,2,3010,0,1,240,0,0,0
TF,MG263,43.498194,45.938889,0, ,0.0,0.0,0.0,0.0,0,0,0,0,0,0,0,0
TF,MG088,43.398139,45.946250,0, ,0.0,0.0,0.0,0.0,0,0,0,1,225,0,0,0

APPTR,N08-V,08,WK1
IF,WK,43.389417,45.728306, ,0.0,0.0,4,6120,4150,1,245,0,1,0
FC,WK,43.389417,45.728306,0,MKL,0.0,0.0,279.0,12.3,1,2840,0,0,0,0,0,1
CF,FN08V,43.381111,45.531111,1,MKL,283.6,98.8,80.0,4.0,1,2510,0,0,0,0,0,0

APPTR,N08-V,08,WK2
IF,WK,43.389417,45.728306, ,0.0,0.0,4,6120,4150,1,245,0,1,0
FC,WK,43.389417,45.728306,0,MKL,0.0,0.0,267.0,12.3,1,2840,0,0,0,0,0,1
CF,FN08V,43.381111,45.531111,1,MKL,283.6,98.8,80.0,4.0,1,2510,0,0,0,0,0,0

FINAL,N08-V,08,N,2
IF,FN08V,43.381111,45.531111,WK,0.0,0.0,1,2510,0,0,0,0,2,0
CF,RW08,43.387542,45.684417,0,WK,0.0,0.0,80.0,6.7,1,586,0,0,0,0,3,0
CF,WK,43.389417,45.728306,0,MKL,285.7,90.9,80.0,1.9,0,0,0,0,0,0,0,1
FC,WK,43.389417,45.728306,0,MKL,0.0,0.0,80.0,4.1,2,2180,0,1,245,0,0,1
DF,WK,43.389417,45.728306,1, ,0.0,0.0,2,2840,0,1,245,0,0,0

APPTR,N08-W,08,WK1
IF,WK,43.389417,45.728306, ,0.0,0.0,1,4150,0,1,245,0,1,0
FC,WK,43.389417,45.728306,0,MKL,0.0,0.0,286.0,12.3,2,2840,0,0,0,0,0,1
CF,FN08W,43.381386,45.523044,1,MKL,283.5,99.2,80.0,3.0,1,2840,0,0,0,0,0,0

APPTR,N08-W,08,WK2
IF,WK,43.389417,45.728306, ,0.0,0.0,1,4150,0,1,245,0,1,0
FC,WK,43.389417,45.728306,0,MKL,0.0,0.0,271.0,12.3,2,2840,0,0,0,0,0,1
CF,FN08W,43.381386,45.523044,1,MKL,283.5,99.2,80.0,3.0,1,2840,0,0,0,0,0,0

FINAL,N08-W,08,N,2
IF,FN08W,43.381386,45.523044,WK,0.0,0.0,1,2840,0,0,0,0,2,0
CF,RW08,43.387542,45.684417,0,WK,0.0,0.0,80.0,7.1,1,586,0,0,0,0,3,0
CF,WK,43.389417,45.728306,0,MKL,285.7,90.9,80.0,1.9,0,0,0,0,0,0,0,1
FC,WK,43.389417,45.728306,0,MKL,0.0,0.0,80.0,4.1,2,2670,0,1,245,0,0,1
DF,WK,43.389417,45.728306,1, ,0.0,0.0,2,2840,0,1,245,0,0,0

APPTR,N26-V,26,WK1
IF,WK,43.389417,45.728306, ,0.0,0.0,4,6120,4150,1,220,0,1,0
FC,WK,43.389417,45.728306,0,MKL,0.0,0.0,58.0,9.2,1,2840,0,0,0,0,0,1
CF,FN26V,43.393889,45.842222,2,MKL,287.1,86.4,260.0,4.0,1,2180,0,0,0,0,0,0

APPTR,N26-V,26,WK2
IF,WK,43.389417,45.728306, ,0.0,0.0,4,6120,4150,1,220,0,1,0
FC,WK,43.389417,45.728306,0,MKL,0.0,0.0,70.0,9.2,1,2840,0,0,0,0,0,1
CF,FN26V,43.393889,45.842222,2,MKL,287.1,86.4,260.0,4.0,1,2180,0,0,0,0,0,0

FINAL,N26-V,26,N,2
IF,FN26V,43.393889,45.842222,WK,0.0,0.0,1,2180,0,0,0,0,2,0
CF,WK,43.389417,45.728306,0,WK,0.0,0.0,260.0,5.0,1,753,0,0,0,0,3,0
FC,WK,43.389417,45.728306,0,MKL,0.0,0.0,260.0,3.7,2,2180,0,1,220,0,0,1
DF,WK,43.389417,45.728306,2, ,0.0,0.0,2,2840,0,1,220,0,0,0

APPTR,N26-W,26,WK1
IF,WK,43.389417,45.728306, ,0.0,0.0,1,4150,0,1,220,0,1,0
FC,WK,43.389417,45.728306,0,MKL,0.0,0.0,53.0,9.2,2,2840,0,0,0,0,0,1
CF,FN26W,43.394986,45.876622,2,MKL,287.5,85.0,260.0,3.0,1,2840,0,0,0,0,0,0

APPTR,N26-W,26,WK2
IF,WK,43.389417,45.728306, ,0.0,0.0,1,4150,0,1,220,0,1,0
FC,WK,43.389417,45.728306,0,MKL,0.0,0.0,68.0,9.2,2,2840,0,0,0,0,0,1
CF,FN26W,43.394986,45.876622,2,MKL,287.5,85.0,260.0,3.0,1,2840,0,0,0,0,0,0

FINAL,N26-W,26,N,2
IF,FN26W,43.394986,45.876622,WK,0.0,0.0,1,2840,0,0,0,0,2,0
CF,WK,43.389417,45.728306,0,WK,0.0,0.0,260.0,6.5,1,773,0,0,0,0,3,0
FC,WK,43.389417,45.728306,0,MKL,0.0,0.0,260.0,3.7,2,2180,0,1,220,0,0,1
DF,WK,43.389417,45.728306,2, ,0.0,0.0,2,2840,0,1,220,0,0,0

FINAL,R08,08,R,3
IF,MG126,43.377694,45.453639, ,0.0,0.0,2,2670,0,1,225,0,1,0
TF,MG089,43.382194,45.557361,0, ,0.0,0.0,80.0,4.6,1,2180,0,0,0,0,2,0
TF,RW08,43.387542,45.684417,0, ,0.0,0.0,80.0,5.6,1,584,0,0,0,0,3,1
CA,0,80.0,2,2510,0,0,0,0,0,0
DF,MG088,43.398139,45.946250,0, ,0.0,0.0,2,2510,0,1,240,0,0,0
TF,MG108,43.539972,45.916083,1, ,0.0,0.0,0.0,0.0,2,3000,0,1,240,0,0,0
TF,MG083,43.478528,45.445694,1, ,0.0,0.0,0.0,0.0,2,3000,0,1,240,0,0,0
TF,MG126,43.377694,45.453639,0, ,0.0,0.0,0.0,0.0,0,0,0,1,225,0,0,0

FINAL,R26,26,R,4
IF,MG088,43.398139,45.946250, ,0.0,0.0,2,2510,0,1,225,0,1,0
TF,MG269,43.394000,45.842333,0, ,0.0,0.0,260.0,4.6,1,2180,0,0,0,0,2,0
TF,21THR,43.390789,45.763161,0, ,0.0,0.0,260.0,3.5,2,1200,0,0,0,0,0,0
TF,RW26,43.388819,45.715236,0, ,0.0,0.0,260.0,2.1,1,588,0,0,0,0,3,1
CF,MG126,43.377694,45.453639,0,MKL,282.9,102.0,260.0,11.5,2,2510,0,1,240,0,0,0
TF,MG267,43.506361,45.513306,2, ,0.0,0.0,0.0,0.0,0,0,0,1,240,0,0,0
TF,MG268,43.554611,45.817361,0, ,0.0,0.0,0.0,0.0,2,3010,0,1,240,0,0,0
TF,MG263,43.498194,45.938889,0, ,0.0,0.0,0.0,0.0,0,0,0,0,0,0,0,0
TF,MG088,43.398139,45.946250,0, ,0.0,0.0,0.0,0.0,0,0,0,1,225,0,0,0

