SID,BETI2B,01,2
CA,0,7.0,2,1100,0,0,0,0,0,0
CI,1, ,0.0,270.0,0,0,0,0,0,0,0,0
CF,BETIL,63.590833,74.847778,0,TNL,206.1,112.3,321.0,22.0,2,6000,0,0,0,0,0,0

SID,BETI2D,19,2
CA,0,187.0,2,1100,0,0,0,0,0,0
DF,UC,63.228056,75.314972,1, ,0.0,0.0,2,2500,0,0,0,0,0,0
TF,BETIL,63.590833,74.847778,0, ,0.0,0.0,0.0,0.0,2,6000,0,0,0,0,0,0

SID,BETI2G,01,5
CF,RO013,63.246097,75.333253,0,TNL,194.9,121.0,7.0,3.5,0,0,0,0,0,0,0,1
DF,BETIL,63.590833,74.847778,0, ,0.0,0.0,2,6000,0,0,0,0,0,0

SID,BETI2H,19,5
CF,RO019,63.122472,75.205739,0,TNL,194.4,129.2,187.0,3.4,0,0,0,0,0,0,0,1
DF,BETIL,63.590833,74.847778,2, ,0.0,0.0,2,6000,0,0,0,0,0,0

SID,BOGR2B,01,2
CA,0,7.0,2,1100,0,0,0,0,0,0
DF,ZE,63.141889,75.226556,1, ,0.0,0.0,0,0,0,0,0,0,0,0
TF,BOGRI,62.857500,75.945833,0, ,0.0,0.0,0.0,0.0,2,6000,0,0,0,0,0,0

SID,BOGR2D,19,2
CA,0,187.0,2,1100,0,0,0,0,0,0
CI,1, ,0.0,60.0,0,0,0,0,0,0,0,0
CF,BOGRI,62.857500,75.945833,0,TNL,183.5,134.7,124.0,22.0,2,6000,0,0,0,0,0,0

SID,BOGR2G,01,5
CF,RO013,63.246097,75.333253,0,TNL,194.9,121.0,7.0,3.5,0,0,0,0,0,0,0,1
DF,BOGRI,62.857500,75.945833,2, ,0.0,0.0,2,6000,0,0,0,0,0,0

SID,BOGR2H,19,5
CF,RO019,63.122472,75.205739,0,TNL,194.4,129.2,187.0,3.4,0,0,0,0,0,0,0,1
DF,BOGRI,62.857500,75.945833,0, ,0.0,0.0,2,6000,0,0,0,0,0,0

SID,BOGR2N,19,2
CA,0,187.0,2,1100,0,0,0,0,0,0
DF,UC,63.228056,75.314972,2, ,0.0,0.0,2,2500,0,0,0,0,0,0
TF,BOGRI,62.857500,75.945833,0, ,0.0,0.0,0.0,0.0,2,6000,0,0,0,0,0,0

SID,DINO2B,01,2
CA,0,7.0,2,1100,0,0,0,0,0,0
DF,ZE,63.141889,75.226556,1, ,0.0,0.0,0,0,0,0,0,0,0,0
TF,DINOL,62.824722,74.678056,0, ,0.0,0.0,0.0,0.0,2,6000,0,0,0,0,0,0

SID,DINO2D,19,2
CA,0,187.0,2,1100,0,0,0,0,0,0
CF,DINOL,62.824722,74.678056,0,TNL,195.7,152.0,198.0,26.0,2,6000,0,0,0,0,0,0

SID,DINO2G,01,5
CF,RO013,63.246097,75.333253,0,TNL,194.9,121.0,7.0,3.5,0,0,0,0,0,0,0,1
DF,DINOL,62.824722,74.678056,1, ,0.0,0.0,2,6000,0,0,0,0,0,0

SID,DINO2H,19,5
CF,RO019,63.122472,75.205739,0,TNL,194.4,129.2,187.0,3.4,0,0,0,0,0,0,0,1
DF,DINOL,62.824722,74.678056,0, ,0.0,0.0,2,6000,0,0,0,0,0,0

SID,LUKI2B,01,2
CA,0,7.0,2,1100,0,0,0,0,0,0
CI,2, ,0.0,100.0,0,0,0,0,0,0,0,0
CF,LUKIS,63.313889,76.221389,0,TNL,185.0,106.4,50.0,22.0,2,6000,0,0,0,0,0,0

SID,LUKI2D,19,2
CA,0,187.0,2,1100,0,0,0,0,0,0
DF,UC,63.228056,75.314972,2, ,0.0,0.0,0,0,0,0,0,0,0,0
TF,LUKIS,63.313889,76.221389,0, ,0.0,0.0,0.0,0.0,2,6000,0,0,0,0,0,0

SID,LUKI2G,01,5
CF,RO013,63.246097,75.333253,0,TNL,194.9,121.0,7.0,3.5,0,0,0,0,0,0,0,1
DF,LUKIS,63.313889,76.221389,0, ,0.0,0.0,2,6000,0,0,0,0,0,0

SID,LUKI2H,19,5
CF,RO019,63.122472,75.205739,0,TNL,194.4,129.2,187.0,3.4,0,0,0,0,0,0,0,1
DF,LUKIS,63.313889,76.221389,1, ,0.0,0.0,2,6000,0,0,0,0,0,0

SID,OLUK2B,01,2
CA,0,7.0,2,1100,0,0,0,0,0,0
CF,OLUKA,63.567222,75.788056,0,TNL,194.7,98.1,12.0,25.0,2,6000,0,0,0,0,0,0

SID,OLUK2D,19,2
CA,0,187.0,2,1100,0,0,0,0,0,0
DF,UC,63.228056,75.314972,2, ,0.0,0.0,0,0,0,0,0,0,0,0
TF,OLUKA,63.567222,75.788056,0, ,0.0,0.0,0.0,0.0,2,6000,0,0,0,0,0,0

SID,OLUK2G,01,5
CF,RO013,63.246097,75.333253,0,TNL,194.9,121.0,7.0,3.5,0,0,0,0,0,0,0,1
DF,OLUKA,63.567222,75.788056,0, ,0.0,0.0,2,6000,0,0,0,0,0,0

SID,OLUK2H,19,5
CF,RO019,63.122472,75.205739,0,TNL,194.4,129.2,187.0,3.4,0,0,0,0,0,0,0,1
DF,RO021,63.316719,75.133283,2, ,0.0,0.0,0,0,0,0,0,0,0,0
TF,OLUKA,63.567222,75.788056,0, ,0.0,0.0,0.0,0.0,2,6000,0,0,0,0,0,0

STAR,ATLO1E,01,2
IF,ATLON,62.994444,74.371944, ,0.0,0.0,2,7000,0,0,0,0,0,0
TF,ZE,63.141889,75.226556,0, ,0.0,0.0,0.0,0.0,2,1900,0,0,0,0,0,0

STAR,ATLO1F,19,2
IF,ATLON,62.994444,74.371944, ,0.0,0.0,2,7000,0,0,0,0,0,0
TF,UC,63.228056,75.314972,0, ,0.0,0.0,0.0,0.0,2,1900,0,0,0,0,0,0

STAR,ATLO1J,01,5
IF,ATLON,62.994444,74.371944, ,0.0,0.0,2,7000,0,0,0,0,0,0
TF,RO004,62.952194,75.032892,0, ,0.0,0.0,0.0,0.0,2,2800,0,0,0,0,0,0

STAR,ATLO1K,19,5
IF,ATLON,62.994444,74.371944, ,0.0,0.0,2,7000,0,0,0,0,0,0
TF,RO021,63.316719,75.133283,0, ,0.0,0.0,0.0,0.0,0,0,0,0,0,0,0,0
TF,RO012,63.395442,75.257786,0, ,0.0,0.0,0.0,0.0,2,2800,0,0,0,0,0,0

STAR,ATLO1L,01,2
IF,ATLON,62.994444,74.371944, ,0.0,0.0,2,7000,0,0,0,0,0,0
TF,Z,63.165778,75.250694,0, ,0.0,0.0,0.0,0.0,2,1900,0,0,0,0,0,0

STAR,ATLO1M,19,2
IF,ATLON,62.994444,74.371944, ,0.0,0.0,2,7000,0,0,0,0,0,0
TF,U,63.201278,75.287278,0, ,0.0,0.0,0.0,0.0,2,1900,0,0,0,0,0,0

STAR,BETI1E,01,2
IF,BETIL,63.590833,74.847778, ,0.0,0.0,2,6000,0,0,0,0,0,0
TF,ZE,63.141889,75.226556,0, ,0.0,0.0,0.0,0.0,2,1900,0,0,0,0,0,0

STAR,BETI1F,19,2
IF,BETIL,63.590833,74.847778, ,0.0,0.0,2,6000,0,0,0,0,0,0
TF,UC,63.228056,75.314972,0, ,0.0,0.0,0.0,0.0,2,1900,0,0,0,0,0,0

STAR,BETI1J,01,5
IF,BETIL,63.590833,74.847778, ,0.0,0.0,2,6000,0,0,0,0,0,0
TF,RO003,63.050778,74.905864,0, ,0.0,0.0,0.0,0.0,2,2800,0,0,0,0,0,0

STAR,BETI1K,19,5
IF,BETIL,63.590833,74.847778, ,0.0,0.0,2,6000,0,0,0,0,0,0
TF,RO011,63.415294,75.508761,0, ,0.0,0.0,0.0,0.0,2,2800,0,0,0,0,0,0

STAR,BETI1L,01,2
IF,BETIL,63.590833,74.847778, ,0.0,0.0,2,6000,0,0,0,0,0,0
TF,Z,63.165778,75.250694,0, ,0.0,0.0,0.0,0.0,2,1900,0,0,0,0,0,0

STAR,BETI1M,19,2
IF,BETIL,63.590833,74.847778, ,0.0,0.0,2,6000,0,0,0,0,0,0
TF,U,63.201278,75.287278,0, ,0.0,0.0,0.0,0.0,2,1900,0,0,0,0,0,0

STAR,BOGR1E,01,2
IF,BOGRI,62.857500,75.945833, ,0.0,0.0,2,6000,0,0,0,0,0,0
TF,ZE,63.141889,75.226556,0, ,0.0,0.0,0.0,0.0,2,1900,0,0,0,0,0,0

STAR,BOGR1F,19,2
IF,BOGRI,62.857500,75.945833, ,0.0,0.0,2,6000,0,0,0,0,0,0
TF,UC,63.228056,75.314972,0, ,0.0,0.0,0.0,0.0,2,2500,0,0,0,0,0,0

STAR,BOGR1J,01,5
IF,BOGRI,62.857500,75.945833, ,0.0,0.0,2,6000,0,0,0,0,0,0
TF,RO006,62.972411,75.279917,0, ,0.0,0.0,0.0,0.0,2,2800,0,0,0,0,0,0

STAR,BOGR1K,19,5
IF,BOGRI,62.857500,75.945833, ,0.0,0.0,2,6000,0,0,0,0,0,0
TF,RO009,63.316194,75.635392,0, ,0.0,0.0,0.0,0.0,2,2800,0,0,0,0,0,0

STAR,BOGR1L,01,2
IF,BOGRI,62.857500,75.945833, ,0.0,0.0,2,6000,0,0,0,0,0,0
TF,Z,63.165778,75.250694,0, ,0.0,0.0,0.0,0.0,2,1900,0,0,0,0,0,0

STAR,BOGR1M,19,2
IF,BOGRI,62.857500,75.945833, ,0.0,0.0,2,6000,0,0,0,0,0,0
TF,U,63.201278,75.287278,0, ,0.0,0.0,0.0,0.0,2,2500,0,0,0,0,0,0

STAR,INGI1E,01,2
IF,INGIR,62.752778,74.995833, ,0.0,0.0,2,7000,0,0,0,0,0,0
TF,ZE,63.141889,75.226556,0, ,0.0,0.0,0.0,0.0,2,1900,0,0,0,0,0,0

STAR,INGI1F,19,2
IF,INGIR,62.752778,74.995833, ,0.0,0.0,2,7000,0,0,0,0,0,0
TF,UC,63.228056,75.314972,0, ,0.0,0.0,0.0,0.0,2,1900,0,0,0,0,0,0

STAR,INGI1J,01,5
IF,INGIR,62.752778,74.995833, ,0.0,0.0,2,7000,0,0,0,0,0,0
TF,RO004,62.952194,75.032892,0, ,0.0,0.0,0.0,0.0,2,2800,0,0,0,0,0,0

STAR,INGI1K,19,5
IF,INGIR,62.752778,74.995833, ,0.0,0.0,2,7000,0,0,0,0,0,0
TF,RO021,63.316719,75.133283,0, ,0.0,0.0,0.0,0.0,0,0,0,0,0,0,0,0
TF,RO012,63.395442,75.257786,0, ,0.0,0.0,0.0,0.0,2,2800,0,0,0,0,0,0

STAR,INGI1L,01,2
IF,INGIR,62.752778,74.995833, ,0.0,0.0,2,7000,0,0,0,0,0,0
TF,Z,63.165778,75.250694,0, ,0.0,0.0,0.0,0.0,2,1900,0,0,0,0,0,0

STAR,INGI1M,19,2
IF,INGIR,62.752778,74.995833, ,0.0,0.0,2,7000,0,0,0,0,0,0
TF,U,63.201278,75.287278,0, ,0.0,0.0,0.0,0.0,2,1900,0,0,0,0,0,0

STAR,LUKI1E,01,2
IF,LUKIS,63.313889,76.221389, ,0.0,0.0,2,6000,0,0,0,0,0,0
TF,ZE,63.141889,75.226556,0, ,0.0,0.0,0.0,0.0,2,2500,0,0,0,0,0,0

STAR,LUKI1F,19,2
IF,LUKIS,63.313889,76.221389, ,0.0,0.0,2,6000,0,0,0,0,0,0
TF,UC,63.228056,75.314972,0, ,0.0,0.0,0.0,0.0,2,1900,0,0,0,0,0,0

STAR,LUKI1J,01,5
IF,LUKIS,63.313889,76.221389, ,0.0,0.0,2,6000,0,0,0,0,0,0
TF,RO006,62.972411,75.279917,0, ,0.0,0.0,0.0,0.0,2,2800,0,0,0,0,0,0

STAR,LUKI1K,19,5
IF,LUKIS,63.313889,76.221389, ,0.0,0.0,2,6000,0,0,0,0,0,0
TF,RO009,63.316194,75.635392,0, ,0.0,0.0,0.0,0.0,2,2800,0,0,0,0,0,0

STAR,LUKI1L,01,2
IF,LUKIS,63.313889,76.221389, ,0.0,0.0,2,6000,0,0,0,0,0,0
TF,Z,63.165778,75.250694,0, ,0.0,0.0,0.0,0.0,2,2500,0,0,0,0,0,0

STAR,LUKI1M,19,2
IF,LUKIS,63.313889,76.221389, ,0.0,0.0,2,6000,0,0,0,0,0,0
TF,U,63.201278,75.287278,0, ,0.0,0.0,0.0,0.0,2,2500,0,0,0,0,0,0

STAR,OLUK1E,01,2
IF,OLUKA,63.567222,75.788056, ,0.0,0.0,2,6000,0,0,0,0,0,0
TF,ZE,63.141889,75.226556,0, ,0.0,0.0,0.0,0.0,2,1900,0,0,0,0,0,0

STAR,OLUK1F,19,2
IF,OLUKA,63.567222,75.788056, ,0.0,0.0,2,6000,0,0,0,0,0,0
TF,UC,63.228056,75.314972,0, ,0.0,0.0,0.0,0.0,2,1900,0,0,0,0,0,0

STAR,OLUK1J,01,5
IF,OLUKA,63.567222,75.788056, ,0.0,0.0,2,6000,0,0,0,0,0,0
TF,RO016,63.368625,75.200075,0, ,0.0,0.0,0.0,0.0,0,0,0,0,0,0,0,0
TF,RO003,63.050778,74.905864,0, ,0.0,0.0,0.0,0.0,2,2800,0,0,0,0,0,0

STAR,OLUK1K,19,5
IF,OLUKA,63.567222,75.788056, ,0.0,0.0,2,6000,0,0,0,0,0,0
TF,RO011,63.415294,75.508761,0, ,0.0,0.0,0.0,0.0,2,2800,0,0,0,0,0,0

STAR,OLUK1L,01,2
IF,OLUKA,63.567222,75.788056, ,0.0,0.0,2,6000,0,0,0,0,0,0
TF,Z,63.165778,75.250694,0, ,0.0,0.0,0.0,0.0,2,1900,0,0,0,0,0,0

STAR,OLUK1M,19,2
IF,OLUKA,63.567222,75.788056, ,0.0,0.0,2,6000,0,0,0,0,0,0
TF,U,63.201278,75.287278,0, ,0.0,0.0,0.0,0.0,2,1900,0,0,0,0,0,0

APPTR,I01-Y,01,RO003
IF,RO003,63.050778,74.905864, ,0.0,0.0,2,2800,0,0,0,0,1,0
TF,RO002,63.042650,75.124558,0,IZE,0.0,0.0,0.0,0.0,2,2200,0,0,0,0,1,0

APPTR,I01-Y,01,RO004
IF,RO004,62.952194,75.032892, ,0.0,0.0,2,2800,0,0,0,0,1,0
TF,RO002,63.042650,75.124558,0,IZE,0.0,0.0,0.0,0.0,2,2200,0,0,0,0,1,0

APPTR,I01-Y,01,RO006
IF,RO006,62.972411,75.279917, ,0.0,0.0,2,2800,0,0,0,0,1,0
TF,RO002,63.042650,75.124558,0,IZE,0.0,0.0,0.0,0.0,2,2200,0,0,0,0,1,0

FINAL,I01-Y,01,I,3
IF,RO002,63.042650,75.124558,IZE,186.9,10.3,2,2200,0,0,0,0,0,0
CF,FF01,63.110833,75.194444,0,IZE,186.8,5.7,7.0,4.5,1,1800,0,0,0,0,2,0
CF,RW01,63.173731,75.258522,0,IZE,186.9,1.6,7.0,4.2,1,487,0,0,0,0,3,0
TF,RO013,63.246097,75.333253,0, ,0.0,0.0,0.0,0.0,0,0,0,0,0,0,0,1
DF,RO014,63.144492,74.959333,1, ,0.0,0.0,0,0,0,1,210,0,0,0
TF,RO003,63.050778,74.905864,0, ,0.0,0.0,0.0,0.0,2,2800,0,0,0,0,0,0

FINAL,I01-Z,01,I,3
IF,CF01,63.080753,75.163411,IZE,186.9,7.7,1,1800,0,0,0,0,0,0
CF,FF01,63.110833,75.194444,0,IZE,186.8,5.7,7.0,2.0,1,1800,0,0,0,0,2,0
CF,RW01,63.173731,75.258522,0,IZE,186.9,1.6,7.0,4.2,1,487,0,0,0,0,3,0
CA,0,7.0,2,1100,0,0,0,0,0,0
DF,ZE,63.141889,75.226556,1, ,0.0,0.0,2,1900,0,1,210,0,0,0

APPTR,I19-Y,19,RO009
IF,RO009,63.316194,75.635392, ,0.0,0.0,2,2800,0,0,0,0,1,0
TF,RO008,63.325081,75.414767,0,IUC,0.0,0.0,0.0,0.0,2,2200,0,0,0,0,1,0

APPTR,I19-Y,19,RO011
IF,RO011,63.415294,75.508761, ,0.0,0.0,2,2800,0,0,0,0,1,0
TF,RO008,63.325081,75.414767,0,IUC,0.0,0.0,0.0,0.0,2,2200,0,0,0,0,1,0

APPTR,I19-Y,19,RO012
IF,RO012,63.395442,75.257786, ,0.0,0.0,2,2800,0,0,0,0,1,0
TF,RO008,63.325081,75.414767,0,IUC,0.0,0.0,0.0,0.0,2,2200,0,0,0,0,1,0

FINAL,I19-Y,19,I,3
IF,RO008,63.325081,75.414767,IUC,6.9,10.4,2,2200,0,0,0,0,0,0
CF,RO037,63.264325,75.352664,0,IUC,7.1,6.3,187.0,4.0,1,1800,0,0,0,0,2,0
CF,RW19,63.194119,75.279475,0,IUC,6.9,1.7,187.0,4.7,1,479,0,0,0,0,3,0
TF,RO019,63.122472,75.205739,0, ,0.0,0.0,0.0,0.0,0,0,0,0,0,0,0,1
DF,RO021,63.316719,75.133283,2, ,0.0,0.0,2,2800,0,0,0,0,0,0
TF,RO012,63.395442,75.257786,0, ,0.0,0.0,0.0,0.0,2,2800,0,0,0,0,0,0

FINAL,I19-Z,19,I,3
IF,CF19,63.296467,75.385244,IUC,6.9,8.5,1,1800,0,0,0,0,0,0
CF,FF19,63.266353,75.354039,0,IUC,6.9,6.5,187.0,2.0,1,1800,0,0,0,0,2,0
CF,RW19,63.194119,75.279475,0,IUC,6.9,1.7,187.0,4.8,1,479,0,0,0,0,3,0
CA,0,187.0,2,1100,0,0,0,0,0,0
DF,UC,63.228056,75.314972,2, ,0.0,0.0,2,1900,0,0,0,0,0,0

APPTR,J01,01,RO003
IF,RO003,63.050778,74.905864, ,0.0,0.0,2,2800,0,0,0,0,1,0
TF,RO002,63.042650,75.124558,0,G01A,0.0,0.0,0.0,0.0,2,2200,0,0,0,0,1,0

APPTR,J01,01,RO004
IF,RO004,62.952194,75.032892, ,0.0,0.0,2,2800,0,0,0,0,1,0
TF,RO002,63.042650,75.124558,0,G01A,0.0,0.0,0.0,0.0,2,2200,0,0,0,0,1,0

APPTR,J01,01,RO006
IF,RO006,62.972411,75.279917, ,0.0,0.0,2,2800,0,0,0,0,1,0
TF,RO002,63.042650,75.124558,0,G01A,0.0,0.0,0.0,0.0,2,2200,0,0,0,0,1,0

FINAL,J01,01,G,3
IF,RO002,63.042650,75.124558,G01A,0.0,0.0,2,2200,0,0,0,0,0,0
TF,RO032,63.110539,75.193719,0,G01A,0.0,0.0,7.0,4.5,1,1800,0,0,0,0,2,0
TF,RW01,63.173731,75.258522,0,G01A,0.0,0.0,7.0,4.2,1,485,0,0,0,0,3,1
CA,0,7.0,2,840,0,0,0,0,0,0
DF,RO013,63.246097,75.333253,0, ,0.0,0.0,0,0,0,0,0,0,0,1
DF,RO014,63.144492,74.959333,1, ,0.0,0.0,0,0,0,1,210,0,0,0
TF,RO003,63.050778,74.905864,0, ,0.0,0.0,0.0,0.0,2,2800,0,0,0,0,0,0

APPTR,J19,19,RO009
IF,RO009,63.316194,75.635392, ,0.0,0.0,2,2800,0,0,0,0,1,0
TF,RO008,63.325081,75.414767,0,G19A,0.0,0.0,0.0,0.0,2,2200,0,0,0,0,1,0

APPTR,J19,19,RO011
IF,RO011,63.415294,75.508761, ,0.0,0.0,2,2800,0,0,0,0,1,0
TF,RO008,63.325081,75.414767,0,G19A,0.0,0.0,0.0,0.0,2,2200,0,0,0,0,1,0

APPTR,J19,19,RO012
IF,RO012,63.395442,75.257786, ,0.0,0.0,2,2800,0,0,0,0,1,0
TF,RO008,63.325081,75.414767,0,G19A,0.0,0.0,0.0,0.0,2,2200,0,0,0,0,1,0

FINAL,J19,19,G,3
IF,RO008,63.325081,75.414767,G19A,0.0,0.0,2,2200,0,0,0,0,0,0
TF,RO037,63.264325,75.352664,0,G19A,0.0,0.0,187.0,4.0,1,1800,0,0,0,0,2,0
TF,RW19,63.194119,75.279475,0,G19A,0.0,0.0,187.0,4.7,1,476,0,0,0,0,3,1
TF,RO019,63.122472,75.205739,0, ,0.0,0.0,0.0,0.0,0,0,0,0,0,0,0,1
DF,RO021,63.316719,75.133283,2, ,0.0,0.0,2,2800,0,0,0,0,0,0
TF,RO012,63.395442,75.257786,0, ,0.0,0.0,0.0,0.0,2,2800,0,0,0,0,0,0

FINAL,L19-Z,19,D,5
IF,CF19,63.296467,75.385244,IUC,6.9,8.5,1,1800,0,0,0,0,0,0
CF,FF19,63.266353,75.354039,0,IUC,6.9,6.5,187.0,2.0,1,1800,0,0,0,0,2,0
CF,UC,63.228056,75.314972,0,IUC,7.1,3.9,187.0,2.5,1,1130,0,0,0,0,0,0
CF,U,63.201278,75.287278,0,IUC,7.2,2.2,187.0,1.8,1,620,0,0,0,0,0,0
CF,RW19,63.194119,75.279475,0,IUC,6.9,1.7,187.0,0.5,1,479,0,0,0,0,3,0
CA,0,187.0,2,1100,0,0,0,0,0,0
DF,UC,63.228056,75.314972,2, ,0.0,0.0,2,1900,0,0,0,0,0,0

FINAL,N01-X,01,N,3
IF,CF01,63.080753,75.163411,Z,0.0,0.0,1,1800,0,0,0,0,0,0
CF,FF01,63.110833,75.194444,0,Z,0.0,0.0,7.0,2.0,1,1800,0,0,0,0,2,0
CF,Z,63.165778,75.250694,0,Z,0.0,0.0,7.0,3.6,1,654,0,0,0,0,3,0
CA,0,7.0,2,1100,0,0,0,0,0,0
DF,Z,63.165778,75.250694,1, ,0.0,0.0,2,1900,0,1,210,0,0,0

FINAL,N01-Z,01,N,4
IF,CF01,63.080753,75.163411,ZE,0.0,0.0,1,1800,0,0,0,0,0,0
CF,FF01,63.110833,75.194444,0,ZE,0.0,0.0,7.0,2.0,1,1800,0,0,0,0,2,0
CF,ZE,63.141889,75.226556,0,ZE,0.0,0.0,7.0,2.1,1,1160,0,0,0,0,0,0
CF,RW01,63.173731,75.258522,0,ZE,0.0,0.0,7.0,2.1,1,487,0,0,0,0,3,0
CA,0,7.0,2,1100,0,0,0,0,0,0
DF,ZE,63.141889,75.226556,1, ,0.0,0.0,2,1900,0,1,210,0,0,0

FINAL,N19-V,19,N,2
IF,FN19V,63.267517,75.355867,U,0.0,0.0,1,1800,0,0,0,0,2,0
CF,U,63.201278,75.287278,0,U,0.0,0.0,187.0,4.4,1,616,0,0,0,0,3,0
CA,0,187.0,2,1100,0,0,0,0,0,0
DF,U,63.201278,75.287278,2, ,0.0,0.0,2,1900,0,0,0,0,0,0

FINAL,N19-Y,19,N,3
IF,FN19Y,63.267883,75.355861,UC,0.0,0.0,1,1800,0,0,0,0,2,0
CF,UC,63.228056,75.314972,0,UC,0.0,0.0,187.0,2.6,1,1130,0,0,0,0,0,0
CF,RW19,63.194119,75.279475,0,UC,0.0,0.0,187.0,2.3,1,479,0,0,0,0,3,0
CA,0,186.0,2,1100,0,0,0,0,0,0
DF,UC,63.228056,75.314972,2, ,0.0,0.0,2,1900,0,0,0,0,0,0

APPTR,R01,01,RO003
IF,RO003,63.050778,74.905864, ,0.0,0.0,2,2800,0,0,0,0,1,0
TF,RO002,63.042650,75.124558,0, ,0.0,0.0,0.0,0.0,2,2200,0,0,0,0,1,0

APPTR,R01,01,RO004
IF,RO004,62.952194,75.032892, ,0.0,0.0,2,2800,0,0,0,0,1,0
TF,RO002,63.042650,75.124558,0, ,0.0,0.0,0.0,0.0,2,2200,0,0,0,0,1,0

APPTR,R01,01,RO006
IF,RO006,62.972411,75.279917, ,0.0,0.0,2,2800,0,0,0,0,1,0
TF,RO002,63.042650,75.124558,0, ,0.0,0.0,0.0,0.0,2,2200,0,0,0,0,1,0

FINAL,R01,01,R,3
IF,RO002,63.042650,75.124558, ,0.0,0.0,2,2200,0,0,0,0,0,0
TF,RO033,63.110953,75.194144,0, ,0.0,0.0,7.0,4.5,1,1800,0,0,0,0,2,0
TF,RW01,63.173731,75.258522,0, ,0.0,0.0,7.0,4.2,1,485,0,0,0,0,3,1
CA,0,7.0,2,840,0,0,0,0,0,0
DF,RO013,63.246097,75.333253,0, ,0.0,0.0,0,0,0,0,0,0,0,1
DF,RO014,63.144492,74.959333,1, ,0.0,0.0,0,0,0,1,210,0,0,0
TF,RO003,63.050778,74.905864,0, ,0.0,0.0,0.0,0.0,2,2800,0,0,0,0,0,0

APPTR,R19,19,RO009
IF,RO009,63.316194,75.635392, ,0.0,0.0,2,2800,0,0,0,0,1,0
TF,RO008,63.325081,75.414767,0, ,0.0,0.0,0.0,0.0,2,2200,0,0,0,0,1,0

APPTR,R19,19,RO011
IF,RO011,63.415294,75.508761, ,0.0,0.0,2,2800,0,0,0,0,1,0
TF,RO008,63.325081,75.414767,0, ,0.0,0.0,0.0,0.0,2,2200,0,0,0,0,1,0

APPTR,R19,19,RO012
IF,RO012,63.395442,75.257786, ,0.0,0.0,2,2800,0,0,0,0,1,0
TF,RO008,63.325081,75.414767,0, ,0.0,0.0,0.0,0.0,2,2200,0,0,0,0,1,0

FINAL,R19,19,R,3
IF,RO008,63.325081,75.414767, ,0.0,0.0,2,2200,0,0,0,0,0,0
TF,RO007,63.267003,75.354617,0, ,0.0,0.0,187.0,3.9,1,1800,0,0,0,0,2,0
TF,RW19,63.194119,75.279475,0, ,0.0,0.0,187.0,4.8,1,476,0,0,0,0,3,1
TF,RO019,63.122472,75.205739,0, ,0.0,0.0,0.0,0.0,0,0,0,0,0,0,0,1
DF,RO021,63.316719,75.133283,2, ,0.0,0.0,2,2800,0,0,0,0,0,0
TF,RO012,63.395442,75.257786,0, ,0.0,0.0,0.0,0.0,2,2800,0,0,0,0,0,0

