SID,ALUM6A,08R,2
CF,D080F,56.734597,60.975581,0,EKB,79.9,5.9,79.0,5.0,0,0,0,0,0,0,0,1
CI,2, ,0.0,208.0,0,0,0,0,0,0,0,0
CF,ALUMA,56.379444,61.021111,0,EKB,146.1,23.1,150.0,16.0,2,7000,0,0,0,0,0,0

SID,ALUM6B,08L,2
CF,D074F,56.744633,60.976264,0,EKB,74.1,5.9,75.0,5.0,0,0,0,0,0,0,0,1
CI,2, ,0.0,213.0,0,0,0,0,0,0,0,0
CF,ALUMA,56.379444,61.021111,0,EKB,146.1,23.1,150.0,17.0,2,7000,0,0,0,0,0,0

SID,ALUM6C,26R,2
CF,D256E,56.744742,60.633117,0,EKB,256.1,5.4,255.0,5.0,0,0,0,0,0,0,0,1
DF,U,56.744694,60.838889,1, ,0.0,0.0,0,0,0,1,225,0,0,1
TF,ALUMA,56.379444,61.021111,2, ,0.0,0.0,0.0,0.0,2,7000,0,0,0,0,0,0

SID,ALUM6D,26L,2
CF,D258E,56.747819,60.633303,0,EKB,258.0,5.4,259.0,5.0,0,0,0,0,0,0,0,1
DF,D,56.739889,60.841806,1, ,0.0,0.0,0,0,0,1,225,0,0,1
TF,ALUMA,56.379444,61.021111,2, ,0.0,0.0,0.0,0.0,2,7000,0,0,0,0,0,0

SID,ANAT6A,08R,2
CF,D080F,56.734597,60.975581,0,EKB,79.9,5.9,79.0,5.0,0,0,0,1,185,0,0,1
CI,1, ,0.0,282.0,0,0,0,1,185,0,0,0
CF,ANATU,56.890556,60.957778,0,EKB,15.8,10.3,8.0,6.0,2,7000,0,0,0,0,0,0

SID,ANAT6B,08L,2
CF,D074F,56.744633,60.976264,0,EKB,74.1,5.9,75.0,5.0,0,0,0,1,185,0,0,1
CI,1, ,0.0,273.0,0,0,0,1,185,0,0,0
CF,ANATU,56.890556,60.957778,2,EKB,15.8,10.3,9.0,6.0,2,7000,0,0,0,0,0,0

SID,ANAT6C,26R,2
CF,D256E,56.744742,60.633117,0,EKB,256.1,5.4,255.0,5.0,0,0,0,0,0,0,0,1
DF,U,56.744694,60.838889,1, ,0.0,0.0,0,0,0,1,190,0,0,1
TF,ANATU,56.890556,60.957778,0, ,0.0,0.0,0.0,0.0,2,7000,0,0,0,0,0,0

SID,ANAT6D,26L,2
CF,D258E,56.747819,60.633303,0,EKB,258.0,5.4,259.0,5.0,0,0,0,0,0,0,0,1
DF,D,56.739889,60.841806,1, ,0.0,0.0,0,0,0,1,190,0,0,1
TF,ANATU,56.890556,60.957778,0, ,0.0,0.0,0.0,0.0,2,7000,0,0,0,0,0,0

SID,ASLI6E,08R,2
CD, ,0,0,0,EKB,0,0.0,79.0,5.9,0,0,0,0,0,0,0,0
CI,2, ,0.0,191.0,0,0,0,0,0,0,0,0
CF,ASLIM,55.900278,61.731944,0,EKB,133.0,59.5,133.0,50.0,2,7000,0,0,0,0,0,0

SID,ASLI6F,08L,2
CD, ,0,0,0,EKB,0,0.0,75.0,5.9,0,0,0,0,0,0,0,0
CI,2, ,0.0,197.0,0,0,0,0,0,0,0,0
CF,ASLIM,55.900278,61.731944,0,EKB,133.0,59.5,133.0,51.0,2,7000,0,0,0,0,0,0

SID,ASLI6G,26R,2
CD, ,0,0,0,EKB,0,0.0,255.0,5.4,0,0,0,1,240,0,0,0
DF,EKB,56.743194,60.797028,1, ,0.0,0.0,0,0,0,1,240,0,0,1
TF,ASLIM,55.900278,61.731944,2, ,0.0,0.0,0.0,0.0,2,7000,0,0,0,0,0,0

SID,ASLI6H,26L,2
CD, ,0,0,0,EKB,0,0.0,259.0,5.4,0,0,0,1,240,0,0,0
DF,EKB,56.743194,60.797028,1, ,0.0,0.0,0,0,0,1,240,0,0,1
TF,ASLIM,55.900278,61.731944,2, ,0.0,0.0,0.0,0.0,2,7000,0,0,0,0,0,0

SID,ASLI6J,08L,4
DF,DE08L,56.744725,60.827119,0, ,0.0,0.0,0,0,0,0,0,0,0,1
CF,SS001,56.738972,60.995389,0,EKB,77.1,6.6,79.0,6.0,0,0,0,0,0,0,0,1

SID,ASLI6J,08R,4
DF,DE08R,56.740319,60.828958,0, ,0.0,0.0,0,0,0,0,0,0,0,1
CF,SS001,56.738972,60.995389,0,EKB,77.1,6.6,76.0,6.0,0,0,0,0,0,0,0,1

SID,ASLI6J,ALL,5
IF,SS001,56.738972,60.995389, ,0.0,0.0,0,0,0,0,0,0,0,0
TF,ALUMA,56.379444,61.021111,0, ,0.0,0.0,0.0,0.0,0,0,0,0,0,0,0,0
TF,SS058,56.160528,61.348833,0, ,0.0,0.0,0.0,0.0,3,13000,0,0,0,0,0,0
TF,ASLIM,55.900278,61.731944,0, ,0.0,0.0,0.0,0.0,2,7000,0,0,0,0,0,0

SID,ASLI6K,26L,4
DF,DE26L,56.742283,60.779653,0, ,0.0,0.0,0,0,0,0,0,0,0,0
CF,SS033,56.745028,60.557333,0,EKB,255.9,7.9,256.0,8.0,0,0,0,1,225,0,0,1
DF,SS077,56.657056,60.958000,1, ,0.0,0.0,2,12000,0,1,225,0,0,0

SID,ASLI6K,26R,4
DF,DE26R,56.744828,60.778025,0, ,0.0,0.0,0,0,0,0,0,0,0,0
CF,SS033,56.745028,60.557333,0,EKB,255.9,7.9,255.0,8.0,0,0,0,1,225,0,0,1
DF,SS077,56.657056,60.958000,1, ,0.0,0.0,2,12000,0,1,225,0,0,0

SID,ASLI6K,ALL,5
IF,SS077,56.657056,60.958000, ,0.0,0.0,2,12000,0,1,225,0,0,0
TF,ALUMA,56.379444,61.021111,0, ,0.0,0.0,0.0,0.0,2,15000,0,0,0,0,0,0
TF,ASLIM,55.900278,61.731944,0, ,0.0,0.0,0.0,0.0,2,15000,0,0,0,0,0,0

SID,ASLI6L,26L,4
DF,DE26L,56.742283,60.779653,0, ,0.0,0.0,0,0,0,0,0,0,0,0
CF,SS033,56.745028,60.557333,0,EKB,255.9,7.9,256.0,8.0,0,0,0,0,0,0,0,1

SID,ASLI6L,26R,4
DF,DE26R,56.744828,60.778025,0, ,0.0,0.0,0,0,0,0,0,0,0,0
CF,SS033,56.745028,60.557333,0,EKB,255.9,7.9,255.0,8.0,0,0,0,0,0,0,0,1

SID,ASLI6L,ALL,5
IF,SS033,56.745028,60.557333, ,0.0,0.0,0,0,0,0,0,0,0,0
DF,ALUMA,56.379444,61.021111,1, ,0.0,0.0,0,0,0,0,0,0,0,0
TF,ASLIM,55.900278,61.731944,0, ,0.0,0.0,0.0,0.0,2,7000,0,0,0,0,0,0

SID,DOSU6E,08R,2
CD, ,0,0,0,EKB,0,0.0,79.0,5.9,0,0,0,1,225,0,0,0
CI,1, ,0.0,306.0,0,0,0,1,225,0,0,0
CF,DOSUM,57.288889,61.400278,0,EKB,15.8,38.3,16.0,32.0,2,7000,0,0,0,0,0,0

SID,DOSU6F,08L,2
CD, ,0,0,0,EKB,0,0.0,75.0,5.9,0,0,0,1,240,0,0,0
CI,1, ,0.0,312.0,0,0,0,1,240,0,0,0
CF,DOSUM,57.288889,61.400278,0,EKB,15.8,38.3,16.0,31.0,2,7000,0,0,0,0,0,0

SID,DOSU6G,26R,2
CD, ,0,0,0,EKB,0,0.0,255.0,5.4,0,0,0,1,240,0,0,0
DF,EKB,56.743194,60.797028,1, ,0.0,0.0,0,0,0,1,250,0,0,0
TF,DOSUM,57.288889,61.400278,0, ,0.0,0.0,0.0,0.0,2,7000,0,0,0,0,0,0

SID,DOSU6H,26L,2
CD, ,0,0,0,EKB,0,0.0,259.0,5.4,0,0,0,1,240,0,0,0
DF,EKB,56.743194,60.797028,1, ,0.0,0.0,0,0,0,1,250,0,0,1
TF,DOSUM,57.288889,61.400278,0, ,0.0,0.0,0.0,0.0,2,7000,0,0,0,0,0,0

SID,DOSU6J,08L,4
DF,DE08L,56.744725,60.827119,0, ,0.0,0.0,0,0,0,0,0,0,0,1
CF,SS001,56.738972,60.995389,0,EKB,77.1,6.6,79.0,6.0,0,0,0,1,240,0,0,1

SID,DOSU6J,08R,4
DF,DE08R,56.740319,60.828958,0, ,0.0,0.0,0,0,0,0,0,0,0,1
CF,SS001,56.738972,60.995389,0,EKB,77.1,6.6,76.0,6.0,0,0,0,1,240,0,0,1

SID,DOSU6J,ALL,5
IF,SS001,56.738972,60.995389, ,0.0,0.0,0,0,0,1,240,0,0,0
TF,DOSUM,57.288889,61.400278,0, ,0.0,0.0,0.0,0.0,4,11000,7000,0,0,0,0,0

SID,DOSU6K,26L,4
DF,DE26L,56.742283,60.779653,0, ,0.0,0.0,0,0,0,0,0,0,0,0
CF,SS033,56.745028,60.557333,0,EKB,255.9,7.9,256.0,8.0,0,0,0,1,225,0,0,1
DF,SS055,56.744306,60.975083,1, ,0.0,0.0,2,8000,0,0,0,0,0,0

SID,DOSU6K,26R,4
DF,DE26R,56.744828,60.778025,0, ,0.0,0.0,0,0,0,0,0,0,0,0
CF,SS033,56.745028,60.557333,0,EKB,255.9,7.9,255.0,8.0,0,0,0,1,225,0,0,1
DF,SS055,56.744306,60.975083,1, ,0.0,0.0,2,8000,0,0,0,0,0,0

SID,DOSU6K,ALL,5
IF,SS055,56.744306,60.975083, ,0.0,0.0,2,8000,0,0,0,0,0,0
TF,BEGMA,56.940000,61.167500,0, ,0.0,0.0,0.0,0.0,2,12000,0,0,0,0,0,0
TF,DOSUM,57.288889,61.400278,0, ,0.0,0.0,0.0,0.0,2,13000,0,0,0,0,0,0

SID,INLE6A,08R,2
CF,D080F,56.734597,60.975581,0,EKB,79.9,5.9,79.0,5.0,0,0,0,1,225,0,0,1
DF,D,56.739889,60.841806,1, ,0.0,0.0,0,0,0,0,0,0,0,0
TF,INLEB,56.405000,60.195556,0, ,0.0,0.0,0.0,0.0,2,8000,0,0,0,0,0,0

SID,INLE6B,08L,2
CF,D074F,56.744633,60.976264,0,EKB,74.1,5.9,75.0,5.0,0,0,0,1,225,0,0,1
DF,U,56.744694,60.838889,1, ,0.0,0.0,0,0,0,0,0,0,0,0
TF,INLEB,56.405000,60.195556,0, ,0.0,0.0,0.0,0.0,2,8000,0,0,0,0,0,0

SID,INLE6C,26R,2
CF,D256E,56.744742,60.633117,0,EKB,256.1,5.4,255.0,5.0,0,0,0,0,0,0,0,1
CI,1, ,0.0,157.0,0,0,0,0,0,0,0,0
CF,INLEB,56.405000,60.195556,0,EKB,209.7,28.5,212.0,19.0,2,8000,0,0,0,0,0,0

SID,INLE6D,26L,2
CF,D258E,56.747819,60.633303,0,EKB,258.0,5.4,259.0,5.0,0,0,0,0,0,0,0,1
CI,1, ,0.0,152.0,0,0,0,0,0,0,0,0
CF,INLEB,56.405000,60.195556,0,EKB,209.7,28.5,212.0,20.0,2,8000,0,0,0,0,0,0

SID,INLE6E,08R,2
CD, ,0,0,0,EKB,0,0.0,79.0,5.9,0,0,0,0,0,0,0,0
DF,EKB,56.743194,60.797028,1, ,0.0,0.0,0,0,0,0,0,0,0,0
TF,INLEB,56.405000,60.195556,0, ,0.0,0.0,0.0,0.0,2,8000,0,0,0,0,0,0

SID,INLE6F,08L,2
CD, ,0,0,0,EKB,0,0.0,75.0,5.9,0,0,0,0,0,0,0,0
DF,EKB,56.743194,60.797028,1, ,0.0,0.0,0,0,0,0,0,0,0,0
TF,INLEB,56.405000,60.195556,0, ,0.0,0.0,0.0,0.0,2,8000,0,0,0,0,0,0

SID,INLE6G,26R,2
CD, ,0,0,0,EKB,0,0.0,255.0,5.4,0,0,0,0,0,0,0,0
CI,1, ,0.0,163.0,0,0,0,0,0,0,0,0
CF,INLEB,56.405000,60.195556,0,EKB,209.7,28.5,210.0,19.0,2,8000,0,0,0,0,0,0

SID,INLE6H,26L,2
CD, ,0,0,0,EKB,0,0.0,259.0,5.4,0,0,0,0,0,0,0,0
CI,1, ,0.0,161.0,0,0,0,0,0,0,0,0
CF,INLEB,56.405000,60.195556,0,EKB,209.7,28.5,210.0,19.0,2,8000,0,0,0,0,0,0

SID,LUNA6J,08L,4
DF,DE08L,56.744725,60.827119,0, ,0.0,0.0,0,0,0,0,0,0,0,1
CF,SS001,56.738972,60.995389,0,EKB,77.1,6.6,79.0,6.0,0,0,0,1,240,0,0,1
DF,SS002,56.753889,60.477722,2, ,0.0,0.0,2,10000,0,0,0,0,0,0

SID,LUNA6J,08R,4
DF,DE08R,56.740319,60.828958,0, ,0.0,0.0,0,0,0,0,0,0,0,1
CF,SS001,56.738972,60.995389,0,EKB,77.1,6.6,76.0,6.0,0,0,0,1,240,0,0,1
DF,SS002,56.753889,60.477722,2, ,0.0,0.0,2,10000,0,0,0,0,0,0

SID,LUNA6J,ALL,5
IF,SS002,56.753889,60.477722, ,0.0,0.0,2,10000,0,0,0,0,0,0
TF,UMTEK,56.788333,60.142778,0, ,0.0,0.0,0.0,0.0,2,12000,0,0,0,0,0,0
TF,LUNAG,56.850278,59.065000,0, ,0.0,0.0,0.0,0.0,2,12000,0,0,0,0,0,0

SID,LUNA6K,26L,4
DF,DE26L,56.742283,60.779653,0, ,0.0,0.0,0,0,0,0,0,0,0,0
CF,SS033,56.745028,60.557333,0,EKB,255.9,7.9,256.0,8.0,0,0,0,0,0,0,0,1

SID,LUNA6K,26R,4
DF,DE26R,56.744828,60.778025,0, ,0.0,0.0,0,0,0,0,0,0,0,0
CF,SS033,56.745028,60.557333,0,EKB,255.9,7.9,255.0,8.0,0,0,0,0,0,0,0,1

SID,LUNA6K,ALL,5
IF,SS033,56.745028,60.557333, ,0.0,0.0,0,0,0,0,0,0,0,0
DF,UMTEK,56.788333,60.142778,0, ,0.0,0.0,0,0,0,0,0,0,0,0
TF,SS034,56.827556,59.480056,0, ,0.0,0.0,0.0,0.0,3,13000,0,0,0,0,0,0
TF,LUNAG,56.850278,59.065000,0, ,0.0,0.0,0.0,0.0,2,8000,0,0,0,0,0,0

SID,MIKU6J,08L,4
DF,DE08L,56.744725,60.827119,0, ,0.0,0.0,0,0,0,0,0,0,0,1
CF,SS001,56.738972,60.995389,0,EKB,77.1,6.6,79.0,6.0,0,0,0,1,240,0,0,1
DF,SS002,56.753889,60.477722,2, ,0.0,0.0,2,10000,0,0,0,0,0,0

SID,MIKU6J,08R,4
DF,DE08R,56.740319,60.828958,0, ,0.0,0.0,0,0,0,0,0,0,0,1
CF,SS001,56.738972,60.995389,0,EKB,77.1,6.6,76.0,6.0,0,0,0,1,240,0,0,1
DF,SS002,56.753889,60.477722,2, ,0.0,0.0,2,10000,0,0,0,0,0,0

SID,MIKU6J,ALL,5
IF,SS002,56.753889,60.477722, ,0.0,0.0,2,10000,0,0,0,0,0,0
TF,INLEB,56.405000,60.195556,0, ,0.0,0.0,0.0,0.0,0,0,0,0,0,0,0,0
TF,MIKUS,56.050278,59.581667,0, ,0.0,0.0,0.0,0.0,2,11000,0,0,0,0,0,0

SID,MIKU6K,26L,4
DF,DE26L,56.742283,60.779653,0, ,0.0,0.0,0,0,0,0,0,0,0,0
CF,SS033,56.745028,60.557333,0,EKB,255.9,7.9,256.0,8.0,0,0,0,0,0,0,0,1

SID,MIKU6K,26R,4
DF,DE26R,56.744828,60.778025,0, ,0.0,0.0,0,0,0,0,0,0,0,0
CF,SS033,56.745028,60.557333,0,EKB,255.9,7.9,255.0,8.0,0,0,0,0,0,0,0,1

SID,MIKU6K,ALL,5
IF,SS033,56.745028,60.557333, ,0.0,0.0,0,0,0,0,0,0,0,0
DF,INLEB,56.405000,60.195556,0, ,0.0,0.0,3,8000,0,0,0,0,0,0
TF,MIKUS,56.050278,59.581667,0, ,0.0,0.0,0.0,0.0,2,11000,0,0,0,0,0,0

SID,UMTE6A,08R,2
CF,D080F,56.734597,60.975581,0,EKB,79.9,5.9,79.0,5.0,0,0,0,1,225,0,0,1
DF,D,56.739889,60.841806,2, ,0.0,0.0,0,0,0,1,240,0,0,0
TF,UMTEK,56.788333,60.142778,0, ,0.0,0.0,0.0,0.0,2,8000,0,0,0,0,0,0

SID,UMTE6B,08L,2
CF,D074F,56.744633,60.976264,0,EKB,74.1,5.9,75.0,5.0,0,0,0,1,225,0,0,1
DF,U,56.744694,60.838889,2, ,0.0,0.0,0,0,0,1,245,0,0,0
TF,UMTEK,56.788333,60.142778,0, ,0.0,0.0,0.0,0.0,2,8000,0,0,0,0,0,0

SID,UMTE6C,26R,2
CF,D256E,56.744742,60.633117,0,EKB,256.1,5.4,255.0,5.0,0,0,0,0,0,0,0,1
CF,UMTEK,56.788333,60.142778,0,EKB,262.4,21.8,262.0,16.0,2,8000,0,0,0,0,0,0

SID,UMTE6D,26L,2
CF,D258E,56.747819,60.633303,0,EKB,258.0,5.4,259.0,5.0,0,0,0,0,0,0,0,1
CF,UMTEK,56.788333,60.142778,0,EKB,262.4,21.8,262.0,16.0,2,8000,0,0,0,0,0,0

SID,UMTE6E,08R,2
CD, ,0,0,0,EKB,0,0.0,79.0,5.9,0,0,0,0,0,0,0,0
DF,EKB,56.743194,60.797028,2, ,0.0,0.0,0,0,0,0,0,0,0,0
TF,UMTEK,56.788333,60.142778,0, ,0.0,0.0,0.0,0.0,2,8000,0,0,0,0,0,0

SID,UMTE6F,08L,2
CD, ,0,0,0,EKB,0,0.0,75.0,5.9,0,0,0,0,0,0,0,0
DF,EKB,56.743194,60.797028,2, ,0.0,0.0,0,0,0,0,0,0,0,1
TF,UMTEK,56.788333,60.142778,0, ,0.0,0.0,0.0,0.0,2,8000,0,0,0,0,0,0

SID,UMTE6G,26R,2
CD, ,0,0,0,EKB,0,0.0,255.0,5.4,0,0,0,0,0,0,0,0
CF,UMTEK,56.788333,60.142778,0,EKB,262.4,21.8,262.0,16.0,2,8000,0,0,0,0,0,0

SID,UMTE6H,26L,2
CD, ,0,0,0,EKB,0,0.0,259.0,5.4,0,0,0,0,0,0,0,0
CF,UMTEK,56.788333,60.142778,0,EKB,262.4,21.8,262.0,16.0,2,8000,0,0,0,0,0,0

SID,UMTE6Y,08L,2
CD, ,0,0,0,EKB,0,0.0,75.0,5.9,0,0,0,0,0,0,0,0
DF,EKB,56.743194,60.797028,1, ,0.0,0.0,0,0,0,0,0,0,0,1
TF,UMTEK,56.788333,60.142778,0, ,0.0,0.0,0.0,0.0,2,8000,0,0,0,0,0,0

SID,UMTE6Z,08R,2
CD, ,0,0,0,EKB,0,0.0,79.0,5.9,0,0,0,0,0,0,0,0
DF,EKB,56.743194,60.797028,1, ,0.0,0.0,0,0,0,0,0,0,0,1
TF,UMTEK,56.788333,60.142778,0, ,0.0,0.0,0.0,0.0,2,8000,0,0,0,0,0,0

STAR,ALUM6M,08L,3
IF,ALUMA,56.379444,61.021111, ,0.0,0.0,2,8000,0,0,0,0,0,0
TF,U,56.744694,60.838889,0, ,0.0,0.0,0.0,0.0,4,7000,2900,0,0,0,0,0

STAR,ALUM6M,26R,3
IF,ALUMA,56.379444,61.021111, ,0.0,0.0,2,8000,0,0,0,0,0,0
TF,U,56.744694,60.838889,0, ,0.0,0.0,0.0,0.0,4,7000,2900,0,0,0,0,0

STAR,ALUM6N,08R,3
IF,ALUMA,56.379444,61.021111, ,0.0,0.0,2,8000,0,0,0,0,0,0
TF,D,56.739889,60.841806,0, ,0.0,0.0,0.0,0.0,4,7000,2900,0,0,0,0,0

STAR,ALUM6N,26L,3
IF,ALUMA,56.379444,61.021111, ,0.0,0.0,2,8000,0,0,0,0,0,0
TF,D,56.739889,60.841806,0, ,0.0,0.0,0.0,0.0,4,7000,2900,0,0,0,0,0

STAR,BAGO6M,08L,3
IF,BAGOK,56.642778,59.948056, ,0.0,0.0,2,7000,0,0,0,0,0,0
TF,U,56.744694,60.838889,0, ,0.0,0.0,0.0,0.0,4,7000,2900,0,0,0,0,0

STAR,BAGO6M,26R,3
IF,BAGOK,56.642778,59.948056, ,0.0,0.0,2,7000,0,0,0,0,0,0
TF,U,56.744694,60.838889,0, ,0.0,0.0,0.0,0.0,4,7000,2900,0,0,0,0,0

STAR,BAGO6N,08R,3
IF,BAGOK,56.642778,59.948056, ,0.0,0.0,2,7000,0,0,0,0,0,0
TF,D,56.739889,60.841806,0, ,0.0,0.0,0.0,0.0,4,7000,2900,0,0,0,0,0

STAR,BAGO6N,26L,3
IF,BAGOK,56.642778,59.948056, ,0.0,0.0,2,7000,0,0,0,0,0,0
TF,D,56.739889,60.841806,0, ,0.0,0.0,0.0,0.0,4,7000,2900,0,0,0,0,0

STAR,BEGM6M,08L,3
IF,BEGMA,56.940000,61.167500, ,0.0,0.0,2,8000,0,0,0,0,0,0
TF,U,56.744694,60.838889,0, ,0.0,0.0,0.0,0.0,4,7000,2900,0,0,0,0,0

STAR,BEGM6M,26R,3
IF,BEGMA,56.940000,61.167500, ,0.0,0.0,2,8000,0,0,0,0,0,0
TF,U,56.744694,60.838889,0, ,0.0,0.0,0.0,0.0,4,7000,2900,0,0,0,0,0

STAR,BEGM6N,08R,3
IF,BEGMA,56.940000,61.167500, ,0.0,0.0,2,8000,0,0,0,0,0,0
TF,D,56.739889,60.841806,0, ,0.0,0.0,0.0,0.0,4,7000,2900,0,0,0,0,0

STAR,BEGM6N,26L,3
IF,BEGMA,56.940000,61.167500, ,0.0,0.0,2,8000,0,0,0,0,0,0
TF,D,56.739889,60.841806,0, ,0.0,0.0,0.0,0.0,4,7000,2900,0,0,0,0,0

STAR,BIKM6P,08L,2
IF,BIKMA,57.071944,59.176667, ,0.0,0.0,2,7000,0,0,0,0,0,0
TF,EKB29,56.913619,59.972425,0, ,0.0,0.0,0.0,0.0,2,6000,0,0,0,0,0,0

STAR,BIKM6P,08R,2
IF,BIKMA,57.071944,59.176667, ,0.0,0.0,2,7000,0,0,0,0,0,0
TF,EKB29,56.913619,59.972425,0, ,0.0,0.0,0.0,0.0,2,6000,0,0,0,0,0,0

STAR,BIKM6Q,26L,2
IF,BIKMA,57.071944,59.176667, ,0.0,0.0,2,7000,0,0,0,0,0,0
TF,EKB,56.743194,60.797028,0, ,0.0,0.0,0.0,0.0,2,6000,0,0,0,0,0,0
TF,D116K,56.624011,61.045225,0, ,0.0,0.0,0.0,0.0,2,2700,0,0,0,0,0,0

STAR,BIKM6Q,26R,2
IF,BIKMA,57.071944,59.176667, ,0.0,0.0,2,7000,0,0,0,0,0,0
TF,EKB,56.743194,60.797028,0, ,0.0,0.0,0.0,0.0,2,6000,0,0,0,0,0,0
TF,D116K,56.624011,61.045225,0, ,0.0,0.0,0.0,0.0,2,2700,0,0,0,0,0,0

STAR,BIKM6R,ALL,5
IF,BIKMA,57.071944,59.176667, ,0.0,0.0,2,9000,0,0,0,0,0,0
TF,SS020,56.888028,60.075444,0, ,0.0,0.0,0.0,0.0,4,9000,8000,1,220,0,0,0
TF,SS019,56.804222,60.016556,0, ,0.0,0.0,0.0,0.0,4,9000,8000,1,220,0,0,0
TF,SS018,56.714417,60.013694,0, ,0.0,0.0,0.0,0.0,4,9000,8000,1,220,0,0,0
TF,SS017,56.629528,60.066861,0, ,0.0,0.0,0.0,0.0,4,9000,8000,1,220,0,0,0

STAR,BIKM6R,08L,6
IF,SS017,56.629528,60.066861, ,0.0,0.0,4,9000,8000,1,220,0,0,0
TF,SS016,56.821111,60.371222,0, ,0.0,0.0,0.0,0.0,4,5000,3000,0,0,0,0,0

STAR,BIKM6R,08R,6
IF,SS017,56.629528,60.066861, ,0.0,0.0,4,9000,8000,1,220,0,0,0
TF,SS016,56.821111,60.371222,0, ,0.0,0.0,0.0,0.0,4,5000,3000,0,0,0,0,0

STAR,BIKM6S,26L,5
IF,BIKMA,57.071944,59.176667, ,0.0,0.0,2,15000,0,0,0,0,0,0
TF,SS036,56.641583,60.141694,0, ,0.0,0.0,0.0,0.0,2,14000,0,0,0,0,0,0
TF,SS037,56.501139,60.449306,0, ,0.0,0.0,0.0,0.0,4,12000,9000,0,0,0,0,0
TF,SS038,56.516611,60.782889,0, ,0.0,0.0,0.0,0.0,4,7000,6000,1,220,0,0,0
TF,SS039,56.422917,60.844111,0, ,0.0,0.0,0.0,0.0,4,7000,6000,1,220,0,0,0
TF,SS040,56.359306,60.982333,0, ,0.0,0.0,0.0,0.0,4,7000,6000,1,220,0,0,0
TF,SS041,56.343194,61.159417,0, ,0.0,0.0,0.0,0.0,4,7000,6000,1,220,0,0,0
TF,SS042,56.531500,61.124306,1, ,0.0,0.0,0.0,0.0,0,0,0,0,0,0,0,0
TF,SS043,56.644139,61.125028,0, ,0.0,0.0,0.0,0.0,4,5000,2700,0,0,0,0,0

STAR,BIKM6S,26R,5
IF,BIKMA,57.071944,59.176667, ,0.0,0.0,2,15000,0,0,0,0,0,0
TF,SS036,56.641583,60.141694,0, ,0.0,0.0,0.0,0.0,2,14000,0,0,0,0,0,0
TF,SS037,56.501139,60.449306,0, ,0.0,0.0,0.0,0.0,4,12000,9000,0,0,0,0,0
TF,SS038,56.516611,60.782889,0, ,0.0,0.0,0.0,0.0,4,7000,6000,1,220,0,0,0
TF,SS039,56.422917,60.844111,0, ,0.0,0.0,0.0,0.0,4,7000,6000,1,220,0,0,0
TF,SS040,56.359306,60.982333,0, ,0.0,0.0,0.0,0.0,4,7000,6000,1,220,0,0,0
TF,SS041,56.343194,61.159417,0, ,0.0,0.0,0.0,0.0,4,7000,6000,1,220,0,0,0
TF,SS042,56.531500,61.124306,1, ,0.0,0.0,0.0,0.0,0,0,0,0,0,0,0,0
TF,SS043,56.644139,61.125028,0, ,0.0,0.0,0.0,0.0,4,5000,2700,0,0,0,0,0

STAR,BIKM6T,26L,5
IF,BIKMA,57.071944,59.176667, ,0.0,0.0,2,7000,0,0,0,0,0,0
TF,SS038,56.516611,60.782889,0, ,0.0,0.0,0.0,0.0,4,7000,6000,1,220,0,0,0
TF,SS039,56.422917,60.844111,0, ,0.0,0.0,0.0,0.0,4,7000,6000,1,220,0,0,0
TF,SS040,56.359306,60.982333,0, ,0.0,0.0,0.0,0.0,4,7000,6000,1,220,0,0,0
TF,SS041,56.343194,61.159417,0, ,0.0,0.0,0.0,0.0,4,7000,6000,1,220,0,0,0
TF,SS042,56.531500,61.124306,0, ,0.0,0.0,0.0,0.0,0,0,0,0,0,0,0,0
TF,SS043,56.644139,61.125028,0, ,0.0,0.0,0.0,0.0,4,5000,2700,0,0,0,0,0

STAR,BIKM6T,26R,5
IF,BIKMA,57.071944,59.176667, ,0.0,0.0,2,7000,0,0,0,0,0,0
TF,SS038,56.516611,60.782889,0, ,0.0,0.0,0.0,0.0,4,7000,6000,1,220,0,0,0
TF,SS039,56.422917,60.844111,0, ,0.0,0.0,0.0,0.0,4,7000,6000,1,220,0,0,0
TF,SS040,56.359306,60.982333,0, ,0.0,0.0,0.0,0.0,4,7000,6000,1,220,0,0,0
TF,SS041,56.343194,61.159417,0, ,0.0,0.0,0.0,0.0,4,7000,6000,1,220,0,0,0
TF,SS042,56.531500,61.124306,0, ,0.0,0.0,0.0,0.0,0,0,0,0,0,0,0,0
TF,SS043,56.644139,61.125028,0, ,0.0,0.0,0.0,0.0,4,5000,2700,0,0,0,0,0

STAR,BIKM6U,26L,5
IF,BIKMA,57.071944,59.176667, ,0.0,0.0,2,7000,0,0,0,0,0,0
TF,SS054,56.895000,60.711944,0, ,0.0,0.0,0.0,0.0,2,7000,0,0,0,0,0,0
TF,SS076,56.860111,60.995222,0, ,0.0,0.0,0.0,0.0,4,7000,2800,0,0,0,0,0
TF,SS053,56.843722,61.126278,0, ,0.0,0.0,0.0,0.0,4,5000,2700,0,0,0,0,0

STAR,BIKM6U,26R,5
IF,BIKMA,57.071944,59.176667, ,0.0,0.0,2,7000,0,0,0,0,0,0
TF,SS054,56.895000,60.711944,0, ,0.0,0.0,0.0,0.0,2,7000,0,0,0,0,0,0
TF,SS076,56.860111,60.995222,0, ,0.0,0.0,0.0,0.0,4,7000,2800,0,0,0,0,0
TF,SS053,56.843722,61.126278,0, ,0.0,0.0,0.0,0.0,4,5000,2700,0,0,0,0,0

STAR,BIKM6V,ALL,5
IF,BIKMA,57.071944,59.176667, ,0.0,0.0,2,9000,0,0,0,0,0,0
TF,SS020,56.888028,60.075444,0, ,0.0,0.0,0.0,0.0,4,9000,8000,1,220,0,0,0

STAR,BIKM6V,08L,6
IF,SS020,56.888028,60.075444, ,0.0,0.0,4,9000,8000,1,220,0,0,0
TF,SS016,56.821111,60.371222,0, ,0.0,0.0,0.0,0.0,4,5000,3000,0,0,0,0,0

STAR,BIKM6V,08R,6
IF,SS020,56.888028,60.075444, ,0.0,0.0,4,9000,8000,1,220,0,0,0
TF,SS016,56.821111,60.371222,0, ,0.0,0.0,0.0,0.0,4,5000,3000,0,0,0,0,0

STAR,BIKM6W,26L,5
IF,BIKMA,57.071944,59.176667, ,0.0,0.0,2,15000,0,0,0,0,0,0
TF,SS037,56.501139,60.449306,0, ,0.0,0.0,0.0,0.0,4,12000,9000,0,0,0,0,0
TF,SS038,56.516611,60.782889,0, ,0.0,0.0,0.0,0.0,4,7000,6000,1,220,0,0,0
TF,SS042,56.531500,61.124306,0, ,0.0,0.0,0.0,0.0,0,0,0,0,0,0,0,0
TF,SS043,56.644139,61.125028,0, ,0.0,0.0,0.0,0.0,4,5000,2700,0,0,0,0,0

STAR,BIKM6W,26R,5
IF,BIKMA,57.071944,59.176667, ,0.0,0.0,2,15000,0,0,0,0,0,0
TF,SS037,56.501139,60.449306,0, ,0.0,0.0,0.0,0.0,4,12000,9000,0,0,0,0,0
TF,SS038,56.516611,60.782889,0, ,0.0,0.0,0.0,0.0,4,7000,6000,1,220,0,0,0
TF,SS042,56.531500,61.124306,0, ,0.0,0.0,0.0,0.0,0,0,0,0,0,0,0,0
TF,SS043,56.644139,61.125028,0, ,0.0,0.0,0.0,0.0,4,5000,2700,0,0,0,0,0

STAR,GOGT6M,08L,3
IF,GOGTA,56.398056,60.458056, ,0.0,0.0,2,7000,0,0,0,0,0,0
TF,U,56.744694,60.838889,0, ,0.0,0.0,0.0,0.0,4,7000,2900,0,0,0,0,0

STAR,GOGT6M,26R,3
IF,GOGTA,56.398056,60.458056, ,0.0,0.0,2,7000,0,0,0,0,0,0
TF,U,56.744694,60.838889,0, ,0.0,0.0,0.0,0.0,4,7000,2900,0,0,0,0,0

STAR,GOGT6N,08R,3
IF,GOGTA,56.398056,60.458056, ,0.0,0.0,2,7000,0,0,0,0,0,0
TF,D,56.739889,60.841806,0, ,0.0,0.0,0.0,0.0,4,7000,2900,0,0,0,0,0

STAR,GOGT6N,26L,3
IF,GOGTA,56.398056,60.458056, ,0.0,0.0,2,7000,0,0,0,0,0,0
TF,D,56.739889,60.841806,0, ,0.0,0.0,0.0,0.0,4,7000,2900,0,0,0,0,0

STAR,LOMB6P,08L,2
IF,LOMBI,56.430278,59.116389, ,0.0,0.0,2,9000,0,0,0,0,0,0
TF,EKB,56.743194,60.797028,0, ,0.0,0.0,0.0,0.0,0,0,0,0,0,0,0,0
TF,D116K,56.624011,61.045225,0, ,0.0,0.0,0.0,0.0,2,8000,0,0,0,0,0,0

STAR,LOMB6P,08R,2
IF,LOMBI,56.430278,59.116389, ,0.0,0.0,2,9000,0,0,0,0,0,0
TF,EKB,56.743194,60.797028,0, ,0.0,0.0,0.0,0.0,0,0,0,0,0,0,0,0
TF,D116K,56.624011,61.045225,0, ,0.0,0.0,0.0,0.0,2,8000,0,0,0,0,0,0

STAR,LOMB6Q,26L,2
IF,LOMBI,56.430278,59.116389, ,0.0,0.0,2,7000,0,0,0,0,0,0
TF,D237K,56.686778,60.483736,0, ,0.0,0.0,0.0,0.0,2,6000,0,0,0,0,0,0

STAR,LOMB6Q,26R,2
IF,LOMBI,56.430278,59.116389, ,0.0,0.0,2,7000,0,0,0,0,0,0
TF,D237K,56.686778,60.483736,0, ,0.0,0.0,0.0,0.0,2,6000,0,0,0,0,0,0

STAR,LOMB6R,ALL,5
IF,LOMBI,56.430278,59.116389, ,0.0,0.0,2,7000,0,0,0,0,0,0
TF,SS011,56.623000,60.045500,0, ,0.0,0.0,0.0,0.0,4,7000,6000,1,220,0,0,0
TF,SS012,56.712306,59.989528,0, ,0.0,0.0,0.0,0.0,4,7000,6000,1,220,0,0,0
TF,SS013,56.806778,59.992444,0, ,0.0,0.0,0.0,0.0,4,7000,6000,1,220,0,0,0
TF,SS014,56.894972,60.054361,0, ,0.0,0.0,0.0,0.0,4,7000,6000,1,220,0,0,0

STAR,LOMB6R,08L,6
IF,SS014,56.894972,60.054361, ,0.0,0.0,4,7000,6000,1,220,0,0,0
TF,SS015,56.693000,60.350389,0, ,0.0,0.0,0.0,0.0,4,5000,3000,0,0,0,0,0

STAR,LOMB6R,08R,6
IF,SS014,56.894972,60.054361, ,0.0,0.0,4,7000,6000,1,220,0,0,0
TF,SS015,56.693000,60.350389,0, ,0.0,0.0,0.0,0.0,4,5000,3000,0,0,0,0,0

STAR,LOMB6S,26L,5
IF,LOMBI,56.430278,59.116389, ,0.0,0.0,2,9000,0,0,0,0,0,0
TF,SS037,56.501139,60.449306,0, ,0.0,0.0,0.0,0.0,4,12000,9000,0,0,0,0,0
TF,SS038,56.516611,60.782889,0, ,0.0,0.0,0.0,0.0,4,7000,6000,1,220,0,0,0
TF,SS039,56.422917,60.844111,0, ,0.0,0.0,0.0,0.0,4,7000,6000,1,220,0,0,0
TF,SS040,56.359306,60.982333,0, ,0.0,0.0,0.0,0.0,4,7000,6000,1,220,0,0,0
TF,SS041,56.343194,61.159417,0, ,0.0,0.0,0.0,0.0,4,7000,6000,1,220,0,0,0
TF,SS042,56.531500,61.124306,1, ,0.0,0.0,0.0,0.0,0,0,0,0,0,0,0,0
TF,SS043,56.644139,61.125028,0, ,0.0,0.0,0.0,0.0,4,5000,2700,0,0,0,0,0

STAR,LOMB6S,26R,5
IF,LOMBI,56.430278,59.116389, ,0.0,0.0,2,9000,0,0,0,0,0,0
TF,SS037,56.501139,60.449306,0, ,0.0,0.0,0.0,0.0,4,12000,9000,0,0,0,0,0
TF,SS038,56.516611,60.782889,0, ,0.0,0.0,0.0,0.0,4,7000,6000,1,220,0,0,0
TF,SS039,56.422917,60.844111,0, ,0.0,0.0,0.0,0.0,4,7000,6000,1,220,0,0,0
TF,SS040,56.359306,60.982333,0, ,0.0,0.0,0.0,0.0,4,7000,6000,1,220,0,0,0
TF,SS041,56.343194,61.159417,0, ,0.0,0.0,0.0,0.0,4,7000,6000,1,220,0,0,0
TF,SS042,56.531500,61.124306,1, ,0.0,0.0,0.0,0.0,0,0,0,0,0,0,0,0
TF,SS043,56.644139,61.125028,0, ,0.0,0.0,0.0,0.0,4,5000,2700,0,0,0,0,0

STAR,LOMB6V,ALL,5
IF,LOMBI,56.430278,59.116389, ,0.0,0.0,2,7000,0,0,0,0,0,0
TF,SS011,56.623000,60.045500,0, ,0.0,0.0,0.0,0.0,4,7000,6000,1,220,0,0,0

STAR,LOMB6V,08L,6
IF,SS011,56.623000,60.045500, ,0.0,0.0,4,7000,6000,1,220,0,0,0
TF,SS015,56.693000,60.350389,0, ,0.0,0.0,0.0,0.0,4,5000,3000,0,0,0,0,0

STAR,LOMB6V,08R,6
IF,SS011,56.623000,60.045500, ,0.0,0.0,4,7000,6000,1,220,0,0,0
TF,SS015,56.693000,60.350389,0, ,0.0,0.0,0.0,0.0,4,5000,3000,0,0,0,0,0

STAR,LOMB6W,26L,5
IF,LOMBI,56.430278,59.116389, ,0.0,0.0,2,9000,0,0,0,0,0,0
TF,SS037,56.501139,60.449306,0, ,0.0,0.0,0.0,0.0,4,12000,9000,0,0,0,0,0
TF,SS038,56.516611,60.782889,0, ,0.0,0.0,0.0,0.0,4,7000,6000,1,220,0,0,0
TF,SS042,56.531500,61.124306,0, ,0.0,0.0,0.0,0.0,0,0,0,0,0,0,0,0
TF,SS043,56.644139,61.125028,0, ,0.0,0.0,0.0,0.0,4,5000,2700,0,0,0,0,0

STAR,LOMB6W,26R,5
IF,LOMBI,56.430278,59.116389, ,0.0,0.0,2,9000,0,0,0,0,0,0
TF,SS037,56.501139,60.449306,0, ,0.0,0.0,0.0,0.0,4,12000,9000,0,0,0,0,0
TF,SS038,56.516611,60.782889,0, ,0.0,0.0,0.0,0.0,4,7000,6000,1,220,0,0,0
TF,SS042,56.531500,61.124306,0, ,0.0,0.0,0.0,0.0,0,0,0,0,0,0,0,0
TF,SS043,56.644139,61.125028,0, ,0.0,0.0,0.0,0.0,4,5000,2700,0,0,0,0,0

STAR,NEBI6R,ALL,5
IF,NEBIS,55.916944,59.981944, ,0.0,0.0,2,11000,0,0,0,0,0,0
TF,SS009,56.500778,60.299694,0, ,0.0,0.0,0.0,0.0,4,7000,6000,1,220,0,0,0
TF,SS010,56.549556,60.153250,0, ,0.0,0.0,0.0,0.0,4,7000,6000,1,220,0,0,0
TF,SS011,56.623000,60.045500,0, ,0.0,0.0,0.0,0.0,4,7000,6000,1,220,0,0,0
TF,SS012,56.712306,59.989528,0, ,0.0,0.0,0.0,0.0,4,7000,6000,1,220,0,0,0
TF,SS013,56.806778,59.992444,0, ,0.0,0.0,0.0,0.0,4,7000,6000,1,220,0,0,0
TF,SS014,56.894972,60.054361,0, ,0.0,0.0,0.0,0.0,4,7000,6000,1,220,0,0,0

STAR,NEBI6R,08L,6
IF,SS014,56.894972,60.054361, ,0.0,0.0,4,7000,6000,1,220,0,0,0
TF,SS015,56.693000,60.350389,0, ,0.0,0.0,0.0,0.0,4,5000,3000,0,0,0,0,0

STAR,NEBI6R,08R,6
IF,SS014,56.894972,60.054361, ,0.0,0.0,4,7000,6000,1,220,0,0,0
TF,SS015,56.693000,60.350389,0, ,0.0,0.0,0.0,0.0,4,5000,3000,0,0,0,0,0

STAR,NEBI6S,26L,5
IF,NEBIS,55.916944,59.981944, ,0.0,0.0,2,11000,0,0,0,0,0,0
TF,SS037,56.501139,60.449306,0, ,0.0,0.0,0.0,0.0,4,12000,9000,0,0,0,0,0
TF,SS038,56.516611,60.782889,0, ,0.0,0.0,0.0,0.0,4,7000,6000,1,220,0,0,0
TF,SS039,56.422917,60.844111,0, ,0.0,0.0,0.0,0.0,4,7000,6000,1,220,0,0,0
TF,SS040,56.359306,60.982333,0, ,0.0,0.0,0.0,0.0,4,7000,6000,1,220,0,0,0
TF,SS041,56.343194,61.159417,0, ,0.0,0.0,0.0,0.0,4,7000,6000,1,220,0,0,0
TF,SS042,56.531500,61.124306,1, ,0.0,0.0,0.0,0.0,0,0,0,0,0,0,0,0
TF,SS043,56.644139,61.125028,0, ,0.0,0.0,0.0,0.0,4,5000,2700,0,0,0,0,0

STAR,NEBI6S,26R,5
IF,NEBIS,55.916944,59.981944, ,0.0,0.0,2,11000,0,0,0,0,0,0
TF,SS037,56.501139,60.449306,0, ,0.0,0.0,0.0,0.0,4,12000,9000,0,0,0,0,0
TF,SS038,56.516611,60.782889,0, ,0.0,0.0,0.0,0.0,4,7000,6000,1,220,0,0,0
TF,SS039,56.422917,60.844111,0, ,0.0,0.0,0.0,0.0,4,7000,6000,1,220,0,0,0
TF,SS040,56.359306,60.982333,0, ,0.0,0.0,0.0,0.0,4,7000,6000,1,220,0,0,0
TF,SS041,56.343194,61.159417,0, ,0.0,0.0,0.0,0.0,4,7000,6000,1,220,0,0,0
TF,SS042,56.531500,61.124306,1, ,0.0,0.0,0.0,0.0,0,0,0,0,0,0,0,0
TF,SS043,56.644139,61.125028,0, ,0.0,0.0,0.0,0.0,4,5000,2700,0,0,0,0,0

STAR,NEBI6V,ALL,5
IF,NEBIS,55.916944,59.981944, ,0.0,0.0,2,11000,0,0,0,0,0,0
TF,SS009,56.500778,60.299694,0, ,0.0,0.0,0.0,0.0,4,7000,6000,1,220,0,0,0

STAR,NEBI6V,08L,6
IF,SS009,56.500778,60.299694, ,0.0,0.0,4,7000,6000,1,220,0,0,0
TF,SS015,56.693000,60.350389,0, ,0.0,0.0,0.0,0.0,4,5000,3000,0,0,0,0,0

STAR,NEBI6V,08R,6
IF,SS009,56.500778,60.299694, ,0.0,0.0,4,7000,6000,1,220,0,0,0
TF,SS015,56.693000,60.350389,0, ,0.0,0.0,0.0,0.0,4,5000,3000,0,0,0,0,0

STAR,NEBI6W,26L,5
IF,NEBIS,55.916944,59.981944, ,0.0,0.0,2,11000,0,0,0,0,0,0
TF,SS037,56.501139,60.449306,0, ,0.0,0.0,0.0,0.0,4,12000,9000,0,0,0,0,0
TF,SS038,56.516611,60.782889,0, ,0.0,0.0,0.0,0.0,4,7000,6000,1,220,0,0,0
TF,SS042,56.531500,61.124306,0, ,0.0,0.0,0.0,0.0,0,0,0,0,0,0,0,0
TF,SS043,56.644139,61.125028,0, ,0.0,0.0,0.0,0.0,4,5000,2700,0,0,0,0,0

STAR,NEBI6W,26R,5
IF,NEBIS,55.916944,59.981944, ,0.0,0.0,2,11000,0,0,0,0,0,0
TF,SS037,56.501139,60.449306,0, ,0.0,0.0,0.0,0.0,4,12000,9000,0,0,0,0,0
TF,SS038,56.516611,60.782889,0, ,0.0,0.0,0.0,0.0,4,7000,6000,1,220,0,0,0
TF,SS042,56.531500,61.124306,0, ,0.0,0.0,0.0,0.0,0,0,0,0,0,0,0,0
TF,SS043,56.644139,61.125028,0, ,0.0,0.0,0.0,0.0,4,5000,2700,0,0,0,0,0

STAR,NEKE6P,08L,2
IF,NEKER,56.103611,62.078611, ,0.0,0.0,2,8000,0,0,0,0,0,0
TF,D116K,56.624011,61.045225,0, ,0.0,0.0,0.0,0.0,2,8000,0,0,0,0,0,0

STAR,NEKE6P,08R,2
IF,NEKER,56.103611,62.078611, ,0.0,0.0,2,8000,0,0,0,0,0,0
TF,D116K,56.624011,61.045225,0, ,0.0,0.0,0.0,0.0,2,8000,0,0,0,0,0,0

STAR,NEKE6Q,26L,2
IF,NEKER,56.103611,62.078611, ,0.0,0.0,2,8000,0,0,0,0,0,0
TF,EKB27,56.444358,61.404508,0, ,0.0,0.0,0.0,0.0,2,6000,0,0,0,0,0,0
TF,D116K,56.624011,61.045225,0, ,0.0,0.0,0.0,0.0,2,2700,0,0,0,0,0,0

STAR,NEKE6Q,26R,2
IF,NEKER,56.103611,62.078611, ,0.0,0.0,2,8000,0,0,0,0,0,0
TF,EKB27,56.444358,61.404508,0, ,0.0,0.0,0.0,0.0,2,6000,0,0,0,0,0,0
TF,D116K,56.624011,61.045225,0, ,0.0,0.0,0.0,0.0,2,2700,0,0,0,0,0,0

STAR,NEKE6R,ALL,5
IF,NEKER,56.103611,62.078611, ,0.0,0.0,2,14000,0,0,0,0,0,0
TF,SS006,56.485361,60.973556,0, ,0.0,0.0,0.0,0.0,4,15000,14000,0,0,0,0,0
TF,SS007,56.484056,60.698083,0, ,0.0,0.0,0.0,0.0,0,0,0,0,0,0,0,0
TF,SS008,56.482500,60.467306,0, ,0.0,0.0,0.0,0.0,4,8000,6000,0,0,0,0,0
TF,SS009,56.500778,60.299694,0, ,0.0,0.0,0.0,0.0,4,7000,6000,1,220,0,0,0
TF,SS010,56.549556,60.153250,0, ,0.0,0.0,0.0,0.0,4,7000,6000,1,220,0,0,0
TF,SS011,56.623000,60.045500,0, ,0.0,0.0,0.0,0.0,4,7000,6000,1,220,0,0,0
TF,SS012,56.712306,59.989528,0, ,0.0,0.0,0.0,0.0,4,7000,6000,1,220,0,0,0
TF,SS013,56.806778,59.992444,0, ,0.0,0.0,0.0,0.0,4,7000,6000,1,220,0,0,0
TF,SS014,56.894972,60.054361,0, ,0.0,0.0,0.0,0.0,4,7000,6000,1,220,0,0,0

STAR,NEKE6R,08L,6
IF,SS014,56.894972,60.054361, ,0.0,0.0,4,7000,6000,1,220,0,0,0
TF,SS015,56.693000,60.350389,0, ,0.0,0.0,0.0,0.0,4,5000,3000,0,0,0,0,0

STAR,NEKE6R,08R,6
IF,SS014,56.894972,60.054361, ,0.0,0.0,4,7000,6000,1,220,0,0,0
TF,SS015,56.693000,60.350389,0, ,0.0,0.0,0.0,0.0,4,5000,3000,0,0,0,0,0

STAR,NEKE6S,26L,5
IF,NEKER,56.103611,62.078611, ,0.0,0.0,2,8000,0,0,0,0,0,0
TF,SS044,56.313750,61.330250,0, ,0.0,0.0,0.0,0.0,3,14000,0,0,0,0,0,0
TF,SS045,56.361722,61.155972,0, ,0.0,0.0,0.0,0.0,4,11000,8000,1,220,0,0,0
TF,SS046,56.376250,60.996250,0, ,0.0,0.0,0.0,0.0,4,11000,8000,1,220,0,0,0
TF,SS047,56.433639,60.871611,0, ,0.0,0.0,0.0,0.0,4,11000,8000,1,220,0,0,0
TF,SS048,56.518111,60.816472,0, ,0.0,0.0,0.0,0.0,4,11000,8000,1,220,0,0,0
TF,SS042,56.531500,61.124306,2, ,0.0,0.0,0.0,0.0,0,0,0,0,0,0,0,0
TF,SS043,56.644139,61.125028,0, ,0.0,0.0,0.0,0.0,4,5000,2700,0,0,0,0,0

STAR,NEKE6S,26R,5
IF,NEKER,56.103611,62.078611, ,0.0,0.0,2,8000,0,0,0,0,0,0
TF,SS044,56.313750,61.330250,0, ,0.0,0.0,0.0,0.0,3,14000,0,0,0,0,0,0
TF,SS045,56.361722,61.155972,0, ,0.0,0.0,0.0,0.0,4,11000,8000,1,220,0,0,0
TF,SS046,56.376250,60.996250,0, ,0.0,0.0,0.0,0.0,4,11000,8000,1,220,0,0,0
TF,SS047,56.433639,60.871611,0, ,0.0,0.0,0.0,0.0,4,11000,8000,1,220,0,0,0
TF,SS048,56.518111,60.816472,0, ,0.0,0.0,0.0,0.0,4,11000,8000,1,220,0,0,0
TF,SS042,56.531500,61.124306,2, ,0.0,0.0,0.0,0.0,0,0,0,0,0,0,0,0
TF,SS043,56.644139,61.125028,0, ,0.0,0.0,0.0,0.0,4,5000,2700,0,0,0,0,0

STAR,NEKE6V,ALL,5
IF,NEKER,56.103611,62.078611, ,0.0,0.0,2,14000,0,0,0,0,0,0
TF,SS006,56.485361,60.973556,0, ,0.0,0.0,0.0,0.0,4,15000,14000,0,0,0,0,0

STAR,NEKE6V,08L,6
IF,SS006,56.485361,60.973556, ,0.0,0.0,4,15000,14000,0,0,0,0,0
TF,SS015,56.693000,60.350389,0, ,0.0,0.0,0.0,0.0,4,5000,3000,0,0,0,0,0

STAR,NEKE6V,08R,6
IF,SS006,56.485361,60.973556, ,0.0,0.0,4,15000,14000,0,0,0,0,0
TF,SS015,56.693000,60.350389,0, ,0.0,0.0,0.0,0.0,4,5000,3000,0,0,0,0,0

STAR,NEKE6W,26L,5
IF,NEKER,56.103611,62.078611, ,0.0,0.0,2,8000,0,0,0,0,0,0
TF,SS045,56.361722,61.155972,0, ,0.0,0.0,0.0,0.0,4,11000,8000,1,220,0,0,0
TF,SS042,56.531500,61.124306,0, ,0.0,0.0,0.0,0.0,0,0,0,0,0,0,0,0
TF,SS043,56.644139,61.125028,0, ,0.0,0.0,0.0,0.0,4,5000,2700,0,0,0,0,0

STAR,NEKE6W,26R,5
IF,NEKER,56.103611,62.078611, ,0.0,0.0,2,8000,0,0,0,0,0,0
TF,SS045,56.361722,61.155972,0, ,0.0,0.0,0.0,0.0,4,11000,8000,1,220,0,0,0
TF,SS042,56.531500,61.124306,0, ,0.0,0.0,0.0,0.0,0,0,0,0,0,0,0,0
TF,SS043,56.644139,61.125028,0, ,0.0,0.0,0.0,0.0,4,5000,2700,0,0,0,0,0

STAR,PESA6R,ALL,5
IF,PESAM,55.906111,61.319444, ,0.0,0.0,2,14000,0,0,0,0,0,0
TF,ALUMA,56.379444,61.021111,0, ,0.0,0.0,0.0,0.0,4,15000,14000,0,0,0,0,0
TF,SS007,56.484056,60.698083,0, ,0.0,0.0,0.0,0.0,0,0,0,0,0,0,0,0
TF,SS008,56.482500,60.467306,0, ,0.0,0.0,0.0,0.0,4,8000,6000,0,0,0,0,0
TF,SS009,56.500778,60.299694,0, ,0.0,0.0,0.0,0.0,4,7000,6000,1,220,0,0,0
TF,SS010,56.549556,60.153250,0, ,0.0,0.0,0.0,0.0,4,7000,6000,1,220,0,0,0
TF,SS011,56.623000,60.045500,0, ,0.0,0.0,0.0,0.0,4,7000,6000,1,220,0,0,0
TF,SS012,56.712306,59.989528,0, ,0.0,0.0,0.0,0.0,4,7000,6000,1,220,0,0,0
TF,SS013,56.806778,59.992444,0, ,0.0,0.0,0.0,0.0,4,7000,6000,1,220,0,0,0
TF,SS014,56.894972,60.054361,0, ,0.0,0.0,0.0,0.0,4,7000,6000,1,220,0,0,0

STAR,PESA6R,08L,6
IF,SS014,56.894972,60.054361, ,0.0,0.0,4,7000,6000,1,220,0,0,0
TF,SS015,56.693000,60.350389,0, ,0.0,0.0,0.0,0.0,4,5000,3000,0,0,0,0,0

STAR,PESA6R,08R,6
IF,SS014,56.894972,60.054361, ,0.0,0.0,4,7000,6000,1,220,0,0,0
TF,SS015,56.693000,60.350389,0, ,0.0,0.0,0.0,0.0,4,5000,3000,0,0,0,0,0

STAR,PESA6S,26L,5
IF,PESAM,55.906111,61.319444, ,0.0,0.0,2,8000,0,0,0,0,0,0
TF,SS056,56.081750,61.256917,0, ,0.0,0.0,0.0,0.0,3,14000,0,0,0,0,0,0
TF,SS045,56.361722,61.155972,0, ,0.0,0.0,0.0,0.0,4,11000,8000,1,220,0,0,0
TF,SS046,56.376250,60.996250,0, ,0.0,0.0,0.0,0.0,4,11000,8000,1,220,0,0,0
TF,SS047,56.433639,60.871611,0, ,0.0,0.0,0.0,0.0,4,11000,8000,1,220,0,0,0
TF,SS048,56.518111,60.816472,0, ,0.0,0.0,0.0,0.0,4,11000,8000,1,220,0,0,0
TF,SS042,56.531500,61.124306,2, ,0.0,0.0,0.0,0.0,0,0,0,0,0,0,0,0
TF,SS043,56.644139,61.125028,0, ,0.0,0.0,0.0,0.0,4,5000,2700,0,0,0,0,0

STAR,PESA6S,26R,5
IF,PESAM,55.906111,61.319444, ,0.0,0.0,2,8000,0,0,0,0,0,0
TF,SS056,56.081750,61.256917,0, ,0.0,0.0,0.0,0.0,3,14000,0,0,0,0,0,0
TF,SS045,56.361722,61.155972,0, ,0.0,0.0,0.0,0.0,4,11000,8000,1,220,0,0,0
TF,SS046,56.376250,60.996250,0, ,0.0,0.0,0.0,0.0,4,11000,8000,1,220,0,0,0
TF,SS047,56.433639,60.871611,0, ,0.0,0.0,0.0,0.0,4,11000,8000,1,220,0,0,0
TF,SS048,56.518111,60.816472,0, ,0.0,0.0,0.0,0.0,4,11000,8000,1,220,0,0,0
TF,SS042,56.531500,61.124306,2, ,0.0,0.0,0.0,0.0,0,0,0,0,0,0,0,0
TF,SS043,56.644139,61.125028,0, ,0.0,0.0,0.0,0.0,4,5000,2700,0,0,0,0,0

STAR,PESA6V,ALL,5
IF,PESAM,55.906111,61.319444, ,0.0,0.0,2,14000,0,0,0,0,0,0
TF,ALUMA,56.379444,61.021111,0, ,0.0,0.0,0.0,0.0,4,15000,14000,0,0,0,0,0
TF,SS007,56.484056,60.698083,0, ,0.0,0.0,0.0,0.0,0,0,0,0,0,0,0,0

STAR,PESA6V,08L,6
IF,SS007,56.484056,60.698083, ,0.0,0.0,0,0,0,0,0,0,0,0
TF,SS015,56.693000,60.350389,0, ,0.0,0.0,0.0,0.0,4,5000,3000,0,0,0,0,0

STAR,PESA6V,08R,6
IF,SS007,56.484056,60.698083, ,0.0,0.0,0,0,0,0,0,0,0,0
TF,SS015,56.693000,60.350389,0, ,0.0,0.0,0.0,0.0,4,5000,3000,0,0,0,0,0

STAR,PESA6W,26L,5
IF,PESAM,55.906111,61.319444, ,0.0,0.0,2,8000,0,0,0,0,0,0
TF,SS045,56.361722,61.155972,0, ,0.0,0.0,0.0,0.0,4,11000,8000,1,220,0,0,0
TF,SS042,56.531500,61.124306,0, ,0.0,0.0,0.0,0.0,0,0,0,0,0,0,0,0
TF,SS043,56.644139,61.125028,0, ,0.0,0.0,0.0,0.0,4,5000,2700,0,0,0,0,0

STAR,PESA6W,26R,5
IF,PESAM,55.906111,61.319444, ,0.0,0.0,2,8000,0,0,0,0,0,0
TF,SS045,56.361722,61.155972,0, ,0.0,0.0,0.0,0.0,4,11000,8000,1,220,0,0,0
TF,SS042,56.531500,61.124306,0, ,0.0,0.0,0.0,0.0,0,0,0,0,0,0,0,0
TF,SS043,56.644139,61.125028,0, ,0.0,0.0,0.0,0.0,4,5000,2700,0,0,0,0,0

STAR,REPS6R,ALL,5
IF,REPSA,57.336667,61.929722, ,0.0,0.0,2,12000,0,0,0,0,0,0
TF,SS024,57.086028,61.188778,0, ,0.0,0.0,0.0,0.0,0,0,0,0,0,0,0,0
TF,SS023,56.989972,60.689333,0, ,0.0,0.0,0.0,0.0,2,12000,0,0,0,0,0,0
TF,SS022,56.998750,60.327778,0, ,0.0,0.0,0.0,0.0,4,9000,8000,1,220,0,0,0
TF,SS021,56.955611,60.183528,0, ,0.0,0.0,0.0,0.0,4,9000,8000,1,220,0,0,0
TF,SS020,56.888028,60.075444,0, ,0.0,0.0,0.0,0.0,4,9000,8000,1,220,0,0,0
TF,SS019,56.804222,60.016556,0, ,0.0,0.0,0.0,0.0,4,9000,8000,1,220,0,0,0
TF,SS018,56.714417,60.013694,0, ,0.0,0.0,0.0,0.0,4,9000,8000,1,220,0,0,0
TF,SS017,56.629528,60.066861,0, ,0.0,0.0,0.0,0.0,4,9000,8000,1,220,0,0,0

STAR,REPS6R,08L,6
IF,SS017,56.629528,60.066861, ,0.0,0.0,4,9000,8000,1,220,0,0,0
TF,SS016,56.821111,60.371222,0, ,0.0,0.0,0.0,0.0,4,5000,3000,0,0,0,0,0

STAR,REPS6R,08R,6
IF,SS017,56.629528,60.066861, ,0.0,0.0,4,9000,8000,1,220,0,0,0
TF,SS016,56.821111,60.371222,0, ,0.0,0.0,0.0,0.0,4,5000,3000,0,0,0,0,0

STAR,REPS6S,26L,5
IF,REPSA,57.336667,61.929722, ,0.0,0.0,2,7000,0,0,0,0,0,0
TF,SS049,57.044306,61.373333,0, ,0.0,0.0,0.0,0.0,4,11000,6000,1,220,0,0,0
TF,SS050,57.104500,61.250889,0, ,0.0,0.0,0.0,0.0,4,11000,6000,1,220,0,0,0
TF,SS051,57.104750,61.085833,0, ,0.0,0.0,0.0,0.0,4,11000,6000,1,220,0,0,0
TF,SS052,57.059194,60.943694,0, ,0.0,0.0,0.0,0.0,4,11000,6000,1,220,0,0,0
TF,BEGMA,56.940000,61.167500,1, ,0.0,0.0,0.0,0.0,0,0,0,0,0,0,0,0
TF,SS053,56.843722,61.126278,0, ,0.0,0.0,0.0,0.0,4,5000,2700,0,0,0,0,0

STAR,REPS6S,26R,5
IF,REPSA,57.336667,61.929722, ,0.0,0.0,2,7000,0,0,0,0,0,0
TF,SS049,57.044306,61.373333,0, ,0.0,0.0,0.0,0.0,4,11000,6000,1,220,0,0,0
TF,SS050,57.104500,61.250889,0, ,0.0,0.0,0.0,0.0,4,11000,6000,1,220,0,0,0
TF,SS051,57.104750,61.085833,0, ,0.0,0.0,0.0,0.0,4,11000,6000,1,220,0,0,0
TF,SS052,57.059194,60.943694,0, ,0.0,0.0,0.0,0.0,4,11000,6000,1,220,0,0,0
TF,BEGMA,56.940000,61.167500,1, ,0.0,0.0,0.0,0.0,0,0,0,0,0,0,0,0
TF,SS053,56.843722,61.126278,0, ,0.0,0.0,0.0,0.0,4,5000,2700,0,0,0,0,0

STAR,REPS6V,ALL,5
IF,REPSA,57.336667,61.929722, ,0.0,0.0,2,12000,0,0,0,0,0,0
TF,SS024,57.086028,61.188778,0, ,0.0,0.0,0.0,0.0,0,0,0,0,0,0,0,0
TF,SS023,56.989972,60.689333,0, ,0.0,0.0,0.0,0.0,2,12000,0,0,0,0,0,0

STAR,REPS6V,08L,6
IF,SS023,56.989972,60.689333, ,0.0,0.0,2,12000,0,0,0,0,0,0
TF,SS016,56.821111,60.371222,0, ,0.0,0.0,0.0,0.0,4,5000,3000,0,0,0,0,0

STAR,REPS6V,08R,6
IF,SS023,56.989972,60.689333, ,0.0,0.0,2,12000,0,0,0,0,0,0
TF,SS016,56.821111,60.371222,0, ,0.0,0.0,0.0,0.0,4,5000,3000,0,0,0,0,0

STAR,REPS6W,26L,5
IF,REPSA,57.336667,61.929722, ,0.0,0.0,2,7000,0,0,0,0,0,0
TF,SS049,57.044306,61.373333,0, ,0.0,0.0,0.0,0.0,4,11000,6000,1,220,0,0,0
TF,BEGMA,56.940000,61.167500,0, ,0.0,0.0,0.0,0.0,0,0,0,0,0,0,0,0
TF,SS053,56.843722,61.126278,0, ,0.0,0.0,0.0,0.0,4,5000,2700,0,0,0,0,0

STAR,REPS6W,26R,5
IF,REPSA,57.336667,61.929722, ,0.0,0.0,2,7000,0,0,0,0,0,0
TF,SS049,57.044306,61.373333,0, ,0.0,0.0,0.0,0.0,4,11000,6000,1,220,0,0,0
TF,BEGMA,56.940000,61.167500,0, ,0.0,0.0,0.0,0.0,0,0,0,0,0,0,0,0
TF,SS053,56.843722,61.126278,0, ,0.0,0.0,0.0,0.0,4,5000,2700,0,0,0,0,0

STAR,SOPU6R,ALL,5
IF,SOPUS,57.135278,62.001944, ,0.0,0.0,2,12000,0,0,0,0,0,0
TF,SS024,57.086028,61.188778,0, ,0.0,0.0,0.0,0.0,0,0,0,0,0,0,0,0
TF,SS023,56.989972,60.689333,0, ,0.0,0.0,0.0,0.0,2,12000,0,0,0,0,0,0
TF,SS022,56.998750,60.327778,0, ,0.0,0.0,0.0,0.0,4,9000,8000,1,220,0,0,0
TF,SS021,56.955611,60.183528,0, ,0.0,0.0,0.0,0.0,4,9000,8000,1,220,0,0,0
TF,SS020,56.888028,60.075444,0, ,0.0,0.0,0.0,0.0,4,9000,8000,1,220,0,0,0
TF,SS019,56.804222,60.016556,0, ,0.0,0.0,0.0,0.0,4,9000,8000,1,220,0,0,0
TF,SS018,56.714417,60.013694,0, ,0.0,0.0,0.0,0.0,4,9000,8000,1,220,0,0,0
TF,SS017,56.629528,60.066861,0, ,0.0,0.0,0.0,0.0,4,9000,8000,1,220,0,0,0

STAR,SOPU6R,08L,6
IF,SS017,56.629528,60.066861, ,0.0,0.0,4,9000,8000,1,220,0,0,0
TF,SS016,56.821111,60.371222,0, ,0.0,0.0,0.0,0.0,4,5000,3000,0,0,0,0,0

STAR,SOPU6R,08R,6
IF,SS017,56.629528,60.066861, ,0.0,0.0,4,9000,8000,1,220,0,0,0
TF,SS016,56.821111,60.371222,0, ,0.0,0.0,0.0,0.0,4,5000,3000,0,0,0,0,0

STAR,SOPU6S,26L,5
IF,SOPUS,57.135278,62.001944, ,0.0,0.0,2,8000,0,0,0,0,0,0
TF,SS049,57.044306,61.373333,0, ,0.0,0.0,0.0,0.0,4,11000,6000,1,220,0,0,0
TF,SS050,57.104500,61.250889,0, ,0.0,0.0,0.0,0.0,4,11000,6000,1,220,0,0,0
TF,SS051,57.104750,61.085833,0, ,0.0,0.0,0.0,0.0,4,11000,6000,1,220,0,0,0
TF,SS052,57.059194,60.943694,0, ,0.0,0.0,0.0,0.0,4,11000,6000,1,220,0,0,0
TF,BEGMA,56.940000,61.167500,1, ,0.0,0.0,0.0,0.0,0,0,0,0,0,0,0,0
TF,SS053,56.843722,61.126278,0, ,0.0,0.0,0.0,0.0,4,5000,2700,0,0,0,0,0

STAR,SOPU6S,26R,5
IF,SOPUS,57.135278,62.001944, ,0.0,0.0,2,8000,0,0,0,0,0,0
TF,SS049,57.044306,61.373333,0, ,0.0,0.0,0.0,0.0,4,11000,6000,1,220,0,0,0
TF,SS050,57.104500,61.250889,0, ,0.0,0.0,0.0,0.0,4,11000,6000,1,220,0,0,0
TF,SS051,57.104750,61.085833,0, ,0.0,0.0,0.0,0.0,4,11000,6000,1,220,0,0,0
TF,SS052,57.059194,60.943694,0, ,0.0,0.0,0.0,0.0,4,11000,6000,1,220,0,0,0
TF,BEGMA,56.940000,61.167500,1, ,0.0,0.0,0.0,0.0,0,0,0,0,0,0,0,0
TF,SS053,56.843722,61.126278,0, ,0.0,0.0,0.0,0.0,4,5000,2700,0,0,0,0,0

STAR,SOPU6V,ALL,5
IF,SOPUS,57.135278,62.001944, ,0.0,0.0,2,12000,0,0,0,0,0,0
TF,SS024,57.086028,61.188778,0, ,0.0,0.0,0.0,0.0,0,0,0,0,0,0,0,0
TF,SS023,56.989972,60.689333,0, ,0.0,0.0,0.0,0.0,2,12000,0,0,0,0,0,0

STAR,SOPU6V,08L,6
IF,SS023,56.989972,60.689333, ,0.0,0.0,2,12000,0,0,0,0,0,0
TF,SS016,56.821111,60.371222,0, ,0.0,0.0,0.0,0.0,4,5000,3000,0,0,0,0,0

STAR,SOPU6V,08R,6
IF,SS023,56.989972,60.689333, ,0.0,0.0,2,12000,0,0,0,0,0,0
TF,SS016,56.821111,60.371222,0, ,0.0,0.0,0.0,0.0,4,5000,3000,0,0,0,0,0

STAR,SOPU6W,26L,5
IF,SOPUS,57.135278,62.001944, ,0.0,0.0,2,8000,0,0,0,0,0,0
TF,SS049,57.044306,61.373333,0, ,0.0,0.0,0.0,0.0,4,11000,6000,1,220,0,0,0
TF,BEGMA,56.940000,61.167500,0, ,0.0,0.0,0.0,0.0,0,0,0,0,0,0,0,0
TF,SS053,56.843722,61.126278,0, ,0.0,0.0,0.0,0.0,4,5000,2700,0,0,0,0,0

STAR,SOPU6W,26R,5
IF,SOPUS,57.135278,62.001944, ,0.0,0.0,2,8000,0,0,0,0,0,0
TF,SS049,57.044306,61.373333,0, ,0.0,0.0,0.0,0.0,4,11000,6000,1,220,0,0,0
TF,BEGMA,56.940000,61.167500,0, ,0.0,0.0,0.0,0.0,0,0,0,0,0,0,0,0
TF,SS053,56.843722,61.126278,0, ,0.0,0.0,0.0,0.0,4,5000,2700,0,0,0,0,0

STAR,UMTE6M,08L,3
IF,UMTEK,56.788333,60.142778, ,0.0,0.0,2,7000,0,0,0,0,0,0
TF,U,56.744694,60.838889,0, ,0.0,0.0,0.0,0.0,4,7000,2900,0,0,0,0,0

STAR,UMTE6M,26R,3
IF,UMTEK,56.788333,60.142778, ,0.0,0.0,2,7000,0,0,0,0,0,0
TF,U,56.744694,60.838889,0, ,0.0,0.0,0.0,0.0,4,7000,2900,0,0,0,0,0

STAR,UMTE6N,08R,3
IF,UMTEK,56.788333,60.142778, ,0.0,0.0,2,7000,0,0,0,0,0,0
TF,D,56.739889,60.841806,0, ,0.0,0.0,0.0,0.0,4,7000,2900,0,0,0,0,0

STAR,UMTE6N,26L,3
IF,UMTEK,56.788333,60.142778, ,0.0,0.0,2,7000,0,0,0,0,0,0
TF,D,56.739889,60.841806,0, ,0.0,0.0,0.0,0.0,4,7000,2900,0,0,0,0,0

APPTR,D08LX,08L,SS015
IF,SS015,56.693000,60.350389, ,0.0,0.0,4,5000,3000,0,0,0,1,0
TF,SS065,56.752944,60.473778,0, ,0.0,0.0,0.0,0.0,2,2700,0,0,0,0,1,0

APPTR,D08LX,08L,SS016
IF,SS016,56.821111,60.371222, ,0.0,0.0,4,5000,3000,0,0,0,1,0
TF,SS065,56.752944,60.473778,0, ,0.0,0.0,0.0,0.0,2,2700,0,0,0,0,1,0

FINAL,D08LX,08L,D,4
IF,SS065,56.752944,60.473778,EKB,258.3,10.7,2,2700,0,0,0,0,0,0
CF,FD08,56.748056,60.624011,0,EKB,258.0,5.7,78.0,5.0,1,2400,0,0,0,0,2,0
CF,29VOR,56.745700,60.708892,0,EKB,258.0,2.9,78.0,2.8,1,1500,0,0,0,0,0,0
CF,RW08L,56.744828,60.778025,0,EKB,263.9,0.6,78.0,2.3,1,792,0,0,0,0,3,0
TF,SS066,56.736750,60.992639,0, ,0.0,0.0,0.0,0.0,0,0,0,1,230,0,0,0
TF,SS029,56.587667,61.012000,0, ,0.0,0.0,0.0,0.0,0,0,0,1,230,0,0,0
TF,SS010,56.549556,60.153250,0, ,0.0,0.0,0.0,0.0,4,7000,6000,0,0,0,0,0

APPTR,D08LY,08L,EKB29
IF,EKB29,56.913619,59.972425, ,0.0,0.0,2,6000,0,0,0,0,1,0
CF,D276W,56.878589,60.144719,0,EKB,276.0,23.0,96.0,6.0,2,6000,0,0,0,0,0,0
CF,CD08,56.755350,60.346442,0,EKB,258.0,14.9,123.0,9.9,2,2800,0,0,0,0,1,0

FINAL,D08LY,08L,D,4
IF,CD08,56.755350,60.346442,EKB,258.0,14.9,2,2800,0,0,0,0,0,0
CF,FD08,56.748056,60.624011,0,EKB,258.0,5.7,78.0,9.2,1,2400,0,0,0,0,2,0
CF,29VOR,56.745700,60.708892,0,EKB,258.0,2.9,78.0,2.8,1,1500,0,0,0,0,0,0
CF,RW08L,56.744828,60.778025,0,EKB,263.9,0.6,78.0,2.3,1,792,0,0,0,0,3,0
CF,EKB,56.743194,60.797028,0,EKB,0.0,0.0,78.0,0.6,0,0,0,0,0,0,0,0
CA,0,78.0,2,2100,0,1,215,0,0,0
DF,EKB,56.743194,60.797028,1, ,0.0,0.0,2,2700,0,1,215,0,0,0
CF,D146K,56.571625,60.904017,0,EKB,146.0,10.9,146.0,10.9,0,0,0,0,0,0,0,0

APPTR,D08LZ,08L,ALUMA
IF,ALUMA,56.379444,61.021111, ,0.0,0.0,2,8000,0,0,0,0,1,0
FC,ALUMA,56.379444,61.021111,0,EKB,0.0,0.0,326.0,10.0,0,0,0,0,0,0,0,0
CI,0, ,0.0,326.0,0,0,0,0,0,0,0,0
AF,CD08Z,56.752244,60.467492,2,EKB,258.0,10.9,146.0,2,2700,0,0,0,0,1,0

APPTR,D08LZ,08L,D116K
IF,D116K,56.624011,61.045225,EKB,116.0,10.9,2,8000,0,0,0,0,1,0
AF,CD08Z,56.752244,60.467492,2,EKB,258.0,10.9,116.0,2,2700,0,0,0,0,1,0

APPTR,D08LZ,08L,GOGTA
IF,GOGTA,56.398056,60.458056, ,0.0,0.0,2,7000,0,0,0,0,1,0
FC,GOGTA,56.398056,60.458056,0,EKB,0.0,0.0,14.0,10.5,0,0,0,0,0,0,0,0
CI,0, ,0.0,14.0,0,0,0,0,0,0,0,0
AF,CD08Z,56.752244,60.467492,2,EKB,258.0,10.9,194.0,2,2700,0,0,0,0,1,0

APPTR,D08LZ,08L,REPSA
IF,REPSA,57.336667,61.929722, ,0.0,0.0,2,7000,0,0,0,0,1,0
TF,EK31A,57.093772,61.467333,0, ,0.0,0.0,0.0,0.0,2,6000,0,0,0,0,0,0
CI,0, ,0.0,211.0,0,0,0,0,0,0,0,0
AF,EKB28,57.127756,61.293403,1,EKB,20.0,28.3,31.0,2,6000,0,0,0,0,0,0
CF,EKB,56.743194,60.797028,0,EKB,0.0,0.0,196.0,28.2,2,6000,0,0,0,0,0,0
FC,EKB,56.743194,60.797028,0,EKB,0.0,0.0,194.0,8.7,0,0,0,0,0,0,0,0
CI,0, ,0.0,194.0,0,0,0,0,0,0,0,0
AF,CD08Z,56.752244,60.467492,2,EKB,258.0,10.9,194.0,2,2700,0,0,0,0,1,0

APPTR,D08LZ,08L,SOPUS
IF,SOPUS,57.135278,62.001944, ,0.0,0.0,2,8000,0,0,0,0,1,0
TF,EK31B,57.003972,61.591589,0, ,0.0,0.0,0.0,0.0,2,6000,0,0,0,0,0,0
CI,0, ,0.0,224.0,0,0,0,0,0,0,0,0
AF,EKB28,57.127756,61.293403,1,EKB,20.0,28.3,44.0,2,6000,0,0,0,0,0,0
CF,EKB,56.743194,60.797028,0,EKB,0.0,0.0,196.0,28.2,2,6000,0,0,0,0,0,0
FC,EKB,56.743194,60.797028,0,EKB,0.0,0.0,194.0,8.7,0,0,0,0,0,0,0,0
CI,0, ,0.0,194.0,0,0,0,0,0,0,0,0
AF,CD08Z,56.752244,60.467492,2,EKB,258.0,10.9,194.0,2,2700,0,0,0,0,1,0

FINAL,D08LZ,08L,D,4
IF,CD08Z,56.752244,60.467492,EKB,258.0,10.9,2,2700,0,0,0,0,0,0
CF,FD08,56.748056,60.624011,0,EKB,258.0,5.7,78.0,5.2,1,2400,0,0,0,0,2,0
CF,29VOR,56.745700,60.708892,0,EKB,258.0,2.9,78.0,2.8,2,1500,0,0,0,0,0,0
CF,RW08L,56.744828,60.778025,0,EKB,263.9,0.6,78.0,2.3,1,792,0,0,0,0,3,0
CA,0,78.0,2,2100,0,1,215,0,0,0
DF,EKB,56.743194,60.797028,1, ,0.0,0.0,2,2700,0,1,215,0,0,0
CF,D146K,56.571625,60.904017,0,EKB,149.0,10.9,146.0,10.9,0,0,0,0,0,0,0,0

APPTR,D08RY,08R,EKB29
IF,EKB29,56.913619,59.972425, ,0.0,0.0,2,6000,0,0,0,0,1,0
CF,D276W,56.878589,60.144719,0,EKB,276.0,23.0,96.0,6.0,2,6000,0,0,0,0,0,0
CF,CD08,56.755350,60.346442,0,EKB,258.0,14.9,123.0,9.9,2,2800,0,0,0,0,1,0

FINAL,D08RY,08R,D,4
IF,CD08,56.755350,60.346442,EKB,258.0,14.9,2,2800,0,0,0,0,0,0
CF,FD08,56.748056,60.624011,0,EKB,258.0,5.7,78.0,9.2,1,2400,0,0,0,0,2,0
CF,28VO2,56.745608,60.712156,0,EKB,258.0,2.8,78.0,2.9,2,1500,0,0,0,0,0,0
CF,RW08R,56.742283,60.779653,0,EKB,249.6,0.6,78.0,2.2,1,787,0,0,0,0,3,0
CA,0,78.0,2,2100,0,1,215,0,0,0
DF,EKB,56.743194,60.797028,1, ,0.0,0.0,2,2700,0,0,0,0,0,1
CF,D146K,56.571625,60.904017,0,EKB,146.0,10.9,146.0,10.9,0,0,0,0,0,0,0,0

APPTR,D08RZ,08R,ALUMA
IF,ALUMA,56.379444,61.021111, ,0.0,0.0,2,8000,0,0,0,0,1,0
FC,ALUMA,56.379444,61.021111,0,EKB,0.0,0.0,326.0,10.0,0,0,0,0,0,0,0,0
CI,0, ,0.0,326.0,0,0,0,0,0,0,0,0
AF,CD08Z,56.752244,60.467492,2,EKB,258.0,10.9,146.0,2,2700,0,0,0,0,1,0

APPTR,D08RZ,08R,D116K
IF,D116K,56.624011,61.045225, ,0.0,0.0,2,8000,0,0,0,0,1,0
AF,CD08Z,56.752244,60.467492,2,EKB,258.0,10.9,116.0,2,2700,0,0,0,0,1,0

APPTR,D08RZ,08R,GOGTA
IF,GOGTA,56.398056,60.458056, ,0.0,0.0,2,7000,0,0,0,0,1,0
FC,GOGTA,56.398056,60.458056,0,EKB,0.0,0.0,14.0,10.5,0,0,0,0,0,0,0,0
CI,0, ,0.0,14.0,0,0,0,0,0,0,0,0
AF,CD08Z,56.752244,60.467492,2,EKB,258.0,10.9,194.0,2,2700,0,0,0,0,1,0

APPTR,D08RZ,08R,REPSA
IF,REPSA,57.336667,61.929722, ,0.0,0.0,2,7000,0,0,0,0,1,0
TF,EK31A,57.093772,61.467333,0, ,0.0,0.0,0.0,0.0,2,6000,0,0,0,0,0,0
CI,0, ,0.0,211.0,0,0,0,0,0,0,0,0
AF,EKB28,57.127756,61.293403,1,EKB,20.0,28.3,31.0,0,0,0,0,0,0,0,0
CF,EKB,56.743194,60.797028,0,EKB,0.0,0.0,196.0,28.0,2,6000,0,0,0,0,0,0
FC,EKB,56.743194,60.797028,0,EKB,0.0,0.0,194.0,8.7,0,0,0,0,0,0,0,0
CI,0, ,0.0,194.0,0,0,0,0,0,0,0,0
AF,CD08Z,56.752244,60.467492,2,EKB,258.0,10.9,194.0,2,2700,0,0,0,0,1,0

APPTR,D08RZ,08R,SOPUS
IF,SOPUS,57.135278,62.001944, ,0.0,0.0,2,8000,0,0,0,0,1,0
TF,EK31B,57.003972,61.591589,0, ,0.0,0.0,0.0,0.0,2,6000,0,0,0,0,0,0
CI,0, ,0.0,224.0,0,0,0,0,0,0,0,0
AF,EKB28,57.127756,61.293403,1,EKB,20.0,28.3,44.0,0,0,0,0,0,0,0,0
CF,EKB,56.743194,60.797028,0,EKB,0.0,0.0,196.0,28.0,2,6000,0,0,0,0,0,0
FC,EKB,56.743194,60.797028,0,EKB,0.0,0.0,194.0,8.7,0,0,0,0,0,0,0,0
CI,0, ,0.0,194.0,0,0,0,0,0,0,0,0
AF,CD08Z,56.752244,60.467492,2,EKB,258.0,10.9,194.0,2,2700,0,0,0,0,1,0

FINAL,D08RZ,08R,D,4
IF,CD08Z,56.752244,60.467492,EKB,258.0,10.9,2,2700,0,0,0,0,0,0
CF,FD08,56.748056,60.624011,0,EKB,258.0,5.7,78.0,5.2,1,2400,0,0,0,0,2,0
CF,28VO2,56.745608,60.712156,0,EKB,258.0,2.8,78.0,2.9,2,1500,0,0,0,0,0,0
CF,RW08R,56.742283,60.779653,0,EKB,249.6,0.6,78.0,2.2,1,787,0,0,0,0,3,0
CA,0,78.0,2,2100,0,1,215,0,0,0
DF,EKB,56.743194,60.797028,1, ,0.0,0.0,2,2700,0,1,215,0,0,0
CF,D146K,56.571625,60.904017,0,EKB,146.0,10.9,146.0,10.9,0,0,0,0,0,0,0,0

APPTR,D26LZ,26L,ALUMA
IF,ALUMA,56.379444,61.021111, ,0.0,0.0,2,8000,0,0,0,0,1,0
FC,ALUMA,56.379444,61.021111,0,EKB,0.0,0.0,326.0,10.0,0,0,0,0,0,0,0,0
CI,0, ,0.0,326.0,0,0,0,0,0,0,0,0
AF,CD2LZ,56.726961,61.125536,1,EKB,80.0,10.9,146.0,2,2700,0,0,0,0,1,0

APPTR,D26LZ,26L,D116K
IF,D116K,56.624011,61.045225,EKB,116.0,10.9,2,2700,0,0,0,0,1,0
AF,CD2LZ,56.726961,61.125536,1,EKB,80.0,10.9,116.0,2,2700,0,0,0,0,1,0

APPTR,D26LZ,26L,D237K
IF,D237K,56.686778,60.483736,EKB,237.0,10.9,2,6000,0,0,0,0,1,0
AF,CD2LZ,56.726961,61.125536,1,EKB,80.0,10.9,237.0,2,2700,0,0,0,0,1,0

APPTR,D26LZ,26L,GOGTA
IF,GOGTA,56.398056,60.458056, ,0.0,0.0,2,7000,0,0,0,0,1,0
FC,GOGTA,56.398056,60.458056,0,EKB,0.0,0.0,14.0,10.5,0,0,0,0,0,0,0,0
CI,0, ,0.0,14.0,0,0,0,0,0,0,0,0
AF,CD2LZ,56.726961,61.125536,1,EKB,80.0,10.9,194.0,2,2700,0,0,0,0,1,0

APPTR,D26LZ,26L,REPSA
IF,REPSA,57.336667,61.929722, ,0.0,0.0,2,7000,0,0,0,0,1,0
TF,EK31A,57.093772,61.467333,0, ,0.0,0.0,0.0,0.0,2,6000,0,0,0,0,0,0
CI,0, ,0.0,211.0,0,0,0,0,0,0,0,0
AF,EKB28,57.127756,61.293403,1,EKB,20.0,28.3,31.0,2,6000,0,0,0,0,0,0
CF,EKB,56.743194,60.797028,0,EKB,0.0,0.0,196.0,28.2,2,6000,0,0,0,0,0,0
FC,EKB,56.743194,60.797028,0,EKB,0.0,0.0,149.0,8.7,0,0,0,0,0,0,0,0
CI,0, ,0.0,149.0,0,0,0,0,0,0,0,0
AF,CD2LZ,56.726961,61.125536,1,EKB,80.0,10.9,149.0,2,2700,0,0,0,0,1,0

APPTR,D26LZ,26L,SOPUS
IF,SOPUS,57.135278,62.001944, ,0.0,0.0,2,8000,0,0,0,0,1,0
TF,EK31B,57.003972,61.591589,0, ,0.0,0.0,0.0,0.0,2,6000,0,0,0,0,0,0
CI,0, ,0.0,224.0,0,0,0,0,0,0,0,0
AF,EKB28,57.127756,61.293403,1,EKB,20.0,28.3,44.0,2,6000,0,0,0,0,0,0
CF,EKB,56.743194,60.797028,0,EKB,0.0,0.0,196.0,28.2,2,6000,0,0,0,0,0,0
FC,EKB,56.743194,60.797028,0,EKB,0.0,0.0,149.0,8.7,0,0,0,0,0,0,0,0
CI,0, ,0.0,149.0,0,0,0,0,0,0,0,0
AF,CD2LZ,56.726961,61.125536,1,EKB,80.0,10.9,149.0,2,2700,0,0,0,0,1,0

FINAL,D26LZ,26L,D,4
IF,CD2LZ,56.726961,61.125536,EKB,80.0,10.9,2,2700,0,0,0,0,0,0
CF,FD26L,56.734456,60.976069,0,EKB,80.0,5.9,260.0,5.0,1,2400,0,0,0,0,2,0
CF,28VOR,56.739092,60.881742,0,EKB,80.0,2.8,260.0,3.1,2,1400,0,0,0,0,0,0
CF,RW26L,56.740531,60.823661,0,EKB,85.3,0.9,260.0,1.9,1,812,0,0,0,0,3,0
CA,0,260.0,2,1800,0,0,0,0,0,0
CI,0, ,0.0,207.0,0,0,0,0,0,0,0,0
CF,D237K,56.686778,60.483736,0,EKB,237.0,10.9,237.0,9.0,2,2700,0,0,0,0,0,0

APPTR,D26RZ,26R,ALUMA
IF,ALUMA,56.379444,61.021111, ,0.0,0.0,2,8000,0,0,0,0,1,0
FC,ALUMA,56.379444,61.021111,0,EKB,0.0,0.0,326.0,10.0,0,0,0,0,0,0,0,0
CI,0, ,0.0,326.0,0,0,0,0,0,0,0,0
AF,CD2RZ,56.742756,61.127142,1,EKB,75.0,10.9,146.0,2,2700,0,0,0,0,1,0

APPTR,D26RZ,26R,D116K
IF,D116K,56.624011,61.045225,EKB,116.0,10.9,2,2700,0,0,0,0,1,0
AF,CD2RZ,56.742756,61.127142,1,EKB,75.0,10.9,116.0,2,2700,0,0,0,0,1,0

APPTR,D26RZ,26R,D237K
IF,D237K,56.686778,60.483736, ,0.0,0.0,2,6000,0,0,0,0,1,0
AF,CD2RZ,56.742756,61.127142,1,EKB,75.0,10.9,237.0,2,2700,0,0,0,0,1,0

APPTR,D26RZ,26R,GOGTA
IF,GOGTA,56.398056,60.458056, ,0.0,0.0,2,7000,0,0,0,0,1,0
FC,GOGTA,56.398056,60.458056,0,EKB,0.0,0.0,14.0,10.5,0,0,0,0,0,0,0,0
CI,0, ,0.0,14.0,0,0,0,0,0,0,0,0
AF,CD2RZ,56.742756,61.127142,1,EKB,75.0,10.9,194.0,2,2700,0,0,0,0,1,0

APPTR,D26RZ,26R,REPSA
IF,REPSA,57.336667,61.929722, ,0.0,0.0,2,7000,0,0,0,0,1,0
TF,EK31A,57.093772,61.467333,0, ,0.0,0.0,0.0,0.0,2,6000,0,0,0,0,0,0
CI,0, ,0.0,211.0,0,0,0,0,0,0,0,0
AF,EKB28,57.127756,61.293403,1,EKB,20.0,28.3,31.0,2,6000,0,0,0,0,0,0
CF,EKB,56.743194,60.797028,0,EKB,0.0,0.0,196.0,28.2,2,6000,0,0,0,0,0,0
FC,EKB,56.743194,60.797028,0,EKB,0.0,0.0,149.0,8.7,0,0,0,0,0,0,0,0
CI,0, ,0.0,149.0,0,0,0,0,0,0,0,0
AF,CD2RZ,56.742756,61.127142,1,EKB,75.0,10.9,149.0,2,2700,0,0,0,0,1,0

APPTR,D26RZ,26R,SOPUS
IF,SOPUS,57.135278,62.001944, ,0.0,0.0,2,8000,0,0,0,0,1,0
TF,EK31B,57.003972,61.591589,0, ,0.0,0.0,0.0,0.0,2,6000,0,0,0,0,0,0
CI,0, ,0.0,224.0,0,0,0,0,0,0,0,0
AF,EKB28,57.127756,61.293403,1,EKB,20.0,28.3,44.0,2,6000,0,0,0,0,0,0
CF,EKB,56.743194,60.797028,0,EKB,0.0,0.0,196.0,28.2,2,6000,0,0,0,0,0,0
FC,EKB,56.743194,60.797028,0,EKB,0.0,0.0,149.0,8.7,0,0,0,0,0,0,0,0
CI,0, ,0.0,149.0,0,0,0,0,0,0,0,0
AF,CD2RZ,56.742756,61.127142,1,EKB,75.0,10.9,149.0,2,2700,0,0,0,0,1,0

FINAL,D26RZ,26R,D,4
IF,CD2RZ,56.742756,61.127142,EKB,75.0,10.9,2,2700,0,0,0,0,0,0
CF,FD26R,56.743069,60.972572,0,EKB,75.0,5.8,255.0,5.1,1,2400,0,0,0,0,2,0
CF,27VOR,56.743167,60.878739,0,EKB,75.0,2.7,255.0,3.1,2,1400,0,0,0,0,0,0
CF,RW26R,56.744736,60.823033,0,EKB,68.8,0.9,255.0,1.8,1,815,0,0,0,0,3,0
CA,0,255.0,2,1800,0,0,0,0,0,0
CI,0, ,0.0,207.0,0,0,0,0,0,0,0,0
CF,D237K,56.686778,60.483736,0,EKB,237.0,10.9,237.0,9.0,2,2700,0,0,0,0,0,0

APPTR,I08LW,08L,SS015
IF,SS015,56.693000,60.350389, ,0.0,0.0,4,5000,3000,0,0,0,1,0
TF,SS025,56.745028,60.475389,0,IKO,0.0,0.0,0.0,0.0,2,2700,0,0,0,0,1,0

APPTR,I08LW,08L,SS016
IF,SS016,56.821111,60.371222, ,0.0,0.0,4,5000,3000,0,0,0,1,0
TF,SS025,56.745028,60.475389,0,IKO,0.0,0.0,0.0,0.0,2,2700,0,0,0,0,1,0

FINAL,I08LW,08L,I,3
IF,SS025,56.745028,60.475389,IKO,255.2,11.8,2,2700,0,0,0,0,0,0
CF,FF08L,56.744992,60.627344,0,IKO,255.2,6.8,75.0,5.0,1,2400,0,0,0,0,2,0
CF,RW08L,56.744828,60.778025,0,IKO,255.2,1.8,75.0,5.0,1,792,0,0,0,0,3,0
CF,SS028,56.744500,60.991250,0,EKB,74.2,6.4,75.0,7.0,0,0,0,1,230,0,0,0
TF,SS029,56.587667,61.012000,0, ,0.0,0.0,0.0,0.0,0,0,0,1,230,0,0,0
TF,SS010,56.549556,60.153250,0, ,0.0,0.0,0.0,0.0,4,7000,6000,0,0,0,0,0

APPTR,I08LX,08L,EKB29
IF,EKB29,56.913619,59.972425, ,0.0,0.0,2,6000,0,0,0,0,1,0
CF,D276T,56.860528,60.232961,0,EKB,276.0,19.9,96.0,9.2,2,6000,0,1,180,0,0,0
CF,CI0LX,56.744944,60.443011,0,IKO,255.2,12.9,120.0,9.8,2,2800,0,0,0,0,1,0

FINAL,I08LX,08L,I,3
IF,CI0LX,56.744944,60.443011,IKO,255.2,12.9,2,2800,0,0,0,0,0,0
CF,FF08L,56.744992,60.627344,0,IKO,255.2,6.8,75.0,6.1,1,2400,0,0,0,0,2,0
CF,RW08L,56.744828,60.778025,0,IKO,255.2,1.8,75.0,5.0,1,792,0,0,0,0,3,0
CA,0,75.0,2,2100,0,1,190,0,0,0
DF,EKB,56.743194,60.797028,1, ,0.0,0.0,2,2700,0,1,215,0,0,0
CF,D146K,56.571625,60.904017,0,EKB,146.0,10.9,146.0,10.9,2,2700,0,0,0,0,0,0

APPTR,I08LY,08L,ALUMA
IF,ALUMA,56.379444,61.021111, ,0.0,0.0,2,8000,0,0,0,0,1,0
FC,ALUMA,56.379444,61.021111,0,EKB,0.0,0.0,326.0,10.0,0,0,0,0,0,0,0,0
CI,0, ,0.0,326.0,0,0,0,0,0,0,0,0
AF,D244K,56.708183,60.473481,2,EKB,244.0,10.9,146.0,2,2700,0,0,0,0,0,0
CI,0,IKO,0.0,45.0,0,0,0,0,0,0,0,0

APPTR,I08LY,08L,D116K
IF,D116K,56.624011,61.045225, ,0.0,0.0,2,8000,0,0,0,0,1,0
AF,D244K,56.708183,60.473481,2,EKB,244.0,10.9,116.0,2,2700,0,0,0,0,0,0
CI,0,IKO,0.0,45.0,0,0,0,0,0,0,0,0

APPTR,I08LY,08L,GOGTA
IF,GOGTA,56.398056,60.458056, ,0.0,0.0,2,7000,0,0,0,0,1,0
FC,GOGTA,56.398056,60.458056,0,EKB,0.0,0.0,14.0,10.6,0,0,0,0,0,0,0,0
CI,0, ,0.0,14.0,0,0,0,0,0,0,0,0
AF,D244K,56.708183,60.473481,2,EKB,244.0,10.9,194.0,2,2700,0,0,0,0,0,0
CI,0,IKO,0.0,45.0,0,0,0,0,0,0,0,0

APPTR,I08LY,08L,REPSA
IF,REPSA,57.336667,61.929722, ,0.0,0.0,2,7000,0,0,0,0,1,0
TF,EK31A,57.093772,61.467333,0, ,0.0,0.0,0.0,0.0,0,0,0,0,0,0,0,0
CI,0, ,0.0,211.0,0,0,0,0,0,0,0,0
AF,EKB28,57.127756,61.293403,1,EKB,20.0,28.3,31.0,2,6000,0,0,0,0,0,0
CF,EKB,56.743194,60.797028,0,EKB,0.0,0.0,196.0,28.2,2,6000,0,0,0,0,0,0
TF,D194I,56.616572,60.669794,0, ,0.0,0.0,0.0,0.0,0,0,0,0,0,0,0,0
TF,D194K,56.584533,60.637756,0, ,0.0,0.0,0.0,0.0,0,0,0,0,0,0,0,0
AF,D244K,56.708183,60.473481,2,EKB,244.0,10.9,194.0,2,2700,0,0,0,0,0,0
CI,0,IKO,0.0,45.0,0,0,0,0,0,0,0,0

APPTR,I08LY,08L,SOPUS
IF,SOPUS,57.135278,62.001944, ,0.0,0.0,2,8000,0,0,0,0,1,0
FC,SOPUS,57.135278,62.001944,0,EKB,0.0,0.0,224.0,15.7,0,0,0,0,0,0,0,0
CI,0, ,0.0,224.0,0,0,0,0,0,0,0,0
AF,EKB28,57.127756,61.293403,1,EKB,20.0,28.3,44.0,2,6000,0,0,0,0,0,0
CF,EKB,56.743194,60.797028,0,EKB,0.0,0.0,196.0,28.2,2,6000,0,0,0,0,0,0
TF,D194I,56.616572,60.669794,0, ,0.0,0.0,0.0,0.0,0,0,0,0,0,0,0,0
TF,D194K,56.584533,60.637756,0, ,0.0,0.0,0.0,0.0,0,0,0,0,0,0,0,0
AF,D244K,56.708183,60.473481,2,EKB,244.0,10.9,194.0,2,2700,0,0,0,0,0,0
CI,0,IKO,0.0,45.0,0,0,0,0,0,0,0,0

FINAL,I08LY,08L,I,3
IF,CI0LY,56.744947,60.466922,IKO,255.2,12.1,2,2700,0,0,0,0,0,0
CF,FF08L,56.744992,60.627344,0,IKO,255.2,6.8,75.0,5.3,1,2400,0,0,0,0,2,0
CF,RW08L,56.744828,60.778025,0,IKO,255.2,1.8,75.0,5.0,1,792,0,0,0,0,3,0
CA,0,75.0,2,2100,0,1,190,0,0,0
DF,EKB,56.743194,60.797028,1, ,0.0,0.0,2,2700,0,1,215,0,0,0
CF,D146K,56.571625,60.904017,0,EKB,146.0,10.9,146.0,10.9,2,2700,0,0,0,0,0,0

FINAL,I08LZ,08L,I,3
IF,CF08L,56.744992,60.566808,IKO,255.2,8.8,2,2400,0,0,0,0,0,0
CF,FF08L,56.744992,60.627344,0,IKO,255.2,6.8,75.0,2.0,1,2400,0,0,0,0,2,0
CF,RW08L,56.744828,60.778025,0,IKO,255.2,1.8,75.0,5.0,1,792,0,0,0,0,3,0
CF,U,56.744694,60.838889,0,EKB,71.3,1.4,75.0,2.0,0,0,0,0,0,0,0,0
CA,0,75.0,2,1900,0,1,195,0,0,0
DF,U,56.744694,60.838889,1, ,0.0,0.0,2,2900,0,0,0,0,0,0

APPTR,I08RW,08R,SS015
IF,SS015,56.693000,60.350389, ,0.0,0.0,4,5000,3000,0,0,0,1,0
TF,SS002,56.753889,60.477722,0,IEL,0.0,0.0,0.0,0.0,2,2700,0,0,0,0,1,0

APPTR,I08RW,08R,SS016
IF,SS016,56.821111,60.371222, ,0.0,0.0,4,5000,3000,0,0,0,1,0
TF,SS002,56.753889,60.477722,0,IEL,0.0,0.0,0.0,0.0,2,2700,0,0,0,0,1,0

FINAL,I08RW,08R,I,3
IF,SS002,56.753889,60.477722,IEL,259.2,12.0,2,2700,0,0,0,0,0,0
CF,FF08R,56.748225,60.626547,0,IEL,259.2,7.0,79.0,5.0,1,2400,0,0,0,0,2,0
CF,RW08R,56.742283,60.779653,0,IEL,259.2,2.0,79.0,5.0,1,787,0,0,0,0,3,0
CF,SS032,56.733944,60.992278,0,EKB,79.9,6.5,79.0,7.0,0,0,0,1,230,0,0,0
TF,SS029,56.587667,61.012000,0, ,0.0,0.0,0.0,0.0,0,0,0,1,230,0,0,0
TF,SS010,56.549556,60.153250,0, ,0.0,0.0,0.0,0.0,4,7000,6000,0,0,0,0,0

APPTR,I08RX,08R,EKB29
IF,EKB29,56.913619,59.972425, ,0.0,0.0,2,6000,0,0,0,0,1,0
CF,D276V,56.875436,60.160142,0,EKB,276.0,22.5,96.0,6.6,2,6000,0,0,0,0,0,0
CF,CI08R,56.758592,60.346839,0,IEL,259.2,16.3,124.0,9.3,2,2800,0,0,0,0,1,0

FINAL,I08RX,08R,I,3
IF,CI08R,56.758592,60.346839,IEL,259.2,16.3,2,2800,0,0,0,0,0,0
CF,FF08R,56.748225,60.626547,0,IEL,259.2,7.1,79.0,9.3,1,2400,0,0,0,0,2,0
CF,RW08R,56.742283,60.779653,0,IEL,259.2,2.0,79.0,5.1,1,787,0,0,0,0,3,0
CA,0,79.0,2,2100,0,1,205,0,0,0
DF,EKB,56.743194,60.797028,1, ,0.0,0.0,2,2700,0,1,215,0,0,0
CF,D146K,56.571625,60.904017,0,EKB,146.0,10.9,146.0,10.9,2,2700,0,0,0,0,0,0

APPTR,I08RY,08R,ALUMA
IF,ALUMA,56.379444,61.021111, ,0.0,0.0,2,8000,0,0,0,0,1,0
FC,ALUMA,56.379444,61.021111,0,EKB,0.0,0.0,326.0,10.0,0,0,0,0,0,0,0,0
CI,0, ,0.0,326.0,0,0,0,0,0,0,0,0
AF,D247K,56.717536,60.470553,2,EKB,247.0,10.9,146.0,2,2700,0,0,0,0,0,0
CI,0,IEL,0.0,49.0,0,0,0,0,0,0,0,0

APPTR,I08RY,08R,D116K
IF,D116K,56.624011,61.045225, ,0.0,0.0,2,8000,0,0,0,0,1,0
AF,D247K,56.717536,60.470553,2,EKB,247.0,10.9,116.0,2,2700,0,0,0,0,0,0
CI,0,IEL,0.0,49.0,0,0,0,0,0,0,0,0

APPTR,I08RY,08R,GOGTA
IF,GOGTA,56.398056,60.458056, ,0.0,0.0,2,7000,0,0,0,0,1,0
FC,GOGTA,56.398056,60.458056,0,EKB,0.0,0.0,14.0,10.6,0,0,0,0,0,0,0,0
CI,0, ,0.0,14.0,0,0,0,0,0,0,0,0
AF,D247K,56.717536,60.470553,2,EKB,247.0,10.9,194.0,2,2700,0,0,0,0,0,0
CI,0,IEL,0.0,49.0,0,0,0,0,0,0,0,0

APPTR,I08RY,08R,REPSA
IF,REPSA,57.336667,61.929722, ,0.0,0.0,2,7000,0,0,0,0,1,0
TF,EK31A,57.093772,61.467333,0, ,0.0,0.0,0.0,0.0,0,0,0,0,0,0,0,0
CI,0, ,0.0,211.0,0,0,0,0,0,0,0,0
AF,EKB28,57.127756,61.293403,1,EKB,20.0,28.3,31.0,0,0,0,0,0,0,0,0
CI,0, ,0.0,226.0,0,0,0,0,0,0,0,0
CF,EKB,56.743194,60.797028,0,EKB,0.0,0.0,196.0,28.0,2,6000,0,0,0,0,0,0
TF,D194I,56.616572,60.669794,0, ,0.0,0.0,0.0,0.0,0,0,0,0,0,0,0,0
TF,D194K,56.584533,60.637756,0, ,0.0,0.0,0.0,0.0,0,0,0,0,0,0,0,0
AF,D247K,56.717536,60.470553,2,EKB,247.0,10.9,194.0,2,2700,0,0,0,0,0,0
CI,0,IEL,0.0,49.0,0,0,0,0,0,0,0,0

APPTR,I08RY,08R,SOPUS
IF,SOPUS,57.135278,62.001944, ,0.0,0.0,2,8000,0,0,0,0,1,0
FC,SOPUS,57.135278,62.001944,0,EKB,0.0,0.0,224.0,15.7,0,0,0,0,0,0,0,0
CI,0, ,0.0,224.0,0,0,0,0,0,0,0,0
AF,EKB28,57.127756,61.293403,1,EKB,20.0,28.3,44.0,0,0,0,0,0,0,0,0
CI,0, ,0.0,226.0,0,0,0,0,0,0,0,0
CF,EKB,56.743194,60.797028,0,EKB,0.0,0.0,196.0,28.0,2,6000,0,0,0,0,0,0
TF,D194I,56.616572,60.669794,0, ,0.0,0.0,0.0,0.0,0,0,0,0,0,0,0,0
TF,D194K,56.584533,60.637756,0, ,0.0,0.0,0.0,0.0,0,0,0,0,0,0,0,0
AF,D247K,56.717536,60.470553,2,EKB,247.0,10.9,194.0,2,2700,0,0,0,0,0,0
CI,0,IEL,0.0,49.0,0,0,0,0,0,0,0,0

FINAL,I08RY,08R,I,3
IF,CI0RY,56.754186,60.467681,IEL,259.2,12.3,2,2700,0,0,0,0,0,0
CF,FF08R,56.748225,60.626547,0,IEL,259.2,7.0,79.0,5.3,1,2400,0,0,0,0,2,0
CF,RW08R,56.742283,60.779653,0,IEL,259.2,2.0,79.0,5.0,1,787,0,0,0,0,3,0
CA,0,79.0,2,2100,0,1,205,0,0,0
DF,EKB,56.743194,60.797028,1, ,0.0,0.0,2,2700,0,1,215,0,0,0
CF,D146K,56.571625,60.904017,0,EKB,146.0,10.9,146.0,10.9,2,2700,0,0,0,0,0,0

FINAL,I08RZ,08R,I,3
IF,CF08R,56.750422,60.568564,IEL,259.2,9.0,2,2400,0,0,0,0,0,0
CF,FF08R,56.748225,60.626547,0,IEL,259.2,7.0,79.0,2.0,1,2400,0,0,0,0,2,0
CF,RW08R,56.742283,60.779653,0,IEL,259.2,2.0,79.0,5.0,1,787,0,0,0,0,3,0
CF,D,56.739889,60.841806,0,EKB,82.6,1.5,79.0,2.1,0,0,0,0,0,0,0,0
CA,0,79.0,2,1900,0,1,210,0,0,0
DF,D,56.739889,60.841806,1, ,0.0,0.0,2,2900,0,0,0,0,0,0

APPTR,I26LW,26L,SS043
IF,SS043,56.644139,61.125028, ,0.0,0.0,4,5000,2700,0,0,0,1,0
TF,SS061,56.728722,61.110472,0,IED,0.0,0.0,0.0,0.0,2,2700,0,1,240,0,1,0

APPTR,I26LW,26L,SS053
IF,SS053,56.843722,61.126278, ,0.0,0.0,4,5000,2700,0,0,0,1,0
TF,SS061,56.728722,61.110472,0,IED,0.0,0.0,0.0,0.0,2,2700,0,1,240,0,1,0

FINAL,I26LW,26L,I,3
IF,SS061,56.728722,61.110472,IED,79.1,11.2,2,2700,0,1,240,0,0,0
CF,FI26L,56.734528,60.972058,0,IED,79.1,6.6,259.0,4.6,1,2400,0,0,0,0,2,0
CF,RW26L,56.740531,60.823661,0,IED,79.1,1.7,259.0,4.9,1,812,0,0,0,0,3,0
CF,SS064,56.757222,60.401111,0,EKB,258.9,13.1,259.0,14.0,0,0,0,0,0,0,0,0
TF,SS060,56.576806,60.349889,0, ,0.0,0.0,0.0,0.0,0,0,0,0,0,0,0,0
TF,SS038,56.516611,60.782889,0, ,0.0,0.0,0.0,0.0,4,7000,6000,0,0,0,0,0

APPTR,I26LX,26L,ALUMA
IF,ALUMA,56.379444,61.021111, ,0.0,0.0,2,8000,0,0,0,0,1,0
FC,ALUMA,56.379444,61.021111,0,EKB,0.0,0.0,326.0,10.0,0,0,0,0,0,0,0,0
CI,0, ,0.0,326.0,0,0,0,0,0,0,0,0
AF,D116K,56.624011,61.045225,1,EKB,116.0,10.9,146.0,2,2700,0,0,0,0,0,0
AF,D091K,56.692822,61.113731,1,EKB,91.0,10.9,116.0,2,2700,0,0,0,0,0,0
CI,0,IED,0.0,289.0,0,0,0,0,0,0,0,0

APPTR,I26LX,26L,D116K
IF,D116K,56.624011,61.045225, ,0.0,0.0,2,2700,0,0,0,0,1,0
AF,D091K,56.692822,61.113731,1,EKB,91.0,10.9,116.0,2,2700,0,0,0,0,0,0
CI,0,IED,0.0,289.0,0,0,0,0,0,0,0,0

APPTR,I26LX,26L,D237K
IF,D237K,56.686778,60.483736, ,0.0,0.0,2,6000,0,0,0,0,1,0
AF,D116K,56.624011,61.045225,1,EKB,116.0,10.9,237.0,2,2700,0,0,0,0,0,0
AF,D091K,56.692822,61.113731,1,EKB,91.0,10.9,116.0,2,2700,0,0,0,0,0,0
CI,0,IED,0.0,289.0,0,0,0,0,0,0,0,0

APPTR,I26LX,26L,GOGTA
IF,GOGTA,56.398056,60.458056, ,0.0,0.0,2,7000,0,0,0,0,1,0
FC,GOGTA,56.398056,60.458056,0,EKB,0.0,0.0,14.0,10.6,0,0,0,0,0,0,0,0
CI,0, ,0.0,14.0,0,0,0,0,0,0,0,0
AF,D116K,56.624011,61.045225,1,EKB,116.0,10.9,194.0,2,2700,0,0,0,0,0,0
AF,D091K,56.692822,61.113731,1,EKB,91.0,10.9,116.0,2,2700,0,0,0,0,0,0
CI,0,IED,0.0,289.0,0,0,0,0,0,0,0,0

APPTR,I26LX,26L,REPSA
IF,REPSA,57.336667,61.929722, ,0.0,0.0,2,7000,0,0,0,0,1,0
TF,EK31A,57.093772,61.467333,0, ,0.0,0.0,0.0,0.0,0,0,0,0,0,0,0,0
CI,0, ,0.0,211.0,0,0,0,0,0,0,0,0
AF,EKB28,57.127756,61.293403,1,EKB,20.0,28.3,31.0,2,6000,0,0,0,0,0,0
CF,EKB,56.743194,60.797028,0,EKB,0.0,0.0,196.0,28.2,2,6000,0,0,0,0,0,0
TF,D149I,56.604081,60.869339,0, ,0.0,0.0,0.0,0.0,0,0,0,0,0,0,0,0
TF,D149K,56.568894,60.887542,0, ,0.0,0.0,0.0,0.0,0,0,0,0,0,0,0,0
AF,D116K,56.624011,61.045225,1,EKB,116.0,10.9,149.0,2,2700,0,0,0,0,0,0
AF,D091K,56.692822,61.113731,1,EKB,91.0,10.9,116.0,2,2700,0,0,0,0,0,0
CI,0,IED,0.0,289.0,0,0,0,0,0,0,0,0

APPTR,I26LX,26L,SOPUS
IF,SOPUS,57.135278,62.001944, ,0.0,0.0,2,8000,0,0,0,0,1,0
FC,SOPUS,57.135278,62.001944,0,EKB,0.0,0.0,224.0,15.7,0,0,0,0,0,0,0,0
CI,0, ,0.0,224.0,0,0,0,0,0,0,0,0
AF,EKB28,57.127756,61.293403,1,EKB,20.0,28.3,44.0,2,6000,0,0,0,0,0,0
CF,EKB,56.743194,60.797028,0,EKB,0.0,0.0,196.0,28.2,2,6000,0,0,0,0,0,0
TF,D149I,56.604081,60.869339,0, ,0.0,0.0,0.0,0.0,0,0,0,0,0,0,0,0
TF,D149K,56.568894,60.887542,0, ,0.0,0.0,0.0,0.0,0,0,0,0,0,0,0,0
AF,D116K,56.624011,61.045225,1,EKB,116.0,10.9,149.0,2,2700,0,0,0,0,0,0
AF,D091K,56.692822,61.113731,1,EKB,91.0,10.9,116.0,2,2700,0,0,0,0,0,0
CI,0,IED,0.0,289.0,0,0,0,0,0,0,0,0

FINAL,I26LX,26L,I,3
IF,CF26L,56.729408,61.095558,IED,79.1,11.7,2,2700,0,0,0,0,0,0
CF,FI26L,56.734528,60.972058,0,IED,79.1,6.6,259.0,5.1,1,2400,0,0,0,0,2,0
CF,RW26L,56.740531,60.823661,0,IED,79.1,1.7,259.0,5.0,1,812,0,0,0,0,3,0
CA,0,259.0,2,1500,0,0,0,0,0,0
CI,0, ,0.0,207.0,0,0,0,0,0,0,0,0
CF,D237K,56.686778,60.483736,0,EKB,237.0,10.9,237.0,10.0,2,2700,0,0,0,0,0,0

APPTR,I26LZ,26L,D1
IF,D,56.739889,60.841806, ,0.0,0.0,4,7000,2900,0,0,0,1,0
FD,D,56.739889,60.841806,0,EKB,82.6,9.9,60.0,9.9,2,2700,0,1,190,0,0,0
CF,CF26L,56.729408,61.095558,2,IED,79.1,10.7,259.0,1.0,2,2700,0,0,0,0,0,0

APPTR,I26LZ,26L,D2
IF,D,56.739889,60.841806, ,0.0,0.0,4,7000,2900,0,0,0,1,0
FD,D,56.739889,60.841806,0,EKB,82.6,9.9,100.0,9.9,2,2700,0,1,195,0,0,0
CF,CF26L,56.729408,61.095558,1,IED,79.1,10.7,259.0,1.0,2,2700,0,0,0,0,0,0

APPTR,I26LZ,26L,D3
IF,D,56.739889,60.841806, ,0.0,0.0,4,7000,2900,0,0,0,1,0
FD,D,56.739889,60.841806,0,EKB,82.6,9.9,68.0,9.9,2,2700,0,1,190,0,0,0
CF,CF26L,56.729408,61.095558,2,IED,79.1,10.7,259.0,1.0,2,2700,0,0,0,0,0,0

APPTR,I26LZ,26L,D4
IF,D,56.739889,60.841806, ,0.0,0.0,4,7000,2900,0,0,0,1,0
FD,D,56.739889,60.841806,0,EKB,82.6,9.9,91.0,9.9,2,2700,0,1,195,0,0,0
CF,CF26L,56.729408,61.095558,1,IED,79.1,10.7,259.0,1.0,2,2700,0,0,0,0,0,0

FINAL,I26LZ,26L,I,3
IF,CF26L,56.729408,61.095558,IED,79.1,10.7,2,2700,0,0,0,0,0,0
CF,FI26L,56.734528,60.972058,0,IED,79.1,6.6,259.0,4.1,1,2400,0,0,0,0,2,0
CF,RW26L,56.740531,60.823661,0,IED,79.1,1.7,259.0,4.9,1,812,0,0,0,0,3,0
CA,0,259.0,2,2700,0,1,215,0,0,0
DF,D,56.739889,60.841806,1, ,0.0,0.0,2,2900,0,0,0,0,0,0

APPTR,I26RW,26R,SS043
IF,SS043,56.644139,61.125028, ,0.0,0.0,4,5000,2700,0,0,0,1,0
TF,SS035,56.743694,61.125639,0,IEU,0.0,0.0,0.0,0.0,2,2700,0,0,0,0,1,0

APPTR,I26RW,26R,SS053
IF,SS053,56.843722,61.126278, ,0.0,0.0,4,5000,2700,0,0,0,1,0
TF,SS035,56.743694,61.125639,0,IEU,0.0,0.0,0.0,0.0,2,2700,0,0,0,0,1,0

FINAL,I26RW,26R,I,3
IF,SS035,56.743694,61.125639,IEU,75.2,11.8,2,2700,0,0,0,0,0,0
CF,FI26R,56.744378,60.962511,0,IEU,75.2,6.4,255.0,5.4,1,2400,0,0,0,0,2,0
CF,RW26R,56.744736,60.823033,0,IEU,75.2,1.8,255.0,4.6,1,815,0,0,0,0,3,0
CF,SS059,56.745472,60.400194,0,EKB,255.8,13.1,255.0,14.0,0,0,0,0,0,0,0,0
TF,SS060,56.576806,60.349889,0, ,0.0,0.0,0.0,0.0,0,0,0,0,0,0,0,0
TF,SS038,56.516611,60.782889,0, ,0.0,0.0,0.0,0.0,4,7000,6000,0,0,0,0,0

APPTR,I26RX,26R,ALUMA
IF,ALUMA,56.379444,61.021111, ,0.0,0.0,2,8000,0,0,0,0,1,0
FC,ALUMA,56.379444,61.021111,0,EKB,0.0,0.0,326.0,10.0,0,0,0,0,0,0,0,0
CI,0, ,0.0,326.0,0,0,0,0,0,0,0,0
AF,D116K,56.624011,61.045225,1,EKB,116.0,10.9,146.0,2,2700,0,0,0,0,0,0
AF,D086K,56.708183,61.120572,1,EKB,86.0,10.9,116.0,2,2700,0,0,0,0,0,0
CI,0,IEU,0.0,285.0,0,0,0,0,0,0,0,0

APPTR,I26RX,26R,D116K
IF,D116K,56.624011,61.045225, ,0.0,0.0,2,2700,0,0,0,0,1,0
AF,D086K,56.708183,61.120572,1,EKB,86.0,10.9,116.0,2,2700,0,0,0,0,0,0
CI,0,IEU,0.0,285.0,0,0,0,0,0,0,0,0

APPTR,I26RX,26R,D237K
IF,D237K,56.686778,60.483736, ,0.0,0.0,2,6000,0,0,0,0,1,0
AF,D116K,56.624011,61.045225,1,EKB,116.0,10.9,237.0,2,2700,0,0,0,0,0,0
AF,D086K,56.708183,61.120572,1,EKB,86.0,10.9,116.0,2,2700,0,0,0,0,0,0
CI,0,IEU,0.0,285.0,0,0,0,0,0,0,0,0

APPTR,I26RX,26R,GOGTA
IF,GOGTA,56.398056,60.458056, ,0.0,0.0,2,7000,0,0,0,0,1,0
FC,GOGTA,56.398056,60.458056,0,EKB,0.0,0.0,14.0,10.6,0,0,0,0,0,0,0,0
CI,0, ,0.0,14.0,0,0,0,0,0,0,0,0
AF,D116K,56.624011,61.045225,1,EKB,116.0,10.9,194.0,2,2700,0,0,0,0,0,0
AF,D086K,56.708183,61.120572,1,EKB,86.0,10.9,116.0,2,2700,0,0,0,0,0,0
CI,0,IEU,0.0,285.0,0,0,0,0,0,0,0,0

APPTR,I26RX,26R,REPSA
IF,REPSA,57.336667,61.929722, ,0.0,0.0,2,7000,0,0,0,0,1,0
TF,EK31A,57.093772,61.467333,0, ,0.0,0.0,0.0,0.0,0,0,0,0,0,0,0,0
CI,0, ,0.0,211.0,0,0,0,0,0,0,0,0
AF,EKB28,57.127756,61.293403,1,EKB,20.0,28.3,31.0,2,6000,0,0,0,0,0,0
CF,EKB,56.743194,60.797028,0,EKB,0.0,0.0,196.0,28.2,2,6000,0,0,0,0,0,0
TF,D149I,56.604081,60.869339,0, ,0.0,0.0,0.0,0.0,0,0,0,0,0,0,0,0
TF,D149K,56.568894,60.887542,0, ,0.0,0.0,0.0,0.0,0,0,0,0,0,0,0,0
AF,D116K,56.624011,61.045225,1,EKB,116.0,10.9,149.0,2,2700,0,0,0,0,0,0
AF,D086K,56.708183,61.120572,1,EKB,86.0,10.9,116.0,2,2700,0,0,0,0,0,0
CI,0,IEU,0.0,285.0,0,0,0,0,0,0,0,0

APPTR,I26RX,26R,SOPUS
IF,SOPUS,57.135278,62.001944, ,0.0,0.0,2,8000,0,0,0,0,1,0
TF,EK31B,57.003972,61.591589,0, ,0.0,0.0,0.0,0.0,0,0,0,0,0,0,0,0
CI,0, ,0.0,224.0,0,0,0,0,0,0,0,0
AF,EKB28,57.127756,61.293403,1,EKB,20.0,28.3,44.0,2,6000,0,0,0,0,0,0
CF,EKB,56.743194,60.797028,0,EKB,0.0,0.0,196.0,28.2,2,6000,0,0,0,0,0,0
TF,D149I,56.604081,60.869339,0, ,0.0,0.0,0.0,0.0,0,0,0,0,0,0,0,0
TF,D149K,56.568894,60.887542,0, ,0.0,0.0,0.0,0.0,0,0,0,0,0,0,0,0
AF,D116K,56.624011,61.045225,1,EKB,116.0,10.9,149.0,2,2700,0,0,0,0,0,0
AF,D086K,56.708183,61.120572,1,EKB,86.0,10.9,116.0,2,2700,0,0,0,0,0,0
CI,0,IEU,0.0,285.0,0,0,0,0,0,0,0,0

FINAL,I26RX,26R,I,3
IF,CF26R,56.743889,61.096592,IEU,75.2,11.9,2,2700,0,0,0,0,0,0
CF,FI26R,56.744378,60.962511,0,IEU,75.2,6.4,255.0,5.4,1,2400,0,0,0,0,2,0
CF,RW26R,56.744736,60.823033,0,IEU,75.2,1.8,255.0,4.6,1,815,0,0,0,0,3,0
CA,0,255.0,2,1500,0,0,0,0,0,0
CI,0, ,0.0,207.0,0,0,0,0,0,0,0,0
CF,D237K,56.686778,60.483736,0,EKB,237.0,10.9,237.0,10.0,2,2700,0,0,0,0,0,0

APPTR,I26RZ,26R,U1
IF,U,56.744694,60.838889, ,0.0,0.0,4,7000,2900,0,0,0,1,0
FD,U,56.744694,60.838889,0,EKB,71.3,9.9,56.0,9.9,2,2700,0,1,190,0,0,0
CF,CF26R,56.743889,61.096592,2,IEU,75.2,10.9,255.0,1.0,2,2700,0,0,0,0,0,0

APPTR,I26RZ,26R,U2
IF,U,56.744694,60.838889, ,0.0,0.0,4,7000,2900,0,0,0,1,0
FD,U,56.744694,60.838889,0,EKB,71.3,9.9,96.0,9.9,2,2700,0,1,200,0,0,0
CF,CF26R,56.743889,61.096592,1,IEU,75.2,10.9,255.0,1.0,2,2700,0,0,0,0,0,0

APPTR,I26RZ,26R,U3
IF,U,56.744694,60.838889, ,0.0,0.0,4,7000,2900,0,0,0,1,0
FD,U,56.744694,60.838889,0,EKB,71.3,9.9,64.0,9.9,2,2700,0,1,190,0,0,0
CF,CF26R,56.743889,61.096592,2,IEU,75.2,10.9,255.0,1.0,2,2700,0,0,0,0,0,0

APPTR,I26RZ,26R,U4
IF,U,56.744694,60.838889, ,0.0,0.0,4,7000,2900,0,0,0,1,0
FD,U,56.744694,60.838889,0,EKB,71.3,9.9,87.0,9.9,2,2700,0,1,200,0,0,0
CF,CF26R,56.743889,61.096592,1,IEU,75.2,10.9,255.0,1.0,2,2700,0,0,0,0,0,0

FINAL,I26RZ,26R,I,3
IF,CF26R,56.743889,61.096592,IEU,75.2,10.9,2,2700,0,0,0,0,0,0
CF,FI26R,56.744378,60.962511,0,IEU,75.2,6.4,255.0,4.4,1,2400,0,0,0,0,2,0
CF,RW26R,56.744736,60.823033,0,IEU,75.2,1.8,255.0,4.6,1,815,0,0,0,0,3,0
CA,0,255.0,2,2700,0,1,215,0,0,0
DF,U,56.744694,60.838889,1, ,0.0,0.0,2,2900,0,0,0,0,0,0

APPTR,J08L,08L,SS015
IF,SS015,56.693000,60.350389, ,0.0,0.0,4,5000,3000,0,0,0,1,0
TF,SS025,56.745028,60.475389,0,G08A,0.0,0.0,0.0,0.0,2,2700,0,0,0,0,1,0

APPTR,J08L,08L,SS016
IF,SS016,56.821111,60.371222, ,0.0,0.0,4,5000,3000,0,0,0,1,0
TF,SS025,56.745028,60.475389,0,G08A,0.0,0.0,0.0,0.0,2,2700,0,0,0,0,1,0

FINAL,J08L,08L,G,3
IF,SS025,56.745028,60.475389,G08A,0.0,0.0,2,2700,0,0,0,0,0,0
TF,SS003,56.745028,60.625083,0,G08A,0.0,0.0,75.0,5.0,1,2400,0,0,0,0,2,0
TF,RW08L,56.744828,60.778025,0,G08A,0.0,0.0,75.0,5.1,1,792,0,0,0,0,3,1
CF,SS028,56.744500,60.991250,0,EKB,74.2,6.4,75.0,7.0,0,0,0,1,230,0,0,0
TF,SS029,56.587667,61.012000,0, ,0.0,0.0,0.0,0.0,0,0,0,1,230,0,0,0
TF,SS010,56.549556,60.153250,0, ,0.0,0.0,0.0,0.0,4,7000,6000,0,0,0,0,0

APPTR,J08R,08R,SS015
IF,SS015,56.693000,60.350389, ,0.0,0.0,4,5000,3000,0,0,0,1,0
TF,SS002,56.753889,60.477722,0,G08B,0.0,0.0,0.0,0.0,2,2700,0,0,0,0,1,0

APPTR,J08R,08R,SS016
IF,SS016,56.821111,60.371222, ,0.0,0.0,4,5000,3000,0,0,0,1,0
TF,SS002,56.753889,60.477722,0,G08B,0.0,0.0,0.0,0.0,2,2700,0,0,0,0,1,0

FINAL,J08R,08R,G,3
IF,SS002,56.753889,60.477722,G08B,0.0,0.0,2,2700,0,0,0,0,0,0
TF,SS071,56.748250,60.626639,0,G08B,0.0,0.0,79.0,4.9,1,2400,0,0,0,0,2,0
TF,RW08R,56.742283,60.779653,0,G08B,0.0,0.0,79.0,5.1,1,786,0,0,0,0,3,1
CF,SS032,56.733944,60.992278,0,EKB,79.9,6.5,79.0,7.0,0,0,0,1,230,0,0,0
CF,SS029,56.587667,61.012000,0,EKB,127.6,11.8,161.0,8.8,0,0,0,1,230,0,0,0
TF,SS010,56.549556,60.153250,0, ,0.0,0.0,0.0,0.0,4,7000,6000,0,0,0,0,0

APPTR,J26L,26L,SS043
IF,SS043,56.644139,61.125028, ,0.0,0.0,4,5000,2700,0,0,0,1,0
TF,SS061,56.728722,61.110472,0,G26A,0.0,0.0,0.0,0.0,2,2700,0,1,240,0,1,0

APPTR,J26L,26L,SS053
IF,SS053,56.843722,61.126278, ,0.0,0.0,4,5000,2700,0,0,0,1,0
TF,SS061,56.728722,61.110472,0,G26A,0.0,0.0,0.0,0.0,2,2700,0,1,240,0,1,0

FINAL,J26L,26L,G,3
IF,SS061,56.728722,61.110472,G26A,0.0,0.0,2,2700,0,1,240,0,0,0
TF,SS073,56.734417,60.974222,0,G26A,0.0,0.0,259.0,4.5,1,2400,0,0,0,0,2,0
TF,RW26L,56.740531,60.823661,0,G26A,0.0,0.0,259.0,5.0,1,811,0,0,0,0,3,1
CF,SS064,56.757222,60.401111,0,EKB,258.9,13.1,259.0,14.0,0,0,0,0,0,0,0,0
TF,SS060,56.576806,60.349889,0, ,0.0,0.0,0.0,0.0,0,0,0,0,0,0,0,0
TF,SS038,56.516611,60.782889,0, ,0.0,0.0,0.0,0.0,4,7000,6000,0,0,0,0,0

APPTR,J26R,26R,SS043
IF,SS043,56.644139,61.125028, ,0.0,0.0,4,5000,2700,0,0,0,1,0
TF,SS035,56.743694,61.125639,0,G26B,0.0,0.0,0.0,0.0,2,2700,0,0,0,0,1,0

APPTR,J26R,26R,SS053
IF,SS053,56.843722,61.126278, ,0.0,0.0,4,5000,2700,0,0,0,1,0
TF,SS035,56.743694,61.125639,0,G26B,0.0,0.0,0.0,0.0,2,2700,0,0,0,0,1,0

FINAL,J26R,26R,G,3
IF,SS035,56.743694,61.125639,G26B,0.0,0.0,2,2700,0,0,0,0,0,0
TF,SS072,56.744333,60.964278,0,G26B,0.0,0.0,255.0,5.3,1,2400,0,0,0,0,2,0
TF,RW26R,56.744736,60.823033,0,G26B,0.0,0.0,255.0,4.7,1,815,0,0,0,0,3,1
CF,SS059,56.745472,60.400194,0,EKB,255.8,13.1,255.0,14.0,0,0,0,0,0,0,0,0
TF,SS060,56.576806,60.349889,0, ,0.0,0.0,0.0,0.0,0,0,0,0,0,0,0,0
TF,SS038,56.516611,60.782889,0, ,0.0,0.0,0.0,0.0,4,7000,6000,0,0,0,0,0

FINAL,N08LY,08L,N,2
IF,FN0LY,56.744694,60.596417,U,0.0,0.0,2,2700,0,0,0,0,2,0
CF,RW08L,56.744828,60.778025,0,U,0.0,0.0,75.0,6.1,1,792,0,0,0,0,3,0
CF,U,56.744694,60.838889,0,EKB,71.3,1.4,75.0,2.0,0,0,0,0,0,0,0,1
CA,0,75.0,2,2200,0,1,200,0,0,0
DF,U,56.744694,60.838889,1, ,0.0,0.0,2,2900,0,0,0,0,0,0

FINAL,N08LZ,08L,N,2
IF,FF08L,56.744992,60.627344,U,0.0,0.0,1,2400,0,0,0,0,2,0
CF,RW08L,56.744828,60.778025,0,U,0.0,0.0,75.0,5.0,1,792,0,0,0,0,3,0
CF,U,56.744694,60.838889,0,EKB,71.3,1.4,75.0,2.0,0,0,0,0,0,0,0,0
CA,0,75.0,2,2100,0,1,200,0,0,0
DF,U,56.744694,60.838889,1, ,0.0,0.0,2,2900,0,0,0,0,0,0

FINAL,N08RY,08R,N,2
IF,FN0RY,56.749122,60.598164,D,0.0,0.0,1,2700,0,0,0,0,2,0
CF,RW08R,56.742283,60.779653,0,D,0.0,0.0,79.0,6.0,1,787,0,0,0,0,3,0
CF,D,56.739889,60.841806,0,EKB,82.6,1.5,79.0,2.1,0,0,0,0,0,0,0,1
CA,0,79.0,2,2200,0,1,210,0,0,0
DF,D,56.739889,60.841806,1, ,0.0,0.0,2,2900,0,0,0,0,0,0

FINAL,N08RZ,08R,N,2
IF,FF08R,56.748225,60.626547,D,0.0,0.0,1,2400,0,0,0,0,2,0
CF,RW08R,56.742283,60.779653,0,D,0.0,0.0,79.0,5.0,1,787,0,0,0,0,3,0
CF,D,56.739889,60.841806,0,EKB,82.6,1.5,79.0,2.1,0,0,0,0,0,0,0,0
CA,0,79.0,2,2100,0,1,210,0,0,0
DF,D,56.739889,60.841806,1, ,0.0,0.0,2,2900,0,0,0,0,0,0

FINAL,N26LY,26L,N,2
IF,FN2LY,56.735031,60.964631,D,0.0,0.0,2,2300,0,0,0,0,2,0
CF,D,56.739889,60.841806,0,D,0.0,0.0,259.0,4.1,1,1004,0,0,0,0,3,0
CA,0,259.0,2,2700,0,1,215,0,0,0
DF,D,56.739889,60.841806,1, ,0.0,0.0,2,2900,0,0,0,0,0,0

FINAL,N26RY,26R,N,2
IF,FN2RY,56.744656,60.964383,U,0.0,0.0,2,2300,0,0,0,0,2,0
CF,U,56.744694,60.838889,0,U,0.0,0.0,255.0,4.2,1,982,0,0,0,0,3,0
CA,0,255.0,2,2700,0,1,215,0,0,0
DF,U,56.744694,60.838889,1, ,0.0,0.0,2,2900,0,0,0,0,0,0

APPTR,Q26LZ,26L,D1
IF,D,56.739889,60.841806, ,0.0,0.0,4,7000,2900,0,0,0,1,0
FD,D,56.739889,60.841806,0,EKB,82.6,9.9,60.0,9.9,2,2700,0,1,190,0,0,0
CF,CF26L,56.729408,61.095558,2,EKB,79.7,9.9,259.0,1.0,2,2700,0,0,0,0,0,0

APPTR,Q26LZ,26L,D2
IF,D,56.739889,60.841806, ,0.0,0.0,4,7000,2900,0,0,0,1,0
FD,D,56.739889,60.841806,0,EKB,82.6,9.9,100.0,9.9,2,2700,0,1,195,0,0,0
CF,CF26L,56.729408,61.095558,1,EKB,79.7,9.9,259.0,1.0,2,2700,0,0,0,0,0,0

APPTR,Q26LZ,26L,D3
IF,D,56.739889,60.841806, ,0.0,0.0,4,7000,2900,0,0,0,1,0
FD,D,56.739889,60.841806,0,EKB,82.6,9.9,68.0,9.9,2,2700,0,1,190,0,0,0
CF,CF26L,56.729408,61.095558,2,EKB,79.7,9.9,259.0,1.0,2,2700,0,0,0,0,0,0

APPTR,Q26LZ,26L,D4
IF,D,56.739889,60.841806, ,0.0,0.0,4,7000,2900,0,0,0,1,0
FD,D,56.739889,60.841806,0,EKB,82.6,9.9,91.0,9.9,2,2700,0,1,195,0,0,0
CF,CF26L,56.729408,61.095558,1,EKB,79.7,9.9,259.0,1.0,2,2700,0,0,0,0,0,0

FINAL,Q26LZ,26L,N,3
IF,CF26L,56.729408,61.095558,D,0.0,0.0,1,2700,0,0,0,0,0,0
CF,FQ26L,56.735772,60.947742,0,D,0.0,0.0,259.0,4.9,1,2100,0,0,0,0,2,0
CF,D,56.739889,60.841806,0,EKB,0.0,1.5,259.0,3.5,1,1004,0,0,0,0,3,0
CA,0,259.0,2,2700,0,1,215,0,0,0
DF,D,56.739889,60.841806,1, ,0.0,0.0,2,2900,0,0,0,0,0,0

APPTR,Q26RZ,26R,U1
IF,U,56.744694,60.838889, ,0.0,0.0,4,7000,2900,0,0,0,1,0
FD,U,56.744694,60.838889,0,EKB,71.3,9.9,56.0,9.9,2,2700,0,1,190,0,0,0
CF,CF26R,56.743889,61.096592,2,EKB,74.6,9.9,255.0,1.0,2,2700,0,0,0,0,0,0

APPTR,Q26RZ,26R,U2
IF,U,56.744694,60.838889, ,0.0,0.0,4,7000,2900,0,0,0,1,0
FD,U,56.744694,60.838889,0,EKB,71.3,9.9,96.0,9.9,2,2700,0,1,200,0,0,0
CF,CF26R,56.743889,61.096592,1,EKB,74.6,9.9,255.0,1.0,2,2700,0,0,0,0,0,0

APPTR,Q26RZ,26R,U3
IF,U,56.744694,60.838889, ,0.0,0.0,4,7000,2900,0,0,0,1,0
FD,U,56.744694,60.838889,0,EKB,71.3,9.9,64.0,9.9,2,2700,0,1,190,0,0,0
CF,CF26R,56.743889,61.096592,2,EKB,74.6,9.9,255.0,1.0,2,2700,0,0,0,0,0,0

APPTR,Q26RZ,26R,U4
IF,U,56.744694,60.838889, ,0.0,0.0,4,7000,2900,0,0,0,1,0
FD,U,56.744694,60.838889,0,EKB,71.3,9.9,87.0,9.9,2,2700,0,1,200,0,0,0
CF,CF26R,56.743889,61.096592,1,EKB,74.6,9.9,255.0,1.0,2,2700,0,0,0,0,0,0

FINAL,Q26RZ,26R,N,3
IF,CF26R,56.743889,61.096592,U,0.0,0.0,2,2700,0,0,0,0,0,0
CF,FQ26R,56.744644,60.948339,0,U,0.0,0.0,255.0,4.9,1,2100,0,0,0,0,2,0
CF,U,56.744694,60.838889,0,EKB,0.0,1.4,255.0,3.6,1,982,0,0,0,0,3,0
CA,0,255.0,2,2700,0,1,215,0,0,0
DF,U,56.744694,60.838889,1, ,0.0,0.0,2,2900,0,0,0,0,0,0

APPTR,R08L,08L,SS015
IF,SS015,56.693000,60.350389, ,0.0,0.0,4,5000,3000,0,0,0,1,0
TF,SS025,56.745028,60.475389,0, ,0.0,0.0,0.0,0.0,2,2700,0,0,0,0,1,0

APPTR,R08L,08L,SS016
IF,SS016,56.821111,60.371222, ,0.0,0.0,4,5000,3000,0,0,0,1,0
TF,SS025,56.745028,60.475389,0, ,0.0,0.0,0.0,0.0,2,2700,0,0,0,0,1,0

FINAL,R08L,08L,R,3
IF,SS025,56.745028,60.475389, ,0.0,0.0,2,2700,0,0,0,0,0,0
TF,SS026,56.745028,60.623278,0, ,0.0,0.0,75.0,4.9,1,2400,0,0,0,0,2,0
TF,RW08L,56.744828,60.778025,0, ,0.0,0.0,75.0,5.1,1,786,0,0,0,0,3,1
CF,SS028,56.744500,60.991250,0,EKB,74.2,6.4,75.0,7.0,0,0,0,1,230,0,0,0
TF,SS029,56.587667,61.012000,0, ,0.0,0.0,0.0,0.0,0,0,0,1,230,0,0,0
TF,SS010,56.549556,60.153250,0, ,0.0,0.0,0.0,0.0,4,7000,6000,0,0,0,0,0

APPTR,R08R,08R,SS015
IF,SS015,56.693000,60.350389, ,0.0,0.0,4,5000,3000,0,0,0,1,0
TF,SS002,56.753889,60.477722,0, ,0.0,0.0,0.0,0.0,2,2700,0,0,0,0,1,0

APPTR,R08R,08R,SS016
IF,SS016,56.821111,60.371222, ,0.0,0.0,4,5000,3000,0,0,0,1,0
TF,SS002,56.753889,60.477722,0, ,0.0,0.0,0.0,0.0,2,2700,0,0,0,0,1,0

FINAL,R08R,08R,R,3
IF,SS002,56.753889,60.477722, ,0.0,0.0,2,2700,0,0,0,0,0,0
TF,SS030,56.748306,60.625250,0, ,0.0,0.0,79.0,4.9,1,2400,0,0,0,0,2,0
TF,RW08R,56.742283,60.779653,0, ,0.0,0.0,79.0,5.1,1,785,0,0,0,0,3,1
CF,SS032,56.733944,60.992278,0,EKB,79.9,6.5,79.0,7.0,0,0,0,1,230,0,0,0
TF,SS029,56.587667,61.012000,0, ,0.0,0.0,0.0,0.0,0,0,0,1,230,0,0,0
TF,SS010,56.549556,60.153250,0, ,0.0,0.0,0.0,0.0,4,7000,6000,0,0,0,0,0

APPTR,R26L,26L,SS043
IF,SS043,56.644139,61.125028, ,0.0,0.0,4,5000,2700,0,0,0,1,0
TF,SS061,56.728722,61.110472,0, ,0.0,0.0,0.0,0.0,2,2700,0,1,240,0,1,0

APPTR,R26L,26L,SS053
IF,SS053,56.843722,61.126278, ,0.0,0.0,4,5000,2700,0,0,0,1,0
TF,SS061,56.728722,61.110472,0, ,0.0,0.0,0.0,0.0,2,2700,0,1,240,0,1,0

FINAL,R26L,26L,R,3
IF,SS061,56.728722,61.110472, ,0.0,0.0,2,2700,0,1,240,0,0,0
TF,SS062,56.734361,60.975500,0, ,0.0,0.0,259.0,4.5,1,2400,0,0,0,0,2,0
TF,RW26L,56.740531,60.823661,0, ,0.0,0.0,259.0,5.0,1,811,0,0,0,0,3,1
CF,SS064,56.757222,60.401111,0,EKB,258.9,13.1,259.0,14.0,0,0,0,0,0,0,0,1
TF,SS060,56.576806,60.349889,0, ,0.0,0.0,0.0,0.0,0,0,0,0,0,0,0,0
TF,SS038,56.516611,60.782889,0, ,0.0,0.0,0.0,0.0,4,7000,6000,0,0,0,0,0

APPTR,R26R,26R,SS043
IF,SS043,56.644139,61.125028, ,0.0,0.0,4,5000,2700,0,0,0,1,0
TF,SS035,56.743694,61.125639,0, ,0.0,0.0,0.0,0.0,2,2700,0,0,0,0,1,0

APPTR,R26R,26R,SS053
IF,SS053,56.843722,61.126278, ,0.0,0.0,4,5000,2700,0,0,0,1,0
TF,SS035,56.743694,61.125639,0, ,0.0,0.0,0.0,0.0,2,2700,0,0,0,0,1,0

FINAL,R26R,26R,R,3
IF,SS035,56.743694,61.125639, ,0.0,0.0,2,2700,0,0,0,0,0,0
TF,SS055,56.744306,60.975083,0, ,0.0,0.0,255.0,5.0,1,2400,0,0,0,0,2,0
TF,RW26R,56.744736,60.823033,0, ,0.0,0.0,255.0,5.0,1,814,0,0,0,0,3,1
CF,SS059,56.745472,60.400194,0,EKB,255.8,13.1,255.0,14.0,0,0,0,0,0,0,0,0
TF,SS060,56.576806,60.349889,0, ,0.0,0.0,0.0,0.0,0,0,0,0,0,0,0,0
TF,SS038,56.516611,60.782889,0, ,0.0,0.0,0.0,0.0,4,7000,6000,0,0,0,0,0

APPTR,S08RX,08R,SS015
IF,SS015,56.693000,60.350389, ,0.0,0.0,4,5000,3000,0,0,0,1,0
TF,SS065,56.752944,60.473778,0, ,0.0,0.0,0.0,0.0,2,2700,0,0,0,0,1,0

APPTR,S08RX,08R,SS016
IF,SS016,56.821111,60.371222, ,0.0,0.0,4,5000,3000,0,0,0,1,0
TF,SS065,56.752944,60.473778,0, ,0.0,0.0,0.0,0.0,2,2700,0,0,0,0,1,0

FINAL,S08RX,08R,D,4
IF,SS065,56.752944,60.473778,EKB,258.3,10.7,2,2700,0,0,0,0,0,0
CF,FD08,56.748056,60.624011,0,EKB,258.0,5.7,78.0,5.0,1,2400,0,0,0,0,2,0
CF,28VO2,56.745608,60.712156,0,EKB,258.0,2.8,78.0,2.9,1,1500,0,0,0,0,0,0
CF,RW08R,56.742283,60.779653,0,EKB,249.6,0.6,78.0,2.2,1,787,0,0,0,0,3,0
TF,SS066,56.736750,60.992639,0, ,0.0,0.0,0.0,0.0,0,0,0,1,230,0,0,0
TF,SS029,56.587667,61.012000,0, ,0.0,0.0,0.0,0.0,0,0,0,1,230,0,0,0
TF,SS010,56.549556,60.153250,0, ,0.0,0.0,0.0,0.0,4,7000,6000,0,0,0,0,0

APPTR,S26LX,26L,SS043
IF,SS043,56.644139,61.125028, ,0.0,0.0,4,5000,2700,0,0,0,1,0
TF,SS069,56.728750,61.109750,0, ,0.0,0.0,0.0,0.0,2,2700,0,1,240,0,1,0

APPTR,S26LX,26L,SS053
IF,SS053,56.843722,61.126278, ,0.0,0.0,4,5000,2700,0,0,0,1,0
TF,SS069,56.728750,61.109750,0, ,0.0,0.0,0.0,0.0,2,2700,0,1,240,0,1,0

FINAL,S26LX,26L,D,4
IF,SS069,56.728750,61.109750,EKB,79.7,10.4,2,2700,0,1,240,0,0,0
CF,FD26L,56.734456,60.976069,0,EKB,80.0,5.9,260.0,4.5,1,2400,0,0,0,0,2,0
CF,28VOR,56.739092,60.881742,0,EKB,80.0,2.8,260.0,3.1,1,1400,0,0,0,0,0,0
CF,RW26L,56.740531,60.823661,0,EKB,85.3,0.9,260.0,1.9,1,812,0,0,0,0,3,1
TF,SS070,56.760806,60.401611,0, ,0.0,0.0,0.0,0.0,0,0,0,0,0,0,0,1
TF,SS060,56.576806,60.349889,0, ,0.0,0.0,0.0,0.0,0,0,0,0,0,0,0,0
TF,SS038,56.516611,60.782889,0, ,0.0,0.0,0.0,0.0,4,7000,6000,0,0,0,0,0

APPTR,S26RX,26R,SS043
IF,SS043,56.644139,61.125028, ,0.0,0.0,4,5000,2700,0,0,0,1,0
TF,SS067,56.743750,61.125639,0, ,0.0,0.0,0.0,0.0,2,2700,0,0,0,0,1,0

APPTR,S26RX,26R,SS053
IF,SS053,56.843722,61.126278, ,0.0,0.0,4,5000,2700,0,0,0,1,0
TF,SS067,56.743750,61.125639,0, ,0.0,0.0,0.0,0.0,2,2700,0,0,0,0,1,0

FINAL,S26RX,26R,D,4
IF,SS067,56.743750,61.125639,EKB,74.7,10.9,2,2700,0,0,0,0,0,0
CF,FD26R,56.743069,60.972572,0,EKB,75.0,5.8,255.0,5.1,1,2400,0,0,0,0,2,0
CF,27VOR,56.743167,60.878739,0,EKB,75.0,2.7,255.0,3.1,1,1400,0,0,0,0,0,0
CF,RW26R,56.744736,60.823033,0,EKB,68.8,0.9,255.0,1.8,1,815,0,0,0,0,3,0
TF,SS068,56.741861,60.400250,0, ,0.0,0.0,0.0,0.0,0,0,0,0,0,0,0,0
TF,SS060,56.576806,60.349889,0, ,0.0,0.0,0.0,0.0,0,0,0,0,0,0,0,0
TF,SS038,56.516611,60.782889,0, ,0.0,0.0,0.0,0.0,4,7000,6000,0,0,0,0,0

