SID,ARK17D,17L,2
CA,0,174.0,2,2700,0,0,0,0,0,0
CF,ARKEK,37.635833,62.178611,1,LBA,216.5,101.5,43.0,12.0,0,0,0,0,0,0,0,0

SID,ARK17D,17R,2
CA,0,174.0,2,2700,0,0,0,0,0,0
CF,ARKEK,37.635833,62.178611,1,LBA,216.5,101.5,43.0,12.0,0,0,0,0,0,0,0,0

SID,ARK35D,35L,2
CA,0,354.0,2,1400,0,0,0,0,0,0
CF,ARKEK,37.635833,62.178611,2,LBA,216.5,101.5,108.0,12.0,0,0,0,0,0,0,0,0

SID,ARK35D,35R,2
CA,0,354.0,2,1400,0,0,0,0,0,0
CF,ARKEK,37.635833,62.178611,2,LBA,216.5,101.5,108.0,12.0,0,0,0,0,0,0,0,0

SID,BAS17D,17L,2
CA,0,174.0,2,2700,0,0,0,0,0,0
CF,BASVO,37.292500,61.357778,0,LBA,223.1,143.6,241.0,28.0,0,0,0,0,0,0,0,0
TF,OLADI,37.208069,61.221100,0, ,0.0,0.0,0.0,0.0,0,0,0,0,0,0,0,0

SID,BAS17D,17R,2
CA,0,174.0,2,2700,0,0,0,0,0,0
CF,BASVO,37.292500,61.357778,0,LBA,223.1,143.6,241.0,28.0,0,0,0,0,0,0,0,0
TF,OLADI,37.208069,61.221100,0, ,0.0,0.0,0.0,0.0,0,0,0,0,0,0,0,0

SID,BAS35D,35L,2
CA,0,354.0,2,1400,0,0,0,0,0,0
CF,BASVO,37.292500,61.357778,1,LBA,223.1,143.6,217.0,32.0,0,0,0,0,0,0,0,0
TF,OLADI,37.208069,61.221100,0, ,0.0,0.0,0.0,0.0,0,0,0,0,0,0,0,0

SID,BAS35D,35R,2
CA,0,354.0,2,1400,0,0,0,0,0,0
CF,BASVO,37.292500,61.357778,1,LBA,223.1,143.6,217.0,32.0,0,0,0,0,0,0,0,0
TF,OLADI,37.208069,61.221100,0, ,0.0,0.0,0.0,0.0,0,0,0,0,0,0,0,0

SID,BAS35E,35L,2
CA,0,354.0,2,1400,0,0,0,0,0,0
CF,D084D,37.573333,61.987500,2,LBA,218.8,110.4,174.0,6.0,0,0,0,0,0,0,0,1
CF,BASVO,37.292500,61.357778,0,LBA,223.1,143.6,239.0,33.0,0,0,0,0,0,0,0,0
TF,OLADI,37.208069,61.221100,0, ,0.0,0.0,0.0,0.0,0,0,0,0,0,0,0,0

SID,BAS35E,35R,2
CA,0,354.0,2,1400,0,0,0,0,0,0
CF,D084D,37.573333,61.987500,2,LBA,218.8,110.4,174.0,6.0,0,0,0,0,0,0,0,1
CF,BASVO,37.292500,61.357778,0,LBA,223.1,143.6,239.0,33.0,0,0,0,0,0,0,0,0
TF,OLADI,37.208069,61.221100,0, ,0.0,0.0,0.0,0.0,0,0,0,0,0,0,0,0

SID,EKD17D,17L,2
CA,0,174.0,2,2700,0,0,0,0,0,0
VI,0, ,0.0,139.0,0,0,0,0,0,0,0,0
CF,EKDIN,37.299722,62.440556,0,LBA,204.7,111.0,109.0,25.0,0,0,0,0,0,0,0,0
TF,LEMOD,36.166686,64.290906,0, ,0.0,0.0,0.0,0.0,0,0,0,0,0,0,0,0

SID,EKD17D,17R,2
CA,0,174.0,2,2700,0,0,0,0,0,0
VI,0, ,0.0,139.0,0,0,0,0,0,0,0,0
CF,EKDIN,37.299722,62.440556,0,LBA,204.7,111.0,109.0,25.0,0,0,0,0,0,0,0,0
TF,LEMOD,36.166686,64.290906,0, ,0.0,0.0,0.0,0.0,0,0,0,0,0,0,0,0

SID,EKD35D,35L,2
CA,0,354.0,2,1400,0,0,0,0,0,0
CF,EKDIN,37.299722,62.440556,2,LBA,204.7,111.0,133.0,33.0,0,0,0,0,0,0,0,0
TF,LEMOD,36.166686,64.290906,0, ,0.0,0.0,0.0,0.0,0,0,0,0,0,0,0,0

SID,EKD35D,35R,2
CA,0,354.0,2,1400,0,0,0,0,0,0
CF,EKDIN,37.299722,62.440556,2,LBA,204.7,111.0,133.0,33.0,0,0,0,0,0,0,0,0
TF,LEMOD,36.166686,64.290906,0, ,0.0,0.0,0.0,0.0,0,0,0,0,0,0,0,0

SID,GIN17D,17L,2
CA,0,174.0,2,2700,0,0,0,0,0,0
CF,D034G,37.658889,61.985833,1,LBA,220.7,106.7,354.0,7.0,0,0,0,0,0,0,0,1
CF,GINET,37.863333,61.286667,0,LBA,235.6,125.6,284.0,34.0,0,0,0,0,0,0,0,0
TF,ABDAN,38.595025,59.365761,0, ,0.0,0.0,0.0,0.0,0,0,0,0,0,0,0,0

SID,GIN17D,17R,2
CA,0,174.0,2,2700,0,0,0,0,0,0
CF,D034G,37.658889,61.985833,1,LBA,220.7,106.7,354.0,7.0,0,0,0,0,0,0,0,1
CF,GINET,37.863333,61.286667,0,LBA,235.6,125.6,284.0,34.0,0,0,0,0,0,0,0,0
TF,ABDAN,38.595025,59.365761,0, ,0.0,0.0,0.0,0.0,0,0,0,0,0,0,0,0

SID,GIN35D,35L,2
CA,0,354.0,2,1400,0,0,0,0,0,0
CF,GINET,37.863333,61.286667,0,LBA,235.6,125.6,284.0,30.0,0,0,0,0,0,0,0,0
TF,ABDAN,38.595025,59.365761,0, ,0.0,0.0,0.0,0.0,0,0,0,0,0,0,0,0

SID,GIN35D,35R,2
CA,0,354.0,2,1400,0,0,0,0,0,0
CF,GINET,37.863333,61.286667,0,LBA,235.6,125.6,284.0,30.0,0,0,0,0,0,0,0,0
TF,ABDAN,38.595025,59.365761,0, ,0.0,0.0,0.0,0.0,0,0,0,0,0,0,0,0

SID,LUN17D,17L,2
CA,0,174.0,2,2700,0,0,0,0,0,0
CF,LUNEB,38.018889,62.357778,1,LBA,222.6,79.0,25.0,35.0,0,0,0,0,0,0,0,0
TF,OLCHE,38.126436,62.484169,0, ,0.0,0.0,0.0,0.0,0,0,0,0,0,0,0,0

SID,LUN17D,17R,2
CA,0,174.0,2,2700,0,0,0,0,0,0
CF,LUNEB,38.018889,62.357778,1,LBA,222.6,79.0,25.0,35.0,0,0,0,0,0,0,0,0
TF,OLCHE,38.126436,62.484169,0, ,0.0,0.0,0.0,0.0,0,0,0,0,0,0,0,0

SID,LUN35D,35L,2
CA,0,354.0,2,1400,0,0,0,0,0,0
CF,LUNEB,38.018889,62.357778,0,LBA,222.6,79.0,44.0,29.0,0,0,0,0,0,0,0,0
TF,OLCHE,38.126436,62.484169,0, ,0.0,0.0,0.0,0.0,0,0,0,0,0,0,0,0

SID,LUN35D,35R,2
CA,0,354.0,2,1400,0,0,0,0,0,0
CF,LUNEB,38.018889,62.357778,0,LBA,222.6,79.0,44.0,29.0,0,0,0,0,0,0,0,0
TF,OLCHE,38.126436,62.484169,0, ,0.0,0.0,0.0,0.0,0,0,0,0,0,0,0,0

SID,MIV17D,17L,2
CA,0,174.0,2,2700,0,0,0,0,0,0
CF,D034G,37.658889,61.985833,1,LBA,220.7,106.7,354.0,7.0,0,0,0,0,0,0,0,1
CF,MIVNA,37.771944,61.241944,0,LBA,234.0,130.2,274.0,34.0,0,0,0,0,0,0,0,0
TF,RUBAD,38.007500,60.178611,0, ,0.0,0.0,0.0,0.0,0,0,0,0,0,0,0,0

SID,MIV17D,17R,2
CA,0,174.0,2,2700,0,0,0,0,0,0
CF,D034G,37.658889,61.985833,1,LBA,220.7,106.7,354.0,7.0,0,0,0,0,0,0,0,1
CF,MIVNA,37.771944,61.241944,0,LBA,234.0,130.2,274.0,34.0,0,0,0,0,0,0,0,0
TF,RUBAD,38.007500,60.178611,0, ,0.0,0.0,0.0,0.0,0,0,0,0,0,0,0,0

SID,MIV35D,35L,2
CA,0,354.0,2,1400,0,0,0,0,0,0
VI,0, ,0.0,303.0,0,0,0,0,0,0,0,0
CF,MIVNA,37.771944,61.241944,0,LBA,234.0,130.2,273.0,29.0,0,0,0,0,0,0,0,0
TF,RUBAD,38.007500,60.178611,0, ,0.0,0.0,0.0,0.0,0,0,0,0,0,0,0,0

SID,MIV35D,35R,2
CA,0,354.0,2,1400,0,0,0,0,0,0
VI,0, ,0.0,303.0,0,0,0,0,0,0,0,0
CF,MIVNA,37.771944,61.241944,0,LBA,234.0,130.2,273.0,29.0,0,0,0,0,0,0,0,0
TF,RUBAD,38.007500,60.178611,0, ,0.0,0.0,0.0,0.0,0,0,0,0,0,0,0,0

SID,NEL17D,17L,2
CA,0,174.0,2,2700,0,0,0,0,0,0
CF,NELIN,37.654444,62.574444,1,LBA,207.7,89.4,66.0,31.0,0,0,0,0,0,0,0,0
TF,RINAT,37.687822,63.368642,0, ,0.0,0.0,0.0,0.0,0,0,0,0,0,0,0,0

SID,NEL17D,17R,2
CA,0,174.0,2,2700,0,0,0,0,0,0
CF,NELIN,37.654444,62.574444,1,LBA,207.7,89.4,66.0,31.0,0,0,0,0,0,0,0,0
TF,RINAT,37.687822,63.368642,0, ,0.0,0.0,0.0,0.0,0,0,0,0,0,0,0,0

SID,NEL35D,35L,2
CA,0,354.0,2,1400,0,0,0,0,0,0
CF,NELIN,37.654444,62.574444,2,LBA,207.7,89.4,92.0,30.0,0,0,0,0,0,0,0,0
TF,RINAT,37.687822,63.368642,0, ,0.0,0.0,0.0,0.0,0,0,0,0,0,0,0,0

SID,NEL35D,35R,2
CA,0,354.0,2,1400,0,0,0,0,0,0
CF,NELIN,37.654444,62.574444,2,LBA,207.7,89.4,92.0,30.0,0,0,0,0,0,0,0,0
TF,RINAT,37.687822,63.368642,0, ,0.0,0.0,0.0,0.0,0,0,0,0,0,0,0,0

SID,PEM17D,17L,2
CA,0,174.0,2,2700,0,0,0,0,0,0
VI,0, ,0.0,115.0,0,0,0,0,0,0,0,0
CF,PEMER,37.479167,62.550833,0,LBA,205.1,99.0,85.0,26.0,0,0,0,0,0,0,0,0
TF,DAVET,36.960875,64.786739,0, ,0.0,0.0,0.0,0.0,0,0,0,0,0,0,0,0

SID,PEM17D,17R,2
CA,0,174.0,2,2700,0,0,0,0,0,0
VI,0, ,0.0,115.0,0,0,0,0,0,0,0,0
CF,PEMER,37.479167,62.550833,0,LBA,205.1,99.0,85.0,26.0,0,0,0,0,0,0,0,0
TF,DAVET,36.960875,64.786739,0, ,0.0,0.0,0.0,0.0,0,0,0,0,0,0,0,0

SID,PEM35D,35L,2
CA,0,354.0,2,1400,0,0,0,0,0,0
CF,PEMER,37.479167,62.550833,2,LBA,205.1,99.0,111.0,32.0,0,0,0,0,0,0,0,0
TF,DAVET,36.960875,64.786739,0, ,0.0,0.0,0.0,0.0,0,0,0,0,0,0,0,0

SID,PEM35D,35R,2
CA,0,354.0,2,1400,0,0,0,0,0,0
CF,PEMER,37.479167,62.550833,2,LBA,205.1,99.0,111.0,32.0,0,0,0,0,0,0,0,0
TF,DAVET,36.960875,64.786739,0, ,0.0,0.0,0.0,0.0,0,0,0,0,0,0,0,0

SID,PES17D,17L,2
CA,0,174.0,2,2700,0,0,0,0,0,0
CF,PESOK,37.142778,62.209167,0,LBA,207.1,124.7,141.0,26.0,0,0,0,0,0,0,0,0
TF,RANAH,35.583331,63.199222,0, ,0.0,0.0,0.0,0.0,0,0,0,0,0,0,0,0

SID,PES17D,17R,2
CA,0,174.0,2,2700,0,0,0,0,0,0
CF,PESOK,37.142778,62.209167,0,LBA,207.1,124.7,141.0,26.0,0,0,0,0,0,0,0,0
TF,RANAH,35.583331,63.199222,0, ,0.0,0.0,0.0,0.0,0,0,0,0,0,0,0,0

SID,PES35D,35L,2
CA,0,354.0,2,1400,0,0,0,0,0,0
CF,PESOK,37.142778,62.209167,2,LBA,207.1,124.7,157.0,34.0,0,0,0,0,0,0,0,0
TF,RANAH,35.583331,63.199222,0, ,0.0,0.0,0.0,0.0,0,0,0,0,0,0,0,0

SID,PES35D,35R,2
CA,0,354.0,2,1400,0,0,0,0,0,0
CF,PESOK,37.142778,62.209167,2,LBA,207.1,124.7,157.0,34.0,0,0,0,0,0,0,0,0
TF,RANAH,35.583331,63.199222,0, ,0.0,0.0,0.0,0.0,0,0,0,0,0,0,0,0

SID,SAD17D,17L,2
CA,0,174.0,2,2700,0,0,0,0,0,0
CF,D034G,37.658889,61.985833,1,LBA,220.7,106.7,354.0,7.0,0,0,0,0,0,0,0,1
CF,SADAP,37.687222,61.220556,0,LBA,232.4,133.9,266.0,35.0,0,0,0,0,0,0,0,0
TF,BELUG,37.750019,60.532467,0, ,0.0,0.0,0.0,0.0,0,0,0,0,0,0,0,0

SID,SAD17D,17R,2
CA,0,174.0,2,2700,0,0,0,0,0,0
CF,D034G,37.658889,61.985833,1,LBA,220.7,106.7,354.0,7.0,0,0,0,0,0,0,0,1
CF,SADAP,37.687222,61.220556,0,LBA,232.4,133.9,266.0,35.0,0,0,0,0,0,0,0,0
TF,BELUG,37.750019,60.532467,0, ,0.0,0.0,0.0,0.0,0,0,0,0,0,0,0,0

SID,SAD35D,35L,2
CA,0,354.0,2,1400,0,0,0,0,0,0
CF,SADAP,37.687222,61.220556,1,LBA,232.4,133.9,263.0,30.0,0,0,0,0,0,0,0,0
TF,BELUG,37.750019,60.532467,0, ,0.0,0.0,0.0,0.0,0,0,0,0,0,0,0,0

SID,SAD35D,35R,2
CA,0,354.0,2,1400,0,0,0,0,0,0
CF,SADAP,37.687222,61.220556,1,LBA,232.4,133.9,263.0,30.0,0,0,0,0,0,0,0,0
TF,BELUG,37.750019,60.532467,0, ,0.0,0.0,0.0,0.0,0,0,0,0,0,0,0,0

SID,SUV17D,17L,2
CA,0,174.0,2,2700,0,0,0,0,0,0
CF,D034G,37.658889,61.985833,1,LBA,220.7,106.7,354.0,7.0,0,0,0,0,0,0,0,1
TF,SUVOG,38.125000,61.648333,0, ,0.0,0.0,0.0,0.0,0,0,0,0,0,0,0,0
TF,DUTAR,38.655047,61.384136,0, ,0.0,0.0,0.0,0.0,0,0,0,0,0,0,0,0

SID,SUV17D,17R,2
CA,0,174.0,2,2700,0,0,0,0,0,0
CF,D034G,37.658889,61.985833,1,LBA,220.7,106.7,354.0,7.0,0,0,0,0,0,0,0,1
TF,SUVOG,38.125000,61.648333,0, ,0.0,0.0,0.0,0.0,0,0,0,0,0,0,0,0
TF,DUTAR,38.655047,61.384136,0, ,0.0,0.0,0.0,0.0,0,0,0,0,0,0,0,0

SID,SUV35D,35L,2
CA,0,354.0,2,1400,0,0,0,0,0,0
CF,SUVOG,38.125000,61.648333,0,LBA,238.3,102.9,332.0,29.0,0,0,0,0,0,0,0,0
TF,DUTAR,38.655047,61.384136,0, ,0.0,0.0,0.0,0.0,0,0,0,0,0,0,0,0

SID,SUV35D,35R,2
CA,0,354.0,2,1400,0,0,0,0,0,0
CF,SUVOG,38.125000,61.648333,0,LBA,238.3,102.9,332.0,29.0,0,0,0,0,0,0,0,0
TF,DUTAR,38.655047,61.384136,0, ,0.0,0.0,0.0,0.0,0,0,0,0,0,0,0,0

SID,TEL17D,17L,2
CA,0,174.0,2,2700,0,0,0,0,0,0
CF,TELMI,37.649444,61.614444,2,LBA,226.5,120.2,310.0,13.0,0,0,0,0,0,0,0,0

SID,TEL17D,17R,2
CA,0,174.0,2,2700,0,0,0,0,0,0
CF,TELMI,37.649444,61.614444,2,LBA,226.5,120.2,310.0,13.0,0,0,0,0,0,0,0,0

SID,TEL17E,17L,2
CA,0,174.0,2,2700,0,0,0,0,0,0
CF,D034G,37.658889,61.985833,1,LBA,220.7,106.7,354.0,7.0,0,0,0,0,0,0,0,1
CF,TELMI,37.649444,61.614444,1,LBA,226.5,120.2,255.0,16.0,0,0,0,0,0,0,0,0

SID,TEL17E,17R,2
CA,0,174.0,2,2700,0,0,0,0,0,0
CF,D034G,37.658889,61.985833,1,LBA,220.7,106.7,354.0,7.0,0,0,0,0,0,0,0,1
CF,TELMI,37.649444,61.614444,1,LBA,226.5,120.2,255.0,16.0,0,0,0,0,0,0,0,0

SID,TEL35D,35L,2
CA,0,354.0,2,1400,0,0,0,0,0,0
CF,TELMI,37.649444,61.614444,1,LBA,226.5,120.2,247.0,11.0,0,0,0,0,0,0,0,0

SID,TEL35D,35R,2
CA,0,354.0,2,1400,0,0,0,0,0,0
CF,TELMI,37.649444,61.614444,1,LBA,226.5,120.2,247.0,11.0,0,0,0,0,0,0,0,0

SID,TEL35E,35L,2
CA,0,354.0,2,1400,0,0,0,0,0,0
CF,D084D,37.573333,61.987500,2,LBA,218.8,110.4,174.0,6.0,0,0,0,0,0,0,0,1
CF,TELMI,37.649444,61.614444,2,LBA,226.5,120.2,290.0,17.0,0,0,0,0,0,0,0,0

SID,TEL35E,35R,2
CA,0,354.0,2,1400,0,0,0,0,0,0
CF,D084D,37.573333,61.987500,2,LBA,218.8,110.4,174.0,6.0,0,0,0,0,0,0,0,1
CF,TELMI,37.649444,61.614444,2,LBA,226.5,120.2,290.0,17.0,0,0,0,0,0,0,0,0

SID,XIG17D,17L,2
CA,0,174.0,2,2700,0,0,0,0,0,0
CF,XIGRO,37.811111,62.533333,1,LBA,212.4,82.8,49.0,32.0,0,0,0,0,0,0,0,0
TF,DERKI,38.531747,65.105889,0, ,0.0,0.0,0.0,0.0,0,0,0,0,0,0,0,0

SID,XIG17D,17R,2
CA,0,174.0,2,2700,0,0,0,0,0,0
CF,XIGRO,37.811111,62.533333,1,LBA,212.4,82.8,49.0,32.0,0,0,0,0,0,0,0,0
TF,DERKI,38.531747,65.105889,0, ,0.0,0.0,0.0,0.0,0,0,0,0,0,0,0,0

SID,XIG35D,35L,2
CA,0,354.0,2,1400,0,0,0,0,0,0
VI,0, ,0.0,44.0,0,0,0,0,0,0,0,0
CF,XIGRO,37.811111,62.533333,0,LBA,212.4,82.8,74.0,29.0,0,0,0,0,0,0,0,0
TF,DERKI,38.531747,65.105889,0, ,0.0,0.0,0.0,0.0,0,0,0,0,0,0,0,0

SID,XIG35D,35R,2
CA,0,354.0,2,1400,0,0,0,0,0,0
VI,0, ,0.0,44.0,0,0,0,0,0,0,0,0
CF,XIGRO,37.811111,62.533333,0,LBA,212.4,82.8,74.0,29.0,0,0,0,0,0,0,0,0
TF,DERKI,38.531747,65.105889,0, ,0.0,0.0,0.0,0.0,0,0,0,0,0,0,0,0

STAR,ARK17A,ALL,2
IF,ARKEK,37.635833,62.178611, ,0.0,0.0,0,0,0,0,0,0,0,0
TF,D015I,37.748056,61.964167,0, ,0.0,0.0,0.0,0.0,1,2100,0,0,0,0,0,1
CF,D002I,37.751667,61.917222,0,LBA,224.1,105.3,264.0,2.0,1,2100,0,0,0,0,0,1

STAR,ARK17A,17L,3
IF,D002I,37.751667,61.917222, ,0.0,0.0,1,2100,0,0,0,0,0,0
CF,FN17L,37.704444,61.893611,0,LBA,223.4,108.0,174.0,2.0,1,2100,0,0,0,0,0,0

STAR,ARK17A,17R,3
IF,D002I,37.751667,61.917222, ,0.0,0.0,1,2100,0,0,0,0,0,0
CF,FN17R,37.713611,61.891389,0,LBA,223.6,107.7,174.0,2.0,1,2100,0,0,0,0,0,0

STAR,ARK17B,ALL,2
IF,ARKEK,37.635833,62.178611, ,0.0,0.0,0,0,0,0,0,0,0,0
TF,M,37.599194,61.898331,0, ,0.0,0.0,0.0,0.0,0,0,0,0,0,0,0,1
CI,1, ,0.0,84.0,0,0,0,0,0,0,0,0
CF,D021I,37.732778,61.979167,0,LBA,222.6,103.9,354.0,13.0,1,2100,0,0,0,0,0,1
CF,D002I,37.751667,61.917222,0,LBA,224.1,105.3,264.0,2.0,1,2100,0,0,0,0,0,1

STAR,ARK17B,17L,3
IF,D002I,37.751667,61.917222, ,0.0,0.0,1,2100,0,0,0,0,0,0
CF,FN17L,37.704444,61.893611,0,LBA,223.4,108.0,174.0,2.0,1,2100,0,0,0,0,0,0

STAR,ARK17B,17R,3
IF,D002I,37.751667,61.917222, ,0.0,0.0,1,2100,0,0,0,0,0,0
CF,FN17R,37.713611,61.891389,0,LBA,223.6,107.7,174.0,2.0,1,2100,0,0,0,0,0,0

STAR,ARK35A,35L,2
IF,ARKEK,37.635833,62.178611, ,0.0,0.0,0,0,0,0,0,0,0,0
TF,D146H,37.448611,61.984444,0, ,0.0,0.0,0.0,0.0,1,2700,0,0,0,0,0,1
CF,D163H,37.440000,61.935833,0,LBA,217.0,118.0,264.0,2.0,1,2700,0,0,0,0,0,1
CF,CF35,37.487936,61.900839,0,LBA,218.6,117.0,354.0,2.0,1,2700,0,0,0,0,0,0

STAR,ARK35A,35R,2
IF,ARKEK,37.635833,62.178611, ,0.0,0.0,0,0,0,0,0,0,0,0
TF,D146H,37.448611,61.984444,0, ,0.0,0.0,0.0,0.0,1,2700,0,0,0,0,0,1
CF,D163H,37.440000,61.935833,0,LBA,217.0,118.0,264.0,2.0,1,2700,0,0,0,0,0,1
CF,CF35,37.487936,61.900839,0,LBA,218.6,117.0,354.0,2.0,1,2700,0,0,0,0,0,0

STAR,ARK35B,35L,2
IF,ARKEK,37.635833,62.178611, ,0.0,0.0,0,0,0,0,0,0,0,0
TF,MR,37.571417,61.898333,0, ,0.0,0.0,0.0,0.0,0,0,0,0,0,0,0,1
CF,D044E,37.631667,61.984167,2,LBA,220.1,108.0,84.0,5.0,1,2700,0,0,0,0,0,1
CF,D141H,37.463333,61.990833,0,LBA,216.5,115.2,174.0,10.0,1,2700,0,0,0,0,0,1
CF,D163H,37.440000,61.935833,0,LBA,217.0,118.0,264.0,2.0,1,2700,0,0,0,0,0,1
CF,CF35,37.487936,61.900839,0,LBA,218.6,117.0,354.0,2.0,1,2700,0,0,0,0,0,0

STAR,ARK35B,35R,2
IF,ARKEK,37.635833,62.178611, ,0.0,0.0,0,0,0,0,0,0,0,0
TF,MR,37.571417,61.898333,0, ,0.0,0.0,0.0,0.0,0,0,0,0,0,0,0,1
CF,D044E,37.631667,61.984167,2,LBA,220.1,108.0,84.0,5.0,1,2700,0,0,0,0,0,1
CF,D141H,37.463333,61.990833,0,LBA,216.5,115.2,174.0,10.0,1,2700,0,0,0,0,0,1
CF,D163H,37.440000,61.935833,0,LBA,217.0,118.0,264.0,2.0,1,2700,0,0,0,0,0,1
CF,CF35,37.487936,61.900839,0,LBA,218.6,117.0,354.0,2.0,1,2700,0,0,0,0,0,0

STAR,BAS17A,ALL,2
IF,OLADI,37.208069,61.221100, ,0.0,0.0,0,0,0,0,0,0,0,0
TF,BASVO,37.292500,61.357778,0, ,0.0,0.0,0.0,0.0,0,0,0,0,0,0,0,0
TF,D336I,37.745000,61.832222,0, ,0.0,0.0,0.0,0.0,1,2100,0,0,0,0,0,1

STAR,BAS17A,17L,3
IF,D336I,37.745000,61.832222, ,0.0,0.0,1,2100,0,0,0,0,0,0
CF,FN17L,37.704444,61.893611,2,LBA,223.4,108.0,174.0,2.0,1,2100,0,0,0,0,0,0

STAR,BAS17A,17R,3
IF,D336I,37.745000,61.832222, ,0.0,0.0,1,2100,0,0,0,0,0,0
CF,FN17R,37.713611,61.891389,2,LBA,223.6,107.7,174.0,1.0,1,2100,0,0,0,0,0,0

STAR,BAS17B,ALL,2
IF,OLADI,37.208069,61.221100, ,0.0,0.0,0,0,0,0,0,0,0,0
TF,BASVO,37.292500,61.357778,0, ,0.0,0.0,0.0,0.0,0,0,0,0,0,0,0,0
TF,M,37.599194,61.898331,0, ,0.0,0.0,0.0,0.0,0,0,0,0,0,0,0,1
CI,0, ,0.0,84.0,0,0,0,0,0,0,0,0
CF,D021I,37.732778,61.979167,0,LBA,222.6,103.9,354.0,9.0,1,2100,0,0,0,0,0,1
CF,D002I,37.751667,61.917222,0,LBA,224.1,105.3,264.0,2.0,1,2100,0,0,0,0,0,1

STAR,BAS17B,17L,3
IF,D002I,37.751667,61.917222, ,0.0,0.0,1,2100,0,0,0,0,0,0
CF,FN17L,37.704444,61.893611,0,LBA,223.4,108.0,174.0,2.0,1,2100,0,0,0,0,0,0

STAR,BAS17B,17R,3
IF,D002I,37.751667,61.917222, ,0.0,0.0,1,2100,0,0,0,0,0,0
CF,FN17R,37.713611,61.891389,0,LBA,223.6,107.7,174.0,2.0,1,2100,0,0,0,0,0,0

STAR,BAS35A,35L,2
IF,OLADI,37.208069,61.221100, ,0.0,0.0,0,0,0,0,0,0,0,0
TF,BASVO,37.292500,61.357778,0, ,0.0,0.0,0.0,0.0,0,0,0,0,0,0,0,0
TF,D183H,37.440278,61.876667,0, ,0.0,0.0,0.0,0.0,1,2700,0,0,0,0,0,1
CF,CF35,37.487936,61.900839,0,LBA,218.6,117.0,354.0,2.0,1,2700,0,0,0,0,0,0

STAR,BAS35A,35R,2
IF,OLADI,37.208069,61.221100, ,0.0,0.0,0,0,0,0,0,0,0,0
TF,BASVO,37.292500,61.357778,0, ,0.0,0.0,0.0,0.0,0,0,0,0,0,0,0,0
TF,D183H,37.440278,61.876667,0, ,0.0,0.0,0.0,0.0,1,2700,0,0,0,0,0,1
CF,CF35,37.487936,61.900839,0,LBA,218.6,117.0,354.0,2.0,1,2700,0,0,0,0,0,0

STAR,EKD17A,ALL,2
IF,LEMOD,36.166686,64.290906, ,0.0,0.0,0,0,0,0,0,0,0,0
TF,EKDIN,37.299722,62.440556,0, ,0.0,0.0,0.0,0.0,0,0,0,0,0,0,0,0
TF,D017I,37.742222,61.972778,0, ,0.0,0.0,0.0,0.0,1,2100,0,0,0,0,0,1
CF,D002I,37.751667,61.917222,0,LBA,224.1,105.3,264.0,2.0,1,2100,0,0,0,0,0,1

STAR,EKD17A,17L,3
IF,D002I,37.751667,61.917222, ,0.0,0.0,1,2100,0,0,0,0,0,0
CF,FN17L,37.704444,61.893611,0,LBA,223.4,108.0,174.0,2.0,1,2100,0,0,0,0,0,0

STAR,EKD17A,17R,3
IF,D002I,37.751667,61.917222, ,0.0,0.0,1,2100,0,0,0,0,0,0
CF,FN17R,37.713611,61.891389,0,LBA,223.6,107.7,174.0,2.0,1,2100,0,0,0,0,0,0

STAR,EKD35A,35L,2
IF,LEMOD,36.166686,64.290906, ,0.0,0.0,0,0,0,0,0,0,0,0
TF,EKDIN,37.299722,62.440556,0, ,0.0,0.0,0.0,0.0,0,0,0,0,0,0,0,0
TF,D167H,37.441667,61.923611,0, ,0.0,0.0,0.0,0.0,1,2700,0,0,0,0,0,1
CF,CF35,37.487936,61.900839,0,LBA,218.6,117.0,354.0,2.0,1,2700,0,0,0,0,0,0

STAR,EKD35A,35R,2
IF,LEMOD,36.166686,64.290906, ,0.0,0.0,0,0,0,0,0,0,0,0
TF,EKDIN,37.299722,62.440556,0, ,0.0,0.0,0.0,0.0,0,0,0,0,0,0,0,0
TF,D167H,37.441667,61.923611,0, ,0.0,0.0,0.0,0.0,1,2700,0,0,0,0,0,1
CF,CF35,37.487936,61.900839,0,LBA,218.6,117.0,354.0,2.0,1,2700,0,0,0,0,0,0

STAR,GIN17A,ALL,2
IF,ABDAN,38.595025,59.365761, ,0.0,0.0,0,0,0,0,0,0,0,0
TF,GINET,37.863333,61.286667,0, ,0.0,0.0,0.0,0.0,0,0,0,0,0,0,0,0
TF,D346I,37.754167,61.865833,0, ,0.0,0.0,0.0,0.0,1,2100,0,0,0,0,0,1

STAR,GIN17A,17L,3
IF,D346I,37.754167,61.865833, ,0.0,0.0,1,2100,0,0,0,0,0,0
CF,FN17L,37.704444,61.893611,0,LBA,223.4,108.0,174.0,2.0,1,2100,0,0,0,0,0,0

STAR,GIN17A,17R,3
IF,D346I,37.754167,61.865833, ,0.0,0.0,1,2100,0,0,0,0,0,0
CF,FN17R,37.713611,61.891389,0,LBA,223.6,107.7,174.0,2.0,1,2100,0,0,0,0,0,0

STAR,GIN35A,35L,2
IF,ABDAN,38.595025,59.365761, ,0.0,0.0,0,0,0,0,0,0,0,0
TF,GINET,37.863333,61.286667,0, ,0.0,0.0,0.0,0.0,0,0,0,0,0,0,0,0
TF,D196H,37.446389,61.839722,0, ,0.0,0.0,0.0,0.0,1,2700,0,0,0,0,0,1
CF,CF35,37.487936,61.900839,1,LBA,218.6,117.0,354.0,2.0,1,2700,0,0,0,0,0,0

STAR,GIN35A,35R,2
IF,ABDAN,38.595025,59.365761, ,0.0,0.0,0,0,0,0,0,0,0,0
TF,GINET,37.863333,61.286667,0, ,0.0,0.0,0.0,0.0,0,0,0,0,0,0,0,0
TF,D196H,37.446389,61.839722,0, ,0.0,0.0,0.0,0.0,1,2700,0,0,0,0,0,1
CF,CF35,37.487936,61.900839,1,LBA,218.6,117.0,354.0,2.0,1,2700,0,0,0,0,0,0

STAR,LUN17A,ALL,2
IF,OLCHE,38.126436,62.484169, ,0.0,0.0,0,0,0,0,0,0,0,0
TF,LUNEB,38.018889,62.357778,0, ,0.0,0.0,0.0,0.0,0,0,0,0,0,0,0,0
TF,D357I,37.747778,61.902778,0, ,0.0,0.0,0.0,0.0,1,2100,0,0,0,0,0,1

STAR,LUN17A,17L,3
IF,D357I,37.747778,61.902778, ,0.0,0.0,1,2100,0,0,0,0,0,0
CF,FN17L,37.704444,61.893611,0,LBA,223.4,108.0,174.0,2.0,1,2100,0,0,0,0,0,0

STAR,LUN17A,17R,3
IF,D357I,37.747778,61.902778, ,0.0,0.0,1,2100,0,0,0,0,0,0
CF,FN17R,37.713611,61.891389,0,LBA,223.6,107.7,174.0,1.0,1,2100,0,0,0,0,0,0

STAR,LUN35A,35L,2
IF,OLCHE,38.126436,62.484169, ,0.0,0.0,0,0,0,0,0,0,0,0
TF,LUNEB,38.018889,62.357778,0, ,0.0,0.0,0.0,0.0,0,0,0,0,0,0,0,0
TF,D145H,37.452500,61.987778,0, ,0.0,0.0,0.0,0.0,1,2700,0,0,0,0,0,1
CF,D163H,37.440000,61.935833,0,LBA,217.0,118.0,264.0,2.0,1,2700,0,0,0,0,0,0
CF,CF35,37.487936,61.900839,0,LBA,218.6,117.0,354.0,2.0,1,2700,0,0,0,0,0,0

STAR,LUN35A,35R,2
IF,OLCHE,38.126436,62.484169, ,0.0,0.0,0,0,0,0,0,0,0,0
TF,LUNEB,38.018889,62.357778,0, ,0.0,0.0,0.0,0.0,0,0,0,0,0,0,0,0
TF,D145H,37.452500,61.987778,0, ,0.0,0.0,0.0,0.0,1,2700,0,0,0,0,0,1
CF,D163H,37.440000,61.935833,0,LBA,217.0,118.0,264.0,2.0,1,2700,0,0,0,0,0,0
CF,CF35,37.487936,61.900839,0,LBA,218.6,117.0,354.0,2.0,1,2700,0,0,0,0,0,0

STAR,MIV17A,ALL,2
IF,RUBAD,38.007500,60.178611, ,0.0,0.0,0,0,0,0,0,0,0,0
TF,MIVNA,37.771944,61.241944,0, ,0.0,0.0,0.0,0.0,0,0,0,0,0,0,0,0
TF,D345I,37.754722,61.860000,0, ,0.0,0.0,0.0,0.0,1,2100,0,0,0,0,0,1

STAR,MIV17A,17L,3
IF,D345I,37.754722,61.860000, ,0.0,0.0,1,2100,0,0,0,0,0,0
CF,FN17L,37.704444,61.893611,0,LBA,223.4,108.0,174.0,2.0,1,2100,0,0,0,0,0,0

STAR,MIV17A,17R,3
IF,D345I,37.754722,61.860000, ,0.0,0.0,1,2100,0,0,0,0,0,0
CF,FN17R,37.713611,61.891389,0,LBA,223.6,107.7,174.0,2.0,1,2100,0,0,0,0,0,0

STAR,MIV35A,35L,2
IF,RUBAD,38.007500,60.178611, ,0.0,0.0,0,0,0,0,0,0,0,0
TF,MIVNA,37.771944,61.241944,0, ,0.0,0.0,0.0,0.0,0,0,0,0,0,0,0,0
TF,D194H,37.443611,61.844167,0, ,0.0,0.0,0.0,0.0,1,2700,0,0,0,0,0,1
CF,CF35,37.487936,61.900839,1,LBA,218.6,117.0,354.0,2.0,1,2700,0,0,0,0,0,0

STAR,MIV35A,35R,2
IF,RUBAD,38.007500,60.178611, ,0.0,0.0,0,0,0,0,0,0,0,0
TF,MIVNA,37.771944,61.241944,0, ,0.0,0.0,0.0,0.0,0,0,0,0,0,0,0,0
TF,D194H,37.443611,61.844167,0, ,0.0,0.0,0.0,0.0,1,2700,0,0,0,0,0,1
CF,CF35,37.487936,61.900839,1,LBA,218.6,117.0,354.0,2.0,1,2700,0,0,0,0,0,0

STAR,NEL17A,ALL,2
IF,RINAT,37.687822,63.368642, ,0.0,0.0,0,0,0,0,0,0,0,0
TF,NELIN,37.654444,62.574444,0, ,0.0,0.0,0.0,0.0,0,0,0,0,0,0,0,0
TF,D012J,37.751667,61.952778,0, ,0.0,0.0,0.0,0.0,1,2100,0,0,0,0,0,1
CF,D002I,37.751667,61.917222,0,LBA,224.1,105.3,264.0,1.0,1,2100,0,0,0,0,0,1

STAR,NEL17A,17L,3
IF,D002I,37.751667,61.917222, ,0.0,0.0,1,2100,0,0,0,0,0,0
CF,FN17L,37.704444,61.893611,0,LBA,223.4,108.0,174.0,2.0,1,2100,0,0,0,0,0,0

STAR,NEL17A,17R,3
IF,D002I,37.751667,61.917222, ,0.0,0.0,1,2100,0,0,0,0,0,0
CF,FN17R,37.713611,61.891389,0,LBA,223.6,107.7,174.0,2.0,1,2100,0,0,0,0,0,0

STAR,NEL35A,35L,2
IF,RINAT,37.687822,63.368642, ,0.0,0.0,0,0,0,0,0,0,0,0
TF,NELIN,37.654444,62.574444,0, ,0.0,0.0,0.0,0.0,0,0,0,0,0,0,0,0
TF,D151I,37.442222,61.973889,0, ,0.0,0.0,0.0,0.0,1,2700,0,0,0,0,0,1
CF,D163H,37.440000,61.935833,0,LBA,217.0,118.0,264.0,1.0,1,2700,0,0,0,0,0,0
CF,CF35,37.487936,61.900839,0,LBA,218.6,117.0,354.0,2.0,1,2700,0,0,0,0,0,0

STAR,NEL35A,35R,2
IF,RINAT,37.687822,63.368642, ,0.0,0.0,0,0,0,0,0,0,0,0
TF,NELIN,37.654444,62.574444,0, ,0.0,0.0,0.0,0.0,0,0,0,0,0,0,0,0
TF,D151I,37.442222,61.973889,0, ,0.0,0.0,0.0,0.0,1,2700,0,0,0,0,0,1
CF,D163H,37.440000,61.935833,0,LBA,217.0,118.0,264.0,1.0,1,2700,0,0,0,0,0,0
CF,CF35,37.487936,61.900839,0,LBA,218.6,117.0,354.0,2.0,1,2700,0,0,0,0,0,0

STAR,PEM17A,ALL,2
IF,DAVET,36.960875,64.786739, ,0.0,0.0,0,0,0,0,0,0,0,0
TF,PEMER,37.479167,62.550833,0, ,0.0,0.0,0.0,0.0,0,0,0,0,0,0,0,0
TF,D015I,37.748056,61.964167,0, ,0.0,0.0,0.0,0.0,1,2100,0,0,0,0,0,1
CF,D002I,37.751667,61.917222,0,LBA,224.1,105.3,264.0,2.0,1,2100,0,0,0,0,0,1

STAR,PEM17A,17L,3
IF,D002I,37.751667,61.917222, ,0.0,0.0,1,2100,0,0,0,0,0,0
CF,FN17L,37.704444,61.893611,0,LBA,223.6,107.7,174.0,2.0,1,2100,0,0,0,0,0,0

STAR,PEM17A,17R,3
IF,D002I,37.751667,61.917222, ,0.0,0.0,1,2100,0,0,0,0,0,0
CF,FN17R,37.713611,61.891389,0,LBA,223.6,107.7,174.0,2.0,1,2100,0,0,0,0,0,0

STAR,PEM35A,35L,2
IF,DAVET,36.960875,64.786739, ,0.0,0.0,0,0,0,0,0,0,0,0
TF,PEMER,37.479167,62.550833,0, ,0.0,0.0,0.0,0.0,0,0,0,0,0,0,0,0
TF,D154H,37.440556,61.964722,0, ,0.0,0.0,0.0,0.0,1,2700,0,0,0,0,0,0
TF,D163H,37.440000,61.935833,0,LBA,217.0,118.0,0.0,0.0,1,2700,0,0,0,0,0,0
CF,CF35,37.487936,61.900839,0,LBA,218.6,117.0,354.0,2.0,1,2700,0,0,0,0,0,0

STAR,PEM35A,35R,2
IF,DAVET,36.960875,64.786739, ,0.0,0.0,0,0,0,0,0,0,0,0
TF,PEMER,37.479167,62.550833,0, ,0.0,0.0,0.0,0.0,0,0,0,0,0,0,0,0
TF,D154H,37.440556,61.964722,0, ,0.0,0.0,0.0,0.0,1,2700,0,0,0,0,0,0
TF,D163H,37.440000,61.935833,0,LBA,217.0,118.0,0.0,0.0,1,2700,0,0,0,0,0,0
CF,CF35,37.487936,61.900839,0,LBA,218.6,117.0,354.0,2.0,1,2700,0,0,0,0,0,0

STAR,PES17A,ALL,2
IF,RANAH,35.583331,63.199222, ,0.0,0.0,0,0,0,0,0,0,0,0
TF,PESOK,37.142778,62.209167,0, ,0.0,0.0,0.0,0.0,0,0,0,0,0,0,0,0
TF,D021I,37.732778,61.979167,0, ,0.0,0.0,0.0,0.0,1,2100,0,0,0,0,0,1
CF,D002I,37.751667,61.917222,0,LBA,224.1,105.3,264.0,2.0,1,2100,0,0,0,0,0,1

STAR,PES17A,17L,3
IF,D002I,37.751667,61.917222, ,0.0,0.0,1,2100,0,0,0,0,0,0
CF,FN17L,37.704444,61.893611,0,LBA,223.4,108.0,174.0,2.0,1,2100,0,0,0,0,0,0

STAR,PES17A,17R,3
IF,D002I,37.751667,61.917222, ,0.0,0.0,1,2100,0,0,0,0,0,0
CF,FN17R,37.713611,61.891389,0,LBA,223.6,107.7,174.0,2.0,1,2100,0,0,0,0,0,0

STAR,PES35A,35L,2
IF,RANAH,35.583331,63.199222, ,0.0,0.0,0,0,0,0,0,0,0,0
TF,PESOK,37.142778,62.209167,0, ,0.0,0.0,0.0,0.0,0,0,0,0,0,0,0,0
TF,D172G,37.450556,61.907778,0, ,0.0,0.0,0.0,0.0,1,2700,0,0,0,0,0,1
CF,CF35,37.487936,61.900839,0,LBA,218.6,117.0,354.0,2.0,1,2700,0,0,0,0,0,0

STAR,PES35A,35R,2
IF,RANAH,35.583331,63.199222, ,0.0,0.0,0,0,0,0,0,0,0,0
TF,PESOK,37.142778,62.209167,0, ,0.0,0.0,0.0,0.0,0,0,0,0,0,0,0,0
TF,D172G,37.450556,61.907778,0, ,0.0,0.0,0.0,0.0,1,2700,0,0,0,0,0,1
CF,CF35,37.487936,61.900839,0,LBA,218.6,117.0,354.0,2.0,1,2700,0,0,0,0,0,0

STAR,SAD17A,ALL,2
IF,BELUG,37.750019,60.532467, ,0.0,0.0,0,0,0,0,0,0,0,0
TF,SADAP,37.687222,61.220556,0, ,0.0,0.0,0.0,0.0,0,0,0,0,0,0,0,0
TF,D343J,37.754444,61.854167,0, ,0.0,0.0,0.0,0.0,1,2100,0,0,0,0,0,1

STAR,SAD17A,17L,3
IF,D343J,37.754444,61.854167, ,0.0,0.0,1,2100,0,0,0,0,0,0
CF,FN17L,37.704444,61.893611,2,LBA,223.4,108.0,174.0,2.0,1,2100,0,0,0,0,0,0

STAR,SAD17A,17R,3
IF,D343J,37.754444,61.854167, ,0.0,0.0,1,2100,0,0,0,0,0,0
CF,FN17R,37.713611,61.891389,2,LBA,223.6,107.7,174.0,2.0,1,2100,0,0,0,0,0,0

STAR,SAD35A,35L,2
IF,BELUG,37.750019,60.532467, ,0.0,0.0,0,0,0,0,0,0,0,0
TF,SADAP,37.687222,61.220556,0, ,0.0,0.0,0.0,0.0,0,0,0,0,0,0,0,0
TF,D193H,37.441667,61.848611,0, ,0.0,0.0,0.0,0.0,1,2700,0,0,0,0,0,1
CF,CF35,37.487936,61.900839,1,LBA,218.6,117.0,354.0,2.0,1,2700,0,0,0,0,0,0

STAR,SAD35A,35R,2
IF,BELUG,37.750019,60.532467, ,0.0,0.0,0,0,0,0,0,0,0,0
TF,SADAP,37.687222,61.220556,0, ,0.0,0.0,0.0,0.0,0,0,0,0,0,0,0,0
TF,D193H,37.441667,61.848611,0, ,0.0,0.0,0.0,0.0,1,2700,0,0,0,0,0,1
CF,CF35,37.487936,61.900839,1,LBA,218.6,117.0,354.0,2.0,1,2700,0,0,0,0,0,0

STAR,SUV17A,ALL,2
IF,DUTAR,38.655047,61.384136, ,0.0,0.0,0,0,0,0,0,0,0,0
TF,SUVOG,38.125000,61.648333,0, ,0.0,0.0,0.0,0.0,0,0,0,0,0,0,0,0
TF,D353H,37.739722,61.889167,0, ,0.0,0.0,0.0,0.0,1,2100,0,0,0,0,0,1

STAR,SUV17A,17L,3
IF,D353H,37.739722,61.889167, ,0.0,0.0,1,2100,0,0,0,0,0,0
CF,FN17L,37.704444,61.893611,0,LBA,223.4,108.0,174.0,2.0,1,2100,0,0,0,0,0,0

STAR,SUV17A,17R,3
IF,D353H,37.739722,61.889167, ,0.0,0.0,1,2100,0,0,0,0,0,0
CF,FN17R,37.713611,61.891389,0,LBA,223.6,107.7,174.0,1.0,1,2100,0,0,0,0,0,0

STAR,SUV35A,35L,2
IF,DUTAR,38.655047,61.384136, ,0.0,0.0,0,0,0,0,0,0,0,0
TF,SUVOG,38.125000,61.648333,0, ,0.0,0.0,0.0,0.0,0,0,0,0,0,0,0,0
TF,D044E,37.631667,61.984167,0, ,0.0,0.0,0.0,0.0,1,2700,0,0,0,0,0,1
CF,D141H,37.463333,61.990833,0,LBA,216.5,115.2,174.0,10.0,1,2700,0,0,0,0,0,1
CF,D163H,37.440000,61.935833,0,LBA,217.0,118.0,264.0,2.0,1,2700,0,0,0,0,0,0
CF,CF35,37.487936,61.900839,0,LBA,218.6,117.0,354.0,2.0,1,2700,0,0,0,0,0,0

STAR,SUV35A,35R,2
IF,DUTAR,38.655047,61.384136, ,0.0,0.0,0,0,0,0,0,0,0,0
TF,SUVOG,38.125000,61.648333,0, ,0.0,0.0,0.0,0.0,0,0,0,0,0,0,0,0
TF,D044E,37.631667,61.984167,0, ,0.0,0.0,0.0,0.0,1,2700,0,0,0,0,0,1
CF,D141H,37.463333,61.990833,0,LBA,216.5,115.2,174.0,10.0,1,2700,0,0,0,0,0,1
CF,D163H,37.440000,61.935833,0,LBA,217.0,118.0,264.0,2.0,1,2700,0,0,0,0,0,0
CF,CF35,37.487936,61.900839,0,LBA,218.6,117.0,354.0,2.0,1,2700,0,0,0,0,0,0

STAR,TEL17A,ALL,2
IF,TELMI,37.649444,61.614444, ,0.0,0.0,0,0,0,0,0,0,0,0
TF,D339J,37.751389,61.841944,0, ,0.0,0.0,0.0,0.0,1,2100,0,0,0,0,0,1

STAR,TEL17A,17L,3
IF,D339J,37.751389,61.841944, ,0.0,0.0,1,2100,0,0,0,0,0,0
CF,FN17L,37.704444,61.893611,2,LBA,223.4,108.0,174.0,2.0,1,2100,0,0,0,0,0,0

STAR,TEL17A,17R,3
IF,D339J,37.751389,61.841944, ,0.0,0.0,1,2100,0,0,0,0,0,0
CF,FN17R,37.713611,61.891389,2,LBA,223.6,107.7,174.0,2.0,1,2100,0,0,0,0,0,0

STAR,TEL17B,ALL,2
IF,TELMI,37.649444,61.614444, ,0.0,0.0,0,0,0,0,0,0,0,0
TF,M,37.599194,61.898331,0, ,0.0,0.0,0.0,0.0,0,0,0,0,0,0,0,1
CI,0, ,0.0,84.0,0,0,0,0,0,0,0,0
CF,D021I,37.732778,61.979167,0,LBA,222.6,103.9,354.0,9.0,1,2100,0,0,0,0,0,1
CF,D002I,37.751667,61.917222,0,LBA,224.1,105.3,264.0,2.0,1,2100,0,0,0,0,0,1

STAR,TEL17B,17L,3
IF,D002I,37.751667,61.917222, ,0.0,0.0,1,2100,0,0,0,0,0,0
CF,FN17L,37.704444,61.893611,0,LBA,223.4,108.0,174.0,2.0,1,2100,0,0,0,0,0,0

STAR,TEL17B,17R,3
IF,D002I,37.751667,61.917222, ,0.0,0.0,1,2100,0,0,0,0,0,0
CF,FN17R,37.713611,61.891389,0,LBA,223.6,107.7,174.0,2.0,1,2100,0,0,0,0,0,0

STAR,TEL35A,35L,2
IF,TELMI,37.649444,61.614444, ,0.0,0.0,0,0,0,0,0,0,0,0
TF,D197H,37.448333,61.837500,0, ,0.0,0.0,0.0,0.0,1,2700,0,0,0,0,0,1
CF,CF35,37.487936,61.900839,1,LBA,218.6,117.0,354.0,2.0,1,2700,0,0,0,0,0,0

STAR,TEL35A,35R,2
IF,TELMI,37.649444,61.614444, ,0.0,0.0,0,0,0,0,0,0,0,0
TF,D197H,37.448333,61.837500,0, ,0.0,0.0,0.0,0.0,1,2700,0,0,0,0,0,1
CF,CF35,37.487936,61.900839,1,LBA,218.6,117.0,354.0,2.0,1,2700,0,0,0,0,0,0

STAR,TEL35B,35L,2
IF,TELMI,37.649444,61.614444, ,0.0,0.0,0,0,0,0,0,0,0,0
TF,MR,37.571417,61.898333,0, ,0.0,0.0,0.0,0.0,0,0,0,0,0,0,0,1
CI,0, ,0.0,84.0,0,0,0,0,0,0,0,0
CF,D141H,37.463333,61.990833,0,LBA,216.5,115.2,174.0,7.0,1,2700,0,0,0,0,0,1
CF,D163H,37.440000,61.935833,0,LBA,217.0,118.0,264.0,2.0,1,2700,0,0,0,0,0,1
CF,CF35,37.487936,61.900839,0,LBA,218.6,117.0,354.0,2.0,1,2700,0,0,0,0,0,0

STAR,TEL35B,35R,2
IF,TELMI,37.649444,61.614444, ,0.0,0.0,0,0,0,0,0,0,0,0
TF,MR,37.571417,61.898333,0, ,0.0,0.0,0.0,0.0,0,0,0,0,0,0,0,1
CI,0, ,0.0,84.0,0,0,0,0,0,0,0,0
CF,D141H,37.463333,61.990833,0,LBA,216.5,115.2,174.0,7.0,1,2700,0,0,0,0,0,1
CF,D163H,37.440000,61.935833,0,LBA,217.0,118.0,264.0,2.0,1,2700,0,0,0,0,0,1
CF,CF35,37.487936,61.900839,0,LBA,218.6,117.0,354.0,2.0,1,2700,0,0,0,0,0,0

STAR,XIG17A,ALL,2
IF,DERKI,38.531747,65.105889, ,0.0,0.0,0,0,0,0,0,0,0,0
TF,XIGRO,37.811111,62.533333,0, ,0.0,0.0,0.0,0.0,0,0,0,0,0,0,0,0
TF,D002I,37.751667,61.917222,0, ,0.0,0.0,0.0,0.0,1,2100,0,0,0,0,0,1

STAR,XIG17A,17L,3
IF,D002I,37.751667,61.917222, ,0.0,0.0,1,2100,0,0,0,0,0,0
CF,FN17L,37.704444,61.893611,0,LBA,223.4,108.0,174.0,2.0,1,2100,0,0,0,0,0,0

STAR,XIG17A,17R,3
IF,D002I,37.751667,61.917222, ,0.0,0.0,1,2100,0,0,0,0,0,0
CF,FN17R,37.713611,61.891389,0,LBA,223.6,107.7,174.0,2.0,1,2100,0,0,0,0,0,0

STAR,XIG35A,35L,2
IF,DERKI,38.531747,65.105889, ,0.0,0.0,0,0,0,0,0,0,0,0
TF,XIGRO,37.811111,62.533333,0, ,0.0,0.0,0.0,0.0,0,0,0,0,0,0,0,0
TF,D148I,37.445556,61.980556,0, ,0.0,0.0,0.0,0.0,1,2700,0,0,0,0,0,1
CF,D163H,37.440000,61.935833,0,LBA,217.0,118.0,264.0,2.0,1,2700,0,0,0,0,0,0
CF,CF35,37.487936,61.900839,0,LBA,218.6,117.0,354.0,2.0,1,2700,0,0,0,0,0,0

STAR,XIG35A,35R,2
IF,DERKI,38.531747,65.105889, ,0.0,0.0,0,0,0,0,0,0,0,0
TF,XIGRO,37.811111,62.533333,0, ,0.0,0.0,0.0,0.0,0,0,0,0,0,0,0,0
TF,D148I,37.445556,61.980556,0, ,0.0,0.0,0.0,0.0,1,2700,0,0,0,0,0,1
CF,D163H,37.440000,61.935833,0,LBA,217.0,118.0,264.0,2.0,1,2700,0,0,0,0,0,0
CF,CF35,37.487936,61.900839,0,LBA,218.6,117.0,354.0,2.0,1,2700,0,0,0,0,0,0

FINAL,I35L,35L,I,3
IF,CF35,37.487936,61.900839,IML,173.3,9.4,1,2700,0,0,0,0,0,0
CF,FF35,37.507222,61.899167,0,IML,173.6,8.2,354.0,1.2,1,2700,0,0,0,0,2,0
CF,RW35L,37.607442,61.896364,0,IML,173.3,2.2,354.0,6.0,1,785,0,0,0,0,3,0
CA,0,354.0,2,1400,0,0,0,0,0,0
VM,0,0,2,174.0,1,2700,0,0,0,0,0,0

FINAL,N17L,17L,N,2
IF,FN17L,37.704444,61.893611,M,0.0,0.0,1,2100,0,0,0,0,2,0
CF,MN17L,37.649514,61.897225,0,M,0.0,0.0,174.0,3.3,1,1097,0,0,0,0,3,0
CA,0,174.0,2,2700,0,0,0,0,0,0
VM,0,0,1,354.0,0,0,0,0,0,0,0,0

FINAL,N17R,17R,N,2
IF,FN17R,37.713611,61.891389,M,0.0,0.0,1,2100,0,0,0,0,2,0
CF,MN17R,37.658358,61.895731,0,M,0.0,0.0,173.0,3.3,1,1093,0,0,0,0,3,0
CA,0,174.0,2,2700,0,0,0,0,0,0
VM,0,0,1,354.0,0,0,0,0,0,0,0,0

FINAL,N35L,35L,N,4
IF,CF35,37.487936,61.900839,MR,0.0,0.0,1,2700,0,0,0,0,0,0
CF,FF35,37.507222,61.899167,0,MR,0.0,0.0,354.0,1.2,1,2700,0,0,0,0,2,0
CF,MR,37.571417,61.898333,0,MR,0.0,0.0,354.0,3.9,1,1490,0,0,0,0,0,0
CF,MN35L,37.594597,61.896828,0,MR,0.0,0.0,354.0,1.4,1,1031,0,0,0,0,3,0
CA,0,354.0,2,1400,0,0,0,0,0,0
VM,0,0,2,174.0,1,2700,0,0,0,0,0,0

FINAL,N35R,35R,N,4
IF,CF35,37.487936,61.900839,MR,0.0,0.0,1,2700,0,0,0,0,0,0
CF,FF35,37.507222,61.899167,0,MR,0.0,0.0,354.0,1.2,1,2700,0,0,0,0,2,0
CF,MR,37.571417,61.898333,0,MR,0.0,0.0,354.0,3.9,1,1490,0,0,0,0,0,0
CF,MN35R,37.594686,61.897822,0,MR,0.0,0.0,354.0,1.4,1,1030,0,0,0,0,3,0
CA,0,354.0,2,1400,0,0,0,0,0,0
VM,0,0,2,174.0,1,2700,0,0,0,0,0,0

