SID,CHA13D,13,2
CA,0,125.0,2,1300,0,0,0,0,0,0
CF,CHARD,39.258419,63.822514,1,LBA,22.7,23.4,18.0,22.0,0,0,0,0,0,0,0,0

SID,CHA31D,31,2
CA,0,305.0,2,2000,0,0,0,0,0,0
CF,CHARD,39.258419,63.822514,0,LBA,22.7,23.4,35.0,22.0,0,0,0,0,0,0,0,0

SID,EKP13D,13,2
CA,0,125.0,2,1300,0,0,0,0,0,0
CF,EKPUS,38.389167,64.377500,0,LBA,125.1,48.6,126.0,48.0,0,0,0,0,0,0,0,0
TF,PENJI,38.090000,64.816667,0, ,0.0,0.0,0.0,0.0,0,0,0,0,0,0,0,0

SID,EKP31D,31,2
CA,0,305.0,2,2000,0,0,0,0,0,0
CF,EKPUS,38.389167,64.377500,2,LBA,125.1,48.6,130.0,52.0,0,0,0,0,0,0,0,0
TF,PENJI,38.090000,64.816667,0, ,0.0,0.0,0.0,0.0,0,0,0,0,0,0,0,0

SID,GOD13D,13,2
CA,0,125.0,2,1300,0,0,0,0,0,0
CF,GODBA,38.121944,63.808056,0,LBA,162.7,48.6,165.0,48.0,0,0,0,0,0,0,0,0
TF,NURSA,37.361989,64.012828,0, ,0.0,0.0,0.0,0.0,0,0,0,0,0,0,0,0

SID,GOD31D,31,2
CA,0,305.0,2,2000,0,0,0,0,0,0
CF,GODBA,38.121944,63.808056,1,LBA,162.7,48.6,155.0,52.0,0,0,0,0,0,0,0,0
TF,NURSA,37.361989,64.012828,0, ,0.0,0.0,0.0,0.0,0,0,0,0,0,0,0,0

SID,MAN13D,13,2
CA,0,125.0,2,1300,0,0,0,0,0,0
CF,MANAT,39.078417,64.145858,0,LBA,64.1,27.8,63.0,27.0,0,0,0,0,0,0,0,0

SID,MAN31D,31,2
CA,0,305.0,2,2000,0,0,0,0,0,0
CF,MANAT,39.078417,64.145858,2,LBA,64.1,27.8,75.0,28.0,0,0,0,0,0,0,0,0

SID,MIL13D,13,2
CA,0,125.0,2,1300,0,0,0,0,0,0
CF,MILKA,39.448889,62.807500,2,LBA,306.6,48.6,312.0,49.0,0,0,0,0,0,0,0,0
TF,TUTMA,40.455086,61.282436,0, ,0.0,0.0,0.0,0.0,0,0,0,0,0,0,0,0

SID,MIL31D,31,2
CA,0,305.0,2,2000,0,0,0,0,0,0
CF,MILKA,39.448889,62.807500,0,LBA,306.6,48.6,305.0,45.0,0,0,0,0,0,0,0,0
TF,TUTMA,40.455086,61.282436,0, ,0.0,0.0,0.0,0.0,0,0,0,0,0,0,0,0

SID,NIT13D,13,2
CA,0,125.0,2,1300,0,0,0,0,0,0
CF,NITKU,38.370000,62.822778,2,LBA,223.1,48.6,226.0,46.0,0,0,0,0,0,0,0,0
TF,OLCHE,38.126436,62.484169,0, ,0.0,0.0,0.0,0.0,0,0,0,0,0,0,0,0

SID,NIT31D,31,2
CA,0,305.0,2,2000,0,0,0,0,0,0
CF,NITKU,38.370000,62.822778,0,LBA,223.1,48.6,215.0,47.0,0,0,0,0,0,0,0,0
TF,OLCHE,38.126436,62.484169,0, ,0.0,0.0,0.0,0.0,0,0,0,0,0,0,0,0

SID,OBI13D,13,2
CA,0,125.0,2,1300,0,0,0,0,0,0
CF,OBINO,38.798611,62.562778,2,LBA,257.2,48.6,260.0,46.0,0,0,0,0,0,0,0,0
TF,DUTAR,38.655047,61.384136,0, ,0.0,0.0,0.0,0.0,0,0,0,0,0,0,0,0

SID,OBI31D,31,2
CA,0,305.0,2,2000,0,0,0,0,0,0
VI,0, ,0.0,280.0,0,0,0,0,0,0,0,0
CF,OBINO,38.798611,62.562778,0,LBA,257.2,48.6,250.0,43.0,0,0,0,0,0,0,0,0
TF,DUTAR,38.655047,61.384136,0, ,0.0,0.0,0.0,0.0,0,0,0,0,0,0,0,0

SID,SUX13D,13,2
CA,0,125.0,2,1300,0,0,0,0,0,0
CF,SUXAS,39.577500,62.991667,2,LBA,320.2,48.6,326.0,48.0,0,0,0,0,0,0,0,0
TF,POGON,39.843419,62.747481,0, ,0.0,0.0,0.0,0.0,0,0,0,0,0,0,0,0

SID,SUX31D,31,2
CA,0,305.0,2,2000,0,0,0,0,0,0
VI,0, ,0.0,350.0,0,0,0,0,0,0,0,0
CF,SUXAS,39.577500,62.991667,0,LBA,320.2,48.6,320.0,44.0,0,0,0,0,0,0,0,0
TF,POGON,39.843419,62.747481,0, ,0.0,0.0,0.0,0.0,0,0,0,0,0,0,0,0

SID,VEB13D,13,2
CA,0,125.0,2,1300,0,0,0,0,0,0
CF,VEBUR,38.875556,62.552778,2,LBA,262.6,48.6,265.0,47.0,0,0,0,0,0,0,0,0
TF,VATIN,38.814217,61.244686,0, ,0.0,0.0,0.0,0.0,0,0,0,0,0,0,0,0

SID,VEB31D,31,2
CA,0,305.0,2,2000,0,0,0,0,0,0
VI,0, ,0.0,285.0,0,0,0,0,0,0,0,0
CF,VEBUR,38.875556,62.552778,0,LBA,262.6,48.6,255.0,42.0,0,0,0,0,0,0,0,0
TF,VATIN,38.814217,61.244686,0, ,0.0,0.0,0.0,0.0,0,0,0,0,0,0,0,0

STAR,CHA13A,13,2
IF,CHARD,39.258419,63.822514, ,0.0,0.0,0,0,0,0,0,0,0,0
TF,TEGLI,39.091667,63.409444,0, ,0.0,0.0,0.0,0.0,1,3000,0,0,0,0,0,0

STAR,CHA31A,31,2
IF,CHARD,39.258419,63.822514, ,0.0,0.0,0,0,0,0,0,0,0,0
TF,BABOS,38.838056,63.791389,0, ,0.0,0.0,0.0,0.0,1,3000,0,0,0,0,0,0

STAR,EKP13A,13,2
IF,PENJI,38.090000,64.816667, ,0.0,0.0,0,0,0,0,0,0,0,0
TF,EKPUS,38.389167,64.377500,0, ,0.0,0.0,0.0,0.0,0,0,0,0,0,0,0,0
TF,NAZIK,38.828056,63.451667,0, ,0.0,0.0,0.0,0.0,0,0,0,0,0,0,0,0
TF,LUGIN,39.023333,63.335833,0, ,0.0,0.0,0.0,0.0,0,0,0,0,0,0,0,0

STAR,EKP31A,31,2
IF,PENJI,38.090000,64.816667, ,0.0,0.0,0,0,0,0,0,0,0,0
TF,EKPUS,38.389167,64.377500,0, ,0.0,0.0,0.0,0.0,0,0,0,0,0,0,0,0
TF,CF31,38.831944,63.714167,0, ,0.0,0.0,0.0,0.0,1,2500,0,0,0,0,0,0

STAR,GOD13A,13,2
IF,NURSA,37.361989,64.012828, ,0.0,0.0,0,0,0,0,0,0,0,0
TF,GODBA,38.121944,63.808056,0, ,0.0,0.0,0.0,0.0,0,0,0,0,0,0,0,0
TF,NAZIK,38.828056,63.451667,0, ,0.0,0.0,0.0,0.0,0,0,0,0,0,0,0,0
TF,LUGIN,39.023333,63.335833,0, ,0.0,0.0,0.0,0.0,0,0,0,0,0,0,0,0

STAR,GOD31A,31,2
IF,NURSA,37.361989,64.012828, ,0.0,0.0,0,0,0,0,0,0,0,0
TF,GODBA,38.121944,63.808056,0, ,0.0,0.0,0.0,0.0,0,0,0,0,0,0,0,0
TF,USULU,38.769722,63.718056,0, ,0.0,0.0,0.0,0.0,0,0,0,0,0,0,0,0

STAR,MAN13A,13,2
IF,MANAT,39.078417,64.145858, ,0.0,0.0,0,0,0,0,0,0,0,0
TF,TEGLI,39.091667,63.409444,0, ,0.0,0.0,0.0,0.0,1,3000,0,0,0,0,0,0

STAR,MAN31A,31,2
IF,MANAT,39.078417,64.145858, ,0.0,0.0,0,0,0,0,0,0,0,0
TF,BABOS,38.838056,63.791389,0, ,0.0,0.0,0.0,0.0,1,3000,0,0,0,0,0,0

STAR,MIL13A,13,2
IF,TUTMA,40.455086,61.282436, ,0.0,0.0,0,0,0,0,0,0,0,0
TF,MILKA,39.448889,62.807500,0, ,0.0,0.0,0.0,0.0,0,0,0,0,0,0,0,0
TF,CF13,39.028889,63.413889,0, ,0.0,0.0,0.0,0.0,1,2500,0,0,0,0,0,0

STAR,MIL31A,31,2
IF,TUTMA,40.455086,61.282436, ,0.0,0.0,0,0,0,0,0,0,0,0
TF,MILKA,39.448889,62.807500,0, ,0.0,0.0,0.0,0.0,0,0,0,0,0,0,0,0
TF,NAZIK,38.828056,63.451667,0, ,0.0,0.0,0.0,0.0,0,0,0,0,0,0,0,0
TF,USULU,38.769722,63.718056,0, ,0.0,0.0,0.0,0.0,0,0,0,0,0,0,0,0

STAR,NIT13A,13,2
IF,OLCHE,38.126436,62.484169, ,0.0,0.0,0,0,0,0,0,0,0,0
TF,NITKU,38.370000,62.822778,0, ,0.0,0.0,0.0,0.0,0,0,0,0,0,0,0,0
TF,LUGIN,39.023333,63.335833,0, ,0.0,0.0,0.0,0.0,0,0,0,0,0,0,0,0

STAR,NIT31A,31,2
IF,OLCHE,38.126436,62.484169, ,0.0,0.0,0,0,0,0,0,0,0,0
TF,NITKU,38.370000,62.822778,0, ,0.0,0.0,0.0,0.0,0,0,0,0,0,0,0,0
TF,USULU,38.769722,63.718056,0, ,0.0,0.0,0.0,0.0,0,0,0,0,0,0,0,0

STAR,OBI13A,13,2
IF,DUTAR,38.655047,61.384136, ,0.0,0.0,0,0,0,0,0,0,0,0
TF,OBINO,38.798611,62.562778,0, ,0.0,0.0,0.0,0.0,0,0,0,0,0,0,0,0
TF,LUGIN,39.023333,63.335833,0, ,0.0,0.0,0.0,0.0,0,0,0,0,0,0,0,0

STAR,OBI31A,31,2
IF,DUTAR,38.655047,61.384136, ,0.0,0.0,0,0,0,0,0,0,0,0
TF,OBINO,38.798611,62.562778,0, ,0.0,0.0,0.0,0.0,0,0,0,0,0,0,0,0
TF,USULU,38.769722,63.718056,0, ,0.0,0.0,0.0,0.0,0,0,0,0,0,0,0,0

STAR,SUX13A,13,2
IF,POGON,39.843419,62.747481, ,0.0,0.0,0,0,0,0,0,0,0,0
TF,SUXAS,39.577500,62.991667,0, ,0.0,0.0,0.0,0.0,0,0,0,0,0,0,0,0
TF,CF13,39.028889,63.413889,0, ,0.0,0.0,0.0,0.0,1,2500,0,0,0,0,0,0

STAR,SUX31A,31,2
IF,POGON,39.843419,62.747481, ,0.0,0.0,0,0,0,0,0,0,0,0
TF,SUXAS,39.577500,62.991667,0, ,0.0,0.0,0.0,0.0,0,0,0,0,0,0,0,0
TF,NAZIK,38.828056,63.451667,0, ,0.0,0.0,0.0,0.0,0,0,0,0,0,0,0,0
TF,USULU,38.769722,63.718056,0, ,0.0,0.0,0.0,0.0,0,0,0,0,0,0,0,0

STAR,VEB13A,13,2
IF,VATIN,38.814217,61.244686, ,0.0,0.0,0,0,0,0,0,0,0,0
TF,VEBUR,38.875556,62.552778,0, ,0.0,0.0,0.0,0.0,0,0,0,0,0,0,0,0
TF,LUGIN,39.023333,63.335833,0, ,0.0,0.0,0.0,0.0,0,0,0,0,0,0,0,0

STAR,VEB31A,31,2
IF,VATIN,38.814217,61.244686, ,0.0,0.0,0,0,0,0,0,0,0,0
TF,VEBUR,38.875556,62.552778,0, ,0.0,0.0,0.0,0.0,0,0,0,0,0,0,0,0
TF,USULU,38.769722,63.718056,0, ,0.0,0.0,0.0,0.0,0,0,0,0,0,0,0,0

APPTR,D13,13,LUGIN
IF,LUGIN,39.023333,63.335833, ,0.0,0.0,0,0,0,0,0,0,1,0
TF,CF13,39.028889,63.413889,0, ,0.0,0.0,0.0,0.0,1,2500,0,0,0,0,1,0

APPTR,D13,13,TEGLI
IF,TEGLI,39.091667,63.409444, ,0.0,0.0,1,3000,0,0,0,0,1,0
TF,CF13,39.028889,63.413889,0, ,0.0,0.0,0.0,0.0,1,2500,0,0,0,0,1,0

FINAL,D13,13,D,3
IF,CF13,39.028889,63.413889,LBA,305.1,10.7,1,2500,0,0,0,0,0,0
CF,FF13,39.002500,63.454444,0,LBA,305.2,8.3,125.0,2.5,1,2500,0,0,0,0,2,0
CF,MD13,38.947017,63.538594,0,LBA,305.0,3.1,125.0,5.2,1,867,0,0,0,0,3,0
CF,LBA,38.913786,63.589328,0,LBA,0.0,0.0,125.0,3.1,2,1300,0,0,0,0,0,0
CF,USULU,38.769722,63.718056,0,LBA,140.0,10.5,140.0,10.5,1,3000,0,0,0,0,0,0

APPTR,D31,31,BABOS
IF,BABOS,38.838056,63.791389, ,0.0,0.0,1,3000,0,0,0,0,1,0
TF,CF31,38.831944,63.714167,0, ,0.0,0.0,0.0,0.0,1,2500,0,0,0,0,1,0

APPTR,D31,31,USULU
IF,USULU,38.769722,63.718056, ,0.0,0.0,0,0,0,0,0,0,1,0
TF,CF31,38.831944,63.714167,0, ,0.0,0.0,0.0,0.0,1,2500,0,0,0,0,1,0

FINAL,D31,31,D,3
IF,CF31,38.831944,63.714167,LBA,125.0,7.6,1,2500,0,0,0,0,0,0
CF,FF31,38.858611,63.673611,0,LBA,124.9,5.2,305.0,2.5,1,2500,0,0,0,0,2,0
CF,LBA,38.913786,63.589328,0,LBA,0.0,0.0,305.0,5.7,1,868,0,0,0,0,3,0
CF,NQ,38.947639,63.538394,0,LBA,305.4,3.1,305.0,3.1,2,1300,0,0,0,0,0,1
CF,LUGIN,39.023333,63.335833,0,LBA,294.1,13.6,291.0,10.5,1,3000,0,0,0,0,0,0

APPTR,I13,13,LUGIN
IF,LUGIN,39.023333,63.335833, ,0.0,0.0,0,0,0,0,0,0,1,0
CF,CF13,39.028889,63.413889,0,IHQ,305.1,10.5,80.0,3.7,1,2500,0,0,0,0,1,0

APPTR,I13,13,TEGLI
IF,TEGLI,39.091667,63.409444, ,0.0,0.0,1,3000,0,0,0,0,1,0
CF,CF13,39.028889,63.413889,0,IHQ,305.1,10.5,172.0,3.8,1,2500,0,0,0,0,1,0

FINAL,I13,13,I,3
IF,CF13,39.028889,63.413889,IHQ,305.1,10.5,1,2500,0,0,0,0,0,0
CF,FF13,39.002500,63.454444,0,IHQ,305.1,8.0,125.0,2.5,1,2500,0,0,0,0,2,0
CF,RW13,38.941831,63.547200,0,IHQ,305.5,2.4,125.0,5.6,1,705,0,0,0,0,3,0
CF,LBA,38.913786,63.589328,0,LBA,0.0,0.0,125.0,2.6,0,0,0,0,0,0,0,0
CF,USULU,38.769722,63.718056,0,LBA,140.0,10.5,140.0,10.5,1,3000,0,0,0,0,0,0

APPTR,I31,31,BABOS
IF,BABOS,38.838056,63.791389, ,0.0,0.0,1,3000,0,0,0,0,1,0
CF,CF31,38.831944,63.714167,0,IUT,125.0,10.6,259.0,3.6,1,2500,0,0,0,0,1,0

APPTR,I31,31,USULU
IF,USULU,38.769722,63.718056, ,0.0,0.0,0,0,0,0,0,0,1,0
CF,CF31,38.831944,63.714167,0,IUT,125.0,10.6,352.0,3.7,1,2500,0,0,0,0,1,0

FINAL,I31,31,I,3
IF,CF31,38.831944,63.714167,IUT,125.0,10.6,1,2500,0,0,0,0,0,0
CF,FF31,38.858611,63.673611,0,IUT,125.1,8.1,305.0,2.5,1,2500,0,0,0,0,2,0
CF,RW31,38.919628,63.580550,0,IUT,125.4,2.4,305.0,5.7,1,696,0,0,0,0,3,0
CF,NQ,38.947639,63.538394,0,LBA,305.6,3.2,305.0,2.6,0,0,0,0,0,0,0,0
CF,LUGIN,39.023333,63.335833,0,LBA,294.1,13.6,291.0,10.5,1,3000,0,0,0,0,0,0

APPTR,N13,13,LUGIN
IF,LUGIN,39.023333,63.335833, ,0.0,0.0,0,0,0,0,0,0,1,0
TF,CF13,39.028889,63.413889,0, ,0.0,0.0,0.0,0.0,1,2500,0,0,0,0,1,0

APPTR,N13,13,TEGLI
IF,TEGLI,39.091667,63.409444, ,0.0,0.0,1,3000,0,0,0,0,1,0
TF,CF13,39.028889,63.413889,0, ,0.0,0.0,0.0,0.0,1,2500,0,0,0,0,1,0

FINAL,N13,13,N,3
IF,CF13,39.028889,63.413889,NQ,0.0,0.0,1,2500,0,0,0,0,0,0
CF,FF13,39.002500,63.454444,0,NQ,0.0,0.0,125.0,2.5,1,2500,0,0,0,0,2,0
CF,NQ,38.947639,63.538394,0,NQ,0.0,0.0,125.0,5.1,1,877,0,0,0,0,3,0
CA,0,125.0,2,1300,0,1,200,0,0,0
DF,USULU,38.769722,63.718056,0, ,0.0,0.0,1,3000,0,0,0,0,0,0

APPTR,N31,31,BABOS
IF,BABOS,38.838056,63.791389, ,0.0,0.0,1,3000,0,0,0,0,1,0
TF,CF31,38.831944,63.714167,0, ,0.0,0.0,0.0,0.0,1,2500,0,0,0,0,1,0

APPTR,N31,31,USULU
IF,USULU,38.769722,63.718056, ,0.0,0.0,0,0,0,0,0,0,1,0
TF,CF31,38.831944,63.714167,0, ,0.0,0.0,0.0,0.0,1,2500,0,0,0,0,1,0

FINAL,N31,31,N,3
IF,CF31,38.831944,63.714167,NQ,0.0,0.0,1,2500,0,0,0,0,0,0
CF,FF31,38.858611,63.673611,0,NQ,0.0,0.0,305.0,2.5,1,2500,0,0,0,0,2,0
CF,MN31,38.907778,63.598333,0,NQ,0.0,0.0,305.0,4.6,1,1045,0,0,0,0,3,0
CF,NQ,38.947639,63.538394,0,LBA,305.4,3.1,305.0,3.7,2,1300,0,1,200,0,0,1
CF,LUGIN,39.023333,63.335833,0,LBA,294.1,13.6,290.0,10.5,1,3000,0,0,0,0,0,0

