SID,AZRE2A,15,2
CF,ZANHI,42.415411,59.670147,0,URG,313.0,66.8,148.0,4.0,2,1000,0,0,0,0,0,0
TF,AZREF,42.105889,60.356222,0, ,0.0,0.0,0.0,0.0,2,8000,0,0,0,0,0,0

SID,AZRE2B,33,2
CF,KEKZE,42.562992,59.575228,0,URG,315.1,76.2,328.0,4.0,2,1000,0,0,0,0,0,0
TF,AFDUF,42.591631,59.656717,0, ,0.0,0.0,0.0,0.0,2,1900,0,0,0,0,0,0
TF,AZREF,42.105889,60.356222,0, ,0.0,0.0,0.0,0.0,2,8000,0,0,0,0,0,0

SID,BALS2A,15,2
CF,ZANHI,42.415411,59.670147,0,URG,313.0,66.8,148.0,4.0,2,1000,0,0,0,0,0,0
TF,BALSO,42.410000,60.260000,0, ,0.0,0.0,0.0,0.0,2,6000,0,0,0,0,0,0

SID,BALS2B,33,2
CF,KEKZE,42.562992,59.575228,0,URG,315.1,76.2,328.0,4.0,2,1000,0,0,0,0,0,0
TF,AFDUF,42.591631,59.656717,0, ,0.0,0.0,0.0,0.0,2,1900,0,0,0,0,0,0
TF,BALSO,42.410000,60.260000,0, ,0.0,0.0,0.0,0.0,2,6000,0,0,0,0,0,0

SID,IPNA2A,15,2
CF,ZANHI,42.415411,59.670147,0,URG,313.0,66.8,148.0,4.0,2,1000,0,0,0,0,0,0
TF,BEJOZ,42.386725,59.588917,0, ,0.0,0.0,0.0,0.0,2,1900,0,0,0,0,0,0
TF,IPNAR,42.743333,59.096667,0, ,0.0,0.0,0.0,0.0,2,6000,0,0,0,0,0,0

SID,IPNA2B,33,2
CF,KEKZE,42.562992,59.575228,0,URG,315.1,76.2,328.0,4.0,2,1000,0,0,0,0,0,0
TF,IPNAR,42.743333,59.096667,0, ,0.0,0.0,0.0,0.0,2,6000,0,0,0,0,0,0

SID,MISR2A,15,2
CF,ZANHI,42.415411,59.670147,0,URG,313.0,66.8,148.0,4.0,2,1000,0,0,0,0,0,0
TF,ILAJE,42.444050,59.751444,0, ,0.0,0.0,0.0,0.0,2,1900,0,0,0,0,0,0
TF,MISRA,42.990000,59.390000,1, ,0.0,0.0,0.0,0.0,2,8000,0,0,0,0,0,0

SID,MISR2B,33,2
CF,KEKZE,42.562992,59.575228,0,URG,315.1,76.2,328.0,4.0,2,1000,0,0,0,0,0,0
TF,MISRA,42.990000,59.390000,0, ,0.0,0.0,0.0,0.0,2,8000,0,0,0,0,0,0

SID,NESI2A,15,2
CF,ZANHI,42.415411,59.670147,0,URG,313.0,66.8,148.0,4.0,2,1000,0,0,0,0,0,0
TF,BEJOZ,42.386725,59.588917,0, ,0.0,0.0,0.0,0.0,2,1900,0,0,0,0,0,0
TF,NESIR,42.331772,59.434028,0, ,0.0,0.0,0.0,0.0,2,5000,0,0,0,0,0,0

SID,NESI2B,33,2
CF,KEKZE,42.562992,59.575228,0,URG,315.1,76.2,328.0,4.0,2,1000,0,0,0,0,0,0
TF,INNEF,42.534306,59.493806,0, ,0.0,0.0,0.0,0.0,2,1900,0,0,0,0,0,0
TF,NESIR,42.331772,59.434028,0, ,0.0,0.0,0.0,0.0,2,5000,0,0,0,0,0,0

SID,NETA2A,15,2
CF,ZANHI,42.415411,59.670147,0,URG,313.0,66.8,148.0,4.0,2,1000,0,0,0,0,0,0
TF,ILAJE,42.444050,59.751444,0, ,0.0,0.0,0.0,0.0,2,1900,0,0,0,0,0,0
TF,NETAK,42.893333,59.921667,0, ,0.0,0.0,0.0,0.0,2,6000,0,0,0,0,0,0

SID,NETA2B,33,2
CF,KEKZE,42.562992,59.575228,0,URG,315.1,76.2,328.0,4.0,2,1000,0,0,0,0,0,0
TF,NETAK,42.893333,59.921667,0, ,0.0,0.0,0.0,0.0,2,6000,0,0,0,0,0,0

SID,OGLO2A,15,2
CF,ZANHI,42.415411,59.670147,0,URG,313.0,66.8,148.0,4.0,2,1000,0,0,0,0,0,0
TF,ILAJE,42.444050,59.751444,0, ,0.0,0.0,0.0,0.0,2,1900,0,0,0,0,0,0
TF,OGLON,42.678333,60.073333,0, ,0.0,0.0,0.0,0.0,2,8000,0,0,0,0,0,0

SID,OGLO2B,33,2
CF,KEKZE,42.562992,59.575228,0,URG,315.1,76.2,328.0,4.0,2,1000,0,0,0,0,0,0
TF,AFDUF,42.591631,59.656717,0, ,0.0,0.0,0.0,0.0,2,1900,0,0,0,0,0,0
TF,OGLON,42.678333,60.073333,0, ,0.0,0.0,0.0,0.0,2,8000,0,0,0,0,0,0

SID,RENH2A,15,2
CF,ZANHI,42.415411,59.670147,0,URG,313.0,66.8,148.0,4.0,2,1000,0,0,0,0,0,0
TF,BEJOZ,42.386725,59.588917,0, ,0.0,0.0,0.0,0.0,2,1900,0,0,0,0,0,0
TF,RENHE,42.718139,59.044778,0, ,0.0,0.0,0.0,0.0,2,6000,0,0,0,0,0,0

SID,RENH2B,33,2
CF,KEKZE,42.562992,59.575228,0,URG,315.1,76.2,328.0,4.0,2,1000,0,0,0,0,0,0
TF,RENHE,42.718139,59.044778,0, ,0.0,0.0,0.0,0.0,2,6000,0,0,0,0,0,0

SID,TASH2A,15,2
CF,ZANHI,42.415411,59.670147,0,URG,313.0,66.8,148.0,4.0,2,1000,0,0,0,0,0,0
TF,TASHA,42.191772,59.712369,0, ,0.0,0.0,0.0,0.0,2,5000,0,0,0,0,0,0

SID,TASH2B,33,2
CF,KEKZE,42.562992,59.575228,0,URG,315.1,76.2,328.0,4.0,2,1000,0,0,0,0,0,0
TF,AFDUF,42.591631,59.656717,0, ,0.0,0.0,0.0,0.0,2,1900,0,0,0,0,0,0
TF,ILAJE,42.444050,59.751444,0, ,0.0,0.0,0.0,0.0,2,1900,0,0,0,0,0,0
TF,TASHA,42.191772,59.712369,0, ,0.0,0.0,0.0,0.0,2,5000,0,0,0,0,0,0

STAR,AZRE2W,33,2
IF,AZREF,42.105889,60.356222, ,0.0,0.0,2,8000,0,0,0,0,0,0
TF,ZR,42.446278,59.650361,0, ,0.0,0.0,0.0,0.0,2,4000,0,0,0,0,0,1
DF,ZR238,42.474692,59.732764,2, ,0.0,0.0,0,0,0,0,0,0,0,0
TF,TOWHO,42.381197,59.791642,0, ,0.0,0.0,0.0,0.0,2,1900,0,0,0,0,0,0

STAR,AZRE2X,33,2
IF,AZREF,42.105889,60.356222, ,0.0,0.0,2,8000,0,0,0,0,0,0
TF,SIFEF,42.292367,59.748908,0, ,0.0,0.0,0.0,0.0,2,1900,0,0,0,0,0,0

STAR,AZRE2Y,15,2
IF,AZREF,42.105889,60.356222, ,0.0,0.0,2,8000,0,0,0,0,0,0
TF,DP,42.531667,59.595722,0, ,0.0,0.0,0.0,0.0,2,4000,0,0,0,0,0,0
TF,ROFIH,42.594733,59.454717,0, ,0.0,0.0,0.0,0.0,2,1900,0,0,0,0,0,0

STAR,AZRE2Z,15,2
IF,AZREF,42.105889,60.356222, ,0.0,0.0,2,8000,0,0,0,0,0,0
TF,NAJOQ,42.652175,59.617711,0, ,0.0,0.0,0.0,0.0,2,1900,0,0,0,0,0,0

STAR,BALS2W,33,2
IF,BALSO,42.410000,60.260000, ,0.0,0.0,2,8000,0,0,0,0,0,0
TF,ZR,42.446278,59.650361,0, ,0.0,0.0,0.0,0.0,2,4000,0,0,0,0,0,1
DF,ZR238,42.474692,59.732764,2, ,0.0,0.0,0,0,0,0,0,0,0,0
TF,TOWHO,42.381197,59.791642,0, ,0.0,0.0,0.0,0.0,2,1900,0,0,0,0,0,0

STAR,BALS2X,33,2
IF,BALSO,42.410000,60.260000, ,0.0,0.0,2,6000,0,0,0,0,0,0
TF,XEPZO,42.362097,59.799389,0, ,0.0,0.0,0.0,0.0,2,1900,0,0,0,0,0,0

STAR,BALS2Y,15,2
IF,BALSO,42.410000,60.260000, ,0.0,0.0,2,8000,0,0,0,0,0,0
TF,DP,42.531667,59.595722,0, ,0.0,0.0,0.0,0.0,2,4000,0,0,0,0,0,0
TF,ROFIH,42.594733,59.454717,0, ,0.0,0.0,0.0,0.0,2,1900,0,0,0,0,0,0

STAR,BALS2Z,15,2
IF,BALSO,42.410000,60.260000, ,0.0,0.0,2,6000,0,0,0,0,0,0
TF,NAJOQ,42.652175,59.617711,0, ,0.0,0.0,0.0,0.0,2,1900,0,0,0,0,0,0

STAR,IPNA2W,33,2
IF,IPNAR,42.743333,59.096667, ,0.0,0.0,2,8000,0,0,0,0,0,0
TF,ZR,42.446278,59.650361,0, ,0.0,0.0,0.0,0.0,2,4000,0,0,0,0,0,0
TF,TOWHO,42.381197,59.791642,0, ,0.0,0.0,0.0,0.0,2,1900,0,0,0,0,0,0

STAR,IPNA2X,33,2
IF,IPNAR,42.743333,59.096667, ,0.0,0.0,2,6000,0,0,0,0,0,0
TF,PEPQI,42.309628,59.588500,0, ,0.0,0.0,0.0,0.0,2,1900,0,0,0,0,0,0

STAR,IPNA2Y,15,2
IF,IPNAR,42.743333,59.096667, ,0.0,0.0,2,8000,0,0,0,0,0,0
TF,DP,42.531667,59.595722,0, ,0.0,0.0,0.0,0.0,2,4000,0,0,0,0,0,1
DF,DP238,42.560319,59.675272,1, ,0.0,0.0,0,0,0,0,0,0,0,0
TF,NAJOQ,42.652175,59.617711,0, ,0.0,0.0,0.0,0.0,2,1900,0,0,0,0,0,0

STAR,IPNA2Z,15,2
IF,IPNAR,42.743333,59.096667, ,0.0,0.0,2,6000,0,0,0,0,0,0
TF,FAQAZ,42.646731,59.451525,0, ,0.0,0.0,0.0,0.0,2,1900,0,0,0,0,0,0

STAR,MISR2W,33,2
IF,MISRA,42.990000,59.390000, ,0.0,0.0,2,8000,0,0,0,0,0,0
TF,ZR,42.446278,59.650361,0, ,0.0,0.0,0.0,0.0,2,4000,0,0,0,0,0,0
TF,TOWHO,42.381197,59.791642,0, ,0.0,0.0,0.0,0.0,2,1900,0,0,0,0,0,0

STAR,MISR2X,33,2
IF,MISRA,42.990000,59.390000, ,0.0,0.0,2,8000,0,0,0,0,0,0
TF,TOWHO,42.381197,59.791642,0, ,0.0,0.0,0.0,0.0,2,1900,0,0,0,0,0,0

STAR,MISR2Y,15,2
IF,MISRA,42.990000,59.390000, ,0.0,0.0,2,8000,0,0,0,0,0,0
TF,DP,42.531667,59.595722,0, ,0.0,0.0,0.0,0.0,2,4000,0,0,0,0,0,1
DF,DP238,42.560319,59.675272,1, ,0.0,0.0,0,0,0,0,0,0,0,0
TF,NAJOQ,42.652175,59.617711,0, ,0.0,0.0,0.0,0.0,2,1900,0,0,0,0,0,0

STAR,MISR2Z,15,2
IF,MISRA,42.990000,59.390000, ,0.0,0.0,2,8000,0,0,0,0,0,0
TF,OSAQE,42.687481,59.510778,0, ,0.0,0.0,0.0,0.0,2,1900,0,0,0,0,0,0

STAR,NESI2W,33,2
IF,NESIR,42.331772,59.434028, ,0.0,0.0,2,8000,0,0,0,0,0,0
TF,ZR,42.446278,59.650361,0, ,0.0,0.0,0.0,0.0,2,4000,0,0,0,0,0,0
TF,TOWHO,42.381197,59.791642,0, ,0.0,0.0,0.0,0.0,2,1900,0,0,0,0,0,0

STAR,NESI2X,33,2
IF,NESIR,42.331772,59.434028, ,0.0,0.0,2,5000,0,0,0,0,0,0
TF,PEPQI,42.309628,59.588500,0, ,0.0,0.0,0.0,0.0,2,1900,0,0,0,0,0,0

STAR,NESI2Y,15,2
IF,NESIR,42.331772,59.434028, ,0.0,0.0,2,8000,0,0,0,0,0,0
TF,DP,42.531667,59.595722,0, ,0.0,0.0,0.0,0.0,2,4000,0,0,0,0,0,0
TF,NAJOQ,42.652175,59.617711,0, ,0.0,0.0,0.0,0.0,2,1900,0,0,0,0,0,0

STAR,NESI2Z,15,2
IF,NESIR,42.331772,59.434028, ,0.0,0.0,2,5000,0,0,0,0,0,0
TF,ROFIH,42.594733,59.454717,0, ,0.0,0.0,0.0,0.0,2,1900,0,0,0,0,0,0

STAR,NETA2W,33,2
IF,NETAK,42.893333,59.921667, ,0.0,0.0,2,8000,0,0,0,0,0,0
TF,ZR,42.446278,59.650361,0, ,0.0,0.0,0.0,0.0,2,4000,0,0,0,0,0,0
TF,TOWHO,42.381197,59.791642,0, ,0.0,0.0,0.0,0.0,2,1900,0,0,0,0,0,0

STAR,NETA2X,33,2
IF,NETAK,42.893333,59.921667, ,0.0,0.0,2,6000,0,0,0,0,0,0
TF,TOWHO,42.381197,59.791642,0, ,0.0,0.0,0.0,0.0,2,1900,0,0,0,0,0,0

STAR,NETA2Y,15,2
IF,NETAK,42.893333,59.921667, ,0.0,0.0,2,8000,0,0,0,0,0,0
TF,DP,42.531667,59.595722,0, ,0.0,0.0,0.0,0.0,2,4000,0,0,0,0,0,0
TF,ROFIH,42.594733,59.454717,0, ,0.0,0.0,0.0,0.0,2,1900,0,0,0,0,0,0

STAR,NETA2Z,15,2
IF,NETAK,42.893333,59.921667, ,0.0,0.0,2,6000,0,0,0,0,0,0
TF,EXCUR,42.669503,59.601553,0, ,0.0,0.0,0.0,0.0,2,1900,0,0,0,0,0,0

STAR,OGLO2W,33,2
IF,OGLON,42.678333,60.073333, ,0.0,0.0,2,8000,0,0,0,0,0,0
TF,ZR,42.446278,59.650361,0, ,0.0,0.0,0.0,0.0,2,4000,0,0,0,0,0,0
TF,TOWHO,42.381197,59.791642,1, ,0.0,0.0,0.0,0.0,2,1900,0,0,0,0,0,0

STAR,OGLO2X,33,2
IF,OGLON,42.678333,60.073333, ,0.0,0.0,2,8000,0,0,0,0,0,0
TF,TOWHO,42.381197,59.791642,0, ,0.0,0.0,0.0,0.0,2,1900,0,0,0,0,0,0

STAR,OGLO2Y,15,2
IF,OGLON,42.678333,60.073333, ,0.0,0.0,2,8000,0,0,0,0,0,0
TF,DP,42.531667,59.595722,0, ,0.0,0.0,0.0,0.0,2,4000,0,0,0,0,0,0
TF,ROFIH,42.594733,59.454717,0, ,0.0,0.0,0.0,0.0,2,1900,0,0,0,0,0,0

STAR,OGLO2Z,15,2
IF,OGLON,42.678333,60.073333, ,0.0,0.0,2,8000,0,0,0,0,0,0
TF,NAJOQ,42.652175,59.617711,0, ,0.0,0.0,0.0,0.0,2,1900,0,0,0,0,0,0

STAR,RENH2W,33,2
IF,RENHE,42.718139,59.044778, ,0.0,0.0,2,8000,0,0,0,0,0,0
TF,ZR,42.446278,59.650361,0, ,0.0,0.0,0.0,0.0,2,4000,0,0,0,0,0,0
TF,TOWHO,42.381197,59.791642,0, ,0.0,0.0,0.0,0.0,2,1900,0,0,0,0,0,0

STAR,RENH2X,33,2
IF,RENHE,42.718139,59.044778, ,0.0,0.0,2,6000,0,0,0,0,0,0
TF,PEPQI,42.309628,59.588500,0, ,0.0,0.0,0.0,0.0,2,1900,0,0,0,0,0,0

STAR,RENH2Y,15,2
IF,RENHE,42.718139,59.044778, ,0.0,0.0,2,8000,0,0,0,0,0,0
TF,DP,42.531667,59.595722,0, ,0.0,0.0,0.0,0.0,2,4000,0,0,0,0,0,1
DF,DP238,42.560319,59.675272,1, ,0.0,0.0,0,0,0,0,0,0,0,0
TF,NAJOQ,42.652175,59.617711,0, ,0.0,0.0,0.0,0.0,2,1900,0,0,0,0,0,0

STAR,RENH2Z,15,2
IF,RENHE,42.718139,59.044778, ,0.0,0.0,2,6000,0,0,0,0,0,0
TF,FAQAZ,42.646731,59.451525,0, ,0.0,0.0,0.0,0.0,2,1900,0,0,0,0,0,0

STAR,TASH2W,33,2
IF,TASHA,42.191772,59.712369, ,0.0,0.0,2,8000,0,0,0,0,0,0
TF,ZR,42.446278,59.650361,0, ,0.0,0.0,0.0,0.0,2,4000,0,0,0,0,0,1
DF,ZR238,42.474692,59.732764,2, ,0.0,0.0,0,0,0,0,0,0,0,0
TF,TOWHO,42.381197,59.791642,0, ,0.0,0.0,0.0,0.0,2,1900,0,0,0,0,0,0

STAR,TASH2X,33,2
IF,TASHA,42.191772,59.712369, ,0.0,0.0,2,5000,0,0,0,0,0,0
TF,SIFEF,42.292367,59.748908,0, ,0.0,0.0,0.0,0.0,2,1900,0,0,0,0,0,0

STAR,TASH2Y,15,2
IF,TASHA,42.191772,59.712369, ,0.0,0.0,2,8000,0,0,0,0,0,0
TF,DP,42.531667,59.595722,0, ,0.0,0.0,0.0,0.0,2,4000,0,0,0,0,0,0
TF,NAJOQ,42.652175,59.617711,0, ,0.0,0.0,0.0,0.0,2,1900,0,0,0,0,0,0

STAR,TASH2Z,15,2
IF,TASHA,42.191772,59.712369, ,0.0,0.0,2,5000,0,0,0,0,0,0
TF,ILAJE,42.444050,59.751444,0, ,0.0,0.0,0.0,0.0,2,1900,0,0,0,0,0,0
TF,NAJOQ,42.652175,59.617711,0, ,0.0,0.0,0.0,0.0,2,1900,0,0,0,0,0,0

APPTR,I33,33,PEPQI
IF,PEPQI,42.309628,59.588500, ,0.0,0.0,2,1900,0,0,0,0,1,0
CF,BIGZE,42.352619,59.710383,0,IZR,147.5,10.4,58.0,6.0,2,1900,0,0,0,0,1,0

APPTR,I33,33,SIFEF
IF,SIFEF,42.292367,59.748908, ,0.0,0.0,2,1900,0,0,0,0,1,0
CF,BIGZE,42.352619,59.710383,0,IZR,147.5,10.4,328.0,4.0,2,1900,0,0,0,0,1,0

APPTR,I33,33,TOWHO
IF,TOWHO,42.381197,59.791642, ,0.0,0.0,2,1900,0,0,0,0,1,0
CF,BIGZE,42.352619,59.710383,0,IZR,147.5,10.4,238.0,4.0,2,1900,0,0,0,0,1,0

APPTR,I33,33,XEPZO
IF,XEPZO,42.362097,59.799389, ,0.0,0.0,2,1900,0,0,0,0,1,0
CF,BIGZE,42.352619,59.710383,0,IZR,147.5,10.4,255.0,4.0,2,1900,0,0,0,0,1,0

FINAL,I33,33,I,3
IF,BIGZE,42.352619,59.710383,IZR,147.5,10.4,2,1900,0,0,0,0,0,0
CF,ZANHI,42.415411,59.670147,0,IZR,147.6,6.2,328.0,4.2,1,1600,0,0,0,0,2,0
CF,RW33,42.476994,59.630600,0,IZR,147.6,2.1,328.0,4.1,1,301,0,0,0,0,3,0
CA,0,328.0,2,1000,0,0,0,0,0,0
CF,TOWHO,42.381197,59.791642,2,URG,315.5,61.7,148.0,10.0,1,1900,0,0,0,0,0,0

APPTR,N15,15,EXCUR
IF,EXCUR,42.669503,59.601553, ,0.0,0.0,2,1900,0,0,0,0,1,0
TF,HATJE,42.623483,59.536178,0, ,0.0,0.0,0.0,0.0,2,1900,0,0,0,0,1,0
TF,KEKZE,42.562992,59.575228,0, ,0.0,0.0,0.0,0.0,1,1600,0,0,0,0,0,0

APPTR,N15,15,FAQAZ
IF,FAQAZ,42.646731,59.451525, ,0.0,0.0,2,1900,0,0,0,0,1,0
TF,HATJE,42.623483,59.536178,0, ,0.0,0.0,0.0,0.0,2,1900,0,0,0,0,1,0
TF,KEKZE,42.562992,59.575228,0, ,0.0,0.0,0.0,0.0,1,1600,0,0,0,0,0,0

APPTR,N15,15,NAJOQ
IF,NAJOQ,42.652175,59.617711, ,0.0,0.0,2,1900,0,0,0,0,1,0
TF,HATJE,42.623483,59.536178,0, ,0.0,0.0,0.0,0.0,2,1900,0,0,0,0,1,0
TF,KEKZE,42.562992,59.575228,0, ,0.0,0.0,0.0,0.0,1,1600,0,0,0,0,0,0

APPTR,N15,15,OSAQE
IF,OSAQE,42.687481,59.510778, ,0.0,0.0,2,1900,0,0,0,0,1,0
TF,HATJE,42.623483,59.536178,0, ,0.0,0.0,0.0,0.0,2,1900,0,0,0,0,1,0
TF,KEKZE,42.562992,59.575228,0, ,0.0,0.0,0.0,0.0,1,1600,0,0,0,0,0,0

APPTR,N15,15,ROFIH
IF,ROFIH,42.594733,59.454717, ,0.0,0.0,2,1900,0,0,0,0,1,0
TF,HATJE,42.623483,59.536178,0, ,0.0,0.0,0.0,0.0,2,1900,0,0,0,0,1,0
TF,KEKZE,42.562992,59.575228,0, ,0.0,0.0,0.0,0.0,1,1600,0,0,0,0,0,0

FINAL,N15,15,N,3
IF,KEKZE,42.562992,59.575228,DP,0.0,0.0,1,1600,0,0,0,0,2,0
CF,DP,42.531667,59.595722,0,DP,0.0,0.0,148.0,2.1,1,940,0,0,0,0,0,0
CF,D,42.509694,59.609611,0,DP,0.0,0.0,148.0,1.5,1,472,0,0,0,0,3,0
CA,0,148.0,2,1000,0,0,0,0,0,0
CF,NAJOQ,42.652175,59.617711,1,URG,318.6,79.3,328.0,9.0,1,1900,0,0,0,0,0,0

APPTR,N33,33,PEPQI
IF,PEPQI,42.309628,59.588500, ,0.0,0.0,2,1900,0,0,0,0,1,0
TF,BIGZE,42.352619,59.710383,0, ,0.0,0.0,0.0,0.0,2,1900,0,0,0,0,1,0
TF,ZANHI,42.415411,59.670147,0, ,0.0,0.0,0.0,0.0,1,1600,0,0,0,0,0,0

APPTR,N33,33,SIFEF
IF,SIFEF,42.292367,59.748908, ,0.0,0.0,2,1900,0,0,0,0,1,0
TF,BIGZE,42.352619,59.710383,0, ,0.0,0.0,0.0,0.0,2,1900,0,0,0,0,1,0
TF,ZANHI,42.415411,59.670147,0, ,0.0,0.0,0.0,0.0,1,1600,0,0,0,0,0,0

APPTR,N33,33,TOWHO
IF,TOWHO,42.381197,59.791642, ,0.0,0.0,2,1900,0,0,0,0,1,0
TF,BIGZE,42.352619,59.710383,0, ,0.0,0.0,0.0,0.0,2,1900,0,0,0,0,1,0
TF,ZANHI,42.415411,59.670147,0, ,0.0,0.0,0.0,0.0,1,1600,0,0,0,0,0,0

APPTR,N33,33,XEPZO
IF,XEPZO,42.362097,59.799389, ,0.0,0.0,2,1900,0,0,0,0,1,0
TF,BIGZE,42.352619,59.710383,0, ,0.0,0.0,0.0,0.0,2,1900,0,0,0,0,1,0
TF,ZANHI,42.415411,59.670147,0, ,0.0,0.0,0.0,0.0,1,1600,0,0,0,0,0,0

FINAL,N33,33,N,3
IF,ZANHI,42.415411,59.670147,ZR,0.0,0.0,1,1600,0,0,0,0,2,0
CF,ZR,42.446278,59.650361,0,ZR,0.0,0.0,328.0,2.1,1,950,0,0,0,0,0,0
CF,Z,42.469056,59.635667,0,ZR,0.0,0.0,328.0,1.5,1,463,0,0,0,0,3,0
CA,0,328.0,2,1000,0,0,0,0,0,0
CF,TOWHO,42.381197,59.791642,2,URG,315.5,61.7,148.0,9.0,1,1900,0,0,0,0,0,0

