SID,BAMU1A,08L,2
CA,0,76.0,2,2100,0,0,0,0,0,0
CI,2, ,0.0,230.0,0,0,0,0,0,0,0,0
CF,SR,41.184667,69.222833,0,TKT,193.4,4.4,256.0,7.0,2,5000,0,0,0,0,0,0
TF,OSDAK,41.238483,69.109450,0, ,0.0,0.0,0.0,0.0,2,7000,0,0,0,0,0,0
TF,UMRIR,41.520331,69.246517,0, ,0.0,0.0,0.0,0.0,2,8000,0,0,0,0,0,0
TF,BAMUT,41.855833,69.412500,0, ,0.0,0.0,0.0,0.0,0,0,0,0,0,0,0,0

SID,BAMU1A,08R,2
CA,0,76.0,2,2100,0,0,0,0,0,0
CI,2, ,0.0,230.0,0,0,0,0,0,0,0,0
CF,SR,41.184667,69.222833,0,TKT,193.4,4.4,256.0,7.0,2,5000,0,0,0,0,0,0
TF,OSDAK,41.238483,69.109450,0, ,0.0,0.0,0.0,0.0,2,7000,0,0,0,0,0,0
TF,UMRIR,41.520331,69.246517,0, ,0.0,0.0,0.0,0.0,2,8000,0,0,0,0,0,0
TF,BAMUT,41.855833,69.412500,0, ,0.0,0.0,0.0,0.0,0,0,0,0,0,0,0,0

SID,BAMU1B,26L,2
CF,OSDAK,41.238483,69.109450,0,TKT,256.7,6.6,256.0,8.0,4,5000,3000,0,0,0,0,0
TF,UMRIR,41.520331,69.246517,2, ,0.0,0.0,0.0,0.0,2,8000,0,0,0,0,0,0
TF,BAMUT,41.855833,69.412500,0, ,0.0,0.0,0.0,0.0,0,0,0,0,0,0,0,0

SID,BAMU1B,26R,2
CF,OSDAK,41.238483,69.109450,0,TKT,256.7,6.6,256.0,8.0,4,5000,3000,0,0,0,0,0
TF,UMRIR,41.520331,69.246517,2, ,0.0,0.0,0.0,0.0,2,8000,0,0,0,0,0,0
TF,BAMUT,41.855833,69.412500,0, ,0.0,0.0,0.0,0.0,0,0,0,0,0,0,0,0

SID,DODU1A,08L,2
CA,0,76.0,2,2100,0,0,0,0,0,0
CI,2, ,0.0,230.0,0,0,0,0,0,0,0,0
CF,SR,41.184667,69.222833,0,TKT,193.4,4.4,256.0,7.0,2,5000,0,0,0,0,0,0
TF,OSDAK,41.238483,69.109450,0, ,0.0,0.0,0.0,0.0,2,7000,0,0,0,0,0,0
TF,DODUR,41.383333,68.800000,0, ,0.0,0.0,0.0,0.0,2,8000,0,0,0,0,0,0

SID,DODU1A,08R,2
CA,0,76.0,2,2100,0,0,0,0,0,0
CI,2, ,0.0,230.0,0,0,0,0,0,0,0,0
CF,SR,41.184667,69.222833,0,TKT,193.4,4.4,256.0,7.0,2,5000,0,0,0,0,0,0
TF,OSDAK,41.238483,69.109450,0, ,0.0,0.0,0.0,0.0,2,7000,0,0,0,0,0,0
TF,DODUR,41.383333,68.800000,0, ,0.0,0.0,0.0,0.0,2,8000,0,0,0,0,0,0

SID,DODU1B,26L,2
CF,OSDAK,41.238483,69.109450,0,TKT,256.7,6.6,256.0,8.0,4,5000,3000,0,0,0,0,0
TF,DODUR,41.383333,68.800000,0, ,0.0,0.0,0.0,0.0,1,8000,0,0,0,0,0,0

SID,DODU1B,26R,2
CF,OSDAK,41.238483,69.109450,0,TKT,256.7,6.6,256.0,8.0,4,5000,3000,0,0,0,0,0
TF,DODUR,41.383333,68.800000,0, ,0.0,0.0,0.0,0.0,1,8000,0,0,0,0,0,0

SID,KUFI1A,08L,2
CA,0,76.0,2,2100,0,0,0,0,0,0
CI,2, ,0.0,230.0,0,0,0,0,0,0,0,0
CF,SR,41.184667,69.222833,0,TKT,193.4,4.4,256.0,7.0,2,5000,0,0,0,0,0,0
TF,ALIBA,41.118636,69.126706,0, ,0.0,0.0,0.0,0.0,2,7000,0,0,0,0,0,0
TF,KUFIM,40.810056,68.682194,0, ,0.0,0.0,0.0,0.0,0,0,0,0,0,0,0,0

SID,KUFI1A,08R,2
CA,0,76.0,2,2100,0,0,0,0,0,0
CI,2, ,0.0,230.0,0,0,0,0,0,0,0,0
CF,SR,41.184667,69.222833,0,TKT,193.4,4.4,256.0,7.0,2,5000,0,0,0,0,0,0
TF,ALIBA,41.118636,69.126706,0, ,0.0,0.0,0.0,0.0,2,7000,0,0,0,0,0,0
TF,KUFIM,40.810056,68.682194,0, ,0.0,0.0,0.0,0.0,0,0,0,0,0,0,0,0

SID,KUFI1B,26L,2
CF,OSDAK,41.238483,69.109450,0,TKT,256.7,6.6,256.0,8.0,4,5000,3000,0,0,0,0,0
TF,KUFIM,40.810056,68.682194,0, ,0.0,0.0,0.0,0.0,0,0,0,0,0,0,0,0

SID,KUFI1B,26R,2
CF,OSDAK,41.238483,69.109450,0,TKT,256.7,6.6,256.0,8.0,4,5000,3000,0,0,0,0,0
TF,KUFIM,40.810056,68.682194,0, ,0.0,0.0,0.0,0.0,0,0,0,0,0,0,0,0

SID,OGRI1A,08L,2
CA,0,76.0,2,2100,0,0,0,0,0,0
CI,2, ,0.0,230.0,0,0,0,0,0,0,0,0
CF,SR,41.184667,69.222833,0,TKT,193.4,4.4,256.0,7.0,2,5000,0,0,0,0,0,0
TF,LIMGU,41.154378,68.975589,0, ,0.0,0.0,0.0,0.0,2,8000,0,0,0,0,0,0
TF,OGRIP,40.915000,68.083333,0, ,0.0,0.0,0.0,0.0,0,0,0,0,0,0,0,0

SID,OGRI1A,08R,2
CA,0,76.0,2,2100,0,0,0,0,0,0
CI,2, ,0.0,230.0,0,0,0,0,0,0,0,0
CF,SR,41.184667,69.222833,0,TKT,193.4,4.4,256.0,7.0,2,5000,0,0,0,0,0,0
TF,LIMGU,41.154378,68.975589,0, ,0.0,0.0,0.0,0.0,2,8000,0,0,0,0,0,0
TF,OGRIP,40.915000,68.083333,0, ,0.0,0.0,0.0,0.0,0,0,0,0,0,0,0,0

SID,OGRI1B,26L,2
CF,OSDAK,41.238483,69.109450,0,TKT,256.7,6.6,256.0,8.0,4,5000,3000,0,0,0,0,0
TF,OGRIP,40.915000,68.083333,0, ,0.0,0.0,0.0,0.0,0,0,0,0,0,0,0,0

SID,OGRI1B,26R,2
CF,OSDAK,41.238483,69.109450,0,TKT,256.7,6.6,256.0,8.0,4,5000,3000,0,0,0,0,0
TF,OGRIP,40.915000,68.083333,0, ,0.0,0.0,0.0,0.0,0,0,0,0,0,0,0,0

SID,SR08,08L,2
CA,0,76.0,2,2100,0,0,0,0,0,0
CI,2, ,0.0,230.0,0,0,0,0,0,0,0,0
CF,SR,41.184667,69.222833,0,TKT,193.4,4.4,256.0,7.0,2,5000,0,0,0,0,0,0

SID,SR08,08R,2
CA,0,76.0,2,2100,0,0,0,0,0,0
CI,2, ,0.0,230.0,0,0,0,0,0,0,0,0
CF,SR,41.184667,69.222833,0,TKT,193.4,4.4,256.0,7.0,2,5000,0,0,0,0,0,0

SID,SR08,RODRO,3
IF,SR,41.184667,69.222833, ,0.0,0.0,2,5000,0,0,0,0,0,0
TF,RODRO,41.242500,69.009444,0, ,0.0,0.0,0.0,0.0,0,0,0,0,0,0,0,0
TF,DODUR,41.383333,68.800000,0, ,0.0,0.0,0.0,0.0,0,0,0,0,0,0,0,0

SID,SR08,USOLO,3
IF,SR,41.184667,69.222833, ,0.0,0.0,2,5000,0,0,0,0,0,0
TF,USOLO,40.975000,69.386667,0, ,0.0,0.0,0.0,0.0,0,0,0,0,0,0,0,0

SID,SR26,26L,2
CF,OSDAK,41.238483,69.109450,0,TKT,256.7,6.6,256.0,8.0,4,5000,3000,0,0,0,0,1
CF,SR,41.184667,69.222833,1,TKT,193.4,4.4,76.0,5.0,2,8000,0,0,0,0,0,0

SID,SR26,26R,2
CF,OSDAK,41.238483,69.109450,0,TKT,256.7,6.6,256.0,8.0,4,5000,3000,0,0,0,0,1
CF,SR,41.184667,69.222833,1,TKT,193.4,4.4,76.0,5.0,2,8000,0,0,0,0,0,0

SID,SR26,RODRO,3
IF,SR,41.184667,69.222833, ,0.0,0.0,2,8000,0,0,0,0,0,0
TF,RODRO,41.242500,69.009444,0, ,0.0,0.0,0.0,0.0,0,0,0,0,0,0,0,0
TF,DODUR,41.383333,68.800000,0, ,0.0,0.0,0.0,0.0,0,0,0,0,0,0,0,0

SID,SR26,USOLO,3
IF,SR,41.184667,69.222833, ,0.0,0.0,2,8000,0,0,0,0,0,0
TF,USOLO,40.975000,69.386667,0, ,0.0,0.0,0.0,0.0,0,0,0,0,0,0,0,0

SID,TISI1A,08L,2
CA,0,76.0,2,5000,0,0,0,0,0,0
CF,GIVOM,41.286319,69.544967,0,TKT,76.7,13.3,76.0,4.0,0,0,0,0,0,0,0,0
CF,EVBAG,41.164425,69.470786,2,TKT,113.7,11.2,214.0,6.0,2,7000,0,1,220,0,0,0
TF,MOVUP,41.148294,69.663778,1, ,0.0,0.0,0.0,0.0,2,11000,0,0,0,0,0,0
TF,ULKUB,41.129758,69.880778,0, ,0.0,0.0,0.0,0.0,2,15000,0,0,0,0,0,0
TF,NUKMU,41.106939,70.141453,0, ,0.0,0.0,0.0,0.0,2,17000,0,0,0,0,0,0
TF,TISIB,41.098333,70.241667,0, ,0.0,0.0,0.0,0.0,0,0,0,0,0,0,0,0

SID,TISI1A,08R,2
CA,0,76.0,2,5000,0,0,0,0,0,0
CF,GIVOM,41.286319,69.544967,0,TKT,76.7,13.3,76.0,4.0,0,0,0,0,0,0,0,0
CF,EVBAG,41.164425,69.470786,2,TKT,113.7,11.2,214.0,6.0,2,7000,0,1,220,0,0,0
TF,MOVUP,41.148294,69.663778,1, ,0.0,0.0,0.0,0.0,2,11000,0,0,0,0,0,0
TF,ULKUB,41.129758,69.880778,0, ,0.0,0.0,0.0,0.0,2,15000,0,0,0,0,0,0
TF,NUKMU,41.106939,70.141453,0, ,0.0,0.0,0.0,0.0,2,17000,0,0,0,0,0,0
TF,TISIB,41.098333,70.241667,0, ,0.0,0.0,0.0,0.0,0,0,0,0,0,0,0,0

SID,TISI1B,26L,2
CA,0,256.0,2,3000,0,0,0,0,0,0
CF,OSDAK,41.238483,69.109450,0,TKT,256.7,6.6,256.0,4.0,0,0,0,0,0,0,0,1
CF,SR,41.184667,69.222833,1,TKT,193.4,4.4,76.0,5.0,2,9000,0,0,0,0,0,0
TF,EVBAG,41.164425,69.470786,0, ,0.0,0.0,0.0,0.0,0,0,0,0,0,0,0,0
TF,MOVUP,41.148294,69.663778,0, ,0.0,0.0,0.0,0.0,2,13000,0,0,0,0,0,0
TF,ULKUB,41.129758,69.880778,0, ,0.0,0.0,0.0,0.0,2,15000,0,0,0,0,0,0
TF,NUKMU,41.106939,70.141453,0, ,0.0,0.0,0.0,0.0,2,17000,0,0,0,0,0,0
TF,TISIB,41.098333,70.241667,0, ,0.0,0.0,0.0,0.0,0,0,0,0,0,0,0,0

SID,TISI1B,26R,2
CA,0,256.0,2,3000,0,0,0,0,0,0
CF,OSDAK,41.238483,69.109450,0,TKT,256.7,6.6,256.0,4.0,0,0,0,0,0,0,0,1
CF,SR,41.184667,69.222833,1,TKT,193.4,4.4,76.0,5.0,2,9000,0,0,0,0,0,0
TF,EVBAG,41.164425,69.470786,0, ,0.0,0.0,0.0,0.0,0,0,0,0,0,0,0,0
TF,MOVUP,41.148294,69.663778,0, ,0.0,0.0,0.0,0.0,2,13000,0,0,0,0,0,0
TF,ULKUB,41.129758,69.880778,0, ,0.0,0.0,0.0,0.0,2,15000,0,0,0,0,0,0
TF,NUKMU,41.106939,70.141453,0, ,0.0,0.0,0.0,0.0,2,17000,0,0,0,0,0,0
TF,TISIB,41.098333,70.241667,0, ,0.0,0.0,0.0,0.0,0,0,0,0,0,0,0,0

STAR,DIBA1X,ALL,2
IF,DIBAD,41.283333,67.933333, ,0.0,0.0,0,0,0,0,0,0,0,0
TF,SR,41.184667,69.222833,0, ,0.0,0.0,0.0,0.0,1,6000,0,0,0,0,0,0

STAR,DIBA1Z,08L,2
IF,DIBAD,41.283333,67.933333, ,0.0,0.0,0,0,0,0,0,0,0,0
TF,PIVIN,41.235294,68.954100,0, ,0.0,0.0,0.0,0.0,3,5000,0,0,0,0,0,0

STAR,DIBA1Z,08R,2
IF,DIBAD,41.283333,67.933333, ,0.0,0.0,0,0,0,0,0,0,0,0
TF,PIVIN,41.235294,68.954100,0, ,0.0,0.0,0.0,0.0,3,5000,0,0,0,0,0,0

STAR,DODU1X,ALL,2
IF,DODUR,41.383333,68.800000, ,0.0,0.0,2,9000,0,0,0,0,0,0
TF,SR,41.184667,69.222833,0, ,0.0,0.0,0.0,0.0,1,6000,0,0,0,0,0,0

STAR,DODU1Z,08L,2
IF,DODUR,41.383333,68.800000, ,0.0,0.0,3,6000,0,0,0,0,0,0
TF,UTEBI,41.273456,68.974178,0, ,0.0,0.0,0.0,0.0,3,5000,0,0,0,0,0,0

STAR,DODU1Z,08R,2
IF,DODUR,41.383333,68.800000, ,0.0,0.0,3,6000,0,0,0,0,0,0
TF,UTEBI,41.273456,68.974178,0, ,0.0,0.0,0.0,0.0,3,5000,0,0,0,0,0,0

STAR,KUFI1W,26L,2
IF,KUFIM,40.810056,68.682194, ,0.0,0.0,0,0,0,0,0,0,0,0
TF,ESEGI,41.138333,69.458333,0, ,0.0,0.0,0.0,0.0,2,5000,0,0,0,0,0,0

STAR,KUFI1W,26R,2
IF,KUFIM,40.810056,68.682194, ,0.0,0.0,0,0,0,0,0,0,0,0
TF,ESEGI,41.138333,69.458333,0, ,0.0,0.0,0.0,0.0,2,5000,0,0,0,0,0,0

STAR,KUFI1X,ALL,2
IF,KUFIM,40.810056,68.682194, ,0.0,0.0,0,0,0,0,0,0,0,0
TF,SR,41.184667,69.222833,0, ,0.0,0.0,0.0,0.0,1,6000,0,0,0,0,0,0

STAR,KUFI1Z,08L,2
IF,KUFIM,40.810056,68.682194, ,0.0,0.0,0,0,0,0,0,0,0,0
TF,LIMGU,41.154378,68.975589,0, ,0.0,0.0,0.0,0.0,3,5000,0,0,0,0,0,0

STAR,KUFI1Z,08R,2
IF,KUFIM,40.810056,68.682194, ,0.0,0.0,0,0,0,0,0,0,0,0
TF,LIMGU,41.154378,68.975589,0, ,0.0,0.0,0.0,0.0,3,5000,0,0,0,0,0,0

STAR,TISI1W,26L,2
IF,TISIB,41.098333,70.241667, ,0.0,0.0,2,16000,0,0,0,0,0,0
TF,ALOXA,41.022650,69.713458,0, ,0.0,0.0,0.0,0.0,2,12000,0,0,0,0,0,0
TF,RORSU,41.005258,69.594561,0, ,0.0,0.0,0.0,0.0,2,8000,0,0,0,0,0,0
TF,ESEGI,41.138333,69.458333,0, ,0.0,0.0,0.0,0.0,2,5000,0,0,0,0,0,0

STAR,TISI1W,26R,2
IF,TISIB,41.098333,70.241667, ,0.0,0.0,2,16000,0,0,0,0,0,0
TF,ALOXA,41.022650,69.713458,0, ,0.0,0.0,0.0,0.0,2,12000,0,0,0,0,0,0
TF,RORSU,41.005258,69.594561,0, ,0.0,0.0,0.0,0.0,2,8000,0,0,0,0,0,0
TF,ESEGI,41.138333,69.458333,0, ,0.0,0.0,0.0,0.0,2,5000,0,0,0,0,0,0

STAR,TISI1Z,08L,2
IF,TISIB,41.098333,70.241667, ,0.0,0.0,2,16000,0,0,0,0,0,0
TF,ALOXA,41.022650,69.713458,0, ,0.0,0.0,0.0,0.0,2,12000,0,0,0,0,0,0
TF,RORSU,41.005258,69.594561,0, ,0.0,0.0,0.0,0.0,2,8000,0,0,0,0,0,0
TF,ALIBA,41.118636,69.126706,0, ,0.0,0.0,0.0,0.0,3,5000,0,0,0,0,0,0
TF,LIMGU,41.154378,68.975589,0, ,0.0,0.0,0.0,0.0,3,5000,0,0,0,0,0,0

STAR,TISI1Z,08R,2
IF,TISIB,41.098333,70.241667, ,0.0,0.0,2,16000,0,0,0,0,0,0
TF,ALOXA,41.022650,69.713458,0, ,0.0,0.0,0.0,0.0,2,12000,0,0,0,0,0,0
TF,RORSU,41.005258,69.594561,0, ,0.0,0.0,0.0,0.0,2,8000,0,0,0,0,0,0
TF,ALIBA,41.118636,69.126706,0, ,0.0,0.0,0.0,0.0,3,5000,0,0,0,0,0,0
TF,LIMGU,41.154378,68.975589,0, ,0.0,0.0,0.0,0.0,3,5000,0,0,0,0,0,0

APPTR,D08L,08L,LIMGU
IF,LIMGU,41.154378,68.975589, ,0.0,0.0,3,5000,0,0,0,0,1,0
CF,BIKVO,41.230917,69.042258,0,TKT,256.7,9.7,28.0,5.5,2,4000,0,0,0,0,0,0

APPTR,D08L,08L,PIVIN
IF,PIVIN,41.235294,68.954100, ,0.0,0.0,3,5000,0,0,0,0,1,0
CF,BIKVO,41.230917,69.042258,0,TKT,256.7,9.7,88.0,4.0,2,4000,0,0,0,0,0,0

APPTR,D08L,08L,SR
IF,SR,41.184667,69.222833, ,0.0,0.0,1,6000,0,0,0,0,1,0
CF,LIMGU,41.154378,68.975589,0,TKT,239.6,14.0,256.0,11.3,3,5000,0,0,0,0,0,0
CF,BIKVO,41.230917,69.042258,2,TKT,256.7,9.7,28.0,5.5,2,4000,0,0,0,0,0,0

APPTR,D08L,08L,UTEBI
IF,UTEBI,41.273456,68.974178, ,0.0,0.0,3,5000,0,0,0,0,1,0
CF,BIKVO,41.230917,69.042258,0,TKT,256.7,9.7,125.0,4.0,2,4000,0,0,0,0,0,0

FINAL,D08L,08L,D,5
IF,BIKVO,41.230917,69.042258,TKT,256.7,9.7,2,4000,0,0,0,0,0,0
CF,NATOT,41.235567,69.083478,0,TKT,256.7,7.8,76.0,1.9,1,4000,0,0,0,0,2,0
CF,APSUG,41.242319,69.144353,0,TKT,256.7,5.0,76.0,2.8,2,3160,0,0,0,0,0,0
CF,BUGUN,41.249619,69.209969,0,TKT,256.6,2.0,76.0,3.0,2,2110,0,0,0,0,0,0
CF,TKT,41.254472,69.253611,0,TKT,0.0,0.0,76.0,2.0,1,1527,0,0,0,0,3,0
FA,TKT,41.254472,69.253611,0,TKT,0.0,0.0,76.0,2,2100,0,0,0,0,0,0
DF,SR,41.184667,69.222833,2, ,0.0,0.0,1,5000,0,0,0,0,0,0

APPTR,D08R,08R,LIMGU
IF,LIMGU,41.154378,68.975589, ,0.0,0.0,3,5000,0,0,0,0,1,0
CF,BIKVO,41.230917,69.042258,0,TKT,256.7,9.7,28.0,5.5,2,4000,0,0,0,0,0,0

APPTR,D08R,08R,PIVIN
IF,PIVIN,41.235294,68.954100, ,0.0,0.0,3,5000,0,0,0,0,1,0
CF,BIKVO,41.230917,69.042258,0,TKT,256.7,9.7,88.0,4.0,2,4000,0,0,0,0,0,0

APPTR,D08R,08R,SR
IF,SR,41.184667,69.222833, ,0.0,0.0,1,6000,0,0,0,0,1,0
CF,LIMGU,41.154378,68.975589,0,TKT,239.6,14.0,256.0,11.3,3,5000,0,0,0,0,0,0
CF,BIKVO,41.230917,69.042258,2,TKT,256.7,9.7,28.0,5.5,2,4000,0,0,0,0,0,0

APPTR,D08R,08R,UTEBI
IF,UTEBI,41.273456,68.974178, ,0.0,0.0,3,5000,0,0,0,0,1,0
CF,BIKVO,41.230917,69.042258,0,TKT,256.7,9.7,125.0,4.0,2,4000,0,0,0,0,0,0

FINAL,D08R,08R,D,5
IF,BIKVO,41.230917,69.042258,TKT,256.7,9.7,2,4000,0,0,0,0,0,0
CF,NATOT,41.235567,69.083478,0,TKT,256.7,7.8,76.0,1.9,1,4000,0,0,0,0,2,0
CF,APSUG,41.242319,69.144353,0,TKT,256.7,5.0,76.0,2.8,2,3160,0,0,0,0,0,0
CF,BUGUN,41.249619,69.209969,0,TKT,256.6,2.0,76.0,3.0,2,2110,0,0,0,0,0,0
CF,TKT,41.254472,69.253611,0,TKT,0.0,0.0,76.0,2.0,1,1522,0,0,0,0,3,0
FA,TKT,41.254472,69.253611,0,TKT,0.0,0.0,76.0,2,2100,0,0,0,0,0,0
DF,SR,41.184667,69.222833,2, ,0.0,0.0,1,5000,0,0,0,0,0,0

APPTR,D26L,26L,ESEGI
IF,ESEGI,41.138333,69.458333, ,0.0,0.0,2,5000,0,0,0,0,1,0
TF,ABMEM,41.218333,69.521667,0, ,0.0,0.0,0.0,0.0,1,4000,0,0,0,0,1,0
CF,PILAV,41.281125,69.496842,0,TKT,76.7,11.1,338.0,3.9,1,3300,0,0,0,0,0,0

APPTR,D26L,26L,SR
IF,SR,41.184667,69.222833, ,0.0,0.0,1,6000,0,0,0,0,1,0
CF,ABMEM,41.218333,69.521667,0,TKT,95.0,12.3,76.0,13.7,1,4000,0,0,0,0,1,0
CF,PILAV,41.281125,69.496842,1,TKT,76.7,11.1,338.0,3.9,1,3300,0,0,0,0,0,0

FINAL,D26L,26L,D,4
IF,PILAV,41.281125,69.496842,TKT,76.7,11.1,1,3300,0,0,0,0,0,0
CF,RYBAK,41.273967,69.431208,0,TKT,76.7,8.1,256.0,3.0,1,3300,0,0,0,0,2,0
CF,TORGI,41.266525,69.363067,0,TKT,76.7,5.0,256.0,3.1,2,2310,0,0,0,0,0,0
CF,VAZON,41.261706,69.319275,0,TKT,76.7,3.0,256.0,2.0,1,1717,0,0,0,0,3,0
FA,VAZON,41.261706,69.319275,0,TKT,0.0,0.0,256.0,2,4000,0,0,0,0,0,0
VM,0,0,0,256.0,1,4000,0,0,0,0,0,0

APPTR,D26R,26R,ESEGI
IF,ESEGI,41.138333,69.458333, ,0.0,0.0,2,5000,0,0,0,0,1,0
TF,ABMEM,41.218333,69.521667,0, ,0.0,0.0,0.0,0.0,1,4000,0,0,0,0,1,0
CF,PILAV,41.281125,69.496842,0,TKT,76.7,11.1,338.0,3.9,1,3300,0,0,0,0,0,0

APPTR,D26R,26R,SR
IF,SR,41.184667,69.222833, ,0.0,0.0,1,6000,0,0,0,0,1,0
CF,ABMEM,41.218333,69.521667,0,TKT,95.0,12.3,76.0,13.7,1,4000,0,0,0,0,1,0
CF,PILAV,41.281125,69.496842,1,TKT,76.7,11.1,338.0,3.9,1,3300,0,0,0,0,0,0

FINAL,D26R,26R,D,4
IF,PILAV,41.281125,69.496842,TKT,76.7,11.1,1,3300,0,0,0,0,0,0
CF,RYBAK,41.273967,69.431208,0,TKT,76.7,8.1,256.0,3.0,1,3300,0,0,0,0,2,0
CF,TORGI,41.266525,69.363067,0,TKT,76.7,5.0,256.0,3.1,2,2310,0,0,0,0,0,0
CF,VAZON,41.261706,69.319275,0,TKT,76.7,3.0,256.0,2.0,1,1729,0,0,0,0,3,0
FA,VAZON,41.261706,69.319275,0,TKT,0.0,0.0,256.0,2,4000,0,0,0,0,0,0
VM,0,0,0,256.0,1,4000,0,0,0,0,0,0

APPTR,I08L,08L,LIMGU
IF,LIMGU,41.154378,68.975589, ,0.0,0.0,3,5000,0,0,0,0,1,0
CF,INBOG,41.231775,69.041550,0,ING,256.7,12.3,27.0,5.5,2,4000,0,0,0,0,0,0

APPTR,I08L,08L,PIVIN
IF,PIVIN,41.235294,68.954100, ,0.0,0.0,3,5000,0,0,0,0,1,0
CF,INBOG,41.231775,69.041550,0,ING,256.7,12.3,88.0,4.0,2,4000,0,0,0,0,0,0

APPTR,I08L,08L,SR
IF,SR,41.184667,69.222833, ,0.0,0.0,1,6000,0,0,0,0,1,0
CF,LIMGU,41.154378,68.975589,0,TKT,239.6,14.0,256.0,11.3,3,5000,0,0,0,0,0,0
CF,INBOG,41.231775,69.041550,2,ING,256.7,12.3,27.0,5.5,2,4000,0,0,0,0,0,0

APPTR,I08L,08L,UTEBI
IF,UTEBI,41.273456,68.974178, ,0.0,0.0,3,5000,0,0,0,0,1,0
CF,INBOG,41.231775,69.041550,0,ING,256.7,12.3,124.0,4.0,2,4000,0,0,0,0,0,0

FINAL,I08L,08L,I,3
IF,INBOG,41.231775,69.041550,ING,256.7,12.3,2,4000,0,0,0,0,0,0
CF,SIVER,41.236489,69.083503,0,ING,256.7,10.3,76.0,1.9,1,4000,0,0,0,0,2,0
CF,RW08L,41.256147,69.260117,0,ING,256.7,2.3,76.0,8.1,1,1426,0,0,0,0,3,0
FA,RW08L,41.256147,69.260117,0,TKT,0.0,0.0,76.0,2,2100,0,0,0,0,0,0
DF,SR,41.184667,69.222833,2, ,0.0,0.0,1,5000,0,0,0,0,0,0

APPTR,I08R,08R,LIMGU
IF,LIMGU,41.154378,68.975589, ,0.0,0.0,3,5000,0,0,0,0,1,0
CF,ABVIS,41.229875,69.041936,0,IZW,256.7,12.1,28.0,5.4,2,4000,0,0,0,0,0,0

APPTR,I08R,08R,PIVIN
IF,PIVIN,41.235294,68.954100, ,0.0,0.0,3,5000,0,0,0,0,1,0
CF,ABVIS,41.229875,69.041936,0,IZW,256.7,12.1,89.0,4.0,2,4000,0,0,0,0,0,0

APPTR,I08R,08R,SR
IF,SR,41.184667,69.222833, ,0.0,0.0,1,6000,0,0,0,0,1,0
CF,LIMGU,41.154378,68.975589,0,TKT,239.6,14.0,256.0,11.3,3,5000,0,0,0,0,0,0
CF,ABVIS,41.229875,69.041936,2,IZW,256.7,12.1,28.0,5.4,2,4000,0,0,0,0,0,0

APPTR,I08R,08R,UTEBI
IF,UTEBI,41.273456,68.974178, ,0.0,0.0,3,5000,0,0,0,0,1,0
CF,ABVIS,41.229875,69.041936,0,IZW,256.7,12.1,125.0,4.0,2,4000,0,0,0,0,0,0

FINAL,I08R,08R,I,3
IF,ABVIS,41.229875,69.041936,IZW,256.7,12.1,2,4000,0,0,0,0,0,0
CF,NONBI,41.234544,69.083447,0,IZW,256.7,10.2,76.0,1.9,1,4000,0,0,0,0,2,0
CF,RW08R,41.254278,69.260489,0,IZW,256.7,2.1,76.0,8.1,1,1420,0,0,0,0,3,0
FA,RW08R,41.254278,69.260489,0,TKT,0.0,0.0,76.0,2,2100,0,0,0,0,0,0
DF,SR,41.184667,69.222833,2, ,0.0,0.0,1,5000,0,0,0,0,0,0

APPTR,I26R,26R,ESEGI
IF,ESEGI,41.138333,69.458333, ,0.0,0.0,2,5000,0,0,0,0,1,0
TF,GISVO,41.215075,69.491406,0, ,0.0,0.0,0.0,0.0,2,4000,0,0,0,0,1,0
CF,ELPUD,41.279347,69.472031,0,IFD,76.7,10.0,342.0,4.0,1,3000,0,0,0,0,0,0

APPTR,I26R,26R,SR
IF,SR,41.184667,69.222833, ,0.0,0.0,1,6000,0,0,0,0,1,0
CF,GISVO,41.215075,69.491406,0,TKT,97.3,11.0,76.0,12.3,2,4000,0,0,0,0,1,0
CF,ELPUD,41.279347,69.472031,1,IFD,76.7,10.0,342.0,4.0,1,3000,0,0,0,0,0,0

FINAL,I26R,26R,I,3
IF,ELPUD,41.279347,69.472031,IFD,76.7,10.0,1,3000,0,0,0,0,0,0
CF,GOSOD,41.272200,69.406397,0,IFD,76.7,7.0,256.0,3.0,1,3000,0,0,0,0,2,0
CF,RW26R,41.260686,69.301414,0,IFD,76.7,2.2,256.0,4.8,1,1471,0,0,0,0,3,0
FA,RW26R,41.260686,69.301414,0,TKT,0.0,0.0,256.0,2,4000,0,0,0,0,0,0
VM,0,0,0,256.0,1,4000,0,0,0,0,0,0

