SID,DISK1D,15,2
DF,DER15,52.692664,39.544142,0, ,0.0,0.0,0,0,0,0,0,0,0,1
CA,0,149.0,2,2000,0,0,0,0,0,0
CF,DISKI,52.007500,39.956111,0,KLG,128.4,200.1,149.0,41.0,2,7000,0,0,0,0,0,0

SID,DISK1E,33,2
DF,DER33,52.712439,39.532244,0, ,0.0,0.0,0,0,0,0,0,0,0,1
CA,0,329.0,2,2000,0,0,0,0,0,0
DF,I,52.686333,39.547944,1, ,0.0,0.0,0,0,0,0,0,0,0,1
TF,DISKI,52.007500,39.956111,0, ,0.0,0.0,0.0,0.0,2,7000,0,0,0,0,0,0

SID,DISK1F,33,2
DF,DER33,52.712439,39.532244,0, ,0.0,0.0,0,0,0,0,0,0,0,1
CA,0,329.0,2,2000,0,0,0,0,0,0
DF,I,52.686333,39.547944,2, ,0.0,0.0,0,0,0,0,0,0,0,1
TF,DISKI,52.007500,39.956111,0, ,0.0,0.0,0.0,0.0,2,7000,0,0,0,0,0,0

SID,DISK1G,15,5
CF,OL007,52.590750,39.605333,0,DMD,148.7,178.5,149.0,7.0,0,0,0,1,220,0,0,1
DF,OL019,52.308333,39.702778,0, ,0.0,0.0,0,0,0,0,0,0,0,0
TF,DISKI,52.007500,39.956111,0, ,0.0,0.0,0.0,0.0,2,7000,0,0,0,0,0,0

SID,DISK1H,33,5
CF,OL016,52.815611,39.470056,0,DMD,148.8,164.1,329.0,7.0,0,0,0,1,220,0,0,1
DF,OL017,52.688861,39.683861,2, ,0.0,0.0,0,0,0,0,0,0,0,0
TF,OL019,52.308333,39.702778,0, ,0.0,0.0,0.0,0.0,0,0,0,0,0,0,0,0
TF,DISKI,52.007500,39.956111,0, ,0.0,0.0,0.0,0.0,2,7000,0,0,0,0,0,0

SID,NEGL1E,15,2
DF,DER15,52.692664,39.544142,0, ,0.0,0.0,0,0,0,0,0,0,0,1
CA,0,149.0,2,2000,0,0,0,0,0,0
DF,D,52.720944,39.527083,1, ,0.0,0.0,0,0,0,0,0,0,0,1
TF,NEGLE,53.412778,39.605556,0, ,0.0,0.0,0.0,0.0,2,13000,0,0,0,0,0,0

SID,NEGL1F,15,2
DF,DER15,52.692664,39.544142,0, ,0.0,0.0,0,0,0,0,0,0,0,1
CA,0,149.0,2,2000,0,0,0,0,0,0
DF,D,52.720944,39.527083,2, ,0.0,0.0,0,0,0,0,0,0,0,0
TF,NEGLE,53.412778,39.605556,0, ,0.0,0.0,0.0,0.0,2,13000,0,0,0,0,0,0

SID,NEGL1G,33,2
DF,DER33,52.712439,39.532244,0, ,0.0,0.0,0,0,0,0,0,0,0,1
CA,0,329.0,2,2000,0,0,0,0,0,0
CI,0, ,0.0,36.0,0,0,0,0,0,0,0,0
CF,NEGLE,53.412778,39.605556,0,KLG,109.5,133.5,353.0,38.0,2,13000,0,0,0,0,0,0

SID,NEGL1H,15,5
CF,OL007,52.590750,39.605333,0,DMD,148.7,178.5,149.0,7.0,0,0,0,1,220,0,0,1
DF,OL008,52.773222,39.634000,1, ,0.0,0.0,0,0,0,0,0,0,0,0
TF,OL018,53.180861,39.321056,0, ,0.0,0.0,0.0,0.0,0,0,0,0,0,0,0,0
TF,NEGLE,53.412778,39.605556,0, ,0.0,0.0,0.0,0.0,2,13000,0,0,0,0,0,0

SID,NEGL1J,33,5
CF,OL016,52.815611,39.470056,0,DMD,148.8,164.1,329.0,7.0,0,0,0,1,220,0,0,1
DF,OL018,53.180861,39.321056,0, ,0.0,0.0,0,0,0,0,0,0,0,0
TF,NEGLE,53.412778,39.605556,0, ,0.0,0.0,0.0,0.0,2,13000,0,0,0,0,0,0

SID,UROB1J,15,2
DF,DER15,52.692664,39.544142,0, ,0.0,0.0,0,0,0,0,0,0,0,1
CA,0,149.0,2,2000,0,0,0,0,0,0
DF,D,52.720944,39.527083,1, ,0.0,0.0,0,0,0,0,0,0,0,1
TF,UROBI,52.486667,39.139444,0, ,0.0,0.0,0.0,0.0,2,7000,0,0,0,0,0,0

SID,UROB1K,33,2
DF,DER33,52.712439,39.532244,0, ,0.0,0.0,0,0,0,0,0,0,0,1
CA,0,329.0,2,2000,0,0,0,0,0,0
DF,I,52.686333,39.547944,2, ,0.0,0.0,0,0,0,0,0,0,0,1
TF,UROBI,52.486667,39.139444,0, ,0.0,0.0,0.0,0.0,2,7000,0,0,0,0,0,0

SID,UROB1L,15,5
CF,OL007,52.590750,39.605333,0,DMD,148.7,178.5,149.0,7.0,0,0,0,1,220,0,0,1
DF,OL008,52.773222,39.634000,1, ,0.0,0.0,0,0,0,1,250,0,0,0
TF,OL009,52.746306,39.511833,1, ,0.0,0.0,0.0,0.0,0,0,0,0,0,0,0,0
TF,UROBI,52.486667,39.139444,0, ,0.0,0.0,0.0,0.0,2,7000,0,0,0,0,0,0

SID,UROB1M,15,5
CF,OL007,52.590750,39.605333,0,DMD,148.7,178.5,149.0,7.0,0,0,0,1,220,0,0,1
DF,UROBI,52.486667,39.139444,2, ,0.0,0.0,2,7000,0,0,0,0,0,0

SID,UROB1N,33,5
CF,OL016,52.815611,39.470056,0,DMD,148.8,164.1,329.0,7.0,0,0,0,1,220,0,0,1
DF,OL017,52.688861,39.683861,2, ,0.0,0.0,0,0,0,0,0,0,0,0
TF,UROBI,52.486667,39.139444,0, ,0.0,0.0,0.0,0.0,2,7000,0,0,0,0,0,0

SID,UROB1P,33,5
CF,OL016,52.815611,39.470056,0,DMD,148.8,164.1,329.0,7.0,0,0,0,1,220,0,0,1
DF,UROBI,52.486667,39.139444,1, ,0.0,0.0,2,7000,0,1,225,0,0,0

STAR,OSPE1F,15,2
IF,OSPER,53.439167,38.918333, ,0.0,0.0,2,7000,0,0,0,0,0,0
TF,D,52.720944,39.527083,0, ,0.0,0.0,0.0,0.0,2,2900,0,0,0,0,0,0

STAR,OSPE1G,33,2
IF,OSPER,53.439167,38.918333, ,0.0,0.0,2,7000,0,0,0,0,0,0
TF,I,52.686333,39.547944,0, ,0.0,0.0,0.0,0.0,2,2900,0,0,0,0,0,0

STAR,OSPE1H,15,5
IF,OSPER,53.439167,38.918333, ,0.0,0.0,2,7000,0,0,0,0,0,0
TF,OL018,53.180861,39.321056,0, ,0.0,0.0,0.0,0.0,0,0,0,0,0,0,0,0
TF,OL001,52.871444,39.436556,0, ,0.0,0.0,0.0,0.0,2,2900,0,0,0,0,0,0

STAR,OSPE1J,33,5
IF,OSPER,53.439167,38.918333, ,0.0,0.0,2,7000,0,0,0,0,0,0
TF,OL018,53.180861,39.321056,0, ,0.0,0.0,0.0,0.0,0,0,0,0,0,0,0,0
TF,OL013,52.653361,39.741917,0, ,0.0,0.0,0.0,0.0,0,0,0,0,0,0,0,0
TF,OL012,52.568889,39.792278,0, ,0.0,0.0,0.0,0.0,2,2900,0,0,0,0,0,0

STAR,RATG1F,15,2
IF,RATGA,51.975000,40.096111, ,0.0,0.0,2,7000,0,0,0,0,0,0
TF,D,52.720944,39.527083,0, ,0.0,0.0,0.0,0.0,2,2900,0,0,0,0,0,0

STAR,RATG1G,33,2
IF,RATGA,51.975000,40.096111, ,0.0,0.0,2,7000,0,0,0,0,0,0
TF,I,52.686333,39.547944,0, ,0.0,0.0,0.0,0.0,2,2900,0,0,0,0,0,0

STAR,RATG1H,15,5
IF,RATGA,51.975000,40.096111, ,0.0,0.0,2,7000,0,0,0,0,0,0
TF,OL020,52.332083,39.802806,0, ,0.0,0.0,0.0,0.0,0,0,0,0,0,0,0,0
TF,OL004,52.821000,39.642361,0, ,0.0,0.0,0.0,0.0,0,0,0,0,0,0,0,0
TF,OL003,52.905444,39.591667,0, ,0.0,0.0,0.0,0.0,2,2900,0,0,0,0,0,0

STAR,RATG1J,33,5
IF,RATGA,51.975000,40.096111, ,0.0,0.0,2,7000,0,0,0,0,0,0
TF,OL020,52.332083,39.802806,0, ,0.0,0.0,0.0,0.0,0,0,0,0,0,0,0,0
TF,OL010,52.534861,39.638444,0, ,0.0,0.0,0.0,0.0,2,2900,0,0,0,0,0,0

STAR,UROB1Q,15,2
IF,UROBI,52.486667,39.139444, ,0.0,0.0,2,7000,0,0,0,0,0,0
TF,D,52.720944,39.527083,0, ,0.0,0.0,0.0,0.0,2,2900,0,0,0,0,0,0

STAR,UROB1R,33,2
IF,UROBI,52.486667,39.139444, ,0.0,0.0,2,7000,0,0,0,0,0,0
TF,I,52.686333,39.547944,0, ,0.0,0.0,0.0,0.0,2,2900,0,0,0,0,0,0

STAR,UROB1S,15,5
IF,UROBI,52.486667,39.139444, ,0.0,0.0,2,7000,0,0,0,0,0,0
TF,OL002,52.837222,39.281778,0, ,0.0,0.0,0.0,0.0,2,2900,0,0,0,0,0,0

STAR,UROB1T,33,5
IF,UROBI,52.486667,39.139444, ,0.0,0.0,2,7000,0,0,0,0,0,0
TF,OL011,52.500667,39.484861,0, ,0.0,0.0,0.0,0.0,2,2900,0,0,0,0,0,0

APPTR,J15,15,OL002
IF,OL002,52.837222,39.281778, ,0.0,0.0,2,2900,0,0,0,0,1,0
TF,OL001,52.871444,39.436556,0,G15A,0.0,0.0,0.0,0.0,2,2900,0,0,0,0,1,0

APPTR,J15,15,OL003
IF,OL003,52.905444,39.591667, ,0.0,0.0,2,2900,0,0,0,0,1,0
TF,OL001,52.871444,39.436556,0,G15A,0.0,0.0,0.0,0.0,2,2900,0,0,0,0,1,0

FINAL,J15,15,G,3
IF,OL001,52.871444,39.436556,G15A,0.0,0.0,2,2900,0,0,0,0,0,0
TF,OL005,52.794500,39.482778,0,G15A,0.0,0.0,149.0,4.9,1,2300,0,0,0,0,2,0
TF,RW15,52.712439,39.532244,0,G15A,0.0,0.0,149.0,5.3,1,628,0,0,0,0,3,1
CF,OL006,52.638528,39.576639,0,DMD,148.7,175.4,149.0,4.7,0,0,0,0,0,0,0,1
DF,OL004,52.821000,39.642361,1, ,0.0,0.0,0,0,0,1,225,0,0,0
TF,OL003,52.905444,39.591667,0, ,0.0,0.0,0.0,0.0,2,2900,0,0,0,0,0,0

APPTR,J33,33,OL011
IF,OL011,52.500667,39.484861, ,0.0,0.0,2,2900,0,0,0,0,1,0
TF,OL010,52.534861,39.638444,0,G33A,0.0,0.0,0.0,0.0,2,2900,0,0,0,0,1,0

APPTR,J33,33,OL012
IF,OL012,52.568889,39.792278, ,0.0,0.0,2,2900,0,0,0,0,1,0
TF,OL010,52.534861,39.638444,0,G33A,0.0,0.0,0.0,0.0,2,2900,0,0,0,0,1,0

FINAL,J33,33,G,3
IF,OL010,52.534861,39.638444,G33A,0.0,0.0,2,2900,0,0,0,0,0,0
TF,OL014,52.612750,39.592056,0,G33A,0.0,0.0,329.0,5.0,1,2300,0,0,0,0,2,0
TF,RW33,52.695192,39.542614,0,G33A,0.0,0.0,329.0,5.3,1,621,0,0,0,0,3,1
CF,OL015,52.769083,39.498111,0,DMD,148.8,167.1,329.0,4.7,0,0,0,0,0,0,0,1
DF,OL013,52.653361,39.741917,2, ,0.0,0.0,0,0,0,1,235,0,0,0
TF,OL012,52.568889,39.792278,0, ,0.0,0.0,0.0,0.0,2,2900,0,0,0,0,0,0

APPTR,N15-Y,15,I1
IF,I,52.686333,39.547944, ,0.0,0.0,2,2900,0,0,0,0,1,0
FC,I,52.686333,39.547944,0,KLG,0.0,0.0,352.0,8.8,1,2800,0,0,0,0,0,1
CF,FN15,52.819083,39.468114,1,KLG,122.1,151.8,149.0,1.0,1,2800,0,0,0,0,0,0

APPTR,N15-Y,15,I2
IF,I,52.686333,39.547944, ,0.0,0.0,2,2900,0,0,0,0,1,0
FC,I,52.686333,39.547944,0,KLG,0.0,0.0,339.0,8.8,1,2800,0,0,0,0,0,1
CF,FN15,52.819083,39.468114,1,KLG,122.1,151.8,149.0,1.0,1,2800,0,0,0,0,0,0

FINAL,N15-Y,15,N,2
IF,FN15,52.819083,39.468114,I,0.0,0.0,1,2800,0,0,0,0,2,0
CF,RW15,52.712439,39.532244,0,I,0.0,0.0,149.0,6.8,1,628,0,0,0,0,3,0
CF,I,52.686333,39.547944,0,KLG,123.4,159.6,149.0,1.7,0,0,0,0,0,0,0,1
CA,0,149.0,2,2000,0,0,0,0,0,0
DF,I,52.686333,39.547944,1, ,0.0,0.0,2,2900,0,0,0,0,0,0

APPTR,N15-Z,15,D1
IF,D,52.720944,39.527083, ,0.0,0.0,2,2900,0,0,0,0,1,0
FC,D,52.720944,39.527083,0,KLG,0.0,0.0,352.0,8.8,1,2800,0,0,0,0,0,1
CF,FN15,52.819083,39.468114,1,KLG,122.1,151.8,149.0,3.0,1,2800,0,0,0,0,0,0

APPTR,N15-Z,15,D2
IF,D,52.720944,39.527083, ,0.0,0.0,2,2900,0,0,0,0,1,0
FC,D,52.720944,39.527083,0,KLG,0.0,0.0,339.0,8.8,1,2800,0,0,0,0,0,1
CF,FN15,52.819083,39.468114,1,KLG,122.1,151.8,149.0,3.0,1,2800,0,0,0,0,0,0

FINAL,N15-Z,15,N,2
IF,FN15,52.819083,39.468114,D,0.0,0.0,1,2800,0,0,0,0,2,0
CF,D,52.720944,39.527083,0,D,0.0,0.0,149.0,6.3,1,802,0,0,0,0,3,0
CA,0,149.0,2,2000,0,0,0,0,0,0
DF,D,52.720944,39.527083,1, ,0.0,0.0,2,2900,0,0,0,0,0,0

APPTR,N33-Y,33,D1
IF,D,52.720944,39.527083, ,0.0,0.0,2,2900,0,0,0,0,1,0
FC,D,52.720944,39.527083,0,KLG,0.0,0.0,127.0,8.8,1,2800,0,0,0,0,0,1
CF,FN33,52.588164,39.606600,2,KLG,124.2,165.3,329.0,1.0,1,2800,0,0,0,0,0,0

APPTR,N33-Y,33,D2
IF,D,52.720944,39.527083, ,0.0,0.0,2,2900,0,0,0,0,1,0
FC,D,52.720944,39.527083,0,KLG,0.0,0.0,141.0,8.8,1,2800,0,0,0,0,0,1
CF,FN33,52.588164,39.606600,2,KLG,124.2,165.3,329.0,1.0,1,2800,0,0,0,0,0,0

FINAL,N33-Y,33,N,2
IF,FN33,52.588164,39.606600,D,0.0,0.0,1,2800,0,0,0,0,2,0
CF,RW33,52.695192,39.542614,0,D,0.0,0.0,329.0,6.8,1,621,0,0,0,0,3,0
CF,D,52.720944,39.527083,0,KLG,123.0,157.5,329.0,1.7,0,0,0,0,0,0,0,1
CA,0,329.0,2,2000,0,0,0,0,0,0
DF,D,52.720944,39.527083,2, ,0.0,0.0,2,2900,0,0,0,0,0,0

APPTR,N33-Z,33,I1
IF,I,52.686333,39.547944, ,0.0,0.0,2,2900,0,0,0,0,1,0
FC,I,52.686333,39.547944,0,KLG,0.0,0.0,127.0,8.8,1,2800,0,0,0,0,0,1
CF,FN33,52.588164,39.606600,2,KLG,124.2,165.3,329.0,3.0,1,2800,0,0,0,0,0,0

APPTR,N33-Z,33,I2
IF,I,52.686333,39.547944, ,0.0,0.0,2,2900,0,0,0,0,1,0
FC,I,52.686333,39.547944,0,KLG,0.0,0.0,141.0,8.8,1,2800,0,0,0,0,0,1
CF,FN33,52.588164,39.606600,2,KLG,124.2,165.3,329.0,3.0,1,2800,0,0,0,0,0,0

FINAL,N33-Z,33,N,2
IF,FN33,52.588164,39.606600,I,0.0,0.0,1,2800,0,0,0,0,2,0
CF,I,52.686333,39.547944,0,I,0.0,0.0,329.0,6.3,1,802,0,0,0,0,3,0
CA,0,329.0,2,2000,0,0,0,0,0,0
DF,I,52.686333,39.547944,2, ,0.0,0.0,2,2900,0,0,0,0,0,0

APPTR,R15,15,OL002
IF,OL002,52.837222,39.281778, ,0.0,0.0,2,2900,0,0,0,0,1,0
TF,OL001,52.871444,39.436556,0, ,0.0,0.0,0.0,0.0,2,2900,0,0,0,0,1,0

APPTR,R15,15,OL003
IF,OL003,52.905444,39.591667, ,0.0,0.0,2,2900,0,0,0,0,1,0
TF,OL001,52.871444,39.436556,0, ,0.0,0.0,0.0,0.0,2,2900,0,0,0,0,1,0

FINAL,R15,15,R,3
IF,OL001,52.871444,39.436556, ,0.0,0.0,2,2900,0,0,0,0,0,0
TF,OL005,52.794500,39.482778,0, ,0.0,0.0,149.0,4.9,1,2300,0,0,0,0,2,0
TF,RW15,52.712439,39.532244,0, ,0.0,0.0,149.0,5.3,1,628,0,0,0,0,3,1
CF,OL006,52.638528,39.576639,0,DMD,148.7,175.4,149.0,4.7,0,0,0,0,0,0,0,1
DF,OL004,52.821000,39.642361,1, ,0.0,0.0,0,0,0,1,225,0,0,0
TF,OL003,52.905444,39.591667,0, ,0.0,0.0,0.0,0.0,2,2900,0,0,0,0,0,0

APPTR,R33,33,OL011
IF,OL011,52.500667,39.484861, ,0.0,0.0,2,2900,0,0,0,0,1,0
TF,OL010,52.534861,39.638444,0, ,0.0,0.0,0.0,0.0,2,2900,0,0,0,0,1,0

APPTR,R33,33,OL012
IF,OL012,52.568889,39.792278, ,0.0,0.0,2,2900,0,0,0,0,1,0
TF,OL010,52.534861,39.638444,0, ,0.0,0.0,0.0,0.0,2,2900,0,0,0,0,1,0

FINAL,R33,33,R,3
IF,OL010,52.534861,39.638444, ,0.0,0.0,2,2900,0,0,0,0,0,0
TF,OL014,52.612750,39.592056,0, ,0.0,0.0,329.0,5.0,1,2300,0,0,0,0,2,0
TF,RW33,52.695192,39.542614,0, ,0.0,0.0,329.0,5.3,1,621,0,0,0,0,3,1
CF,OL015,52.769083,39.498111,0,DMD,148.8,167.1,329.0,4.7,0,0,0,0,0,0,0,1
DF,OL013,52.653361,39.741917,2, ,0.0,0.0,0,0,0,1,235,0,0,0
TF,OL012,52.568889,39.792278,0, ,0.0,0.0,0.0,0.0,2,2900,0,0,0,0,0,0

