SID,GIGE1A,13,2
DF,DER13,65.994450,57.378147,0, ,0.0,0.0,0,0,0,0,0,0,0,1
CA,0,134.0,2,800,0,0,0,0,0,0
CI,2, ,0.0,321.0,0,0,0,0,0,0,0,0
CF,GIGES,65.923056,56.510556,0,NRM,116.4,131.1,231.0,19.0,2,6000,0,0,0,0,0,0

SID,GIGE1B,13,2
DF,DER13,65.994450,57.378147,0, ,0.0,0.0,0,0,0,0,0,0,0,1
CA,0,134.0,2,800,0,0,0,0,0,0
CI,2, ,0.0,317.0,0,0,0,0,0,0,0,0
CF,GIGES,65.923056,56.510556,0,NRM,116.4,131.1,227.0,19.0,2,6000,0,0,0,0,0,0

SID,GIGE1C,31,2
DF,DER31,66.015064,57.356419,0, ,0.0,0.0,0,0,0,0,0,0,0,1
CA,0,314.0,2,800,0,0,0,0,0,0
CI,1, ,0.0,166.0,0,0,0,1,210,0,0,0
CF,GIGES,65.923056,56.510556,0,NRM,116.4,131.1,237.0,18.0,2,6000,0,0,0,0,0,0

SID,GIGE1D,31,2
DF,DER31,66.015064,57.356419,0, ,0.0,0.0,0,0,0,0,0,0,0,1
CA,0,314.0,2,800,0,0,0,0,0,0
CI,1, ,0.0,151.0,0,0,0,1,210,0,0,0
CF,GIGES,65.923056,56.510556,0,NRM,116.4,131.1,241.0,18.0,2,6000,0,0,0,0,0,0

SID,GIGE1J,13,5
DF,DER13,65.994450,57.378147,0, ,0.0,0.0,0,0,0,0,0,0,0,1
CA,0,134.0,2,800,0,1,210,0,0,0
DF,GIGES,65.923056,56.510556,2, ,0.0,0.0,2,6000,0,0,0,0,0,0

SID,GIGE1K,31,5
DF,DER31,66.015064,57.356419,0, ,0.0,0.0,0,0,0,0,0,0,0,1
CA,0,314.0,2,800,0,1,210,0,0,0
DF,GIGES,65.923056,56.510556,1, ,0.0,0.0,2,6000,0,0,0,0,0,0

SID,IDED1A,13,2
DF,DER13,65.994450,57.378147,0, ,0.0,0.0,0,0,0,0,0,0,0,1
CA,0,134.0,2,800,0,0,0,0,0,0
DF,U,66.024167,57.346889,2, ,0.0,0.0,0,0,0,1,210,0,0,0
TF,IDEDA,66.262222,56.750833,0, ,0.0,0.0,0.0,0.0,2,6000,0,0,0,0,0,0

SID,IDED1B,13,2
DF,DER13,65.994450,57.378147,0, ,0.0,0.0,0,0,0,0,0,0,0,1
CA,0,134.0,2,800,0,0,0,0,0,0
DF,UL,66.047528,57.321750,2, ,0.0,0.0,0,0,0,1,210,0,0,0
TF,IDEDA,66.262222,56.750833,0, ,0.0,0.0,0.0,0.0,2,6000,0,0,0,0,0,0

SID,IDED1C,31,2
DF,DER31,66.015064,57.356419,0, ,0.0,0.0,0,0,0,0,0,0,0,1
CA,0,314.0,2,800,0,0,0,0,0,0
CI,0, ,0.0,265.0,0,0,0,0,0,0,0,0
CF,IDEDA,66.262222,56.750833,0,NRM,108.3,119.3,294.0,18.0,2,6000,0,0,0,0,0,0

SID,IDED1D,31,2
DF,DER31,66.015064,57.356419,0, ,0.0,0.0,0,0,0,0,0,0,0,1
CA,0,314.0,2,800,0,0,0,0,0,0
CI,0, ,0.0,254.0,0,0,0,0,0,0,0,0
CF,IDEDA,66.262222,56.750833,0,NRM,108.3,119.3,296.0,18.0,2,6000,0,0,0,0,0,0

SID,IDED1J,13,5
DF,DER13,65.994450,57.378147,0, ,0.0,0.0,0,0,0,0,0,0,0,1
CA,0,134.0,2,800,0,1,210,0,0,0
DF,IDEDA,66.262222,56.750833,2, ,0.0,0.0,2,6000,0,0,0,0,0,0

SID,IDED1K,31,5
DF,DER31,66.015064,57.356419,0, ,0.0,0.0,0,0,0,0,0,0,0,1
CA,0,314.0,2,800,0,1,210,0,0,0
DF,IDEDA,66.262222,56.750833,0, ,0.0,0.0,2,6000,0,0,0,0,0,0

SID,NILO1A,13,2
DF,DER13,65.994450,57.378147,0, ,0.0,0.0,0,0,0,0,0,0,0,1
CA,0,134.0,2,800,0,0,0,0,0,0
CI,2, ,0.0,299.0,0,0,0,0,0,0,0,0
CF,NILOL,65.806111,56.636389,0,NRM,117.1,138.6,210.0,18.0,2,6000,0,0,0,0,0,0

SID,NILO1B,13,2
DF,DER13,65.994450,57.378147,0, ,0.0,0.0,0,0,0,0,0,0,0,1
CA,0,134.0,2,800,0,0,0,0,0,0
CI,2, ,0.0,296.0,0,0,0,0,0,0,0,0
CF,NILOL,65.806111,56.636389,0,NRM,117.1,138.6,207.0,18.0,2,6000,0,0,0,0,0,0

SID,NILO1C,31,2
DF,DER31,66.015064,57.356419,0, ,0.0,0.0,0,0,0,0,0,0,0,1
CA,0,314.0,2,800,0,0,0,0,0,0
CI,1, ,0.0,127.0,0,0,0,1,210,0,0,0
CF,NILOL,65.806111,56.636389,0,NRM,117.1,138.6,217.0,19.0,2,6000,0,0,0,0,0,0

SID,NILO1D,31,2
DF,DER31,66.015064,57.356419,0, ,0.0,0.0,0,0,0,0,0,0,0,1
CA,0,314.0,2,800,0,0,0,0,0,0
CI,1, ,0.0,131.0,0,0,0,1,210,0,0,0
CF,NILOL,65.806111,56.636389,0,NRM,117.1,138.6,221.0,19.0,2,6000,0,0,0,0,0,0

SID,NILO1J,13,5
DF,DER13,65.994450,57.378147,0, ,0.0,0.0,0,0,0,0,0,0,0,1
CA,0,134.0,2,800,0,1,210,0,0,0
DF,NILOL,65.806111,56.636389,0, ,0.0,0.0,2,6000,0,0,0,0,0,0

SID,NILO1K,31,5
DF,DER31,66.015064,57.356419,0, ,0.0,0.0,0,0,0,0,0,0,0,1
CA,0,314.0,2,800,0,1,210,0,0,0
DF,NILOL,65.806111,56.636389,1, ,0.0,0.0,2,6000,0,0,0,0,0,0

SID,ODEK1A,13,2
DF,DER13,65.994450,57.378147,0, ,0.0,0.0,0,0,0,0,0,0,0,1
CA,0,134.0,2,800,0,0,0,0,0,0
CI,2, ,0.0,239.0,0,0,0,0,0,0,0,0
CF,ODEKI,65.704722,56.887500,0,NRM,116.5,147.2,188.0,17.0,2,6000,0,0,0,0,0,0

SID,ODEK1B,13,2
DF,DER13,65.994450,57.378147,0, ,0.0,0.0,0,0,0,0,0,0,0,1
CA,0,134.0,2,800,0,0,0,0,0,0
CI,2, ,0.0,249.0,0,0,0,0,0,0,0,0
CF,ODEKI,65.704722,56.887500,0,NRM,116.5,147.2,185.0,17.0,2,6000,0,0,0,0,0,0

SID,ODEK1C,31,2
DF,DER31,66.015064,57.356419,0, ,0.0,0.0,0,0,0,0,0,0,0,1
CA,0,314.0,2,800,0,0,0,0,0,0
CI,1, ,0.0,103.0,0,0,0,1,210,0,0,0
CF,ODEKI,65.704722,56.887500,0,NRM,116.5,147.2,193.0,20.0,2,6000,0,0,0,0,0,0

SID,ODEK1D,31,2
DF,DER31,66.015064,57.356419,0, ,0.0,0.0,0,0,0,0,0,0,0,1
CA,0,314.0,2,800,0,0,0,0,0,0
DF,YT,65.962278,57.412333,2, ,0.0,0.0,0,0,0,1,210,0,0,0
TF,ODEKI,65.704722,56.887500,0, ,0.0,0.0,0.0,0.0,2,6000,0,0,0,0,0,0

SID,ODEK1J,13,5
DF,DER13,65.994450,57.378147,0, ,0.0,0.0,0,0,0,0,0,0,0,1
CA,0,134.0,2,800,0,1,210,0,0,0
DF,ODEKI,65.704722,56.887500,0, ,0.0,0.0,2,6000,0,0,0,0,0,0

SID,ODEK1K,31,5
DF,DER31,66.015064,57.356419,0, ,0.0,0.0,0,0,0,0,0,0,0,1
CA,0,314.0,2,800,0,1,210,0,0,0
DF,ODEKI,65.704722,56.887500,1, ,0.0,0.0,2,6000,0,0,0,0,0,0

SID,PIMI1A,13,2
DF,DER13,65.994450,57.378147,0, ,0.0,0.0,0,0,0,0,0,0,0,1
CA,0,134.0,2,800,0,0,0,0,0,0
CI,0, ,0.0,187.0,0,0,0,0,0,0,0,0
CF,PIMID,65.673056,57.276667,0,NRM,114.0,154.5,162.0,15.0,2,6000,0,0,0,0,0,0

SID,PIMI1B,13,2
DF,DER13,65.994450,57.378147,0, ,0.0,0.0,0,0,0,0,0,0,0,1
CA,0,134.0,2,800,0,0,0,0,0,0
CI,0, ,0.0,195.0,0,0,0,0,0,0,0,0
CF,PIMID,65.673056,57.276667,0,NRM,114.0,154.5,160.0,15.0,2,6000,0,0,0,0,0,0

SID,PIMI1C,31,2
DF,DER31,66.015064,57.356419,0, ,0.0,0.0,0,0,0,0,0,0,0,1
CA,0,314.0,2,800,0,0,0,0,0,0
DF,Y,65.986083,57.386972,2, ,0.0,0.0,0,0,0,1,210,0,0,0
TF,PIMID,65.673056,57.276667,0, ,0.0,0.0,0.0,0.0,2,6000,0,0,0,0,0,0

SID,PIMI1D,31,2
DF,DER31,66.015064,57.356419,0, ,0.0,0.0,0,0,0,0,0,0,0,1
CA,0,314.0,2,800,0,0,0,0,0,0
DF,YT,65.962278,57.412333,2, ,0.0,0.0,0,0,0,1,210,0,0,0
TF,PIMID,65.673056,57.276667,0, ,0.0,0.0,0.0,0.0,2,6000,0,0,0,0,0,0

SID,PIMI1J,13,5
DF,DER13,65.994450,57.378147,0, ,0.0,0.0,0,0,0,0,0,0,0,1
CA,0,134.0,2,800,0,1,210,0,0,0
DF,PIMID,65.673056,57.276667,0, ,0.0,0.0,2,6000,0,0,0,0,0,0

SID,PIMI1K,31,5
DF,DER31,66.015064,57.356419,0, ,0.0,0.0,0,0,0,0,0,0,0,1
CA,0,314.0,2,800,0,1,210,0,0,0
DF,PIMID,65.673056,57.276667,1, ,0.0,0.0,2,6000,0,0,0,0,0,0

SID,PINE1A,13,2
DF,DER13,65.994450,57.378147,0, ,0.0,0.0,0,0,0,0,0,0,0,1
CA,0,134.0,2,800,0,0,0,0,0,0
DF,U,66.024167,57.346889,2, ,0.0,0.0,0,0,0,1,210,0,0,0
TF,PINEB,66.195278,58.116667,0, ,0.0,0.0,0.0,0.0,2,6000,0,0,0,0,0,0

SID,PINE1B,13,2
DF,DER13,65.994450,57.378147,0, ,0.0,0.0,0,0,0,0,0,0,0,1
CA,0,134.0,2,800,0,0,0,0,0,0
DF,UL,66.047528,57.321750,2, ,0.0,0.0,0,0,0,1,210,0,0,0
TF,PINEB,66.195278,58.116667,0, ,0.0,0.0,0.0,0.0,2,6000,0,0,0,0,0,0

SID,PINE1C,31,2
DF,DER31,66.015064,57.356419,0, ,0.0,0.0,0,0,0,0,0,0,0,1
CA,0,314.0,2,800,0,0,0,0,0,0
CI,2, ,0.0,91.0,0,0,0,1,210,0,0,0
CF,PINEB,66.195278,58.116667,0,NRM,100.0,146.7,31.0,17.0,2,6000,0,0,0,0,0,0

SID,PINE1D,31,2
DF,DER31,66.015064,57.356419,0, ,0.0,0.0,0,0,0,0,0,0,0,1
CA,0,314.0,2,800,0,0,0,0,0,0
CI,2, ,0.0,118.0,0,0,0,1,210,0,0,0
CF,PINEB,66.195278,58.116667,0,NRM,100.0,146.7,28.0,18.0,2,6000,0,0,0,0,0,0

SID,PINE1J,13,5
CF,YS015,65.911472,57.465222,0,NRM,109.1,146.6,134.0,6.0,0,0,0,1,210,0,0,1
DF,YS016,65.982028,57.839972,1, ,0.0,0.0,0,0,0,0,0,0,0,0
TF,PINEB,66.195278,58.116667,0, ,0.0,0.0,0.0,0.0,2,6000,0,0,0,0,0,0

SID,PINE1K,31,5
DF,DER31,66.015064,57.356419,0, ,0.0,0.0,0,0,0,0,0,0,0,1
CA,0,314.0,2,800,0,1,210,0,0,0
DF,PINEB,66.195278,58.116667,2, ,0.0,0.0,2,6000,0,0,0,0,0,0

SID,TIPO1A,13,2
DF,DER13,65.994450,57.378147,0, ,0.0,0.0,0,0,0,0,0,0,0,1
CA,0,134.0,2,1300,0,0,0,0,0,0
CI,1, ,0.0,326.0,0,0,0,1,210,0,0,0
CF,TIPOG,66.026389,58.247222,2,NRM,102.2,155.7,66.0,19.0,2,6000,0,0,0,0,0,0

SID,TIPO1B,13,2
DF,DER13,65.994450,57.378147,0, ,0.0,0.0,0,0,0,0,0,0,0,1
CA,0,134.0,2,800,0,0,0,0,0,0
DF,UL,66.047528,57.321750,2, ,0.0,0.0,0,0,0,1,210,0,0,0
TF,TIPOG,66.026389,58.247222,0, ,0.0,0.0,0.0,0.0,2,6000,0,0,0,0,0,0

SID,TIPO1C,31,2
DF,DER31,66.015064,57.356419,0, ,0.0,0.0,0,0,0,0,0,0,0,1
CA,0,314.0,2,800,0,0,0,0,0,0
DF,Y,65.986083,57.386972,1, ,0.0,0.0,0,0,0,1,210,0,0,0
TF,TIPOG,66.026389,58.247222,0, ,0.0,0.0,0.0,0.0,2,6000,0,0,0,0,0,0

SID,TIPO1D,31,2
DF,DER31,66.015064,57.356419,0, ,0.0,0.0,0,0,0,0,0,0,0,1
CA,0,314.0,2,800,0,0,0,0,0,0
DF,YT,65.962278,57.412333,1, ,0.0,0.0,0,0,0,1,210,0,0,0
TF,TIPOG,66.026389,58.247222,0, ,0.0,0.0,0.0,0.0,2,6000,0,0,0,0,0,0

SID,TIPO1J,13,5
CF,YS015,65.911472,57.465222,0,NRM,109.1,146.6,134.0,6.0,0,0,0,1,210,0,0,1
DF,YS016,65.982028,57.839972,1, ,0.0,0.0,0,0,0,0,0,0,0,0
TF,TIPOG,66.026389,58.247222,0, ,0.0,0.0,0.0,0.0,2,6000,0,0,0,0,0,0

SID,TIPO1K,31,5
DF,DER31,66.015064,57.356419,0, ,0.0,0.0,0,0,0,0,0,0,0,1
CA,0,314.0,2,800,0,1,210,0,0,0
DF,TIPOG,66.026389,58.247222,2, ,0.0,0.0,2,6000,0,0,0,0,0,0

SID,UNKA1A,13,2
DF,DER13,65.994450,57.378147,0, ,0.0,0.0,0,0,0,0,0,0,0,0
CA,0,134.0,2,800,0,0,0,0,0,0
DF,U,66.024167,57.346889,2, ,0.0,0.0,0,0,0,1,210,0,0,0
TF,UNKAD,66.361389,57.461944,0, ,0.0,0.0,0.0,0.0,2,6000,0,0,0,0,0,0

SID,UNKA1B,13,2
DF,DER13,65.994450,57.378147,0, ,0.0,0.0,0,0,0,0,0,0,0,1
CA,0,134.0,2,800,0,0,0,0,0,0
DF,UL,66.047528,57.321750,2, ,0.0,0.0,0,0,0,1,210,0,0,0
TF,UNKAD,66.361389,57.461944,0, ,0.0,0.0,0.0,0.0,2,6000,0,0,0,0,0,0

SID,UNKA1C,31,2
DF,DER31,66.015064,57.356419,0, ,0.0,0.0,0,0,0,0,0,0,0,1
CA,0,314.0,2,800,0,0,0,0,0,0
CI,0, ,0.0,11.0,0,0,0,0,0,0,0,0
CF,UNKAD,66.361389,57.461944,0,NRM,100.9,128.1,342.0,17.0,2,6000,0,0,0,0,0,0

SID,UNKA1D,31,2
DF,DER31,66.015064,57.356419,0, ,0.0,0.0,0,0,0,0,0,0,0,1
CA,0,314.0,2,800,0,0,0,0,0,0
CI,0, ,0.0,11.0,0,0,0,0,0,0,0,0
CF,UNKAD,66.361389,57.461944,0,NRM,100.9,128.1,340.0,16.0,2,6000,0,0,0,0,0,0

SID,UNKA1J,13,5
CF,YS015,65.911472,57.465222,0,NRM,109.1,146.6,134.0,6.0,0,0,0,1,210,0,0,1
DF,YS016,65.982028,57.839972,1, ,0.0,0.0,0,0,0,0,0,0,0,0
TF,UNKAD,66.361389,57.461944,0, ,0.0,0.0,0.0,0.0,2,6000,0,0,0,0,0,0

SID,UNKA1K,31,5
DF,DER31,66.015064,57.356419,0, ,0.0,0.0,0,0,0,0,0,0,0,1
CA,0,314.0,2,800,0,1,210,0,0,0
DF,UNKAD,66.361389,57.461944,0, ,0.0,0.0,2,6000,0,0,0,0,0,0

STAR,GIGE1E,13,2
IF,GIGES,65.923056,56.510556, ,0.0,0.0,2,6000,0,0,0,0,0,0
TF,U,66.024167,57.346889,0, ,0.0,0.0,0.0,0.0,3,5000,0,0,0,0,0,0

STAR,GIGE1F,13,2
IF,GIGES,65.923056,56.510556, ,0.0,0.0,2,6000,0,0,0,0,0,0
TF,UL,66.047528,57.321750,0, ,0.0,0.0,0.0,0.0,3,5000,0,0,0,0,0,0

STAR,GIGE1G,31,2
IF,GIGES,65.923056,56.510556, ,0.0,0.0,2,6000,0,0,0,0,0,0
TF,YT,65.962278,57.412333,0, ,0.0,0.0,0.0,0.0,3,5000,0,0,0,0,0,0

STAR,GIGE1H,31,2
IF,GIGES,65.923056,56.510556, ,0.0,0.0,2,6000,0,0,0,0,0,0
TF,Y,65.986083,57.386972,0, ,0.0,0.0,0.0,0.0,3,5000,0,0,0,0,0,0

STAR,GIGE1L,13,5
IF,GIGES,65.923056,56.510556, ,0.0,0.0,2,6000,0,0,0,0,0,0
TF,YS001,66.119389,56.977806,0, ,0.0,0.0,0.0,0.0,2,2800,0,0,0,0,0,0

STAR,GIGE1M,31,5
IF,GIGES,65.923056,56.510556, ,0.0,0.0,2,6000,0,0,0,0,0,0
TF,YS010,65.810444,57.306167,0, ,0.0,0.0,0.0,0.0,2,2800,0,0,0,0,0,0

STAR,GIGE1N,31,2
IF,GIGES,65.923056,56.510556, ,0.0,0.0,2,6000,0,0,0,0,0,0
TF,U,66.024167,57.346889,0, ,0.0,0.0,0.0,0.0,3,5000,0,0,0,0,0,0

STAR,GIGE1P,13,2
IF,GIGES,65.923056,56.510556, ,0.0,0.0,2,6000,0,0,0,0,0,0
TF,Y,65.986083,57.386972,0, ,0.0,0.0,0.0,0.0,3,5000,0,0,0,0,0,0

STAR,IDED1E,13,2
IF,IDEDA,66.262222,56.750833, ,0.0,0.0,2,6000,0,0,0,0,0,0
TF,U,66.024167,57.346889,0, ,0.0,0.0,0.0,0.0,3,5000,0,0,0,0,0,0

STAR,IDED1F,13,2
IF,IDEDA,66.262222,56.750833, ,0.0,0.0,2,6000,0,0,0,0,0,0
TF,UL,66.047528,57.321750,0, ,0.0,0.0,0.0,0.0,3,5000,0,0,0,0,0,0

STAR,IDED1G,31,2
IF,IDEDA,66.262222,56.750833, ,0.0,0.0,2,6000,0,0,0,0,0,0
TF,YT,65.962278,57.412333,0, ,0.0,0.0,0.0,0.0,3,5000,0,0,0,0,0,0

STAR,IDED1H,31,2
IF,IDEDA,66.262222,56.750833, ,0.0,0.0,2,6000,0,0,0,0,0,0
TF,Y,65.986083,57.386972,0, ,0.0,0.0,0.0,0.0,3,5000,0,0,0,0,0,0

STAR,IDED1L,13,5
IF,IDEDA,66.262222,56.750833, ,0.0,0.0,2,6000,0,0,0,0,0,0
TF,YS002,66.249639,57.106417,0, ,0.0,0.0,0.0,0.0,2,2800,0,0,0,0,0,0

STAR,IDED1M,31,5
IF,IDEDA,66.262222,56.750833, ,0.0,0.0,2,6000,0,0,0,0,0,0
TF,YS010,65.810444,57.306167,0, ,0.0,0.0,0.0,0.0,2,2800,0,0,0,0,0,0

STAR,IDED1N,31,2
IF,IDEDA,66.262222,56.750833, ,0.0,0.0,2,6000,0,0,0,0,0,0
TF,U,66.024167,57.346889,0, ,0.0,0.0,0.0,0.0,3,5000,0,0,0,0,0,0

STAR,IDED1P,13,2
IF,IDEDA,66.262222,56.750833, ,0.0,0.0,2,6000,0,0,0,0,0,0
TF,Y,65.986083,57.386972,0, ,0.0,0.0,0.0,0.0,3,5000,0,0,0,0,0,0

STAR,NILO1E,13,2
IF,NILOL,65.806111,56.636389, ,0.0,0.0,2,6000,0,0,0,0,0,0
TF,U,66.024167,57.346889,0, ,0.0,0.0,0.0,0.0,3,5000,0,0,0,0,0,0

STAR,NILO1F,13,2
IF,NILOL,65.806111,56.636389, ,0.0,0.0,2,6000,0,0,0,0,0,0
TF,UL,66.047528,57.321750,0, ,0.0,0.0,0.0,0.0,3,5000,0,0,0,0,0,0

STAR,NILO1G,31,2
IF,NILOL,65.806111,56.636389, ,0.0,0.0,2,6000,0,0,0,0,0,0
TF,YT,65.962278,57.412333,0, ,0.0,0.0,0.0,0.0,3,5000,0,0,0,0,0,0

STAR,NILO1H,31,2
IF,NILOL,65.806111,56.636389, ,0.0,0.0,2,6000,0,0,0,0,0,0
TF,Y,65.986083,57.386972,0, ,0.0,0.0,0.0,0.0,3,5000,0,0,0,0,0,0

STAR,NILO1L,13,5
IF,NILOL,65.806111,56.636389, ,0.0,0.0,2,6000,0,0,0,0,0,0
TF,YS001,66.119389,56.977806,0, ,0.0,0.0,0.0,0.0,2,2800,0,0,0,0,0,0

STAR,NILO1M,31,5
IF,NILOL,65.806111,56.636389, ,0.0,0.0,2,6000,0,0,0,0,0,0
TF,YS010,65.810444,57.306167,0, ,0.0,0.0,0.0,0.0,2,2800,0,0,0,0,0,0

STAR,NILO1N,31,2
IF,NILOL,65.806111,56.636389, ,0.0,0.0,2,6000,0,0,0,0,0,0
TF,U,66.024167,57.346889,0, ,0.0,0.0,0.0,0.0,3,5000,0,0,0,0,0,0

STAR,NILO1P,13,2
IF,NILOL,65.806111,56.636389, ,0.0,0.0,2,6000,0,0,0,0,0,0
TF,Y,65.986083,57.386972,0, ,0.0,0.0,0.0,0.0,3,5000,0,0,0,0,0,0

STAR,ODEK1E,13,2
IF,ODEKI,65.704722,56.887500, ,0.0,0.0,2,6000,0,0,0,0,0,0
TF,U,66.024167,57.346889,0, ,0.0,0.0,0.0,0.0,3,5000,0,0,0,0,0,0

STAR,ODEK1F,13,2
IF,ODEKI,65.704722,56.887500, ,0.0,0.0,2,6000,0,0,0,0,0,0
TF,UL,66.047528,57.321750,0, ,0.0,0.0,0.0,0.0,3,5000,0,0,0,0,0,0

STAR,ODEK1G,31,2
IF,ODEKI,65.704722,56.887500, ,0.0,0.0,2,6000,0,0,0,0,0,0
TF,YT,65.962278,57.412333,0, ,0.0,0.0,0.0,0.0,3,5000,0,0,0,0,0,0

STAR,ODEK1H,31,2
IF,ODEKI,65.704722,56.887500, ,0.0,0.0,2,6000,0,0,0,0,0,0
TF,Y,65.986083,57.386972,0, ,0.0,0.0,0.0,0.0,3,5000,0,0,0,0,0,0

STAR,ODEK1L,13,5
IF,ODEKI,65.704722,56.887500, ,0.0,0.0,2,6000,0,0,0,0,0,0
TF,YS001,66.119389,56.977806,0, ,0.0,0.0,0.0,0.0,2,2800,0,0,0,0,0,0

STAR,ODEK1M,31,5
IF,ODEKI,65.704722,56.887500, ,0.0,0.0,2,6000,0,0,0,0,0,0
TF,YS010,65.810444,57.306167,0, ,0.0,0.0,0.0,0.0,2,2800,0,0,0,0,0,0

STAR,ODEK1N,31,2
IF,ODEKI,65.704722,56.887500, ,0.0,0.0,2,6000,0,0,0,0,0,0
TF,U,66.024167,57.346889,0, ,0.0,0.0,0.0,0.0,3,5000,0,0,0,0,0,0

STAR,ODEK1P,13,2
IF,ODEKI,65.704722,56.887500, ,0.0,0.0,2,6000,0,0,0,0,0,0
TF,Y,65.986083,57.386972,0, ,0.0,0.0,0.0,0.0,3,5000,0,0,0,0,0,0

STAR,PIMI1E,13,2
IF,PIMID,65.673056,57.276667, ,0.0,0.0,2,6000,0,0,0,0,0,0
TF,U,66.024167,57.346889,0, ,0.0,0.0,0.0,0.0,3,5000,0,0,0,0,0,0

STAR,PIMI1F,13,2
IF,PIMID,65.673056,57.276667, ,0.0,0.0,2,6000,0,0,0,0,0,0
TF,UL,66.047528,57.321750,0, ,0.0,0.0,0.0,0.0,3,5000,0,0,0,0,0,0

STAR,PIMI1G,31,2
IF,PIMID,65.673056,57.276667, ,0.0,0.0,2,6000,0,0,0,0,0,0
TF,YT,65.962278,57.412333,0, ,0.0,0.0,0.0,0.0,3,5000,0,0,0,0,0,0

STAR,PIMI1H,31,2
IF,PIMID,65.673056,57.276667, ,0.0,0.0,2,6000,0,0,0,0,0,0
TF,Y,65.986083,57.386972,0, ,0.0,0.0,0.0,0.0,3,5000,0,0,0,0,0,0

STAR,PIMI1L,13,5
IF,PIMID,65.673056,57.276667, ,0.0,0.0,2,6000,0,0,0,0,0,0
TF,YS001,66.119389,56.977806,0, ,0.0,0.0,0.0,0.0,2,2800,0,0,0,0,0,0

STAR,PIMI1M,31,5
IF,PIMID,65.673056,57.276667, ,0.0,0.0,2,6000,0,0,0,0,0,0
TF,YS009,65.758250,57.624417,0, ,0.0,0.0,0.0,0.0,2,2800,0,0,0,0,0,0

STAR,PIMI1N,31,2
IF,PIMID,65.673056,57.276667, ,0.0,0.0,2,6000,0,0,0,0,0,0
TF,U,66.024167,57.346889,0, ,0.0,0.0,0.0,0.0,3,5000,0,0,0,0,0,0

STAR,PIMI1P,13,2
IF,PIMID,65.673056,57.276667, ,0.0,0.0,2,6000,0,0,0,0,0,0
TF,Y,65.986083,57.386972,0, ,0.0,0.0,0.0,0.0,3,5000,0,0,0,0,0,0

STAR,PINE1E,13,2
IF,PINEB,66.195278,58.116667, ,0.0,0.0,2,6000,0,0,0,0,0,0
TF,U,66.024167,57.346889,0, ,0.0,0.0,0.0,0.0,3,5000,0,0,0,0,0,0

STAR,PINE1F,13,2
IF,PINEB,66.195278,58.116667, ,0.0,0.0,2,6000,0,0,0,0,0,0
TF,UL,66.047528,57.321750,0, ,0.0,0.0,0.0,0.0,3,5000,0,0,0,0,0,0

STAR,PINE1G,31,2
IF,PINEB,66.195278,58.116667, ,0.0,0.0,2,6000,0,0,0,0,0,0
TF,YT,65.962278,57.412333,0, ,0.0,0.0,0.0,0.0,3,5000,0,0,0,0,0,0

STAR,PINE1H,31,2
IF,PINEB,66.195278,58.116667, ,0.0,0.0,2,6000,0,0,0,0,0,0
TF,Y,65.986083,57.386972,0, ,0.0,0.0,0.0,0.0,3,5000,0,0,0,0,0,0

STAR,PINE1L,13,5
IF,PINEB,66.195278,58.116667, ,0.0,0.0,2,6000,0,0,0,0,0,0
TF,YS003,66.197611,57.430861,0, ,0.0,0.0,0.0,0.0,2,2800,0,0,0,0,0,0

STAR,PINE1M,31,5
IF,PINEB,66.195278,58.116667, ,0.0,0.0,2,6000,0,0,0,0,0,0
TF,YS008,65.888944,57.753472,0, ,0.0,0.0,0.0,0.0,2,2800,0,0,0,0,0,0

STAR,PINE1N,31,2
IF,PINEB,66.195278,58.116667, ,0.0,0.0,2,6000,0,0,0,0,0,0
TF,U,66.024167,57.346889,0, ,0.0,0.0,0.0,0.0,3,5000,0,0,0,0,0,0

STAR,PINE1P,13,2
IF,PINEB,66.195278,58.116667, ,0.0,0.0,2,6000,0,0,0,0,0,0
TF,Y,65.986083,57.386972,0, ,0.0,0.0,0.0,0.0,3,5000,0,0,0,0,0,0

STAR,TIPO1E,13,2
IF,TIPOG,66.026389,58.247222, ,0.0,0.0,2,6000,0,0,0,0,0,0
TF,U,66.024167,57.346889,0, ,0.0,0.0,0.0,0.0,3,5000,0,0,0,0,0,0

STAR,TIPO1F,13,2
IF,TIPOG,66.026389,58.247222, ,0.0,0.0,2,6000,0,0,0,0,0,0
TF,UL,66.047528,57.321750,0, ,0.0,0.0,0.0,0.0,3,5000,0,0,0,0,0,0

STAR,TIPO1G,31,2
IF,TIPOG,66.026389,58.247222, ,0.0,0.0,2,6000,0,0,0,0,0,0
TF,YT,65.962278,57.412333,0, ,0.0,0.0,0.0,0.0,3,5000,0,0,0,0,0,0

STAR,TIPO1H,31,2
IF,TIPOG,66.026389,58.247222, ,0.0,0.0,2,6000,0,0,0,0,0,0
TF,Y,65.986083,57.386972,0, ,0.0,0.0,0.0,0.0,3,5000,0,0,0,0,0,0

STAR,TIPO1L,13,5
IF,TIPOG,66.026389,58.247222, ,0.0,0.0,2,6000,0,0,0,0,0,0
TF,YS003,66.197611,57.430861,0, ,0.0,0.0,0.0,0.0,2,2800,0,0,0,0,0,0

STAR,TIPO1M,31,5
IF,TIPOG,66.026389,58.247222, ,0.0,0.0,2,6000,0,0,0,0,0,0
TF,YS008,65.888944,57.753472,0, ,0.0,0.0,0.0,0.0,2,2800,0,0,0,0,0,0

STAR,TIPO1N,31,2
IF,TIPOG,66.026389,58.247222, ,0.0,0.0,2,6000,0,0,0,0,0,0
TF,U,66.024167,57.346889,0, ,0.0,0.0,0.0,0.0,3,5000,0,0,0,0,0,0

STAR,TIPO1P,13,2
IF,TIPOG,66.026389,58.247222, ,0.0,0.0,2,6000,0,0,0,0,0,0
TF,Y,65.986083,57.386972,0, ,0.0,0.0,0.0,0.0,3,5000,0,0,0,0,0,0

STAR,UNKA1E,13,2
IF,UNKAD,66.361389,57.461944, ,0.0,0.0,2,6000,0,0,0,0,0,0
TF,U,66.024167,57.346889,0, ,0.0,0.0,0.0,0.0,3,5000,0,0,0,0,0,0

STAR,UNKA1F,13,2
IF,UNKAD,66.361389,57.461944, ,0.0,0.0,2,6000,0,0,0,0,0,0
TF,UL,66.047528,57.321750,0, ,0.0,0.0,0.0,0.0,3,5000,0,0,0,0,0,0

STAR,UNKA1G,31,2
IF,UNKAD,66.361389,57.461944, ,0.0,0.0,2,6000,0,0,0,0,0,0
TF,YT,65.962278,57.412333,0, ,0.0,0.0,0.0,0.0,3,5000,0,0,0,0,0,0

STAR,UNKA1H,31,2
IF,UNKAD,66.361389,57.461944, ,0.0,0.0,2,6000,0,0,0,0,0,0
TF,Y,65.986083,57.386972,0, ,0.0,0.0,0.0,0.0,3,5000,0,0,0,0,0,0

STAR,UNKA1L,13,5
IF,UNKAD,66.361389,57.461944, ,0.0,0.0,2,6000,0,0,0,0,0,0
TF,YS002,66.249639,57.106417,0, ,0.0,0.0,0.0,0.0,2,2800,0,0,0,0,0,0

STAR,UNKA1M,31,5
IF,UNKAD,66.361389,57.461944, ,0.0,0.0,2,6000,0,0,0,0,0,0
TF,YS008,65.888944,57.753472,0, ,0.0,0.0,0.0,0.0,2,2800,0,0,0,0,0,0

STAR,UNKA1N,31,2
IF,UNKAD,66.361389,57.461944, ,0.0,0.0,2,6000,0,0,0,0,0,0
TF,U,66.024167,57.346889,0, ,0.0,0.0,0.0,0.0,3,5000,0,0,0,0,0,0

STAR,UNKA1P,13,2
IF,UNKAD,66.361389,57.461944, ,0.0,0.0,2,6000,0,0,0,0,0,0
TF,Y,65.986083,57.386972,0, ,0.0,0.0,0.0,0.0,3,5000,0,0,0,0,0,0

FINAL,I13-Y,13,I,3
IF,CF13,66.103500,57.262639,IUL,313.8,7.4,1,1500,0,0,0,0,0,0
CF,FF13,66.073056,57.295000,0,IUL,313.8,5.4,134.0,2.0,1,1500,0,0,0,0,2,0
CF,RW13,66.015067,57.356414,0,IUL,313.8,1.6,134.0,3.8,1,306,0,0,0,0,3,0
CA,0,134.0,2,1100,0,1,185,0,0,0
DF,UL,66.047528,57.321750,2, ,0.0,0.0,2,1700,0,0,0,0,0,0

APPTR,I13-Z,13,YS001
IF,YS001,66.119389,56.977806, ,0.0,0.0,2,2800,0,0,0,0,1,0
TF,YS004,66.158667,57.203972,0,IUL,0.0,0.0,0.0,0.0,2,2500,0,0,0,0,1,0

APPTR,I13-Z,13,YS002
IF,YS002,66.249639,57.106417, ,0.0,0.0,2,2800,0,0,0,0,1,0
TF,YS004,66.158667,57.203972,0,IUL,0.0,0.0,0.0,0.0,2,2500,0,0,0,0,1,0

APPTR,I13-Z,13,YS003
IF,YS003,66.197611,57.430861, ,0.0,0.0,2,2800,0,0,0,0,1,0
TF,YS004,66.158667,57.203972,0,IUL,0.0,0.0,0.0,0.0,2,2500,0,0,0,0,1,0

FINAL,I13-Z,13,I,3
IF,YS004,66.158667,57.203972,IUL,313.8,11.0,2,2500,0,0,0,0,0,0
CF,FF13,66.073056,57.295000,0,IUL,313.8,5.4,134.0,5.6,1,1500,0,0,0,0,2,0
CF,RW13,66.015067,57.356414,0,IUL,313.8,1.6,134.0,3.8,1,306,0,0,0,0,3,0
CF,YS017,65.954989,57.419617,0,NRM,108.7,144.0,134.0,3.9,0,0,0,0,0,0,0,1
DF,YS007,66.042722,57.060083,2, ,0.0,0.0,0,0,0,1,185,0,0,0
TF,YS001,66.119389,56.977806,0, ,0.0,0.0,0.0,0.0,2,2800,0,0,0,0,0,0

APPTR,J13,13,YS001
IF,YS001,66.119389,56.977806, ,0.0,0.0,2,2800,0,0,0,0,1,0
TF,YS004,66.158667,57.203972,0,G13A,0.0,0.0,0.0,0.0,2,2500,0,0,0,0,1,0

APPTR,J13,13,YS002
IF,YS002,66.249639,57.106417, ,0.0,0.0,2,2800,0,0,0,0,1,0
TF,YS004,66.158667,57.203972,0,G13A,0.0,0.0,0.0,0.0,2,2500,0,0,0,0,1,0

APPTR,J13,13,YS003
IF,YS003,66.197611,57.430861, ,0.0,0.0,2,2800,0,0,0,0,1,0
TF,YS004,66.158667,57.203972,0,G13A,0.0,0.0,0.0,0.0,2,2500,0,0,0,0,1,0

FINAL,J13,13,G,3
IF,YS004,66.158667,57.203972,G13A,0.0,0.0,2,2500,0,0,0,0,0,0
TF,YS005,66.073111,57.295000,0,G13A,0.0,0.0,134.0,5.6,1,1500,0,0,0,0,2,0
TF,RW13,66.015067,57.356414,0,G13A,0.0,0.0,134.0,3.8,1,305,0,0,0,0,3,1
CF,YS017,65.954989,57.419617,0,NRM,108.7,144.0,134.0,3.9,0,0,0,0,0,0,0,1
DF,YS007,66.042722,57.060083,2, ,0.0,0.0,0,0,0,1,185,0,0,0
TF,YS001,66.119389,56.977806,0, ,0.0,0.0,0.0,0.0,2,2800,0,0,0,0,0,0

APPTR,J31,31,YS008
IF,YS008,65.888944,57.753472, ,0.0,0.0,2,2800,0,0,0,0,1,0
TF,YS011,65.849861,57.529472,0,G31A,0.0,0.0,0.0,0.0,2,2500,0,0,0,0,1,0

APPTR,J31,31,YS009
IF,YS009,65.758250,57.624417, ,0.0,0.0,2,2800,0,0,0,0,1,0
TF,YS011,65.849861,57.529472,0,G31A,0.0,0.0,0.0,0.0,2,2500,0,0,0,0,1,0

APPTR,J31,31,YS010
IF,YS010,65.810444,57.306167, ,0.0,0.0,2,2800,0,0,0,0,1,0
TF,YS011,65.849861,57.529472,0,G31A,0.0,0.0,0.0,0.0,2,2500,0,0,0,0,1,0

FINAL,J31,31,G,3
IF,YS011,65.849861,57.529472,G31A,0.0,0.0,2,2500,0,0,0,0,0,0
TF,YS012,65.935806,57.439750,0,G31A,0.0,0.0,314.0,5.6,1,1500,0,0,0,0,2,0
TF,RW31,65.994450,57.378139,0,G31A,0.0,0.0,314.0,3.8,1,288,0,0,0,0,3,1
CF,YS018,66.064319,57.304358,0,NRM,107.7,137.3,314.0,4.6,0,0,0,0,0,0,0,1
DF,YS014,65.892778,57.219000,1, ,0.0,0.0,0,0,0,1,185,0,0,0
TF,YS010,65.810444,57.306167,0, ,0.0,0.0,0.0,0.0,2,2800,0,0,0,0,0,0

FINAL,N13-X,13,N,2
IF,FN13X,66.082011,57.286378,U,0.0,0.0,1,1700,0,0,0,0,2,0
CF,U,66.024167,57.346889,0,U,0.0,0.0,134.0,3.8,1,496,0,0,0,0,3,0
CA,0,134.0,2,1100,0,1,185,0,0,0
DF,U,66.024167,57.346889,2, ,0.0,0.0,2,1700,0,0,0,0,0,0

APPTR,N31-X,31,Y1
IF,Y,65.986083,57.386972, ,0.0,0.0,2,3000,0,0,0,0,1,0
FC,Y,65.986083,57.386972,0,NRM,0.0,0.0,105.0,7.0,0,0,0,0,0,0,0,1
CF,FN31X,65.926725,57.448658,2,NRM,109.0,145.7,314.0,3.0,1,1700,0,0,0,0,0,0

APPTR,N31-X,31,Y2
IF,Y,65.986083,57.386972, ,0.0,0.0,2,3000,0,0,0,0,1,0
FC,Y,65.986083,57.386972,0,NRM,0.0,0.0,119.0,7.0,0,0,0,0,0,0,0,1
CF,FN31X,65.926725,57.448658,2,NRM,109.0,145.7,314.0,3.0,1,1700,0,0,0,0,0,0

FINAL,N31-X,31,N,2
IF,FN31X,65.926725,57.448658,Y,0.0,0.0,1,1700,0,0,0,0,2,0
CF,Y,65.986083,57.386972,0,Y,0.0,0.0,314.0,3.9,1,463,0,0,0,0,3,0
CA,0,314.0,2,1100,0,1,185,0,0,0
DF,Y,65.986083,57.386972,1, ,0.0,0.0,2,1700,0,0,0,0,0,0

FINAL,Q13,13,N,4
IF,CF13,66.103500,57.262639,UL,0.0,0.0,1,1500,0,0,0,0,0,0
CF,FF13,66.073056,57.295000,0,UL,0.0,0.0,134.0,2.0,1,1500,0,0,0,0,2,0
CF,UL,66.047528,57.321750,0,UL,0.0,0.0,134.0,1.7,1,990,0,0,0,0,0,0
CF,U,66.024167,57.346889,0,SN,0.0,1.3,134.0,1.5,1,496,0,0,0,0,3,0
CA,0,134.0,2,1100,0,1,185,0,0,0
DF,UL,66.047528,57.321750,2, ,0.0,0.0,2,1700,0,0,0,0,0,0

FINAL,Q13-Y,13,N,3
IF,FF13,66.073056,57.295000,UL,0.0,0.0,1,1500,0,0,0,0,2,0
CF,UL,66.047528,57.321750,0,UL,0.0,0.0,134.0,1.7,1,990,0,0,0,0,0,0
CF,MN13Y,66.024661,57.345606,0,SN,0.0,1.3,134.0,1.5,1,509,0,0,0,0,3,0
CA,0,134.0,2,1100,0,1,185,0,0,0
DF,UL,66.047528,57.321750,2, ,0.0,0.0,2,1700,0,0,0,0,0,0

FINAL,Q13-Z,13,N,2
IF,FF13,66.073056,57.295000,U,0.0,0.0,1,1500,0,0,0,0,2,0
CF,U,66.024167,57.346889,0,SN,0.0,1.3,134.0,3.2,1,496,0,0,0,0,3,0
CA,0,134.0,2,1100,0,1,185,0,0,0
DF,U,66.024167,57.346889,2, ,0.0,0.0,2,1700,0,0,0,0,0,0

APPTR,Q31,31,YT1
IF,YT,65.962278,57.412333, ,0.0,0.0,2,3000,0,0,0,0,1,0
FD,YT,65.962278,57.412333,0,SN,0.0,9.2,95.0,9.2,1,1700,0,0,0,0,0,0
CF,FN31,65.935833,57.439722,2,NRM,108.9,145.1,314.0,5.0,1,1500,0,0,0,0,0,0

APPTR,Q31,31,YT2
IF,YT,65.962278,57.412333, ,0.0,0.0,2,3000,0,0,0,0,1,0
FD,YT,65.962278,57.412333,0,SN,0.0,9.6,120.0,9.6,1,1700,0,0,0,0,0,0
CF,FN31,65.935833,57.439722,2,NRM,108.9,145.1,314.0,5.0,1,1500,0,0,0,0,0,0

FINAL,Q31,31,N,3
IF,FN31,65.935833,57.439722,YT,0.0,0.0,1,1500,0,0,0,0,2,0
CF,YT,65.962278,57.412333,0,YT,0.0,0.0,314.0,1.7,1,960,0,0,0,0,0,0
CF,Y,65.986083,57.386972,0,SN,0.0,1.3,314.0,1.6,1,463,0,0,0,0,3,0
CA,0,314.0,2,1100,0,1,185,0,0,0
DF,YT,65.962278,57.412333,1, ,0.0,0.0,2,1700,0,0,0,0,0,0

APPTR,Q31-Y,31,YT1
IF,YT,65.962278,57.412333, ,0.0,0.0,2,3000,0,0,0,0,1,0
FD,YT,65.962278,57.412333,0,SN,0.0,9.2,95.0,9.2,1,1700,0,0,0,0,0,0
CF,FN31,65.935833,57.439722,2,NRM,108.9,145.1,314.0,5.0,1,1500,0,0,0,0,0,0

APPTR,Q31-Y,31,YT2
IF,YT,65.962278,57.412333, ,0.0,0.0,2,3000,0,0,0,0,1,0
FD,YT,65.962278,57.412333,0,SN,0.0,9.6,120.0,9.6,1,1700,0,0,0,0,0,0
CF,FN31,65.935833,57.439722,2,NRM,108.9,145.1,314.0,5.0,1,1500,0,0,0,0,0,0

FINAL,Q31-Y,31,N,3
IF,FN31,65.935833,57.439722,YT,0.0,0.0,1,1500,0,0,0,0,2,0
CF,YT,65.962278,57.412333,0,YT,0.0,0.0,314.0,1.7,1,960,0,0,0,0,0,0
CF,MN31Y,65.985481,57.388153,0,SN,0.0,1.3,314.0,1.5,1,477,0,0,0,0,3,0
CA,0,314.0,2,1100,0,1,185,0,0,0
DF,YT,65.962278,57.412333,1, ,0.0,0.0,2,1700,0,0,0,0,0,0

APPTR,Q31-Z,31,Y1
IF,Y,65.986083,57.386972, ,0.0,0.0,2,3000,0,0,0,0,1,0
FD,Y,65.986083,57.386972,0,SN,0.0,9.4,102.0,9.4,1,1700,0,0,0,0,0,0
CF,FN31,65.935833,57.439722,2,NRM,108.9,145.1,314.0,5.0,1,1500,0,0,0,0,0,0

APPTR,Q31-Z,31,Y2
IF,Y,65.986083,57.386972, ,0.0,0.0,2,3000,0,0,0,0,1,0
FD,Y,65.986083,57.386972,0,SN,0.0,9.6,123.0,9.6,1,1700,0,0,0,0,0,0
CF,FN31,65.935833,57.439722,2,NRM,108.9,145.1,314.0,5.0,1,1500,0,0,0,0,0,0

FINAL,Q31-Z,31,N,2
IF,FN31,65.935833,57.439722,Y,0.0,0.0,1,1500,0,0,0,0,2,0
CF,Y,65.986083,57.386972,0,SN,0.0,1.3,314.0,3.3,1,463,0,0,0,0,3,0
CA,0,314.0,2,1100,0,1,185,0,0,0
DF,Y,65.986083,57.386972,1, ,0.0,0.0,2,1700,0,0,0,0,0,0

APPTR,R13,13,YS001
IF,YS001,66.119389,56.977806, ,0.0,0.0,2,2800,0,0,0,0,1,0
TF,YS004,66.158667,57.203972,0, ,0.0,0.0,0.0,0.0,2,2500,0,0,0,0,1,0

APPTR,R13,13,YS002
IF,YS002,66.249639,57.106417, ,0.0,0.0,2,2800,0,0,0,0,1,0
TF,YS004,66.158667,57.203972,0, ,0.0,0.0,0.0,0.0,2,2500,0,0,0,0,1,0

APPTR,R13,13,YS003
IF,YS003,66.197611,57.430861, ,0.0,0.0,2,2800,0,0,0,0,1,0
TF,YS004,66.158667,57.203972,0, ,0.0,0.0,0.0,0.0,2,2500,0,0,0,0,1,0

FINAL,R13,13,R,3
IF,YS004,66.158667,57.203972, ,0.0,0.0,2,2500,0,0,0,0,0,0
TF,YS005,66.073111,57.295000,0, ,0.0,0.0,134.0,5.6,1,1500,0,0,0,0,2,0
TF,RW13,66.015067,57.356414,0, ,0.0,0.0,134.0,3.8,1,305,0,0,0,0,3,1
CF,YS017,65.954989,57.419617,0,NRM,108.7,144.0,134.0,3.9,0,0,0,0,0,0,0,1
DF,YS007,66.042722,57.060083,2, ,0.0,0.0,0,0,0,1,185,0,0,0
TF,YS001,66.119389,56.977806,0, ,0.0,0.0,0.0,0.0,2,2800,0,0,0,0,0,0

APPTR,R31,31,YS008
IF,YS008,65.888944,57.753472, ,0.0,0.0,2,2800,0,0,0,0,1,0
TF,YS011,65.849861,57.529472,0, ,0.0,0.0,0.0,0.0,2,2500,0,0,0,0,1,0

APPTR,R31,31,YS009
IF,YS009,65.758250,57.624417, ,0.0,0.0,2,2800,0,0,0,0,1,0
TF,YS011,65.849861,57.529472,0, ,0.0,0.0,0.0,0.0,2,2500,0,0,0,0,1,0

APPTR,R31,31,YS010
IF,YS010,65.810444,57.306167, ,0.0,0.0,2,2800,0,0,0,0,1,0
TF,YS011,65.849861,57.529472,0, ,0.0,0.0,0.0,0.0,2,2500,0,0,0,0,1,0

FINAL,R31,31,R,3
IF,YS011,65.849861,57.529472, ,0.0,0.0,2,2500,0,0,0,0,0,0
TF,YS012,65.935806,57.439750,0, ,0.0,0.0,314.0,5.6,1,1500,0,0,0,0,2,0
TF,RW31,65.994450,57.378139,0, ,0.0,0.0,314.0,3.8,1,288,0,0,0,0,3,1
CF,YS018,66.064319,57.304358,0,NRM,107.7,137.3,314.0,4.6,0,0,0,0,0,0,0,1
DF,YS014,65.892778,57.219000,1, ,0.0,0.0,0,0,0,1,185,0,0,0
TF,YS010,65.810444,57.306167,0, ,0.0,0.0,0.0,0.0,2,2800,0,0,0,0,0,0

