SID,BMK1R,02,2
CD, ,0,0,0,UWS,0,0.0,18.0,5.1,2,1000,0,0,0,0,0,0
CF,UL,54.351778,48.752139,2,UWS,201.3,3.6,231.0,9.0,2,4000,0,0,0,0,0,0
TF,BMK,54.262972,48.225500,0, ,0.0,0.0,0.0,0.0,2,8000,0,0,0,0,0,0

SID,BMK1S,20,2
CD, ,0,0,0,UWS,0,0.0,198.0,3.2,2,1000,0,0,0,0,0,0
CF,WN,54.452972,48.857222,1,UWS,15.0,3.5,340.0,7.0,2,4000,0,0,0,0,0,1
CF,BMK,54.262972,48.225500,1,BMK,0.0,0.0,219.0,23.0,2,8000,0,0,0,0,0,0

SID,BMK1T,20,2
CD, ,0,0,0,UWS,0,0.0,198.0,12.5,2,4000,0,0,0,0,0,0
CF,BMK,54.262972,48.225500,0,UWS,235.2,22.2,276.0,13.0,2,8000,0,0,0,0,0,0

SID,BMK1U,02,5
CF,LW021,54.512917,48.919361,0,UWS,16.7,7.7,18.0,7.0,0,0,0,1,220,0,0,0
TF,LW022,54.461444,49.064278,0, ,0.0,0.0,0.0,0.0,0,0,0,1,230,0,0,0
TF,LW023,54.377083,48.975944,0, ,0.0,0.0,0.0,0.0,0,0,0,0,0,0,0,0
TF,BMK,54.262972,48.225500,0, ,0.0,0.0,0.0,0.0,2,8000,0,0,0,0,0,0

SID,BMK1V,20,5
CF,BEREG,54.189444,48.584167,0,UWS,199.0,15.0,198.0,14.0,0,0,0,0,0,0,0,0
TF,BMK,54.262972,48.225500,0, ,0.0,0.0,0.0,0.0,2,8000,0,0,0,0,0,0

SID,BMK1Z,20,5
CF,LW201,54.304361,48.702472,0,UWS,200.0,7.0,198.0,6.0,0,0,0,1,210,0,0,0
TF,LW203,54.253139,48.846917,0, ,0.0,0.0,0.0,0.0,0,0,0,0,0,0,0,0
TF,LW204,54.372194,48.970833,0, ,0.0,0.0,0.0,0.0,0,0,0,1,230,0,0,0
TF,LW205,54.512250,48.772944,0, ,0.0,0.0,0.0,0.0,0,0,0,0,0,0,0,0
TF,BMK,54.262972,48.225500,0, ,0.0,0.0,0.0,0.0,2,8000,0,0,0,0,0,0

SID,DOGI1R,02,2
CD, ,0,0,0,UWS,0,0.0,18.0,11.2,2,4000,0,0,0,0,0,0
CF,DOGIT,54.675278,47.020278,1,UWS,272.5,64.7,260.0,67.0,2,8000,0,0,0,0,0,0

SID,DOGI1U,02,5
CF,ZALIV,54.604722,49.015556,0,UWS,17.4,14.2,18.0,13.0,0,0,0,1,230,0,0,0
TF,LW025,54.656111,48.870111,0, ,0.0,0.0,0.0,0.0,0,0,0,0,0,0,0,0
TF,DOGIT,54.675278,47.020278,0, ,0.0,0.0,0.0,0.0,2,8000,0,0,0,0,0,0

SID,MOKE1R,02,2
CD, ,0,0,0,UWS,0,0.0,18.0,11.2,2,4000,0,0,0,0,0,0
CF,MOKED,54.866667,48.265000,0,UWS,313.0,33.8,288.0,30.0,2,8000,0,0,0,0,0,0

SID,MOKE1S,02,2
CD, ,0,0,0,UWS,0,0.0,18.0,5.1,2,1000,0,0,0,0,0,0
CI,2, ,0.0,268.0,0,0,0,0,0,0,0,0
CF,MOKED,54.866667,48.265000,0,UWS,313.0,33.8,313.0,32.0,2,8000,0,0,0,0,0,0

SID,MOKE1T,20,2
CD, ,0,0,0,UWS,0,0.0,198.0,3.2,2,1000,0,0,0,0,0,0
CF,WN,54.452972,48.857222,1,UWS,15.0,3.5,340.0,7.0,2,4000,0,0,0,0,0,1
TF,MOKED,54.866667,48.265000,0, ,0.0,0.0,0.0,0.0,2,8000,0,0,0,0,0,0

SID,MOKE1U,02,5
CF,ZALIV,54.604722,49.015556,0,UWS,17.4,14.2,18.0,13.0,0,0,0,1,230,0,0,0
TF,MOKED,54.866667,48.265000,0, ,0.0,0.0,0.0,0.0,2,8000,0,0,0,0,0,0

SID,MOKE1V,20,5
CF,LW201,54.304361,48.702472,0,UWS,200.0,7.0,198.0,6.0,0,0,0,1,210,0,0,0
TF,LW203,54.253139,48.846917,0, ,0.0,0.0,0.0,0.0,0,0,0,0,0,0,0,0
TF,LW204,54.372194,48.970833,0, ,0.0,0.0,0.0,0.0,0,0,0,1,230,0,0,0
TF,MOKED,54.866667,48.265000,0, ,0.0,0.0,0.0,0.0,2,8000,0,0,0,0,0,0

SID,MOKE1Y,02,5
CF,LW021,54.512917,48.919361,0,UWS,16.7,7.7,18.0,7.0,0,0,0,1,220,0,0,0
TF,LW022,54.461444,49.064278,0, ,0.0,0.0,0.0,0.0,0,0,0,1,230,0,0,0
TF,LW023,54.377083,48.975944,0, ,0.0,0.0,0.0,0.0,0,0,0,1,230,0,0,0
TF,UWS,54.401556,48.810222,0, ,0.0,0.0,0.0,0.0,0,0,0,0,0,0,0,0
TF,MOKED,54.866667,48.265000,0, ,0.0,0.0,0.0,0.0,2,8000,0,0,0,0,0,0

SID,NEPN1R,02,2
CD, ,0,0,0,UWS,0,0.0,18.0,5.1,2,1000,0,0,0,0,0,0
CF,UL,54.351778,48.752139,2,UWS,201.3,3.6,231.0,9.0,2,4000,0,0,0,0,0,0
TF,NEPNI,53.701389,47.844444,0, ,0.0,0.0,0.0,0.0,2,8000,0,0,0,0,0,0

SID,NEPN1T,20,2
CD, ,0,0,0,UWS,0,0.0,198.0,12.5,2,4000,0,0,0,0,0,0
CF,NEPNI,53.701389,47.844444,0,UWS,206.5,54.2,206.0,40.0,2,8000,0,0,0,0,0,0

SID,NEPN1U,02,5
CF,LW021,54.512917,48.919361,0,UWS,16.7,7.7,18.0,7.0,0,0,0,1,220,0,0,0
TF,LW022,54.461444,49.064278,0, ,0.0,0.0,0.0,0.0,0,0,0,1,230,0,0,0
TF,LW023,54.377083,48.975944,0, ,0.0,0.0,0.0,0.0,0,0,0,0,0,0,0,0
TF,NEPNI,53.701389,47.844444,0, ,0.0,0.0,0.0,0.0,2,8000,0,0,0,0,0,0

SID,NEPN1V,20,5
CF,BEREG,54.189444,48.584167,0,UWS,199.0,15.0,198.0,14.0,0,0,0,0,0,0,0,0
TF,NEPNI,53.701389,47.844444,0, ,0.0,0.0,0.0,0.0,2,8000,0,0,0,0,0,0

SID,OGVI1R,02,2
CD, ,0,0,0,UWS,0,0.0,18.0,5.1,2,1000,0,0,0,0,0,0
CI,0, ,0.0,73.0,0,0,0,0,0,0,0,0
CF,OGVIR,54.755833,49.729444,0,UWS,43.1,38.5,43.0,29.0,2,6000,0,0,0,0,0,0

SID,OGVI1S,20,2
CD, ,0,0,0,UWS,0,0.0,198.0,3.2,2,1000,0,0,0,0,0,0
CI,1, ,0.0,358.0,0,0,0,0,0,0,0,0
CF,OGVIR,54.755833,49.729444,0,UWS,43.1,38.5,43.0,36.0,2,6000,0,0,0,0,0,0

SID,OGVI1T,20,2
CD, ,0,0,0,UWS,0,0.0,198.0,3.2,2,1000,0,0,0,0,0,0
CF,OGVIR,54.755833,49.729444,1,UWS,43.1,38.5,34.0,40.0,2,6000,0,0,0,0,0,0

SID,OGVI1U,02,5
CF,LW021,54.512917,48.919361,0,UWS,16.7,7.7,18.0,7.0,0,0,0,1,220,0,0,0
TF,OGVIR,54.755833,49.729444,0, ,0.0,0.0,0.0,0.0,2,6000,0,0,0,0,0,0

SID,OGVI1V,20,5
CF,LW201,54.304361,48.702472,0,UWS,200.0,7.0,198.0,6.0,0,0,0,1,210,0,0,0
TF,LW203,54.253139,48.846917,0, ,0.0,0.0,0.0,0.0,0,0,0,0,0,0,0,0
TF,OGVIR,54.755833,49.729444,0, ,0.0,0.0,0.0,0.0,2,6000,0,0,0,0,0,0

SID,RUBE1R,02,2
CD, ,0,0,0,UWS,0,0.0,18.0,5.1,2,1000,0,0,0,0,0,0
CF,RUBEK,53.766667,48.865000,2,UWS,164.1,38.2,175.0,42.0,2,7000,0,0,0,0,0,0

SID,RUBE1S,02,2
CD, ,0,0,0,UWS,0,0.0,18.0,5.1,2,1000,0,0,0,0,0,0
CF,UL,54.351778,48.752139,2,UWS,201.3,3.6,231.0,9.0,2,4000,0,0,0,0,0,0
TF,RUBEK,53.766667,48.865000,0, ,0.0,0.0,0.0,0.0,2,7000,0,0,0,0,0,0

SID,RUBE1T,20,2
CD, ,0,0,0,UWS,0,0.0,198.0,3.2,2,1000,0,0,0,0,0,0
VI,0, ,0.0,134.0,0,0,0,0,0,0,0,0
CF,RUBEK,53.766667,48.865000,0,UWS,164.1,38.2,164.0,31.0,2,7000,0,0,0,0,0,0

SID,RUBE1U,02,5
CF,LW021,54.512917,48.919361,0,UWS,16.7,7.7,18.0,7.0,0,0,0,1,220,0,0,0
TF,LW022,54.461444,49.064278,0, ,0.0,0.0,0.0,0.0,0,0,0,1,230,0,0,0
TF,RUBEK,53.766667,48.865000,0, ,0.0,0.0,0.0,0.0,2,7000,0,0,0,0,0,0

SID,RUBE1V,20,5
CF,LW201,54.304361,48.702472,0,UWS,200.0,7.0,198.0,6.0,0,0,0,1,210,0,0,0
TF,RUBEK,53.766667,48.865000,0, ,0.0,0.0,0.0,0.0,2,7000,0,0,0,0,0,0

SID,TERD1R,02,2
CD, ,0,0,0,UWS,0,0.0,18.0,11.2,2,4000,0,0,0,0,0,0
CF,TERDI,54.246667,46.858333,1,UWS,250.1,69.2,240.0,75.0,2,8000,0,0,0,0,0,0

SID,TERD1T,20,2
CD, ,0,0,0,UWS,0,0.0,198.0,12.5,2,4000,0,0,0,0,0,0
CF,TERDI,54.246667,46.858333,0,UWS,250.1,69.2,260.0,60.0,2,8000,0,0,0,0,0,0

SID,TERD1U,02,5
CF,ZALIV,54.604722,49.015556,0,UWS,17.4,14.2,18.0,13.0,0,0,0,1,230,0,0,0
TF,LW025,54.656111,48.870111,0, ,0.0,0.0,0.0,0.0,0,0,0,0,0,0,0,0
TF,TERDI,54.246667,46.858333,0, ,0.0,0.0,0.0,0.0,2,8000,0,0,0,0,0,0

SID,TERD1V,20,5
CF,BEREG,54.189444,48.584167,0,UWS,199.0,15.0,198.0,14.0,0,0,0,0,0,0,0,0
TF,TERDI,54.246667,46.858333,0, ,0.0,0.0,0.0,0.0,2,8000,0,0,0,0,0,0

STAR,AGUT1N,ALL,2
IF,AGUTO,54.829444,48.775000, ,0.0,0.0,2,5000,0,0,0,0,0,0
TF,UWS,54.401556,48.810222,0, ,0.0,0.0,0.0,0.0,4,4000,2300,0,0,0,0,0

STAR,AGUT1P,02,2
IF,AGUTO,54.829444,48.775000, ,0.0,0.0,2,5000,0,0,0,0,0,0
TF,UL,54.351778,48.752139,0, ,0.0,0.0,0.0,0.0,4,4000,2300,0,0,0,0,0

STAR,AGUT1Q,20,2
IF,AGUTO,54.829444,48.775000, ,0.0,0.0,2,5000,0,0,0,0,0,0
TF,WN,54.452972,48.857222,0, ,0.0,0.0,0.0,0.0,4,4000,2300,0,0,0,0,0

STAR,AGUT1W,02,5
IF,AGUTO,54.829444,48.775000, ,0.0,0.0,2,5000,0,0,0,0,0,0
TF,UWS,54.401556,48.810222,0, ,0.0,0.0,0.0,0.0,2,2300,0,0,0,0,0,0
TF,LW602,54.281056,48.857917,0, ,0.0,0.0,0.0,0.0,0,0,0,0,0,0,0,0
TF,LW502,54.209917,48.784194,0, ,0.0,0.0,0.0,0.0,2,1900,0,1,230,0,0,0

STAR,AGUT1X,20,5
IF,AGUTO,54.829444,48.775000, ,0.0,0.0,2,5000,0,0,0,0,0,0
TF,ZALIV,54.604722,49.015556,0, ,0.0,0.0,0.0,0.0,2,3000,0,0,0,0,0,0

STAR,BMK1N,ALL,2
IF,BMK,54.262972,48.225500, ,0.0,0.0,2,9000,0,0,0,0,0,0
TF,UWS,54.401556,48.810222,0, ,0.0,0.0,0.0,0.0,4,4000,2300,0,0,0,0,0

STAR,BMK1P,02,2
IF,BMK,54.262972,48.225500, ,0.0,0.0,2,9000,0,0,0,0,0,0
TF,UL,54.351778,48.752139,0, ,0.0,0.0,0.0,0.0,4,4000,2300,0,0,0,0,0

STAR,BMK1Q,20,2
IF,BMK,54.262972,48.225500, ,0.0,0.0,2,9000,0,0,0,0,0,0
TF,WN,54.452972,48.857222,0, ,0.0,0.0,0.0,0.0,4,4000,2300,0,0,0,0,0

STAR,BMK1W,02,5
IF,BMK,54.262972,48.225500, ,0.0,0.0,2,9000,0,0,0,0,0,0
TF,BEREG,54.189444,48.584167,0, ,0.0,0.0,0.0,0.0,2,3000,0,0,0,0,0,0

STAR,BMK1X,20,5
IF,BMK,54.262972,48.225500, ,0.0,0.0,2,9000,0,0,0,0,0,0
TF,UWS,54.401556,48.810222,0, ,0.0,0.0,0.0,0.0,2,2300,0,0,0,0,0,0
TF,LW720,54.429944,49.013139,0, ,0.0,0.0,0.0,0.0,2,2000,0,0,0,0,0,0
TF,LW620,54.500944,49.087611,0, ,0.0,0.0,0.0,0.0,2,1900,0,1,230,0,0,0

STAR,DOGI1X,20,5
IF,DOGIT,54.675278,47.020278, ,0.0,0.0,2,7000,0,0,0,0,0,0
TF,LW520,54.651528,48.883417,0, ,0.0,0.0,0.0,0.0,2,4000,0,0,0,0,0,0
TF,ZALIV,54.604722,49.015556,0, ,0.0,0.0,0.0,0.0,2,3000,0,0,0,0,0,0

STAR,EREL1N,ALL,2
IF,ERELI,53.827500,47.895556, ,0.0,0.0,2,7000,0,0,0,0,0,0
TF,UWS,54.401556,48.810222,0, ,0.0,0.0,0.0,0.0,4,4000,2300,0,0,0,0,0

STAR,EREL1P,02,2
IF,ERELI,53.827500,47.895556, ,0.0,0.0,2,7000,0,0,0,0,0,0
TF,UL,54.351778,48.752139,0, ,0.0,0.0,0.0,0.0,4,4000,2300,0,0,0,0,0

STAR,EREL1Q,20,2
IF,ERELI,53.827500,47.895556, ,0.0,0.0,2,7000,0,0,0,0,0,0
TF,WN,54.452972,48.857222,0, ,0.0,0.0,0.0,0.0,4,4000,2300,0,0,0,0,0

STAR,EREL1W,02,5
IF,ERELI,53.827500,47.895556, ,0.0,0.0,2,7000,0,0,0,0,0,0
TF,BEREG,54.189444,48.584167,0, ,0.0,0.0,0.0,0.0,2,3000,0,0,0,0,0,0

STAR,EREL1X,20,5
IF,ERELI,53.827500,47.895556, ,0.0,0.0,2,7000,0,0,0,0,0,0
TF,LW720,54.429944,49.013139,0, ,0.0,0.0,0.0,0.0,2,2000,0,0,0,0,0,0
TF,LW620,54.500944,49.087611,0, ,0.0,0.0,0.0,0.0,2,1900,0,1,230,0,0,0

STAR,MEZE1N,ALL,2
IF,MEZET,54.844722,47.419167, ,0.0,0.0,2,9000,0,0,0,0,0,0
TF,UWS,54.401556,48.810222,0, ,0.0,0.0,0.0,0.0,4,4000,2300,0,0,0,0,0

STAR,MEZE1Q,20,2
IF,MEZET,54.844722,47.419167, ,0.0,0.0,2,9000,0,0,0,0,0,0
TF,WN,54.452972,48.857222,0, ,0.0,0.0,0.0,0.0,4,4000,2300,0,0,0,0,0

STAR,MEZE1W,02,5
IF,MEZET,54.844722,47.419167, ,0.0,0.0,2,9000,0,0,0,0,0,0
TF,UWS,54.401556,48.810222,0, ,0.0,0.0,0.0,0.0,2,2300,0,0,0,0,0,0
TF,LW602,54.281056,48.857917,0, ,0.0,0.0,0.0,0.0,0,0,0,0,0,0,0,0
TF,LW502,54.209917,48.784194,0, ,0.0,0.0,0.0,0.0,2,1900,0,1,230,0,0,0

STAR,MEZE1X,20,5
IF,MEZET,54.844722,47.419167, ,0.0,0.0,2,9000,0,0,0,0,0,0
TF,LW520,54.651528,48.883417,0, ,0.0,0.0,0.0,0.0,2,4000,0,0,0,0,0,0
TF,ZALIV,54.604722,49.015556,0, ,0.0,0.0,0.0,0.0,2,3000,0,0,0,0,0,0

STAR,MOKE1N,ALL,2
IF,MOKED,54.866667,48.265000, ,0.0,0.0,2,7000,0,0,0,0,0,0
TF,UWS,54.401556,48.810222,0, ,0.0,0.0,0.0,0.0,4,4000,2300,0,0,0,0,0

STAR,MOKE1P,02,2
IF,MOKED,54.866667,48.265000, ,0.0,0.0,2,7000,0,0,0,0,0,0
TF,UL,54.351778,48.752139,0, ,0.0,0.0,0.0,0.0,4,4000,2300,0,0,0,0,0

STAR,MOKE1Q,20,2
IF,MOKED,54.866667,48.265000, ,0.0,0.0,2,7000,0,0,0,0,0,0
TF,WN,54.452972,48.857222,0, ,0.0,0.0,0.0,0.0,4,4000,2300,0,0,0,0,0

STAR,MOKE1W,02,5
IF,MOKED,54.866667,48.265000, ,0.0,0.0,2,7000,0,0,0,0,0,0
TF,UWS,54.401556,48.810222,0, ,0.0,0.0,0.0,0.0,2,2300,0,0,0,0,0,0
TF,LW602,54.281056,48.857917,0, ,0.0,0.0,0.0,0.0,0,0,0,0,0,0,0,0
TF,LW502,54.209917,48.784194,0, ,0.0,0.0,0.0,0.0,2,1900,0,1,230,0,0,0

STAR,MOKE1X,20,5
IF,MOKED,54.866667,48.265000, ,0.0,0.0,2,7000,0,0,0,0,0,0
TF,LW520,54.651528,48.883417,0, ,0.0,0.0,0.0,0.0,2,4000,0,0,0,0,0,0
TF,ZALIV,54.604722,49.015556,0, ,0.0,0.0,0.0,0.0,2,3000,0,0,0,0,0,0

STAR,ODRU1N,ALL,2
IF,ODRUT,54.357222,49.826111, ,0.0,0.0,2,8000,0,0,0,0,0,0
TF,UWS,54.401556,48.810222,0, ,0.0,0.0,0.0,0.0,4,4000,2300,0,0,0,0,0

STAR,ODRU1P,02,2
IF,ODRUT,54.357222,49.826111, ,0.0,0.0,2,8000,0,0,0,0,0,0
TF,UL,54.351778,48.752139,0, ,0.0,0.0,0.0,0.0,4,4000,2300,0,0,0,0,0

STAR,ODRU1Q,20,2
IF,ODRUT,54.357222,49.826111, ,0.0,0.0,2,8000,0,0,0,0,0,0
TF,WN,54.452972,48.857222,0, ,0.0,0.0,0.0,0.0,4,4000,2300,0,0,0,0,0

STAR,ODRU1W,02,5
IF,ODRUT,54.357222,49.826111, ,0.0,0.0,2,8000,0,0,0,0,0,0
TF,LW502,54.209917,48.784194,0, ,0.0,0.0,0.0,0.0,2,1900,0,1,230,0,0,0

STAR,ODRU1X,20,5
IF,ODRUT,54.357222,49.826111, ,0.0,0.0,2,8000,0,0,0,0,0,0
TF,LW320,54.516000,49.103444,0, ,0.0,0.0,0.0,0.0,2,1900,0,0,0,0,0,0

STAR,REDM1N,ALL,2
IF,REDMI,53.945278,49.068333, ,0.0,0.0,2,8000,0,0,0,0,0,0
TF,UWS,54.401556,48.810222,0, ,0.0,0.0,0.0,0.0,4,4000,2300,0,0,0,0,0

STAR,REDM1P,02,2
IF,REDMI,53.945278,49.068333, ,0.0,0.0,2,8000,0,0,0,0,0,0
TF,UL,54.351778,48.752139,0, ,0.0,0.0,0.0,0.0,4,4000,2300,0,0,0,0,0

STAR,REDM1Q,20,2
IF,REDMI,53.945278,49.068333, ,0.0,0.0,2,8000,0,0,0,0,0,0
TF,WN,54.452972,48.857222,0, ,0.0,0.0,0.0,0.0,4,4000,2300,0,0,0,0,0

STAR,REDM1W,02,5
IF,REDMI,53.945278,49.068333, ,0.0,0.0,2,8000,0,0,0,0,0,0
TF,LW402,54.185861,48.747889,0, ,0.0,0.0,0.0,0.0,2,1900,0,0,0,0,0,0

STAR,REDM1X,20,5
IF,REDMI,53.945278,49.068333, ,0.0,0.0,2,8000,0,0,0,0,0,0
TF,LW620,54.500944,49.087611,0, ,0.0,0.0,0.0,0.0,2,1900,0,1,230,0,0,0

STAR,TERD1X,20,5
IF,TERDI,54.246667,46.858333, ,0.0,0.0,2,7000,0,0,0,0,0,0
TF,LW520,54.651528,48.883417,0, ,0.0,0.0,0.0,0.0,2,4000,0,0,0,0,0,0
TF,ZALIV,54.604722,49.015556,0, ,0.0,0.0,0.0,0.0,2,3000,0,0,0,0,0,0

APPTR,D02-X,02,BMK
IF,BMK,54.262972,48.225500, ,0.0,0.0,2,9000,0,0,0,0,1,0
TF,D209P,54.205278,48.510278,0, ,0.0,0.0,0.0,0.0,2,3000,0,0,0,0,0,1
CF,D201J,54.259444,48.644444,0,UWS,201.4,10.3,21.0,5.0,2,1900,0,0,0,0,1,0
TF,FD02,54.324167,48.719444,0, ,0.0,0.0,0.0,0.0,1,1600,0,0,0,0,0,0

APPTR,D02-X,02,ERELI
IF,ERELI,53.827500,47.895556, ,0.0,0.0,2,7000,0,0,0,0,1,0
TF,D201P,54.193333,48.568056,0, ,0.0,0.0,0.0,0.0,2,3000,0,0,0,0,0,0
TF,D201J,54.259444,48.644444,0, ,0.0,0.0,0.0,0.0,2,1900,0,0,0,0,1,0
TF,FD02,54.324167,48.719444,0, ,0.0,0.0,0.0,0.0,1,1600,0,0,0,0,0,0

APPTR,D02-X,02,ODRUT
IF,ODRUT,54.357222,49.826111, ,0.0,0.0,2,8000,0,0,0,0,1,0
TF,D175K,54.222500,48.769167,0, ,0.0,0.0,0.0,0.0,2,1900,0,0,0,0,0,1
CF,D192J,54.243333,48.685278,0,UWS,191.8,10.5,291.0,3.2,2,1900,0,0,0,0,0,1
CF,FD02,54.324167,48.719444,0,UWS,201.5,5.6,21.0,5.0,1,1600,0,0,0,0,0,0

APPTR,D02-X,02,REDMI
IF,REDMI,53.945278,49.068333, ,0.0,0.0,2,8000,0,0,0,0,1,0
TF,D195K,54.249722,48.673889,0, ,0.0,0.0,0.0,0.0,2,1900,0,0,0,0,0,1
CF,FD02,54.324167,48.719444,0,UWS,201.5,5.6,21.0,4.0,1,1600,0,0,0,0,0,0

APPTR,D02-X,02,UWS1
IF,UWS,54.401556,48.810222, ,0.0,0.0,4,4000,2300,0,0,0,1,0
FD,UWS,54.401556,48.810222,0,UWS,0.0,8.9,166.0,8.9,2,1900,0,0,0,0,0,0
CF,D192J,54.243333,48.685278,2,UWS,191.8,10.5,291.0,3.0,2,1900,0,0,0,0,0,1
CF,FD02,54.324167,48.719444,0,UWS,201.5,5.6,21.0,5.0,1,1600,0,0,0,0,0,0

APPTR,D02-X,02,UWS2
IF,UWS,54.401556,48.810222, ,0.0,0.0,4,4000,2300,0,0,0,1,0
CF,D168J,54.235833,48.802500,0,UWS,168.6,10.0,201.0,9.0,2,1900,0,0,0,0,0,1
CF,D192J,54.243333,48.685278,0,UWS,191.8,10.5,291.0,4.0,2,1900,0,0,0,0,0,1
CF,FD02,54.324167,48.719444,0,UWS,201.5,5.6,21.0,5.0,1,1600,0,0,0,0,0,0

FINAL,D02-X,02,D,2
IF,FD02,54.324167,48.719444,UWS,201.5,5.6,1,1600,0,0,0,0,2,0
CF,RW02,54.381847,48.782739,0,UWS,206.2,1.5,21.0,4.1,1,301,0,0,0,0,3,0
CA,0,21.0,2,1000,0,0,0,0,0,0
CF,D168J,54.235833,48.802500,2,UWS,168.6,10.0,201.0,9.0,2,1900,0,0,0,0,0,0

APPTR,D02-Y,02,BMK
IF,BMK,54.262972,48.225500, ,0.0,0.0,2,9000,0,0,0,0,0,0
TF,D203O,54.196667,48.551667,0, ,0.0,0.0,0.0,0.0,2,3000,0,0,0,0,0,0
CF,D201J,54.259444,48.644444,0,UWS,201.4,10.3,21.0,5.0,2,1900,0,0,0,0,1,0
TF,FD02,54.324167,48.719444,0, ,0.0,0.0,0.0,0.0,1,1600,0,0,0,0,0,0

APPTR,D02-Y,02,ERELI
IF,ERELI,53.827500,47.895556, ,0.0,0.0,2,7000,0,0,0,0,1,0
TF,D201P,54.193333,48.568056,0, ,0.0,0.0,0.0,0.0,2,3000,0,0,0,0,0,0
TF,D201J,54.259444,48.644444,0, ,0.0,0.0,0.0,0.0,2,1900,0,0,0,0,1,0
TF,FD02,54.324167,48.719444,0, ,0.0,0.0,0.0,0.0,1,1600,0,0,0,0,0,0

APPTR,D02-Y,02,ODRUT
IF,ODRUT,54.357222,49.826111, ,0.0,0.0,2,8000,0,0,0,0,1,0
TF,D188J,54.239722,48.706111,0, ,0.0,0.0,0.0,0.0,2,1900,0,0,0,0,0,0
CF,D197J,54.252222,48.663056,0,UWS,197.0,10.4,291.0,1.7,2,1900,0,0,0,0,0,0
CF,FD02,54.324167,48.719444,0,UWS,201.5,5.6,21.0,4.0,1,1600,0,0,0,0,0,0

APPTR,D02-Y,02,REDMI
IF,REDMI,53.945278,49.068333, ,0.0,0.0,2,8000,0,0,0,0,1,0
TF,D198J,54.255000,48.658056,0, ,0.0,0.0,0.0,0.0,2,1900,0,0,0,0,0,0
CF,FD02,54.324167,48.719444,0,UWS,201.5,5.6,21.0,4.0,1,1600,0,0,0,0,0,0

APPTR,D02-Y,02,UWS1
IF,UWS,54.401556,48.810222, ,0.0,0.0,4,4000,2300,0,0,0,1,0
FD,UWS,54.401556,48.810222,0,UWS,0.0,9.7,185.0,9.7,2,1900,0,0,0,0,0,0
CF,D197J,54.252222,48.663056,2,UWS,197.0,10.4,291.0,2.0,2,1900,0,0,0,0,0,0
CF,FD02,54.324167,48.719444,0,UWS,201.5,5.6,21.0,4.0,1,1600,0,0,0,0,0,0

APPTR,D02-Y,02,UWS2
IF,UWS,54.401556,48.810222, ,0.0,0.0,4,4000,2300,0,0,0,1,0
CF,D185J,54.245278,48.720556,0,UWS,185.6,9.9,201.0,10.0,2,1900,0,0,0,0,0,1
CF,D197J,54.252222,48.663056,0,UWS,197.0,10.4,291.0,2.0,2,1900,0,0,0,0,0,0
CF,FD02,54.324167,48.719444,0,UWS,201.5,5.6,21.0,4.0,1,1600,0,0,0,0,0,0

FINAL,D02-Y,02,D,2
IF,FD02,54.324167,48.719444,UWS,201.5,5.6,1,1600,0,0,0,0,2,0
CF,RW02,54.381847,48.782739,0,UWS,206.2,1.5,21.0,4.1,1,301,0,0,0,0,3,0
CA,0,21.0,2,1000,0,0,0,0,0,0
CF,D185J,54.245278,48.720556,2,UWS,185.6,9.9,201.0,10.0,2,1900,0,0,0,0,0,0

APPTR,D20-X,20,AGUTO
IF,AGUTO,54.829444,48.775000, ,0.0,0.0,2,5000,0,0,0,0,1,0
TF,D010M,54.613056,48.964444,0, ,0.0,0.0,0.0,0.0,2,3000,0,0,0,0,0,0
CF,D013J,54.557778,48.942222,0,UWS,13.1,10.5,193.0,3.4,2,1900,0,0,0,0,1,0
TF,FD20,54.483333,48.878889,0, ,0.0,0.0,0.0,0.0,1,1600,0,0,0,0,0,0

APPTR,D20-X,20,DOGIT
IF,DOGIT,54.675278,47.020278, ,0.0,0.0,2,7000,0,0,0,0,1,0
TF,D356O,54.642778,48.875278,0, ,0.0,0.0,0.0,0.0,2,4000,0,0,0,0,0,1
CF,D006N,54.626111,48.944444,0,UWS,6.1,14.3,103.0,2.6,2,3000,0,0,0,0,0,1
CF,D013J,54.557778,48.942222,0,UWS,13.1,10.5,193.0,4.0,2,1900,0,0,0,0,1,0
TF,FD20,54.483333,48.878889,0, ,0.0,0.0,0.0,0.0,1,1600,0,0,0,0,0,0

APPTR,D20-X,20,MEZET
IF,MEZET,54.844722,47.419167, ,0.0,0.0,2,9000,0,0,0,0,1,0
TF,D357N,54.642500,48.885000,0, ,0.0,0.0,0.0,0.0,2,4000,0,0,0,0,0,0
CF,D006N,54.626111,48.944444,0,UWS,6.1,14.3,103.0,2.3,2,3000,0,0,0,0,0,1
CF,D013J,54.557778,48.942222,0,UWS,13.1,10.5,193.0,4.0,2,1900,0,0,0,0,1,0
TF,FD20,54.483333,48.878889,0, ,0.0,0.0,0.0,0.0,1,1600,0,0,0,0,0,0

APPTR,D20-X,20,MOKED
IF,MOKED,54.866667,48.265000, ,0.0,0.0,2,7000,0,0,0,0,1,0
TF,D006N,54.626111,48.944444,0, ,0.0,0.0,0.0,0.0,2,3000,0,0,0,0,0,1
CF,D013J,54.557778,48.942222,0,UWS,13.1,10.5,193.0,4.0,2,1900,0,0,0,0,1,0
TF,FD20,54.483333,48.878889,0, ,0.0,0.0,0.0,0.0,1,1600,0,0,0,0,0,0

APPTR,D20-X,20,ODRUT
IF,ODRUT,54.357222,49.826111, ,0.0,0.0,2,8000,0,0,0,0,1,0
TF,D021K,54.547222,48.977500,0, ,0.0,0.0,0.0,0.0,2,1900,0,0,0,0,0,1
CF,FD20,54.483333,48.878889,0,UWS,13.1,5.5,193.0,5.0,1,1600,0,0,0,0,0,0

APPTR,D20-X,20,REDMI
IF,REDMI,53.945278,49.068333, ,0.0,0.0,2,8000,0,0,0,0,1,0
TF,D042K,54.503611,49.061667,0, ,0.0,0.0,0.0,0.0,2,1900,0,0,0,0,0,1
CF,D021K,54.547222,48.977500,0,UWS,20.7,10.5,283.0,4.0,2,1900,0,0,0,0,0,1
CF,FD20,54.483333,48.878889,0,UWS,13.1,5.5,193.0,5.0,1,1600,0,0,0,0,0,0

APPTR,D20-X,20,TERDI
IF,TERDI,54.246667,46.858333, ,0.0,0.0,2,7000,0,0,0,0,1,0
TF,D354O,54.641944,48.857778,0, ,0.0,0.0,0.0,0.0,2,4000,0,0,0,0,0,1
CF,D006N,54.626111,48.944444,0,UWS,6.1,14.3,103.0,3.2,2,3000,0,0,0,0,0,1
CF,D013J,54.557778,48.942222,0,UWS,13.1,10.5,193.0,4.0,2,1900,0,0,0,0,1,0
TF,FD20,54.483333,48.878889,0, ,0.0,0.0,0.0,0.0,1,1600,0,0,0,0,0,0

APPTR,D20-X,20,UWS1
IF,UWS,54.401556,48.810222, ,0.0,0.0,4,4000,2300,0,0,0,1,0
FD,UWS,54.401556,48.810222,0,UWS,0.0,9.0,48.0,9.0,2,1900,0,0,0,0,0,0
CF,D021K,54.547222,48.977500,1,UWS,20.7,10.5,283.0,4.0,2,1900,0,0,0,0,0,1
CF,FD20,54.483333,48.878889,0,UWS,13.1,5.5,193.0,5.0,1,1600,0,0,0,0,0,0

APPTR,D20-X,20,UWS2
IF,UWS,54.401556,48.810222, ,0.0,0.0,4,4000,2300,0,0,0,1,0
CF,D046J,54.488889,49.055833,0,UWS,45.5,10.1,13.0,8.0,2,1900,0,0,0,0,0,1
CF,D021K,54.547222,48.977500,0,UWS,20.7,10.5,283.0,4.0,2,1900,0,0,0,0,0,1
CF,FD20,54.483333,48.878889,0,UWS,13.1,5.5,193.0,5.0,1,1600,0,0,0,0,0,0

FINAL,D20-X,20,D,2
IF,FD20,54.483333,48.878889,UWS,13.1,5.5,1,1600,0,0,0,0,2,0
CF,RW20,54.420258,48.822669,0,UWS,8.2,1.2,193.0,4.3,1,250,0,0,0,0,3,0
CA,0,193.0,2,1000,0,0,0,0,0,0
CF,D046J,54.488889,49.055833,1,UWS,45.5,10.1,13.0,8.0,2,1900,0,0,0,0,0,0

APPTR,D20-Y,20,AGUTO
IF,AGUTO,54.829444,48.775000, ,0.0,0.0,2,5000,0,0,0,0,1,0
TF,D012N,54.613611,48.978889,0, ,0.0,0.0,0.0,0.0,2,3000,0,0,0,0,0,0
CF,D013J,54.557778,48.942222,0,UWS,13.1,10.5,193.0,3.6,2,1900,0,0,0,0,1,0
TF,FD20,54.483333,48.878889,0, ,0.0,0.0,0.0,0.0,1,1600,0,0,0,0,0,0

APPTR,D20-Y,20,DOGIT
IF,DOGIT,54.675278,47.020278, ,0.0,0.0,2,7000,0,0,0,0,1,0
TF,D004N,54.628611,48.931389,0, ,0.0,0.0,0.0,0.0,2,4000,0,0,0,0,0,1
CF,D010O,54.618889,48.969167,0,UWS,10.0,14.2,103.0,1.4,2,3000,0,0,0,0,0,1
CF,D013J,54.557778,48.942222,0,UWS,13.1,10.5,193.0,3.8,2,1900,0,0,0,0,1,0
TF,FD20,54.483333,48.878889,0, ,0.0,0.0,0.0,0.0,1,1600,0,0,0,0,0,0

APPTR,D20-Y,20,MEZET
IF,MEZET,54.844722,47.419167, ,0.0,0.0,2,9000,0,0,0,0,1,0
TF,D004N,54.628611,48.931389,0, ,0.0,0.0,0.0,0.0,2,4000,0,0,0,0,0,0
CF,D010O,54.618889,48.969167,0,UWS,10.0,14.2,103.0,1.4,2,3000,0,0,0,0,0,1
CF,D013J,54.557778,48.942222,0,UWS,13.1,10.5,193.0,3.8,2,1900,0,0,0,0,1,0
TF,FD20,54.483333,48.878889,0, ,0.0,0.0,0.0,0.0,1,1600,0,0,0,0,0,0

APPTR,D20-Y,20,MOKED
IF,MOKED,54.866667,48.265000, ,0.0,0.0,2,7000,0,0,0,0,1,0
TF,D005N,54.628333,48.935833,0, ,0.0,0.0,0.0,0.0,2,4000,0,0,0,0,0,0
CF,D010O,54.618889,48.969167,0,UWS,10.0,14.2,103.0,1.3,2,3000,0,0,0,0,0,1
CF,D013J,54.557778,48.942222,0,UWS,13.1,10.5,193.0,3.8,2,1900,0,0,0,0,1,0
TF,FD20,54.483333,48.878889,0, ,0.0,0.0,0.0,0.0,1,1600,0,0,0,0,0,0

APPTR,D20-Y,20,ODRUT
IF,ODRUT,54.357222,49.826111, ,0.0,0.0,2,8000,0,0,0,0,1,0
TF,D018K,54.552222,48.962222,0, ,0.0,0.0,0.0,0.0,2,1900,0,0,0,0,0,1
CF,FD20,54.483333,48.878889,0,UWS,13.1,5.5,193.0,5.0,1,1600,0,0,0,0,0,0

APPTR,D20-Y,20,REDMI
IF,REDMI,53.945278,49.068333, ,0.0,0.0,2,8000,0,0,0,0,1,0
TF,D028J,54.532778,49.003611,0, ,0.0,0.0,0.0,0.0,2,1900,0,0,0,0,0,1
CF,D018K,54.552222,48.962222,0,UWS,17.4,10.5,283.0,1.9,2,1900,0,0,0,0,0,1
CF,FD20,54.483333,48.878889,0,UWS,13.1,5.5,193.0,5.0,1,1600,0,0,0,0,0,0

APPTR,D20-Y,20,TERDI
IF,TERDI,54.246667,46.858333, ,0.0,0.0,2,7000,0,0,0,0,1,0
TF,D003N,54.628056,48.923611,0, ,0.0,0.0,0.0,0.0,2,4000,0,0,0,0,0,1
CF,D010O,54.618889,48.969167,0,UWS,10.0,14.2,103.0,1.7,2,3000,0,0,0,0,0,1
CF,D013J,54.557778,48.942222,0,UWS,13.1,10.5,193.0,3.8,2,1900,0,0,0,0,1,0
TF,FD20,54.483333,48.878889,0, ,0.0,0.0,0.0,0.0,1,1600,0,0,0,0,0,0

APPTR,D20-Y,20,UWS1
IF,UWS,54.401556,48.810222, ,0.0,0.0,4,4000,2300,0,0,0,1,0
FD,UWS,54.401556,48.810222,0,UWS,0.0,9.8,29.0,9.8,2,1900,0,0,0,0,0,0
CF,D018K,54.552222,48.962222,1,UWS,17.4,10.5,283.0,2.0,2,1900,0,0,0,0,0,1
CF,FD20,54.483333,48.878889,0,UWS,13.1,5.5,193.0,5.0,1,1600,0,0,0,0,0,0

APPTR,D20-Y,20,UWS2
IF,UWS,54.401556,48.810222, ,0.0,0.0,4,4000,2300,0,0,0,1,0
CF,D029J,54.526111,49.001111,0,UWS,28.7,10.0,13.0,9.0,2,1900,0,0,0,0,0,1
CF,D018K,54.552222,48.962222,0,UWS,17.4,10.5,283.0,2.0,2,1900,0,0,0,0,0,1
CF,FD20,54.483333,48.878889,0,UWS,13.1,5.5,193.0,5.0,1,1600,0,0,0,0,0,0

FINAL,D20-Y,20,D,2
IF,FD20,54.483333,48.878889,UWS,13.1,5.5,1,1600,0,0,0,0,2,0
CF,RW20,54.420258,48.822669,0,UWS,8.2,1.2,193.0,4.3,1,250,0,0,0,0,3,0
CA,0,193.0,2,1000,0,0,0,0,0,0
CF,D029J,54.526111,49.001111,1,UWS,28.7,10.0,13.0,8.0,2,1900,0,0,0,0,0,0

APPTR,I02-X,02,BMK
IF,BMK,54.262972,48.225500, ,0.0,0.0,2,9000,0,0,0,0,1,0
TF,D207P,54.201389,48.526389,0, ,0.0,0.0,0.0,0.0,2,3000,0,0,0,0,0,1
CF,D199J,54.256389,48.653056,0,UWS,199.4,10.3,18.0,4.0,2,1900,0,0,0,0,1,0
CF,CF02,54.309067,48.707475,0,IUL,198.2,8.3,18.0,3.7,1,1600,0,0,0,0,0,0

APPTR,I02-X,02,ERELI
IF,ERELI,53.827500,47.895556, ,0.0,0.0,2,7000,0,0,0,0,1,0
TF,D199O,54.189444,48.584167,0, ,0.0,0.0,0.0,0.0,2,3000,0,0,0,0,0,0
TF,D199J,54.256389,48.653056,0, ,0.0,0.0,0.0,0.0,2,1900,0,0,0,0,1,0
CF,CF02,54.309067,48.707475,0,IUL,198.2,8.3,18.0,3.7,1,1600,0,0,0,0,0,0

APPTR,I02-X,02,ODRUT
IF,ODRUT,54.357222,49.826111, ,0.0,0.0,2,8000,0,0,0,0,1,0
TF,D173K,54.222778,48.777778,0, ,0.0,0.0,0.0,0.0,2,1900,0,0,0,0,0,1
CF,D190J,54.241667,48.695000,0,UWS,189.9,10.4,288.0,3.1,2,1900,0,0,0,0,0,1
CF,CF02,54.309067,48.707475,0,IUL,198.2,8.3,18.0,4.0,1,1600,0,0,0,0,0,0

APPTR,I02-X,02,REDMI
IF,REDMI,53.945278,49.068333, ,0.0,0.0,2,8000,0,0,0,0,1,0
TF,D193J,54.248889,48.681111,0, ,0.0,0.0,0.0,0.0,2,1900,0,0,0,0,0,1
CF,CF02,54.309067,48.707475,0,IUL,198.2,8.3,18.0,4.0,1,1600,0,0,0,0,0,0

APPTR,I02-X,02,UWS1
IF,UWS,54.401556,48.810222, ,0.0,0.0,4,4000,2300,0,0,0,1,0
FD,UWS,54.401556,48.810222,0,UWS,0.0,8.7,164.0,8.7,2,1900,0,0,0,0,0,0
CF,D190J,54.241667,48.695000,2,UWS,189.9,10.4,288.0,3.0,2,1900,0,0,0,0,0,1
CF,CF02,54.309067,48.707475,0,IUL,198.2,8.3,18.0,4.0,1,1600,0,0,0,0,0,0

APPTR,I02-X,02,UWS2
IF,UWS,54.401556,48.810222, ,0.0,0.0,4,4000,2300,0,0,0,1,0
CF,D166J,54.237500,48.812778,0,UWS,166.5,9.9,198.0,9.0,2,1900,0,0,0,0,0,1
CF,D190J,54.241667,48.695000,0,UWS,189.9,10.4,288.0,3.0,2,1900,0,0,0,0,0,1
CF,CF02,54.309067,48.707475,0,IUL,198.2,8.3,18.0,4.0,1,1600,0,0,0,0,0,0

FINAL,I02-X,02,I,3
IF,CF02,54.309067,48.707475,IUL,198.2,8.3,1,1600,0,0,0,0,0,0
CF,FF02,54.323333,48.722222,0,IUL,198.2,7.3,18.0,1.0,1,1600,0,0,0,0,2,0
CF,RW02,54.381847,48.782739,0,IUL,198.2,3.2,18.0,4.1,1,301,0,0,0,0,3,0
CA,0,18.0,2,1000,0,0,0,0,0,0
CF,D166J,54.237500,48.812778,2,UWS,166.5,9.9,198.0,9.0,2,1900,0,0,0,0,0,0

APPTR,I02-Y,02,BMK
IF,BMK,54.262972,48.225500, ,0.0,0.0,2,9000,0,0,0,0,1,0
TF,D201O,54.193056,48.566667,0, ,0.0,0.0,0.0,0.0,2,3000,0,0,0,0,0,0
CF,D199J,54.256389,48.653056,0,UWS,199.4,10.3,18.0,5.0,2,1900,0,0,0,0,1,0
CF,CF02,54.309067,48.707475,0,IUL,198.2,8.3,18.0,3.7,1,1600,0,0,0,0,0,0

APPTR,I02-Y,02,ERELI
IF,ERELI,53.827500,47.895556, ,0.0,0.0,2,7000,0,0,0,0,1,0
TF,D199O,54.189444,48.584167,0, ,0.0,0.0,0.0,0.0,2,3000,0,0,0,0,0,0
TF,D199J,54.256389,48.653056,0, ,0.0,0.0,0.0,0.0,2,1900,0,0,0,0,1,0
CF,CF02,54.309067,48.707475,0,IUL,198.2,8.3,18.0,3.7,1,1600,0,0,0,0,0,0

APPTR,I02-Y,02,ODRUT
IF,ODRUT,54.357222,49.826111, ,0.0,0.0,2,8000,0,0,0,0,1,0
TF,D186J,54.238333,48.715278,0, ,0.0,0.0,0.0,0.0,2,1900,0,0,0,0,0,1
CF,D196J,54.252778,48.666111,0,UWS,196.6,10.3,288.0,1.9,2,1900,0,0,0,0,0,0
CF,CF02,54.309067,48.707475,0,IUL,198.2,8.3,18.0,3.0,1,1600,0,0,0,0,0,0

APPTR,I02-Y,02,REDMI
IF,REDMI,53.945278,49.068333, ,0.0,0.0,2,8000,0,0,0,0,1,0
TF,D195J,54.249722,48.672222,0, ,0.0,0.0,0.0,0.0,2,1900,0,0,0,0,0,0
CF,CF02,54.309067,48.707475,0,IUL,198.2,8.3,18.0,4.0,1,1600,0,0,0,0,0,0

APPTR,I02-Y,02,UWS1
IF,UWS,54.401556,48.810222, ,0.0,0.0,4,4000,2300,0,0,0,1,0
FD,UWS,54.401556,48.810222,0,UWS,0.0,9.7,183.0,9.7,2,1900,0,0,0,0,0,0
CF,D196J,54.252778,48.666111,2,UWS,196.6,10.3,288.0,2.0,2,1900,0,0,0,0,0,0
CF,CF02,54.309067,48.707475,0,IUL,198.2,8.3,18.0,3.0,1,1600,0,0,0,0,0,0

APPTR,I02-Y,02,UWS2
IF,UWS,54.401556,48.810222, ,0.0,0.0,4,4000,2300,0,0,0,1,0
CF,D183J,54.244444,48.730278,0,UWS,183.6,9.9,198.0,9.0,2,1900,0,0,0,0,0,1
CF,D196J,54.252778,48.666111,0,UWS,196.6,10.3,288.0,2.0,2,1900,0,0,0,0,0,0
CF,CF02,54.309067,48.707475,0,IUL,198.2,8.3,18.0,3.0,1,1600,0,0,0,0,0,0

FINAL,I02-Y,02,I,3
IF,CF02,54.309067,48.707475,IUL,198.2,8.3,1,1600,0,0,0,0,0,0
CF,FF02,54.323333,48.722222,0,IUL,198.2,7.3,18.0,1.0,1,1600,0,0,0,0,2,0
CF,RW02,54.381847,48.782739,0,IUL,198.2,3.2,18.0,4.1,1,301,0,0,0,0,3,0
CA,0,18.0,2,1000,0,0,0,0,0,0
CF,D183J,54.244444,48.730278,2,UWS,183.6,9.9,198.0,9.0,2,1900,0,0,0,0,0,0

APPTR,I02-Z,02,BEREG
IF,BEREG,54.189444,48.584167, ,0.0,0.0,2,3000,0,0,0,0,1,0
TF,LW202,54.256417,48.653000,0,IUL,0.0,0.0,0.0,0.0,2,1900,0,1,220,0,1,0

APPTR,I02-Z,02,LW402
IF,LW402,54.185861,48.747889, ,0.0,0.0,2,1900,0,0,0,0,1,0
TF,LW202,54.256417,48.653000,0,IUL,0.0,0.0,0.0,0.0,2,1900,0,1,220,0,1,0

APPTR,I02-Z,02,LW502
IF,LW502,54.209917,48.784194, ,0.0,0.0,2,1900,0,1,230,0,1,0
TF,LW202,54.256417,48.653000,0,IUL,0.0,0.0,0.0,0.0,2,1900,0,1,220,0,1,0

FINAL,I02-Z,02,I,3
IF,LW202,54.256417,48.653000,IUL,198.2,12.0,2,1900,0,1,220,0,0,0
CF,FF02,54.323333,48.722222,0,IUL,198.2,7.3,18.0,4.7,1,1600,0,0,0,0,2,0
CF,RW02,54.381847,48.782739,0,IUL,198.2,3.2,18.0,4.1,1,301,0,0,0,0,3,0
CA,0,18.0,2,1000,0,1,210,0,0,0
DF,LW602,54.281056,48.857917,2, ,0.0,0.0,2,1900,0,0,0,0,0,0
TF,LW502,54.209917,48.784194,0, ,0.0,0.0,0.0,0.0,2,1900,0,1,230,0,0,0

APPTR,I20-X,20,AGUTO
IF,AGUTO,54.829444,48.775000, ,0.0,0.0,2,5000,0,0,0,0,1,0
TF,D013N,54.609722,48.987778,0, ,0.0,0.0,0.0,0.0,2,3000,0,0,0,0,0,1
CF,D017J,54.552222,48.960278,0,UWS,17.1,10.5,198.0,3.0,2,1900,0,0,0,0,1,0
CF,CF20,54.495264,48.900917,0,IWN,18.2,8.4,198.0,4.0,1,1600,0,0,0,0,0,0

APPTR,I20-X,20,DOGIT
IF,DOGIT,54.675278,47.020278, ,0.0,0.0,2,7000,0,0,0,0,1,0
TF,D360O,54.640833,48.902222,0, ,0.0,0.0,0.0,0.0,2,4000,0,0,0,0,0,1
CF,D010N,54.620000,48.972778,0,UWS,10.4,14.3,108.0,2.8,2,3000,0,0,0,0,0,1
CF,D017J,54.552222,48.960278,0,UWS,17.1,10.5,198.0,4.0,2,1900,0,0,0,0,1,0
CF,CF20,54.495264,48.900917,0,IWN,18.2,8.4,198.0,4.0,1,1600,0,0,0,0,0,0

APPTR,I20-X,20,MEZET
IF,MEZET,54.844722,47.419167, ,0.0,0.0,2,9000,0,0,0,0,1,0
TF,D360O,54.640833,48.902222,0, ,0.0,0.0,0.0,0.0,2,4000,0,0,0,0,0,1
CF,D010N,54.620000,48.972778,0,UWS,10.4,14.3,108.0,2.8,2,3000,0,0,0,0,0,1
CF,D017J,54.552222,48.960278,0,UWS,17.1,10.5,198.0,4.0,2,1900,0,0,0,0,1,0
CF,CF20,54.495264,48.900917,0,IWN,18.2,8.4,198.0,4.0,1,1600,0,0,0,0,0,0

APPTR,I20-X,20,MOKED
IF,MOKED,54.866667,48.265000, ,0.0,0.0,2,7000,0,0,0,0,1,0
TF,D001O,54.640000,48.911944,0, ,0.0,0.0,0.0,0.0,2,4000,0,0,0,0,0,0
CF,D010N,54.620000,48.972778,0,UWS,10.4,14.3,108.0,2.4,2,3000,0,0,0,0,0,1
CF,D017J,54.552222,48.960278,0,UWS,17.1,10.5,198.0,4.0,2,1900,0,0,0,0,1,0
CF,CF20,54.495264,48.900917,0,IWN,18.2,8.4,198.0,4.0,1,1600,0,0,0,0,0,0

APPTR,I20-X,20,ODRUT
IF,ODRUT,54.357222,49.826111, ,0.0,0.0,2,8000,0,0,0,0,1,0
TF,D027K,54.536944,49.003056,0, ,0.0,0.0,0.0,0.0,2,1900,0,0,0,0,0,1
CF,CF20,54.495264,48.900917,0,IWN,18.2,8.4,198.0,4.0,1,1600,0,0,0,0,0,0

APPTR,I20-X,20,REDMI
IF,REDMI,53.945278,49.068333, ,0.0,0.0,2,8000,0,0,0,0,1,0
TF,D046K,54.494444,49.071389,0, ,0.0,0.0,0.0,0.0,2,1900,0,0,0,0,0,1
CF,D025J,54.539444,48.993889,0,UWS,24.7,10.5,288.0,3.8,2,1900,0,0,0,0,0,1
CF,CF20,54.495264,48.900917,0,IWN,18.2,8.4,198.0,4.0,1,1600,0,0,0,0,0,0

APPTR,I20-X,20,TERDI
IF,TERDI,54.246667,46.858333, ,0.0,0.0,2,7000,0,0,0,0,1,0
TF,D357O,54.639444,48.885000,0, ,0.0,0.0,0.0,0.0,2,4000,0,0,0,0,0,1
CF,D010N,54.620000,48.972778,0,UWS,10.4,14.3,108.0,3.0,2,3000,0,0,0,0,0,1
CF,D017J,54.552222,48.960278,0,UWS,17.1,10.5,198.0,4.0,2,1900,0,0,0,0,1,0
CF,CF20,54.495264,48.900917,0,IWN,18.2,8.4,198.0,4.0,1,1600,0,0,0,0,0,0

APPTR,I20-X,20,UWS1
IF,UWS,54.401556,48.810222, ,0.0,0.0,4,4000,2300,0,0,0,1,0
FD,UWS,54.401556,48.810222,0,UWS,0.0,8.9,52.0,8.9,2,1900,0,0,0,0,0,0
CF,D025J,54.539444,48.993889,1,UWS,24.7,10.5,288.0,3.0,2,1900,0,0,0,0,0,1
CF,CF20,54.495264,48.900917,0,IWN,18.2,8.4,198.0,4.0,1,1600,0,0,0,0,0,0

APPTR,I20-X,20,UWS2
IF,UWS,54.401556,48.810222, ,0.0,0.0,4,4000,2300,0,0,0,1,0
CF,D050J,54.477778,49.063333,0,UWS,49.6,10.0,18.0,9.0,2,1900,0,0,0,0,0,1
CF,D025J,54.539444,48.993889,0,UWS,24.7,10.5,288.0,4.0,2,1900,0,0,0,0,0,1
CF,CF20,54.495264,48.900917,0,IWN,18.2,8.4,198.0,4.0,1,1600,0,0,0,0,0,0

FINAL,I20-X,20,I,3
IF,CF20,54.495264,48.900917,IWN,18.2,8.4,1,1600,0,0,0,0,0,0
CF,FF20,54.481111,48.886111,0,IWN,18.2,7.4,198.0,1.0,1,1600,0,0,0,0,2,0
CF,RW20,54.420258,48.822669,0,IWN,18.2,3.1,198.0,4.3,1,250,0,0,0,0,3,0
CA,0,198.0,2,1000,0,0,0,0,0,0
CF,D050J,54.477778,49.063333,1,UWS,49.6,10.0,18.0,9.0,2,1900,0,0,0,0,0,0

APPTR,I20-Y,20,AGUTO
IF,AGUTO,54.829444,48.775000, ,0.0,0.0,2,5000,0,0,0,0,1,0
TF,D016N,54.606944,49.004167,0, ,0.0,0.0,0.0,0.0,2,3000,0,0,0,0,0,0
CF,D017J,54.552222,48.960278,0,UWS,17.1,10.5,198.0,3.6,2,1900,0,0,0,0,1,0
CF,CF20,54.495264,48.900917,0,IWN,18.2,8.4,198.0,4.0,1,1600,0,0,0,0,0,0

APPTR,I20-Y,20,DOGIT
IF,DOGIT,54.675278,47.020278, ,0.0,0.0,2,7000,0,0,0,0,1,0
TF,D008N,54.623333,48.958333,0, ,0.0,0.0,0.0,0.0,2,4000,0,0,0,0,0,0
CF,D014N,54.611667,48.996389,0,UWS,14.2,14.2,108.0,1.5,2,3000,0,0,0,0,0,0
CF,D017J,54.552222,48.960278,0,UWS,17.1,10.5,198.0,3.8,2,1900,0,0,0,0,1,0
CF,CF20,54.495264,48.900917,0,IWN,18.2,8.4,198.0,4.0,1,1600,0,0,0,0,0,0

APPTR,I20-Y,20,MEZET
IF,MEZET,54.844722,47.419167, ,0.0,0.0,2,9000,0,0,0,0,1,0
TF,D008N,54.623333,48.958333,0, ,0.0,0.0,0.0,0.0,2,4000,0,0,0,0,0,0
CF,D014N,54.611667,48.996389,0,UWS,14.2,14.2,108.0,1.5,2,3000,0,0,0,0,0,0
CF,D017J,54.552222,48.960278,0,UWS,17.1,10.5,198.0,3.8,2,1900,0,0,0,0,1,0
CF,CF20,54.495264,48.900917,0,IWN,18.2,8.4,198.0,4.0,1,1600,0,0,0,0,0,0

APPTR,I20-Y,20,MOKED
IF,MOKED,54.866667,48.265000, ,0.0,0.0,2,7000,0,0,0,0,1,0
TF,D009N,54.622778,48.962778,0, ,0.0,0.0,0.0,0.0,2,4000,0,0,0,0,0,0
CF,D014N,54.611667,48.996389,0,UWS,14.2,14.2,108.0,1.4,2,3000,0,0,0,0,0,0
CF,D017J,54.552222,48.960278,0,UWS,17.1,10.5,198.0,3.8,2,1900,0,0,0,0,1,0
CF,CF20,54.495264,48.900917,0,IWN,18.2,8.4,198.0,4.0,1,1600,0,0,0,0,0,0

APPTR,I20-Y,20,ODRUT
IF,ODRUT,54.357222,49.826111, ,0.0,0.0,2,8000,0,0,0,0,1,0
TF,D021J,54.545278,48.979444,0, ,0.0,0.0,0.0,0.0,2,1900,0,0,0,0,0,0
CF,CF20,54.495264,48.900917,0,IWN,18.2,8.4,198.0,4.0,1,1600,0,0,0,0,0,0

APPTR,I20-Y,20,REDMI
IF,REDMI,53.945278,49.068333, ,0.0,0.0,2,8000,0,0,0,0,1,0
TF,D031J,54.525000,49.017778,0, ,0.0,0.0,0.0,0.0,2,1900,0,0,0,0,0,1
CF,D021J,54.545278,48.979444,0,UWS,21.4,10.5,288.0,1.8,2,1900,0,0,0,0,0,0
CF,CF20,54.495264,48.900917,0,IWN,18.2,8.4,198.0,4.0,1,1600,0,0,0,0,0,0

APPTR,I20-Y,20,TERDI
IF,TERDI,54.246667,46.858333, ,0.0,0.0,2,7000,0,0,0,0,1,0
TF,D007N,54.622778,48.950833,0, ,0.0,0.0,0.0,0.0,2,4000,0,0,0,0,0,0
CF,D014N,54.611667,48.996389,0,UWS,14.2,14.2,108.0,1.7,2,3000,0,0,0,0,0,0
CF,D017J,54.552222,48.960278,0,UWS,17.1,10.5,198.0,3.8,2,1900,0,0,0,0,1,0
CF,CF20,54.495264,48.900917,0,IWN,18.2,8.4,198.0,4.0,1,1600,0,0,0,0,0,0

APPTR,I20-Y,20,UWS1
IF,UWS,54.401556,48.810222, ,0.0,0.0,4,4000,2300,0,0,0,1,0
FD,UWS,54.401556,48.810222,0,UWS,0.0,9.8,33.0,9.8,2,1900,0,0,0,0,0,0
CF,D021J,54.545278,48.979444,1,UWS,21.4,10.5,288.0,2.0,2,1900,0,0,0,0,0,0
CF,CF20,54.495264,48.900917,0,IWN,18.2,8.4,198.0,4.0,1,1600,0,0,0,0,0,0

APPTR,I20-Y,20,UWS2
IF,UWS,54.401556,48.810222, ,0.0,0.0,4,4000,2300,0,0,0,1,0
CF,D033J,54.517500,49.014444,0,UWS,32.7,10.0,18.0,10.0,2,1900,0,0,0,0,0,1
CF,D021J,54.545278,48.979444,0,UWS,21.4,10.5,288.0,2.0,2,1900,0,0,0,0,0,0
CF,CF20,54.495264,48.900917,0,IWN,18.2,8.4,198.0,4.0,1,1600,0,0,0,0,0,0

FINAL,I20-Y,20,I,3
IF,CF20,54.495264,48.900917,IWN,18.2,8.4,1,1600,0,0,0,0,0,0
CF,FF20,54.481111,48.886111,0,IWN,18.2,7.4,198.0,1.0,1,1600,0,0,0,0,2,0
CF,RW20,54.420258,48.822669,0,IWN,18.2,3.1,198.0,4.3,1,250,0,0,0,0,3,0
CA,0,198.0,2,1000,0,0,0,0,0,0
CF,D033J,54.517500,49.014444,1,UWS,32.7,10.0,18.0,9.0,2,1900,0,0,0,0,0,0

APPTR,I20-Z,20,LW320
IF,LW320,54.516000,49.103444, ,0.0,0.0,2,1900,0,0,0,0,1,0
TF,LW220,54.547750,48.955806,0,IWN,0.0,0.0,0.0,0.0,2,1900,0,1,220,0,1,0

APPTR,I20-Z,20,LW620
IF,LW620,54.500944,49.087611, ,0.0,0.0,2,1900,0,1,230,0,1,0
TF,LW220,54.547750,48.955806,0,IWN,0.0,0.0,0.0,0.0,2,1900,0,1,220,0,1,0

APPTR,I20-Z,20,ZALIV
IF,ZALIV,54.604722,49.015556, ,0.0,0.0,2,3000,0,0,0,0,1,0
TF,LW220,54.547750,48.955806,0,IWN,0.0,0.0,0.0,0.0,2,1900,0,1,220,0,1,0

FINAL,I20-Z,20,I,3
IF,LW220,54.547750,48.955806,IWN,18.2,12.1,2,1900,0,1,220,0,0,0
CF,FF20,54.481111,48.886111,0,IWN,18.2,7.4,198.0,4.7,1,1600,0,0,0,0,2,0
CF,RW20,54.420258,48.822669,0,IWN,18.2,3.1,198.0,4.3,1,250,0,0,0,0,3,0
CA,0,198.0,2,1000,0,1,210,0,0,0
DF,LW720,54.429944,49.013139,1, ,0.0,0.0,2,1900,0,0,0,0,0,0
TF,LW620,54.500944,49.087611,0, ,0.0,0.0,0.0,0.0,2,1900,0,0,0,0,0,0

APPTR,N20-Y,20,AGUTO
IF,AGUTO,54.829444,48.775000, ,0.0,0.0,2,5000,0,0,0,0,1,0
TF,D016N,54.606944,49.004167,0, ,0.0,0.0,0.0,0.0,2,3000,0,0,0,0,0,0
CF,D017J,54.552222,48.960278,0,UWS,17.1,10.5,198.0,3.6,2,1900,0,0,0,0,1,0
TF,FF20,54.481111,48.886111,0, ,0.0,0.0,0.0,0.0,1,1600,0,0,0,0,0,0

APPTR,N20-Y,20,DOGIT
IF,DOGIT,54.675278,47.020278, ,0.0,0.0,2,7000,0,0,0,0,1,0
TF,D008N,54.623333,48.958333,0, ,0.0,0.0,0.0,0.0,2,4000,0,0,0,0,0,0
CF,D014N,54.611667,48.996389,0,UWS,14.2,14.2,108.0,1.5,2,3000,0,0,0,0,0,0
CF,D017J,54.552222,48.960278,0,UWS,17.1,10.5,198.0,3.8,2,1900,0,0,0,0,1,0
TF,FF20,54.481111,48.886111,0, ,0.0,0.0,0.0,0.0,1,1600,0,0,0,0,0,0

APPTR,N20-Y,20,MEZET
IF,MEZET,54.844722,47.419167, ,0.0,0.0,2,9000,0,0,0,0,1,0
TF,D008N,54.623333,48.958333,0, ,0.0,0.0,0.0,0.0,2,4000,0,0,0,0,0,0
CF,D014N,54.611667,48.996389,0,UWS,14.2,14.2,108.0,1.5,2,3000,0,0,0,0,0,0
CF,D017J,54.552222,48.960278,0,UWS,17.1,10.5,198.0,3.8,2,1900,0,0,0,0,1,0
TF,FF20,54.481111,48.886111,0, ,0.0,0.0,0.0,0.0,1,1600,0,0,0,0,0,0

APPTR,N20-Y,20,MOKED
IF,MOKED,54.866667,48.265000, ,0.0,0.0,2,7000,0,0,0,0,1,0
TF,D009N,54.622778,48.962778,0, ,0.0,0.0,0.0,0.0,2,4000,0,0,0,0,0,0
CF,D014N,54.611667,48.996389,0,UWS,14.2,14.2,108.0,1.4,2,3000,0,0,0,0,0,0
CF,D017J,54.552222,48.960278,0,UWS,17.1,10.5,198.0,3.8,2,1900,0,0,0,0,1,0
TF,FF20,54.481111,48.886111,0, ,0.0,0.0,0.0,0.0,1,1600,0,0,0,0,0,0

APPTR,N20-Y,20,ODRUT
IF,ODRUT,54.357222,49.826111, ,0.0,0.0,2,8000,0,0,0,0,1,0
TF,D021J,54.545278,48.979444,0, ,0.0,0.0,0.0,0.0,2,1900,0,0,0,0,0,0
CF,FF20,54.481111,48.886111,0,UWS,16.0,5.5,198.0,5.0,1,1600,0,0,0,0,0,0

APPTR,N20-Y,20,REDMI
IF,REDMI,53.945278,49.068333, ,0.0,0.0,2,8000,0,0,0,0,1,0
TF,D031J,54.525000,49.017778,0, ,0.0,0.0,0.0,0.0,2,1900,0,0,0,0,0,1
CF,D021J,54.545278,48.979444,0,UWS,21.4,10.5,288.0,1.8,2,1900,0,0,0,0,0,0
CF,FF20,54.481111,48.886111,0,UWS,16.0,5.5,198.0,5.0,1,1600,0,0,0,0,0,0

APPTR,N20-Y,20,TERDI
IF,TERDI,54.246667,46.858333, ,0.0,0.0,2,7000,0,0,0,0,1,0
TF,D007N,54.622778,48.950833,0, ,0.0,0.0,0.0,0.0,2,4000,0,0,0,0,0,0
CF,D014N,54.611667,48.996389,0,UWS,14.2,14.2,108.0,1.7,2,3000,0,0,0,0,0,0
CF,D017J,54.552222,48.960278,0,UWS,17.1,10.5,198.0,3.8,2,1900,0,0,0,0,1,0
TF,FF20,54.481111,48.886111,0, ,0.0,0.0,0.0,0.0,1,1600,0,0,0,0,0,0

APPTR,N20-Y,20,WN1
IF,WN,54.452972,48.857222, ,0.0,0.0,4,4000,2300,0,0,0,1,0
CD, ,0,0,0,UWS,0,0.0,42.0,9.7,2,1900,0,0,0,0,0,0
CF,D021J,54.545278,48.979444,1,UWS,21.4,10.5,288.0,2.0,2,1900,0,0,0,0,0,0
CF,FF20,54.481111,48.886111,0,UWS,16.0,5.5,198.0,5.0,1,1600,0,0,0,0,0,0

APPTR,N20-Y,20,WN2
IF,WN,54.452972,48.857222, ,0.0,0.0,4,4000,2300,0,0,0,1,0
CF,D033J,54.517500,49.014444,0,UWS,32.7,10.0,18.0,6.0,2,1900,0,0,0,0,0,1
CF,D021J,54.545278,48.979444,0,UWS,21.4,10.5,288.0,2.0,2,1900,0,0,0,0,0,0
CF,FF20,54.481111,48.886111,0,UWS,16.0,5.5,198.0,5.0,1,1600,0,0,0,0,0,0

FINAL,N20-Y,20,N,3
IF,FF20,54.481111,48.886111,WN,0.0,0.0,1,1600,0,0,0,0,2,0
CF,WN,54.452972,48.857222,0,WN,0.0,0.0,198.0,2.0,1,980,0,0,0,0,0,0
CF,W,54.428028,48.830667,0,WN,0.0,0.0,198.0,1.8,1,424,0,0,0,0,3,0
CA,0,198.0,2,1000,0,0,0,0,0,0
CF,D033J,54.517500,49.014444,1,UWS,32.7,10.0,18.0,8.0,2,1900,0,0,0,0,0,0

APPTR,Q02-X,02,BMK
IF,BMK,54.262972,48.225500, ,0.0,0.0,2,9000,0,0,0,0,1,0
TF,D207P,54.201389,48.526389,0, ,0.0,0.0,0.0,0.0,2,3000,0,0,0,0,0,1
CF,D199J,54.256389,48.653056,0,UWS,199.4,10.3,18.0,5.0,2,1900,0,0,0,0,1,0
TF,FF02,54.323333,48.722222,0, ,0.0,0.0,0.0,0.0,1,1600,0,0,0,0,0,0

APPTR,Q02-X,02,ERELI
IF,ERELI,53.827500,47.895556, ,0.0,0.0,2,7000,0,0,0,0,1,0
TF,D199O,54.189444,48.584167,0, ,0.0,0.0,0.0,0.0,2,3000,0,0,0,0,0,0
TF,D199J,54.256389,48.653056,0, ,0.0,0.0,0.0,0.0,2,1900,0,0,0,0,1,0
TF,FF02,54.323333,48.722222,0, ,0.0,0.0,0.0,0.0,1,1600,0,0,0,0,0,0

APPTR,Q02-X,02,ODRUT
IF,ODRUT,54.357222,49.826111, ,0.0,0.0,2,8000,0,0,0,0,1,0
TF,D173K,54.222778,48.777778,0, ,0.0,0.0,0.0,0.0,2,1900,0,0,0,0,0,1
CF,D190J,54.241667,48.695000,0,UWS,189.9,10.4,288.0,3.1,2,1900,0,0,0,0,0,1
CF,FF02,54.323333,48.722222,0,UWS,200.3,5.6,18.0,5.0,1,1600,0,0,0,0,0,0

APPTR,Q02-X,02,REDMI
IF,REDMI,53.945278,49.068333, ,0.0,0.0,2,8000,0,0,0,0,1,0
TF,D193J,54.248889,48.681111,0, ,0.0,0.0,0.0,0.0,2,1900,0,0,0,0,0,1
CF,FF02,54.323333,48.722222,0,UWS,200.3,5.6,18.0,4.0,1,1600,0,0,0,0,0,0

APPTR,Q02-X,02,UL1
IF,UL,54.351778,48.752139, ,0.0,0.0,4,4000,2300,0,0,0,1,0
CD, ,0,0,0,UWS,0,0.0,143.0,8.2,2,1900,0,0,0,0,0,0
CF,D190J,54.241667,48.695000,2,UWS,189.9,10.4,288.0,3.0,2,1900,0,0,0,0,0,1
CF,FF02,54.323333,48.722222,0,UWS,200.3,5.6,18.0,4.0,1,1600,0,0,0,0,0,0

APPTR,Q02-X,02,UL2
IF,UL,54.351778,48.752139, ,0.0,0.0,4,4000,2300,0,0,0,1,0
CF,D166J,54.237500,48.812778,0,UWS,166.5,9.9,198.0,5.0,2,1900,0,0,0,0,0,1
CF,D190J,54.241667,48.695000,0,UWS,189.9,10.4,288.0,4.0,2,1900,0,0,0,0,0,1
CF,FF02,54.323333,48.722222,0,UWS,200.3,5.6,18.0,4.0,1,1600,0,0,0,0,0,0

FINAL,Q02-X,02,N,3
IF,FF02,54.323333,48.722222,UL,0.0,0.0,1,1600,0,0,0,0,2,0
CF,UL,54.351778,48.752139,0,UL,0.0,0.0,18.0,2.0,1,980,0,0,0,0,0,0
CF,U,54.375028,48.775667,0,UWS,0.0,2.0,18.0,1.6,1,454,0,0,0,0,3,0
CA,0,18.0,2,1000,0,0,0,0,0,0
CF,D166J,54.237500,48.812778,2,UWS,166.5,9.9,198.0,8.0,2,1900,0,0,0,0,0,0

APPTR,Q02-Y,02,BMK
IF,BMK,54.262972,48.225500, ,0.0,0.0,2,9000,0,0,0,0,1,0
TF,D201O,54.193056,48.566667,0, ,0.0,0.0,0.0,0.0,2,3000,0,0,0,0,0,0
CF,D199J,54.256389,48.653056,0,UWS,199.4,10.3,18.0,5.0,2,1900,0,0,0,0,1,0
TF,FF02,54.323333,48.722222,0, ,0.0,0.0,0.0,0.0,1,1600,0,0,0,0,0,0

APPTR,Q02-Y,02,ERELI
IF,ERELI,53.827500,47.895556, ,0.0,0.0,2,7000,0,0,0,0,1,0
TF,D199O,54.189444,48.584167,0, ,0.0,0.0,0.0,0.0,2,3000,0,0,0,0,0,0
TF,D199J,54.256389,48.653056,0, ,0.0,0.0,0.0,0.0,2,1900,0,0,0,0,1,0
TF,FF02,54.323333,48.722222,0, ,0.0,0.0,0.0,0.0,1,1600,0,0,0,0,0,0

APPTR,Q02-Y,02,ODRUT
IF,ODRUT,54.357222,49.826111, ,0.0,0.0,2,8000,0,0,0,0,1,0
TF,D186J,54.238333,48.715278,0, ,0.0,0.0,0.0,0.0,2,1900,0,0,0,0,0,0
CF,D195J,54.249722,48.672222,0,UWS,195.0,10.3,288.0,1.5,2,1900,0,0,0,0,0,0
CF,FF02,54.323333,48.722222,0,UWS,200.3,5.6,18.0,4.0,1,1600,0,0,0,0,0,0

APPTR,Q02-Y,02,REDMI
IF,REDMI,53.945278,49.068333, ,0.0,0.0,2,8000,0,0,0,0,1,0
TF,D196J,54.252778,48.666111,0, ,0.0,0.0,0.0,0.0,2,1900,0,0,0,0,0,0
CF,FF02,54.323333,48.722222,0,UWS,200.3,5.6,18.0,4.7,1,1600,0,0,0,0,0,0

APPTR,Q02-Y,02,UL1
IF,UL,54.351778,48.752139, ,0.0,0.0,4,4000,2300,0,0,0,1,0
CD, ,0,0,0,UWS,0,0.0,173.0,9.5,0,0,0,0,0,0,0,0
CF,D195J,54.249722,48.672222,2,UWS,195.0,10.3,288.0,2.0,2,1900,0,0,0,0,0,0
CF,FF02,54.323333,48.722222,0,UWS,200.3,5.6,18.0,4.0,1,1600,0,0,0,0,0,0

APPTR,Q02-Y,02,UL2
IF,UL,54.351778,48.752139, ,0.0,0.0,4,4000,2300,0,0,0,1,0
CF,D183J,54.244444,48.730278,0,UWS,183.6,9.9,198.0,6.0,2,1900,0,0,0,0,0,1
CF,D195J,54.249722,48.672222,0,UWS,195.0,10.3,288.0,2.0,2,1900,0,0,0,0,0,0
CF,FF02,54.323333,48.722222,0,UWS,200.3,5.6,18.0,4.0,1,1600,0,0,0,0,0,0

FINAL,Q02-Y,02,N,3
IF,FF02,54.323333,48.722222,UL,0.0,0.0,1,1600,0,0,0,0,2,0
CF,UL,54.351778,48.752139,0,UL,0.0,0.0,18.0,2.0,1,980,0,0,0,0,0,0
CF,U,54.375028,48.775667,0,UWS,0.0,2.0,18.0,1.6,1,454,0,0,0,0,3,0
CA,0,18.0,2,1000,0,0,0,0,0,0
CF,D183J,54.244444,48.730278,2,UWS,183.6,9.9,198.0,9.0,2,1900,0,0,0,0,0,0

APPTR,Q20-X,20,AGUTO
IF,AGUTO,54.829444,48.775000, ,0.0,0.0,2,5000,0,0,0,0,1,0
TF,D013N,54.609722,48.987778,0, ,0.0,0.0,0.0,0.0,2,3000,0,0,0,0,0,0
CF,D017J,54.552222,48.960278,0,UWS,17.1,10.5,198.0,3.6,2,1900,0,0,0,0,1,0
TF,FF20,54.481111,48.886111,0, ,0.0,0.0,0.0,0.0,1,1600,0,0,0,0,0,0

APPTR,Q20-X,20,DOGIT
IF,DOGIT,54.675278,47.020278, ,0.0,0.0,2,7000,0,0,0,0,1,0
TF,D360O,54.640833,48.902222,0, ,0.0,0.0,0.0,0.0,2,4000,0,0,0,0,0,0
CF,D010N,54.620000,48.972778,0,UWS,10.4,14.3,108.0,2.8,2,3000,0,0,0,0,0,1
CF,D017J,54.552222,48.960278,0,UWS,17.1,10.5,198.0,4.0,2,1900,0,0,0,0,1,0
TF,FF20,54.481111,48.886111,0, ,0.0,0.0,0.0,0.0,1,1600,0,0,0,0,0,0

APPTR,Q20-X,20,MEZET
IF,MEZET,54.844722,47.419167, ,0.0,0.0,2,9000,0,0,0,0,1,0
TF,D360O,54.640833,48.902222,0, ,0.0,0.0,0.0,0.0,2,4000,0,0,0,0,0,0
CF,D010N,54.620000,48.972778,0,UWS,10.4,14.3,108.0,2.8,2,3000,0,0,0,0,0,1
CF,D017J,54.552222,48.960278,0,UWS,17.1,10.5,198.0,4.0,2,1900,0,0,0,0,1,0
TF,FF20,54.481111,48.886111,0, ,0.0,0.0,0.0,0.0,1,1600,0,0,0,0,0,0

APPTR,Q20-X,20,MOKED
IF,MOKED,54.866667,48.265000, ,0.0,0.0,2,7000,0,0,0,0,1,0
TF,D001O,54.640000,48.911944,0, ,0.0,0.0,0.0,0.0,2,4000,0,0,0,0,0,0
CF,D010N,54.620000,48.972778,0,UWS,10.4,14.3,108.0,2.4,2,3000,0,0,0,0,0,1
CF,D017J,54.552222,48.960278,0,UWS,17.1,10.5,198.0,4.0,2,1900,0,0,0,0,1,0
TF,FF20,54.481111,48.886111,0, ,0.0,0.0,0.0,0.0,1,1600,0,0,0,0,0,0

APPTR,Q20-X,20,ODRUT
IF,ODRUT,54.357222,49.826111, ,0.0,0.0,2,8000,0,0,0,0,1,0
TF,D027K,54.536944,49.003056,0, ,0.0,0.0,0.0,0.0,2,1900,0,0,0,0,0,1
CF,FF20,54.481111,48.886111,0,UWS,16.0,5.5,198.0,5.0,1,1600,0,0,0,0,0,0

APPTR,Q20-X,20,REDMI
IF,REDMI,53.945278,49.068333, ,0.0,0.0,2,8000,0,0,0,0,1,0
TF,D046K,54.494444,49.071389,0, ,0.0,0.0,0.0,0.0,2,1900,0,0,0,0,0,1
CF,D025J,54.539444,48.993889,0,UWS,24.7,10.5,288.0,3.8,2,1900,0,0,0,0,0,1
CF,FF20,54.481111,48.886111,0,UWS,16.0,5.5,198.0,5.0,1,1600,0,0,0,0,0,0

APPTR,Q20-X,20,TERDI
IF,TERDI,54.246667,46.858333, ,0.0,0.0,2,7000,0,0,0,0,1,0
TF,D357O,54.639444,48.885000,0, ,0.0,0.0,0.0,0.0,2,4000,0,0,0,0,0,0
CF,D010N,54.620000,48.972778,0,UWS,10.4,14.3,108.0,3.3,2,3000,0,0,0,0,0,1
CF,D017J,54.552222,48.960278,0,UWS,17.1,10.5,198.0,4.0,2,1900,0,0,0,0,1,0
TF,FF20,54.481111,48.886111,0, ,0.0,0.0,0.0,0.0,1,1600,0,0,0,0,0,0

APPTR,Q20-X,20,WN1
IF,WN,54.452972,48.857222, ,0.0,0.0,4,4000,2300,0,0,0,1,0
CD, ,0,0,0,UWS,0,0.0,71.0,8.3,2,1900,0,0,0,0,0,0
CF,D025J,54.539444,48.993889,1,UWS,24.7,10.5,288.0,4.0,2,1900,0,0,0,0,0,1
CF,FF20,54.481111,48.886111,0,UWS,16.0,5.5,198.0,5.0,1,1600,0,0,0,0,0,0

APPTR,Q20-X,20,WN2
IF,WN,54.452972,48.857222, ,0.0,0.0,4,4000,2300,0,0,0,1,0
CF,D050J,54.477778,49.063333,0,UWS,49.6,10.0,18.0,7.0,2,1900,0,0,0,0,0,1
CF,D025J,54.539444,48.993889,0,UWS,24.7,10.5,288.0,4.0,2,1900,0,0,0,0,0,1
CF,FF20,54.481111,48.886111,0,UWS,16.0,5.5,198.0,5.0,1,1600,0,0,0,0,0,0

FINAL,Q20-X,20,N,3
IF,FF20,54.481111,48.886111,WN,0.0,0.0,1,1600,0,0,0,0,2,0
CF,WN,54.452972,48.857222,0,WN,0.0,0.0,198.0,2.0,1,980,0,0,0,0,0,0
CF,W,54.428028,48.830667,0,UWS,0.0,1.7,198.0,1.8,1,424,0,0,0,0,3,0
CA,0,198.0,2,1000,0,0,0,0,0,0
CF,D050J,54.477778,49.063333,1,UWS,49.6,10.0,18.0,9.0,2,1900,0,0,0,0,0,0

APPTR,R02,02,BEREG
IF,BEREG,54.189444,48.584167, ,0.0,0.0,2,3000,0,0,0,0,1,0
TF,LW202,54.256417,48.653000,0, ,0.0,0.0,0.0,0.0,2,1900,0,1,220,0,1,0

APPTR,R02,02,LW402
IF,LW402,54.185861,48.747889, ,0.0,0.0,2,1900,0,0,0,0,1,0
TF,LW202,54.256417,48.653000,0, ,0.0,0.0,0.0,0.0,2,1900,0,1,220,0,1,0

APPTR,R02,02,LW502
IF,LW502,54.209917,48.784194, ,0.0,0.0,2,1900,0,1,230,0,1,0
TF,LW202,54.256417,48.653000,0, ,0.0,0.0,0.0,0.0,2,1900,0,1,220,0,1,0

FINAL,R02,02,R,3
IF,LW202,54.256417,48.653000, ,0.0,0.0,2,1900,0,1,220,0,0,0
TF,LW102,54.323306,48.722056,0, ,0.0,0.0,18.0,4.7,1,1600,0,0,0,0,2,0
TF,RW02,54.381847,48.782739,0, ,0.0,0.0,18.0,4.1,1,301,0,0,0,0,3,1
CA,0,18.0,2,1000,0,1,210,0,0,0
DF,LW602,54.281056,48.857917,2, ,0.0,0.0,2,1900,0,0,0,0,0,0
TF,LW502,54.209917,48.784194,0, ,0.0,0.0,0.0,0.0,2,1900,0,1,230,0,0,0

APPTR,R20,20,LW320
IF,LW320,54.516000,49.103444, ,0.0,0.0,2,1900,0,0,0,0,1,0
TF,LW220,54.547750,48.955806,0, ,0.0,0.0,0.0,0.0,2,1900,0,1,220,0,1,0

APPTR,R20,20,LW620
IF,LW620,54.500944,49.087611, ,0.0,0.0,2,1900,0,1,230,0,1,0
TF,LW220,54.547750,48.955806,0, ,0.0,0.0,0.0,0.0,2,1900,0,1,220,0,1,0

APPTR,R20,20,ZALIV
IF,ZALIV,54.604722,49.015556, ,0.0,0.0,2,3000,0,0,0,0,1,0
TF,LW220,54.547750,48.955806,0, ,0.0,0.0,0.0,0.0,2,1900,0,1,220,0,1,0

FINAL,R20,20,R,3
IF,LW220,54.547750,48.955806, ,0.0,0.0,2,1900,0,1,220,0,0,0
TF,LW120,54.481028,48.886000,0, ,0.0,0.0,198.0,4.7,1,1600,0,0,0,0,2,0
TF,RW20,54.420258,48.822669,0, ,0.0,0.0,198.0,4.3,1,250,0,0,0,0,3,1
CA,0,198.0,2,1000,0,1,210,0,0,0
DF,LW720,54.429944,49.013139,1, ,0.0,0.0,2,1900,0,0,0,0,0,0
TF,LW620,54.500944,49.087611,0, ,0.0,0.0,0.0,0.0,2,1900,0,1,230,0,0,0

