SID,GORI2B,20,2
DF,DER20,54.114678,45.201031,0, ,0.0,0.0,0,0,0,0,0,0,0,1
CA,0,201.0,2,1300,0,0,0,0,0,0
CI,2, ,0.0,336.0,0,0,0,0,0,0,0,0
CF,GORIR,54.257222,44.642778,0,SRN,279.0,21.6,277.0,16.0,2,7000,0,0,0,0,0,0

SID,GORI2C,02,2
CD, ,0,0,0,SRN,0,0.0,21.0,4.9,0,0,0,0,0,0,0,0
DF,G,54.143056,45.232361,2, ,0.0,0.0,2,5000,0,1,250,0,0,0
TF,GORIR,54.257222,44.642778,0, ,0.0,0.0,0.0,0.0,2,7000,0,0,0,0,0,0

SID,GORI2D,02,5
CF,PS001,54.208833,45.305167,0,SRN,22.0,5.7,21.0,6.0,0,0,0,0,0,0,0,1
DF,PS002,54.107639,45.156833,2, ,0.0,0.0,0,0,0,1,245,0,0,0
TF,GORIR,54.257222,44.642778,0, ,0.0,0.0,0.0,0.0,2,7000,0,0,0,0,0,0

SID,GORI2E,20,5
CF,PS016,54.074389,45.156639,0,SRN,199.4,3.9,201.0,3.0,0,0,0,0,0,0,0,1
DF,GORIR,54.257222,44.642778,2, ,0.0,0.0,2,7000,0,0,0,0,0,0

SID,GORI2L,02,2
CD, ,0,0,0,SRN,0,0.0,21.0,4.9,0,0,0,0,0,0,0,0
DF,SRN,54.129944,45.214389,2, ,0.0,0.0,2,5000,0,1,250,0,0,0
TF,GORIR,54.257222,44.642778,0, ,0.0,0.0,0.0,0.0,2,7000,0,0,0,0,0,0

SID,GORI2M,20,2
DF,DER20,54.114678,45.201031,0, ,0.0,0.0,0,0,0,0,0,0,0,1
CA,0,201.0,2,1300,0,0,0,0,0,0
CI,2, ,0.0,336.0,0,0,0,0,0,0,0,0
CF,GORIR,54.257222,44.642778,0,SRN,279.0,21.6,279.0,16.0,2,7000,0,0,0,0,0,0

SID,GORI2X,02,5
CF,PS001,54.208833,45.305167,0,SRN,22.0,5.7,21.0,6.0,0,0,0,0,0,0,0,1
DF,GORIR,54.257222,44.642778,1, ,0.0,0.0,2,7000,0,0,0,0,0,0

SID,PILE2B,20,2
DF,DER20,54.114678,45.201031,0, ,0.0,0.0,0,0,0,0,0,0,0,1
CA,0,201.0,2,1300,0,0,0,0,0,0
CI,0, ,0.0,248.0,0,0,0,0,0,0,0,0
CF,PILEN,53.900000,44.738333,0,SRN,218.8,21.8,218.0,18.0,2,7000,0,0,0,0,0,0

SID,PILE2C,02,2
CD, ,0,0,0,SRN,0,0.0,21.0,4.9,0,0,0,0,0,0,0,0
DF,G,54.143056,45.232361,2, ,0.0,0.0,2,5000,0,1,250,0,0,0
TF,PILEN,53.900000,44.738333,0, ,0.0,0.0,0.0,0.0,2,7000,0,0,0,0,0,0

SID,PILE2D,02,5
DF,DER02,54.135800,45.224342,0, ,0.0,0.0,0,0,0,0,0,0,0,1
CA,0,21.0,2,1300,0,1,265,0,0,0
DF,PS003,53.991333,45.112139,2, ,0.0,0.0,2,6000,0,0,0,0,0,0
TF,PILEN,53.900000,44.738333,0, ,0.0,0.0,0.0,0.0,2,7000,0,0,0,0,0,0

SID,PILE2E,20,5
CF,PS016,54.074389,45.156639,0,SRN,199.4,3.9,201.0,3.0,0,0,0,0,0,0,0,1
DF,PILEN,53.900000,44.738333,0, ,0.0,0.0,2,7000,0,0,0,0,0,0

SID,PILE2L,02,2
CD, ,0,0,0,SRN,0,0.0,21.0,4.9,0,0,0,0,0,0,0,0
DF,SRN,54.129944,45.214389,2, ,0.0,0.0,2,5000,0,1,250,0,0,0
TF,PILEN,53.900000,44.738333,0, ,0.0,0.0,0.0,0.0,2,7000,0,0,0,0,0,0

SID,PILE2M,20,2
DF,DER20,54.114678,45.201031,0, ,0.0,0.0,0,0,0,0,0,0,0,1
CA,0,201.0,2,1300,0,0,0,0,0,0
CI,0, ,0.0,248.0,0,0,0,0,0,0,0,0
CF,PILEN,53.900000,44.738333,0,SRN,218.8,21.8,219.0,18.0,2,7000,0,0,0,0,0,0

SID,PILE2X,02,5
CF,PS001,54.208833,45.305167,0,SRN,22.0,5.7,21.0,6.0,0,0,0,0,0,0,0,1
DF,PS003,53.991333,45.112139,2, ,0.0,0.0,2,6000,0,0,0,0,0,0
TF,PILEN,53.900000,44.738333,0, ,0.0,0.0,0.0,0.0,2,7000,0,0,0,0,0,0

SID,SUDE2B,20,2
DF,DER20,54.114678,45.201031,0, ,0.0,0.0,0,0,0,0,0,0,0,1
CA,0,201.0,2,1300,0,0,0,0,0,0
CI,1, ,0.0,9.0,0,0,0,0,0,0,0,0
CF,SUDEM,54.133333,45.833333,0,SRN,77.2,21.9,79.0,19.0,2,7000,0,0,0,0,0,0

SID,SUDE2C,02,2
DF,G,54.143056,45.232361,0, ,0.0,0.0,0,0,0,0,0,0,0,1
CA,0,21.0,2,1500,0,0,0,0,0,0
CI,2, ,0.0,129.0,0,0,0,0,0,0,0,0
CF,SUDEM,54.133333,45.833333,0,SRN,77.2,21.9,79.0,18.0,2,7000,0,0,0,0,0,0

SID,SUDE2D,02,5
DF,DER02,54.135800,45.224342,0, ,0.0,0.0,0,0,0,0,0,0,0,0
CA,0,21.0,2,1300,0,0,0,0,0,0
DF,SUDEM,54.133333,45.833333,2, ,0.0,0.0,2,7000,0,0,0,0,0,0

SID,SUDE2E,20,5
CF,PS016,54.074389,45.156639,0,SRN,199.4,3.9,201.0,3.0,0,0,0,1,255,0,0,1
DF,PS017,53.988944,45.411639,1, ,0.0,0.0,3,5000,0,0,0,0,0,0
TF,SUDEM,54.133333,45.833333,0, ,0.0,0.0,0.0,0.0,2,7000,0,0,0,0,0,0

SID,SUDE2L,02,2
CD, ,0,0,0,SRN,0,0.0,21.0,4.9,0,0,0,0,0,0,0,0
CI,2, ,0.0,129.0,0,0,0,0,0,0,0,0
CF,SUDEM,54.133333,45.833333,0,SRN,77.2,21.9,77.0,13.0,2,7000,0,0,0,0,0,0

SID,SUDE2M,20,2
DF,DER20,54.114678,45.201031,0, ,0.0,0.0,0,0,0,0,0,0,0,0
CA,0,201.0,2,1300,0,0,0,0,0,0
CI,1, ,0.0,17.0,0,0,0,0,0,0,0,0
CF,SUDEM,54.133333,45.833333,0,SRN,77.2,21.9,77.0,18.0,2,7000,0,0,0,0,0,0

SID,TAKI2B,20,2
DF,DER20,54.114678,45.201031,0, ,0.0,0.0,0,0,0,0,0,0,0,1
CA,0,201.0,2,1300,0,0,0,0,0,0
CI,0, ,0.0,140.0,0,0,0,0,0,0,0,0
CF,TAKIB,53.765556,45.205000,0,SRN,168.9,21.9,170.0,16.0,2,7000,0,0,0,0,0,0

SID,TAKI2C,02,2
CD, ,0,0,0,SRN,0,0.0,21.0,4.9,0,0,0,0,0,0,0,0
DF,G,54.143056,45.232361,2, ,0.0,0.0,2,5000,0,1,250,0,0,1
TF,TAKIB,53.765556,45.205000,0, ,0.0,0.0,0.0,0.0,2,7000,0,0,0,0,0,0

SID,TAKI2D,02,5
DF,DER02,54.135800,45.224342,0, ,0.0,0.0,0,0,0,0,0,0,0,1
CA,0,21.0,2,1300,0,0,0,0,0,0
DF,TAKIB,53.765556,45.205000,2, ,0.0,0.0,2,7000,0,0,0,0,0,0

SID,TAKI2E,20,5
CF,PS016,54.074389,45.156639,0,SRN,199.4,3.9,201.0,3.0,0,0,0,0,0,0,0,1
DF,PS021,53.844778,45.151444,0, ,0.0,0.0,0,0,0,0,0,0,0,0
TF,TAKIB,53.765556,45.205000,0, ,0.0,0.0,0.0,0.0,2,7000,0,0,0,0,0,0

SID,TAKI2L,02,2
CD, ,0,0,0,SRN,0,0.0,21.0,4.9,0,0,0,0,0,0,0,0
DF,SRN,54.129944,45.214389,2, ,0.0,0.0,2,5000,0,1,250,0,0,1
TF,TAKIB,53.765556,45.205000,0, ,0.0,0.0,0.0,0.0,2,7000,0,0,0,0,0,0

SID,TAKI2M,20,2
DF,DER20,54.114678,45.201031,0, ,0.0,0.0,0,0,0,0,0,0,0,1
CA,0,201.0,2,1300,0,0,0,0,0,0
CI,0, ,0.0,140.0,0,0,0,0,0,0,0,0
CF,TAKIB,53.765556,45.205000,0,SRN,168.9,21.9,169.0,16.0,2,7000,0,0,0,0,0,0

SID,UGLA2B,20,2
DF,DER20,54.114678,45.201031,0, ,0.0,0.0,0,0,0,0,0,0,0,1
CA,0,201.0,2,1300,0,0,0,0,0,0
CI,1, ,0.0,350.0,0,0,0,0,0,0,0,0
CF,UGLAD,54.299722,45.748333,0,SRN,49.3,21.4,50.0,19.0,2,7000,0,0,0,0,0,0

SID,UGLA2C,02,2
DF,G,54.143056,45.232361,0, ,0.0,0.0,0,0,0,0,0,0,0,1
CA,0,21.0,2,1500,0,0,0,0,0,0
CI,0, ,0.0,80.0,0,0,0,0,0,0,0,0
CF,UGLAD,54.299722,45.748333,0,SRN,49.3,21.4,50.0,19.0,2,7000,0,0,0,0,0,0

SID,UGLA2D,02,5
DF,DER02,54.135800,45.224342,0, ,0.0,0.0,0,0,0,0,0,0,0,0
CA,0,21.0,2,1300,0,0,0,0,0,0
DF,UGLAD,54.299722,45.748333,0, ,0.0,0.0,2,7000,0,0,0,0,0,0

SID,UGLA2E,20,5
CF,PS016,54.074389,45.156639,0,SRN,199.4,3.9,201.0,3.0,0,0,0,1,255,0,0,1
DF,PS017,53.988944,45.411639,1, ,0.0,0.0,3,5000,0,0,0,0,0,0
TF,PS018,54.185194,45.684583,0, ,0.0,0.0,0.0,0.0,0,0,0,0,0,0,0,0
TF,UGLAD,54.299722,45.748333,0, ,0.0,0.0,0.0,0.0,2,7000,0,0,0,0,0,0

SID,UGLA2L,02,2
CD, ,0,0,0,SRN,0,0.0,21.0,4.9,0,0,0,0,0,0,0,0
CI,0, ,0.0,80.0,0,0,0,0,0,0,0,0
CF,UGLAD,54.299722,45.748333,0,SRN,49.3,21.4,49.0,12.0,2,7000,0,0,0,0,0,0

SID,UGLA2M,20,2
DF,DER20,54.114678,45.201031,0, ,0.0,0.0,0,0,0,0,0,0,0,0
CA,0,201.0,2,1300,0,0,0,0,0,0
CI,1, ,0.0,349.0,0,0,0,0,0,0,0,0
CF,UGLAD,54.299722,45.748333,0,SRN,49.3,21.4,49.0,19.0,2,7000,0,0,0,0,0,0

STAR,GORI2G,ALL,2
IF,GORIR,54.257222,44.642778, ,0.0,0.0,2,7000,0,0,0,0,0,0
TF,SRN,54.129944,45.214389,0, ,0.0,0.0,0.0,0.0,2,5000,0,0,0,0,0,0

STAR,GORI2H,ALL,2
IF,GORIR,54.257222,44.642778, ,0.0,0.0,2,7000,0,0,0,0,0,0
TF,G,54.143056,45.232361,0, ,0.0,0.0,0.0,0.0,2,5000,0,0,0,0,0,0

STAR,GORI2J,02,5
IF,GORIR,54.257222,44.642778, ,0.0,0.0,2,7000,0,0,0,0,0,0
TF,PS007,53.972722,44.854333,0, ,0.0,0.0,0.0,0.0,2,4000,0,0,0,0,0,0

STAR,GORI2K,20,5
IF,GORIR,54.257222,44.642778, ,0.0,0.0,2,7000,0,0,0,0,0,0
TF,PS015,54.045639,45.293222,0, ,0.0,0.0,0.0,0.0,0,0,0,0,0,0,0,0
TF,PS020,54.121861,45.431833,0, ,0.0,0.0,0.0,0.0,2,7000,0,0,0,0,0,0
TF,PS012,54.241972,45.565778,0, ,0.0,0.0,0.0,0.0,2,3000,0,0,0,0,0,0

STAR,GORI2Z,20,5
IF,GORIR,54.257222,44.642778, ,0.0,0.0,2,7000,0,0,0,0,0,0
TF,PS011,54.402306,45.393806,0, ,0.0,0.0,0.0,0.0,2,5000,0,0,0,0,0,0

STAR,PILE2G,ALL,2
IF,PILEN,53.900000,44.738333, ,0.0,0.0,2,7000,0,0,0,0,0,0
TF,SRN,54.129944,45.214389,0, ,0.0,0.0,0.0,0.0,2,5000,0,0,0,0,0,0

STAR,PILE2H,ALL,2
IF,PILEN,53.900000,44.738333, ,0.0,0.0,2,7000,0,0,0,0,0,0
TF,G,54.143056,45.232361,0, ,0.0,0.0,0.0,0.0,2,5000,0,0,0,0,0,0

STAR,PILE2J,02,5
IF,PILEN,53.900000,44.738333, ,0.0,0.0,2,7000,0,0,0,0,0,0
TF,PS007,53.972722,44.854333,0, ,0.0,0.0,0.0,0.0,2,4000,0,0,0,0,0,0

STAR,PILE2K,20,5
IF,PILEN,53.900000,44.738333, ,0.0,0.0,2,7000,0,0,0,0,0,0
TF,PS019,53.902667,44.947278,0, ,0.0,0.0,0.0,0.0,0,0,0,0,0,0,0,0
TF,PS015,54.045639,45.293222,0, ,0.0,0.0,0.0,0.0,0,0,0,0,0,0,0,0
TF,PS020,54.121861,45.431833,0, ,0.0,0.0,0.0,0.0,2,7000,0,0,0,0,0,0
TF,PS012,54.241972,45.565778,0, ,0.0,0.0,0.0,0.0,2,3000,0,0,0,0,0,0

STAR,SUDE2G,ALL,2
IF,SUDEM,54.133333,45.833333, ,0.0,0.0,2,7000,0,0,0,0,0,0
TF,SRN,54.129944,45.214389,0, ,0.0,0.0,0.0,0.0,2,5000,0,0,0,0,0,0

STAR,SUDE2H,ALL,2
IF,SUDEM,54.133333,45.833333, ,0.0,0.0,2,7000,0,0,0,0,0,0
TF,G,54.143056,45.232361,0, ,0.0,0.0,0.0,0.0,2,5000,0,0,0,0,0,0

STAR,SUDE2J,02,5
IF,SUDEM,54.133333,45.833333, ,0.0,0.0,2,7000,0,0,0,0,0,0
TF,PS014,54.005639,45.474944,0, ,0.0,0.0,0.0,0.0,0,0,0,0,0,0,0,0
TF,PS006,53.894611,45.167472,0, ,0.0,0.0,0.0,0.0,2,3000,0,0,0,0,0,0

STAR,SUDE2K,20,5
IF,SUDEM,54.133333,45.833333, ,0.0,0.0,2,7000,0,0,0,0,0,0
TF,PS012,54.241972,45.565778,0, ,0.0,0.0,0.0,0.0,2,3000,0,0,0,0,0,0

STAR,TAKI2G,ALL,2
IF,TAKIB,53.765556,45.205000, ,0.0,0.0,2,7000,0,0,0,0,0,0
TF,SRN,54.129944,45.214389,0, ,0.0,0.0,0.0,0.0,2,5000,0,0,0,0,0,0

STAR,TAKI2H,ALL,2
IF,TAKIB,53.765556,45.205000, ,0.0,0.0,2,7000,0,0,0,0,0,0
TF,G,54.143056,45.232361,0, ,0.0,0.0,0.0,0.0,2,5000,0,0,0,0,0,0

STAR,TAKI2J,02,5
IF,TAKIB,53.765556,45.205000, ,0.0,0.0,2,7000,0,0,0,0,0,0
TF,PS006,53.894611,45.167472,0, ,0.0,0.0,0.0,0.0,2,3000,0,0,0,0,0,0

STAR,TAKI2K,20,5
IF,TAKIB,53.765556,45.205000, ,0.0,0.0,2,7000,0,0,0,0,0,0
TF,PS015,54.045639,45.293222,0, ,0.0,0.0,0.0,0.0,0,0,0,0,0,0,0,0
TF,PS020,54.121861,45.431833,0, ,0.0,0.0,0.0,0.0,2,7000,0,0,0,0,0,0
TF,PS012,54.241972,45.565778,0, ,0.0,0.0,0.0,0.0,2,3000,0,0,0,0,0,0

STAR,UGLA2G,ALL,2
IF,UGLAD,54.299722,45.748333, ,0.0,0.0,2,7000,0,0,0,0,0,0
TF,SRN,54.129944,45.214389,0, ,0.0,0.0,0.0,0.0,2,5000,0,0,0,0,0,0

STAR,UGLA2H,ALL,2
IF,UGLAD,54.299722,45.748333, ,0.0,0.0,2,7000,0,0,0,0,0,0
TF,G,54.143056,45.232361,0, ,0.0,0.0,0.0,0.0,2,5000,0,0,0,0,0,0

STAR,UGLA2J,02,5
IF,UGLAD,54.299722,45.748333, ,0.0,0.0,2,7000,0,0,0,0,0,0
TF,PS014,54.005639,45.474944,0, ,0.0,0.0,0.0,0.0,0,0,0,0,0,0,0,0
TF,PS006,53.894611,45.167472,0, ,0.0,0.0,0.0,0.0,2,3000,0,0,0,0,0,0

STAR,UGLA2K,20,5
IF,UGLAD,54.299722,45.748333, ,0.0,0.0,2,7000,0,0,0,0,0,0
TF,PS012,54.241972,45.565778,0, ,0.0,0.0,0.0,0.0,2,3000,0,0,0,0,0,0

APPTR,D02,02,SRN1
IF,SRN,54.129944,45.214389, ,0.0,0.0,2,5000,0,0,0,0,1,0
FD,SRN,54.129944,45.214389,0,SRN,0.0,11.6,224.0,11.6,2,2500,0,0,0,0,0,0
CF,FF02,54.038186,45.117019,1,SRN,200.0,6.5,20.0,5.0,1,2500,0,0,0,0,0,0

APPTR,D02,02,SRN2
IF,SRN,54.129944,45.214389, ,0.0,0.0,2,5000,0,0,0,0,1,0
FD,SRN,54.129944,45.214389,0,SRN,0.0,11.6,222.0,11.6,2,2500,0,0,0,0,0,0
CF,FF02,54.038186,45.117019,1,SRN,200.0,6.5,20.0,5.0,1,2500,0,0,0,0,0,0

APPTR,D02,02,SRN3
IF,SRN,54.129944,45.214389, ,0.0,0.0,2,5000,0,0,0,0,1,0
FD,SRN,54.129944,45.214389,0,SRN,0.0,11.6,208.0,11.6,2,2500,0,0,0,0,0,0
CF,FF02,54.038186,45.117019,1,SRN,200.0,6.5,20.0,5.0,1,2500,0,0,0,0,0,0

APPTR,D02,02,SRN4
IF,SRN,54.129944,45.214389, ,0.0,0.0,2,5000,0,0,0,0,1,0
FD,SRN,54.129944,45.214389,0,SRN,0.0,11.6,207.0,11.6,2,2500,0,0,0,0,0,0
CF,FF02,54.038186,45.117019,1,SRN,200.0,6.5,20.0,5.0,1,2500,0,0,0,0,0,0

FINAL,D02,02,D,3
IF,FF02,54.038186,45.117019,SRN,200.0,6.5,1,2500,0,0,0,0,2,0
CF,25VOR,54.094661,45.176886,0,SRN,200.0,2.5,20.0,4.0,1,1220,0,0,0,0,0,0
CF,RW02,54.114678,45.201031,0,SRN,195.2,1.0,20.0,1.5,1,759,0,0,0,0,3,0
CD, ,0,0,0,SRN,0,0.0,20.0,5.4,0,0,0,1,245,0,0,0
DF,SRN,54.129944,45.214389,2, ,0.0,0.0,2,2500,0,0,0,0,0,0

APPTR,D20,20,SRN1
IF,SRN,54.129944,45.214389, ,0.0,0.0,2,5000,0,0,0,0,1,0
FD,SRN,54.129944,45.214389,0,SRN,0.0,11.1,50.0,11.1,2,2500,0,0,0,0,0,0
CF,FD20,54.212283,45.320306,1,SRN,25.0,6.2,205.0,5.0,1,2500,0,0,0,0,0,0

APPTR,D20,20,SRN2
IF,SRN,54.129944,45.214389, ,0.0,0.0,2,5000,0,0,0,0,1,0
FD,SRN,54.129944,45.214389,0,SRN,0.0,11.1,48.0,11.1,2,2500,0,0,0,0,0,0
CF,FD20,54.212283,45.320306,1,SRN,25.0,6.2,205.0,5.0,1,2500,0,0,0,0,0,0

APPTR,D20,20,SRN3
IF,SRN,54.129944,45.214389, ,0.0,0.0,2,5000,0,0,0,0,1,0
FD,SRN,54.129944,45.214389,0,SRN,0.0,11.1,34.0,11.1,2,2500,0,0,0,0,0,0
CF,FD20,54.212283,45.320306,1,SRN,25.0,6.2,205.0,5.0,1,2500,0,0,0,0,0,0

APPTR,D20,20,SRN4
IF,SRN,54.129944,45.214389, ,0.0,0.0,2,5000,0,0,0,0,1,0
FD,SRN,54.129944,45.214389,0,SRN,0.0,11.1,32.0,11.1,2,2500,0,0,0,0,0,0
CF,FD20,54.212283,45.320306,1,SRN,25.0,6.2,205.0,5.0,1,2500,0,0,0,0,0,0

FINAL,D20,20,D,3
IF,FD20,54.212283,45.320306,SRN,25.0,6.2,1,2500,0,0,0,0,2,0
CF,24VOR,54.161828,45.255339,0,SRN,25.0,2.4,205.0,3.8,1,1300,0,0,0,0,0,0
CF,RW20,54.135800,45.224342,0,SRN,32.9,0.5,205.0,1.9,1,702,0,0,0,0,3,0
FD,RW20,54.135800,45.224342,0,SRN,32.9,6.5,205.0,6.5,0,0,0,1,245,0,0,0
DF,SRN,54.129944,45.214389,2, ,0.0,0.0,2,2500,0,0,0,0,0,0

APPTR,I20-Y,20,SRN1
IF,SRN,54.129944,45.214389, ,0.0,0.0,2,5000,0,0,0,0,1,0
FD,SRN,54.129944,45.214389,0,SRN,0.0,11.1,46.0,11.1,2,2500,0,0,0,0,0,0
CF,CF20,54.242158,45.342142,1,IGE,20.9,9.5,201.0,3.0,2,2500,0,0,0,0,0,0

APPTR,I20-Y,20,SRN2
IF,SRN,54.129944,45.214389, ,0.0,0.0,2,5000,0,0,0,0,1,0
FD,SRN,54.129944,45.214389,0,SRN,0.0,11.1,44.0,11.1,2,2500,0,0,0,0,0,0
CF,CF20,54.242158,45.342142,1,IGE,20.9,9.5,201.0,3.0,2,2500,0,0,0,0,0,0

APPTR,I20-Y,20,SRN3
IF,SRN,54.129944,45.214389, ,0.0,0.0,2,5000,0,0,0,0,1,0
FD,SRN,54.129944,45.214389,0,SRN,0.0,11.1,30.0,11.1,2,2500,0,0,0,0,0,0
CF,CF20,54.242158,45.342142,1,IGE,20.9,9.5,201.0,3.0,2,2500,0,0,0,0,0,0

APPTR,I20-Y,20,SRN4
IF,SRN,54.129944,45.214389, ,0.0,0.0,2,5000,0,0,0,0,1,0
FD,SRN,54.129944,45.214389,0,SRN,0.0,11.1,28.0,11.1,2,2500,0,0,0,0,0,0
CF,CF20,54.242158,45.342142,1,IGE,20.9,9.5,201.0,3.0,2,2500,0,0,0,0,0,0

FINAL,I20-Y,20,I,3
IF,CF20,54.242158,45.342142,IGE,20.9,9.5,2,2500,0,0,0,0,0,0
CF,FF20,54.214681,45.311639,0,IGE,20.9,7.6,201.0,2.0,1,2500,0,0,0,0,2,0
CF,RW20,54.135800,45.224342,0,IGE,20.9,1.9,201.0,5.7,1,702,0,0,0,0,3,0
CD, ,0,0,0,SRN,0,0.0,201.0,6.5,0,0,0,1,245,0,0,0
DF,SRN,54.129944,45.214389,2, ,0.0,0.0,2,2500,0,0,0,0,0,0

APPTR,I20-Z,20,PS011
IF,PS011,54.402306,45.393806, ,0.0,0.0,2,5000,0,0,0,0,1,0
TF,PS010,54.302028,45.408806,0,IGE,0.0,0.0,0.0,0.0,2,2500,0,1,245,0,1,0

APPTR,I20-Z,20,PS012
IF,PS012,54.241972,45.565778, ,0.0,0.0,2,3000,0,0,0,0,1,0
TF,PS010,54.302028,45.408806,0,IGE,0.0,0.0,0.0,0.0,2,2500,0,1,245,0,1,0

FINAL,I20-Z,20,I,3
IF,PS010,54.302028,45.408806,IGE,20.9,13.8,2,2500,0,1,245,0,0,0
CF,FF20,54.214681,45.311639,0,IGE,20.9,7.6,201.0,6.3,1,2500,0,0,0,0,2,0
CF,RW20,54.135800,45.224342,0,IGE,20.9,1.9,201.0,5.7,1,702,0,0,0,0,3,0
CA,0,201.0,2,1400,0,1,245,0,0,0
DF,PS013,54.159139,45.473306,1, ,0.0,0.0,0,0,0,0,0,0,0,0
TF,PS012,54.241972,45.565778,0, ,0.0,0.0,0.0,0.0,2,3000,0,0,0,0,0,0

APPTR,N20-Y,20,G1
IF,G,54.143056,45.232361, ,0.0,0.0,2,5000,0,1,245,0,1,0
FC,G,54.143056,45.232361,0,SRN,0.0,0.0,50.0,8.2,2,2300,0,0,0,0,0,1
CF,FN20Y,54.205831,45.301925,1,SRN,22.1,5.5,201.0,3.0,2,2300,0,0,0,0,0,0

APPTR,N20-Y,20,G2
IF,G,54.143056,45.232361, ,0.0,0.0,2,5000,0,1,245,0,1,0
FC,G,54.143056,45.232361,0,SRN,0.0,0.0,33.0,8.2,2,2300,0,0,0,0,0,1
CF,FN20Y,54.205831,45.301925,1,SRN,22.1,5.5,201.0,3.0,2,2300,0,0,0,0,0,0

FINAL,N20-Y,20,N,2
IF,FN20Y,54.205831,45.301925,G,0.0,0.0,2,2300,0,0,0,0,2,0
CF,G,54.143056,45.232361,0,G,0.0,0.0,201.0,4.5,1,868,0,0,0,0,3,0
CA,0,201.0,2,1700,0,0,0,0,0,0
DF,G,54.143056,45.232361,2, ,0.0,0.0,2,2300,0,0,0,0,0,0

APPTR,Q02,02,G1
IF,G,54.143056,45.232361, ,0.0,0.0,2,5000,0,0,0,0,1,0
CD, ,0,0,0,SRN,0,0.0,223.0,11.6,2,2500,0,0,0,0,0,0
CF,FF02,54.038186,45.117019,1,SRN,200.0,6.5,21.0,5.0,1,2500,0,0,0,0,0,0

APPTR,Q02,02,G2
IF,G,54.143056,45.232361, ,0.0,0.0,2,5000,0,0,0,0,1,0
CD, ,0,0,0,SRN,0,0.0,222.0,11.6,2,2500,0,0,0,0,0,0
CF,FF02,54.038186,45.117019,1,SRN,200.0,6.5,21.0,5.0,1,2500,0,0,0,0,0,0

APPTR,Q02,02,G3
IF,G,54.143056,45.232361, ,0.0,0.0,2,5000,0,0,0,0,1,0
CD, ,0,0,0,SRN,0,0.0,209.0,11.6,2,2500,0,0,0,0,0,0
CF,FF02,54.038186,45.117019,1,SRN,200.0,6.5,21.0,5.0,1,2500,0,0,0,0,0,0

APPTR,Q02,02,G4
IF,G,54.143056,45.232361, ,0.0,0.0,2,5000,0,0,0,0,1,0
CD, ,0,0,0,SRN,0,0.0,207.0,11.6,2,2500,0,0,0,0,0,0
CF,FF02,54.038186,45.117019,1,SRN,200.0,6.5,21.0,5.0,1,2500,0,0,0,0,0,0

FINAL,Q02,02,N,3
IF,FF02,54.038186,45.117019,G,0.0,0.0,1,2500,0,0,0,0,2,0
CF,25DME,54.094144,45.178336,0,G,0.0,0.0,21.0,4.0,1,1220,0,0,0,0,0,0
CF,RW02,54.114678,45.201031,0,SRN,0.0,1.0,21.0,1.5,1,759,0,0,0,0,3,0
CF,G,54.143056,45.232361,0,SRN,26.8,1.0,21.0,2.0,0,0,0,0,0,0,0,1
CD, ,0,0,0,SRN,0,0.0,21.0,5.4,0,0,0,1,245,0,0,0
DF,G,54.143056,45.232361,2, ,0.0,0.0,2,2500,0,0,0,0,0,0

APPTR,Q20-Z,20,G1
IF,G,54.143056,45.232361, ,0.0,0.0,2,5000,0,0,0,0,1,0
FD,G,54.143056,45.232361,0,SRN,26.8,11.1,48.0,11.1,2,2500,0,0,0,0,0,0
CF,FQ20Z,54.215489,45.312650,1,SRN,21.9,6.2,201.0,5.0,1,2500,0,0,0,0,0,0

APPTR,Q20-Z,20,G2
IF,G,54.143056,45.232361, ,0.0,0.0,2,5000,0,0,0,0,1,0
FD,G,54.143056,45.232361,0,SRN,26.8,11.1,46.0,11.1,2,2500,0,0,0,0,0,0
CF,FQ20Z,54.215489,45.312650,1,SRN,21.9,6.2,201.0,5.0,1,2500,0,0,0,0,0,0

APPTR,Q20-Z,20,G3
IF,G,54.143056,45.232361, ,0.0,0.0,2,5000,0,0,0,0,1,0
FD,G,54.143056,45.232361,0,SRN,26.8,11.1,30.0,11.1,2,2500,0,0,0,0,0,0
CF,FQ20Z,54.215489,45.312650,1,SRN,21.9,6.2,201.0,5.0,1,2500,0,0,0,0,0,0

APPTR,Q20-Z,20,G4
IF,G,54.143056,45.232361, ,0.0,0.0,2,5000,0,0,0,0,1,0
FD,G,54.143056,45.232361,0,SRN,26.8,11.1,28.0,11.1,2,2500,0,0,0,0,0,0
CF,FQ20Z,54.215489,45.312650,1,SRN,21.9,6.2,201.0,5.0,1,2500,0,0,0,0,0,0

FINAL,Q20-Z,20,N,3
IF,FQ20Z,54.215489,45.312650,G,0.0,0.0,1,2500,0,0,0,0,2,0
CF,24DME,54.162469,45.253847,0,G,0.0,0.0,201.0,3.8,1,1300,0,0,0,0,0,0
CF,G,54.143056,45.232361,0,SRN,0.0,1.0,201.0,1.4,1,868,0,0,0,0,3,0
FD,G,54.143056,45.232361,0,SRN,26.8,6.5,201.0,6.5,0,0,0,0,0,0,0,0
DF,G,54.143056,45.232361,2, ,0.0,0.0,2,2500,0,0,0,0,0,0

APPTR,R02,02,PS006
IF,PS006,53.894611,45.167472, ,0.0,0.0,2,3000,0,0,0,0,1,0
TF,PS005,53.950528,45.020861,0, ,0.0,0.0,0.0,0.0,2,2500,0,0,0,0,1,0

APPTR,R02,02,PS007
IF,PS007,53.972722,44.854333, ,0.0,0.0,2,4000,0,0,0,0,1,0
TF,PS005,53.950528,45.020861,0, ,0.0,0.0,0.0,0.0,2,2500,0,0,0,0,1,0

FINAL,R02,02,R,4
IF,PS005,53.950528,45.020861, ,0.0,0.0,2,2500,0,0,0,0,0,0
TF,PS004,54.038278,45.116972,0, ,0.0,0.0,21.0,6.3,1,2500,0,0,0,0,2,0
TF,15THR,54.093647,45.177850,0, ,0.0,0.0,21.0,4.0,1,1250,0,0,0,0,0,0
TF,RW02,54.114678,45.201031,0, ,0.0,0.0,21.0,1.5,1,759,0,0,0,0,3,1
CA,0,21.0,2,1400,0,1,215,0,0,0
DF,PS008,53.983667,45.267944,2, ,0.0,0.0,0,0,0,0,0,0,0,0
TF,PS006,53.894611,45.167472,0, ,0.0,0.0,0.0,0.0,2,3000,0,0,0,0,0,0

APPTR,R20,20,PS011
IF,PS011,54.402306,45.393806, ,0.0,0.0,2,5000,0,0,0,0,1,0
TF,PS010,54.302028,45.408806,0, ,0.0,0.0,0.0,0.0,2,2500,0,1,220,0,1,0

APPTR,R20,20,PS012
IF,PS012,54.241972,45.565778, ,0.0,0.0,2,3000,0,0,0,0,1,0
TF,PS010,54.302028,45.408806,0, ,0.0,0.0,0.0,0.0,2,2500,0,1,220,0,1,0

FINAL,R20,20,R,4
IF,PS010,54.302028,45.408806, ,0.0,0.0,2,2500,0,1,220,0,0,0
TF,PS009,54.214694,45.311667,0, ,0.0,0.0,201.0,6.3,1,2500,0,0,0,0,2,0
TF,25THR,54.170442,45.262633,0, ,0.0,0.0,201.0,3.2,1,1500,0,0,0,0,0,0
TF,RW20,54.135800,45.224342,0, ,0.0,0.0,201.0,2.5,1,702,0,0,0,0,3,1
CA,0,201.0,2,1400,0,1,245,0,0,0
DF,PS013,54.159139,45.473306,1, ,0.0,0.0,0,0,0,0,0,0,0,0
TF,PS012,54.241972,45.565778,0, ,0.0,0.0,0.0,0.0,2,3000,0,0,0,0,0,0

