SID,BEBN1C,08,2
CD, ,0,0,0,RK,0,0.0,81.0,2.8,0,0,0,0,0,0,0,0
CI,0, ,0.0,12.0,0,0,0,0,0,0,0,0
CF,BEBNO,51.931667,46.640833,0,RK,40.8,21.6,41.0,15.0,2,7000,0,0,0,0,0,0

SID,BEBN1D,26,2
CF,D262F,51.715636,46.025869,0,RK,262.1,5.9,261.0,6.0,0,0,0,0,0,0,0,1
DF,RK,51.710472,46.184806,2, ,0.0,0.0,0,0,0,0,0,0,0,1
CI,1, ,0.0,12.0,0,0,0,0,0,0,0,0
CF,BEBNO,51.931667,46.640833,0,RK,40.8,21.6,41.0,17.0,2,7000,0,0,0,0,0,0

SID,BEBN1E,08,2
CD, ,0,0,0,RK,0,0.0,81.0,2.8,0,0,0,0,0,0,0,0
CI,0, ,0.0,14.0,0,0,0,0,0,0,0,0
CF,BEBNO,51.931667,46.640833,0,RK,40.8,21.6,44.0,13.0,2,7000,0,0,0,0,0,0

SID,BEBN1F,26,2
CF,D262F,51.715636,46.025869,0,RK,262.1,5.9,261.0,6.0,0,0,0,0,0,0,0,1
DF,GR,51.713333,46.140417,2, ,0.0,0.0,0,0,0,0,0,0,0,1
CI,1, ,0.0,14.0,0,0,0,0,0,0,0,0
CF,BEBNO,51.931667,46.640833,0,RK,40.8,21.6,44.0,18.0,2,7000,0,0,0,0,0,0

SID,BEBN1J,08,5
CF,SG108,51.709081,46.321922,0,RK,79.9,5.1,81.0,5.0,0,0,0,1,250,0,0,0
TF,SG308,51.833828,46.500108,0, ,0.0,0.0,0.0,0.0,0,0,0,1,250,0,0,0
TF,BEBNO,51.931667,46.640833,0, ,0.0,0.0,0.0,0.0,2,7000,0,1,250,0,0,0

SID,BEBN1K,26,5
CF,SG126,51.716353,46.003747,0,RK,262.1,6.8,261.0,6.0,0,0,0,1,250,0,0,0
TF,SG226,51.823408,46.009728,0, ,0.0,0.0,0.0,0.0,0,0,0,1,250,0,0,0
TF,SG326,51.817842,46.256622,0, ,0.0,0.0,0.0,0.0,0,0,0,1,250,0,0,0
TF,MAKEM,51.814444,46.396944,0, ,0.0,0.0,0.0,0.0,0,0,0,1,250,0,0,0
TF,BEBNO,51.931667,46.640833,0, ,0.0,0.0,0.0,0.0,2,7000,0,1,250,0,0,0

SID,EPIK1C,08,2
CD, ,0,0,0,RK,0,0.0,81.0,2.8,0,0,0,0,0,0,0,0
CI,1, ,0.0,290.0,0,0,0,0,0,0,0,0
CF,EPIKI,52.011111,46.175000,0,RK,347.9,18.1,348.0,13.0,2,6000,0,0,0,0,0,0

SID,EPIK1D,26,2
CF,D262F,51.715636,46.025869,0,RK,262.1,5.9,261.0,6.0,0,0,0,0,0,0,0,1
CI,2, ,0.0,50.0,0,0,0,0,0,0,0,0
CF,EPIKI,52.011111,46.175000,0,RK,347.9,18.1,348.0,11.0,2,6000,0,0,0,0,0,0

SID,EPIK1E,08,2
CD, ,0,0,0,RK,0,0.0,81.0,2.8,0,0,0,0,0,0,0,0
CI,1, ,0.0,280.0,0,0,0,0,0,0,0,0
CF,EPIKI,52.011111,46.175000,0,RK,347.9,18.1,354.0,13.0,2,6000,0,0,0,0,0,0

SID,EPIK1F,26,2
CF,D263C,51.714239,46.093856,0,RK,262.9,3.4,261.0,3.0,0,0,0,0,0,0,0,1
CI,2, ,0.0,45.0,0,0,0,0,0,0,0,0
CF,EPIKI,52.011111,46.175000,0,RK,347.9,18.1,354.0,13.0,2,6000,0,0,0,0,0,0

SID,EPIK1J,08,5
CF,SG108,51.709081,46.321922,0,RK,79.9,5.1,81.0,5.0,0,0,0,1,250,0,0,0
TF,MAKEM,51.814444,46.396944,0, ,0.0,0.0,0.0,0.0,0,0,0,1,250,0,0,0
TF,EPIKI,52.011111,46.175000,0, ,0.0,0.0,0.0,0.0,2,6000,0,1,250,0,0,0

SID,EPIK1K,26,5
CF,SG126,51.716353,46.003747,0,RK,262.1,6.8,261.0,6.0,0,0,0,1,250,0,0,0
TF,SG226,51.823408,46.009728,0, ,0.0,0.0,0.0,0.0,0,0,0,1,250,0,0,0
TF,EPIKI,52.011111,46.175000,0, ,0.0,0.0,0.0,0.0,2,6000,0,1,250,0,0,0

SID,KR1C,08,2
CD, ,0,0,0,RK,0,0.0,81.0,4.9,0,0,0,0,0,0,0,0
DF,RK,51.710472,46.184806,1, ,0.0,0.0,2,5000,0,0,0,0,0,0
TF,DAFOS,51.562778,46.046111,0, ,0.0,0.0,0.0,0.0,2,7000,0,0,0,0,0,0
TF,KR,51.031389,45.644444,0, ,0.0,0.0,0.0,0.0,2,7000,0,0,0,0,0,0

SID,KR1D,26,2
CF,D262F,51.715636,46.025869,0,RK,262.1,5.9,261.0,6.0,0,0,0,0,0,0,0,1
DF,RK,51.710472,46.184806,2, ,0.0,0.0,2,5000,0,0,0,0,0,1
VI,2, ,0.0,230.0,0,0,0,0,0,0,0,0
CF,DAFOS,51.562778,46.046111,0,RK,199.4,10.3,200.0,6.0,2,7000,0,0,0,0,0,0
TF,KR,51.031389,45.644444,0, ,0.0,0.0,0.0,0.0,2,7000,0,0,0,0,0,0

SID,KR1E,08,2
CD, ,0,0,0,RK,0,0.0,81.0,2.8,0,0,0,0,0,0,0,0
DF,GR,51.713333,46.140417,1, ,0.0,0.0,2,5000,0,0,0,0,0,0
TF,DAFOS,51.562778,46.046111,0, ,0.0,0.0,0.0,0.0,2,7000,0,0,0,0,0,0
TF,KR,51.031389,45.644444,0, ,0.0,0.0,0.0,0.0,2,7000,0,0,0,0,0,0

SID,KR1F,26,2
CF,D262F,51.715636,46.025869,0,RK,262.1,5.9,261.0,6.0,0,0,0,0,0,0,0,1
DF,GR,51.713333,46.140417,2, ,0.0,0.0,2,5000,0,0,0,0,0,1
CI,0, ,0.0,221.0,0,0,0,0,0,0,0,0
CF,DAFOS,51.562778,46.046111,0,RK,199.4,10.3,191.0,7.0,2,7000,0,0,0,0,0,0
TF,KR,51.031389,45.644444,0, ,0.0,0.0,0.0,0.0,2,7000,0,0,0,0,0,0

SID,KR1J,08,5
CF,SG108,51.709081,46.321922,0,RK,79.9,5.1,81.0,5.0,0,0,0,1,250,0,0,0
TF,MAKEM,51.814444,46.396944,0, ,0.0,0.0,0.0,0.0,0,0,0,1,250,0,0,0
TF,SG208,51.818428,46.193964,0, ,0.0,0.0,0.0,0.0,0,0,0,1,250,0,0,0
TF,DAFOS,51.562778,46.046111,0, ,0.0,0.0,0.0,0.0,2,7000,0,1,250,0,0,0
TF,KR,51.031389,45.644444,0, ,0.0,0.0,0.0,0.0,2,7000,0,1,250,0,0,0

SID,KR1K,26,5
CF,SG126,51.716353,46.003747,0,RK,262.1,6.8,261.0,6.0,0,0,0,1,250,0,0,0
TF,SG226,51.823408,46.009728,0, ,0.0,0.0,0.0,0.0,0,0,0,1,250,0,0,0
TF,SG326,51.817842,46.256622,0, ,0.0,0.0,0.0,0.0,0,0,0,1,250,0,0,0
TF,SG426,51.675581,46.138800,0, ,0.0,0.0,0.0,0.0,0,0,0,1,250,0,0,0
TF,DAFOS,51.562778,46.046111,0, ,0.0,0.0,0.0,0.0,2,7000,0,1,250,0,0,0
TF,KR,51.031389,45.644444,0, ,0.0,0.0,0.0,0.0,2,7000,0,1,250,0,0,0

SID,KR1W,08,2
CD, ,0,0,0,RK,0,0.0,81.0,2.8,0,0,0,1,205,0,0,0
CR,2,RK,200.0,260.0,0,0,0,0,0,0,0,0
CF,DAFOS,51.562778,46.046111,0,RK,199.4,10.3,200.0,7.0,2,7000,0,0,0,0,0,0
TF,KR,51.031389,45.644444,0, ,0.0,0.0,0.0,0.0,2,7000,0,0,0,0,0,0

SID,KR1X,26,2
CF,D262F,51.715636,46.025869,0,RK,262.1,5.9,261.0,6.0,0,0,0,1,215,0,0,1
CR,1,RK,200.0,130.0,0,0,0,0,0,0,0,0
CF,KR,51.031389,45.644444,2,RK,195.7,45.6,195.0,35.0,2,7000,0,0,0,0,0,0

SID,KR1Y,08,2
CD, ,0,0,0,RK,0,0.0,81.0,2.8,0,0,0,1,205,0,0,0
CI,2, ,0.0,260.0,0,0,0,0,0,0,0,0
CF,DAFOS,51.562778,46.046111,0,RK,199.4,10.3,191.0,7.0,2,7000,0,0,0,0,0,0
TF,KR,51.031389,45.644444,0, ,0.0,0.0,0.0,0.0,2,7000,0,0,0,0,0,0

SID,KR1Z,26,2
CF,D262F,51.715636,46.025869,0,RK,262.1,5.9,261.0,6.0,0,0,0,1,215,0,0,1
CI,1, ,0.0,130.0,0,0,0,0,0,0,0,0
CF,KR,51.031389,45.644444,0,RK,195.7,45.6,195.0,39.0,2,7000,0,0,0,0,0,0

SID,LUTI1C,08,2
CD, ,0,0,0,RK,0,0.0,81.0,4.9,0,0,0,0,0,0,0,0
DF,RK,51.710472,46.184806,1, ,0.0,0.0,0,0,0,0,0,0,0,1
CI,0, ,0.0,306.0,0,0,0,0,0,0,0,0
CF,LUTIS,51.789444,45.759722,0,RK,275.8,16.6,276.0,14.0,2,8000,0,0,0,0,0,0

SID,LUTI1D,26,2
CF,D263C,51.714239,46.093856,0,RK,262.9,3.4,261.0,3.0,0,0,0,0,0,0,0,1
CF,LUTIS,51.789444,45.759722,0,RK,275.8,16.6,276.0,12.0,2,8000,0,0,0,0,0,0

SID,LUTI1E,08,2
CD, ,0,0,0,RK,0,0.0,81.0,2.8,0,0,0,0,0,0,0,0
DF,GR,51.713333,46.140417,1, ,0.0,0.0,0,0,0,0,0,0,0,1
CI,2, ,0.0,306.0,0,0,0,0,0,0,0,0
CF,LUTIS,51.789444,45.759722,0,RK,275.8,16.6,277.0,12.0,2,8000,0,0,0,0,0,0

SID,LUTI1F,26,2
CF,D263C,51.714239,46.093856,0,RK,262.9,3.4,261.0,3.0,0,0,0,0,0,0,0,1
CF,LUTIS,51.789444,45.759722,0,RK,275.8,16.6,277.0,13.0,2,8000,0,0,0,0,0,0

SID,LUTI1J,08,5
CF,SG108,51.709081,46.321922,0,RK,79.9,5.1,81.0,5.0,0,0,0,1,250,0,0,0
TF,MAKEM,51.814444,46.396944,0, ,0.0,0.0,0.0,0.0,0,0,0,1,250,0,0,0
TF,SG208,51.818428,46.193964,0, ,0.0,0.0,0.0,0.0,0,0,0,1,250,0,0,0
TF,LUTIS,51.789444,45.759722,0, ,0.0,0.0,0.0,0.0,2,8000,0,1,250,0,0,0

SID,LUTI1K,26,5
CF,SG126,51.716353,46.003747,0,RK,262.1,6.8,261.0,6.0,0,0,0,1,250,0,0,0
TF,SG226,51.823408,46.009728,0, ,0.0,0.0,0.0,0.0,0,0,0,1,250,0,0,0
TF,SG326,51.817842,46.256622,0, ,0.0,0.0,0.0,0.0,0,0,0,1,250,0,0,0
TF,SG426,51.675581,46.138800,0, ,0.0,0.0,0.0,0.0,0,0,0,1,250,0,0,0
TF,LUTIS,51.789444,45.759722,0, ,0.0,0.0,0.0,0.0,2,8000,0,1,250,0,0,0

SID,LUTI1X,26,2
CF,D261G,51.714339,45.999717,0,RK,261.0,6.9,261.0,6.0,0,0,0,0,0,0,0,0
HA,D261G,51.714339,45.999717,2, ,0.0,0.0,261.0,04.3,2,6000,0,1,230,0,0,0,0
CI,0, ,0.0,306.0,0,0,0,0,0,0,0,0
CF,LUTIS,51.789444,45.759722,0,RK,275.8,16.6,276.0,7.0,2,8000,0,0,0,0,0,0

SID,LUTI1Z,26,2
CF,D262F,51.715636,46.025869,0,RK,262.1,5.9,261.0,6.0,0,0,0,1,215,0,0,1
DF,GR,51.713333,46.140417,2, ,0.0,0.0,0,0,0,0,0,0,0,0
TF,D121F,51.645267,46.261808,0, ,0.0,0.0,0.0,0.0,0,0,0,1,215,0,0,1
DF,GR,51.713333,46.140417,1, ,0.0,0.0,0,0,0,0,0,0,0,0
TF,LUTIS,51.789444,45.759722,0, ,0.0,0.0,0.0,0.0,2,8000,0,0,0,0,0,0

SID,OGRE1C,08,2
CD, ,0,0,0,RK,0,0.0,81.0,2.8,0,0,0,0,0,0,0,0
CI,1, ,0.0,330.0,0,0,0,0,0,0,0,0
CF,OGRER,52.011667,46.418333,0,RK,14.6,20.1,15.0,13.0,2,7000,0,0,0,0,0,0

SID,OGRE1D,26,2
CF,D262F,51.715636,46.025869,0,RK,262.1,5.9,261.0,6.0,0,0,0,0,0,0,0,1
DF,RK,51.710472,46.184806,2, ,0.0,0.0,0,0,0,0,0,0,0,1
CI,1, ,0.0,345.0,0,0,0,0,0,0,0,0
CF,OGRER,52.011667,46.418333,0,RK,14.6,20.1,15.0,14.0,2,7000,0,0,0,0,0,0

SID,OGRE1E,08,2
CD, ,0,0,0,RK,0,0.0,81.0,2.8,0,0,0,0,0,0,0,0
CI,1, ,0.0,325.0,0,0,0,0,0,0,0,0
CF,OGRER,52.011667,46.418333,0,RK,14.6,20.1,19.0,13.0,2,7000,0,0,0,0,0,0

SID,OGRE1F,26,2
CF,D263C,51.714239,46.093856,0,RK,262.9,3.4,261.0,3.0,0,0,0,0,0,0,0,1
CI,2, ,0.0,77.0,0,0,0,0,0,0,0,0
CF,OGRER,52.011667,46.418333,0,RK,14.6,20.1,19.0,16.0,2,7000,0,0,0,0,0,0

SID,OGRE1J,08,5
CF,SG108,51.709081,46.321922,0,RK,79.9,5.1,81.0,5.0,0,0,0,1,250,0,0,0
TF,MAKEM,51.814444,46.396944,0, ,0.0,0.0,0.0,0.0,0,0,0,1,250,0,0,0
TF,OGRER,52.011667,46.418333,0, ,0.0,0.0,0.0,0.0,2,7000,0,1,250,0,0,0

SID,OGRE1K,26,5
CF,SG126,51.716353,46.003747,0,RK,262.1,6.8,261.0,6.0,0,0,0,1,250,0,0,0
TF,SG226,51.823408,46.009728,0, ,0.0,0.0,0.0,0.0,0,0,0,1,250,0,0,0
TF,OGRER,52.011667,46.418333,0, ,0.0,0.0,0.0,0.0,2,7000,0,1,250,0,0,0

SID,OKLA1C,08,2
CD, ,0,0,0,RK,0,0.0,81.0,2.8,0,0,0,0,0,0,0,0
VI,0, ,0.0,38.0,0,0,0,0,0,0,0,0
CF,OKLAL,51.798889,46.927222,0,RK,67.9,28.2,68.0,24.0,2,6000,0,0,0,0,0,0

SID,OKLA1D,26,2
CF,D262F,51.715636,46.025869,0,RK,262.1,5.9,261.0,6.0,0,0,0,0,0,0,0,1
DF,RK,51.710472,46.184806,2, ,0.0,0.0,0,0,0,0,0,0,0,1
VI,0, ,0.0,38.0,0,0,0,0,0,0,0,0
CF,OKLAL,51.798889,46.927222,0,RK,67.9,28.2,68.0,26.0,2,6000,0,0,0,0,0,0

SID,OKLA1E,08,2
CD, ,0,0,0,RK,0,0.0,81.0,2.8,0,0,0,0,0,0,0,0
VI,0, ,0.0,39.0,0,0,0,0,0,0,0,0
CF,OKLAL,51.798889,46.927222,0,RK,67.9,28.2,69.0,23.0,2,6000,0,0,0,0,0,0

SID,OKLA1F,26,2
CF,D262F,51.715636,46.025869,0,RK,262.1,5.9,261.0,6.0,0,0,0,0,0,0,0,1
DF,GR,51.713333,46.140417,2, ,0.0,0.0,0,0,0,0,0,0,0,1
VI,1, ,0.0,39.0,0,0,0,0,0,0,0,0
CF,OKLAL,51.798889,46.927222,0,RK,67.9,28.2,69.0,26.0,2,6000,0,0,0,0,0,0

SID,OKLA1J,08,5
CF,SG108,51.709081,46.321922,0,RK,79.9,5.1,81.0,5.0,0,0,0,1,250,0,0,0
TF,OKLAL,51.798889,46.927222,0, ,0.0,0.0,0.0,0.0,2,6000,0,1,250,0,0,0

SID,OKLA1K,26,5
CF,SG126,51.716353,46.003747,0,RK,262.1,6.8,261.0,6.0,0,0,0,1,250,0,0,0
TF,SG226,51.823408,46.009728,0, ,0.0,0.0,0.0,0.0,0,0,0,1,250,0,0,0
TF,SG326,51.817842,46.256622,0, ,0.0,0.0,0.0,0.0,0,0,0,1,250,0,0,0
TF,MAKEM,51.814444,46.396944,0, ,0.0,0.0,0.0,0.0,0,0,0,1,250,0,0,0
TF,OKLAL,51.798889,46.927222,0, ,0.0,0.0,0.0,0.0,2,6000,0,1,250,0,0,0

SID,SOKU1C,08,2
CD, ,0,0,0,RK,0,0.0,81.0,4.9,0,0,0,0,0,0,0,0
DF,RK,51.710472,46.184806,1, ,0.0,0.0,0,0,0,0,0,0,0,1
CI,2, ,0.0,336.0,0,0,0,0,0,0,0,0
CF,SOKUR,51.981667,45.776667,0,RK,306.2,22.3,307.0,18.0,2,6000,0,0,0,0,0,0

SID,SOKU1D,26,2
CF,D263C,51.714239,46.093856,0,RK,262.9,3.4,261.0,3.0,0,0,0,0,0,0,0,1
CI,0, ,0.0,336.0,0,0,0,0,0,0,0,0
CF,SOKUR,51.981667,45.776667,0,RK,306.2,22.3,307.0,15.0,2,6000,0,0,0,0,0,0

SID,SOKU1E,08,2
CD, ,0,0,0,RK,0,0.0,81.0,2.8,0,0,0,0,0,0,0,0
DF,GR,51.713333,46.140417,1, ,0.0,0.0,0,0,0,0,0,0,0,1
CI,2, ,0.0,336.0,0,0,0,0,0,0,0,0
CF,SOKUR,51.981667,45.776667,0,RK,306.2,22.3,310.0,16.0,2,6000,0,0,0,0,0,0

SID,SOKU1F,26,2
CF,D263C,51.714239,46.093856,0,RK,262.9,3.4,261.0,3.0,0,0,0,0,0,0,0,1
CI,0, ,0.0,339.0,0,0,0,0,0,0,0,0
CF,SOKUR,51.981667,45.776667,0,RK,306.2,22.3,310.0,16.0,2,6000,0,0,0,0,0,0

SID,SOKU1J,08,5
CF,SG108,51.709081,46.321922,0,RK,79.9,5.1,81.0,5.0,0,0,0,1,250,0,0,0
TF,MAKEM,51.814444,46.396944,0, ,0.0,0.0,0.0,0.0,0,0,0,1,250,0,0,0
TF,SOKUR,51.981667,45.776667,0, ,0.0,0.0,0.0,0.0,2,6000,0,1,250,0,0,0

SID,SOKU1K,26,5
CF,SG126,51.716353,46.003747,0,RK,262.1,6.8,261.0,6.0,0,0,0,1,250,0,0,0
TF,SOKUR,51.981667,45.776667,0, ,0.0,0.0,0.0,0.0,2,6000,0,1,250,0,0,0

SID,TIBD1C,08,2
CD, ,0,0,0,RK,0,0.0,81.0,2.8,0,0,0,0,0,0,0,0
CI,0, ,0.0,24.0,0,0,0,0,0,0,0,0
CF,TIBDO,51.884167,46.769722,0,RK,53.2,24.2,54.0,18.0,2,6000,0,0,0,0,0,0

SID,TIBD1D,26,2
CF,D262F,51.715636,46.025869,0,RK,262.1,5.9,261.0,6.0,0,0,0,0,0,0,0,1
DF,RK,51.710472,46.184806,2, ,0.0,0.0,0,0,0,0,0,0,0,1
CI,1, ,0.0,24.0,0,0,0,0,0,0,0,0
CF,TIBDO,51.884167,46.769722,0,RK,53.2,24.2,54.0,21.0,2,6000,0,0,0,0,0,0

SID,TIBD1E,08,2
CD, ,0,0,0,RK,0,0.0,81.0,2.8,0,0,0,0,0,0,0,0
CI,0, ,0.0,26.0,0,0,0,0,0,0,0,0
CF,TIBDO,51.884167,46.769722,0,RK,53.2,24.2,56.0,17.0,2,6000,0,0,0,0,0,0

SID,TIBD1F,26,2
CF,D262F,51.715636,46.025869,0,RK,262.1,5.9,261.0,6.0,0,0,0,0,0,0,0,1
DF,GR,51.713333,46.140417,2, ,0.0,0.0,0,0,0,0,0,0,0,1
CI,1, ,0.0,26.0,0,0,0,0,0,0,0,0
CF,TIBDO,51.884167,46.769722,0,RK,53.2,24.2,56.0,21.0,2,6000,0,0,0,0,0,0

SID,TIBD1J,08,5
CF,SG108,51.709081,46.321922,0,RK,79.9,5.1,81.0,5.0,0,0,0,1,250,0,0,0
TF,SG308,51.833828,46.500108,0, ,0.0,0.0,0.0,0.0,0,0,0,1,250,0,0,0
TF,TIBDO,51.884167,46.769722,0, ,0.0,0.0,0.0,0.0,2,6000,0,1,250,0,0,0

SID,TIBD1K,26,5
CF,SG126,51.716353,46.003747,0,RK,262.1,6.8,261.0,6.0,0,0,0,1,250,0,0,0
TF,SG226,51.823408,46.009728,0, ,0.0,0.0,0.0,0.0,0,0,0,1,250,0,0,0
TF,SG326,51.817842,46.256622,0, ,0.0,0.0,0.0,0.0,0,0,0,1,250,0,0,0
TF,MAKEM,51.814444,46.396944,0, ,0.0,0.0,0.0,0.0,0,0,0,1,250,0,0,0
TF,TIBDO,51.884167,46.769722,0, ,0.0,0.0,0.0,0.0,2,6000,0,1,250,0,0,0

STAR,EPIK1A,ALL,2
IF,EPIKI,52.011111,46.175000, ,0.0,0.0,2,6000,0,0,0,0,0,0
TF,RK,51.710472,46.184806,0, ,0.0,0.0,0.0,0.0,2,5000,0,0,0,0,0,0

STAR,EPIK1B,ALL,2
IF,EPIKI,52.011111,46.175000, ,0.0,0.0,2,6000,0,0,0,0,0,0
TF,GR,51.713333,46.140417,0, ,0.0,0.0,0.0,0.0,2,5000,0,0,0,0,0,0

STAR,EPIK1G,08,5
IF,EPIKI,52.011111,46.175000, ,0.0,0.0,2,6000,0,1,250,0,0,0
TF,SG083,51.826558,45.858928,0, ,0.0,0.0,0.0,0.0,2,3000,0,1,250,0,0,0

STAR,EPIK1H,26,5
IF,EPIKI,52.011111,46.175000, ,0.0,0.0,2,6000,0,1,250,0,0,0
TF,SG266,51.863119,46.246569,0, ,0.0,0.0,0.0,0.0,0,0,0,1,250,0,0,0
TF,SG264,51.831356,46.370817,0, ,0.0,0.0,0.0,0.0,0,0,0,1,250,0,0,0
TF,SG263,51.799464,46.494886,0, ,0.0,0.0,0.0,0.0,2,3000,0,1,250,0,0,0

STAR,KR1A,ALL,2
IF,KR,51.031389,45.644444, ,0.0,0.0,2,7000,0,0,0,0,0,0
TF,DAFOS,51.562778,46.046111,0, ,0.0,0.0,0.0,0.0,2,7000,0,0,0,0,0,0
TF,RK,51.710472,46.184806,0, ,0.0,0.0,0.0,0.0,2,5000,0,0,0,0,0,0

STAR,KR1B,ALL,2
IF,KR,51.031389,45.644444, ,0.0,0.0,2,7000,0,0,0,0,0,0
TF,DAFOS,51.562778,46.046111,0, ,0.0,0.0,0.0,0.0,2,7000,0,0,0,0,0,0
TF,GR,51.713333,46.140417,0, ,0.0,0.0,0.0,0.0,2,5000,0,0,0,0,0,0

STAR,KR1G,08,5
IF,KR,51.031389,45.644444, ,0.0,0.0,2,7000,0,1,250,0,0,0
TF,DAFOS,51.562778,46.046111,0, ,0.0,0.0,0.0,0.0,2,7000,0,1,250,0,0,0
TF,SG086,51.715336,46.050583,0, ,0.0,0.0,0.0,0.0,2,5000,0,1,250,0,0,0
TF,SG084,51.823756,45.993789,0, ,0.0,0.0,0.0,0.0,0,0,0,1,250,0,0,0
TF,SG083,51.826558,45.858928,0, ,0.0,0.0,0.0,0.0,2,3000,0,1,250,0,0,0

STAR,KR1H,26,5
IF,KR,51.031389,45.644444, ,0.0,0.0,2,7000,0,1,250,0,0,0
TF,DAFOS,51.562778,46.046111,0, ,0.0,0.0,0.0,0.0,2,7000,0,1,250,0,0,0
TF,SG269,51.711039,46.239836,0, ,0.0,0.0,0.0,0.0,2,5000,0,1,250,0,0,0
TF,SG267,51.802828,46.360722,0, ,0.0,0.0,0.0,0.0,0,0,0,1,250,0,0,0
TF,SG263,51.799464,46.494886,0, ,0.0,0.0,0.0,0.0,2,3000,0,1,250,0,0,0

STAR,OGRE1A,ALL,2
IF,OGRER,52.011667,46.418333, ,0.0,0.0,2,7000,0,0,0,0,0,0
TF,RK,51.710472,46.184806,0, ,0.0,0.0,0.0,0.0,2,5000,0,0,0,0,0,0

STAR,OGRE1B,ALL,2
IF,OGRER,52.011667,46.418333, ,0.0,0.0,2,7000,0,0,0,0,0,0
TF,GR,51.713333,46.140417,0, ,0.0,0.0,0.0,0.0,2,5000,0,0,0,0,0,0

STAR,OGRE1G,08,5
IF,OGRER,52.011667,46.418333, ,0.0,0.0,2,7000,0,1,250,0,0,0
TF,SG087,51.820794,46.128631,0, ,0.0,0.0,0.0,0.0,0,0,0,1,250,0,0,0
TF,SG084,51.823756,45.993789,0, ,0.0,0.0,0.0,0.0,0,0,0,1,250,0,0,0
TF,SG083,51.826558,45.858928,0, ,0.0,0.0,0.0,0.0,2,3000,0,1,250,0,0,0

STAR,OGRE1H,26,5
IF,OGRER,52.011667,46.418333, ,0.0,0.0,2,7000,0,1,250,0,0,0
TF,SG263,51.799464,46.494886,0, ,0.0,0.0,0.0,0.0,2,3000,0,1,250,0,0,0

STAR,OKLA1A,ALL,2
IF,OKLAL,51.798889,46.927222, ,0.0,0.0,2,6000,0,0,0,0,0,0
TF,RK,51.710472,46.184806,0, ,0.0,0.0,0.0,0.0,2,5000,0,0,0,0,0,0

STAR,OKLA1B,ALL,2
IF,OKLAL,51.798889,46.927222, ,0.0,0.0,2,6000,0,0,0,0,0,0
TF,GR,51.713333,46.140417,0, ,0.0,0.0,0.0,0.0,2,5000,0,0,0,0,0,0

STAR,OKLA1G,08,5
IF,OKLAL,51.798889,46.927222, ,0.0,0.0,2,6000,0,1,250,0,0,0
TF,SG088,51.808700,46.597044,0, ,0.0,0.0,0.0,0.0,0,0,0,1,250,0,0,0
TF,MAKEM,51.814444,46.396944,0, ,0.0,0.0,0.0,0.0,0,0,0,1,250,0,0,0
TF,SG087,51.820794,46.128631,0, ,0.0,0.0,0.0,0.0,0,0,0,1,250,0,0,0
TF,SG084,51.823756,45.993789,0, ,0.0,0.0,0.0,0.0,0,0,0,1,250,0,0,0
TF,SG083,51.826558,45.858928,0, ,0.0,0.0,0.0,0.0,2,3000,0,1,250,0,0,0

STAR,OKLA1H,26,5
IF,OKLAL,51.798889,46.927222, ,0.0,0.0,2,6000,0,1,250,0,0,0
TF,SG268,51.735897,46.589583,0, ,0.0,0.0,0.0,0.0,2,3000,0,1,250,0,0,0

STAR,SOKU1A,ALL,2
IF,SOKUR,51.981667,45.776667, ,0.0,0.0,2,6000,0,0,0,0,0,0
TF,RK,51.710472,46.184806,0, ,0.0,0.0,0.0,0.0,2,5000,0,0,0,0,0,0

STAR,SOKU1B,ALL,2
IF,SOKUR,51.981667,45.776667, ,0.0,0.0,2,6000,0,0,0,0,0,0
TF,GR,51.713333,46.140417,0, ,0.0,0.0,0.0,0.0,2,5000,0,0,0,0,0,0

STAR,SOKU1G,08,5
IF,SOKUR,51.981667,45.776667, ,0.0,0.0,2,6000,0,1,250,0,0,0
TF,SG083,51.826558,45.858928,0, ,0.0,0.0,0.0,0.0,2,3000,0,1,250,0,0,0

STAR,SOKU1H,26,5
IF,SOKUR,51.981667,45.776667, ,0.0,0.0,2,6000,0,1,250,0,0,0
TF,SG266,51.863119,46.246569,0, ,0.0,0.0,0.0,0.0,0,0,0,1,250,0,0,0
TF,SG264,51.831356,46.370817,0, ,0.0,0.0,0.0,0.0,0,0,0,1,250,0,0,0
TF,SG263,51.799464,46.494886,0, ,0.0,0.0,0.0,0.0,2,3000,0,1,250,0,0,0

STAR,TIBD1A,ALL,2
IF,TIBDO,51.884167,46.769722, ,0.0,0.0,2,6000,0,0,0,0,0,0
TF,RK,51.710472,46.184806,0, ,0.0,0.0,0.0,0.0,2,5000,0,0,0,0,0,0

STAR,TIBD1B,ALL,2
IF,TIBDO,51.884167,46.769722, ,0.0,0.0,2,6000,0,0,0,0,0,0
TF,GR,51.713333,46.140417,0, ,0.0,0.0,0.0,0.0,2,5000,0,0,0,0,0,0

STAR,TIBD1G,08,5
IF,TIBDO,51.884167,46.769722, ,0.0,0.0,2,6000,0,1,250,0,0,0
TF,SG088,51.808700,46.597044,0, ,0.0,0.0,0.0,0.0,0,0,0,1,250,0,0,0
TF,MAKEM,51.814444,46.396944,0, ,0.0,0.0,0.0,0.0,0,0,0,1,250,0,0,0
TF,SG087,51.820794,46.128631,0, ,0.0,0.0,0.0,0.0,0,0,0,1,250,0,0,0
TF,SG084,51.823756,45.993789,0, ,0.0,0.0,0.0,0.0,0,0,0,1,250,0,0,0
TF,SG083,51.826558,45.858928,0, ,0.0,0.0,0.0,0.0,2,3000,0,1,250,0,0,0

STAR,TIBD1H,26,5
IF,TIBDO,51.884167,46.769722, ,0.0,0.0,2,6000,0,1,250,0,0,0
TF,SG268,51.735897,46.589583,0, ,0.0,0.0,0.0,0.0,2,3000,0,1,250,0,0,0

APPTR,D08,08,RK1
IF,RK,51.710472,46.184806, ,0.0,0.0,2,5000,0,0,0,0,1,0
FD,RK,51.710472,46.184806,0,RK,0.0,11.3,283.0,11.3,2,1900,0,1,220,0,0,0
CF,FD08,51.718500,46.035300,1,RK,264.0,5.6,84.0,6.0,1,1500,0,0,0,0,0,0

APPTR,D08,08,RK2
IF,RK,51.710472,46.184806, ,0.0,0.0,2,5000,0,0,0,0,1,0
FD,RK,51.710472,46.184806,0,RK,0.0,11.3,272.0,11.3,2,1900,0,1,220,0,0,0
CF,FD08,51.718500,46.035300,1,RK,264.0,5.6,84.0,6.0,1,1500,0,0,0,0,0,0

FINAL,D08,08,D,3
IF,FD08,51.718500,46.035300,RK,264.0,5.6,1,1500,0,0,0,0,2,0
CF,35VOR,51.715511,46.091372,0,RK,264.0,3.5,84.0,2.1,1,820,0,0,0,0,0,0
CF,RW08,51.713128,46.149522,0,RK,265.9,1.3,84.0,2.2,1,143,0,0,0,0,3,0
CF,RK,51.710472,46.184806,0,RK,0.0,0.0,84.0,1.3,0,0,0,0,0,0,0,0
FD,RK,51.710472,46.184806,0,RK,0.0,4.5,84.0,4.5,0,0,0,1,220,0,0,0
DF,RK,51.710472,46.184806,1, ,0.0,0.0,2,1500,0,0,0,0,0,0

APPTR,D26,26,OKLAL
IF,OKLAL,51.798889,46.927222, ,0.0,0.0,2,6000,0,0,0,0,1,0
TF,D068Q,51.764536,46.640372,0, ,0.0,0.0,0.0,0.0,0,0,0,0,0,0,0,0
TF,D081N,51.703767,46.549286,0, ,0.0,0.0,0.0,0.0,2,2000,0,0,0,0,1,0
TF,FD26,51.710408,46.305378,0, ,0.0,0.0,0.0,0.0,1,1500,0,0,0,0,0,0

APPTR,D26,26,RK1
IF,RK,51.710472,46.184806, ,0.0,0.0,2,5000,0,0,0,0,1,0
FD,RK,51.710472,46.184806,0,RK,0.0,9.7,57.0,9.7,2,2000,0,1,220,0,0,0
CF,FD26,51.710408,46.305378,2,RK,79.0,4.5,259.0,6.0,1,1500,0,0,0,0,0,0

APPTR,D26,26,RK2
IF,RK,51.710472,46.184806, ,0.0,0.0,2,5000,0,0,0,0,1,0
FD,RK,51.710472,46.184806,0,RK,0.0,9.7,69.0,9.7,2,2000,0,1,220,0,0,0
CF,FD26,51.710408,46.305378,2,RK,79.0,4.5,259.0,6.0,1,1500,0,0,0,0,0,0

APPTR,D26,26,TIBDO
IF,TIBDO,51.884167,46.769722, ,0.0,0.0,2,6000,0,0,0,0,1,0
TF,D053P,51.825144,46.566275,0, ,0.0,0.0,0.0,0.0,0,0,0,0,0,0,0,0
CI,0, ,0.0,233.0,0,0,0,0,0,0,0,0
AF,D081N,51.703767,46.549286,2,RK,80.6,13.6,53.0,2,2000,0,0,0,0,1,0
TF,FD26,51.710408,46.305378,0, ,0.0,0.0,0.0,0.0,1,1500,0,0,0,0,0,0

FINAL,D26,26,D,2
IF,FD26,51.710408,46.305378,RK,79.0,4.5,1,1500,0,0,0,0,2,0
CF,RW26,51.712133,46.192897,0,RK,60.7,0.3,259.0,4.2,1,155,0,0,0,0,3,0
CF,RK,51.710472,46.184806,0,RK,0.0,0.0,259.0,0.3,0,0,0,0,0,0,0,1
FD,RK,51.710472,46.184806,0,RK,0.0,5.9,259.0,5.9,0,0,0,1,230,0,0,0
DF,RK,51.710472,46.184806,2, ,0.0,0.0,2,1500,0,0,0,0,0,0

APPTR,I08-X,08,GR1
IF,GR,51.713333,46.140417, ,0.0,0.0,2,5000,0,0,0,0,1,0
CD, ,0,0,0,RK,0,0.0,283.0,11.3,2,2000,0,1,220,0,0,0
CF,CF08,51.716794,45.982850,1,ITW,261.1,8.1,81.0,4.0,2,1500,0,0,0,0,0,0

APPTR,I08-X,08,GR2
IF,GR,51.713333,46.140417, ,0.0,0.0,2,5000,0,0,0,0,1,0
CD, ,0,0,0,RK,0,0.0,271.0,11.3,2,2000,0,1,220,0,0,0
CF,CF08,51.716794,45.982850,1,ITW,261.1,8.1,81.0,4.0,2,1500,0,0,0,0,0,0

FINAL,I08-X,08,I,3
IF,CF08,51.716794,45.982850,ITW,261.1,8.1,2,1500,0,0,0,0,0,0
CF,FF08,51.715689,46.034272,0,ITW,261.1,6.1,81.0,1.9,1,1500,0,0,0,0,2,0
CF,RW08,51.713128,46.149522,0,ITW,261.1,1.8,81.0,4.3,1,143,0,0,0,0,3,0
CD, ,0,0,0,RK,0,0.0,81.0,4.5,0,0,0,1,220,0,0,0
DF,GR,51.713333,46.140417,1, ,0.0,0.0,2,1500,0,0,0,0,0,0

APPTR,I08-Y,08,RK1
IF,RK,51.710472,46.184806, ,0.0,0.0,2,5000,0,0,0,0,1,0
FD,RK,51.710472,46.184806,0,RK,0.0,11.3,280.0,11.3,2,2000,0,1,220,0,0,0
CF,CF08,51.716794,45.982850,1,ITW,261.1,8.1,81.0,4.0,2,1500,0,0,0,0,0,0

APPTR,I08-Y,08,RK2
IF,RK,51.710472,46.184806, ,0.0,0.0,2,5000,0,0,0,0,1,0
FD,RK,51.710472,46.184806,0,RK,0.0,11.3,269.0,11.3,2,2000,0,1,220,0,0,0
CF,CF08,51.716794,45.982850,1,ITW,261.1,8.1,81.0,4.0,2,1500,0,0,0,0,0,0

FINAL,I08-Y,08,I,3
IF,CF08,51.716794,45.982850,ITW,261.1,8.1,2,1500,0,0,0,0,0,0
CF,FF08,51.715689,46.034272,0,ITW,261.1,6.1,81.0,1.9,1,1500,0,0,0,0,2,0
CF,RW08,51.713128,46.149522,0,ITW,261.1,1.8,81.0,4.3,1,143,0,0,0,0,3,0
CD, ,0,0,0,RK,0,0.0,81.0,4.5,0,0,0,1,220,0,0,0
DF,RK,51.710472,46.184806,1, ,0.0,0.0,2,1500,0,0,0,0,0,0

APPTR,I08-Z,08,SG083
IF,SG083,51.826558,45.858928, ,0.0,0.0,2,3000,0,1,220,0,1,0
TF,SG082,51.718206,45.916042,0,ITW,0.0,0.0,0.0,0.0,2,2000,0,1,220,0,1,0

FINAL,I08-Z,08,I,3
IF,SG082,51.718206,45.916042,ITW,261.1,10.6,2,2000,0,1,220,0,0,0
CF,FF08,51.715689,46.034272,0,ITW,261.1,6.1,81.0,4.4,1,1500,0,0,0,0,2,0
CF,RW08,51.713128,46.149522,0,ITW,261.1,1.8,81.0,4.3,1,143,0,0,0,0,3,0
CA,0,81.0,2,700,0,0,0,0,0,0
DF,SG084,51.823756,45.993789,1, ,0.0,0.0,0,0,0,1,220,0,0,0
TF,SG083,51.826558,45.858928,0, ,0.0,0.0,0.0,0.0,2,3000,0,0,0,0,0,0

APPTR,I26-X,26,GR1
IF,GR,51.713333,46.140417, ,0.0,0.0,2,5000,0,0,0,0,1,0
CD, ,0,0,0,RK,0,0.0,62.0,9.7,0,0,0,1,220,0,0,0
CF,CF26,51.708172,46.358011,2,ITL,81.1,8.0,261.0,4.0,2,1500,0,0,0,0,0,0

APPTR,I26-X,26,GR2
IF,GR,51.713333,46.140417, ,0.0,0.0,2,5000,0,0,0,0,1,0
CD, ,0,0,0,RK,0,0.0,73.0,9.7,0,0,0,1,220,0,0,0
CF,CF26,51.708172,46.358011,2,ITL,81.1,8.0,261.0,4.0,2,1500,0,0,0,0,0,0

FINAL,I26-X,26,I,3
IF,CF26,51.708172,46.358011,ITL,81.1,8.0,2,1500,0,0,0,0,0,0
CF,FF26,51.709450,46.305803,0,ITL,81.1,6.1,261.0,2.0,1,1500,0,0,0,0,2,0
CF,RW26,51.712133,46.192897,0,ITL,81.1,1.9,261.0,4.2,1,155,0,0,0,0,3,0
CD, ,0,0,0,RK,0,0.0,261.0,5.9,0,0,0,1,230,0,0,0
DF,GR,51.713333,46.140417,2, ,0.0,0.0,2,1500,0,0,0,0,0,0

APPTR,I26-Y,26,OKLAL
IF,OKLAL,51.798889,46.927222, ,0.0,0.0,2,6000,0,0,0,0,1,0
TF,D068R,51.766992,46.661467,0, ,0.0,0.0,0.0,0.0,0,0,0,0,0,0,0,0
TF,D081N,51.703767,46.549286,0, ,0.0,0.0,0.0,0.0,2,2000,0,0,0,0,1,0
CF,CF26,51.708172,46.358011,0,ITL,81.1,8.0,261.0,7.1,2,1500,0,0,0,0,0,0

APPTR,I26-Y,26,RK1
IF,RK,51.710472,46.184806, ,0.0,0.0,2,5000,0,0,0,0,1,0
FD,RK,51.710472,46.184806,0,RK,0.0,9.7,59.0,9.7,2,2000,0,1,220,0,0,0
CF,CF26,51.708172,46.358011,2,ITL,81.1,8.0,261.0,4.0,2,1500,0,0,0,0,0,0

APPTR,I26-Y,26,RK2
IF,RK,51.710472,46.184806, ,0.0,0.0,2,5000,0,0,0,0,1,0
FD,RK,51.710472,46.184806,0,RK,0.0,9.7,70.0,9.7,2,2000,0,1,220,0,0,0
CF,CF26,51.708172,46.358011,2,ITL,81.1,8.0,261.0,4.0,2,1500,0,0,0,0,0,0

APPTR,I26-Y,26,TIBDO
IF,TIBDO,51.884167,46.769722, ,0.0,0.0,2,6000,0,0,0,0,1,0
TF,D053P,51.825144,46.566275,0, ,0.0,0.0,0.0,0.0,0,0,0,0,0,0,0,0
VI,0, ,0.0,233.0,0,0,0,0,0,0,0,0
AF,D081N,51.703767,46.549286,2,RK,80.6,13.6,53.0,2,2000,0,0,0,0,1,0
CF,CF26,51.708172,46.358011,0,ITL,81.1,8.0,261.0,7.1,2,1500,0,0,0,0,0,0

FINAL,I26-Y,26,I,3
IF,CF26,51.708172,46.358011,ITL,81.1,8.0,2,1500,0,0,0,0,0,0
CF,FF26,51.709450,46.305803,0,ITL,81.1,6.1,261.0,2.0,1,1500,0,0,0,0,2,0
CF,RW26,51.712133,46.192897,0,ITL,81.1,1.9,261.0,4.2,1,155,0,0,0,0,3,0
CD, ,0,0,0,RK,0,0.0,261.0,5.9,0,0,0,1,230,0,0,0
DF,RK,51.710472,46.184806,2, ,0.0,0.0,2,1500,0,0,0,0,0,0

APPTR,I26-Z,26,SG263
IF,SG263,51.799464,46.494886, ,0.0,0.0,2,3000,0,1,240,0,1,0
TF,SG262,51.706333,46.433211,0,ITL,0.0,0.0,0.0,0.0,2,2000,0,1,240,0,1,0

APPTR,I26-Z,26,SG268
IF,SG268,51.735897,46.589583, ,0.0,0.0,2,3000,0,1,240,0,1,0
TF,SG262,51.706333,46.433211,0,ITL,0.0,0.0,0.0,0.0,2,2000,0,1,240,0,1,0

FINAL,I26-Z,26,I,3
IF,SG262,51.706333,46.433211,ITL,81.1,10.8,2,2000,0,1,240,0,0,0
CF,FF26,51.709450,46.305803,0,ITL,81.1,6.1,261.0,4.8,1,1500,0,0,0,0,2,0
CF,RW26,51.712133,46.192897,0,ITL,81.1,1.9,261.0,4.2,1,155,0,0,0,0,3,0
CA,0,261.0,2,700,0,0,0,0,0,0
DF,SG267,51.802828,46.360722,2, ,0.0,0.0,0,0,0,1,240,0,0,0
TF,SG263,51.799464,46.494886,0, ,0.0,0.0,0.0,0.0,2,3000,0,0,0,0,0,0

APPTR,J08,08,SG083
IF,SG083,51.826558,45.858928, ,0.0,0.0,2,3000,0,1,220,0,1,0
TF,SG082,51.718206,45.916042,0,G08A,0.0,0.0,0.0,0.0,2,2000,0,1,220,0,1,0

FINAL,J08,08,G,3
IF,SG082,51.718206,45.916042,G08A,0.0,0.0,2,2000,0,1,220,0,0,0
TF,SG080,51.715692,46.036161,0,G08A,0.0,0.0,81.0,4.5,1,1500,0,0,0,0,2,0
TF,RW08,51.713128,46.149522,0,G08A,0.0,0.0,81.0,4.2,1,143,0,0,0,0,3,1
CA,0,81.0,2,700,0,1,220,0,0,0
DF,SG084,51.823756,45.993789,1, ,0.0,0.0,0,0,0,1,220,0,0,0
TF,SG083,51.826558,45.858928,0, ,0.0,0.0,0.0,0.0,2,3000,0,1,220,0,0,0

APPTR,J26,26,SG263
IF,SG263,51.799464,46.494886, ,0.0,0.0,2,3000,0,1,240,0,1,0
TF,SG262,51.706333,46.433211,0,G26A,0.0,0.0,0.0,0.0,2,2000,0,1,240,0,1,0

APPTR,J26,26,SG268
IF,SG268,51.735897,46.589583, ,0.0,0.0,2,3000,0,1,240,0,1,0
TF,SG262,51.706333,46.433211,0,G26A,0.0,0.0,0.0,0.0,2,2000,0,1,240,0,1,0

FINAL,J26,26,G,3
IF,SG262,51.706333,46.433211,G26A,0.0,0.0,2,2000,0,1,240,0,0,0
TF,SG260,51.709531,46.304944,0,G26A,0.0,0.0,261.0,4.8,1,1500,0,0,0,0,2,0
TF,RW26,51.712133,46.192897,0,G26A,0.0,0.0,261.0,4.2,1,155,0,0,0,0,3,1
CA,0,261.0,2,700,0,1,240,0,0,0
DF,SG267,51.802828,46.360722,2, ,0.0,0.0,0,0,0,1,240,0,0,0
TF,SG263,51.799464,46.494886,0, ,0.0,0.0,0.0,0.0,2,3000,0,1,240,0,0,0

APPTR,Q08,08,GR1
IF,GR,51.713333,46.140417, ,0.0,0.0,2,5000,0,0,0,0,1,0
FD,GR,51.713333,46.140417,0,RK,264.9,11.3,283.0,11.3,2,2000,0,1,220,0,0,0
CF,FQ08Z,51.715572,46.034972,1,RK,262.2,5.6,81.0,6.0,1,1500,0,0,0,0,0,0

APPTR,Q08,08,GR2
IF,GR,51.713333,46.140417, ,0.0,0.0,2,5000,0,0,0,0,1,0
FD,GR,51.713333,46.140417,0,RK,264.9,11.3,271.0,11.3,2,2000,0,1,220,0,0,0
CF,FQ08Z,51.715572,46.034972,1,RK,262.2,5.6,81.0,6.0,1,1500,0,0,0,0,0,0

FINAL,Q08,08,N,3
IF,FQ08Z,51.715572,46.034972,GR,0.0,0.0,1,1500,0,0,0,0,2,0
CF,35DME,51.714389,46.091233,0,GR,0.0,0.0,81.0,2.1,1,820,0,0,0,0,0,0
CF,GR,51.713333,46.140417,0,RK,0.0,1.7,81.0,1.8,1,252,0,0,0,0,3,0
FD,GR,51.713333,46.140417,0,RK,264.9,4.5,81.0,4.5,0,0,0,1,220,0,0,0
DF,GR,51.713333,46.140417,1, ,0.0,0.0,2,1500,0,0,0,0,0,0

APPTR,Q26,26,GR1
IF,GR,51.713333,46.140417, ,0.0,0.0,2,5000,0,0,0,0,1,0
FD,GR,51.713333,46.140417,0,RK,264.9,9.7,62.0,9.7,0,0,0,1,220,0,0,0
CF,FQ26Z,51.709639,46.305369,2,RK,79.6,4.5,261.0,5.0,1,1500,0,0,0,0,0,0

APPTR,Q26,26,GR2
IF,GR,51.713333,46.140417, ,0.0,0.0,2,5000,0,0,0,0,1,0
FD,GR,51.713333,46.140417,0,RK,264.9,9.7,73.0,9.7,0,0,0,1,220,0,0,0
CF,FQ26Z,51.709639,46.305369,2,RK,79.6,4.5,261.0,5.0,1,1500,0,0,0,0,0,0

FINAL,Q26,26,N,2
IF,FQ26Z,51.709639,46.305369,GR,0.0,0.0,1,1500,0,0,0,0,2,0
CF,RW26,51.712133,46.192897,0,RK,0.0,0.3,261.0,4.2,1,155,0,0,0,0,3,0
FD,RW26,51.712133,46.192897,0,RK,60.7,5.9,261.0,5.9,0,0,0,1,230,0,0,0
DF,GR,51.713333,46.140417,2, ,0.0,0.0,2,1500,0,0,0,0,0,0

APPTR,R08,08,SG083
IF,SG083,51.826558,45.858928, ,0.0,0.0,2,3000,0,1,220,0,1,0
TF,SG082,51.718206,45.916042,0, ,0.0,0.0,0.0,0.0,2,2000,0,1,220,0,1,0

FINAL,R08,08,R,4
IF,SG082,51.718206,45.916042, ,0.0,0.0,2,2000,0,1,220,0,0,0
TF,SG081,51.715739,46.033992,0, ,0.0,0.0,81.0,4.4,1,1500,0,0,0,0,2,0
TF,22THR,51.714472,46.090608,0, ,0.0,0.0,81.0,2.1,1,820,0,0,0,0,0,0
TF,RW08,51.713128,46.149522,0, ,0.0,0.0,81.0,2.2,1,138,0,0,0,0,3,1
CA,0,81.0,2,700,0,1,220,0,0,0
DF,SG084,51.823756,45.993789,1, ,0.0,0.0,0,0,0,1,220,0,0,0
TF,SG083,51.826558,45.858928,0, ,0.0,0.0,0.0,0.0,2,3000,0,1,220,0,0,0

APPTR,R26,26,SG263
IF,SG263,51.799464,46.494886, ,0.0,0.0,2,3000,0,1,240,0,1,0
TF,SG262,51.706333,46.433211,0, ,0.0,0.0,0.0,0.0,2,2000,0,1,240,0,1,0

APPTR,R26,26,SG268
IF,SG268,51.735897,46.589583, ,0.0,0.0,2,3000,0,1,240,0,1,0
TF,SG262,51.706333,46.433211,0, ,0.0,0.0,0.0,0.0,2,2000,0,1,240,0,1,0

FINAL,R26,26,R,3
IF,SG262,51.706333,46.433211, ,0.0,0.0,2,2000,0,1,240,0,0,0
TF,SG261,51.709500,46.306244,0, ,0.0,0.0,261.0,4.7,1,1500,0,0,0,0,2,0
TF,RW26,51.712133,46.192897,0, ,0.0,0.0,261.0,4.2,1,153,0,0,0,0,3,1
CA,0,261.0,2,700,0,1,240,0,0,0
DF,SG267,51.802828,46.360722,2, ,0.0,0.0,0,0,0,1,240,0,0,0
TF,SG263,51.799464,46.494886,0, ,0.0,0.0,0.0,0.0,2,3000,0,1,240,0,0,0

