APPTR,I23-Y,23,HSR
IF,HSR,22.368889,71.031111, ,0.0,0.0,2,2500,0,0,0,0,1,0
CI,0, ,0.0,46.0,0,0,0,0,0,0,0,0
CF,FI23,22.444103,71.117622,0,HSR,46.9,6.6,48.0,3.0,2,2300,0,0,0,0,0,0
FC,FI23,22.444103,71.117622,0,HSR,0.0,0.0,3.0,4.4,2,2300,0,0,0,0,0,1
CF,CI23Y,22.466431,71.144417,2,IHSR,48.1,8.8,228.0,3.0,2,2300,0,0,0,0,0,0

FINAL,I23-Y,23,I,3
IF,CI23Y,22.466431,71.144417,IHSR,48.1,8.8,2,2300,0,0,0,0,0,0
CF,FI23,22.444103,71.117622,0,IHSR,48.1,6.8,228.0,2.0,1,2300,0,0,0,0,2,0
CF,RW23,22.388308,71.050733,0,IHSR,48.1,1.8,228.0,5.0,1,705,0,0,0,0,3,0
FA,RW23,22.388308,71.050733,0,HSR,0.0,0.0,228.0,2,1600,0,0,0,0,0,0
DF,HSR,22.368889,71.031111,2, ,0.0,0.0,1,2500,0,1,210,0,0,0
HM,HSR,22.368889,71.031111,1, ,0.0,0.0,46.0,04.3,2,2500,0,0,0,0,0,0,0

APPTR,I23-Z,23,AAE
IF,AAE,23.068694,72.628758, ,0.0,0.0,0,0,0,0,0,0,0,0
TF,D065Y,22.548792,71.437181,0, ,0.0,0.0,0.0,0.0,0,0,0,0,0,0,1,0
TF,D065T,22.510019,71.349381,0, ,0.0,0.0,0.0,0.0,0,0,0,1,180,0,0,1
CI,0, ,0.0,274.0,2,2500,0,0,0,0,0,0
CF,CI23Z,22.504603,71.190233,0,IHSR,48.1,12.2,228.0,2.0,2,2500,0,0,0,0,1,0

APPTR,I23-Z,23,HSR
IF,HSR,22.368889,71.031111, ,0.0,0.0,2,2500,0,0,0,0,1,0
TF,D015J,22.530428,71.077706,0, ,0.0,0.0,0.0,0.0,2,2500,0,0,0,0,0,0
TF,D015L,22.562733,71.087036,0, ,0.0,0.0,0.0,0.0,0,0,0,0,0,0,0,0
AF,D038L,22.526983,71.164111,2,HSR,38.0,12.0,15.0,2,2500,0,0,0,0,0,0
VI,0,IHSR,0.0,198.0,0,0,0,0,0,0,0,0

APPTR,I23-Z,23,LAXOM
IF,LAXOM,22.808333,70.833333, ,0.0,0.0,0,0,0,0,0,0,0,0
TF,D337N,22.584953,70.934039,0, ,0.0,0.0,0.0,0.0,0,0,0,0,0,0,1,0
CI,0, ,0.0,157.0,0,0,0,0,0,0,0,0
AF,D038L,22.526983,71.164111,2,HSR,38.0,12.0,337.0,2,2500,0,0,0,0,0,0
VI,0,IHSR,0.0,198.0,0,0,0,0,0,0,0,0

APPTR,I23-Z,23,MEMOP
IF,MEMOP,21.616667,71.216667, ,0.0,0.0,0,0,0,0,0,0,0,0
TF,D167N,22.140719,71.087608,0, ,0.0,0.0,0.0,0.0,0,0,0,0,0,0,1,0
CI,0, ,0.0,347.0,0,0,0,0,0,0,0,0
AF,D058L,22.475136,71.214244,1,HSR,58.0,12.0,167.0,2,2500,0,0,0,0,0,0
VI,0,IHSR,0.0,258.0,0,0,0,0,0,0,0,0

APPTR,I23-Z,23,NOKIL
IF,NOKIL,21.929722,71.784167, ,0.0,0.0,0,0,0,0,0,0,0,0
TF,D122N,22.244997,71.244636,0, ,0.0,0.0,0.0,0.0,0,0,0,0,0,0,1,0
CI,0, ,0.0,302.0,0,0,0,0,0,0,0,0
AF,D058L,22.475136,71.214244,1,HSR,58.0,12.0,122.0,2,2500,0,0,0,0,0,0
VI,0,IHSR,0.0,258.0,0,0,0,0,0,0,0,0

FINAL,I23-Z,23,I,3
IF,CI23Z,22.504603,71.190233,IHSR,48.1,12.2,2,2500,0,0,0,0,0,0
CF,FI23,22.444103,71.117622,0,IHSR,48.1,6.8,228.0,5.4,1,2300,0,0,0,0,2,0
CF,RW23,22.388308,71.050733,0,IHSR,48.1,1.8,228.0,5.0,1,705,0,0,0,0,3,0
FA,RW23,22.388308,71.050733,0,HSR,0.0,0.0,228.0,2,1600,0,0,0,0,0,0
DF,HSR,22.368889,71.031111,2, ,0.0,0.0,1,2500,0,1,210,0,0,0
HM,HSR,22.368889,71.031111,1, ,0.0,0.0,46.0,04.3,2,2500,0,0,0,0,0,0,0

APPTR,R05-Y,05,HS712
IF,HS712,22.171883,70.943319, ,0.0,0.0,2,2500,0,1,210,0,1,0
TF,HS716,22.264969,70.903064,0, ,0.0,0.0,0.0,0.0,2,2500,0,0,0,0,1,0

APPTR,R05-Y,05,HS713
IF,HS713,22.312144,70.807894, ,0.0,0.0,2,2500,0,1,210,0,1,0
TF,HS716,22.264969,70.903064,0, ,0.0,0.0,0.0,0.0,2,2500,0,0,0,0,1,0

FINAL,R05-Y,05,R,3
IF,HS716,22.264969,70.903064, ,0.0,0.0,2,2500,0,0,0,0,1,0
TF,HS715,22.315261,70.963228,0, ,0.0,0.0,48.0,4.5,1,2200,0,0,0,0,2,0
TF,RW05,22.369969,71.028767,0, ,0.0,0.0,48.0,4.9,1,640,0,0,0,0,3,1
CA,0,48.0,2,1500,0,1,210,0,0,0
DF,HS712,22.171883,70.943319,2, ,0.0,0.0,2,2500,0,1,210,0,0,0
HM,HS712,22.171883,70.943319,2, ,0.0,0.0,338.0,04.3,2,2500,0,1,230,0,0,0,0

APPTR,R23,23,HS512
IF,HS512,22.584294,71.133756, ,0.0,0.0,2,2500,0,1,210,0,1,0
TF,HS516,22.491189,71.174033,0, ,0.0,0.0,0.0,0.0,2,2500,0,1,210,0,1,0

APPTR,R23,23,HS513
IF,HS513,22.443875,71.269244, ,0.0,0.0,2,2500,0,1,210,0,1,0
TF,HS516,22.491189,71.174033,0, ,0.0,0.0,0.0,0.0,2,2500,0,1,210,0,1,0

FINAL,R23,23,R,3
IF,HS516,22.491189,71.174033, ,0.0,0.0,2,2500,0,0,0,0,1,0
TF,HS515,22.440931,71.113764,0, ,0.0,0.0,228.0,4.5,1,2200,0,0,0,0,2,0
TF,RW23,22.388308,71.050733,0, ,0.0,0.0,228.0,4.7,1,700,0,0,0,0,3,1
CA,0,228.0,2,1500,0,1,210,0,0,0
DF,HS512,22.584294,71.133756,2, ,0.0,0.0,2,2500,0,1,210,0,0,0
HM,HS512,22.584294,71.133756,2, ,0.0,0.0,158.0,04.3,2,2500,0,1,230,0,0,0,0

