APPTR,Q23,23,KD
IF,KD,23.111389,70.103583, ,0.0,0.0,2,2300,0,0,0,0,0,0
FD,KD,23.111389,70.103583,0,KND,0.0,7.5,54.0,7.5,2,2100,0,0,0,0,0,0
CF,FQ23,23.192175,70.182497,1,BHU,100.4,29.0,222.0,1.0,2,2100,0,0,0,0,0,0

FINAL,Q23,23,N,2
IF,FQ23,23.192175,70.182497,KD,0.0,0.0,2,2100,0,0,0,0,2,0
CF,MQ23,23.123842,70.115914,0,KND,0.0,1.0,222.0,5.5,1,363,0,0,0,0,3,0
FA,MQ23,23.123842,70.115914,0,BHU,0.0,0.0,222.0,2,2300,0,0,0,0,0,0
DF,KD,23.111389,70.103583,1, ,0.0,0.0,1,2300,0,0,0,0,0,0

APPTR,R05-Y,05,KE412
IF,KE412,22.915569,70.005269, ,0.0,0.0,4,3700,2300,0,0,0,1,0
TF,KE415,23.009858,69.968208,0, ,0.0,0.0,0.0,0.0,2,2300,0,0,0,0,1,0

APPTR,R05-Y,05,KE413
IF,KE413,23.059986,69.874294, ,0.0,0.0,4,3700,2300,0,0,0,1,0
TF,KE415,23.009858,69.968208,0, ,0.0,0.0,0.0,0.0,2,2300,0,0,0,0,1,0

APPTR,R05-Y,05,KE415
HF,KE415,23.009858,69.968208,1, ,0.0,0.0,50.0,04.3,2,2300,0,1,170,0,1,0,0

FINAL,R05-Y,05,R,3
IF,KE415,23.009858,69.968208, ,0.0,0.0,2,2300,0,0,0,0,0,0
TF,KE002,23.042106,70.009731,0, ,0.0,0.0,50.0,3.0,1,2100,0,0,0,0,2,0
TF,RW05,23.107997,70.094678,0, ,0.0,0.0,50.0,6.1,1,147,0,0,0,0,3,1
CF,KE417,23.172414,70.177864,0,BHU,102.7,29.0,50.0,6.0,0,0,0,0,0,0,0,1
DF,KE412,22.915569,70.005269,2, ,0.0,0.0,2,2300,0,0,0,0,0,0
HM,KE412,22.915569,70.005269,2, ,0.0,0.0,340.0,04.3,2,2300,0,1,170,0,0,0,0

APPTR,R05-Z,05,KE412
IF,KE412,22.915569,70.005269, ,0.0,0.0,4,3700,2300,0,0,0,1,0
TF,KE415,23.009858,69.968208,0, ,0.0,0.0,0.0,0.0,2,2300,0,0,0,0,1,0

APPTR,R05-Z,05,KE413
IF,KE413,23.059986,69.874294, ,0.0,0.0,4,3700,2300,0,0,0,1,0
TF,KE415,23.009858,69.968208,0, ,0.0,0.0,0.0,0.0,2,2300,0,0,0,0,1,0

APPTR,R05-Z,05,KE415
HF,KE415,23.009858,69.968208,1, ,0.0,0.0,50.0,04.3,2,2300,0,1,170,0,1,0,0

FINAL,R05-Z,05,R,3
IF,KE415,23.009858,69.968208, ,0.0,0.0,2,2300,0,0,0,0,0,0
TF,KE002,23.042106,70.009731,0, ,0.0,0.0,50.0,3.0,1,2100,0,0,0,0,2,0
TF,RW05,23.107997,70.094678,0, ,0.0,0.0,50.0,6.1,1,147,0,0,0,0,3,1
CF,KE417,23.172414,70.177864,0,BHU,102.7,29.0,50.0,6.0,0,0,0,0,0,0,0,1
DF,KE412,22.915569,70.005269,2, ,0.0,0.0,2,2300,0,0,0,0,0,0
HM,KE412,22.915569,70.005269,2, ,0.0,0.0,340.0,04.3,2,2300,0,1,170,0,0,0,0

APPTR,R23-Y,23,KE512
IF,KE512,23.309186,70.195753, ,0.0,0.0,4,3700,2300,0,0,0,1,0
TF,KE515,23.214850,70.232736,0, ,0.0,0.0,0.0,0.0,2,2300,0,0,0,0,1,0

APPTR,R23-Y,23,KE513
IF,KE513,23.164506,70.326622, ,0.0,0.0,4,3700,2300,0,0,0,1,0
TF,KE515,23.214850,70.232736,0, ,0.0,0.0,0.0,0.0,2,2300,0,0,0,0,1,0

APPTR,R23-Y,23,KE515
HF,KE515,23.214850,70.232736,2, ,0.0,0.0,230.0,04.3,2,2300,0,1,170,0,1,0,0

FINAL,R23-Y,23,R,3
IF,KE515,23.214850,70.232736, ,0.0,0.0,2,2300,0,0,0,0,0,0
TF,KE004,23.182661,70.191108,0, ,0.0,0.0,230.0,3.0,1,2100,0,0,0,0,2,0
TF,RW23,23.116833,70.106081,0, ,0.0,0.0,230.0,6.1,1,147,0,0,0,0,3,1
CF,KE517,23.052378,70.022964,0,BHU,124.5,24.0,230.0,6.0,0,0,0,0,0,0,0,1
DF,KE513,23.164506,70.326622,1, ,0.0,0.0,2,2300,0,0,0,0,0,0
HM,KE513,23.164506,70.326622,1, ,0.0,0.0,300.0,04.3,2,2300,0,1,170,0,0,0,0

APPTR,R23-Z,23,KE512
IF,KE512,23.309186,70.195753, ,0.0,0.0,4,3700,2300,0,0,0,1,0
TF,KE515,23.214850,70.232736,0, ,0.0,0.0,0.0,0.0,2,2300,0,0,0,0,1,0

APPTR,R23-Z,23,KE513
IF,KE513,23.164506,70.326622, ,0.0,0.0,4,3700,2300,0,0,0,1,0
TF,KE515,23.214850,70.232736,0, ,0.0,0.0,0.0,0.0,2,2300,0,0,0,0,1,0

APPTR,R23-Z,23,KE515
HF,KE515,23.214850,70.232736,2, ,0.0,0.0,230.0,04.3,2,2300,0,1,170,0,1,0,0

FINAL,R23-Z,23,R,3
IF,KE515,23.214850,70.232736, ,0.0,0.0,2,2300,0,0,0,0,0,0
TF,KE004,23.182661,70.191108,0, ,0.0,0.0,230.0,3.0,1,2100,0,0,0,0,2,0
TF,RW23,23.116833,70.106081,0, ,0.0,0.0,230.0,6.1,1,147,0,0,0,0,3,1
CF,KE517,23.052378,70.022964,0,BHU,124.5,24.0,230.0,6.0,0,0,0,0,0,0,0,1
DF,KE513,23.164506,70.326622,1, ,0.0,0.0,2,2300,0,0,0,0,0,0
HM,KE513,23.164506,70.326622,1, ,0.0,0.0,300.0,04.3,2,2300,0,1,170,0,0,0,0

