APPTR,D14,14,ATMUV
IF,ATMUV,21.183056,78.735556, ,0.0,0.0,0,0,0,0,0,0,0,0
TF,D289N,21.156625,78.819614,0, ,0.0,0.0,0.0,0.0,0,0,0,0,0,0,1,0
CI,0, ,0.0,109.0,0,0,0,0,0,0,0,0
AF,D325L,21.246356,78.933367,2,NNP,325.0,12.0,289.0,2,3100,0,0,0,0,1,0
TF,FD14,21.166917,78.992758,0, ,0.0,0.0,0.0,0.0,2,2500,0,0,0,0,0,0

APPTR,D14,14,BPL
IF,BPL,23.283250,77.336639, ,0.0,0.0,0,0,0,0,0,0,0,0
TF,D325L,21.246356,78.933367,0, ,0.0,0.0,0.0,0.0,2,3100,0,0,0,0,1,0
TF,FD14,21.166917,78.992758,0, ,0.0,0.0,0.0,0.0,2,2500,0,0,0,0,0,0

APPTR,D14,14,NNP1
IF,NNP,21.081978,79.056178, ,0.0,0.0,2,3100,0,1,185,0,0,0
TF,D342H,21.209239,79.012078,0, ,0.0,0.0,0.0,0.0,2,2500,0,0,0,0,0,1
CF,FD14,21.166917,78.992758,1,NNP,325.0,6.2,145.0,2.0,2,2500,0,0,0,0,0,0

APPTR,D14,14,NNP2
IF,NNP,21.081978,79.056178, ,0.0,0.0,2,3100,0,0,0,0,0,0
TF,D335H,21.203244,78.995869,0, ,0.0,0.0,0.0,0.0,2,2500,0,0,0,0,0,1
CF,FD14,21.166917,78.992758,1,NNP,325.0,6.2,145.0,2.0,2,2500,0,0,0,0,0,0

APPTR,D14,14,SUDEL
IF,SUDEL,19.571667,78.288611, ,0.0,0.0,0,0,0,0,0,0,0,0
TF,D206N,20.871006,78.947936,0, ,0.0,0.0,0.0,0.0,0,0,0,0,0,0,1,0
CI,0, ,0.0,26.0,0,0,0,0,0,0,0,0
AF,D325L,21.246356,78.933367,2,NNP,325.0,12.0,206.0,2,3100,0,0,0,0,1,0
TF,FD14,21.166917,78.992758,0, ,0.0,0.0,0.0,0.0,2,2500,0,0,0,0,0,0

APPTR,D14,14,TAMID
IF,TAMID,20.688333,77.848889, ,0.0,0.0,0,0,0,0,0,0,0,0
TF,D252N,21.005886,78.820256,0, ,0.0,0.0,0.0,0.0,0,0,0,0,0,0,1,0
CI,0, ,0.0,72.0,0,0,0,0,0,0,0,0
AF,D325L,21.246356,78.933367,2,NNP,325.0,12.0,252.0,2,3100,0,0,0,0,1,0
TF,FD14,21.166917,78.992758,0, ,0.0,0.0,0.0,0.0,2,2500,0,0,0,0,0,0

FINAL,D14,14,D,4
IF,FD14,21.166917,78.992758,NNP,325.0,6.2,2,2500,0,0,0,0,2,0
CF,45VOR,21.143628,79.010156,0,NNP,325.0,4.5,145.0,1.7,2,1950,0,0,0,0,0,0
CF,33VOR,21.127189,79.022431,0,NNP,325.0,3.3,145.0,1.2,2,1570,0,0,0,0,0,0
CF,MD14,21.109378,79.035725,0,NNP,325.0,2.0,145.0,1.3,1,1154,0,0,0,0,3,0
FA,MD14,21.109378,79.035725,0,NNP,0.0,0.0,145.0,2,2500,0,0,0,0,0,0
DF,NNP,21.081978,79.056178,2, ,0.0,0.0,1,3100,0,0,0,0,0,0
HM,NNP,21.081978,79.056178,2, ,0.0,0.0,342.0,04.3,2,3100,0,0,0,0,0,0,0

APPTR,D32,32,NNP1
IF,NNP,21.081978,79.056178, ,0.0,0.0,2,3100,0,1,210,0,0,0
TF,D114F,21.041125,79.153839,0, ,0.0,0.0,0.0,0.0,2,2400,0,0,0,0,0,1
CF,FD32,21.029192,79.097017,2,NNP,144.0,3.9,324.0,3.0,2,2400,0,0,0,0,0,0

APPTR,D32,32,NNP2
IF,NNP,21.081978,79.056178, ,0.0,0.0,2,3100,0,0,0,0,0,0
TF,D129F,21.018794,79.139244,0, ,0.0,0.0,0.0,0.0,2,2400,0,0,0,0,0,1
CF,FD32,21.029192,79.097017,2,NNP,144.0,3.9,324.0,3.0,2,2400,0,0,0,0,0,0

APPTR,D32,32,RRP
IF,RRP,21.180139,81.744028, ,0.0,0.0,0,0,0,0,0,0,0,0
TF,D089M,21.092111,79.287625,0, ,0.0,0.0,0.0,0.0,0,0,0,0,0,0,1,0
CI,0, ,0.0,269.0,0,0,0,0,0,0,0,0
AF,D144K,20.933075,79.171297,2,NNP,144.0,11.0,89.0,2,3100,0,0,0,0,1,0
TF,FD32,21.029192,79.097017,0, ,0.0,0.0,0.0,0.0,2,2400,0,0,0,0,0,0

APPTR,D32,32,RUXAL
IF,RUXAL,20.887222,80.649167, ,0.0,0.0,0,0,0,0,0,0,0,0
TF,D098M,21.054825,79.286036,0, ,0.0,0.0,0.0,0.0,0,0,0,0,0,0,1,0
CI,0, ,0.0,278.0,0,0,0,0,0,0,0,0
AF,D144K,20.933075,79.171297,2,NNP,144.0,11.0,98.0,2,3100,0,0,0,0,1,0
TF,FD32,21.029192,79.097017,0, ,0.0,0.0,0.0,0.0,2,2400,0,0,0,0,0,0

APPTR,D32,32,SUDEL
IF,SUDEL,19.571667,78.288611, ,0.0,0.0,0,0,0,0,0,0,0,0
TF,D206M,20.886078,78.955658,0, ,0.0,0.0,0.0,0.0,0,0,0,0,0,0,1,0
CI,0, ,0.0,26.0,0,0,0,0,0,0,0,0
AF,D144K,20.933075,79.171297,1,NNP,144.0,11.0,206.0,2,3100,0,0,0,0,1,0
TF,FD32,21.029192,79.097017,0, ,0.0,0.0,0.0,0.0,2,2400,0,0,0,0,0,0

APPTR,D32,32,SUDUM
IF,SUDUM,18.492778,79.789444, ,0.0,0.0,0,0,0,0,0,0,0,0
TF,D165M,20.872047,79.116572,0, ,0.0,0.0,0.0,0.0,0,0,0,0,0,0,1,0
CI,0, ,0.0,345.0,0,0,0,0,0,0,0,0
AF,D144K,20.933075,79.171297,1,NNP,144.0,11.0,165.0,2,3100,0,0,0,0,1,0
TF,FD32,21.029192,79.097017,0, ,0.0,0.0,0.0,0.0,2,2400,0,0,0,0,0,0

APPTR,D32,32,TAMID
IF,TAMID,20.688333,77.848889, ,0.0,0.0,0,0,0,0,0,0,0,0
TF,D252M,21.011331,78.837100,0, ,0.0,0.0,0.0,0.0,0,0,0,0,0,0,1,0
CI,0, ,0.0,72.0,0,0,0,0,0,0,0,0
AF,D144K,20.933075,79.171297,1,NNP,144.0,11.0,252.0,2,3100,0,0,0,0,1,0
TF,FD32,21.029192,79.097017,0, ,0.0,0.0,0.0,0.0,2,2400,0,0,0,0,0,0

APPTR,D32,32,TEGIG
IF,TEGIG,21.502500,80.593611, ,0.0,0.0,0,0,0,0,0,0,0,0
TF,D074M,21.143767,79.278367,0, ,0.0,0.0,0.0,0.0,0,0,0,0,0,0,1,0
CI,0, ,0.0,254.0,0,0,0,0,0,0,0,0
AF,D144K,20.933075,79.171297,2,NNP,144.0,11.0,74.0,2,3100,0,0,0,0,1,0
TF,FD32,21.029192,79.097017,0, ,0.0,0.0,0.0,0.0,2,2400,0,0,0,0,0,0

APPTR,D32,32,UXENA
IF,UXENA,19.579167,80.947500, ,0.0,0.0,0,0,0,0,0,0,0,0
TF,D131T,20.867706,79.329731,0, ,0.0,0.0,0.0,0.0,0,0,0,1,180,0,1,0
TF,D131O,20.920539,79.253692,0, ,0.0,0.0,0.0,0.0,2,3100,0,0,0,0,0,0
TF,D144K,20.933075,79.171297,0, ,0.0,0.0,0.0,0.0,2,3100,0,0,0,0,1,0
TF,FD32,21.029192,79.097017,0, ,0.0,0.0,0.0,0.0,2,2400,0,0,0,0,0,0

FINAL,D32,32,D,2
IF,FD32,21.029192,79.097017,NNP,144.0,3.9,2,2400,0,0,0,0,2,0
CF,NNP,21.081978,79.056178,0,NNP,0.0,0.0,324.0,3.9,1,1163,0,0,0,0,3,0
FA,NNP,21.081978,79.056178,0,NNP,0.0,0.0,324.0,2,2500,0,0,0,0,0,0
DF,NNP,21.081978,79.056178,1, ,0.0,0.0,1,3100,0,0,0,0,0,0
HM,NNP,21.081978,79.056178,2, ,0.0,0.0,114.0,04.3,2,3100,0,0,0,0,0,0,0

APPTR,I32,32,NNP
IF,NNP,21.081978,79.056178, ,0.0,0.0,2,3100,0,1,220,0,0,0
CI,0, ,0.0,145.0,0,0,0,0,0,0,0,0
CF,FI32,20.999381,79.120522,0,NNP,143.8,6.1,144.0,5.0,2,3100,0,0,0,0,0,0
FC,FI32,20.999381,79.120522,0,NNP,0.0,0.0,189.0,4.4,2,3100,0,0,0,0,0,1
CI,1,INGR,0.0,9.0,2,3100,0,0,0,0,0,0

APPTR,I32,32,RRP
IF,RRP,21.180139,81.744028, ,0.0,0.0,0,0,0,0,0,0,0,0
TF,D089O,21.093642,79.323236,0, ,0.0,0.0,0.0,0.0,0,0,0,0,0,0,1,0
CI,0, ,0.0,269.0,0,0,0,0,0,0,0,0
AF,D135M,20.928131,79.219842,2,NNP,135.0,13.0,89.0,2,3100,0,0,0,0,0,0
VI,0,INGR,0.0,294.0,0,0,0,0,0,0,0,0

APPTR,I32,32,RUXAL
IF,RUXAL,20.887222,80.649167, ,0.0,0.0,0,0,0,0,0,0,0,0
TF,D098O,21.050619,79.321392,0, ,0.0,0.0,0.0,0.0,0,0,0,0,0,0,1,0
CI,0, ,0.0,278.0,0,0,0,0,0,0,0,0
AF,D135M,20.928131,79.219842,2,NNP,135.0,13.0,98.0,2,3100,0,0,0,0,0,0
VI,0,INGR,0.0,294.0,0,0,0,0,0,0,0,0

APPTR,I32,32,SUDEL
IF,SUDEL,19.571667,78.288611, ,0.0,0.0,0,0,0,0,0,0,0,0
TF,D206O,20.855933,78.940217,0, ,0.0,0.0,0.0,0.0,0,0,0,0,0,0,1,0
CI,0, ,0.0,26.0,0,0,0,0,0,0,0,0
AF,D153M,20.888186,79.161228,1,NNP,153.0,13.0,206.0,2,3100,0,0,0,0,0,0
VI,0,INGR,0.0,354.0,0,0,0,0,0,0,0,0

APPTR,I32,32,SUDUM
IF,SUDUM,18.492778,79.789444, ,0.0,0.0,0,0,0,0,0,0,0,0
TF,D165O,20.839747,79.125850,0, ,0.0,0.0,0.0,0.0,0,0,0,0,0,0,1,0
CI,0, ,0.0,345.0,0,0,0,0,0,0,0,0
AF,D153M,20.888186,79.161228,1,NNP,153.0,13.0,165.0,2,3100,0,0,0,0,0,0
VI,0,INGR,0.0,354.0,0,0,0,0,0,0,0,0

APPTR,I32,32,TAMID
IF,TAMID,20.688333,77.848889, ,0.0,0.0,0,0,0,0,0,0,0,0
TF,D252O,21.000439,78.803414,0, ,0.0,0.0,0.0,0.0,0,0,0,0,0,0,1,0
CI,0, ,0.0,72.0,0,0,0,0,0,0,0,0
AF,D153M,20.888186,79.161228,1,NNP,153.0,13.0,252.0,2,3100,0,0,0,0,0,0
VI,0,INGR,0.0,354.0,0,0,0,0,0,0,0,0

APPTR,I32,32,TEGIG
IF,TEGIG,21.502500,80.593611, ,0.0,0.0,0,0,0,0,0,0,0,0
TF,D074O,21.153247,79.312564,0, ,0.0,0.0,0.0,0.0,0,0,0,0,0,0,1,0
CI,0, ,0.0,254.0,0,0,0,0,0,0,0,0
AF,D135M,20.928131,79.219842,2,NNP,135.0,13.0,74.0,2,3100,0,0,0,0,0,0
VI,0,INGR,0.0,294.0,0,0,0,0,0,0,0,0

APPTR,I32,32,UXENA
IF,UXENA,19.579167,80.947500, ,0.0,0.0,0,0,0,0,0,0,0,0
TF,D131V,20.846253,79.357042,0, ,0.0,0.0,0.0,0.0,0,0,0,1,180,0,1,0
TF,D131Q,20.896656,79.292844,0, ,0.0,0.0,0.0,0.0,2,3100,0,0,0,0,0,0
CF,CI32,20.906881,79.193436,0,INGR,143.4,15.2,279.0,5.6,2,3100,0,0,0,0,1,0

FINAL,I32,32,I,3
IF,CI32,20.906881,79.193436,INGR,143.4,15.2,2,3100,0,0,0,0,0,0
CF,FI32,20.999381,79.120522,0,INGR,143.4,8.3,324.0,6.9,1,3100,0,0,0,0,2,0
CF,RW32,21.085789,79.052306,0,INGR,143.4,1.9,324.0,6.4,1,1063,0,0,0,0,3,0
FA,RW32,21.085789,79.052306,0,NNP,0.0,0.0,324.0,2,2500,0,0,0,0,0,0
DF,NNP,21.081978,79.056178,1, ,0.0,0.0,1,3100,0,0,0,0,0,0
HM,NNP,21.081978,79.056178,2, ,0.0,0.0,144.0,04.3,2,3100,0,0,0,0,0,0,0

APPTR,R32-Y,32,NP413
IF,NP413,20.982411,79.244861, ,0.0,0.0,2,3100,0,1,210,0,1,0
TF,NP412,20.932619,79.173319,0, ,0.0,0.0,0.0,0.0,2,3100,0,0,0,0,1,0

APPTR,R32-Y,32,NP414
IF,NP414,20.865419,79.226311, ,0.0,0.0,2,3100,0,1,210,0,1,0
TF,NP412,20.932619,79.173319,0, ,0.0,0.0,0.0,0.0,2,3100,0,0,0,0,1,0

APPTR,R32-Y,32,NP415
IF,NP415,20.882797,79.101825, ,0.0,0.0,2,3100,0,1,210,0,1,0
TF,NP412,20.932619,79.173319,0, ,0.0,0.0,0.0,0.0,2,3100,0,0,0,0,1,0

FINAL,R32-Y,32,R,3
IF,NP412,20.932619,79.173319, ,0.0,0.0,2,3100,0,0,0,0,0,0
TF,NP410,20.999800,79.120281,0, ,0.0,0.0,324.0,5.0,1,3100,0,0,0,0,2,0
TF,RW32,21.085789,79.052306,0, ,0.0,0.0,324.0,6.4,1,1061,0,0,0,0,3,1
CA,0,324.0,2,1900,0,1,210,0,0,0
DF,NP413,20.982411,79.244861,2, ,0.0,0.0,1,3100,0,1,210,0,0,0
HM,NP413,20.982411,79.244861,1, ,0.0,0.0,234.0,04.3,2,3100,0,1,230,0,0,0,0

