APPTR,D09,09,ALGOB
IF,ALGOB,25.325556,82.252222, ,0.0,0.0,0,0,0,0,0,0,0,0
TF,D257T,25.378569,82.500878,0, ,0.0,0.0,0.0,0.0,0,0,0,0,0,0,1,0
TF,CD09,25.450539,82.638572,0, ,0.0,0.0,0.0,0.0,2,2300,0,0,0,0,1,0

APPTR,D09,09,D272R
IF,D272R,25.464350,82.528217, ,0.0,0.0,0,0,0,0,0,0,1,0
TF,CD09,25.450539,82.638572,0, ,0.0,0.0,0.0,0.0,2,2300,0,0,0,0,1,0

APPTR,D09,09,KCH
IF,KCH,26.405589,80.420825, ,0.0,0.0,0,0,0,0,0,0,0,0
TF,D294N,25.548611,82.623503,0, ,0.0,0.0,0.0,0.0,0,0,0,0,0,0,1,0
CI,0, ,0.0,114.0,0,0,0,0,0,0,0,0
AF,CD09,25.450539,82.638572,1,BBN,269.0,12.0,294.0,2,2300,0,0,0,0,1,0

APPTR,D09,09,LKN
IF,LKN,26.758611,80.894444, ,0.0,0.0,0,0,0,0,0,0,0,0
TF,D307N,25.594103,82.652706,0, ,0.0,0.0,0.0,0.0,0,0,0,0,0,0,1,0
CI,0, ,0.0,127.0,0,0,0,0,0,0,0,0
AF,CD09,25.450539,82.638572,1,BBN,269.0,12.0,307.0,2,2300,0,0,0,0,1,0

FINAL,D09,09,D,3
IF,CD09,25.450539,82.638572,BBN,269.0,12.0,2,2300,0,0,0,0,0,0
CF,FD09,25.452169,82.734308,0,BBN,269.0,6.8,89.0,5.2,2,2300,0,0,0,0,2,0
CF,RW09,25.452675,82.850608,0,BBN,259.2,0.5,89.0,6.3,1,318,0,0,0,0,3,0
CF,BBN,25.454222,82.859500,0,BBN,0.0,0.0,89.0,0.5,0,0,0,0,0,0,0,1
FA,BBN,25.454222,82.859500,0,BBN,0.0,0.0,89.0,2,2000,0,0,0,0,0,0
DF,BBN,25.454222,82.859500,1, ,0.0,0.0,1,3300,0,0,0,0,0,0
HM,BBN,25.454222,82.859500,2, ,0.0,0.0,89.0,04.3,2,3300,0,0,0,0,0,0,0

APPTR,D27,27,ATALI
IF,ATALI,24.010000,83.825944, ,0.0,0.0,0,0,0,0,0,0,0,0
TF,D149O,25.240625,83.004128,0, ,0.0,0.0,0.0,0.0,0,0,0,0,0,0,1,0
CI,0, ,0.0,329.0,0,0,0,0,0,0,0,0
AF,CD27,25.427528,83.097050,1,BBN,97.0,13.0,149.0,2,2300,0,0,0,0,1,0

APPTR,D27,27,BISOS
IF,BISOS,25.525556,83.918611, ,0.0,0.0,0,0,0,0,0,0,0,0
TF,D086T,25.479822,83.226742,0, ,0.0,0.0,0.0,0.0,0,0,0,0,0,0,1,0
CF,CD27,25.427528,83.097050,0,BBN,97.0,13.0,247.0,7.7,2,2300,0,0,0,0,1,0

APPTR,D27,27,GGC
IF,GGC,24.742028,84.943111, ,0.0,0.0,0,0,0,0,0,0,0,0
TF,D110W,25.321353,83.256731,0, ,0.0,0.0,0.0,0.0,0,0,0,0,0,0,1,0
CF,CD27,25.427528,83.097050,0,BBN,97.0,13.0,306.0,10.7,2,2300,0,0,0,0,1,0

APPTR,D27,27,LAPAN
IF,LAPAN,23.731944,83.435556, ,0.0,0.0,0,0,0,0,0,0,0,0
TF,D163O,25.214528,82.940678,0, ,0.0,0.0,0.0,0.0,0,0,0,0,0,0,1,0
CI,0, ,0.0,343.0,0,0,0,0,0,0,0,0
AF,CD27,25.427528,83.097050,1,BBN,97.0,13.0,163.0,2,2300,0,0,0,0,1,0

APPTR,D27,27,UXUPO
IF,UXUPO,25.787778,83.283333, ,0.0,0.0,0,0,0,0,0,0,0,0
TF,D049O,25.618750,83.068081,0, ,0.0,0.0,0.0,0.0,0,0,0,0,0,0,1,0
CI,0, ,0.0,229.0,0,0,0,0,0,0,0,0
AF,CD27,25.427528,83.097050,2,BBN,97.0,13.0,49.0,2,2300,0,0,0,0,1,0

FINAL,D27,27,D,3
IF,CD27,25.427528,83.097050,BBN,97.0,13.0,2,2300,0,0,0,0,0,0
CF,FD27,25.439478,82.991081,0,BBN,97.0,7.2,277.0,5.8,2,2300,0,0,0,0,2,0
CF,RW27,25.451442,82.875569,0,BBN,100.7,0.9,277.0,6.3,1,318,0,0,0,0,3,0
CF,BBN,25.454222,82.859500,0,BBN,0.0,0.0,277.0,0.9,0,0,0,0,0,0,0,1
FA,BBN,25.454222,82.859500,0,BBN,0.0,0.0,277.0,2,2000,0,0,0,0,0,0
DF,BBN,25.454222,82.859500,1, ,0.0,0.0,1,3300,0,0,0,0,0,0
HM,BBN,25.454222,82.859500,2, ,0.0,0.0,277.0,04.3,2,3300,0,0,0,0,0,0,0

APPTR,I27-Z,27,ATALI
IF,ATALI,24.010000,83.825944, ,0.0,0.0,0,0,0,0,0,0,0,0
TF,D149O,25.240625,83.004128,0, ,0.0,0.0,0.0,0.0,0,0,0,0,0,0,1,0
CI,0, ,0.0,329.0,0,0,0,0,0,0,0,0
AF,D102M,25.408847,83.093564,1,BBN,102.0,13.0,149.0,2,2300,0,0,0,0,0,0
VI,0,IVNS,0.0,303.0,0,0,0,0,0,0,0,0

APPTR,I27-Z,27,BBN
IF,BBN,25.454222,82.859500, ,0.0,0.0,2,3300,0,0,0,0,1,0
CI,0, ,0.0,95.0,0,0,0,0,0,0,0,0
CF,D093H,25.445178,83.001128,0,BBN,94.0,7.7,93.0,4.0,2,2300,0,0,0,0,0,0
FC,D093H,25.445178,83.001128,0,BBN,0.0,0.0,138.0,4.4,2,2300,0,0,0,0,0,1
CI,1,IVNS,0.0,318.0,0,0,0,0,0,0,0,0

APPTR,I27-Z,27,BISOS
IF,BISOS,25.525556,83.918611, ,0.0,0.0,0,0,0,0,0,0,0,0
TF,D086T,25.479822,83.226742,0, ,0.0,0.0,0.0,0.0,0,0,0,0,0,0,1,0
CF,OTKOM,25.440253,83.098378,0,IVNS,93.1,13.8,252.0,7.4,2,2300,0,0,0,0,1,0

APPTR,I27-Z,27,GGC
IF,GGC,24.742028,84.943111, ,0.0,0.0,0,0,0,0,0,0,0,0
TF,D110W,25.321353,83.256731,0, ,0.0,0.0,0.0,0.0,0,0,0,0,0,0,1,0
CF,OTKOM,25.440253,83.098378,0,IVNS,93.1,13.8,309.0,11.2,2,2300,0,0,0,0,1,0

APPTR,I27-Z,27,LAPAN
IF,LAPAN,23.731944,83.435556, ,0.0,0.0,0,0,0,0,0,0,0,0
TF,D163O,25.214528,82.940678,0, ,0.0,0.0,0.0,0.0,0,0,0,0,0,0,1,0
CI,0, ,0.0,343.0,0,0,0,0,0,0,0,0
AF,D102M,25.408847,83.093564,1,BBN,102.0,13.0,163.0,2,2300,0,0,0,0,0,0
VI,0,IVNS,0.0,303.0,0,0,0,0,0,0,0,0

APPTR,I27-Z,27,LULPA
IF,LULPA,24.125833,83.043333, ,0.0,0.0,0,0,0,0,0,0,0,0
TF,D173O,25.205442,82.894233,0, ,0.0,0.0,0.0,0.0,0,0,0,0,0,0,1,0
CI,0, ,0.0,353.0,0,0,0,0,0,0,0,0
AF,D102M,25.408847,83.093564,1,BBN,102.0,13.0,173.0,2,2300,0,0,0,0,0,0
VI,0,IVNS,0.0,303.0,0,0,0,0,0,0,0,0

APPTR,I27-Z,27,OTKOM
HF,OTKOM,25.440253,83.098378,2, ,0.0,0.0,274.0,04.3,2,2300,0,0,0,0,0,0,0

APPTR,I27-Z,27,PUPAM
IF,PUPAM,24.208889,84.456111, ,0.0,0.0,0,0,0,0,0,0,0,0
TF,D130O,25.292264,83.070242,0, ,0.0,0.0,0.0,0.0,0,0,0,0,0,0,1,0
CI,0, ,0.0,310.0,0,0,0,0,0,0,0,0
AF,D102M,25.408847,83.093564,1,BBN,102.0,13.0,130.0,2,2300,0,0,0,0,0,0
VI,0,IVNS,0.0,303.0,0,0,0,0,0,0,0,0

APPTR,I27-Z,27,UXUPO
IF,UXUPO,25.787778,83.283333, ,0.0,0.0,0,0,0,0,0,0,0,0
TF,D049O,25.618750,83.068081,0, ,0.0,0.0,0.0,0.0,0,0,0,0,0,0,1,0
CI,0, ,0.0,229.0,0,0,0,0,0,0,0,0
AF,D084M,25.476758,83.097603,2,BBN,84.0,13.0,49.0,2,2300,0,0,0,0,0,0
VI,0,IVNS,0.0,243.0,0,0,0,0,0,0,0,0

FINAL,I27-Z,27,I,3
IF,OTKOM,25.440253,83.098378,IVNS,93.1,13.8,2,2300,0,0,0,0,0,0
CF,FI27,25.445733,82.990097,0,IVNS,93.1,7.9,273.0,5.9,1,2300,0,0,0,0,2,0
CF,RW27,25.451442,82.875569,0,IVNS,93.1,1.6,273.0,6.2,1,321,0,0,0,0,3,0
FA,RW27,25.451442,82.875569,0,BBN,0.0,0.0,273.0,2,1800,0,0,0,0,0,0
DF,BBN,25.454222,82.859500,1, ,0.0,0.0,1,3300,0,0,0,0,0,0
HM,BBN,25.454222,82.859500,2, ,0.0,0.0,95.0,04.3,2,3300,0,0,0,0,0,0,0

APPTR,R09-Y,09,EKANO
IF,EKANO,25.346069,82.633414, ,0.0,0.0,2,3000,0,1,210,0,1,0
TF,TARAL,25.462933,82.640219,0, ,0.0,0.0,0.0,0.0,2,2300,0,1,210,0,0,0

APPTR,R09-Y,09,MIDAS
IF,MIDAS,25.469058,82.511486, ,0.0,0.0,2,3000,0,1,210,0,1,0
TF,TARAL,25.462933,82.640219,0, ,0.0,0.0,0.0,0.0,2,2300,0,1,210,0,0,0

APPTR,R09-Y,09,SALUK
IF,SALUK,25.579792,82.647036, ,0.0,0.0,2,3000,0,1,210,0,1,0
TF,TARAL,25.462933,82.640219,0, ,0.0,0.0,0.0,0.0,2,2300,0,1,210,0,0,0

FINAL,R09-Y,09,R,3
IF,TARAL,25.462933,82.640219, ,0.0,0.0,2,2300,0,1,210,0,0,0
TF,BN441,25.458486,82.732164,0, ,0.0,0.0,93.0,5.0,1,2300,0,1,185,0,2,0
TF,RW09,25.452675,82.850608,0, ,0.0,0.0,93.0,6.4,1,318,0,0,0,0,3,1
CF,BN431,25.446250,82.979314,0,BBN,94.2,6.5,93.0,7.0,0,0,0,1,210,0,0,1
TF,BN432,25.563094,82.986458,0, ,0.0,0.0,0.0,0.0,0,0,0,1,210,0,0,0
TF,SALUK,25.579792,82.647036,0, ,0.0,0.0,0.0,0.0,0,0,0,1,210,0,0,0
TF,TARAL,25.462933,82.640219,0, ,0.0,0.0,0.0,0.0,1,2300,0,0,0,0,0,0
HM,TARAL,25.462933,82.640219,2, ,0.0,0.0,93.0,04.3,2,2300,0,1,230,0,0,0,0

APPTR,R27-Y,27,LANIX
IF,LANIX,25.324033,83.078717, ,0.0,0.0,2,3000,0,1,210,0,1,0
TF,ANKOV,25.440875,83.085928,0, ,0.0,0.0,0.0,0.0,2,2300,0,1,210,0,0,0

APPTR,R27-Y,27,MALAL
IF,MALAL,25.557714,83.093153, ,0.0,0.0,2,3000,0,1,210,0,1,0
TF,ANKOV,25.440875,83.085928,0, ,0.0,0.0,0.0,0.0,2,2300,0,1,210,0,0,0

APPTR,R27-Y,27,REBEX
IF,REBEX,25.434264,83.214603, ,0.0,0.0,2,3000,0,1,210,0,1,0
TF,ANKOV,25.440875,83.085928,0, ,0.0,0.0,0.0,0.0,2,2300,0,1,210,0,0,0

FINAL,R27-Y,27,R,3
IF,ANKOV,25.440875,83.085928, ,0.0,0.0,2,2300,0,1,210,0,0,0
TF,BN461,25.445528,82.994008,0, ,0.0,0.0,273.0,5.0,1,2300,0,1,185,0,2,0
TF,RW27,25.451442,82.875569,0, ,0.0,0.0,273.0,6.4,1,318,0,0,0,0,3,1
CF,BN451,25.457753,82.746858,0,BBN,272.0,6.1,273.0,7.0,0,0,0,1,210,0,0,1
TF,BN452,25.340894,82.739972,0, ,0.0,0.0,0.0,0.0,0,0,0,1,210,0,0,0
TF,LANIX,25.324033,83.078717,0, ,0.0,0.0,0.0,0.0,0,0,0,1,210,0,0,0
TF,ANKOV,25.440875,83.085928,0, ,0.0,0.0,0.0,0.0,1,2300,0,0,0,0,0,0
HM,ANKOV,25.440875,83.085928,2, ,0.0,0.0,273.0,04.3,2,2300,0,1,230,0,0,0,0

