APPTR,R10,10,DH003
IF,DH003,26.237503,85.566706, ,0.0,0.0,2,3200,0,1,210,0,1,0
TF,DH002,26.221375,85.695208,0, ,0.0,0.0,0.0,0.0,2,2200,0,0,0,0,1,0

APPTR,R10,10,DH004
IF,DH004,26.337247,85.713281, ,0.0,0.0,2,3200,0,1,210,0,1,0
TF,DH002,26.221375,85.695208,0, ,0.0,0.0,0.0,0.0,2,2200,0,0,0,0,1,0

APPTR,R10,10,DH005
IF,DH005,26.105500,85.677169, ,0.0,0.0,2,3200,0,1,210,0,1,0
TF,DH002,26.221375,85.695208,0, ,0.0,0.0,0.0,0.0,2,2200,0,0,0,0,1,0

FINAL,R10,10,R,3
IF,DH002,26.221375,85.695208, ,0.0,0.0,2,2200,0,0,0,0,0,0
TF,DH001,26.209794,85.786975,0, ,0.0,0.0,98.0,5.0,1,2200,0,0,0,0,2,0
TF,RW10,26.194661,85.906150,0, ,0.0,0.0,98.0,6.5,1,160,0,0,0,0,3,1
CF,DH006,26.172750,86.077289,0,PPT,56.6,63.6,98.0,9.3,0,0,0,1,210,0,0,0
TF,DH007,26.056872,86.059258,0, ,0.0,0.0,0.0,0.0,0,0,0,1,210,0,0,0
TF,DH005,26.105500,85.677169,0, ,0.0,0.0,0.0,0.0,0,0,0,1,210,0,0,0
TF,DH002,26.221375,85.695208,0, ,0.0,0.0,0.0,0.0,2,2200,0,1,210,0,0,0
HM,DH002,26.221375,85.695208,1, ,0.0,0.0,98.0,04.3,2,2200,0,1,230,0,0,0,0

APPTR,R28,28,DH012
IF,DH012,26.147894,86.269456, ,0.0,0.0,2,3200,0,1,210,0,1,0
TF,DH011,26.164525,86.141111,0, ,0.0,0.0,0.0,0.0,2,2200,0,1,210,0,1,0

APPTR,R28,28,DH013
IF,DH013,26.280397,86.159178, ,0.0,0.0,2,3200,0,1,210,0,1,0
TF,DH011,26.164525,86.141111,0, ,0.0,0.0,0.0,0.0,2,2200,0,1,210,0,1,0

APPTR,R28,28,DH014
IF,DH014,26.048647,86.123083, ,0.0,0.0,2,3200,0,1,210,0,1,0
TF,DH011,26.164525,86.141111,0, ,0.0,0.0,0.0,0.0,2,2200,0,1,210,0,1,0

FINAL,R28,28,R,3
IF,DH011,26.164525,86.141111, ,0.0,0.0,2,2200,0,1,210,0,0,0
TF,DH009,26.176333,86.049417,0, ,0.0,0.0,278.0,5.0,1,2200,0,1,160,0,2,0
TF,RW28,26.191503,85.930917,0, ,0.0,0.0,278.0,6.5,1,212,0,0,0,0,3,1
CF,DH016,26.207831,85.802478,0,PPT,46.0,53.2,278.0,7.0,0,0,0,0,0,0,0,0
TF,DH017,26.091953,85.784444,0, ,0.0,0.0,0.0,0.0,0,0,0,1,210,0,0,0
TF,DH014,26.048647,86.123083,0, ,0.0,0.0,0.0,0.0,0,0,0,1,210,0,0,0
TF,DH011,26.164525,86.141111,0, ,0.0,0.0,0.0,0.0,1,2200,0,1,210,0,0,0
HM,DH011,26.164525,86.141111,2, ,0.0,0.0,278.0,04.3,2,2200,0,1,230,0,0,0,0

