APPTR,D06,06,JRS1
IF,JRS,21.915917,84.061778, ,0.0,0.0,2,3700,0,0,0,0,0,0
FD,JRS,21.915917,84.061778,0,JRS,0.0,9.0,226.0,9.0,2,2800,0,0,0,0,0,0
CF,FD06,21.866856,83.938072,2,JRS,247.0,7.5,67.0,2.0,2,2800,0,0,0,0,0,0

APPTR,D06,06,JRS2
IF,JRS,21.915917,84.061778, ,0.0,0.0,2,3700,0,0,0,0,0,0
FD,JRS,21.915917,84.061778,0,JRS,0.0,9.0,237.0,9.0,2,2800,0,0,0,0,0,0
CF,FD06,21.866856,83.938072,2,JRS,247.0,7.5,67.0,2.0,2,2800,0,0,0,0,0,0

FINAL,D06,06,D,3
IF,FD06,21.866856,83.938072,JRS,247.0,7.5,2,2800,0,0,0,0,2,0
CF,40VOR,21.889761,83.995789,0,JRS,247.0,4.0,67.0,3.5,2,1690,0,0,0,0,0,0
CF,MD06,21.902842,84.028781,0,JRS,247.0,2.0,67.0,2.0,1,1043,0,0,0,0,3,0
CA,0,67.0,2,2800,0,0,0,0,0,0
DF,JRS,21.915917,84.061778,1, ,0.0,0.0,1,3700,0,0,0,0,0,0
HM,JRS,21.915917,84.061778,2, ,0.0,0.0,226.0,04.3,2,3700,0,0,0,0,0,0,0

APPTR,D24,24,JRS1
IF,JRS,21.915917,84.061778, ,0.0,0.0,2,3700,0,0,0,0,0,0
FD,JRS,21.915917,84.061778,0,JRS,0.0,8.0,81.0,8.0,2,2800,0,0,0,0,0,0
CF,FD24,21.971725,84.157581,1,JRS,58.0,6.3,238.0,2.0,2,2800,0,0,0,0,0,0

APPTR,D24,24,JRS2
IF,JRS,21.915917,84.061778, ,0.0,0.0,2,3700,0,0,0,0,0,0
FD,JRS,21.915917,84.061778,0,JRS,0.0,8.0,70.0,8.0,2,2800,0,0,0,0,0,0
CF,FD24,21.971725,84.157581,1,JRS,58.0,6.3,238.0,2.0,2,2800,0,0,0,0,0,0

FINAL,D24,24,D,2
IF,FD24,21.971725,84.157581,JRS,58.0,6.3,2,2800,0,0,0,0,2,0
CF,MD24,21.924778,84.076978,0,JRS,58.0,1.0,238.0,5.3,1,1106,0,0,0,0,3,0
CA,0,238.0,2,2800,0,0,0,0,0,0
DF,JRS,21.915917,84.061778,2, ,0.0,0.0,1,3700,0,0,0,0,0,0
HM,JRS,21.915917,84.061778,1, ,0.0,0.0,81.0,04.3,2,3700,0,0,0,0,0,0,0

APPTR,I24,24,GUTID
IF,GUTID,21.078056,84.931111, ,0.0,0.0,0,0,0,0,0,0,0,0
TF,D136N,21.748286,84.236892,0, ,0.0,0.0,0.0,0.0,0,0,0,0,0,0,1,0
CI,0, ,0.0,316.0,0,0,0,0,0,0,0,0
AF,D090L,21.915775,84.276872,1,JRS,90.0,12.0,136.0,2,3700,0,0,0,0,0,0
AF,D073L,21.974467,84.267556,1,JRS,73.0,12.0,90.0,2,3300,0,0,0,0,0,0
VI,0,IJHR,0.0,273.0,0,0,0,0,0,0,0,0

APPTR,I24,24,JRS1
IF,JRS,21.915917,84.061778, ,0.0,0.0,2,3300,0,0,0,0,0,0
FD,JRS,21.915917,84.061778,0,JRS,0.0,8.0,86.0,8.0,2,2800,0,0,0,0,0,0
CI,1,IJHR,0.0,273.0,0,0,0,0,0,0,0,0

APPTR,I24,24,JRS2
IF,JRS,21.915917,84.061778, ,0.0,0.0,2,3300,0,0,0,0,0,0
FD,JRS,21.915917,84.061778,0,JRS,0.0,8.0,75.0,8.0,2,2800,0,0,0,0,0,0
CI,1,IJHR,0.0,273.0,0,0,0,0,0,0,0,0

APPTR,I24,24,KAGBI
IF,KAGBI,21.939444,83.338889, ,0.0,0.0,0,0,0,0,0,0,0,0
TF,D273N,21.924439,83.810992,0, ,0.0,0.0,0.0,0.0,0,0,0,0,0,0,1,0
CI,0, ,0.0,93.0,0,0,0,0,0,0,0,0
AF,D053L,22.036614,84.233703,2,JRS,53.0,12.0,273.0,2,3300,0,0,0,0,0,0
VI,0,IJHR,0.0,213.0,0,0,0,0,0,0,0,0

APPTR,I24,24,KINKI
IF,KINKI,22.321667,83.927222, ,0.0,0.0,0,0,0,0,0,0,0,0
TF,D343N,22.139650,83.987683,0, ,0.0,0.0,0.0,0.0,0,0,0,0,0,0,1,0
CI,0, ,0.0,163.0,0,0,0,0,0,0,0,0
AF,D053L,22.036614,84.233703,2,JRS,53.0,12.0,343.0,2,3300,0,0,0,0,0,0
VI,0,IJHR,0.0,213.0,0,0,0,0,0,0,0,0

APPTR,I24,24,LAGAM
IF,LAGAM,22.255556,84.816667, ,0.0,0.0,0,0,0,0,0,0,0,0
TF,D065N,22.018081,84.287656,0, ,0.0,0.0,0.0,0.0,0,0,0,0,0,0,1,0
CF,CI24,22.009642,84.252078,0,IJHR,62.8,13.4,256.0,2.1,2,3300,0,0,0,0,1,0

APPTR,I24,24,OGUNA
IF,OGUNA,21.484444,82.672500, ,0.0,0.0,0,0,0,0,0,0,0,0
TF,D252N,21.842897,83.823406,0, ,0.0,0.0,0.0,0.0,0,0,0,0,0,0,1,0
CI,0, ,0.0,72.0,0,0,0,0,0,0,0,0
AF,D053L,22.036614,84.233703,2,JRS,53.0,12.0,252.0,2,3300,0,0,0,0,0,0
VI,0,IJHR,0.0,213.0,0,0,0,0,0,0,0,0

FINAL,I24,24,I,3
IF,CI24,22.009642,84.252078,IJHR,62.8,13.4,2,3300,0,0,0,0,0,0
CF,FI24,21.965803,84.160497,0,IJHR,62.8,7.6,243.0,5.7,1,2800,0,0,0,0,2,0
CF,RW24,21.918322,84.061497,0,IJHR,62.7,1.4,243.0,6.2,1,809,0,0,0,0,3,0
CA,0,243.0,2,2800,0,0,0,0,0,0
DF,JRS,21.915917,84.061778,2, ,0.0,0.0,1,3300,0,0,0,0,0,0
HM,JRS,21.915917,84.061778,1, ,0.0,0.0,86.0,04.3,2,3300,0,0,0,0,0,0,0

APPTR,N24,24,JH1
IF,JH,21.921806,84.034611, ,0.0,0.0,2,3700,0,1,200,0,0,0
FC,JH,21.921806,84.034611,0,JH,0.0,0.0,97.0,8.3,2,2800,0,0,0,0,0,1
CF,FN24,21.948392,84.169022,1,JH,78.0,7.7,258.0,1.0,2,2800,0,0,0,0,0,0

APPTR,N24,24,JH2
IF,JH,21.921806,84.034611, ,0.0,0.0,2,3700,0,1,200,0,0,0
FC,JH,21.921806,84.034611,0,JH,0.0,0.0,89.0,8.3,2,2800,0,0,0,0,0,1
CF,FN24,21.948392,84.169022,1,JH,78.0,7.7,258.0,1.0,2,2800,0,0,0,0,0,0

FINAL,N24,24,N,2
IF,FN24,21.948392,84.169022,JH,0.0,0.0,2,2800,0,0,0,0,2,0
CF,JH,21.921806,84.034611,0,JH,0.0,0.0,258.0,7.7,1,1780,0,0,0,0,3,0
FA,JH,21.921806,84.034611,0,JH,0.0,0.0,258.0,2,3700,0,0,0,0,0,0
DF,JH,21.921806,84.034611,2, ,0.0,0.0,1,3700,0,0,0,0,0,0
HM,JH,21.921806,84.034611,1, ,0.0,0.0,97.0,04.3,2,3700,0,0,0,0,0,0,0

