APPTR,D08,08,JJS
IF,JJS,22.813194,86.173944, ,0.0,0.0,2,4200,0,0,0,0,1,0
FD,JJS,22.813194,86.173944,0,JJS,0.0,8.0,253.0,8.0,2,2500,0,0,0,0,0,0
CF,FD08,22.803375,86.053531,2,JJS,265.0,6.7,85.0,2.0,2,2500,0,0,0,0,0,0

FINAL,D08,08,D,2
IF,FD08,22.803375,86.053531,JJS,265.0,6.7,2,2500,0,0,0,0,2,0
CF,MD08,22.811728,86.155958,0,JJS,265.0,1.0,85.0,5.7,1,715,0,0,0,0,3,0
FA,MD08,22.811728,86.155958,0,JJS,0.0,0.0,95.0,2,2500,0,0,0,0,0,0
DF,JJS,22.813194,86.173944,2, ,0.0,0.0,1,4200,0,0,0,0,0,0
HM,JJS,22.813194,86.173944,1, ,0.0,0.0,253.0,04.3,2,4200,0,0,0,0,0,0,0

APPTR,D26,26,JJS
IF,JJS,22.813194,86.173944, ,0.0,0.0,2,4200,0,0,0,0,0,0
FD,JJS,22.813194,86.173944,0,JJS,0.0,10.0,115.0,10.0,2,3300,0,0,0,0,0,0
CI,0, ,0.0,115.0,0,0,0,0,0,0,0,0
AF,CD26,22.840972,86.388344,1,JJS,82.0,12.0,115.0,2,3300,0,0,0,0,1,0

FINAL,D26,26,D,4
IF,CD26,22.840972,86.388344,JJS,82.0,12.0,2,3300,0,0,0,0,0,0
CF,FD26,22.827581,86.284700,0,JJS,82.0,6.2,262.0,5.8,2,2500,0,0,0,0,2,0
CF,36VOR,22.821553,86.238244,0,JJS,82.0,3.6,262.0,2.6,2,1670,0,0,0,0,0,0
CF,MD26,22.814350,86.182861,0,JJS,82.0,0.5,262.0,3.1,1,691,0,0,0,0,3,0
FA,MD26,22.814350,86.182861,0,JJS,0.0,0.0,262.0,2,2200,0,0,0,0,0,0
DF,JJS,22.813194,86.173944,1, ,0.0,0.0,1,4200,0,0,0,0,0,0
HM,JJS,22.813194,86.173944,1, ,0.0,0.0,115.0,04.3,2,4200,0,0,0,0,0,0,0

APPTR,N08,08,TS
IF,TS,22.812083,86.168833, ,0.0,0.0,2,4200,0,0,0,0,0,0
FC,TS,22.812083,86.168833,0,JJS,0.0,0.0,252.0,9.0,2,2500,0,0,0,0,0,1
CF,FN08,22.800989,86.055503,2,JJS,263.7,6.6,84.0,3.0,2,2500,0,0,0,0,0,0

FINAL,N08,08,N,2
IF,FN08,22.800989,86.055503,TS,0.0,0.0,2,2500,0,0,0,0,2,0
CF,TS,22.812083,86.168833,0,TS,0.0,0.0,84.0,6.3,1,489,0,0,0,0,3,0
CA,0,96.0,2,2500,0,0,0,0,0,0
DF,TS,22.812083,86.168833,2, ,0.0,0.0,1,4200,0,0,0,0,0,0
HM,TS,22.812083,86.168833,1, ,0.0,0.0,252.0,04.3,2,4200,0,0,0,0,0,0,0

