APPTR,D04,04,ATVIK
IF,ATVIK,27.662778,95.290833, ,0.0,0.0,0,0,0,0,0,0,0,0
TF,D250N,27.860817,95.884956,0, ,0.0,0.0,0.0,0.0,0,0,0,0,0,0,1,0
CI,0, ,0.0,70.0,0,0,0,0,0,0,0,0
AF,CD04,27.777825,96.002556,1,TZU,216.0,12.0,250.0,2,2800,0,0,0,0,1,0

FINAL,D04,04,D,3
IF,CD04,27.777825,96.002556,TZU,216.0,12.0,2,2800,0,0,0,0,0,0
CF,FD04,27.850425,96.059631,0,TZU,216.0,6.7,36.0,5.3,1,2800,0,0,0,0,2,0
CF,MD04,27.925736,96.118936,0,TZU,216.0,1.2,36.0,5.5,1,1051,0,0,0,0,3,0
TF,D036A,27.955856,96.142683,0, ,0.0,0.0,0.0,0.0,0,0,0,0,0,0,0,1
CI,1, ,0.0,220.0,0,0,0,0,0,0,0,0
CF,D250N,27.860817,95.884956,0,TZU,250.7,14.0,250.0,7.0,1,3500,0,0,0,0,0,0
HM,D250N,27.860817,95.884956,1, ,0.0,0.0,70.0,04.3,2,3500,0,0,0,0,0,0,0

