APPTR,D16-Y,16,JSR1
IF,JSR,23.201778,89.152889, ,0.0,0.0,2,3000,0,1,220,0,1,0
FD,JSR,23.201778,89.152889,0,JSR,0.0,8.0,318.0,8.0,2,1700,0,0,0,0,0,0
CF,CD16Y,23.324914,89.096283,2,JSR,338.0,8.0,158.0,1.0,2,1700,0,0,0,0,0,0

APPTR,D16-Y,16,JSR2
IF,JSR,23.201778,89.152889, ,0.0,0.0,2,3000,0,1,140,0,1,0
FD,JSR,23.201778,89.152889,0,JSR,0.0,8.0,326.0,8.0,2,1700,0,0,0,0,0,0
CF,CD16Y,23.324914,89.096283,2,JSR,338.0,8.0,158.0,1.0,2,1700,0,0,0,0,0,0

FINAL,D16-Y,16,D,3
IF,CD16Y,23.324914,89.096283,JSR,338.0,8.0,2,1700,0,0,0,0,0,0
CF,FD16,23.271044,89.121061,0,JSR,338.0,4.5,158.0,3.5,2,1670,0,0,0,0,2,0
CF,JSR,23.201778,89.152889,0,JSR,0.0,0.0,158.0,4.5,1,233,0,0,0,0,3,0
FA,JSR,23.201778,89.152889,0,JSR,0.0,0.0,158.0,2,1500,0,0,0,0,0,0
DF,JSR,23.201778,89.152889,1, ,0.0,0.0,1,2000,0,0,0,0,0,0
HM,JSR,23.201778,89.152889,2, ,0.0,0.0,318.0,04.3,2,2000,0,1,230,0,0,0,0

APPTR,D16-Z,16,BL
IF,BL,22.797833,90.297833, ,0.0,0.0,0,0,0,0,0,0,0,0
TF,D111O,23.113153,89.406669,0, ,0.0,0.0,0.0,0.0,2,4000,0,0,0,0,1,0
CI,0, ,0.0,291.0,0,0,0,0,0,0,0,0
AF,D030L,23.377247,89.258269,1,JSR,30.0,12.0,111.0,2,3000,0,0,0,0,0,0
AF,D348L,23.397292,89.103972,1,JSR,348.0,12.0,30.0,0,0,0,0,0,0,0,1
CF,CD16Z,23.347992,89.085650,0,JSR,338.0,9.5,158.0,2.5,2,1700,0,0,0,0,1,0

APPTR,D16-Z,16,IBANU
IF,IBANU,23.430556,89.612222, ,0.0,0.0,0,0,0,0,0,0,0,0
TF,D063O,23.321008,89.391736,0, ,0.0,0.0,0.0,0.0,2,4000,0,0,0,0,1,0
CI,0, ,0.0,243.0,0,0,0,0,0,0,0,0
AF,D030L,23.377247,89.258269,1,JSR,30.0,12.0,63.0,2,3000,0,0,0,0,0,0
AF,D348L,23.397292,89.103972,1,JSR,348.0,12.0,30.0,0,0,0,0,0,0,0,1
CF,CD16Z,23.347992,89.085650,0,JSR,338.0,9.5,158.0,2.5,2,1700,0,0,0,0,1,0

FINAL,D16-Z,16,D,3
IF,CD16Z,23.347992,89.085650,JSR,338.0,9.5,2,1700,0,0,0,0,0,0
CF,FD16,23.271044,89.121061,0,JSR,338.0,4.5,158.0,5.0,2,1670,0,0,0,0,2,0
CF,JSR,23.201778,89.152889,0,JSR,0.0,0.0,158.0,4.5,1,233,0,0,0,0,3,0
FA,JSR,23.201778,89.152889,0,JSR,0.0,0.0,158.0,2,1500,0,0,0,0,0,0
DF,JSR,23.201778,89.152889,1, ,0.0,0.0,1,2000,0,0,0,0,0,0
HM,JSR,23.201778,89.152889,2, ,0.0,0.0,318.0,04.3,2,2000,0,1,230,0,0,0,0

APPTR,D34-Y,34,JSR1
IF,JSR,23.201778,89.152889, ,0.0,0.0,2,3000,0,1,220,0,1,0
FD,JSR,23.201778,89.152889,0,JSR,0.0,10.0,178.0,10.0,2,1700,0,0,0,0,0,0
CF,CD34Y,23.078617,89.209386,1,JSR,158.0,8.0,338.0,2.0,2,1700,0,0,0,0,0,0

APPTR,D34-Y,34,JSR2
IF,JSR,23.201778,89.152889, ,0.0,0.0,2,3000,0,1,140,0,1,0
FD,JSR,23.201778,89.152889,0,JSR,0.0,8.0,170.0,8.0,2,1700,0,0,0,0,0,0
CF,CD34Y,23.078617,89.209386,1,JSR,158.0,8.0,338.0,1.0,2,1700,0,0,0,0,0,0

FINAL,D34-Y,34,D,3
IF,CD34Y,23.078617,89.209386,JSR,158.0,8.0,2,1700,0,0,0,0,0,0
CF,FD34Y,23.097092,89.200919,0,JSR,158.0,6.8,338.0,1.2,2,1670,0,0,0,0,2,0
CF,RW34,23.173792,89.165367,0,JSR,158.6,1.8,338.0,5.0,1,70,0,0,0,0,3,0
CF,JSR,23.201778,89.152889,0,JSR,0.0,0.0,338.0,1.8,0,0,0,0,0,0,0,0
FA,JSR,23.201778,89.152889,0,JSR,0.0,0.0,338.0,2,1500,0,0,0,0,0,0
DF,JSR,23.201778,89.152889,2, ,0.0,0.0,1,2000,0,0,0,0,0,0
HM,JSR,23.201778,89.152889,1, ,0.0,0.0,178.0,04.3,2,2000,0,1,230,0,0,0,0

APPTR,D34-Z,34,BL
IF,BL,22.797833,90.297833, ,0.0,0.0,0,0,0,0,0,0,0,0
TF,D111L,23.130908,89.355939,0, ,0.0,0.0,0.0,0.0,2,4000,0,0,0,0,1,0
AF,D130L,23.075386,89.321439,2,JSR,130.0,12.0,111.0,2,3000,0,0,0,0,0,0
AF,D158L,23.017019,89.237589,2,JSR,158.0,12.0,130.0,0,0,0,0,0,0,0,0
CF,JRI34,23.019953,89.236258,0,JSR,158.0,11.8,338.0,0.2,2,1700,0,0,0,0,1,0

APPTR,D34-Z,34,IBANU
IF,IBANU,23.430556,89.612222, ,0.0,0.0,0,0,0,0,0,0,0,0
TF,D063L,23.297189,89.343931,0, ,0.0,0.0,0.0,0.0,2,4000,0,0,0,0,1,0
AF,D130L,23.075386,89.321439,2,JSR,130.0,12.0,63.0,2,3000,0,0,0,0,0,0
AF,D158L,23.017019,89.237589,2,JSR,158.0,12.0,130.0,0,0,0,0,0,0,0,0
CF,JRI34,23.019953,89.236258,0,JSR,158.0,11.8,338.0,0.2,2,1700,0,0,0,0,1,0

FINAL,D34-Z,34,D,3
IF,JRI34,23.019953,89.236258,JSR,158.0,11.8,2,1700,0,0,0,0,0,0
CF,JRF34,23.097092,89.200919,0,JSR,158.0,6.8,338.0,5.0,2,1670,0,0,0,0,2,0
CF,RW34,23.173792,89.165367,0,JSR,158.6,1.8,338.0,5.0,1,70,0,0,0,0,3,0
CF,JSR,23.201778,89.152889,0,JSR,0.0,0.0,338.0,1.8,0,0,0,0,0,0,0,0
FA,JSR,23.201778,89.152889,0,JSR,0.0,0.0,338.0,2,1500,0,0,0,0,0,0
DF,JSR,23.201778,89.152889,2, ,0.0,0.0,1,2000,0,0,0,0,0,0
HM,JSR,23.201778,89.152889,1, ,0.0,0.0,178.0,04.3,2,2000,0,1,230,0,0,0,0

APPTR,R16,16,JEBAN
IF,JEBAN,23.410189,89.059267, ,0.0,0.0,2,3000,0,1,230,0,1,0
TF,JR161,23.325236,89.097436,0, ,0.0,0.0,0.0,0.0,2,1700,0,1,200,0,1,0

APPTR,R16,16,JERIN
IF,JERIN,23.361144,89.189139, ,0.0,0.0,2,3000,0,1,230,0,1,0
TF,JR161,23.325236,89.097436,0, ,0.0,0.0,0.0,0.0,2,1700,0,1,200,0,1,0

FINAL,R16,16,R,3
IF,JR161,23.325236,89.097436, ,0.0,0.0,2,1700,0,1,200,0,0,0
TF,JR160,23.271169,89.121703,0, ,0.0,0.0,158.0,3.5,1,1660,0,0,0,0,2,0
TF,RW16,23.193872,89.156367,0, ,0.0,0.0,158.0,5.0,1,70,0,0,0,0,3,1
CA,0,158.0,2,1200,0,0,0,0,0,0
DF,ZIKOR,23.297189,89.343931,1, ,0.0,0.0,1,4000,0,1,230,0,0,1
HM,ZIKOR,23.297189,89.343931,2, ,0.0,0.0,242.0,04.3,2,4000,0,1,230,0,0,0,0

APPTR,R34,34,JR34C
IF,JR34C,22.957425,89.262172, ,0.0,0.0,2,3000,0,1,230,0,1,0
TF,JR341,23.042406,89.224161,0, ,0.0,0.0,0.0,0.0,2,1700,0,1,200,0,1,0

APPTR,R34,34,JR34R
IF,JR34R,23.078317,89.315672, ,0.0,0.0,2,3000,0,1,230,0,1,0
TF,JR341,23.042406,89.224161,0, ,0.0,0.0,0.0,0.0,2,1700,0,1,200,0,1,0

FINAL,R34,34,R,3
IF,JR341,23.042406,89.224161, ,0.0,0.0,2,1700,0,1,200,0,0,0
TF,JR340,23.096483,89.199958,0, ,0.0,0.0,338.0,3.5,1,1660,0,0,0,0,2,0
TF,RW34,23.173792,89.165367,0, ,0.0,0.0,338.0,5.0,1,70,0,0,0,0,3,1
CA,0,338.0,2,1200,0,0,0,0,0,0
DF,ZIKOR,23.297189,89.343931,2, ,0.0,0.0,1,4000,0,1,230,0,0,1
HM,ZIKOR,23.297189,89.343931,2, ,0.0,0.0,242.0,04.3,2,4000,0,1,230,0,0,0,0

APPTR,S16-X,16,JSR1
IF,JSR,23.201778,89.152889, ,0.0,0.0,2,3000,0,1,220,0,1,0
FC,JSR,23.201778,89.152889,0,JSR,0.0,0.0,318.0,9.2,2,1700,0,0,0,0,0,1
CF,FS16X,23.272714,89.120294,2,JSR,338.0,4.6,158.0,5.0,2,1700,0,0,0,0,0,0

APPTR,S16-X,16,JSR2
IF,JSR,23.201778,89.152889, ,0.0,0.0,2,3000,0,1,140,0,1,0
FC,JSR,23.201778,89.152889,0,JSR,0.0,0.0,326.0,7.0,2,1700,0,0,0,0,0,1
CF,FS16X,23.272714,89.120294,2,JSR,338.0,4.6,158.0,3.0,2,1700,0,0,0,0,0,0

FINAL,S16-X,16,D,2
IF,FS16X,23.272714,89.120294,JSR,338.0,4.6,2,1700,0,0,0,0,2,0
CF,JSR,23.201778,89.152889,0,JSR,0.0,0.0,158.0,4.6,1,233,0,0,0,0,3,0
FA,JSR,23.201778,89.152889,0,JSR,0.0,0.0,158.0,2,1500,0,0,0,0,0,0
DF,JSR,23.201778,89.152889,1, ,0.0,0.0,1,2000,0,0,0,0,0,0
HM,JSR,23.201778,89.152889,2, ,0.0,0.0,318.0,04.3,2,2000,0,1,230,0,0,0,0

APPTR,S34-X,34,JSR1
IF,JSR,23.201778,89.152889, ,0.0,0.0,2,3000,0,1,220,0,1,0
FC,JSR,23.201778,89.152889,0,JSR,0.0,0.0,178.0,9.2,2,1700,0,0,0,0,0,1
CF,FS34X,23.095111,89.201828,1,JSR,158.0,6.9,338.0,3.0,2,1700,0,0,0,0,0,0

APPTR,S34-X,34,JSR2
IF,JSR,23.201778,89.152889, ,0.0,0.0,2,3000,0,1,140,0,1,0
FC,JSR,23.201778,89.152889,0,JSR,0.0,0.0,170.0,7.0,2,1700,0,0,0,0,0,1
CF,FS34X,23.095111,89.201828,1,JSR,158.0,6.9,338.0,1.0,2,1700,0,0,0,0,0,0

FINAL,S34-X,34,D,2
IF,FS34X,23.095111,89.201828,JSR,158.0,6.9,2,1700,0,0,0,0,2,0
CF,RW34,23.173792,89.165367,0,JSR,158.6,1.8,338.0,5.1,1,70,0,0,0,0,3,0
CF,JSR,23.201778,89.152889,0,JSR,0.0,0.0,338.0,1.8,0,0,0,0,0,0,0,0
FA,JSR,23.201778,89.152889,0,JSR,0.0,0.0,338.0,2,1500,0,0,0,0,0,0
DF,JSR,23.201778,89.152889,2, ,0.0,0.0,1,2000,0,0,0,0,0,0
HM,JSR,23.201778,89.152889,1, ,0.0,0.0,178.0,04.3,2,2000,0,1,230,0,0,0,0

