SID,ZOYS1A,36,2
CA,0,1.0,2,2330,0,0,0,0,0,0
FA,LNT,20.956806,101.400444,0,LNT,0.0,0.0,4.0,2,4000,0,0,0,0,0,0
VI,2, ,0.0,175.0,0,0,0,0,0,0,0,0
CF,ZOYSA,20.613889,101.655000,0,LNT,146.0,25.0,145.0,15.0,0,0,0,0,0,0,0,0

STAR,ZOYS1B,18,2
IF,LPB,19.910961,102.171908, ,0.0,0.0,0,0,0,0,0,0,0,0
TF,ZOYSA,20.613889,101.655000,0, ,0.0,0.0,0.0,0.0,0,0,0,0,0,0,0,0
TF,D145M,20.778542,101.532953,0, ,0.0,0.0,0.0,0.0,2,7000,0,0,0,0,0,0

APPTR,D18,18,ZOYSA
IF,ZOYSA,20.613889,101.655000, ,0.0,0.0,0,0,0,0,0,0,0,0
TF,D145M,20.778542,101.532953,0, ,0.0,0.0,0.0,0.0,2,7000,0,0,0,0,1,0
CI,0, ,0.0,325.0,0,0,0,0,0,0,0,0
AF,D039K,21.101756,101.521158,1,LNT,39.0,11.0,145.0,2,6800,0,0,0,0,0,0
AF,CF18,21.140553,101.410708,1,LNT,4.0,11.0,39.0,2,5600,0,0,0,0,1,0

FINAL,D18,18,D,7
IF,CF18,21.140553,101.410708,LNT,4.0,11.0,2,5600,0,0,0,0,0,0
CF,90VOR,21.107144,101.408839,0,LNT,4.0,9.0,184.0,2.0,2,4950,0,0,0,0,0,0
CF,75VOR,21.082089,101.407439,0,LNT,4.0,7.5,184.0,1.5,2,4460,0,0,0,0,0,0
CF,FF18,21.058703,101.406133,0,LNT,4.0,6.1,184.0,1.4,2,4000,0,0,0,0,2,0
CF,49VOR,21.038656,101.405011,0,LNT,4.0,4.9,184.0,1.2,2,3500,0,0,0,0,0,0
CF,40VOR,21.023622,101.404172,0,LNT,4.0,4.0,184.0,0.9,2,3180,0,0,0,0,0,0
CF,MA18,20.993556,101.402494,0,LNT,4.0,2.2,184.0,1.8,1,2466,0,0,0,0,3,0
VI,0, ,0.0,175.0,0,0,0,0,0,0,0,0
CF,D145M,20.778542,101.532953,0,LNT,146.0,13.0,145.0,12.0,1,7000,0,0,0,0,0,0
HM,D145M,20.778542,101.532953,1, ,0.0,0.0,325.0,04.3,2,7000,0,0,0,0,0,0,0

