SID,AGSA1A,04,2
VA,0,44.0,2,5500,0,0,0,0,0,0
VI,1, ,0.0,220.0,0,0,0,0,0,0,0,0
CF,AGSAN,20.538778,103.829306,0,NKH,249.5,15.0,250.0,8.0,0,0,0,0,0,0,0,0
TF,LPB,19.910961,102.171908,0, ,0.0,0.0,0.0,0.0,0,0,0,0,0,0,0,0

SID,AGSA1B,22,2
VA,0,224.0,2,5500,0,0,0,0,0,0
VI,0, ,0.0,280.0,0,0,0,0,0,0,0,0
CF,AGSAN,20.538778,103.829306,0,NKH,249.5,15.0,250.0,8.0,0,0,0,0,0,0,0,0
TF,LPB,19.910961,102.171908,0, ,0.0,0.0,0.0,0.0,0,0,0,0,0,0,0,0

SID,KECO1A,04,2
VA,0,44.0,2,5500,0,0,0,0,0,0
VI,2, ,0.0,263.0,0,0,0,0,0,0,0,0
CF,KECOA,20.427611,103.921000,0,NKH,216.9,15.0,218.0,14.0,0,0,0,0,0,0,0,0
TF,THX,19.455500,103.181028,0, ,0.0,0.0,0.0,0.0,0,0,0,0,0,0,0,0

SID,KECO1B,22,2
VA,0,224.0,2,5500,0,0,0,0,0,0
CF,KECOA,20.427611,103.921000,0,NKH,216.9,15.0,218.0,11.0,0,0,0,0,0,0,0,0
TF,THX,19.455500,103.181028,0, ,0.0,0.0,0.0,0.0,0,0,0,0,0,0,0,0

APPTR,D04,04,AGSAN
IF,AGSAN,20.538778,103.829306, ,0.0,0.0,2,9700,0,0,0,0,1,0
AF,KECOA,20.427611,103.921000,1,NKH,216.9,15.0,250.0,2,7700,0,0,0,0,1,0
TF,FF04,20.515750,103.988639,0, ,0.0,0.0,0.0,0.0,2,5940,0,0,0,0,0,0

APPTR,D04,04,NKH
IF,NKH,20.630944,104.077194, ,0.0,0.0,2,10000,0,0,0,0,1,0
FD,NKH,20.630944,104.077194,0,NKH,0.0,10.0,227.0,10.0,2,6900,0,0,0,0,0,0
CF,FF04,20.515750,103.988639,1,NKH,216.9,8.5,38.0,2.0,2,5940,0,0,0,0,0,0

FINAL,D04,04,D,3
IF,FF04,20.515750,103.988639,NKH,216.9,8.5,2,5940,0,0,0,0,2,0
CF,57VOR,20.554056,104.018083,0,NKH,216.9,5.7,38.0,2.8,2,5050,0,0,0,0,0,0
CF,MA04,20.598778,104.052444,0,NKH,216.9,2.4,38.0,3.3,1,3983,0,0,0,0,3,0
CA,0,38.0,2,5500,0,0,0,0,0,0
DF,NKH,20.630944,104.077194,2, ,0.0,0.0,0,0,0,0,0,0,0,0
HM,NKH,20.630944,104.077194,1, ,0.0,0.0,227.0,04.3,2,6400,0,0,0,0,0,0,0

APPTR,D22,22,NKH
IF,NKH,20.630944,104.077194, ,0.0,0.0,2,9000,0,0,0,0,1,0
FD,NKH,20.630944,104.077194,0,NKH,0.0,11.0,43.0,11.0,0,0,0,0,0,0,0,0
CF,CS22,20.750000,104.226444,2,NKH,50.7,11.0,231.0,1.0,2,6700,0,0,0,0,1,0

FINAL,D22,22,D,4
IF,CS22,20.750000,104.226444,NKH,50.7,11.0,2,6700,0,0,0,0,0,0
CF,FS22,20.686139,104.146389,0,NKH,50.7,5.1,231.0,5.9,2,5130,0,0,0,0,2,0
CF,41VOR,20.675556,104.133083,0,NKH,50.7,4.1,231.0,1.0,2,4810,0,0,0,0,0,0
CF,MS22,20.649583,104.100556,0,NKH,50.7,1.7,231.0,2.4,1,4041,0,0,0,0,3,0
CA,0,231.0,2,5500,0,0,0,0,0,0
DF,NKH,20.630944,104.077194,2, ,0.0,0.0,0,0,0,0,0,0,0,0
HM,NKH,20.630944,104.077194,2, ,0.0,0.0,42.0,04.3,2,6700,0,0,0,0,0,0,0

APPTR,I22,22,NKH
IF,NKH,20.630944,104.077194, ,0.0,0.0,2,8600,0,0,0,0,1,0
FD,NKH,20.630944,104.077194,0,NKH,0.0,11.0,29.0,11.0,0,0,0,0,0,0,0,0
CF,CF22,20.765611,104.210556,2,INKH,42.7,12.4,223.0,1.0,2,6700,0,0,0,0,1,0

FINAL,I22,22,I,3
IF,CF22,20.765611,104.210556,INKH,42.7,12.4,2,6700,0,0,0,0,0,0
CF,FF22,20.692889,104.141556,0,INKH,42.7,6.5,223.0,5.8,1,5150,0,0,0,0,2,0
CF,RW22,20.629494,104.081528,0,INKH,42.7,1.5,223.0,5.1,1,3530,0,0,0,0,3,0
CA,0,223.0,2,5500,0,0,0,0,0,0
DF,NKH,20.630944,104.077194,2, ,0.0,0.0,0,0,0,0,0,0,0,0
HM,NKH,20.630944,104.077194,2, ,0.0,0.0,29.0,04.3,2,6700,0,0,0,0,0,0,0

APPTR,L22,22,NKH
IF,NKH,20.630944,104.077194, ,0.0,0.0,2,8600,0,0,0,0,1,0
FD,NKH,20.630944,104.077194,0,NKH,0.0,11.0,29.0,11.0,0,0,0,0,0,0,0,0
CF,CF22,20.765611,104.210556,2,INKH,42.7,12.4,223.0,1.0,2,6700,0,0,0,0,1,0

FINAL,L22,22,D,4
IF,CF22,20.765611,104.210556,INKH,42.7,12.4,2,6700,0,0,0,0,0,0
CF,FF22,20.692889,104.141556,0,INKH,42.7,6.5,223.0,5.8,2,5150,0,0,0,0,2,0
CF,43LOC,20.680667,104.129972,0,INKH,42.7,5.6,223.0,1.0,2,4840,0,0,0,0,0,0
CF,MA22,20.639444,104.090944,0,INKH,42.7,2.3,223.0,3.3,1,3784,0,0,0,0,3,0
CA,0,223.0,2,5500,0,0,0,0,0,0
DF,NKH,20.630944,104.077194,2, ,0.0,0.0,0,0,0,0,0,0,0,0
HM,NKH,20.630944,104.077194,2, ,0.0,0.0,29.0,04.3,2,6700,0,0,0,0,0,0,0

