APPTR,D09,09,ADKAL
IF,ADKAL,11.848333,78.280278, ,0.0,0.0,0,0,0,0,0,0,0,0
TF,D123N,12.828500,77.885442,0, ,0.0,0.0,0.0,0.0,0,0,0,0,0,0,1,1
CI,0, ,0.0,303.0,0,0,0,0,0,0,0,0
AF,D217L,12.785164,77.563597,2,BBG,217.0,12.0,123.0,2,5100,0,0,0,0,0,0
AF,D269L,12.939156,77.476469,2,BBG,269.0,12.0,217.0,2,4600,0,0,0,0,1,0
TF,FD09,12.943678,77.563392,0, ,0.0,0.0,0.0,0.0,2,4600,0,0,0,0,0,0

APPTR,D09,09,BBG1
IF,BBG,12.949750,77.681000, ,0.0,0.0,2,6000,0,0,0,0,0,0
FD,BBG,12.949750,77.681000,0,BBG,0.0,9.0,248.0,9.0,2,4600,0,0,0,0,0,0
CF,FD09,12.943678,77.563392,2,BBG,269.0,6.9,89.0,3.0,2,4600,0,0,0,0,0,0

APPTR,D09,09,BBG2
IF,BBG,12.949750,77.681000, ,0.0,0.0,2,6000,0,0,0,0,0,0
FD,BBG,12.949750,77.681000,0,BBG,0.0,8.0,257.0,8.0,2,4600,0,0,0,0,0,0
CF,FD09,12.943678,77.563392,2,BBG,269.0,6.9,89.0,2.0,2,4600,0,0,0,0,0,0

APPTR,D09,09,UGABA
IF,UGABA,12.149722,77.291389, ,0.0,0.0,0,0,0,0,0,0,0,0
TF,D217N,12.757511,77.544358,0, ,0.0,0.0,0.0,0.0,0,0,0,0,0,0,1,0
CI,0, ,0.0,25.0,0,0,0,0,0,0,0,0
AF,D269L,12.939156,77.476469,2,BBG,269.0,12.0,217.0,2,4600,0,0,0,0,1,0
TF,FD09,12.943678,77.563392,0, ,0.0,0.0,0.0,0.0,2,4600,0,0,0,0,0,0

FINAL,D09,09,D,2
IF,FD09,12.943678,77.563392,BBG,269.0,6.9,2,4600,0,0,0,0,2,0
CF,RW09,12.948889,77.653806,0,BBG,270.2,1.6,89.0,5.3,1,2924,0,0,0,0,3,0
CF,BBG,12.949750,77.681000,0,BBG,0.0,0.0,89.0,1.6,0,0,0,0,0,0,0,1
FA,BBG,12.949750,77.681000,0,BBG,0.0,0.0,89.0,2,5000,0,0,0,0,0,0
DF,BBG,12.949750,77.681000,1, ,0.0,0.0,1,6000,0,0,0,0,0,0
HM,BBG,12.949750,77.681000,1, ,0.0,0.0,248.0,04.3,2,6000,0,0,0,0,0,0,0

APPTR,D27,27,ADKAL
IF,ADKAL,11.848333,78.280278, ,0.0,0.0,0,0,0,0,0,0,0,0
TF,D120M,12.848481,77.877358,0, ,0.0,0.0,0.0,0.0,0,0,0,0,0,0,1,1
CI,0, ,0.0,340.0,0,0,0,0,0,0,0,0
AF,D082K,12.981661,77.865919,1,BBG,82.0,11.0,120.0,2,4600,0,0,0,0,1,0
TF,FD27,12.965719,77.773453,0, ,0.0,0.0,0.0,0.0,2,4600,0,0,0,0,0,0

APPTR,D27,27,BBG1
IF,BBG,12.949750,77.681000, ,0.0,0.0,2,6000,0,0,0,0,0,0
FD,BBG,12.949750,77.681000,0,BBG,0.0,8.0,107.0,8.0,2,4600,0,0,0,0,0,0
CF,FD27,12.965719,77.773453,1,BBG,82.0,5.5,262.0,3.0,2,4600,0,0,0,0,0,0

APPTR,D27,27,BBG2
IF,BBG,12.949750,77.681000, ,0.0,0.0,2,6000,0,0,0,0,0,0
FD,BBG,12.949750,77.681000,0,BBG,0.0,8.0,94.0,8.0,2,4600,0,0,0,0,0,0
CF,FD27,12.965719,77.773453,1,BBG,82.0,5.5,262.0,3.0,2,4600,0,0,0,0,0,0

APPTR,D27,27,UGABA
IF,UGABA,12.149722,77.291389, ,0.0,0.0,0,0,0,0,0,0,0,0
TF,D218M,12.773417,77.550994,0, ,0.0,0.0,0.0,0.0,0,0,0,0,0,0,1,1
CI,0, ,0.0,38.0,0,0,0,0,0,0,0,0
AF,D110K,12.892783,77.859519,1,BBG,110.0,11.0,218.0,2,5100,0,0,0,0,0,0
AF,D082K,12.981661,77.865919,1,BBG,82.0,11.0,110.0,2,4600,0,0,0,0,1,0
TF,FD27,12.965719,77.773453,0, ,0.0,0.0,0.0,0.0,2,4600,0,0,0,0,0,0

FINAL,D27,27,D,2
IF,FD27,12.965719,77.773453,BBG,82.0,5.5,2,4600,0,0,0,0,2,0
CF,RW27,12.951667,77.684333,0,BBG,61.6,0.2,262.0,5.3,1,2943,0,0,0,0,3,0
CF,BBG,12.949750,77.681000,0,BBG,0.0,0.0,262.0,0.2,0,0,0,0,0,0,0,1
FA,BBG,12.949750,77.681000,0,BBG,0.0,0.0,262.0,2,5000,0,0,0,0,0,0
DF,BBG,12.949750,77.681000,2, ,0.0,0.0,1,6000,0,0,0,0,0,0
HM,BBG,12.949750,77.681000,2, ,0.0,0.0,107.0,04.3,2,6000,0,0,0,0,0,0,0

APPTR,I27,27,ADKAL
IF,ADKAL,11.848333,78.280278, ,0.0,0.0,0,0,0,0,0,0,0,0
TF,D120M,12.848481,77.877358,0, ,0.0,0.0,0.0,0.0,0,0,0,0,0,0,1,1
CI,0, ,0.0,340.0,0,0,0,0,0,0,0,0
AF,D099K,12.927239,77.867333,1,BBG,99.0,11.0,120.0,2,4500,0,0,0,0,0,0
VI,0,IBLR,0.0,298.0,0,0,0,0,0,0,0,0

APPTR,I27,27,BBG
IF,BBG,12.949750,77.681000, ,0.0,0.0,2,6000,0,0,0,0,0,0
CF,D088I,12.962639,77.800939,0,BBG,85.7,7.1,87.0,7.1,2,4500,0,0,0,0,0,0
FC,D088I,12.962639,77.800939,0,BBG,0.0,0.0,133.0,4.4,2,4500,0,0,0,0,0,1
CI,1,IBLR,0.0,313.0,0,0,0,0,0,0,0,0

APPTR,I27,27,UGABA
IF,UGABA,12.149722,77.291389, ,0.0,0.0,0,0,0,0,0,0,0,0
TF,D218M,12.773417,77.550994,0, ,0.0,0.0,0.0,0.0,0,0,0,0,0,0,1,1
CI,0, ,0.0,38.0,0,0,0,0,0,0,0,0
AF,D125K,12.849408,77.838397,1,BBG,125.0,11.0,218.0,2,6000,0,0,0,0,0,0
AF,D099K,12.927239,77.867333,1,BBG,99.0,11.0,125.0,2,4500,0,0,0,0,0,0
VI,0,IBLR,0.0,298.0,0,0,0,0,0,0,0,0

FINAL,I27,27,I,3
IF,CI27,12.968900,77.867717,IBLR,86.5,12.8,2,4500,0,0,0,0,0,0
CF,FI27,12.959447,77.766956,0,IBLR,86.5,6.8,268.0,5.9,1,4500,0,0,0,0,2,0
CF,RW27,12.951667,77.684333,0,IBLR,86.5,2.0,268.0,4.9,1,2943,0,0,0,0,3,0
CA,0,268.0,2,4000,0,0,0,0,0,0
DF,BBG,12.949750,77.681000,2, ,0.0,0.0,1,6000,0,0,0,0,0,0
HM,BBG,12.949750,77.681000,2, ,0.0,0.0,87.0,04.3,2,6000,0,0,0,0,0,0,0

