APPTR,D07,07,KNR1
IF,KNR,11.915861,75.533861, ,0.0,0.0,2,4300,0,1,220,0,0,0
FD,KNR,11.915861,75.533861,0,KNR,0.0,8.5,270.0,8.5,2,2400,0,0,0,0,0,0
CF,FD07,11.867417,75.433022,1,KNR,246.0,6.6,66.0,2.0,2,2400,0,0,0,0,0,0

APPTR,D07,07,KNR2
IF,KNR,11.915861,75.533861, ,0.0,0.0,2,4300,0,1,220,0,0,0
FD,KNR,11.915861,75.533861,0,KNR,0.0,8.5,257.0,8.5,2,2400,0,0,0,0,0,0
CF,FD07,11.867417,75.433022,1,KNR,246.0,6.6,66.0,2.0,2,2400,0,0,0,0,0,0

FINAL,D07,07,D,2
IF,FD07,11.867417,75.433022,KNR,246.0,6.6,2,2400,0,0,0,0,2,0
CF,MD07,11.908533,75.518575,0,KNR,246.0,1.0,66.0,5.6,1,643,0,0,0,0,3,0
FA,MD07,11.908533,75.518575,0,KNR,0.0,0.0,66.0,2,2000,0,0,0,0,0,0
DF,KNR,11.915861,75.533861,1, ,0.0,0.0,1,4300,0,1,200,0,0,0
HM,KNR,11.915861,75.533861,1, ,0.0,0.0,270.0,04.3,2,4300,0,1,230,0,0,0,0

APPTR,D25,25,KNR1
IF,KNR,11.915861,75.533861, ,0.0,0.0,2,2800,0,1,220,0,0,0
FD,KNR,11.915861,75.533861,0,KNR,0.0,9.0,52.0,9.0,2,2400,0,0,0,0,0,0
CF,FD25,11.956714,75.661608,2,KNR,74.0,7.9,254.0,1.0,2,2400,0,0,0,0,0,0

APPTR,D25,25,KNR2
IF,KNR,11.915861,75.533861, ,0.0,0.0,2,2800,0,1,220,0,0,0
FD,KNR,11.915861,75.533861,0,KNR,0.0,9.0,64.0,9.0,2,2400,0,0,0,0,0,0
CF,FD25,11.956714,75.661608,2,KNR,74.0,7.9,254.0,1.0,2,2400,0,0,0,0,0,0

FINAL,D25,25,D,2
IF,FD25,11.956714,75.661608,KNR,74.0,7.9,2,2400,0,0,0,0,2,0
CF,MD25,11.931389,75.582364,0,KNR,74.0,3.0,254.0,4.9,1,864,0,0,0,0,3,0
CF,KNR,11.915861,75.533861,0,KNR,0.0,0.0,254.0,3.0,0,0,0,0,0,0,0,0
FA,KNR,11.915861,75.533861,0,KNR,0.0,0.0,254.0,2,2000,0,0,0,0,0,0
DF,KNR,11.915861,75.533861,1, ,0.0,0.0,1,2800,0,0,0,0,0,0
HM,KNR,11.915861,75.533861,1, ,0.0,0.0,52.0,04.3,2,2800,0,0,0,0,0,0,0

APPTR,I25,25,KNR1
IF,KNR,11.915861,75.533861, ,0.0,0.0,2,2800,0,1,220,0,0,0
FD,KNR,11.915861,75.533861,0,KNR,0.0,9.5,51.0,9.5,2,2400,0,0,0,0,0,0
CF,CI25,11.970411,75.685503,2,IKAN,71.2,9.9,251.0,1.0,2,2400,0,0,0,0,0,0

APPTR,I25,25,KNR2
IF,KNR,11.915861,75.533861, ,0.0,0.0,2,2800,0,1,220,0,0,0
FD,KNR,11.915861,75.533861,0,KNR,0.0,9.5,62.0,9.5,2,2400,0,0,0,0,0,0
CF,CI25,11.970411,75.685503,2,IKAN,71.2,9.9,251.0,1.0,2,2400,0,0,0,0,0,0

FINAL,I25,25,I,3
IF,CI25,11.970411,75.685503,IKAN,71.2,9.9,2,2400,0,0,0,0,0,0
CF,FI25,11.960719,75.659592,0,IKAN,71.2,8.2,251.0,1.6,1,2400,0,0,0,0,2,0
CF,RW25,11.922483,75.557436,0,IKAN,71.2,1.8,251.0,6.4,1,372,0,0,0,0,3,0
FA,RW25,11.922483,75.557436,0,KNR,0.0,0.0,251.0,2,2000,0,0,0,0,0,0
DF,KNR,11.915861,75.533861,1, ,0.0,0.0,1,2800,0,0,0,0,0,0
HM,KNR,11.915861,75.533861,1, ,0.0,0.0,51.0,04.3,2,2800,0,0,0,0,0,0,0

APPTR,R07-Y,07,KN411
IF,KN411,11.728536,75.374711, ,0.0,0.0,2,3000,0,1,220,0,1,0
TF,KN412,11.838039,75.332333,0, ,0.0,0.0,0.0,0.0,2,3000,0,1,220,0,0,0

APPTR,R07-Y,07,KN413
IF,KN413,11.947536,75.289925, ,0.0,0.0,2,3000,0,1,220,0,1,0
TF,KN412,11.838039,75.332333,0, ,0.0,0.0,0.0,0.0,2,3000,0,1,220,0,0,0

FINAL,R07-Y,07,R,3
IF,KN412,11.838039,75.332333, ,0.0,0.0,2,3000,0,1,220,0,0,0
TF,KN414,11.873817,75.427628,0, ,0.0,0.0,71.0,6.0,1,2400,0,0,0,0,2,0
TF,RW07,11.912675,75.531258,0, ,0.0,0.0,71.0,6.5,1,394,0,0,0,0,3,1
TF,KN415,11.981967,75.716372,0, ,0.0,0.0,71.0,0.0,0,0,0,1,210,0,0,0
TF,KN416,12.091522,75.674094,0, ,0.0,0.0,0.0,0.0,0,0,0,1,210,0,0,0
TF,KN413,11.947536,75.289925,0, ,0.0,0.0,0.0,0.0,0,0,0,1,210,0,0,0
TF,KN412,11.838039,75.332333,0, ,0.0,0.0,0.0,0.0,1,3000,0,1,210,0,0,0
HM,KN412,11.838039,75.332333,2, ,0.0,0.0,71.0,04.3,2,3000,0,1,230,0,0,0,0

