APPTR,D10,10,NDD1
FD,NDD,19.178861,77.334417,0,NDD,0.0,8.0,304.0,8.0,2,2800,0,0,0,0,0,0
CF,FD10,19.195972,77.232094,1,NDD,280.0,5.9,100.0,3.0,2,2800,0,0,0,0,0,0

APPTR,D10,10,NDD2
FD,NDD,19.178861,77.334417,0,NDD,0.0,8.0,292.0,8.0,2,2800,0,0,0,0,0,0
CF,FD10,19.195972,77.232094,1,NDD,280.0,5.9,100.0,3.0,2,2800,0,0,0,0,0,0

FINAL,D10,10,D,2
IF,FD10,19.195972,77.232094,NDD,280.0,5.9,2,2800,0,0,0,0,2,0
CF,RW10,19.182750,77.314694,0,NDD,281.7,1.1,100.0,4.8,1,1291,0,0,0,0,3,0
CF,NDD,19.178861,77.334417,0,NDD,0.0,0.0,100.0,1.2,0,0,0,0,0,0,0,1
FA,NDD,19.178861,77.334417,0,NDD,0.0,0.0,100.0,2,2600,0,0,0,0,0,0
DF,NDD,19.178861,77.334417,2, ,0.0,0.0,1,3300,0,0,0,0,0,0
HM,NDD,19.178861,77.334417,1, ,0.0,0.0,304.0,04.3,2,3300,0,0,0,0,0,0,0

APPTR,D28,28,NDD1
FD,NDD,19.178861,77.334417,0,NDD,0.0,7.0,66.0,7.0,2,2800,0,0,0,0,0,0
CF,FD28,19.174550,77.420575,2,NDD,93.0,4.9,273.0,3.0,2,2800,0,0,0,0,0,0

APPTR,D28,28,NDD2
FD,NDD,19.178861,77.334417,0,NDD,0.0,7.0,80.0,7.0,2,2800,0,0,0,0,0,0
CF,FD28,19.174550,77.420575,2,NDD,93.0,4.9,273.0,3.0,2,2800,0,0,0,0,0,0

FINAL,D28,28,D,2
IF,FD28,19.174550,77.420575,NDD,93.0,4.9,2,2800,0,0,0,0,2,0
CF,NDD,19.178861,77.334417,0,NDD,0.0,0.0,273.0,4.9,1,1256,0,0,0,0,3,0
FA,NDD,19.178861,77.334417,0,NDD,0.0,0.0,273.0,2,2600,0,0,0,0,0,0
DF,NDD,19.178861,77.334417,1, ,0.0,0.0,1,3300,0,0,0,0,0,0
HM,NDD,19.178861,77.334417,2, ,0.0,0.0,66.0,04.3,2,3300,0,0,0,0,0,0,0

