APPTR,D09,09,D034T
IF,D034T,11.052675,78.905042, ,0.0,0.0,0,0,0,0,0,0,1,0
TF,D034O,10.981703,78.860100,0, ,0.0,0.0,0.0,0.0,2,4100,0,0,0,0,0,0
CI,0, ,0.0,214.0,0,0,0,0,0,0,0,0
AF,D265M,10.742144,78.506933,1,TTR,265.0,13.0,34.0,2,2300,0,0,0,0,1,0
TF,FD09,10.754033,78.604403,0, ,0.0,0.0,0.0,0.0,2,2300,0,0,0,0,0,0

APPTR,D09,09,D053T
IF,D053T,10.979372,78.988783, ,0.0,0.0,0,0,0,0,0,0,1,0
TF,D053O,10.926736,78.922903,0, ,0.0,0.0,0.0,0.0,2,4100,0,0,0,0,0,0
CI,0, ,0.0,233.0,0,0,0,0,0,0,0,0
AF,D265M,10.742144,78.506933,1,TTR,265.0,13.0,53.0,2,2300,0,0,0,0,1,0
TF,FD09,10.754033,78.604403,0, ,0.0,0.0,0.0,0.0,2,2300,0,0,0,0,0,0

APPTR,D09,09,D150T
IF,D150T,10.484714,78.904706, ,0.0,0.0,0,0,0,0,0,0,1,0
TF,D150O,10.555731,78.859911,0, ,0.0,0.0,0.0,0.0,2,4100,0,0,0,0,0,0
CI,0, ,0.0,330.0,0,0,0,0,0,0,0,0
AF,D265M,10.742144,78.506933,2,TTR,265.0,13.0,150.0,2,2300,0,0,0,0,1,0
TF,FD09,10.754033,78.604403,0, ,0.0,0.0,0.0,0.0,2,2300,0,0,0,0,0,0

APPTR,D09,09,D165T
IF,D165T,10.448497,78.824319, ,0.0,0.0,0,0,0,0,0,0,1,0
TF,D165O,10.528564,78.799608,0, ,0.0,0.0,0.0,0.0,2,4100,0,0,0,0,0,0
CI,0, ,0.0,345.0,0,0,0,0,0,0,0,0
AF,D265M,10.742144,78.506933,2,TTR,265.0,13.0,165.0,2,2300,0,0,0,0,1,0
TF,FD09,10.754033,78.604403,0, ,0.0,0.0,0.0,0.0,2,2300,0,0,0,0,0,0

APPTR,D09,09,D216T
IF,D216T,10.491072,78.536200, ,0.0,0.0,0,0,0,0,0,0,1,0
TF,D216O,10.560503,78.583469,0, ,0.0,0.0,0.0,0.0,2,4100,0,0,0,0,0,0
CI,0, ,0.0,36.0,0,0,0,0,0,0,0,0
AF,D265M,10.742144,78.506933,2,TTR,265.0,13.0,216.0,2,2300,0,0,0,0,1,0
TF,FD09,10.754033,78.604403,0, ,0.0,0.0,0.0,0.0,2,2300,0,0,0,0,0,0

APPTR,D09,09,D321T
IF,D321T,11.021392,78.503036, ,0.0,0.0,0,0,0,0,0,0,1,0
TF,D321O,10.958244,78.558664,0, ,0.0,0.0,0.0,0.0,2,4100,0,0,0,0,0,0
CI,0, ,0.0,141.0,0,0,0,0,0,0,0,0
AF,D265M,10.742144,78.506933,1,TTR,265.0,13.0,321.0,2,2300,0,0,0,0,1,0
TF,FD09,10.754033,78.604403,0, ,0.0,0.0,0.0,0.0,2,2300,0,0,0,0,0,0

APPTR,D09,09,TTR1
IF,TTR,10.768750,78.725408, ,0.0,0.0,2,3000,0,1,220,0,1,0
TF,D288I,10.810250,78.578892,0, ,0.0,0.0,0.0,0.0,2,2300,0,0,0,0,0,1
CF,FD09,10.754033,78.604403,1,TTR,265.0,7.2,85.0,2.0,2,2300,0,0,0,0,0,0

APPTR,D09,09,TTR2
IF,TTR,10.768750,78.725408, ,0.0,0.0,2,3000,0,0,0,0,1,0
TF,D276I,10.779222,78.573372,0, ,0.0,0.0,0.0,0.0,2,2300,0,0,0,0,0,1
CF,FD09,10.754033,78.604403,1,TTR,265.0,7.2,85.0,2.0,2,2300,0,0,0,0,0,0

FINAL,D09,09,D,2
IF,FD09,10.754033,78.604403,TTR,265.0,7.2,2,2300,0,0,0,0,2,0
CF,MD09,10.764667,78.691792,0,TTR,265.0,2.0,85.0,5.2,1,647,0,0,0,0,3,0
CF,TTR,10.768750,78.725408,0,TTR,0.0,0.0,85.0,2.0,0,0,0,0,0,0,0,0
FA,TTR,10.768750,78.725408,0,TTR,0.0,0.0,85.0,2,2000,0,0,0,0,0,0
DF,TTR,10.768750,78.725408,2, ,0.0,0.0,1,3000,0,1,185,0,0,0
HM,TTR,10.768750,78.725408,2, ,0.0,0.0,288.0,04.3,2,3000,0,1,230,0,0,0,0

APPTR,D27,27,D034T
IF,D034T,11.052675,78.905042, ,0.0,0.0,0,0,0,0,0,0,1,0
TF,D034N,10.967508,78.851114,0, ,0.0,0.0,0.0,0.0,2,4100,0,0,0,0,0,0
CI,0, ,0.0,214.0,0,0,0,0,0,0,0,0
AF,D092L,10.768681,78.928606,2,TTR,92.0,12.0,34.0,2,2300,0,0,0,0,1,0
TF,FD27,10.768731,78.833778,0, ,0.0,0.0,0.0,0.0,2,2300,0,0,0,0,0,0

APPTR,D27,27,D053T
IF,D053T,10.979372,78.988783, ,0.0,0.0,0,0,0,0,0,0,1,0
TF,D053N,10.916208,78.909731,0, ,0.0,0.0,0.0,0.0,2,4100,0,0,0,0,0,0
CI,0, ,0.0,233.0,0,0,0,0,0,0,0,0
AF,D092L,10.768681,78.928606,2,TTR,92.0,12.0,53.0,2,2300,0,0,0,0,1,0
TF,FD27,10.768731,78.833778,0, ,0.0,0.0,0.0,0.0,2,2300,0,0,0,0,0,0

APPTR,D27,27,D150T
IF,D150T,10.484714,78.904706, ,0.0,0.0,0,0,0,0,0,0,1,0
TF,D150N,10.569936,78.850950,0, ,0.0,0.0,0.0,0.0,2,4100,0,0,0,0,0,0
CI,0, ,0.0,330.0,0,0,0,0,0,0,0,0
AF,D092L,10.768681,78.928606,1,TTR,92.0,12.0,150.0,2,2300,0,0,0,0,1,0
TF,FD27,10.768731,78.833778,0, ,0.0,0.0,0.0,0.0,2,2300,0,0,0,0,0,0

APPTR,D27,27,D165T
IF,D165T,10.448497,78.824319, ,0.0,0.0,0,0,0,0,0,0,1,0
TF,D165N,10.544575,78.794667,0, ,0.0,0.0,0.0,0.0,2,4100,0,0,0,0,0,0
CI,0, ,0.0,345.0,0,0,0,0,0,0,0,0
AF,D092L,10.768681,78.928606,1,TTR,92.0,12.0,165.0,2,2300,0,0,0,0,1,0
TF,FD27,10.768731,78.833778,0, ,0.0,0.0,0.0,0.0,2,2300,0,0,0,0,0,0

APPTR,D27,27,D216T
IF,D216T,10.491072,78.536200, ,0.0,0.0,0,0,0,0,0,0,1,0
TF,D216N,10.574389,78.592925,0, ,0.0,0.0,0.0,0.0,2,4100,0,0,0,0,0,0
CI,0, ,0.0,36.0,0,0,0,0,0,0,0,0
AF,D092L,10.768681,78.928606,1,TTR,92.0,12.0,216.0,2,2300,0,0,0,0,1,0
TF,FD27,10.768731,78.833778,0, ,0.0,0.0,0.0,0.0,2,2300,0,0,0,0,0,0

APPTR,D27,27,D321T
IF,D321T,11.021392,78.503036, ,0.0,0.0,0,0,0,0,0,0,1,0
TF,D321N,10.945617,78.569786,0, ,0.0,0.0,0.0,0.0,2,4100,0,0,0,0,0,0
CI,0, ,0.0,141.0,0,0,0,0,0,0,0,0
AF,D092L,10.768681,78.928606,2,TTR,92.0,12.0,321.0,2,2300,0,0,0,0,1,0
TF,FD27,10.768731,78.833778,0, ,0.0,0.0,0.0,0.0,2,2300,0,0,0,0,0,0

APPTR,D27,27,TTR1
IF,TTR,10.768750,78.725408, ,0.0,0.0,2,3000,0,1,210,0,1,0
TF,D069H,10.821061,78.850125,0, ,0.0,0.0,0.0,0.0,2,2300,0,0,0,0,0,1
CF,FD27,10.768731,78.833778,2,TTR,92.0,6.4,272.0,2.0,2,2300,0,0,0,0,0,0

APPTR,D27,27,TTR2
IF,TTR,10.768750,78.725408, ,0.0,0.0,2,3000,0,0,0,0,1,0
TF,D081H,10.794278,78.858394,0, ,0.0,0.0,0.0,0.0,2,2300,0,0,0,0,0,1
CF,FD27,10.768731,78.833778,2,TTR,92.0,6.4,272.0,2.0,2,2300,0,0,0,0,0,0

FINAL,D27,27,D,2
IF,FD27,10.768731,78.833778,TTR,92.0,6.4,2,2300,0,0,0,0,2,0
CF,MD27,10.768747,78.742339,0,TTR,92.0,1.0,272.0,5.4,1,580,0,0,0,0,3,0
FA,MD27,10.768747,78.742339,0,TTR,0.0,0.0,272.0,2,2000,0,0,0,0,0,0
DF,TTR,10.768750,78.725408,2, ,0.0,0.0,1,3000,0,1,230,0,0,0
HM,TTR,10.768750,78.725408,1, ,0.0,0.0,69.0,04.3,2,3000,0,1,230,0,0,0,0

APPTR,I27,27,D034T
IF,D034T,11.052675,78.905042, ,0.0,0.0,0,0,0,0,0,0,1,0
TF,D034N,10.967508,78.851114,0, ,0.0,0.0,0.0,0.0,2,4100,0,0,0,0,0,0
CI,0, ,0.0,214.0,0,0,0,0,0,0,0,0
AF,D077L,10.820689,78.921714,2,TTR,77.0,12.0,34.0,2,2300,0,0,0,0,0,0
CI,0,ITCY,0.0,237.0,0,0,0,0,0,0,0,0

APPTR,I27,27,D053T
IF,D053T,10.979372,78.988783, ,0.0,0.0,0,0,0,0,0,0,1,0
TF,D053N,10.916208,78.909731,0, ,0.0,0.0,0.0,0.0,2,4100,0,0,0,0,0,0
CI,0, ,0.0,233.0,0,0,0,0,0,0,0,0
AF,D077L,10.820689,78.921714,2,TTR,77.0,12.0,53.0,2,2300,0,0,0,0,0,0
CI,0,ITCY,0.0,237.0,0,0,0,0,0,0,0,0

APPTR,I27,27,D150T
IF,D150T,10.484714,78.904706, ,0.0,0.0,0,0,0,0,0,0,1,0
TF,D150N,10.569936,78.850950,0, ,0.0,0.0,0.0,0.0,2,4100,0,0,0,0,0,0
CI,0, ,0.0,330.0,0,0,0,0,0,0,0,0
AF,D097L,10.751172,78.927819,1,TTR,97.0,12.0,150.0,2,2300,0,0,0,0,0,0
CI,0,ITCY,0.0,297.0,0,0,0,0,0,0,0,0

APPTR,I27,27,D165T
IF,D165T,10.448497,78.824319, ,0.0,0.0,0,0,0,0,0,0,1,0
TF,D165N,10.544575,78.794667,0, ,0.0,0.0,0.0,0.0,2,4100,0,0,0,0,0,0
CI,0, ,0.0,345.0,0,0,0,0,0,0,0,0
AF,D097L,10.751172,78.927819,1,TTR,97.0,12.0,165.0,2,2300,0,0,0,0,0,0
CI,0,ITCY,0.0,297.0,0,0,0,0,0,0,0,0

APPTR,I27,27,D216T
IF,D216T,10.491072,78.536200, ,0.0,0.0,0,0,0,0,0,0,1,0
TF,D216N,10.574389,78.592925,0, ,0.0,0.0,0.0,0.0,2,4100,0,0,0,0,0,0
CI,0, ,0.0,36.0,0,0,0,0,0,0,0,0
AF,D097L,10.751172,78.927819,1,TTR,97.0,12.0,216.0,2,2300,0,0,0,0,0,0
CI,0,ITCY,0.0,297.0,0,0,0,0,0,0,0,0

APPTR,I27,27,D321T
IF,D321T,11.021392,78.503036, ,0.0,0.0,0,0,0,0,0,0,1,0
TF,D321N,10.945617,78.569786,0, ,0.0,0.0,0.0,0.0,2,4100,0,0,0,0,0,0
CI,0, ,0.0,141.0,0,0,0,0,0,0,0,0
AF,D077L,10.820689,78.921714,2,TTR,77.0,12.0,321.0,2,2300,0,0,0,0,0,0
CI,0,ITCY,0.0,237.0,0,0,0,0,0,0,0,0

APPTR,I27,27,TTR
IF,TTR,10.768750,78.725408, ,0.0,0.0,2,3000,0,1,185,0,0,0
CI,0, ,0.0,92.0,0,0,0,0,0,0,0,0
CF,D087H,10.777219,78.844044,0,TTR,87.9,7.0,87.0,6.0,2,2300,0,0,0,0,0,0
FC,D087H,10.777219,78.844044,0,TTR,0.0,0.0,42.0,3.9,0,0,0,0,0,0,0,1
CI,2,ITCY,0.0,222.0,2,2300,0,0,0,0,0,0

FINAL,I27,27,I,3
IF,CI27,10.782594,78.928136,ITCY,87.5,13.2,2,2300,0,0,0,0,0,0
CF,FI27,10.775281,78.833936,0,ITCY,87.5,7.6,267.0,5.6,1,2300,0,0,0,0,2,0
CF,RW27,10.767086,78.728794,0,ITCY,87.5,1.4,267.0,6.2,1,324,0,0,0,0,3,0
CA,0,267.0,2,2000,0,0,0,0,0,0
DF,TTR,10.768750,78.725408,2, ,0.0,0.0,1,3000,0,1,185,0,0,0
HM,TTR,10.768750,78.725408,1, ,0.0,0.0,92.0,04.3,2,3000,0,1,230,0,0,0,0

