STAR,BOGO1A,ALL,5
IF,BOGOP,26.733750,89.747083, ,0.0,0.0,0,0,0,0,0,0,0,0
TF,PR782,26.866528,89.668072,0, ,0.0,0.0,0.0,0.0,0,0,0,0,0,0,0,0
TF,PR780,26.968383,89.544581,0, ,0.0,0.0,0.0,0.0,0,0,0,0,0,0,0,0
TF,PR777,27.101364,89.528981,0, ,0.0,0.0,0.0,0.0,2,16000,0,1,185,0,0,0

STAR,BOGO1B,ALL,5
IF,BOGOP,26.733750,89.747083, ,0.0,0.0,0,0,0,0,0,0,0,0
TF,PR786,27.225839,89.914422,0, ,0.0,0.0,0.0,0.0,0,0,0,1,250,0,0,0
RF,GTSHO,27.376667,89.798333,1,PRC73,245.1,7.0,2,17500,0,1,230,0,0,0

STAR,SUBSU1,ALL,5
IF,SUBSU,26.981944,88.863889, ,0.0,0.0,0,0,0,0,0,0,0,0
TF,PR888,27.140758,89.182256,0, ,0.0,0.0,0.0,0.0,2,17000,0,1,185,0,0,0

STAR,TASHI1,ALL,5
IF,TASHI,27.418028,90.051258, ,0.0,0.0,0,0,0,0,0,0,0,0
TF,PR784,27.370806,89.891708,0, ,0.0,0.0,0.0,0.0,0,0,0,0,0,0,0,0
TF,GTSHO,27.376667,89.798333,0, ,0.0,0.0,0.0,0.0,2,17500,0,1,230,0,0,0

APPTR,R15-Z,15,GTSHO
IF,GTSHO,27.376667,89.798333, ,0.0,0.0,2,17500,0,1,230,0,1,0
TF,PR854,27.378994,89.760981,0, ,0.0,0.0,0.0,0.0,0,0,0,0,0,0,0,0
RF,PR852,27.348278,89.654667,1,PRC67,230.2,8.0,2,16100,0,0,0,0,0,0
TF,PR850,27.312922,89.607269,0, ,0.0,0.0,0.0,0.0,2,15300,0,0,0,0,0,0
TF,PR820,27.238694,89.507936,0, ,0.0,0.0,0.0,0.0,0,0,0,1,185,0,0,0
RF,PR724,27.224392,89.429544,2,PRC58,287.2,4.5,0,0,0,0,0,0,0,0
TF,PR826,27.234081,89.393756,0, ,0.0,0.0,0.0,0.0,0,0,0,0,0,0,0,0
TF,PR728,27.243847,89.357633,0, ,0.0,0.0,0.0,0.0,0,0,0,0,0,0,0,0
RF,PR730,27.319461,89.305589,2,PRC57,348.5,4.0,0,0,0,0,0,0,0,0
RF,PR799,27.368106,89.294178,1,PRC56,326.7,4.0,2,13800,0,0,0,0,0,0
TF,PR818,27.404906,89.266728,0, ,0.0,0.0,0.0,0.0,0,0,0,0,0,0,1,0

APPTR,R15-Z,15,PR777
IF,PR777,27.101364,89.528981, ,0.0,0.0,2,16000,0,1,185,0,1,0
TF,PR848,27.134608,89.525075,0, ,0.0,0.0,0.0,0.0,0,0,0,0,0,0,0,0
RF,PR830,27.192561,89.482122,1,PRC66,299.3,4.5,0,0,0,0,0,0,0,0
TF,PR828,27.227283,89.411772,0, ,0.0,0.0,0.0,0.0,0,0,0,0,0,0,0,0
RF,PR826,27.234081,89.393756,1,PRC65,287.2,5.0,0,0,0,0,0,0,0,0
TF,PR728,27.243847,89.357633,0, ,0.0,0.0,0.0,0.0,0,0,0,0,0,0,0,0
RF,PR730,27.319461,89.305589,2,PRC57,348.5,4.0,0,0,0,0,0,0,0,0
RF,PR799,27.368106,89.294178,1,PRC56,326.7,4.0,2,13800,0,0,0,0,0,0
TF,PR818,27.404906,89.266728,0, ,0.0,0.0,0.0,0.0,0,0,0,0,0,0,1,0

APPTR,R15-Z,15,PR888
IF,PR888,27.140758,89.182256, ,0.0,0.0,2,17000,0,1,185,0,1,0
TF,PR744,27.160233,89.221458,0, ,0.0,0.0,0.0,0.0,0,0,0,0,0,0,0,0
RF,PR842,27.248142,89.291525,1,PRC64,10.2,7.5,2,15200,0,0,0,0,0,0
TF,PR730,27.319461,89.305589,0, ,0.0,0.0,0.0,0.0,0,0,0,0,0,0,0,0
RF,PR799,27.368106,89.294178,1,PRC56,326.7,4.0,2,13800,0,0,0,0,0,0
TF,PR818,27.404906,89.266728,0, ,0.0,0.0,0.0,0.0,0,0,0,0,0,0,1,0

FINAL,R15-Z,15,R,6
IF,PR818,27.404906,89.266728, ,0.0,0.0,0,0,0,0,0,0,0,0
RF,PR816,27.475711,89.284625,2,PRC55,71.3,3.0,1,13800,0,1,145,0,2,0
RF,PR814,27.482472,89.306772,2,PRC55,116.9,3.0,0,0,0,0,0,0,0,0
RF,PR812,27.457769,89.362161,2,PRC55,127.9,3.0,0,0,0,0,0,0,0,0
RF,PR810,27.438297,89.390606,1,PRC54,133.7,2.5,0,0,0,0,0,0,0,0
RF,PR808,27.405758,89.429347,2,PRC53,161.9,3.0,1,10200,0,0,0,0,3,0
TF,PR706,27.357981,89.447219,0, ,0.0,0.0,0.0,0.0,0,0,0,0,0,0,0,0
RF,PR710,27.329936,89.498933,1,PRC52,144.9,2.5,0,0,0,0,0,0,0,0
RF,PR712,27.279558,89.539203,2,PRC51,208.1,2.1,0,0,0,1,185,0,0,0
TF,PR714,27.261131,89.528267,0, ,0.0,0.0,0.0,0.0,0,0,0,0,0,0,0,0
RF,PR746,27.207089,89.516553,1,PRC62,174.3,5.6,0,0,0,0,0,0,0,0
TF,PR848,27.134608,89.525075,0, ,0.0,0.0,0.0,0.0,0,0,0,0,0,0,0,0
TF,PR777,27.101364,89.528981,0, ,0.0,0.0,0.0,0.0,0,0,0,0,0,0,0,0
RF,PR794,27.030814,89.592250,1,PRC70,258.5,5.0,0,0,0,0,0,0,0,0
RF,PR796,27.013778,89.500419,2,PRC71,21.2,5.0,0,0,0,0,0,0,0,0
RF,PR798,27.084742,89.530933,1,PRC72,354.3,5.0,0,0,0,1,220,0,0,0
TF,PR777,27.101364,89.528981,0, ,0.0,0.0,0.0,0.0,2,16000,0,1,185,0,0,0

APPTR,R33-X,33,GTSHO
IF,GTSHO,27.376667,89.798333, ,0.0,0.0,2,17500,0,1,230,0,1,0
TF,PR754,27.384767,89.667592,0, ,0.0,0.0,0.0,0.0,2,15700,0,0,0,0,0,0
TF,PR752,27.399747,89.420308,0, ,0.0,0.0,0.0,0.0,0,0,0,1,185,0,0,0
RF,PR750,27.358192,89.323472,1,PRC63,202.6,5.8,2,15400,0,0,0,0,0,0
RF,PR730,27.319461,89.305589,1,PRC63,148.8,5.8,2,13800,0,0,0,0,0,0
RF,PR728,27.243847,89.357633,1,PRC57,107.2,4.0,0,0,0,0,0,0,0,0
TF,PR724,27.224392,89.429544,0, ,0.0,0.0,0.0,0.0,2,13100,0,0,0,0,0,0
RF,PR722,27.223303,89.473867,1,PRC58,52.2,4.5,2,12600,0,0,0,0,1,0
RF,PR714,27.261131,89.528267,1,PRC58,28.1,4.5,0,0,0,0,0,0,0,0
TF,PR712,27.279558,89.539203,0, ,0.0,0.0,0.0,0.0,1,11800,0,1,145,0,0,0

APPTR,R33-X,33,PR777
IF,PR777,27.101364,89.528981, ,0.0,0.0,2,16000,0,1,185,0,1,0
TF,PR746,27.207089,89.516553,0, ,0.0,0.0,0.0,0.0,0,0,0,0,0,0,1,0
RF,PR714,27.261131,89.528267,2,PRC62,28.1,5.6,0,0,0,0,0,0,0,0
TF,PR712,27.279558,89.539203,0, ,0.0,0.0,0.0,0.0,1,11800,0,1,145,0,0,0

APPTR,R33-X,33,PR888
IF,PR888,27.140758,89.182256, ,0.0,0.0,2,17000,0,1,185,0,1,0
TF,PR744,27.160233,89.221458,0, ,0.0,0.0,0.0,0.0,0,0,0,0,0,0,0,0
RF,PR742,27.174478,89.273494,2,PRC61,85.2,7.0,0,0,0,0,0,0,0,0
TF,PR740,27.183172,89.385206,0, ,0.0,0.0,0.0,0.0,2,14400,0,0,0,0,0,0
TF,PR738,27.185919,89.420714,0, ,0.0,0.0,0.0,0.0,2,13600,0,0,0,0,0,0
RF,PR736,27.188628,89.439139,1,PRC60,56.6,6.5,2,13100,0,0,0,0,0,0
RF,PR734,27.229200,89.507703,1,PRC60,32.4,6.5,2,12400,0,0,0,0,1,0
RF,PR732,27.243308,89.517694,1,PRC60,28.1,6.5,0,0,0,0,0,0,0,0
TF,PR714,27.261131,89.528267,0, ,0.0,0.0,0.0,0.0,0,0,0,0,0,0,0,0
TF,PR712,27.279558,89.539203,0, ,0.0,0.0,0.0,0.0,1,11800,0,1,145,0,0,0

FINAL,R33-X,33,R,3
IF,PR712,27.279558,89.539203, ,0.0,0.0,1,11800,0,1,145,0,2,0
RF,PR710,27.329936,89.498933,1,PRC51,278.9,2.1,0,0,0,0,0,0,0,0
RF,PR708,27.333706,89.470975,2,PRC52,319.3,2.5,1,9850,0,0,0,0,3,0
RF,PR706,27.357981,89.447219,2,PRC52,341.9,2.5,0,0,0,0,0,0,0,0
TF,PR704,27.387292,89.436258,0, ,0.0,0.0,0.0,0.0,0,0,0,0,0,0,0,0
TF,PR808,27.405758,89.429347,0, ,0.0,0.0,0.0,0.0,0,0,0,0,0,0,0,0
RF,PR810,27.438297,89.390606,1,PRC53,307.9,3.0,0,0,0,0,0,0,0,0
RF,PR812,27.457769,89.362161,2,PRC54,238.3,2.5,0,0,0,0,0,0,0,0
RF,PR818,27.404906,89.266728,1,PRC55,146.7,3.0,0,0,0,1,185,0,0,0
TF,PR799,27.368106,89.294178,0, ,0.0,0.0,0.0,0.0,0,0,0,0,0,0,0,0
RF,PR730,27.319461,89.305589,2,PRC56,148.8,4.0,0,0,0,0,0,0,0,0
RF,PR728,27.243847,89.357633,1,PRC57,107.2,4.0,0,0,0,0,0,0,0,0
TF,PR826,27.234081,89.393756,0, ,0.0,0.0,0.0,0.0,0,0,0,0,0,0,0,0
RF,PR828,27.227283,89.411772,2,PRC65,119.3,5.0,0,0,0,0,0,0,0,0
TF,PR830,27.192561,89.482122,0, ,0.0,0.0,0.0,0.0,0,0,0,0,0,0,0,0
RF,PR848,27.134608,89.525075,2,PRC66,174.3,4.5,0,0,0,1,220,0,0,0
TF,PR777,27.101364,89.528981,0, ,0.0,0.0,0.0,0.0,2,16000,0,1,185,0,0,0

APPTR,R33-Y,33,GTSHO
IF,GTSHO,27.376667,89.798333, ,0.0,0.0,2,17500,0,1,230,0,1,0
TF,PR754,27.384767,89.667592,0, ,0.0,0.0,0.0,0.0,2,15700,0,0,0,0,0,0
TF,PR752,27.399747,89.420308,0, ,0.0,0.0,0.0,0.0,0,0,0,1,185,0,0,0
RF,PR750,27.358192,89.323472,1,PRC63,202.6,5.8,2,15400,0,0,0,0,0,0
RF,PR730,27.319461,89.305589,1,PRC63,148.8,5.8,2,13800,0,0,0,0,0,0
RF,PR728,27.243847,89.357633,1,PRC57,107.2,4.0,0,0,0,0,0,0,0,0
TF,PR724,27.224392,89.429544,0, ,0.0,0.0,0.0,4.0,2,13100,0,0,0,0,0,0
RF,PR722,27.223303,89.473867,1,PRC58,52.2,4.5,2,12600,0,0,0,0,1,0
RF,PR714,27.261131,89.528267,1,PRC58,28.1,4.5,0,0,0,0,0,0,0,0
TF,PR712,27.279558,89.539203,0, ,0.0,0.0,0.0,0.0,1,11800,0,1,145,0,0,0

APPTR,R33-Y,33,PR777
IF,PR777,27.101364,89.528981, ,0.0,0.0,2,16000,0,1,185,0,1,0
TF,PR746,27.207089,89.516553,0, ,0.0,0.0,0.0,0.0,0,0,0,0,0,0,1,0
RF,PR714,27.261131,89.528267,2,PRC62,28.1,5.6,0,0,0,0,0,0,0,0
TF,PR712,27.279558,89.539203,0, ,0.0,0.0,0.0,0.0,1,11800,0,1,145,0,0,0

APPTR,R33-Y,33,PR888
IF,PR888,27.140758,89.182256, ,0.0,0.0,2,17000,0,1,185,0,1,0
TF,PR744,27.160233,89.221458,0, ,0.0,0.0,0.0,0.0,0,0,0,0,0,0,0,0
RF,PR742,27.174478,89.273494,2,PRC61,85.2,7.0,0,0,0,0,0,0,0,0
TF,PR740,27.183172,89.385206,0, ,0.0,0.0,0.0,0.0,2,14400,0,0,0,0,0,0
TF,PR738,27.185919,89.420714,0, ,0.0,0.0,0.0,0.0,2,13600,0,0,0,0,0,0
RF,PR736,27.188628,89.439139,1,PRC60,56.6,6.5,2,13100,0,0,0,0,0,0
RF,PR734,27.229200,89.507703,1,PRC60,32.4,6.5,2,12400,0,0,0,0,1,0
RF,PR732,27.243308,89.517694,1,PRC60,28.1,6.5,0,0,0,0,0,0,0,0
TF,PR714,27.261131,89.528267,0, ,0.0,0.0,0.0,0.0,0,0,0,0,0,0,0,0
TF,PR712,27.279558,89.539203,0, ,0.0,0.0,0.0,0.0,1,11800,0,1,145,0,0,0

FINAL,R33-Y,33,R,3
IF,PR712,27.279558,89.539203, ,0.0,0.0,1,11800,0,1,145,0,2,0
RF,PR710,27.329936,89.498933,1,PRC51,278.9,2.1,0,0,0,0,0,0,0,0
RF,PR708,27.333706,89.470975,2,PRC52,319.3,2.5,1,9850,0,0,0,0,3,0
RF,PR706,27.357981,89.447219,2,PRC52,341.9,2.5,0,0,0,0,0,0,0,0
TF,PR704,27.387292,89.436258,0, ,0.0,0.0,0.0,0.0,0,0,0,0,0,0,0,0
RF,PR790,27.417933,89.543233,2,PRC68,163.2,3.0,0,0,0,1,185,0,0,0
TF,PR792,27.394328,89.551381,0, ,0.0,0.0,0.0,0.0,0,0,0,0,0,0,0,0
RF,PR712,27.279558,89.539203,2,PRC69,208.1,9.0,0,0,0,0,0,0,0,0
TF,PR714,27.261131,89.528267,0, ,0.0,0.0,0.0,0.0,0,0,0,0,0,0,0,0
RF,PR746,27.207089,89.516553,1,PRC62,174.3,5.6,0,0,0,0,0,0,0,0
TF,PR777,27.101364,89.528981,0, ,0.0,0.0,0.0,0.0,0,0,0,0,0,0,0,0
RF,PR794,27.030814,89.592250,1,PRC70,258.5,5.0,0,0,0,0,0,0,0,0
RF,PR796,27.013778,89.500419,2,PRC71,21.2,5.0,0,0,0,0,0,0,0,0
RF,PR798,27.084742,89.530933,1,PRC72,354.3,5.0,0,0,0,1,220,0,0,0
TF,PR777,27.101364,89.528981,0, ,0.0,0.0,0.0,0.0,2,16000,0,1,185,0,0,0

