APPTR,R12,12,RUMEK
IF,RUMEK,5.141083,72.958528, ,0.0,0.0,0,0,0,0,0,0,1,0
TF,MD172,5.217583,72.992500,0, ,0.0,0.0,0.0,0.0,2,1700,0,0,0,0,1,0

APPTR,R12,12,VEMPA
IF,VEMPA,5.294083,73.026472, ,0.0,0.0,0,0,0,0,0,0,1,0
TF,MD172,5.217583,72.992500,0, ,0.0,0.0,0.0,0.0,2,1700,0,0,0,0,1,0

FINAL,R12,12,R,3
IF,MD172,5.217583,72.992500, ,0.0,0.0,2,1700,0,0,0,0,0,0
TF,MD171,5.193750,73.045889,0, ,0.0,0.0,117.0,3.5,2,1700,0,0,0,0,2,0
TF,RW12,5.158333,73.125250,0, ,0.0,0.0,117.0,5.2,1,46,0,0,0,0,3,1
CA,0,117.0,2,3000,0,0,0,0,0,0
DF,UGITA,5.390611,73.136000,1, ,0.0,0.0,1,6000,0,0,0,0,0,1
HM,UGITA,5.390611,73.136000,2, ,0.0,0.0,184.0,04.3,2,6000,0,0,0,0,0,0,0

APPTR,R30,30,BEKEB
IF,BEKEB,5.018111,73.233917, ,0.0,0.0,0,0,0,0,0,0,1,0
TF,MD032,5.094611,73.267889,0, ,0.0,0.0,0.0,0.0,2,1700,0,0,0,0,1,0

APPTR,R30,30,MUDGA
IF,MUDGA,5.171111,73.301861, ,0.0,0.0,0,0,0,0,0,0,1,0
TF,MD032,5.094611,73.267889,0, ,0.0,0.0,0.0,0.0,2,1700,0,0,0,0,1,0

FINAL,R30,30,R,3
IF,MD032,5.094611,73.267889, ,0.0,0.0,2,1700,0,0,0,0,0,0
TF,MD031,5.118472,73.214472,0, ,0.0,0.0,297.0,3.5,2,1700,0,0,0,0,2,0
TF,RW30,5.153889,73.135139,0, ,0.0,0.0,297.0,5.2,1,46,0,0,0,0,3,1
CA,0,297.0,2,3000,0,0,0,0,0,0
DF,UGITA,5.390611,73.136000,2, ,0.0,0.0,1,6000,0,0,0,0,0,1
HM,UGITA,5.390611,73.136000,2, ,0.0,0.0,184.0,04.3,2,6000,0,0,0,0,0,0,0

