APPTR,R10,10,BEKIM
IF,BEKIM,2.762639,72.745944, ,0.0,0.0,0,0,0,1,180,0,1,0
TF,MU422,2.679222,72.738611,0, ,0.0,0.0,0.0,0.0,2,1600,0,0,0,0,1,0

APPTR,R10,10,TOMEM
IF,TOMEM,2.595806,72.731306, ,0.0,0.0,0,0,0,1,180,0,1,0
TF,MU422,2.679222,72.738611,0, ,0.0,0.0,0.0,0.0,2,1600,0,0,0,0,1,0

FINAL,R10,10,R,3
IF,MU422,2.679222,72.738611, ,0.0,0.0,2,1600,0,0,0,0,0,0
TF,MU421,2.674083,72.796694,0, ,0.0,0.0,98.0,3.5,2,1600,0,0,0,0,2,0
TF,RW10,2.666858,72.877975,0, ,0.0,0.0,98.0,4.9,1,56,0,0,0,0,3,0
CA,0,98.0,2,500,0,0,0,0,0,0
DF,TOMEM,2.595806,72.731306,2, ,0.0,0.0,0,0,0,0,0,0,0,1
HM,TOMEM,2.595806,72.731306,2, ,0.0,0.0,8.0,04.3,2,3000,0,0,0,0,0,0,0

APPTR,R28,28,IGREB
IF,IGREB,2.736472,73.040778, ,0.0,0.0,0,0,0,1,180,0,1,0
TF,MU424,2.653056,73.033444,0, ,0.0,0.0,0.0,0.0,2,1600,0,0,0,0,1,0

APPTR,R28,28,LASOG
IF,LASOG,2.569639,73.026139, ,0.0,0.0,0,0,0,1,180,0,1,0
TF,MU424,2.653056,73.033444,0, ,0.0,0.0,0.0,0.0,2,1600,0,0,0,0,1,0

FINAL,R28,28,R,3
IF,MU424,2.653056,73.033444, ,0.0,0.0,2,1600,0,0,0,0,0,0
TF,MU423,2.658222,72.975389,0, ,0.0,0.0,278.0,3.5,2,1600,0,0,0,0,2,0
TF,RW28,2.665428,72.894094,0, ,0.0,0.0,278.0,4.9,1,56,0,0,0,0,3,0
CA,0,278.0,2,500,0,0,0,0,0,0
DF,LASOG,2.569639,73.026139,1, ,0.0,0.0,0,0,0,0,0,0,0,1
HM,LASOG,2.569639,73.026139,2, ,0.0,0.0,8.0,04.3,2,3000,0,0,0,0,0,0,0

