SID,BANS1A,14,2
CD, ,0,0,0,CLA,0,0.0,136.0,5.0,0,0,0,0,0,0,0,0
VI,2, ,0.0,268.0,0,0,0,0,0,0,0,0
CF,TASON,15.162500,108.583056,0,CLA,203.2,16.6,203.0,9.0,0,0,0,1,250,0,0,0
TF,BANSU,14.286111,108.159722,0, ,0.0,0.0,0.0,0.0,2,10000,0,0,0,0,0,0

SID,BANS1B,32,2
CA,0,316.0,2,2600,0,0,0,0,0,0
CF,CLA,15.420083,108.691111,2,CLA,0.0,0.0,170.0,3.0,0,0,0,0,0,0,0,0
TF,TASON,15.162500,108.583056,0, ,0.0,0.0,0.0,0.0,0,0,0,0,0,0,0,0
TF,BANSU,14.286111,108.159722,0, ,0.0,0.0,0.0,0.0,2,10000,0,0,0,0,0,0

SID,BANS1D,14,5
CA,0,136.0,2,500,0,0,0,0,0,0
CF,CA911,15.347500,108.767222,0,CLA,135.5,6.2,136.0,4.0,0,0,0,1,220,0,0,0
TF,SOTIN,15.141667,108.767778,0, ,0.0,0.0,0.0,0.0,0,0,0,0,0,0,0,0
TF,MEXAX,15.003333,108.505833,0, ,0.0,0.0,0.0,0.0,3,8000,0,0,0,0,0,0
TF,CA912,14.740556,108.378889,0, ,0.0,0.0,0.0,0.0,2,12000,0,0,0,0,0,0
TF,BANSU,14.286111,108.159722,0, ,0.0,0.0,0.0,0.0,0,0,0,0,0,0,0,0

SID,BANS1E,32,5
CA,0,316.0,2,500,0,0,0,0,0,0
CF,CA613,15.517222,108.589167,0,CLA,315.5,8.3,316.0,9.0,3,5000,0,0,0,0,0,0
TF,CA614,15.433333,108.504167,0, ,0.0,0.0,0.0,0.0,4,8000,5900,1,250,0,0,0
TF,CA615,15.226944,108.564167,0, ,0.0,0.0,0.0,0.0,2,9000,0,0,0,0,0,0
TF,TASON,15.162500,108.583056,0, ,0.0,0.0,0.0,0.0,2,10000,0,0,0,0,0,0
TF,MEXAX,15.003333,108.505833,0, ,0.0,0.0,0.0,0.0,2,12000,0,0,0,0,0,0
TF,BANSU,14.286111,108.159722,0, ,0.0,0.0,0.0,0.0,0,0,0,0,0,0,0,0

SID,DAN1C,14,2
CA,0,136.0,2,2600,0,0,0,0,0,0
CF,CLA,15.420083,108.691111,1,CLA,0.0,0.0,285.0,6.0,0,0,0,0,0,0,0,0
TF,TAMKY,15.615833,108.544167,0, ,0.0,0.0,0.0,0.0,0,0,0,0,0,0,0,0
TF,DAN,16.052778,108.198194,0, ,0.0,0.0,0.0,0.0,2,9000,0,0,0,0,0,0

SID,DAN1D,14,5
CA,0,136.0,2,500,0,0,0,0,0,0
CF,CA913,15.288889,108.828611,0,CLA,135.5,11.2,136.0,9.0,2,3000,0,0,0,0,0,0
TF,CA914,15.354444,108.895000,0, ,0.0,0.0,0.0,0.0,2,4000,0,1,250,0,0,0
TF,CA915,15.470278,108.805833,0, ,0.0,0.0,0.0,0.0,2,5900,0,0,0,0,0,0
TF,MUMLU,15.671667,108.650556,0, ,0.0,0.0,0.0,0.0,0,0,0,0,0,0,0,0
TF,CA612,15.789444,108.510833,0, ,0.0,0.0,0.0,0.0,2,12000,0,0,0,0,0,0
TF,DAN,16.052778,108.198194,0, ,0.0,0.0,0.0,0.0,0,0,0,0,0,0,0,0

SID,DAN1E,32,5
CA,0,316.0,2,500,0,0,0,0,0,0
CF,CA611,15.476111,108.632222,0,CLA,315.5,4.8,316.0,5.0,0,0,0,0,0,0,0,0
TF,MUMLU,15.671667,108.650556,0, ,0.0,0.0,0.0,0.0,0,0,0,0,0,0,0,0
TF,CA612,15.789444,108.510833,0, ,0.0,0.0,0.0,0.0,1,8000,0,0,0,0,0,0
TF,DAN,16.052778,108.198194,0, ,0.0,0.0,0.0,0.0,2,9000,0,0,0,0,0,0

SID,DAN1H,32,2
CD, ,0,0,0,CLA,0,0.0,316.0,5.0,0,0,0,0,0,0,0,0
CF,TAMKY,15.615833,108.544167,0,CLA,325.0,14.5,325.0,10.0,0,0,0,0,0,0,0,0
TF,DAN,16.052778,108.198194,0, ,0.0,0.0,0.0,0.0,2,9000,0,0,0,0,0,0

SID,KUMU1K,14,2
CD, ,0,0,0,CLA,0,0.0,136.0,5.0,0,0,0,0,0,0,0,0
VI,0, ,0.0,196.0,0,0,0,0,0,0,0,0
CF,SOTIN,15.141667,108.767778,0,CLA,166.0,17.2,166.0,7.0,0,0,0,0,0,0,0,0
TF,KUMUN,14.971417,108.807583,0, ,0.0,0.0,0.0,0.0,2,8000,0,0,0,0,0,0

SID,KUMU1L,32,2
CA,0,316.0,2,2600,0,0,0,0,0,0
CF,CLA,15.420083,108.691111,2,CLA,0.0,0.0,170.0,3.0,0,0,0,0,0,0,0,0
TF,SOTIN,15.141667,108.767778,0, ,0.0,0.0,0.0,0.0,0,0,0,0,0,0,0,0
TF,KUMUN,14.971417,108.807583,0, ,0.0,0.0,0.0,0.0,2,8000,0,0,0,0,0,0

SID,KUMU1N,14,5
CA,0,136.0,2,500,0,0,0,0,0,0
CF,CA911,15.347500,108.767222,0,CLA,135.5,6.2,136.0,4.0,0,0,0,1,220,0,0,0
TF,SOTIN,15.141667,108.767778,0, ,0.0,0.0,0.0,0.0,0,0,0,0,0,0,0,0
TF,KUMUN,14.971417,108.807583,0, ,0.0,0.0,0.0,0.0,1,8000,0,0,0,0,0,0

SID,KUMU1P,32,5
CA,0,316.0,2,500,0,0,0,0,0,0
CF,CA613,15.517222,108.589167,0,CLA,315.5,8.3,316.0,9.0,3,5000,0,0,0,0,0,0
TF,CA614,15.433333,108.504167,0, ,0.0,0.0,0.0,0.0,4,8000,5900,1,250,0,0,0
TF,CA615,15.226944,108.564167,0, ,0.0,0.0,0.0,0.0,2,9000,0,0,0,0,0,0
TF,TASON,15.162500,108.583056,0, ,0.0,0.0,0.0,0.0,2,10000,0,0,0,0,0,0
TF,KUMUN,14.971417,108.807583,0, ,0.0,0.0,0.0,0.0,0,0,0,0,0,0,0,0

STAR,BANS1C,ALL,2
IF,BANSU,14.286111,108.159722, ,0.0,0.0,0,0,0,0,0,0,0,0
TF,TASON,15.162500,108.583056,0, ,0.0,0.0,0.0,0.0,2,7900,0,0,0,0,0,0
TF,CLA,15.420083,108.691111,0, ,0.0,0.0,0.0,0.0,2,5900,0,0,0,0,0,0

STAR,BANS1F,14,5
IF,BANSU,14.286111,108.159722, ,0.0,0.0,0,0,0,0,0,0,0,0
TF,MEXAX,15.003333,108.505833,0, ,0.0,0.0,0.0,0.0,0,0,0,0,0,0,0,0
TF,TASON,15.162500,108.583056,0, ,0.0,0.0,0.0,0.0,2,10000,0,0,0,0,0,0
TF,CA812,15.215833,108.566944,0, ,0.0,0.0,0.0,0.0,2,9000,0,0,0,0,0,0
TF,CA811,15.375556,108.519167,0, ,0.0,0.0,0.0,0.0,2,6000,0,0,0,0,0,0
TF,IBIDU,15.437639,108.500444,0, ,0.0,0.0,0.0,0.0,2,5000,0,1,210,0,0,0

STAR,BANS1G,32,5
IF,BANSU,14.286111,108.159722, ,0.0,0.0,0,0,0,0,0,0,0,0
TF,MEXAX,15.003333,108.505833,0, ,0.0,0.0,0.0,0.0,4,8000,7000,0,0,0,0,0
TF,SOTIN,15.141667,108.767778,0, ,0.0,0.0,0.0,0.0,2,5900,0,1,230,0,0,0

STAR,DAN1F,14,5
IF,DAN,16.052778,108.198194, ,0.0,0.0,0,0,0,0,0,0,0,0
TF,TAMKY,15.615833,108.544167,0, ,0.0,0.0,0.0,0.0,4,5000,4000,0,0,0,0,0

STAR,DAN1G,32,5
IF,DAN,16.052778,108.198194, ,0.0,0.0,0,0,0,0,0,0,0,0
TF,TAMKY,15.615833,108.544167,0, ,0.0,0.0,0.0,0.0,2,12000,0,0,0,0,0,0
TF,CA511,15.503056,108.776389,0, ,0.0,0.0,0.0,0.0,2,9000,0,0,0,0,0,0
TF,AROMU,15.350639,108.935833,0, ,0.0,0.0,0.0,0.0,2,5000,0,1,210,0,0,0

STAR,DAN1J,ALL,2
IF,DAN,16.052778,108.198194, ,0.0,0.0,0,0,0,0,0,0,0,0
TF,TAMKY,15.615833,108.544167,0, ,0.0,0.0,0.0,0.0,0,0,0,0,0,0,0,0
TF,CLA,15.420083,108.691111,0, ,0.0,0.0,0.0,0.0,2,5900,0,0,0,0,0,0

STAR,KUMU1M,ALL,2
IF,KUMUN,14.971417,108.807583, ,0.0,0.0,0,0,0,0,0,0,0,0
TF,SOTIN,15.141667,108.767778,0, ,0.0,0.0,0.0,0.0,0,0,0,0,0,0,0,0
TF,CLA,15.420083,108.691111,0, ,0.0,0.0,0.0,0.0,2,5900,0,0,0,0,0,0

STAR,KUMU1Q,14,5
IF,KUMUN,14.971417,108.807583, ,0.0,0.0,0,0,0,0,0,0,0,0
TF,TASON,15.162500,108.583056,0, ,0.0,0.0,0.0,0.0,2,10000,0,0,0,0,0,0
TF,CA812,15.215833,108.566944,0, ,0.0,0.0,0.0,0.0,2,9000,0,0,0,0,0,0
TF,CA811,15.375556,108.519167,0, ,0.0,0.0,0.0,0.0,2,6000,0,0,0,0,0,0
TF,IBIDU,15.437639,108.500444,0, ,0.0,0.0,0.0,0.0,2,5000,0,1,210,0,0,0

STAR,KUMU1R,32,5
IF,KUMUN,14.971417,108.807583, ,0.0,0.0,1,8000,0,0,0,0,0,0
TF,SOTIN,15.141667,108.767778,0, ,0.0,0.0,0.0,0.0,2,5900,0,1,230,0,0,0

APPTR,D14-Y,14,CLA
IF,CLA,15.420083,108.691111, ,0.0,0.0,2,5900,0,0,0,0,1,0
FD,CLA,15.420083,108.691111,0,CLA,0.0,9.6,344.0,9.6,0,0,0,0,0,0,0,0
CF,CD14,15.532750,108.572956,1,CLA,315.5,9.6,136.0,1.0,2,2600,0,0,0,0,1,0

FINAL,D14-Y,14,D,3
IF,CD14,15.532750,108.572956,CLA,315.5,9.6,2,2600,0,0,0,0,0,0
CF,FD14,15.473333,108.635278,0,CLA,315.5,4.5,136.0,5.1,1,1650,0,0,0,0,2,0
CF,MD14,15.434167,108.676347,0,CLA,315.5,1.2,136.0,3.3,1,579,0,0,0,0,3,0
CF,CLA,15.420083,108.691111,0,CLA,0.0,0.0,136.0,1.2,0,0,0,0,0,0,0,0
FA,CLA,15.420083,108.691111,0,CLA,0.0,0.0,136.0,2,2600,0,0,0,0,0,0
CF,CLA,15.420083,108.691111,1,CLA,0.0,0.0,280.0,5.0,2,5900,0,0,0,0,0,0
HM,CLA,15.420083,108.691111,2, ,0.0,0.0,344.0,04.3,2,5900,0,0,0,0,0,0,0

APPTR,D14-Z,14,CLA
IF,CLA,15.420083,108.691111, ,0.0,0.0,2,5900,0,0,0,0,1,0
FD,CLA,15.420083,108.691111,0,CLA,0.0,9.6,325.0,9.6,0,0,0,0,0,0,0,0
CF,CD14,15.532750,108.572956,1,CLA,315.5,9.6,136.0,1.0,2,2600,0,0,0,0,1,0

FINAL,D14-Z,14,D,3
IF,CD14,15.532750,108.572956,CLA,315.5,9.6,2,2600,0,0,0,0,0,0
CF,FD14,15.473333,108.635278,0,CLA,315.5,4.5,136.0,5.1,1,1650,0,0,0,0,2,0
CF,MD14,15.434167,108.676347,0,CLA,315.5,1.2,136.0,3.3,1,579,0,0,0,0,3,0
CF,CLA,15.420083,108.691111,0,CLA,0.0,0.0,136.0,1.2,0,0,0,0,0,0,0,0
FA,CLA,15.420083,108.691111,0,CLA,0.0,0.0,136.0,2,3000,0,0,0,0,0,0
CF,CLA,15.420083,108.691111,1,CLA,0.0,0.0,305.0,5.0,2,5900,0,0,0,0,0,0
HM,CLA,15.420083,108.691111,2, ,0.0,0.0,325.0,04.3,2,5900,0,0,0,0,0,0,0

APPTR,D32-Y,32,CLA
IF,CLA,15.420083,108.691111, ,0.0,0.0,2,5900,0,0,0,0,1,0
FD,CLA,15.420083,108.691111,0,CLA,0.0,12.5,113.0,12.5,0,0,0,0,0,0,0,0
CF,CD32,15.273511,108.844931,2,CLA,135.5,12.5,316.0,1.0,2,2600,0,0,0,0,1,0

FINAL,D32-Y,32,D,3
IF,CD32,15.273511,108.844931,CLA,135.5,12.5,2,2600,0,0,0,0,0,0
CF,FD32,15.332500,108.783056,0,CLA,135.5,7.5,316.0,5.0,1,1810,0,0,0,0,2,0
CF,MD32,15.369675,108.744031,0,CLA,135.5,4.3,316.0,3.2,1,793,0,0,0,0,3,0
CF,CLA,15.420083,108.691111,0,CLA,0.0,0.0,316.0,4.3,0,0,0,0,0,0,0,0
FA,CLA,15.420083,108.691111,0,CLA,0.0,0.0,316.0,2,2600,0,0,0,0,0,0
CF,CLA,15.420083,108.691111,2,CLA,0.0,0.0,190.0,4.0,2,5900,0,0,0,0,0,0
HM,CLA,15.420083,108.691111,1, ,0.0,0.0,113.0,04.3,2,5900,0,1,210,0,0,0,0

APPTR,D32-Z,32,CLA
IF,CLA,15.420083,108.691111, ,0.0,0.0,2,5900,0,0,0,0,1,0
FD,CLA,15.420083,108.691111,0,CLA,0.0,12.5,128.0,12.5,0,0,0,0,0,0,0,0
CF,CD32,15.273511,108.844931,2,CLA,135.5,12.5,316.0,1.0,2,2600,0,0,0,0,1,0

FINAL,D32-Z,32,D,3
IF,CD32,15.273511,108.844931,CLA,135.5,12.5,2,2600,0,0,0,0,0,0
CF,FD32,15.332500,108.783056,0,CLA,135.5,7.5,316.0,5.0,1,1810,0,0,0,0,2,0
CF,MD32,15.369675,108.744031,0,CLA,135.5,4.3,316.0,3.2,1,793,0,0,0,0,3,0
CF,CLA,15.420083,108.691111,0,CLA,0.0,0.0,316.0,4.3,0,0,0,0,0,0,0,0
FA,CLA,15.420083,108.691111,0,CLA,0.0,0.0,316.0,2,3300,0,0,0,0,0,0
CF,CLA,15.420083,108.691111,2,CLA,0.0,0.0,150.0,6.0,2,5900,0,0,0,0,0,0
HM,CLA,15.420083,108.691111,1, ,0.0,0.0,128.0,04.3,2,5900,0,0,0,0,0,0,0

APPTR,I32-W,32,ATPAD
IF,ATPAD,15.549111,108.851194, ,0.0,0.0,2,3000,0,0,0,0,1,0
TF,AROMU,15.350639,108.935833,0, ,0.0,0.0,0.0,0.0,0,0,0,1,210,0,0,0
TF,CA411,15.267222,108.851056,0,ICL,0.0,0.0,0.0,0.0,1,3000,0,0,0,0,1,0

FINAL,I32-W,32,I,3
IF,CA411,15.267222,108.851056,ICL,135.6,12.8,1,3000,0,0,0,0,0,0
CF,CA412,15.326194,108.789389,0,ICL,135.6,7.8,316.0,5.0,1,1969,0,0,0,0,2,0
CF,RW32,15.396328,108.716006,0,ICL,135.6,1.8,316.0,6.0,1,68,0,0,0,0,3,0
CF,CA413,15.507861,108.599167,0,CLA,315.6,7.5,316.0,9.5,0,0,0,0,0,0,0,0
TF,CA414,15.621222,108.675861,0, ,0.0,0.0,0.0,0.0,2,2600,0,0,0,0,0,0
TF,ATPAD,15.549111,108.851194,0, ,0.0,0.0,0.0,0.0,1,3000,0,0,0,0,0,0
HM,ATPAD,15.549111,108.851194,1, ,0.0,0.0,159.0,04.3,2,3000,0,1,210,0,0,0,0

APPTR,I32-X,32,AROMU
IF,AROMU,15.350639,108.935833, ,0.0,0.0,2,5000,0,1,210,0,1,0
TF,CA411,15.267222,108.851056,0,ICL,0.0,0.0,0.0,0.0,1,3000,0,0,0,0,1,0

APPTR,I32-X,32,SOTIN
IF,SOTIN,15.141667,108.767778, ,0.0,0.0,2,5900,0,1,230,0,1,0
TF,CA411,15.267222,108.851056,0,ICL,0.0,0.0,0.0,0.0,1,3000,0,0,0,0,1,0

FINAL,I32-X,32,I,3
IF,CA411,15.267222,108.851056,ICL,135.6,12.8,1,3000,0,0,0,0,0,0
CF,CA412,15.326194,108.789389,0,ICL,135.6,7.8,316.0,5.0,1,1969,0,0,0,0,2,0
CF,RW32,15.396328,108.716006,0,ICL,135.6,1.8,316.0,6.0,1,68,0,0,0,0,3,0
CF,CA413,15.507861,108.599167,0,CLA,315.6,7.5,316.0,9.5,0,0,0,0,0,0,0,0
TF,CA414,15.621222,108.675861,0, ,0.0,0.0,0.0,0.0,2,2600,0,0,0,0,0,0
TF,ATPAD,15.549111,108.851194,0, ,0.0,0.0,0.0,0.0,1,3000,0,0,0,0,0,0
HM,ATPAD,15.549111,108.851194,1, ,0.0,0.0,159.0,04.3,2,3000,0,1,210,0,0,0,0

APPTR,I32-Y,32,CLA
IF,CLA,15.420083,108.691111, ,0.0,0.0,2,5900,0,0,0,0,1,0
FD,CLA,15.420083,108.691111,0,CLA,0.0,12.5,113.0,12.5,0,0,0,0,0,0,0,0
CF,CI32,15.272442,108.845531,2,ICL,135.6,12.4,316.0,1.0,2,2600,0,0,0,0,1,0

FINAL,I32-Y,32,I,3
IF,CI32,15.272442,108.845531,ICL,135.6,12.4,2,2600,0,0,0,0,0,0
CF,FI32,15.332222,108.783056,0,ICL,135.6,7.3,316.0,5.1,1,1804,0,0,0,0,2,0
CF,RW32,15.396328,108.716006,0,ICL,135.5,1.8,316.0,5.5,1,68,0,0,0,0,3,0
CF,CLA,15.420083,108.691111,0,CLA,0.0,0.0,316.0,2.0,0,0,0,0,0,0,0,0
FA,CLA,15.420083,108.691111,0,CLA,0.0,0.0,316.0,2,2600,0,0,0,0,0,0
CF,CLA,15.420083,108.691111,2,CLA,0.0,0.0,170.0,4.0,2,5900,0,0,0,0,0,0
HM,CLA,15.420083,108.691111,1, ,0.0,0.0,113.0,04.3,2,5900,0,1,210,0,0,0,0

APPTR,I32-Z,32,CLA
IF,CLA,15.420083,108.691111, ,0.0,0.0,2,5900,0,0,0,0,1,0
FD,CLA,15.420083,108.691111,0,CLA,0.0,12.5,128.0,12.5,0,0,0,0,0,0,0,0
CF,CI32,15.272442,108.845531,2,ICL,135.6,12.4,316.0,1.0,2,2600,0,0,0,0,1,0

FINAL,I32-Z,32,I,3
IF,CI32,15.272442,108.845531,ICL,135.6,12.4,2,2600,0,0,0,0,0,0
CF,FI32,15.332222,108.783056,0,ICL,135.6,7.3,316.0,5.1,1,1804,0,0,0,0,2,0
CF,RW32,15.396328,108.716006,0,ICL,135.5,1.8,316.0,5.5,1,68,0,0,0,0,3,0
CF,CLA,15.420083,108.691111,0,CLA,0.0,0.0,316.0,2.0,0,0,0,0,0,0,0,0
FA,CLA,15.420083,108.691111,0,CLA,0.0,0.0,316.0,2,2800,0,0,0,0,0,0
CF,CLA,15.420083,108.691111,2,CLA,0.0,0.0,145.0,4.0,2,5900,0,0,0,0,0,0
HM,CLA,15.420083,108.691111,1, ,0.0,0.0,128.0,04.3,2,5900,0,0,0,0,0,0,0

APPTR,R14-Z,14,ATPAD
IF,ATPAD,15.549111,108.851194, ,0.0,0.0,2,3000,0,0,0,0,1,0
TF,CA711,15.604694,108.669889,0, ,0.0,0.0,0.0,0.0,0,0,0,1,210,0,0,0
TF,CA712,15.521028,108.585278,0, ,0.0,0.0,0.0,0.0,1,2500,0,0,0,0,1,0

APPTR,R14-Z,14,IBIDU
IF,IBIDU,15.437639,108.500444, ,0.0,0.0,2,5000,0,1,210,0,1,0
TF,42NM,15.470869,108.534239,0, ,0.0,0.0,0.0,0.0,2,4000,0,0,0,0,0,0
TF,CA712,15.521028,108.585278,0, ,0.0,0.0,0.0,0.0,1,2500,0,0,0,0,1,0

APPTR,R14-Z,14,TAMKY
IF,TAMKY,15.615833,108.544167, ,0.0,0.0,4,5000,4000,0,0,0,1,0
TF,CA712,15.521028,108.585278,0, ,0.0,0.0,0.0,0.0,1,2500,0,0,0,0,1,0

FINAL,R14-Z,14,R,3
IF,CA712,15.521028,108.585278, ,0.0,0.0,1,2500,0,0,0,0,0,0
TF,CA713,15.461250,108.647972,0, ,0.0,0.0,136.0,5.1,1,1320,0,0,0,0,2,0
TF,RW14,15.415658,108.695753,0, ,0.0,0.0,136.0,3.9,1,76,0,0,0,0,3,1
CF,CA714,15.304111,108.812528,0,CLA,135.5,9.9,136.0,9.5,0,0,0,0,0,0,0,0
TF,CA715,15.361917,108.871556,0, ,0.0,0.0,0.0,0.0,0,0,0,1,210,0,0,0
TF,CA716,15.428444,108.864306,0, ,0.0,0.0,0.0,0.0,2,2600,0,0,0,0,0,0
TF,ATPAD,15.549111,108.851194,0, ,0.0,0.0,0.0,0.0,1,3000,0,0,0,0,0,0
HM,ATPAD,15.549111,108.851194,2, ,0.0,0.0,289.0,04.3,2,3000,0,1,210,0,0,0,0

APPTR,R32-Y,32,ATPAD
IF,ATPAD,15.549111,108.851194, ,0.0,0.0,2,3000,0,0,0,0,1,0
TF,AROMU,15.350639,108.935833,0, ,0.0,0.0,0.0,0.0,0,0,0,1,210,0,0,0
TF,CA411,15.267222,108.851056,0, ,0.0,0.0,0.0,0.0,1,3000,0,0,0,0,1,0

FINAL,R32-Y,32,R,3
IF,CA411,15.267222,108.851056, ,0.0,0.0,1,3000,0,0,0,0,0,0
TF,CA412,15.326194,108.789389,0, ,0.0,0.0,316.0,5.0,1,1970,0,0,0,0,2,0
TF,RW32,15.396328,108.716006,0, ,0.0,0.0,316.0,6.0,1,70,0,0,0,0,3,1
CF,CA413,15.507861,108.599167,0,CLA,315.6,7.5,316.0,9.5,0,0,0,0,0,0,0,0
TF,CA414,15.621222,108.675861,0, ,0.0,0.0,0.0,0.0,2,2600,0,0,0,0,0,0
TF,ATPAD,15.549111,108.851194,0, ,0.0,0.0,0.0,0.0,1,3000,0,0,0,0,0,0
HM,ATPAD,15.549111,108.851194,1, ,0.0,0.0,159.0,04.3,2,3000,0,1,210,0,0,0,0

APPTR,R32-Z,32,AROMU
IF,AROMU,15.350639,108.935833, ,0.0,0.0,2,5000,0,1,210,0,1,0
TF,CA411,15.267222,108.851056,0, ,0.0,0.0,0.0,0.0,1,3000,0,0,0,0,1,0

APPTR,R32-Z,32,SOTIN
IF,SOTIN,15.141667,108.767778, ,0.0,0.0,2,5900,0,1,230,0,1,0
TF,CA411,15.267222,108.851056,0, ,0.0,0.0,0.0,0.0,1,3000,0,0,0,0,1,0

FINAL,R32-Z,32,R,3
IF,CA411,15.267222,108.851056, ,0.0,0.0,1,3000,0,0,0,0,0,0
TF,CA412,15.326194,108.789389,0, ,0.0,0.0,316.0,5.0,1,1970,0,0,0,0,2,0
TF,RW32,15.396328,108.716006,0, ,0.0,0.0,316.0,6.0,1,70,0,0,0,0,3,1
CF,CA413,15.507861,108.599167,0,CLA,315.6,7.5,316.0,9.5,0,0,0,0,0,0,0,0
TF,CA414,15.621222,108.675861,0, ,0.0,0.0,0.0,0.0,2,2600,0,0,0,0,0,0
TF,ATPAD,15.549111,108.851194,0, ,0.0,0.0,0.0,0.0,1,3000,0,0,0,0,0,0
HM,ATPAD,15.549111,108.851194,1, ,0.0,0.0,159.0,04.3,2,3000,0,1,210,0,0,0,0

