SID,ANKI1B,20L,4
CF,CR400,11.866250,109.173639,0,CRA,200.6,8.1,201.0,7.3,2,2000,0,0,0,0,0,0
TF,CR401,11.828389,109.286222,1, ,0.0,0.0,0.0,0.0,0,0,0,0,0,0,0,0
TF,CR402,12.003111,109.346111,1, ,0.0,0.0,0.0,0.0,2,9000,0,0,0,0,0,0
TF,CR403,12.049194,109.236278,0, ,0.0,0.0,0.0,0.0,0,0,0,1,250,0,0,0
TF,ANKIN,11.746778,108.952139,0, ,0.0,0.0,0.0,0.0,0,0,0,0,0,0,0,0

SID,ANKI1B,20R,4
CF,CR400,11.866250,109.173639,0,CRA,200.6,8.1,200.0,7.5,2,2000,0,0,0,0,0,0
TF,CR401,11.828389,109.286222,0, ,0.0,0.0,0.0,0.0,0,0,0,0,0,0,0,0
TF,CR402,12.003111,109.346111,1, ,0.0,0.0,0.0,0.0,2,9000,0,0,0,0,0,0
TF,CR403,12.049194,109.236278,0, ,0.0,0.0,0.0,0.0,0,0,0,1,250,0,0,0
TF,ANKIN,11.746778,108.952139,0, ,0.0,0.0,0.0,0.0,0,0,0,0,0,0,0,0

SID,BANK1B,20L,4
CF,CR400,11.866250,109.173639,0,CRA,200.6,8.1,201.0,7.3,2,2000,0,0,0,0,0,0
TF,CR401,11.828389,109.286222,1, ,0.0,0.0,0.0,0.0,0,0,0,0,0,0,0,0
TF,CR402,12.003111,109.346111,1, ,0.0,0.0,0.0,0.0,2,9000,0,0,0,0,0,0
TF,CR403,12.049194,109.236278,0, ,0.0,0.0,0.0,0.0,0,0,0,1,250,0,0,0
TF,CR404,11.986111,109.082028,0, ,0.0,0.0,0.0,0.0,2,14000,0,0,0,0,0,0
TF,BANKE,11.897278,108.865250,0, ,0.0,0.0,0.0,0.0,0,0,0,0,0,0,0,0

SID,BANK1B,20R,4
CF,CR400,11.866250,109.173639,0,CRA,200.6,8.1,200.0,7.5,2,2000,0,0,0,0,0,0
TF,CR401,11.828389,109.286222,0, ,0.0,0.0,0.0,0.0,0,0,0,0,0,0,0,0
TF,CR402,12.003111,109.346111,1, ,0.0,0.0,0.0,0.0,2,9000,0,0,0,0,0,0
TF,CR403,12.049194,109.236278,0, ,0.0,0.0,0.0,0.0,0,0,0,1,250,0,0,0
TF,CR404,11.986111,109.082028,0, ,0.0,0.0,0.0,0.0,2,14000,0,0,0,0,0,0
TF,BANKE,11.897278,108.865250,0, ,0.0,0.0,0.0,0.0,0,0,0,0,0,0,0,0

SID,DALA1A,02L,2
VA,0,20.0,2,2000,0,0,0,0,0,0
DF,CRA,11.994444,109.220000,2, ,0.0,0.0,2,5900,0,0,0,0,0,1
TF,PANCA,11.923611,108.954167,0, ,0.0,0.0,0.0,0.0,0,0,0,0,0,0,0,0

SID,DALA1A,02R,2
VA,0,20.0,2,2000,0,0,0,0,0,0
DF,CRA,11.994444,109.220000,2, ,0.0,0.0,2,5900,0,0,0,0,0,1
TF,PANCA,11.923611,108.954167,0, ,0.0,0.0,0.0,0.0,0,0,0,0,0,0,0,0

SID,DALA1B,20L,2
CA,0,200.0,2,2000,0,0,0,0,0,0
DF,CRA,11.994444,109.220000,1, ,0.0,0.0,2,5900,0,0,0,0,0,1
VI,0, ,0.0,225.0,0,0,0,0,0,0,0,0
CF,PANCA,11.923611,108.954167,0,CRA,255.9,16.2,255.0,13.0,0,0,0,0,0,0,0,0

SID,DALA1B,20R,2
CA,0,200.0,2,2000,0,0,0,0,0,0
DF,CRA,11.994444,109.220000,1, ,0.0,0.0,2,5900,0,0,0,0,0,1
VI,0, ,0.0,225.0,0,0,0,0,0,0,0,0
CF,PANCA,11.923611,108.954167,0,CRA,255.9,16.2,255.0,13.0,0,0,0,0,0,0,0,0

SID,FURA1A,02L,4
CF,CR300,12.090389,109.251333,0,CRA,18.8,6.0,20.0,5.0,0,0,0,0,0,0,0,0
TF,FURAL,12.260083,109.469333,0, ,0.0,0.0,0.0,0.0,3,8000,0,0,0,0,0,0

SID,FURA1A,02R,4
CF,CR300,12.090389,109.251333,0,CRA,18.8,6.0,18.0,5.2,0,0,0,0,0,0,0,0
TF,FURAL,12.260083,109.469333,0, ,0.0,0.0,0.0,0.0,3,8000,0,0,0,0,0,0

SID,FURA1A,NIT1A,6
IF,FURAL,12.260083,109.469333, ,0.0,0.0,3,8000,0,0,0,0,0,0
TF,RABIN,12.415417,109.760306,0, ,0.0,0.0,0.0,0.0,0,0,0,0,0,0,0,0
TF,NITOM,12.741944,110.640278,0, ,0.0,0.0,0.0,0.0,0,0,0,0,0,0,0,0

SID,KARA1A,02L,2
VD, ,0,0,0,CRA,0.0,0.0,20.0,10.0,2,3000,0,0,0,0,0,0
VI,0, ,0.0,326.0,0,0,0,0,0,0,0,0
CF,KARAN,12.648889,109.156667,0,CRA,355.6,39.3,356.0,22.0,2,10000,0,0,0,0,0,0

SID,KARA1A,02R,2
VD, ,0,0,0,CRA,0.0,0.0,20.0,10.0,2,3000,0,0,0,0,0,0
VI,0, ,0.0,326.0,0,0,0,0,0,0,0,0
CF,KARAN,12.648889,109.156667,0,CRA,355.6,39.3,356.0,22.0,2,10000,0,0,0,0,0,0

SID,KARA1B,02L,2
VA,0,20.0,2,2000,0,0,0,0,0,0
DF,CRA,11.994444,109.220000,2, ,0.0,0.0,2,5100,0,0,0,0,0,1
TF,NHATA,12.226389,109.201111,2, ,0.0,0.0,0.0,0.0,0,0,0,0,0,0,0,0
TF,KARAN,12.648889,109.156667,0, ,0.0,0.0,0.0,0.0,0,0,0,0,0,0,0,0

SID,KARA1B,02R,2
VA,0,20.0,2,2000,0,0,0,0,0,0
DF,CRA,11.994444,109.220000,2, ,0.0,0.0,2,5100,0,0,0,0,0,1
TF,NHATA,12.226389,109.201111,2, ,0.0,0.0,0.0,0.0,0,0,0,0,0,0,0,0
TF,KARAN,12.648889,109.156667,0, ,0.0,0.0,0.0,0.0,0,0,0,0,0,0,0,0

SID,KARA1C,20L,2
CA,0,200.0,2,2000,0,0,0,0,0,0
DF,CRA,11.994444,109.220000,1, ,0.0,0.0,2,5100,0,0,0,0,0,1
TF,NHATA,12.226389,109.201111,0, ,0.0,0.0,0.0,0.0,0,0,0,0,0,0,0,0
TF,KARAN,12.648889,109.156667,0, ,0.0,0.0,0.0,0.0,0,0,0,0,0,0,0,0

SID,KARA1C,20R,2
CA,0,200.0,2,2000,0,0,0,0,0,0
DF,CRA,11.994444,109.220000,1, ,0.0,0.0,2,5100,0,0,0,0,0,1
TF,NHATA,12.226389,109.201111,0, ,0.0,0.0,0.0,0.0,0,0,0,0,0,0,0,0
TF,KARAN,12.648889,109.156667,0, ,0.0,0.0,0.0,0.0,0,0,0,0,0,0,0,0

SID,KOPO1A,20L,4
CF,CR400,11.866250,109.173639,0,CRA,200.6,8.1,201.0,7.3,2,2000,0,0,0,0,0,0
TF,CR401,11.828389,109.286222,1, ,0.0,0.0,0.0,0.0,0,0,0,0,0,0,0,0
TF,KOPOM,12.037778,109.583444,0, ,0.0,0.0,0.0,0.0,2,9000,0,0,0,0,0,0

SID,KOPO1A,20R,4
CF,CR400,11.866250,109.173639,0,CRA,200.6,8.1,200.0,7.5,2,2000,0,0,0,0,0,0
TF,CR401,11.828389,109.286222,0, ,0.0,0.0,0.0,0.0,0,0,0,0,0,0,0,0
TF,KOPOM,12.037778,109.583444,0, ,0.0,0.0,0.0,0.0,2,9000,0,0,0,0,0,0

SID,KOPO1A,NIT1B,6
IF,KOPOM,12.037778,109.583444, ,0.0,0.0,2,9000,0,0,0,0,0,0
TF,TEMMA,12.191639,109.877889,0, ,0.0,0.0,0.0,0.0,0,0,0,0,0,0,0,0
TF,NITOM,12.741944,110.640278,0, ,0.0,0.0,0.0,0.0,0,0,0,0,0,0,0,0

SID,NIHO1A,02L,4
CF,CR300,12.090389,109.251333,0,CRA,18.8,6.0,20.0,5.0,0,0,0,0,0,0,0,0
TF,CR301,12.213306,109.220750,0, ,0.0,0.0,0.0,0.0,3,7000,0,0,0,0,0,0
TF,NIHOA,12.355500,109.185333,0, ,0.0,0.0,0.0,0.0,0,0,0,0,0,0,0,0

SID,NIHO1A,02R,4
CF,CR300,12.090389,109.251333,0,CRA,18.8,6.0,18.0,5.2,0,0,0,0,0,0,0,0
TF,CR301,12.213306,109.220750,0, ,0.0,0.0,0.0,0.0,3,7000,0,0,0,0,0,0
TF,NIHOA,12.355500,109.185333,0, ,0.0,0.0,0.0,0.0,0,0,0,0,0,0,0,0

SID,NIHO1B,20L,4
CF,CR400,11.866250,109.173639,0,CRA,200.6,8.1,201.0,7.3,2,2000,0,0,0,0,0,0
TF,CR401,11.828389,109.286222,1, ,0.0,0.0,0.0,0.0,0,0,0,0,0,0,0,0
TF,CR402,12.003111,109.346111,1, ,0.0,0.0,0.0,0.0,2,9000,0,1,250,0,0,0
TF,CR406,12.187833,109.261917,0, ,0.0,0.0,0.0,0.0,2,12000,0,0,0,0,0,0
TF,NIHOA,12.355500,109.185333,0, ,0.0,0.0,0.0,0.0,0,0,0,0,0,0,0,0

SID,NIHO1B,20R,4
CF,CR400,11.866250,109.173639,0,CRA,200.6,8.1,200.0,7.5,2,2000,0,0,0,0,0,0
TF,CR401,11.828389,109.286222,0, ,0.0,0.0,0.0,0.0,0,0,0,0,0,0,0,0
TF,CR402,12.003111,109.346111,1, ,0.0,0.0,0.0,0.0,2,9000,0,1,250,0,0,0
TF,CR406,12.187833,109.261917,0, ,0.0,0.0,0.0,0.0,2,12000,0,0,0,0,0,0
TF,NIHOA,12.355500,109.185333,0, ,0.0,0.0,0.0,0.0,0,0,0,0,0,0,0,0

SID,NITO1A,02L,2
VD, ,0,0,0,CRA,0.0,0.0,20.0,10.0,2,3000,0,0,0,0,0,0
DF,PHUSA,12.123056,109.462778,2, ,0.0,0.0,0,0,0,0,0,0,0,0
TF,NITOM,12.741944,110.640278,0, ,0.0,0.0,0.0,0.0,0,0,0,0,0,0,0,0

SID,NITO1A,02R,2
VD, ,0,0,0,CRA,0.0,0.0,20.0,10.0,2,3000,0,0,0,0,0,0
DF,PHUSA,12.123056,109.462778,2, ,0.0,0.0,0,0,0,0,0,0,0,0
TF,NITOM,12.741944,110.640278,0, ,0.0,0.0,0.0,0.0,0,0,0,0,0,0,0,0

SID,NITO1B,20L,2
CA,0,200.0,2,2000,0,0,0,0,0,0
DF,CRA,11.994444,109.220000,1, ,0.0,0.0,2,5900,0,0,0,0,0,1
TF,PHUSA,12.123056,109.462778,0, ,0.0,0.0,0.0,0.0,0,0,0,0,0,0,0,0
TF,NITOM,12.741944,110.640278,0, ,0.0,0.0,0.0,0.0,0,0,0,0,0,0,0,0

SID,NITO1B,20R,2
CA,0,200.0,2,2000,0,0,0,0,0,0
DF,CRA,11.994444,109.220000,1, ,0.0,0.0,2,5900,0,0,0,0,0,1
TF,PHUSA,12.123056,109.462778,0, ,0.0,0.0,0.0,0.0,0,0,0,0,0,0,0,0
TF,NITOM,12.741944,110.640278,0, ,0.0,0.0,0.0,0.0,0,0,0,0,0,0,0,0

SID,PANL1A,02L,4
CF,CR300,12.090389,109.251333,0,CRA,18.8,6.0,20.0,5.0,0,0,0,0,0,0,0,0
TF,CR301,12.213306,109.220750,0, ,0.0,0.0,0.0,0.0,3,7000,0,0,0,0,0,0
TF,PANLU,12.308750,109.035000,0, ,0.0,0.0,0.0,0.0,2,9000,0,0,0,0,0,0

SID,PANL1A,02R,4
CF,CR300,12.090389,109.251333,0,CRA,18.8,6.0,18.0,5.2,0,0,0,0,0,0,0,0
TF,CR301,12.213306,109.220750,0, ,0.0,0.0,0.0,0.0,3,7000,0,0,0,0,0,0
TF,PANLU,12.308750,109.035000,0, ,0.0,0.0,0.0,0.0,2,9000,0,0,0,0,0,0

SID,PANL1A,CHU1A,6
IF,PANLU,12.308750,109.035000, ,0.0,0.0,2,9000,0,0,0,0,0,0
TF,CHUTU,12.354361,108.633944,0, ,0.0,0.0,0.0,0.0,0,0,0,0,0,0,0,0

SID,PTH1A,02L,2
VA,0,20.0,2,2000,0,0,0,0,0,0
DF,CRA,11.994444,109.220000,2, ,0.0,0.0,2,5900,0,0,0,0,0,1
TF,SUIDA,11.808889,109.019167,0, ,0.0,0.0,0.0,0.0,0,0,0,0,0,0,0,0

SID,PTH1A,02R,2
VA,0,20.0,2,2000,0,0,0,0,0,0
DF,CRA,11.994444,109.220000,2, ,0.0,0.0,2,5900,0,0,0,0,0,1
TF,SUIDA,11.808889,109.019167,0, ,0.0,0.0,0.0,0.0,0,0,0,0,0,0,0,0

SID,PTH1B,20L,2
CA,0,200.0,2,2000,0,0,0,0,0,0
DF,CRA,11.994444,109.220000,1, ,0.0,0.0,2,5900,0,0,0,0,0,1
VI,1, ,0.0,197.0,0,0,0,0,0,0,0,0
CF,SUIDA,11.808889,109.019167,0,CRA,227.9,16.2,227.0,11.0,0,0,0,0,0,0,0,0

SID,PTH1B,20R,2
CA,0,200.0,2,2000,0,0,0,0,0,0
DF,CRA,11.994444,109.220000,1, ,0.0,0.0,2,5900,0,0,0,0,0,1
VI,1, ,0.0,197.0,0,0,0,0,0,0,0,0
CF,SUIDA,11.808889,109.019167,0,CRA,227.9,16.2,227.0,11.0,0,0,0,0,0,0,0,0

SID,SOTE1B,20L,4
CF,CR400,11.866250,109.173639,0,CRA,200.6,8.1,201.0,7.3,2,2000,0,0,0,0,0,0
TF,CR401,11.828389,109.286222,1, ,0.0,0.0,0.0,0.0,0,0,0,0,0,0,0,0
TF,CR402,12.003111,109.346111,1, ,0.0,0.0,0.0,0.0,2,9000,0,1,250,0,0,0
TF,CR405,12.082528,109.156694,0, ,0.0,0.0,0.0,0.0,2,12000,0,0,0,0,0,0
TF,SOTEN,12.186944,108.907028,0, ,0.0,0.0,0.0,0.0,0,0,0,0,0,0,0,0

SID,SOTE1B,20R,4
CF,CR400,11.866250,109.173639,0,CRA,200.6,8.1,200.0,7.5,2,2000,0,0,0,0,0,0
TF,CR401,11.828389,109.286222,0, ,0.0,0.0,0.0,0.0,0,0,0,0,0,0,0,0
TF,CR402,12.003111,109.346111,1, ,0.0,0.0,0.0,0.0,2,9000,0,1,250,0,0,0
TF,CR405,12.082528,109.156694,0, ,0.0,0.0,0.0,0.0,2,12000,0,0,0,0,0,0
TF,SOTEN,12.186944,108.907028,0, ,0.0,0.0,0.0,0.0,0,0,0,0,0,0,0,0

SID,THAK1A,02L,4
CF,CR300,12.090389,109.251333,0,CRA,18.8,6.0,20.0,5.0,0,0,0,0,0,0,0,0
TF,CR301,12.213306,109.220750,0, ,0.0,0.0,0.0,0.0,3,7000,0,0,0,0,0,0
TF,CR303,12.288639,109.074139,0, ,0.0,0.0,0.0,0.0,2,9000,0,0,0,0,0,0
TF,THAKA,12.151389,108.889083,0, ,0.0,0.0,0.0,0.0,2,14000,0,0,0,0,0,0

SID,THAK1A,02R,4
CF,CR300,12.090389,109.251333,0,CRA,18.8,6.0,18.0,5.2,0,0,0,0,0,0,0,0
TF,CR301,12.213306,109.220750,0, ,0.0,0.0,0.0,0.0,3,7000,0,0,0,0,0,0
TF,CR303,12.288639,109.074139,0, ,0.0,0.0,0.0,0.0,2,9000,0,0,0,0,0,0
TF,THAKA,12.151389,108.889083,0, ,0.0,0.0,0.0,0.0,2,14000,0,0,0,0,0,0

SID,THAK1A,LKH1A,6
IF,THAKA,12.151389,108.889083, ,0.0,0.0,2,14000,0,0,0,0,0,0
TF,LKH,11.754139,108.355194,0, ,0.0,0.0,0.0,0.0,0,0,0,0,0,0,0,0

STAR,ANKI1A,02L,5
IF,ANKIN,11.746778,108.952139, ,0.0,0.0,4,13000,9000,0,0,0,0,0
TF,CR027,11.957556,109.215917,0, ,0.0,0.0,0.0,0.0,2,6000,0,0,0,0,0,0
TF,CR025,11.914833,109.335833,0, ,0.0,0.0,0.0,0.0,0,0,0,0,0,0,0,0
TF,CR021,11.784056,109.287750,0, ,0.0,0.0,0.0,0.0,2,5000,0,0,0,0,0,0

STAR,ANKI1A,02R,5
IF,ANKIN,11.746778,108.952139, ,0.0,0.0,4,13000,9000,0,0,0,0,0
TF,CR027,11.957556,109.215917,0, ,0.0,0.0,0.0,0.0,2,6000,0,0,0,0,0,0
TF,CR025,11.914833,109.335833,0, ,0.0,0.0,0.0,0.0,0,0,0,0,0,0,0,0
TF,CR021,11.784056,109.287750,0, ,0.0,0.0,0.0,0.0,2,5000,0,0,0,0,0,0

STAR,BANK1A,02L,5
IF,BANKE,11.897278,108.865250, ,0.0,0.0,4,13000,11000,0,0,0,0,0
TF,CR027,11.957556,109.215917,0, ,0.0,0.0,0.0,0.0,2,6000,0,0,0,0,0,0
TF,CR025,11.914833,109.335833,0, ,0.0,0.0,0.0,0.0,0,0,0,0,0,0,0,0
TF,CR021,11.784056,109.287750,0, ,0.0,0.0,0.0,0.0,2,5000,0,0,0,0,0,0

STAR,BANK1A,02R,5
IF,BANKE,11.897278,108.865250, ,0.0,0.0,4,13000,11000,0,0,0,0,0
TF,CR027,11.957556,109.215917,0, ,0.0,0.0,0.0,0.0,2,6000,0,0,0,0,0,0
TF,CR025,11.914833,109.335833,0, ,0.0,0.0,0.0,0.0,0,0,0,0,0,0,0,0
TF,CR021,11.784056,109.287750,0, ,0.0,0.0,0.0,0.0,2,5000,0,0,0,0,0,0

STAR,BANK1C,HAP1A,4
IF,HAPHA,11.530028,108.718278, ,0.0,0.0,0,0,0,0,0,0,0,0
TF,BANKE,11.897278,108.865250,0, ,0.0,0.0,0.0,0.0,4,13000,11000,0,0,0,0,0

STAR,BANK1C,20L,5
IF,BANKE,11.897278,108.865250, ,0.0,0.0,4,13000,11000,0,0,0,0,0
TF,CR211,12.035528,108.973750,0, ,0.0,0.0,0.0,0.0,3,11000,0,0,0,0,0,0
TF,CR209,12.232444,109.128528,0, ,0.0,0.0,0.0,0.0,2,6000,0,0,0,0,0,0

STAR,BANK1C,20R,5
IF,BANKE,11.897278,108.865250, ,0.0,0.0,4,13000,11000,0,0,0,0,0
TF,CR211,12.035528,108.973750,0, ,0.0,0.0,0.0,0.0,3,11000,0,0,0,0,0,0
TF,CR209,12.232444,109.128528,0, ,0.0,0.0,0.0,0.0,2,6000,0,0,0,0,0,0

STAR,COTU2A,KAM1A,4
IF,KAMGO,13.287500,109.101389, ,0.0,0.0,0,0,0,0,0,0,0,0
TF,SIMME,12.669611,109.291056,0, ,0.0,0.0,0.0,0.0,0,0,0,0,0,0,0,0
TF,COTUN,12.342167,109.322861,0, ,0.0,0.0,0.0,0.0,2,12000,0,0,0,0,0,0

STAR,COTU2A,VEP1A,4
IF,VEPAM,13.966667,110.000000, ,0.0,0.0,0,0,0,0,0,0,0,0
TF,SIMME,12.669611,109.291056,0, ,0.0,0.0,0.0,0.0,0,0,0,0,0,0,0,0
TF,COTUN,12.342167,109.322861,0, ,0.0,0.0,0.0,0.0,2,12000,0,0,0,0,0,0

STAR,COTU2A,02L,5
IF,COTUN,12.342167,109.322861, ,0.0,0.0,2,12000,0,0,0,0,0,0
TF,CR026,12.047361,109.384611,0, ,0.0,0.0,0.0,0.0,2,9000,0,0,0,0,0,0
TF,CR025,11.914833,109.335833,0, ,0.0,0.0,0.0,0.0,0,0,0,0,0,0,0,0
TF,CR021,11.784056,109.287750,0, ,0.0,0.0,0.0,0.0,2,5000,0,0,0,0,0,0

STAR,COTU2A,02R,5
IF,COTUN,12.342167,109.322861, ,0.0,0.0,2,12000,0,0,0,0,0,0
TF,CR026,12.047361,109.384611,0, ,0.0,0.0,0.0,0.0,2,9000,0,0,0,0,0,0
TF,CR025,11.914833,109.335833,0, ,0.0,0.0,0.0,0.0,0,0,0,0,0,0,0,0
TF,CR021,11.784056,109.287750,0, ,0.0,0.0,0.0,0.0,2,5000,0,0,0,0,0,0

STAR,COTU3B,KAM1B,4
IF,KAMGO,13.287500,109.101389, ,0.0,0.0,0,0,0,0,0,0,0,0
TF,SIMME,12.669611,109.291056,0, ,0.0,0.0,0.0,0.0,2,12000,0,0,0,0,0,0
TF,COTUN,12.342167,109.322861,0, ,0.0,0.0,0.0,0.0,4,8000,5400,0,0,0,0,0

STAR,COTU3B,VEP1B,4
IF,VEPAM,13.966667,110.000000, ,0.0,0.0,0,0,0,0,0,0,0,0
TF,SIMME,12.669611,109.291056,0, ,0.0,0.0,0.0,0.0,2,12000,0,0,0,0,0,0
TF,COTUN,12.342167,109.322861,0, ,0.0,0.0,0.0,0.0,4,8000,5400,0,0,0,0,0

STAR,COTU3B,20L,5
IF,COTUN,12.342167,109.322861, ,0.0,0.0,4,8000,5400,0,0,0,0,0
TF,CR202,12.248806,109.306306,0, ,0.0,0.0,0.0,0.0,2,4000,0,0,0,0,0,0

STAR,COTU3B,20R,5
IF,COTUN,12.342167,109.322861, ,0.0,0.0,4,8000,5400,0,0,0,0,0
TF,CR202,12.248806,109.306306,0, ,0.0,0.0,0.0,0.0,2,4000,0,0,0,0,0,0

STAR,HUNT2A,NIT1C,4
IF,NITOM,12.741944,110.640278, ,0.0,0.0,0,0,0,0,0,0,0,0
TF,LIGUN,12.315111,109.826111,0, ,0.0,0.0,0.0,0.0,0,0,0,0,0,0,0,0
TF,HUNTA,12.167444,109.543139,0, ,0.0,0.0,0.0,0.0,2,12000,0,0,0,0,0,0

STAR,HUNT2A,02L,5
IF,HUNTA,12.167444,109.543139, ,0.0,0.0,2,12000,0,0,0,0,0,0
TF,CR026,12.047361,109.384611,0, ,0.0,0.0,0.0,0.0,2,9000,0,0,0,0,0,0
TF,CR025,11.914833,109.335833,0, ,0.0,0.0,0.0,0.0,0,0,0,0,0,0,0,0
TF,CR021,11.784056,109.287750,0, ,0.0,0.0,0.0,0.0,2,5000,0,0,0,0,0,0

STAR,HUNT2A,02R,5
IF,HUNTA,12.167444,109.543139, ,0.0,0.0,2,12000,0,0,0,0,0,0
TF,CR026,12.047361,109.384611,0, ,0.0,0.0,0.0,0.0,2,9000,0,0,0,0,0,0
TF,CR025,11.914833,109.335833,0, ,0.0,0.0,0.0,0.0,0,0,0,0,0,0,0,0
TF,CR021,11.784056,109.287750,0, ,0.0,0.0,0.0,0.0,2,5000,0,0,0,0,0,0

STAR,HUNT2B,NIT1D,4
IF,NITOM,12.741944,110.640278, ,0.0,0.0,0,0,0,0,0,0,0,0
TF,LIGUN,12.315111,109.826111,0, ,0.0,0.0,0.0,0.0,0,0,0,0,0,0,0,0
TF,HUNTA,12.167444,109.543139,0, ,0.0,0.0,0.0,0.0,3,7000,0,0,0,0,0,0

STAR,HUNT2B,20L,5
IF,HUNTA,12.167444,109.543139, ,0.0,0.0,3,7000,0,0,0,0,0,0
TF,CR201,12.143028,109.396222,0, ,0.0,0.0,0.0,0.0,2,5000,0,0,0,0,0,0

STAR,HUNT2B,20R,5
IF,HUNTA,12.167444,109.543139, ,0.0,0.0,3,7000,0,0,0,0,0,0
TF,CR201,12.143028,109.396222,0, ,0.0,0.0,0.0,0.0,2,5000,0,0,0,0,0,0

STAR,NHAT1A,ALL,2
IF,NHATA,12.226389,109.201111, ,0.0,0.0,0,0,0,0,0,0,0,0
TF,CRA,11.994444,109.220000,0, ,0.0,0.0,0.0,0.0,2,7500,0,0,0,0,0,0

STAR,NHAT1C,02L,2
IF,NHATA,12.226389,109.201111, ,0.0,0.0,0,0,0,0,0,0,0,0
TF,D356H,12.127950,109.209131,0, ,0.0,0.0,0.0,0.0,2,7500,0,0,0,0,0,0
TF,CRA,11.994444,109.220000,0, ,0.0,0.0,0.0,0.0,2,5300,0,0,0,0,0,0

STAR,PANC1A,ALL,2
IF,PANCA,11.923611,108.954167, ,0.0,0.0,0,0,0,0,0,0,0,0
TF,CRA,11.994444,109.220000,0, ,0.0,0.0,0.0,0.0,2,7500,0,0,0,0,0,0

STAR,PANC1C,02L,2
IF,PANCA,11.923611,108.954167, ,0.0,0.0,0,0,0,0,0,0,0,0
TF,D256H,11.959486,109.088675,0, ,0.0,0.0,0.0,0.0,2,7500,0,0,0,0,0,0
TF,CRA,11.994444,109.220000,0, ,0.0,0.0,0.0,0.0,2,5300,0,0,0,0,0,0

STAR,PANL1B,CHU1B,4
IF,CHUTU,12.354361,108.633944, ,0.0,0.0,0,0,0,0,0,0,0,0
TF,PANLU,12.308750,109.035000,0, ,0.0,0.0,0.0,0.0,4,9000,7000,0,0,0,0,0

STAR,PANL1B,20L,5
IF,PANLU,12.308750,109.035000, ,0.0,0.0,4,9000,7000,0,0,0,0,0
TF,CR209,12.232444,109.128528,0, ,0.0,0.0,0.0,0.0,2,6000,0,0,0,0,0,0

STAR,PANL1B,20R,5
IF,PANLU,12.308750,109.035000, ,0.0,0.0,4,9000,7000,0,0,0,0,0
TF,CR209,12.232444,109.128528,0, ,0.0,0.0,0.0,0.0,2,6000,0,0,0,0,0,0

STAR,PHUS1A,ALL,2
IF,PHUSA,12.123056,109.462778, ,0.0,0.0,0,0,0,0,0,0,0,0
TF,CRA,11.994444,109.220000,0, ,0.0,0.0,0.0,0.0,2,7500,0,0,0,0,0,0

STAR,PHUS1C,02L,2
IF,PHUSA,12.123056,109.462778, ,0.0,0.0,0,0,0,0,0,0,0,0
TF,D063H,12.057947,109.339794,0, ,0.0,0.0,0.0,0.0,2,7500,0,0,0,0,0,0
TF,CRA,11.994444,109.220000,0, ,0.0,0.0,0.0,0.0,2,5300,0,0,0,0,0,0

STAR,SOTE1A,BID1A,4
IF,BIDAM,12.249139,108.805694, ,0.0,0.0,1,8000,0,0,0,0,0,0
TF,SOTEN,12.186944,108.907028,0, ,0.0,0.0,0.0,0.0,0,0,0,0,0,0,0,0

STAR,SOTE1A,02L,5
IF,SOTEN,12.186944,108.907028, ,0.0,0.0,0,0,0,0,0,0,0,0
TF,CR027,11.957556,109.215917,0, ,0.0,0.0,0.0,0.0,2,6000,0,0,0,0,0,0
TF,CR025,11.914833,109.335833,0, ,0.0,0.0,0.0,0.0,0,0,0,0,0,0,0,0
TF,CR021,11.784056,109.287750,0, ,0.0,0.0,0.0,0.0,2,5000,0,0,0,0,0,0

STAR,SOTE1A,02R,5
IF,SOTEN,12.186944,108.907028, ,0.0,0.0,0,0,0,0,0,0,0,0
TF,CR027,11.957556,109.215917,0, ,0.0,0.0,0.0,0.0,2,6000,0,0,0,0,0,0
TF,CR025,11.914833,109.335833,0, ,0.0,0.0,0.0,0.0,0,0,0,0,0,0,0,0
TF,CR021,11.784056,109.287750,0, ,0.0,0.0,0.0,0.0,2,5000,0,0,0,0,0,0

STAR,SUID1A,ALL,2
IF,SUIDA,11.808889,109.019167, ,0.0,0.0,0,0,0,0,0,0,0,0
TF,CRA,11.994444,109.220000,0, ,0.0,0.0,0.0,0.0,2,7500,0,0,0,0,0,0

STAR,SUID1C,02L,2
IF,SUIDA,11.808889,109.019167, ,0.0,0.0,2,9000,0,0,0,0,0,0
TF,D228H,11.902822,109.120781,0, ,0.0,0.0,0.0,0.0,2,7500,0,0,0,0,0,0
TF,CRA,11.994444,109.220000,0, ,0.0,0.0,0.0,0.0,2,5300,0,0,0,0,0,0

APPTR,D02L,02L,CRA
IF,CRA,11.994444,109.220000, ,0.0,0.0,2,5300,0,0,0,0,1,0
FD,CRA,11.994444,109.220000,0,CRA,0.0,8.0,187.0,8.0,2,2790,0,1,165,0,0,0
CF,FF02L,11.870256,109.169058,2,CRA,203.0,8.0,23.0,1.0,2,2790,0,0,0,0,0,0

FINAL,D02L,02L,D,2
IF,FF02L,11.870256,109.169058,CRA,203.0,8.0,2,2790,0,0,0,0,2,0
CF,MA02L,11.952531,109.202800,0,CRA,203.0,2.7,23.0,5.3,1,840,0,0,0,0,3,0
CF,CRA,11.994444,109.220000,0,CRA,0.0,0.0,23.0,2.7,0,0,0,0,0,0,0,0
CA,0,23.0,2,2600,0,0,0,0,0,0
DF,CRA,11.994444,109.220000,2, ,0.0,0.0,1,5300,0,0,0,0,0,0
HM,CRA,11.994444,109.220000,1, ,0.0,0.0,187.0,04.3,2,5300,0,0,0,0,0,0,0

APPTR,D20LY,20L,CRA1
IF,CRA,11.994444,109.220000, ,0.0,0.0,2,7500,0,0,0,0,1,0
FD,CRA,11.994444,109.220000,0,CRA,0.0,12.5,43.0,12.5,2,3200,0,0,0,0,0,0
CF,CF20L,12.192242,109.289444,1,CRA,20.1,12.5,200.0,1.0,2,3200,0,0,0,0,1,0

APPTR,D20LY,20L,CRA2
IF,CRA,11.994444,109.220000, ,0.0,0.0,2,7500,0,0,0,0,1,0
FD,CRA,11.994444,109.220000,0,CRA,0.0,12.5,27.0,12.5,2,3200,0,0,0,0,0,0
CF,CF20L,12.192242,109.289444,1,CRA,20.1,12.5,200.0,1.0,2,3200,0,0,0,0,1,0

APPTR,D20LY,20L,KARAN
IF,KARAN,12.648889,109.156667, ,0.0,0.0,2,10000,0,0,0,0,0,0
TF,D356Q,12.269439,109.193425,0, ,0.0,0.0,0.0,0.0,2,6000,0,0,0,0,1,0
VI,0, ,0.0,176.0,0,0,0,0,0,0,0,0
AF,D020O,12.223961,109.300347,2,CRA,20.0,14.5,356.0,0,0,0,0,0,0,0,0
CF,CF20L,12.192242,109.289444,0,CRA,20.1,12.5,200.0,2.0,2,3200,0,0,0,0,1,0

FINAL,D20LY,20L,D,3
IF,CF20L,12.192242,109.289444,CRA,20.1,12.5,2,3200,0,0,0,0,0,0
CF,FS20L,12.109997,109.260433,0,CRA,20.0,7.3,200.0,5.2,2,2140,0,0,0,0,2,0
CF,MS20L,12.038767,109.235503,0,CRA,20.0,2.8,200.0,4.5,1,704,0,0,0,0,3,0
CA,0,200.0,2,2000,0,1,210,0,0,0
VI,1, ,0.0,90.0,0,0,0,0,0,0,0,0
CF,CR223,11.819528,109.541361,0,CRA,119.9,21.6,120.0,15.0,1,3000,0,0,0,0,0,0
HM,CR223,11.819528,109.541361,2, ,0.0,0.0,300.0,04.3,1,3000,0,0,0,0,0,0,0

APPTR,D20RX,20R,CR223
IF,CR223,11.819528,109.541361, ,0.0,0.0,2,4000,0,0,0,0,1,0
TF,CR201,12.143028,109.396222,0, ,0.0,0.0,0.0,0.0,0,0,0,0,0,0,0,0
TF,KETNO,12.185278,109.270556,0, ,0.0,0.0,0.0,0.0,2,3000,0,0,0,0,1,0

FINAL,D20RX,20R,D,3
IF,KETNO,12.185278,109.270556,CRA,15.6,11.8,2,3000,0,0,0,0,0,0
CF,FF20R,12.120578,109.254347,0,CRA,16.0,7.8,196.0,4.0,2,2240,0,0,0,0,2,0
CF,MA20R,12.039722,109.232325,0,CRA,16.0,2.8,196.0,5.0,1,662,0,0,0,0,3,0
CA,0,196.0,2,2000,0,0,0,0,0,0
VI,1, ,0.0,90.0,0,0,0,0,0,0,0,0
CF,CR223,11.819528,109.541361,0,CRA,119.9,21.6,120.0,15.0,1,4000,0,0,0,0,0,0
HM,CR223,11.819528,109.541361,2, ,0.0,0.0,337.0,04.3,2,4000,0,0,0,0,0,0,0

APPTR,D20RY,20R,CRA1
IF,CRA,11.994444,109.220000, ,0.0,0.0,2,7500,0,0,0,0,1,0
FD,CRA,11.994444,109.220000,0,CRA,0.0,12.5,40.0,12.5,2,3200,0,0,0,0,0,0
CF,CS20R,12.195603,109.278636,1,CRA,17.0,12.5,197.0,1.0,2,3200,0,0,0,0,1,0

APPTR,D20RY,20R,CRA2
IF,CRA,11.994444,109.220000, ,0.0,0.0,2,7500,0,0,0,0,1,0
FD,CRA,11.994444,109.220000,0,CRA,0.0,12.5,24.0,12.5,2,3200,0,0,0,0,0,0
CF,CS20R,12.195603,109.278636,1,CRA,17.0,12.5,197.0,1.0,2,3200,0,0,0,0,1,0

APPTR,D20RY,20R,KARAN
IF,KARAN,12.648889,109.156667, ,0.0,0.0,2,10000,0,0,0,0,0,0
TF,D356Q,12.269439,109.193425,0, ,0.0,0.0,0.0,0.0,2,6000,0,0,0,0,1,0
VI,0, ,0.0,176.0,0,0,0,0,0,0,0,0
AF,D017O,12.227786,109.288025,2,CRA,17.0,14.5,356.0,0,0,0,0,0,0,0,0
CF,CS20R,12.195603,109.278636,0,CRA,17.0,12.5,197.0,2.0,2,3200,0,0,0,0,1,0

FINAL,D20RY,20R,D,3
IF,CS20R,12.195603,109.278636,CRA,17.0,12.5,2,3200,0,0,0,0,0,0
CF,FS20R,12.119967,109.256578,0,CRA,17.0,7.8,197.0,4.7,2,2250,0,0,0,0,2,0
CF,MS20R,12.039503,109.233125,0,CRA,17.0,2.8,197.0,5.0,1,662,0,0,0,0,3,0
CA,0,197.0,2,2000,0,1,210,0,0,0
VI,1, ,0.0,90.0,0,0,0,0,0,0,0,0
CF,CR223,11.819528,109.541361,0,CRA,119.9,21.6,120.0,15.0,1,3000,0,0,0,0,0,0
HM,CR223,11.819528,109.541361,2, ,0.0,0.0,300.0,04.3,1,3000,0,0,0,0,0,0,0

APPTR,D20RZ,20R,CR201
IF,CR201,12.143028,109.396222, ,0.0,0.0,2,5000,0,0,0,0,1,0
TF,KETNO,12.185278,109.270556,0, ,0.0,0.0,0.0,0.0,2,3000,0,0,0,0,1,0

APPTR,D20RZ,20R,CR202
IF,CR202,12.248806,109.306306, ,0.0,0.0,2,4000,0,0,0,0,1,0
TF,KETNO,12.185278,109.270556,0, ,0.0,0.0,0.0,0.0,2,3000,0,0,0,0,1,0

APPTR,D20RZ,20R,CR209
IF,CR209,12.232444,109.128528, ,0.0,0.0,2,6000,0,0,0,0,1,0
TF,KETNO,12.185278,109.270556,0, ,0.0,0.0,0.0,0.0,2,3000,0,0,0,0,1,0

FINAL,D20RZ,20R,D,3
IF,KETNO,12.185278,109.270556,CRA,15.6,11.8,2,3000,0,0,0,0,0,0
CF,FF20R,12.120578,109.254347,0,CRA,16.0,7.8,196.0,4.0,2,2240,0,0,0,0,2,0
CF,MA20R,12.039722,109.232325,0,CRA,16.0,2.8,196.0,5.0,1,662,0,0,0,0,3,0
CA,0,196.0,2,2000,0,0,0,0,0,0
VI,1, ,0.0,90.0,0,0,0,0,0,0,0,0
CF,CR223,11.819528,109.541361,0,CRA,119.9,21.6,120.0,15.0,1,4000,0,0,0,0,0,0
HM,CR223,11.819528,109.541361,2, ,0.0,0.0,337.0,04.3,2,4000,0,0,0,0,0,0,0

APPTR,I02LX,02L,CR220
IF,CR220,11.837806,109.550111, ,0.0,0.0,2,4000,0,0,0,0,1,0
TF,CR021,11.784056,109.287750,0, ,0.0,0.0,0.0,0.0,0,0,0,0,0,0,0,0
TF,CR022,11.842500,109.165361,0,ICR,0.0,0.0,0.0,0.0,2,2600,0,0,0,0,1,0

FINAL,I02LX,02L,I,3
IF,CR022,11.842500,109.165361,ICR,199.9,10.8,2,2600,0,0,0,0,0,0
CF,CR023,11.895167,109.183583,0,ICR,199.9,7.5,20.0,3.3,1,2215,0,0,0,0,2,0
CF,RW02L,11.985069,109.214800,0,ICR,199.8,1.8,20.0,5.7,1,74,0,0,0,0,3,1
DF,CR218,12.040528,109.234056,0, ,0.0,0.0,0,0,0,0,0,0,0,0
TF,CR219,12.065472,109.433500,0, ,0.0,0.0,0.0,0.0,3,4000,0,0,0,0,0,0
TF,CR220,11.837806,109.550111,0, ,0.0,0.0,0.0,0.0,1,4000,0,0,0,0,0,0
HM,CR220,11.837806,109.550111,1, ,0.0,0.0,231.0,04.3,2,4000,0,1,230,0,0,0,0

APPTR,I02LY,02L,CRA1
IF,CRA,11.994444,109.220000, ,0.0,0.0,2,7500,0,0,0,0,1,0
FD,CRA,11.994444,109.220000,0,CRA,0.0,19.5,184.0,19.5,2,5900,0,0,0,0,0,0
CF,D200T,11.685739,109.112158,2,CRA,200.0,19.5,20.0,1.0,2,5900,0,0,0,0,0,0
TF,D200P,11.741622,109.130258,0, ,0.0,0.0,0.0,0.0,2,4800,0,0,0,0,0,0
TF,D200M,11.774892,109.141800,0, ,0.0,0.0,0.0,0.0,2,4100,0,0,0,0,0,0
TF,D200K,11.808158,109.153347,0, ,0.0,0.0,0.0,0.0,2,3400,0,0,0,0,0,0
CF,CI02L,11.869939,109.174797,0,ICR,199.9,9.1,20.0,3.9,2,2220,0,0,0,0,0,0

APPTR,I02LY,02L,CRA2
IF,CRA,11.994444,109.220000, ,0.0,0.0,2,7500,0,0,0,0,1,0
FD,CRA,11.994444,109.220000,0,CRA,0.0,19.5,194.0,19.5,2,5900,0,0,0,0,0,0
CF,D200T,11.685739,109.112158,2,CRA,200.0,19.5,20.0,1.0,2,5900,0,0,0,0,0,0
TF,D200P,11.741622,109.130258,0, ,0.0,0.0,0.0,0.0,2,4800,0,0,0,0,0,0
TF,D200M,11.774892,109.141800,0, ,0.0,0.0,0.0,0.0,2,4100,0,0,0,0,0,0
TF,D200K,11.808158,109.153347,0, ,0.0,0.0,0.0,0.0,2,3400,0,0,0,0,0,0
CF,CI02L,11.869939,109.174797,0,ICR,199.9,9.1,20.0,3.9,2,2220,0,0,0,0,0,0

APPTR,I02LY,02L,D227W
IF,D227W,11.726814,108.938914, ,0.0,0.0,2,7500,0,0,0,0,1,0
CI,0, ,0.0,47.0,0,0,0,0,0,0,0,0
AF,D221U,11.725022,108.990669,1,CRA,221.0,21.0,227.0,2,6500,0,0,0,0,0,0
AF,D200U,11.661992,109.103872,1,CRA,200.0,21.0,221.0,0,0,0,0,0,0,0,0
TF,D200T,11.685739,109.112158,0, ,0.0,0.0,0.0,0.0,2,5900,0,0,0,0,0,0
TF,D200P,11.741622,109.130258,0, ,0.0,0.0,0.0,0.0,2,4800,0,0,0,0,0,0
TF,D200M,11.774892,109.141800,0, ,0.0,0.0,0.0,0.0,2,4100,0,0,0,0,0,0
TF,D200K,11.808158,109.153347,0, ,0.0,0.0,0.0,0.0,2,3400,0,0,0,0,0,0
CF,CI02L,11.869939,109.174797,0,ICR,199.9,9.1,20.0,3.9,2,2220,0,0,0,0,0,0

APPTR,I02LY,02L,D255W
IF,D255W,11.888053,108.844164, ,0.0,0.0,2,7500,0,0,0,0,1,0
CI,0, ,0.0,75.0,0,0,0,0,0,0,0,0
AF,D221U,11.725022,108.990669,1,CRA,221.0,21.0,255.0,2,6500,0,0,0,0,0,0
AF,D200U,11.661992,109.103872,1,CRA,200.0,21.0,221.0,0,0,0,0,0,0,0,0
TF,D200T,11.685739,109.112158,0, ,0.0,0.0,0.0,0.0,2,5900,0,0,0,0,0,0
TF,D200P,11.741622,109.130258,0, ,0.0,0.0,0.0,0.0,2,4800,0,0,0,0,0,0
TF,D200M,11.774892,109.141800,0, ,0.0,0.0,0.0,0.0,2,4100,0,0,0,0,0,0
TF,D200K,11.808158,109.153347,0, ,0.0,0.0,0.0,0.0,2,3400,0,0,0,0,0,0
CF,CI02L,11.869939,109.174797,0,ICR,199.9,9.1,20.0,3.9,2,2220,0,0,0,0,0,0

FINAL,I02LY,02L,I,3
IF,CI02L,11.869939,109.174797,ICR,199.9,9.1,2,2220,0,0,0,0,0,0
CF,FI02L,11.893700,109.183050,0,ICR,199.9,7.6,20.0,1.5,1,2215,0,0,0,0,2,0
CF,RW02L,11.985069,109.214800,0,ICR,199.8,1.8,20.0,5.8,1,74,0,0,0,0,3,0
CF,CRA,11.994444,109.220000,0,CRA,0.0,0.0,20.0,0.6,0,0,0,0,0,0,0,0
FA,CRA,11.994444,109.220000,0,CRA,0.0,0.0,20.0,2,4000,0,0,0,0,0,0
DF,CRA,11.994444,109.220000,2, ,0.0,0.0,1,7500,0,0,0,0,0,0
HM,CRA,11.994444,109.220000,1, ,0.0,0.0,184.0,04.3,2,7500,0,0,0,0,0,0,0

APPTR,I02LZ,02L,CR021
IF,CR021,11.784056,109.287750, ,0.0,0.0,2,5000,0,0,0,0,1,0
TF,CR022,11.842500,109.165361,0,ICR,0.0,0.0,0.0,0.0,2,2600,0,0,0,0,1,0

FINAL,I02LZ,02L,I,3
IF,CR022,11.842500,109.165361,ICR,199.9,10.8,2,2600,0,0,0,0,0,0
CF,FI02L,11.893700,109.183050,0,ICR,199.9,7.6,20.0,3.2,1,2215,0,0,0,0,2,0
CF,RW02L,11.985069,109.214800,0,ICR,199.8,1.8,20.0,5.8,1,74,0,0,0,0,3,1
DF,CR218,12.040528,109.234056,0, ,0.0,0.0,0,0,0,0,0,0,0,0
TF,CR219,12.065472,109.433500,0, ,0.0,0.0,0.0,0.0,3,4000,0,0,0,0,0,0
TF,CR220,11.837806,109.550111,0, ,0.0,0.0,0.0,0.0,1,4000,0,0,0,0,0,0
HM,CR220,11.837806,109.550111,1, ,0.0,0.0,231.0,04.3,2,4000,0,1,230,0,0,0,0

APPTR,I02RX,02R,CR220
IF,CR220,11.837806,109.550111, ,0.0,0.0,2,4000,0,0,0,0,1,0
TF,CR021,11.784056,109.287750,0, ,0.0,0.0,0.0,0.0,0,0,0,0,0,0,0,0
TF,CR822,11.841250,109.167944,0,ICX,0.0,0.0,0.0,0.0,2,2600,0,0,0,0,1,0

FINAL,I02RX,02R,I,3
IF,CR822,11.841250,109.167944,ICX,199.8,10.7,2,2600,0,0,0,0,0,0
CF,FF02R,11.890389,109.184967,0,ICX,199.8,7.6,20.0,3.1,1,2215,0,0,0,0,2,0
CF,RW02R,11.981625,109.216564,0,ICX,199.9,1.8,20.0,5.8,1,69,0,0,0,0,3,1
DF,CR818,12.060833,109.244028,0, ,0.0,0.0,0,0,0,0,0,0,0,0
TF,CR219,12.065472,109.433500,0, ,0.0,0.0,0.0,0.0,3,4000,0,0,0,0,0,0
TF,CR220,11.837806,109.550111,0, ,0.0,0.0,0.0,0.0,1,4000,0,0,0,0,0,0
HM,CR220,11.837806,109.550111,1, ,0.0,0.0,231.0,04.3,2,4000,0,1,230,0,0,0,0

APPTR,I02RY,02R,CRA1
IF,CRA,11.994444,109.220000, ,0.0,0.0,2,7500,0,0,0,0,1,0
FD,CRA,11.994444,109.220000,0,CRA,0.0,19.5,184.0,19.5,2,5900,0,0,0,0,0,0
CF,D200T,11.685739,109.112158,2,CRA,200.0,19.5,20.0,1.0,2,5900,0,0,0,0,0,0
TF,IC14A,11.763614,109.141103,0, ,0.0,0.0,0.0,0.0,2,4400,0,0,0,0,0,0
CF,CI02R,11.788992,109.149594,0,ICX,199.9,14.0,20.0,1.6,2,4000,0,0,0,0,0,0

APPTR,I02RY,02R,CRA2
IF,CRA,11.994444,109.220000, ,0.0,0.0,2,7500,0,0,0,0,1,0
FD,CRA,11.994444,109.220000,0,CRA,0.0,19.5,194.0,19.5,2,5900,0,0,0,0,0,0
CF,D200T,11.685739,109.112158,2,CRA,200.0,19.5,20.0,1.0,2,5900,0,0,0,0,0,0
TF,IC14A,11.763614,109.141103,0, ,0.0,0.0,0.0,0.0,2,4400,0,0,0,0,0,0
CF,CI02R,11.788992,109.149594,0,ICX,199.9,14.0,20.0,1.6,2,4000,0,0,0,0,0,0

APPTR,I02RY,02R,D227W
IF,D227W,11.726814,108.938914, ,0.0,0.0,2,7500,0,0,0,0,1,0
CI,0, ,0.0,47.0,0,0,0,0,0,0,0,0
AF,D221U,11.725022,108.990669,1,CRA,221.0,21.0,227.0,2,6500,0,0,0,0,0,0
AF,D200U,11.661992,109.103872,1,CRA,200.0,21.0,221.0,0,0,0,0,0,0,0,0
TF,D200T,11.685739,109.112158,0, ,0.0,0.0,0.0,0.0,2,5900,0,0,0,0,0,0
TF,IC14A,11.763614,109.141103,0, ,0.0,0.0,0.0,0.0,2,4400,0,0,0,0,0,0
CF,CI02R,11.788992,109.149594,0,ICX,199.9,14.0,20.0,1.6,2,4000,0,0,0,0,0,0

APPTR,I02RY,02R,D255W
IF,D255W,11.888053,108.844164, ,0.0,0.0,2,7500,0,0,0,0,1,0
CI,0, ,0.0,75.0,0,0,0,0,0,0,0,0
AF,D221U,11.725022,108.990669,1,CRA,221.0,21.0,255.0,2,6500,0,0,0,0,0,0
AF,D200U,11.661992,109.103872,1,CRA,200.0,21.0,221.0,0,0,0,0,0,0,0,0
TF,D200T,11.685739,109.112158,0, ,0.0,0.0,0.0,0.0,2,5900,0,0,0,0,0,0
TF,IC14A,11.763614,109.141103,0, ,0.0,0.0,0.0,0.0,2,4400,0,0,0,0,0,0
CF,CI02R,11.788992,109.149594,0,ICX,199.9,14.0,20.0,1.6,2,4000,0,0,0,0,0,0

FINAL,I02RY,02R,I,3
IF,CI02R,11.788992,109.149594,ICX,199.9,14.0,2,4000,0,0,0,0,0,0
CF,FI0RY,11.841267,109.167747,0,ICX,199.9,10.7,20.0,3.3,1,3445,0,0,0,0,2,0
CF,RW02R,11.981625,109.216564,0,ICX,199.9,1.8,20.0,8.9,1,69,0,0,0,0,3,0
CF,CRA,11.994444,109.220000,0,CRA,0.0,0.0,20.0,0.8,0,0,0,0,0,0,0,0
FA,CRA,11.994444,109.220000,0,CRA,0.0,0.0,20.0,2,4000,0,0,0,0,0,0
DF,CRA,11.994444,109.220000,2, ,0.0,0.0,1,7500,0,0,0,0,0,0
HM,CRA,11.994444,109.220000,1, ,0.0,0.0,184.0,04.3,2,7500,0,0,0,0,0,0,0

APPTR,I02RZ,02R,CR021
IF,CR021,11.784056,109.287750, ,0.0,0.0,2,5000,0,0,0,0,1,0
TF,CR822,11.841250,109.167944,0,ICX,0.0,0.0,0.0,0.0,2,2600,0,0,0,0,1,0

FINAL,I02RZ,02R,I,3
IF,CR822,11.841250,109.167944,ICX,199.8,10.7,2,2600,0,0,0,0,0,0
CF,FF02R,11.890389,109.184967,0,ICX,199.8,7.6,20.0,3.1,1,2215,0,0,0,0,2,0
CF,RW02R,11.981625,109.216564,0,ICX,199.9,1.8,20.0,5.8,1,69,0,0,0,0,3,1
DF,CR818,12.060833,109.244028,0, ,0.0,0.0,0,0,0,0,0,0,0,0
TF,CR219,12.065472,109.433500,0, ,0.0,0.0,0.0,0.0,3,4000,0,0,0,0,0,0
TF,CR220,11.837806,109.550111,0, ,0.0,0.0,0.0,0.0,1,4000,0,0,0,0,0,0
HM,CR220,11.837806,109.550111,1, ,0.0,0.0,231.0,04.3,2,4000,0,1,230,0,0,0,0

APPTR,I20LX,20L,CR223
IF,CR223,11.819528,109.541361, ,0.0,0.0,2,4000,0,0,0,0,1,0
TF,CR201,12.143028,109.396222,0, ,0.0,0.0,0.0,0.0,0,0,0,0,0,0,0,0
TF,CR293,12.180083,109.285389,0,ICA,0.0,0.0,0.0,0.0,2,3100,0,0,0,0,1,0

FINAL,I20LX,20L,I,3
IF,CR293,12.180083,109.285389,ICA,19.8,12.7,2,3100,0,0,0,0,0,0
CF,FF20L,12.109511,109.260800,0,ICA,19.8,8.2,200.0,4.5,1,2133,0,0,0,0,2,0
CF,RW20L,12.007703,109.225600,0,ICA,19.8,1.8,200.0,6.4,1,84,0,0,0,0,3,1
DF,CR295,11.928472,109.198167,0, ,0.0,0.0,2,2000,0,0,0,0,0,1
DF,CR222,11.755861,109.385500,0, ,0.0,0.0,0,0,0,0,0,0,0,0
TF,CR223,11.819528,109.541361,0, ,0.0,0.0,0.0,0.0,1,4000,0,0,0,0,0,0
HM,CR223,11.819528,109.541361,2, ,0.0,0.0,337.0,04.3,2,4000,0,1,230,0,0,0,0

APPTR,I20LY,20L,CR201
IF,CR201,12.143028,109.396222, ,0.0,0.0,2,5000,0,0,0,0,1,0
TF,CR293,12.180083,109.285389,0,ICA,0.0,0.0,0.0,0.0,2,3100,0,0,0,0,1,0

APPTR,I20LY,20L,CR202
IF,CR202,12.248806,109.306306, ,0.0,0.0,2,4000,0,0,0,0,1,0
TF,CR293,12.180083,109.285389,0,ICA,0.0,0.0,0.0,0.0,2,3100,0,0,0,0,1,0

APPTR,I20LY,20L,CR209
IF,CR209,12.232444,109.128528, ,0.0,0.0,2,6000,0,0,0,0,1,0
TF,CR293,12.180083,109.285389,0,ICA,0.0,0.0,0.0,0.0,2,3100,0,0,0,0,1,0

FINAL,I20LY,20L,I,3
IF,CR293,12.180083,109.285389,ICA,19.8,12.7,2,3100,0,0,0,0,0,0
CF,FF20L,12.109511,109.260800,0,ICA,19.8,8.2,200.0,4.5,1,2133,0,0,0,0,2,0
CF,RW20L,12.007703,109.225600,0,ICA,19.8,1.8,200.0,6.4,1,84,0,0,0,0,3,1
DF,CR295,11.928472,109.198167,0, ,0.0,0.0,2,2000,0,0,0,0,0,1
DF,CR222,11.755861,109.385500,0, ,0.0,0.0,0,0,0,0,0,0,0,0
TF,CR223,11.819528,109.541361,0, ,0.0,0.0,0.0,0.0,1,4000,0,0,0,0,0,0
HM,CR223,11.819528,109.541361,2, ,0.0,0.0,337.0,04.3,2,4000,0,1,230,0,0,0,0

APPTR,I20LZ,20L,CRA1
IF,CRA,11.994444,109.220000, ,0.0,0.0,2,7500,0,0,0,0,1,0
FD,CRA,11.994444,109.220000,0,CRA,0.0,12.5,43.0,12.5,2,3200,0,0,0,0,0,0
CF,CF20L,12.192242,109.289444,1,ICA,19.8,13.5,200.0,1.0,2,3200,0,0,0,0,1,0

APPTR,I20LZ,20L,CRA2
IF,CRA,11.994444,109.220000, ,0.0,0.0,2,7500,0,0,0,0,1,0
FD,CRA,11.994444,109.220000,0,CRA,0.0,12.5,27.0,12.5,2,3200,0,0,0,0,0,0
CF,CF20L,12.192242,109.289444,1,ICA,19.8,13.5,200.0,1.0,2,3200,0,0,0,0,1,0

APPTR,I20LZ,20L,KARAN
IF,KARAN,12.648889,109.156667, ,0.0,0.0,2,10000,0,0,0,0,0,0
TF,D356Q,12.269439,109.193425,0, ,0.0,0.0,0.0,0.0,2,6000,0,0,0,0,1,0
CI,0, ,0.0,176.0,0,0,0,0,0,0,0,0
AF,D020O,12.223961,109.300347,2,CRA,20.0,14.5,356.0,0,0,0,0,0,0,0,0
CF,CF20L,12.192242,109.289444,0,ICA,19.8,13.5,200.0,2.0,2,3200,0,0,0,0,1,0

FINAL,I20LZ,20L,I,3
IF,CF20L,12.192242,109.289444,ICA,19.8,13.5,2,3200,0,0,0,0,0,0
CF,FF20L,12.109511,109.260800,0,ICA,19.8,8.2,200.0,5.2,1,2133,0,0,0,0,2,0
CF,RW20L,12.007703,109.225600,0,ICA,19.8,1.8,200.0,6.4,1,84,0,0,0,0,3,0
CA,0,200.0,2,1500,0,1,210,0,0,0
VI,1, ,0.0,90.0,0,0,0,0,0,0,0,0
CF,CR223,11.819528,109.541361,0,CRA,119.9,21.6,120.0,16.0,1,3000,0,0,0,0,0,0
HM,CR223,11.819528,109.541361,2, ,0.0,0.0,300.0,04.3,1,3000,0,0,0,0,0,0,0

APPTR,R02LY,02L,CR220
IF,CR220,11.837806,109.550111, ,0.0,0.0,2,4000,0,0,0,0,1,0
TF,CR021,11.784056,109.287750,0, ,0.0,0.0,0.0,0.0,0,0,0,0,0,0,0,0
TF,CR022,11.842500,109.165361,0, ,0.0,0.0,0.0,0.0,2,2600,0,0,0,0,1,0

FINAL,R02LY,02L,R,3
IF,CR022,11.842500,109.165361, ,0.0,0.0,2,2600,0,0,0,0,0,0
TF,CR023,11.895167,109.183583,0, ,0.0,0.0,20.0,3.3,2,2140,0,0,0,0,2,0
TF,MR02L,11.962333,109.206917,0, ,0.0,0.0,20.0,4.2,1,597,0,0,0,0,3,1
DF,CR218,12.040528,109.234056,0, ,0.0,0.0,0,0,0,0,0,0,0,0
TF,CR219,12.065472,109.433500,0, ,0.0,0.0,0.0,0.0,3,4000,0,0,0,0,0,0
TF,CR220,11.837806,109.550111,0, ,0.0,0.0,0.0,0.0,1,4000,0,0,0,0,0,0
HM,CR220,11.837806,109.550111,1, ,0.0,0.0,231.0,04.3,2,4000,0,1,230,0,0,0,0

APPTR,R02LZ,02L,CR021
IF,CR021,11.784056,109.287750, ,0.0,0.0,2,5000,0,0,0,0,1,0
TF,CR022,11.842500,109.165361,0, ,0.0,0.0,0.0,0.0,2,2600,0,0,0,0,1,0

FINAL,R02LZ,02L,R,3
IF,CR022,11.842500,109.165361, ,0.0,0.0,2,2600,0,0,0,0,0,0
TF,CR023,11.895167,109.183583,0, ,0.0,0.0,20.0,3.3,2,2140,0,0,0,0,2,0
TF,MR02L,11.962333,109.206917,0, ,0.0,0.0,20.0,4.2,1,597,0,0,0,0,3,1
DF,CR218,12.040528,109.234056,0, ,0.0,0.0,0,0,0,0,0,0,0,0
TF,CR219,12.065472,109.433500,0, ,0.0,0.0,0.0,0.0,3,4000,0,0,0,0,0,0
TF,CR220,11.837806,109.550111,0, ,0.0,0.0,0.0,0.0,1,4000,0,0,0,0,0,0
HM,CR220,11.837806,109.550111,1, ,0.0,0.0,231.0,04.3,2,4000,0,1,230,0,0,0,0

APPTR,R02RY,02R,CR220
IF,CR220,11.837806,109.550111, ,0.0,0.0,2,4000,0,0,0,0,1,0
TF,CR021,11.784056,109.287750,0, ,0.0,0.0,0.0,0.0,0,0,0,0,0,0,0,0
TF,CR822,11.841250,109.167944,0, ,0.0,0.0,0.0,0.0,2,2600,0,0,0,0,1,0

FINAL,R02RY,02R,R,3
IF,CR822,11.841250,109.167944, ,0.0,0.0,2,2600,0,0,0,0,0,0
TF,CR823,11.893194,109.185944,0, ,0.0,0.0,20.0,3.3,2,2140,0,0,0,0,2,0
TF,RW02R,11.981625,109.216564,0, ,0.0,0.0,20.0,5.6,1,69,0,0,0,0,3,1
DF,CR818,12.060833,109.244028,0, ,0.0,0.0,0,0,0,0,0,0,0,0
TF,CR219,12.065472,109.433500,0, ,0.0,0.0,0.0,0.0,3,4000,0,0,0,0,0,0
TF,CR220,11.837806,109.550111,0, ,0.0,0.0,0.0,0.0,1,4000,0,0,0,0,0,0
HM,CR220,11.837806,109.550111,1, ,0.0,0.0,231.0,04.3,2,4000,0,1,230,0,0,0,0

APPTR,R02RZ,02R,CR021
IF,CR021,11.784056,109.287750, ,0.0,0.0,2,5000,0,0,0,0,1,0
TF,CR822,11.841250,109.167944,0, ,0.0,0.0,0.0,0.0,2,2600,0,0,0,0,1,0

FINAL,R02RZ,02R,R,3
IF,CR822,11.841250,109.167944, ,0.0,0.0,2,2600,0,0,0,0,0,0
TF,CR823,11.893194,109.185944,0, ,0.0,0.0,20.0,3.3,2,2140,0,0,0,0,2,0
TF,RW02R,11.981625,109.216564,0, ,0.0,0.0,20.0,5.6,1,69,0,0,0,0,3,1
DF,CR818,12.060833,109.244028,0, ,0.0,0.0,0,0,0,0,0,0,0,0
TF,CR219,12.065472,109.433500,0, ,0.0,0.0,0.0,0.0,3,4000,0,0,0,0,0,0
TF,CR220,11.837806,109.550111,0, ,0.0,0.0,0.0,0.0,1,4000,0,0,0,0,0,0
HM,CR220,11.837806,109.550111,1, ,0.0,0.0,231.0,04.3,2,4000,0,1,230,0,0,0,0

APPTR,R20LY,20L,CR223
IF,CR223,11.819528,109.541361, ,0.0,0.0,2,4000,0,0,0,0,1,0
TF,CR201,12.143028,109.396222,0, ,0.0,0.0,0.0,0.0,0,0,0,0,0,0,0,0
TF,CR293,12.180083,109.285389,0, ,0.0,0.0,0.0,0.0,2,3100,0,0,0,0,1,0

FINAL,R20LY,20L,R,3
IF,CR293,12.180083,109.285389, ,0.0,0.0,2,3100,0,0,0,0,0,0
TF,CR294,12.110000,109.261056,0, ,0.0,0.0,200.0,4.4,2,2140,0,0,0,0,2,0
TF,RW20L,12.007703,109.225600,0, ,0.0,0.0,200.0,6.5,1,84,0,0,0,0,3,1
DF,CR295,11.928472,109.198167,0, ,0.0,0.0,2,2000,0,0,0,0,0,1
DF,CR222,11.755861,109.385500,0, ,0.0,0.0,0,0,0,0,0,0,0,0
TF,CR223,11.819528,109.541361,0, ,0.0,0.0,0.0,0.0,1,4000,0,0,0,0,0,0
HM,CR223,11.819528,109.541361,2, ,0.0,0.0,337.0,04.3,2,4000,0,1,230,0,0,0,0

APPTR,R20LZ,20L,CR201
IF,CR201,12.143028,109.396222, ,0.0,0.0,2,5000,0,0,0,0,1,0
TF,CR293,12.180083,109.285389,0, ,0.0,0.0,0.0,0.0,2,3100,0,0,0,0,1,0

APPTR,R20LZ,20L,CR202
IF,CR202,12.248806,109.306306, ,0.0,0.0,2,4000,0,0,0,0,1,0
TF,CR293,12.180083,109.285389,0, ,0.0,0.0,0.0,0.0,2,3100,0,0,0,0,1,0

APPTR,R20LZ,20L,CR209
IF,CR209,12.232444,109.128528, ,0.0,0.0,2,6000,0,0,0,0,1,0
TF,CR293,12.180083,109.285389,0, ,0.0,0.0,0.0,0.0,2,3100,0,0,0,0,1,0

FINAL,R20LZ,20L,R,3
IF,CR293,12.180083,109.285389, ,0.0,0.0,2,3100,0,0,0,0,0,0
TF,CR294,12.110000,109.261056,0, ,0.0,0.0,200.0,4.4,2,2140,0,0,0,0,2,0
TF,RW20L,12.007703,109.225600,0, ,0.0,0.0,200.0,6.5,1,84,0,0,0,0,3,1
DF,CR295,11.928472,109.198167,0, ,0.0,0.0,2,2000,0,0,0,0,0,1
DF,CR222,11.755861,109.385500,0, ,0.0,0.0,0,0,0,0,0,0,0,0
TF,CR223,11.819528,109.541361,0, ,0.0,0.0,0.0,0.0,1,4000,0,0,0,0,0,0
HM,CR223,11.819528,109.541361,2, ,0.0,0.0,337.0,04.3,2,4000,0,1,230,0,0,0,0

APPTR,R20RY,20R,CR223
IF,CR223,11.819528,109.541361, ,0.0,0.0,2,4000,0,0,0,0,1,0
TF,CR201,12.143028,109.396222,0, ,0.0,0.0,0.0,0.0,0,0,0,0,0,0,0,0
TF,CR203,12.180972,109.282917,0, ,0.0,0.0,0.0,0.0,2,3100,0,0,0,0,1,0

FINAL,R20RY,20R,R,3
IF,CR203,12.180972,109.282917, ,0.0,0.0,2,3100,0,0,0,0,0,0
TF,CR204,12.112944,109.259250,0, ,0.0,0.0,200.0,4.3,2,2140,0,0,0,0,2,0
TF,RW20R,12.011178,109.223850,0, ,0.0,0.0,200.0,6.4,1,96,0,0,0,0,3,1
DF,CR205,11.931944,109.196417,0, ,0.0,0.0,2,2000,0,0,0,0,0,1
DF,CR222,11.755861,109.385500,0, ,0.0,0.0,0,0,0,0,0,0,0,0
TF,CR223,11.819528,109.541361,0, ,0.0,0.0,0.0,0.0,1,4000,0,0,0,0,0,0
HM,CR223,11.819528,109.541361,2, ,0.0,0.0,337.0,04.3,2,4000,0,1,230,0,0,0,0

APPTR,R20RZ,20R,CR201
IF,CR201,12.143028,109.396222, ,0.0,0.0,2,5000,0,0,0,0,1,0
TF,CR203,12.180972,109.282917,0, ,0.0,0.0,0.0,0.0,2,3100,0,0,0,0,1,0

APPTR,R20RZ,20R,CR202
IF,CR202,12.248806,109.306306, ,0.0,0.0,2,4000,0,0,0,0,1,0
TF,CR203,12.180972,109.282917,0, ,0.0,0.0,0.0,0.0,2,3100,0,0,0,0,1,0

APPTR,R20RZ,20R,CR209
IF,CR209,12.232444,109.128528, ,0.0,0.0,2,6000,0,0,0,0,1,0
TF,CR203,12.180972,109.282917,0, ,0.0,0.0,0.0,0.0,2,3100,0,0,0,0,1,0

FINAL,R20RZ,20R,R,3
IF,CR203,12.180972,109.282917, ,0.0,0.0,2,3100,0,0,0,0,0,0
TF,CR204,12.112944,109.259250,0, ,0.0,0.0,200.0,4.3,2,2140,0,0,0,0,2,0
TF,RW20R,12.011178,109.223850,0, ,0.0,0.0,200.0,6.4,1,96,0,0,0,0,3,1
DF,CR205,11.931944,109.196417,0, ,0.0,0.0,2,2000,0,0,0,0,0,1
DF,CR222,11.755861,109.385500,0, ,0.0,0.0,0,0,0,0,0,0,0,0
TF,CR223,11.819528,109.541361,0, ,0.0,0.0,0.0,0.0,1,4000,0,0,0,0,0,0
HM,CR223,11.819528,109.541361,2, ,0.0,0.0,337.0,04.3,2,4000,0,1,230,0,0,0,0

