APPTR,N28,28,KL1
IF,KL,23.188733,94.058503, ,0.0,0.0,2,3000,0,0,0,0,0,0
FC,KL,23.188733,94.058503,0,KL,0.0,0.0,158.0,5.1,0,0,0,0,0,0,0,1
CF,FF28,23.174047,94.148422,1,KL,101.0,5.1,281.0,1.0,2,1800,0,0,0,0,0,0

APPTR,N28,28,KL2
IF,KL,23.188733,94.058503, ,0.0,0.0,2,3000,0,0,0,0,0,0
FC,KL,23.188733,94.058503,0,KL,0.0,0.0,126.0,5.1,0,0,0,0,0,0,0,1
CF,FF28,23.174047,94.148422,1,KL,101.0,5.1,281.0,1.0,2,1800,0,0,0,0,0,0

FINAL,N28,28,N,2
IF,FF28,23.174047,94.148422,KL,0.0,0.0,2,1800,0,0,0,0,2,0
CF,MA28,23.185686,94.077172,0,KL,0.0,0.0,281.0,4.0,1,825,0,0,0,0,3,0
CA,0,281.0,2,940,0,0,0,0,0,0
VA,0,350.0,2,3000,0,0,0,0,0,0
DF,KL,23.188733,94.058503,2, ,0.0,0.0,1,6000,0,0,0,0,0,0
HM,KL,23.188733,94.058503,2, ,0.0,0.0,180.0,04.3,2,6000,0,0,0,0,0,0,0

