APPTR,N16,16,MN
IF,MN,18.844656,93.685933, ,0.0,0.0,2,3000,0,0,0,0,0,0
FC,MN,18.844656,93.685933,0,MN,0.0,0.0,319.0,6.0,2,1600,0,0,0,0,0,1
CF,FF16,18.923325,93.649125,2,MN,337.0,5.2,157.0,1.0,2,1600,0,0,0,0,0,0

FINAL,N16,16,N,2
IF,FF16,18.923325,93.649125,MN,0.0,0.0,2,1600,0,0,0,0,2,0
CF,RW16,18.850272,93.681639,0,MN,0.0,0.0,157.0,4.7,1,90,0,0,0,0,3,0
CF,MN,18.844656,93.685933,0,MN,0.0,0.0,157.0,0.4,0,0,0,0,0,0,0,1
VA,0,157.0,2,1500,0,0,0,0,0,0
DF,MN,18.844656,93.685933,1, ,0.0,0.0,1,3000,0,0,0,0,0,0
HM,MN,18.844656,93.685933,2, ,0.0,0.0,319.0,04.3,2,3000,0,0,0,0,0,0,0

APPTR,N34,34,MN
IF,MN,18.844656,93.685933, ,0.0,0.0,2,3000,0,0,0,0,0,0
FC,MN,18.844656,93.685933,0,MN,0.0,0.0,176.0,6.0,2,1600,0,0,0,0,0,1
CF,FF34,18.766703,93.720667,1,MN,158.0,5.1,338.0,1.0,2,1600,0,0,0,0,0,0

FINAL,N34,34,N,2
IF,FF34,18.766703,93.720667,MN,0.0,0.0,2,1600,0,0,0,0,2,0
CF,RW34,18.838864,93.686708,0,MN,0.0,0.0,338.0,4.7,1,95,0,0,0,0,3,0
CF,MN,18.844656,93.685933,0,MN,0.0,0.0,338.0,0.4,0,0,0,0,0,0,0,1
VA,0,338.0,2,1500,0,0,0,0,0,0
DF,MN,18.844656,93.685933,2, ,0.0,0.0,1,3000,0,0,0,0,0,0
HM,MN,18.844656,93.685933,2, ,0.0,0.0,176.0,04.3,2,3000,0,0,0,0,0,0,0

