STAR,GUKM1A,14,5
IF,GUKMU,-8.411944,119.267222, ,0.0,0.0,0,0,0,0,0,0,0,0
TF,ASELA,-8.270000,118.934722,0, ,0.0,0.0,0.0,0.0,0,0,0,0,0,0,0,0
TF,OLPOX,-8.196111,118.762500,0, ,0.0,0.0,0.0,0.0,0,0,0,0,0,0,0,0
TF,SARIR,-8.199500,118.678389,0, ,0.0,0.0,0.0,0.0,2,5000,0,0,0,0,0,0

STAR,MILE1A,14,5
IF,MILEL,-8.507222,118.103333, ,0.0,0.0,0,0,0,0,0,0,0,0
TF,LEGOG,-8.348056,118.360278,0, ,0.0,0.0,0.0,0.0,0,0,0,0,0,0,0,0
TF,IPRIV,-8.202778,118.594444,0, ,0.0,0.0,0.0,0.0,0,0,0,0,0,0,0,0
TF,SARIR,-8.199500,118.678389,0, ,0.0,0.0,0.0,0.0,2,5000,0,0,0,0,0,0

STAR,MUBO1A,ALL,2
IF,MUBOT,-8.474167,117.404722, ,0.0,0.0,0,0,0,0,0,0,0,0
TF,NMA,-8.534144,118.691567,0, ,0.0,0.0,0.0,0.0,0,0,0,0,0,0,0,0
TF,SARIR,-8.199500,118.678389,1, ,0.0,0.0,0.0,0.0,0,0,0,0,0,0,0,0

STAR,NOBU1A,14,5
IF,NOBUM,-8.558333,119.279722, ,0.0,0.0,0,0,0,0,0,0,0,0
TF,ASELA,-8.270000,118.934722,0, ,0.0,0.0,0.0,0.0,0,0,0,0,0,0,0,0
TF,OLPOX,-8.196111,118.762500,0, ,0.0,0.0,0.0,0.0,0,0,0,0,0,0,0,0
TF,SARIR,-8.199500,118.678389,0, ,0.0,0.0,0.0,0.0,2,5000,0,0,0,0,0,0

STAR,RUTE1A,ALL,2
IF,RUTEN,-8.604722,120.469444, ,0.0,0.0,0,0,0,0,0,0,0,0
TF,NMA,-8.534144,118.691567,0, ,0.0,0.0,0.0,0.0,0,0,0,0,0,0,0,0
TF,SARIR,-8.199500,118.678389,0, ,0.0,0.0,0.0,0.0,0,0,0,0,0,0,0,0

STAR,UNSE1A,ALL,2
IF,UNSEP,-6.960833,125.802222, ,0.0,0.0,0,0,0,0,0,0,0,0
TF,NMA,-8.534144,118.691567,0, ,0.0,0.0,0.0,0.0,0,0,0,0,0,0,0,0
TF,SARIR,-8.199500,118.678389,0, ,0.0,0.0,0.0,0.0,0,0,0,0,0,0,0,0

APPTR,R14,14,SARIR
IF,SARIR,-8.199500,118.678389, ,0.0,0.0,2,5000,0,0,0,0,1,0
TF,DB401,-8.367917,118.679167,0, ,0.0,0.0,0.0,0.0,2,1900,0,1,150,0,1,0

FINAL,R14,14,R,4
IF,DB401,-8.367917,118.679167, ,0.0,0.0,2,1900,0,1,150,0,0,0
TF,DB402,-8.454889,118.654389,0, ,0.0,0.0,195.0,5.4,2,1700,0,0,0,0,2,0
TF,DB403,-8.484417,118.660611,0, ,0.0,0.0,167.0,1.8,2,1100,0,0,0,0,0,0
TF,DB404,-8.517833,118.667694,0, ,0.0,0.0,167.0,2.0,1,398,0,0,0,0,3,1
DF,DB405,-8.459917,118.679250,2, ,0.0,0.0,0,0,0,1,130,0,0,0
TF,SARIR,-8.199500,118.678389,0, ,0.0,0.0,0.0,0.0,2,5000,0,0,0,0,0,0
HM,SARIR,-8.199500,118.678389,2, ,0.0,0.0,179.0,04.3,2,5000,0,1,170,0,0,0,0

APPTR,R14-R,14,SARIR
HF,SARIR,-8.199500,118.678389,2, ,0.0,0.0,177.0,04.3,2,7000,0,0,0,0,1,0,0

FINAL,R14-R,14,R,2
IF,SARIR,-8.199500,118.678389,NMA,356.8,20.0,2,7000,0,0,0,0,2,0
CF,NMA,-8.534144,118.691567,0,NMA,0.0,0.0,177.0,20.0,1,1950,0,0,0,0,3,0
VI,2, ,0.0,27.0,0,0,0,0,0,0,0,0
CF,SARIR,-8.199500,118.678389,0,NMA,356.8,20.0,357.0,14.0,2,7000,0,0,0,0,0,0

APPTR,R32-R,32,SARIR
HF,SARIR,-8.199500,118.678389,2, ,0.0,0.0,177.0,04.3,2,7000,0,0,0,0,1,0,0

FINAL,R32-R,32,R,2
IF,SARIR,-8.199500,118.678389,NMA,356.8,20.0,2,7000,0,0,0,0,2,0
CF,NMA,-8.534144,118.691567,0,NMA,0.0,0.0,177.0,20.0,1,1950,0,0,0,0,3,0
VI,2, ,0.0,27.0,0,0,0,0,0,0,0,0
CF,SARIR,-8.199500,118.678389,0,NMA,356.8,20.0,357.0,14.0,2,7000,0,0,0,0,0,0

