APPTR,R14,14,RUPUT
IF,RUPUT,-8.317722,117.269694, ,0.0,0.0,2,3000,0,0,0,0,1,0
TF,DS401,-8.377028,117.319056,0, ,0.0,0.0,0.0,0.0,2,2100,0,0,0,0,1,0

FINAL,R14,14,R,3
IF,DS401,-8.377028,117.319056, ,0.0,0.0,2,2100,0,0,0,0,0,0
TF,DS402,-8.417389,117.352639,0, ,0.0,0.0,140.0,3.1,2,1600,0,0,0,0,2,0
TF,RW14,-8.481489,117.406036,0, ,0.0,0.0,140.0,5.0,1,70,0,0,0,0,3,1
CA,0,140.0,2,1000,0,1,170,0,0,0
DF,RUPUT,-8.317722,117.269694,1, ,0.0,0.0,2,3000,0,1,170,0,0,0
HM,RUPUT,-8.317722,117.269694,2, ,0.0,0.0,140.0,04.3,2,3000,0,0,0,0,0,0,0

