APPTR,R05,05,ESNOM
IF,ESNOM,-5.879472,134.028417, ,0.0,0.0,2,3000,0,0,0,0,1,0
TF,PD402,-5.854139,134.071750,0, ,0.0,0.0,0.0,0.0,2,2500,0,0,0,0,1,0

FINAL,R05,05,R,3
IF,PD402,-5.854139,134.071750, ,0.0,0.0,2,2500,0,0,0,0,0,0
TF,PD401,-5.828806,134.115083,0, ,0.0,0.0,58.0,3.0,2,2000,0,0,0,0,2,0
TF,RW05,-5.776900,134.203825,0, ,0.0,0.0,58.0,6.1,1,109,0,0,0,0,3,1
CA,0,58.0,2,1500,0,0,0,0,0,0
DF,ESNOM,-5.879472,134.028417,1, ,0.0,0.0,2,3000,0,0,0,0,0,0
HM,ESNOM,-5.879472,134.028417,1, ,0.0,0.0,58.0,04.3,2,3000,0,0,0,0,0,0,0

APPTR,R23,23,VELSA
IF,VELSA,-5.666944,134.391750, ,0.0,0.0,2,3000,0,0,0,0,1,0
TF,PD602,-5.692278,134.348444,0, ,0.0,0.0,0.0,0.0,2,2500,0,0,0,0,1,0

FINAL,R23,23,R,3
IF,PD602,-5.692278,134.348444, ,0.0,0.0,2,2500,0,0,0,0,0,0
TF,PD601,-5.717639,134.305139,0, ,0.0,0.0,238.0,3.0,2,2000,0,0,0,0,2,0
TF,RW23,-5.770508,134.214753,0, ,0.0,0.0,238.0,6.3,1,74,0,0,0,0,3,1
CA,0,238.0,2,1500,0,0,0,0,0,0
DF,VELSA,-5.666944,134.391750,2, ,0.0,0.0,2,3000,0,0,0,0,0,0
HM,VELSA,-5.666944,134.391750,2, ,0.0,0.0,238.0,04.3,2,3000,0,0,0,0,0,0,0

