FINAL,R11,11,R,3
IF,TANIM,-7.772667,131.180972, ,0.0,0.0,2,3000,0,0,0,0,1,0
TF,PS401,-7.807056,131.251694,0, ,0.0,0.0,114.0,4.7,2,2000,0,0,0,0,2,0
TF,RW11,-7.843272,131.326672,0, ,0.0,0.0,114.0,5.0,1,473,0,0,0,0,3,1
DF,TANIM,-7.772667,131.180972,1, ,0.0,0.0,2,3000,0,0,0,0,0,0
HM,TANIM,-7.772667,131.180972,2, ,0.0,0.0,114.0,04.3,2,3000,0,0,0,0,0,0,0

APPTR,R29,29,GUMOS
IF,GUMOS,-7.771889,131.563917, ,0.0,0.0,2,4000,0,0,0,0,1,0
TF,PS602,-7.916917,131.479972,0, ,0.0,0.0,0.0,0.0,2,2500,0,1,220,0,1,0

FINAL,R29,29,R,3
IF,PS602,-7.916917,131.479972, ,0.0,0.0,2,2500,0,1,220,0,0,0
TF,PS601,-7.887861,131.419417,0, ,0.0,0.0,294.0,4.0,2,2000,0,0,0,0,2,0
TF,RW29,-7.852347,131.345461,0, ,0.0,0.0,294.0,4.9,1,502,0,0,0,0,3,1
DF,GUMOS,-7.771889,131.563917,2, ,0.0,0.0,2,4000,0,0,0,0,0,0
HM,GUMOS,-7.771889,131.563917,2, ,0.0,0.0,208.0,04.3,2,4000,0,0,0,0,0,0,0

