APPTR,N02-Y,02,BM
IF,BM,-2.535639,133.439944, ,0.0,0.0,2,2500,0,0,0,0,0,0
FC,BM,-2.535639,133.439944,0,BM,0.0,0.0,182.0,7.0,2,1500,0,0,0,0,0,1
CF,FN02,-2.601061,133.399292,2,BM,210.0,4.6,30.0,2.5,2,1500,0,0,0,0,0,0

FINAL,N02-Y,02,N,2
IF,FN02,-2.601061,133.399292,BM,0.0,0.0,2,1500,0,0,0,0,2,0
CF,RW02,-2.537500,133.436667,0,BM,0.0,0.0,30.0,4.4,1,96,0,0,0,0,3,0
CF,BM,-2.535639,133.439944,0,BM,0.0,0.0,30.0,0.2,0,0,0,0,0,0,0,1
CA,0,30.0,2,1500,0,0,0,0,0,0
DF,BM,-2.535639,133.439944,1, ,0.0,0.0,1,2500,0,0,0,0,0,0
HM,BM,-2.535639,133.439944,1, ,0.0,0.0,182.0,04.3,2,2500,0,0,0,0,0,0,0

APPTR,N02-Z,02,BM
IF,BM,-2.535639,133.439944, ,0.0,0.0,2,2500,0,0,0,0,0,0
FC,BM,-2.535639,133.439944,0,BM,0.0,0.0,192.0,6.0,2,1500,0,0,0,0,0,1
CF,FN02,-2.601061,133.399292,2,BM,210.0,4.6,30.0,1.0,2,1500,0,0,0,0,0,0

FINAL,N02-Z,02,N,2
IF,FN02,-2.601061,133.399292,BM,0.0,0.0,2,1500,0,0,0,0,2,0
CF,RW02,-2.537500,133.436667,0,BM,0.0,0.0,30.0,4.4,1,96,0,0,0,0,3,0
CF,BM,-2.535639,133.439944,0,BM,0.0,0.0,30.0,0.2,0,0,0,0,0,0,0,1
CA,0,30.0,2,1500,0,0,0,0,0,0
DF,BM,-2.535639,133.439944,1, ,0.0,0.0,1,2500,0,0,0,0,0,0
HM,BM,-2.535639,133.439944,1, ,0.0,0.0,192.0,04.3,2,2500,0,0,0,0,0,0,0

APPTR,N20-Y,20,BM
IF,BM,-2.535639,133.439944, ,0.0,0.0,2,2500,0,0,0,0,0,0
FC,BM,-2.535639,133.439944,0,BM,0.0,0.0,42.0,7.0,2,1500,0,0,0,0,0,1
CF,FN20,-2.456503,133.464008,1,BM,15.0,4.9,195.0,2.0,2,1500,0,0,0,0,0,0

FINAL,N20-Y,20,N,2
IF,FN20,-2.456503,133.464008,BM,0.0,0.0,2,1500,0,0,0,0,2,0
CF,RW20,-2.526667,133.441111,0,BM,0.0,0.0,195.0,4.4,1,96,0,0,0,0,3,0
CF,BM,-2.535639,133.439944,0,BM,0.0,0.0,195.0,0.5,0,0,0,0,0,0,0,1
CA,0,195.0,2,1500,0,0,0,0,0,0
DF,BM,-2.535639,133.439944,2, ,0.0,0.0,1,2500,0,0,0,0,0,0
HM,BM,-2.535639,133.439944,1, ,0.0,0.0,42.0,04.3,2,2500,0,0,0,0,0,0,0

APPTR,N20-Z,20,BM
IF,BM,-2.535639,133.439944, ,0.0,0.0,2,2500,0,0,0,0,0,0
FC,BM,-2.535639,133.439944,0,BM,0.0,0.0,33.0,6.0,2,1500,0,0,0,0,0,1
CF,FN20,-2.456503,133.464008,1,BM,15.0,4.9,195.0,2.0,2,1500,0,0,0,0,0,0

FINAL,N20-Z,20,N,2
IF,FN20,-2.456503,133.464008,BM,0.0,0.0,2,1500,0,0,0,0,2,0
CF,RW20,-2.526667,133.441111,0,BM,0.0,0.0,195.0,4.4,1,96,0,0,0,0,3,0
CF,BM,-2.535639,133.439944,0,BM,0.0,0.0,195.0,0.5,0,0,0,0,0,0,0,1
CA,0,195.0,2,1500,0,0,0,0,0,0
DF,BM,-2.535639,133.439944,2, ,0.0,0.0,1,2500,0,0,0,0,0,0
HM,BM,-2.535639,133.439944,1, ,0.0,0.0,33.0,04.3,2,2500,0,0,0,0,0,0,0

