APPTR,D10,10,IDMUS
IF,IDMUS,-9.366528,118.981806, ,0.0,0.0,2,4500,0,0,0,0,1,0
CF,CF10,-9.379661,119.065061,0,TBK,278.0,11.0,98.0,5.0,2,2900,0,0,0,0,1,0

FINAL,D10,10,D,3
IF,CF10,-9.379661,119.065061,TBK,278.0,11.0,2,2900,0,0,0,0,0,0
CF,FF10,-9.392778,119.148361,0,TBK,278.0,6.0,98.0,5.0,2,1800,0,0,0,0,2,0
CF,MA10,-9.403283,119.214939,0,TBK,278.0,2.0,98.0,4.0,1,531,0,0,0,0,3,0
CF,TBK,-9.408500,119.248278,0,TBK,0.0,0.0,98.0,2.0,0,0,0,0,0,0,0,0
FD,TBK,-9.408500,119.248278,0,TBK,0.0,1.0,98.0,1.0,0,0,0,0,0,0,0,0
VI,1, ,0.0,248.0,0,0,0,0,0,0,0,0
CF,IDMUS,-9.366528,118.981806,0,TBK,278.0,16.0,278.0,10.0,1,4500,0,0,0,0,0,0
HM,IDMUS,-9.366528,118.981806,1, ,0.0,0.0,98.0,04.3,2,4500,0,0,0,0,0,0,0

APPTR,N10-Y,10,WK
IF,WK,-9.413639,119.249333, ,0.0,0.0,2,4000,0,1,200,0,0,0
FC,WK,-9.413639,119.249333,0,TBK,0.0,0.0,305.0,6.7,2,2000,0,0,0,0,0,1
CF,FN10,-9.386481,119.139717,1,TBK,280.5,6.6,103.0,1.0,2,2000,0,0,0,0,0,0

FINAL,N10-Y,10,N,2
IF,FN10,-9.386481,119.139717,WK,0.0,0.0,2,2000,0,0,0,0,2,0
CF,RW10,-9.407336,119.231819,0,WK,0.0,0.0,103.0,5.6,1,203,0,0,0,0,3,0
CF,WK,-9.413639,119.249333,0,TBK,167.5,0.3,103.0,1.1,0,0,0,0,0,0,0,1
CI,0, ,0.0,15.0,0,0,0,0,0,0,0,0
FA,WK,-9.413639,119.249333,0,TBK,0.0,0.0,45.0,2,2000,0,0,0,0,0,0
DF,WK,-9.413639,119.249333,1, ,0.0,0.0,2,4000,0,0,0,0,0,0

APPTR,N10-Z,10,WK
IF,WK,-9.413639,119.249333, ,0.0,0.0,2,4000,0,0,0,0,0,0
FC,WK,-9.413639,119.249333,0,TBK,0.0,0.0,295.0,7.0,2,2000,0,0,0,0,0,1
CF,FN10,-9.386481,119.139717,1,TBK,280.5,6.6,103.0,1.0,2,2000,0,0,0,0,0,0

FINAL,N10-Z,10,N,2
IF,FN10,-9.386481,119.139717,WK,0.0,0.0,2,2000,0,0,0,0,2,0
CF,RW10,-9.407336,119.231819,0,WK,0.0,0.0,103.0,5.6,1,203,0,0,0,0,3,0
CF,WK,-9.413639,119.249333,0,TBK,167.5,0.3,103.0,1.1,0,0,0,0,0,0,0,1
CI,0, ,0.0,15.0,0,0,0,0,0,0,0,0
FA,WK,-9.413639,119.249333,0,TBK,0.0,0.0,45.0,2,2000,0,0,0,0,0,0
DF,WK,-9.413639,119.249333,1, ,0.0,0.0,2,4000,0,0,0,0,0,0

APPTR,R10,10,IDMUS
IF,IDMUS,-9.366528,118.981806, ,0.0,0.0,2,4500,0,0,0,0,1,0
TF,TK401,-9.378694,119.056861,0, ,0.0,0.0,0.0,0.0,2,2900,0,0,0,0,1,0

FINAL,R10,10,R,3
IF,TK401,-9.378694,119.056861, ,0.0,0.0,2,2900,0,0,0,0,0,0
TF,TK402,-9.392306,119.140056,0, ,0.0,0.0,98.0,5.0,2,1900,0,0,0,0,2,0
TF,TK403,-9.404028,119.211972,0, ,0.0,0.0,98.0,4.3,1,571,0,0,0,0,3,1
DF,IDMUS,-9.366528,118.981806,1, ,0.0,0.0,2,4500,0,0,0,0,0,0
HM,IDMUS,-9.366528,118.981806,1, ,0.0,0.0,98.0,04.3,2,4500,0,0,0,0,0,0,0

