STAR,ELKE1A,20,5
IF,ELKEK,-8.598056,123.564722, ,0.0,0.0,0,0,0,0,0,0,0,0
TF,GUTOT,-8.363000,123.570833,0, ,0.0,0.0,0.0,0.0,2,6000,0,0,0,0,0,0

APPTR,R20,20,AKUBU
IF,AKUBU,-8.052222,123.547917, ,0.0,0.0,2,2500,0,0,0,0,1,0
TF,TW404,-8.186222,123.478250,0, ,0.0,0.0,0.0,0.0,2,2400,0,1,150,0,1,0

APPTR,R20,20,GUTOT
IF,GUTOT,-8.363000,123.570833, ,0.0,0.0,2,6000,0,0,0,0,1,0
TF,TW402,-8.204556,123.565722,0, ,0.0,0.0,0.0,0.0,2,3200,0,0,0,0,0,0
TF,TW404,-8.186222,123.478250,0, ,0.0,0.0,0.0,0.0,2,2400,0,1,150,0,1,0

FINAL,R20,20,R,4
IF,TW404,-8.186222,123.478250, ,0.0,0.0,2,2400,0,1,150,0,0,0
TF,TW406,-8.237222,123.468417,0, ,0.0,0.0,190.0,3.1,2,2400,0,1,130,0,2,0
TF,TW408,-8.303028,123.455833,0, ,0.0,0.0,190.0,4.0,2,1120,0,0,0,0,0,0
TF,TW410,-8.341194,123.448556,0, ,0.0,0.0,190.0,2.3,1,378,0,0,0,0,3,1
DF,TW414,-8.266278,123.411250,2, ,0.0,0.0,0,0,0,1,130,0,0,0
TF,TW416,-8.168000,123.419278,0, ,0.0,0.0,0.0,0.0,0,0,0,0,0,0,0,0
TF,AKUBU,-8.052222,123.547917,0, ,0.0,0.0,0.0,0.0,2,2500,0,0,0,0,0,0
HM,AKUBU,-8.052222,123.547917,1, ,0.0,0.0,206.0,04.3,2,2500,0,1,170,0,0,0,0

