SID,AGTE1A,25,5
CA,0,248.0,2,590,0,0,0,0,0,0
CF,MUPEP,1.415353,110.177569,0,VKG,246.8,8.8,248.0,10.0,2,3100,0,1,265,0,0,1
DF,URKIV,1.597969,110.056747,2, ,0.0,0.0,0,0,0,0,0,0,0,0
TF,AGTEB,1.837953,110.521486,0, ,0.0,0.0,0.0,0.0,0,0,0,0,0,0,0,0

SID,ESBA1E,25,5
CA,0,248.0,2,590,0,0,0,0,0,0
CF,MUPEP,1.415353,110.177569,0,VKG,246.8,8.8,248.0,10.0,2,3100,0,1,265,0,0,1
TF,ESBAL,1.690375,109.557203,0, ,0.0,0.0,0.0,0.0,2,7000,0,0,0,0,0,0

SID,ESBA1F,25,2
CA,0,248.0,2,590,0,0,0,0,0,0
CD, ,0,0,0,VKG,0,0.0,248.0,8.4,2,3100,0,1,265,0,0,0
CI,0, ,0.0,309.0,0,0,0,0,0,0,0,0
CF,ESBAL,1.690375,109.557203,0,VKG,286.0,47.1,286.0,28.0,2,7000,0,0,0,0,0,0

SID,ESBA1J,07,5
CF,PAMRA,1.558353,110.533561,0,VKG,69.1,14.3,68.0,11.0,2,2250,0,0,0,0,0,0
TF,UBLIG,1.413097,110.590686,0, ,0.0,0.0,0.0,0.0,2,4500,0,0,0,0,0,0
TF,RUNVO,1.299022,110.354958,0, ,0.0,0.0,0.0,0.0,2,6000,0,0,0,0,0,0
TF,ESBAL,1.690375,109.557203,0, ,0.0,0.0,0.0,0.0,2,7000,0,0,0,0,0,0

SID,ESBA1K,07,5
CF,PAMRA,1.558353,110.533561,0,VKG,69.1,14.3,68.0,11.0,2,2250,0,0,0,0,0,0
TF,PEGDU,1.699789,110.475858,1, ,0.0,0.0,0.0,0.0,2,4500,0,0,0,0,0,0
TF,ESBAL,1.690375,109.557203,0, ,0.0,0.0,0.0,0.0,2,7000,0,0,0,0,0,0

SID,ESBA1L,07,2
CA,0,68.0,2,2250,0,0,0,0,0,0
CR,1,VKG,37.0,290.0,2,4500,0,0,0,0,0,0
CI,0, ,0.0,248.0,0,0,0,0,0,0,0,0
CF,ESBAL,1.690375,109.557203,0,VKG,286.0,47.1,286.0,39.0,2,7000,0,0,0,0,0,0

SID,IDUN1A,25,5
CA,0,248.0,2,590,0,0,0,0,0,0
CF,MUPEP,1.415353,110.177569,0,VKG,246.8,8.8,248.0,10.0,2,3100,0,1,265,0,0,1
DF,LEGIL,1.202414,110.219433,1, ,0.0,0.0,0,0,0,0,0,0,0,0
TF,IDUNO,1.364292,110.713978,0, ,0.0,0.0,0.0,0.0,0,0,0,0,0,0,0,0

SID,KIKA1C,25,2
CA,0,248.0,2,590,0,0,0,0,0,0
CF,D243B,1.461692,110.289403,0,VKG,242.7,1.5,248.0,4.0,2,1000,0,1,190,0,0,1
CI,2, ,0.0,55.0,0,0,0,0,0,0,0,0
CF,UPRAP,1.719911,110.449808,0,VKG,29.4,16.9,30.0,9.0,0,0,0,0,0,0,0,0
CI,0, ,0.0,89.0,0,0,0,0,0,0,0,0
CF,KIKAK,1.854247,110.797300,0,VKG,52.1,37.0,52.0,15.0,2,7000,0,0,0,0,0,0

SID,KIKA1D,25,2
CA,0,248.0,2,590,0,0,0,0,0,0
CD, ,0,0,0,VKG,0,0.0,248.0,5.8,2,2300,0,1,200,0,0,0
CI,1, ,0.0,85.0,0,0,0,0,0,0,0,0
CF,VIDAD,1.330956,110.553331,0,VKG,120.3,16.8,120.0,8.0,0,0,0,0,0,0,0,0
TF,KIKAK,1.854247,110.797300,1, ,0.0,0.0,0.0,0.0,2,7000,0,0,0,0,0,0

SID,KIKA1J,07,5
CF,PAMRA,1.558353,110.533561,0,VKG,69.1,14.3,68.0,11.0,2,2250,0,0,0,0,0,0
TF,KIKAK,1.854247,110.797300,0, ,0.0,0.0,0.0,0.0,0,0,0,0,0,0,0,0

SID,KIKA1K,07,2
CA,0,68.0,2,2250,0,0,0,0,0,0
CI,0, ,0.0,20.0,0,0,0,0,0,0,0,0
CF,KIKAK,1.854247,110.797300,0,VKG,52.1,37.0,52.0,27.0,0,0,0,0,0,0,0,0

SID,LUTM1C,25,2
CA,0,248.0,2,590,0,0,0,0,0,0
CF,D243B,1.461692,110.289403,0,VKG,242.7,1.5,248.0,4.0,2,1000,0,1,190,0,0,1
CI,2, ,0.0,55.0,0,0,0,0,0,0,0,0
CF,UPRAP,1.719911,110.449808,0,VKG,29.4,16.9,30.0,9.0,0,0,0,0,0,0,0,0
CI,0, ,0.0,89.0,0,0,0,0,0,0,0,0
CF,LUTMO,1.734592,110.870133,0,VKG,65.1,37.0,65.0,3.0,2,7000,0,0,0,0,0,0

SID,LUTM1D,25,2
CA,0,248.0,2,590,0,0,0,0,0,0
CD, ,0,0,0,VKG,0,0.0,248.0,5.8,2,2300,0,1,200,0,0,0
CI,1, ,0.0,85.0,0,0,0,0,0,0,0,0
CF,VIDAD,1.330956,110.553331,0,VKG,120.3,16.8,120.0,8.0,0,0,0,0,0,0,0,0
CI,1, ,0.0,25.0,0,0,0,0,0,0,0,0
CF,LUTMO,1.734592,110.870133,0,VKG,65.1,37.0,65.0,10.0,2,7000,0,0,0,0,0,0

SID,LUTM1H,07,5
CF,PAMRA,1.558353,110.533561,0,VKG,69.1,14.3,68.0,11.0,2,2250,0,0,0,0,0,0
TF,LUTMO,1.734592,110.870133,0, ,0.0,0.0,0.0,0.0,0,0,0,0,0,0,0,0

SID,LUTM1J,07,2
CA,0,68.0,2,2250,0,0,0,0,0,0
CI,0, ,0.0,20.0,0,0,0,0,0,0,0,0
CF,LUTMO,1.734592,110.870133,0,VKG,65.1,37.0,65.0,30.0,0,0,0,0,0,0,0,0

SID,MOXU1D,25,5
CA,0,248.0,2,590,0,0,0,0,0,0
CF,MUPEP,1.415353,110.177569,0,VKG,246.8,8.8,248.0,10.0,2,3100,0,1,265,0,0,1
TF,MOXUN,1.463861,109.809336,0, ,0.0,0.0,0.0,0.0,2,7000,0,0,0,0,0,0

SID,MOXU1E,25,2
CA,0,248.0,2,590,0,0,0,0,0,0
CD, ,0,0,0,VKG,0,0.0,248.0,8.4,2,3100,0,1,265,0,0,0
CI,0, ,0.0,282.0,0,0,0,0,0,0,0,0
CF,MOXUN,1.463861,109.809336,0,VKG,269.0,30.2,269.0,11.0,2,7000,0,0,0,0,0,0

SID,MOXU1H,07,5
CF,PAMRA,1.558353,110.533561,0,VKG,69.1,14.3,68.0,11.0,2,2250,0,0,0,0,0,0
TF,UBLIG,1.413097,110.590686,0, ,0.0,0.0,0.0,0.0,2,4500,0,0,0,0,0,0
TF,RUNVO,1.299022,110.354958,0, ,0.0,0.0,0.0,0.0,2,6000,0,0,0,0,0,0
TF,MOXUN,1.463861,109.809336,0, ,0.0,0.0,0.0,0.0,2,7000,0,0,0,0,0,0

SID,MOXU1J,07,5
CF,PAMRA,1.558353,110.533561,0,VKG,69.1,14.3,68.0,11.0,2,2250,0,0,0,0,0,0
TF,PEGDU,1.699789,110.475858,1, ,0.0,0.0,0.0,0.0,2,4500,0,0,0,0,0,0
TF,MOXUN,1.463861,109.809336,0, ,0.0,0.0,0.0,0.0,2,7000,0,0,0,0,0,0

SID,MOXU1K,07,2
CA,0,68.0,2,2250,0,0,0,0,0,0
CR,1,VKG,37.0,290.0,2,4500,0,0,0,0,0,0
CI,0, ,0.0,248.0,0,0,0,0,0,0,0,0
CF,MOXUN,1.463861,109.809336,0,VKG,269.0,30.2,269.0,17.0,2,7000,0,0,0,0,0,0

SID,OLTO1A,25,5
CA,0,248.0,2,590,0,0,0,0,0,0
CF,MUPEP,1.415353,110.177569,0,VKG,246.8,8.8,248.0,10.0,2,3100,0,1,265,0,0,1
DF,URKIV,1.597969,110.056747,2, ,0.0,0.0,0,0,0,0,0,0,0,0
TF,AGTEB,1.837953,110.521486,0, ,0.0,0.0,0.0,0.0,0,0,0,0,0,0,0,0
TF,OLTOB,1.826553,111.066297,0, ,0.0,0.0,0.0,0.0,0,0,0,0,0,0,0,0

SID,OLTO1B,25,5
CA,0,248.0,2,590,0,0,0,0,0,0
CF,MUPEP,1.415353,110.177569,0,VKG,246.8,8.8,248.0,10.0,2,3100,0,1,265,0,0,1
DF,LEGIL,1.202414,110.219433,1, ,0.0,0.0,0,0,0,0,0,0,0,0
TF,IDUNO,1.364292,110.713978,0, ,0.0,0.0,0.0,0.0,0,0,0,0,0,0,0,0
TF,OLTOB,1.826553,111.066297,0, ,0.0,0.0,0.0,0.0,0,0,0,0,0,0,0,0

SID,OROM1C,25,2
CA,0,248.0,2,590,0,0,0,0,0,0
CD, ,0,0,0,VKG,0,0.0,248.0,5.8,2,2300,0,1,200,0,0,0
CI,1, ,0.0,85.0,0,0,0,0,0,0,0,0
CF,VIDAD,1.330956,110.553331,0,VKG,120.3,16.8,120.0,8.0,0,0,0,0,0,0,0,0
CI,0, ,0.0,55.0,0,0,0,0,0,0,0,0
CF,OROMA,1.526675,110.925436,0,VKG,85.1,37.0,85.0,7.0,2,7000,0,0,0,0,0,0

SID,OROM1H,07,5
CF,PAMRA,1.558353,110.533561,0,VKG,69.1,14.3,68.0,11.0,2,2250,0,0,0,0,0,0
TF,OROMA,1.526675,110.925436,0, ,0.0,0.0,0.0,0.0,0,0,0,0,0,0,0,0

SID,OROM1J,07,2
CA,0,68.0,2,2250,0,0,0,0,0,0
CI,0, ,0.0,115.0,0,0,0,0,0,0,0,0
CF,OROMA,1.526675,110.925436,0,VKG,85.1,37.0,85.0,29.0,0,0,0,0,0,0,0,0

SID,PAPS1C,25,5
CA,0,248.0,2,590,0,0,0,0,0,0
CF,MUPEP,1.415353,110.177569,0,VKG,246.8,8.8,248.0,10.0,2,3100,0,1,265,0,0,1
TF,PAPSA,1.200000,110.141700,0, ,0.0,0.0,0.0,0.0,2,7000,0,0,0,0,0,0

SID,PAPS1D,25,2
CA,0,248.0,2,590,0,0,0,0,0,0
CD, ,0,0,0,VKG,0,0.0,248.0,5.8,2,2300,0,1,200,0,0,0
CI,0, ,0.0,175.0,0,0,0,0,0,0,0,0
CF,PAPSA,1.200000,110.141700,0,VKG,212.0,19.3,211.0,8.0,2,7000,0,0,0,0,0,0

SID,PAPS1G,07,5
CF,PAMRA,1.558353,110.533561,0,VKG,69.1,14.3,68.0,11.0,2,2250,0,0,0,0,0,0
TF,UBLIG,1.413097,110.590686,0, ,0.0,0.0,0.0,0.0,2,4500,0,0,0,0,0,0
TF,RUNVO,1.299022,110.354958,0, ,0.0,0.0,0.0,0.0,2,6000,0,0,0,0,0,0
TF,PAPSA,1.200000,110.141700,0, ,0.0,0.0,0.0,0.0,2,7000,0,0,0,0,0,0

SID,PAPS1H,07,2
CA,0,68.0,2,2250,0,0,0,0,0,0
CR,2,VKG,107.0,210.0,2,4500,0,0,0,0,0,0
CI,0, ,0.0,245.0,0,0,0,0,0,0,0,0
CF,PAPSA,1.200000,110.141700,0,VKG,212.0,19.2,211.0,10.0,2,7000,0,0,0,0,0,0

SID,TEME1D,25,5
CA,0,248.0,2,590,0,0,0,0,0,0
CF,MUPEP,1.415353,110.177569,0,VKG,246.8,8.8,248.0,10.0,2,3100,0,1,265,0,0,1
TF,TEMES,1.915392,109.768536,0, ,0.0,0.0,0.0,0.0,2,7000,0,0,0,0,0,0

SID,TEME1E,25,2
CA,0,248.0,2,590,0,0,0,0,0,0
CD, ,0,0,0,VKG,0,0.0,248.0,8.4,2,3100,0,1,265,0,0,0
CI,2, ,0.0,340.0,0,0,0,0,0,0,0,0
CF,TEMES,1.915392,109.768536,0,VKG,309.0,42.0,309.0,24.0,2,7000,0,0,0,0,0,0

SID,TEME1H,07,5
CF,PAMRA,1.558353,110.533561,0,VKG,69.1,14.3,68.0,11.0,2,2250,0,0,0,0,0,0
TF,PEGDU,1.699789,110.475858,1, ,0.0,0.0,0.0,0.0,2,4500,0,0,0,0,0,0
TF,TEMES,1.915392,109.768536,0, ,0.0,0.0,0.0,0.0,2,7000,0,0,0,0,0,0

SID,TEME1J,07,2
CA,0,68.0,2,2250,0,0,0,0,0,0
CR,1,VKG,37.0,290.0,2,4500,0,0,0,0,0,0
CI,0, ,0.0,273.0,0,0,0,0,0,0,0,0
CF,TEMES,1.915392,109.768536,0,VKG,309.0,42.0,309.0,31.0,2,7000,0,0,0,0,0,0

SID,VKG1,07,1
VA,0,68.0,2,1500,0,0,0,0,0,0
VM,0,0,0,68.0,0,0,0,0,0,0,0,0

SID,VKG1,25,1
CA,0,248.0,2,590,0,0,0,0,0,0
VA,0,258.0,2,2300,0,0,0,0,0,0
VM,0,0,0,258.0,0,0,0,0,0,0,0,0

STAR,ESBA1A,25,5
IF,ESBAL,1.690375,109.557203, ,0.0,0.0,2,22500,0,0,0,0,0,0
TF,DUKIP,1.673897,110.511831,0, ,0.0,0.0,0.0,0.0,2,4500,0,0,0,0,0,0
TF,ENREX,1.566417,110.554447,0, ,0.0,0.0,0.0,0.0,2,2300,0,0,0,0,0,0

STAR,ESBA1B,25,5
IF,ESBAL,1.690375,109.557203, ,0.0,0.0,2,22500,0,0,0,0,0,0
TF,OVKES,1.549186,110.091286,0, ,0.0,0.0,0.0,0.0,2,12500,0,0,0,0,0,0
TF,DUKIP,1.673897,110.511831,0, ,0.0,0.0,0.0,0.0,2,4500,0,0,0,0,0,0
TF,ENREX,1.566417,110.554447,0, ,0.0,0.0,0.0,0.0,2,2300,0,0,0,0,0,0

STAR,ESBA1C,25,5
IF,ESBAL,1.690375,109.557203, ,0.0,0.0,2,26000,0,0,0,0,0,0
TF,RUNVO,1.299022,110.354958,0, ,0.0,0.0,0.0,0.0,2,9900,0,0,0,0,0,0
TF,DULAK,1.457672,110.597428,0, ,0.0,0.0,0.0,0.0,2,4500,0,0,0,0,0,0
TF,ENREX,1.566417,110.554447,0, ,0.0,0.0,0.0,0.0,2,2300,0,0,0,0,0,0

STAR,ESBA1D,25,2
IF,ESBAL,1.690375,109.557203, ,0.0,0.0,2,7000,0,0,0,0,0,0
FD,ESBAL,1.690375,109.557203,0,VKG,286.0,25.0,106.0,25.0,0,0,0,0,0,0,0,0
CF,DOTUG,1.723653,110.324989,0,VKG,3.1,15.0,71.0,25.7,2,4500,0,0,0,0,0,0
CR,0,VKG,52.0,98.0,2,4000,0,0,0,0,0,0
CR,2,VKG,69.0,206.0,0,0,0,0,0,0,0,0
CF,CD25,1.562000,110.553992,0,VKG,70.0,15.5,250.0,2.0,2,2300,0,0,0,0,0,0

STAR,ESBA1G,07,5
IF,ESBAL,1.690375,109.557203, ,0.0,0.0,2,15000,0,0,0,0,0,0
TF,GUMIT,1.420183,110.066250,0, ,0.0,0.0,0.0,0.0,2,3500,0,0,0,0,0,0

STAR,ESBA1H,07,2
IF,ESBAL,1.690375,109.557203, ,0.0,0.0,2,7000,0,0,0,0,0,0
FD,ESBAL,1.690375,109.557203,0,VKG,286.0,17.0,106.0,17.0,0,0,0,0,0,0,0,0
CI,0, ,0.0,106.0,0,0,0,0,0,0,0,0
AF,D279O,1.512508,110.065014,1,VKG,279.0,15.0,286.0,2,5500,0,0,0,0,0,0
AF,GUMIT,1.420183,110.066250,1,VKG,257.9,15.0,279.0,2,3500,0,0,0,0,0,0
TF,NIPOD,1.438392,110.148797,0, ,0.0,0.0,0.0,0.0,0,0,0,0,0,0,0,0

STAR,KIKA1A,25,5
IF,KIKAK,1.854247,110.797300, ,0.0,0.0,2,9500,0,0,0,0,0,0
TF,IDSAG,1.598778,110.638256,0, ,0.0,0.0,0.0,0.0,2,4000,0,0,0,0,0,0
TF,ENREX,1.566417,110.554447,0, ,0.0,0.0,0.0,0.0,2,2300,0,0,0,0,0,0

STAR,KIKA1B,25,2
IF,KIKAK,1.854247,110.797300, ,0.0,0.0,0,0,0,0,0,0,0,0
TF,EGOMO,1.593411,110.641439,0, ,0.0,0.0,0.0,0.0,0,0,0,0,0,0,0,0
TF,CD25,1.562000,110.553992,0, ,0.0,0.0,0.0,0.0,2,2300,0,0,0,0,0,0

STAR,KIKA1F,07,5
IF,KIKAK,1.854247,110.797300, ,0.0,0.0,2,20000,0,0,0,0,0,0
TF,ENGIX,1.636775,110.289011,0, ,0.0,0.0,0.0,0.0,2,10000,0,0,0,0,0,0
TF,IRNIM,1.535383,110.042242,0, ,0.0,0.0,0.0,0.0,2,5500,0,0,0,0,0,0
TF,GUMIT,1.420183,110.066250,0, ,0.0,0.0,0.0,0.0,2,3500,0,0,0,0,0,0

STAR,KIKA1G,07,5
IF,KIKAK,1.854247,110.797300, ,0.0,0.0,2,20000,0,0,0,0,0,0
TF,VEGMU,1.406836,110.430064,0, ,0.0,0.0,0.0,0.0,2,10000,0,0,0,0,0,0
TF,VAGTI,1.304978,110.090717,0, ,0.0,0.0,0.0,0.0,2,5500,0,0,0,0,0,0
TF,GUMIT,1.420183,110.066250,2, ,0.0,0.0,0.0,0.0,2,3500,0,0,0,0,0,0

STAR,KIKA1H,07,2
IF,KIKAK,1.854247,110.797300, ,0.0,0.0,0,0,0,0,0,0,0,0
FD,KIKAK,1.854247,110.797300,0,VKG,52.1,25.0,232.0,25.0,0,0,0,0,0,0,0,0
CF,DOTUG,1.723653,110.324989,0,VKG,3.1,15.0,268.0,20.0,0,0,0,0,0,0,0,0
TF,D298O,1.591158,110.091153,0, ,0.0,0.0,0.0,0.0,0,0,0,0,0,0,0,0
AF,D279O,1.512508,110.065014,1,VKG,279.0,15.0,298.0,2,5500,0,0,0,0,0,0
AF,GUMIT,1.420183,110.066250,1,VKG,257.9,15.0,279.0,2,3500,0,0,0,0,0,0
TF,NIPOD,1.438392,110.148797,0, ,0.0,0.0,0.0,0.0,0,0,0,0,0,0,0,0

STAR,LUTM1A,25,5
IF,LUTMO,1.734592,110.870133, ,0.0,0.0,2,9000,0,0,0,0,0,0
TF,IDSAG,1.598778,110.638256,0, ,0.0,0.0,0.0,0.0,2,4000,0,0,0,0,0,0
TF,ENREX,1.566417,110.554447,0, ,0.0,0.0,0.0,0.0,2,2300,0,0,0,0,0,0

STAR,LUTM1B,25,2
IF,LUTMO,1.734592,110.870133, ,0.0,0.0,2,7000,0,0,0,0,0,0
TF,EGOMO,1.593411,110.641439,0, ,0.0,0.0,0.0,0.0,0,0,0,0,0,0,0,0
TF,CD25,1.562000,110.553992,0, ,0.0,0.0,0.0,0.0,2,2300,0,0,0,0,0,0

STAR,LUTM1E,07,5
IF,LUTMO,1.734592,110.870133, ,0.0,0.0,2,20000,0,0,0,0,0,0
TF,ENGIX,1.636775,110.289011,0, ,0.0,0.0,0.0,0.0,2,10000,0,0,0,0,0,0
TF,IRNIM,1.535383,110.042242,0, ,0.0,0.0,0.0,0.0,2,5500,0,0,0,0,0,0
TF,GUMIT,1.420183,110.066250,0, ,0.0,0.0,0.0,0.0,2,3500,0,0,0,0,0,0

STAR,LUTM1F,07,5
IF,LUTMO,1.734592,110.870133, ,0.0,0.0,2,20000,0,0,0,0,0,0
TF,VEGMU,1.406836,110.430064,0, ,0.0,0.0,0.0,0.0,2,10000,0,0,0,0,0,0
TF,VAGTI,1.304978,110.090717,0, ,0.0,0.0,0.0,0.0,2,5500,0,0,0,0,0,0
TF,GUMIT,1.420183,110.066250,2, ,0.0,0.0,0.0,0.0,2,3500,0,0,0,0,0,0

STAR,LUTM1G,07,2
IF,LUTMO,1.734592,110.870133, ,0.0,0.0,2,7000,0,0,0,0,0,0
FD,LUTMO,1.734592,110.870133,0,VKG,65.1,25.0,245.0,25.0,0,0,0,0,0,0,0,0
CF,DOTUG,1.723653,110.324989,0,VKG,3.1,15.0,281.0,23.0,0,0,0,0,0,0,0,0
TF,D298O,1.591158,110.091153,0, ,0.0,0.0,0.0,0.0,0,0,0,0,0,0,0,0
AF,D279O,1.512508,110.065014,1,VKG,279.0,15.0,298.0,2,5500,0,0,0,0,0,0
AF,GUMIT,1.420183,110.066250,1,VKG,257.9,15.0,279.0,2,3500,0,0,0,0,0,0
TF,NIPOD,1.438392,110.148797,0, ,0.0,0.0,0.0,0.0,0,0,0,0,0,0,0,0

STAR,MOXU1A,25,5
IF,MOXUN,1.463861,109.809336, ,0.0,0.0,2,18000,0,0,0,0,0,0
TF,OVKES,1.549186,110.091286,0, ,0.0,0.0,0.0,0.0,2,12500,0,0,0,0,0,0
TF,DUKIP,1.673897,110.511831,0, ,0.0,0.0,0.0,0.0,2,4500,0,0,0,0,0,0
TF,ENREX,1.566417,110.554447,0, ,0.0,0.0,0.0,0.0,2,2300,0,0,0,0,0,0

STAR,MOXU1B,25,5
IF,MOXUN,1.463861,109.809336, ,0.0,0.0,2,20000,0,0,0,0,0,0
TF,RUNVO,1.299022,110.354958,0, ,0.0,0.0,0.0,0.0,2,9900,0,0,0,0,0,0
TF,DULAK,1.457672,110.597428,0, ,0.0,0.0,0.0,0.0,2,4500,0,0,0,0,0,0
TF,ENREX,1.566417,110.554447,0, ,0.0,0.0,0.0,0.0,2,2300,0,0,0,0,0,0

STAR,MOXU1C,25,2
IF,MOXUN,1.463861,109.809336, ,0.0,0.0,2,7000,0,0,0,0,0,0
FD,MOXUN,1.463861,109.809336,0,VKG,269.0,25.0,89.0,25.0,0,0,0,0,0,0,0,0
CF,DOTUG,1.723653,110.324989,0,VKG,3.1,15.0,58.0,29.7,2,4500,0,0,0,0,0,0
CR,0,VKG,52.0,98.0,2,4000,0,0,0,0,0,0
CR,2,VKG,69.0,206.0,0,0,0,0,0,0,0,0
CF,CD25,1.562000,110.553992,0,VKG,70.0,15.5,250.0,2.0,2,2300,0,0,0,0,0,0

STAR,MOXU1F,07,5
IF,MOXUN,1.463861,109.809336, ,0.0,0.0,2,9500,0,0,0,0,0,0
TF,GUMIT,1.420183,110.066250,0, ,0.0,0.0,0.0,0.0,2,3500,0,0,0,0,0,0

STAR,MOXU1G,07,2
IF,MOXUN,1.463861,109.809336, ,0.0,0.0,2,7000,0,0,0,0,0,0
FD,MOXUN,1.463861,109.809336,0,VKG,269.0,25.0,89.0,25.0,0,0,0,0,0,0,0,0
CI,0, ,0.0,121.0,0,0,0,0,0,0,0,0
CF,D258R,1.410519,110.018572,0,VKG,258.0,18.0,78.0,2.0,2,5500,0,0,0,0,0,0
TF,GUMIT,1.420183,110.066250,0, ,0.0,0.0,0.0,0.0,2,3500,0,0,0,0,0,0
TF,NIPOD,1.438392,110.148797,0, ,0.0,0.0,0.0,0.0,0,0,0,0,0,0,0,0

STAR,OROM1A,25,5
IF,OROMA,1.526675,110.925436, ,0.0,0.0,2,9500,0,0,0,0,0,0
TF,IDSAG,1.598778,110.638256,0, ,0.0,0.0,0.0,0.0,2,4000,0,0,0,0,0,0
TF,ENREX,1.566417,110.554447,0, ,0.0,0.0,0.0,0.0,2,2300,0,0,0,0,0,0

STAR,OROM1B,25,2
IF,OROMA,1.526675,110.925436, ,0.0,0.0,2,7000,0,0,0,0,0,0
TF,EGOMO,1.593411,110.641439,0, ,0.0,0.0,0.0,0.0,0,0,0,0,0,0,0,0
TF,CD25,1.562000,110.553992,0, ,0.0,0.0,0.0,0.0,2,2300,0,0,0,0,0,0

STAR,OROM1E,07,5
IF,OROMA,1.526675,110.925436, ,0.0,0.0,2,20000,0,0,0,0,0,0
TF,VEGMU,1.406836,110.430064,0, ,0.0,0.0,0.0,0.0,2,10000,0,0,0,0,0,0
TF,VAGTI,1.304978,110.090717,0, ,0.0,0.0,0.0,0.0,2,5500,0,0,0,0,0,0
TF,GUMIT,1.420183,110.066250,2, ,0.0,0.0,0.0,0.0,2,3500,0,0,0,0,0,0

STAR,OROM1F,07,5
IF,OROMA,1.526675,110.925436, ,0.0,0.0,2,20000,0,0,0,0,0,0
TF,ENGIX,1.636775,110.289011,0, ,0.0,0.0,0.0,0.0,2,10000,0,0,0,0,0,0
TF,IRNIM,1.535383,110.042242,0, ,0.0,0.0,0.0,0.0,2,5500,0,0,0,0,0,0
TF,GUMIT,1.420183,110.066250,0, ,0.0,0.0,0.0,0.0,2,3500,0,0,0,0,0,0

STAR,OROM1G,07,2
IF,OROMA,1.526675,110.925436, ,0.0,0.0,2,7000,0,0,0,0,0,0
FD,OROMA,1.526675,110.925436,0,VKG,85.1,25.0,265.0,25.0,0,0,0,0,0,0,0,0
CF,GUTEK,1.236647,110.397303,0,VKG,160.0,15.0,231.0,27.0,0,0,0,0,0,0,0,0
TF,D236O,1.332722,110.104636,0, ,0.0,0.0,0.0,0.0,2,5500,0,0,0,0,0,0
AF,GUMIT,1.420183,110.066250,2,VKG,257.9,15.0,236.0,2,3500,0,0,0,0,0,0
TF,NIPOD,1.438392,110.148797,0, ,0.0,0.0,0.0,0.0,0,0,0,0,0,0,0,0

STAR,PAPS1A,25,5
IF,PAPSA,1.200000,110.141700, ,0.0,0.0,2,14000,0,0,0,0,0,0
TF,RUNVO,1.299022,110.354958,0, ,0.0,0.0,0.0,0.0,2,9900,0,0,0,0,0,0
TF,DULAK,1.457672,110.597428,0, ,0.0,0.0,0.0,0.0,2,4500,0,0,0,0,0,0
TF,ENREX,1.566417,110.554447,0, ,0.0,0.0,0.0,0.0,2,2300,0,0,0,0,0,0

STAR,PAPS1B,25,2
IF,PAPSA,1.200000,110.141700, ,0.0,0.0,2,7000,0,0,0,0,0,0
TF,GUTEK,1.236647,110.397303,0, ,0.0,0.0,0.0,0.0,0,0,0,0,0,0,0,0
CR,0,VKG,90.0,47.0,2,4000,0,0,0,0,0,0
CR,1,VKG,72.0,296.0,0,0,0,0,0,0,0,0
CF,CD25,1.562000,110.553992,0,VKG,70.0,15.5,250.0,2.0,2,2300,0,0,0,0,0,0

STAR,PAPS1E,07,5
IF,PAPSA,1.200000,110.141700, ,0.0,0.0,2,7000,0,0,0,0,0,0
TF,VAGTI,1.304978,110.090717,0, ,0.0,0.0,0.0,0.0,2,5500,0,0,0,0,0,0
TF,GUMIT,1.420183,110.066250,0, ,0.0,0.0,0.0,0.0,2,3500,0,0,0,0,0,0

STAR,PAPS1F,07,2
IF,PAPSA,1.200000,110.141700, ,0.0,0.0,2,7000,0,0,0,0,0,0
FD,PAPSA,1.200000,110.141700,0,VKG,212.0,17.0,31.0,17.0,0,0,0,0,0,0,0,0
CI,0, ,0.0,31.0,0,0,0,0,0,0,0,0
AF,D239O,1.343817,110.097614,2,VKG,239.0,15.0,211.0,2,5500,0,0,0,0,0,0
AF,GUMIT,1.420183,110.066250,2,VKG,257.9,15.0,239.0,2,3500,0,0,0,0,0,0
TF,NIPOD,1.438392,110.148797,0, ,0.0,0.0,0.0,0.0,0,0,0,0,0,0,0,0

STAR,TEME1A,25,5
IF,TEMES,1.915392,109.768536, ,0.0,0.0,2,19000,0,0,0,0,0,0
TF,DUKIP,1.673897,110.511831,0, ,0.0,0.0,0.0,0.0,2,4500,0,0,0,0,0,0
TF,ENREX,1.566417,110.554447,0, ,0.0,0.0,0.0,0.0,2,2300,0,0,0,0,0,0

STAR,TEME1B,25,5
IF,TEMES,1.915392,109.768536, ,0.0,0.0,2,26000,0,0,0,0,0,0
TF,RUNVO,1.299022,110.354958,0, ,0.0,0.0,0.0,0.0,2,9900,0,0,0,0,0,0
TF,DULAK,1.457672,110.597428,0, ,0.0,0.0,0.0,0.0,2,4500,0,0,0,0,0,0
TF,ENREX,1.566417,110.554447,0, ,0.0,0.0,0.0,0.0,2,2300,0,0,0,0,0,0

STAR,TEME1C,25,2
IF,TEMES,1.915392,109.768536, ,0.0,0.0,2,7000,0,0,0,0,0,0
FD,TEMES,1.915392,109.768536,0,VKG,309.0,25.0,129.0,25.0,0,0,0,0,0,0,0,0
CF,DOTUG,1.723653,110.324989,0,VKG,3.1,15.0,92.0,19.8,2,4500,0,0,0,0,0,0
CR,0,VKG,52.0,98.0,2,4000,0,0,0,0,0,0
CR,2,VKG,69.0,206.0,0,0,0,0,0,0,0,0
CF,CD25,1.562000,110.553992,0,VKG,70.0,15.5,250.0,2.0,2,2300,0,0,0,0,0,0

STAR,TEME1F,07,5
IF,TEMES,1.915392,109.768536, ,0.0,0.0,2,15000,0,0,0,0,0,0
TF,IRNIM,1.535383,110.042242,0, ,0.0,0.0,0.0,0.0,2,5500,0,0,0,0,0,0
TF,GUMIT,1.420183,110.066250,0, ,0.0,0.0,0.0,0.0,2,3500,0,0,0,0,0,0

STAR,TEME1G,07,2
IF,TEMES,1.915392,109.768536, ,0.0,0.0,2,7000,0,0,0,0,0,0
FD,TEMES,1.915392,109.768536,0,VKG,309.0,17.0,129.0,17.0,0,0,0,0,0,0,0,0
CI,0, ,0.0,129.0,0,0,0,0,0,0,0,0
AF,D279O,1.512508,110.065014,1,VKG,279.0,15.0,309.0,2,5500,0,0,0,0,0,0
AF,GUMIT,1.420183,110.066250,1,VKG,257.9,15.0,279.0,2,3500,0,0,0,0,0,0
TF,NIPOD,1.438392,110.148797,0, ,0.0,0.0,0.0,0.0,0,0,0,0,0,0,0,0

APPTR,D07-Y,07,VKG
IF,VKG,1.473222,110.311583, ,0.0,0.0,2,5000,0,0,0,0,0,0
TF,D258F,1.452325,110.213911,0, ,0.0,0.0,0.0,0.0,2,5000,0,0,0,0,0,0
FC,D258F,1.452325,110.213911,0,VKG,0.0,0.0,303.0,4.4,2,4000,0,0,0,0,0,1
VI,1, ,0.0,123.0,2,3500,0,0,0,0,0,0
CF,CS07Y,1.445358,110.181353,0,VKG,258.0,8.0,78.0,4.0,2,2200,0,0,0,0,0,0

FINAL,D07-Y,07,D,3
IF,CS07Y,1.445358,110.181353,VKG,258.0,8.0,2,2200,0,0,0,0,0,0
CF,FS07,1.455808,110.230189,0,VKG,258.0,5.0,78.0,3.0,2,2200,0,0,0,0,2,0
CF,MS07,1.474267,110.316467,0,VKG,78.0,0.3,78.0,5.3,1,549,0,0,0,0,3,0
CA,0,78.0,2,2250,0,0,0,0,0,0
DF,VKG,1.473222,110.311583,2, ,0.0,0.0,1,5000,0,0,0,0,0,0
HM,VKG,1.473222,110.311583,1, ,0.0,0.0,258.0,04.3,2,5000,0,1,230,0,0,0,0

APPTR,D07-Z,07,GUMIT
IF,GUMIT,1.420183,110.066250, ,0.0,0.0,2,3500,0,0,0,0,1,0
TF,NIPOD,1.438392,110.148797,0, ,0.0,0.0,0.0,0.0,2,2200,0,0,0,0,1,0

FINAL,D07-Z,07,D,3
IF,NIPOD,1.438392,110.148797,VKG,258.0,10.0,2,2200,0,0,0,0,0,0
CF,FS07,1.455808,110.230189,0,VKG,258.0,5.0,78.0,5.0,2,2200,0,0,0,0,2,0
CF,MS07,1.474267,110.316467,0,VKG,78.0,0.3,78.0,5.3,1,549,0,0,0,0,3,0
CA,0,78.0,2,2250,0,0,0,0,0,0
VI,2, ,0.0,168.0,0,0,0,0,0,0,0,0
CF,GUTEK,1.236647,110.397303,0,VKG,160.0,15.0,213.0,8.0,2,6500,0,0,0,0,0,0
HM,GUTEK,1.236647,110.397303,2, ,0.0,0.0,340.0,04.3,2,6500,0,1,230,0,0,0,0

APPTR,D25-Z,25,EGOMO
IF,EGOMO,1.593411,110.641439, ,0.0,0.0,2,4000,0,0,0,0,1,0
TF,CD25,1.562000,110.553992,0, ,0.0,0.0,0.0,0.0,2,2300,0,0,0,0,1,0

FINAL,D25-Z,25,D,3
IF,CD25,1.562000,110.553992,VKG,70.0,15.5,2,2300,0,0,0,0,0,0
CF,FD25Z,1.533364,110.475794,0,VKG,70.0,10.5,250.0,5.0,2,2300,0,0,0,0,2,0
CF,MD25Z,1.500717,110.386650,0,VKG,70.0,4.8,250.0,5.7,1,470,0,0,0,0,3,0
CF,VKG,1.473222,110.311583,0,VKG,0.0,0.0,250.0,4.8,0,0,0,0,0,0,0,0
VD, ,0,0,0,VKG,0.0,0.0,250.0,1.5,2,1000,0,0,0,0,0,0
VI,2, ,0.0,40.0,0,0,0,1,190,0,0,0
CF,DOTUG,1.723653,110.324989,0,VKG,3.1,15.0,3.0,9.0,0,0,0,0,0,0,0,0
HM,DOTUG,1.723653,110.324989,2, ,0.0,0.0,183.0,04.3,1,4500,0,1,230,0,0,0,0

APPTR,I25-Y,25,VKG
IF,VKG,1.473222,110.311583, ,0.0,0.0,2,5000,0,0,0,0,0,0
TF,D068I,1.529686,110.450461,0, ,0.0,0.0,0.0,0.0,2,2800,0,0,0,0,0,0
FC,D068I,1.529686,110.450461,0,VKG,0.0,0.0,115.0,6.6,2,2300,0,0,0,0,0,1
CF,CI25Y,1.560236,110.536392,1,IKG,68.5,13.1,248.0,1.0,2,2300,0,0,0,0,0,0

FINAL,I25-Y,25,I,3
IF,CI25Y,1.560236,110.536392,IKG,68.5,13.1,2,2300,0,0,0,0,0,0
CF,FI25,1.536258,110.476014,0,IKG,68.5,9.2,248.0,3.9,1,2300,0,0,0,0,2,0
CF,RW25,1.493561,110.368503,0,IKG,68.5,2.2,248.0,6.9,1,96,0,0,0,0,3,0
CF,VKG,1.473222,110.311583,0,VKG,0.0,0.0,248.0,3.6,0,0,0,0,0,0,0,0
VD, ,0,0,0,VKG,0.0,0.0,248.0,1.5,2,1000,0,0,0,0,0,0
VI,2, ,0.0,40.0,0,0,0,1,190,0,0,0
CF,DOTUG,1.723653,110.324989,0,VKG,3.1,15.0,3.0,9.0,0,0,0,0,0,0,0,0
HM,DOTUG,1.723653,110.324989,2, ,0.0,0.0,183.0,04.3,1,4500,0,1,230,0,0,0,0

APPTR,I25-Z,25,IDSAG
IF,IDSAG,1.598778,110.638256, ,0.0,0.0,2,4000,0,0,0,0,1,0
CF,ENREX,1.566417,110.554447,0,IKG,68.7,14.2,248.0,5.4,2,2300,0,0,0,0,1,0

FINAL,I25-Z,25,I,3
IF,ENREX,1.566417,110.554447,IKG,68.7,14.2,2,2300,0,0,0,0,0,0
CF,FI25,1.536258,110.476014,0,IKG,68.5,9.2,248.0,5.0,1,2300,0,0,0,0,2,0
CF,RW25,1.493561,110.368503,0,IKG,68.5,2.2,248.0,6.9,1,96,0,0,0,0,3,0
CF,VKG,1.473222,110.311583,0,VKG,0.0,0.0,248.0,3.6,0,0,0,0,0,0,0,0
VD, ,0,0,0,VKG,0.0,0.0,248.0,1.5,2,1000,0,0,0,0,0,0
VI,2, ,0.0,40.0,0,0,0,1,190,0,0,0
CF,DOTUG,1.723653,110.324989,0,VKG,3.1,15.0,3.0,9.0,0,0,0,0,0,0,0,0
HM,DOTUG,1.723653,110.324989,2, ,0.0,0.0,183.0,04.3,1,4500,0,1,230,0,0,0,0

APPTR,R07-Z,07,KIKAK
IF,KIKAK,1.854247,110.797300, ,0.0,0.0,2,6500,0,0,0,0,0,0
TF,NODUM,1.629114,110.474483,0, ,0.0,0.0,0.0,0.0,2,5100,0,0,0,0,0,0
TF,MAPKA,1.593894,110.377483,0, ,0.0,0.0,0.0,0.0,2,4500,0,0,0,0,1,0
TF,GG515,1.549703,110.259092,0, ,0.0,0.0,0.0,0.0,2,3500,0,1,220,0,1,0
RF,ATNOB,1.463169,110.292008,1,RGG07,64.0,2.8,1,1000,0,0,0,0,0,0

APPTR,R07-Z,07,LUTMO
IF,LUTMO,1.734592,110.870133, ,0.0,0.0,2,6500,0,0,0,0,0,0
TF,NODUM,1.629114,110.474483,0, ,0.0,0.0,0.0,0.0,2,5100,0,0,0,0,0,0
TF,MAPKA,1.593894,110.377483,0, ,0.0,0.0,0.0,0.0,2,4500,0,0,0,0,1,0
TF,GG515,1.549703,110.259092,0, ,0.0,0.0,0.0,0.0,2,3500,0,1,220,0,1,0
RF,ATNOB,1.463169,110.292008,1,RGG07,83.5,2.8,1,1000,0,0,0,0,0,0

APPTR,R07-Z,07,OROMA
IF,OROMA,1.526675,110.925436, ,0.0,0.0,2,6500,0,0,0,0,0,0
TF,NODUM,1.629114,110.474483,0, ,0.0,0.0,0.0,0.0,2,5100,0,0,0,0,0,0
TF,MAPKA,1.593894,110.377483,0, ,0.0,0.0,0.0,0.0,2,4500,0,0,0,0,1,0
TF,GG515,1.549703,110.259092,0, ,0.0,0.0,0.0,0.0,2,3500,0,1,220,0,1,0
RF,ATNOB,1.463169,110.292008,1,RGG07,208.9,2.8,1,1000,0,0,0,0,0,0

APPTR,R07-Z,07,PAPSA
IF,PAPSA,1.200000,110.141700, ,0.0,0.0,2,7000,0,0,0,0,1,0
TF,GG520,1.273389,110.180292,0, ,0.0,0.0,0.0,0.0,2,5300,0,0,0,0,0,0
TF,GG519,1.321350,110.205250,0, ,0.0,0.0,0.0,0.0,2,4200,0,0,0,0,0,0
TF,GG518,1.391117,110.241561,0, ,0.0,0.0,0.0,0.0,2,2600,0,0,0,0,1,0
TF,GG517,1.416078,110.254553,0, ,0.0,0.0,0.0,0.0,2,2100,0,0,0,0,0,0
TF,GG516,1.441039,110.267544,0, ,0.0,0.0,0.0,0.0,2,1500,0,1,230,0,0,0
RF,ATNOB,1.463169,110.292008,2,RGG09,268.2,2.8,1,1000,0,0,0,0,0,0

APPTR,R07-Z,07,RUPSU
IF,RUPSU,1.434494,108.747869, ,0.0,0.0,2,7000,0,0,0,0,0,0
TF,MOXUN,1.463861,109.809336,0, ,0.0,0.0,0.0,0.0,2,7000,0,0,0,0,0,0
TF,REMIV,1.456758,110.083800,0, ,0.0,0.0,0.0,0.0,2,3800,0,0,0,0,1,0
TF,GG513,1.456517,110.133725,0, ,0.0,0.0,0.0,0.0,2,2800,0,0,0,0,1,0
TF,GG512,1.456178,110.203147,0, ,0.0,0.0,0.0,0.0,2,2600,0,0,0,0,0,0
TF,GG510,1.455933,110.253719,0, ,0.0,0.0,0.0,0.0,2,1600,0,0,0,0,0,0
RF,ATNOB,1.463169,110.292008,1,RGG08,285.3,6.2,1,1000,0,0,0,0,0,0

APPTR,R07-Z,07,UKBAR
IF,UKBAR,1.911897,108.738522, ,0.0,0.0,2,7000,0,0,0,0,0,0
TF,ESBAL,1.690375,109.557203,0, ,0.0,0.0,0.0,0.0,2,7000,0,0,0,0,0,0
TF,GG514,1.609317,109.739964,0, ,0.0,0.0,0.0,0.0,2,7000,0,0,0,0,0,0
TF,REMIV,1.456758,110.083800,0, ,0.0,0.0,0.0,0.0,2,3800,0,0,0,0,1,0
TF,GG513,1.456517,110.133725,0, ,0.0,0.0,0.0,0.0,2,2800,0,0,0,0,1,0
TF,GG512,1.456178,110.203147,0, ,0.0,0.0,0.0,0.0,2,2600,0,0,0,0,0,0
TF,GG510,1.455933,110.253719,0, ,0.0,0.0,0.0,0.0,2,1600,0,0,0,0,0,0
RF,ATNOB,1.463169,110.292008,1,RGG08,359.2,6.2,1,1000,0,0,0,0,0,0

FINAL,R07-Z,07,R,2
IF,ATNOB,1.463169,110.292008, ,0.0,0.0,1,1000,0,0,0,0,2,0
TF,RW07,1.481008,110.336908,0, ,0.0,0.0,68.0,2.9,1,138,0,0,0,0,3,1
TF,PAVDA,1.510200,110.410383,0, ,0.0,0.0,0.0,0.0,0,0,0,0,0,0,0,0
RF,GG511,1.399417,110.500892,2,RGG10,211.7,4.5,0,0,0,0,0,0,0,0
TF,GUTEK,1.236647,110.397303,0, ,0.0,0.0,0.0,0.0,2,6500,0,0,0,0,0,0

APPTR,R25-Z,25,KIKAK
IF,KIKAK,1.854247,110.797300, ,0.0,0.0,2,6500,0,0,0,0,1,0
TF,ENREX,1.566417,110.554447,0, ,0.0,0.0,0.0,0.0,2,3000,0,0,0,0,0,0
TF,GG523,1.533000,110.467783,0, ,0.0,0.0,0.0,0.0,2,1900,0,0,0,0,0,0
TF,PAVDA,1.510200,110.410383,0, ,0.0,0.0,0.0,0.0,1,900,0,0,0,0,0,0

APPTR,R25-Z,25,LUTMO
IF,LUTMO,1.734592,110.870133, ,0.0,0.0,2,9000,0,0,0,0,0,0
TF,IDSAG,1.598778,110.638256,0, ,0.0,0.0,0.0,0.0,2,4000,0,0,0,0,1,0
TF,ENREX,1.566417,110.554447,0, ,0.0,0.0,0.0,0.0,2,3000,0,0,0,0,0,0
TF,GG523,1.533000,110.467783,0, ,0.0,0.0,0.0,0.0,2,1900,0,0,0,0,0,0
TF,PAVDA,1.510200,110.410383,0, ,0.0,0.0,0.0,0.0,1,900,0,0,0,0,0,0

APPTR,R25-Z,25,MEXUM
IF,MEXUM,1.651497,110.283333, ,0.0,0.0,2,4500,0,0,0,0,1,0
TF,GG528,1.597017,110.411417,0, ,0.0,0.0,0.0,0.0,2,2000,0,1,220,0,0,0
RF,GG527,1.559764,110.439497,2,RGG11,209.6,2.8,2,1900,0,0,0,0,1,0
RF,PAVDA,1.510200,110.410383,2,RGG11,220.1,2.8,1,900,0,0,0,0,0,0

APPTR,R25-Z,25,PAPSA
IF,PAPSA,1.200000,110.141700, ,0.0,0.0,2,7000,0,0,0,0,1,0
TF,GG526,1.284353,110.257928,0, ,0.0,0.0,0.0,0.0,2,5300,0,0,0,0,0,0
TF,GG525,1.428661,110.454914,0, ,0.0,0.0,0.0,0.0,2,2700,0,1,220,0,1,0
RF,GG524,1.494011,110.465286,1,RGG12,285.6,2.8,2,1900,0,0,0,0,0,0
RF,PAVDA,1.510200,110.410383,1,RGG12,266.6,2.8,1,900,0,0,0,0,0,0

APPTR,R25-Z,25,RUPSU
IF,RUPSU,1.434494,108.747869, ,0.0,0.0,2,7000,0,0,0,0,0,0
TF,BEBOD,1.590833,110.273261,0, ,0.0,0.0,0.0,0.0,2,4500,0,0,0,0,1,0
TF,GG529,1.600556,110.389411,0, ,0.0,0.0,0.0,0.0,2,2000,0,1,220,0,0,0
RF,GG528,1.597017,110.411417,2,RGG11,142.2,2.8,2,2000,0,0,0,0,0,0
RF,GG527,1.559764,110.439497,2,RGG11,209.6,2.8,2,1900,0,0,0,0,1,0
RF,PAVDA,1.510200,110.410383,2,RGG11,282.7,2.8,1,900,0,0,0,0,0,0

APPTR,R25-Z,25,UKBAR
IF,UKBAR,1.911897,108.738522, ,0.0,0.0,2,7300,0,0,0,0,0,0
TF,GG530,1.666000,109.914533,0, ,0.0,0.0,0.0,0.0,2,7300,0,0,0,0,0,0
TF,BEBOD,1.590833,110.273261,0, ,0.0,0.0,0.0,0.0,2,4500,0,0,0,0,1,0
TF,GG529,1.600556,110.389411,0, ,0.0,0.0,0.0,0.0,2,2000,0,1,220,0,0,0
RF,GG528,1.597017,110.411417,2,RGG11,142.2,2.8,2,2000,0,0,0,0,0,0
RF,GG527,1.559764,110.439497,2,RGG11,209.6,2.8,2,1900,0,0,0,0,1,0
RF,PAVDA,1.510200,110.410383,2,RGG11,359.2,2.8,1,900,0,0,0,0,0,0

FINAL,R25-Z,25,R,2
IF,PAVDA,1.510200,110.410383, ,0.0,0.0,1,900,0,0,0,0,2,0
TF,RW25,1.493561,110.368503,0, ,0.0,0.0,248.0,2.7,1,96,0,0,0,0,3,1
TF,GG521,1.467728,110.303486,0, ,0.0,0.0,0.0,0.0,0,0,0,0,0,0,0,0
RF,GG522,1.550608,110.241986,2,RGG13,37.1,3.2,0,0,0,1,230,0,0,0
TF,BEBOD,1.590833,110.273261,0, ,0.0,0.0,0.0,0.0,2,4500,0,0,0,0,0,0

