SID,ANIT1J,04,5
CF,AKDES,1.228333,104.213611,0,BTM,41.6,7.0,41.0,8.0,0,0,0,0,0,0,0,0
TF,AKTUT,1.161944,104.306389,0, ,0.0,0.0,0.0,0.0,0,0,0,0,0,0,0,0
TF,RULSU,1.106944,104.382778,0, ,0.0,0.0,0.0,0.0,4,6000,4000,0,0,0,0,0
TF,UGSUS,1.021667,104.484167,0, ,0.0,0.0,0.0,0.0,0,0,0,0,0,0,0,0
TF,VASTI,0.722222,104.568333,0, ,0.0,0.0,0.0,0.0,0,0,0,0,0,0,0,0
TF,VIRET,0.661111,104.586389,0, ,0.0,0.0,0.0,0.0,0,0,0,0,0,0,0,0
TF,GURES,0.470556,104.643056,0, ,0.0,0.0,0.0,0.0,3,10000,0,0,0,0,0,0
TF,IKIRO,0.146944,104.738889,0, ,0.0,0.0,0.0,0.0,0,0,0,0,0,0,0,0
TF,ANITO,-0.283333,104.866667,0, ,0.0,0.0,0.0,0.0,0,0,0,0,0,0,0,0

SID,ANIT1M,22,5
CF,ASOMI,1.028333,104.035278,0,BTM,222.1,9.1,222.0,7.0,0,0,0,0,0,0,0,0
TF,IDKIV,0.947778,104.225833,1, ,0.0,0.0,0.0,0.0,3,4000,0,0,0,0,0,0
TF,TORIT,0.817778,104.434444,0, ,0.0,0.0,0.0,0.0,3,5000,0,0,0,0,0,0
TF,VASTI,0.722222,104.568333,0, ,0.0,0.0,0.0,0.0,0,0,0,0,0,0,0,0
TF,VIRET,0.661111,104.586389,0, ,0.0,0.0,0.0,0.0,0,0,0,0,0,0,0,0
TF,GURES,0.470556,104.643056,0, ,0.0,0.0,0.0,0.0,3,10000,0,0,0,0,0,0
TF,IKIRO,0.146944,104.738889,0, ,0.0,0.0,0.0,0.0,0,0,0,0,0,0,0,0
TF,ANITO,-0.283333,104.866667,0, ,0.0,0.0,0.0,0.0,0,0,0,0,0,0,0,0

SID,DODS1J,04,5
CF,AKDES,1.228333,104.213611,0,BTM,41.6,7.0,41.0,8.0,0,0,0,0,0,0,0,0
TF,KANVO,1.276944,104.505000,0, ,0.0,0.0,0.0,0.0,3,6000,0,0,0,0,0,0
TF,VEBMA,1.341667,104.892222,0, ,0.0,0.0,0.0,0.0,0,0,0,0,0,0,0,0
TF,TOMAN,1.363056,105.788056,0, ,0.0,0.0,0.0,0.0,0,0,0,0,0,0,0,0
TF,DODSO,1.373611,106.233889,0, ,0.0,0.0,0.0,0.0,0,0,0,0,0,0,0,0

SID,DODS1M,22,5
CF,ASOMI,1.028333,104.035278,0,BTM,222.1,9.1,222.0,7.0,0,0,0,0,0,0,0,0
TF,IDKIV,0.947778,104.225833,1, ,0.0,0.0,0.0,0.0,3,4000,0,0,0,0,0,0
TF,GIXEM,0.822222,104.427500,0, ,0.0,0.0,0.0,0.0,3,5000,0,0,0,0,0,0
TF,LEMIV,1.082778,104.630556,0, ,0.0,0.0,0.0,0.0,0,0,0,0,0,0,0,0
TF,DOTUD,1.221111,104.770556,0, ,0.0,0.0,0.0,0.0,3,9000,0,0,0,0,0,0
TF,VEBMA,1.341667,104.892222,0, ,0.0,0.0,0.0,0.0,0,0,0,0,0,0,0,0
TF,TOMAN,1.363056,105.788056,0, ,0.0,0.0,0.0,0.0,0,0,0,0,0,0,0,0
TF,DODSO,1.373611,106.233889,0, ,0.0,0.0,0.0,0.0,0,0,0,0,0,0,0,0

SID,ENPU1J,04,5
CF,AKDES,1.228333,104.213611,0,BTM,41.6,7.0,41.0,8.0,0,0,0,0,0,0,0,0
TF,AKTUT,1.161944,104.306389,0, ,0.0,0.0,0.0,0.0,0,0,0,0,0,0,0,0
TF,RULSU,1.106944,104.382778,0, ,0.0,0.0,0.0,0.0,4,6000,4000,0,0,0,0,0
TF,UGSUS,1.021667,104.484167,0, ,0.0,0.0,0.0,0.0,0,0,0,0,0,0,0,0
TF,VASTI,0.722222,104.568333,0, ,0.0,0.0,0.0,0.0,0,0,0,0,0,0,0,0
TF,VIRET,0.661111,104.586389,0, ,0.0,0.0,0.0,0.0,0,0,0,0,0,0,0,0
TF,GURES,0.470556,104.643056,0, ,0.0,0.0,0.0,0.0,3,10000,0,0,0,0,0,0
TF,IKIRO,0.146944,104.738889,0, ,0.0,0.0,0.0,0.0,0,0,0,0,0,0,0,0
TF,ENPUX,-0.483056,104.576111,0, ,0.0,0.0,0.0,0.0,0,0,0,0,0,0,0,0

SID,ENPU1M,22,5
CF,ASOMI,1.028333,104.035278,0,BTM,222.1,9.1,222.0,7.0,0,0,0,0,0,0,0,0
TF,IDKIV,0.947778,104.225833,1, ,0.0,0.0,0.0,0.0,3,4000,0,0,0,0,0,0
TF,TORIT,0.817778,104.434444,0, ,0.0,0.0,0.0,0.0,3,5000,0,0,0,0,0,0
TF,VASTI,0.722222,104.568333,0, ,0.0,0.0,0.0,0.0,0,0,0,0,0,0,0,0
TF,VIRET,0.661111,104.586389,0, ,0.0,0.0,0.0,0.0,0,0,0,0,0,0,0,0
TF,GURES,0.470556,104.643056,0, ,0.0,0.0,0.0,0.0,3,10000,0,0,0,0,0,0
TF,IKIRO,0.146944,104.738889,0, ,0.0,0.0,0.0,0.0,0,0,0,0,0,0,0,0
TF,ENPUX,-0.483056,104.576111,0, ,0.0,0.0,0.0,0.0,0,0,0,0,0,0,0,0

SID,IDBU1J,04,5
CF,AKDES,1.228333,104.213611,0,BTM,41.6,7.0,41.0,8.0,0,0,0,0,0,0,0,0
TF,AKTUT,1.161944,104.306389,0, ,0.0,0.0,0.0,0.0,0,0,0,0,0,0,0,0
TF,RULSU,1.106944,104.382778,0, ,0.0,0.0,0.0,0.0,4,6000,4000,0,0,0,0,0
TF,UGSUS,1.021667,104.484167,0, ,0.0,0.0,0.0,0.0,0,0,0,0,0,0,0,0
TF,VASTI,0.722222,104.568333,0, ,0.0,0.0,0.0,0.0,0,0,0,0,0,0,0,0
TF,VIRET,0.661111,104.586389,0, ,0.0,0.0,0.0,0.0,0,0,0,0,0,0,0,0
TF,GURES,0.470556,104.643056,0, ,0.0,0.0,0.0,0.0,3,10000,0,0,0,0,0,0
TF,IDBUD,0.248333,105.027500,0, ,0.0,0.0,0.0,0.0,0,0,0,0,0,0,0,0

SID,IDBU1M,22,5
CF,ASOMI,1.028333,104.035278,0,BTM,222.1,9.1,222.0,7.0,0,0,0,0,0,0,0,0
TF,IDKIV,0.947778,104.225833,1, ,0.0,0.0,0.0,0.0,3,4000,0,0,0,0,0,0
TF,TORIT,0.817778,104.434444,0, ,0.0,0.0,0.0,0.0,3,5000,0,0,0,0,0,0
TF,VASTI,0.722222,104.568333,0, ,0.0,0.0,0.0,0.0,0,0,0,0,0,0,0,0
TF,VIRET,0.661111,104.586389,0, ,0.0,0.0,0.0,0.0,0,0,0,0,0,0,0,0
TF,GURES,0.470556,104.643056,0, ,0.0,0.0,0.0,0.0,3,10000,0,0,0,0,0,0
TF,IDBUD,0.248333,105.027500,0, ,0.0,0.0,0.0,0.0,0,0,0,0,0,0,0,0

SID,KIRD1J,04,5
CF,AKDES,1.228333,104.213611,0,BTM,41.6,7.0,41.0,8.0,0,0,0,0,0,0,0,0
TF,AKTUT,1.161944,104.306389,0, ,0.0,0.0,0.0,0.0,0,0,0,0,0,0,0,0
TF,RULSU,1.106944,104.382778,0, ,0.0,0.0,0.0,0.0,4,6000,4000,0,0,0,0,0
TF,UGSUS,1.021667,104.484167,0, ,0.0,0.0,0.0,0.0,0,0,0,0,0,0,0,0
TF,VASTI,0.722222,104.568333,0, ,0.0,0.0,0.0,0.0,0,0,0,0,0,0,0,0
TF,VIRET,0.661111,104.586389,0, ,0.0,0.0,0.0,0.0,0,0,0,0,0,0,0,0
TF,GURES,0.470556,104.643056,0, ,0.0,0.0,0.0,0.0,3,10000,0,0,0,0,0,0
TF,IKIRO,0.146944,104.738889,0, ,0.0,0.0,0.0,0.0,0,0,0,0,0,0,0,0
TF,KIRDA,0.002500,104.992778,0, ,0.0,0.0,0.0,0.0,0,0,0,0,0,0,0,0

SID,KIRD1M,22,5
CF,ASOMI,1.028333,104.035278,0,BTM,222.1,9.1,222.0,7.0,0,0,0,0,0,0,0,0
TF,IDKIV,0.947778,104.225833,1, ,0.0,0.0,0.0,0.0,3,4000,0,0,0,0,0,0
TF,TORIT,0.817778,104.434444,0, ,0.0,0.0,0.0,0.0,3,5000,0,0,0,0,0,0
TF,VASTI,0.722222,104.568333,0, ,0.0,0.0,0.0,0.0,0,0,0,0,0,0,0,0
TF,VIRET,0.661111,104.586389,0, ,0.0,0.0,0.0,0.0,0,0,0,0,0,0,0,0
TF,GURES,0.470556,104.643056,0, ,0.0,0.0,0.0,0.0,3,10000,0,0,0,0,0,0
TF,IKIRO,0.146944,104.738889,0, ,0.0,0.0,0.0,0.0,0,0,0,0,0,0,0,0
TF,KIRDA,0.002500,104.992778,0, ,0.0,0.0,0.0,0.0,0,0,0,0,0,0,0,0

SID,MIBE1J,04,5
CF,AKDES,1.228333,104.213611,0,BTM,41.6,7.0,41.0,8.0,0,0,0,1,250,0,0,0
TF,AKTUT,1.161944,104.306389,0, ,0.0,0.0,0.0,0.0,0,0,0,1,250,0,0,0
TF,IGOSI,0.945833,104.112222,2, ,0.0,0.0,0.0,0.0,2,4000,0,1,250,0,0,0
TF,ASITI,0.818333,103.845000,0, ,0.0,0.0,0.0,0.0,3,6000,0,0,0,0,0,0
TF,VIBOG,0.719444,103.717222,0, ,0.0,0.0,0.0,0.0,0,0,0,0,0,0,0,0
TF,ISGIL,0.712778,103.215833,0, ,0.0,0.0,0.0,0.0,4,16000,14000,0,0,0,0,0
TF,BISOV,0.708056,102.870556,0, ,0.0,0.0,0.0,0.0,0,0,0,0,0,0,0,0
TF,MIBEL,1.397500,102.137778,0, ,0.0,0.0,0.0,0.0,0,0,0,0,0,0,0,0

SID,MIBE1M,22,5
CF,ASOMI,1.028333,104.035278,0,BTM,222.1,9.1,222.0,7.0,0,0,0,0,0,0,0,0
TF,ASITI,0.818333,103.845000,0, ,0.0,0.0,0.0,0.0,3,6000,0,0,0,0,0,0
TF,VIBOG,0.719444,103.717222,0, ,0.0,0.0,0.0,0.0,0,0,0,0,0,0,0,0
TF,ISGIL,0.712778,103.215833,0, ,0.0,0.0,0.0,0.0,4,16000,14000,0,0,0,0,0
TF,BISOV,0.708056,102.870556,0, ,0.0,0.0,0.0,0.0,0,0,0,0,0,0,0,0
TF,MIBEL,1.397500,102.137778,0, ,0.0,0.0,0.0,0.0,0,0,0,0,0,0,0,0

SID,TARO1J,04,5
CF,AKDES,1.228333,104.213611,0,BTM,41.6,7.0,41.0,8.0,0,0,0,1,250,0,0,0
TF,AKTUT,1.161944,104.306389,0, ,0.0,0.0,0.0,0.0,0,0,0,1,250,0,0,0
TF,IGOSI,0.945833,104.112222,2, ,0.0,0.0,0.0,0.0,2,4000,0,1,250,0,0,0
TF,ASITI,0.818333,103.845000,0, ,0.0,0.0,0.0,0.0,3,6000,0,0,0,0,0,0
TF,VIBOG,0.719444,103.717222,0, ,0.0,0.0,0.0,0.0,0,0,0,0,0,0,0,0
TF,ISGIL,0.712778,103.215833,0, ,0.0,0.0,0.0,0.0,4,16000,14000,0,0,0,0,0
TF,BISOV,0.708056,102.870556,0, ,0.0,0.0,0.0,0.0,0,0,0,0,0,0,0,0
TF,TAROS,0.700000,102.270000,0, ,0.0,0.0,0.0,0.0,0,0,0,0,0,0,0,0

SID,TARO1M,22,5
CF,ASOMI,1.028333,104.035278,0,BTM,222.1,9.1,222.0,7.0,0,0,0,0,0,0,0,0
TF,ASITI,0.818333,103.845000,0, ,0.0,0.0,0.0,0.0,3,6000,0,0,0,0,0,0
TF,VIBOG,0.719444,103.717222,0, ,0.0,0.0,0.0,0.0,0,0,0,0,0,0,0,0
TF,ISGIL,0.712778,103.215833,0, ,0.0,0.0,0.0,0.0,4,16000,14000,0,0,0,0,0
TF,BISOV,0.708056,102.870556,0, ,0.0,0.0,0.0,0.0,0,0,0,0,0,0,0,0
TF,TAROS,0.700000,102.270000,0, ,0.0,0.0,0.0,0.0,0,0,0,0,0,0,0,0

SID,TOMA1J,04,5
CF,AKDES,1.228333,104.213611,0,BTM,41.6,7.0,41.0,8.0,0,0,0,0,0,0,0,0
TF,KANVO,1.276944,104.505000,0, ,0.0,0.0,0.0,0.0,3,6000,0,0,0,0,0,0
TF,VEBMA,1.341667,104.892222,0, ,0.0,0.0,0.0,0.0,0,0,0,0,0,0,0,0
TF,TOMAN,1.363056,105.788056,0, ,0.0,0.0,0.0,0.0,0,0,0,0,0,0,0,0

SID,TOMA1M,22,5
CF,ASOMI,1.028333,104.035278,0,BTM,222.1,9.1,222.0,7.0,0,0,0,0,0,0,0,0
TF,IDKIV,0.947778,104.225833,1, ,0.0,0.0,0.0,0.0,3,4000,0,0,0,0,0,0
TF,GIXEM,0.822222,104.427500,0, ,0.0,0.0,0.0,0.0,3,5000,0,0,0,0,0,0
TF,LEMIV,1.082778,104.630556,0, ,0.0,0.0,0.0,0.0,0,0,0,0,0,0,0,0
TF,DOTUD,1.221111,104.770556,0, ,0.0,0.0,0.0,0.0,3,9000,0,0,0,0,0,0
TF,VEBMA,1.341667,104.892222,0, ,0.0,0.0,0.0,0.0,0,0,0,0,0,0,0,0
TF,TOMAN,1.363056,105.788056,0, ,0.0,0.0,0.0,0.0,0,0,0,0,0,0,0,0

SID,TUSN1J,04,5
CF,AKDES,1.228333,104.213611,0,BTM,41.6,7.0,41.0,8.0,0,0,0,1,250,0,0,0
TF,AKTUT,1.161944,104.306389,0, ,0.0,0.0,0.0,0.0,0,0,0,1,250,0,0,0
TF,IGOSI,0.945833,104.112222,2, ,0.0,0.0,0.0,0.0,2,4000,0,1,250,0,0,0
TF,ASITI,0.818333,103.845000,0, ,0.0,0.0,0.0,0.0,3,6000,0,0,0,0,0,0
TF,VIBOG,0.719444,103.717222,0, ,0.0,0.0,0.0,0.0,0,0,0,0,0,0,0,0
TF,ISGIL,0.712778,103.215833,0, ,0.0,0.0,0.0,0.0,4,16000,14000,0,0,0,0,0
TF,BISOV,0.708056,102.870556,0, ,0.0,0.0,0.0,0.0,0,0,0,0,0,0,0,0
TF,TUSNU,0.567500,102.352500,0, ,0.0,0.0,0.0,0.0,0,0,0,0,0,0,0,0

SID,TUSN1M,22,5
CF,ASOMI,1.028333,104.035278,0,BTM,222.1,9.1,222.0,7.0,0,0,0,0,0,0,0,0
TF,ASITI,0.818333,103.845000,0, ,0.0,0.0,0.0,0.0,3,6000,0,0,0,0,0,0
TF,VIBOG,0.719444,103.717222,0, ,0.0,0.0,0.0,0.0,0,0,0,0,0,0,0,0
TF,ISGIL,0.712778,103.215833,0, ,0.0,0.0,0.0,0.0,4,16000,14000,0,0,0,0,0
TF,BISOV,0.708056,102.870556,0, ,0.0,0.0,0.0,0.0,0,0,0,0,0,0,0,0
TF,TUSNU,0.567500,102.352500,0, ,0.0,0.0,0.0,0.0,0,0,0,0,0,0,0,0

STAR,GUNA1P,ALL,5
IF,GUNAN,1.288333,103.143611, ,0.0,0.0,0,0,0,0,0,0,0,0
TF,ASUNA,0.996667,103.165000,0, ,0.0,0.0,0.0,0.0,0,0,0,0,0,0,0,0
TF,IBOXA,0.631667,103.376111,0, ,0.0,0.0,0.0,0.0,2,17000,0,0,0,0,0,0
TF,ASODU,0.501944,103.451111,0, ,0.0,0.0,0.0,0.0,0,0,0,0,0,0,0,0
TF,AKBIG,0.473611,103.925833,0, ,0.0,0.0,0.0,0.0,0,0,0,0,0,0,0,0
TF,TUSPI,0.550333,104.166444,0, ,0.0,0.0,0.0,0.0,2,6000,0,0,0,0,0,0

STAR,IGUT1P,ALL,5
IF,IGUTU,-0.225278,104.315833, ,0.0,0.0,0,0,0,0,0,0,0,0
TF,TUSPI,0.550333,104.166444,0, ,0.0,0.0,0.0,0.0,2,6000,0,0,0,0,0,0

STAR,MIBE1P,ALL,5
IF,MIBEL,1.397500,102.137778, ,0.0,0.0,0,0,0,0,0,0,0,0
TF,ASUNA,0.996667,103.165000,0, ,0.0,0.0,0.0,0.0,0,0,0,0,0,0,0,0
TF,IBOXA,0.631667,103.376111,0, ,0.0,0.0,0.0,0.0,2,17000,0,0,0,0,0,0
TF,ASODU,0.501944,103.451111,0, ,0.0,0.0,0.0,0.0,0,0,0,0,0,0,0,0
TF,AKBIG,0.473611,103.925833,0, ,0.0,0.0,0.0,0.0,0,0,0,0,0,0,0,0
TF,TUSPI,0.550333,104.166444,0, ,0.0,0.0,0.0,0.0,2,6000,0,0,0,0,0,0

STAR,TOMA1P,ALL,5
IF,TOMAN,1.363056,105.788056, ,0.0,0.0,0,0,0,0,0,0,0,0
TF,KARTO,1.190000,105.561944,0, ,0.0,0.0,0.0,0.0,0,0,0,0,0,0,0,0
TF,GUNUD,1.178333,105.105000,0, ,0.0,0.0,0.0,0.0,0,0,0,0,0,0,0,0
TF,SANUX,0.594444,104.797778,0, ,0.0,0.0,0.0,0.0,3,15000,0,0,0,0,0,0
TF,OMLED,0.574722,104.515556,0, ,0.0,0.0,0.0,0.0,2,11000,0,0,0,0,0,0
TF,TUSPI,0.550333,104.166444,0, ,0.0,0.0,0.0,0.0,2,6000,0,0,0,0,0,0

STAR,TUSN1P,ALL,5
IF,TUSNU,0.567500,102.352500, ,0.0,0.0,0,0,0,0,0,0,0,0
TF,ASODU,0.501944,103.451111,0, ,0.0,0.0,0.0,0.0,0,0,0,0,0,0,0,0
TF,AKBIG,0.473611,103.925833,0, ,0.0,0.0,0.0,0.0,0,0,0,0,0,0,0,0
TF,TUSPI,0.550333,104.166444,0, ,0.0,0.0,0.0,0.0,2,6000,0,0,0,0,0,0

STAR,UGEB1P,ALL,5
IF,UGEBO,0.636944,105.408889, ,0.0,0.0,0,0,0,0,0,0,0,0
TF,SANUX,0.594444,104.797778,0, ,0.0,0.0,0.0,0.0,3,15000,0,0,0,0,0,0
TF,OMLED,0.574722,104.515556,0, ,0.0,0.0,0.0,0.0,2,11000,0,0,0,0,0,0
TF,TUSPI,0.550333,104.166444,0, ,0.0,0.0,0.0,0.0,2,6000,0,0,0,0,0,0

APPTR,I04,04,TUSPI
IF,TUSPI,0.550333,104.166444, ,0.0,0.0,2,6000,0,0,0,0,1,0
TF,TUNRO,0.689167,104.140278,0, ,0.0,0.0,0.0,0.0,0,0,0,0,0,0,0,0
TF,BUTGI,0.783806,104.123889,0, ,0.0,0.0,0.0,0.0,2,3000,0,0,0,0,0,0
TF,LEBET,0.978417,103.993083,0,IBTM,0.0,0.0,0.0,0.0,2,2300,0,1,210,0,1,0

FINAL,I04,04,I,3
IF,LEBET,0.978417,103.993083,IBTM,221.6,12.6,2,2300,0,1,210,0,0,0
CF,FI04,1.047411,104.054036,0,IBTM,221.6,7.1,41.0,5.5,1,1700,0,0,0,0,2,0
CF,RW04,1.107347,104.106794,0,IBTM,221.6,2.3,41.0,4.8,1,173,0,0,0,0,3,0
CA,0,41.0,2,1000,0,0,0,0,0,0
DF,TUNRO,0.689167,104.140278,2, ,0.0,0.0,2,2000,0,0,0,0,0,0
HM,TUNRO,0.689167,104.140278,2, ,0.0,0.0,350.0,04.3,2,2000,0,0,0,0,0,0,0

APPTR,R04,04,TUSPI
IF,TUSPI,0.550333,104.166444, ,0.0,0.0,2,6000,0,0,0,0,1,0
TF,TUNRO,0.689167,104.140278,0, ,0.0,0.0,0.0,0.0,0,0,0,0,0,0,0,0
TF,BUTGI,0.783806,104.123889,0, ,0.0,0.0,0.0,0.0,2,3000,0,0,0,0,0,0
TF,LEBET,0.978417,103.993083,0, ,0.0,0.0,0.0,0.0,2,2300,0,1,210,0,1,0

FINAL,R04,04,R,3
IF,LEBET,0.978417,103.993083, ,0.0,0.0,2,2300,0,1,210,0,0,0
TF,DOVTU,1.045194,104.051944,0, ,0.0,0.0,41.0,5.3,2,1700,0,0,0,0,2,0
TF,RW04,1.107347,104.106794,0, ,0.0,0.0,41.0,5.0,1,173,0,0,0,0,3,1
CA,0,41.0,2,1000,0,0,0,0,0,0
DF,TUNRO,0.689167,104.140278,2, ,0.0,0.0,2,2000,0,0,0,0,0,0
HM,TUNRO,0.689167,104.140278,2, ,0.0,0.0,350.0,04.3,2,2000,0,0,0,0,0,0,0

APPTR,R22,22,TUSPI
IF,TUSPI,0.550333,104.166444, ,0.0,0.0,2,10000,0,0,0,0,1,0
TF,TUNRO,0.689167,104.140278,0, ,0.0,0.0,0.0,0.0,2,9000,0,0,0,0,0,0
TF,BUTGI,0.783806,104.123889,0, ,0.0,0.0,0.0,0.0,3,8000,0,0,0,0,0,0
TF,VETEB,0.919861,104.163278,0, ,0.0,0.0,0.0,0.0,1,5000,0,0,0,0,0,0
TF,IRNAR,1.047167,104.200028,0, ,0.0,0.0,0.0,0.0,0,0,0,0,0,0,0,0
TF,ENLAV,1.195000,104.326111,0, ,0.0,0.0,0.0,0.0,2,3000,0,1,210,0,0,0
TF,RIVGI,1.265750,104.246556,0, ,0.0,0.0,0.0,0.0,2,2500,0,1,210,0,1,0

FINAL,R22,22,R,3
IF,RIVGI,1.265750,104.246556, ,0.0,0.0,2,2500,0,1,210,0,0,0
TF,TUPMI,1.199000,104.187667,0, ,0.0,0.0,221.0,5.3,2,1700,0,0,0,0,2,0
TF,RW22,1.134569,104.130808,0, ,0.0,0.0,221.0,5.1,1,117,0,0,0,0,3,1
CA,0,221.0,2,1000,0,0,0,0,0,0
DF,BUTGI,0.783806,104.123889,0, ,0.0,0.0,0,0,0,0,0,0,0,0
TF,TUNRO,0.689167,104.140278,0, ,0.0,0.0,0.0,0.0,2,2000,0,0,0,0,0,0

APPTR,S04,04,TUSPI
IF,TUSPI,0.550333,104.166444, ,0.0,0.0,2,6000,0,0,0,0,1,0
TF,TUNRO,0.689167,104.140278,0, ,0.0,0.0,0.0,0.0,0,0,0,0,0,0,0,0
TF,BUTGI,0.783806,104.123889,0, ,0.0,0.0,0.0,0.0,2,3000,0,0,0,0,0,0
TF,LEBET,0.978417,103.993083,0, ,0.0,0.0,0.0,0.0,2,2300,0,1,210,0,1,0

FINAL,S04,04,D,3
IF,LEBET,0.978417,103.993083,BTM,221.6,13.0,2,2300,0,1,210,0,0,0
CF,FF04,1.047417,104.054028,0,BTM,221.6,7.5,41.0,5.5,2,1700,0,0,0,0,2,0
CF,RW04,1.107347,104.106794,0,BTM,221.6,2.7,41.0,4.8,1,173,0,0,0,0,3,0
CA,0,41.0,2,1000,0,0,0,0,0,0
DF,TUNRO,0.689167,104.140278,2, ,0.0,0.0,2,2000,0,0,0,0,0,0
HM,TUNRO,0.689167,104.140278,2, ,0.0,0.0,350.0,04.3,2,2000,0,0,0,0,0,0,0

APPTR,S22,22,TUSPI
IF,TUSPI,0.550333,104.166444, ,0.0,0.0,2,10000,0,0,0,0,1,0
TF,TUNRO,0.689167,104.140278,0, ,0.0,0.0,0.0,0.0,2,9000,0,0,0,0,0,0
TF,BUTGI,0.783806,104.123889,0, ,0.0,0.0,0.0,0.0,3,8000,0,0,0,0,0,0
TF,VETEB,0.919861,104.163278,0, ,0.0,0.0,0.0,0.0,1,5000,0,0,0,0,0,0
TF,IRNAR,1.047167,104.200028,0, ,0.0,0.0,0.0,0.0,0,0,0,0,0,0,0,0
TF,ENLAV,1.195000,104.326111,0, ,0.0,0.0,0.0,0.0,2,3000,0,1,210,0,0,0
TF,RIVGI,1.265750,104.246556,0, ,0.0,0.0,0.0,0.0,2,2500,0,1,210,0,1,0

FINAL,S22,22,D,3
IF,RIVGI,1.265750,104.246556,BTM,41.6,9.9,2,2500,0,1,210,0,0,0
CF,FF22,1.196869,104.185769,0,BTM,41.6,4.4,221.0,5.5,2,1700,0,0,0,0,2,0
CF,BTM,1.141333,104.136778,0,BTM,0.0,0.0,221.0,4.4,1,290,0,0,0,0,3,0
CA,0,221.0,2,1000,0,0,0,0,0,0
DF,BUTGI,0.783806,104.123889,0, ,0.0,0.0,0,0,0,0,0,0,0,0
TF,TUNRO,0.689167,104.140278,0, ,0.0,0.0,0.0,0.0,2,2000,0,0,0,0,0,0
HM,TUNRO,0.689167,104.140278,2, ,0.0,0.0,350.0,04.3,2,2000,0,0,0,0,0,0,0

