SID,SURG1C,36,5
CF,UBDUR,3.412222,106.259722,0,NTA,256.0,131.7,1.0,4.0,0,0,0,0,0,0,0,0
TF,AGTUM,3.415000,106.143056,0, ,0.0,0.0,0.0,0.0,3,2000,0,0,0,0,0,0
TF,BUSNU,3.105278,106.135833,0, ,0.0,0.0,0.0,0.0,0,0,0,0,0,0,0,0
TF,GOGUP,2.854167,106.228056,0, ,0.0,0.0,0.0,0.0,3,10000,0,0,0,0,0,0
TF,SURGA,-0.615833,106.521944,0, ,0.0,0.0,0.0,0.0,0,0,0,0,0,0,0,0

STAR,KIKO1A,18,5
IF,KIKOR,-0.378889,107.090000, ,0.0,0.0,0,0,0,0,0,0,0,0
TF,OMBAP,2.521111,106.545000,0, ,0.0,0.0,0.0,0.0,0,0,0,0,0,0,0,0
TF,TAXOM,2.891944,106.449444,0, ,0.0,0.0,0.0,0.0,2,13000,0,0,0,0,0,0
TF,SEKDU,3.540278,106.379444,0, ,0.0,0.0,0.0,0.0,0,0,0,0,0,0,0,0
TF,UBMAR,3.543167,106.262778,0, ,0.0,0.0,0.0,0.0,2,3000,0,0,0,0,0,0

APPTR,R18-Z,18,UBMAR
IF,UBMAR,3.543167,106.262778, ,0.0,0.0,2,3000,0,0,0,0,1,0
TF,DM502,3.492944,106.261583,0, ,0.0,0.0,0.0,0.0,2,2200,0,0,0,0,1,0

FINAL,R18-Z,18,R,3
IF,DM502,3.492944,106.261583, ,0.0,0.0,2,2200,0,0,0,0,0,0
TF,DM501,3.442722,106.260417,0, ,0.0,0.0,181.0,3.0,2,1700,0,0,0,0,2,0
TF,RW18,3.353464,106.258081,0, ,0.0,0.0,181.0,5.3,1,60,0,0,0,0,3,1
CA,0,181.0,2,2000,0,0,0,0,0,0
DF,UBMAR,3.543167,106.262778,1, ,0.0,0.0,2,3000,0,0,0,0,0,0
HM,UBMAR,3.543167,106.262778,2, ,0.0,0.0,181.0,04.3,2,3000,0,0,0,0,0,0,0

