APPTR,R09,09,TUVRU
IF,TUVRU,1.062861,103.219139, ,0.0,0.0,2,2000,0,0,0,0,1,0
TF,DT501,1.060944,103.252361,0, ,0.0,0.0,0.0,0.0,2,2000,0,0,0,0,1,0

FINAL,R09,09,R,3
IF,DT501,1.060944,103.252361, ,0.0,0.0,2,2000,0,0,0,0,0,0
TF,DT502,1.057583,103.310500,0, ,0.0,0.0,93.0,3.5,2,1500,0,0,0,0,2,0
TF,RW09,1.053264,103.385256,0, ,0.0,0.0,93.0,4.5,1,64,0,0,0,0,3,1
DF,TUVRU,1.062861,103.219139,2, ,0.0,0.0,2,2000,0,0,0,0,0,0
HM,TUVRU,1.062861,103.219139,2, ,0.0,0.0,93.0,04.3,2,2000,0,0,0,0,0,0,0

APPTR,R27,27,GOMUK
IF,GOMUK,0.960639,103.392583, ,0.0,0.0,2,2000,0,0,0,0,1,0
TF,DT701,0.951028,103.558694,0, ,0.0,0.0,0.0,0.0,2,2000,0,0,0,0,0,0
TF,DT702,1.042944,103.563944,0, ,0.0,0.0,0.0,0.0,2,2000,0,0,0,0,1,0

FINAL,R27,27,R,3
IF,DT702,1.042944,103.563944, ,0.0,0.0,2,2000,0,0,0,0,0,0
TF,DT703,1.047750,103.480861,0, ,0.0,0.0,273.0,5.0,2,1600,0,0,0,0,2,0
TF,RW27,1.052539,103.397811,0, ,0.0,0.0,273.0,5.0,1,62,0,0,0,0,3,1
CA,0,273.0,2,1500,0,0,0,0,0,0
DF,GOMUK,0.960639,103.392583,1, ,0.0,0.0,2,2000,0,0,0,0,0,0
HM,GOMUK,0.960639,103.392583,2, ,0.0,0.0,93.0,04.3,2,2000,0,0,0,0,0,0,0

