SID,ABAS2A,07L,5
VA,0,68.0,2,1000,0,0,0,0,0,0
DF,ESTIA,-5.961389,106.828333,0, ,0.0,0.0,3,5000,0,0,0,0,0,0
TF,ANDIS,-5.711533,106.988906,0, ,0.0,0.0,0.0,0.0,3,12000,0,0,0,0,0,0
TF,SUBUR,-5.468056,107.145278,0, ,0.0,0.0,0.0,0.0,3,17000,0,0,0,0,0,0
TF,ABASA,-4.947778,107.261111,0, ,0.0,0.0,0.0,0.0,3,25000,0,0,0,0,0,0

SID,ABAS2B,07R,5
CF,POROX,-6.105667,106.736194,0,HLM,316.8,13.4,68.0,4.0,2,1000,0,0,0,0,0,0
TF,OMDAV,-6.098056,107.040000,0, ,0.0,0.0,0.0,0.0,2,5000,0,0,0,0,0,0
TF,TATIK,-6.098056,107.179167,0, ,0.0,0.0,0.0,0.0,3,7000,0,0,0,0,0,0
TF,AZIZA,-5.918611,107.170000,1, ,0.0,0.0,0.0,0.0,0,0,0,0,0,0,0,0
TF,INDAH,-5.752778,107.160833,0, ,0.0,0.0,0.0,0.0,2,14000,0,0,0,0,0,0
TF,SUBUR,-5.468056,107.145278,0, ,0.0,0.0,0.0,0.0,3,18500,0,0,0,0,0,0
TF,ABASA,-4.947778,107.261111,0, ,0.0,0.0,0.0,0.0,3,26000,0,0,0,0,0,0

SID,ABAS2C,25L,5
CF,BEMLO,-6.198333,106.503611,0,HLM,279.9,23.3,248.0,9.0,2,3000,0,1,220,0,0,0
TF,OLPIK,-6.291667,106.541111,0, ,0.0,0.0,0.0,0.0,2,5000,0,1,220,0,0,0
TF,ATOTO,-6.180000,106.697778,1, ,0.0,0.0,0.0,0.0,2,9000,0,1,220,0,0,0
TF,LEMAG,-6.105556,106.801667,0, ,0.0,0.0,0.0,0.0,2,11000,0,0,0,0,0,0
TF,RATIH,-5.922500,107.005556,0, ,0.0,0.0,0.0,0.0,2,15000,0,0,0,0,0,0
TF,IDRIN,-5.665556,107.101111,0, ,0.0,0.0,0.0,0.0,2,19000,0,0,0,0,0,0
TF,SUBUR,-5.468056,107.145278,0, ,0.0,0.0,0.0,0.0,2,22000,0,0,0,0,0,0
TF,ABASA,-4.947778,107.261111,0, ,0.0,0.0,0.0,0.0,0,0,0,0,0,0,0,0

SID,ABAS2D,25R,5
VA,0,248.0,2,1000,0,0,0,0,0,0
DF,UBNAV,-6.079722,106.484444,0, ,0.0,0.0,0,0,0,0,0,0,0,0
TF,AJUNA,-6.008333,106.515556,2, ,0.0,0.0,0.0,0.0,2,4000,0,0,0,0,0,0
TF,RUNOV,-5.963333,106.837222,0, ,0.0,0.0,0.0,0.0,1,9000,0,0,0,0,0,0
TF,RATIH,-5.922500,107.005556,0, ,0.0,0.0,0.0,0.0,1,12000,0,0,0,0,0,0
TF,IDRIN,-5.665556,107.101111,0, ,0.0,0.0,0.0,0.0,1,17000,0,0,0,0,0,0
TF,SUBUR,-5.468056,107.145278,0, ,0.0,0.0,0.0,0.0,1,20000,0,0,0,0,0,0
TF,NUPTU,-5.238611,107.196389,0, ,0.0,0.0,0.0,0.0,1,23000,0,0,0,0,0,0
TF,ABASA,-4.947778,107.261111,0, ,0.0,0.0,0.0,0.0,0,0,0,0,0,0,0,0

SID,ABAS2J,06,5
VA,0,68.0,2,1000,0,0,0,0,0,0
DF,ESTIA,-5.961389,106.828333,0, ,0.0,0.0,3,5000,0,0,0,0,0,0
TF,ANDIS,-5.711533,106.988906,0, ,0.0,0.0,0.0,0.0,3,12000,0,0,0,0,0,0
TF,SUBUR,-5.468056,107.145278,0, ,0.0,0.0,0.0,0.0,3,17000,0,0,0,0,0,0
TF,ABASA,-4.947778,107.261111,0, ,0.0,0.0,0.0,0.0,3,25000,0,0,0,0,0,0

SID,ABAS2K,24,5
VA,0,248.0,2,1000,0,0,0,0,0,0
DF,UBNAV,-6.079722,106.484444,0, ,0.0,0.0,0,0,0,0,0,0,0,0
TF,AJUNA,-6.008333,106.515556,2, ,0.0,0.0,0.0,0.0,2,4000,0,0,0,0,0,0
TF,RUNOV,-5.963333,106.837222,0, ,0.0,0.0,0.0,0.0,1,9000,0,0,0,0,0,0
TF,RATIH,-5.922500,107.005556,0, ,0.0,0.0,0.0,0.0,1,12000,0,0,0,0,0,0
TF,IDRIN,-5.665556,107.101111,0, ,0.0,0.0,0.0,0.0,1,17000,0,0,0,0,0,0
TF,SUBUR,-5.468056,107.145278,0, ,0.0,0.0,0.0,0.0,1,20000,0,0,0,0,0,0
TF,NUPTU,-5.238611,107.196389,0, ,0.0,0.0,0.0,0.0,1,23000,0,0,0,0,0,0
TF,ABASA,-4.947778,107.261111,0, ,0.0,0.0,0.0,0.0,0,0,0,0,0,0,0,0

SID,AKSO2A,07L,5
VA,0,68.0,2,1000,0,0,0,0,0,0
DF,ESTIA,-5.961389,106.828333,0, ,0.0,0.0,3,5000,0,0,0,0,0,0
TF,RUMTO,-5.816389,107.092222,0, ,0.0,0.0,0.0,0.0,2,10000,0,0,0,0,0,0
TF,IKEGU,-5.729444,107.250000,0, ,0.0,0.0,0.0,0.0,3,13000,0,0,0,0,0,0
TF,ISNED,-5.432778,107.788889,0, ,0.0,0.0,0.0,0.0,2,24000,0,0,0,0,0,0
TF,INVOD,-5.327222,108.768056,0, ,0.0,0.0,0.0,0.0,0,0,0,0,0,0,0,0
TF,AKSOX,-5.296667,109.048333,0, ,0.0,0.0,0.0,0.0,0,0,0,0,0,0,0,0

SID,AKSO2B,07R,5
CF,POROX,-6.105667,106.736194,0,HLM,316.8,13.4,68.0,4.0,2,1000,0,0,0,0,0,0
TF,OMDAV,-6.098056,107.040000,0, ,0.0,0.0,0.0,0.0,2,5000,0,0,0,0,0,0
TF,TATIK,-6.098056,107.179167,0, ,0.0,0.0,0.0,0.0,3,7000,0,0,0,0,0,0
TF,CIELA,-5.874444,107.384444,0, ,0.0,0.0,0.0,0.0,3,12000,0,0,0,0,0,0
TF,ZULDY,-5.619167,107.618333,0, ,0.0,0.0,0.0,0.0,3,18000,0,0,0,0,0,0
TF,ISNED,-5.432778,107.788889,0, ,0.0,0.0,0.0,0.0,3,22000,0,0,0,0,0,0
TF,INVOD,-5.327222,108.768056,0, ,0.0,0.0,0.0,0.0,0,0,0,0,0,0,0,0
TF,AKSOX,-5.296667,109.048333,0, ,0.0,0.0,0.0,0.0,0,0,0,0,0,0,0,0

SID,AKSO2C,25L,5
CF,BEMLO,-6.198333,106.503611,0,HLM,279.9,23.3,248.0,9.0,2,3000,0,1,220,0,0,0
TF,OLPIK,-6.291667,106.541111,0, ,0.0,0.0,0.0,0.0,2,5000,0,1,220,0,0,0
TF,ATOTO,-6.180000,106.697778,1, ,0.0,0.0,0.0,0.0,2,9000,0,1,220,0,0,0
TF,LEMAG,-6.105556,106.801667,0, ,0.0,0.0,0.0,0.0,2,11000,0,0,0,0,0,0
TF,RATIH,-5.922500,107.005556,0, ,0.0,0.0,0.0,0.0,2,15000,0,0,0,0,0,0
TF,IDRIN,-5.665556,107.101111,0, ,0.0,0.0,0.0,0.0,2,19000,0,0,0,0,0,0
TF,ISNED,-5.432778,107.788889,0, ,0.0,0.0,0.0,0.0,0,0,0,0,0,0,0,0
TF,INVOD,-5.327222,108.768056,0, ,0.0,0.0,0.0,0.0,0,0,0,0,0,0,0,0
TF,AKSOX,-5.296667,109.048333,0, ,0.0,0.0,0.0,0.0,0,0,0,0,0,0,0,0

SID,AKSO2D,25R,5
VA,0,248.0,2,1000,0,0,0,0,0,0
DF,UBNAV,-6.079722,106.484444,0, ,0.0,0.0,0,0,0,0,0,0,0,0
TF,AJUNA,-6.008333,106.515556,2, ,0.0,0.0,0.0,0.0,2,4000,0,0,0,0,0,0
TF,RUNOV,-5.963333,106.837222,0, ,0.0,0.0,0.0,0.0,1,9000,0,0,0,0,0,0
TF,RATIH,-5.922500,107.005556,0, ,0.0,0.0,0.0,0.0,1,12000,0,0,0,0,0,0
TF,IDRIN,-5.665556,107.101111,0, ,0.0,0.0,0.0,0.0,1,17000,0,0,0,0,0,0
TF,ISNED,-5.432778,107.788889,0, ,0.0,0.0,0.0,0.0,0,0,0,0,0,0,0,0
TF,INVOD,-5.327222,108.768056,0, ,0.0,0.0,0.0,0.0,0,0,0,0,0,0,0,0
TF,AKSOX,-5.296667,109.048333,0, ,0.0,0.0,0.0,0.0,0,0,0,0,0,0,0,0

SID,AKSO2J,06,5
VA,0,68.0,2,1000,0,0,0,0,0,0
DF,ESTIA,-5.961389,106.828333,0, ,0.0,0.0,3,5000,0,0,0,0,0,0
TF,RUMTO,-5.816389,107.092222,0, ,0.0,0.0,0.0,0.0,2,10000,0,0,0,0,0,0
TF,IKEGU,-5.729444,107.250000,0, ,0.0,0.0,0.0,0.0,3,13000,0,0,0,0,0,0
TF,ISNED,-5.432778,107.788889,0, ,0.0,0.0,0.0,0.0,2,24000,0,0,0,0,0,0
TF,INVOD,-5.327222,108.768056,0, ,0.0,0.0,0.0,0.0,0,0,0,0,0,0,0,0
TF,AKSOX,-5.296667,109.048333,0, ,0.0,0.0,0.0,0.0,0,0,0,0,0,0,0,0

SID,AKSO2K,24,5
VA,0,248.0,2,1000,0,0,0,0,0,0
DF,UBNAV,-6.079722,106.484444,0, ,0.0,0.0,0,0,0,0,0,0,0,0
TF,AJUNA,-6.008333,106.515556,2, ,0.0,0.0,0.0,0.0,2,4000,0,0,0,0,0,0
TF,RUNOV,-5.963333,106.837222,0, ,0.0,0.0,0.0,0.0,1,9000,0,0,0,0,0,0
TF,RATIH,-5.922500,107.005556,0, ,0.0,0.0,0.0,0.0,1,12000,0,0,0,0,0,0
TF,IDRIN,-5.665556,107.101111,0, ,0.0,0.0,0.0,0.0,1,17000,0,0,0,0,0,0
TF,ISNED,-5.432778,107.788889,0, ,0.0,0.0,0.0,0.0,0,0,0,0,0,0,0,0
TF,INVOD,-5.327222,108.768056,0, ,0.0,0.0,0.0,0.0,0,0,0,0,0,0,0,0
TF,AKSOX,-5.296667,109.048333,0, ,0.0,0.0,0.0,0.0,0,0,0,0,0,0,0,0

SID,AMBO2A,07L,5
VA,0,68.0,2,1000,0,0,0,0,0,0
DF,ESTIA,-5.961389,106.828333,0, ,0.0,0.0,3,5000,0,0,0,0,0,0
TF,RUMTO,-5.816389,107.092222,0, ,0.0,0.0,0.0,0.0,2,10000,0,0,0,0,0,0
TF,IKEGU,-5.729444,107.250000,0, ,0.0,0.0,0.0,0.0,3,13000,0,0,0,0,0,0
TF,ISNED,-5.432778,107.788889,0, ,0.0,0.0,0.0,0.0,2,24000,0,0,0,0,0,0
TF,TIKHA,-4.822500,107.966389,0, ,0.0,0.0,0.0,0.0,0,0,0,0,0,0,0,0
TF,AMBOY,-4.133333,108.166667,0, ,0.0,0.0,0.0,0.0,0,0,0,0,0,0,0,0

SID,AMBO2B,07R,5
CF,POROX,-6.105667,106.736194,0,HLM,316.8,13.4,68.0,4.0,2,1000,0,0,0,0,0,0
TF,OMDAV,-6.098056,107.040000,0, ,0.0,0.0,0.0,0.0,2,5000,0,0,0,0,0,0
TF,TATIK,-6.098056,107.179167,0, ,0.0,0.0,0.0,0.0,3,7000,0,0,0,0,0,0
TF,CIELA,-5.874444,107.384444,0, ,0.0,0.0,0.0,0.0,3,12000,0,0,0,0,0,0
TF,ZULDY,-5.619167,107.618333,0, ,0.0,0.0,0.0,0.0,3,18000,0,0,0,0,0,0
TF,ISNED,-5.432778,107.788889,0, ,0.0,0.0,0.0,0.0,3,22000,0,0,0,0,0,0
TF,TIKHA,-4.822500,107.966389,0, ,0.0,0.0,0.0,0.0,0,0,0,0,0,0,0,0
TF,AMBOY,-4.133333,108.166667,0, ,0.0,0.0,0.0,0.0,0,0,0,0,0,0,0,0

SID,AMBO2C,25L,5
CF,BEMLO,-6.198333,106.503611,0,HLM,279.9,23.3,248.0,9.0,2,3000,0,1,220,0,0,0
TF,OLPIK,-6.291667,106.541111,0, ,0.0,0.0,0.0,0.0,2,5000,0,1,220,0,0,0
TF,ATOTO,-6.180000,106.697778,1, ,0.0,0.0,0.0,0.0,2,9000,0,1,220,0,0,0
TF,LEMAG,-6.105556,106.801667,0, ,0.0,0.0,0.0,0.0,2,11000,0,0,0,0,0,0
TF,RATIH,-5.922500,107.005556,0, ,0.0,0.0,0.0,0.0,2,15000,0,0,0,0,0,0
TF,IDRIN,-5.665556,107.101111,0, ,0.0,0.0,0.0,0.0,2,19000,0,0,0,0,0,0
TF,ISNED,-5.432778,107.788889,0, ,0.0,0.0,0.0,0.0,0,0,0,0,0,0,0,0
TF,TIKHA,-4.822500,107.966389,0, ,0.0,0.0,0.0,0.0,0,0,0,0,0,0,0,0
TF,AMBOY,-4.133333,108.166667,0, ,0.0,0.0,0.0,0.0,0,0,0,0,0,0,0,0

SID,AMBO2D,25R,5
VA,0,248.0,2,1000,0,0,0,0,0,0
DF,UBNAV,-6.079722,106.484444,0, ,0.0,0.0,0,0,0,0,0,0,0,0
TF,AJUNA,-6.008333,106.515556,2, ,0.0,0.0,0.0,0.0,2,4000,0,0,0,0,0,0
TF,RUNOV,-5.963333,106.837222,0, ,0.0,0.0,0.0,0.0,1,9000,0,0,0,0,0,0
TF,RATIH,-5.922500,107.005556,0, ,0.0,0.0,0.0,0.0,1,12000,0,0,0,0,0,0
TF,IDRIN,-5.665556,107.101111,0, ,0.0,0.0,0.0,0.0,1,17000,0,0,0,0,0,0
TF,ISNED,-5.432778,107.788889,0, ,0.0,0.0,0.0,0.0,0,0,0,0,0,0,0,0
TF,TIKHA,-4.822500,107.966389,0, ,0.0,0.0,0.0,0.0,0,0,0,0,0,0,0,0
TF,AMBOY,-4.133333,108.166667,0, ,0.0,0.0,0.0,0.0,0,0,0,0,0,0,0,0

SID,AMBO2J,06,5
VA,0,68.0,2,1000,0,0,0,0,0,0
DF,ESTIA,-5.961389,106.828333,0, ,0.0,0.0,3,5000,0,0,0,0,0,0
TF,RUMTO,-5.816389,107.092222,0, ,0.0,0.0,0.0,0.0,2,10000,0,0,0,0,0,0
TF,IKEGU,-5.729444,107.250000,0, ,0.0,0.0,0.0,0.0,3,13000,0,0,0,0,0,0
TF,ISNED,-5.432778,107.788889,0, ,0.0,0.0,0.0,0.0,2,24000,0,0,0,0,0,0
TF,TIKHA,-4.822500,107.966389,0, ,0.0,0.0,0.0,0.0,0,0,0,0,0,0,0,0
TF,AMBOY,-4.133333,108.166667,0, ,0.0,0.0,0.0,0.0,0,0,0,0,0,0,0,0

SID,AMBO2K,24,5
VA,0,248.0,2,1000,0,0,0,0,0,0
DF,UBNAV,-6.079722,106.484444,0, ,0.0,0.0,0,0,0,0,0,0,0,0
TF,AJUNA,-6.008333,106.515556,2, ,0.0,0.0,0.0,0.0,2,4000,0,0,0,0,0,0
TF,RUNOV,-5.963333,106.837222,0, ,0.0,0.0,0.0,0.0,1,9000,0,0,0,0,0,0
TF,RATIH,-5.922500,107.005556,0, ,0.0,0.0,0.0,0.0,1,12000,0,0,0,0,0,0
TF,IDRIN,-5.665556,107.101111,0, ,0.0,0.0,0.0,0.0,1,17000,0,0,0,0,0,0
TF,ISNED,-5.432778,107.788889,0, ,0.0,0.0,0.0,0.0,0,0,0,0,0,0,0,0
TF,TIKHA,-4.822500,107.966389,0, ,0.0,0.0,0.0,0.0,0,0,0,0,0,0,0,0
TF,AMBOY,-4.133333,108.166667,0, ,0.0,0.0,0.0,0.0,0,0,0,0,0,0,0,0

SID,BOLA1A,06,5
VA,0,68.0,2,1000,0,0,0,0,0,0
DF,ONIKA,-5.973889,106.816667,0, ,0.0,0.0,3,5000,0,0,0,0,0,0
TF,TATIK,-6.098056,107.179167,0, ,0.0,0.0,0.0,0.0,4,13000,10000,0,0,0,0,0
TF,IDNAP,-6.313056,107.303333,0, ,0.0,0.0,0.0,0.0,2,14000,0,0,0,0,0,0
TF,BOLAK,-8.167778,106.337778,0, ,0.0,0.0,0.0,0.0,0,0,0,0,0,0,0,0

SID,BOLA1B,07L,5
VA,0,68.0,2,1000,0,0,0,0,0,0
DF,ONIKA,-5.973889,106.816667,0, ,0.0,0.0,3,5000,0,0,0,0,0,0
TF,TATIK,-6.098056,107.179167,0, ,0.0,0.0,0.0,0.0,4,13000,10000,0,0,0,0,0
TF,IDNAP,-6.313056,107.303333,0, ,0.0,0.0,0.0,0.0,2,14000,0,0,0,0,0,0
TF,BOLAK,-8.167778,106.337778,0, ,0.0,0.0,0.0,0.0,0,0,0,0,0,0,0,0

SID,BOLA1C,07R,5
CF,POROX,-6.105667,106.736194,0,HLM,316.8,13.4,68.0,4.0,2,1000,0,0,0,0,0,0
TF,OMDAV,-6.098056,107.040000,0, ,0.0,0.0,0.0,0.0,2,5000,0,0,0,0,0,0
TF,DIYAN,-6.420833,107.151111,0, ,0.0,0.0,0.0,0.0,2,11000,0,0,0,0,0,0
TF,DUGOK,-6.684722,107.028333,0, ,0.0,0.0,0.0,0.0,0,0,0,0,0,0,0,0
TF,BOLAK,-8.167778,106.337778,0, ,0.0,0.0,0.0,0.0,0,0,0,0,0,0,0,0

SID,BOLA1D,24,5
VA,0,248.0,2,1000,0,0,0,0,0,0
DF,UBNAV,-6.079722,106.484444,0, ,0.0,0.0,0,0,0,0,0,0,0,0
TF,AJUNA,-6.008333,106.515556,2, ,0.0,0.0,0.0,0.0,2,4000,0,0,0,0,0,0
TF,RUNOV,-5.963333,106.837222,0, ,0.0,0.0,0.0,0.0,3,8000,0,0,0,0,0,0
TF,ENPOG,-6.232222,107.110000,0, ,0.0,0.0,0.0,0.0,1,10000,0,0,0,0,0,0
TF,SABUK,-6.659167,106.939722,0, ,0.0,0.0,0.0,0.0,0,0,0,0,0,0,0,0
TF,BOLAK,-8.167778,106.337778,0, ,0.0,0.0,0.0,0.0,0,0,0,0,0,0,0,0

SID,BOLA1E,25L,5
CF,BEMLO,-6.198333,106.503611,0,HLM,279.9,23.3,248.0,9.0,2,3000,0,1,220,0,0,0
TF,OLPIK,-6.291667,106.541111,0, ,0.0,0.0,0.0,0.0,2,5000,0,1,220,0,0,0
TF,ATOTO,-6.180000,106.697778,1, ,0.0,0.0,0.0,0.0,2,9000,0,1,220,0,0,0
TF,HLM,-6.271944,106.886972,0, ,0.0,0.0,0.0,0.0,0,0,0,1,250,0,0,0
TF,NUREN,-6.342222,107.021111,0, ,0.0,0.0,0.0,0.0,2,14000,0,0,0,0,0,0
TF,ORATU,-6.648889,106.906389,0, ,0.0,0.0,0.0,0.0,0,0,0,0,0,0,0,0
TF,BOLAK,-8.167778,106.337778,0, ,0.0,0.0,0.0,0.0,0,0,0,0,0,0,0,0

SID,BOLA1F,25R,5
VA,0,248.0,2,1000,0,0,0,0,0,0
DF,UBNAV,-6.079722,106.484444,0, ,0.0,0.0,0,0,0,0,0,0,0,0
TF,AJUNA,-6.008333,106.515556,2, ,0.0,0.0,0.0,0.0,2,4000,0,0,0,0,0,0
TF,RUNOV,-5.963333,106.837222,0, ,0.0,0.0,0.0,0.0,3,8000,0,0,0,0,0,0
TF,ENPOG,-6.232222,107.110000,0, ,0.0,0.0,0.0,0.0,1,10000,0,0,0,0,0,0
TF,SABUK,-6.659167,106.939722,0, ,0.0,0.0,0.0,0.0,0,0,0,0,0,0,0,0
TF,BOLAK,-8.167778,106.337778,0, ,0.0,0.0,0.0,0.0,0,0,0,0,0,0,0,0

SID,CA2A,07L,5
VA,0,68.0,2,1000,0,0,0,0,0,0
DF,ONIKA,-5.973889,106.816667,0, ,0.0,0.0,3,5000,0,0,0,0,0,0
TF,TATIK,-6.098056,107.179167,0, ,0.0,0.0,0.0,0.0,4,13000,10000,0,0,0,0,0
TF,MUTIA,-6.459514,108.009314,0, ,0.0,0.0,0.0,0.0,2,27000,0,0,0,0,0,0
TF,CA,-6.697981,108.559758,0, ,0.0,0.0,0.0,0.0,0,0,0,0,0,0,0,0

SID,CA2B,07R,5
CF,POROX,-6.105667,106.736194,0,HLM,316.8,13.4,68.0,4.0,2,1000,0,0,0,0,0,0
TF,OMDAV,-6.098056,107.040000,0, ,0.0,0.0,0.0,0.0,2,5000,0,0,0,0,0,0
TF,DIYAN,-6.420833,107.151111,0, ,0.0,0.0,0.0,0.0,2,11000,0,0,0,0,0,0
TF,PW,-6.566667,107.450000,0, ,0.0,0.0,0.0,0.0,2,17000,0,0,0,0,0,0
TF,ASIPA,-6.624167,107.932222,0, ,0.0,0.0,0.0,0.0,3,26000,0,0,0,0,0,0
TF,CA,-6.697981,108.559758,0, ,0.0,0.0,0.0,0.0,0,0,0,0,0,0,0,0

SID,CA2C,25L,5
CF,BEMLO,-6.198333,106.503611,0,HLM,279.9,23.3,248.0,9.0,2,3000,0,1,220,0,0,0
TF,OLPIK,-6.291667,106.541111,0, ,0.0,0.0,0.0,0.0,2,5000,0,1,220,0,0,0
TF,ATOTO,-6.180000,106.697778,1, ,0.0,0.0,0.0,0.0,2,9000,0,1,220,0,0,0
TF,HLM,-6.271944,106.886972,0, ,0.0,0.0,0.0,0.0,0,0,0,1,250,0,0,0
TF,NUREN,-6.342222,107.021111,0, ,0.0,0.0,0.0,0.0,2,14000,0,0,0,0,0,0
TF,PW,-6.566667,107.450000,0, ,0.0,0.0,0.0,0.0,2,23000,0,0,0,0,0,0
TF,ASIPA,-6.624167,107.932222,0, ,0.0,0.0,0.0,0.0,0,0,0,0,0,0,0,0
TF,CA,-6.697981,108.559758,0, ,0.0,0.0,0.0,0.0,0,0,0,0,0,0,0,0

SID,CA2D,25R,5
VA,0,248.0,2,1000,0,0,0,0,0,0
DF,UBNAV,-6.079722,106.484444,0, ,0.0,0.0,0,0,0,0,0,0,0,0
TF,AJUNA,-6.008333,106.515556,2, ,0.0,0.0,0.0,0.0,2,4000,0,0,0,0,0,0
TF,RUNOV,-5.963333,106.837222,0, ,0.0,0.0,0.0,0.0,3,8000,0,0,0,0,0,0
TF,PEBSU,-6.138056,107.248333,0, ,0.0,0.0,0.0,0.0,1,10000,0,0,0,0,0,0
TF,MUTIA,-6.459514,108.009314,0, ,0.0,0.0,0.0,0.0,2,23000,0,0,0,0,0,0
TF,CA,-6.697981,108.559758,0, ,0.0,0.0,0.0,0.0,0,0,0,0,0,0,0,0

SID,CA2J,06,5
VA,0,68.0,2,1000,0,0,0,0,0,0
DF,ONIKA,-5.973889,106.816667,0, ,0.0,0.0,3,5000,0,0,0,0,0,0
TF,TATIK,-6.098056,107.179167,0, ,0.0,0.0,0.0,0.0,4,13000,10000,0,0,0,0,0
TF,MUTIA,-6.459514,108.009314,0, ,0.0,0.0,0.0,0.0,2,27000,0,0,0,0,0,0
TF,CA,-6.697981,108.559758,0, ,0.0,0.0,0.0,0.0,0,0,0,0,0,0,0,0

SID,CA2K,24,5
VA,0,248.0,2,1000,0,0,0,0,0,0
DF,UBNAV,-6.079722,106.484444,0, ,0.0,0.0,0,0,0,0,0,0,0,0
TF,AJUNA,-6.008333,106.515556,2, ,0.0,0.0,0.0,0.0,2,4000,0,0,0,0,0,0
TF,RUNOV,-5.963333,106.837222,0, ,0.0,0.0,0.0,0.0,3,8000,0,0,0,0,0,0
TF,PEBSU,-6.138056,107.248333,0, ,0.0,0.0,0.0,0.0,1,10000,0,0,0,0,0,0
TF,MUTIA,-6.459514,108.009314,0, ,0.0,0.0,0.0,0.0,2,23000,0,0,0,0,0,0
TF,CA,-6.697981,108.559758,0, ,0.0,0.0,0.0,0.0,0,0,0,0,0,0,0,0

SID,DOLT2A,07L,5
VA,0,68.0,2,1000,0,0,0,0,0,0
DF,RUTIB,-5.968333,106.765000,0, ,0.0,0.0,0,0,0,0,0,0,0,0
TF,AKPEB,-5.900000,106.617778,1, ,0.0,0.0,0.0,0.0,3,5000,0,0,0,0,0,0
TF,PAGSA,-5.827222,106.461667,0, ,0.0,0.0,0.0,0.0,0,0,0,0,0,0,0,0
TF,NIPIP,-5.738611,106.270833,0, ,0.0,0.0,0.0,0.0,3,14000,0,0,0,0,0,0
TF,IDUMU,-5.390278,106.074167,0, ,0.0,0.0,0.0,0.0,2,21000,0,0,0,0,0,0
TF,DOLTA,-5.126111,105.925000,0, ,0.0,0.0,0.0,0.0,3,23000,0,0,0,0,0,0

SID,DOLT2B,07R,5
CF,POROX,-6.105667,106.736194,0,HLM,316.8,13.4,68.0,4.0,2,1000,0,1,220,0,0,0
TF,SUDUP,-6.134167,106.756667,0, ,0.0,0.0,0.0,0.0,0,0,0,1,220,0,0,0
TF,OPUSI,-6.170278,106.768056,0, ,0.0,0.0,0.0,0.0,0,0,0,1,220,0,0,0
TF,NIXOL,-6.196944,106.743889,0, ,0.0,0.0,0.0,0.0,0,0,0,1,220,0,0,0
TF,KANBO,-6.202778,106.693333,0, ,0.0,0.0,0.0,0.0,2,4000,0,1,220,0,0,0
TF,BIMUL,-6.236944,106.527500,0, ,0.0,0.0,0.0,0.0,2,6000,0,1,240,0,0,0
TF,PARBA,-6.088889,106.363611,0, ,0.0,0.0,0.0,0.0,2,9000,0,0,0,0,0,0
TF,NIPIP,-5.738611,106.270833,0, ,0.0,0.0,0.0,0.0,2,15000,0,0,0,0,0,0
TF,IDUMU,-5.390278,106.074167,0, ,0.0,0.0,0.0,0.0,2,22000,0,0,0,0,0,0
TF,DOLTA,-5.126111,105.925000,0, ,0.0,0.0,0.0,0.0,3,24000,0,0,0,0,0,0

SID,DOLT2C,25L,5
CF,ISLIN,-6.232500,106.418056,0,HLM,273.8,28.1,248.0,15.0,2,4000,0,0,0,0,0,0
TF,SAVIA,-6.071944,106.370000,2, ,0.0,0.0,0.0,0.0,2,7000,0,0,0,0,0,0
TF,NIPIP,-5.738611,106.270833,0, ,0.0,0.0,0.0,0.0,2,13000,0,0,0,0,0,0
TF,IDUMU,-5.390278,106.074167,0, ,0.0,0.0,0.0,0.0,2,19000,0,0,0,0,0,0
TF,DOLTA,-5.126111,105.925000,0, ,0.0,0.0,0.0,0.0,3,21000,0,0,0,0,0,0

SID,DOLT2D,25R,5
VA,0,248.0,2,1000,0,0,0,0,0,0
DF,UBNAV,-6.079722,106.484444,0, ,0.0,0.0,0,0,0,0,0,0,0,0
TF,NIPIP,-5.738611,106.270833,0, ,0.0,0.0,0.0,0.0,2,10000,0,0,0,0,0,0
TF,IDUMU,-5.390278,106.074167,0, ,0.0,0.0,0.0,0.0,2,17000,0,0,0,0,0,0
TF,DOLTA,-5.126111,105.925000,0, ,0.0,0.0,0.0,0.0,3,20000,0,0,0,0,0,0

SID,DOLT2J,06,5
VA,0,68.0,2,1000,0,0,0,0,0,0
DF,RUTIB,-5.968333,106.765000,0, ,0.0,0.0,0,0,0,0,0,0,0,0
TF,AKPEB,-5.900000,106.617778,1, ,0.0,0.0,0.0,0.0,3,5000,0,0,0,0,0,0
TF,PAGSA,-5.827222,106.461667,0, ,0.0,0.0,0.0,0.0,0,0,0,0,0,0,0,0
TF,NIPIP,-5.738611,106.270833,0, ,0.0,0.0,0.0,0.0,3,14000,0,0,0,0,0,0
TF,IDUMU,-5.390278,106.074167,0, ,0.0,0.0,0.0,0.0,2,21000,0,0,0,0,0,0
TF,DOLTA,-5.126111,105.925000,0, ,0.0,0.0,0.0,0.0,3,23000,0,0,0,0,0,0

SID,DOLT2K,24,5
VA,0,248.0,2,1000,0,0,0,0,0,0
DF,UBNAV,-6.079722,106.484444,0, ,0.0,0.0,0,0,0,0,0,0,0,0
TF,NIPIP,-5.738611,106.270833,0, ,0.0,0.0,0.0,0.0,2,10000,0,0,0,0,0,0
TF,IDUMU,-5.390278,106.074167,0, ,0.0,0.0,0.0,0.0,2,17000,0,0,0,0,0,0
TF,DOLTA,-5.126111,105.925000,0, ,0.0,0.0,0.0,0.0,3,20000,0,0,0,0,0,0

SID,EGUK2A,07L,5
VA,0,68.0,2,1000,0,0,0,0,0,0
DF,ESTIA,-5.961389,106.828333,0, ,0.0,0.0,3,5000,0,0,0,0,0,0
TF,RUMTO,-5.816389,107.092222,0, ,0.0,0.0,0.0,0.0,2,10000,0,0,0,0,0,0
TF,IKEGU,-5.729444,107.250000,0, ,0.0,0.0,0.0,0.0,3,13000,0,0,0,0,0,0
TF,ISNED,-5.432778,107.788889,0, ,0.0,0.0,0.0,0.0,2,24000,0,0,0,0,0,0
TF,TEMOM,-5.000278,108.405278,0, ,0.0,0.0,0.0,0.0,0,0,0,0,0,0,0,0
TF,EGUKO,-4.712500,108.814722,0, ,0.0,0.0,0.0,0.0,0,0,0,0,0,0,0,0

SID,EGUK2B,07R,5
CF,POROX,-6.105667,106.736194,0,HLM,316.8,13.4,68.0,4.0,2,1000,0,0,0,0,0,0
TF,OMDAV,-6.098056,107.040000,0, ,0.0,0.0,0.0,0.0,2,5000,0,0,0,0,0,0
TF,TATIK,-6.098056,107.179167,0, ,0.0,0.0,0.0,0.0,3,7000,0,0,0,0,0,0
TF,CIELA,-5.874444,107.384444,0, ,0.0,0.0,0.0,0.0,3,12000,0,0,0,0,0,0
TF,ZULDY,-5.619167,107.618333,0, ,0.0,0.0,0.0,0.0,3,18000,0,0,0,0,0,0
TF,ISNED,-5.432778,107.788889,0, ,0.0,0.0,0.0,0.0,3,22000,0,0,0,0,0,0
TF,TEMOM,-5.000278,108.405278,0, ,0.0,0.0,0.0,0.0,0,0,0,0,0,0,0,0
TF,EGUKO,-4.712500,108.814722,0, ,0.0,0.0,0.0,0.0,0,0,0,0,0,0,0,0

SID,EGUK2C,25L,5
CF,BEMLO,-6.198333,106.503611,0,HLM,279.9,23.3,248.0,9.0,2,3000,0,1,220,0,0,0
TF,OLPIK,-6.291667,106.541111,0, ,0.0,0.0,0.0,0.0,2,5000,0,1,220,0,0,0
TF,ATOTO,-6.180000,106.697778,1, ,0.0,0.0,0.0,0.0,2,9000,0,1,220,0,0,0
TF,LEMAG,-6.105556,106.801667,0, ,0.0,0.0,0.0,0.0,2,11000,0,0,0,0,0,0
TF,RATIH,-5.922500,107.005556,0, ,0.0,0.0,0.0,0.0,2,15000,0,0,0,0,0,0
TF,IDRIN,-5.665556,107.101111,0, ,0.0,0.0,0.0,0.0,2,19000,0,0,0,0,0,0
TF,ISNED,-5.432778,107.788889,0, ,0.0,0.0,0.0,0.0,0,0,0,0,0,0,0,0
TF,TEMOM,-5.000278,108.405278,0, ,0.0,0.0,0.0,0.0,0,0,0,0,0,0,0,0
TF,EGUKO,-4.712500,108.814722,0, ,0.0,0.0,0.0,0.0,0,0,0,0,0,0,0,0

SID,EGUK2D,25R,5
VA,0,248.0,2,1000,0,0,0,0,0,0
DF,UBNAV,-6.079722,106.484444,0, ,0.0,0.0,0,0,0,0,0,0,0,0
TF,AJUNA,-6.008333,106.515556,2, ,0.0,0.0,0.0,0.0,2,4000,0,0,0,0,0,0
TF,RUNOV,-5.963333,106.837222,0, ,0.0,0.0,0.0,0.0,1,9000,0,0,0,0,0,0
TF,RATIH,-5.922500,107.005556,0, ,0.0,0.0,0.0,0.0,1,12000,0,0,0,0,0,0
TF,IDRIN,-5.665556,107.101111,0, ,0.0,0.0,0.0,0.0,1,17000,0,0,0,0,0,0
TF,ISNED,-5.432778,107.788889,0, ,0.0,0.0,0.0,0.0,0,0,0,0,0,0,0,0
TF,TEMOM,-5.000278,108.405278,0, ,0.0,0.0,0.0,0.0,0,0,0,0,0,0,0,0
TF,EGUKO,-4.712500,108.814722,0, ,0.0,0.0,0.0,0.0,0,0,0,0,0,0,0,0

SID,EGUK2J,06,5
VA,0,68.0,2,1000,0,0,0,0,0,0
DF,ESTIA,-5.961389,106.828333,0, ,0.0,0.0,3,5000,0,0,0,0,0,0
TF,RUMTO,-5.816389,107.092222,0, ,0.0,0.0,0.0,0.0,2,10000,0,0,0,0,0,0
TF,IKEGU,-5.729444,107.250000,0, ,0.0,0.0,0.0,0.0,3,13000,0,0,0,0,0,0
TF,ISNED,-5.432778,107.788889,0, ,0.0,0.0,0.0,0.0,2,24000,0,0,0,0,0,0
TF,TEMOM,-5.000278,108.405278,0, ,0.0,0.0,0.0,0.0,0,0,0,0,0,0,0,0
TF,EGUKO,-4.712500,108.814722,0, ,0.0,0.0,0.0,0.0,0,0,0,0,0,0,0,0

SID,EGUK2K,24,5
VA,0,248.0,2,1000,0,0,0,0,0,0
DF,UBNAV,-6.079722,106.484444,0, ,0.0,0.0,0,0,0,0,0,0,0,0
TF,AJUNA,-6.008333,106.515556,2, ,0.0,0.0,0.0,0.0,2,4000,0,0,0,0,0,0
TF,RUNOV,-5.963333,106.837222,0, ,0.0,0.0,0.0,0.0,1,9000,0,0,0,0,0,0
TF,RATIH,-5.922500,107.005556,0, ,0.0,0.0,0.0,0.0,1,12000,0,0,0,0,0,0
TF,IDRIN,-5.665556,107.101111,0, ,0.0,0.0,0.0,0.0,1,17000,0,0,0,0,0,0
TF,ISNED,-5.432778,107.788889,0, ,0.0,0.0,0.0,0.0,0,0,0,0,0,0,0,0
TF,TEMOM,-5.000278,108.405278,0, ,0.0,0.0,0.0,0.0,0,0,0,0,0,0,0,0
TF,EGUKO,-4.712500,108.814722,0, ,0.0,0.0,0.0,0.0,0,0,0,0,0,0,0,0

SID,GOME1A,06,5
VA,0,68.0,2,1000,0,0,0,0,0,0
DF,RUTIB,-5.968333,106.765000,0, ,0.0,0.0,0,0,0,0,0,0,0,0
TF,AKPEB,-5.900000,106.617778,1, ,0.0,0.0,0.0,0.0,3,5000,0,0,0,0,0,0
TF,PAGSA,-5.827222,106.461667,0, ,0.0,0.0,0.0,0.0,0,0,0,0,0,0,0,0
TF,NIPIP,-5.738611,106.270833,0, ,0.0,0.0,0.0,0.0,3,14000,0,0,0,0,0,0
TF,AGUSO,-5.425833,106.021389,0, ,0.0,0.0,0.0,0.0,2,21000,0,0,0,0,0,0
TF,GOMEL,-5.187222,105.831667,0, ,0.0,0.0,0.0,0.0,3,23000,0,0,0,0,0,0

SID,GOME1B,07L,5
VA,0,68.0,2,1000,0,0,0,0,0,0
DF,RUTIB,-5.968333,106.765000,0, ,0.0,0.0,0,0,0,0,0,0,0,0
TF,AKPEB,-5.900000,106.617778,1, ,0.0,0.0,0.0,0.0,3,5000,0,0,0,0,0,0
TF,PAGSA,-5.827222,106.461667,0, ,0.0,0.0,0.0,0.0,0,0,0,0,0,0,0,0
TF,NIPIP,-5.738611,106.270833,0, ,0.0,0.0,0.0,0.0,3,14000,0,0,0,0,0,0
TF,AGUSO,-5.425833,106.021389,0, ,0.0,0.0,0.0,0.0,2,21000,0,0,0,0,0,0
TF,GOMEL,-5.187222,105.831667,0, ,0.0,0.0,0.0,0.0,3,23000,0,0,0,0,0,0

SID,GOME1C,07R,5
CF,POROX,-6.105667,106.736194,0,HLM,316.8,13.4,68.0,4.0,2,1000,0,1,220,0,0,0
TF,SUDUP,-6.134167,106.756667,0, ,0.0,0.0,0.0,0.0,0,0,0,1,220,0,0,0
TF,OPUSI,-6.170278,106.768056,0, ,0.0,0.0,0.0,0.0,0,0,0,1,220,0,0,0
TF,NIXOL,-6.196944,106.743889,0, ,0.0,0.0,0.0,0.0,0,0,0,1,220,0,0,0
TF,KANBO,-6.202778,106.693333,0, ,0.0,0.0,0.0,0.0,2,4000,0,1,220,0,0,0
TF,BIMUL,-6.236944,106.527500,0, ,0.0,0.0,0.0,0.0,2,6000,0,1,240,0,0,0
TF,PARBA,-6.088889,106.363611,0, ,0.0,0.0,0.0,0.0,2,9000,0,0,0,0,0,0
TF,NIPIP,-5.738611,106.270833,0, ,0.0,0.0,0.0,0.0,2,15000,0,0,0,0,0,0
TF,AGUSO,-5.425833,106.021389,0, ,0.0,0.0,0.0,0.0,2,22000,0,0,0,0,0,0
TF,GOMEL,-5.187222,105.831667,0, ,0.0,0.0,0.0,0.0,3,24000,0,0,0,0,0,0

SID,GOME1D,24,5
VA,0,248.0,2,1000,0,0,0,0,0,0
DF,UBNAV,-6.079722,106.484444,0, ,0.0,0.0,0,0,0,0,0,0,0,0
TF,NIPIP,-5.738611,106.270833,0, ,0.0,0.0,0.0,0.0,2,10000,0,0,0,0,0,0
TF,AGUSO,-5.425833,106.021389,0, ,0.0,0.0,0.0,0.0,2,17000,0,0,0,0,0,0
TF,GOMEL,-5.187222,105.831667,0, ,0.0,0.0,0.0,0.0,3,20000,0,0,0,0,0,0

SID,GOME1E,25L,5
CF,ISLIN,-6.232500,106.418056,0,HLM,273.8,28.1,248.0,15.0,2,4000,0,0,0,0,0,0
TF,SAVIA,-6.071944,106.370000,2, ,0.0,0.0,0.0,0.0,2,7000,0,0,0,0,0,0
TF,NIPIP,-5.738611,106.270833,0, ,0.0,0.0,0.0,0.0,2,13000,0,0,0,0,0,0
TF,AGUSO,-5.425833,106.021389,0, ,0.0,0.0,0.0,0.0,2,19000,0,0,0,0,0,0
TF,GOMEL,-5.187222,105.831667,0, ,0.0,0.0,0.0,0.0,3,21000,0,0,0,0,0,0

SID,GOME1F,25R,5
VA,0,248.0,2,1000,0,0,0,0,0,0
DF,UBNAV,-6.079722,106.484444,0, ,0.0,0.0,0,0,0,0,0,0,0,0
TF,NIPIP,-5.738611,106.270833,0, ,0.0,0.0,0.0,0.0,2,10000,0,0,0,0,0,0
TF,AGUSO,-5.425833,106.021389,0, ,0.0,0.0,0.0,0.0,2,17000,0,0,0,0,0,0
TF,GOMEL,-5.187222,105.831667,0, ,0.0,0.0,0.0,0.0,3,20000,0,0,0,0,0,0

SID,GUDB1A,06,5
VA,0,68.0,2,1000,0,0,0,0,0,0
DF,RUTIB,-5.968333,106.765000,0, ,0.0,0.0,0,0,0,0,0,0,0,0
TF,AKPEB,-5.900000,106.617778,1, ,0.0,0.0,0.0,0.0,3,5000,0,0,0,0,0,0
TF,PAGSA,-5.827222,106.461667,0, ,0.0,0.0,0.0,0.0,0,0,0,0,0,0,0,0
TF,NIPIP,-5.738611,106.270833,0, ,0.0,0.0,0.0,0.0,3,14000,0,0,0,0,0,0
TF,GUDBA,-5.562778,105.554167,0, ,0.0,0.0,0.0,0.0,3,25000,0,0,0,0,0,0

SID,GUDB1B,07L,5
VA,0,68.0,2,1000,0,0,0,0,0,0
DF,RUTIB,-5.968333,106.765000,0, ,0.0,0.0,0,0,0,0,0,0,0,0
TF,AKPEB,-5.900000,106.617778,1, ,0.0,0.0,0.0,0.0,3,5000,0,0,0,0,0,0
TF,PAGSA,-5.827222,106.461667,0, ,0.0,0.0,0.0,0.0,0,0,0,0,0,0,0,0
TF,NIPIP,-5.738611,106.270833,0, ,0.0,0.0,0.0,0.0,3,14000,0,0,0,0,0,0
TF,GUDBA,-5.562778,105.554167,0, ,0.0,0.0,0.0,0.0,3,25000,0,0,0,0,0,0

SID,GUDB1C,07R,5
CF,POROX,-6.105667,106.736194,0,HLM,316.8,13.4,68.0,4.0,2,1000,0,1,220,0,0,0
TF,SUDUP,-6.134167,106.756667,0, ,0.0,0.0,0.0,0.0,0,0,0,1,220,0,0,0
TF,OPUSI,-6.170278,106.768056,0, ,0.0,0.0,0.0,0.0,0,0,0,1,220,0,0,0
TF,NIXOL,-6.196944,106.743889,0, ,0.0,0.0,0.0,0.0,0,0,0,1,220,0,0,0
TF,KANBO,-6.202778,106.693333,0, ,0.0,0.0,0.0,0.0,2,4000,0,1,220,0,0,0
TF,BIMUL,-6.236944,106.527500,0, ,0.0,0.0,0.0,0.0,2,6000,0,1,240,0,0,0
TF,PARBA,-6.088889,106.363611,0, ,0.0,0.0,0.0,0.0,2,9000,0,0,0,0,0,0
TF,GUDBA,-5.562778,105.554167,0, ,0.0,0.0,0.0,0.0,2,26000,0,0,0,0,0,0

SID,GUDB1D,24,5
VA,0,248.0,2,1000,0,0,0,0,0,0
DF,UBNAV,-6.079722,106.484444,0, ,0.0,0.0,0,0,0,0,0,0,0,0
TF,GUDBA,-5.562778,105.554167,0, ,0.0,0.0,0.0,0.0,3,21000,0,0,0,0,0,0

SID,GUDB1E,25L,5
CF,ISLIN,-6.232500,106.418056,0,HLM,273.8,28.1,248.0,15.0,2,4000,0,0,0,0,0,0
TF,KIKIB,-5.801667,105.997778,0, ,0.0,0.0,0.0,0.0,2,15000,0,0,0,0,0,0
TF,GUDBA,-5.562778,105.554167,0, ,0.0,0.0,0.0,0.0,2,23000,0,0,0,0,0,0

SID,GUDB1F,25R,5
VA,0,248.0,2,1000,0,0,0,0,0,0
DF,UBNAV,-6.079722,106.484444,0, ,0.0,0.0,0,0,0,0,0,0,0,0
TF,GUDBA,-5.562778,105.554167,0, ,0.0,0.0,0.0,0.0,3,21000,0,0,0,0,0,0

SID,GUPU1A,06,5
VA,0,68.0,2,1000,0,0,0,0,0,0
DF,ONIKA,-5.973889,106.816667,0, ,0.0,0.0,3,5000,0,0,0,0,0,0
TF,TATIK,-6.098056,107.179167,0, ,0.0,0.0,0.0,0.0,4,13000,10000,0,0,0,0,0
TF,IDNAP,-6.313056,107.303333,0, ,0.0,0.0,0.0,0.0,2,14000,0,0,0,0,0,0
TF,GUPUB,-7.056111,105.619167,2, ,0.0,0.0,0.0,0.0,0,0,0,0,0,0,0,0

SID,GUPU1B,07L,5
VA,0,68.0,2,1000,0,0,0,0,0,0
DF,ONIKA,-5.973889,106.816667,0, ,0.0,0.0,3,5000,0,0,0,0,0,0
TF,TATIK,-6.098056,107.179167,0, ,0.0,0.0,0.0,0.0,4,13000,10000,0,0,0,0,0
TF,IDNAP,-6.313056,107.303333,0, ,0.0,0.0,0.0,0.0,2,14000,0,0,0,0,0,0
TF,GUPUB,-7.056111,105.619167,2, ,0.0,0.0,0.0,0.0,0,0,0,0,0,0,0,0

SID,GUPU1C,07R,5
CF,POROX,-6.105667,106.736194,0,HLM,316.8,13.4,68.0,4.0,2,1000,0,0,0,0,0,0
TF,OMDAV,-6.098056,107.040000,0, ,0.0,0.0,0.0,0.0,2,5000,0,0,0,0,0,0
TF,DIYAN,-6.420833,107.151111,0, ,0.0,0.0,0.0,0.0,2,11000,0,0,0,0,0,0
TF,DUGOK,-6.684722,107.028333,0, ,0.0,0.0,0.0,0.0,0,0,0,0,0,0,0,0
TF,GUPUB,-7.056111,105.619167,0, ,0.0,0.0,0.0,0.0,0,0,0,0,0,0,0,0

SID,GUPU1D,24,5
VA,0,248.0,2,1000,0,0,0,0,0,0
DF,UBNAV,-6.079722,106.484444,0, ,0.0,0.0,0,0,0,0,0,0,0,0
TF,AJUNA,-6.008333,106.515556,2, ,0.0,0.0,0.0,0.0,2,4000,0,0,0,0,0,0
TF,RUNOV,-5.963333,106.837222,0, ,0.0,0.0,0.0,0.0,3,8000,0,0,0,0,0,0
TF,ENPOG,-6.232222,107.110000,0, ,0.0,0.0,0.0,0.0,1,10000,0,0,0,0,0,0
TF,SABUK,-6.659167,106.939722,0, ,0.0,0.0,0.0,0.0,0,0,0,0,0,0,0,0
TF,GUPUB,-7.056111,105.619167,0, ,0.0,0.0,0.0,0.0,0,0,0,0,0,0,0,0

SID,GUPU1E,25L,5
CF,BEMLO,-6.198333,106.503611,0,HLM,279.9,23.3,248.0,9.0,2,3000,0,1,220,0,0,0
TF,OLPIK,-6.291667,106.541111,0, ,0.0,0.0,0.0,0.0,2,5000,0,1,220,0,0,0
TF,ATOTO,-6.180000,106.697778,1, ,0.0,0.0,0.0,0.0,2,9000,0,1,220,0,0,0
TF,HLM,-6.271944,106.886972,0, ,0.0,0.0,0.0,0.0,0,0,0,1,250,0,0,0
TF,NUREN,-6.342222,107.021111,0, ,0.0,0.0,0.0,0.0,2,14000,0,0,0,0,0,0
TF,ORATU,-6.648889,106.906389,0, ,0.0,0.0,0.0,0.0,0,0,0,0,0,0,0,0
TF,GUPUB,-7.056111,105.619167,0, ,0.0,0.0,0.0,0.0,0,0,0,0,0,0,0,0

SID,GUPU1F,25R,5
VA,0,248.0,2,1000,0,0,0,0,0,0
DF,UBNAV,-6.079722,106.484444,0, ,0.0,0.0,0,0,0,0,0,0,0,0
TF,AJUNA,-6.008333,106.515556,2, ,0.0,0.0,0.0,0.0,2,4000,0,0,0,0,0,0
TF,RUNOV,-5.963333,106.837222,0, ,0.0,0.0,0.0,0.0,3,8000,0,0,0,0,0,0
TF,ENPOG,-6.232222,107.110000,0, ,0.0,0.0,0.0,0.0,1,10000,0,0,0,0,0,0
TF,SABUK,-6.659167,106.939722,0, ,0.0,0.0,0.0,0.0,0,0,0,0,0,0,0,0
TF,GUPUB,-7.056111,105.619167,0, ,0.0,0.0,0.0,0.0,0,0,0,0,0,0,0,0

SID,IGBO1A,06,5
VA,0,68.0,2,1000,0,0,0,0,0,0
DF,RUTIB,-5.968333,106.765000,0, ,0.0,0.0,0,0,0,0,0,0,0,0
TF,AKPEB,-5.900000,106.617778,1, ,0.0,0.0,0.0,0.0,3,5000,0,0,0,0,0,0
TF,PAGSA,-5.827222,106.461667,0, ,0.0,0.0,0.0,0.0,0,0,0,0,0,0,0,0
TF,NIPIP,-5.738611,106.270833,0, ,0.0,0.0,0.0,0.0,3,14000,0,0,0,0,0,0
TF,IGBOR,-5.363333,105.676944,0, ,0.0,0.0,0.0,0.0,3,25000,0,0,0,0,0,0

SID,IGBO1B,07L,5
VA,0,68.0,2,1000,0,0,0,0,0,0
DF,RUTIB,-5.968333,106.765000,0, ,0.0,0.0,0,0,0,0,0,0,0,0
TF,AKPEB,-5.900000,106.617778,1, ,0.0,0.0,0.0,0.0,3,5000,0,0,0,0,0,0
TF,PAGSA,-5.827222,106.461667,0, ,0.0,0.0,0.0,0.0,0,0,0,0,0,0,0,0
TF,NIPIP,-5.738611,106.270833,0, ,0.0,0.0,0.0,0.0,3,14000,0,0,0,0,0,0
TF,IGBOR,-5.363333,105.676944,0, ,0.0,0.0,0.0,0.0,3,25000,0,0,0,0,0,0

SID,IGBO1C,07R,5
CF,POROX,-6.105667,106.736194,0,HLM,316.8,13.4,68.0,4.0,2,1000,0,1,220,0,0,0
TF,SUDUP,-6.134167,106.756667,0, ,0.0,0.0,0.0,0.0,0,0,0,1,220,0,0,0
TF,OPUSI,-6.170278,106.768056,0, ,0.0,0.0,0.0,0.0,0,0,0,1,220,0,0,0
TF,NIXOL,-6.196944,106.743889,0, ,0.0,0.0,0.0,0.0,0,0,0,1,220,0,0,0
TF,KANBO,-6.202778,106.693333,0, ,0.0,0.0,0.0,0.0,2,4000,0,1,220,0,0,0
TF,BIMUL,-6.236944,106.527500,0, ,0.0,0.0,0.0,0.0,2,6000,0,1,240,0,0,0
TF,PARBA,-6.088889,106.363611,0, ,0.0,0.0,0.0,0.0,2,9000,0,0,0,0,0,0
TF,SIPAH,-5.841389,106.090556,0, ,0.0,0.0,0.0,0.0,2,15000,0,0,0,0,0,0
TF,IGBOR,-5.363333,105.676944,0, ,0.0,0.0,0.0,0.0,2,26000,0,0,0,0,0,0

SID,IGBO1D,24,5
VA,0,248.0,2,1000,0,0,0,0,0,0
DF,UBNAV,-6.079722,106.484444,0, ,0.0,0.0,0,0,0,0,0,0,0,0
TF,NIPIP,-5.738611,106.270833,0, ,0.0,0.0,0.0,0.0,2,10000,0,0,0,0,0,0
TF,IGBOR,-5.363333,105.676944,0, ,0.0,0.0,0.0,0.0,3,21000,0,0,0,0,0,0

SID,IGBO1E,25L,5
CF,ISLIN,-6.232500,106.418056,0,HLM,273.8,28.1,248.0,15.0,2,4000,0,0,0,0,0,0
TF,SAVIA,-6.071944,106.370000,2, ,0.0,0.0,0.0,0.0,2,7000,0,0,0,0,0,0
TF,NIPIP,-5.738611,106.270833,0, ,0.0,0.0,0.0,0.0,2,13000,0,0,0,0,0,0
TF,IGBOR,-5.363333,105.676944,0, ,0.0,0.0,0.0,0.0,2,25000,0,0,0,0,0,0

SID,IGBO1F,25R,5
VA,0,248.0,2,1000,0,0,0,0,0,0
DF,UBNAV,-6.079722,106.484444,0, ,0.0,0.0,0,0,0,0,0,0,0,0
TF,NIPIP,-5.738611,106.270833,0, ,0.0,0.0,0.0,0.0,2,10000,0,0,0,0,0,0
TF,IGBOR,-5.363333,105.676944,0, ,0.0,0.0,0.0,0.0,3,21000,0,0,0,0,0,0

SID,IMAB1A,06,5
VA,0,68.0,2,1000,0,0,0,0,0,0
DF,ONIKA,-5.973889,106.816667,0, ,0.0,0.0,3,5000,0,0,0,0,0,0
TF,TATIK,-6.098056,107.179167,0, ,0.0,0.0,0.0,0.0,4,13000,10000,0,0,0,0,0
TF,IDNAP,-6.313056,107.303333,0, ,0.0,0.0,0.0,0.0,2,14000,0,0,0,0,0,0
TF,IMABA,-7.080833,107.510833,0, ,0.0,0.0,0.0,0.0,0,0,0,0,0,0,0,0

SID,IMAB1B,07L,5
VA,0,68.0,2,1000,0,0,0,0,0,0
DF,ONIKA,-5.973889,106.816667,0, ,0.0,0.0,3,5000,0,0,0,0,0,0
TF,TATIK,-6.098056,107.179167,0, ,0.0,0.0,0.0,0.0,4,13000,10000,0,0,0,0,0
TF,IDNAP,-6.313056,107.303333,0, ,0.0,0.0,0.0,0.0,2,14000,0,0,0,0,0,0
TF,IMABA,-7.080833,107.510833,0, ,0.0,0.0,0.0,0.0,0,0,0,0,0,0,0,0

SID,IMAB1C,07R,5
CF,POROX,-6.105667,106.736194,0,HLM,316.8,13.4,68.0,4.0,2,1000,0,0,0,0,0,0
TF,OMDAV,-6.098056,107.040000,0, ,0.0,0.0,0.0,0.0,2,5000,0,0,0,0,0,0
TF,DIYAN,-6.420833,107.151111,0, ,0.0,0.0,0.0,0.0,2,11000,0,0,0,0,0,0
TF,IMABA,-7.080833,107.510833,0, ,0.0,0.0,0.0,0.0,0,0,0,0,0,0,0,0

SID,IMAB1D,24,5
VA,0,248.0,2,1000,0,0,0,0,0,0
DF,UBNAV,-6.079722,106.484444,0, ,0.0,0.0,0,0,0,0,0,0,0,0
TF,AJUNA,-6.008333,106.515556,2, ,0.0,0.0,0.0,0.0,2,4000,0,0,0,0,0,0
TF,RUNOV,-5.963333,106.837222,0, ,0.0,0.0,0.0,0.0,3,8000,0,0,0,0,0,0
TF,ENPOG,-6.232222,107.110000,0, ,0.0,0.0,0.0,0.0,1,10000,0,0,0,0,0,0
TF,IMABA,-7.080833,107.510833,0, ,0.0,0.0,0.0,0.0,0,0,0,0,0,0,0,0

SID,IMAB1E,25L,5
CF,BEMLO,-6.198333,106.503611,0,HLM,279.9,23.3,248.0,9.0,2,3000,0,1,220,0,0,0
TF,OLPIK,-6.291667,106.541111,0, ,0.0,0.0,0.0,0.0,2,5000,0,1,220,0,0,0
TF,ATOTO,-6.180000,106.697778,1, ,0.0,0.0,0.0,0.0,2,9000,0,1,220,0,0,0
TF,HLM,-6.271944,106.886972,0, ,0.0,0.0,0.0,0.0,0,0,0,1,250,0,0,0
TF,NUREN,-6.342222,107.021111,0, ,0.0,0.0,0.0,0.0,2,14000,0,0,0,0,0,0
TF,IMABA,-7.080833,107.510833,0, ,0.0,0.0,0.0,0.0,0,0,0,0,0,0,0,0

SID,IMAB1F,25R,5
VA,0,248.0,2,1000,0,0,0,0,0,0
DF,UBNAV,-6.079722,106.484444,0, ,0.0,0.0,0,0,0,0,0,0,0,0
TF,AJUNA,-6.008333,106.515556,2, ,0.0,0.0,0.0,0.0,2,4000,0,0,0,0,0,0
TF,RUNOV,-5.963333,106.837222,0, ,0.0,0.0,0.0,0.0,3,8000,0,0,0,0,0,0
TF,ENPOG,-6.232222,107.110000,0, ,0.0,0.0,0.0,0.0,1,10000,0,0,0,0,0,0
TF,IMABA,-7.080833,107.510833,0, ,0.0,0.0,0.0,0.0,0,0,0,0,0,0,0,0

SID,PW2A,07L,5
VA,0,68.0,2,1000,0,0,0,0,0,0
DF,ONIKA,-5.973889,106.816667,0, ,0.0,0.0,3,5000,0,0,0,0,0,0
TF,TATIK,-6.098056,107.179167,0, ,0.0,0.0,0.0,0.0,4,13000,10000,0,0,0,0,0
TF,IDNAP,-6.313056,107.303333,0, ,0.0,0.0,0.0,0.0,2,14000,0,0,0,0,0,0
TF,PW,-6.566667,107.450000,0, ,0.0,0.0,0.0,0.0,3,20000,0,0,0,0,0,0

SID,PW2B,07R,5
CF,POROX,-6.105667,106.736194,0,HLM,316.8,13.4,68.0,4.0,2,1000,0,0,0,0,0,0
TF,OMDAV,-6.098056,107.040000,0, ,0.0,0.0,0.0,0.0,2,5000,0,0,0,0,0,0
TF,DIYAN,-6.420833,107.151111,0, ,0.0,0.0,0.0,0.0,2,11000,0,0,0,0,0,0
TF,PW,-6.566667,107.450000,0, ,0.0,0.0,0.0,0.0,2,17000,0,0,0,0,0,0

SID,PW2C,25L,5
CF,BEMLO,-6.198333,106.503611,0,HLM,279.9,23.3,248.0,9.0,2,3000,0,1,220,0,0,0
TF,OLPIK,-6.291667,106.541111,0, ,0.0,0.0,0.0,0.0,2,5000,0,1,220,0,0,0
TF,ATOTO,-6.180000,106.697778,1, ,0.0,0.0,0.0,0.0,2,9000,0,1,220,0,0,0
TF,HLM,-6.271944,106.886972,0, ,0.0,0.0,0.0,0.0,0,0,0,1,250,0,0,0
TF,NUREN,-6.342222,107.021111,0, ,0.0,0.0,0.0,0.0,2,14000,0,0,0,0,0,0
TF,PW,-6.566667,107.450000,0, ,0.0,0.0,0.0,0.0,2,23000,0,0,0,0,0,0

SID,PW2D,25R,5
VA,0,248.0,2,1000,0,0,0,0,0,0
DF,UBNAV,-6.079722,106.484444,0, ,0.0,0.0,0,0,0,0,0,0,0,0
TF,AJUNA,-6.008333,106.515556,2, ,0.0,0.0,0.0,0.0,2,4000,0,0,0,0,0,0
TF,RUNOV,-5.963333,106.837222,0, ,0.0,0.0,0.0,0.0,3,8000,0,0,0,0,0,0
TF,ENPOG,-6.232222,107.110000,0, ,0.0,0.0,0.0,0.0,1,10000,0,0,0,0,0,0
TF,PW,-6.566667,107.450000,0, ,0.0,0.0,0.0,0.0,2,18000,0,0,0,0,0,0

SID,PW2J,06,5
VA,0,68.0,2,1000,0,0,0,0,0,0
DF,ONIKA,-5.973889,106.816667,0, ,0.0,0.0,3,5000,0,0,0,0,0,0
TF,TATIK,-6.098056,107.179167,0, ,0.0,0.0,0.0,0.0,4,13000,10000,0,0,0,0,0
TF,IDNAP,-6.313056,107.303333,0, ,0.0,0.0,0.0,0.0,2,14000,0,0,0,0,0,0
TF,PW,-6.566667,107.450000,0, ,0.0,0.0,0.0,0.0,3,20000,0,0,0,0,0,0

SID,PW2K,24,5
VA,0,248.0,2,1000,0,0,0,0,0,0
DF,UBNAV,-6.079722,106.484444,0, ,0.0,0.0,0,0,0,0,0,0,0,0
TF,AJUNA,-6.008333,106.515556,2, ,0.0,0.0,0.0,0.0,2,4000,0,0,0,0,0,0
TF,RUNOV,-5.963333,106.837222,0, ,0.0,0.0,0.0,0.0,3,8000,0,0,0,0,0,0
TF,ENPOG,-6.232222,107.110000,0, ,0.0,0.0,0.0,0.0,1,10000,0,0,0,0,0,0
TF,PW,-6.566667,107.450000,0, ,0.0,0.0,0.0,0.0,2,18000,0,0,0,0,0,0

SID,REND1A,06,5
VA,0,68.0,2,1000,0,0,0,0,0,0
DF,ONIKA,-5.973889,106.816667,0, ,0.0,0.0,3,5000,0,0,0,0,0,0
TF,TATIK,-6.098056,107.179167,0, ,0.0,0.0,0.0,0.0,4,13000,10000,0,0,0,0,0
TF,IDNAP,-6.313056,107.303333,0, ,0.0,0.0,0.0,0.0,2,14000,0,0,0,0,0,0
TF,RENDA,-7.254167,107.223333,0, ,0.0,0.0,0.0,0.0,0,0,0,0,0,0,0,0

SID,REND1B,07L,5
VA,0,68.0,2,1000,0,0,0,0,0,0
DF,ONIKA,-5.973889,106.816667,0, ,0.0,0.0,3,5000,0,0,0,0,0,0
TF,TATIK,-6.098056,107.179167,0, ,0.0,0.0,0.0,0.0,4,13000,10000,0,0,0,0,0
TF,IDNAP,-6.313056,107.303333,0, ,0.0,0.0,0.0,0.0,2,14000,0,0,0,0,0,0
TF,RENDA,-7.254167,107.223333,0, ,0.0,0.0,0.0,0.0,0,0,0,0,0,0,0,0

SID,REND1C,07R,5
CF,POROX,-6.105667,106.736194,0,HLM,316.8,13.4,68.0,4.0,2,1000,0,0,0,0,0,0
TF,OMDAV,-6.098056,107.040000,0, ,0.0,0.0,0.0,0.0,2,5000,0,0,0,0,0,0
TF,DIYAN,-6.420833,107.151111,0, ,0.0,0.0,0.0,0.0,2,11000,0,0,0,0,0,0
TF,RENDA,-7.254167,107.223333,0, ,0.0,0.0,0.0,0.0,0,0,0,0,0,0,0,0

SID,REND1D,24,5
VA,0,248.0,2,1000,0,0,0,0,0,0
DF,UBNAV,-6.079722,106.484444,0, ,0.0,0.0,0,0,0,0,0,0,0,0
TF,AJUNA,-6.008333,106.515556,2, ,0.0,0.0,0.0,0.0,2,4000,0,0,0,0,0,0
TF,RUNOV,-5.963333,106.837222,0, ,0.0,0.0,0.0,0.0,3,8000,0,0,0,0,0,0
TF,ENPOG,-6.232222,107.110000,0, ,0.0,0.0,0.0,0.0,1,10000,0,0,0,0,0,0
TF,RENDA,-7.254167,107.223333,0, ,0.0,0.0,0.0,0.0,0,0,0,0,0,0,0,0

SID,REND1E,25L,5
CF,BEMLO,-6.198333,106.503611,0,HLM,279.9,23.3,248.0,9.0,2,3000,0,1,220,0,0,0
TF,OLPIK,-6.291667,106.541111,0, ,0.0,0.0,0.0,0.0,2,5000,0,1,220,0,0,0
TF,ATOTO,-6.180000,106.697778,1, ,0.0,0.0,0.0,0.0,2,9000,0,1,220,0,0,0
TF,HLM,-6.271944,106.886972,0, ,0.0,0.0,0.0,0.0,0,0,0,1,250,0,0,0
TF,NUREN,-6.342222,107.021111,0, ,0.0,0.0,0.0,0.0,2,14000,0,0,0,0,0,0
TF,RENDA,-7.254167,107.223333,0, ,0.0,0.0,0.0,0.0,0,0,0,0,0,0,0,0

SID,REND1F,25R,5
VA,0,248.0,2,1000,0,0,0,0,0,0
DF,UBNAV,-6.079722,106.484444,0, ,0.0,0.0,0,0,0,0,0,0,0,0
TF,AJUNA,-6.008333,106.515556,2, ,0.0,0.0,0.0,0.0,2,4000,0,0,0,0,0,0
TF,RUNOV,-5.963333,106.837222,0, ,0.0,0.0,0.0,0.0,3,8000,0,0,0,0,0,0
TF,ENPOG,-6.232222,107.110000,0, ,0.0,0.0,0.0,0.0,1,10000,0,0,0,0,0,0
TF,RENDA,-7.254167,107.223333,0, ,0.0,0.0,0.0,0.0,0,0,0,0,0,0,0,0

SID,RIMT1A,06,5
VA,0,68.0,2,1000,0,0,0,0,0,0
DF,RUTIB,-5.968333,106.765000,0, ,0.0,0.0,0,0,0,0,0,0,0,0
TF,AKPEB,-5.900000,106.617778,1, ,0.0,0.0,0.0,0.0,3,5000,0,0,0,0,0,0
TF,PAGSA,-5.827222,106.461667,0, ,0.0,0.0,0.0,0.0,0,0,0,0,0,0,0,0
TF,NIPIP,-5.738611,106.270833,0, ,0.0,0.0,0.0,0.0,3,14000,0,0,0,0,0,0
TF,RIMTI,-5.423611,105.629722,0, ,0.0,0.0,0.0,0.0,3,25000,0,0,0,0,0,0

SID,RIMT1B,07L,5
VA,0,68.0,2,1000,0,0,0,0,0,0
DF,RUTIB,-5.968333,106.765000,0, ,0.0,0.0,0,0,0,0,0,0,0,0
TF,AKPEB,-5.900000,106.617778,1, ,0.0,0.0,0.0,0.0,3,5000,0,0,0,0,0,0
TF,PAGSA,-5.827222,106.461667,0, ,0.0,0.0,0.0,0.0,0,0,0,0,0,0,0,0
TF,NIPIP,-5.738611,106.270833,0, ,0.0,0.0,0.0,0.0,3,14000,0,0,0,0,0,0
TF,RIMTI,-5.423611,105.629722,0, ,0.0,0.0,0.0,0.0,3,25000,0,0,0,0,0,0

SID,RIMT1C,07R,5
CF,POROX,-6.105667,106.736194,0,HLM,316.8,13.4,68.0,4.0,2,1000,0,1,220,0,0,0
TF,SUDUP,-6.134167,106.756667,0, ,0.0,0.0,0.0,0.0,0,0,0,1,220,0,0,0
TF,OPUSI,-6.170278,106.768056,0, ,0.0,0.0,0.0,0.0,0,0,0,1,220,0,0,0
TF,NIXOL,-6.196944,106.743889,0, ,0.0,0.0,0.0,0.0,0,0,0,1,220,0,0,0
TF,KANBO,-6.202778,106.693333,0, ,0.0,0.0,0.0,0.0,2,4000,0,1,220,0,0,0
TF,BIMUL,-6.236944,106.527500,0, ,0.0,0.0,0.0,0.0,2,6000,0,1,240,0,0,0
TF,PARBA,-6.088889,106.363611,0, ,0.0,0.0,0.0,0.0,2,9000,0,0,0,0,0,0
TF,SIPAH,-5.841389,106.090556,0, ,0.0,0.0,0.0,0.0,2,15000,0,0,0,0,0,0
TF,RIMTI,-5.423611,105.629722,0, ,0.0,0.0,0.0,0.0,2,26000,0,0,0,0,0,0

SID,RIMT1D,24,5
VA,0,248.0,2,1000,0,0,0,0,0,0
DF,UBNAV,-6.079722,106.484444,0, ,0.0,0.0,0,0,0,0,0,0,0,0
TF,NIPIP,-5.738611,106.270833,0, ,0.0,0.0,0.0,0.0,2,10000,0,0,0,0,0,0
TF,RIMTI,-5.423611,105.629722,0, ,0.0,0.0,0.0,0.0,3,21000,0,0,0,0,0,0

SID,RIMT1E,25L,5
CF,ISLIN,-6.232500,106.418056,0,HLM,273.8,28.1,248.0,15.0,2,4000,0,0,0,0,0,0
TF,KIKIB,-5.801667,105.997778,0, ,0.0,0.0,0.0,0.0,2,15000,0,0,0,0,0,0
TF,RIMTI,-5.423611,105.629722,0, ,0.0,0.0,0.0,0.0,2,23000,0,0,0,0,0,0

SID,RIMT1F,25R,5
VA,0,248.0,2,1000,0,0,0,0,0,0
DF,UBNAV,-6.079722,106.484444,0, ,0.0,0.0,0,0,0,0,0,0,0,0
TF,NIPIP,-5.738611,106.270833,0, ,0.0,0.0,0.0,0.0,2,10000,0,0,0,0,0,0
TF,RIMTI,-5.423611,105.629722,0, ,0.0,0.0,0.0,0.0,3,21000,0,0,0,0,0,0

STAR,AKSO2E,07L,5
IF,AKSOX,-5.296667,109.048333, ,0.0,0.0,0,0,0,0,0,0,0,0
TF,OLDUN,-5.555556,108.263611,0, ,0.0,0.0,0.0,0.0,2,31000,0,0,0,0,0,0
TF,IGUNA,-5.961667,107.985556,0, ,0.0,0.0,0.0,0.0,2,31000,0,0,0,0,0,0
TF,SAGAS,-5.961667,107.650000,0, ,0.0,0.0,0.0,0.0,2,25000,0,1,280,0,0,0
TF,UBNUX,-5.961667,107.316667,0, ,0.0,0.0,0.0,0.0,2,19000,0,1,270,0,0,0
TF,DKI,-5.961194,107.035528,0, ,0.0,0.0,0.0,0.0,1,14000,0,0,0,0,0,0
TF,ONILI,-5.960556,106.788333,0, ,0.0,0.0,0.0,0.0,1,10000,0,1,240,0,0,0
TF,PAPAF,-6.043333,106.583889,0, ,0.0,0.0,0.0,0.0,1,6000,0,1,220,0,0,0
TF,ELKIT,-6.109722,106.419444,0, ,0.0,0.0,0.0,0.0,1,3000,0,1,190,0,0,0
TF,NININ,-6.175750,106.431167,0, ,0.0,0.0,0.0,0.0,1,2000,0,1,190,0,0,0

STAR,AKSO2G,25L,5
IF,AKSOX,-5.296667,109.048333, ,0.0,0.0,0,0,0,0,0,0,0,0
TF,OLDUN,-5.555556,108.263611,0, ,0.0,0.0,0.0,0.0,2,28000,0,1,265,0,0,0
TF,IGUNA,-5.961667,107.985556,0, ,0.0,0.0,0.0,0.0,2,23000,0,1,265,0,0,0
TF,SAGAS,-5.961667,107.650000,0, ,0.0,0.0,0.0,0.0,2,17000,0,1,250,0,0,0
TF,UBNUX,-5.961667,107.316667,0, ,0.0,0.0,0.0,0.0,2,11000,0,1,230,0,0,0
TF,RUTGU,-5.961389,107.101389,0, ,0.0,0.0,0.0,0.0,1,7000,0,1,210,0,0,0
TF,OBGEG,-6.026111,106.935444,0, ,0.0,0.0,0.0,0.0,1,4000,0,1,190,0,0,0

STAR,AKSO2L,06,5
IF,AKSOX,-5.296667,109.048333, ,0.0,0.0,0,0,0,0,0,0,0,0
TF,OLDUN,-5.555556,108.263611,0, ,0.0,0.0,0.0,0.0,2,31000,0,0,0,0,0,0
TF,IGUNA,-5.961667,107.985556,0, ,0.0,0.0,0.0,0.0,2,31000,0,0,0,0,0,0
TF,SAGAS,-5.961667,107.650000,0, ,0.0,0.0,0.0,0.0,2,25000,0,1,280,0,0,0
TF,UBNUX,-5.961667,107.316667,0, ,0.0,0.0,0.0,0.0,2,19000,0,1,270,0,0,0
TF,DKI,-5.961194,107.035528,0, ,0.0,0.0,0.0,0.0,1,14000,0,0,0,0,0,0
TF,ONILI,-5.960556,106.788333,0, ,0.0,0.0,0.0,0.0,1,10000,0,1,240,0,0,0
TF,PAPAF,-6.043333,106.583889,0, ,0.0,0.0,0.0,0.0,1,6000,0,1,220,0,0,0
TF,ELKIT,-6.109722,106.419444,0, ,0.0,0.0,0.0,0.0,1,3000,0,1,190,0,0,0
TF,NININ,-6.175750,106.431167,0, ,0.0,0.0,0.0,0.0,1,2000,0,1,190,0,0,0

STAR,AMBO2F,07R,5
IF,AMBOY,-4.133333,108.166667, ,0.0,0.0,0,0,0,0,0,0,0,0
TF,DENDY,-5.196944,107.606667,0, ,0.0,0.0,0.0,0.0,2,31000,0,0,0,0,0,0
TF,BORPO,-5.352222,107.211944,0, ,0.0,0.0,0.0,0.0,2,25000,0,1,280,0,0,0
TF,LUVAX,-5.473333,106.901667,0, ,0.0,0.0,0.0,0.0,2,21000,0,1,265,0,0,0
TF,EMSEN,-5.866667,106.750000,0, ,0.0,0.0,0.0,0.0,1,13000,0,0,0,0,0,0
TF,KAKAP,-5.933333,106.583333,0, ,0.0,0.0,0.0,0.0,1,10000,0,1,240,0,0,0
TF,DAKAR,-6.043333,106.313333,0, ,0.0,0.0,0.0,0.0,1,7000,0,1,210,0,0,0
TF,OLPAS,-6.205111,106.341889,0, ,0.0,0.0,0.0,0.0,1,5000,0,1,190,0,0,0

STAR,AMBO2H,25R,5
IF,AMBOY,-4.133333,108.166667, ,0.0,0.0,0,0,0,0,0,0,0,0
TF,DENDY,-5.196944,107.606667,0, ,0.0,0.0,0.0,0.0,2,24000,0,1,270,0,0,0
TF,BORPO,-5.352222,107.211944,0, ,0.0,0.0,0.0,0.0,3,18000,0,1,250,0,0,0
TF,LUVAX,-5.473333,106.901667,0, ,0.0,0.0,0.0,0.0,3,12000,0,1,240,0,0,0
TF,BIBMI,-5.718333,106.898056,0, ,0.0,0.0,0.0,0.0,1,7000,0,0,0,0,0,0
TF,PRIOK,-5.960889,106.892944,0, ,0.0,0.0,0.0,0.0,1,3000,0,1,190,0,0,0

STAR,AMBO2M,24,5
IF,AMBOY,-4.133333,108.166667, ,0.0,0.0,0,0,0,0,0,0,0,0
TF,DENDY,-5.196944,107.606667,0, ,0.0,0.0,0.0,0.0,2,24000,0,1,270,0,0,0
TF,BORPO,-5.352222,107.211944,0, ,0.0,0.0,0.0,0.0,3,18000,0,1,250,0,0,0
TF,LUVAX,-5.473333,106.901667,0, ,0.0,0.0,0.0,0.0,3,12000,0,1,240,0,0,0
TF,BIBMI,-5.718333,106.898056,0, ,0.0,0.0,0.0,0.0,1,7000,0,0,0,0,0,0
TF,PRIOK,-5.960889,106.892944,0, ,0.0,0.0,0.0,0.0,1,3000,0,1,190,0,0,0

STAR,BIDA1A,07R,5
IF,BIDAK,-4.041389,106.031944, ,0.0,0.0,0,0,0,0,0,0,0,0
TF,BUNIK,-4.861667,106.623333,0, ,0.0,0.0,0.0,0.0,2,29000,0,0,0,0,0,0
TF,RAMAL,-5.174722,106.766389,0, ,0.0,0.0,0.0,0.0,2,25000,0,1,280,0,0,0
TF,LUVAX,-5.473333,106.901667,0, ,0.0,0.0,0.0,0.0,2,21000,0,1,265,0,0,0
TF,EMSEN,-5.866667,106.750000,0, ,0.0,0.0,0.0,0.0,1,13000,0,0,0,0,0,0
TF,KAKAP,-5.933333,106.583333,0, ,0.0,0.0,0.0,0.0,1,10000,0,1,240,0,0,0
TF,DAKAR,-6.043333,106.313333,0, ,0.0,0.0,0.0,0.0,1,7000,0,1,210,0,0,0
TF,OLPAS,-6.205111,106.341889,0, ,0.0,0.0,0.0,0.0,1,5000,0,1,190,0,0,0

STAR,BIDA1B,24,5
IF,BIDAK,-4.041389,106.031944, ,0.0,0.0,0,0,0,0,0,0,0,0
TF,BUNIK,-4.861667,106.623333,0, ,0.0,0.0,0.0,0.0,2,22000,0,1,270,0,0,0
TF,RAMAL,-5.174722,106.766389,0, ,0.0,0.0,0.0,0.0,2,17000,0,1,270,0,0,0
TF,LUVAX,-5.473333,106.901667,0, ,0.0,0.0,0.0,0.0,3,12000,0,1,240,0,0,0
TF,BIBMI,-5.718333,106.898056,0, ,0.0,0.0,0.0,0.0,1,7000,0,0,0,0,0,0
TF,PRIOK,-5.960889,106.892944,0, ,0.0,0.0,0.0,0.0,1,3000,0,1,190,0,0,0

STAR,BIDA1C,25R,5
IF,BIDAK,-4.041389,106.031944, ,0.0,0.0,0,0,0,0,0,0,0,0
TF,BUNIK,-4.861667,106.623333,0, ,0.0,0.0,0.0,0.0,2,22000,0,1,270,0,0,0
TF,RAMAL,-5.174722,106.766389,0, ,0.0,0.0,0.0,0.0,2,17000,0,1,270,0,0,0
TF,LUVAX,-5.473333,106.901667,0, ,0.0,0.0,0.0,0.0,3,12000,0,1,240,0,0,0
TF,BIBMI,-5.718333,106.898056,0, ,0.0,0.0,0.0,0.0,1,7000,0,0,0,0,0,0
TF,PRIOK,-5.960889,106.892944,0, ,0.0,0.0,0.0,0.0,1,3000,0,1,190,0,0,0

STAR,BUNI2F,07R,5
IF,BUNIK,-4.861667,106.623333, ,0.0,0.0,2,29000,0,0,0,0,0,0
TF,RAMAL,-5.174722,106.766389,0, ,0.0,0.0,0.0,0.0,2,25000,0,1,280,0,0,0
TF,LUVAX,-5.473333,106.901667,0, ,0.0,0.0,0.0,0.0,2,21000,0,1,265,0,0,0
TF,EMSEN,-5.866667,106.750000,0, ,0.0,0.0,0.0,0.0,1,13000,0,0,0,0,0,0
TF,KAKAP,-5.933333,106.583333,0, ,0.0,0.0,0.0,0.0,1,10000,0,1,240,0,0,0
TF,DAKAR,-6.043333,106.313333,0, ,0.0,0.0,0.0,0.0,1,7000,0,1,210,0,0,0
TF,OLPAS,-6.205111,106.341889,0, ,0.0,0.0,0.0,0.0,1,5000,0,1,190,0,0,0

STAR,BUNI2H,25R,5
IF,BUNIK,-4.861667,106.623333, ,0.0,0.0,2,22000,0,1,270,0,0,0
TF,RAMAL,-5.174722,106.766389,0, ,0.0,0.0,0.0,0.0,2,17000,0,1,270,0,0,0
TF,LUVAX,-5.473333,106.901667,0, ,0.0,0.0,0.0,0.0,3,12000,0,1,240,0,0,0
TF,BIBMI,-5.718333,106.898056,0, ,0.0,0.0,0.0,0.0,1,7000,0,0,0,0,0,0
TF,PRIOK,-5.960889,106.892944,0, ,0.0,0.0,0.0,0.0,1,3000,0,1,190,0,0,0

STAR,BUNI2M,24,5
IF,BUNIK,-4.861667,106.623333, ,0.0,0.0,2,22000,0,1,270,0,0,0
TF,RAMAL,-5.174722,106.766389,0, ,0.0,0.0,0.0,0.0,2,17000,0,1,270,0,0,0
TF,LUVAX,-5.473333,106.901667,0, ,0.0,0.0,0.0,0.0,3,12000,0,1,240,0,0,0
TF,BIBMI,-5.718333,106.898056,0, ,0.0,0.0,0.0,0.0,1,7000,0,0,0,0,0,0
TF,PRIOK,-5.960889,106.892944,0, ,0.0,0.0,0.0,0.0,1,3000,0,1,190,0,0,0

STAR,EGUK2E,07L,5
IF,EGUKO,-4.712500,108.814722, ,0.0,0.0,0,0,0,0,0,0,0,0
TF,OLDUN,-5.555556,108.263611,0, ,0.0,0.0,0.0,0.0,2,31000,0,0,0,0,0,0
TF,IGUNA,-5.961667,107.985556,0, ,0.0,0.0,0.0,0.0,2,31000,0,0,0,0,0,0
TF,SAGAS,-5.961667,107.650000,0, ,0.0,0.0,0.0,0.0,2,25000,0,1,280,0,0,0
TF,UBNUX,-5.961667,107.316667,0, ,0.0,0.0,0.0,0.0,2,19000,0,1,270,0,0,0
TF,DKI,-5.961194,107.035528,0, ,0.0,0.0,0.0,0.0,1,14000,0,0,0,0,0,0
TF,ONILI,-5.960556,106.788333,0, ,0.0,0.0,0.0,0.0,1,10000,0,1,240,0,0,0
TF,PAPAF,-6.043333,106.583889,0, ,0.0,0.0,0.0,0.0,1,6000,0,1,220,0,0,0
TF,ELKIT,-6.109722,106.419444,0, ,0.0,0.0,0.0,0.0,1,3000,0,1,190,0,0,0
TF,NININ,-6.175750,106.431167,0, ,0.0,0.0,0.0,0.0,1,2000,0,1,190,0,0,0

STAR,EGUK2G,25L,5
IF,EGUKO,-4.712500,108.814722, ,0.0,0.0,0,0,0,0,0,0,0,0
TF,OLDUN,-5.555556,108.263611,0, ,0.0,0.0,0.0,0.0,2,28000,0,1,265,0,0,0
TF,IGUNA,-5.961667,107.985556,0, ,0.0,0.0,0.0,0.0,2,23000,0,1,265,0,0,0
TF,SAGAS,-5.961667,107.650000,0, ,0.0,0.0,0.0,0.0,2,17000,0,1,250,0,0,0
TF,UBNUX,-5.961667,107.316667,0, ,0.0,0.0,0.0,0.0,2,11000,0,1,230,0,0,0
TF,RUTGU,-5.961389,107.101389,0, ,0.0,0.0,0.0,0.0,1,7000,0,1,210,0,0,0
TF,OBGEG,-6.026111,106.935444,0, ,0.0,0.0,0.0,0.0,1,4000,0,1,190,0,0,0

STAR,EGUK2L,06,5
IF,EGUKO,-4.712500,108.814722, ,0.0,0.0,0,0,0,0,0,0,0,0
TF,OLDUN,-5.555556,108.263611,0, ,0.0,0.0,0.0,0.0,2,31000,0,0,0,0,0,0
TF,IGUNA,-5.961667,107.985556,0, ,0.0,0.0,0.0,0.0,2,31000,0,0,0,0,0,0
TF,SAGAS,-5.961667,107.650000,0, ,0.0,0.0,0.0,0.0,2,25000,0,1,280,0,0,0
TF,UBNUX,-5.961667,107.316667,0, ,0.0,0.0,0.0,0.0,2,19000,0,1,270,0,0,0
TF,DKI,-5.961194,107.035528,0, ,0.0,0.0,0.0,0.0,1,14000,0,0,0,0,0,0
TF,ONILI,-5.960556,106.788333,0, ,0.0,0.0,0.0,0.0,1,10000,0,1,240,0,0,0
TF,PAPAF,-6.043333,106.583889,0, ,0.0,0.0,0.0,0.0,1,6000,0,1,220,0,0,0
TF,ELKIT,-6.109722,106.419444,0, ,0.0,0.0,0.0,0.0,1,3000,0,1,190,0,0,0
TF,NININ,-6.175750,106.431167,0, ,0.0,0.0,0.0,0.0,1,2000,0,1,190,0,0,0

STAR,IMU2E,07L,5
IF,IMU,-6.304194,108.339000, ,0.0,0.0,2,31000,0,0,0,0,0,0
TF,TESAP,-6.124444,108.152778,0, ,0.0,0.0,0.0,0.0,2,31000,0,0,0,0,0,0
TF,IGUNA,-5.961667,107.985556,0, ,0.0,0.0,0.0,0.0,2,31000,0,0,0,0,0,0
TF,SAGAS,-5.961667,107.650000,0, ,0.0,0.0,0.0,0.0,2,25000,0,1,280,0,0,0
TF,UBNUX,-5.961667,107.316667,0, ,0.0,0.0,0.0,0.0,2,19000,0,1,270,0,0,0
TF,DKI,-5.961194,107.035528,0, ,0.0,0.0,0.0,0.0,1,14000,0,0,0,0,0,0
TF,ONILI,-5.960556,106.788333,0, ,0.0,0.0,0.0,0.0,1,10000,0,1,240,0,0,0
TF,PAPAF,-6.043333,106.583889,0, ,0.0,0.0,0.0,0.0,1,6000,0,1,220,0,0,0
TF,ELKIT,-6.109722,106.419444,0, ,0.0,0.0,0.0,0.0,1,3000,0,1,190,0,0,0
TF,NININ,-6.175750,106.431167,0, ,0.0,0.0,0.0,0.0,1,2000,0,1,190,0,0,0

STAR,IMU2G,25L,5
IF,IMU,-6.304194,108.339000, ,0.0,0.0,2,28000,0,1,265,0,0,0
TF,TESAP,-6.124444,108.152778,0, ,0.0,0.0,0.0,0.0,2,26000,0,1,265,0,0,0
TF,IGUNA,-5.961667,107.985556,0, ,0.0,0.0,0.0,0.0,2,23000,0,1,265,0,0,0
TF,SAGAS,-5.961667,107.650000,0, ,0.0,0.0,0.0,0.0,2,17000,0,1,250,0,0,0
TF,UBNUX,-5.961667,107.316667,0, ,0.0,0.0,0.0,0.0,2,11000,0,1,230,0,0,0
TF,RUTGU,-5.961389,107.101389,0, ,0.0,0.0,0.0,0.0,1,7000,0,1,210,0,0,0
TF,OBGEG,-6.026111,106.935444,0, ,0.0,0.0,0.0,0.0,1,4000,0,1,190,0,0,0

STAR,IMU2L,06,5
IF,IMU,-6.304194,108.339000, ,0.0,0.0,2,31000,0,0,0,0,0,0
TF,TESAP,-6.124444,108.152778,0, ,0.0,0.0,0.0,0.0,2,31000,0,0,0,0,0,0
TF,IGUNA,-5.961667,107.985556,0, ,0.0,0.0,0.0,0.0,2,31000,0,0,0,0,0,0
TF,SAGAS,-5.961667,107.650000,0, ,0.0,0.0,0.0,0.0,2,25000,0,1,280,0,0,0
TF,UBNUX,-5.961667,107.316667,0, ,0.0,0.0,0.0,0.0,2,19000,0,1,270,0,0,0
TF,DKI,-5.961194,107.035528,0, ,0.0,0.0,0.0,0.0,1,14000,0,0,0,0,0,0
TF,ONILI,-5.960556,106.788333,0, ,0.0,0.0,0.0,0.0,1,10000,0,1,240,0,0,0
TF,PAPAF,-6.043333,106.583889,0, ,0.0,0.0,0.0,0.0,1,6000,0,1,220,0,0,0
TF,ELKIT,-6.109722,106.419444,0, ,0.0,0.0,0.0,0.0,1,3000,0,1,190,0,0,0
TF,NININ,-6.175750,106.431167,0, ,0.0,0.0,0.0,0.0,1,2000,0,1,190,0,0,0

STAR,IPKO2E,07L,5
IF,IPKON,-8.062222,108.269167, ,0.0,0.0,0,0,0,0,0,0,0,0
TF,ASORI,-7.645833,108.285833,0, ,0.0,0.0,0.0,0.0,0,0,0,0,0,0,0,0
TF,IMU,-6.304194,108.339000,0, ,0.0,0.0,0.0,0.0,2,31000,0,0,0,0,0,0
TF,TESAP,-6.124444,108.152778,0, ,0.0,0.0,0.0,0.0,2,31000,0,0,0,0,0,0
TF,IGUNA,-5.961667,107.985556,0, ,0.0,0.0,0.0,0.0,2,31000,0,0,0,0,0,0
TF,SAGAS,-5.961667,107.650000,0, ,0.0,0.0,0.0,0.0,2,25000,0,1,280,0,0,0
TF,UBNUX,-5.961667,107.316667,0, ,0.0,0.0,0.0,0.0,2,19000,0,1,270,0,0,0
TF,DKI,-5.961194,107.035528,0, ,0.0,0.0,0.0,0.0,1,14000,0,0,0,0,0,0
TF,ONILI,-5.960556,106.788333,0, ,0.0,0.0,0.0,0.0,1,10000,0,1,240,0,0,0
TF,PAPAF,-6.043333,106.583889,0, ,0.0,0.0,0.0,0.0,1,6000,0,1,220,0,0,0
TF,ELKIT,-6.109722,106.419444,0, ,0.0,0.0,0.0,0.0,1,3000,0,1,190,0,0,0
TF,NININ,-6.175750,106.431167,0, ,0.0,0.0,0.0,0.0,1,2000,0,1,190,0,0,0

STAR,IPKO2G,25L,5
IF,IPKON,-8.062222,108.269167, ,0.0,0.0,0,0,0,0,0,0,0,0
TF,ASORI,-7.645833,108.285833,0, ,0.0,0.0,0.0,0.0,0,0,0,0,0,0,0,0
TF,IMU,-6.304194,108.339000,0, ,0.0,0.0,0.0,0.0,2,28000,0,1,265,0,0,0
TF,TESAP,-6.124444,108.152778,0, ,0.0,0.0,0.0,0.0,2,26000,0,1,265,0,0,0
TF,IGUNA,-5.961667,107.985556,0, ,0.0,0.0,0.0,0.0,2,23000,0,1,265,0,0,0
TF,SAGAS,-5.961667,107.650000,0, ,0.0,0.0,0.0,0.0,2,17000,0,1,250,0,0,0
TF,UBNUX,-5.961667,107.316667,0, ,0.0,0.0,0.0,0.0,2,11000,0,1,230,0,0,0
TF,RUTGU,-5.961389,107.101389,0, ,0.0,0.0,0.0,0.0,1,7000,0,1,210,0,0,0
TF,OBGEG,-6.026111,106.935444,0, ,0.0,0.0,0.0,0.0,1,4000,0,1,190,0,0,0

STAR,IPKO2L,06,5
IF,IPKON,-8.062222,108.269167, ,0.0,0.0,0,0,0,0,0,0,0,0
TF,ASORI,-7.645833,108.285833,0, ,0.0,0.0,0.0,0.0,0,0,0,0,0,0,0,0
TF,IMU,-6.304194,108.339000,0, ,0.0,0.0,0.0,0.0,2,31000,0,0,0,0,0,0
TF,TESAP,-6.124444,108.152778,0, ,0.0,0.0,0.0,0.0,2,31000,0,0,0,0,0,0
TF,IGUNA,-5.961667,107.985556,0, ,0.0,0.0,0.0,0.0,2,31000,0,0,0,0,0,0
TF,SAGAS,-5.961667,107.650000,0, ,0.0,0.0,0.0,0.0,2,25000,0,1,280,0,0,0
TF,UBNUX,-5.961667,107.316667,0, ,0.0,0.0,0.0,0.0,2,19000,0,1,270,0,0,0
TF,DKI,-5.961194,107.035528,0, ,0.0,0.0,0.0,0.0,1,14000,0,0,0,0,0,0
TF,ONILI,-5.960556,106.788333,0, ,0.0,0.0,0.0,0.0,1,10000,0,1,240,0,0,0
TF,PAPAF,-6.043333,106.583889,0, ,0.0,0.0,0.0,0.0,1,6000,0,1,220,0,0,0
TF,ELKIT,-6.109722,106.419444,0, ,0.0,0.0,0.0,0.0,1,3000,0,1,190,0,0,0
TF,NININ,-6.175750,106.431167,0, ,0.0,0.0,0.0,0.0,1,2000,0,1,190,0,0,0

STAR,KURU2E,07L,5
IF,KURUS,-5.962222,108.477778, ,0.0,0.0,0,0,0,0,0,0,0,0
TF,IGUNA,-5.961667,107.985556,0, ,0.0,0.0,0.0,0.0,2,31000,0,0,0,0,0,0
TF,SAGAS,-5.961667,107.650000,0, ,0.0,0.0,0.0,0.0,2,25000,0,1,280,0,0,0
TF,UBNUX,-5.961667,107.316667,0, ,0.0,0.0,0.0,0.0,2,19000,0,1,270,0,0,0
TF,DKI,-5.961194,107.035528,0, ,0.0,0.0,0.0,0.0,1,14000,0,0,0,0,0,0
TF,ONILI,-5.960556,106.788333,0, ,0.0,0.0,0.0,0.0,1,10000,0,1,240,0,0,0
TF,PAPAF,-6.043333,106.583889,0, ,0.0,0.0,0.0,0.0,1,6000,0,1,220,0,0,0
TF,ELKIT,-6.109722,106.419444,0, ,0.0,0.0,0.0,0.0,1,3000,0,1,190,0,0,0
TF,NININ,-6.175750,106.431167,0, ,0.0,0.0,0.0,0.0,1,2000,0,1,190,0,0,0

STAR,KURU2G,25L,5
IF,KURUS,-5.962222,108.477778, ,0.0,0.0,0,0,0,0,0,0,0,0
TF,IGUNA,-5.961667,107.985556,0, ,0.0,0.0,0.0,0.0,2,23000,0,1,265,0,0,0
TF,SAGAS,-5.961667,107.650000,0, ,0.0,0.0,0.0,0.0,2,17000,0,1,250,0,0,0
TF,UBNUX,-5.961667,107.316667,0, ,0.0,0.0,0.0,0.0,2,11000,0,1,230,0,0,0
TF,RUTGU,-5.961389,107.101389,0, ,0.0,0.0,0.0,0.0,1,7000,0,1,210,0,0,0
TF,OBGEG,-6.026111,106.935444,0, ,0.0,0.0,0.0,0.0,1,4000,0,1,190,0,0,0

STAR,KURU2L,06,5
IF,KURUS,-5.962222,108.477778, ,0.0,0.0,0,0,0,0,0,0,0,0
TF,IGUNA,-5.961667,107.985556,0, ,0.0,0.0,0.0,0.0,2,31000,0,0,0,0,0,0
TF,SAGAS,-5.961667,107.650000,0, ,0.0,0.0,0.0,0.0,2,25000,0,1,280,0,0,0
TF,UBNUX,-5.961667,107.316667,0, ,0.0,0.0,0.0,0.0,2,19000,0,1,270,0,0,0
TF,DKI,-5.961194,107.035528,0, ,0.0,0.0,0.0,0.0,1,14000,0,0,0,0,0,0
TF,ONILI,-5.960556,106.788333,0, ,0.0,0.0,0.0,0.0,1,10000,0,1,240,0,0,0
TF,PAPAF,-6.043333,106.583889,0, ,0.0,0.0,0.0,0.0,1,6000,0,1,220,0,0,0
TF,ELKIT,-6.109722,106.419444,0, ,0.0,0.0,0.0,0.0,1,3000,0,1,190,0,0,0
TF,NININ,-6.175750,106.431167,0, ,0.0,0.0,0.0,0.0,1,2000,0,1,190,0,0,0

STAR,LADI1A,06,5
IF,LADIR,-8.591111,106.225556, ,0.0,0.0,0,0,0,0,0,0,0,0
TF,DONLI,-7.821667,107.905000,0, ,0.0,0.0,0.0,0.0,0,0,0,0,0,0,0,0
TF,ASORI,-7.645833,108.285833,0, ,0.0,0.0,0.0,0.0,0,0,0,0,0,0,0,0
TF,IMU,-6.304194,108.339000,0, ,0.0,0.0,0.0,0.0,2,31000,0,0,0,0,0,0
TF,TESAP,-6.124444,108.152778,0, ,0.0,0.0,0.0,0.0,2,31000,0,0,0,0,0,0
TF,IGUNA,-5.961667,107.985556,0, ,0.0,0.0,0.0,0.0,2,31000,0,0,0,0,0,0
TF,SAGAS,-5.961667,107.650000,0, ,0.0,0.0,0.0,0.0,2,25000,0,1,280,0,0,0
TF,UBNUX,-5.961667,107.316667,0, ,0.0,0.0,0.0,0.0,2,19000,0,1,270,0,0,0
TF,DKI,-5.961194,107.035528,0, ,0.0,0.0,0.0,0.0,1,14000,0,0,0,0,0,0
TF,ONILI,-5.960556,106.788333,0, ,0.0,0.0,0.0,0.0,1,10000,0,1,240,0,0,0
TF,PAPAF,-6.043333,106.583889,0, ,0.0,0.0,0.0,0.0,1,6000,0,1,220,0,0,0
TF,ELKIT,-6.109722,106.419444,0, ,0.0,0.0,0.0,0.0,1,3000,0,1,190,0,0,0
TF,NININ,-6.175750,106.431167,0, ,0.0,0.0,0.0,0.0,1,2000,0,1,190,0,0,0

STAR,LADI1B,07L,5
IF,LADIR,-8.591111,106.225556, ,0.0,0.0,0,0,0,0,0,0,0,0
TF,DONLI,-7.821667,107.905000,0, ,0.0,0.0,0.0,0.0,0,0,0,0,0,0,0,0
TF,ASORI,-7.645833,108.285833,0, ,0.0,0.0,0.0,0.0,0,0,0,0,0,0,0,0
TF,IMU,-6.304194,108.339000,0, ,0.0,0.0,0.0,0.0,2,31000,0,0,0,0,0,0
TF,TESAP,-6.124444,108.152778,0, ,0.0,0.0,0.0,0.0,2,31000,0,0,0,0,0,0
TF,IGUNA,-5.961667,107.985556,0, ,0.0,0.0,0.0,0.0,2,31000,0,0,0,0,0,0
TF,SAGAS,-5.961667,107.650000,0, ,0.0,0.0,0.0,0.0,2,25000,0,1,280,0,0,0
TF,UBNUX,-5.961667,107.316667,0, ,0.0,0.0,0.0,0.0,2,19000,0,1,270,0,0,0
TF,DKI,-5.961194,107.035528,0, ,0.0,0.0,0.0,0.0,1,14000,0,0,0,0,0,0
TF,ONILI,-5.960556,106.788333,0, ,0.0,0.0,0.0,0.0,1,10000,0,1,240,0,0,0
TF,PAPAF,-6.043333,106.583889,0, ,0.0,0.0,0.0,0.0,1,6000,0,1,220,0,0,0
TF,ELKIT,-6.109722,106.419444,0, ,0.0,0.0,0.0,0.0,1,3000,0,1,190,0,0,0
TF,NININ,-6.175750,106.431167,0, ,0.0,0.0,0.0,0.0,1,2000,0,1,190,0,0,0

STAR,LADI1C,25L,5
IF,LADIR,-8.591111,106.225556, ,0.0,0.0,0,0,0,0,0,0,0,0
TF,DONLI,-7.821667,107.905000,0, ,0.0,0.0,0.0,0.0,0,0,0,0,0,0,0,0
TF,ASORI,-7.645833,108.285833,0, ,0.0,0.0,0.0,0.0,0,0,0,0,0,0,0,0
TF,IMU,-6.304194,108.339000,0, ,0.0,0.0,0.0,0.0,2,28000,0,1,265,0,0,0
TF,TESAP,-6.124444,108.152778,0, ,0.0,0.0,0.0,0.0,2,26000,0,1,265,0,0,0
TF,IGUNA,-5.961667,107.985556,0, ,0.0,0.0,0.0,0.0,2,23000,0,1,265,0,0,0
TF,SAGAS,-5.961667,107.650000,0, ,0.0,0.0,0.0,0.0,2,17000,0,1,250,0,0,0
TF,UBNUX,-5.961667,107.316667,0, ,0.0,0.0,0.0,0.0,2,11000,0,1,230,0,0,0
TF,RUTGU,-5.961389,107.101389,0, ,0.0,0.0,0.0,0.0,1,7000,0,1,210,0,0,0
TF,OBGEG,-6.026111,106.935444,0, ,0.0,0.0,0.0,0.0,1,4000,0,1,190,0,0,0

STAR,TKG2F,07R,5
IF,TKG,-5.260339,105.194147, ,0.0,0.0,0,0,0,0,0,0,0,0
TF,BAMNI,-5.260000,105.993333,0, ,0.0,0.0,0.0,0.0,2,29000,0,0,0,0,0,0
TF,BIDOV,-5.260278,106.213333,0, ,0.0,0.0,0.0,0.0,0,0,0,0,0,0,0,0
TF,CARTA,-5.374722,106.583056,0, ,0.0,0.0,0.0,0.0,2,25000,0,1,280,0,0,0
TF,LUVAX,-5.473333,106.901667,0, ,0.0,0.0,0.0,0.0,2,21000,0,1,265,0,0,0
TF,EMSEN,-5.866667,106.750000,2, ,0.0,0.0,0.0,0.0,1,13000,0,0,0,0,0,0
TF,KAKAP,-5.933333,106.583333,0, ,0.0,0.0,0.0,0.0,1,10000,0,1,240,0,0,0
TF,DAKAR,-6.043333,106.313333,0, ,0.0,0.0,0.0,0.0,1,7000,0,1,210,0,0,0
TF,OLPAS,-6.205111,106.341889,0, ,0.0,0.0,0.0,0.0,1,5000,0,1,190,0,0,0

STAR,TKG2H,25R,5
IF,TKG,-5.260339,105.194147, ,0.0,0.0,0,0,0,0,0,0,0,0
TF,BAMNI,-5.260000,105.993333,0, ,0.0,0.0,0.0,0.0,2,26000,0,1,250,0,0,0
TF,BIDOV,-5.260278,106.213333,0, ,0.0,0.0,0.0,0.0,0,0,0,0,0,0,0,0
TF,CARTA,-5.374722,106.583056,0, ,0.0,0.0,0.0,0.0,0,0,0,0,0,0,0,0
TF,LUVAX,-5.473333,106.901667,0, ,0.0,0.0,0.0,0.0,3,12000,0,1,240,0,0,0
TF,BIBMI,-5.718333,106.898056,0, ,0.0,0.0,0.0,0.0,1,7000,0,0,0,0,0,0
TF,PRIOK,-5.960889,106.892944,0, ,0.0,0.0,0.0,0.0,1,3000,0,1,190,0,0,0

STAR,TKG2M,24,5
IF,TKG,-5.260339,105.194147, ,0.0,0.0,0,0,0,0,0,0,0,0
TF,BAMNI,-5.260000,105.993333,0, ,0.0,0.0,0.0,0.0,2,26000,0,1,250,0,0,0
TF,BIDOV,-5.260278,106.213333,0, ,0.0,0.0,0.0,0.0,0,0,0,0,0,0,0,0
TF,CARTA,-5.374722,106.583056,0, ,0.0,0.0,0.0,0.0,0,0,0,0,0,0,0,0
TF,LUVAX,-5.473333,106.901667,0, ,0.0,0.0,0.0,0.0,3,12000,0,1,240,0,0,0
TF,BIBMI,-5.718333,106.898056,0, ,0.0,0.0,0.0,0.0,1,7000,0,0,0,0,0,0
TF,PRIOK,-5.960889,106.892944,0, ,0.0,0.0,0.0,0.0,1,3000,0,1,190,0,0,0

STAR,TOPA1A,06,5
IF,TOPAR,-8.442500,107.631389, ,0.0,0.0,0,0,0,0,0,0,0,0
TF,IDKUR,-7.970000,108.020000,0, ,0.0,0.0,0.0,0.0,0,0,0,0,0,0,0,0
TF,ASORI,-7.645833,108.285833,0, ,0.0,0.0,0.0,0.0,0,0,0,0,0,0,0,0
TF,IMU,-6.304194,108.339000,0, ,0.0,0.0,0.0,0.0,2,31000,0,0,0,0,0,0
TF,TESAP,-6.124444,108.152778,0, ,0.0,0.0,0.0,0.0,2,31000,0,0,0,0,0,0
TF,IGUNA,-5.961667,107.985556,0, ,0.0,0.0,0.0,0.0,2,31000,0,0,0,0,0,0
TF,SAGAS,-5.961667,107.650000,0, ,0.0,0.0,0.0,0.0,2,25000,0,1,280,0,0,0
TF,UBNUX,-5.961667,107.316667,0, ,0.0,0.0,0.0,0.0,2,19000,0,1,270,0,0,0
TF,DKI,-5.961194,107.035528,0, ,0.0,0.0,0.0,0.0,1,14000,0,0,0,0,0,0
TF,ONILI,-5.960556,106.788333,0, ,0.0,0.0,0.0,0.0,1,10000,0,1,240,0,0,0
TF,PAPAF,-6.043333,106.583889,0, ,0.0,0.0,0.0,0.0,1,6000,0,1,220,0,0,0
TF,ELKIT,-6.109722,106.419444,0, ,0.0,0.0,0.0,0.0,1,3000,0,1,190,0,0,0
TF,NININ,-6.175750,106.431167,0, ,0.0,0.0,0.0,0.0,1,2000,0,1,190,0,0,0

STAR,TOPA1B,07L,5
IF,TOPAR,-8.442500,107.631389, ,0.0,0.0,0,0,0,0,0,0,0,0
TF,IDKUR,-7.970000,108.020000,0, ,0.0,0.0,0.0,0.0,0,0,0,0,0,0,0,0
TF,ASORI,-7.645833,108.285833,0, ,0.0,0.0,0.0,0.0,0,0,0,0,0,0,0,0
TF,IMU,-6.304194,108.339000,0, ,0.0,0.0,0.0,0.0,2,31000,0,0,0,0,0,0
TF,TESAP,-6.124444,108.152778,0, ,0.0,0.0,0.0,0.0,2,31000,0,0,0,0,0,0
TF,IGUNA,-5.961667,107.985556,0, ,0.0,0.0,0.0,0.0,2,31000,0,0,0,0,0,0
TF,SAGAS,-5.961667,107.650000,0, ,0.0,0.0,0.0,0.0,2,25000,0,1,280,0,0,0
TF,UBNUX,-5.961667,107.316667,0, ,0.0,0.0,0.0,0.0,2,19000,0,1,270,0,0,0
TF,DKI,-5.961194,107.035528,0, ,0.0,0.0,0.0,0.0,1,14000,0,0,0,0,0,0
TF,ONILI,-5.960556,106.788333,0, ,0.0,0.0,0.0,0.0,1,10000,0,1,240,0,0,0
TF,PAPAF,-6.043333,106.583889,0, ,0.0,0.0,0.0,0.0,1,6000,0,1,220,0,0,0
TF,ELKIT,-6.109722,106.419444,0, ,0.0,0.0,0.0,0.0,1,3000,0,1,190,0,0,0
TF,NININ,-6.175750,106.431167,0, ,0.0,0.0,0.0,0.0,1,2000,0,1,190,0,0,0

STAR,TOPA1C,25L,5
IF,TOPAR,-8.442500,107.631389, ,0.0,0.0,0,0,0,0,0,0,0,0
TF,IDKUR,-7.970000,108.020000,0, ,0.0,0.0,0.0,0.0,0,0,0,0,0,0,0,0
TF,ASORI,-7.645833,108.285833,0, ,0.0,0.0,0.0,0.0,0,0,0,0,0,0,0,0
TF,IMU,-6.304194,108.339000,0, ,0.0,0.0,0.0,0.0,2,28000,0,1,265,0,0,0
TF,TESAP,-6.124444,108.152778,0, ,0.0,0.0,0.0,0.0,2,26000,0,1,265,0,0,0
TF,IGUNA,-5.961667,107.985556,0, ,0.0,0.0,0.0,0.0,2,23000,0,1,265,0,0,0
TF,SAGAS,-5.961667,107.650000,0, ,0.0,0.0,0.0,0.0,2,17000,0,1,250,0,0,0
TF,UBNUX,-5.961667,107.316667,0, ,0.0,0.0,0.0,0.0,2,11000,0,1,230,0,0,0
TF,RUTGU,-5.961389,107.101389,0, ,0.0,0.0,0.0,0.0,1,7000,0,1,210,0,0,0
TF,OBGEG,-6.026111,106.935444,0, ,0.0,0.0,0.0,0.0,1,4000,0,1,190,0,0,0

APPTR,I07L,07L,NININ
IF,NININ,-6.175750,106.431167, ,0.0,0.0,1,2000,0,1,190,0,1,0
TF,ODBAN,-6.181361,106.487361,0,ICHL,0.0,0.0,0.0,0.0,1,2000,0,0,0,0,1,0

FINAL,I07L,07L,I,3
IF,ODBAN,-6.181361,106.487361,ICHL,247.3,11.8,1,2000,0,0,0,0,0,0
CF,FF07L,-6.158389,106.545000,0,ICHL,247.3,8.1,68.0,3.7,1,2000,0,0,0,0,2,0
CF,RW07L,-6.121017,106.638825,0,ICHL,247.3,2.1,68.0,6.0,1,80,0,0,0,0,3,0
CA,0,68.0,2,500,0,0,0,0,0,0
DF,IBUVO,-5.866667,106.697222,0, ,0.0,0.0,3,3000,0,0,0,0,0,0
TF,LUVAX,-5.473333,106.901667,0, ,0.0,0.0,0.0,0.0,1,9000,0,0,0,0,0,0
HM,LUVAX,-5.473333,106.901667,2, ,0.0,0.0,154.0,04.3,2,9000,0,0,0,0,0,0,0

APPTR,I07R,07R,OLPAS
IF,OLPAS,-6.205111,106.341889, ,0.0,0.0,1,5000,0,1,190,0,1,0
TF,KOTAB,-6.240278,106.398389,0,ICHR,0.0,0.0,0.0,0.0,2,4000,0,0,0,0,1,0

FINAL,I07R,07R,I,3
IF,KOTAB,-6.240278,106.398389,ICHR,247.3,17.9,2,4000,0,0,0,0,0,0
CF,FF07R,-6.199306,106.501250,0,ICHR,247.3,11.3,68.0,6.6,1,3000,0,0,0,0,2,0
CF,RW07R,-6.142558,106.643661,0,ICHR,247.3,2.1,68.0,9.2,1,85,0,0,0,0,3,0
CA,0,68.0,2,500,0,0,0,0,0,0
DF,OPAKI,-6.036389,107.030806,0, ,0.0,0.0,3,3000,0,0,0,0,0,0
TF,UBNUX,-5.961667,107.316667,0, ,0.0,0.0,0.0,0.0,1,3000,0,0,0,0,0,0
HM,UBNUX,-5.961667,107.316667,2, ,0.0,0.0,269.0,04.3,1,3000,0,0,0,0,0,0,0

APPTR,I24,24,PRIOK
IF,PRIOK,-5.960889,106.892944, ,0.0,0.0,1,3000,0,1,190,0,1,0
TF,MILEA,-6.043194,106.821694,0,ICGK,0.0,0.0,0.0,0.0,1,2000,0,0,0,0,1,0

FINAL,I24,24,I,3
IF,MILEA,-6.043194,106.821694,ICGK,67.3,11.6,1,2000,0,0,0,0,0,0
CF,FF24,-6.066250,106.764000,0,ICGK,67.3,7.8,248.0,3.7,1,2000,0,0,0,0,2,0
CF,RW24,-6.103842,106.669767,0,ICGK,67.3,1.8,248.0,6.1,1,69,0,0,0,0,3,0
CA,0,248.0,2,500,0,0,0,0,0,0
DF,TIKAM,-5.948056,106.654833,2, ,0.0,0.0,3,3000,0,0,0,0,0,0
TF,LUVAX,-5.473333,106.901667,0, ,0.0,0.0,0.0,0.0,1,6000,0,0,0,0,0,0
HM,LUVAX,-5.473333,106.901667,2, ,0.0,0.0,154.0,04.3,1,6000,0,0,0,0,0,0,0

APPTR,I25L,25L,OBGEG
IF,OBGEG,-6.026111,106.935444, ,0.0,0.0,1,4000,0,1,190,0,1,0
TF,UGSEL,-6.041611,106.896611,0,ICGL,0.0,0.0,0.0,0.0,1,4000,0,0,0,0,1,0

FINAL,I25L,25L,I,3
IF,UGSEL,-6.041611,106.896611,ICGL,67.3,16.4,1,4000,0,0,0,0,0,0
CF,FF25L,-6.073306,106.816972,0,ICGL,67.3,11.3,248.0,5.1,1,3000,0,0,0,0,2,0
CF,RW25L,-6.130303,106.674394,0,ICGL,67.3,2.1,248.0,9.2,1,78,0,0,0,0,3,0
CF,BEMLO,-6.198333,106.503611,0,CKG,247.4,1.7,248.0,11.0,2,3000,0,1,220,0,0,0
TF,OLPIK,-6.291667,106.541111,0, ,0.0,0.0,0.0,0.0,2,5000,0,1,220,0,0,0
TF,SABVA,-6.263361,106.633472,0, ,0.0,0.0,0.0,0.0,0,0,0,1,220,0,0,0
TF,ATOTO,-6.180000,106.697778,0, ,0.0,0.0,0.0,0.0,0,0,0,1,220,0,0,0
TF,LEMAG,-6.105556,106.801667,0, ,0.0,0.0,0.0,0.0,1,6000,0,0,0,0,0,0
TF,IRVOP,-6.098611,107.101389,0, ,0.0,0.0,0.0,0.0,0,0,0,0,0,0,0,0
TF,UBNUX,-5.961667,107.316667,0, ,0.0,0.0,0.0,0.0,1,6000,0,0,0,0,0,0
HM,UBNUX,-5.961667,107.316667,2, ,0.0,0.0,269.0,04.3,1,6000,0,0,0,0,0,0,0

APPTR,I25R,25R,PRIOK
IF,PRIOK,-5.960889,106.892944, ,0.0,0.0,1,3000,0,1,190,0,1,0
TF,ARKAP,-6.048417,106.820889,0,ICGR,0.0,0.0,0.0,0.0,1,2000,0,0,0,0,1,0

FINAL,I25R,25R,I,3
IF,ARKAP,-6.048417,106.820889,ICGR,67.3,11.9,1,2000,0,0,0,0,0,0
CF,FF25R,-6.071389,106.763250,0,ICGR,67.3,8.2,248.0,3.7,1,2000,0,0,0,0,2,0
CF,RW25R,-6.108964,106.669061,0,ICGR,67.3,2.1,248.0,6.1,1,72,0,0,0,0,3,0
CA,0,248.0,2,500,0,0,0,0,0,0
DF,TIKAM,-5.948056,106.654833,2, ,0.0,0.0,3,3000,0,0,0,0,0,0
TF,LUVAX,-5.473333,106.901667,0, ,0.0,0.0,0.0,0.0,1,6000,0,0,0,0,0,0
HM,LUVAX,-5.473333,106.901667,2, ,0.0,0.0,154.0,04.3,1,6000,0,0,0,0,0,0,0

APPTR,R06,06,NININ
IF,NININ,-6.175750,106.431167, ,0.0,0.0,1,2000,0,1,190,0,1,0
TF,KILIG,-6.174278,106.493139,0, ,0.0,0.0,0.0,0.0,1,2000,0,0,0,0,1,0

FINAL,R06,06,R,3
IF,KILIG,-6.174278,106.493139, ,0.0,0.0,1,2000,0,0,0,0,0,0
TF,LAXOX,-6.152583,106.547556,0, ,0.0,0.0,68.0,3.5,1,2000,0,0,0,0,2,0
TF,RW06,-6.113886,106.644592,0, ,0.0,0.0,68.0,6.2,1,79,0,0,0,0,3,1
CA,0,68.0,2,500,0,0,0,0,0,0
DF,IBUVO,-5.866667,106.697222,0, ,0.0,0.0,3,3000,0,0,0,0,0,0
TF,LUVAX,-5.473333,106.901667,0, ,0.0,0.0,0.0,0.0,1,9000,0,0,0,0,0,0
HM,LUVAX,-5.473333,106.901667,2, ,0.0,0.0,154.0,04.3,1,9000,0,0,0,0,0,0,0

APPTR,R07L,07L,NININ
IF,NININ,-6.175750,106.431167, ,0.0,0.0,1,2000,0,1,190,0,1,0
TF,ODBAN,-6.181361,106.487361,0, ,0.0,0.0,0.0,0.0,1,2000,0,0,0,0,1,0

FINAL,R07L,07L,R,3
IF,ODBAN,-6.181361,106.487361, ,0.0,0.0,1,2000,0,0,0,0,0,0
TF,NEGLA,-6.159694,106.541778,0, ,0.0,0.0,68.0,3.5,1,2000,0,0,0,0,2,0
TF,RW07L,-6.121017,106.638825,0, ,0.0,0.0,68.0,6.2,1,79,0,0,0,0,3,1
CA,0,68.0,2,500,0,0,0,0,0,0
DF,IBUVO,-5.866667,106.697222,0, ,0.0,0.0,3,3000,0,0,0,0,0,0
TF,LUVAX,-5.473333,106.901667,0, ,0.0,0.0,0.0,0.0,1,9000,0,0,0,0,0,0
HM,LUVAX,-5.473333,106.901667,2, ,0.0,0.0,154.0,04.3,1,9000,0,0,0,0,0,0,0

APPTR,R07R,07R,OLPAS
IF,OLPAS,-6.205111,106.341889, ,0.0,0.0,1,5000,0,1,190,0,1,0
TF,KOTAB,-6.240278,106.398389,0, ,0.0,0.0,0.0,0.0,2,4000,0,0,0,0,1,0

FINAL,R07R,07R,R,3
IF,KOTAB,-6.240278,106.398389, ,0.0,0.0,2,4000,0,0,0,0,0,0
TF,GULEX,-6.201278,106.496333,0, ,0.0,0.0,68.0,6.3,2,3000,0,0,0,0,2,0
TF,RW07R,-6.142558,106.643661,0, ,0.0,0.0,68.0,9.5,1,84,0,0,0,0,3,1
CA,0,68.0,2,500,0,0,0,0,0,0
DF,OPAKI,-6.036389,107.030806,0, ,0.0,0.0,3,3000,0,0,0,0,0,0
TF,UBNUX,-5.961667,107.316667,0, ,0.0,0.0,0.0,0.0,1,3000,0,0,0,0,0,0
HM,UBNUX,-5.961667,107.316667,2, ,0.0,0.0,269.0,04.3,1,3000,0,0,0,0,0,0,0

APPTR,R24,24,PRIOK
IF,PRIOK,-5.960889,106.892944, ,0.0,0.0,1,3000,0,1,190,0,1,0
TF,MILEA,-6.043194,106.821694,0, ,0.0,0.0,0.0,0.0,1,2000,0,0,0,0,1,0

FINAL,R24,24,R,4
IF,MILEA,-6.043194,106.821694, ,0.0,0.0,1,2000,0,0,0,0,0,0
TF,LUXAT,-6.064917,106.767306,0, ,0.0,0.0,248.0,3.5,1,2000,0,0,0,0,2,0
TF,NOBOS,-6.081028,106.726917,0, ,0.0,0.0,248.0,2.6,2,1200,0,0,0,0,0,0
TF,RW24,-6.103842,106.669767,0, ,0.0,0.0,248.0,3.7,1,69,0,0,0,0,3,1
CA,0,248.0,2,500,0,0,0,0,0,0
DF,TIKAM,-5.948056,106.654833,2, ,0.0,0.0,3,3000,0,0,0,0,0,0
TF,LUVAX,-5.473333,106.901667,0, ,0.0,0.0,0.0,0.0,1,6000,0,0,0,0,0,0
HM,LUVAX,-5.473333,106.901667,2, ,0.0,0.0,154.0,04.3,1,6000,0,0,0,0,0,0,0

APPTR,R25L,25L,OBGEG
IF,OBGEG,-6.026111,106.935444, ,0.0,0.0,1,4000,0,1,190,0,1,0
TF,UGSEL,-6.041611,106.896611,0, ,0.0,0.0,0.0,0.0,1,4000,0,0,0,0,1,0

FINAL,R25L,25L,R,4
IF,UGSEL,-6.041611,106.896611, ,0.0,0.0,1,4000,0,0,0,0,0,0
TF,LEKOT,-6.071389,106.822028,0, ,0.0,0.0,248.0,4.8,2,3000,0,0,0,0,2,0
TF,POROX,-6.105667,106.736194,0, ,0.0,0.0,248.0,5.5,2,1300,0,0,0,0,0,0
TF,RW25L,-6.130303,106.674394,0, ,0.0,0.0,248.0,4.0,1,77,0,0,0,0,3,1
CF,BEMLO,-6.198333,106.503611,0,CKG,247.4,1.7,248.0,11.0,2,3000,0,1,220,0,0,0
TF,OLPIK,-6.291667,106.541111,0, ,0.0,0.0,0.0,0.0,2,5000,0,1,220,0,0,0
TF,SABVA,-6.263361,106.633472,0, ,0.0,0.0,0.0,0.0,0,0,0,1,220,0,0,0
TF,ATOTO,-6.180000,106.697778,0, ,0.0,0.0,0.0,0.0,0,0,0,1,220,0,0,0
TF,LEMAG,-6.105556,106.801667,0, ,0.0,0.0,0.0,0.0,1,6000,0,0,0,0,0,0
TF,IRVOP,-6.098611,107.101389,0, ,0.0,0.0,0.0,0.0,0,0,0,0,0,0,0,0
TF,UBNUX,-5.961667,107.316667,0, ,0.0,0.0,0.0,0.0,1,6000,0,0,0,0,0,0
HM,UBNUX,-5.961667,107.316667,2, ,0.0,0.0,269.0,04.3,1,6000,0,0,0,0,0,0,0

APPTR,R25R,25R,PRIOK
IF,PRIOK,-5.960889,106.892944, ,0.0,0.0,1,3000,0,1,190,0,1,0
TF,ARKAP,-6.048417,106.820889,0, ,0.0,0.0,0.0,0.0,1,2000,0,0,0,0,1,0

FINAL,R25R,25R,R,4
IF,ARKAP,-6.048417,106.820889, ,0.0,0.0,1,2000,0,0,0,0,0,0
TF,INSTO,-6.070111,106.766500,0, ,0.0,0.0,248.0,3.5,1,2000,0,0,0,0,2,0
TF,RUROM,-6.086222,106.726111,0, ,0.0,0.0,248.0,2.6,2,1200,0,0,0,0,0,0
TF,RW25R,-6.108964,106.669061,0, ,0.0,0.0,248.0,3.7,1,71,0,0,0,0,3,1
CA,0,248.0,2,500,0,0,0,0,0,0
DF,TIKAM,-5.948056,106.654833,2, ,0.0,0.0,3,3000,0,0,0,0,0,0
TF,LUVAX,-5.473333,106.901667,0, ,0.0,0.0,0.0,0.0,1,6000,0,0,0,0,0,0
HM,LUVAX,-5.473333,106.901667,2, ,0.0,0.0,154.0,04.3,1,6000,0,0,0,0,0,0,0

