APPTR,R13,13,UDIVU
IF,UDIVU,-1.417583,102.014167, ,0.0,0.0,2,3000,0,0,0,0,1,0
TF,JB501,-1.449389,102.057111,0, ,0.0,0.0,0.0,0.0,2,2000,0,0,0,0,1,0

FINAL,R13,13,R,3
IF,JB501,-1.449389,102.057111, ,0.0,0.0,2,2000,0,0,0,0,0,0
TF,JB502,-1.479167,102.097333,0, ,0.0,0.0,126.0,3.0,2,2000,0,0,0,0,2,0
TF,RW13,-1.535100,102.172833,0, ,0.0,0.0,126.0,5.6,1,214,0,0,0,0,3,1
CA,0,126.0,2,1500,0,0,0,0,0,0
DF,UDIVU,-1.417583,102.014167,1, ,0.0,0.0,2,3000,0,0,0,0,0,0
HM,UDIVU,-1.417583,102.014167,1, ,0.0,0.0,126.0,04.3,2,3000,0,0,0,0,0,0,0

