SID,BIDK1A,13,2
VA,0,129.0,2,2000,0,0,0,0,0,0
VI,0, ,0.0,104.0,0,0,0,0,0,0,0,0
CF,BIDKA,-1.956389,104.226111,0,JMB,118.7,39.8,119.0,34.0,0,0,0,0,0,0,0,0

SID,BIDK1B,31,2
VA,0,309.0,2,2000,0,0,0,0,0,0
VR,2,JMB,40.0,149.0,2,4000,0,0,0,0,0,0
VI,0, ,0.0,149.0,0,0,0,0,0,0,0,0
CF,BIDKA,-1.956389,104.226111,0,JMB,118.7,39.8,119.0,35.0,0,0,0,0,0,0,0,0

SID,IGLU1A,13,2
VA,0,129.0,2,2000,0,0,0,0,0,0
VI,2, ,0.0,304.0,0,0,0,0,0,0,0,0
IF,JMB,-1.636000,103.645056, ,0.0,0.0,0,0,0,0,0,0,0,0
TF,IGLUP,-1.543333,102.178611,0, ,0.0,0.0,0.0,0.0,0,0,0,0,0,0,0,0

SID,IGLU1B,31,2
VA,0,309.0,2,2000,0,0,0,0,0,0
VI,0, ,0.0,244.0,0,0,0,0,0,0,0,0
IF,JMB,-1.636000,103.645056, ,0.0,0.0,0,0,0,0,0,0,0,0
TF,IGLUP,-1.543333,102.178611,0, ,0.0,0.0,0.0,0.0,0,0,0,0,0,0,0,0

SID,IGUT1D,13,2
VA,0,129.0,2,2000,0,0,0,0,0,0
VI,1, ,0.0,358.0,0,0,0,0,0,0,0,0
IF,JMB,-1.636000,103.645056, ,0.0,0.0,0,0,0,0,0,0,0,0
TF,IGUTU,-0.225278,104.315833,0, ,0.0,0.0,0.0,0.0,0,0,0,0,0,0,0,0

SID,IGUT1E,31,2
VA,0,309.0,2,2000,0,0,0,0,0,0
VI,2, ,0.0,58.0,0,0,0,0,0,0,0,0
IF,JMB,-1.636000,103.645056, ,0.0,0.0,0,0,0,0,0,0,0,0
TF,IGUTU,-0.225278,104.315833,0, ,0.0,0.0,0.0,0.0,0,0,0,0,0,0,0,0

SID,KUAL1E,13,2
VA,0,129.0,2,2000,0,0,0,0,0,0
VR,1,JMB,40.0,298.0,2,4000,0,0,0,0,0,0
VI,0, ,0.0,298.0,0,0,0,0,0,0,0,0
CF,KUALA,-1.143889,103.143333,0,JMB,314.3,42.1,314.0,33.0,0,0,0,0,0,0,0,0

SID,KUAL1F,31,2
VA,0,309.0,2,2000,0,0,0,0,0,0
VI,0, ,0.0,340.0,0,0,0,0,0,0,0,0
CF,KUALA,-1.143889,103.143333,0,JMB,314.3,42.1,314.0,38.0,0,0,0,0,0,0,0,0

SID,OVSE1E,13,2
VA,0,129.0,2,2000,0,0,0,0,0,0
VI,2, ,0.0,304.0,0,0,0,0,0,0,0,0
CF,OVSET,-1.565000,102.692778,0,JMB,274.2,57.4,274.0,49.0,0,0,0,0,0,0,0,0

SID,OVSE1F,31,2
VA,0,309.0,2,2000,0,0,0,0,0,0
VI,0, ,0.0,244.0,0,0,0,0,0,0,0,0
CF,OVSET,-1.565000,102.692778,0,JMB,274.2,57.4,274.0,51.0,0,0,0,0,0,0,0,0

SID,PLB1E,13,2
VA,0,129.0,2,2000,0,0,0,0,0,0
VI,0, ,0.0,170.0,0,0,0,0,0,0,0,0
IF,JMB,-1.636000,103.645056, ,0.0,0.0,0,0,0,0,0,0,0,0
TF,PLB,-2.878583,104.653167,0, ,0.0,0.0,0.0,0.0,0,0,0,0,0,0,0,0

SID,PLB1F,31,2
VA,0,309.0,2,2000,0,0,0,0,0,0
VR,1,JMB,220.0,111.0,2,4000,0,0,0,0,0,0
VI,0, ,0.0,111.0,0,0,0,0,0,0,0,0
IF,JMB,-1.636000,103.645056, ,0.0,0.0,0,0,0,0,0,0,0,0
TF,PLB,-2.878583,104.653167,0, ,0.0,0.0,0.0,0.0,0,0,0,0,0,0,0,0

STAR,IGLU1C,13,2
IF,IGLUP,-1.543333,102.178611, ,0.0,0.0,0,0,0,0,0,0,0,0
TF,D273S,-1.616144,103.329442,0, ,0.0,0.0,0.0,0.0,0,0,0,0,0,0,0,0
TF,AVPEG,-1.500583,103.444806,0, ,0.0,0.0,0.0,0.0,0,0,0,0,0,0,0,0

STAR,IGLU1D,31,2
IF,IGLUP,-1.543333,102.178611, ,0.0,0.0,0,0,0,0,0,0,0,0
TF,JMB,-1.636000,103.645056,0, ,0.0,0.0,0.0,0.0,0,0,0,0,0,0,0,0
TF,OLVOD,-1.799722,103.832250,0, ,0.0,0.0,0.0,0.0,0,0,0,0,0,0,0,0

STAR,ISRO1E,13,2
IF,ISROR,-0.893889,103.365556, ,0.0,0.0,0,0,0,0,0,0,0,0
TF,D339Q,-1.369756,103.544758,0, ,0.0,0.0,0.0,0.0,0,0,0,0,0,0,0,0
TF,AVPEG,-1.500583,103.444806,0, ,0.0,0.0,0.0,0.0,0,0,0,0,0,0,0,0

STAR,ISRO1F,31,2
IF,ISROR,-0.893889,103.365556, ,0.0,0.0,0,0,0,0,0,0,0,0
TF,JMB,-1.636000,103.645056,0, ,0.0,0.0,0.0,0.0,0,0,0,0,0,0,0,0
TF,OLVOD,-1.799722,103.832250,0, ,0.0,0.0,0.0,0.0,0,0,0,0,0,0,0,0

STAR,KUAL2G,13,2
IF,KUALA,-1.143889,103.143333, ,0.0,0.0,0,0,0,0,0,0,0,0
TF,D314X,-1.355456,103.358994,0, ,0.0,0.0,0.0,0.0,0,0,0,0,0,0,0,0
TF,AVPEG,-1.500583,103.444806,0, ,0.0,0.0,0.0,0.0,0,0,0,0,0,0,0,0

STAR,KUAL2H,31,2
IF,KUALA,-1.143889,103.143333, ,0.0,0.0,0,0,0,0,0,0,0,0
TF,JMB,-1.636000,103.645056,0, ,0.0,0.0,0.0,0.0,0,0,0,0,0,0,0,0
TF,OLVOD,-1.799722,103.832250,0, ,0.0,0.0,0.0,0.0,0,0,0,0,0,0,0,0

STAR,NIPE1C,13,2
IF,NIPES,-1.035556,104.593889, ,0.0,0.0,0,0,0,0,0,0,0,0
TF,JMB,-1.636000,103.645056,0, ,0.0,0.0,0.0,0.0,0,0,0,0,0,0,0,0
TF,AVPEG,-1.500583,103.444806,0, ,0.0,0.0,0.0,0.0,0,0,0,0,0,0,0,0

STAR,NIPE1D,31,2
IF,NIPES,-1.035556,104.593889, ,0.0,0.0,0,0,0,0,0,0,0,0
TF,JMB,-1.636000,103.645056,0, ,0.0,0.0,0.0,0.0,0,0,0,0,0,0,0,0
TF,OLVOD,-1.799722,103.832250,1, ,0.0,0.0,0.0,0.0,0,0,0,0,0,0,0,0

STAR,PLB1G,13,2
IF,PLB,-2.878583,104.653167, ,0.0,0.0,0,0,0,0,0,0,0,0
TF,JMB,-1.636000,103.645056,0, ,0.0,0.0,0.0,0.0,0,0,0,0,0,0,0,0
TF,AVPEG,-1.500583,103.444806,0, ,0.0,0.0,0.0,0.0,0,0,0,0,0,0,0,0

STAR,PLB1H,31,2
IF,PLB,-2.878583,104.653167, ,0.0,0.0,0,0,0,0,0,0,0,0
TF,D141X,-1.947489,103.897561,0, ,0.0,0.0,0.0,0.0,0,0,0,0,0,0,0,0
TF,OLVOD,-1.799722,103.832250,0, ,0.0,0.0,0.0,0.0,0,0,0,0,0,0,0,0

STAR,TORU1A,13,2
IF,TORUR,-2.331389,103.408333, ,0.0,0.0,0,0,0,0,0,0,0,0
TF,JMB,-1.636000,103.645056,0, ,0.0,0.0,0.0,0.0,0,0,0,0,0,0,0,0
TF,AVPEG,-1.500583,103.444806,0, ,0.0,0.0,0.0,0.0,0,0,0,0,0,0,0,0

STAR,TORU1B,31,2
IF,TORUR,-2.331389,103.408333, ,0.0,0.0,0,0,0,0,0,0,0,0
TF,D199Z,-2.047981,103.504833,0, ,0.0,0.0,0.0,0.0,0,0,0,0,0,0,0,0
CI,0, ,0.0,19.0,0,0,0,0,0,0,0,0
AF,D146X,-1.969236,103.868464,1,JMB,146.0,24.0,199.0,0,0,0,0,0,0,0,1
CF,OLVOD,-1.799722,103.832250,0,JMB,131.0,14.9,346.0,11.0,0,0,0,0,0,0,0,0

APPTR,D13,13,AVPEG
IF,AVPEG,-1.500583,103.444806, ,0.0,0.0,2,3000,0,0,0,0,1,0
TF,CF13,-1.547258,103.513836,0, ,0.0,0.0,0.0,0.0,2,2100,0,0,0,0,1,0

FINAL,D13,13,D,3
IF,CF13,-1.547258,103.513836,JMB,303.9,9.5,2,2100,0,0,0,0,0,0
CF,FF13,-1.584611,103.569083,0,JMB,303.9,5.5,124.0,4.0,2,1700,0,0,0,0,2,0
CF,RW13,-1.632333,103.637361,0,JMB,295.4,0.5,124.0,5.0,1,142,0,0,0,0,3,0
FD,RW13,-1.632333,103.637361,0,JMB,295.4,3.5,124.0,3.5,0,0,0,0,0,0,0,0
VI,1, ,0.0,274.0,0,0,0,0,0,0,0,0
CF,AVPEG,-1.500583,103.444806,0,JMB,303.9,14.5,304.0,12.0,2,3000,0,0,0,0,0,0
HM,AVPEG,-1.500583,103.444806,2, ,0.0,0.0,124.0,04.3,2,3000,0,0,0,0,0,0,0

APPTR,D31,31,OLVOD
IF,OLVOD,-1.799722,103.832250, ,0.0,0.0,2,3000,0,0,0,0,1,0
TF,CF31,-1.766761,103.794558,0, ,0.0,0.0,0.0,0.0,2,2500,0,0,0,0,1,0

FINAL,D31,31,D,3
IF,CF31,-1.766761,103.794558,JMB,131.0,11.9,2,2500,0,0,0,0,0,0
CF,FF31,-1.711806,103.731722,0,JMB,131.0,6.9,311.0,5.0,2,2000,0,0,0,0,2,0
CF,RW31,-1.647256,103.655458,0,JMB,137.1,0.9,311.0,6.0,1,113,0,0,0,0,3,0
FD,RW31,-1.647256,103.655458,0,JMB,137.1,3.4,311.0,3.4,0,0,0,0,0,0,0,0
VI,2, ,0.0,161.0,0,0,0,0,0,0,0,0
CF,OLVOD,-1.799722,103.832250,0,JMB,131.0,14.9,131.0,12.0,2,3000,0,0,0,0,0,0
HM,OLVOD,-1.799722,103.832250,2, ,0.0,0.0,311.0,04.3,2,3000,0,0,0,0,0,0,0

APPTR,I31,31,OLVOD
IF,OLVOD,-1.799722,103.832250, ,0.0,0.0,2,3000,0,0,0,0,1,0
CF,CI31,-1.763369,103.796250,0,IJMB,129.3,12.4,315.0,3.1,2,2500,0,0,0,0,1,0

FINAL,I31,31,I,3
IF,CI31,-1.763369,103.796250,IJMB,129.3,12.4,2,2500,0,0,0,0,0,0
CF,FI31,-1.710139,103.731722,0,IJMB,129.3,7.4,309.0,5.0,1,2000,0,0,0,0,2,0
CF,RW31,-1.647256,103.655458,0,IJMB,129.4,1.5,309.0,5.9,1,113,0,0,0,0,3,0
CA,0,309.0,2,1500,0,0,0,0,0,0
VI,2, ,0.0,161.0,0,0,0,0,0,0,0,0
CF,OLVOD,-1.799722,103.832250,0,JMB,131.0,14.9,131.0,10.0,2,3000,0,0,0,0,0,0
HM,OLVOD,-1.799722,103.832250,2, ,0.0,0.0,311.0,04.3,2,3000,0,0,0,0,0,0,0

APPTR,R13,13,AVPEG
IF,AVPEG,-1.500583,103.444806, ,0.0,0.0,2,3000,0,0,0,0,1,0
TF,JJ501,-1.525306,103.507972,0, ,0.0,0.0,0.0,0.0,2,2500,0,0,0,0,1,0

FINAL,R13,13,R,3
IF,JJ501,-1.525306,103.507972, ,0.0,0.0,2,2500,0,0,0,0,0,0
TF,JJ502,-1.578472,103.572250,0, ,0.0,0.0,129.0,5.0,2,1700,0,0,0,0,2,0
TF,RW13,-1.632333,103.637361,0, ,0.0,0.0,129.0,5.1,1,142,0,0,0,0,3,1
CF,OLPEN,-1.664222,103.675972,0,JMB,132.2,2.5,129.0,3.0,0,0,0,0,0,0,0,1
DF,LEBOV,-1.483389,103.630083,1, ,0.0,0.0,0,0,0,0,0,0,0,0
TF,METIR,-1.422556,103.475028,0, ,0.0,0.0,0.0,0.0,0,0,0,0,0,0,0,0
TF,AVPEG,-1.500583,103.444806,0, ,0.0,0.0,0.0,0.0,2,3000,0,0,0,0,0,0
HM,AVPEG,-1.500583,103.444806,2, ,0.0,0.0,124.0,04.3,2,3000,0,0,0,0,0,0,0

APPTR,R31,31,OLVOD
IF,OLVOD,-1.799722,103.832250, ,0.0,0.0,2,3000,0,0,0,0,1,0
TF,JJ701,-1.754972,103.785778,0, ,0.0,0.0,0.0,0.0,2,2500,0,0,0,0,1,0

FINAL,R31,31,R,3
IF,JJ701,-1.754972,103.785778, ,0.0,0.0,2,2500,0,0,0,0,0,0
TF,JJ702,-1.712444,103.734333,0, ,0.0,0.0,309.0,4.0,2,2000,0,0,0,0,2,0
TF,RW31,-1.647256,103.655458,0, ,0.0,0.0,309.0,6.1,1,113,0,0,0,0,3,1
CF,ANKOD,-1.615361,103.616889,0,JMB,306.1,2.1,309.0,3.0,0,0,0,0,0,0,0,1
DF,OVGIX,-1.645583,103.797750,2, ,0.0,0.0,0,0,0,0,0,0,0,0
TF,RISGO,-1.740833,103.891389,0, ,0.0,0.0,0.0,0.0,0,0,0,0,0,0,0,0
TF,OLVOD,-1.799722,103.832250,0, ,0.0,0.0,0.0,0.0,2,3000,0,0,0,0,0,0
HM,OLVOD,-1.799722,103.832250,2, ,0.0,0.0,311.0,04.3,2,3000,0,0,0,0,0,0,0

