APPTR,R14-Z,14,IRTEX
IF,IRTEX,2.770861,98.801500, ,0.0,0.0,2,8500,0,0,0,0,1,0
TF,MP501,2.713278,98.869778,0, ,0.0,0.0,0.0,0.0,2,6300,0,0,0,0,1,0

FINAL,R14-Z,14,R,3
IF,MP501,2.713278,98.869778, ,0.0,0.0,2,6300,0,0,0,0,0,0
TF,MP502,2.668333,98.907222,0, ,0.0,0.0,140.0,3.5,2,5700,0,0,0,0,2,0
TF,RW14,2.609119,98.956564,0, ,0.0,0.0,140.0,4.6,1,4232,0,0,0,0,3,1
CA,0,140.0,2,6000,0,0,0,0,0,0
DF,IRTEX,2.770861,98.801500,2, ,0.0,0.0,2,8500,0,0,0,0,0,0
HM,IRTEX,2.770861,98.801500,1, ,0.0,0.0,130.0,04.3,2,8500,0,0,0,0,0,0,0

APPTR,R32-Z,32,EPKAG
IF,EPKAG,2.601889,98.963778, ,0.0,0.0,2,9500,0,0,0,0,1,0
TF,MP701,2.489472,98.947611,0, ,0.0,0.0,0.0,0.0,0,0,0,0,0,0,0,0
TF,MP702,2.425306,99.001083,0, ,0.0,0.0,0.0,0.0,0,0,0,1,180,0,0,0
TF,MP703,2.479083,99.064917,0, ,0.0,0.0,0.0,0.0,2,6700,0,1,180,0,1,0

FINAL,R32-Z,32,R,3
IF,MP703,2.479083,99.064917, ,0.0,0.0,2,6700,0,0,0,0,0,0
TF,MP704,2.540694,99.013583,0, ,0.0,0.0,320.0,4.8,2,5700,0,0,0,0,2,0
TF,RW32,2.597825,98.965975,0, ,0.0,0.0,320.0,4.5,1,4284,0,0,0,0,3,1
CA,0,320.0,2,7000,0,0,0,0,0,0
DF,EPKAG,2.601889,98.963778,1, ,0.0,0.0,2,9500,0,0,0,0,0,0
HM,EPKAG,2.601889,98.963778,2, ,0.0,0.0,189.0,04.3,2,9500,0,0,0,0,0,0,0

