SID,DOSI1R,21,5
CA,0,210.0,2,2500,0,0,0,0,0,0
DF,DOSIK,1.765000,102.043300,0, ,0.0,0.0,2,7000,0,0,0,0,0,0

SID,DOSI3Q,03,5
CF,OSREM,2.377408,102.317261,0,VMK,31.0,8.3,30.0,7.1,2,2000,0,0,0,0,0,0
TF,KM510,2.427344,102.230561,0, ,0.0,0.0,0.0,0.0,2,3000,0,0,0,0,0,0
TF,BATAR,2.166700,102.083300,0, ,0.0,0.0,0.0,0.0,0,0,0,0,0,0,0,0
TF,DOSIK,1.765000,102.043300,0, ,0.0,0.0,0.0,0.0,2,7000,0,0,0,0,0,0

SID,DOSI4Q,03,2
CA,0,30.0,2,2000,0,0,0,0,0,0
CR,2,VMK,85.0,215.0,2,5000,0,1,250,0,0,0
CI,0, ,0.0,215.0,0,0,0,0,0,0,0,0
CF,DOSIK,1.765000,102.043300,0,VMK,202.5,31.9,203.0,17.0,2,7000,0,0,0,0,0,0

SID,DOSI4R,21,2
CA,0,210.0,2,2500,0,0,0,0,0,0
CF,DOSIK,1.765000,102.043300,0,VMK,202.5,31.9,203.0,28.0,2,7000,0,0,0,0,0,0

SID,IRMI1Q,03,5
CF,OSREM,2.377408,102.317261,0,VMK,31.0,8.3,30.0,7.1,2,2000,0,0,0,0,0,0
TF,KALIL,2.460833,102.330000,0, ,0.0,0.0,0.0,0.0,2,3000,0,0,0,0,0,0
TF,IRMIB,2.598872,102.221686,0, ,0.0,0.0,0.0,0.0,2,7000,0,0,0,0,0,0

SID,IRMI3R,21,5
CA,0,210.0,2,1500,0,0,0,0,0,0
DF,KM501,2.199875,102.102475,0, ,0.0,0.0,2,2500,0,0,0,0,0,0
TF,KM502,2.419647,102.229175,2, ,0.0,0.0,0.0,0.0,2,3000,0,0,0,0,0,0
TF,IRMIB,2.598872,102.221686,0, ,0.0,0.0,0.0,0.0,2,7000,0,0,0,0,0,0

SID,IRMI4Q,03,2
CA,0,30.0,2,2500,0,0,0,0,0,0
CI,0, ,0.0,315.0,0,0,0,0,0,0,0,0
CF,IRMIB,2.598872,102.221686,0,VMK,355.9,20.4,356.0,12.0,2,7000,0,0,0,0,0,0

SID,IRMI4R,21,2
CA,0,210.0,2,1500,0,0,0,0,0,0
VR,2,VMK,250.0,326.0,0,0,0,1,230,0,0,0
CI,0, ,0.0,26.0,0,0,0,0,0,0,0,0
CF,IRMIB,2.598872,102.221686,0,VMK,355.9,20.4,356.0,13.0,2,7000,0,0,0,0,0,0

SID,OGAK1Q,03,5
CA,0,30.0,2,2000,0,0,0,0,0,0
DF,DULEG,2.274186,102.431753,0, ,0.0,0.0,2,5000,0,1,250,0,0,0
TF,OGAKO,1.980600,102.435600,0, ,0.0,0.0,0.0,0.0,2,6000,0,0,0,0,0,0

SID,OGAK1R,21,5
CA,0,210.0,2,2500,0,0,0,0,0,0
DF,LAVIG,2.020828,102.257258,0, ,0.0,0.0,2,5000,0,0,0,0,0,0
TF,OGAKO,1.980600,102.435600,0, ,0.0,0.0,0.0,0.0,2,6000,0,0,0,0,0,0

SID,OGAK4Q,03,2
CA,0,30.0,2,2000,0,0,0,0,0,0
CR,2,VMK,85.0,185.0,2,5000,0,1,250,0,0,0
CI,0, ,0.0,185.0,0,0,0,0,0,0,0,0
CF,OGAKO,1.980600,102.435600,0,VMK,145.5,20.1,146.0,12.0,2,6000,0,0,0,0,0,0

SID,OGAK4R,21,2
CA,0,210.0,2,2500,0,0,0,0,0,0
CR,1,VMK,175.0,100.0,2,5000,0,1,250,0,0,0
CI,0, ,0.0,100.0,0,0,0,0,0,0,0,0
CF,OGAKO,1.980600,102.435600,0,VMK,145.5,20.1,146.0,12.0,2,6000,0,0,0,0,0,0

SID,RUSB1Q,03,5
CA,0,30.0,2,2000,0,0,0,0,0,0
DF,DULEG,2.274186,102.431753,0, ,0.0,0.0,2,5000,0,1,250,0,0,0
TF,RUSBU,2.022978,102.511697,0, ,0.0,0.0,0.0,0.0,2,6000,0,0,0,0,0,0

SID,RUSB1R,21,5
CA,0,210.0,2,2500,0,0,0,0,0,0
DF,LAVIG,2.020828,102.257258,0, ,0.0,0.0,2,5000,0,0,0,0,0,0
TF,RUSBU,2.022978,102.511697,0, ,0.0,0.0,0.0,0.0,2,6000,0,0,0,0,0,0

SID,RUSB4Q,03,2
CA,0,30.0,2,2000,0,0,0,0,0,0
CR,2,VMK,85.0,170.0,2,5000,0,1,250,0,0,0
CI,0, ,0.0,170.0,0,0,0,0,0,0,0,0
CF,RUSBU,2.022978,102.511697,0,VMK,131.4,21.3,131.0,12.0,2,6000,0,0,0,0,0,0

SID,RUSB4R,21,2
CA,0,210.0,2,2500,0,0,0,0,0,0
CR,1,VMK,175.0,90.0,2,5000,0,1,250,0,0,0
CI,0, ,0.0,90.0,0,0,0,0,0,0,0,0
CF,RUSBU,2.022978,102.511697,0,VMK,131.4,21.3,131.0,13.0,2,6000,0,0,0,0,0,0

SID,SAPA3Q,03,5
CF,OSREM,2.377408,102.317261,0,VMK,31.0,8.3,30.0,7.1,2,2000,0,0,0,0,0,0
TF,KM510,2.427344,102.230561,0, ,0.0,0.0,0.0,0.0,2,3000,0,0,0,0,0,0
TF,SAPAT,2.536111,102.041667,0, ,0.0,0.0,0.0,0.0,2,7000,0,0,0,0,0,0

SID,SAPA3R,21,5
CA,0,210.0,2,1500,0,0,0,0,0,0
DF,KM501,2.199875,102.102475,0, ,0.0,0.0,2,2500,0,0,0,0,0,0
TF,KM503,2.414519,102.131106,2, ,0.0,0.0,0.0,0.0,2,5000,0,0,0,0,0,0
TF,SAPAT,2.536111,102.041667,0, ,0.0,0.0,0.0,0.0,2,7000,0,0,0,0,0,0

SID,SAPA4Q,03,2
CA,0,30.0,2,2000,0,0,0,0,0,0
CR,1,VMK,356.0,280.0,0,0,0,1,230,0,0,0
CI,0, ,0.0,280.0,0,0,0,0,0,0,0,0
CF,SAPAT,2.536111,102.041667,0,VMK,323.5,20.6,324.0,12.0,2,7000,0,0,0,0,0,0

SID,SAPA4R,21,2
CA,0,210.0,2,1500,0,0,0,0,0,0
VR,2,VMK,250.0,323.0,0,0,0,1,230,0,0,0
CI,0, ,0.0,353.0,0,0,0,0,0,0,0,0
CF,SAPAT,2.536111,102.041667,0,VMK,323.5,20.6,324.0,12.0,2,7000,0,0,0,0,0,0

SID,VMK010,03,2
DF,DER03,2.273914,102.257600,0, ,0.0,0.0,0,0,0,0,0,0,0,1
CA,0,10.0,2,2500,0,0,0,0,0,0
VM,0,0,0,10.0,0,0,0,0,0,0,0,0

SID,VMK210,21,2
DF,DER21,2.257211,102.247972,0, ,0.0,0.0,0,0,0,0,0,0,0,1
CA,0,210.0,2,2500,0,0,0,0,0,0
VM,0,0,0,210.0,0,0,0,0,0,0,0,0

STAR,AKRU1S,03,5
IF,AKRUL,2.303569,102.867958, ,0.0,0.0,2,7000,0,0,0,0,0,0
TF,GUPTA,2.163300,102.641700,0, ,0.0,0.0,0.0,0.0,2,7000,0,0,0,0,0,0
TF,KM505,2.054489,102.306683,0, ,0.0,0.0,0.0,0.0,2,5000,0,0,0,0,0,0
TF,EMRUN,2.027856,102.231433,0, ,0.0,0.0,0.0,0.0,2,4000,0,0,0,0,0,0
TF,KAGPA,2.078261,102.145022,0, ,0.0,0.0,0.0,0.0,2,3000,0,0,0,0,0,0

STAR,AKRU1T,21,5
IF,AKRUL,2.303569,102.867958, ,0.0,0.0,2,7000,0,0,0,0,0,0
TF,RIBDI,2.235444,102.560144,0, ,0.0,0.0,0.0,0.0,2,5000,0,0,0,0,0,0
TF,KM506,2.294244,102.493661,0, ,0.0,0.0,0.0,0.0,2,5000,0,0,0,0,0,0
TF,KM508,2.359792,102.419536,0, ,0.0,0.0,0.0,0.0,2,3300,0,0,0,0,0,0
TF,NIVOB,2.408850,102.335375,0, ,0.0,0.0,0.0,0.0,2,2100,0,0,0,0,0,0

STAR,AKRU2S,03,2
IF,AKRUL,2.303569,102.867958, ,0.0,0.0,2,7000,0,0,0,0,0,0
FD,AKRUL,2.303569,102.867958,0,VMK,85.8,12.0,266.0,12.0,2,5000,0,0,0,0,0,0
CF,VMK,2.258208,102.246053,0,VMK,0.0,0.0,266.0,12.0,0,0,0,0,0,0,0,0
TF,D245K,2.180336,102.080072,0, ,0.0,0.0,0.0,0.0,0,0,0,0,0,0,0,0
TF,D245M,2.166175,102.049894,0, ,0.0,0.0,0.0,0.0,0,0,0,0,0,0,0,0
AF,D210M,2.069639,102.137842,1,VMK,210.0,13.0,245.0,0,0,0,0,0,0,0,0
TF,KAGPA,2.078261,102.145022,0, ,0.0,0.0,0.0,0.0,2,3000,0,0,0,0,0,0

STAR,AKRU3T,21,2
IF,AKRUL,2.303569,102.867958, ,0.0,0.0,2,7000,0,0,0,0,0,0
FD,AKRUL,2.303569,102.867958,0,VMK,85.8,12.0,266.0,12.0,2,5000,0,0,0,0,0,0
CF,VMK,2.258208,102.246053,0,VMK,0.0,0.0,266.0,12.0,0,0,0,0,0,0,0,0
TF,D355L,2.458428,102.228636,0, ,0.0,0.0,0.0,0.0,2,4500,0,0,0,0,0,0
TF,D355O,2.508483,102.224281,0, ,0.0,0.0,0.0,0.0,0,0,0,0,0,0,0,0
AF,D005O,2.508483,102.267822,2,VMK,5.0,15.0,355.0,2,3700,0,0,0,0,0,0
AF,D035O,2.463997,102.389322,2,VMK,35.0,15.0,5.0,0,0,0,0,0,0,0,0
TF,MOVKO,2.436017,102.370331,0, ,0.0,0.0,0.0,0.0,2,2700,0,0,0,0,0,0

STAR,DOSI1S,03,5
IF,DOSIK,1.765000,102.043300, ,0.0,0.0,2,6500,0,0,0,0,0,0
TF,KAGPA,2.078261,102.145022,0, ,0.0,0.0,0.0,0.0,2,3000,0,0,0,0,0,0

STAR,DOSI1T,21,5
IF,DOSIK,1.765000,102.043300, ,0.0,0.0,2,6500,0,0,0,0,0,0
TF,KM501,2.199875,102.102475,0, ,0.0,0.0,0.0,0.0,2,5500,0,0,0,0,0,0
TF,BEMSU,2.304131,102.162572,0, ,0.0,0.0,0.0,0.0,2,5000,0,0,0,0,0,0
TF,KM507,2.457892,102.251228,0, ,0.0,0.0,0.0,0.0,2,3300,0,0,0,0,0,0
TF,NIVOB,2.408850,102.335375,0, ,0.0,0.0,0.0,0.0,2,2100,0,0,0,0,0,0

STAR,DOSI2S,03,2
IF,DOSIK,1.765000,102.043300, ,0.0,0.0,2,6500,0,0,0,0,0,0
FD,DOSIK,1.765000,102.043300,0,VMK,202.5,22.0,22.0,22.0,0,0,0,0,0,0,0,0
VI,0, ,0.0,5.0,0,0,0,0,0,0,0,0
CF,KAGPA,2.078261,102.145022,0,VMK,209.5,12.3,30.0,5.0,2,3000,0,0,0,0,0,0

STAR,DOSI3T,21,2
IF,DOSIK,1.765000,102.043300, ,0.0,0.0,2,6500,0,0,0,0,0,0
TF,VMK,2.258208,102.246053,0, ,0.0,0.0,0.0,0.0,0,0,0,0,0,0,0,0
TF,D355L,2.458428,102.228636,0, ,0.0,0.0,0.0,0.0,2,4500,0,0,0,0,0,0
TF,D355O,2.508483,102.224281,0, ,0.0,0.0,0.0,0.0,0,0,0,0,0,0,0,0
AF,D005O,2.508483,102.267822,2,VMK,5.0,15.0,355.0,2,3700,0,0,0,0,0,0
AF,D035O,2.463997,102.389322,2,VMK,35.0,15.0,5.0,0,0,0,0,0,0,0,0
TF,MOVKO,2.436017,102.370331,0, ,0.0,0.0,0.0,0.0,2,2700,0,0,0,0,0,0

STAR,DUMO1S,03,5
IF,DUMOK,2.299200,102.004200, ,0.0,0.0,2,5500,0,0,0,0,0,0
TF,OMKER,2.128661,102.058606,0, ,0.0,0.0,0.0,0.0,2,4000,0,0,0,0,0,0
TF,KAGPA,2.078261,102.145022,0, ,0.0,0.0,0.0,0.0,2,3000,0,0,0,0,0,0

STAR,DUMO1T,21,5
IF,DUMOK,2.299200,102.004200, ,0.0,0.0,2,5500,0,0,0,0,0,0
TF,BEMSU,2.304131,102.162572,0, ,0.0,0.0,0.0,0.0,2,5000,0,0,0,0,0,0
TF,KM507,2.457892,102.251228,0, ,0.0,0.0,0.0,0.0,2,3300,0,0,0,0,0,0
TF,NIVOB,2.408850,102.335375,0, ,0.0,0.0,0.0,0.0,2,2100,0,0,0,0,0,0

STAR,DUMO2S,03,2
IF,DUMOK,2.299200,102.004200, ,0.0,0.0,2,5500,0,0,0,0,0,0
TF,VMK,2.258208,102.246053,0, ,0.0,0.0,0.0,0.0,0,0,0,0,0,0,0,0
TF,D177K,2.074222,102.255636,0, ,0.0,0.0,0.0,0.0,0,0,0,0,0,0,0,0
TF,D177M,2.040769,102.257378,0, ,0.0,0.0,0.0,0.0,0,0,0,0,0,0,0,0
AF,D210M,2.069639,102.137842,2,VMK,210.0,13.0,177.0,0,0,0,0,0,0,0,0
TF,KAGPA,2.078261,102.145022,2, ,0.0,0.0,0.0,0.0,2,3000,0,0,0,0,0,0

STAR,DUMO3T,21,2
IF,DUMOK,2.299200,102.004200, ,0.0,0.0,2,5500,0,0,0,0,0,0
TF,VMK,2.258208,102.246053,0, ,0.0,0.0,0.0,0.0,0,0,0,0,0,0,0,0
TF,D355L,2.458428,102.228636,1, ,0.0,0.0,0.0,0.0,2,4500,0,0,0,0,0,0
TF,D355O,2.508483,102.224281,0, ,0.0,0.0,0.0,0.0,0,0,0,0,0,0,0,0
AF,D005O,2.508483,102.267822,2,VMK,5.0,15.0,355.0,2,3700,0,0,0,0,0,0
AF,D035O,2.463997,102.389322,2,VMK,35.0,15.0,5.0,0,0,0,0,0,0,0,0
TF,MOVKO,2.436017,102.370331,0, ,0.0,0.0,0.0,0.0,2,2700,0,0,0,0,0,0

STAR,GUPT1S,03,5
IF,GUPTA,2.163300,102.641700, ,0.0,0.0,2,7000,0,0,0,0,0,0
TF,KM505,2.054489,102.306683,0, ,0.0,0.0,0.0,0.0,2,5000,0,0,0,0,0,0
TF,EMRUN,2.027856,102.231433,0, ,0.0,0.0,0.0,0.0,2,4000,0,0,0,0,0,0
TF,KAGPA,2.078261,102.145022,0, ,0.0,0.0,0.0,0.0,2,3000,0,0,0,0,0,0

STAR,GUPT1T,21,5
IF,GUPTA,2.163300,102.641700, ,0.0,0.0,2,7000,0,0,0,0,0,0
TF,RIBDI,2.235444,102.560144,0, ,0.0,0.0,0.0,0.0,2,5000,0,0,0,0,0,0
TF,KM506,2.294244,102.493661,0, ,0.0,0.0,0.0,0.0,2,5000,0,0,0,0,0,0
TF,KM508,2.359792,102.419536,0, ,0.0,0.0,0.0,0.0,2,3300,0,0,0,0,0,0
TF,NIVOB,2.408850,102.335375,0, ,0.0,0.0,0.0,0.0,2,2100,0,0,0,0,0,0

STAR,GUPT2S,03,2
IF,GUPTA,2.163300,102.641700, ,0.0,0.0,2,7000,0,0,0,0,0,0
FD,GUPTA,2.163300,102.641700,0,VMK,103.4,9.0,283.0,9.0,2,5000,0,0,0,0,0,0
CF,VMK,2.258208,102.246053,0,VMK,0.0,0.0,283.0,9.0,0,0,0,0,0,0,0,0
TF,D245K,2.180336,102.080072,0, ,0.0,0.0,0.0,0.0,0,0,0,0,0,0,0,0
TF,D245M,2.166175,102.049894,0, ,0.0,0.0,0.0,0.0,0,0,0,0,0,0,0,0
AF,D210M,2.069639,102.137842,1,VMK,210.0,13.0,245.0,0,0,0,0,0,0,0,0
TF,KAGPA,2.078261,102.145022,0, ,0.0,0.0,0.0,0.0,2,3000,0,0,0,0,0,0

STAR,GUPT3T,21,2
IF,GUPTA,2.163300,102.641700, ,0.0,0.0,2,7000,0,0,0,0,0,0
FD,GUPTA,2.163300,102.641700,0,VMK,103.4,9.0,283.0,9.0,2,5000,0,0,0,0,0,0
CF,VMK,2.258208,102.246053,0,VMK,0.0,0.0,283.0,9.0,0,0,0,0,0,0,0,0
TF,D355L,2.458428,102.228636,0, ,0.0,0.0,0.0,0.0,2,4500,0,0,0,0,0,0
TF,D355O,2.508483,102.224281,0, ,0.0,0.0,0.0,0.0,0,0,0,0,0,0,0,0
AF,D005O,2.508483,102.267822,2,VMK,5.0,15.0,355.0,2,3700,0,0,0,0,0,0
AF,D035O,2.463997,102.389322,2,VMK,35.0,15.0,5.0,0,0,0,0,0,0,0,0
TF,MOVKO,2.436017,102.370331,0, ,0.0,0.0,0.0,0.0,2,2700,0,0,0,0,0,0

STAR,INTU1S,03,5
IF,INTUR,2.352808,102.074061, ,0.0,0.0,2,5500,0,0,0,0,0,0
TF,OMKER,2.128661,102.058606,0, ,0.0,0.0,0.0,0.0,2,4000,0,0,0,0,0,0
TF,KAGPA,2.078261,102.145022,0, ,0.0,0.0,0.0,0.0,2,3000,0,0,0,0,0,0

STAR,INTU1T,21,5
IF,INTUR,2.352808,102.074061, ,0.0,0.0,2,5500,0,0,0,0,0,0
TF,BEMSU,2.304131,102.162572,0, ,0.0,0.0,0.0,0.0,2,5000,0,0,0,0,0,0
TF,KM507,2.457892,102.251228,0, ,0.0,0.0,0.0,0.0,2,3300,0,0,0,0,0,0
TF,NIVOB,2.408850,102.335375,0, ,0.0,0.0,0.0,0.0,2,2100,0,0,0,0,0,0

STAR,INTU2S,03,2
IF,INTUR,2.352808,102.074061, ,0.0,0.0,2,5500,0,0,0,0,0,0
TF,VMK,2.258208,102.246053,0, ,0.0,0.0,0.0,0.0,0,0,0,0,0,0,0,0
TF,D177K,2.074222,102.255636,0, ,0.0,0.0,0.0,0.0,0,0,0,0,0,0,0,0
TF,D177M,2.040769,102.257378,0, ,0.0,0.0,0.0,0.0,0,0,0,0,0,0,0,0
AF,D210M,2.069639,102.137842,2,VMK,210.0,13.0,177.0,0,0,0,0,0,0,0,0
TF,KAGPA,2.078261,102.145022,2, ,0.0,0.0,0.0,0.0,2,3000,0,0,0,0,0,0

STAR,INTU3T,21,2
IF,INTUR,2.352808,102.074061, ,0.0,0.0,2,5500,0,0,0,0,0,0
TF,VMK,2.258208,102.246053,0, ,0.0,0.0,0.0,0.0,0,0,0,0,0,0,0,0
TF,D355L,2.458428,102.228636,1, ,0.0,0.0,0.0,0.0,2,4500,0,0,0,0,0,0
TF,D355O,2.508483,102.224281,0, ,0.0,0.0,0.0,0.0,0,0,0,0,0,0,0,0
AF,D005O,2.508483,102.267822,2,VMK,5.0,15.0,355.0,2,3700,0,0,0,0,0,0
AF,D035O,2.463997,102.389322,2,VMK,35.0,15.0,5.0,0,0,0,0,0,0,0,0
TF,MOVKO,2.436017,102.370331,0, ,0.0,0.0,0.0,0.0,2,2700,0,0,0,0,0,0

STAR,VELT1S,03,5
IF,VELTU,2.273294,101.957639, ,0.0,0.0,2,5500,0,0,0,0,0,0
TF,OMKER,2.128661,102.058606,0, ,0.0,0.0,0.0,0.0,2,4000,0,0,0,0,0,0
TF,KAGPA,2.078261,102.145022,0, ,0.0,0.0,0.0,0.0,2,3000,0,0,0,0,0,0

STAR,VELT1T,21,5
IF,VELTU,2.273294,101.957639, ,0.0,0.0,2,5500,0,0,0,0,0,0
TF,BEMSU,2.304131,102.162572,0, ,0.0,0.0,0.0,0.0,2,5000,0,0,0,0,0,0
TF,KM507,2.457892,102.251228,0, ,0.0,0.0,0.0,0.0,2,3300,0,0,0,0,0,0
TF,NIVOB,2.408850,102.335375,0, ,0.0,0.0,0.0,0.0,2,2100,0,0,0,0,0,0

STAR,VELT2S,03,2
IF,VELTU,2.273294,101.957639, ,0.0,0.0,2,5500,0,0,0,0,0,0
FD,VELTU,2.273294,101.957639,0,VMK,273.0,15.0,93.0,15.0,0,0,0,0,0,0,0,0
CI,0, ,0.0,93.0,0,0,0,0,0,0,0,0
AF,D210M,2.069639,102.137842,1,VMK,210.0,13.0,273.0,0,0,0,0,0,0,0,0
TF,KAGPA,2.078261,102.145022,0, ,0.0,0.0,0.0,0.0,2,3000,0,0,0,0,0,0

STAR,VELT3T,21,2
IF,VELTU,2.273294,101.957639, ,0.0,0.0,2,5500,0,0,0,0,0,0
TF,VMK,2.258208,102.246053,0, ,0.0,0.0,0.0,0.0,0,0,0,0,0,0,0,0
TF,D355L,2.458428,102.228636,1, ,0.0,0.0,0.0,0.0,2,4500,0,0,0,0,0,0
TF,D355O,2.508483,102.224281,0, ,0.0,0.0,0.0,0.0,0,0,0,0,0,0,0,0
AF,D005O,2.508483,102.267822,2,VMK,5.0,15.0,355.0,2,3700,0,0,0,0,0,0
AF,D035O,2.463997,102.389322,2,VMK,35.0,15.0,5.0,0,0,0,0,0,0,0,0
TF,MOVKO,2.436017,102.370331,0, ,0.0,0.0,0.0,0.0,2,2700,0,0,0,0,0,0

APPTR,D03-Y,03,VMK
IF,VMK,2.258208,102.246053, ,0.0,0.0,2,3500,0,0,0,0,0,0
TF,D206F,2.167883,102.202261,0, ,0.0,0.0,0.0,0.0,0,0,0,0,0,0,0,0
FC,D206F,2.167883,102.202261,0,VMK,0.0,0.0,251.0,4.4,0,0,0,0,0,0,0,1
CF,CD03,2.148544,102.191950,1,VMK,206.4,7.3,26.0,4.0,2,1600,0,0,0,0,1,0

FINAL,D03-Y,03,D,4
IF,CD03,2.148544,102.191950,VMK,206.4,7.3,2,1600,0,0,0,0,0,0
CF,FD03,2.186053,102.210453,0,VMK,206.4,4.8,26.0,2.5,2,1600,0,0,0,0,2,0
CF,35VOR,2.205706,102.220150,0,VMK,206.4,3.5,26.0,1.3,2,1200,0,0,0,0,0,0
CF,MA03,2.243206,102.238650,0,VMK,206.4,1.0,26.0,2.5,1,393,0,0,0,0,3,0
CA,0,26.0,2,1500,0,0,0,0,0,0
DF,VMK,2.258208,102.246053,2, ,0.0,0.0,2,3500,0,1,220,0,0,0
HM,VMK,2.258208,102.246053,2, ,0.0,0.0,206.0,04.3,2,3500,0,1,230,0,0,0,0

APPTR,D03-Z,03,AKRUL
IF,AKRUL,2.303569,102.867958, ,0.0,0.0,2,7000,0,0,0,0,0,0
CD, ,0,0,0,VMK,0,0.0,266.0,12.0,2,5000,0,0,0,0,0,0
CF,VMK,2.258208,102.246053,0,VMK,0.0,0.0,266.0,12.0,0,0,0,0,0,0,0,0
TF,D245M,2.166175,102.049894,0, ,0.0,0.0,0.0,0.0,0,0,0,0,0,0,0,0
AF,BOTVO,2.063172,102.149839,1,VMK,206.4,13.0,245.0,2,3000,0,0,0,0,1,0
TF,CD03,2.148544,102.191950,0, ,0.0,0.0,0.0,0.0,2,1600,0,0,0,0,1,0

APPTR,D03-Z,03,BOTVO
IF,BOTVO,2.063172,102.149839, ,0.0,0.0,2,3000,0,0,0,0,1,0
CF,CD03,2.148544,102.191950,0,VMK,206.4,7.3,26.0,5.7,2,1600,0,0,0,0,1,0

APPTR,D03-Z,03,DOSIK
IF,DOSIK,1.765000,102.043300, ,0.0,0.0,2,6500,0,0,0,0,0,0
CD, ,0,0,0,VMK,0,0.0,22.0,22.0,0,0,0,0,0,0,0,0
CI,0, ,0.0,10.0,0,0,0,0,0,0,0,0
CF,BOTVO,2.063172,102.149839,0,VMK,206.4,13.0,26.0,4.0,2,3000,0,0,0,0,1,0
TF,CD03,2.148544,102.191950,0, ,0.0,0.0,0.0,0.0,2,1600,0,0,0,0,1,0

APPTR,D03-Z,03,DUMOK
IF,DUMOK,2.299200,102.004200, ,0.0,0.0,2,5500,0,0,0,0,0,0
TF,VMK,2.258208,102.246053,0, ,0.0,0.0,0.0,0.0,0,0,0,0,0,0,0,0
TF,D173M,2.042094,102.272425,0, ,0.0,0.0,0.0,0.0,0,0,0,0,0,0,0,0
AF,BOTVO,2.063172,102.149839,2,VMK,206.4,13.0,173.0,2,3000,0,0,0,0,1,0
TF,CD03,2.148544,102.191950,0, ,0.0,0.0,0.0,0.0,2,1600,0,0,0,0,1,0

APPTR,D03-Z,03,GUPTA
IF,GUPTA,2.163300,102.641700, ,0.0,0.0,2,7000,0,0,0,0,0,0
CD, ,0,0,0,VMK,0,0.0,283.0,9.0,2,5000,0,0,0,0,0,0
CF,VMK,2.258208,102.246053,0,VMK,0.0,0.0,283.0,9.0,0,0,0,0,0,0,0,0
TF,D245M,2.166175,102.049894,0, ,0.0,0.0,0.0,0.0,0,0,0,0,0,0,0,0
AF,BOTVO,2.063172,102.149839,1,VMK,206.4,13.0,245.0,2,3000,0,0,0,0,1,0
TF,CD03,2.148544,102.191950,0, ,0.0,0.0,0.0,0.0,2,1600,0,0,0,0,1,0

APPTR,D03-Z,03,INTUR
IF,INTUR,2.352808,102.074061, ,0.0,0.0,2,5500,0,0,0,0,0,0
TF,VMK,2.258208,102.246053,0, ,0.0,0.0,0.0,0.0,0,0,0,0,0,0,0,0
TF,D173M,2.042094,102.272425,0, ,0.0,0.0,0.0,0.0,0,0,0,0,0,0,0,0
AF,BOTVO,2.063172,102.149839,2,VMK,206.4,13.0,173.0,2,3000,0,0,0,0,1,0
TF,CD03,2.148544,102.191950,0, ,0.0,0.0,0.0,0.0,2,1600,0,0,0,0,1,0

APPTR,D03-Z,03,VELTU
IF,VELTU,2.273294,101.957639, ,0.0,0.0,2,5500,0,0,0,0,0,0
CI,0, ,0.0,93.0,0,0,0,0,0,0,0,0
AF,BOTVO,2.063172,102.149839,1,VMK,206.4,13.0,273.0,2,3000,0,0,0,0,1,0
TF,CD03,2.148544,102.191950,0, ,0.0,0.0,0.0,0.0,2,1600,0,0,0,0,1,0

FINAL,D03-Z,03,D,4
IF,CD03,2.148544,102.191950,VMK,206.4,7.3,2,1600,0,0,0,0,0,0
CF,FD03,2.186053,102.210453,0,VMK,206.4,4.8,26.0,2.5,2,1600,0,0,0,0,2,0
CF,35VOR,2.205706,102.220150,0,VMK,206.4,3.5,26.0,1.3,2,1200,0,0,0,0,0,0
CF,MA03,2.243206,102.238650,0,VMK,206.4,1.0,26.0,2.5,1,393,0,0,0,0,3,0
CA,0,26.0,2,1500,0,0,0,0,0,0
CR,2,VMK,90.0,190.0,2,5000,0,1,230,0,0,0
CI,0, ,0.0,190.0,0,0,0,0,0,0,0,0
CF,ATLUS,2.126203,102.418175,0,VMK,127.3,13.0,127.0,8.0,2,5000,0,0,0,0,0,0
HM,ATLUS,2.126203,102.418175,1, ,0.0,0.0,307.0,04.3,2,5000,0,1,230,0,0,0,0

APPTR,D21-X,21,VMK
IF,VMK,2.258208,102.246053, ,0.0,0.0,2,3500,0,0,0,0,0,0
TF,D035H,2.369336,102.323411,0, ,0.0,0.0,0.0,0.0,0,0,0,0,0,0,0,0
FC,D035H,2.369336,102.323411,0,VMK,0.0,0.0,350.0,2.3,0,0,0,0,0,0,0,1
CF,CF21,2.400008,102.345164,2,VMK,35.1,10.4,215.0,1.0,2,2200,0,0,0,0,1,0

FINAL,D21-X,21,D,3
IF,CF21,2.400008,102.345164,VMK,35.1,10.4,2,2200,0,0,0,0,0,0
CF,FF21,2.352056,102.311642,0,VMK,35.1,6.9,215.0,3.5,2,1900,0,0,0,0,2,0
CF,MA21,2.285611,102.265203,0,VMK,35.1,2.0,215.0,4.9,1,356,0,0,0,0,3,0
CA,0,215.0,2,1800,0,0,0,0,0,0
DF,VMK,2.258208,102.246053,1, ,0.0,0.0,2,3500,0,0,0,0,0,0
HM,VMK,2.258208,102.246053,2, ,0.0,0.0,35.0,04.3,2,3500,0,1,230,0,0,0,0

APPTR,D21-Y,21,MOVKO
IF,MOVKO,2.436017,102.370331, ,0.0,0.0,2,2700,0,0,0,0,1,0
TF,CF21,2.400008,102.345164,0, ,0.0,0.0,0.0,0.0,2,2200,0,0,0,0,1,0

FINAL,D21-Y,21,D,3
IF,CF21,2.400008,102.345164,VMK,35.1,10.4,2,2200,0,0,0,0,0,0
CF,FF21,2.352056,102.311642,0,VMK,35.1,6.9,215.0,3.5,2,1900,0,0,0,0,2,0
CF,MA21,2.285611,102.265203,0,VMK,35.1,2.0,215.0,4.9,1,356,0,0,0,0,3,0
CA,0,215.0,2,2000,0,0,0,0,0,0
CR,1,VMK,150.0,60.0,2,5000,0,1,220,0,0,0
CI,0, ,0.0,60.0,0,0,0,0,0,0,0,0
CF,ATLUS,2.126203,102.418175,0,VMK,127.3,13.0,127.0,9.0,2,5000,0,0,0,0,0,0
HM,ATLUS,2.126203,102.418175,1, ,0.0,0.0,307.0,04.3,2,5000,0,1,230,0,0,0,0

APPTR,D21-Z,21,VMK
IF,VMK,2.258208,102.246053, ,0.0,0.0,2,5000,0,0,0,0,0,0
FD,VMK,2.258208,102.246053,0,VMK,0.0,12.0,355.0,12.0,2,4500,0,0,0,0,0,0
CF,D355O,2.508483,102.224281,0,VMK,355.0,15.0,355.0,3.0,0,0,0,0,0,0,0,0
AF,D005O,2.508483,102.267822,2,VMK,5.0,15.0,355.0,2,3700,0,0,0,0,0,0
AF,D035O,2.463997,102.389322,2,VMK,35.0,15.0,5.0,0,0,0,0,0,0,0,0
TF,MOVKO,2.436017,102.370331,0, ,0.0,0.0,0.0,0.0,2,2700,0,0,0,0,1,0
TF,CF21,2.400008,102.345164,0, ,0.0,0.0,0.0,0.0,2,2200,0,0,0,0,1,0

FINAL,D21-Z,21,D,3
IF,CF21,2.400008,102.345164,VMK,35.1,10.4,2,2200,0,0,0,0,0,0
CF,FF21,2.352056,102.311642,0,VMK,35.1,6.9,215.0,3.5,2,1900,0,0,0,0,2,0
CF,MA21,2.285611,102.265203,0,VMK,35.1,2.0,215.0,4.9,1,356,0,0,0,0,3,0
CA,0,215.0,2,2000,0,0,0,0,0,0
DF,VMK,2.258208,102.246053,1, ,0.0,0.0,2,5000,0,1,220,0,0,0
HM,VMK,2.258208,102.246053,2, ,0.0,0.0,355.0,04.3,2,5000,0,1,230,0,0,0,0

APPTR,I03-Y,03,VMK
IF,VMK,2.258208,102.246053, ,0.0,0.0,2,3500,0,0,0,0,0,0
TF,D209F,2.170314,102.197622,0, ,0.0,0.0,0.0,0.0,0,0,0,0,0,0,0,0
FC,D209F,2.170314,102.197622,0,VMK,0.0,0.0,255.0,4.4,0,0,0,0,0,0,0,1
CF,CF03,2.151478,102.187142,1,IKKM,210.1,8.6,30.0,4.0,2,1600,0,0,0,0,1,0

FINAL,I03-Y,03,I,3
IF,CF03,2.151478,102.187142,IKKM,210.1,8.6,2,1600,0,0,0,0,0,0
CF,FF03,2.187719,102.207989,0,IKKM,210.1,6.1,30.0,2.5,1,1600,0,0,0,0,2,0
CF,RW03,2.257211,102.247972,0,IKKM,210.1,1.3,30.0,4.8,1,74,0,0,0,0,3,0
CA,0,30.0,2,1500,0,0,0,0,0,0
DF,VMK,2.258208,102.246053,2, ,0.0,0.0,2,3500,0,1,220,0,0,0
HM,VMK,2.258208,102.246053,2, ,0.0,0.0,209.0,04.3,2,3500,0,1,230,0,0,0,0

APPTR,I03-Z,03,KAGPA
IF,KAGPA,2.078261,102.145022, ,0.0,0.0,2,3000,0,0,0,0,1,0
TF,CF03,2.151478,102.187142,0,IKKM,0.0,0.0,0.0,0.0,2,1600,0,0,0,0,1,0

FINAL,I03-Z,03,I,3
IF,CF03,2.151478,102.187142,IKKM,210.1,8.6,2,1600,0,0,0,0,0,0
CF,FF03,2.187719,102.207989,0,IKKM,210.1,6.1,30.0,2.5,1,1600,0,0,0,0,2,0
CF,RW03,2.257211,102.247972,0,IKKM,210.1,1.3,30.0,4.8,1,74,0,0,0,0,3,0
CA,0,30.0,2,1500,0,0,0,0,0,0
CR,2,VMK,90.0,190.0,2,5000,0,1,230,0,0,0
CI,0, ,0.0,190.0,0,0,0,0,0,0,0,0
CF,ATLUS,2.126203,102.418175,0,VMK,127.3,13.0,127.0,8.0,2,5000,0,0,0,0,0,0
HM,ATLUS,2.126203,102.418175,1, ,0.0,0.0,307.0,04.3,2,5000,0,1,230,0,0,0,0

APPTR,R03-Y,03,EMRUN
IF,EMRUN,2.027856,102.231433, ,0.0,0.0,2,4000,0,0,0,0,0,0
TF,KAGPA,2.078261,102.145022,0, ,0.0,0.0,0.0,0.0,2,3000,0,0,0,0,1,0
TF,KM513,2.150742,102.186717,0, ,0.0,0.0,0.0,0.0,2,1600,0,0,0,0,1,0

APPTR,R03-Y,03,KAGPA
IF,KAGPA,2.078261,102.145022, ,0.0,0.0,2,3000,0,0,0,0,1,0
TF,KM513,2.150742,102.186717,0, ,0.0,0.0,0.0,0.0,2,1600,0,0,0,0,1,0

APPTR,R03-Y,03,OMKER
IF,OMKER,2.128661,102.058606, ,0.0,0.0,2,4000,0,0,0,0,0,0
TF,KAGPA,2.078261,102.145022,0, ,0.0,0.0,0.0,0.0,2,3000,0,0,0,0,1,0
TF,KM513,2.150742,102.186717,0, ,0.0,0.0,0.0,0.0,2,1600,0,0,0,0,1,0

FINAL,R03-Y,03,R,4
IF,KM513,2.150742,102.186717, ,0.0,0.0,2,1600,0,0,0,0,0,0
TF,KM512,2.182506,102.204911,0, ,0.0,0.0,30.0,2.2,2,1600,0,0,0,0,2,0
TF,KM511,2.202008,102.216150,0, ,0.0,0.0,30.0,1.4,2,1200,0,0,0,0,0,0
TF,RW03,2.257211,102.247972,0, ,0.0,0.0,30.0,3.8,1,68,0,0,0,0,3,1
VA,0,30.0,2,1500,0,0,0,0,0,0
DF,IRMOV,2.138728,102.292128,2, ,0.0,0.0,2,5000,0,1,220,0,0,0
HM,IRMOV,2.138728,102.292128,1, ,0.0,0.0,210.0,04.3,2,5000,0,1,230,0,0,0,0

APPTR,R21-Y,21,KM507
IF,KM507,2.457892,102.251228, ,0.0,0.0,2,3300,0,0,0,0,1,0
TF,NIVOB,2.408850,102.335375,0, ,0.0,0.0,0.0,0.0,2,2100,0,0,0,0,1,0

APPTR,R21-Y,21,KM508
IF,KM508,2.359792,102.419536, ,0.0,0.0,2,3300,0,0,0,0,1,0
TF,NIVOB,2.408850,102.335375,0, ,0.0,0.0,0.0,0.0,2,2100,0,0,0,0,1,0

FINAL,R21-Y,21,R,3
IF,NIVOB,2.408850,102.335375, ,0.0,0.0,2,2100,0,0,0,0,0,0
TF,KM514,2.362161,102.308497,0, ,0.0,0.0,210.0,3.2,2,1900,0,0,0,0,2,0
TF,RW21,2.273914,102.257600,0, ,0.0,0.0,210.0,6.1,1,89,0,0,0,0,3,1
VA,0,210.0,2,1800,0,0,0,0,0,0
DF,RUVEX,2.258367,102.361075,1, ,0.0,0.0,2,5000,0,1,220,0,0,0
HM,RUVEX,2.258367,102.361075,2, ,0.0,0.0,30.0,04.3,2,5000,0,1,230,0,0,0,0

