SID,AKROM1,15,2
CA,0,150.0,2,400,0,0,0,0,0,0
CI,1, ,0.0,30.0,0,0,0,1,190,0,0,0
FA,CS,-16.850028,145.743889,0,CS,0.0,0.0,80.0,2,4000,0,0,0,0,0,0
DF,AKROM,-18.353806,146.800278,2, ,0.0,0.0,0,0,0,0,0,0,0,0

SID,CS2,15,1
CA,0,150.0,2,400,0,0,0,0,0,0
VM,0,0,0,150.0,0,0,0,1,190,0,0,0

SID,CS2,33,1
DF,DER33,-16.865817,145.743569,0, ,0.0,0.0,0,0,0,0,0,0,0,1
CA,0,330.0,2,500,0,1,220,0,0,0
VM,0,0,0,330.0,0,0,0,0,0,0,0,0

SID,EAZEE3,33,2
DF,CANNU,-16.827472,145.726222,0, ,0.0,0.0,2,500,0,0,0,0,0,0
TF,BUNPO,-16.776139,145.767778,0, ,0.0,0.0,0.0,0.0,0,0,0,1,220,0,0,0
TF,EAZEE,-16.556417,145.685028,0, ,0.0,0.0,0.0,0.0,0,0,0,0,0,0,0,0
VM,0,0,0,333.0,0,0,0,0,0,0,0,0

SID,NONUM1,15,2
CA,0,150.0,2,400,0,0,0,0,0,0
CA,1,30.0,2,3000,0,1,190,0,0,0
DF,CS,-16.850028,145.743889,1, ,0.0,0.0,2,4500,0,0,0,0,0,0
TF,NONUM,-16.916861,145.411861,0, ,0.0,0.0,0.0,0.0,0,0,0,0,0,0,0,0

STAR,CODI9A,ANDOP,4
IF,ANDOP,-16.474111,144.968583, ,0.0,0.0,0,0,0,0,0,0,0,0
TF,CODIE,-16.545000,145.598333,0, ,0.0,0.0,0.0,0.0,0,0,0,0,0,0,0,0

STAR,CODI9A,AVDAN,4
IF,AVDAN,-16.116278,145.327139, ,0.0,0.0,0,0,0,0,0,0,0,0
TF,CODIE,-16.545000,145.598333,0, ,0.0,0.0,0.0,0.0,0,0,0,0,0,0,0,0

STAR,CODI9A,LOCKA,4
IF,LOCKA,-16.023556,145.607944, ,0.0,0.0,0,0,0,0,0,0,0,0
TF,CODIE,-16.545000,145.598333,0, ,0.0,0.0,0.0,0.0,0,0,0,0,0,0,0,0

STAR,CODI9A,OVLET,4
IF,OVLET,-16.229500,145.162083, ,0.0,0.0,0,0,0,0,0,0,0,0
TF,CODIE,-16.545000,145.598333,0, ,0.0,0.0,0.0,0.0,0,0,0,0,0,0,0,0

STAR,CODI9A,PUNIT,4
IF,PUNIT,-16.630944,144.906028, ,0.0,0.0,0,0,0,0,0,0,0,0
TF,CODIE,-16.545000,145.598333,0, ,0.0,0.0,0.0,0.0,0,0,0,0,0,0,0,0

STAR,CODI9A,ZANEY,4
IF,ZANEY,-16.028972,145.911833, ,0.0,0.0,0,0,0,0,0,0,0,0
TF,CODIE,-16.545000,145.598333,0, ,0.0,0.0,0.0,0.0,0,0,0,0,0,0,0,0

STAR,CODI9A,15,5
IF,CODIE,-16.545000,145.598333, ,0.0,0.0,0,0,0,0,0,0,0,0
TF,GUNRO,-16.597250,145.622361,0, ,0.0,0.0,0.0,0.0,0,0,0,0,0,0,0,0

STAR,HEND1A,ANDOP,4
IF,ANDOP,-16.474111,144.968583, ,0.0,0.0,0,0,0,0,0,0,0,0
TF,NONUM,-16.916861,145.411861,0, ,0.0,0.0,0.0,0.0,0,0,0,0,0,0,0,0
TF,TOTTY,-17.240000,145.643333,0, ,0.0,0.0,0.0,0.0,0,0,0,0,0,0,0,0
TF,CS552,-17.252583,145.729417,0, ,0.0,0.0,0.0,0.0,0,0,0,0,0,0,0,0
TF,CS550,-17.254250,145.824639,0, ,0.0,0.0,0.0,0.0,0,0,0,0,0,0,0,0
TF,HENDO,-17.220778,145.904444,0, ,0.0,0.0,0.0,0.0,0,0,0,0,0,0,0,0

STAR,HEND1A,BARIA,4
IF,BARIA,-17.213333,146.363333, ,0.0,0.0,0,0,0,0,0,0,0,0
TF,ROLFE,-17.216694,146.164889,0, ,0.0,0.0,0.0,0.0,3,10000,0,0,0,0,0,0
TF,HENDO,-17.220778,145.904444,0, ,0.0,0.0,0.0,0.0,0,0,0,0,0,0,0,0

STAR,HEND1A,ISNER,4
IF,ISNER,-17.684750,145.802722, ,0.0,0.0,0,0,0,0,0,0,0,0
TF,HENDO,-17.220778,145.904444,0, ,0.0,0.0,0.0,0.0,0,0,0,0,0,0,0,0

STAR,HEND1A,NORMA,4
IF,NORMA,-17.662833,145.538056, ,0.0,0.0,0,0,0,0,0,0,0,0
TF,HENDO,-17.220778,145.904444,0, ,0.0,0.0,0.0,0.0,0,0,0,0,0,0,0,0

STAR,HEND1A,OVLET,4
IF,OVLET,-16.229500,145.162083, ,0.0,0.0,0,0,0,0,0,0,0,0
TF,NONUM,-16.916861,145.411861,0, ,0.0,0.0,0.0,0.0,0,0,0,0,0,0,0,0
TF,TOTTY,-17.240000,145.643333,0, ,0.0,0.0,0.0,0.0,0,0,0,0,0,0,0,0
TF,CS552,-17.252583,145.729417,0, ,0.0,0.0,0.0,0.0,0,0,0,0,0,0,0,0
TF,CS550,-17.254250,145.824639,0, ,0.0,0.0,0.0,0.0,0,0,0,0,0,0,0,0
TF,HENDO,-17.220778,145.904444,0, ,0.0,0.0,0.0,0.0,0,0,0,0,0,0,0,0

STAR,HEND1A,PUNIT,4
IF,PUNIT,-16.630944,144.906028, ,0.0,0.0,0,0,0,0,0,0,0,0
TF,NONUM,-16.916861,145.411861,0, ,0.0,0.0,0.0,0.0,0,0,0,0,0,0,0,0
TF,TOTTY,-17.240000,145.643333,0, ,0.0,0.0,0.0,0.0,0,0,0,0,0,0,0,0
TF,CS552,-17.252583,145.729417,0, ,0.0,0.0,0.0,0.0,0,0,0,0,0,0,0,0
TF,CS550,-17.254250,145.824639,0, ,0.0,0.0,0.0,0.0,0,0,0,0,0,0,0,0
TF,HENDO,-17.220778,145.904444,0, ,0.0,0.0,0.0,0.0,0,0,0,0,0,0,0,0

STAR,HEND1A,VEKBI,4
IF,VEKBI,-17.597139,144.376917, ,0.0,0.0,0,0,0,0,0,0,0,0
TF,HENDO,-17.220778,145.904444,0, ,0.0,0.0,0.0,0.0,0,0,0,0,0,0,0,0

STAR,HEND1A,33,5
IF,HENDO,-17.220778,145.904444, ,0.0,0.0,0,0,0,0,0,0,0,0

STAR,KASP1B,ANDOP,4
IF,ANDOP,-16.474111,144.968583, ,0.0,0.0,0,0,0,0,0,0,0,0
TF,SURUR,-16.563667,145.532639,0, ,0.0,0.0,0.0,0.0,0,0,0,0,0,0,0,0
TF,KASPI,-16.601667,145.775000,0, ,0.0,0.0,0.0,0.0,0,0,0,0,0,0,0,0

STAR,KASP1B,AVDAN,4
IF,AVDAN,-16.116278,145.327139, ,0.0,0.0,0,0,0,0,0,0,0,0
TF,DORKO,-16.503417,145.684111,0, ,0.0,0.0,0.0,0.0,0,0,0,0,0,0,0,0
TF,KASPI,-16.601667,145.775000,0, ,0.0,0.0,0.0,0.0,0,0,0,0,0,0,0,0

STAR,KASP1B,LOCKA,4
IF,LOCKA,-16.023556,145.607944, ,0.0,0.0,0,0,0,0,0,0,0,0
TF,RUVOT,-16.498639,145.745167,0, ,0.0,0.0,0.0,0.0,0,0,0,0,0,0,0,0
TF,KASPI,-16.601667,145.775000,0, ,0.0,0.0,0.0,0.0,0,0,0,0,0,0,0,0

STAR,KASP1B,OVLET,4
IF,OVLET,-16.229500,145.162083, ,0.0,0.0,0,0,0,0,0,0,0,0
TF,IGMOL,-16.515444,145.632556,0, ,0.0,0.0,0.0,0.0,0,0,0,0,0,0,0,0
TF,KASPI,-16.601667,145.775000,0, ,0.0,0.0,0.0,0.0,0,0,0,0,0,0,0,0

STAR,KASP1B,PUNIT,4
IF,PUNIT,-16.630944,144.906028, ,0.0,0.0,0,0,0,0,0,0,0,0
TF,AKOGU,-16.609389,145.556000,0, ,0.0,0.0,0.0,0.0,0,0,0,0,0,0,0,0
TF,KASPI,-16.601667,145.775000,0, ,0.0,0.0,0.0,0.0,0,0,0,0,0,0,0,0

STAR,KASP1B,ZANEY,4
IF,ZANEY,-16.028972,145.911833, ,0.0,0.0,0,0,0,0,0,0,0,0
TF,APAGU,-16.355556,145.833917,0, ,0.0,0.0,0.0,0.0,0,0,0,0,0,0,0,0
TF,KASPI,-16.601667,145.775000,0, ,0.0,0.0,0.0,0.0,0,0,0,0,0,0,0,0

STAR,KASP1B,15,5
IF,KASPI,-16.601667,145.775000, ,0.0,0.0,0,0,0,0,0,0,0,0

STAR,KASP1V,ANDOP,4
IF,ANDOP,-16.474111,144.968583, ,0.0,0.0,0,0,0,0,0,0,0,0
TF,SURUR,-16.563667,145.532639,0, ,0.0,0.0,0.0,0.0,0,0,0,0,0,0,0,0
TF,KASPI,-16.601667,145.775000,0, ,0.0,0.0,0.0,0.0,0,0,0,0,0,0,0,0

STAR,KASP1V,AVDAN,4
IF,AVDAN,-16.116278,145.327139, ,0.0,0.0,0,0,0,0,0,0,0,0
TF,DORKO,-16.503417,145.684111,0, ,0.0,0.0,0.0,0.0,0,0,0,0,0,0,0,0
TF,KASPI,-16.601667,145.775000,0, ,0.0,0.0,0.0,0.0,0,0,0,0,0,0,0,0

STAR,KASP1V,LOCKA,4
IF,LOCKA,-16.023556,145.607944, ,0.0,0.0,0,0,0,0,0,0,0,0
TF,RUVOT,-16.498639,145.745167,0, ,0.0,0.0,0.0,0.0,0,0,0,0,0,0,0,0
TF,KASPI,-16.601667,145.775000,0, ,0.0,0.0,0.0,0.0,0,0,0,0,0,0,0,0

STAR,KASP1V,OVLET,4
IF,OVLET,-16.229500,145.162083, ,0.0,0.0,0,0,0,0,0,0,0,0
TF,IGMOL,-16.515444,145.632556,0, ,0.0,0.0,0.0,0.0,0,0,0,0,0,0,0,0
TF,KASPI,-16.601667,145.775000,0, ,0.0,0.0,0.0,0.0,0,0,0,0,0,0,0,0

STAR,KASP1V,PUNIT,4
IF,PUNIT,-16.630944,144.906028, ,0.0,0.0,0,0,0,0,0,0,0,0
TF,AKOGU,-16.609389,145.556000,0, ,0.0,0.0,0.0,0.0,0,0,0,0,0,0,0,0
TF,KASPI,-16.601667,145.775000,0, ,0.0,0.0,0.0,0.0,0,0,0,0,0,0,0,0

STAR,KASP1V,ZANEY,4
IF,ZANEY,-16.028972,145.911833, ,0.0,0.0,0,0,0,0,0,0,0,0
TF,APAGU,-16.355556,145.833917,0, ,0.0,0.0,0.0,0.0,0,0,0,0,0,0,0,0
TF,KASPI,-16.601667,145.775000,0, ,0.0,0.0,0.0,0.0,0,0,0,0,0,0,0,0

STAR,KASP1V,15,5
IF,KASPI,-16.601667,145.775000, ,0.0,0.0,0,0,0,0,0,0,0,0
TF,BENJI,-16.768333,145.753333,0, ,0.0,0.0,0.0,0.0,0,0,0,0,0,0,0,0

STAR,KEWI4A,AVDAN,4
IF,AVDAN,-16.116278,145.327139, ,0.0,0.0,0,0,0,0,0,0,0,0
TF,DORKO,-16.503417,145.684111,0, ,0.0,0.0,0.0,0.0,0,0,0,0,0,0,0,0
TF,KASPI,-16.601667,145.775000,0, ,0.0,0.0,0.0,0.0,0,0,0,0,0,0,0,0
TF,KEEWI,-16.763333,145.933333,0, ,0.0,0.0,0.0,0.0,2,6800,0,0,0,0,0,0

STAR,KEWI4A,LOCKA,4
IF,LOCKA,-16.023556,145.607944, ,0.0,0.0,0,0,0,0,0,0,0,0
TF,PAVTA,-16.506389,145.820028,0, ,0.0,0.0,0.0,0.0,0,0,0,0,0,0,0,0
TF,KEEWI,-16.763333,145.933333,0, ,0.0,0.0,0.0,0.0,2,6800,0,0,0,0,0,0

STAR,KEWI4A,ZANEY,4
IF,ZANEY,-16.028972,145.911833, ,0.0,0.0,0,0,0,0,0,0,0,0
TF,KEEWI,-16.763333,145.933333,0, ,0.0,0.0,0.0,0.0,2,6800,0,0,0,0,0,0

STAR,KEWI4A,33,5
IF,KEEWI,-16.763333,145.933333, ,0.0,0.0,2,6800,0,0,0,0,0,0
TF,LOTVA,-17.075000,146.090000,0, ,0.0,0.0,0.0,0.0,0,0,0,0,0,0,0,0
TF,CS551,-17.187472,145.984306,0, ,0.0,0.0,0.0,0.0,0,0,0,0,0,0,0,0
TF,HENDO,-17.220778,145.904444,0, ,0.0,0.0,0.0,0.0,0,0,0,0,0,0,0,0

STAR,KEWI4V,AVDAN,4
IF,AVDAN,-16.116278,145.327139, ,0.0,0.0,0,0,0,0,0,0,0,0
TF,DORKO,-16.503417,145.684111,0, ,0.0,0.0,0.0,0.0,0,0,0,0,0,0,0,0
TF,KASPI,-16.601667,145.775000,0, ,0.0,0.0,0.0,0.0,0,0,0,0,0,0,0,0
TF,KEEWI,-16.763333,145.933333,0, ,0.0,0.0,0.0,0.0,0,0,0,0,0,0,0,0

STAR,KEWI4V,LOCKA,4
IF,LOCKA,-16.023556,145.607944, ,0.0,0.0,0,0,0,0,0,0,0,0
TF,PAVTA,-16.506389,145.820028,0, ,0.0,0.0,0.0,0.0,0,0,0,0,0,0,0,0
TF,KEEWI,-16.763333,145.933333,0, ,0.0,0.0,0.0,0.0,0,0,0,0,0,0,0,0

STAR,KEWI4V,OVLET,4
IF,OVLET,-16.229500,145.162083, ,0.0,0.0,0,0,0,0,0,0,0,0
TF,IGMOL,-16.515444,145.632556,0, ,0.0,0.0,0.0,0.0,0,0,0,0,0,0,0,0
TF,KASPI,-16.601667,145.775000,0, ,0.0,0.0,0.0,0.0,0,0,0,0,0,0,0,0
TF,KEEWI,-16.763333,145.933333,0, ,0.0,0.0,0.0,0.0,0,0,0,0,0,0,0,0

STAR,KEWI4V,ZANEY,4
IF,ZANEY,-16.028972,145.911833, ,0.0,0.0,0,0,0,0,0,0,0,0
TF,KEEWI,-16.763333,145.933333,0, ,0.0,0.0,0.0,0.0,0,0,0,0,0,0,0,0

STAR,KEWI4V,33,5
IF,KEEWI,-16.763333,145.933333, ,0.0,0.0,0,0,0,0,0,0,0,0
TF,KAKAG,-16.806944,145.838056,0, ,0.0,0.0,0.0,0.0,0,0,0,0,0,0,0,0

STAR,KEWI4X,AVDAN,4
IF,AVDAN,-16.116278,145.327139, ,0.0,0.0,0,0,0,0,0,0,0,0
TF,DORKO,-16.503417,145.684111,0, ,0.0,0.0,0.0,0.0,0,0,0,0,0,0,0,0
TF,KASPI,-16.601667,145.775000,0, ,0.0,0.0,0.0,0.0,0,0,0,0,0,0,0,0
TF,KEEWI,-16.763333,145.933333,0, ,0.0,0.0,0.0,0.0,2,7000,0,0,0,0,0,0

STAR,KEWI4X,LOCKA,4
IF,LOCKA,-16.023556,145.607944, ,0.0,0.0,0,0,0,0,0,0,0,0
TF,PAVTA,-16.506389,145.820028,0, ,0.0,0.0,0.0,0.0,0,0,0,0,0,0,0,0
TF,KEEWI,-16.763333,145.933333,0, ,0.0,0.0,0.0,0.0,2,7000,0,0,0,0,0,0

STAR,KEWI4X,OVLET,4
IF,OVLET,-16.229500,145.162083, ,0.0,0.0,0,0,0,0,0,0,0,0
TF,IGMOL,-16.515444,145.632556,0, ,0.0,0.0,0.0,0.0,0,0,0,0,0,0,0,0
TF,KASPI,-16.601667,145.775000,0, ,0.0,0.0,0.0,0.0,0,0,0,0,0,0,0,0
TF,KEEWI,-16.763333,145.933333,0, ,0.0,0.0,0.0,0.0,2,7000,0,0,0,0,0,0

STAR,KEWI4X,ZANEY,4
IF,ZANEY,-16.028972,145.911833, ,0.0,0.0,0,0,0,0,0,0,0,0
TF,KEEWI,-16.763333,145.933333,0, ,0.0,0.0,0.0,0.0,2,7000,0,0,0,0,0,0

STAR,KEWI4X,33,5
IF,KEEWI,-16.763333,145.933333, ,0.0,0.0,2,7000,0,0,0,0,0,0
TF,LAVUP,-16.936500,145.984861,0, ,0.0,0.0,0.0,0.0,0,0,0,1,230,0,0,0

STAR,KEWI4Y,AVDAN,4
IF,AVDAN,-16.116278,145.327139, ,0.0,0.0,0,0,0,0,0,0,0,0
TF,DORKO,-16.503417,145.684111,0, ,0.0,0.0,0.0,0.0,0,0,0,0,0,0,0,0
TF,KASPI,-16.601667,145.775000,0, ,0.0,0.0,0.0,0.0,0,0,0,0,0,0,0,0
TF,KEEWI,-16.763333,145.933333,0, ,0.0,0.0,0.0,0.0,2,7000,0,0,0,0,0,0

STAR,KEWI4Y,LOCKA,4
IF,LOCKA,-16.023556,145.607944, ,0.0,0.0,0,0,0,0,0,0,0,0
TF,PAVTA,-16.506389,145.820028,0, ,0.0,0.0,0.0,0.0,0,0,0,0,0,0,0,0
TF,KEEWI,-16.763333,145.933333,0, ,0.0,0.0,0.0,0.0,2,7000,0,0,0,0,0,0

STAR,KEWI4Y,ZANEY,4
IF,ZANEY,-16.028972,145.911833, ,0.0,0.0,0,0,0,0,0,0,0,0
TF,KEEWI,-16.763333,145.933333,0, ,0.0,0.0,0.0,0.0,2,7000,0,0,0,0,0,0

STAR,KEWI4Y,33,5
IF,KEEWI,-16.763333,145.933333, ,0.0,0.0,2,7000,0,0,0,0,0,0
TF,LOTVA,-17.075000,146.090000,0, ,0.0,0.0,0.0,0.0,2,6800,0,1,230,0,0,0

STAR,NONU5A,15,5
IF,NONUM,-16.916861,145.411861, ,0.0,0.0,0,0,0,0,0,0,0,0
TF,RAINY,-16.700000,145.535000,0, ,0.0,0.0,0.0,0.0,0,0,0,0,0,0,0,0

STAR,NONU5B,15,5
IF,NONUM,-16.916861,145.411861, ,0.0,0.0,0,0,0,0,0,0,0,0
TF,RAINY,-16.700000,145.535000,0, ,0.0,0.0,0.0,0.0,0,0,0,0,0,0,0,0
TF,CS554,-16.642972,145.589806,0, ,0.0,0.0,0.0,0.0,0,0,0,0,0,0,0,0
TF,CS553,-16.591083,145.687472,0, ,0.0,0.0,0.0,0.0,0,0,0,0,0,0,0,0
TF,KASPI,-16.601667,145.775000,0, ,0.0,0.0,0.0,0.0,0,0,0,0,0,0,0,0

STAR,NONU5V,15,5
IF,NONUM,-16.916861,145.411861, ,0.0,0.0,0,0,0,0,0,0,0,0
TF,RAINY,-16.700000,145.535000,0, ,0.0,0.0,0.0,0.0,0,0,0,0,0,0,0,0
TF,CS554,-16.642972,145.589806,0, ,0.0,0.0,0.0,0.0,0,0,0,0,0,0,0,0
TF,CS553,-16.591083,145.687472,0, ,0.0,0.0,0.0,0.0,0,0,0,0,0,0,0,0
TF,KASPI,-16.601667,145.775000,0, ,0.0,0.0,0.0,0.0,0,0,0,0,0,0,0,0
TF,BENJI,-16.768333,145.753333,0, ,0.0,0.0,0.0,0.0,0,0,0,0,0,0,0,0

STAR,NONU5W,15,5
IF,NONUM,-16.916861,145.411861, ,0.0,0.0,0,0,0,0,0,0,0,0
TF,EPGAG,-16.784917,145.514194,0, ,0.0,0.0,0.0,0.0,0,0,0,1,240,0,0,0

STAR,NONU5Z,15,5
IF,NONUM,-16.916861,145.411861, ,0.0,0.0,0,0,0,0,0,0,0,0
TF,RAINY,-16.700000,145.535000,0, ,0.0,0.0,0.0,0.0,0,0,0,0,0,0,0,0
TF,PULAX,-16.679083,145.570306,0, ,0.0,0.0,0.0,0.0,0,0,0,0,0,0,0,0

STAR,TOTY5W,ANDOP,4
IF,ANDOP,-16.474111,144.968583, ,0.0,0.0,0,0,0,0,0,0,0,0
TF,NONUM,-16.916861,145.411861,0, ,0.0,0.0,0.0,0.0,0,0,0,0,0,0,0,0
TF,TOTTY,-17.240000,145.643333,0, ,0.0,0.0,0.0,0.0,0,0,0,1,230,0,0,0

STAR,TOTY5W,ISNER,4
IF,ISNER,-17.684750,145.802722, ,0.0,0.0,0,0,0,0,0,0,0,0
TF,TOTTY,-17.240000,145.643333,0, ,0.0,0.0,0.0,0.0,0,0,0,1,230,0,0,0

STAR,TOTY5W,NORMA,4
IF,NORMA,-17.662833,145.538056, ,0.0,0.0,0,0,0,0,0,0,0,0
TF,TOTTY,-17.240000,145.643333,0, ,0.0,0.0,0.0,0.0,0,0,0,1,230,0,0,0

STAR,TOTY5W,PUNIT,4
IF,PUNIT,-16.630944,144.906028, ,0.0,0.0,0,0,0,0,0,0,0,0
TF,NONUM,-16.916861,145.411861,0, ,0.0,0.0,0.0,0.0,0,0,0,0,0,0,0,0
TF,TOTTY,-17.240000,145.643333,0, ,0.0,0.0,0.0,0.0,0,0,0,1,230,0,0,0

STAR,TOTY5W,VEKBI,4
IF,VEKBI,-17.597139,144.376917, ,0.0,0.0,0,0,0,0,0,0,0,0
TF,TOTTY,-17.240000,145.643333,0, ,0.0,0.0,0.0,0.0,0,0,0,1,230,0,0,0

STAR,TOTY5W,33,5
IF,TOTTY,-17.240000,145.643333, ,0.0,0.0,0,0,0,1,230,0,0,0
TF,LEBAD,-17.214694,145.688889,0, ,0.0,0.0,0.0,0.0,2,7000,0,0,0,0,0,0

STAR,UPOL1A,15,5
IF,UPOLO,-16.698111,145.949417, ,0.0,0.0,0,0,0,0,0,0,0,0
TF,BERSI,-16.632028,145.872889,0, ,0.0,0.0,0.0,0.0,0,0,0,0,0,0,0,0
TF,KASPI,-16.601667,145.775000,0, ,0.0,0.0,0.0,0.0,0,0,0,0,0,0,0,0

STAR,UPOL1V,15,5
IF,UPOLO,-16.698111,145.949417, ,0.0,0.0,0,0,0,0,0,0,0,0
TF,BERSI,-16.632028,145.872889,0, ,0.0,0.0,0.0,0.0,0,0,0,0,0,0,0,0
TF,KASPI,-16.601667,145.775000,0, ,0.0,0.0,0.0,0.0,0,0,0,0,0,0,0,0
TF,BENJI,-16.768333,145.753333,1, ,0.0,0.0,0.0,0.0,0,0,0,0,0,0,0,0

STAR,UPOL1X,15,5
IF,UPOLO,-16.698111,145.949417, ,0.0,0.0,0,0,0,0,0,0,0,0
TF,FOGGI,-16.656472,145.892667,0, ,0.0,0.0,0.0,0.0,0,0,0,0,0,0,0,0
TF,TODEG,-16.649861,145.824306,0, ,0.0,0.0,0.0,0.0,0,0,0,1,240,0,0,0

STAR,UPOL1Z,15,5
IF,UPOLO,-16.698111,145.949417, ,0.0,0.0,0,0,0,0,0,0,0,0
TF,BERSI,-16.632028,145.872889,0, ,0.0,0.0,0.0,0.0,0,0,0,0,0,0,0,0
TF,KASPI,-16.601667,145.775000,0, ,0.0,0.0,0.0,0.0,0,0,0,0,0,0,0,0
TF,ATOSU,-16.616389,145.719917,0, ,0.0,0.0,0.0,0.0,0,0,0,0,0,0,0,0

APPTR,L15-Y,15,CS
IF,CS,-16.850028,145.743889, ,0.0,0.0,2,5000,0,0,0,0,1,0
TF,D355O,-16.599061,145.753256,0, ,0.0,0.0,0.0,0.0,2,3700,0,0,0,0,0,0
AF,D158O,-16.608322,145.676731,1,CS,338.0,15.0,355.0,2,3700,0,0,0,0,0,0
VI,0,ICS,0.0,180.0,2,3700,0,0,0,0,0,0

APPTR,L15-Y,15,GUNRO
IF,GUNRO,-16.597250,145.622361, ,0.0,0.0,2,5000,0,0,0,0,1,0
CF,CF15,-16.622772,145.633150,0,ICS,329.4,17.6,150.0,1.7,2,3700,0,0,0,0,0,0

APPTR,L15-Y,15,KASPI
IF,KASPI,-16.601667,145.775000, ,0.0,0.0,2,3700,0,0,0,0,1,0
AF,D158O,-16.608322,145.676731,1,CS,338.0,15.0,360.0,2,3700,0,0,0,0,0,0
VI,0,ICS,0.0,180.0,2,3700,0,0,0,0,0,0

APPTR,L15-Y,15,RAINY
IF,RAINY,-16.700000,145.535000, ,0.0,0.0,2,4700,0,0,0,0,1,0
AF,D142O,-16.637633,145.605100,2,CS,320.8,15.0,300.0,2,4100,0,0,0,0,0,0
VI,0,ICS,0.0,120.0,2,3700,0,0,0,0,0,0

FINAL,L15-Y,15,D,5
IF,CF15,-16.622772,145.633150,ICS,329.4,17.6,2,3700,0,0,0,0,0,0
CF,LOC11,-16.699386,145.669375,0,ICS,329.7,12.6,150.0,5.0,2,3540,0,0,0,0,0,0
CF,KASNA,-16.730144,145.682278,0,ICS,329.5,10.6,150.0,2.0,2,2900,0,0,0,0,2,0
CF,38LOC,-16.810144,145.718725,0,ICS,329.7,5.4,150.0,5.2,2,1220,0,0,0,0,0,0
CF,MA15,-16.857928,145.739989,0,ICS,329.5,2.3,150.0,3.1,1,223,0,0,0,0,3,0
CI,1, ,0.0,30.0,2,3700,0,0,0,0,0,0
AF,D158O,-16.608322,145.676731,1,CS,338.0,15.0,45.0,0,0,0,0,0,0,0,0

APPTR,L15-Z,15,CS
IF,CS,-16.850028,145.743889, ,0.0,0.0,2,5000,0,0,0,0,1,0
TF,D355O,-16.599061,145.753256,0, ,0.0,0.0,0.0,0.0,2,3700,0,0,0,0,0,0
AF,D158O,-16.608322,145.676731,1,CS,338.0,15.0,355.0,2,3700,0,0,0,0,0,0
VI,0,ICS,0.0,180.0,2,3700,0,0,0,0,0,0

APPTR,L15-Z,15,GUNRO
IF,GUNRO,-16.597250,145.622361, ,0.0,0.0,2,5000,0,0,0,0,1,0
CF,CF15,-16.622772,145.633150,0,ICS,329.4,17.6,150.0,1.7,2,3700,0,0,0,0,0,0

APPTR,L15-Z,15,KASPI
IF,KASPI,-16.601667,145.775000, ,0.0,0.0,2,3700,0,0,0,0,1,0
AF,D158O,-16.608322,145.676731,1,CS,338.0,15.0,360.0,2,3700,0,0,0,0,0,0
VI,0,ICS,0.0,180.0,2,3700,0,0,0,0,0,0

APPTR,L15-Z,15,RAINY
IF,RAINY,-16.700000,145.535000, ,0.0,0.0,2,4700,0,0,0,0,1,0
AF,D142O,-16.637633,145.605100,2,CS,320.8,15.0,300.0,2,4100,0,0,0,0,0,0
VI,0,ICS,0.0,120.0,2,3700,0,0,0,0,0,0

FINAL,L15-Z,15,D,5
IF,CF15,-16.622772,145.633150,ICS,329.4,17.6,2,3700,0,0,0,0,0,0
CF,LOC11,-16.699386,145.669375,0,ICS,329.7,12.6,150.0,5.0,2,3540,0,0,0,0,0,0
CF,KASNA,-16.730144,145.682278,0,ICS,329.5,10.6,150.0,2.0,2,2900,0,0,0,0,2,0
CF,38LOC,-16.810144,145.718725,0,ICS,329.7,5.4,150.0,5.2,2,1220,0,0,0,0,0,0
CF,MA15,-16.857928,145.739989,0,ICS,329.5,2.3,150.0,3.1,1,223,0,0,0,0,3,0
CI,1, ,0.0,15.0,2,3700,0,1,180,0,0,0
AF,D158O,-16.608322,145.676731,1,CS,338.0,15.0,45.0,0,0,0,0,0,0,0,0

APPTR,L33-W,33,CS
IF,CS,-16.850028,145.743889, ,0.0,0.0,2,6800,0,0,0,0,1,0
TF,LOTVA,-17.075000,146.090000,0, ,0.0,0.0,0.0,0.0,2,6800,0,1,210,0,0,0
AF,D145X,-17.204461,145.940344,2,CS,145.0,24.0,117.0,2,6800,0,0,0,0,0,0
VI,0,ICN,0.0,300.0,2,6200,0,0,0,0,0,0

APPTR,L33-W,33,TOTTY
IF,TOTTY,-17.240000,145.643333, ,0.0,0.0,0,0,0,0,0,0,0,0
AF,D156X,-17.234364,145.866181,1,CS,156.0,24.0,187.0,2,6800,0,0,0,0,0,0
VI,0,ICN,0.0,360.0,2,6200,0,0,0,0,0,0

FINAL,L33-W,33,D,9
IF,HENDO,-17.220778,145.904444,ICN,149.5,23.2,2,6800,0,0,0,0,1,0
CF,LOC22,-17.190283,145.890317,0,ICN,149.5,21.2,330.0,2.0,2,6460,0,0,0,0,0,0
CF,LOC20,-17.159600,145.876414,0,ICN,149.5,19.2,330.0,2.0,2,5800,0,0,0,0,0,0
CF,LOC18,-17.128914,145.862517,0,ICN,149.5,17.2,330.0,2.0,2,5140,0,0,0,0,0,0
CF,LOC15,-17.082833,145.841658,0,ICN,149.5,14.2,330.0,3.0,2,4150,0,0,0,0,0,0
CF,LOC13,-17.052136,145.827767,0,ICN,149.5,12.2,330.0,2.0,2,3500,0,0,0,0,0,0
CF,LO011,-17.021433,145.813878,0,ICN,149.5,10.2,330.0,2.0,2,2830,0,0,0,0,0,0
CF,FF33,-16.975364,145.793050,0,ICN,149.5,7.2,330.0,3.0,2,1850,0,0,0,0,2,0
CF,ML33,-16.922986,145.769383,0,ICN,149.5,3.8,330.0,3.4,1,723,0,0,0,0,3,0
CI,0, ,0.0,20.0,0,0,0,1,140,0,0,0
FM,CS,-16.850028,145.743889,0,CS,0.0,0.0,40.0,2,4000,0,0,0,0,0,0

APPTR,L33-X,33,CS
IF,CS,-16.850028,145.743889, ,0.0,0.0,2,6800,0,0,0,0,1,0
TF,LOTVA,-17.075000,146.090000,0, ,0.0,0.0,0.0,0.0,2,6800,0,1,210,0,0,0
AF,D145X,-17.204461,145.940344,2,CS,145.0,24.0,117.0,2,6800,0,0,0,0,0,0
VI,0,ICN,0.0,300.0,2,6200,0,0,0,0,0,0

APPTR,L33-X,33,TOTTY
IF,TOTTY,-17.240000,145.643333, ,0.0,0.0,0,0,0,0,0,0,0,0
AF,D156X,-17.234364,145.866181,1,CS,156.0,24.0,187.0,2,6800,0,0,0,0,0,0
VI,0,ICN,0.0,360.0,2,6200,0,0,0,0,0,0

FINAL,L33-X,33,D,9
IF,HENDO,-17.220778,145.904444,ICN,149.5,23.2,2,6800,0,0,0,0,1,0
CF,LOC22,-17.190283,145.890317,0,ICN,149.5,21.2,330.0,2.0,2,6460,0,0,0,0,0,0
CF,LOC20,-17.159600,145.876414,0,ICN,149.5,19.2,330.0,2.0,2,5800,0,0,0,0,0,0
CF,LOC18,-17.128914,145.862517,0,ICN,149.5,17.2,330.0,2.0,2,5140,0,0,0,0,0,0
CF,LOC15,-17.082833,145.841658,0,ICN,149.5,14.2,330.0,3.0,2,4150,0,0,0,0,0,0
CF,LOC13,-17.052136,145.827767,0,ICN,149.5,12.2,330.0,2.0,2,3500,0,0,0,0,0,0
CF,LO011,-17.021433,145.813878,0,ICN,149.5,10.2,330.0,2.0,2,2830,0,0,0,0,0,0
CF,FF33,-16.975364,145.793050,0,ICN,149.5,7.2,330.0,3.0,2,1850,0,0,0,0,2,0
CF,MA33,-16.926175,145.770825,0,ICN,149.5,4.0,330.0,3.2,1,792,0,0,0,0,3,0
CI,0, ,0.0,20.0,0,0,0,1,185,0,0,0
FM,CS,-16.850028,145.743889,0,CS,0.0,0.0,40.0,2,4000,0,0,0,0,0,0

APPTR,L33-Y,33,CS
IF,CS,-16.850028,145.743889, ,0.0,0.0,2,6800,0,0,0,0,1,0
TF,LOTVA,-17.075000,146.090000,0, ,0.0,0.0,0.0,0.0,2,6800,0,1,210,0,0,0
AF,D145X,-17.204461,145.940344,2,CS,145.0,24.0,117.0,2,6800,0,0,0,0,0,0
VI,0,ICN,0.0,300.0,2,6200,0,0,0,0,0,0

APPTR,L33-Y,33,TOTTY
IF,TOTTY,-17.240000,145.643333, ,0.0,0.0,0,0,0,0,0,0,0,0
AF,D156X,-17.234364,145.866181,1,CS,156.0,24.0,187.0,2,6800,0,0,0,0,0,0
VI,0,ICN,0.0,360.0,2,6200,0,0,0,0,0,0

FINAL,L33-Y,33,D,9
IF,HENDO,-17.220778,145.904444,ICN,149.5,23.2,2,6800,0,0,0,0,1,0
CF,LOC21,-17.189339,145.890106,0,ICN,149.5,21.2,330.0,2.0,2,6460,0,0,0,0,0,0
CF,LOC19,-17.158661,145.876186,0,ICN,149.5,19.2,330.0,2.0,2,5800,0,0,0,0,0,0
CF,LOC17,-17.127983,145.862269,0,ICN,149.5,17.2,330.0,2.0,2,5140,0,0,0,0,0,0
CF,LOC14,-17.081964,145.841403,0,ICN,149.5,14.2,330.0,3.0,2,4150,0,0,0,0,0,0
CF,LOC12,-17.051283,145.827497,0,ICN,149.5,12.2,330.0,2.0,2,3500,0,0,0,0,0,0
CF,LO010,-17.020600,145.813597,0,ICN,149.5,10.2,330.0,2.0,2,2830,0,0,0,0,0,0
CF,FF33,-16.975364,145.793050,0,ICN,149.5,7.2,330.0,3.0,2,1850,0,0,0,0,2,0
CF,ML33,-16.922986,145.769383,0,ICN,149.5,3.8,330.0,3.4,1,723,0,0,0,0,3,0
CI,0, ,0.0,20.0,0,0,0,1,140,0,0,0
FM,CS,-16.850028,145.743889,0,CS,0.0,0.0,40.0,2,4000,0,0,0,0,0,0

APPTR,L33-Z,33,CS
IF,CS,-16.850028,145.743889, ,0.0,0.0,2,6800,0,0,0,0,1,0
TF,LOTVA,-17.075000,146.090000,0, ,0.0,0.0,0.0,0.0,2,6800,0,1,210,0,0,0
AF,D145X,-17.204461,145.940344,2,CS,145.0,24.0,117.0,2,6800,0,0,0,0,0,0
VI,0,ICN,0.0,300.0,2,6200,0,0,0,0,0,0

APPTR,L33-Z,33,TOTTY
IF,TOTTY,-17.240000,145.643333, ,0.0,0.0,0,0,0,0,0,0,0,0
AF,D156X,-17.234364,145.866181,1,CS,156.0,24.0,187.0,2,6800,0,0,0,0,0,0
VI,0,ICN,0.0,360.0,2,6200,0,0,0,0,0,0

FINAL,L33-Z,33,D,9
IF,HENDO,-17.220778,145.904444,ICN,149.5,23.2,2,6800,0,0,0,0,1,0
CF,LOC21,-17.189339,145.890106,0,ICN,149.5,21.2,330.0,2.0,2,6460,0,0,0,0,0,0
CF,LOC19,-17.158661,145.876186,0,ICN,149.5,19.2,330.0,2.0,2,5800,0,0,0,0,0,0
CF,LOC17,-17.127983,145.862269,0,ICN,149.5,17.2,330.0,2.0,2,5140,0,0,0,0,0,0
CF,LOC14,-17.081964,145.841403,0,ICN,149.5,14.2,330.0,3.0,2,4150,0,0,0,0,0,0
CF,LOC12,-17.051283,145.827497,0,ICN,149.5,12.2,330.0,2.0,2,3500,0,0,0,0,0,0
CF,LO010,-17.020600,145.813597,0,ICN,149.5,10.2,330.0,2.0,2,2830,0,0,0,0,0,0
CF,FF33,-16.975364,145.793050,0,ICN,149.5,7.2,330.0,3.0,2,1850,0,0,0,0,2,0
CF,MA33,-16.926175,145.770825,0,ICN,149.5,4.0,330.0,3.2,1,792,0,0,0,0,3,0
CI,0, ,0.0,20.0,0,0,0,1,185,0,0,0
FM,CS,-16.850028,145.743889,0,CS,0.0,0.0,40.0,2,4000,0,0,0,0,0,0

APPTR,N15-B,15,CS1
IF,CS,-16.846972,145.735556, ,0.0,0.0,2,5000,0,0,0,0,1,0
FC,CS,-16.846972,145.735556,0,CS,0.0,0.0,31.0,7.0,0,0,0,0,0,0,0,1
CF,FN190,-16.782950,145.755861,1,CS,2.8,4.1,190.0,3.3,2,2000,0,0,0,0,0,0

APPTR,N15-B,15,CS2
IF,CS,-16.846972,145.735556, ,0.0,0.0,2,5000,0,1,140,0,1,0
FC,CS,-16.846972,145.735556,0,CS,0.0,0.0,22.0,7.0,0,0,0,0,0,0,0,1
CF,FN190,-16.782950,145.755861,1,CS,2.8,4.1,190.0,3.3,2,2000,0,0,0,0,0,0

FINAL,N15-B,15,N,2
IF,FN190,-16.782950,145.755861,CS,0.0,0.0,2,2000,0,0,0,0,2,0
CF,CS,-16.846972,145.735556,0,CS,0.0,0.0,190.0,4.0,1,1620,0,0,0,0,3,0
VI,1, ,0.0,10.0,0,0,0,1,185,0,0,0
FM,CS,-16.846972,145.735556,0,CS,0.0,0.0,40.0,2,4000,0,0,0,0,0,0

APPTR,N33-B,33,CS1
IF,CS,-16.846972,145.735556, ,0.0,0.0,2,5000,0,0,0,0,1,0
FC,CS,-16.846972,145.735556,0,CS,0.0,0.0,31.0,7.0,0,0,0,0,0,0,0,1
CF,FN190,-16.782950,145.755861,1,CS,2.8,4.1,190.0,3.3,2,2000,0,0,0,0,0,0

APPTR,N33-B,33,CS2
IF,CS,-16.846972,145.735556, ,0.0,0.0,2,5000,0,1,140,0,1,0
FC,CS,-16.846972,145.735556,0,CS,0.0,0.0,22.0,7.0,0,0,0,0,0,0,0,1
CF,FN190,-16.782950,145.755861,1,CS,2.8,4.1,190.0,3.3,2,2000,0,0,0,0,0,0

FINAL,N33-B,33,N,2
IF,FN190,-16.782950,145.755861,CS,0.0,0.0,2,2000,0,0,0,0,2,0
CF,CS,-16.846972,145.735556,0,CS,0.0,0.0,190.0,4.0,1,1620,0,0,0,0,3,0
VI,1, ,0.0,10.0,0,0,0,1,185,0,0,0
FM,CS,-16.846972,145.735556,0,CS,0.0,0.0,40.0,2,4000,0,0,0,0,0,0

APPTR,Q15-A,15,CS1
IF,CS,-16.846972,145.735556, ,0.0,0.0,2,5000,0,0,0,0,1,0
FD,CS,-16.846972,145.735556,0,CS,283.8,8.0,18.0,8.0,0,0,0,0,0,0,0,0
CF,CQ180,-16.716550,145.752167,1,CS,356.4,8.0,180.0,1.0,2,2000,0,0,0,0,0,0

APPTR,Q15-A,15,CS2
IF,CS,-16.846972,145.735556, ,0.0,0.0,2,5000,0,0,0,0,1,0
FD,CS,-16.846972,145.735556,0,CS,283.8,8.0,12.0,8.0,0,0,0,0,0,0,0,0
CF,CQ180,-16.716550,145.752167,1,CS,356.4,8.0,180.0,1.0,2,2000,0,0,0,0,0,0

APPTR,Q15-A,15,KASPI
IF,KASPI,-16.601667,145.775000, ,0.0,0.0,2,3700,0,0,0,0,1,0
TF,CS11,-16.666719,145.758511,0, ,0.0,0.0,0.0,0.0,2,3000,0,0,0,0,0,0
TF,CQ180,-16.716550,145.752167,0, ,0.0,0.0,0.0,0.0,2,2000,0,0,0,0,0,0

APPTR,Q15-A,15,RAINY
IF,RAINY,-16.700000,145.535000, ,0.0,0.0,2,4700,0,0,0,0,0,0
AF,D352O,-16.598947,145.739625,2,CS,352.1,15.0,300.0,2,4100,0,0,0,0,0,0
AF,KASPI,-16.601667,145.775000,2,CS,359.9,15.0,352.0,2,3700,0,0,0,0,0,0
TF,CS11,-16.666719,145.758511,0, ,0.0,0.0,0.0,0.0,2,3000,0,0,0,0,1,0
TF,CQ180,-16.716550,145.752167,0, ,0.0,0.0,0.0,0.0,2,2000,0,0,0,0,0,0

APPTR,Q15-A,15,UPOLO
IF,UPOLO,-16.698111,145.949417, ,0.0,0.0,2,3700,0,0,0,0,0,0
AF,KASPI,-16.601667,145.775000,1,CS,359.9,15.0,45.0,2,3700,0,0,0,0,0,0
TF,CS11,-16.666719,145.758511,0, ,0.0,0.0,0.0,0.0,2,3000,0,0,0,0,1,0
TF,CQ180,-16.716550,145.752167,0, ,0.0,0.0,0.0,0.0,2,2000,0,0,0,0,0,0

FINAL,Q15-A,15,N,3
IF,CQ180,-16.716550,145.752167,CS,0.0,0.0,2,2000,0,0,0,0,0,0
CF,FQ180,-16.766550,145.745800,0,CS,0.0,0.0,180.0,3.0,2,1500,0,0,0,0,2,0
CF,MQ180,-16.822194,145.738708,0,CS,0.0,1.7,180.0,3.4,1,1230,0,0,0,0,3,0
VI,1, ,0.0,75.0,0,0,0,0,0,0,0,0
FM,CS,-16.850028,145.743889,0,CS,0.0,0.0,45.0,2,4000,0,1,185,0,0,0

APPTR,Q33-A,33,CS1
IF,CS,-16.846972,145.735556, ,0.0,0.0,2,5000,0,0,0,0,1,0
FD,CS,-16.846972,145.735556,0,CS,283.8,8.0,18.0,8.0,0,0,0,0,0,0,0,0
CF,CQ180,-16.716550,145.752167,1,CS,356.4,8.0,180.0,1.0,2,2000,0,0,0,0,0,0

APPTR,Q33-A,33,CS2
IF,CS,-16.846972,145.735556, ,0.0,0.0,2,5000,0,0,0,0,1,0
FD,CS,-16.846972,145.735556,0,CS,283.8,8.0,12.0,8.0,0,0,0,0,0,0,0,0
CF,CQ180,-16.716550,145.752167,1,CS,356.4,8.0,180.0,1.0,2,2000,0,0,0,0,0,0

APPTR,Q33-A,33,KASPI
IF,KASPI,-16.601667,145.775000, ,0.0,0.0,2,3700,0,0,0,0,1,0
TF,CS11,-16.666719,145.758511,0, ,0.0,0.0,0.0,0.0,2,3000,0,0,0,0,0,0
TF,CQ180,-16.716550,145.752167,0, ,0.0,0.0,0.0,0.0,2,2000,0,0,0,0,0,0

APPTR,Q33-A,33,RAINY
IF,RAINY,-16.700000,145.535000, ,0.0,0.0,2,4700,0,0,0,0,0,0
AF,D352O,-16.598947,145.739625,2,CS,352.1,15.0,300.0,2,4100,0,0,0,0,0,0
AF,KASPI,-16.601667,145.775000,2,CS,359.9,15.0,352.0,2,3700,0,0,0,0,0,0
TF,CS11,-16.666719,145.758511,0, ,0.0,0.0,0.0,0.0,2,3000,0,0,0,0,1,0
TF,CQ180,-16.716550,145.752167,0, ,0.0,0.0,0.0,0.0,2,2000,0,0,0,0,0,0

APPTR,Q33-A,33,UPOLO
IF,UPOLO,-16.698111,145.949417, ,0.0,0.0,2,3700,0,0,0,0,0,0
AF,KASPI,-16.601667,145.775000,1,CS,359.9,15.0,45.0,2,3700,0,0,0,0,0,0
TF,CS11,-16.666719,145.758511,0, ,0.0,0.0,0.0,0.0,2,3000,0,0,0,0,1,0
TF,CQ180,-16.716550,145.752167,0, ,0.0,0.0,0.0,0.0,2,2000,0,0,0,0,0,0

FINAL,Q33-A,33,N,3
IF,CQ180,-16.716550,145.752167,CS,0.0,0.0,2,2000,0,0,0,0,0,0
CF,FQ180,-16.766550,145.745800,0,CS,0.0,0.0,180.0,3.0,2,1500,0,0,0,0,2,0
CF,MQ180,-16.822194,145.738708,0,CS,0.0,1.7,180.0,3.4,1,1230,0,0,0,0,3,0
VI,1, ,0.0,75.0,0,0,0,0,0,0,0,0
FM,CS,-16.850028,145.743889,0,CS,0.0,0.0,45.0,2,4000,0,1,185,0,0,0

FINAL,R15-W,15,R,6
IF,EPGAG,-16.784917,145.514194, ,0.0,0.0,2,5000,0,1,240,0,1,0
TF,CS401,-16.732753,145.554569,0, ,0.0,0.0,30.0,3.9,2,5000,0,0,0,0,0,0
RF,CS403,-16.701133,145.622036,2,CS901,116.9,4.7,1,4000,0,0,0,0,0,0
RF,CS405,-16.744389,145.688711,2,CS903,149.4,4.3,1,2500,0,0,0,0,0,0
TF,CS407,-16.774083,145.702117,0, ,0.0,0.0,150.0,1.9,1,1900,0,0,0,0,2,0
TF,RW15,-16.865817,145.743569,0, ,0.0,0.0,150.0,6.0,1,59,0,0,0,0,3,1
TF,CS409,-16.941728,145.777881,0, ,0.0,0.0,0.0,0.0,0,0,0,0,0,0,0,0
RF,CS411,-17.022367,145.885667,1,CS907,92.0,8.2,0,0,0,0,0,0,0,0
TF,CS415,-17.036800,145.977853,0, ,0.0,0.0,0.0,0.0,2,5000,0,0,0,0,0,0

APPTR,R15-X,15,GUNRO
IF,GUNRO,-16.597250,145.622361, ,0.0,0.0,2,5000,0,0,0,0,1,0
TF,CS400,-16.669361,145.654858,0, ,0.0,0.0,0.0,0.0,2,4000,0,0,0,0,0,0
TF,CS405,-16.744389,145.688711,0, ,0.0,0.0,0.0,0.0,1,2500,0,0,0,0,1,0

APPTR,R15-X,15,TODEG
IF,TODEG,-16.649861,145.824306, ,0.0,0.0,2,4000,0,1,240,0,1,0
TF,CS402,-16.644064,145.764694,0, ,0.0,0.0,0.0,0.0,2,4000,0,0,0,0,0,0
RF,CS404,-16.667897,145.701347,1,CS905,181.8,4.3,2,4000,0,0,0,0,0,0
RF,CS405,-16.744389,145.688711,1,CS905,352.8,4.3,1,2500,0,0,0,0,1,0

FINAL,R15-X,15,R,3
IF,CS405,-16.744389,145.688711, ,0.0,0.0,1,2500,0,0,0,0,0,0
TF,CS407,-16.774083,145.702117,0, ,0.0,0.0,150.0,1.9,1,1900,0,0,0,0,2,0
TF,RW15,-16.865817,145.743569,0, ,0.0,0.0,150.0,6.0,1,59,0,0,0,0,3,1
TF,CS409,-16.941728,145.777881,0, ,0.0,0.0,0.0,0.0,0,0,0,0,0,0,0,0
RF,CS411,-17.022367,145.885667,1,CS907,92.0,8.2,0,0,0,0,0,0,0,0
TF,CS415,-17.036800,145.977853,0, ,0.0,0.0,0.0,0.0,2,5000,0,0,0,0,0,0

APPTR,R15-Y,15,ATOSU
IF,ATOSU,-16.616389,145.719917, ,0.0,0.0,2,5000,0,1,210,0,1,0
TF,CS2NI,-16.674003,145.656958,0, ,0.0,0.0,0.0,0.0,2,4040,0,0,0,0,1,0

APPTR,R15-Y,15,GUNRO
IF,GUNRO,-16.597250,145.622361, ,0.0,0.0,2,5000,0,1,210,0,1,0
TF,CS2NI,-16.674003,145.656958,0, ,0.0,0.0,0.0,0.0,2,4040,0,0,0,0,1,0

APPTR,R15-Y,15,PULAX
IF,PULAX,-16.679083,145.570306, ,0.0,0.0,2,5000,0,1,210,0,1,0
TF,CS2NI,-16.674003,145.656958,0, ,0.0,0.0,0.0,0.0,2,4040,0,0,0,0,1,0

FINAL,R15-Y,15,R,3
IF,CS2NI,-16.674003,145.656958, ,0.0,0.0,2,4040,0,0,0,0,0,0
TF,CS2NF,-16.750739,145.691581,0, ,0.0,0.0,150.0,5.0,2,2450,0,0,0,0,2,0
TF,CS2NZ,-16.846942,145.735028,0, ,0.0,0.0,150.0,6.3,1,451,0,0,0,0,3,1
DF,CS2NH,-16.820772,145.838958,1, ,0.0,0.0,0,0,0,1,190,0,0,1
VM,0,0,0,45.0,2,5200,0,0,0,0,0,0

APPTR,R15-Z,15,ATOSU
IF,ATOSU,-16.616389,145.719917, ,0.0,0.0,2,5000,0,1,210,0,1,0
TF,CS2NI,-16.674003,145.656958,0, ,0.0,0.0,0.0,0.0,2,4040,0,0,0,0,1,0

APPTR,R15-Z,15,GUNRO
IF,GUNRO,-16.597250,145.622361, ,0.0,0.0,2,5000,0,1,210,0,1,0
TF,CS2NI,-16.674003,145.656958,0, ,0.0,0.0,0.0,0.0,2,4040,0,0,0,0,1,0

APPTR,R15-Z,15,PULAX
IF,PULAX,-16.679083,145.570306, ,0.0,0.0,2,5000,0,1,210,0,1,0
TF,CS2NI,-16.674003,145.656958,0, ,0.0,0.0,0.0,0.0,2,4040,0,0,0,0,1,0

FINAL,R15-Z,15,R,3
IF,CS2NI,-16.674003,145.656958, ,0.0,0.0,2,4040,0,0,0,0,0,0
TF,CS2NF,-16.750739,145.691581,0, ,0.0,0.0,150.0,5.0,2,2450,0,0,0,0,2,0
TF,CS2NM,-16.827247,145.726228,0, ,0.0,0.0,150.0,5.0,1,859,0,0,0,0,3,1
DF,CS2NH,-16.820772,145.838958,1, ,0.0,0.0,0,0,0,1,190,0,0,1
VM,0,0,0,45.0,2,5200,0,0,0,0,0,0

FINAL,R33-W,33,R,8
IF,LEBAD,-17.214694,145.688889, ,0.0,0.0,2,7000,0,1,230,0,1,0
TF,CS510,-17.201467,145.720886,0, ,0.0,0.0,60.0,2.0,2,7000,0,0,0,0,0,0
TF,CS511,-17.173878,145.787647,0, ,0.0,0.0,60.0,4.2,1,5920,0,0,0,0,0,0
RF,CS512,-17.152097,145.818769,1,CS902,20.9,5.0,0,0,0,0,0,0,0,0
RF,CS513,-17.119542,145.837069,1,CS902,348.7,5.0,0,0,0,0,0,0,0,0
RF,CS540,-17.063589,145.833039,1,CS902,329.2,5.0,1,3500,0,0,0,0,0,0
TF,CS541,-16.983822,145.796925,0, ,0.0,0.0,330.0,5.2,1,1900,0,0,0,0,2,0
TF,RW33,-16.891969,145.755392,0, ,0.0,0.0,330.0,6.0,1,58,0,0,0,0,3,1
TF,CS542,-16.841153,145.732408,0, ,0.0,0.0,0.0,0.0,0,0,0,0,0,0,0,0
RF,CS543,-16.754611,145.764925,2,CS904,56.0,4.0,0,0,0,1,240,0,0,0
TF,CS544,-16.725606,145.824756,0, ,0.0,0.0,0.0,0.0,0,0,0,0,0,0,0,0
RF,CS545,-16.778544,145.968650,2,CS906,151.4,6.0,0,0,0,0,0,0,0,0
TF,LOTVA,-17.075000,146.090000,0, ,0.0,0.0,0.0,0.0,2,6800,0,0,0,0,0,0

FINAL,R33-X,33,R,6
IF,LAVUP,-16.936500,145.984861, ,0.0,0.0,2,3500,0,1,230,0,1,0
TF,CS530,-16.981897,145.911794,0, ,0.0,0.0,230.0,5.0,2,3500,0,0,0,0,0,0
TF,CS531,-17.005961,145.873044,0, ,0.0,0.0,230.0,2.7,1,3500,0,1,200,0,0,0
RF,CS532,-17.011831,145.829661,2,CS910,304.5,3.0,0,0,0,0,0,0,0,0
RF,CS541,-16.983822,145.796925,2,CS910,329.4,3.0,1,1900,0,0,0,0,2,0
TF,RW33,-16.891969,145.755392,0, ,0.0,0.0,330.0,6.0,1,58,0,0,0,0,3,1
TF,CS542,-16.841153,145.732408,0, ,0.0,0.0,0.0,0.0,0,0,0,0,0,0,0,0
RF,CS543,-16.754611,145.764925,2,CS904,56.0,4.0,0,0,0,1,240,0,0,0
TF,CS544,-16.725606,145.824756,0, ,0.0,0.0,0.0,0.0,0,0,0,0,0,0,0,0
RF,CS545,-16.778544,145.968650,2,CS906,151.4,6.0,0,0,0,0,0,0,0,0
TF,LOTVA,-17.075000,146.090000,0, ,0.0,0.0,0.0,0.0,2,6800,0,0,0,0,0,0

APPTR,R33-Y,33,HENDO
IF,HENDO,-17.220778,145.904444, ,0.0,0.0,2,6800,0,1,230,0,1,0
TF,CS522,-17.175036,145.883617,0, ,0.0,0.0,0.0,0.0,2,6000,0,0,0,0,0,0
TF,CS523,-17.129031,145.862689,0, ,0.0,0.0,0.0,0.0,2,4900,0,0,0,0,0,0
TF,CS540,-17.063589,145.833039,0, ,0.0,0.0,0.0,0.0,1,3620,0,0,0,0,1,0

APPTR,R33-Y,33,LOTVA
IF,LOTVA,-17.075000,146.090000, ,0.0,0.0,2,6800,0,1,230,0,1,0
TF,CS520,-17.155831,146.002878,0, ,0.0,0.0,0.0,0.0,2,6000,0,0,0,0,0,0
RF,CS521,-17.166503,145.896258,2,CS908,312.1,5.0,2,6000,0,0,0,0,0,0
RF,CS523,-17.129031,145.862689,2,CS908,329.2,5.0,2,4900,0,0,0,0,0,0
TF,CS540,-17.063589,145.833039,0, ,0.0,0.0,0.0,0.0,1,3620,0,0,0,0,1,0

FINAL,R33-Y,33,R,3
IF,CS540,-17.063589,145.833039, ,0.0,0.0,1,3620,0,0,0,0,0,0
TF,CS541,-16.983822,145.796925,0, ,0.0,0.0,330.0,5.2,1,1960,0,0,0,0,2,0
TF,RW33,-16.891969,145.755392,0, ,0.0,0.0,330.0,6.0,1,58,0,0,0,0,3,1
TF,CS542,-16.841153,145.732408,0, ,0.0,0.0,0.0,0.0,0,0,0,0,0,0,0,0
RF,CS543,-16.754611,145.764925,2,CS904,56.0,4.0,0,0,0,1,240,0,0,0
TF,CS544,-16.725606,145.824756,0, ,0.0,0.0,0.0,0.0,0,0,0,0,0,0,0,0
RF,CS545,-16.778544,145.968650,2,CS906,151.4,6.0,0,0,0,0,0,0,0,0
TF,LOTVA,-17.075000,146.090000,0, ,0.0,0.0,0.0,0.0,2,6800,0,0,0,0,0,0

APPTR,V15-A,15,CS1
IF,CS,-16.850028,145.743889, ,0.0,0.0,2,5000,0,0,0,0,1,0
FD,CS,-16.850028,145.743889,0,CS,0.0,8.0,18.0,8.0,0,0,0,0,0,0,0,0
CF,CF180,-16.717006,145.760686,1,CS,359.9,8.0,180.0,1.0,2,2000,0,0,0,0,0,0

APPTR,V15-A,15,CS2
IF,CS,-16.850028,145.743889, ,0.0,0.0,2,5000,0,0,0,0,1,0
FD,CS,-16.850028,145.743889,0,CS,0.0,8.0,12.0,8.0,0,0,0,0,0,0,0,0
CF,CF180,-16.717006,145.760686,1,CS,359.9,8.0,180.0,1.0,2,2000,0,0,0,0,0,0

APPTR,V15-A,15,KASPI
IF,KASPI,-16.601667,145.775000, ,0.0,0.0,2,3700,0,0,0,0,1,0
TF,D360K,-16.667156,145.766875,0, ,0.0,0.0,0.0,0.0,2,3000,0,0,0,0,0,0
TF,CF180,-16.717006,145.760686,0, ,0.0,0.0,0.0,0.0,2,2000,0,0,0,0,0,0

APPTR,V15-A,15,RAINY
IF,RAINY,-16.700000,145.535000, ,0.0,0.0,2,4700,0,0,0,0,0,0
AF,D352O,-16.598947,145.739625,2,CS,352.1,15.0,300.0,2,4100,0,0,0,0,0,0
AF,KASPI,-16.601667,145.775000,2,CS,359.9,15.0,352.0,2,3700,0,0,0,0,0,0
TF,D360K,-16.667156,145.766875,0, ,0.0,0.0,0.0,0.0,2,3000,0,0,0,0,1,0
TF,CF180,-16.717006,145.760686,0, ,0.0,0.0,0.0,0.0,2,2000,0,0,0,0,0,0

APPTR,V15-A,15,UPOLO
IF,UPOLO,-16.698111,145.949417, ,0.0,0.0,2,3700,0,0,0,0,0,0
AF,KASPI,-16.601667,145.775000,1,CS,359.9,15.0,45.0,2,3700,0,0,0,0,0,0
TF,D360K,-16.667156,145.766875,0, ,0.0,0.0,0.0,0.0,2,3000,0,0,0,0,1,0
TF,CF180,-16.717006,145.760686,0, ,0.0,0.0,0.0,0.0,2,2000,0,0,0,0,0,0

FINAL,V15-A,15,D,3
IF,CF180,-16.717006,145.760686,CS,359.9,8.0,2,2000,0,0,0,0,0,0
CF,BENJI,-16.768333,145.753333,0,CS,359.4,4.9,180.0,3.1,2,1500,0,0,0,0,2,0
CF,MA180,-16.821650,145.747344,0,CS,359.7,1.7,180.0,3.2,1,1230,0,0,0,0,3,0
VI,1, ,0.0,90.0,0,0,0,0,0,0,0,0
FM,CS,-16.850028,145.743889,0,CS,0.0,0.0,45.0,2,4000,0,1,185,0,0,0

APPTR,V15-B,15,CS1
IF,CS,-16.850028,145.743889, ,0.0,0.0,2,5000,0,0,0,0,1,0
FC,CS,-16.850028,145.743889,0,CS,0.0,0.0,31.0,7.0,0,0,0,0,0,0,0,1
CF,FF190,-16.785919,145.764486,1,CS,10.2,4.0,190.0,3.5,2,2000,0,0,0,0,0,0

APPTR,V15-B,15,CS2
IF,CS,-16.850028,145.743889, ,0.0,0.0,2,5000,0,1,140,0,1,0
FC,CS,-16.850028,145.743889,0,CS,0.0,0.0,22.0,7.0,0,0,0,0,0,0,0,1
CF,FF190,-16.785919,145.764486,1,CS,10.2,4.0,190.0,3.5,2,2000,0,0,0,0,0,0

FINAL,V15-B,15,D,2
IF,FF190,-16.785919,145.764486,CS,10.2,4.0,2,2000,0,0,0,0,2,0
CF,CS,-16.850028,145.743889,0,CS,0.0,0.0,190.0,4.0,1,1620,0,0,0,0,3,0
VI,1, ,0.0,10.0,0,0,0,1,185,0,0,0
FM,CS,-16.850028,145.743889,0,CS,0.0,0.0,40.0,2,4000,0,0,0,0,0,0

APPTR,V33-A,33,CS1
IF,CS,-16.850028,145.743889, ,0.0,0.0,2,5000,0,0,0,0,1,0
FD,CS,-16.850028,145.743889,0,CS,0.0,8.0,18.0,8.0,0,0,0,0,0,0,0,0
CF,CF180,-16.717006,145.760686,1,CS,359.9,8.0,180.0,1.0,2,2000,0,0,0,0,0,0

APPTR,V33-A,33,CS2
IF,CS,-16.850028,145.743889, ,0.0,0.0,2,5000,0,0,0,0,1,0
FD,CS,-16.850028,145.743889,0,CS,0.0,8.0,12.0,8.0,0,0,0,0,0,0,0,0
CF,CF180,-16.717006,145.760686,1,CS,359.9,8.0,180.0,1.0,2,2000,0,0,0,0,0,0

APPTR,V33-A,33,KASPI
IF,KASPI,-16.601667,145.775000, ,0.0,0.0,2,3700,0,0,0,0,1,0
TF,D360K,-16.667156,145.766875,0, ,0.0,0.0,0.0,0.0,2,3000,0,0,0,0,0,0
TF,CF180,-16.717006,145.760686,0, ,0.0,0.0,0.0,0.0,2,2000,0,0,0,0,0,0

APPTR,V33-A,33,RAINY
IF,RAINY,-16.700000,145.535000, ,0.0,0.0,2,4700,0,0,0,0,0,0
AF,D352O,-16.598947,145.739625,2,CS,352.1,15.0,300.0,2,4100,0,0,0,0,0,0
AF,KASPI,-16.601667,145.775000,2,CS,359.9,15.0,352.0,2,3700,0,0,0,0,0,0
TF,D360K,-16.667156,145.766875,0, ,0.0,0.0,0.0,0.0,2,3000,0,0,0,0,1,0
TF,CF180,-16.717006,145.760686,0, ,0.0,0.0,0.0,0.0,2,2000,0,0,0,0,0,0

APPTR,V33-A,33,UPOLO
IF,UPOLO,-16.698111,145.949417, ,0.0,0.0,2,3700,0,0,0,0,0,0
AF,KASPI,-16.601667,145.775000,1,CS,359.9,15.0,45.0,2,3700,0,0,0,0,0,0
TF,D360K,-16.667156,145.766875,0, ,0.0,0.0,0.0,0.0,2,3000,0,0,0,0,1,0
TF,CF180,-16.717006,145.760686,0, ,0.0,0.0,0.0,0.0,2,2000,0,0,0,0,0,0

FINAL,V33-A,33,D,3
IF,CF180,-16.717006,145.760686,CS,359.9,8.0,2,2000,0,0,0,0,0,0
CF,BENJI,-16.768333,145.753333,0,CS,359.4,4.9,180.0,3.1,2,1500,0,0,0,0,2,0
CF,MA180,-16.821650,145.747344,0,CS,359.7,1.7,180.0,3.2,1,1230,0,0,0,0,3,0
VI,1, ,0.0,90.0,0,0,0,0,0,0,0,0
FM,CS,-16.850028,145.743889,0,CS,0.0,0.0,45.0,2,4000,0,1,185,0,0,0

APPTR,V33-B,33,CS1
IF,CS,-16.850028,145.743889, ,0.0,0.0,2,5000,0,0,0,0,1,0
FC,CS,-16.850028,145.743889,0,CS,0.0,0.0,31.0,7.0,0,0,0,0,0,0,0,1
CF,FF190,-16.785919,145.764486,1,CS,10.2,4.0,190.0,3.5,2,2000,0,0,0,0,0,0

APPTR,V33-B,33,CS2
IF,CS,-16.850028,145.743889, ,0.0,0.0,2,5000,0,1,140,0,1,0
FC,CS,-16.850028,145.743889,0,CS,0.0,0.0,22.0,7.0,0,0,0,0,0,0,0,1
CF,FF190,-16.785919,145.764486,1,CS,10.2,4.0,190.0,3.5,2,2000,0,0,0,0,0,0

FINAL,V33-B,33,D,2
IF,FF190,-16.785919,145.764486,CS,10.2,4.0,2,2000,0,0,0,0,2,0
CF,CS,-16.850028,145.743889,0,CS,0.0,0.0,190.0,4.0,1,1620,0,0,0,0,3,0
VI,1, ,0.0,10.0,0,0,0,1,185,0,0,0
FM,CS,-16.850028,145.743889,0,CS,0.0,0.0,40.0,2,4000,0,0,0,0,0,0

