APPTR,R03,03,BKZSA
IF,BKZSA,-17.953489,139.455425, ,0.0,0.0,2,1700,0,1,210,0,1,0
TF,BKZSI,-17.879669,139.414292,0, ,0.0,0.0,0.0,0.0,2,1700,0,0,0,0,1,0

APPTR,R03,03,BKZSB
IF,BKZSB,-17.941906,139.355886, ,0.0,0.0,2,1700,0,1,210,0,1,0
TF,BKZSI,-17.879669,139.414292,0, ,0.0,0.0,0.0,0.0,2,1700,0,0,0,0,1,0

APPTR,R03,03,BKZSC
IF,BKZSC,-17.848408,139.333250, ,0.0,0.0,2,1700,0,1,210,0,1,0
TF,BKZSI,-17.879669,139.414292,0, ,0.0,0.0,0.0,0.0,2,1700,0,0,0,0,1,0

FINAL,R03,03,R,3
IF,BKZSI,-17.879669,139.414292, ,0.0,0.0,2,1700,0,0,0,0,0,0
TF,BKZSF,-17.817417,139.472658,0, ,0.0,0.0,37.0,5.0,2,1660,0,0,0,0,2,0
TF,RW03,-17.755144,139.530983,0, ,0.0,0.0,37.0,5.0,1,71,0,0,0,0,3,1
DF,BKZSH,-17.705314,139.577614,0, ,0.0,0.0,0,0,0,0,0,0,0,0
CA,0,37.0,2,1500,0,0,0,0,0,0

APPTR,R21,21,BKZND
IF,BKZND,-17.547547,139.614989, ,0.0,0.0,2,1700,0,1,210,0,1,0
TF,BKZNI,-17.621325,139.656131,0, ,0.0,0.0,0.0,0.0,2,1700,0,0,0,0,1,0

APPTR,R21,21,BKZNE
IF,BKZNE,-17.559000,139.714328, ,0.0,0.0,2,1700,0,1,210,0,1,0
TF,BKZNI,-17.621325,139.656131,0, ,0.0,0.0,0.0,0.0,2,1700,0,0,0,0,1,0

APPTR,R21,21,BKZNG
IF,BKZNG,-17.652456,139.737125, ,0.0,0.0,2,1700,0,1,210,0,1,0
TF,BKZNI,-17.621325,139.656131,0, ,0.0,0.0,0.0,0.0,2,1700,0,0,0,0,1,0

FINAL,R21,21,R,3
IF,BKZNI,-17.621325,139.656131, ,0.0,0.0,2,1700,0,0,0,0,0,0
TF,BKZNF,-17.683636,139.597892,0, ,0.0,0.0,217.0,5.0,2,1660,0,0,0,0,2,0
TF,RW21,-17.745928,139.539611,0, ,0.0,0.0,217.0,5.0,1,68,0,0,0,0,3,1
DF,BKZNH,-17.795750,139.492958,0, ,0.0,0.0,0,0,0,0,0,0,0,0
CA,0,217.0,2,1500,0,0,0,0,0,0

