SID,MOOLO2,13,4
CF,KASGU,-26.642667,153.125556,0,SU,133.9,3.3,132.0,3.0,0,0,0,0,0,0,0,0
TF,MOOLO,-26.825639,153.362583,0, ,0.0,0.0,0.0,0.0,2,7000,0,0,0,0,0,0

SID,MOOLO2,31,4
CF,IGOLO,-26.518083,153.018639,0,SU,310.0,6.1,312.0,5.0,0,0,0,0,0,0,0,0
TF,NOGAM,-26.448972,153.047806,0, ,0.0,0.0,0.0,0.0,0,0,0,0,0,0,0,0
TF,VEKNU,-26.444639,153.130167,0, ,0.0,0.0,0.0,0.0,0,0,0,1,260,0,0,0
TF,AGSAL,-26.575000,153.229667,0, ,0.0,0.0,0.0,0.0,2,8000,0,0,0,0,0,0
TF,MOOLO,-26.825639,153.362583,0, ,0.0,0.0,0.0,0.0,0,0,0,0,0,0,0,0

SID,TAPET1,13,4
CF,KASGU,-26.642667,153.125556,0,SU,133.9,3.3,132.0,3.0,0,0,0,0,0,0,0,0
TF,NUVTO,-26.746439,153.259839,0, ,0.0,0.0,0.0,0.0,0,0,0,0,0,0,0,0
TF,LUXAV,-26.649258,153.301242,1, ,0.0,0.0,0.0,0.0,0,0,0,1,250,0,0,0
TF,ELNAX,-26.519989,153.199439,0, ,0.0,0.0,0.0,0.0,2,9000,0,0,0,0,0,0
TF,DUKEL,-26.354303,153.173869,0, ,0.0,0.0,0.0,0.0,2,12000,0,0,0,0,0,0
TF,TAPET,-26.109083,152.964972,0, ,0.0,0.0,0.0,0.0,0,0,0,0,0,0,0,0

SID,TAPET1,31,4
CF,VISIB,-26.453333,152.963222,0,SU,310.6,11.0,312.0,10.0,0,0,0,0,0,0,0,0
TF,BIDKI,-26.240831,152.954397,0, ,0.0,0.0,0.0,0.0,3,9000,0,0,0,0,0,0
TF,TAPET,-26.109083,152.964972,0, ,0.0,0.0,0.0,0.0,0,0,0,0,0,0,0,0

STAR,ITID2W,ALL,5
IF,ITIDE,-26.735144,153.489911, ,0.0,0.0,0,0,0,0,0,0,0,0

STAR,ITID2W,13,6
IF,ITIDE,-26.735144,153.489911, ,0.0,0.0,0,0,0,0,0,0,0,0
TF,BUKRA,-26.459222,153.295511,0, ,0.0,0.0,0.0,0.0,4,8000,4100,0,0,0,0,0
TF,VIKIL,-26.433028,153.230306,0, ,0.0,0.0,0.0,0.0,0,0,0,0,0,0,0,0
TF,OMDUN,-26.441806,153.114444,0, ,0.0,0.0,0.0,0.0,1,4100,0,0,0,0,0,0

STAR,ITID2W,31,6
IF,ITIDE,-26.735144,153.489911, ,0.0,0.0,3,7000,0,0,0,0,0,0
TF,AKERO,-26.707414,153.360606,0, ,0.0,0.0,0.0,0.0,2,5000,0,0,0,0,0,0
TF,SAKAP,-26.693586,153.295953,0, ,0.0,0.0,0.0,0.0,2,4000,0,0,0,0,0,0

STAR,ITID2Z,ALL,5
IF,ITIDE,-26.735144,153.489911, ,0.0,0.0,0,0,0,0,0,0,0,0

STAR,ITID2Z,13,6
IF,ITIDE,-26.735144,153.489911, ,0.0,0.0,0,0,0,0,0,0,0,0
TF,BUKRA,-26.459222,153.295511,0, ,0.0,0.0,0.0,0.0,3,8000,0,0,0,0,0,0
TF,DUKEL,-26.354303,153.173869,0, ,0.0,0.0,0.0,0.0,0,0,0,0,0,0,0,0
TF,METUK,-26.339444,153.053056,0, ,0.0,0.0,0.0,0.0,2,4100,0,0,0,0,0,0
TF,UPLOT,-26.374650,152.999233,0, ,0.0,0.0,0.0,0.0,0,0,0,1,210,0,0,0

STAR,ITID2Z,31,6
IF,ITIDE,-26.735144,153.489911, ,0.0,0.0,3,7000,0,0,0,0,0,0
TF,GUVIX,-26.734297,153.362906,0, ,0.0,0.0,0.0,0.0,2,5000,0,0,0,0,0,0
TF,OVRUL,-26.733808,153.296428,0, ,0.0,0.0,0.0,0.0,2,4000,0,1,230,0,0,0

STAR,REBE2X,31,5
IF,REBEG,-25.974844,153.112778, ,0.0,0.0,0,0,0,0,0,0,0,0
TF,DUKEL,-26.354303,153.173869,0, ,0.0,0.0,0.0,0.0,0,0,0,0,0,0,0,0
TF,IKISA,-26.489042,153.283581,0, ,0.0,0.0,0.0,0.0,4,7000,4000,0,0,0,0,0

STAR,REBE2Z,ALL,5
IF,REBEG,-25.974844,153.112778, ,0.0,0.0,0,0,0,0,0,0,0,0

STAR,REBE2Z,13,6
IF,REBEG,-25.974844,153.112778, ,0.0,0.0,0,0,0,0,0,0,0,0
TF,PASPO,-26.111892,153.085456,0, ,0.0,0.0,0.0,0.0,3,10000,0,0,0,0,0,0
TF,METUK,-26.339444,153.053056,0, ,0.0,0.0,0.0,0.0,2,4100,0,0,0,0,0,0
TF,UPLOT,-26.374650,152.999233,0, ,0.0,0.0,0.0,0.0,0,0,0,1,210,0,0,0

STAR,REBE2Z,31,6
IF,REBEG,-25.974844,153.112778, ,0.0,0.0,0,0,0,0,0,0,0,0
TF,DUKEL,-26.354303,153.173869,0, ,0.0,0.0,0.0,0.0,0,0,0,0,0,0,0,0
TF,IKISA,-26.489042,153.283581,0, ,0.0,0.0,0.0,0.0,3,7000,0,0,0,0,0,0
TF,DOVMI,-26.615842,153.387128,0, ,0.0,0.0,0.0,0.0,0,0,0,0,0,0,0,0
TF,OVRUL,-26.733808,153.296428,0, ,0.0,0.0,0.0,0.0,2,4000,0,1,230,0,0,0

STAR,SEBV1X,31,5
IF,SEBVA,-26.289861,152.650542, ,0.0,0.0,0,0,0,0,0,0,0,0
TF,METUK,-26.339444,153.053056,0, ,0.0,0.0,0.0,0.0,2,10000,0,0,0,0,0,0
TF,DUKEL,-26.354303,153.173869,0, ,0.0,0.0,0.0,0.0,0,0,0,0,0,0,0,0
TF,IKISA,-26.489042,153.283581,0, ,0.0,0.0,0.0,0.0,4,7000,4000,0,0,0,0,0

STAR,SEBV1Z,ALL,5
IF,SEBVA,-26.289861,152.650542, ,0.0,0.0,0,0,0,0,0,0,0,0

STAR,SEBV1Z,13,6
IF,SEBVA,-26.289861,152.650542, ,0.0,0.0,0,0,0,0,0,0,0,0
TF,OLTUD,-26.433569,152.889231,0, ,0.0,0.0,0.0,0.0,2,4100,0,1,210,0,0,0

STAR,SEBV1Z,31,6
IF,SEBVA,-26.289861,152.650542, ,0.0,0.0,0,0,0,0,0,0,0,0
TF,METUK,-26.339444,153.053056,0, ,0.0,0.0,0.0,0.0,2,10000,0,0,0,0,0,0
TF,DUKEL,-26.354303,153.173869,0, ,0.0,0.0,0.0,0.0,0,0,0,0,0,0,0,0
TF,IKISA,-26.489042,153.283581,0, ,0.0,0.0,0.0,0.0,3,7000,0,0,0,0,0,0
TF,DOVMI,-26.615842,153.387128,0, ,0.0,0.0,0.0,0.0,0,0,0,0,0,0,0,0
TF,OVRUL,-26.733808,153.296428,0, ,0.0,0.0,0.0,0.0,2,4000,0,1,230,0,0,0

APPTR,N13-B,13,SU1
IF,SU,-26.592222,153.091667, ,0.0,0.0,2,3000,0,1,180,0,1,0
FC,SU,-26.592222,153.091667,0,SU,0.0,0.0,45.0,6.0,0,0,0,0,0,0,0,1
CF,FF205,-26.524078,153.146692,1,SU,23.6,5.4,205.0,1.9,2,1800,0,0,0,0,0,0

APPTR,N13-B,13,SU2
IF,SU,-26.592222,153.091667, ,0.0,0.0,2,3000,0,0,0,0,1,0
FC,SU,-26.592222,153.091667,0,SU,0.0,0.0,37.0,9.0,0,0,0,0,0,0,0,1
CF,FF205,-26.524078,153.146692,1,SU,23.6,5.4,205.0,4.5,2,1800,0,0,0,0,0,0

FINAL,N13-B,13,N,2
IF,FF205,-26.524078,153.146692,SU,0.0,0.0,2,1800,0,0,0,0,2,0
CF,SU,-26.592222,153.091667,0,SU,0.0,0.0,205.0,5.0,1,1160,0,0,0,0,3,0
CA,1,90.0,2,3000,0,0,0,0,0,0

APPTR,N31-B,31,SU1
IF,SU,-26.592222,153.091667, ,0.0,0.0,2,3000,0,1,180,0,1,0
FC,SU,-26.592222,153.091667,0,SU,0.0,0.0,45.0,6.0,0,0,0,0,0,0,0,1
CF,FF205,-26.524078,153.146692,1,SU,23.6,5.4,205.0,1.9,2,1800,0,0,0,0,0,0

APPTR,N31-B,31,SU2
IF,SU,-26.592222,153.091667, ,0.0,0.0,2,3000,0,0,0,0,1,0
FC,SU,-26.592222,153.091667,0,SU,0.0,0.0,37.0,9.0,0,0,0,0,0,0,0,1
CF,FF205,-26.524078,153.146692,1,SU,23.6,5.4,205.0,4.5,2,1800,0,0,0,0,0,0

FINAL,N31-B,31,N,2
IF,FF205,-26.524078,153.146692,SU,0.0,0.0,2,1800,0,0,0,0,2,0
CF,SU,-26.592222,153.091667,0,SU,0.0,0.0,205.0,5.0,1,1160,0,0,0,0,3,0
CA,1,90.0,2,3000,0,0,0,0,0,0

FINAL,R13-W,13,R,4
IF,OMDUN,-26.441806,153.114444, ,0.0,0.0,1,4100,0,0,0,0,1,0
TF,SU430,-26.453475,153.062022,0, ,0.0,0.0,245.0,2.9,1,3170,0,0,0,0,2,0
RF,SU440,-26.532783,153.031250,1,RSU10,131.3,3.0,0,0,0,0,0,0,0,0
TF,RW13,-26.583214,153.074517,0, ,0.0,0.0,132.0,3.8,1,65,0,0,0,0,3,1
TF,SU450,-26.622939,153.108606,0, ,0.0,0.0,0.0,0.0,0,0,0,0,0,0,0,0
TF,SU460,-26.675878,153.154103,0, ,0.0,0.0,0.0,0.0,2,2000,0,0,0,0,0,0

APPTR,R13-Z,13,OLTUD
IF,OLTUD,-26.433569,152.889231, ,0.0,0.0,2,4100,0,1,210,0,1,0
TF,BSZNI,-26.450786,152.961031,0, ,0.0,0.0,0.0,0.0,2,3250,0,0,0,0,1,0

APPTR,R13-Z,13,UPLOT
IF,UPLOT,-26.374650,152.999233, ,0.0,0.0,2,4100,0,1,210,0,1,0
TF,BSZNI,-26.450786,152.961031,0, ,0.0,0.0,0.0,0.0,2,3250,0,0,0,0,1,0

FINAL,R13-Z,13,R,3
IF,BSZNI,-26.450786,152.961031, ,0.0,0.0,2,3250,0,0,0,0,0,0
TF,BSZNF,-26.517017,153.017739,0, ,0.0,0.0,132.0,5.0,2,1660,0,0,0,0,2,0
TF,RW13,-26.583214,153.074517,0, ,0.0,0.0,132.0,5.0,1,65,0,0,0,0,3,1
DF,BSZNH,-26.622939,153.108606,0, ,0.0,0.0,0,0,0,0,0,0,0,0
CA,0,132.0,2,2000,0,0,0,0,0,0

APPTR,R31-W,31,SAKAP
IF,SAKAP,-26.693586,153.295953, ,0.0,0.0,2,4000,0,0,0,0,1,0
TF,SU630,-26.672844,153.198992,0, ,0.0,0.0,0.0,0.0,1,2500,0,0,0,0,1,0

FINAL,R31-W,31,R,4
IF,SU630,-26.672844,153.198992, ,0.0,0.0,1,2500,0,0,0,0,0,0
TF,SU640,-26.664056,153.158000,0, ,0.0,0.0,273.0,2.3,1,1780,0,1,165,0,2,0
RF,SU650,-26.647742,153.129914,2,SU932,311.2,2.7,0,0,0,0,0,0,0,0
TF,RW31,-26.600728,153.089547,0, ,0.0,0.0,312.0,3.6,1,65,0,0,0,0,3,1
TF,SU660,-26.563278,153.057394,0, ,0.0,0.0,0.0,0.0,0,0,0,0,0,0,0,0
TF,VISIB,-26.453333,152.963222,0, ,0.0,0.0,0.0,0.0,2,2800,0,0,0,0,0,0

APPTR,R31-X,31,IKISA
IF,IKISA,-26.489042,153.283581, ,0.0,0.0,4,7000,4000,0,0,0,1,0
TF,SU615,-26.529483,153.316575,0, ,0.0,0.0,0.0,0.0,2,4000,0,1,220,0,0,0
RF,SU625,-26.649561,153.274714,2,SU931,239.8,4.7,2,4000,0,0,0,0,0,0
TF,SU630,-26.672844,153.198992,0, ,0.0,0.0,0.0,0.0,1,2500,0,0,0,0,1,0

FINAL,R31-X,31,R,4
IF,SU630,-26.672844,153.198992, ,0.0,0.0,1,2500,0,0,0,0,0,0
TF,SU640,-26.664056,153.158000,0, ,0.0,0.0,273.0,2.3,1,1780,0,1,165,0,2,0
RF,SU650,-26.647742,153.129914,2,SU932,311.2,2.7,0,0,0,0,0,0,0,0
TF,RW31,-26.600728,153.089547,0, ,0.0,0.0,312.0,3.6,1,65,0,0,0,0,3,1
TF,SU660,-26.563278,153.057394,0, ,0.0,0.0,0.0,0.0,0,0,0,0,0,0,0,0
TF,VISIB,-26.453333,152.963222,0, ,0.0,0.0,0.0,0.0,2,2800,0,0,0,0,0,0

APPTR,R31-Y,31,BSZSC
IF,BSZSC,-26.799178,153.260283, ,0.0,0.0,2,4000,0,1,230,0,1,0
TF,BSZSI,-26.733072,153.203319,0, ,0.0,0.0,0.0,0.0,2,3250,0,0,0,0,1,0

APPTR,R31-Y,31,OVRUL
IF,OVRUL,-26.733808,153.296428, ,0.0,0.0,2,4000,0,1,230,0,1,0
TF,BSZSI,-26.733072,153.203319,0, ,0.0,0.0,0.0,0.0,2,3250,0,0,0,0,1,0

FINAL,R31-Y,31,R,3
IF,BSZSI,-26.733072,153.203319, ,0.0,0.0,2,3250,0,0,0,0,0,0
TF,BSZSF,-26.666917,153.146397,0, ,0.0,0.0,312.0,5.0,2,1660,0,0,0,0,2,0
TF,RW31,-26.600728,153.089547,0, ,0.0,0.0,312.0,5.0,1,65,0,0,0,0,3,1
DF,BSZSH,-26.573175,153.065886,0, ,0.0,0.0,0,0,0,0,0,0,0,0
CA,0,312.0,2,2800,0,0,0,0,0,0

APPTR,R31-Z,31,BSZSC
IF,BSZSC,-26.799178,153.260283, ,0.0,0.0,2,4000,0,1,230,0,1,0
TF,BSZSI,-26.733072,153.203319,0, ,0.0,0.0,0.0,0.0,2,3250,0,0,0,0,1,0

APPTR,R31-Z,31,OVRUL
IF,OVRUL,-26.733808,153.296428, ,0.0,0.0,2,4000,0,1,230,0,1,0
TF,BSZSI,-26.733072,153.203319,0, ,0.0,0.0,0.0,0.0,2,3250,0,0,0,0,1,0

FINAL,R31-Z,31,R,3
IF,BSZSI,-26.733072,153.203319, ,0.0,0.0,2,3250,0,0,0,0,0,0
TF,BSZSF,-26.666917,153.146397,0, ,0.0,0.0,312.0,5.0,2,1660,0,0,0,0,2,0
TF,BSZSM,-26.612889,153.099975,0, ,0.0,0.0,312.0,4.1,1,358,0,0,0,0,3,1
DF,BSZSH,-26.573175,153.065886,0, ,0.0,0.0,0,0,0,0,0,0,0,0
CA,0,312.0,2,2800,0,0,0,0,0,0

APPTR,V13-B,13,SU1
IF,SU,-26.597683,153.090297, ,0.0,0.0,2,3000,0,1,180,0,1,0
FC,SU,-26.597683,153.090297,0,SU,0.0,0.0,45.0,6.0,0,0,0,0,0,0,0,1
CF,FV205,-26.525283,153.148761,1,SU,25.0,5.4,205.0,1.4,2,1800,0,0,0,0,0,0

APPTR,V13-B,13,SU2
IF,SU,-26.597683,153.090297, ,0.0,0.0,2,3000,0,0,0,0,1,0
FC,SU,-26.597683,153.090297,0,SU,0.0,0.0,37.0,9.0,0,0,0,0,0,0,0,1
CF,FV205,-26.525283,153.148761,1,SU,25.0,5.4,205.0,4.4,2,1800,0,0,0,0,0,0

FINAL,V13-B,13,D,2
IF,FV205,-26.525283,153.148761,SU,25.0,5.4,2,1800,0,0,0,0,2,0
CF,SU,-26.597683,153.090297,0,SU,0.0,0.0,205.0,5.4,1,1160,0,0,0,0,3,0
CA,1,90.0,2,3000,0,0,0,0,0,0

APPTR,V31-B,31,SU1
IF,SU,-26.597683,153.090297, ,0.0,0.0,2,3000,0,1,180,0,1,0
FC,SU,-26.597683,153.090297,0,SU,0.0,0.0,45.0,6.0,0,0,0,0,0,0,0,1
CF,FV205,-26.525283,153.148761,1,SU,25.0,5.4,205.0,1.4,2,1800,0,0,0,0,0,0

APPTR,V31-B,31,SU2
IF,SU,-26.597683,153.090297, ,0.0,0.0,2,3000,0,0,0,0,1,0
FC,SU,-26.597683,153.090297,0,SU,0.0,0.0,37.0,9.0,0,0,0,0,0,0,0,1
CF,FV205,-26.525283,153.148761,1,SU,25.0,5.4,205.0,4.4,2,1800,0,0,0,0,0,0

FINAL,V31-B,31,D,2
IF,FV205,-26.525283,153.148761,SU,25.0,5.4,2,1800,0,0,0,0,2,0
CF,SU,-26.597683,153.090297,0,SU,0.0,0.0,205.0,5.4,1,1160,0,0,0,0,3,0
CA,1,90.0,2,3000,0,0,0,0,0,0

