APPTR,D12-Z,12,D261J
IF,D261J,-12.685058,141.752514, ,0.0,0.0,2,1700,0,1,210,0,1,0
AF,D291J,-12.600003,141.769406,2,WP,291.1,10.0,261.0,2,1700,0,0,0,0,0,0
CF,FD12,-12.636731,141.845992,0,WP,291.1,5.0,111.0,5.0,2,1600,0,0,0,0,0,0

APPTR,D12-Z,12,D291J
IF,D291J,-12.600003,141.769406, ,0.0,0.0,2,1700,0,1,210,0,1,0
TF,FD12,-12.636731,141.845992,0, ,0.0,0.0,0.0,0.0,2,1600,0,0,0,0,0,0

APPTR,D12-Z,12,D321J
IF,D321J,-12.534631,141.827314, ,0.0,0.0,2,1700,0,1,210,0,1,0
AF,D291J,-12.600003,141.769406,1,WP,291.1,10.0,321.0,2,1700,0,0,0,0,0,0
CF,FD12,-12.636731,141.845992,0,WP,291.1,5.0,111.0,5.0,2,1600,0,0,0,0,0,0

FINAL,D12-Z,12,D,3
IF,FD12,-12.636731,141.845992,WP,291.1,5.0,2,1600,0,0,0,0,2,0
CF,EP12,-12.671078,141.917250,0,WP,290.8,0.3,111.0,4.7,1,107,0,0,0,0,0,1
CF,WP,-12.673556,141.922472,0,WP,0.0,0.0,111.0,0.3,2,570,0,0,0,0,3,1
CA,0,111.0,2,1700,0,0,0,0,0,0

APPTR,D30-Z,30,D096J
IF,D096J,-12.705328,142.089989, ,0.0,0.0,2,1700,0,1,210,0,1,0
AF,D126J,-12.783236,142.051333,2,WP,125.9,10.0,96.0,2,1700,0,0,0,0,0,0
CF,FF30,-12.728344,141.986956,0,WP,125.9,5.0,306.0,5.0,2,1530,0,0,0,0,0,0

APPTR,D30-Z,30,D126J
IF,D126J,-12.783236,142.051333, ,0.0,0.0,2,1700,0,1,210,0,1,0
TF,FF30,-12.728344,141.986956,0, ,0.0,0.0,0.0,0.0,2,1530,0,0,0,0,0,0

APPTR,D30-Z,30,D156J
IF,D156J,-12.831719,141.978144, ,0.0,0.0,2,1700,0,1,210,0,1,0
AF,D126J,-12.783236,142.051333,1,WP,125.9,10.0,156.0,2,1700,0,0,0,0,0,0
CF,FF30,-12.728344,141.986956,0,WP,125.9,5.0,306.0,5.0,2,1530,0,0,0,0,0,0

FINAL,D30-Z,30,D,2
IF,FF30,-12.728344,141.986956,WP,125.9,5.0,2,1530,0,0,0,0,2,0
CF,RW30,-12.681622,141.928689,0,WP,137.9,0.6,306.0,4.4,1,113,0,0,0,0,3,0
CF,WP,-12.673556,141.922472,0,WP,0.0,0.0,306.0,0.6,0,0,0,0,0,0,0,1
CA,0,306.0,2,1700,0,0,0,0,0,0

APPTR,N12-Y,12,WP1
IF,WP,-12.661639,141.898806, ,0.0,0.0,2,1700,0,1,210,0,1,0
FC,WP,-12.661639,141.898806,0,WP,0.0,0.0,331.0,5.3,0,0,0,0,0,0,0,1
CF,FN12Y,-12.635139,141.858844,1,WP,296.6,4.4,119.0,2.0,2,1400,0,0,0,0,0,0

APPTR,N12-Y,12,WP2
IF,WP,-12.661639,141.898806, ,0.0,0.0,2,1700,0,1,210,0,1,0
FC,WP,-12.661639,141.898806,0,WP,0.0,0.0,317.0,6.0,0,0,0,0,0,0,0,1
CF,FN12Y,-12.635139,141.858844,1,WP,296.6,4.4,119.0,3.0,2,1400,0,0,0,0,0,0

FINAL,N12-Y,12,N,2
IF,FN12Y,-12.635139,141.858844,WP,0.0,0.0,2,1400,0,0,0,0,2,0
CF,WP,-12.661639,141.898806,0,WP,0.0,0.0,119.0,2.8,1,500,0,0,0,0,3,0
CA,0,119.0,2,1700,0,0,0,0,0,0

APPTR,Q12-Z,12,D091J
IF,D091J,-12.646694,141.754228, ,0.0,0.0,2,1700,0,1,210,0,1,0
AF,D119J,-12.582522,141.779475,2,WP,297.9,10.0,274.0,2,1700,0,0,0,0,0,0
CF,FQ12Z,-12.629369,141.850139,0,WP,296.9,5.0,119.0,5.0,2,1600,0,0,0,0,0,0

APPTR,Q12-Z,12,D119J
IF,D119J,-12.582522,141.779475, ,0.0,0.0,2,1700,0,1,210,0,1,0
TF,FQ12Z,-12.629369,141.850139,0, ,0.0,0.0,0.0,0.0,2,1600,0,0,0,0,0,0

APPTR,Q12-Z,12,D146J
IF,D146J,-12.534753,141.827286, ,0.0,0.0,2,1700,0,1,210,0,1,0
AF,D119J,-12.582522,141.779475,1,WP,297.9,10.0,321.0,2,1700,0,0,0,0,0,0
CF,FQ12Z,-12.629369,141.850139,0,WP,296.9,5.0,119.0,5.0,2,1600,0,0,0,0,0,0

FINAL,Q12-Z,12,N,2
IF,FQ12Z,-12.629369,141.850139,WP,0.0,0.0,2,1600,0,0,0,0,2,0
CF,WP,-12.661639,141.898806,0,WP,0.0,1.6,119.0,3.4,1,500,0,0,0,0,3,0
CA,0,119.0,2,1700,0,0,0,0,0,0

APPTR,R12,12,WEIWD
IF,WEIWD,-12.618456,141.692036, ,0.0,0.0,2,1700,0,1,210,0,1,0
TF,WEIWI,-12.569564,141.761208,0, ,0.0,0.0,0.0,0.0,2,1700,0,0,0,0,1,0

APPTR,R12,12,WEIWE
IF,WEIWE,-12.522403,141.690814, ,0.0,0.0,2,1700,0,1,210,0,1,0
TF,WEIWI,-12.569564,141.761208,0, ,0.0,0.0,0.0,0.0,2,1700,0,0,0,0,1,0

APPTR,R12,12,WEIWG
IF,WEIWG,-12.488436,141.782183, ,0.0,0.0,2,1700,0,1,210,0,1,0
TF,WEIWI,-12.569564,141.761208,0, ,0.0,0.0,0.0,0.0,2,1700,0,0,0,0,1,0

FINAL,R12,12,R,3
IF,WEIWI,-12.569564,141.761208, ,0.0,0.0,2,1700,0,0,0,0,0,0
TF,WEIWF,-12.631208,141.853306,0, ,0.0,0.0,119.0,6.5,2,1530,0,0,0,0,2,0
TF,WEIWM,-12.668914,141.909683,0, ,0.0,0.0,119.0,4.0,1,254,0,0,0,0,3,1
DF,WEIWH,-12.692092,141.944356,0, ,0.0,0.0,0,0,0,0,0,0,0,1
VM,0,0,2,286.0,2,1700,0,0,0,0,0,0

APPTR,R30,30,WEIEA
IF,WEIEA,-12.729436,142.142681, ,0.0,0.0,2,1800,0,1,210,0,1,0
TF,WEIEI,-12.778347,142.073481,0, ,0.0,0.0,0.0,0.0,2,1800,0,0,0,0,1,0

APPTR,R30,30,WEIEB
IF,WEIEB,-12.825411,142.144014, ,0.0,0.0,2,1800,0,1,210,0,1,0
TF,WEIEI,-12.778347,142.073481,0, ,0.0,0.0,0.0,0.0,2,1800,0,0,0,0,1,0

APPTR,R30,30,WEIEC
IF,WEIEC,-12.859472,142.052481, ,0.0,0.0,2,1800,0,1,210,0,1,0
TF,WEIEI,-12.778347,142.073481,0, ,0.0,0.0,0.0,0.0,2,1800,0,0,0,0,1,0

FINAL,R30,30,R,3
IF,WEIEI,-12.778347,142.073481, ,0.0,0.0,2,1800,0,0,0,0,0,0
TF,WEIEF,-12.728736,141.999186,0, ,0.0,0.0,299.0,5.3,2,1710,0,0,0,0,2,0
TF,RW30,-12.681622,141.928689,0, ,0.0,0.0,299.0,5.0,1,113,0,0,0,0,3,1
DF,WEIEH,-12.653347,141.886400,0, ,0.0,0.0,0,0,0,0,0,0,0,1
VM,0,0,1,131.0,2,1700,0,0,0,0,0,0

APPTR,S12-Y,12,WP1
IF,WP,-12.673556,141.922472, ,0.0,0.0,2,1700,0,1,210,0,1,0
FC,WP,-12.673556,141.922472,0,WP,0.0,0.0,315.0,7.0,0,0,0,0,0,0,0,1
CF,FS12,-12.641100,141.855111,1,WP,291.1,4.4,111.0,3.0,2,1400,0,0,0,0,0,0

APPTR,S12-Y,12,WP2
IF,WP,-12.673556,141.922472, ,0.0,0.0,2,1700,0,1,210,0,1,0
FC,WP,-12.673556,141.922472,0,WP,0.0,0.0,305.0,7.5,0,0,0,0,0,0,0,1
CF,FS12,-12.641100,141.855111,1,WP,291.1,4.4,111.0,3.0,2,1400,0,0,0,0,0,0

FINAL,S12-Y,12,D,3
IF,FS12,-12.641100,141.855111,WP,291.1,4.4,2,1400,0,0,0,0,2,0
CF,EP12,-12.671078,141.917250,0,WP,290.8,0.3,111.0,4.1,1,107,0,0,0,0,0,1
CF,WP,-12.673556,141.922472,0,WP,0.0,0.0,111.0,0.3,2,570,0,0,0,0,3,1
CA,0,111.0,2,1700,0,0,0,0,0,0

APPTR,S30-Y,30,WP1
IF,WP,-12.673556,141.922472, ,0.0,0.0,2,1700,0,1,210,0,1,0
FC,WP,-12.673556,141.922472,0,WP,0.0,0.0,158.0,5.3,0,0,0,0,0,0,0,1
CF,FS30,-12.727725,141.986231,1,WP,125.9,4.9,306.0,1.0,2,1500,0,0,0,0,0,0

APPTR,S30-Y,30,WP2
IF,WP,-12.673556,141.922472, ,0.0,0.0,2,1700,0,1,210,0,1,0
FC,WP,-12.673556,141.922472,0,WP,0.0,0.0,144.0,6.0,0,0,0,0,0,0,0,1
CF,FS30,-12.727725,141.986231,1,WP,125.9,4.9,306.0,1.0,2,1500,0,0,0,0,0,0

FINAL,S30-Y,30,D,2
IF,FS30,-12.727725,141.986231,WP,125.9,4.9,2,1500,0,0,0,0,2,0
CF,RW30,-12.681622,141.928689,0,WP,137.9,0.6,306.0,4.4,1,113,0,0,0,0,3,0
CF,WP,-12.673556,141.922472,0,WP,0.0,0.0,306.0,0.6,0,0,0,0,0,0,0,1
CA,0,306.0,2,1700,0,0,0,0,0,0

