APPTR,R11,11,BB2WD
IF,BB2WD,-31.277639,148.998861, ,0.0,0.0,2,5400,0,1,210,0,1,0
TF,BB2WI,-31.227278,149.076417,0, ,0.0,0.0,0.0,0.0,2,5400,0,0,0,0,1,0

APPTR,R11,11,BB2WE
IF,BB2WE,-31.181889,148.994833, ,0.0,0.0,2,5400,0,1,210,0,1,0
TF,BB2WI,-31.227278,149.076417,0, ,0.0,0.0,0.0,0.0,2,5400,0,0,0,0,1,0

APPTR,R11,11,BB2WG
IF,BB2WG,-31.145861,149.098083, ,0.0,0.0,2,5400,0,1,210,0,1,0
TF,BB2WI,-31.227278,149.076417,0, ,0.0,0.0,0.0,0.0,2,5400,0,0,0,0,1,0

FINAL,R11,11,R,3
IF,BB2WI,-31.227278,149.076417, ,0.0,0.0,2,5400,0,0,0,0,0,0
TF,BB2WF,-31.272639,149.158028,0, ,0.0,0.0,112.0,5.0,2,4060,0,0,0,0,2,0
TF,BB2WM,-31.327111,149.256000,0, ,0.0,0.0,112.0,6.0,1,2154,0,0,0,0,3,1
DF,BB2WH,-31.363389,149.321389,0, ,0.0,0.0,0,0,0,0,0,0,0,0
CA,0,112.0,2,4000,0,0,0,0,0,0

APPTR,R29,29,BB2EA
IF,BB2EA,-31.377194,149.515028, ,0.0,0.0,2,4000,0,1,210,0,1,0
TF,BB2EI,-31.427611,149.437417,0, ,0.0,0.0,0.0,0.0,2,4000,0,0,0,0,1,0

APPTR,R29,29,BB2EB
IF,BB2EB,-31.472806,149.519306, ,0.0,0.0,2,4000,0,1,210,0,1,0
TF,BB2EI,-31.427611,149.437417,0, ,0.0,0.0,0.0,0.0,2,4000,0,0,0,0,1,0

APPTR,R29,29,BB2EC
IF,BB2EC,-31.509000,149.415667, ,0.0,0.0,2,4000,0,1,210,0,1,0
TF,BB2EI,-31.427611,149.437417,0, ,0.0,0.0,0.0,0.0,2,4000,0,0,0,0,1,0

FINAL,R29,29,R,3
IF,BB2EI,-31.427611,149.437417, ,0.0,0.0,2,4000,0,0,0,0,0,0
TF,BB2EF,-31.382333,149.355583,0, ,0.0,0.0,292.0,5.0,2,3850,0,0,0,0,2,0
TF,BB2EM,-31.337000,149.273833,0, ,0.0,0.0,292.0,5.0,1,2254,0,0,0,0,3,1
DF,BB2EH,-31.271528,149.412250,2, ,0.0,0.0,0,0,0,0,0,0,0,0
FM,BB2EH,-31.271528,149.412250,0,TW,0.0,0.0,112.0,2,4000,0,0,0,0,0,0

