APPTR,N11,11,COE1
IF,COE,-13.766050,143.117261, ,0.0,0.0,2,3900,0,1,210,0,1,0
FC,COE,-13.766050,143.117261,0,COE,0.0,0.0,318.0,7.0,0,0,0,0,0,0,0,1
CF,FF11,-13.718756,143.033497,1,COE,294.0,5.7,114.0,2.0,2,2200,0,0,0,0,0,0

APPTR,N11,11,COE2
IF,COE,-13.766050,143.117261, ,0.0,0.0,2,3900,0,1,210,0,1,0
FC,COE,-13.766050,143.117261,0,COE,0.0,0.0,308.0,5.8,0,0,0,0,0,0,0,1
CF,FF11,-13.718756,143.033497,1,COE,294.0,5.7,114.0,1.0,2,2200,0,0,0,0,0,0

FINAL,N11,11,N,2
IF,FF11,-13.718756,143.033497,COE,0.0,0.0,2,2200,0,0,0,0,2,0
CF,RW11,-13.759958,143.110414,0,COE,0.0,0.0,114.0,5.1,1,569,0,0,0,0,3,0
CF,COE,-13.766050,143.117261,0,COE,0.0,0.0,114.0,0.5,0,0,0,0,0,0,0,1
VM,0,0,1,309.0,2,3300,0,1,180,0,0,0

APPTR,R11,11,EE2WA
IF,EE2WA,-13.746861,142.873861, ,0.0,0.0,2,3300,0,1,210,0,1,0
TF,EE2WI,-13.685778,142.932361,0, ,0.0,0.0,0.0,0.0,2,3300,0,0,0,0,1,0

APPTR,R11,11,EE2WB
IF,EE2WB,-13.652889,142.853639, ,0.0,0.0,2,3300,0,1,210,0,1,0
TF,EE2WI,-13.685778,142.932361,0, ,0.0,0.0,0.0,0.0,2,3300,0,0,0,0,1,0

APPTR,R11,11,EE2WC
IF,EE2WC,-13.602194,142.937000, ,0.0,0.0,2,3300,0,1,210,0,1,0
TF,EE2WI,-13.685778,142.932361,0, ,0.0,0.0,0.0,0.0,2,3300,0,0,0,0,1,0

FINAL,R11,11,R,3
IF,EE2WI,-13.685778,142.932361, ,0.0,0.0,2,3300,0,0,0,0,0,0
TF,EE2WF,-13.718611,143.011111,0, ,0.0,0.0,108.0,5.0,2,2580,0,0,0,0,2,0
TF,EE2WM,-13.751417,143.089861,0, ,0.0,0.0,108.0,5.0,1,985,0,0,0,0,3,1
DF,EE2WH,-13.667778,143.087000,1, ,0.0,0.0,0,0,0,1,180,0,0,0
FM,EE2WH,-13.667778,143.087000,0,MA,0.0,0.0,305.0,2,3300,0,0,0,0,0,0

