APPTR,R16,16,OT2NA
IF,OT2NA,-34.416333,147.912139, ,0.0,0.0,2,4600,0,0,0,0,1,0
TF,OT2NI,-34.435667,148.010139,0, ,0.0,0.0,0.0,0.0,2,4600,0,0,0,0,1,0

APPTR,R16,16,OT2NC
IF,OT2NC,-34.352750,147.998500, ,0.0,0.0,2,4600,0,0,0,0,1,0
TF,OT2NI,-34.435667,148.010139,0, ,0.0,0.0,0.0,0.0,2,4600,0,0,0,0,1,0

FINAL,R16,16,R,3
IF,OT2NI,-34.435667,148.010139, ,0.0,0.0,2,4600,0,0,0,0,0,0
TF,OT2NF,-34.518583,148.021778,0, ,0.0,0.0,162.0,5.0,2,3050,0,0,0,0,2,0
TF,OT2NM,-34.601500,148.033417,0, ,0.0,0.0,162.0,5.0,1,1453,0,0,0,0,3,1
DF,OT2NH,-34.659556,148.041611,0, ,0.0,0.0,0,0,0,0,0,0,0,1
VM,0,0,2,327.0,2,4200,0,0,0,0,0,0

APPTR,R34,34,OT2SE
IF,OT2SE,-34.819333,148.159917, ,0.0,0.0,2,4200,0,0,0,0,1,0
TF,OT2SI,-34.800083,148.061444,0, ,0.0,0.0,0.0,0.0,2,4200,0,0,0,0,1,0

APPTR,R34,34,OT2SG
IF,OT2SG,-34.882972,148.073194, ,0.0,0.0,2,4200,0,0,0,0,1,0
TF,OT2SI,-34.800083,148.061444,0, ,0.0,0.0,0.0,0.0,2,4200,0,0,0,0,1,0

APPTR,R34,34,OT2SJ
IF,OT2SJ,-34.837472,147.970944, ,0.0,0.0,2,4200,0,0,0,0,1,0
TF,OT2SI,-34.800083,148.061444,0, ,0.0,0.0,0.0,0.0,2,4200,0,0,0,0,1,0

FINAL,R34,34,R,3
IF,OT2SI,-34.800083,148.061444, ,0.0,0.0,2,4200,0,0,0,0,0,0
TF,OT2SF,-34.717167,148.049722,0, ,0.0,0.0,342.0,5.0,2,2890,0,0,0,0,2,0
TF,OT2SM,-34.634250,148.038028,0, ,0.0,0.0,342.0,5.0,1,1293,0,0,0,0,3,1
DF,OT2SH,-34.584500,148.031028,0, ,0.0,0.0,0,0,0,0,0,0,0,1
VM,0,0,1,177.0,2,4200,0,0,0,0,0,0

