APPTR,N05-A,05,CUN1
IF,CUN,-31.625072,117.224033, ,0.0,0.0,2,2500,0,1,210,0,1,0
FC,CUN,-31.625072,117.224033,0,CUN,0.0,0.0,269.0,5.3,0,0,0,0,0,0,0,1
CF,FF057,-31.670803,117.144711,1,CUN,237.0,4.9,57.0,1.0,2,2200,0,0,0,0,0,0

APPTR,N05-A,05,CUN2
IF,CUN,-31.625072,117.224033, ,0.0,0.0,2,2500,0,1,210,0,1,0
FC,CUN,-31.625072,117.224033,0,CUN,0.0,0.0,251.0,7.5,0,0,0,0,0,0,0,1
CF,FF057,-31.670803,117.144711,1,CUN,237.0,4.9,57.0,3.0,2,2200,0,0,0,0,0,0

FINAL,N05-A,05,N,2
IF,FF057,-31.670803,117.144711,CUN,0.0,0.0,2,2200,0,0,0,0,2,0
CF,CUN,-31.625072,117.224033,0,CUN,0.0,0.0,57.0,4.9,1,1600,0,0,0,0,3,0
CA,0,57.0,2,2500,0,0,0,0,0,0

APPTR,N05-B,05,CUN1
IF,CUN,-31.625072,117.224033, ,0.0,0.0,2,2500,0,1,210,0,1,0
FC,CUN,-31.625072,117.224033,0,CUN,0.0,0.0,57.0,7.0,0,0,0,0,0,0,0,1
CF,FF213,-31.555133,117.275061,1,CUN,33.0,4.9,213.0,2.0,2,2300,0,0,0,0,0,0

APPTR,N05-B,05,CUN2
IF,CUN,-31.625072,117.224033, ,0.0,0.0,2,2500,0,1,210,0,1,0
FC,CUN,-31.625072,117.224033,0,CUN,0.0,0.0,47.0,7.5,0,0,0,0,0,0,0,1
CF,FF213,-31.555133,117.275061,1,CUN,33.0,4.9,213.0,3.0,2,2300,0,0,0,0,0,0

FINAL,N05-B,05,N,2
IF,FF213,-31.555133,117.275061,CUN,0.0,0.0,2,2300,0,0,0,0,2,0
CF,CUN,-31.625072,117.224033,0,CUN,0.0,0.0,213.0,4.9,1,1600,0,0,0,0,3,0
CA,0,213.0,2,2900,0,0,0,0,0,0

APPTR,N14-A,14,CUN1
IF,CUN,-31.625072,117.224033, ,0.0,0.0,2,2500,0,1,210,0,1,0
FC,CUN,-31.625072,117.224033,0,CUN,0.0,0.0,269.0,5.3,0,0,0,0,0,0,0,1
CF,FF057,-31.670803,117.144711,1,CUN,237.0,4.9,57.0,1.0,2,2200,0,0,0,0,0,0

APPTR,N14-A,14,CUN2
IF,CUN,-31.625072,117.224033, ,0.0,0.0,2,2500,0,1,210,0,1,0
FC,CUN,-31.625072,117.224033,0,CUN,0.0,0.0,251.0,7.5,0,0,0,0,0,0,0,1
CF,FF057,-31.670803,117.144711,1,CUN,237.0,4.9,57.0,3.0,2,2200,0,0,0,0,0,0

FINAL,N14-A,14,N,2
IF,FF057,-31.670803,117.144711,CUN,0.0,0.0,2,2200,0,0,0,0,2,0
CF,CUN,-31.625072,117.224033,0,CUN,0.0,0.0,57.0,4.9,1,1600,0,0,0,0,3,0
CA,0,57.0,2,2500,0,0,0,0,0,0

APPTR,N14-B,14,CUN1
IF,CUN,-31.625072,117.224033, ,0.0,0.0,2,2500,0,1,210,0,1,0
FC,CUN,-31.625072,117.224033,0,CUN,0.0,0.0,57.0,7.0,0,0,0,0,0,0,0,1
CF,FF213,-31.555133,117.275061,1,CUN,33.0,4.9,213.0,2.0,2,2300,0,0,0,0,0,0

APPTR,N14-B,14,CUN2
IF,CUN,-31.625072,117.224033, ,0.0,0.0,2,2500,0,1,210,0,1,0
FC,CUN,-31.625072,117.224033,0,CUN,0.0,0.0,47.0,7.5,0,0,0,0,0,0,0,1
CF,FF213,-31.555133,117.275061,1,CUN,33.0,4.9,213.0,3.0,2,2300,0,0,0,0,0,0

FINAL,N14-B,14,N,2
IF,FF213,-31.555133,117.275061,CUN,0.0,0.0,2,2300,0,0,0,0,2,0
CF,CUN,-31.625072,117.224033,0,CUN,0.0,0.0,213.0,4.9,1,1600,0,0,0,0,3,0
CA,0,213.0,2,2900,0,0,0,0,0,0

APPTR,N23-A,23,CUN1
IF,CUN,-31.625072,117.224033, ,0.0,0.0,2,2500,0,1,210,0,1,0
FC,CUN,-31.625072,117.224033,0,CUN,0.0,0.0,269.0,5.3,0,0,0,0,0,0,0,1
CF,FF057,-31.670803,117.144711,1,CUN,237.0,4.9,57.0,1.0,2,2200,0,0,0,0,0,0

APPTR,N23-A,23,CUN2
IF,CUN,-31.625072,117.224033, ,0.0,0.0,2,2500,0,1,210,0,1,0
FC,CUN,-31.625072,117.224033,0,CUN,0.0,0.0,251.0,7.5,0,0,0,0,0,0,0,1
CF,FF057,-31.670803,117.144711,1,CUN,237.0,4.9,57.0,3.0,2,2200,0,0,0,0,0,0

FINAL,N23-A,23,N,2
IF,FF057,-31.670803,117.144711,CUN,0.0,0.0,2,2200,0,0,0,0,2,0
CF,CUN,-31.625072,117.224033,0,CUN,0.0,0.0,57.0,4.9,1,1600,0,0,0,0,3,0
CA,0,57.0,2,2500,0,0,0,0,0,0

APPTR,N23-B,23,CUN1
IF,CUN,-31.625072,117.224033, ,0.0,0.0,2,2500,0,1,210,0,1,0
FC,CUN,-31.625072,117.224033,0,CUN,0.0,0.0,57.0,7.0,0,0,0,0,0,0,0,1
CF,FF213,-31.555133,117.275061,1,CUN,33.0,4.9,213.0,2.0,2,2300,0,0,0,0,0,0

APPTR,N23-B,23,CUN2
IF,CUN,-31.625072,117.224033, ,0.0,0.0,2,2500,0,1,210,0,1,0
FC,CUN,-31.625072,117.224033,0,CUN,0.0,0.0,47.0,7.5,0,0,0,0,0,0,0,1
CF,FF213,-31.555133,117.275061,1,CUN,33.0,4.9,213.0,3.0,2,2300,0,0,0,0,0,0

FINAL,N23-B,23,N,2
IF,FF213,-31.555133,117.275061,CUN,0.0,0.0,2,2300,0,0,0,0,2,0
CF,CUN,-31.625072,117.224033,0,CUN,0.0,0.0,213.0,4.9,1,1600,0,0,0,0,3,0
CA,0,213.0,2,2900,0,0,0,0,0,0

APPTR,N32-A,32,CUN1
IF,CUN,-31.625072,117.224033, ,0.0,0.0,2,2500,0,1,210,0,1,0
FC,CUN,-31.625072,117.224033,0,CUN,0.0,0.0,269.0,5.3,0,0,0,0,0,0,0,1
CF,FF057,-31.670803,117.144711,1,CUN,237.0,4.9,57.0,1.0,2,2200,0,0,0,0,0,0

APPTR,N32-A,32,CUN2
IF,CUN,-31.625072,117.224033, ,0.0,0.0,2,2500,0,1,210,0,1,0
FC,CUN,-31.625072,117.224033,0,CUN,0.0,0.0,251.0,7.5,0,0,0,0,0,0,0,1
CF,FF057,-31.670803,117.144711,1,CUN,237.0,4.9,57.0,3.0,2,2200,0,0,0,0,0,0

FINAL,N32-A,32,N,2
IF,FF057,-31.670803,117.144711,CUN,0.0,0.0,2,2200,0,0,0,0,2,0
CF,CUN,-31.625072,117.224033,0,CUN,0.0,0.0,57.0,4.9,1,1600,0,0,0,0,3,0
CA,0,57.0,2,2500,0,0,0,0,0,0

APPTR,N32-B,32,CUN1
IF,CUN,-31.625072,117.224033, ,0.0,0.0,2,2500,0,1,210,0,1,0
FC,CUN,-31.625072,117.224033,0,CUN,0.0,0.0,57.0,7.0,0,0,0,0,0,0,0,1
CF,FF213,-31.555133,117.275061,1,CUN,33.0,4.9,213.0,2.0,2,2300,0,0,0,0,0,0

APPTR,N32-B,32,CUN2
IF,CUN,-31.625072,117.224033, ,0.0,0.0,2,2500,0,1,210,0,1,0
FC,CUN,-31.625072,117.224033,0,CUN,0.0,0.0,47.0,7.5,0,0,0,0,0,0,0,1
CF,FF213,-31.555133,117.275061,1,CUN,33.0,4.9,213.0,3.0,2,2300,0,0,0,0,0,0

FINAL,N32-B,32,N,2
IF,FF213,-31.555133,117.275061,CUN,0.0,0.0,2,2300,0,0,0,0,2,0
CF,CUN,-31.625072,117.224033,0,CUN,0.0,0.0,213.0,4.9,1,1600,0,0,0,0,3,0
CA,0,213.0,2,2900,0,0,0,0,0,0

APPTR,R05-E,05,CN2NA
IF,CN2NA,-31.420028,117.329500, ,0.0,0.0,2,2500,0,1,230,0,1,0
TF,CN2NI,-31.496250,117.369361,0, ,0.0,0.0,0.0,0.0,2,2500,0,0,0,0,1,0

APPTR,R05-E,05,CN2NC
IF,CN2NC,-31.532583,117.457111, ,0.0,0.0,2,2500,0,1,230,0,1,0
TF,CN2NI,-31.496250,117.369361,0, ,0.0,0.0,0.0,0.0,2,2500,0,0,0,0,1,0

APPTR,R05-E,05,CN2ND
IF,CN2ND,-31.438056,117.439250, ,0.0,0.0,2,2500,0,1,230,0,1,0
TF,CN2NI,-31.496250,117.369361,0, ,0.0,0.0,0.0,0.0,2,2500,0,0,0,0,1,0

FINAL,R05-E,05,R,3
IF,CN2NI,-31.496250,117.369361, ,0.0,0.0,2,2500,0,0,0,0,0,0
TF,CN2NF,-31.554389,117.299389,0, ,0.0,0.0,227.0,5.0,2,2430,0,0,0,0,2,0
TF,CN2NM,-31.612500,117.229333,0, ,0.0,0.0,227.0,5.0,1,841,0,0,0,0,3,1
DF,CN2NP,-31.650778,117.183806,0, ,0.0,0.0,0,0,0,0,0,0,0,1
DF,CN2NH,-31.543528,117.159500,2, ,0.0,0.0,2,2500,0,1,220,0,0,0

APPTR,R14-E,14,CN2NA
IF,CN2NA,-31.420028,117.329500, ,0.0,0.0,2,2500,0,1,230,0,1,0
TF,CN2NI,-31.496250,117.369361,0, ,0.0,0.0,0.0,0.0,2,2500,0,0,0,0,1,0

APPTR,R14-E,14,CN2NC
IF,CN2NC,-31.532583,117.457111, ,0.0,0.0,2,2500,0,1,230,0,1,0
TF,CN2NI,-31.496250,117.369361,0, ,0.0,0.0,0.0,0.0,2,2500,0,0,0,0,1,0

APPTR,R14-E,14,CN2ND
IF,CN2ND,-31.438056,117.439250, ,0.0,0.0,2,2500,0,1,230,0,1,0
TF,CN2NI,-31.496250,117.369361,0, ,0.0,0.0,0.0,0.0,2,2500,0,0,0,0,1,0

FINAL,R14-E,14,R,3
IF,CN2NI,-31.496250,117.369361, ,0.0,0.0,2,2500,0,0,0,0,0,0
TF,CN2NF,-31.554389,117.299389,0, ,0.0,0.0,227.0,5.0,2,2430,0,0,0,0,2,0
TF,CN2NM,-31.612500,117.229333,0, ,0.0,0.0,227.0,5.0,1,841,0,0,0,0,3,1
DF,CN2NP,-31.650778,117.183806,0, ,0.0,0.0,0,0,0,0,0,0,0,1
DF,CN2NH,-31.543528,117.159500,2, ,0.0,0.0,2,2500,0,1,220,0,0,0

APPTR,R23-E,23,CN2NA
IF,CN2NA,-31.420028,117.329500, ,0.0,0.0,2,2500,0,1,230,0,1,0
TF,CN2NI,-31.496250,117.369361,0, ,0.0,0.0,0.0,0.0,2,2500,0,0,0,0,1,0

APPTR,R23-E,23,CN2NC
IF,CN2NC,-31.532583,117.457111, ,0.0,0.0,2,2500,0,1,230,0,1,0
TF,CN2NI,-31.496250,117.369361,0, ,0.0,0.0,0.0,0.0,2,2500,0,0,0,0,1,0

APPTR,R23-E,23,CN2ND
IF,CN2ND,-31.438056,117.439250, ,0.0,0.0,2,2500,0,1,230,0,1,0
TF,CN2NI,-31.496250,117.369361,0, ,0.0,0.0,0.0,0.0,2,2500,0,0,0,0,1,0

FINAL,R23-E,23,R,3
IF,CN2NI,-31.496250,117.369361, ,0.0,0.0,2,2500,0,0,0,0,0,0
TF,CN2NF,-31.554389,117.299389,0, ,0.0,0.0,227.0,5.0,2,2430,0,0,0,0,2,0
TF,CN2NM,-31.612500,117.229333,0, ,0.0,0.0,227.0,5.0,1,841,0,0,0,0,3,1
DF,CN2NP,-31.650778,117.183806,0, ,0.0,0.0,0,0,0,0,0,0,0,1
DF,CN2NH,-31.543528,117.159500,2, ,0.0,0.0,2,2500,0,1,220,0,0,0

APPTR,R32-E,32,CN2NA
IF,CN2NA,-31.420028,117.329500, ,0.0,0.0,2,2500,0,1,230,0,1,0
TF,CN2NI,-31.496250,117.369361,0, ,0.0,0.0,0.0,0.0,2,2500,0,0,0,0,1,0

APPTR,R32-E,32,CN2NC
IF,CN2NC,-31.532583,117.457111, ,0.0,0.0,2,2500,0,1,230,0,1,0
TF,CN2NI,-31.496250,117.369361,0, ,0.0,0.0,0.0,0.0,2,2500,0,0,0,0,1,0

APPTR,R32-E,32,CN2ND
IF,CN2ND,-31.438056,117.439250, ,0.0,0.0,2,2500,0,1,230,0,1,0
TF,CN2NI,-31.496250,117.369361,0, ,0.0,0.0,0.0,0.0,2,2500,0,0,0,0,1,0

FINAL,R32-E,32,R,3
IF,CN2NI,-31.496250,117.369361, ,0.0,0.0,2,2500,0,0,0,0,0,0
TF,CN2NF,-31.554389,117.299389,0, ,0.0,0.0,227.0,5.0,2,2430,0,0,0,0,2,0
TF,CN2NM,-31.612500,117.229333,0, ,0.0,0.0,227.0,5.0,1,841,0,0,0,0,3,1
DF,CN2NP,-31.650778,117.183806,0, ,0.0,0.0,0,0,0,0,0,0,0,1
DF,CN2NH,-31.543528,117.159500,2, ,0.0,0.0,2,2500,0,1,220,0,0,0

