APPTR,R15,15,FI2ND
IF,FI2ND,-32.460139,119.495944, ,0.0,0.0,2,3000,0,1,210,0,1,0
TF,FI2NI,-32.439111,119.591250,0, ,0.0,0.0,0.0,0.0,2,3000,0,0,0,0,1,0

APPTR,R15,15,FI2NE
IF,FI2NE,-32.370361,119.535389, ,0.0,0.0,2,3000,0,1,210,0,1,0
TF,FI2NI,-32.439111,119.591250,0, ,0.0,0.0,0.0,0.0,2,3000,0,0,0,0,1,0

APPTR,R15,15,FI2NG
IF,FI2NG,-32.371028,119.648250, ,0.0,0.0,2,3000,0,1,210,0,1,0
TF,FI2NI,-32.439111,119.591250,0, ,0.0,0.0,0.0,0.0,2,3000,0,0,0,0,1,0

FINAL,R15,15,R,3
IF,FI2NI,-32.439111,119.591250, ,0.0,0.0,2,3000,0,0,0,0,0,0
TF,FI2NF,-32.507833,119.647222,0, ,0.0,0.0,146.0,5.0,2,3000,0,0,0,0,2,0
TF,RW15,-32.576514,119.703269,0, ,0.0,0.0,146.0,5.0,1,1409,0,0,0,0,3,1
DF,FI2NH,-32.617750,119.736944,0, ,0.0,0.0,0,0,0,0,0,0,0,0
CA,0,146.0,2,2900,0,0,0,0,0,0

APPTR,R33,33,FI2SA
IF,FI2SA,-32.703917,119.920417, ,0.0,0.0,2,3000,0,1,210,0,1,0
TF,FI2SI,-32.725167,119.824917,0, ,0.0,0.0,0.0,0.0,2,3000,0,0,0,0,1,0

APPTR,R33,33,FI2SB
IF,FI2SB,-32.793778,119.881222, ,0.0,0.0,2,3000,0,1,210,0,1,0
TF,FI2SI,-32.725167,119.824917,0, ,0.0,0.0,0.0,0.0,2,3000,0,0,0,0,1,0

APPTR,R33,33,FI2SC
IF,FI2SC,-32.793333,119.767833, ,0.0,0.0,2,3000,0,1,210,0,1,0
TF,FI2SI,-32.725167,119.824917,0, ,0.0,0.0,0.0,0.0,2,3000,0,0,0,0,1,0

FINAL,R33,33,R,3
IF,FI2SI,-32.725167,119.824917, ,0.0,0.0,2,3000,0,0,0,0,0,0
TF,FI2SF,-32.656528,119.768667,0, ,0.0,0.0,326.0,5.0,2,3000,0,0,0,0,2,0
TF,RW33,-32.587858,119.712533,0, ,0.0,0.0,326.0,5.0,1,1404,0,0,0,0,3,1
DF,FI2SH,-32.546667,119.678889,0, ,0.0,0.0,0,0,0,0,0,0,0,0
CA,0,326.0,2,2900,0,0,0,0,0,0

