APPTR,R08,08,HS2WD
IF,HS2WD,-36.748083,141.922722, ,0.0,0.0,2,2400,0,1,210,0,1,0
TF,HS2WI,-36.669556,141.957944,0, ,0.0,0.0,0.0,0.0,2,2400,0,0,0,0,1,0

APPTR,R08,08,HS2WE
IF,HS2WE,-36.669750,141.854333, ,0.0,0.0,2,2400,0,1,210,0,1,0
TF,HS2WI,-36.669556,141.957944,0, ,0.0,0.0,0.0,0.0,2,2400,0,0,0,0,1,0

APPTR,R08,08,HS2WG
IF,HS2WG,-36.591222,141.922278, ,0.0,0.0,2,2400,0,1,210,0,1,0
TF,HS2WI,-36.669556,141.957944,0, ,0.0,0.0,0.0,0.0,2,2400,0,0,0,0,1,0

FINAL,R08,08,R,3
IF,HS2WI,-36.669556,141.957944, ,0.0,0.0,2,2400,0,0,0,0,0,0
TF,HS2WF,-36.669278,142.061556,0, ,0.0,0.0,80.0,5.0,2,2170,0,0,0,0,2,0
TF,HS2WM,-36.668917,142.165167,0, ,0.0,0.0,80.0,5.0,1,576,0,0,0,0,3,1
CA,0,92.0,2,1300,0,0,0,0,0,0
DF,HS2WH,-36.555639,142.189222,1, ,0.0,0.0,0,0,0,0,0,0,0,0
FM,HS2WH,-36.555639,142.189222,0,MTG,0.0,0.0,280.0,2,2400,0,0,0,0,0,0

APPTR,R26,26,HS2EA
IF,HS2EA,-36.589111,142.433028, ,0.0,0.0,2,4000,0,1,210,0,1,0
TF,HS2EI,-36.667750,142.398361,0, ,0.0,0.0,0.0,0.0,2,3770,0,0,0,0,1,0

APPTR,R26,26,HS2EB
IF,HS2EB,-36.667083,142.501917, ,0.0,0.0,2,4000,0,1,210,0,1,0
TF,HS2EI,-36.667750,142.398361,0, ,0.0,0.0,0.0,0.0,2,3770,0,0,0,0,1,0

APPTR,R26,26,HS2EC
IF,HS2EC,-36.745917,142.434556, ,0.0,0.0,2,4000,0,1,210,0,1,0
TF,HS2EI,-36.667750,142.398361,0, ,0.0,0.0,0.0,0.0,2,3770,0,0,0,0,1,0

FINAL,R26,26,R,3
IF,HS2EI,-36.667750,142.398361, ,0.0,0.0,2,3770,0,0,0,0,0,0
TF,HS2EF,-36.668306,142.294750,0, ,0.0,0.0,260.0,5.0,2,2170,0,0,0,0,2,0
TF,HS2EM,-36.668806,142.191139,0, ,0.0,0.0,260.0,5.0,1,581,0,0,0,0,3,1
DF,HS2EH,-36.669056,142.128972,0, ,0.0,0.0,0,0,0,0,0,0,0,1
VM,0,0,2,60.0,2,2400,0,0,0,0,0,0

