APPTR,R12,12,IB3WD
IF,IB3WD,-21.265083,118.645167, ,0.0,0.0,2,2800,0,1,210,0,1,0
TF,IB3WI,-21.207389,118.709750,0, ,0.0,0.0,0.0,0.0,2,2800,0,0,0,0,1,0

APPTR,R12,12,IB3WG
IF,IB3WG,-21.124278,118.719667, ,0.0,0.0,2,2800,0,1,210,0,1,0
TF,IB3WI,-21.207389,118.709750,0, ,0.0,0.0,0.0,0.0,2,2800,0,0,0,0,1,0

FINAL,R12,12,R,3
IF,IB3WI,-21.207389,118.709750, ,0.0,0.0,2,2800,0,0,0,0,0,0
TF,IB3WF,-21.244528,118.789667,0, ,0.0,0.0,115.0,5.0,2,2300,0,0,0,0,2,0
TF,RW12,-21.281953,118.870378,0, ,0.0,0.0,115.0,5.0,1,693,0,0,0,0,3,1
DF,IB3WH,-21.311611,118.934361,0, ,0.0,0.0,0,0,0,0,0,0,0,0
CA,0,115.0,2,2800,0,0,0,0,0,0

APPTR,R30,30,IB3EA
IF,IB3EA,-21.308028,119.116111, ,0.0,0.0,2,2800,0,1,210,0,1,0
TF,IB3EI,-21.365861,119.051611,0, ,0.0,0.0,0.0,0.0,2,2800,0,0,0,0,1,0

APPTR,R30,30,IB3EB
IF,IB3EB,-21.402833,119.131722, ,0.0,0.0,2,2800,0,1,210,0,1,0
TF,IB3EI,-21.365861,119.051611,0, ,0.0,0.0,0.0,0.0,2,2800,0,0,0,0,1,0

APPTR,R30,30,IB3EC
IF,IB3EC,-21.449000,119.041889, ,0.0,0.0,2,2800,0,1,210,0,1,0
TF,IB3EI,-21.365861,119.051611,0, ,0.0,0.0,0.0,0.0,2,2800,0,0,0,0,1,0

FINAL,R30,30,R,3
IF,IB3EI,-21.365861,119.051611, ,0.0,0.0,2,2800,0,0,0,0,0,0
TF,IB3EF,-21.328833,118.971583,0, ,0.0,0.0,295.0,5.0,2,2300,0,0,0,0,2,0
TF,RW30,-21.291961,118.891972,0, ,0.0,0.0,295.0,5.0,1,716,0,0,0,0,3,1
DF,IB3EH,-21.262306,118.827972,0, ,0.0,0.0,0,0,0,0,0,0,0,0
CA,0,295.0,2,2800,0,0,0,0,0,0

