SID,IVANH1,16,1
CA,0,164.0,2,1000,0,0,0,0,0,0
VM,0,0,0,164.0,2,1900,0,0,0,0,0,0

SID,IVANH1,34,1
CA,0,344.0,2,1000,0,0,0,0,0,0
VM,0,0,0,344.0,2,1900,0,0,0,0,0,0

APPTR,R16,16,IH2NA
IF,IH2NA,-32.696222,144.191472, ,0.0,0.0,2,2000,0,1,210,0,1,0
TF,IH2NI,-32.715472,144.287528,0, ,0.0,0.0,0.0,0.0,2,2000,0,0,0,0,1,0

APPTR,R16,16,IH2NC
IF,IH2NC,-32.632583,144.276028, ,0.0,0.0,2,2000,0,1,210,0,1,0
TF,IH2NI,-32.715472,144.287528,0, ,0.0,0.0,0.0,0.0,2,2000,0,0,0,0,1,0

APPTR,R16,16,IH2ND
IF,IH2ND,-32.677972,144.375694, ,0.0,0.0,2,2000,0,1,210,0,1,0
TF,IH2NI,-32.715472,144.287528,0, ,0.0,0.0,0.0,0.0,2,2000,0,0,0,0,1,0

FINAL,R16,16,R,3
IF,IH2NI,-32.715472,144.287528, ,0.0,0.0,2,2000,0,0,0,0,0,0
TF,IH2NF,-32.798389,144.299028,0, ,0.0,0.0,164.0,5.0,2,1970,0,0,0,0,2,0
TF,RW16,-32.881278,144.310542,0, ,0.0,0.0,164.0,5.0,1,381,0,0,0,0,3,1
DF,IH2NH,-32.931028,144.317472,0, ,0.0,0.0,0,0,0,0,0,0,0,0
CA,0,164.0,2,1900,0,0,0,0,0,0

APPTR,R34,34,IH2SE
IF,IH2SE,-33.077389,144.431667, ,0.0,0.0,2,2000,0,1,210,0,1,0
TF,IH2SI,-33.058222,144.335167,0, ,0.0,0.0,0.0,0.0,2,2000,0,0,0,0,1,0

APPTR,R34,34,IH2SG
IF,IH2SG,-33.141111,144.346750, ,0.0,0.0,2,2000,0,1,210,0,1,0
TF,IH2SI,-33.058222,144.335167,0, ,0.0,0.0,0.0,0.0,2,2000,0,0,0,0,1,0

APPTR,R34,34,IH2SJ
IF,IH2SJ,-33.095694,144.246583, ,0.0,0.0,2,2000,0,1,210,0,1,0
TF,IH2SI,-33.058222,144.335167,0, ,0.0,0.0,0.0,0.0,2,2000,0,0,0,0,1,0

FINAL,R34,34,R,3
IF,IH2SI,-33.058222,144.335167, ,0.0,0.0,2,2000,0,0,0,0,0,0
TF,IH2SF,-32.975333,144.323639,0, ,0.0,0.0,344.0,5.0,2,1950,0,0,0,0,2,0
TF,RW34,-32.892425,144.312092,0, ,0.0,0.0,344.0,5.0,1,356,0,0,0,0,3,1
DF,IH2SH,-32.842694,144.305167,0, ,0.0,0.0,0,0,0,0,0,0,0,0
CA,0,344.0,2,1900,0,0,0,0,0,0

