APPTR,R11,11,KL2WD
IF,KL2WD,-16.110556,123.507139, ,0.0,0.0,2,2300,0,1,210,0,1,0
TF,KL2WI,-16.050972,123.567917,0, ,0.0,0.0,0.0,0.0,2,2300,0,0,0,0,1,0

APPTR,R11,11,KL2WE
IF,KL2WE,-16.016083,123.489250, ,0.0,0.0,2,2300,0,1,210,0,1,0
TF,KL2WI,-16.050972,123.567917,0, ,0.0,0.0,0.0,0.0,2,2300,0,0,0,0,1,0

APPTR,R11,11,KL2WG
IF,KL2WG,-15.967556,123.574806, ,0.0,0.0,2,2300,0,1,210,0,1,0
TF,KL2WI,-16.050972,123.567917,0, ,0.0,0.0,0.0,0.0,2,2300,0,0,0,0,1,0

FINAL,R11,11,R,3
IF,KL2WI,-16.050972,123.567917, ,0.0,0.0,2,2300,0,0,0,0,0,0
TF,KL2WF,-16.085833,123.646583,0, ,0.0,0.0,113.0,5.0,2,2200,0,0,0,0,2,0
TF,RW11,-16.121056,123.726203,0, ,0.0,0.0,113.0,5.1,1,587,0,0,0,0,3,1
DF,KL2WH,-16.148889,123.789194,0, ,0.0,0.0,0,0,0,0,0,0,0,0
CA,0,113.0,2,2300,0,0,0,0,0,0

APPTR,R29,29,KL2EA
IF,KL2EA,-16.139778,123.964361, ,0.0,0.0,2,2300,0,1,210,0,1,0
TF,KL2EI,-16.199444,123.903667,0, ,0.0,0.0,0.0,0.0,2,2300,0,0,0,0,1,0

APPTR,R29,29,KL2EB
IF,KL2EB,-16.234167,123.982444, ,0.0,0.0,2,2300,0,1,210,0,1,0
TF,KL2EI,-16.199444,123.903667,0, ,0.0,0.0,0.0,0.0,2,2300,0,0,0,0,1,0

APPTR,R29,29,KL2EC
IF,KL2EC,-16.282861,123.896806, ,0.0,0.0,2,2300,0,1,210,0,1,0
TF,KL2EI,-16.199444,123.903667,0, ,0.0,0.0,0.0,0.0,2,2300,0,0,0,0,1,0

FINAL,R29,29,R,3
IF,KL2EI,-16.199444,123.903667, ,0.0,0.0,2,2300,0,0,0,0,0,0
TF,KL2EF,-16.164667,123.824889,0, ,0.0,0.0,293.0,5.0,2,2200,0,0,0,0,2,0
TF,RW29,-16.128953,123.744061,0, ,0.0,0.0,293.0,5.1,1,563,0,0,0,0,3,1
DF,KL2EH,-16.101111,123.681083,0, ,0.0,0.0,0,0,0,0,0,0,0,0
CA,0,293.0,2,2300,0,0,0,0,0,0

