APPTR,R11,11,MT2WD
IF,MT2WD,-27.275472,120.309944, ,0.0,0.0,1,3200,0,1,210,0,1,0
TF,MT2WI,-27.215500,120.375056,0, ,0.0,0.0,0.0,0.0,1,3200,0,0,0,0,1,0

APPTR,R11,11,MT2WE
IF,MT2WE,-27.181333,120.289750, ,0.0,0.0,1,3200,0,1,210,0,1,0
TF,MT2WI,-27.215500,120.375056,0, ,0.0,0.0,0.0,0.0,1,3200,0,0,0,0,1,0

APPTR,R11,11,MT2WG
IF,MT2WG,-27.132139,120.381750, ,0.0,0.0,1,3200,0,1,210,0,1,0
TF,MT2WI,-27.215500,120.375056,0, ,0.0,0.0,0.0,0.0,1,3200,0,0,0,0,1,0

FINAL,R11,11,R,3
IF,MT2WI,-27.215500,120.375056, ,0.0,0.0,1,3200,0,0,0,0,0,0
TF,MT2WF,-27.256444,120.477472,0, ,0.0,0.0,113.0,6.0,2,3120,0,0,0,0,2,0
TF,RW11,-27.283686,120.545800,0, ,0.0,0.0,113.0,4.0,1,1842,0,0,0,0,3,1
DF,MT2WH,-27.310917,120.614139,0, ,0.0,0.0,3,3200,0,0,0,0,0,0
FM,MT2WH,-27.310917,120.614139,0,MEK,0.0,0.0,113.0,2,3200,0,0,0,0,0,0

APPTR,R29,29,MT2EA
IF,MT2EA,-27.298111,120.798278, ,0.0,0.0,1,3200,0,1,210,0,1,0
TF,MT2EI,-27.358278,120.733333,0, ,0.0,0.0,0.0,0.0,1,3200,0,0,0,0,1,0

APPTR,R29,29,MT2EB
IF,MT2EB,-27.392194,120.818917, ,0.0,0.0,1,3200,0,1,210,0,1,0
TF,MT2EI,-27.358278,120.733333,0, ,0.0,0.0,0.0,0.0,1,3200,0,0,0,0,1,0

FINAL,R29,29,R,3
IF,MT2EI,-27.358278,120.733333, ,0.0,0.0,1,3200,0,0,0,0,0,0
TF,MT2EF,-27.317528,120.630750,0, ,0.0,0.0,293.0,6.0,2,3100,0,0,0,0,2,0
TF,RW29,-27.290289,120.562372,0, ,0.0,0.0,293.0,4.0,1,1822,0,0,0,0,3,1
DF,MT2EH,-27.263083,120.494056,0, ,0.0,0.0,3,3200,0,0,0,0,0,0
FM,MT2EH,-27.263083,120.494056,0,MEK,0.0,0.0,293.0,2,3200,0,0,0,0,0,0

