APPTR,R18,18,MY2NA
IF,MY2NA,-35.677028,150.104333, ,0.0,0.0,2,4900,0,1,210,0,1,0
TF,MY2NI,-35.721028,150.191278,0, ,0.0,0.0,0.0,0.0,2,3340,0,0,0,0,1,0

APPTR,R18,18,MY2NC
IF,MY2NC,-35.639333,150.212139, ,0.0,0.0,2,4900,0,1,210,0,1,0
TF,MY2NI,-35.721028,150.191278,0, ,0.0,0.0,0.0,0.0,2,3340,0,0,0,0,1,0

APPTR,R18,18,MY2ND
IF,MY2ND,-35.709083,150.292556, ,0.0,0.0,2,4900,0,1,210,0,1,0
TF,MY2NI,-35.721028,150.191278,0, ,0.0,0.0,0.0,0.0,2,3340,0,0,0,0,1,0

FINAL,R18,18,R,3
IF,MY2NI,-35.721028,150.191278, ,0.0,0.0,2,3340,0,0,0,0,0,0
TF,MY2NF,-35.802722,150.170389,0, ,0.0,0.0,179.0,5.0,2,1750,0,0,0,0,2,0
TF,MY2NM,-35.884417,150.149444,0, ,0.0,0.0,179.0,5.0,1,154,0,0,0,0,3,1
CA,0,179.0,2,700,0,0,0,0,0,0
DF,MY2NH,-35.948444,150.241500,1, ,0.0,0.0,0,0,0,0,0,0,0,0
CA,0,10.0,2,2800,0,0,0,0,0,0

APPTR,R36,36,MY2SE
IF,MY2SE,-36.109611,150.190250, ,0.0,0.0,2,2800,0,1,210,0,1,0
TF,MY2SI,-36.065667,150.102833,0, ,0.0,0.0,0.0,0.0,2,2800,0,0,0,0,1,0

APPTR,R36,36,MY2SG
IF,MY2SG,-36.196361,150.069167, ,0.0,0.0,2,5700,0,1,210,0,1,0
TF,MY2SI,-36.065667,150.102833,0, ,0.0,0.0,0.0,0.0,2,2800,0,0,0,0,1,0

APPTR,R36,36,MY2SJ
IF,MY2SJ,-36.084583,149.940028, ,0.0,0.0,2,5700,0,1,210,0,1,0
TF,MY2SI,-36.065667,150.102833,0, ,0.0,0.0,0.0,0.0,2,2800,0,0,0,0,1,0

FINAL,R36,36,R,3
IF,MY2SI,-36.065667,150.102833, ,0.0,0.0,2,2800,0,0,0,0,0,0
TF,MY2SF,-35.983972,150.123861,0, ,0.0,0.0,359.0,5.0,2,1660,0,0,0,0,2,0
TF,RW36,-35.902272,150.144858,0, ,0.0,0.0,359.0,5.0,1,66,0,0,0,0,3,1
DF,MY2SH,-35.836917,150.161611,0, ,0.0,0.0,0,0,0,0,0,0,0,1
VM,0,0,2,160.0,2,2800,0,0,0,0,0,0

