APPTR,R03,03,OL2SA
IF,OL2SA,-21.885417,115.081278, ,0.0,0.0,2,1600,0,1,210,0,1,0
TF,OL2SI,-21.821833,115.023083,0, ,0.0,0.0,0.0,0.0,2,1600,0,0,0,0,1,0

APPTR,R03,03,OL2SB
IF,OL2SB,-21.894611,114.978944, ,0.0,0.0,2,1600,0,1,210,0,1,0
TF,OL2SI,-21.821833,115.023083,0, ,0.0,0.0,0.0,0.0,2,1600,0,0,0,0,1,0

APPTR,R03,03,OL2SC
IF,OL2SC,-21.808000,114.934750, ,0.0,0.0,2,1600,0,1,210,0,1,0
TF,OL2SI,-21.821833,115.023083,0, ,0.0,0.0,0.0,0.0,2,1600,0,0,0,0,1,0

FINAL,R03,03,R,3
IF,OL2SI,-21.821833,115.023083, ,0.0,0.0,2,1600,0,0,0,0,0,0
TF,OL2SF,-21.749028,115.067167,0, ,0.0,0.0,29.0,5.0,2,1600,0,0,0,0,2,0
TF,RW03,-21.678794,115.109642,0, ,0.0,0.0,29.0,4.8,1,64,0,0,0,0,3,1
DF,OL2SH,-21.626750,114.957417,1, ,0.0,0.0,0,0,0,0,0,0,0,0
CA,0,196.0,2,1600,0,0,0,0,0,0

APPTR,R21,21,OL2ND
IF,OL2ND,-21.457250,115.146917, ,0.0,0.0,2,1600,0,1,210,0,1,0
TF,OL2NI,-21.520806,115.205028,0, ,0.0,0.0,0.0,0.0,2,1600,0,0,0,0,1,0

APPTR,R21,21,OL2NE
IF,OL2NE,-21.447944,115.248917, ,0.0,0.0,2,1600,0,1,210,0,1,0
TF,OL2NI,-21.520806,115.205028,0, ,0.0,0.0,0.0,0.0,2,1600,0,0,0,0,1,0

APPTR,R21,21,OL2NG
IF,OL2NG,-21.534472,115.293194, ,0.0,0.0,2,1600,0,1,210,0,1,0
TF,OL2NI,-21.520806,115.205028,0, ,0.0,0.0,0.0,0.0,2,1600,0,0,0,0,1,0

FINAL,R21,21,R,3
IF,OL2NI,-21.520806,115.205028, ,0.0,0.0,2,1600,0,0,0,0,0,0
TF,OL2NF,-21.593639,115.161083,0, ,0.0,0.0,209.0,5.0,2,1600,0,0,0,0,2,0
TF,RW21,-21.663853,115.118669,0, ,0.0,0.0,209.0,4.8,1,64,0,0,0,0,3,1
DF,OL2NH,-21.722111,115.083444,0, ,0.0,0.0,0,0,0,0,0,0,0,0
CA,0,209.0,2,1600,0,0,0,0,0,0

