APPTR,Q12-A,12,D123L
IF,D123L,-27.975525,140.026369, ,0.0,0.0,2,1800,0,0,0,0,1,0
TF,FF123,-28.036836,140.108514,0, ,0.0,0.0,0.0,0.0,2,1800,0,0,0,0,0,0

FINAL,Q12-A,12,N,2
IF,FF123,-28.036836,140.108514,OOM,0.0,0.0,2,1800,0,0,0,0,2,0
CF,MA123,-28.072308,140.156114,0,OOM,0.0,3.0,123.0,3.3,1,910,0,0,0,0,3,1
VM,0,0,0,36.0,2,1700,0,1,140,0,0,0

APPTR,Q12-B,12,D123L
IF,D123L,-27.975525,140.026369, ,0.0,0.0,2,1800,0,1,210,0,1,0
TF,FQ123,-28.029308,140.098419,0, ,0.0,0.0,0.0,0.0,2,1800,0,0,0,0,0,0

FINAL,Q12-B,12,N,2
IF,FQ123,-28.029308,140.098419,OOM,0.0,0.0,2,1800,0,0,0,0,2,0
CF,MQ123,-28.061561,140.141686,0,OOM,0.0,4.0,123.0,3.0,1,1228,0,0,0,0,3,1
VM,0,0,0,36.0,2,1700,0,1,180,0,0,0

APPTR,Q30-A,30,D123L
IF,D123L,-27.975525,140.026369, ,0.0,0.0,2,1800,0,0,0,0,1,0
TF,FF123,-28.036836,140.108514,0, ,0.0,0.0,0.0,0.0,2,1800,0,0,0,0,0,0

FINAL,Q30-A,30,N,2
IF,FF123,-28.036836,140.108514,OOM,0.0,0.0,2,1800,0,0,0,0,2,0
CF,MA123,-28.072308,140.156114,0,OOM,0.0,3.0,123.0,3.3,1,910,0,0,0,0,3,1
VM,0,0,0,36.0,2,1700,0,1,140,0,0,0

APPTR,Q30-B,30,D123L
IF,D123L,-27.975525,140.026369, ,0.0,0.0,2,1800,0,1,210,0,1,0
TF,FQ123,-28.029308,140.098419,0, ,0.0,0.0,0.0,0.0,2,1800,0,0,0,0,0,0

FINAL,Q30-B,30,N,2
IF,FQ123,-28.029308,140.098419,OOM,0.0,0.0,2,1800,0,0,0,0,2,0
CF,MQ123,-28.061561,140.141686,0,OOM,0.0,4.0,123.0,3.0,1,1228,0,0,0,0,3,1
VM,0,0,0,36.0,2,1700,0,1,180,0,0,0

APPTR,R12,12,MZOWA
IF,MZOWA,-28.030931,139.947469, ,0.0,0.0,2,2100,0,1,210,0,1,0
TF,MZOWI,-27.985161,140.026239,0, ,0.0,0.0,0.0,0.0,2,2100,0,0,0,0,1,0

APPTR,R12,12,MZOWB
IF,MZOWB,-27.935039,139.950942, ,0.0,0.0,2,2100,0,1,210,0,1,0
TF,MZOWI,-27.985161,140.026239,0, ,0.0,0.0,0.0,0.0,2,2100,0,0,0,0,1,0

APPTR,R12,12,MZOWC
IF,MZOWC,-27.905153,140.053378, ,0.0,0.0,2,2100,0,1,210,0,1,0
TF,MZOWI,-27.985161,140.026239,0, ,0.0,0.0,0.0,0.0,2,2100,0,0,0,0,1,0

FINAL,R12,12,R,3
IF,MZOWI,-27.985161,140.026239, ,0.0,0.0,2,2100,0,0,0,0,0,0
TF,MZOWF,-28.035242,140.101608,0, ,0.0,0.0,120.0,5.0,2,2070,0,0,0,0,2,0
TF,MZOWM,-28.091583,140.186556,0, ,0.0,0.0,120.0,5.6,1,279,0,0,0,0,3,1
DF,MZOWH,-27.989881,140.245917,1, ,0.0,0.0,0,0,0,0,0,0,0,0
VM,0,0,0,303.0,2,1700,0,1,190,0,0,0

APPTR,R30,30,OO2ED
IF,OO2ED,-28.216172,140.429911, ,0.0,0.0,2,2200,0,1,210,0,1,0
TF,OO2EI,-28.242439,140.340353,0, ,0.0,0.0,0.0,0.0,2,2200,0,0,0,0,1,0

APPTR,R30,30,OO2EE
IF,OO2EE,-28.307997,140.398867, ,0.0,0.0,2,2200,0,1,210,0,1,0
TF,OO2EI,-28.242439,140.340353,0, ,0.0,0.0,0.0,0.0,2,2200,0,0,0,0,1,0

APPTR,R30,30,OO2EG
IF,OO2EG,-28.313519,140.290739, ,0.0,0.0,2,2200,0,1,210,0,1,0
TF,OO2EI,-28.242439,140.340353,0, ,0.0,0.0,0.0,0.0,2,2200,0,0,0,0,1,0

FINAL,R30,30,R,3
IF,OO2EI,-28.242439,140.340353, ,0.0,0.0,2,2200,0,0,0,0,0,0
TF,OO2EF,-28.176853,140.281908,0, ,0.0,0.0,315.0,5.0,2,2100,0,0,0,0,2,0
TF,OO2EM,-28.123000,140.233986,0, ,0.0,0.0,315.0,4.1,1,784,0,0,0,0,3,1
DF,OO2EH,-28.065994,140.353478,2, ,0.0,0.0,0,0,0,1,210,0,0,0
VM,0,0,0,102.0,2,1700,0,0,0,0,0,0

