APPTR,D06,06,D168J
IF,D168J,-23.336764,117.771594, ,0.0,0.0,0,0,0,1,210,0,0,0
AF,D206J,-23.321592,117.654831,2,PBO,206.0,10.0,168.0,2,3300,0,0,0,0,1,0
AF,D224J,-23.290808,117.609028,2,PBO,224.0,10.0,206.0,2,3300,0,0,0,0,0,1
CF,FF06,-23.226881,117.646569,0,PBO,236.0,6.0,56.0,4.0,2,3300,0,0,0,0,0,0

APPTR,D06,06,D236J
IF,D236J,-23.263617,117.585242, ,0.0,0.0,2,3300,0,1,210,0,1,0
TF,FF06,-23.226881,117.646569,0, ,0.0,0.0,0.0,0.0,2,3300,0,0,0,0,0,0

APPTR,D06,06,D350J
IF,D350J,-23.007436,117.708778, ,0.0,0.0,0,0,0,1,210,0,0,0
AF,D300J,-23.086406,117.582097,1,PBO,300.0,10.0,350.0,2,4600,0,0,0,0,0,0
AF,D265J,-23.184172,117.556589,1,PBO,265.0,10.0,300.0,2,3300,0,0,0,0,1,0
AF,D247J,-23.235167,117.569256,1,PBO,247.0,10.0,265.0,2,3300,0,0,0,0,0,1
CF,FF06,-23.226881,117.646569,0,PBO,236.0,6.0,56.0,4.0,2,3300,0,0,0,0,0,0

FINAL,D06,06,D,4
IF,FF06,-23.226881,117.646569,PBO,236.0,6.0,2,3300,0,0,0,0,2,0
CF,40VO2,-23.209031,117.676342,0,PBO,236.0,4.0,56.0,2.0,2,2680,0,0,0,0,0,0
CF,EV06,-23.173269,117.735944,0,PBO,236.0,0.1,56.0,3.9,1,1424,0,0,0,0,0,1
CF,PBO,-23.172611,117.737039,0,PBO,0.0,0.0,56.0,0.1,2,1906,0,0,0,0,3,0
FA,PBO,-23.172611,117.737039,0,PBO,0.0,0.0,56.0,2,3500,0,0,0,0,0,0
DF,PBO,-23.172611,117.737039,1, ,0.0,0.0,2,4600,0,0,0,0,0,0

APPTR,D24,24,D068J
IF,D068J,-23.112589,117.905825, ,0.0,0.0,2,4200,0,1,210,0,1,0
TF,FF24,-23.127611,117.863642,0, ,0.0,0.0,0.0,0.0,2,3810,0,0,0,0,0,0

APPTR,D24,24,D179J
IF,D179J,-23.339839,117.737039, ,0.0,0.0,0,0,0,1,210,0,0,0
AF,D094J,-23.187083,117.917247,1,PBO,94.0,10.0,179.0,2,4100,0,0,0,0,1,0
AF,D080J,-23.146350,117.915653,1,PBO,80.0,10.0,94.0,2,4100,0,0,0,0,0,1
CF,FF24,-23.127611,117.863642,0,PBO,68.0,7.5,248.0,2.5,2,3810,0,0,0,0,0,0

APPTR,D24,24,D339J
IF,D339J,-23.015453,117.675247, ,0.0,0.0,0,0,0,1,210,0,0,0
AF,D042J,-23.050258,117.860283,2,PBO,42.0,10.0,339.0,2,4200,0,0,0,0,1,0
AF,D056J,-23.081458,117.888631,2,PBO,56.0,10.0,42.0,2,4200,0,0,0,0,0,1
CF,FF24,-23.127611,117.863642,0,PBO,68.0,7.5,248.0,2.5,2,3810,0,0,0,0,0,0

FINAL,D24,24,D,4
IF,FF24,-23.127611,117.863642,PBO,68.0,7.5,2,3810,0,0,0,0,2,0
CF,50VOR,-23.142622,117.821450,0,PBO,68.0,5.0,248.0,2.5,2,2890,0,0,0,0,0,0
CF,40VOR,-23.148625,117.804572,0,PBO,68.0,4.0,248.0,1.0,2,2520,0,0,0,0,0,0
CF,RW24,-23.167358,117.756392,0,PBO,72.6,1.1,248.0,2.9,1,1456,0,0,0,0,3,0
CF,PBO,-23.172611,117.737039,0,PBO,0.0,0.0,248.0,1.1,0,0,0,0,0,0,0,0
CA,0,248.0,2,4100,0,0,0,0,0,0

APPTR,N06-A,06,PBO1
IF,PBO,-23.178764,117.742539, ,0.0,0.0,2,4100,0,1,210,0,1,0
FC,PBO,-23.178764,117.742539,0,PBO,0.0,0.0,303.0,5.3,0,0,0,0,0,0,0,1
CF,FN090,-23.177186,117.646683,1,PBO,265.9,5.0,90.0,1.0,2,3400,0,0,0,0,0,0

APPTR,N06-A,06,PBO2
IF,PBO,-23.178764,117.742539, ,0.0,0.0,2,4100,0,1,210,0,1,0
FC,PBO,-23.178764,117.742539,0,PBO,0.0,0.0,284.0,5.8,0,0,0,0,0,0,0,1
CF,FN090,-23.177186,117.646683,1,PBO,265.9,5.0,90.0,1.0,2,3400,0,0,0,0,0,0

FINAL,N06-A,06,N,2
IF,FN090,-23.177186,117.646683,PBO,0.0,0.0,2,3400,0,0,0,0,2,0
CF,PBO,-23.178764,117.742539,0,PBO,0.0,0.0,90.0,5.3,1,2470,0,0,0,0,3,0
FA,PBO,-23.178764,117.742539,0,PBO,0.0,0.0,56.0,2,3500,0,1,210,0,0,0
DF,PBO,-23.178764,117.742539,1, ,0.0,0.0,2,4600,0,0,0,0,0,0

APPTR,N24-A,24,PBO1
IF,PBO,-23.178764,117.742539, ,0.0,0.0,2,4100,0,1,210,0,1,0
FC,PBO,-23.178764,117.742539,0,PBO,0.0,0.0,303.0,5.3,0,0,0,0,0,0,0,1
CF,FN090,-23.177186,117.646683,1,PBO,265.9,5.0,90.0,1.0,2,3400,0,0,0,0,0,0

APPTR,N24-A,24,PBO2
IF,PBO,-23.178764,117.742539, ,0.0,0.0,2,4100,0,1,210,0,1,0
FC,PBO,-23.178764,117.742539,0,PBO,0.0,0.0,284.0,5.8,0,0,0,0,0,0,0,1
CF,FN090,-23.177186,117.646683,1,PBO,265.9,5.0,90.0,1.0,2,3400,0,0,0,0,0,0

FINAL,N24-A,24,N,2
IF,FN090,-23.177186,117.646683,PBO,0.0,0.0,2,3400,0,0,0,0,2,0
CF,PBO,-23.178764,117.742539,0,PBO,0.0,0.0,90.0,5.3,1,2470,0,0,0,0,3,0
FA,PBO,-23.178764,117.742539,0,PBO,0.0,0.0,56.0,2,3500,0,1,210,0,0,0
DF,PBO,-23.178764,117.742539,1, ,0.0,0.0,2,4600,0,0,0,0,0,0

APPTR,R06,06,PBDWD
IF,PBDWD,-23.330806,117.576389, ,0.0,0.0,2,4100,0,1,210,0,1,0
TF,PBDWI,-23.247472,117.568806,0, ,0.0,0.0,0.0,0.0,2,4100,0,0,0,0,1,0

APPTR,R06,06,PBDWE
IF,PBDWE,-23.282528,117.486639, ,0.0,0.0,2,4100,0,1,210,0,1,0
TF,PBDWI,-23.247472,117.568806,0, ,0.0,0.0,0.0,0.0,2,4100,0,0,0,0,1,0

APPTR,R06,06,PBDWG
IF,PBDWG,-23.188139,117.505056, ,0.0,0.0,2,5200,0,1,210,0,1,0
TF,PBDWI,-23.247472,117.568806,0, ,0.0,0.0,0.0,0.0,2,4100,0,0,0,0,1,0

FINAL,R06,06,R,3
IF,PBDWI,-23.247472,117.568806, ,0.0,0.0,2,4100,0,0,0,0,0,0
TF,PBDWF,-23.212417,117.650944,0, ,0.0,0.0,64.0,5.0,2,3100,0,0,0,0,2,0
TF,RW06,-23.175439,117.737489,0, ,0.0,0.0,64.0,5.3,1,1425,0,0,0,0,3,1
DF,PBDWH,-23.094722,117.857861,0, ,0.0,0.0,0,0,0,1,240,0,0,0
CA,0,49.0,2,5200,0,0,0,0,0,0

APPTR,R24,24,PBDEA
IF,PBDEA,-23.013778,117.912778, ,0.0,0.0,2,5200,0,1,210,0,1,0
TF,PBDEI,-23.097083,117.920472,0, ,0.0,0.0,0.0,0.0,2,4640,0,0,0,0,1,0

APPTR,R24,24,PBDEB
IF,PBDEB,-23.061889,118.002444, ,0.0,0.0,2,5200,0,1,210,0,1,0
TF,PBDEI,-23.097083,117.920472,0, ,0.0,0.0,0.0,0.0,2,4640,0,0,0,0,1,0

APPTR,R24,24,PBDEC
IF,PBDEC,-23.156333,117.984278, ,0.0,0.0,2,5200,0,1,210,0,1,0
TF,PBDEI,-23.097083,117.920472,0, ,0.0,0.0,0.0,0.0,2,4640,0,0,0,0,1,0

FINAL,R24,24,R,3
IF,PBDEI,-23.097083,117.920472, ,0.0,0.0,2,4640,0,0,0,0,0,0
TF,PBDEF,-23.132250,117.838444,0, ,0.0,0.0,244.0,5.0,2,3050,0,0,0,0,2,0
TF,RW24,-23.167358,117.756392,0, ,0.0,0.0,244.0,5.0,1,1456,0,0,0,0,3,1
DF,PBDEH,-23.188417,117.707139,0, ,0.0,0.0,0,0,0,0,0,0,0,0
CA,0,244.0,2,4100,0,0,0,0,0,0

APPTR,V06-A,06,PBO1
IF,PBO,-23.172611,117.737039, ,0.0,0.0,2,4100,0,1,210,0,1,0
FC,PBO,-23.172611,117.737039,0,PBO,0.0,0.0,303.0,5.3,0,0,0,0,0,0,0,1
CF,FF090,-23.171033,117.641189,1,PBO,270.0,5.3,90.0,1.0,2,3400,0,0,0,0,0,0

APPTR,V06-A,06,PBO2
IF,PBO,-23.172611,117.737039, ,0.0,0.0,2,4100,0,1,210,0,1,0
FC,PBO,-23.172611,117.737039,0,PBO,0.0,0.0,284.0,5.8,0,0,0,0,0,0,0,1
CF,FF090,-23.171033,117.641189,1,PBO,270.0,5.3,90.0,1.0,2,3400,0,0,0,0,0,0

FINAL,V06-A,06,D,2
IF,FF090,-23.171033,117.641189,PBO,270.0,5.3,2,3400,0,0,0,0,2,0
CF,PBO,-23.172611,117.737039,0,PBO,0.0,0.0,90.0,5.3,1,2470,0,0,0,0,3,0
FA,PBO,-23.172611,117.737039,0,PBO,0.0,0.0,56.0,2,3500,0,1,210,0,0,0
DF,PBO,-23.172611,117.737039,1, ,0.0,0.0,2,4600,0,0,0,0,0,0

APPTR,V24-A,24,PBO1
IF,PBO,-23.172611,117.737039, ,0.0,0.0,2,4100,0,1,210,0,1,0
FC,PBO,-23.172611,117.737039,0,PBO,0.0,0.0,303.0,5.3,0,0,0,0,0,0,0,1
CF,FF090,-23.171033,117.641189,1,PBO,270.0,5.3,90.0,1.0,2,3400,0,0,0,0,0,0

APPTR,V24-A,24,PBO2
IF,PBO,-23.172611,117.737039, ,0.0,0.0,2,4100,0,1,210,0,1,0
FC,PBO,-23.172611,117.737039,0,PBO,0.0,0.0,284.0,5.8,0,0,0,0,0,0,0,1
CF,FF090,-23.171033,117.641189,1,PBO,270.0,5.3,90.0,1.0,2,3400,0,0,0,0,0,0

FINAL,V24-A,24,D,2
IF,FF090,-23.171033,117.641189,PBO,270.0,5.3,2,3400,0,0,0,0,2,0
CF,PBO,-23.172611,117.737039,0,PBO,0.0,0.0,90.0,5.3,1,2470,0,0,0,0,3,0
FA,PBO,-23.172611,117.737039,0,PBO,0.0,0.0,56.0,2,3500,0,1,210,0,0,0
DF,PBO,-23.172611,117.737039,1, ,0.0,0.0,2,4600,0,0,0,0,0,0

