SID,ALKIM7,05,1
CD, ,0,0,0,PEA,0,0.0,46.0,2.0,0,0,0,1,210,0,0,0
CA,0,46.0,2,1200,0,1,210,0,0,0
CI,1, ,0.0,270.0,0,0,0,1,210,0,0,0
CF,D304J,-31.582867,115.853750,0,PEA,304.0,10.0,304.0,1.0,2,5000,0,0,0,0,0,0
TF,D304O,-31.537250,115.772050,0, ,0.0,0.0,0.0,0.0,0,0,0,0,0,0,0,0
VM,0,0,0,304.0,0,0,0,0,0,0,0,0

SID,ALKIM7,18L,1
CD, ,0,0,0,PEA,0,0.0,175.0,1.0,0,0,0,1,250,0,0,0
CA,0,175.0,2,600,0,1,250,0,0,0
CI,2, ,0.0,340.0,0,0,0,1,250,0,0,0
CF,D304J,-31.582867,115.853750,0,PEA,304.0,10.0,304.0,3.0,2,5000,0,1,250,0,0,0
TF,D304O,-31.537250,115.772050,0, ,0.0,0.0,0.0,0.0,0,0,0,1,250,0,0,0
VM,0,0,0,304.0,0,0,0,1,250,0,0,0

SID,ALKIM7,23,1
CD, ,0,0,0,PEA,0,0.0,226.0,3.0,0,0,0,1,180,0,0,0
CA,0,226.0,2,600,0,1,180,0,0,0
CI,2, ,0.0,340.0,0,0,0,1,180,0,0,0
CF,D304J,-31.582867,115.853750,0,PEA,304.0,10.0,304.0,1.0,2,5000,0,0,0,0,0,0
TF,D304O,-31.537250,115.772050,0, ,0.0,0.0,0.0,0.0,0,0,0,0,0,0,0,0
VM,0,0,0,304.0,0,0,0,0,0,0,0,0

SID,ALKIM7,36R,1
CD, ,0,0,0,PEA,0,0.0,355.0,2.0,0,0,0,1,210,0,0,0
CA,0,355.0,2,900,0,1,210,0,0,0
CI,1, ,0.0,260.0,0,0,0,1,210,0,0,0
CF,D304J,-31.582867,115.853750,0,PEA,304.0,10.0,304.0,2.0,2,5000,0,0,0,0,0,0
TF,D304O,-31.537250,115.772050,0, ,0.0,0.0,0.0,0.0,0,0,0,0,0,0,0,0
VM,0,0,0,304.0,0,0,0,0,0,0,0,0

SID,GUNOK1,05,1
CD, ,0,0,0,PEA,0,0.0,46.0,2.0,0,0,0,1,180,0,0,0
CA,0,46.0,2,1200,0,1,180,0,0,0
CF,GUNOK,-31.554667,116.124333,0,PEA,38.5,9.0,39.0,6.0,2,4000,0,0,0,0,0,0
VM,0,0,0,39.0,0,0,0,0,0,0,0,0

SID,GUNOK1,18L,1
CD, ,0,0,0,PEA,0,0.0,175.0,1.0,0,0,0,1,180,0,0,0
CA,0,175.0,2,1000,0,1,180,0,0,0
CI,1, ,0.0,10.0,0,0,0,1,180,0,0,0
CF,GUNOK,-31.554667,116.124333,0,PEA,38.5,9.0,39.0,1.0,2,4000,0,1,180,0,0,0
VM,0,0,0,39.0,0,0,0,1,180,0,0,0

SID,GUNOK1,36R,1
CD, ,0,0,0,PEA,0,0.0,355.0,2.0,0,0,0,1,180,0,0,0
CA,0,355.0,2,900,0,1,180,0,0,0
CI,0, ,0.0,85.0,0,0,0,1,180,0,0,0
CF,GUNOK,-31.554667,116.124333,0,PEA,38.5,9.0,39.0,2.0,2,4000,0,0,0,0,0,0
VM,0,0,0,40.0,0,0,0,0,0,0,0,0

SID,MULAL8,18L,1
CD, ,0,0,0,PEA,0,0.0,175.0,1.0,0,0,0,1,250,0,0,0
CA,0,175.0,2,600,0,1,250,0,0,0
CI,2, ,0.0,290.0,0,0,0,1,250,0,0,0
CF,D250J,-31.733669,115.834936,0,PEA,250.0,10.0,250.0,3.0,2,5000,0,1,250,0,0,0
TF,D250T,-31.793133,115.652250,0, ,0.0,0.0,0.0,0.0,0,0,0,1,250,0,0,0
VM,0,0,0,250.0,0,0,0,1,250,0,0,0

SID,MULAL8,23,1
CD, ,0,0,0,PEA,0,0.0,226.0,3.0,0,0,0,1,240,0,0,0
CA,0,226.0,2,600,0,1,240,0,0,0
CI,0, ,0.0,280.0,0,0,0,1,240,0,0,0
CF,D250J,-31.733669,115.834936,0,PEA,250.0,10.0,250.0,3.0,2,5000,0,0,0,0,0,0
TF,D250T,-31.793133,115.652250,0, ,0.0,0.0,0.0,0.0,0,0,0,0,0,0,0,0
VM,0,0,0,250.0,0,0,0,0,0,0,0,0

SID,MULAL8,36R,1
CD, ,0,0,0,PEA,0,0.0,355.0,2.0,0,0,0,0,0,0,0,0
CA,0,355.0,2,900,0,0,0,0,0,0
CI,1, ,0.0,205.0,0,0,0,0,0,0,0,0
CF,D250J,-31.733669,115.834936,0,PEA,250.0,10.0,250.0,3.0,2,5000,0,0,0,0,0,0
TF,D250T,-31.793133,115.652250,0, ,0.0,0.0,0.0,0.0,0,0,0,0,0,0,0,0
VM,0,0,0,250.0,0,0,0,0,0,0,0,0

SID,PEARC5,05,1
DF,D035B,-31.646186,116.039119,0, ,0.0,0.0,0,0,0,0,0,0,0,0
CA,0,46.0,2,1200,0,0,0,0,0,0
VM,0,0,0,46.0,0,0,0,0,0,0,0,0

SID,PEARC5,18L,1
CD, ,0,0,0,PEA,0,0.0,175.0,1.0,0,0,0,0,0,0,0,0
VM,0,0,0,175.0,0,0,0,0,0,0,0,0

SID,PEARC5,23,1
DF,D237B,-31.692592,115.984975,0, ,0.0,0.0,0,0,0,0,0,0,0,0
CA,0,226.0,2,600,0,0,0,0,0,0
VM,0,0,0,226.0,0,0,0,0,0,0,0,0

SID,PEARC5,36R,1
DF,D352B,-31.640975,116.011081,0, ,0.0,0.0,0,0,0,0,0,0,0,0
CA,0,355.0,2,1100,0,0,0,0,0,0
VM,0,0,0,355.0,0,0,0,0,0,0,0,0

SID,WAMAL6,05,1
CD, ,0,0,0,PEA,0,0.0,46.0,2.0,0,0,0,1,210,0,0,0
CA,0,46.0,2,1200,0,1,210,0,0,0
CI,0, ,0.0,320.0,0,0,0,1,210,0,0,0
CF,D356J,-31.507547,116.000394,0,PEA,356.0,10.0,356.0,1.0,2,5000,0,0,0,0,0,0
TF,D356O,-31.424347,115.991922,0, ,0.0,0.0,0.0,0.0,0,0,0,0,0,0,0,0
VM,0,0,0,356.0,0,0,0,0,0,0,0,0

SID,WAMAL6,18L,1
CD, ,0,0,0,PEA,0,0.0,175.0,1.0,0,0,0,1,250,0,0,0
CA,0,175.0,2,600,0,1,250,0,0,0
CA,0,260.0,2,4000,0,1,250,0,0,0
CI,2, ,0.0,40.0,0,0,0,1,250,0,0,0
CF,D356J,-31.507547,116.000394,0,PEA,356.0,10.0,356.0,1.0,2,5000,0,1,250,0,0,0
TF,D356O,-31.424347,115.991922,0, ,0.0,0.0,0.0,0.0,0,0,0,1,250,0,0,0
VM,0,0,0,356.0,0,0,0,1,250,0,0,0

SID,WAMAL6,23,1
CD, ,0,0,0,PEA,0,0.0,226.0,3.0,0,0,0,1,210,0,0,0
CA,0,226.0,2,600,0,1,210,0,0,0
CA,0,260.0,2,4000,0,1,210,0,0,0
CI,2, ,0.0,40.0,0,0,0,1,210,0,0,0
CF,D356J,-31.507547,116.000394,0,PEA,356.0,10.0,356.0,1.0,2,5000,0,0,0,0,0,0
TF,D356O,-31.424347,115.991922,0, ,0.0,0.0,0.0,0.0,0,0,0,0,0,0,0,0
VM,0,0,0,356.0,0,0,0,0,0,0,0,0

SID,WAMAL6,36R,1
CD, ,0,0,0,PEA,0,0.0,355.0,2.0,0,0,0,1,250,0,0,0
CA,0,355.0,2,900,0,1,250,0,0,0
CI,0, ,0.0,10.0,0,0,0,1,250,0,0,0
CF,D356J,-31.507547,116.000394,0,PEA,356.0,10.0,356.0,6.0,2,5000,0,0,0,0,0,0
TF,D356O,-31.424347,115.991922,0, ,0.0,0.0,0.0,0.0,0,0,0,0,0,0,0,0
VM,0,0,0,356.0,0,0,0,0,0,0,0,0

STAR,PEAR4G,KABLI,4
IF,KABLI,-32.180556,116.900056, ,0.0,0.0,0,0,0,0,0,0,0,0
TF,KYEMA,-32.144917,116.625000,0, ,0.0,0.0,0.0,0.0,0,0,0,0,0,0,0,0
TF,GOSNL,-32.072472,116.086167,0, ,0.0,0.0,0.0,0.0,0,0,0,0,0,0,0,0

STAR,PEAR4G,LAVEX,4
IF,LAVEX,-31.890750,116.936250, ,0.0,0.0,0,0,0,0,0,0,0,0
TF,BOOKA,-32.020750,116.659056,0, ,0.0,0.0,0.0,0.0,0,0,0,0,0,0,0,0
TF,GOSNL,-32.072472,116.086167,0, ,0.0,0.0,0.0,0.0,0,0,0,0,0,0,0,0

STAR,PEAR4G,ALL,5
IF,GOSNL,-32.072472,116.086167, ,0.0,0.0,0,0,0,0,0,0,0,0
TF,PH,-31.945000,115.959167,0, ,0.0,0.0,0.0,0.0,0,0,0,0,0,0,0,0

STAR,PEAR4R,KABLI,4
IF,KABLI,-32.180556,116.900056, ,0.0,0.0,0,0,0,0,0,0,0,0
TF,BOOKA,-32.020750,116.659056,0, ,0.0,0.0,0.0,0.0,0,0,0,0,0,0,0,0
TF,DUDIN,-31.946000,116.546861,0, ,0.0,0.0,0.0,0.0,3,11000,0,0,0,0,0,0
TF,VEPAN,-31.861278,116.381361,0, ,0.0,0.0,0.0,0.0,3,7000,0,0,0,0,0,0
TF,ROLOB,-31.792944,116.248389,0, ,0.0,0.0,0.0,0.0,0,0,0,0,0,0,0,0

STAR,PEAR4R,LAVEX,4
IF,LAVEX,-31.890750,116.936250, ,0.0,0.0,0,0,0,0,0,0,0,0
TF,BUVOT,-31.900889,116.715361,0, ,0.0,0.0,0.0,0.0,0,0,0,0,0,0,0,0
TF,RONAN,-31.871028,116.585306,0, ,0.0,0.0,0.0,0.0,3,11000,0,0,0,0,0,0
TF,UNDOW,-31.829139,116.404028,0, ,0.0,0.0,0.0,0.0,3,7000,0,0,0,0,0,0
TF,ROLOB,-31.792944,116.248389,0, ,0.0,0.0,0.0,0.0,0,0,0,0,0,0,0,0

STAR,PEAR4R,ALL,5
IF,ROLOB,-31.792944,116.248389, ,0.0,0.0,0,0,0,0,0,0,0,0
TF,PH,-31.945000,115.959167,0, ,0.0,0.0,0.0,0.0,0,0,0,0,0,0,0,0

STAR,PEAR4W,MALUP,4
IF,MALUP,-32.363889,117.656167, ,0.0,0.0,0,0,0,0,0,0,0,0
TF,DAYLR,-32.268389,116.554778,0, ,0.0,0.0,0.0,0.0,0,0,0,0,0,0,0,0
TF,WUNGO,-32.198333,116.028333,0, ,0.0,0.0,0.0,0.0,0,0,0,0,0,0,0,0

STAR,PEAR4W,ALL,5
IF,WUNGO,-32.198333,116.028333, ,0.0,0.0,0,0,0,0,0,0,0,0
TF,HARMN,-32.170000,115.898333,0, ,0.0,0.0,0.0,0.0,0,0,0,0,0,0,0,0
TF,PH,-31.945000,115.959167,0, ,0.0,0.0,0.0,0.0,0,0,0,0,0,0,0,0

APPTR,I18LX,18L,AKMER
IF,AKMER,-31.425167,115.984833, ,0.0,0.0,2,4000,0,0,0,0,1,0
CF,CI18L,-31.524208,115.996975,0,IPE,355.0,9.8,175.0,6.0,2,2100,0,0,0,0,0,0

APPTR,I18LX,18L,GUNOK
IF,GUNOK,-31.554667,116.124333, ,0.0,0.0,2,3000,0,0,0,0,1,0
AF,D008I,-31.524736,116.038775,1,PEA,8.0,9.0,39.0,2,2100,0,0,0,0,0,0
VI,0,IPE,0.0,205.0,0,0,0,0,0,0,0,0

APPTR,I18LX,18L,SAMLA
IF,SAMLA,-31.628667,115.849833, ,0.0,0.0,2,3000,0,0,0,0,1,0
AF,D341I,-31.532614,115.957469,2,PEA,341.0,9.0,289.0,2,2100,0,0,0,0,0,0
VI,0,IPE,0.0,145.0,0,0,0,0,0,0,0,0

FINAL,I18LX,18L,I,3
IF,CI18L,-31.524208,115.996975,IPE,355.0,9.8,2,2100,0,0,0,0,0,0
CF,FI18L,-31.572381,116.002892,0,IPE,355.0,6.9,175.0,2.9,1,1800,0,0,0,0,2,0
CF,RW18L,-31.657600,116.013083,0,IPE,354.5,1.8,175.0,5.1,1,169,0,0,0,0,3,0
CA,0,175.0,2,1500,0,0,0,0,0,0
VM,0,0,2,280.0,2,3000,0,0,0,0,0,0

APPTR,I18LY,18L,AKMER
IF,AKMER,-31.425167,115.984833, ,0.0,0.0,2,4000,0,0,0,0,1,0
CF,CI18L,-31.524208,115.996975,0,IPE,355.0,9.8,175.0,6.0,2,2100,0,0,0,0,0,0

APPTR,I18LY,18L,GUNOK
IF,GUNOK,-31.554667,116.124333, ,0.0,0.0,2,3000,0,0,0,0,1,0
AF,D008I,-31.524736,116.038775,1,PEA,8.0,9.0,39.0,2,2100,0,0,0,0,0,0
VI,0,IPE,0.0,205.0,0,0,0,0,0,0,0,0

APPTR,I18LY,18L,SAMLA
IF,SAMLA,-31.628667,115.849833, ,0.0,0.0,2,3000,0,0,0,0,1,0
AF,D341I,-31.532614,115.957469,2,PEA,341.0,9.0,289.0,2,2100,0,0,0,0,0,0
VI,0,IPE,0.0,145.0,0,0,0,0,0,0,0,0

FINAL,I18LY,18L,I,3
IF,CI18L,-31.524208,115.996975,IPE,355.0,9.8,2,2100,0,0,0,0,0,0
CF,FI18L,-31.572381,116.002892,0,IPE,355.0,6.9,175.0,2.9,1,1800,0,0,0,0,2,0
CF,RW18L,-31.657600,116.013083,0,IPE,354.5,1.8,175.0,5.1,1,169,0,0,0,0,3,0
CA,0,175.0,2,1500,0,0,0,0,0,0
VM,0,0,0,260.0,2,3000,0,0,0,0,0,0

APPTR,I18LZ,18L,D355K
IF,D355K,-31.491664,115.991019, ,0.0,0.0,2,2400,0,0,0,0,1,0
CF,CI1LZ,-31.541453,115.997628,0,IPE,354.5,8.8,175.0,3.0,2,2400,0,0,0,0,0,0

APPTR,I18LZ,18L,PEA
IF,PEA,-31.654389,116.018917, ,0.0,0.0,2,3500,0,0,0,0,1,0
CF,CI1LZ,-31.541453,115.997628,0,PH,6.7,24.2,355.0,6.9,2,2400,0,0,0,0,0,0
FC,CI1LZ,-31.541453,115.997628,0,PH,0.0,0.0,310.0,4.3,2,2400,0,0,0,0,0,1
CF,CI1LZ,-31.541453,115.997628,2,IPE,354.5,8.8,175.0,4.5,2,2400,0,0,0,0,0,0

FINAL,I18LZ,18L,I,3
IF,CI1LZ,-31.541453,115.997628,IPE,354.5,8.8,2,2400,0,0,0,0,0,0
CF,OM18L,-31.577583,116.002028,0,IPE,354.3,6.6,175.0,2.2,1,1800,0,0,0,0,2,0
CF,RW18L,-31.657600,116.013083,0,IPE,354.5,1.8,175.0,4.8,1,163,0,0,0,0,3,0
CA,0,175.0,2,1500,0,0,0,0,0,0
VM,0,0,2,280.0,2,2700,0,0,0,0,0,0

APPTR,I36RY,36R,RUSOM
IF,RUSOM,-31.697500,115.882833, ,0.0,0.0,2,3000,0,0,0,0,1,0
AF,D193G,-31.788247,115.989039,1,PEA,193.0,7.0,260.0,2,1500,0,0,0,0,0,0
VI,0,IPC,0.0,25.0,0,0,0,1,190,0,0,0

FINAL,I36RY,36R,I,3
IF,CI3RY,-31.790233,116.030756,IPC,174.5,8.2,2,1500,0,0,0,0,0,0
CF,FI3RY,-31.753725,116.025886,0,IPC,174.5,6.0,355.0,2.2,1,1500,0,0,0,0,2,0
CF,RW36R,-31.684253,116.016633,0,IPC,174.5,1.8,355.0,4.2,1,170,0,0,0,0,3,0
CA,0,355.0,2,1500,0,0,0,0,0,0
VM,0,0,0,290.0,2,3000,0,0,0,0,0,0

APPTR,I36RZ,36R,MUGOB
IF,MUGOB,-31.704333,115.844667, ,0.0,0.0,2,3000,0,0,0,0,1,0
AF,D188I,-31.823089,115.996042,1,PEA,188.0,9.0,260.0,2,2000,0,0,0,0,0,0
VI,0,IPC,0.0,25.0,0,0,0,1,210,0,0,0

FINAL,I36RZ,36R,I,3
IF,CF3RZ,-31.823422,116.035183,IPC,174.5,10.2,2,2000,0,0,0,0,0,0
CF,FI3RZ,-31.769158,116.027944,0,IPC,174.5,6.9,355.0,3.3,1,1800,0,0,0,0,2,0
CF,RW36R,-31.684253,116.016633,0,IPC,174.5,1.8,355.0,5.1,1,170,0,0,0,0,3,0
CA,0,355.0,2,1500,0,0,0,0,0,0
VM,0,0,0,290.0,2,3000,0,0,0,0,0,0

APPTR,L36RZ,36R,MUGOB
IF,MUGOB,-31.704333,115.844667, ,0.0,0.0,2,3000,0,0,0,0,1,0
AF,D188I,-31.823089,115.996042,1,PEA,188.0,9.0,260.0,2,2000,0,0,0,0,0,0
VI,0,IPC,0.0,25.0,0,0,0,1,210,0,0,0

FINAL,L36RZ,36R,D,4
IF,CF3RZ,-31.823422,116.035183,IPC,174.5,10.2,2,2000,0,0,0,0,0,0
CF,FI3RZ,-31.769158,116.027944,0,IPC,174.5,6.9,355.0,3.3,2,1800,0,0,0,0,2,0
CF,20LOC,-31.713886,116.020569,0,IPC,174.5,3.6,355.0,3.3,2,740,0,0,0,0,0,0
CF,MA3RZ,-31.690486,116.017461,0,IPC,174.5,2.2,355.0,1.4,1,290,0,0,0,0,3,0
CA,0,355.0,2,1500,0,0,0,0,0,0
VM,0,0,0,290.0,2,3000,0,0,0,0,0,0

APPTR,N05-A,05,PEA
IF,PEA,-31.654389,116.018917, ,0.0,0.0,2,3000,0,0,0,0,1,0
FC,PEA,-31.654389,116.018917,0,PH,0.0,0.0,23.0,8.8,0,0,0,0,0,0,0,1
CF,FF180,-31.560261,116.016967,1,PH,9.3,23.2,180.0,3.5,2,2200,0,0,0,0,0,0

FINAL,N05-A,05,N,2
IF,FF180,-31.560261,116.016967,PEA,0.0,0.0,2,2200,0,0,0,0,2,0
CF,PEA,-31.654389,116.018917,0,PEA,0.0,0.0,180.0,5.6,1,1230,0,0,0,0,3,0
FM,PEA,-31.654389,116.018917,0,PH,0.0,0.0,260.0,2,3000,0,0,0,0,0,0

APPTR,N18LA,18L,PEA
IF,PEA,-31.654389,116.018917, ,0.0,0.0,2,3000,0,0,0,0,1,0
FC,PEA,-31.654389,116.018917,0,PH,0.0,0.0,23.0,8.8,0,0,0,0,0,0,0,1
CF,FF180,-31.560261,116.016967,1,PH,9.3,23.2,180.0,3.5,2,2200,0,0,0,0,0,0

FINAL,N18LA,18L,N,2
IF,FF180,-31.560261,116.016967,PEA,0.0,0.0,2,2200,0,0,0,0,2,0
CF,PEA,-31.654389,116.018917,0,PEA,0.0,0.0,180.0,5.6,1,1230,0,0,0,0,3,0
FM,PEA,-31.654389,116.018917,0,PH,0.0,0.0,260.0,2,3000,0,0,0,0,0,0

APPTR,N18RA,18R,PEA
IF,PEA,-31.654389,116.018917, ,0.0,0.0,2,3000,0,0,0,0,1,0
FC,PEA,-31.654389,116.018917,0,PH,0.0,0.0,23.0,8.8,0,0,0,0,0,0,0,1
CF,FF180,-31.560261,116.016967,1,PH,9.3,23.2,180.0,3.5,2,2200,0,0,0,0,0,0

FINAL,N18RA,18R,N,2
IF,FF180,-31.560261,116.016967,PEA,0.0,0.0,2,2200,0,0,0,0,2,0
CF,PEA,-31.654389,116.018917,0,PEA,0.0,0.0,180.0,5.6,1,1230,0,0,0,0,3,0
FM,PEA,-31.654389,116.018917,0,PH,0.0,0.0,260.0,2,3000,0,0,0,0,0,0

APPTR,N23-A,23,PEA
IF,PEA,-31.654389,116.018917, ,0.0,0.0,2,3000,0,0,0,0,1,0
FC,PEA,-31.654389,116.018917,0,PH,0.0,0.0,23.0,8.8,0,0,0,0,0,0,0,1
CF,FF180,-31.560261,116.016967,1,PH,9.3,23.2,180.0,3.5,2,2200,0,0,0,0,0,0

FINAL,N23-A,23,N,2
IF,FF180,-31.560261,116.016967,PEA,0.0,0.0,2,2200,0,0,0,0,2,0
CF,PEA,-31.654389,116.018917,0,PEA,0.0,0.0,180.0,5.6,1,1230,0,0,0,0,3,0
FM,PEA,-31.654389,116.018917,0,PH,0.0,0.0,260.0,2,3000,0,0,0,0,0,0

APPTR,N36LA,36L,PEA
IF,PEA,-31.654389,116.018917, ,0.0,0.0,2,3000,0,0,0,0,1,0
FC,PEA,-31.654389,116.018917,0,PH,0.0,0.0,23.0,8.8,0,0,0,0,0,0,0,1
CF,FF180,-31.560261,116.016967,1,PH,9.3,23.2,180.0,3.5,2,2200,0,0,0,0,0,0

FINAL,N36LA,36L,N,2
IF,FF180,-31.560261,116.016967,PEA,0.0,0.0,2,2200,0,0,0,0,2,0
CF,PEA,-31.654389,116.018917,0,PEA,0.0,0.0,180.0,5.6,1,1230,0,0,0,0,3,0
FM,PEA,-31.654389,116.018917,0,PH,0.0,0.0,260.0,2,3000,0,0,0,0,0,0

APPTR,N36RA,36R,PEA
IF,PEA,-31.654389,116.018917, ,0.0,0.0,2,3000,0,0,0,0,1,0
FC,PEA,-31.654389,116.018917,0,PH,0.0,0.0,23.0,8.8,0,0,0,0,0,0,0,1
CF,FF180,-31.560261,116.016967,1,PH,9.3,23.2,180.0,3.5,2,2200,0,0,0,0,0,0

FINAL,N36RA,36R,N,2
IF,FF180,-31.560261,116.016967,PEA,0.0,0.0,2,2200,0,0,0,0,2,0
CF,PEA,-31.654389,116.018917,0,PEA,0.0,0.0,180.0,5.6,1,1230,0,0,0,0,3,0
FM,PEA,-31.654389,116.018917,0,PH,0.0,0.0,260.0,2,3000,0,0,0,0,0,0

APPTR,R05,05,PEAWJ
IF,PEAWJ,-31.693136,115.791275, ,0.0,0.0,2,2800,0,1,210,0,1,0
TF,PEAWI,-31.751617,115.861025,0, ,0.0,0.0,0.0,0.0,2,2800,0,0,0,0,1,0

APPTR,R05,05,PEAWK
IF,PEAWK,-31.787631,115.772828, ,0.0,0.0,2,2800,0,1,210,0,1,0
TF,PEAWI,-31.751617,115.861025,0, ,0.0,0.0,0.0,0.0,2,2800,0,0,0,0,1,0

FINAL,R05,05,R,3
IF,PEAWI,-31.751617,115.861025, ,0.0,0.0,2,2800,0,0,0,0,0,0
TF,PEAWF,-31.715675,115.949225,0, ,0.0,0.0,66.0,5.0,2,1440,0,0,0,0,2,0
TF,PEAWM,-31.672325,116.008683,0, ,0.0,0.0,51.0,4.0,1,164,0,0,0,0,3,1
CA,0,46.0,2,3000,0,0,0,0,0,0

APPTR,R18L,18L,PZAND
IF,PZAND,-31.493508,115.899094, ,0.0,0.0,2,2800,0,1,210,0,1,0
TF,PZANI,-31.513050,115.993861,0, ,0.0,0.0,0.0,0.0,2,2800,0,0,0,0,1,0

APPTR,R18L,18L,PZANE
IF,PZANE,-31.430069,115.982847, ,0.0,0.0,2,2800,0,1,210,0,1,0
TF,PZANI,-31.513050,115.993861,0, ,0.0,0.0,0.0,0.0,2,2800,0,0,0,0,1,0

APPTR,R18L,18L,PZANG
IF,PZANG,-31.475764,116.081075, ,0.0,0.0,2,2800,0,1,210,0,1,0
TF,PZANI,-31.513050,115.993861,0, ,0.0,0.0,0.0,0.0,2,2800,0,0,0,0,1,0

FINAL,R18L,18L,R,3
IF,PZANI,-31.513050,115.993861, ,0.0,0.0,2,2800,0,0,0,0,0,0
TF,PZANF,-31.596028,116.004886,0, ,0.0,0.0,175.0,5.0,2,1440,0,0,0,0,2,0
TF,PZANM,-31.650806,116.012167,0, ,0.0,0.0,175.0,3.3,1,389,0,0,0,0,3,1
CA,0,175.0,2,1500,0,0,0,0,0,0
VM,0,0,0,260.0,2,3000,0,1,210,0,0,0

APPTR,R23,23,PEAEL
IF,PEAEL,-31.494242,116.111431, ,0.0,0.0,2,2800,0,1,210,0,1,0
TF,PEAEI,-31.554633,116.144792,0, ,0.0,0.0,0.0,0.0,2,2800,0,0,0,0,1,0

APPTR,R23,23,PEAEN
IF,PEAEN,-31.507106,116.199614, ,0.0,0.0,2,2800,0,1,210,0,1,0
TF,PEAEI,-31.554633,116.144792,0, ,0.0,0.0,0.0,0.0,2,2800,0,0,0,0,1,0

APPTR,R23,23,PEAEO
IF,PEAEO,-31.582497,116.215717, ,0.0,0.0,2,2800,0,1,210,0,1,0
TF,PEAEI,-31.554633,116.144792,0, ,0.0,0.0,0.0,0.0,2,2800,0,0,0,0,1,0

FINAL,R23,23,R,3
IF,PEAEI,-31.554633,116.144792, ,0.0,0.0,2,2800,0,0,0,0,0,0
TF,PEAEF,-31.602139,116.089917,0, ,0.0,0.0,226.0,4.0,2,1850,0,0,0,0,2,0
TF,PEAEM,-31.661486,116.021242,0, ,0.0,0.0,226.0,5.0,1,200,0,0,0,0,3,1
DF,PEAEH,-31.708936,115.966239,0, ,0.0,0.0,0,0,0,0,0,0,0,1
VM,0,0,0,260.0,2,3000,0,0,0,0,0,0

APPTR,R36R,36R,PEASA
IF,PEASA,-31.916581,116.047756, ,0.0,0.0,2,2800,0,1,210,0,1,0
TF,PEASI,-31.833617,116.036589,0, ,0.0,0.0,0.0,0.0,2,2800,0,0,0,0,1,0

FINAL,R36R,36R,R,3
IF,PEASI,-31.833617,116.036589, ,0.0,0.0,2,2800,0,0,0,0,0,0
TF,PEASF,-31.750647,116.025478,0, ,0.0,0.0,355.0,5.0,2,1450,0,0,0,0,2,0
TF,PEASM,-31.684267,116.016622,0, ,0.0,0.0,355.0,4.0,1,180,0,0,0,0,3,1
TF,PEASH,-31.634481,116.010000,0, ,0.0,0.0,0.0,0.0,0,0,0,0,0,0,0,1
VM,0,0,0,290.0,2,3000,0,0,0,0,0,0

APPTR,T05,05,SAMLA
IF,SAMLA,-31.628667,115.849833, ,0.0,0.0,2,3000,0,0,0,0,1,0
AF,CF05,-31.739742,115.859289,1,PEA,245.0,9.0,289.0,2,2920,0,0,0,0,1,0

FINAL,T05,05,D,3
IF,CF05,-31.739742,115.859289,PEA,245.0,9.0,2,2920,0,0,0,0,0,0
CF,FF05,-31.705406,115.941881,0,PEA,245.0,4.3,65.0,4.7,2,1430,0,0,0,0,2,0
CF,MA05,-31.683458,115.994564,0,PEA,245.0,1.3,65.0,3.0,1,470,0,0,0,0,3,1
DF,PEA,-31.673889,116.017500,0, ,0.0,0.0,0,0,0,0,0,0,0,0
FM,PEA,-31.673889,116.017500,0,PEA,0.0,0.0,40.0,2,3000,0,0,0,0,0,0

APPTR,T18LY,18L,GUNOK
IF,GUNOK,-31.554667,116.124333, ,0.0,0.0,2,3000,0,0,0,0,1,0
AF,CF18L,-31.525842,115.987025,1,PEA,351.0,9.0,39.0,2,2100,0,0,0,0,0,0

APPTR,T18LY,18L,SABTO
IF,SABTO,-31.427333,115.966667, ,0.0,0.0,2,4000,0,0,0,0,1,0
TF,CF18L,-31.525842,115.987025,0, ,0.0,0.0,0.0,0.0,2,2100,0,0,0,0,0,0

APPTR,T18LY,18L,SAMLA
IF,SAMLA,-31.628667,115.849833, ,0.0,0.0,2,3000,0,0,0,0,1,0
AF,CF18L,-31.525842,115.987025,2,PEA,351.0,9.0,289.0,2,2100,0,0,0,0,0,0

FINAL,T18LY,18L,D,5
IF,CF18L,-31.525842,115.987025,PEA,351.0,9.0,2,2100,0,0,0,0,0,0
CF,50TAC,-31.591642,116.000556,0,PEA,351.0,5.0,171.0,4.0,2,1530,0,0,0,0,0,0
CF,FF18L,-31.608092,116.003942,0,PEA,351.0,4.0,171.0,1.0,2,1210,0,0,0,0,2,0
CF,25TAC,-31.632764,116.009025,0,PEA,351.0,2.5,171.0,1.5,2,740,0,0,0,0,0,0
CF,MA18L,-31.657439,116.014108,0,PEA,351.0,1.0,171.0,1.5,1,259,0,0,0,0,3,1
DF,PEA,-31.673889,116.017500,0, ,0.0,0.0,0,0,0,0,0,0,0,0
FA,PEA,-31.673889,116.017500,0,PEA,0.0,0.0,171.0,2,1500,0,0,0,0,0,0
VM,0,0,0,260.0,2,3000,0,0,0,0,0,0

APPTR,T18LZ,18L,GUNOK
IF,GUNOK,-31.554667,116.124333, ,0.0,0.0,2,3000,0,0,0,0,1,0
AF,CF18L,-31.525842,115.987025,1,PEA,351.0,9.0,39.0,2,2100,0,0,0,0,0,0

APPTR,T18LZ,18L,SABTO
IF,SABTO,-31.427333,115.966667, ,0.0,0.0,2,4000,0,0,0,0,1,0
TF,CF18L,-31.525842,115.987025,0, ,0.0,0.0,0.0,0.0,2,2100,0,0,0,0,0,0

APPTR,T18LZ,18L,SAMLA
IF,SAMLA,-31.628667,115.849833, ,0.0,0.0,2,3000,0,0,0,0,1,0
AF,CF18L,-31.525842,115.987025,2,PEA,351.0,9.0,289.0,2,2100,0,0,0,0,0,0

FINAL,T18LZ,18L,D,5
IF,CF18L,-31.525842,115.987025,PEA,351.0,9.0,2,2100,0,0,0,0,0,0
CF,50TAC,-31.591642,116.000556,0,PEA,351.0,5.0,171.0,4.0,2,1530,0,0,0,0,0,0
CF,FF18L,-31.608092,116.003942,0,PEA,351.0,4.0,171.0,1.0,2,1210,0,0,0,0,2,0
CF,25TAC,-31.632764,116.009025,0,PEA,351.0,2.5,171.0,1.5,2,740,0,0,0,0,0,0
CF,MA18L,-31.657439,116.014108,0,PEA,351.0,1.0,171.0,1.5,1,259,0,0,0,0,3,1
DF,PEA,-31.673889,116.017500,0, ,0.0,0.0,0,0,0,0,0,0,0,0
FA,PEA,-31.673889,116.017500,0,PEA,0.0,0.0,171.0,2,1500,0,0,0,0,0,0
VM,0,0,2,280.0,2,3000,0,0,0,0,0,0

APPTR,T23,23,D360I
IF,D360I,-31.523833,116.009667, ,0.0,0.0,2,3000,0,0,0,0,1,0
AF,CF23,-31.553844,116.123036,2,PEA,38.0,9.0,360.0,2,2100,0,0,0,0,0,0

FINAL,T23,23,D,4
IF,CF23,-31.553844,116.123036,PEA,38.0,9.0,2,2100,0,0,0,0,0,0
CF,FF23,-31.620578,116.064375,0,PEA,38.0,4.0,218.0,5.0,2,1600,0,0,0,0,2,0
CF,20TAC,-31.647261,116.040889,0,PEA,37.9,2.0,218.0,2.0,2,1100,0,0,0,0,0,0
CF,MA23,-31.660603,116.029139,0,PEA,37.8,1.0,218.0,1.0,1,412,0,0,0,0,3,1
DF,PEA,-31.673889,116.017500,0, ,0.0,0.0,0,0,0,0,0,0,0,0
FA,PEA,-31.673889,116.017500,0,PEA,0.0,0.0,218.0,2,1500,0,0,0,0,0,0
CA,0,260.0,2,4000,0,0,0,0,0,0

APPTR,T36RY,36R,GUNOK
IF,GUNOK,-31.554667,116.124333, ,0.0,0.0,2,4000,0,0,0,0,1,0
TF,PEA,-31.673889,116.017500,0, ,0.0,0.0,0.0,0.0,2,4000,0,0,0,0,0,0
TF,RUSOM,-31.697500,115.882833,0, ,0.0,0.0,0.0,0.0,2,3000,0,0,0,0,0,0
AF,D180G,-31.790844,116.019778,1,PEA,180.1,7.0,260.0,2,2530,0,0,0,0,0,0
TF,CT3RY,-31.774144,116.019436,0, ,0.0,0.0,0.0,0.0,2,2160,0,0,0,0,0,0

APPTR,T36RY,36R,RUSOM
IF,RUSOM,-31.697500,115.882833, ,0.0,0.0,2,3000,0,0,0,0,1,0
AF,D180G,-31.790844,116.019778,1,PEA,180.1,7.0,260.0,2,2530,0,0,0,0,0,0
TF,CT3RY,-31.774144,116.019436,0, ,0.0,0.0,0.0,0.0,2,2160,0,0,0,0,0,0

FINAL,T36RY,36R,D,3
IF,CT3RY,-31.774144,116.019436,PEA,180.1,6.0,2,2160,0,0,0,0,0,0
CF,FF36R,-31.740744,116.018753,0,PEA,180.1,4.0,360.0,2.0,2,1420,0,0,0,0,2,0
CF,MA36R,-31.690644,116.017728,0,PEA,180.3,1.0,360.0,3.0,1,304,0,0,0,0,3,1
DF,PEA,-31.673889,116.017500,0, ,0.0,0.0,0,0,0,0,0,0,0,0
FA,PEA,-31.673889,116.017500,0,PEA,0.0,0.0,360.0,2,1500,0,0,0,0,0,0
CA,0,290.0,2,3000,0,0,0,0,0,0

APPTR,T36RZ,36R,MUGOB
IF,MUGOB,-31.704333,115.844667, ,0.0,0.0,2,3000,0,0,0,0,1,0
AF,CT3RZ,-31.824242,116.020461,1,PEA,180.0,9.0,260.0,2,2830,0,0,0,0,1,0

FINAL,T36RZ,36R,D,4
IF,CT3RZ,-31.824242,116.020461,PEA,180.0,9.0,2,2830,0,0,0,0,0,0
CF,60TAC,-31.774144,116.019436,0,PEA,180.1,6.0,360.0,3.0,2,1880,0,0,0,0,0,0
CF,FF36R,-31.740744,116.018753,0,PEA,180.1,4.0,360.0,2.0,2,1240,0,0,0,0,2,0
CF,MA36R,-31.690644,116.017728,0,PEA,180.3,1.0,360.0,3.0,1,284,0,0,0,0,3,1
DF,PEA,-31.673889,116.017500,0, ,0.0,0.0,0,0,0,0,0,0,0,0
FA,PEA,-31.673889,116.017500,0,PEA,0.0,0.0,360.0,2,1500,0,0,0,0,0,0
CA,0,290.0,2,3000,0,0,0,0,0,0

