APPTR,R18,18,PN2NA
IF,PN2NA,-29.500028,135.475694, ,0.0,0.0,2,2400,0,1,210,0,1,0
TF,PN2NI,-29.541472,135.558639,0, ,0.0,0.0,0.0,0.0,2,2400,0,0,0,0,1,0

APPTR,R18,18,PN2NC
IF,PN2NC,-29.459111,135.574750, ,0.0,0.0,2,2400,0,1,210,0,1,0
TF,PN2NI,-29.541472,135.558639,0, ,0.0,0.0,0.0,0.0,2,2400,0,0,0,0,1,0

APPTR,R18,18,PN2ND
IF,PN2ND,-29.526528,135.652611, ,0.0,0.0,2,2400,0,1,210,0,1,0
TF,PN2NI,-29.541472,135.558639,0, ,0.0,0.0,0.0,0.0,2,2400,0,0,0,0,1,0

FINAL,R18,18,R,3
IF,PN2NI,-29.541472,135.558639, ,0.0,0.0,2,2400,0,0,0,0,0,0
TF,PN2NF,-29.623806,135.542472,0, ,0.0,0.0,184.0,5.0,2,2370,0,0,0,0,2,0
TF,RW18,-29.706139,135.526308,0, ,0.0,0.0,184.0,5.0,1,776,0,0,0,0,3,1
DF,PN2NH,-29.755556,135.516583,0, ,0.0,0.0,0,0,0,0,0,0,0,0
CA,0,184.0,2,2100,0,0,0,0,0,0

APPTR,R36,36,PN2SE
IF,PN2SE,-29.931806,135.573306, ,0.0,0.0,2,2400,0,1,210,0,1,0
TF,PN2SI,-29.890389,135.490028,0, ,0.0,0.0,0.0,0.0,2,2400,0,0,0,0,1,0

APPTR,R36,36,PN2SG
IF,PN2SG,-29.972694,135.473778, ,0.0,0.0,2,2400,0,1,210,0,1,0
TF,PN2SI,-29.890389,135.490028,0, ,0.0,0.0,0.0,0.0,2,2400,0,0,0,0,1,0

APPTR,R36,36,PN2SJ
IF,PN2SJ,-29.905194,135.395667, ,0.0,0.0,2,2400,0,1,210,0,1,0
TF,PN2SI,-29.890389,135.490028,0, ,0.0,0.0,0.0,0.0,2,2400,0,0,0,0,1,0

FINAL,R36,36,R,3
IF,PN2SI,-29.890389,135.490028, ,0.0,0.0,2,2400,0,0,0,0,0,0
TF,PN2SF,-29.808056,135.506250,0, ,0.0,0.0,4.0,5.0,2,2380,0,0,0,0,2,0
TF,RW36,-29.725708,135.522461,0, ,0.0,0.0,4.0,5.0,1,783,0,0,0,0,3,1
DF,PN2SH,-29.676306,135.532167,0, ,0.0,0.0,0,0,0,0,0,0,0,0
CA,0,4.0,2,2100,0,0,0,0,0,0

