APPTR,D14-Z,14,D053H
IF,D053H,-20.299769,118.737481, ,0.0,0.0,0,0,0,0,0,0,0,0
AF,D005H,-20.245372,118.637544,1,PD,5.0,8.0,53.0,2,1800,0,1,210,0,1,0
AF,D319H,-20.275928,118.531553,1,PD,319.0,8.0,5.0,2,1800,0,0,0,0,0,0
CF,FD14Z,-20.314386,118.565728,0,PD,319.0,5.0,139.0,3.0,2,1590,0,0,0,0,0,0

APPTR,D14-Z,14,D247H
IF,D247H,-20.428556,118.491089, ,0.0,0.0,0,0,0,0,0,0,0,0
AF,D273H,-20.369078,118.481150,2,PD,273.0,8.0,247.0,2,1800,0,1,210,0,1,0
AF,D319H,-20.275928,118.531553,2,PD,319.0,8.0,273.0,2,1800,0,0,0,0,0,0
CF,FD14Z,-20.314386,118.565728,0,PD,319.0,5.0,139.0,3.0,2,1590,0,0,0,0,0,0

APPTR,D14-Z,14,D319H
IF,D319H,-20.275928,118.531553, ,0.0,0.0,2,1800,0,1,210,0,1,0
TF,FD14Z,-20.314386,118.565728,0, ,0.0,0.0,0.0,0.0,2,1590,0,0,0,0,0,0

FINAL,D14-Z,14,D,3
IF,FD14Z,-20.314386,118.565728,PD,319.0,5.0,2,1590,0,0,0,0,2,0
CF,30VOR,-20.340022,118.588519,0,PD,319.0,3.0,139.0,2.0,2,950,0,0,0,0,0,0
CF,RW14,-20.374086,118.621600,0,PD,345.4,0.3,139.0,2.8,1,73,0,0,0,0,3,0
CF,PD,-20.378472,118.622722,0,PD,0.0,0.0,139.0,0.3,0,0,0,0,0,0,0,1
CA,0,139.0,2,1800,0,0,0,0,0,0

APPTR,D32,32,D053H
IF,D053H,-20.299769,118.737481, ,0.0,0.0,0,0,0,0,0,0,0,0
AF,D106H,-20.417547,118.758478,2,PD,106.0,8.0,53.0,2,1800,0,1,210,0,1,0
AF,D133H,-20.471406,118.724875,2,PD,133.0,8.0,106.0,2,1800,0,0,0,0,0,0
CF,FD32,-20.448178,118.699325,0,PD,133.0,6.0,313.0,2.0,2,1640,0,0,0,0,0,0

APPTR,D32,32,D133H
IF,D133H,-20.471406,118.724875, ,0.0,0.0,2,1800,0,1,210,0,1,0
TF,FD32,-20.448178,118.699325,0, ,0.0,0.0,0.0,0.0,2,1640,0,0,0,0,0,0

APPTR,D32,32,D258H
IF,D258H,-20.403950,118.483381, ,0.0,0.0,0,0,0,0,0,0,0,0
AF,D159H,-20.504222,118.671300,1,PD,159.0,8.0,258.0,2,1800,0,1,210,0,1,0
AF,D133H,-20.471406,118.724875,1,PD,133.0,8.0,159.0,2,1800,0,0,0,0,0,0
CF,FD32,-20.448178,118.699325,0,PD,133.0,6.0,313.0,2.0,2,1640,0,0,0,0,0,0

APPTR,D32,32,PD1
IF,PD,-20.378472,118.622722, ,0.0,0.0,2,1800,0,1,210,0,1,0
FD,PD,-20.378472,118.622722,0,PD,0.0,6.0,162.0,6.0,0,0,0,0,0,0,0,0
CF,FD32,-20.448178,118.699325,1,PD,133.0,6.0,313.0,1.0,2,1640,0,0,0,0,0,0

APPTR,D32,32,PD2
IF,PD,-20.378472,118.622722, ,0.0,0.0,2,1800,0,1,210,0,1,0
FD,PD,-20.378472,118.622722,0,PD,0.0,6.0,148.0,6.0,0,0,0,0,0,0,0,0
CF,FD32,-20.448178,118.699325,1,PD,133.0,6.0,313.0,1.0,2,1640,0,0,0,0,0,0

FINAL,D32,32,D,3
IF,FD32,-20.448178,118.699325,PD,133.0,6.0,2,1640,0,0,0,0,2,0
CF,30VO2,-20.413328,118.661014,0,PD,133.0,3.0,313.0,3.0,2,680,0,0,0,0,0,0
CF,RW32,-20.390717,118.637800,0,PD,129.7,1.1,313.0,1.9,1,83,0,0,0,0,3,0
CF,PD,-20.378472,118.622722,0,PD,0.0,0.0,313.0,1.1,0,0,0,0,0,0,0,1
CA,0,313.0,2,1800,0,0,0,0,0,0

APPTR,N14,14,PD1
IF,PD,-20.387833,118.643778, ,0.0,0.0,2,1800,0,1,210,0,1,0
FC,PD,-20.387833,118.643778,0,PD,0.0,0.0,333.0,7.0,0,0,0,0,0,0,0,1
CF,FN14,-20.325861,118.568219,1,PD,314.7,4.4,130.0,2.0,2,1400,0,0,0,0,0,0

APPTR,N14,14,PD2
IF,PD,-20.387833,118.643778, ,0.0,0.0,2,1800,0,1,210,0,1,0
FC,PD,-20.387833,118.643778,0,PD,0.0,0.0,322.0,7.0,0,0,0,0,0,0,0,1
CF,FN14,-20.325861,118.568219,1,PD,314.7,4.4,130.0,2.0,2,1400,0,0,0,0,0,0

FINAL,N14,14,N,2
IF,FN14,-20.325861,118.568219,PD,0.0,0.0,2,1400,0,0,0,0,2,0
CF,RW14,-20.374086,118.621600,0,PD,0.0,0.0,130.0,4.2,1,73,0,0,0,0,3,0
CF,PD,-20.387833,118.643778,0,PD,114.3,1.3,130.0,1.5,0,0,0,0,0,0,0,1
CA,0,130.0,2,1800,0,0,0,0,0,0

APPTR,R14,14,PPDND
IF,PPDND,-20.279611,118.416583, ,0.0,0.0,2,3000,0,1,210,0,1,0
TF,PPDNI,-20.247528,118.498444,0, ,0.0,0.0,0.0,0.0,2,3000,0,0,0,0,1,0

APPTR,R14,14,PPDNE
IF,PPDNE,-20.185917,118.438500, ,0.0,0.0,2,3000,0,1,210,0,1,0
TF,PPDNI,-20.247528,118.498444,0, ,0.0,0.0,0.0,0.0,2,3000,0,0,0,0,1,0

APPTR,R14,14,PPDNG
IF,PPDNG,-20.173278,118.539250, ,0.0,0.0,2,3000,0,1,210,0,1,0
TF,PPDNI,-20.247528,118.498444,0, ,0.0,0.0,0.0,0.0,2,3000,0,0,0,0,1,0

FINAL,R14,14,R,3
IF,PPDNI,-20.247528,118.498444, ,0.0,0.0,2,3000,0,0,0,0,0,0
TF,PPDNF,-20.309139,118.558389,0, ,0.0,0.0,136.0,5.0,2,1750,0,0,0,0,2,0
TF,RW14,-20.374086,118.621600,0, ,0.0,0.0,136.0,5.3,1,73,0,0,0,0,3,1
DF,PPDNH,-20.407722,118.654361,0, ,0.0,0.0,0,0,0,0,0,0,0,0
CA,0,136.0,2,1800,0,0,0,0,0,0

APPTR,R14-U,14,PD922
IF,PD922,-20.880267,118.618742, ,0.0,0.0,2,4900,0,0,0,0,1,0
RF,PD916,-20.807911,118.605608,1,RPD10,338.5,12.5,1,4900,0,0,0,0,0,0
TF,PD906,-20.523389,118.497000,0, ,0.0,0.0,0.0,0.0,1,4900,0,1,210,0,0,0
TF,PD904,-20.380303,118.442553,0, ,0.0,0.0,0.0,0.0,1,4900,0,0,0,0,0,0
RF,PD900,-20.312475,118.561619,2,RPD11,189.8,4.0,1,1600,0,0,0,0,1,0

APPTR,R14-U,14,PD928
IF,PD928,-20.634194,118.490583, ,0.0,0.0,2,4900,0,0,0,0,1,0
RF,PD906,-20.523389,118.497000,0,RPD99,338.5,8.5,1,4900,0,1,210,0,0,0
TF,PD904,-20.380303,118.442553,0, ,0.0,0.0,0.0,0.0,1,4900,0,0,0,0,0,0
RF,PD900,-20.312475,118.561619,2,RPD11,132.8,4.0,1,1600,0,0,0,0,1,0

APPTR,R14-U,14,PD946
IF,PD946,-20.630500,118.905758, ,0.0,0.0,2,4900,0,0,0,0,1,0
RF,PD942,-20.572392,118.859775,2,RPD16,331.6,12.5,1,4900,0,0,0,0,0,0
TF,PD938,-20.244778,118.685325,0, ,0.0,0.0,0.0,0.0,1,4900,0,1,210,0,0,0
RF,PD930,-20.207119,118.645047,1,RPD15,214.8,5.0,1,4900,0,0,0,0,0,0
RF,PD900,-20.312475,118.561619,1,RPD12,67.0,4.0,1,1600,0,0,0,0,1,0

APPTR,R14-U,14,PD954
IF,PD954,-20.186433,118.906897, ,0.0,0.0,2,4900,0,0,0,0,1,0
RF,PD940,-20.230894,118.779008,2,RPD13,278.9,14.5,1,4900,0,1,210,0,0,0
RF,PD930,-20.207119,118.645047,2,RPD13,214.8,14.5,1,4900,0,0,0,0,0,0
RF,PD900,-20.312475,118.561619,1,RPD12,79.0,4.0,1,1600,0,0,0,0,1,0

APPTR,R14-U,14,PD958
IF,PD958,-20.262500,118.891147, ,0.0,0.0,2,4900,0,0,0,0,1,0
RF,PD934,-20.261019,118.761778,2,RPD14,294.4,8.6,1,4900,0,1,210,0,0,0
TF,PD930,-20.207119,118.645047,0, ,0.0,0.0,0.0,0.0,1,4900,0,0,0,0,0,0
RF,PD900,-20.312475,118.561619,1,RPD12,315.8,4.0,1,1600,0,0,0,0,1,0

APPTR,R14-U,14,PD970
IF,PD970,-20.289044,118.538853, ,0.0,0.0,1,2200,0,0,0,0,1,0
TF,PD900,-20.312475,118.561619,0, ,0.0,0.0,0.0,0.0,1,1600,0,0,0,0,1,0

FINAL,R14-U,14,R,2
IF,PD900,-20.312475,118.561619, ,0.0,0.0,1,1600,0,0,0,0,2,0
TF,RW14,-20.374086,118.621600,0, ,0.0,0.0,136.4,5.0,1,73,0,0,0,0,3,1
TF,PD982,-20.475706,118.720664,0, ,0.0,0.0,0.0,0.0,2,1800,0,0,0,0,0,0

APPTR,R32,32,PPDSA
IF,PPDSA,-20.485083,118.843111, ,0.0,0.0,2,1800,0,1,210,0,1,0
TF,PPDSI,-20.517222,118.761139,0, ,0.0,0.0,0.0,0.0,2,1800,0,0,0,0,1,0

APPTR,R32,32,PPDSB
IF,PPDSB,-20.578806,118.821222, ,0.0,0.0,2,1800,0,1,210,0,1,0
TF,PPDSI,-20.517222,118.761139,0, ,0.0,0.0,0.0,0.0,2,1800,0,0,0,0,1,0

APPTR,R32,32,PPDSC
IF,PPDSC,-20.591444,118.720222, ,0.0,0.0,2,1800,0,1,210,0,1,0
TF,PPDSI,-20.517222,118.761139,0, ,0.0,0.0,0.0,0.0,2,1800,0,0,0,0,1,0

FINAL,R32,32,R,3
IF,PPDSI,-20.517222,118.761139, ,0.0,0.0,2,1800,0,0,0,0,0,0
TF,PPDSF,-20.455639,118.701083,0, ,0.0,0.0,316.0,5.0,2,1760,0,0,0,0,2,0
TF,RW32,-20.390717,118.637800,0, ,0.0,0.0,316.0,5.3,1,83,0,0,0,0,3,1
DF,PPDSH,-20.357083,118.605028,0, ,0.0,0.0,0,0,0,0,0,0,0,0
CA,0,316.0,2,1800,0,0,0,0,0,0

APPTR,R32-U,32,PD922
IF,PD922,-20.880267,118.618742, ,0.0,0.0,2,3900,0,0,0,0,1,0
TF,PD918,-20.634964,118.620672,0, ,0.0,0.0,0.0,0.0,1,3900,0,0,0,0,0,0
RF,PD914,-20.558917,118.673972,2,RPD02,10.0,5.0,1,3900,0,1,210,0,0,0
RF,PD910,-20.452317,118.697833,1,RPD03,225.0,4.0,1,1600,0,0,0,0,1,0

APPTR,R32-U,32,PD928
IF,PD928,-20.634194,118.490583, ,0.0,0.0,2,3900,0,0,0,0,1,0
TF,PD914,-20.558917,118.673972,2, ,0.0,0.0,0.0,0.0,1,3900,0,1,210,0,0,0
RF,PD910,-20.452317,118.697833,1,RPD03,34.6,4.0,1,1600,0,0,0,0,1,0

APPTR,R32-U,32,PD954
IF,PD954,-20.186433,118.906897, ,0.0,0.0,2,4700,0,0,0,0,1,0
RF,PD952,-20.278186,118.831000,1,RPD06,183.4,12.4,1,4700,0,0,0,0,0,0
RF,PD950,-20.394100,118.819736,1,RPD06,241.1,12.3,1,4700,0,1,210,0,0,0
RF,PD910,-20.452317,118.697833,2,RPD04,41.9,4.0,1,1600,0,0,0,0,1,0

APPTR,R32-U,32,PD958
IF,PD958,-20.262500,118.891147, ,0.0,0.0,2,4700,0,0,0,0,1,0
RF,PD950,-20.394100,118.819736,1,RPD05,241.1,7.1,1,4700,0,1,210,0,0,0
RF,PD910,-20.452317,118.697833,2,RPD04,135.7,4.0,1,1600,0,0,0,0,1,0

APPTR,R32-U,32,PD982
IF,PD982,-20.475706,118.720664, ,0.0,0.0,1,2200,0,0,0,0,1,0
TF,PD910,-20.452317,118.697833,0, ,0.0,0.0,0.0,0.0,1,1600,0,0,0,0,1,0

FINAL,R32-U,32,R,2
IF,PD910,-20.452317,118.697833, ,0.0,0.0,1,1600,0,0,0,0,2,0
TF,RW32,-20.390717,118.637800,0, ,0.0,0.0,316.4,5.0,1,83,0,0,0,0,3,1
TF,PD970,-20.289044,118.538853,0, ,0.0,0.0,0.0,0.0,2,1800,0,0,0,0,0,0

APPTR,S14-Y,14,PD1
IF,PD,-20.378472,118.622722, ,0.0,0.0,2,1800,0,1,210,0,1,0
FC,PD,-20.378472,118.622722,0,PD,0.0,0.0,343.0,7.0,0,0,0,0,0,0,0,1
CF,FS14Y,-20.317961,118.568903,1,PD,319.0,4.7,139.0,3.0,2,1500,0,0,0,0,0,0

APPTR,S14-Y,14,PD2
IF,PD,-20.378472,118.622722, ,0.0,0.0,2,1800,0,1,210,0,1,0
FC,PD,-20.378472,118.622722,0,PD,0.0,0.0,332.0,7.0,0,0,0,0,0,0,0,1
CF,FS14Y,-20.317961,118.568903,1,PD,319.0,4.7,139.0,3.0,2,1500,0,0,0,0,0,0

FINAL,S14-Y,14,D,2
IF,FS14Y,-20.317961,118.568903,PD,319.0,4.7,2,1500,0,0,0,0,2,0
CF,RW14,-20.374086,118.621600,0,PD,345.4,0.3,139.0,4.5,1,73,0,0,0,0,3,0
CF,PD,-20.378472,118.622722,0,PD,0.0,0.0,139.0,0.3,0,0,0,0,0,0,0,1
CA,0,139.0,2,1800,0,0,0,0,0,0

