APPTR,N36,36,ROM1
IF,ROM,-26.543075,148.781689, ,0.0,0.0,2,3300,0,1,210,0,1,0
FC,ROM,-26.543075,148.781689,0,ROM,0.0,0.0,226.0,5.3,0,0,0,0,0,0,0,1
CF,FF36,-26.613756,148.748308,1,ROM,194.0,4.6,14.0,1.0,2,2300,0,0,0,0,0,0

APPTR,N36,36,ROM2
IF,ROM,-26.543075,148.781689, ,0.0,0.0,2,3300,0,1,210,0,1,0
FC,ROM,-26.543075,148.781689,0,ROM,0.0,0.0,212.0,5.3,0,0,0,0,0,0,0,1
CF,FF36,-26.613756,148.748308,1,ROM,194.0,4.6,14.0,1.0,2,2300,0,0,0,0,0,0

FINAL,N36,36,N,3
IF,FF36,-26.613756,148.748308,ROM,0.0,0.0,2,2300,0,0,0,0,2,0
CF,EP36,-26.552214,148.777372,0,ROM,0.0,0.0,14.0,4.0,1,1051,0,0,0,0,0,1
CF,ROM,-26.543075,148.781689,0,ROM,0.0,0.0,14.0,0.6,2,1530,0,0,0,0,3,1
CA,0,14.0,2,3300,0,0,0,0,0,0

APPTR,R18,18,ROMND
IF,ROMND,-26.325683,148.736461, ,0.0,0.0,2,3300,0,1,210,0,1,0
TF,ROMNI,-26.369492,148.815458,0, ,0.0,0.0,0.0,0.0,2,3300,0,0,0,0,1,0

APPTR,R18,18,ROMNE
IF,ROMNE,-26.287642,148.834092, ,0.0,0.0,2,3300,0,1,210,0,1,0
TF,ROMNI,-26.369492,148.815458,0, ,0.0,0.0,0.0,0.0,2,3300,0,0,0,0,1,0

APPTR,R18,18,ROMNG
IF,ROMNG,-26.357253,148.907211, ,0.0,0.0,2,3300,0,1,210,0,1,0
TF,ROMNI,-26.369492,148.815458,0, ,0.0,0.0,0.0,0.0,2,3300,0,0,0,0,1,0

FINAL,R18,18,R,3
IF,ROMNI,-26.369492,148.815458, ,0.0,0.0,2,3300,0,0,0,0,0,0
TF,ROMNF,-26.451367,148.796800,0, ,0.0,0.0,182.0,5.0,2,2730,0,0,0,0,2,0
TF,RW18,-26.537653,148.777103,0, ,0.0,0.0,182.0,5.3,1,1047,0,0,0,0,3,1
DF,ROMNH,-26.582356,148.766894,0, ,0.0,0.0,0,0,0,0,0,0,0,0
CA,0,182.0,2,3300,0,0,0,0,0,0

APPTR,R36,36,ROMSA
IF,ROMSA,-26.762908,148.814886, ,0.0,0.0,2,3300,0,1,210,0,1,0
TF,ROMSI,-26.719114,148.735606,0, ,0.0,0.0,0.0,0.0,2,3300,0,0,0,0,1,0

APPTR,R36,36,ROMSB
IF,ROMSB,-26.800956,148.716853, ,0.0,0.0,2,3300,0,1,210,0,1,0
TF,ROMSI,-26.719114,148.735606,0, ,0.0,0.0,0.0,0.0,2,3300,0,0,0,0,1,0

APPTR,R36,36,ROMSC
IF,ROMSC,-26.731258,148.643544, ,0.0,0.0,2,3300,0,1,210,0,1,0
TF,ROMSI,-26.719114,148.735606,0, ,0.0,0.0,0.0,0.0,2,3300,0,0,0,0,1,0

FINAL,R36,36,R,3
IF,ROMSI,-26.719114,148.735606, ,0.0,0.0,2,3300,0,0,0,0,0,0
TF,ROMSF,-26.637247,148.754342,0, ,0.0,0.0,2.0,5.0,2,2730,0,0,0,0,2,0
TF,RW36,-26.550950,148.774061,0, ,0.0,0.0,2.0,5.3,1,1051,0,0,0,0,3,1
DF,ROMSH,-26.506258,148.784272,0, ,0.0,0.0,0,0,0,0,0,0,0,0
CA,0,2.0,2,3300,0,0,0,0,0,0

