SID,WHITE1,12,1
CA,0,117.0,2,1200,0,0,0,0,0,0
VM,0,0,0,117.0,2,2600,0,0,0,0,0,0

SID,WHITE1,30,1
CA,0,297.0,2,1200,0,0,0,0,0,0
VM,0,0,0,297.0,2,2600,0,0,0,0,0,0

APPTR,R12,12,WC2WD
IF,WC2WD,-30.670500,142.937944, ,0.0,0.0,2,2600,0,1,210,0,1,0
TF,WC2WI,-30.750722,142.911083,0, ,0.0,0.0,0.0,0.0,2,2600,0,0,0,0,1,0

APPTR,R12,12,WC2WE
IF,WC2WE,-30.701444,142.833028, ,0.0,0.0,2,2600,0,1,210,0,1,0
TF,WC2WI,-30.750722,142.911083,0, ,0.0,0.0,0.0,0.0,2,2600,0,0,0,0,1,0

APPTR,R12,12,WC2WG
IF,WC2WG,-30.797222,142.830722, ,0.0,0.0,2,2600,0,1,210,0,1,0
TF,WC2WI,-30.750722,142.911083,0, ,0.0,0.0,0.0,0.0,2,2600,0,0,0,0,1,0

FINAL,R12,12,R,3
IF,WC2WI,-30.750722,142.911083, ,0.0,0.0,2,2600,0,0,0,0,0,0
TF,WC2WF,-30.799972,142.989194,0, ,0.0,0.0,117.0,5.0,2,2160,0,0,0,0,2,0
TF,RW12,-30.849167,143.067419,0, ,0.0,0.0,117.0,5.0,1,562,0,0,0,0,3,1
DF,WC2WH,-30.878639,143.114389,0, ,0.0,0.0,0,0,0,0,0,0,0,0
CA,0,117.0,2,2100,0,0,0,0,0,0

APPTR,R30,30,WC2EA
IF,WC2EA,-30.906333,143.313472, ,0.0,0.0,2,2200,0,1,210,0,1,0
TF,WC2EI,-30.953083,143.233194,0, ,0.0,0.0,0.0,0.0,2,2200,0,0,0,0,1,0

APPTR,R30,30,WC2EB
IF,WC2EB,-31.002111,143.311639, ,0.0,0.0,2,2200,0,1,210,0,1,0
TF,WC2EI,-30.953083,143.233194,0, ,0.0,0.0,0.0,0.0,2,2200,0,0,0,0,1,0

APPTR,R30,30,WC2EC
IF,WC2EC,-31.033361,143.206500, ,0.0,0.0,2,2200,0,1,210,0,1,0
TF,WC2EI,-30.953083,143.233194,0, ,0.0,0.0,0.0,0.0,2,2200,0,0,0,0,1,0

FINAL,R30,30,R,3
IF,WC2EI,-30.953083,143.233194, ,0.0,0.0,2,2200,0,0,0,0,0,0
TF,WC2EF,-30.904000,143.154806,0, ,0.0,0.0,297.0,5.0,2,2170,0,0,0,0,2,0
TF,RW30,-30.854883,143.076553,0, ,0.0,0.0,297.0,5.0,1,586,0,0,0,0,3,1
DF,WC2EH,-30.825361,143.029583,0, ,0.0,0.0,0,0,0,0,0,0,0,0
CA,0,297.0,2,2600,0,0,0,0,0,0

