APPTR,R19,19,YW2ND
IF,YW2ND,-35.812417,146.034944, ,0.0,0.0,2,3500,0,1,210,0,1,0
TF,YW2NI,-35.868750,146.110556,0, ,0.0,0.0,0.0,0.0,2,3500,0,0,0,0,1,0

APPTR,R19,19,YW2NE
IF,YW2NE,-35.791611,146.149667, ,0.0,0.0,2,3500,0,1,210,0,1,0
TF,YW2NI,-35.868750,146.110556,0, ,0.0,0.0,0.0,0.0,2,3500,0,0,0,0,1,0

APPTR,R19,19,YW2NG
IF,YW2NG,-35.872278,146.213000, ,0.0,0.0,2,3500,0,1,210,0,1,0
TF,YW2NI,-35.868750,146.110556,0, ,0.0,0.0,0.0,0.0,2,3500,0,0,0,0,1,0

FINAL,R19,19,R,3
IF,YW2NI,-35.868750,146.110556, ,0.0,0.0,2,3500,0,0,0,0,0,0
TF,YW2NF,-35.945917,146.071444,0, ,0.0,0.0,191.0,5.0,2,2150,0,0,0,0,2,0
TF,YW2NM,-36.023056,146.032250,0, ,0.0,0.0,191.0,5.0,1,560,0,0,0,0,3,1
DF,YW2NH,-36.069333,146.008722,0, ,0.0,0.0,0,0,0,0,0,0,0,1
CA,0,191.0,2,3000,0,0,0,0,0,0

