SID,ANP01D,13,2
CA,0,131.0,2,2960,0,0,0,0,0,0
CF,D129Q,37.585264,112.911994,0,TYN,129.0,17.0,129.0,15.0,2,8860,0,0,0,0,0,0
CI,0, ,0.0,129.0,0,0,0,0,0,0,0,0
AF,D162T,37.438797,112.776789,2,TYN,162.0,20.0,129.0,2,12800,0,0,0,0,0,0
CF,TY30B,37.264436,112.780986,0,TYN,169.1,30.0,170.0,10.0,2,14800,0,0,0,0,0,0
TF,ANPIG,37.054167,112.850278,0, ,0.0,0.0,0.0,0.0,0,0,0,0,0,0,0,0

SID,ANP11D,31,2
CA,0,311.0,2,2960,0,0,0,0,0,0
CF,D314Q,37.930344,112.345664,0,TYN,314.0,17.0,314.0,16.0,2,8860,0,0,0,0,0,0
CI,0, ,0.0,314.0,0,0,0,0,0,0,0,0
AF,D175T,37.418692,112.685456,1,TYN,175.0,20.0,314.0,2,12800,0,0,0,0,0,0
CF,TY30B,37.264436,112.780986,0,TYN,169.1,30.0,170.0,10.0,2,14800,0,0,0,0,0,0
TF,ANPIG,37.054167,112.850278,0, ,0.0,0.0,0.0,0.0,0,0,0,0,0,0,0,0

SID,ANP8YD,13,5
CF,YN401,37.573889,112.918056,0,TYN,130.3,17.6,131.0,16.0,2,8860,0,0,0,0,0,0
TF,YN408,37.173611,112.809167,0, ,0.0,0.0,0.0,0.0,2,13800,0,0,0,0,0,0
TF,ANPIG,37.054167,112.850278,0, ,0.0,0.0,0.0,0.0,0,0,0,0,0,0,0,0

SID,ANP8ZD,13,5
CF,YN401,37.573889,112.918056,0,TYN,130.3,17.6,131.0,16.0,2,8860,0,0,0,0,0,0
TF,YN402,37.711722,113.067194,0, ,0.0,0.0,0.0,0.0,0,0,0,0,0,0,0,0
TF,YN404,37.856944,112.823333,1, ,0.0,0.0,0.0,0.0,2,13800,0,0,0,0,0,0
TF,YN406,37.749722,112.618889,0, ,0.0,0.0,0.0,0.0,0,0,0,0,0,0,0,0
TF,YN408,37.173611,112.809167,0, ,0.0,0.0,0.0,0.0,2,13800,0,0,0,0,0,0
TF,ANPIG,37.054167,112.850278,0, ,0.0,0.0,0.0,0.0,0,0,0,0,0,0,0,0

SID,ANP9ZD,31,5
CF,YN601,37.851000,112.454139,0,TYN,312.0,10.0,311.0,10.0,2,5910,0,0,0,0,0,0
TF,YN602,37.917778,112.341667,0, ,0.0,0.0,0.0,0.0,2,8860,0,0,0,0,0,0
TF,YN614,37.762611,112.194667,0, ,0.0,0.0,0.0,0.0,0,0,0,0,0,0,0,0
TF,YN607,37.558333,112.499167,0, ,0.0,0.0,0.0,0.0,2,13800,0,0,0,0,0,0
TF,YN608,37.398056,112.736111,0, ,0.0,0.0,0.0,0.0,0,0,0,0,0,0,0,0
TF,ANPIG,37.054167,112.850278,0, ,0.0,0.0,0.0,0.0,0,0,0,0,0,0,0,0

SID,BIS01D,13,2
CA,0,131.0,2,2960,0,0,0,0,0,0
CF,D129Q,37.585264,112.911994,0,TYN,129.0,17.0,129.0,15.0,2,8860,0,0,0,0,0,0
CI,0, ,0.0,129.0,0,0,0,0,0,0,0,0
AF,D203T,37.432706,112.483744,2,TYN,203.0,20.0,129.0,2,11800,0,0,0,0,0,0
CF,TY30H,37.297844,112.345889,0,TYN,209.9,30.0,211.0,10.0,2,13800,0,0,0,0,0,0
TF,BISAL,37.100556,112.226944,0, ,0.0,0.0,0.0,0.0,0,0,0,0,0,0,0,0

SID,BIS11D,31,2
CA,0,311.0,2,2960,0,0,0,0,0,0
CF,D314Q,37.930344,112.345664,0,TYN,314.0,17.0,314.0,16.0,2,8860,0,0,0,0,0,0
CI,0, ,0.0,314.0,0,0,0,0,0,0,0,0
AF,D216T,37.465103,112.398125,1,TYN,216.0,20.0,314.0,2,11800,0,0,0,0,0,0
CF,TY30H,37.297844,112.345889,0,TYN,209.9,30.0,211.0,10.0,2,13800,0,0,0,0,0,0
TF,BISAL,37.100556,112.226944,0, ,0.0,0.0,0.0,0.0,0,0,0,0,0,0,0,0

SID,BIS8ZD,13,5
CF,YN401,37.573889,112.918056,0,TYN,130.3,17.6,131.0,16.0,2,8860,0,0,0,0,0,0
TF,YN402,37.711722,113.067194,0, ,0.0,0.0,0.0,0.0,0,0,0,0,0,0,0,0
TF,YN404,37.856944,112.823333,1, ,0.0,0.0,0.0,0.0,2,13800,0,0,0,0,0,0
TF,YN406,37.749722,112.618889,0, ,0.0,0.0,0.0,0.0,0,0,0,0,0,0,0,0
TF,BISAL,37.100556,112.226944,0, ,0.0,0.0,0.0,0.0,0,0,0,0,0,0,0,0

SID,BIS9ZD,31,5
CF,YN601,37.851000,112.454139,0,TYN,312.0,10.0,311.0,10.0,2,5910,0,0,0,0,0,0
TF,YN602,37.917778,112.341667,0, ,0.0,0.0,0.0,0.0,2,8860,0,0,0,0,0,0
TF,YN614,37.762611,112.194667,0, ,0.0,0.0,0.0,0.0,0,0,0,0,0,0,0,0
TF,YN607,37.558333,112.499167,0, ,0.0,0.0,0.0,0.0,2,13800,0,0,0,0,0,0
TF,BISAL,37.100556,112.226944,0, ,0.0,0.0,0.0,0.0,0,0,0,0,0,0,0,0

SID,OMK01D,13,2
CA,0,131.0,2,2960,0,0,0,0,0,0
CF,D129Q,37.585264,112.911994,0,TYN,129.0,17.0,129.0,15.0,2,8860,0,0,0,0,0,0
CI,0, ,0.0,129.0,0,0,0,0,0,0,0,0
AF,D274T,37.747583,112.199717,2,TYN,274.0,20.0,129.0,2,11800,0,0,0,0,0,0
CF,TY30F,37.808944,111.993956,0,TYN,281.2,30.0,280.0,10.0,2,13800,0,0,0,0,0,0
TF,OMKAK,37.834722,111.716389,0, ,0.0,0.0,0.0,0.0,0,0,0,0,0,0,0,0

SID,OMK11D,31,2
CA,0,311.0,2,2960,0,0,0,0,0,0
CF,D314Q,37.930344,112.345664,0,TYN,314.0,17.0,314.0,16.0,2,8860,0,0,0,0,0,0
CI,0, ,0.0,314.0,0,0,0,0,0,0,0,0
AF,D286T,37.816997,112.208517,1,TYN,286.0,20.0,314.0,2,11800,0,0,0,0,0,0
CF,TY30F,37.808944,111.993956,0,TYN,281.2,30.0,280.0,10.0,2,13800,0,0,0,0,0,0
TF,OMKAK,37.834722,111.716389,0, ,0.0,0.0,0.0,0.0,0,0,0,0,0,0,0,0

SID,OMK8ZD,13,5
CF,YN401,37.573889,112.918056,0,TYN,130.3,17.6,131.0,16.0,2,8860,0,0,0,0,0,0
TF,YN402,37.711722,113.067194,0, ,0.0,0.0,0.0,0.0,0,0,0,0,0,0,0,0
TF,YN404,37.856944,112.823333,1, ,0.0,0.0,0.0,0.0,2,13800,0,0,0,0,0,0
TF,YN406,37.749722,112.618889,0, ,0.0,0.0,0.0,0.0,0,0,0,0,0,0,0,0
TF,YN407,37.778056,112.337222,0, ,0.0,0.0,0.0,0.0,0,0,0,0,0,0,0,0
TF,OMKAK,37.834722,111.716389,0, ,0.0,0.0,0.0,0.0,0,0,0,0,0,0,0,0

SID,OMK9ZD,31,5
CF,YN601,37.851000,112.454139,0,TYN,312.0,10.0,311.0,10.0,2,5910,0,0,0,0,0,0
TF,YN602,37.917778,112.341667,0, ,0.0,0.0,0.0,0.0,2,8860,0,0,0,0,0,0
TF,YN605,37.945833,111.936111,0, ,0.0,0.0,0.0,0.0,2,11800,0,0,0,0,0,0
TF,OMKAK,37.834722,111.716389,0, ,0.0,0.0,0.0,0.0,0,0,0,0,0,0,0,0

SID,TOD01D,13,2
CA,0,131.0,2,2960,0,0,0,0,0,0
CF,D129Q,37.585264,112.911994,0,TYN,129.0,17.0,129.0,15.0,2,8860,0,0,0,0,0,0
CI,0, ,0.0,129.0,0,0,0,0,0,0,0,0
AF,D360T,38.081228,112.590550,1,TYN,360.0,20.0,129.0,2,11800,0,0,0,0,0,0
CF,TY30G,38.240406,112.504003,0,TYN,353.5,30.0,354.0,10.0,2,13800,0,0,0,0,0,0
TF,TODAM,39.491944,112.200833,0, ,0.0,0.0,0.0,0.0,0,0,0,0,0,0,0,0

SID,TOD11D,31,2
CA,0,311.0,2,2960,0,0,0,0,0,0
CF,D314Q,37.930344,112.345664,0,TYN,314.0,17.0,314.0,16.0,2,8860,0,0,0,0,0,0
CI,0, ,0.0,314.0,0,0,0,0,0,0,0,0
AF,D347T,38.067400,112.496589,2,TYN,347.0,20.0,314.0,2,11800,0,0,0,0,0,0
CF,TY30G,38.240406,112.504003,0,TYN,353.5,30.0,354.0,10.0,2,13800,0,0,0,0,0,0
TF,TODAM,39.491944,112.200833,0, ,0.0,0.0,0.0,0.0,0,0,0,0,0,0,0,0

SID,TOD8ZD,13,5
CF,YN401,37.573889,112.918056,0,TYN,130.3,17.6,131.0,16.0,2,8860,0,0,0,0,0,0
TF,YN402,37.711722,113.067194,0, ,0.0,0.0,0.0,0.0,0,0,0,0,0,0,0,0
TF,YN404,37.856944,112.823333,1, ,0.0,0.0,0.0,0.0,2,14800,0,0,0,0,0,0
TF,YN403,38.013639,112.556556,0, ,0.0,0.0,0.0,0.0,0,0,0,0,0,0,0,0
TF,YN409,38.459722,112.449722,0, ,0.0,0.0,0.0,0.0,0,0,0,0,0,0,0,0
TF,TODAM,39.491944,112.200833,0, ,0.0,0.0,0.0,0.0,0,0,0,0,0,0,0,0

SID,TOD9YD,31,5
CF,YN601,37.851000,112.454139,0,TYN,312.0,10.0,311.0,10.0,2,5910,0,0,0,0,0,0
TF,YN603,37.970000,112.566944,0, ,0.0,0.0,0.0,0.0,2,8860,0,0,0,0,0,0
TF,YN604,38.459722,112.449722,0, ,0.0,0.0,0.0,0.0,0,0,0,0,0,0,0,0
TF,TODAM,39.491944,112.200833,0, ,0.0,0.0,0.0,0.0,0,0,0,0,0,0,0,0

SID,TOD9ZD,31,5
CF,YN601,37.851000,112.454139,0,TYN,312.0,10.0,311.0,10.0,2,5910,0,0,0,0,0,0
TF,YN602,37.917778,112.341667,0, ,0.0,0.0,0.0,0.0,2,8860,0,0,0,0,0,0
TF,YN614,37.762611,112.194667,0, ,0.0,0.0,0.0,0.0,0,0,0,0,0,0,0,0
TF,YN607,37.558333,112.499167,0, ,0.0,0.0,0.0,0.0,2,14800,0,0,0,0,0,0
TF,YN609,37.623333,112.660833,0, ,0.0,0.0,0.0,0.0,0,0,0,0,0,0,0,0
TF,YN603,37.970000,112.566944,0, ,0.0,0.0,0.0,0.0,0,0,0,0,0,0,0,0
TF,YN604,38.459722,112.449722,0, ,0.0,0.0,0.0,0.0,0,0,0,0,0,0,0,0
TF,TODAM,39.491944,112.200833,0, ,0.0,0.0,0.0,0.0,0,0,0,0,0,0,0,0

SID,TON01D,13,2
CA,0,131.0,2,2960,0,0,0,0,0,0
CF,D129Q,37.585264,112.911994,0,TYN,129.0,17.0,129.0,15.0,2,8860,0,0,0,0,0,0
CI,0, ,0.0,129.0,0,0,0,0,0,0,0,0
AF,D081T,37.822689,113.029922,1,TYN,81.0,20.0,129.0,2,12800,0,0,0,0,0,0
VI,0, ,0.0,45.0,0,0,0,0,0,0,0,0
CF,TY30J,37.926072,113.210053,0,TYN,73.0,30.0,75.0,10.0,2,14800,0,0,0,0,0,0
TF,TONOV,38.188889,114.106667,0, ,0.0,0.0,0.0,0.0,0,0,0,0,0,0,0,0

SID,TON11D,31,2
CA,0,311.0,2,2960,0,0,0,0,0,0
CF,D314Q,37.930344,112.345664,0,TYN,314.0,17.0,314.0,16.0,2,8860,0,0,0,0,0,0
CI,0, ,0.0,314.0,0,0,0,0,0,0,0,0
AF,D069T,37.888750,113.001628,2,TYN,69.0,20.0,314.0,2,12800,0,0,0,0,0,0
CF,TY30J,37.926072,113.210053,0,TYN,73.0,30.0,75.0,10.0,2,14800,0,0,0,0,0,0
TF,TONOV,38.188889,114.106667,0, ,0.0,0.0,0.0,0.0,0,0,0,0,0,0,0,0

SID,TON8ZD,13,5
CF,YN401,37.573889,112.918056,0,TYN,130.3,17.6,131.0,16.0,2,8860,0,0,0,0,0,0
TF,YN402,37.711722,113.067194,0, ,0.0,0.0,0.0,0.0,0,0,0,0,0,0,0,0
TF,YN405,37.840556,113.207222,0, ,0.0,0.0,0.0,0.0,2,13800,0,0,0,0,0,0
TF,ISLEP,37.951944,113.491389,0, ,0.0,0.0,0.0,0.0,0,0,0,0,0,0,0,0
TF,TONOV,38.188889,114.106667,0, ,0.0,0.0,0.0,0.0,0,0,0,0,0,0,0,0

SID,TON9YD,31,5
CF,YN601,37.851000,112.454139,0,TYN,312.0,10.0,311.0,10.0,2,5910,0,0,0,0,0,0
TF,YN603,37.970000,112.566944,0, ,0.0,0.0,0.0,0.0,2,8860,0,0,0,0,0,0
TF,ISLEP,37.951944,113.491389,0, ,0.0,0.0,0.0,0.0,0,0,0,0,0,0,0,0
TF,TONOV,38.188889,114.106667,0, ,0.0,0.0,0.0,0.0,0,0,0,0,0,0,0,0

SID,TON9ZD,31,5
CF,YN601,37.851000,112.454139,0,TYN,312.0,10.0,311.0,10.0,2,5910,0,0,0,0,0,0
TF,YN602,37.917778,112.341667,0, ,0.0,0.0,0.0,0.0,2,8860,0,0,0,0,0,0
TF,YN614,37.762611,112.194667,0, ,0.0,0.0,0.0,0.0,0,0,0,0,0,0,0,0
TF,YN607,37.558333,112.499167,0, ,0.0,0.0,0.0,0.0,2,13800,0,0,0,0,0,0
TF,YN609,37.623333,112.660833,0, ,0.0,0.0,0.0,0.0,0,0,0,0,0,0,0,0
TF,ISLEP,37.951944,113.491389,0, ,0.0,0.0,0.0,0.0,0,0,0,0,0,0,0,0
TF,TONOV,38.188889,114.106667,0, ,0.0,0.0,0.0,0.0,0,0,0,0,0,0,0,0

SID,UGO01D,13,2
CA,0,131.0,2,2960,0,0,0,0,0,0
CF,D129Q,37.585264,112.911994,0,TYN,129.0,17.0,129.0,15.0,2,8860,0,0,0,0,0,0
CI,0, ,0.0,129.0,0,0,0,0,0,0,0,0
AF,D247T,37.596231,112.246286,2,TYN,247.0,20.0,129.0,2,11800,0,0,0,0,0,0
CF,TY30E,37.562878,112.035158,0,TYN,252.4,30.0,253.0,10.0,2,13800,0,0,0,0,0,0
TF,UGOTU,37.117222,110.675000,0, ,0.0,0.0,0.0,0.0,0,0,0,0,0,0,0,0

SID,UGO11D,31,2
CA,0,311.0,2,2960,0,0,0,0,0,0
CF,D314Q,37.930344,112.345664,0,TYN,314.0,17.0,314.0,16.0,2,8860,0,0,0,0,0,0
CI,0, ,0.0,314.0,0,0,0,0,0,0,0,0
AF,D259T,37.661261,112.214508,1,TYN,259.0,20.0,314.0,2,11800,0,0,0,0,0,0
CF,TY30E,37.562878,112.035158,0,TYN,252.4,30.0,253.0,10.0,2,13800,0,0,0,0,0,0
TF,UGOTU,37.117222,110.675000,0, ,0.0,0.0,0.0,0.0,0,0,0,0,0,0,0,0

SID,UGO8ZD,13,5
CF,YN401,37.573889,112.918056,0,TYN,130.3,17.6,131.0,16.0,2,8860,0,0,0,0,0,0
TF,YN402,37.711722,113.067194,0, ,0.0,0.0,0.0,0.0,0,0,0,0,0,0,0,0
TF,YN404,37.856944,112.823333,1, ,0.0,0.0,0.0,0.0,2,13800,0,0,0,0,0,0
TF,YN406,37.749722,112.618889,0, ,0.0,0.0,0.0,0.0,0,0,0,0,0,0,0,0
TF,YN407,37.778056,112.337222,0, ,0.0,0.0,0.0,0.0,0,0,0,0,0,0,0,0
TF,GUINS,37.542778,111.750556,0, ,0.0,0.0,0.0,0.0,0,0,0,0,0,0,0,0
TF,UGOTU,37.117222,110.675000,0, ,0.0,0.0,0.0,0.0,0,0,0,0,0,0,0,0

SID,UGO9ZD,31,5
CF,YN601,37.851000,112.454139,0,TYN,312.0,10.0,311.0,10.0,2,5910,0,0,0,0,0,0
TF,YN602,37.917778,112.341667,0, ,0.0,0.0,0.0,0.0,2,8860,0,0,0,0,0,0
TF,YN605,37.945833,111.936111,0, ,0.0,0.0,0.0,0.0,2,11800,0,0,0,0,0,0
TF,GUINS,37.542778,111.750556,0, ,0.0,0.0,0.0,0.0,0,0,0,0,0,0,0,0
TF,UGOTU,37.117222,110.675000,0, ,0.0,0.0,0.0,0.0,0,0,0,0,0,0,0,0

STAR,ANP01A,13,2
IF,ANPIG,37.054167,112.850278, ,0.0,0.0,0,0,0,0,0,0,0,0
TF,TY30B,37.264436,112.780986,0, ,0.0,0.0,0.0,0.0,2,8860,0,0,0,0,0,0
TF,TYN,37.748333,112.620000,0, ,0.0,0.0,0.0,0.0,2,6890,0,1,210,0,0,0

STAR,ANP11A,31,2
IF,ANPIG,37.054167,112.850278, ,0.0,0.0,0,0,0,0,0,0,0,0
TF,TY30B,37.264436,112.780986,0, ,0.0,0.0,0.0,0.0,2,8860,0,0,0,0,0,0
TF,D170Q,37.474214,112.711750,0, ,0.0,0.0,0.0,0.0,2,7880,0,1,210,0,0,0

STAR,ANP12A,31,2
IF,ANPIG,37.054167,112.850278, ,0.0,0.0,0,0,0,0,0,0,0,0
TF,TY30B,37.264436,112.780986,0, ,0.0,0.0,0.0,0.0,2,8860,0,0,0,0,0,0
TF,D170Q,37.474214,112.711750,0, ,0.0,0.0,0.0,0.0,2,7880,0,0,0,0,0,0
TF,TYN,37.748333,112.620000,0, ,0.0,0.0,0.0,0.0,2,5910,0,1,210,0,0,0

STAR,ANP8ZA,13,5
IF,ANPIG,37.054167,112.850278, ,0.0,0.0,0,0,0,0,0,0,0,0
TF,YN509,37.173611,112.809167,0, ,0.0,0.0,0.0,0.0,2,11800,0,0,0,0,0,0
TF,YN508,37.390278,112.635000,0, ,0.0,0.0,0.0,0.0,0,0,0,0,0,0,0,0
TF,YN505,37.842778,112.265833,0, ,0.0,0.0,0.0,0.0,2,7880,0,1,205,0,0,0

STAR,ANP9YA,31,5
IF,ANPIG,37.054167,112.850278, ,0.0,0.0,2,11800,0,0,0,0,0,0
TF,YN711,37.338333,112.753889,0, ,0.0,0.0,0.0,0.0,2,8860,0,0,0,0,0,0
TF,YN708,37.405556,112.645833,0, ,0.0,0.0,0.0,0.0,0,0,0,0,0,0,0,0
TF,YN707,37.512500,112.460556,0, ,0.0,0.0,0.0,0.0,0,0,0,0,0,0,0,0
TF,YN706,37.621944,112.560833,0, ,0.0,0.0,0.0,0.0,0,0,0,0,0,0,0,0
TF,YN704,37.511667,112.743056,0, ,0.0,0.0,0.0,0.0,2,6890,0,1,205,0,0,0

STAR,ANP9ZA,31,5
IF,ANPIG,37.054167,112.850278, ,0.0,0.0,2,11800,0,0,0,0,0,0
TF,YN711,37.338333,112.753889,0, ,0.0,0.0,0.0,0.0,2,8860,0,0,0,0,0,0
TF,YN704,37.511667,112.743056,0, ,0.0,0.0,0.0,0.0,2,6890,0,1,205,0,0,0

STAR,BIS01A,13,2
IF,BISAL,37.100556,112.226944, ,0.0,0.0,0,0,0,0,0,0,0,0
TF,D210L,37.562211,112.506300,0, ,0.0,0.0,0.0,0.0,0,0,0,0,0,0,0,0
TF,TYN,37.748333,112.620000,0, ,0.0,0.0,0.0,0.0,2,6890,0,1,210,0,0,0

STAR,BIS11A,31,2
IF,BISAL,37.100556,112.226944, ,0.0,0.0,0,0,0,0,0,0,0,0
TF,D211Q,37.493139,112.464267,0, ,0.0,0.0,0.0,0.0,2,7880,0,1,210,0,0,0

STAR,BIS12A,31,2
IF,BISAL,37.100556,112.226944, ,0.0,0.0,0,0,0,0,0,0,0,0
TF,D211Q,37.493139,112.464267,0, ,0.0,0.0,0.0,0.0,2,7880,0,0,0,0,0,0
TF,D210L,37.562211,112.506300,0, ,0.0,0.0,0.0,0.0,0,0,0,0,0,0,0,0
TF,TYN,37.748333,112.620000,0, ,0.0,0.0,0.0,0.0,2,5910,0,1,210,0,0,0

STAR,BIS8ZA,13,5
IF,BISAL,37.100556,112.226944, ,0.0,0.0,0,0,0,0,0,0,0,0
TF,YN510,37.220000,112.472222,0, ,0.0,0.0,0.0,0.0,2,11800,0,0,0,0,0,0
TF,YN508,37.390278,112.635000,0, ,0.0,0.0,0.0,0.0,0,0,0,0,0,0,0,0
TF,YN505,37.842778,112.265833,0, ,0.0,0.0,0.0,0.0,2,7880,0,1,205,0,0,0

STAR,BIS9YA,31,5
IF,BISAL,37.100556,112.226944, ,0.0,0.0,0,0,0,0,0,0,0,0
TF,YN710,37.220000,112.472222,0, ,0.0,0.0,0.0,0.0,2,11800,0,0,0,0,0,0
TF,YN708,37.405556,112.645833,0, ,0.0,0.0,0.0,0.0,2,8860,0,0,0,0,0,0
TF,YN707,37.512500,112.460556,0, ,0.0,0.0,0.0,0.0,0,0,0,0,0,0,0,0
TF,YN706,37.621944,112.560833,0, ,0.0,0.0,0.0,0.0,0,0,0,0,0,0,0,0
TF,YN704,37.511667,112.743056,0, ,0.0,0.0,0.0,0.0,2,6890,0,1,205,0,0,0

STAR,BIS9ZA,31,5
IF,BISAL,37.100556,112.226944, ,0.0,0.0,0,0,0,0,0,0,0,0
TF,YN710,37.220000,112.472222,0, ,0.0,0.0,0.0,0.0,2,11800,0,0,0,0,0,0
TF,YN708,37.405556,112.645833,0, ,0.0,0.0,0.0,0.0,2,8860,0,0,0,0,0,0
TF,YN704,37.511667,112.743056,0, ,0.0,0.0,0.0,0.0,2,6890,0,1,205,0,0,0

STAR,OMK01A,13,2
IF,OMKAK,37.834722,111.716389, ,0.0,0.0,0,0,0,0,0,0,0,0
TF,TY40B,37.828683,111.785089,0, ,0.0,0.0,0.0,0.0,2,11800,0,0,0,0,0,0
TF,TY30F,37.808944,111.993956,0, ,0.0,0.0,0.0,0.0,2,9850,0,0,0,0,0,0
TF,D280Q,37.783206,112.265383,0, ,0.0,0.0,0.0,0.0,2,8860,0,1,210,0,0,0

STAR,OMK02A,13,2
IF,OMKAK,37.834722,111.716389, ,0.0,0.0,0,0,0,0,0,0,0,0
TF,TY40B,37.828683,111.785089,0, ,0.0,0.0,0.0,0.0,2,11800,0,0,0,0,0,0
TF,TY30F,37.808944,111.993956,0, ,0.0,0.0,0.0,0.0,2,9850,0,0,0,0,0,0
TF,D280Q,37.783206,112.265383,0, ,0.0,0.0,0.0,0.0,2,8860,0,0,0,0,0,0
TF,D280J,37.768975,112.411442,0, ,0.0,0.0,0.0,0.0,2,7220,0,0,0,0,0,0
TF,TYN,37.748333,112.620000,0, ,0.0,0.0,0.0,0.0,2,6890,0,1,210,0,0,0

STAR,OMK11A,31,2
IF,OMKAK,37.834722,111.716389, ,0.0,0.0,0,0,0,0,0,0,0,0
TF,TY40B,37.828683,111.785089,0, ,0.0,0.0,0.0,0.0,2,11800,0,0,0,0,0,0
TF,TY30F,37.808944,111.993956,0, ,0.0,0.0,0.0,0.0,2,9850,0,0,0,0,0,0
TF,D280Q,37.783206,112.265383,0, ,0.0,0.0,0.0,0.0,2,8860,0,0,0,0,0,0
TF,D280J,37.768975,112.411442,0, ,0.0,0.0,0.0,0.0,2,7220,0,0,0,0,0,0
TF,TYN,37.748333,112.620000,0, ,0.0,0.0,0.0,0.0,2,5910,0,1,210,0,0,0

STAR,OMK8YA,13,5
IF,OMKAK,37.834722,111.716389, ,0.0,0.0,2,11800,0,0,0,0,0,0
TF,YN506,37.792500,112.189444,0, ,0.0,0.0,0.0,0.0,2,8860,0,0,0,0,0,0
TF,YN505,37.842778,112.265833,0, ,0.0,0.0,0.0,0.0,2,7880,0,1,205,0,0,0

STAR,OMK8ZA,13,5
IF,OMKAK,37.834722,111.716389, ,0.0,0.0,2,11800,0,0,0,0,0,0
TF,YN512,37.410833,112.126944,0, ,0.0,0.0,0.0,0.0,0,0,0,0,0,0,0,0
TF,YN510,37.220000,112.472222,0, ,0.0,0.0,0.0,0.0,0,0,0,0,0,0,0,0
TF,YN508,37.390278,112.635000,0, ,0.0,0.0,0.0,0.0,0,0,0,0,0,0,0,0
TF,YN505,37.842778,112.265833,0, ,0.0,0.0,0.0,0.0,2,7880,0,1,205,0,0,0

STAR,OMK9YA,31,5
IF,OMKAK,37.834722,111.716389, ,0.0,0.0,0,0,0,0,0,0,0,0
TF,YN712,37.410833,112.126944,0, ,0.0,0.0,0.0,0.0,2,11800,0,0,0,0,0,0
TF,YN710,37.220000,112.472222,0, ,0.0,0.0,0.0,0.0,0,0,0,0,0,0,0,0
TF,YN708,37.405556,112.645833,0, ,0.0,0.0,0.0,0.0,2,8860,0,0,0,0,0,0
TF,YN707,37.512500,112.460556,0, ,0.0,0.0,0.0,0.0,0,0,0,0,0,0,0,0
TF,YN706,37.621944,112.560833,0, ,0.0,0.0,0.0,0.0,0,0,0,0,0,0,0,0
TF,YN704,37.511667,112.743056,0, ,0.0,0.0,0.0,0.0,2,6890,0,1,205,0,0,0

STAR,OMK9ZA,31,5
IF,OMKAK,37.834722,111.716389, ,0.0,0.0,0,0,0,0,0,0,0,0
TF,YN712,37.410833,112.126944,0, ,0.0,0.0,0.0,0.0,2,11800,0,0,0,0,0,0
TF,YN710,37.220000,112.472222,0, ,0.0,0.0,0.0,0.0,0,0,0,0,0,0,0,0
TF,YN708,37.405556,112.645833,0, ,0.0,0.0,0.0,0.0,2,8860,0,0,0,0,0,0
TF,YN704,37.511667,112.743056,0, ,0.0,0.0,0.0,0.0,2,6890,0,1,205,0,0,0

STAR,TOD01A,13,2
IF,TODAM,39.491944,112.200833, ,0.0,0.0,0,0,0,0,0,0,0,0
TF,TY40A,38.404394,112.464992,0, ,0.0,0.0,0.0,0.0,2,11800,0,0,0,0,0,0
TF,D354Y,38.158403,112.523444,0, ,0.0,0.0,0.0,0.0,2,8860,0,0,0,0,0,0
TF,D354Q,38.027192,112.554458,0, ,0.0,0.0,0.0,0.0,2,6890,0,1,210,0,0,0

STAR,TOD02A,13,2
IF,TODAM,39.491944,112.200833, ,0.0,0.0,0,0,0,0,0,0,0,0
TF,TY40A,38.404394,112.464992,0, ,0.0,0.0,0.0,0.0,2,11800,0,0,0,0,0,0
TF,D354Y,38.158403,112.523444,0, ,0.0,0.0,0.0,0.0,2,8860,0,0,0,0,0,0
TF,D354Q,38.027192,112.554458,0, ,0.0,0.0,0.0,0.0,2,6890,0,0,0,0,0,0
TF,TYN,37.748333,112.620000,0, ,0.0,0.0,0.0,0.0,2,6890,0,1,210,0,0,0

STAR,TOD11A,31,2
IF,TODAM,39.491944,112.200833, ,0.0,0.0,0,0,0,0,0,0,0,0
TF,TY40A,38.404394,112.464992,0, ,0.0,0.0,0.0,0.0,2,11800,0,0,0,0,0,0
TF,D354Y,38.158403,112.523444,0, ,0.0,0.0,0.0,0.0,2,8860,0,0,0,0,0,0
TF,D354Q,38.027192,112.554458,0, ,0.0,0.0,0.0,0.0,2,6240,0,0,0,0,0,0
TF,TYN,37.748333,112.620000,0, ,0.0,0.0,0.0,0.0,2,5910,0,1,210,0,0,0

STAR,TOD8YA,13,5
IF,TODAM,39.491944,112.200833, ,0.0,0.0,0,0,0,0,0,0,0,0
TF,YN521,38.459722,112.449722,0, ,0.0,0.0,0.0,0.0,2,11800,0,0,0,0,0,0
TF,YN520,38.082528,112.539139,0, ,0.0,0.0,0.0,0.0,0,0,0,0,0,0,0,0
TF,YN504,37.977167,112.430056,0, ,0.0,0.0,0.0,0.0,2,6890,0,1,205,0,0,0

STAR,TOD8ZA,13,5
IF,TODAM,39.491944,112.200833, ,0.0,0.0,0,0,0,0,0,0,0,0
TF,YN521,38.459722,112.449722,0, ,0.0,0.0,0.0,0.0,2,11800,0,0,0,0,0,0
TF,YN520,38.082528,112.539139,0, ,0.0,0.0,0.0,0.0,0,0,0,0,0,0,0,0
TF,YN511,37.937722,112.783083,0, ,0.0,0.0,0.0,0.0,0,0,0,0,0,0,0,0
TF,YN507,37.833778,112.671889,2, ,0.0,0.0,0.0,0.0,2,8860,0,0,0,0,0,0
TF,YN504,37.977167,112.430056,0, ,0.0,0.0,0.0,0.0,2,6890,0,1,205,0,0,0

STAR,TOD9ZA,31,5
IF,TODAM,39.491944,112.200833, ,0.0,0.0,0,0,0,0,0,0,0,0
TF,YN717,38.459722,112.449722,0, ,0.0,0.0,0.0,0.0,0,0,0,0,0,0,0,0
TF,YN716,38.082528,112.539139,0, ,0.0,0.0,0.0,0.0,2,11800,0,0,0,0,0,0
TF,YN715,37.796944,113.018889,0, ,0.0,0.0,0.0,0.0,2,8860,0,0,0,0,0,0
TF,YN705,37.688833,112.914083,0, ,0.0,0.0,0.0,0.0,2,6890,0,1,205,0,0,0

STAR,TUT01A,13,2
IF,TUTNA,36.760556,110.573611, ,0.0,0.0,0,0,0,0,0,0,0,0
TF,TY30Q,37.492911,112.078736,0, ,0.0,0.0,0.0,0.0,2,8860,0,0,0,0,0,0
TF,D244Q,37.603900,112.312831,0, ,0.0,0.0,0.0,0.0,2,7880,0,1,210,0,0,0

STAR,TUT02A,13,2
IF,TUTNA,36.760556,110.573611, ,0.0,0.0,0,0,0,0,0,0,0,0
TF,TY30Q,37.492911,112.078736,0, ,0.0,0.0,0.0,0.0,2,8860,0,0,0,0,0,0
TF,D244Q,37.603900,112.312831,0, ,0.0,0.0,0.0,0.0,2,7880,0,0,0,0,0,0
TF,TYN,37.748333,112.620000,0, ,0.0,0.0,0.0,0.0,2,6890,0,1,210,0,0,0

STAR,TUT11A,31,2
IF,TUTNA,36.760556,110.573611, ,0.0,0.0,0,0,0,0,0,0,0,0
TF,TY30Q,37.492911,112.078736,0, ,0.0,0.0,0.0,0.0,2,8860,0,0,0,0,0,0
TF,D244Q,37.603900,112.312831,0, ,0.0,0.0,0.0,0.0,2,7880,0,1,210,0,0,0

STAR,TUT12A,31,2
IF,TUTNA,36.760556,110.573611, ,0.0,0.0,0,0,0,0,0,0,0,0
TF,TY30Q,37.492911,112.078736,0, ,0.0,0.0,0.0,0.0,2,8860,0,0,0,0,0,0
TF,D244Q,37.603900,112.312831,0, ,0.0,0.0,0.0,0.0,2,7880,0,0,0,0,0,0
TF,TYN,37.748333,112.620000,0, ,0.0,0.0,0.0,0.0,2,5910,0,1,210,0,0,0

STAR,TUT8ZA,13,5
IF,TUTNA,36.760556,110.573611, ,0.0,0.0,0,0,0,0,0,0,0,0
TF,NITID,37.314167,111.897500,0, ,0.0,0.0,0.0,0.0,0,0,0,0,0,0,0,0
TF,YN512,37.410833,112.126944,0, ,0.0,0.0,0.0,0.0,2,11800,0,0,0,0,0,0
TF,YN510,37.220000,112.472222,0, ,0.0,0.0,0.0,0.0,0,0,0,0,0,0,0,0
TF,YN508,37.390278,112.635000,0, ,0.0,0.0,0.0,0.0,0,0,0,0,0,0,0,0
TF,YN505,37.842778,112.265833,0, ,0.0,0.0,0.0,0.0,2,7880,0,1,205,0,0,0

STAR,TUT9YA,31,5
IF,TUTNA,36.760556,110.573611, ,0.0,0.0,0,0,0,0,0,0,0,0
TF,NITID,37.314167,111.897500,0, ,0.0,0.0,0.0,0.0,0,0,0,0,0,0,0,0
TF,YN712,37.410833,112.126944,0, ,0.0,0.0,0.0,0.0,2,11800,0,0,0,0,0,0
TF,YN710,37.220000,112.472222,0, ,0.0,0.0,0.0,0.0,0,0,0,0,0,0,0,0
TF,YN708,37.405556,112.645833,0, ,0.0,0.0,0.0,0.0,2,8860,0,0,0,0,0,0
TF,YN707,37.512500,112.460556,0, ,0.0,0.0,0.0,0.0,0,0,0,0,0,0,0,0
TF,YN706,37.621944,112.560833,0, ,0.0,0.0,0.0,0.0,0,0,0,0,0,0,0,0
TF,YN704,37.511667,112.743056,0, ,0.0,0.0,0.0,0.0,2,6890,0,1,205,0,0,0

STAR,TUT9ZA,31,5
IF,TUTNA,36.760556,110.573611, ,0.0,0.0,0,0,0,0,0,0,0,0
TF,NITID,37.314167,111.897500,0, ,0.0,0.0,0.0,0.0,0,0,0,0,0,0,0,0
TF,YN712,37.410833,112.126944,0, ,0.0,0.0,0.0,0.0,2,11800,0,0,0,0,0,0
TF,YN710,37.220000,112.472222,0, ,0.0,0.0,0.0,0.0,0,0,0,0,0,0,0,0
TF,YN708,37.405556,112.645833,0, ,0.0,0.0,0.0,0.0,2,8860,0,0,0,0,0,0
TF,YN704,37.511667,112.743056,0, ,0.0,0.0,0.0,0.0,2,6890,0,1,205,0,0,0

STAR,VAG01A,13,2
IF,VAGBI,38.340556,113.823611, ,0.0,0.0,0,0,0,0,0,0,0,0
TF,TY30P,38.014161,113.155144,0, ,0.0,0.0,0.0,0.0,2,8860,0,0,0,0,0,0
TF,D062Q,37.899269,112.922775,0, ,0.0,0.0,0.0,0.0,2,7880,0,0,0,0,0,0
TF,TYN,37.748333,112.620000,0, ,0.0,0.0,0.0,0.0,2,6890,0,1,210,0,0,0

STAR,VAG11A,31,2
IF,VAGBI,38.340556,113.823611, ,0.0,0.0,0,0,0,0,0,0,0,0
TF,TY30P,38.014161,113.155144,0, ,0.0,0.0,0.0,0.0,2,8860,0,0,0,0,0,0
TF,D062Q,37.899269,112.922775,0, ,0.0,0.0,0.0,0.0,2,6890,0,1,210,0,0,0

STAR,VAG12A,31,2
IF,VAGBI,38.340556,113.823611, ,0.0,0.0,0,0,0,0,0,0,0,0
TF,TY30P,38.014161,113.155144,0, ,0.0,0.0,0.0,0.0,2,8860,0,0,0,0,0,0
TF,D062Q,37.899269,112.922775,0, ,0.0,0.0,0.0,0.0,2,6890,0,0,0,0,0,0
TF,TYN,37.748333,112.620000,0, ,0.0,0.0,0.0,0.0,2,5910,0,1,210,0,0,0

STAR,VAG8ZA,13,5
IF,VAGBI,38.340556,113.823611, ,0.0,0.0,0,0,0,0,0,0,0,0
TF,SUGDO,38.165833,113.362222,0, ,0.0,0.0,0.0,0.0,0,0,0,0,0,0,0,0
TF,YN514,38.084444,113.128889,0, ,0.0,0.0,0.0,0.0,2,11800,0,0,0,0,0,0
TF,YN511,37.937722,112.783083,0, ,0.0,0.0,0.0,0.0,0,0,0,0,0,0,0,0
TF,YN507,37.833778,112.671889,0, ,0.0,0.0,0.0,0.0,2,8860,0,0,0,0,0,0
TF,YN504,37.977167,112.430056,0, ,0.0,0.0,0.0,0.0,2,6890,0,1,205,0,0,0

STAR,VAG9ZA,31,5
IF,VAGBI,38.340556,113.823611, ,0.0,0.0,0,0,0,0,0,0,0,0
TF,SUGDO,38.165833,113.362222,0, ,0.0,0.0,0.0,0.0,0,0,0,0,0,0,0,0
TF,YN714,38.084444,113.128889,0, ,0.0,0.0,0.0,0.0,2,11800,0,0,0,0,0,0
TF,YN715,37.796944,113.018889,0, ,0.0,0.0,0.0,0.0,2,8860,0,0,0,0,0,0
TF,YN705,37.688833,112.914083,0, ,0.0,0.0,0.0,0.0,2,6890,0,1,205,0,0,0

APPTR,D13,13,D244Q
IF,D244Q,37.603900,112.312831, ,0.0,0.0,2,7880,0,1,210,0,1,0
CI,0, ,0.0,64.0,0,0,0,0,0,0,0,0
AF,D291O,37.821122,112.318264,2,TYN,291.0,15.0,244.0,2,7880,0,0,0,0,0,0
AF,D308O,37.888000,112.358183,2,TYN,308.0,15.0,291.0,2,6890,0,0,0,0,0,1
CF,CD13,37.882164,112.432261,0,TYN,316.0,12.0,136.0,3.0,2,5910,0,0,0,0,1,0

APPTR,D13,13,D280Q
IF,D280Q,37.783206,112.265383, ,0.0,0.0,2,8860,0,1,210,0,1,0
CI,0, ,0.0,100.0,0,0,0,0,0,0,0,0
AF,D291O,37.821122,112.318264,2,TYN,291.0,15.0,280.0,2,7880,0,0,0,0,0,0
AF,D308O,37.888000,112.358183,2,TYN,308.0,15.0,291.0,2,6890,0,0,0,0,0,1
CF,CD13,37.882164,112.432261,0,TYN,316.0,12.0,136.0,3.0,2,5910,0,0,0,0,1,0

APPTR,D13,13,D354Q
IF,D354Q,38.027192,112.554458, ,0.0,0.0,2,6890,0,1,210,0,1,0
CI,0, ,0.0,174.0,0,0,0,0,0,0,0,0
AF,D324O,37.939889,112.416858,1,TYN,324.0,15.0,354.0,0,0,0,0,0,0,0,1
CF,CD13,37.882164,112.432261,0,TYN,316.0,12.0,136.0,3.0,2,5910,0,0,0,0,1,0

APPTR,D13,13,TYN1
IF,TYN,37.748333,112.620000, ,0.0,0.0,2,6890,0,1,210,0,1,0
FD,TYN,37.748333,112.620000,0,TYN,0.0,12.0,333.0,12.0,0,0,0,0,0,0,0,0
CF,CD13,37.882164,112.432261,1,TYN,316.0,12.0,136.0,1.0,2,5910,0,0,0,0,1,0

APPTR,D13,13,TYN2
IF,TYN,37.748333,112.620000, ,0.0,0.0,2,6890,0,1,210,0,1,0
FD,TYN,37.748333,112.620000,0,TYN,0.0,12.0,324.0,12.0,0,0,0,0,0,0,0,0
CF,CD13,37.882164,112.432261,1,TYN,316.0,12.0,136.0,1.0,2,5910,0,0,0,0,1,0

FINAL,D13,13,D,6
IF,CD13,37.882164,112.432261,TYN,316.0,12.0,2,5910,0,0,0,0,0,0
CF,92VOR,37.850964,112.476128,0,TYN,316.0,9.2,136.0,2.8,2,5420,0,0,0,0,0,0
CF,FD13,37.814169,112.527778,0,TYN,316.0,5.9,136.0,3.3,2,4340,0,0,0,0,2,0
CF,42VOR,37.795208,112.554367,0,TYN,316.0,4.2,136.0,1.7,2,3810,0,0,0,0,0,0
CF,26VOR,37.777356,112.579381,0,TYN,316.0,2.6,136.0,1.6,2,3320,0,0,0,0,0,0
CF,MD13,37.760611,112.602817,0,TYN,316.0,1.1,136.0,1.5,1,2807,0,0,0,0,3,0
CF,TYN,37.748333,112.620000,0,TYN,0.0,0.0,136.0,1.1,0,0,0,0,0,0,0,0
FD,TYN,37.748333,112.620000,0,TYN,0.0,6.1,136.0,6.1,2,3610,0,0,0,0,0,0
DF,TYN,37.748333,112.620000,2, ,0.0,0.0,1,6890,0,1,210,0,0,0
HM,TYN,37.748333,112.620000,1, ,0.0,0.0,333.0,04.3,2,6890,0,0,0,0,0,0,0

APPTR,D31,31,D062Q
IF,D062Q,37.899269,112.922775, ,0.0,0.0,2,6890,0,1,210,0,1,0
CI,0, ,0.0,242.0,0,0,0,0,0,0,0,0
AF,D081O,37.804233,112.927364,2,TYN,81.0,15.0,62.0,2,6890,0,0,0,0,0,0
AF,D120O,37.638269,112.902892,2,TYN,120.0,15.0,81.0,0,0,0,0,0,0,0,1
CF,CD31,37.636178,112.828742,0,TYN,128.0,12.0,308.0,3.0,2,5580,0,0,0,0,1,0

APPTR,D31,31,D170Q
IF,D170Q,37.474214,112.711750, ,0.0,0.0,2,7880,0,1,210,0,1,0
CI,0, ,0.0,350.0,0,0,0,0,0,0,0,0
AF,D136O,37.580619,112.853722,1,TYN,136.0,15.0,170.0,0,0,0,0,0,0,0,1
CF,CD31,37.636178,112.828742,0,TYN,128.0,12.0,308.0,3.0,2,5580,0,0,0,0,1,0

APPTR,D31,31,D211Q
IF,D211Q,37.493139,112.464267, ,0.0,0.0,2,7880,0,1,210,0,1,0
CI,0, ,0.0,31.0,0,0,0,0,0,0,0,0
AF,D136O,37.580619,112.853722,1,TYN,136.0,15.0,211.0,0,0,0,0,0,0,0,1
CF,CD31,37.636178,112.828742,0,TYN,128.0,12.0,308.0,3.0,2,5580,0,0,0,0,1,0

APPTR,D31,31,D244Q
IF,D244Q,37.603900,112.312831, ,0.0,0.0,2,7880,0,1,210,0,1,0
CI,0, ,0.0,64.0,0,0,0,0,0,0,0,0
AF,D136O,37.580619,112.853722,1,TYN,136.0,15.0,244.0,0,0,0,0,0,0,0,1
CF,CD31,37.636178,112.828742,0,TYN,128.0,12.0,308.0,3.0,2,5580,0,0,0,0,1,0

APPTR,D31,31,TYN1
IF,TYN,37.748333,112.620000, ,0.0,0.0,2,5910,0,1,210,0,1,0
FD,TYN,37.748333,112.620000,0,TYN,0.0,12.0,145.0,12.0,0,0,0,0,0,0,0,0
CF,CD31,37.636178,112.828742,1,TYN,128.0,12.0,308.0,1.0,2,5580,0,0,0,0,1,0

APPTR,D31,31,TYN2
IF,TYN,37.748333,112.620000, ,0.0,0.0,2,5910,0,1,210,0,1,0
FD,TYN,37.748333,112.620000,0,TYN,0.0,12.0,136.0,12.0,0,0,0,0,0,0,0,0
CF,CD31,37.636178,112.828742,1,TYN,128.0,12.0,308.0,1.0,2,5580,0,0,0,0,1,0

FINAL,D31,31,D,4
IF,CD31,37.636178,112.828742,TYN,128.0,12.0,2,5580,0,0,0,0,0,0
CF,FD31,37.692300,112.724450,0,TYN,128.0,6.0,308.0,6.0,2,4040,0,0,0,0,2,0
CF,38VOR,37.712856,112.686169,0,TYN,128.0,3.8,308.0,2.2,2,3340,0,0,0,0,0,0
CF,MD31,37.726864,112.660056,0,TYN,128.0,2.3,308.0,1.5,1,2892,0,0,0,0,3,0
CF,TYN,37.748333,112.620000,0,TYN,0.0,0.0,308.0,2.3,0,0,0,0,0,0,0,0
FD,TYN,37.748333,112.620000,0,TYN,0.0,6.1,308.0,6.1,2,3610,0,0,0,0,0,0
DF,TYN,37.748333,112.620000,2, ,0.0,0.0,1,5910,0,1,210,0,0,0
HM,TYN,37.748333,112.620000,1, ,0.0,0.0,145.0,04.3,2,6890,0,0,0,0,0,0,0

APPTR,I13-Y,13,D244Q
IF,D244Q,37.603900,112.312831, ,0.0,0.0,2,7880,0,1,210,0,1,0
CI,0, ,0.0,64.0,0,0,0,0,0,0,0,0
AF,D291O,37.821122,112.318264,2,TYN,291.0,15.0,244.0,2,7880,0,0,0,0,0,0
AF,D303O,37.869350,112.343856,2,TYN,303.0,15.0,291.0,2,6890,0,0,0,0,0,1
CF,CI13,37.878131,112.408461,0,ICC,311.0,14.3,131.0,2.0,2,5910,0,0,0,0,1,0

APPTR,I13-Y,13,D280Q
IF,D280Q,37.783206,112.265383, ,0.0,0.0,2,8860,0,1,210,0,1,0
CI,0, ,0.0,100.0,0,0,0,0,0,0,0,0
AF,D291O,37.821122,112.318264,2,TYN,291.0,15.0,280.0,2,7880,0,0,0,0,0,0
AF,D303O,37.869350,112.343856,2,TYN,303.0,15.0,291.0,2,6890,0,0,0,0,0,1
CF,CI13,37.878131,112.408461,0,ICC,311.0,14.3,131.0,2.0,2,5910,0,0,0,0,1,0

APPTR,I13-Y,13,D354Q
IF,D354Q,38.027192,112.554458, ,0.0,0.0,2,6890,0,1,210,0,1,0
CI,0, ,0.0,174.0,0,0,0,0,0,0,0,0
AF,D319O,37.925100,112.396578,1,TYN,319.0,15.0,354.0,0,0,0,0,0,0,0,1
CF,CI13,37.878131,112.408461,0,ICC,311.0,14.3,131.0,2.0,2,5910,0,0,0,0,1,0

APPTR,I13-Y,13,TYN1
IF,TYN,37.748333,112.620000, ,0.0,0.0,2,6890,0,1,210,0,1,0
FD,TYN,37.748333,112.620000,0,TYN,0.0,12.6,327.0,12.6,0,0,0,0,0,0,0,0
CF,CI13,37.878131,112.408461,1,ICC,311.0,14.3,131.0,1.0,2,5910,0,0,0,0,1,0

APPTR,I13-Y,13,TYN2
IF,TYN,37.748333,112.620000, ,0.0,0.0,2,6890,0,1,210,0,1,0
FD,TYN,37.748333,112.620000,0,TYN,0.0,12.6,318.0,12.6,0,0,0,0,0,0,0,0
CF,CI13,37.878131,112.408461,1,ICC,311.0,14.3,131.0,1.0,2,5910,0,0,0,0,1,0

FINAL,I13-Y,13,I,3
IF,CI13,37.878131,112.408461,ICC,311.0,14.3,2,5910,0,0,0,0,0,0
CF,FI13,37.844081,112.465697,0,ICC,311.0,10.9,131.0,3.4,1,5420,0,0,0,0,2,0
CF,RW13,37.755472,112.614186,0,ICC,311.0,2.1,131.0,8.8,1,2597,0,0,0,0,3,0
FD,RW13,37.755472,112.614186,0,TYN,331.1,6.6,131.0,6.6,2,3610,0,0,0,0,0,0
DF,TYN,37.748333,112.620000,2, ,0.0,0.0,1,6890,0,1,210,0,0,0
HM,TYN,37.748333,112.620000,1, ,0.0,0.0,327.0,04.3,2,6890,0,0,0,0,0,0,0

APPTR,I13-Z,13,YN504
IF,YN504,37.977167,112.430056, ,0.0,0.0,2,6890,0,1,205,0,1,0
TF,YN503,37.905333,112.362667,0, ,0.0,0.0,0.0,0.0,2,6730,0,1,180,0,1,0
TF,CI13,37.878131,112.408461,0,ICC,0.0,0.0,0.0,0.0,2,5910,0,0,0,0,0,0

APPTR,I13-Z,13,YN505
IF,YN505,37.842778,112.265833, ,0.0,0.0,2,7880,0,1,205,0,1,0
TF,YN503,37.905333,112.362667,0, ,0.0,0.0,0.0,0.0,2,6730,0,1,180,0,1,0
TF,CI13,37.878131,112.408461,0,ICC,0.0,0.0,0.0,0.0,2,5910,0,0,0,0,0,0

FINAL,I13-Z,13,I,3
IF,CI13,37.878131,112.408461,ICC,311.0,14.3,2,5910,0,0,0,0,0,0
CF,FI13Z,37.844081,112.465697,0,ICC,311.0,10.9,131.0,3.4,1,5420,0,0,0,0,2,0
CF,RW13,37.755472,112.614186,0,ICC,311.0,2.1,131.0,8.8,1,2597,0,0,0,0,3,0
CF,YN516,37.685472,112.731000,0,TYN,129.5,6.5,131.0,7.0,2,3610,0,0,0,0,0,0
TF,YN515,37.771694,112.813083,0, ,0.0,0.0,0.0,0.0,4,5910,4600,1,205,0,0,0
TF,YN504,37.977167,112.430056,1, ,0.0,0.0,0.0,0.0,1,6890,0,0,0,0,0,0
HM,YN504,37.977167,112.430056,1, ,0.0,0.0,221.0,04.3,2,6890,0,1,205,0,0,0,0

APPTR,I31-Y,31,D062Q
IF,D062Q,37.899269,112.922775, ,0.0,0.0,2,6890,0,1,210,0,1,0
CI,0, ,0.0,242.0,0,0,0,0,0,0,0,0
AF,D081O,37.804233,112.927364,2,TYN,81.0,15.0,62.0,2,6890,0,0,0,0,0,0
AF,D123O,37.626667,112.895242,2,TYN,123.0,15.0,81.0,0,0,0,0,0,0,0,1
CF,CI31,37.617014,112.844911,0,IBB,131.0,13.9,311.0,2.0,2,5580,0,0,0,0,1,0

APPTR,I31-Y,31,D170Q
IF,D170Q,37.474214,112.711750, ,0.0,0.0,2,7880,0,1,210,0,1,0
CI,0, ,0.0,350.0,0,0,0,0,0,0,0,0
AF,D139O,37.571136,112.842358,1,TYN,139.0,15.0,170.0,0,0,0,0,0,0,0,1
CF,CI31,37.617014,112.844911,0,IBB,131.0,13.9,311.0,2.0,2,5580,0,0,0,0,1,0

APPTR,I31-Y,31,D211Q
IF,D211Q,37.493139,112.464267, ,0.0,0.0,2,7880,0,1,210,0,1,0
CI,0, ,0.0,31.0,0,0,0,0,0,0,0,0
AF,D139O,37.571136,112.842358,1,TYN,139.0,15.0,211.0,0,0,0,0,0,0,0,1
CF,CI31,37.617014,112.844911,0,IBB,131.0,13.9,311.0,2.0,2,5580,0,0,0,0,1,0

APPTR,I31-Y,31,D244Q
IF,D244Q,37.603900,112.312831, ,0.0,0.0,2,7880,0,1,210,0,1,0
CI,0, ,0.0,64.0,0,0,0,0,0,0,0,0
AF,D139O,37.571136,112.842358,1,TYN,139.0,15.0,244.0,0,0,0,0,0,0,0,1
CF,CI31,37.617014,112.844911,0,IBB,131.0,13.9,311.0,2.0,2,5580,0,0,0,0,1,0

APPTR,I31-Y,31,TYN1
IF,TYN,37.748333,112.620000, ,0.0,0.0,2,5910,0,1,210,0,1,0
FD,TYN,37.748333,112.620000,0,TYN,0.0,13.4,146.0,13.4,0,0,0,0,0,0,0,0
CF,CI31,37.617014,112.844911,1,IBB,131.0,13.9,311.0,1.0,2,5580,0,0,0,0,1,0

APPTR,I31-Y,31,TYN2
IF,TYN,37.748333,112.620000, ,0.0,0.0,2,5910,0,1,210,0,1,0
FD,TYN,37.748333,112.620000,0,TYN,0.0,13.4,138.0,13.4,0,0,0,0,0,0,0,0
CF,CI31,37.617014,112.844911,1,IBB,131.0,13.9,311.0,1.0,2,5580,0,0,0,0,1,0

FINAL,I31-Y,31,I,3
IF,CI31,37.617014,112.844911,IBB,131.0,13.9,2,5580,0,0,0,0,0,0
CF,FI31,37.643192,112.801411,0,IBB,131.0,11.3,311.0,2.6,1,5580,0,0,0,0,2,0
CF,RW31,37.735947,112.646819,0,IBB,131.0,2.1,311.0,9.2,1,2628,0,0,0,0,3,0
FD,RW31,37.735947,112.646819,0,TYN,124.2,5.4,311.0,5.4,2,3610,0,0,0,0,0,0
DF,TYN,37.748333,112.620000,2, ,0.0,0.0,1,5910,0,1,210,0,0,0
HM,TYN,37.748333,112.620000,1, ,0.0,0.0,146.0,04.3,2,6890,0,0,0,0,0,0,0

APPTR,I31-Z,31,YN704
IF,YN704,37.511667,112.743056, ,0.0,0.0,2,6890,0,1,205,0,1,0
TF,YN703,37.616500,112.845694,0,IBB,0.0,0.0,0.0,0.0,2,5580,0,1,180,0,1,0

APPTR,I31-Z,31,YN705
IF,YN705,37.688833,112.914083, ,0.0,0.0,2,6890,0,1,205,0,1,0
TF,YN703,37.616500,112.845694,0,IBB,0.0,0.0,0.0,0.0,2,5580,0,1,180,0,1,0

FINAL,I31-Z,31,I,3
IF,YN703,37.616500,112.845694,IBB,131.0,14.0,2,5580,0,1,180,0,0,0
CF,FI31Z,37.643192,112.801411,0,IBB,131.0,11.3,311.0,2.7,1,5580,0,0,0,0,2,0
CF,RW31,37.735947,112.646819,0,IBB,131.0,2.1,311.0,9.2,1,2628,0,0,0,0,3,0
CF,YN719,37.805917,112.529639,0,TYN,312.8,5.5,311.0,7.0,2,3610,0,0,0,0,0,0
TF,YN718,37.892389,112.611667,0, ,0.0,0.0,0.0,0.0,4,5910,4600,1,205,0,0,0
TF,YN705,37.688833,112.914083,2, ,0.0,0.0,0.0,0.0,1,6890,0,0,0,0,0,0
HM,YN705,37.688833,112.914083,2, ,0.0,0.0,221.0,04.3,2,6890,0,1,205,0,0,0,0

