SID,DOP01D,08,2
CD, ,0,0,0,DYG,0,0.0,79.0,8.9,2,2300,0,0,0,0,0,0
CF,D080L,29.140156,110.623111,0,DYG,79.2,11.8,79.0,3.0,2,3120,0,0,0,0,0,1
CF,D059C,29.116686,110.444436,1,DYG,59.0,2.5,239.0,9.0,2,5910,0,1,205,0,0,1
VI,0, ,0.0,156.0,0,0,0,0,0,0,0,0
CF,DOPNI,28.659167,111.171944,0,DYG,125.6,48.0,126.0,47.0,0,0,0,0,0,0,0,0

SID,DOP07D,08,5
CF,DG451,29.143083,110.624000,0,DYG,78.4,11.9,79.0,10.0,2,3610,0,0,0,0,0,1
DF,DG453,29.020389,110.774611,0, ,0.0,0.0,2,5910,0,1,230,0,0,0
TF,DG454,28.822528,110.890833,0, ,0.0,0.0,0.0,0.0,0,0,0,0,0,0,0,0
TF,DOPNI,28.659167,111.171944,0, ,0.0,0.0,0.0,0.0,0,0,0,0,0,0,0,0

SID,DOP11D,26,2
CD, ,0,0,0,DYG,0,0.0,259.0,7.2,2,3290,0,0,0,0,0,0
CF,DYG,29.093333,110.405000,2,DYG,0.0,0.0,110.0,7.0,2,5910,0,1,205,0,0,0
TF,DOPNI,28.659167,111.171944,0, ,0.0,0.0,0.0,0.0,0,0,0,0,0,0,0,0

SID,DOP17D,26,5
CF,DG461,29.064889,110.273611,0,DYG,259.2,7.1,259.0,9.0,2,3290,0,0,0,0,0,1
VI,2, ,0.0,64.0,0,0,0,0,0,0,0,0
CF,DG455,29.172111,110.395778,0,DYG,357.1,4.7,94.0,4.0,2,7880,0,1,230,0,0,0
TF,DG463,28.956750,110.652250,0, ,0.0,0.0,0.0,0.0,0,0,0,0,0,0,0,0
TF,DOPNI,28.659167,111.171944,0, ,0.0,0.0,0.0,0.0,0,0,0,0,0,0,0,0

SID,ENH01D,08,2
CD, ,0,0,0,DYG,0,0.0,79.0,8.9,2,2300,0,0,0,0,0,0
CF,D080L,29.140156,110.623111,0,DYG,79.2,11.8,79.0,3.0,2,3120,0,0,0,0,0,1
CF,D059C,29.116686,110.444436,1,DYG,59.0,2.5,239.0,9.0,2,5910,0,1,205,0,0,1
CF,IGPAR,29.490000,110.141111,2,DYG,332.8,27.5,333.0,25.0,0,0,0,0,0,0,0,0
TF,ENH,30.291667,109.601667,0, ,0.0,0.0,0.0,0.0,0,0,0,0,0,0,0,0

SID,ENH07D,08,5
CF,DG451,29.143083,110.624000,0,DYG,78.4,11.9,79.0,10.0,2,3610,0,0,0,0,0,1
VI,1, ,0.0,278.0,0,0,0,0,0,0,0,0
CF,DG455,29.172111,110.395778,0,DYG,357.1,4.7,248.0,8.0,2,7880,0,1,230,0,0,0
TF,DG456,29.395806,110.205750,0, ,0.0,0.0,0.0,0.0,0,0,0,0,0,0,0,0
TF,IGPAR,29.490000,110.141111,0, ,0.0,0.0,0.0,0.0,0,0,0,0,0,0,0,0
TF,ENH,30.291667,109.601667,0, ,0.0,0.0,0.0,0.0,0,0,0,0,0,0,0,0

SID,ENH11D,26,2
CD, ,0,0,0,DYG,0,0.0,259.0,7.2,2,3290,0,0,0,0,0,0
CF,D333I,29.226183,110.316883,2,DYG,332.8,9.2,37.0,8.0,2,5910,0,1,205,0,0,0
TF,IGPAR,29.490000,110.141111,0, ,0.0,0.0,0.0,0.0,0,0,0,0,0,0,0,0
TF,ENH,30.291667,109.601667,0, ,0.0,0.0,0.0,0.0,0,0,0,0,0,0,0,0

SID,ENH17D,26,5
CF,DG461,29.064889,110.273611,0,DYG,259.2,7.1,259.0,9.0,2,3290,0,0,0,0,0,1
DF,DG456,29.395806,110.205750,2, ,0.0,0.0,2,9850,0,0,0,0,0,0
TF,IGPAR,29.490000,110.141111,0, ,0.0,0.0,0.0,0.0,0,0,0,0,0,0,0,0
TF,ENH,30.291667,109.601667,0, ,0.0,0.0,0.0,0.0,0,0,0,0,0,0,0,0

SID,HUY01D,08,2
CD, ,0,0,0,DYG,0,0.0,79.0,8.9,2,2300,0,0,0,0,0,0
CF,D080L,29.140156,110.623111,0,DYG,79.2,11.8,79.0,3.0,2,3120,0,0,0,0,0,1
CF,D059C,29.116686,110.444436,1,DYG,59.0,2.5,239.0,9.0,2,5910,0,1,205,0,0,0
TF,DYG,29.093333,110.405000,0, ,0.0,0.0,0.0,0.0,0,0,0,0,0,0,0,0
TF,HUY,28.580000,109.450000,0, ,0.0,0.0,0.0,0.0,0,0,0,0,0,0,0,0

SID,HUY07D,08,5
CF,DG451,29.143083,110.624000,0,DYG,78.4,11.9,79.0,10.0,2,3610,0,0,0,0,0,1
VI,1, ,0.0,278.0,0,0,0,0,0,0,0,0
CF,DG455,29.172111,110.395778,0,DYG,357.1,4.7,248.0,8.0,2,7880,0,1,230,0,0,0
TF,DG966,28.912306,110.067333,0, ,0.0,0.0,0.0,0.0,0,0,0,0,0,0,0,0
TF,HUY,28.580000,109.450000,0, ,0.0,0.0,0.0,0.0,0,0,0,0,0,0,0,0

SID,HUY11D,26,2
CD, ,0,0,0,DYG,0,0.0,259.0,7.2,2,3290,0,0,0,0,0,0
CF,D241L,28.989406,110.209864,0,DYG,241.8,12.0,212.0,5.0,2,4930,0,1,205,0,0,0
TF,D241O,28.966850,110.167636,0, ,0.0,0.0,0.0,0.0,2,5910,0,0,0,0,0,0
TF,HUY,28.580000,109.450000,0, ,0.0,0.0,0.0,0.0,0,0,0,0,0,0,0,0

SID,HUY17D,26,5
CF,DG462,29.043778,110.179778,0,DYG,259.0,12.2,259.0,14.0,2,4930,0,0,0,0,0,1
DF,DG964,28.851222,109.954000,0, ,0.0,0.0,2,9850,0,0,0,0,0,0
TF,HUY,28.580000,109.450000,0, ,0.0,0.0,0.0,0.0,0,0,0,0,0,0,0,0

SID,KAL01D,08,2
CD, ,0,0,0,DYG,0,0.0,79.0,8.9,2,2300,0,0,0,0,0,0
CF,D080L,29.140156,110.623111,0,DYG,79.2,11.8,79.0,3.0,2,3120,0,0,0,0,0,0
TF,D080T,29.172092,110.772944,0, ,0.0,0.0,0.0,0.0,2,5910,0,0,0,0,0,0
TF,KALMU,29.340833,111.579722,0, ,0.0,0.0,0.0,0.0,0,0,0,0,0,0,0,0

SID,KAL07D,08,5
CF,DG451,29.143083,110.624000,0,DYG,78.4,11.9,79.0,10.0,2,3610,0,0,0,0,0,1
DF,DG452,29.172917,110.774389,0, ,0.0,0.0,2,5910,0,0,0,0,0,0
TF,KALMU,29.340833,111.579722,0, ,0.0,0.0,0.0,0.0,0,0,0,0,0,0,0,0

SID,KAL11D,26,2
CD, ,0,0,0,DYG,0,0.0,259.0,7.2,2,3290,0,0,0,0,0,0
CF,DYG,29.093333,110.405000,2,DYG,0.0,0.0,110.0,7.0,2,5910,0,1,205,0,0,0
TF,KALMU,29.340833,111.579722,0, ,0.0,0.0,0.0,0.0,0,0,0,0,0,0,0,0

SID,KAL17D,26,5
CF,DG461,29.064889,110.273611,0,DYG,259.2,7.1,259.0,9.0,2,3290,0,0,0,0,0,1
VI,2, ,0.0,64.0,0,0,0,0,0,0,0,0
CF,DG455,29.172111,110.395778,0,DYG,357.1,4.7,94.0,4.0,2,7880,0,1,230,0,0,0
TF,DG452,29.172917,110.774389,0, ,0.0,0.0,0.0,0.0,0,0,0,0,0,0,0,0
TF,KALMU,29.340833,111.579722,0, ,0.0,0.0,0.0,0.0,0,0,0,0,0,0,0,0

SID,LIN01D,08,2
CD, ,0,0,0,DYG,0,0.0,79.0,8.9,2,2300,0,0,0,0,0,0
CF,D080L,29.140156,110.623111,0,DYG,79.2,11.8,79.0,3.0,2,3120,0,0,0,0,0,0
TF,D080T,29.172092,110.772944,0, ,0.0,0.0,0.0,0.0,2,5910,0,0,0,0,0,0
TF,KALMU,29.340833,111.579722,0, ,0.0,0.0,0.0,0.0,0,0,0,0,0,0,0,0
TF,LIN,29.353333,111.648333,0, ,0.0,0.0,0.0,0.0,0,0,0,0,0,0,0,0

SID,LIN07D,08,5
CF,DG451,29.143083,110.624000,0,DYG,78.4,11.9,79.0,10.0,2,3610,0,0,0,0,0,1
DF,DG452,29.172917,110.774389,0, ,0.0,0.0,2,5910,0,0,0,0,0,0
TF,KALMU,29.340833,111.579722,0, ,0.0,0.0,0.0,0.0,0,0,0,0,0,0,0,0
TF,LIN,29.353333,111.648333,0, ,0.0,0.0,0.0,0.0,0,0,0,0,0,0,0,0

SID,LIN11D,26,2
CD, ,0,0,0,DYG,0,0.0,259.0,7.2,2,3290,0,0,0,0,0,0
CF,DYG,29.093333,110.405000,2,DYG,0.0,0.0,110.0,7.0,2,5910,0,1,205,0,0,0
TF,KALMU,29.340833,111.579722,0, ,0.0,0.0,0.0,0.0,0,0,0,0,0,0,0,0
TF,LIN,29.353333,111.648333,0, ,0.0,0.0,0.0,0.0,0,0,0,0,0,0,0,0

SID,LIN17D,26,5
CF,DG461,29.064889,110.273611,0,DYG,259.2,7.1,259.0,9.0,2,3290,0,0,0,0,0,1
VI,2, ,0.0,64.0,0,0,0,0,0,0,0,0
CF,DG455,29.172111,110.395778,0,DYG,357.1,4.7,94.0,4.0,2,7880,0,1,230,0,0,0
TF,DG452,29.172917,110.774389,0, ,0.0,0.0,0.0,0.0,0,0,0,0,0,0,0,0
TF,KALMU,29.340833,111.579722,0, ,0.0,0.0,0.0,0.0,0,0,0,0,0,0,0,0
TF,LIN,29.353333,111.648333,0, ,0.0,0.0,0.0,0.0,0,0,0,0,0,0,0,0

STAR,DOP01A,08,2
IF,DOPNI,28.659167,111.171944, ,0.0,0.0,0,0,0,0,0,0,0,0
TF,D126H,29.021325,110.533181,0, ,0.0,0.0,0.0,0.0,2,8860,0,0,0,0,0,0
TF,DYG,29.093333,110.405000,0, ,0.0,0.0,0.0,0.0,2,6890,0,1,205,0,0,0

STAR,DOP07A,08,5
IF,DOPNI,28.659167,111.171944, ,0.0,0.0,0,0,0,0,0,0,0,0
TF,DG952,28.750611,111.022722,0, ,0.0,0.0,0.0,0.0,0,0,0,0,0,0,0,0
TF,DG954,28.813444,110.910722,0, ,0.0,0.0,0.0,0.0,0,0,0,0,0,0,0,0
TF,DG955,28.870889,110.808000,0, ,0.0,0.0,0.0,0.0,2,8860,0,0,0,0,0,0
TF,DG828,29.183528,110.436694,0, ,0.0,0.0,0.0,0.0,0,0,0,0,0,0,0,0
TF,JX001,29.180667,110.398750,0, ,0.0,0.0,0.0,0.0,2,5910,0,1,250,0,0,0

STAR,DOP11A,26,2
IF,DOPNI,28.659167,111.171944, ,0.0,0.0,0,0,0,0,0,0,0,0
TF,D126H,29.021325,110.533181,0, ,0.0,0.0,0.0,0.0,2,8860,0,0,0,0,0,0
TF,DYG,29.093333,110.405000,0, ,0.0,0.0,0.0,0.0,2,6890,0,1,205,0,0,0

STAR,DOP16A,26,5
IF,DOPNI,28.659167,111.171944, ,0.0,0.0,0,0,0,0,0,0,0,0
TF,DG952,28.750611,111.022722,0, ,0.0,0.0,0.0,0.0,0,0,0,0,0,0,0,0
TF,DG954,28.813444,110.910722,0, ,0.0,0.0,0.0,0.0,0,0,0,0,0,0,0,0
TF,DG955,28.870889,110.808000,0, ,0.0,0.0,0.0,0.0,2,8860,0,1,250,0,0,0

STAR,DOP17A,26,5
IF,DOPNI,28.659167,111.171944, ,0.0,0.0,0,0,0,0,0,0,0,0
TF,DG952,28.750611,111.022722,0, ,0.0,0.0,0.0,0.0,0,0,0,0,0,0,0,0
TF,DG954,28.813444,110.910722,0, ,0.0,0.0,0.0,0.0,0,0,0,0,0,0,0,0
TF,DG955,28.870889,110.808000,0, ,0.0,0.0,0.0,0.0,2,8860,0,0,0,0,0,0
TF,DG828,29.183528,110.436694,0, ,0.0,0.0,0.0,0.0,0,0,0,0,0,0,0,0
TF,JX001,29.180667,110.398750,0, ,0.0,0.0,0.0,0.0,2,5910,0,1,250,0,0,0

STAR,ENH01A,08,2
IF,ENH,30.291667,109.601667, ,0.0,0.0,0,0,0,0,0,0,0,0
TF,IGPAR,29.490000,110.141111,0, ,0.0,0.0,0.0,0.0,0,0,0,0,0,0,0,0
TF,D333U,29.395208,110.204811,0, ,0.0,0.0,0.0,0.0,2,7880,0,1,205,0,0,0

STAR,ENH03A,08,2
IF,ENH,30.291667,109.601667, ,0.0,0.0,0,0,0,0,0,0,0,0
TF,IGPAR,29.490000,110.141111,0, ,0.0,0.0,0.0,0.0,0,0,0,0,0,0,0,0
TF,D333U,29.395208,110.204811,0, ,0.0,0.0,0.0,0.0,2,7880,0,0,0,0,0,0
TF,DYG,29.093333,110.405000,0, ,0.0,0.0,0.0,0.0,2,6890,0,1,205,0,0,0

STAR,ENH06A,08,5
IF,ENH,30.291667,109.601667, ,0.0,0.0,0,0,0,0,0,0,0,0
TF,IGPAR,29.490000,110.141111,0, ,0.0,0.0,0.0,0.0,2,9850,0,0,0,0,0,0
TF,DG988,29.395639,110.205444,0, ,0.0,0.0,0.0,0.0,2,7880,0,1,250,0,0,0

STAR,ENH07A,08,5
IF,ENH,30.291667,109.601667, ,0.0,0.0,0,0,0,0,0,0,0,0
TF,IGPAR,29.490000,110.141111,0, ,0.0,0.0,0.0,0.0,2,9850,0,0,0,0,0,0
TF,DG988,29.395639,110.205444,0, ,0.0,0.0,0.0,0.0,2,7880,0,0,0,0,0,0
TF,JX001,29.180667,110.398750,0, ,0.0,0.0,0.0,0.0,2,5910,0,1,250,0,0,0

STAR,ENH11A,26,2
IF,ENH,30.291667,109.601667, ,0.0,0.0,0,0,0,0,0,0,0,0
TF,IGPAR,29.490000,110.141111,0, ,0.0,0.0,0.0,0.0,0,0,0,0,0,0,0,0
TF,D333T,29.376439,110.217297,0, ,0.0,0.0,0.0,0.0,2,7880,0,1,205,0,0,0

STAR,ENH13A,26,2
IF,ENH,30.291667,109.601667, ,0.0,0.0,0,0,0,0,0,0,0,0
TF,IGPAR,29.490000,110.141111,0, ,0.0,0.0,0.0,0.0,0,0,0,0,0,0,0,0
TF,D333T,29.376439,110.217297,0, ,0.0,0.0,0.0,0.0,2,7880,0,0,0,0,0,0
TF,DYG,29.093333,110.405000,0, ,0.0,0.0,0.0,0.0,2,6890,0,1,205,0,0,0

STAR,ENH16A,26,5
IF,ENH,30.291667,109.601667, ,0.0,0.0,0,0,0,0,0,0,0,0
TF,IGPAR,29.490000,110.141111,0, ,0.0,0.0,0.0,0.0,2,9850,0,0,0,0,0,0
TF,DG988,29.395639,110.205444,0, ,0.0,0.0,0.0,0.0,2,7880,0,1,250,0,0,0

STAR,ENH17A,26,5
IF,ENH,30.291667,109.601667, ,0.0,0.0,0,0,0,0,0,0,0,0
TF,IGPAR,29.490000,110.141111,0, ,0.0,0.0,0.0,0.0,2,9850,0,0,0,0,0,0
TF,DG988,29.395639,110.205444,0, ,0.0,0.0,0.0,0.0,2,7880,0,0,0,0,0,0
TF,JX001,29.180667,110.398750,0, ,0.0,0.0,0.0,0.0,2,5910,0,1,250,0,0,0

STAR,HUY01A,08,2
IF,HUY,28.580000,109.450000, ,0.0,0.0,0,0,0,0,0,0,0,0
TF,D241U,28.912142,110.065392,0, ,0.0,0.0,0.0,0.0,2,6890,0,1,205,0,0,0

STAR,HUY03A,08,2
IF,HUY,28.580000,109.450000, ,0.0,0.0,0,0,0,0,0,0,0,0
TF,D241U,28.912142,110.065392,0, ,0.0,0.0,0.0,0.0,2,6890,0,0,0,0,0,0
TF,DYG,29.093333,110.405000,0, ,0.0,0.0,0.0,0.0,2,6890,0,1,205,0,0,0

STAR,HUY06A,08,5
IF,HUY,28.580000,109.450000, ,0.0,0.0,0,0,0,0,0,0,0,0
TF,DG964,28.851222,109.954000,0, ,0.0,0.0,0.0,0.0,2,7880,0,1,250,0,0,0

STAR,HUY07A,08,5
IF,HUY,28.580000,109.450000, ,0.0,0.0,0,0,0,0,0,0,0,0
TF,DG964,28.851222,109.954000,0, ,0.0,0.0,0.0,0.0,2,7880,0,0,0,0,0,0
TF,DG966,28.912306,110.067333,0, ,0.0,0.0,0.0,0.0,2,6890,0,0,0,0,0,0
TF,DG674,29.046944,110.188778,0, ,0.0,0.0,0.0,0.0,2,6570,0,0,0,0,0,0
TF,DG672,29.151611,110.283472,0, ,0.0,0.0,0.0,0.0,0,0,0,0,0,0,0,0
TF,JX001,29.180667,110.398750,0, ,0.0,0.0,0.0,0.0,2,5910,0,1,250,0,0,0

STAR,HUY11A,26,2
IF,HUY,28.580000,109.450000, ,0.0,0.0,0,0,0,0,0,0,0,0
TF,D241K,28.998078,110.226111,0, ,0.0,0.0,0.0,0.0,2,7880,0,0,0,0,0,0
TF,DYG,29.093333,110.405000,0, ,0.0,0.0,0.0,0.0,2,6890,0,1,205,0,0,0

STAR,HUY17A,26,5
IF,HUY,28.580000,109.450000, ,0.0,0.0,0,0,0,0,0,0,0,0
TF,DG964,28.851222,109.954000,0, ,0.0,0.0,0.0,0.0,2,7880,0,1,250,0,0,0
TF,DG966,28.912306,110.067333,0, ,0.0,0.0,0.0,0.0,2,6890,0,0,0,0,0,0
TF,DG674,29.046944,110.188778,0, ,0.0,0.0,0.0,0.0,2,6570,0,0,0,0,0,0
TF,DG672,29.151611,110.283472,0, ,0.0,0.0,0.0,0.0,0,0,0,0,0,0,0,0
TF,JX001,29.180667,110.398750,0, ,0.0,0.0,0.0,0.0,2,5910,0,1,250,0,0,0

STAR,KAL01A,08,2
IF,KALMU,29.340833,111.579722, ,0.0,0.0,0,0,0,0,0,0,0,0
TF,D080N,29.150592,110.671150,0, ,0.0,0.0,0.0,0.0,2,7880,0,0,0,0,0,0
TF,DYG,29.093333,110.405000,0, ,0.0,0.0,0.0,0.0,2,6890,0,1,205,0,0,0

STAR,KAL11A,26,2
IF,KALMU,29.340833,111.579722, ,0.0,0.0,0,0,0,0,0,0,0,0
TF,D080X,29.187686,110.845044,0, ,0.0,0.0,0.0,0.0,2,6890,0,1,205,0,0,0

STAR,KAL13A,26,2
IF,KALMU,29.340833,111.579722, ,0.0,0.0,0,0,0,0,0,0,0,0
TF,D080X,29.187686,110.845044,0, ,0.0,0.0,0.0,0.0,2,6890,0,0,0,0,0,0
TF,DYG,29.093333,110.405000,0, ,0.0,0.0,0.0,0.0,2,6890,0,1,205,0,0,0

STAR,LIN01A,08,2
IF,LIN,29.353333,111.648333, ,0.0,0.0,0,0,0,0,0,0,0,0
TF,KALMU,29.340833,111.579722,0, ,0.0,0.0,0.0,0.0,0,0,0,0,0,0,0,0
TF,D080N,29.150592,110.671150,0, ,0.0,0.0,0.0,0.0,2,7880,0,0,0,0,0,0
TF,DYG,29.093333,110.405000,0, ,0.0,0.0,0.0,0.0,2,6890,0,1,205,0,0,0

STAR,LIN07A,08,5
IF,LIN,29.353333,111.648333, ,0.0,0.0,0,0,0,0,0,0,0,0
TF,KALMU,29.340833,111.579722,0, ,0.0,0.0,0.0,0.0,2,13800,0,0,0,0,0,0
TF,DG940,29.279083,111.278111,0, ,0.0,0.0,0.0,0.0,0,0,0,0,0,0,0,0
TF,DG942,29.225972,110.998806,0, ,0.0,0.0,0.0,0.0,0,0,0,0,0,0,0,0
TF,DG944,29.192250,110.845472,0, ,0.0,0.0,0.0,0.0,2,5910,0,1,250,0,0,0
TF,DG828,29.183528,110.436694,0, ,0.0,0.0,0.0,0.0,0,0,0,0,0,0,0,0
TF,JX001,29.180667,110.398750,0, ,0.0,0.0,0.0,0.0,2,5910,0,1,250,0,0,0

STAR,LIN11A,26,2
IF,LIN,29.353333,111.648333, ,0.0,0.0,0,0,0,0,0,0,0,0
TF,KALMU,29.340833,111.579722,0, ,0.0,0.0,0.0,0.0,0,0,0,0,0,0,0,0
TF,D080X,29.187686,110.845044,0, ,0.0,0.0,0.0,0.0,2,6890,0,1,205,0,0,0

STAR,LIN13A,26,2
IF,LIN,29.353333,111.648333, ,0.0,0.0,0,0,0,0,0,0,0,0
TF,KALMU,29.340833,111.579722,0, ,0.0,0.0,0.0,0.0,0,0,0,0,0,0,0,0
TF,D080X,29.187686,110.845044,0, ,0.0,0.0,0.0,0.0,2,6890,0,0,0,0,0,0
TF,DYG,29.093333,110.405000,0, ,0.0,0.0,0.0,0.0,2,6890,0,1,205,0,0,0

STAR,LIN16A,26,5
IF,LIN,29.353333,111.648333, ,0.0,0.0,0,0,0,0,0,0,0,0
TF,KALMU,29.340833,111.579722,0, ,0.0,0.0,0.0,0.0,2,13800,0,0,0,0,0,0
TF,DG940,29.279083,111.278111,0, ,0.0,0.0,0.0,0.0,0,0,0,0,0,0,0,0
TF,DG942,29.225972,110.998806,0, ,0.0,0.0,0.0,0.0,0,0,0,0,0,0,0,0
TF,DG944,29.192250,110.845472,0, ,0.0,0.0,0.0,0.0,2,5910,0,1,250,0,0,0

STAR,LIN17A,26,5
IF,LIN,29.353333,111.648333, ,0.0,0.0,0,0,0,0,0,0,0,0
TF,KALMU,29.340833,111.579722,0, ,0.0,0.0,0.0,0.0,2,13800,0,0,0,0,0,0
TF,DG940,29.279083,111.278111,0, ,0.0,0.0,0.0,0.0,0,0,0,0,0,0,0,0
TF,DG942,29.225972,110.998806,0, ,0.0,0.0,0.0,0.0,0,0,0,0,0,0,0,0
TF,DG944,29.192250,110.845472,0, ,0.0,0.0,0.0,0.0,2,5910,0,0,0,0,0,0
TF,DG828,29.183528,110.436694,0, ,0.0,0.0,0.0,0.0,0,0,0,0,0,0,0,0
TF,JX001,29.180667,110.398750,0, ,0.0,0.0,0.0,0.0,2,5910,0,1,250,0,0,0

APPTR,D08-Z,08,D241U
IF,D241U,28.912142,110.065392, ,0.0,0.0,2,6890,0,1,205,0,1,0
CI,0, ,0.0,61.0,0,0,0,0,0,0,0,0
AF,D257S,29.003978,110.052361,2,DYG,257.0,19.3,241.0,0,0,0,0,0,0,0,0
CF,D263R,29.042156,110.077297,0,DYG,263.0,17.5,83.0,2.0,2,5910,0,0,0,0,0,0
CF,D263N,29.053628,110.150300,0,DYG,263.0,13.6,83.0,3.9,2,5250,0,0,0,0,0,0
CF,CD08,29.059206,110.185869,0,DYG,263.0,11.7,83.0,1.9,2,4600,0,0,0,0,1,0

APPTR,D08-Z,08,D287U
IF,D287U,29.177261,110.018892, ,0.0,0.0,2,6890,0,1,205,0,1,0
CI,0, ,0.0,107.0,0,0,0,0,0,0,0,0
AF,D268S,29.064728,110.039331,1,DYG,268.0,19.3,287.0,0,0,0,0,0,0,0,0
CF,D263R,29.042156,110.077297,0,DYG,263.0,17.5,83.0,2.0,2,5910,0,0,0,0,0,0
CF,D263N,29.053628,110.150300,0,DYG,263.0,13.6,83.0,3.9,2,5250,0,0,0,0,0,0
CF,CD08,29.059206,110.185869,0,DYG,263.0,11.7,83.0,1.9,2,4600,0,0,0,0,1,0

APPTR,D08-Z,08,D333U
IF,D333U,29.395208,110.204811, ,0.0,0.0,2,7880,0,1,205,0,1,0
CI,0, ,0.0,153.0,0,0,0,0,0,0,0,0
AF,D268S,29.064728,110.039331,1,DYG,268.0,19.3,333.0,0,0,0,0,0,0,0,0
CF,D263R,29.042156,110.077297,0,DYG,263.0,17.5,83.0,2.0,2,5910,0,0,0,0,0,0
CF,D263N,29.053628,110.150300,0,DYG,263.0,13.6,83.0,3.9,2,5250,0,0,0,0,0,0
CF,CD08,29.059206,110.185869,0,DYG,263.0,11.7,83.0,1.9,2,4600,0,0,0,0,1,0

APPTR,D08-Z,08,DYG
IF,DYG,29.093333,110.405000, ,0.0,0.0,2,6890,0,1,205,0,1,0
FD,DYG,29.093333,110.405000,0,DYG,0.0,17.5,287.0,17.5,2,5910,0,0,0,0,0,0
CI,0, ,0.0,287.0,0,0,0,0,0,0,0,0
AF,D268S,29.064728,110.039331,1,DYG,268.0,19.3,287.0,0,0,0,0,0,0,0,0
CF,D263R,29.042156,110.077297,0,DYG,263.0,17.5,83.0,2.0,2,5910,0,0,0,0,0,0
CF,D263N,29.053628,110.150300,0,DYG,263.0,13.6,83.0,3.9,2,5250,0,0,0,0,0,0
CF,CD08,29.059206,110.185869,0,DYG,263.0,11.7,83.0,1.9,2,4600,0,0,0,0,1,0

FINAL,D08-Z,08,D,4
IF,CD08,29.059206,110.185869,DYG,263.0,11.7,2,4600,0,0,0,0,0,0
CF,FD08,29.070036,110.255153,0,DYG,263.0,8.0,83.0,3.7,2,3940,0,0,0,0,2,0
CF,41VOR,29.081414,110.328194,0,DYG,263.0,4.1,83.0,3.9,2,2600,0,0,0,0,0,0
CF,DYG,29.093333,110.405000,0,DYG,0.0,0.0,83.0,4.1,1,1245,0,0,0,0,3,0
FD,DYG,29.093333,110.405000,0,DYG,0.0,7.1,79.0,7.1,0,0,0,0,0,0,0,0
DF,DYG,29.093333,110.405000,1, ,0.0,0.0,1,6890,0,1,185,0,0,0

APPTR,D26-Z,26,D080X
IF,D080X,29.187686,110.845044, ,0.0,0.0,2,6890,0,1,205,0,1,0
CF,D078R,29.170767,110.736011,0,DYG,78.0,18.0,262.0,5.8,2,4930,0,0,0,0,1,0
CF,FD26,29.145906,110.629297,0,DYG,78.0,12.2,258.0,5.8,2,3940,0,0,0,0,0,0

APPTR,D26-Z,26,D333T
IF,D333T,29.376439,110.217297, ,0.0,0.0,2,7880,0,1,205,0,1,0
CI,0, ,0.0,153.0,0,0,0,0,0,0,0,0
AF,D050R,29.298217,110.655936,2,DYG,50.0,18.0,333.0,2,5910,0,0,0,0,0,0
AF,D073R,29.195814,110.727100,2,DYG,73.0,18.0,50.0,0,0,0,0,0,0,0,0
AF,D078R,29.170767,110.736011,2,DYG,78.0,18.0,73.0,2,4930,0,0,0,0,1,0
CF,FD26,29.145906,110.629297,0,DYG,78.0,12.2,258.0,5.8,2,3940,0,0,0,0,0,0

APPTR,D26-Z,26,DYG
IF,DYG,29.093333,110.405000, ,0.0,0.0,2,6890,0,1,205,0,1,0
FD,DYG,29.093333,110.405000,0,DYG,0.0,16.3,66.0,16.3,0,0,0,0,0,0,0,0
DF,D078R,29.170767,110.736011,2, ,0.0,0.0,2,4930,0,0,0,0,1,0
CF,FD26,29.145906,110.629297,0,DYG,78.0,12.2,258.0,5.8,2,3940,0,0,0,0,0,0

FINAL,D26-Z,26,D,4
IF,FD26,29.145906,110.629297,DYG,78.0,12.2,2,3940,0,0,0,0,2,0
CF,93VOR,29.133442,110.575961,0,DYG,78.0,9.3,258.0,2.9,2,2960,0,0,0,0,0,0
CF,64VOR,29.120958,110.522636,0,DYG,78.0,6.4,258.0,2.9,2,1970,0,0,0,0,0,0
CF,MD26,29.113200,110.489544,0,DYG,78.0,4.6,258.0,1.8,1,1340,0,0,0,0,3,0
CF,DYG,29.093333,110.405000,0,DYG,0.0,0.0,258.0,4.6,0,0,0,0,0,0,0,0
FA,DYG,29.093333,110.405000,0,DYG,0.0,0.0,263.0,2,3290,0,0,0,0,0,0
DF,DYG,29.093333,110.405000,2, ,0.0,0.0,1,6890,0,1,185,0,0,0

APPTR,I08-X,08,DG964
IF,DG964,28.851222,109.954000, ,0.0,0.0,2,7880,0,1,250,0,1,0
TF,DG916,28.985944,110.055139,0, ,0.0,0.0,0.0,0.0,2,4930,0,0,0,0,0,0
TF,DG914,29.025333,110.099917,0, ,0.0,0.0,0.0,0.0,0,0,0,0,0,0,0,0
TF,DG906,29.048278,110.199778,0,IZJ,0.0,0.0,0.0,0.0,2,3940,0,1,220,0,1,0

APPTR,I08-X,08,DG988
IF,DG988,29.395639,110.205444, ,0.0,0.0,2,7880,0,1,250,0,1,0
TF,DG910,29.160194,110.128611,0, ,0.0,0.0,0.0,0.0,2,5750,0,0,0,0,0,0
TF,DG908,29.064194,110.138111,0, ,0.0,0.0,0.0,0.0,2,5250,0,0,0,0,0,0
TF,DG906,29.048278,110.199778,0,IZJ,0.0,0.0,0.0,0.0,2,3940,0,1,220,0,1,0

APPTR,I08-X,08,JX001
IF,JX001,29.180667,110.398750, ,0.0,0.0,2,5910,0,1,250,0,1,0
TF,DG910,29.160194,110.128611,0, ,0.0,0.0,0.0,0.0,2,5750,0,0,0,0,0,0
TF,DG908,29.064194,110.138111,0, ,0.0,0.0,0.0,0.0,2,5250,0,0,0,0,0,0
TF,DG906,29.048278,110.199778,0,IZJ,0.0,0.0,0.0,0.0,2,3940,0,1,220,0,1,0

FINAL,I08-X,08,I,3
IF,DG906,29.048278,110.199778,IZJ,258.8,14.1,2,3940,0,1,220,0,0,0
CF,FI08,29.061642,110.258606,0,IZJ,258.8,10.9,79.0,3.2,1,3940,0,0,0,0,2,0
CF,RW08,29.100069,110.430653,0,IZJ,258.8,1.5,79.0,9.3,1,768,0,0,0,0,3,0
CF,DG900,29.131056,110.569417,0,DYG,78.3,8.9,79.0,7.5,0,0,0,0,0,0,0,0
TF,DG921,29.156167,110.682389,0, ,0.0,0.0,0.0,0.0,0,0,0,0,0,0,0,0
TF,DG923,29.239389,110.738972,0, ,0.0,0.0,0.0,0.0,0,0,0,0,0,0,0,0
TF,DG925,29.291611,110.639139,0, ,0.0,0.0,0.0,0.0,0,0,0,1,220,0,0,0
TF,JX001,29.180667,110.398750,0, ,0.0,0.0,0.0,0.0,2,5910,0,0,0,0,0,0
HM,JX001,29.180667,110.398750,2, ,0.0,0.0,268.0,04.3,2,5910,0,1,220,0,0,0,0

APPTR,I08-Z,08,D241U
IF,D241U,28.912142,110.065392, ,0.0,0.0,2,6890,0,1,205,0,1,0
CI,0, ,0.0,61.0,0,0,0,0,0,0,0,0
AF,D253S,28.982589,110.060344,2,DYG,253.0,19.3,241.0,0,0,0,0,0,0,0,0
CF,D259R,29.022008,110.082314,0,DYG,259.0,17.5,79.0,2.0,2,5910,0,0,0,0,0,0
CF,D259N,29.036944,110.148617,0,DYG,259.0,13.9,79.0,3.6,2,5580,0,0,0,0,0,0
CF,CI08,29.046761,110.192275,0,IZJ,258.8,14.5,79.0,2.4,2,4600,0,0,0,0,1,0

APPTR,I08-Z,08,D333U
IF,D333U,29.395208,110.204811, ,0.0,0.0,2,7880,0,1,205,0,1,0
CI,0, ,0.0,153.0,0,0,0,0,0,0,0,0
AF,D264S,29.042394,110.042531,1,DYG,264.0,19.3,333.0,0,0,0,0,0,0,0,0
CF,D259R,29.022008,110.082314,0,DYG,259.0,17.5,79.0,2.0,2,5910,0,0,0,0,0,0
CF,D259N,29.036944,110.148617,0,DYG,259.0,13.9,79.0,3.6,2,5580,0,0,0,0,0,0
CF,CI08,29.046761,110.192275,0,IZJ,258.8,14.5,79.0,2.4,2,4600,0,0,0,0,1,0

APPTR,I08-Z,08,DYG
IF,DYG,29.093333,110.405000, ,0.0,0.0,2,6890,0,1,205,0,1,0
FD,DYG,29.093333,110.405000,0,DYG,0.0,17.5,287.0,17.5,2,5910,0,0,0,0,0,0
CI,0, ,0.0,287.0,0,0,0,0,0,0,0,0
AF,D264S,29.042394,110.042531,1,DYG,264.0,19.3,287.0,0,0,0,0,0,0,0,0
CF,D259R,29.022008,110.082314,0,DYG,259.0,17.5,79.0,2.0,2,5910,0,0,0,0,0,0
CF,D259N,29.036944,110.148617,0,DYG,259.0,13.9,79.0,3.6,2,5580,0,0,0,0,0,0
CF,CI08,29.046761,110.192275,0,IZJ,258.8,14.5,79.0,2.4,2,4600,0,0,0,0,1,0

FINAL,I08-Z,08,I,3
IF,CI08,29.046761,110.192275,IZJ,258.8,14.5,2,4600,0,0,0,0,0,0
CF,FI08,29.061642,110.258606,0,IZJ,258.8,10.9,79.0,3.6,1,3940,0,0,0,0,2,0
CF,RW08,29.100069,110.430653,0,IZJ,258.8,1.5,79.0,9.3,1,768,0,0,0,0,3,0
FD,RW08,29.100069,110.430653,0,DYG,76.4,9.5,79.0,9.5,0,0,0,0,0,0,0,0
DF,DYG,29.093333,110.405000,1, ,0.0,0.0,1,6890,0,1,185,0,0,0

APPTR,I26-X,26,DG944
IF,DG944,29.192250,110.845472, ,0.0,0.0,2,5910,0,1,250,0,1,0
TF,DG989,29.176833,110.775639,0, ,0.0,0.0,0.0,0.0,2,4930,0,0,0,0,0,0
TF,DG984,29.161306,110.705472,0,IPS,0.0,0.0,0.0,0.0,1,3940,0,1,185,0,1,0

APPTR,I26-X,26,DG955
IF,DG955,28.870889,110.808000, ,0.0,0.0,2,8860,0,1,250,0,1,0
TF,DG965,29.117972,110.849361,0, ,0.0,0.0,0.0,0.0,0,0,0,1,220,0,0,0
TF,DG963,29.147667,110.760444,0, ,0.0,0.0,0.0,0.0,2,4760,0,0,0,0,0,0
TF,DG984,29.161306,110.705472,0,IPS,0.0,0.0,0.0,0.0,1,3940,0,1,185,0,1,0

APPTR,I26-X,26,DG988
IF,DG988,29.395639,110.205444, ,0.0,0.0,2,7880,0,1,250,0,1,0
TF,DG959,29.317667,110.596250,0, ,0.0,0.0,0.0,0.0,2,5580,0,0,0,0,0,0
TF,DG957,29.297833,110.694722,0, ,0.0,0.0,0.0,0.0,2,4930,0,0,0,0,0,0
TF,DG953,29.233056,110.754889,0, ,0.0,0.0,0.0,0.0,2,4110,0,1,220,0,0,0
TF,DG984,29.161306,110.705472,0,IPS,0.0,0.0,0.0,0.0,1,3940,0,1,185,0,1,0

APPTR,I26-X,26,JX001
IF,JX001,29.180667,110.398750, ,0.0,0.0,2,5910,0,1,250,0,1,0
TF,DG957,29.297833,110.694722,0, ,0.0,0.0,0.0,0.0,2,4930,0,0,0,0,0,0
TF,DG953,29.233056,110.754889,0, ,0.0,0.0,0.0,0.0,2,4110,0,1,220,0,0,0
TF,DG984,29.161306,110.705472,0,IPS,0.0,0.0,0.0,0.0,1,3940,0,1,185,0,1,0

FINAL,I26-X,26,I,3
IF,DG984,29.161306,110.705472,IPS,78.7,15.0,1,3940,0,1,185,0,0,0
CF,FI26,29.144625,110.631058,0,IPS,78.7,11.0,259.0,4.0,1,3940,0,0,0,0,2,0
CF,RW26,29.105836,110.456522,0,IPS,78.7,1.5,259.0,9.5,1,714,0,0,0,0,3,0
CF,DG992,29.092222,110.395694,0,DYG,265.3,0.5,259.0,3.3,0,0,0,1,185,0,0,0
TF,DG994,29.068000,110.169111,0, ,0.0,0.0,0.0,0.0,0,0,0,0,0,0,0,0
TF,DG996,29.160944,110.126333,0, ,0.0,0.0,0.0,0.0,0,0,0,0,0,0,0,0
TF,DG998,29.221250,110.217583,0, ,0.0,0.0,0.0,0.0,0,0,0,1,220,0,0,0
TF,JX001,29.180667,110.398750,0, ,0.0,0.0,0.0,0.0,2,5910,0,0,0,0,0,0
HM,JX001,29.180667,110.398750,1, ,0.0,0.0,77.0,04.3,2,5910,0,1,220,0,0,0,0

APPTR,I26-Z,26,D080X
IF,D080X,29.187686,110.845044, ,0.0,0.0,2,6890,0,1,205,0,1,0
CF,CI26,29.168294,110.738122,0,IPS,78.7,16.8,261.0,5.8,2,4930,0,0,0,0,1,0

APPTR,I26-Z,26,D333T
IF,D333T,29.376439,110.217297, ,0.0,0.0,2,7880,0,1,205,0,1,0
CI,0, ,0.0,153.0,0,0,0,0,0,0,0,0
AF,D050R,29.298217,110.655936,2,DYG,50.0,18.0,333.0,2,5910,0,0,0,0,0,0
AF,D073R,29.195814,110.727100,2,DYG,73.0,18.0,50.0,0,0,0,0,0,0,0,0
CI,0,IPS,0.0,229.0,2,4930,0,0,0,0,0,0

APPTR,I26-Z,26,DYG
IF,DYG,29.093333,110.405000, ,0.0,0.0,2,6890,0,1,205,0,1,0
FD,DYG,29.093333,110.405000,0,DYG,0.0,16.3,67.0,16.3,0,0,0,0,0,0,0,0
CI,2,IPS,0.0,229.0,2,4930,0,0,0,0,0,0

FINAL,I26-Z,26,I,3
IF,CI26,29.168294,110.738122,IPS,78.7,16.8,2,4930,0,0,0,0,0,0
CF,FI26,29.144625,110.631058,0,IPS,78.7,11.0,259.0,5.8,1,3940,0,0,0,0,2,0
CF,RW26,29.105836,110.456522,0,IPS,78.7,1.5,259.0,9.5,1,714,0,0,0,0,3,0
CF,DYG,29.093333,110.405000,0,DYG,0.0,0.0,259.0,2.8,0,0,0,0,0,0,0,1
CA,0,263.0,2,3290,0,0,0,0,0,0
DF,DYG,29.093333,110.405000,2, ,0.0,0.0,1,6890,0,1,185,0,0,0

