SID,UPV01D,11,2
CA,0,111.0,2,11160,0,1,205,0,0,0
CI,0, ,0.0,82.0,0,0,0,0,0,0,0,0
CF,D100W,36.472358,102.500667,0,XNN,100.2,22.9,100.0,10.0,2,12800,0,0,0,0,0,0
TF,UPVOP,36.430556,102.857222,0, ,0.0,0.0,0.0,0.0,0,0,0,0,0,0,0,0

SID,UPV08D,11,5
CA,0,111.0,2,11160,0,1,220,0,0,0
DF,XN803,36.527083,102.527778,0, ,0.0,0.0,2,12800,0,0,0,0,0,0
TF,XN808,36.456833,102.645250,0, ,0.0,0.0,0.0,0.0,0,0,0,0,0,0,0,0
TF,UPVOP,36.430556,102.857222,0, ,0.0,0.0,0.0,0.0,0,0,0,0,0,0,0,0

SID,UPV11D,29,2
CA,0,291.0,2,9850,0,1,205,0,0,0
DF,XNN,36.528178,102.031469,1, ,0.0,0.0,0,0,0,0,0,0,0,0
TF,XNN30,36.455464,102.643783,0, ,0.0,0.0,0.0,0.0,0,0,0,0,0,0,0,0
TF,UPVOP,36.430556,102.857222,0, ,0.0,0.0,0.0,0.0,0,0,0,0,0,0,0,0

SID,UPV12D,29,2
CA,0,291.0,2,9850,0,1,205,0,0,0
VI,2, ,0.0,57.0,0,0,0,0,0,0,0,0
CF,D282S,36.663047,102.098678,0,LED,282.0,19.1,102.0,5.0,2,13780,0,0,0,0,0,0
TF,D282I,36.634844,102.300714,0, ,0.0,0.0,0.0,0.0,2,15750,0,0,0,0,0,0
TF,LED,36.608333,102.488333,0, ,0.0,0.0,0.0,0.0,0,0,0,0,0,0,0,0
TF,XNN30,36.455464,102.643783,0, ,0.0,0.0,0.0,0.0,0,0,0,0,0,0,0,0
TF,UPVOP,36.430556,102.857222,0, ,0.0,0.0,0.0,0.0,0,0,0,0,0,0,0,0

SID,UPV18D,29,5
CA,0,291.0,2,9850,0,1,220,0,0,0
DF,XN620,36.304917,102.109944,1, ,0.0,0.0,2,17700,0,0,0,0,0,0
TF,XN808,36.456833,102.645250,0, ,0.0,0.0,0.0,0.0,0,0,0,0,0,0,0,0
TF,UPVOP,36.430556,102.857222,0, ,0.0,0.0,0.0,0.0,0,0,0,0,0,0,0,0

SID,UPV19D,29,5
CA,0,291.0,2,9850,0,1,220,0,0,0
DF,XN807,36.528472,102.343139,2, ,0.0,0.0,2,14770,0,0,0,0,0,0
TF,XN808,36.456833,102.645250,0, ,0.0,0.0,0.0,0.0,0,0,0,0,0,0,0,0
TF,UPVOP,36.430556,102.857222,0, ,0.0,0.0,0.0,0.0,0,0,0,0,0,0,0,0

STAR,UPV01A,11,2
IF,UPVOP,36.430556,102.857222, ,0.0,0.0,0,0,0,0,0,0,0,0
TF,XNN30,36.455464,102.643783,0, ,0.0,0.0,0.0,0.0,0,0,0,0,0,0,0,0
TF,XNN,36.528178,102.031469,0, ,0.0,0.0,0.0,0.0,2,14770,0,1,205,0,0,0

STAR,UPV02A,11,2
IF,UPVOP,36.430556,102.857222, ,0.0,0.0,0,0,0,0,0,0,0,0
TF,XNN30,36.455464,102.643783,0, ,0.0,0.0,0.0,0.0,0,0,0,0,0,0,0,0
TF,LED,36.608333,102.488333,0, ,0.0,0.0,0.0,0.0,0,0,0,0,0,0,0,0
TF,D334Q,36.777058,101.864425,0, ,0.0,0.0,0.0,0.0,2,14770,0,1,205,0,0,0

STAR,UPV08A,11,5
IF,UPVOP,36.430556,102.857222, ,0.0,0.0,0,0,0,0,0,0,0,0
TF,XN808,36.456833,102.645250,0, ,0.0,0.0,0.0,0.0,0,0,0,0,0,0,0,0
TF,LED,36.608333,102.488333,0, ,0.0,0.0,0.0,0.0,2,18700,0,0,0,0,0,0
TF,XN820,36.779028,101.867444,0, ,0.0,0.0,0.0,0.0,2,14770,0,0,0,0,0,0
TF,XN604,36.708833,101.712528,0, ,0.0,0.0,0.0,0.0,2,12800,0,1,205,0,0,0

STAR,UPV11A,29,2
IF,UPVOP,36.430556,102.857222, ,0.0,0.0,0,0,0,0,0,0,0,0
TF,D100Y,36.468414,102.542928,0, ,0.0,0.0,0.0,0.0,2,13780,0,1,205,0,0,0

STAR,UPV12A,29,2
IF,UPVOP,36.430556,102.857222, ,0.0,0.0,0,0,0,0,0,0,0,0
TF,D100Y,36.468414,102.542928,0, ,0.0,0.0,0.0,0.0,0,0,0,0,0,0,0,0
TF,LED,36.608333,102.488333,0, ,0.0,0.0,0.0,0.0,2,14770,0,1,205,0,0,0

STAR,UPV19A,29,5
IF,UPVOP,36.430556,102.857222, ,0.0,0.0,0,0,0,0,0,0,0,0
TF,XN818,36.442222,102.767861,0, ,0.0,0.0,0.0,0.0,0,0,0,0,0,0,0,0
TF,XN705,36.524750,102.631500,0, ,0.0,0.0,0.0,0.0,2,14770,0,0,0,0,0,0
TF,XN711,36.467583,102.490556,0, ,0.0,0.0,0.0,0.0,2,12800,0,1,205,0,0,0

APPTR,I11-Y,11,D334Q
IF,D334Q,36.777058,101.864425, ,0.0,0.0,2,14770,0,1,205,0,1,0
CF,D300S,36.676539,101.683886,0,XNN,300.0,19.0,237.0,10.6,2,12140,0,0,0,0,0,0
CF,CI11,36.619217,101.718528,0,ICB,291.1,17.6,156.0,3.8,2,11160,0,0,0,0,1,0

APPTR,I11-Y,11,XNN1
IF,XNN,36.528178,102.031469, ,0.0,0.0,2,14770,0,1,205,0,1,0
FD,XNN,36.528178,102.031469,0,XNN,0.0,16.0,307.0,16.0,0,0,0,0,0,0,0,0
CF,CI11,36.619217,101.718528,1,ICB,291.1,17.6,111.0,1.0,2,11160,0,0,0,0,1,0

APPTR,I11-Y,11,XNN2
IF,XNN,36.528178,102.031469, ,0.0,0.0,2,14770,0,1,205,0,1,0
FD,XNN,36.528178,102.031469,0,XNN,0.0,16.0,300.0,16.0,0,0,0,0,0,0,0,0
CF,CI11,36.619217,101.718528,1,ICB,291.1,17.6,111.0,1.0,2,11160,0,0,0,0,1,0

FINAL,I11-Y,11,I,3
IF,CI11,36.619217,101.718528,ICB,291.1,17.6,2,11160,0,0,0,0,0,0
CF,FI11,36.603025,101.777294,0,ICB,291.1,14.6,111.0,3.0,1,11160,0,0,0,0,2,0
CF,RW11,36.535917,102.019467,0,ICB,291.1,2.2,111.0,12.4,1,7215,0,0,0,0,3,0
CA,0,111.0,2,12800,0,0,0,0,0,0
DF,LED,36.608333,102.488333,1, ,0.0,0.0,2,14770,0,0,0,0,0,0

APPTR,I11-Z,11,XN604
IF,XN604,36.708833,101.712528, ,0.0,0.0,2,12800,0,1,205,0,1,0
TF,XN603,36.629944,101.678778,0,ICB,0.0,0.0,0.0,0.0,2,11160,0,0,0,0,1,0

FINAL,I11-Z,11,I,3
IF,XN603,36.629944,101.678778,ICB,291.0,19.6,2,11160,0,0,0,0,0,0
CF,FI11,36.603025,101.777294,0,ICB,291.1,14.6,111.0,5.0,1,11160,0,0,0,0,2,0
CF,RW11,36.535917,102.019467,0,ICB,291.1,2.2,111.0,12.4,1,7215,0,0,0,0,3,0
CA,0,111.0,2,12800,0,1,205,0,0,0
DF,LED,36.608333,102.488333,1, ,0.0,0.0,2,14770,0,0,0,0,0,0

APPTR,I29-Y,29,D100Y
IF,D100Y,36.468414,102.542928, ,0.0,0.0,2,13780,0,1,205,0,1,0
FC,D100Y,36.468414,102.542928,0,XNN,0.0,0.0,260.0,4.8,0,0,0,0,0,0,0,0
CF,CI29,36.438878,102.365847,0,IXN,111.0,17.9,260.0,4.0,2,11160,0,0,0,0,1,0

APPTR,I29-Y,29,LED
IF,LED,36.608333,102.488333, ,0.0,0.0,2,14770,0,1,205,0,1,0
FC,LED,36.608333,102.488333,0,LED,0.0,0.0,212.0,8.8,0,0,0,0,0,0,0,0
VI,0,IXN,0.0,246.0,2,11160,0,0,0,0,0,0

APPTR,I29-Y,29,XNN1
IF,XNN,36.528178,102.031469, ,0.0,0.0,2,14770,0,1,205,0,0,0
FD,XNN,36.528178,102.031469,0,XNN,0.0,17.0,96.0,17.0,0,0,0,0,0,0,0,0
CF,CI29,36.438878,102.365847,2,IXN,111.0,17.9,291.0,1.0,2,11160,0,0,0,0,1,0

APPTR,I29-Y,29,XNN2
IF,XNN,36.528178,102.031469, ,0.0,0.0,2,14770,0,1,205,0,0,0
FD,XNN,36.528178,102.031469,0,XNN,0.0,17.0,104.0,17.0,0,0,0,0,0,0,0,0
CF,CI29,36.438878,102.365847,2,IXN,111.0,17.9,291.0,1.0,2,11160,0,0,0,0,1,0

FINAL,I29-Y,29,I,3
IF,CI29,36.438878,102.365847,IXN,111.0,17.9,2,11160,0,0,0,0,0,0
CF,FI29,36.455358,102.307328,0,IXN,111.0,14.9,291.0,3.0,1,11160,0,0,0,0,2,0
CF,RW29,36.524731,102.059611,0,IXN,111.0,2.2,291.0,12.7,1,7140,0,0,0,0,3,0
CA,0,291.0,2,12800,0,0,0,0,0,0
DF,XNN,36.528178,102.031469,2, ,0.0,0.0,2,14770,0,0,0,0,0,0

APPTR,I29-Z,29,XN711
IF,XN711,36.467583,102.490556, ,0.0,0.0,2,12800,0,1,205,0,1,0
TF,XN703,36.429722,102.399333,0,IXN,0.0,0.0,0.0,0.0,2,11160,0,0,0,0,1,0

FINAL,I29-Z,29,I,3
IF,XN703,36.429722,102.399333,IXN,111.0,19.6,2,11160,0,0,0,0,0,0
CF,FI29,36.455358,102.307328,0,IXN,111.0,14.9,291.0,4.7,1,11160,0,0,0,0,2,0
CF,RW29,36.524731,102.059611,0,IXN,111.0,2.2,291.0,12.7,1,7140,0,0,0,0,3,0
CA,0,291.0,2,12800,0,1,205,0,0,0
DF,XN820,36.779028,101.867444,2, ,0.0,0.0,2,14770,0,0,0,0,0,0

