SID,SAG01D,16,2
CA,0,161.0,2,4930,0,0,0,0,0,0
DF,JHG,21.863333,100.936667,0, ,0.0,0.0,0,0,0,0,0,0,0,0
TF,NOKET,22.048056,101.255000,0, ,0.0,0.0,0.0,0.0,0,0,0,0,0,0,0,0
TF,SAGAG,21.191667,101.623333,0, ,0.0,0.0,0.0,0.0,0,0,0,0,0,0,0,0

SID,SAG11D,34,2
CI,0, ,0.0,341.0,0,0,0,0,0,0,0,0
FA,BNN,21.980000,100.755000,0,BNN,0.0,0.0,348.0,2,5420,0,0,0,0,0,0
CD, ,0,0,2,JHG,0,0.0,161.0,11.5,0,0,0,0,0,0,0,0
CF,NOKET,22.048056,101.255000,0,BNN,82.6,28.2,83.0,23.0,0,0,0,0,0,0,0,0
TF,SAGAG,21.191667,101.623333,0, ,0.0,0.0,0.0,0.0,0,0,0,0,0,0,0,0

SID,SAG81D,16,5
CF,JH401,21.807528,100.827222,0,JHG,242.4,7.0,161.0,10.0,0,0,0,1,205,0,0,0
TF,JH402,21.853750,100.963556,0, ,0.0,0.0,0.0,0.0,0,0,0,0,0,0,0,0
TF,JH403,22.049556,101.085222,0, ,0.0,0.0,0.0,0.0,0,0,0,0,0,0,0,0
TF,NOKET,22.048056,101.255000,0, ,0.0,0.0,0.0,0.0,0,0,0,0,0,0,0,0
TF,SAGAG,21.191667,101.623333,0, ,0.0,0.0,0.0,0.0,0,0,0,0,0,0,0,0

SID,SAG91D,34,5
CF,JH422,22.017306,100.745333,0,JHG,311.8,14.1,341.0,3.0,0,0,0,0,0,0,0,1
CA,0,348.0,2,5420,0,1,205,0,0,0
DF,NOKET,22.048056,101.255000,2, ,0.0,0.0,0,0,0,0,0,0,0,0
TF,SAGAG,21.191667,101.623333,0, ,0.0,0.0,0.0,0.0,0,0,0,0,0,0,0,0

STAR,SAG01A,16,2
IF,SAGAG,21.191667,101.623333, ,0.0,0.0,0,0,0,0,0,0,0,0
TF,NOKET,22.048056,101.255000,0, ,0.0,0.0,0.0,0.0,0,0,0,0,0,0,0,0
CD, ,0,0,0,BNN,0,0.0,263.0,8.4,0,0,0,0,0,0,0,0
CF,D339X,22.233767,100.773486,0,JHG,339.3,24.0,339.0,15.0,1,8860,0,0,0,0,0,0

STAR,SAG11A,34,2
IF,SAGAG,21.191667,101.623333, ,0.0,0.0,0,0,0,0,0,0,0,0
TF,NOKET,22.048056,101.255000,0, ,0.0,0.0,0.0,0.0,0,0,0,0,0,0,0,0
TF,JHG,21.863333,100.936667,0, ,0.0,0.0,0.0,0.0,1,6890,0,0,0,0,0,0

STAR,SAG81A,16,5
IF,SAGAG,21.191667,101.623333, ,0.0,0.0,0,0,0,0,0,0,0,0
TF,NOKET,22.048056,101.255000,0, ,0.0,0.0,0.0,0.0,0,0,0,0,0,0,0,0
TF,JH811,22.344861,101.127111,0, ,0.0,0.0,0.0,0.0,2,9850,0,0,0,0,0,0
TF,JH808,22.321972,100.767944,0, ,0.0,0.0,0.0,0.0,2,8860,0,1,205,0,0,0

STAR,SAG91A,34,5
IF,SAGAG,21.191667,101.623333, ,0.0,0.0,0,0,0,0,0,0,0,0
TF,NOKET,22.048056,101.255000,0, ,0.0,0.0,0.0,0.0,0,0,0,0,0,0,0,0
TF,JH906,21.985444,101.092944,0, ,0.0,0.0,0.0,0.0,2,8860,0,0,0,0,0,0
TF,JH904,21.808528,100.940472,0, ,0.0,0.0,0.0,0.0,2,6890,0,1,205,0,0,0

APPTR,D16,16,D339X
IF,D339X,22.233767,100.773486, ,0.0,0.0,1,8860,0,1,205,0,1,0
FD,D339X,22.233767,100.773486,0,JHG,339.0,29.0,339.0,29.0,0,0,0,0,0,0,0,0
CF,D348S,22.289614,100.678186,1,BNN,348.0,19.0,168.0,1.0,2,7220,0,0,0,0,1,0
CF,CD16,22.204883,100.699242,0,BNN,348.0,13.8,168.0,5.2,2,6240,0,0,0,0,0,0

FINAL,D16,16,D,5
IF,CD16,22.204883,100.699242,BNN,348.0,13.8,2,6240,0,0,0,0,0,0
CF,FD16,22.116889,100.721081,0,BNN,348.0,8.4,168.0,5.4,2,4930,0,0,0,0,2,0
CF,61VOR,22.079408,100.730375,0,BNN,348.0,6.1,168.0,2.3,2,4070,0,0,0,0,0,0
CF,47VOR,22.056592,100.736028,0,BNN,348.0,4.7,168.0,1.4,2,3550,0,0,0,0,0,0
CF,MD16,22.028889,100.742892,0,BNN,348.0,3.0,168.0,1.7,1,2904,0,0,0,0,3,0
CF,BNN,21.980000,100.755000,0,BNN,0.0,0.0,168.0,3.0,2,2904,0,0,0,0,0,0
FA,BNN,21.980000,100.755000,0,BNN,0.0,0.0,161.0,2,3940,0,0,0,0,0,0
DF,JHG,21.863333,100.936667,0, ,0.0,0.0,1,4930,0,1,205,0,0,0

APPTR,D34,34,JHG
IF,JHG,21.863333,100.936667, ,0.0,0.0,2,6890,0,1,205,0,1,0
CF,D208E,21.796264,100.900078,0,JHG,208.0,4.5,208.0,4.5,0,0,0,0,0,0,0,1
CF,CD34,21.795225,100.838972,2,BNN,158.0,12.0,338.0,1.0,2,4930,0,0,0,0,1,0

FINAL,D34,34,D,3
IF,CD34,21.795225,100.838972,BNN,158.0,12.0,2,4930,0,0,0,0,0,0
CF,FD34,21.846042,100.815900,0,BNN,158.0,8.7,338.0,3.3,2,4270,0,0,0,0,2,0
CF,MD34,21.903014,100.790014,0,BNN,158.0,5.0,338.0,3.7,1,3104,0,0,0,0,3,0
CF,BNN,21.980000,100.755000,0,BNN,0.0,0.0,338.0,5.0,0,0,0,0,0,0,0,1
CA,0,348.0,2,5420,0,1,205,0,0,0
DF,JHG,21.863333,100.936667,2, ,0.0,0.0,1,6890,0,0,0,0,0,0

APPTR,I16-Y,16,D339X
IF,D339X,22.233767,100.773486, ,0.0,0.0,2,8860,0,1,205,0,1,0
FD,D339X,22.233767,100.773486,0,JHG,338.7,29.0,339.0,29.0,0,0,0,0,0,0,0,0
CF,D341T,22.282269,100.646081,1,BNN,342.5,19.1,161.0,1.0,2,7220,0,0,0,0,1,0
TF,D341N,22.187625,100.681908,0, ,0.0,0.0,0.0,0.0,2,6240,0,0,0,0,0,0
CF,CI16,22.121369,100.706958,0,IGG,341.6,10.1,161.0,4.2,2,4930,0,0,0,0,0,0

FINAL,I16-Y,16,I,3
IF,CI16,22.121369,100.706958,IGG,341.6,10.1,2,4930,0,0,0,0,0,0
CF,FI16,22.083506,100.721264,0,IGG,341.6,7.7,161.0,2.4,1,4200,0,0,0,0,2,0
CF,RW16,21.984803,100.758517,0,IGG,341.6,1.4,161.0,6.3,1,1864,0,0,0,0,3,0
FA,RW16,21.984803,100.758517,0,BNN,0.0,0.0,161.0,2,3940,0,0,0,0,0,0
DF,JHG,21.863333,100.936667,1, ,0.0,0.0,1,4930,0,1,205,0,0,0

APPTR,I16-Z,16,JH808
IF,JH808,22.321972,100.767944, ,0.0,0.0,2,8860,0,1,205,0,1,0
TF,JH807,22.282194,100.646278,0, ,0.0,0.0,0.0,0.0,2,7220,0,0,0,0,1,0
TF,D341N,22.187625,100.681908,0, ,0.0,0.0,0.0,0.0,2,6240,0,0,0,0,0,0
TF,CI16,22.121369,100.706958,0,IGG,0.0,0.0,0.0,0.0,2,4930,0,0,0,0,0,0

FINAL,I16-Z,16,I,3
IF,CI16,22.121369,100.706958,IGG,341.6,10.1,2,4930,0,0,0,0,0,0
CF,FI16,22.083506,100.721264,0,IGG,341.6,7.7,161.0,2.4,1,4200,0,0,0,0,2,0
CF,RW16,21.984803,100.758517,0,IGG,341.6,1.4,161.0,6.3,1,1864,0,0,0,0,3,0
FA,RW16,21.984803,100.758517,0,BNN,0.0,0.0,161.0,2,3940,0,0,0,0,0,0
DF,JH812,22.050861,100.886694,1, ,0.0,0.0,0,0,0,1,205,0,0,0
TF,JH808,22.321972,100.767944,0, ,0.0,0.0,0.0,0.0,1,8860,0,0,0,0,0,0
HM,JH808,22.321972,100.767944,2, ,0.0,0.0,251.0,04.3,2,8860,0,0,0,0,0,0,0

APPTR,I34-Y,34,JHG
IF,JHG,21.863333,100.936667, ,0.0,0.0,2,6890,0,1,205,0,1,0
FD,JHG,21.863333,100.936667,0,JHG,0.0,5.1,208.0,5.1,0,0,0,0,0,0,0,0
CF,CI34,21.787175,100.832972,2,ILK,161.6,12.7,341.0,1.0,2,5090,0,0,0,0,1,0

FINAL,I34-Y,34,I,3
IF,CI34,21.787175,100.832972,ILK,161.6,12.7,2,5090,0,0,0,0,0,0
CF,FI34,21.845556,100.810992,0,ILK,161.6,9.0,341.0,3.7,1,4270,0,0,0,0,2,0
CF,RW34,21.964353,100.766208,0,ILK,161.6,1.4,341.0,7.5,1,1862,0,0,0,0,3,0
CA,0,341.0,2,2220,0,0,0,0,0,0
CI,0, ,0.0,341.0,0,0,0,0,0,0,0,0
FA,BNN,21.980000,100.755000,0,BNN,0.0,0.0,348.0,2,5420,0,1,205,0,0,0
DF,JHG,21.863333,100.936667,2, ,0.0,0.0,1,6890,0,0,0,0,0,0

APPTR,I34-Z,34,JH904
IF,JH904,21.808528,100.940472, ,0.0,0.0,2,6890,0,1,205,0,1,0
TF,JH903,21.774806,100.837361,0,ILK,0.0,0.0,0.0,0.0,2,5090,0,0,0,0,1,0

FINAL,I34-Z,34,I,3
IF,JH903,21.774806,100.837361,ILK,161.7,13.4,2,5090,0,0,0,0,0,0
CF,FI34,21.845556,100.810992,0,ILK,161.6,9.0,341.0,4.5,1,4270,0,0,0,0,2,0
CF,RW34,21.964353,100.766208,0,ILK,161.6,1.4,341.0,7.5,1,1862,0,0,0,0,3,0
CR,0,BNN,348.0,341.0,0,0,0,0,0,0,0,0
CA,0,348.0,2,5420,0,1,205,0,0,0
DF,JH812,22.050861,100.886694,2, ,0.0,0.0,0,0,0,0,0,0,0,0
TF,JH904,21.808528,100.940472,0, ,0.0,0.0,0.0,0.0,1,6890,0,0,0,0,0,0
HM,JH904,21.808528,100.940472,2, ,0.0,0.0,251.0,04.3,2,6890,0,0,0,0,0,0,0

