SID,APAK1D,05,2
CD, ,0,0,0,XMN,0,0.0,56.0,7.0,2,1650,0,0,0,0,0,0
DF,XLN,24.565000,118.015000,1, ,0.0,0.0,2,4930,0,1,230,0,0,0
TF,ALADU,24.321389,118.011111,0, ,0.0,0.0,0.0,0.0,0,0,0,0,0,0,0,0
TF,APAKA,23.863889,118.444444,0, ,0.0,0.0,0.0,0.0,0,0,0,0,0,0,0,0

SID,APAK3C,23,2
CD, ,0,0,0,XMN,0,0.0,236.0,7.7,2,2300,0,0,0,0,0,0
DF,ALADU,24.321389,118.011111,0, ,0.0,0.0,2,2960,0,1,230,0,0,0
TF,APAKA,23.863889,118.444444,0, ,0.0,0.0,0.0,0.0,0,0,0,0,0,0,0,0

SID,APAK7Y,23,5
CF,AM401,24.450833,117.997222,0,XLN,192.1,6.9,236.0,8.0,2,2300,0,0,0,0,0,0
TF,AM106,24.350833,117.984167,0, ,0.0,0.0,0.0,0.0,2,2960,0,1,230,0,0,0
TF,AM303,24.050278,118.268333,0, ,0.0,0.0,0.0,0.0,0,0,0,0,0,0,0,0
TF,APAKA,23.863889,118.444444,0, ,0.0,0.0,0.0,0.0,2,20700,0,0,0,0,0,0

SID,APAK9Z,05,5
CF,AM301,24.614444,118.226111,0,XMN,56.9,7.1,56.0,6.0,2,1320,0,0,0,0,0,1
CF,AM206,24.513333,118.213056,2,XMN,114.1,5.2,236.0,5.0,2,2960,0,1,200,0,0,0
TF,AM106,24.350833,117.984167,0, ,0.0,0.0,0.0,0.0,2,5910,0,0,0,0,0,0
TF,AM303,24.050278,118.268333,0, ,0.0,0.0,0.0,0.0,0,0,0,0,0,0,0,0
TF,APAKA,23.863889,118.444444,0, ,0.0,0.0,0.0,0.0,2,20700,0,0,0,0,0,0

SID,BUPD7Y,23,5
CF,AM401,24.450833,117.997222,0,XLN,192.1,6.9,236.0,8.0,2,2300,0,0,0,0,0,1
CF,AM402,24.438611,118.107500,1,XMN,191.9,6.3,56.0,4.0,2,3940,0,1,200,0,0,0
TF,AM205,24.613333,118.354444,0, ,0.0,0.0,0.0,0.0,2,11800,0,0,0,0,0,0
TF,QZ201,24.609444,118.721667,0, ,0.0,0.0,0.0,0.0,0,0,0,0,0,0,0,0
TF,QZ209,25.033389,118.995833,0, ,0.0,0.0,0.0,0.0,0,0,0,0,0,0,0,0
TF,BUPDU,25.537222,119.290278,0, ,0.0,0.0,0.0,0.0,0,0,0,0,0,0,0,0

SID,BUPD9Z,05,5
CF,AM301,24.614444,118.226111,0,XMN,56.9,7.1,56.0,6.0,2,1320,0,0,0,0,0,0
TF,AM205,24.613333,118.354444,0, ,0.0,0.0,0.0,0.0,2,2960,0,1,230,0,0,0
TF,QZ201,24.609444,118.721667,0, ,0.0,0.0,0.0,0.0,0,0,0,0,0,0,0,0
TF,QZ209,25.033389,118.995833,0, ,0.0,0.0,0.0,0.0,0,0,0,0,0,0,0,0
TF,BUPDU,25.537222,119.290278,0, ,0.0,0.0,0.0,0.0,0,0,0,0,0,0,0,0

SID,DOVP1D,05,2
CD, ,0,0,0,XMN,0,0.0,56.0,7.0,2,1650,0,0,0,0,0,0
CD, ,0,0,0,XMN,0,0.0,42.0,11.3,2,2960,0,1,230,0,0,0
CF,XMN29,24.869647,118.505581,0,XMN,50.9,28.6,52.0,17.0,2,4930,0,0,0,0,0,0
TF,DOVPU,25.263889,118.971667,0, ,0.0,0.0,0.0,0.0,0,0,0,0,0,0,0,0

SID,DOVP3C,23,2
CD, ,0,0,0,XMN,0,0.0,236.0,7.7,2,2300,0,0,0,0,0,0
DF,XLN,24.565000,118.015000,2, ,0.0,0.0,2,4930,0,1,230,0,0,0
TF,D052K,24.672447,118.274203,0, ,0.0,0.0,0.0,0.0,2,7880,0,0,0,0,0,0
TF,DOVPU,25.263889,118.971667,0, ,0.0,0.0,0.0,0.0,0,0,0,0,0,0,0,0

SID,DOVP5U,05,5
CF,AM301,24.614444,118.226111,0,XMN,56.9,7.1,56.0,6.0,2,1320,0,0,0,0,0,0
TF,AM306,24.929444,118.430000,0, ,0.0,0.0,0.0,0.0,2,5910,0,0,0,0,0,0
TF,ATSAB,25.093333,118.618333,0, ,0.0,0.0,0.0,0.0,0,0,0,0,0,0,0,0
TF,DOVPU,25.263889,118.971667,0, ,0.0,0.0,0.0,0.0,0,0,0,0,0,0,0,0

SID,DOVP7Y,23,5
CF,AM401,24.450833,117.997222,0,XLN,192.1,6.9,236.0,8.0,2,2300,0,0,0,0,0,1
CF,AM402,24.438611,118.107500,1,XMN,191.9,6.3,56.0,4.0,2,3940,0,1,200,0,0,0
TF,AM205,24.613333,118.354444,0, ,0.0,0.0,0.0,0.0,2,11800,0,0,0,0,0,0
TF,AM305,24.869722,118.508333,0, ,0.0,0.0,0.0,0.0,0,0,0,0,0,0,0,0
TF,DOVPU,25.263889,118.971667,0, ,0.0,0.0,0.0,0.0,0,0,0,0,0,0,0,0

SID,DOVP9Z,05,5
CF,AM301,24.614444,118.226111,0,XMN,56.9,7.1,56.0,6.0,2,1320,0,0,0,0,0,0
TF,AM304,24.736389,118.350833,0, ,0.0,0.0,0.0,0.0,2,4930,0,0,0,0,0,0
TF,AM305,24.869722,118.508333,0, ,0.0,0.0,0.0,0.0,0,0,0,0,0,0,0,0
TF,DOVPU,25.263889,118.971667,0, ,0.0,0.0,0.0,0.0,0,0,0,0,0,0,0,0

SID,NUSP1D,05,2
CD, ,0,0,0,XMN,0,0.0,56.0,7.0,2,1650,0,0,0,0,0,0
DF,XLN,24.565000,118.015000,1, ,0.0,0.0,2,4930,0,1,230,0,0,0
TF,NUSPA,24.053333,117.631111,0, ,0.0,0.0,0.0,0.0,0,0,0,0,0,0,0,0

SID,NUSP3C,23,2
CD, ,0,0,0,XMN,0,0.0,236.0,7.7,2,2300,0,0,0,0,0,0
DF,D219Q,24.335031,117.841986,0, ,0.0,0.0,2,4930,0,0,0,0,0,0
TF,NUSPA,24.053333,117.631111,0, ,0.0,0.0,0.0,0.0,0,0,0,1,230,0,0,0

SID,NUSP7Y,23,5
CF,AM401,24.450833,117.997222,0,XLN,192.1,6.9,236.0,8.0,2,2300,0,0,0,0,0,0
TF,AM106,24.350833,117.984167,0, ,0.0,0.0,0.0,0.0,2,2960,0,1,230,0,0,0
TF,AM302,24.247500,117.839444,0, ,0.0,0.0,0.0,0.0,2,4930,0,0,0,0,0,0
TF,NUSPA,24.053333,117.631111,0, ,0.0,0.0,0.0,0.0,0,0,0,0,0,0,0,0

SID,NUSP9Z,05,5
CF,AM301,24.614444,118.226111,0,XLN,79.6,11.9,56.0,6.0,2,1320,0,0,0,0,0,1
CF,AM206,24.513333,118.213056,2,XMN,114.1,5.2,236.0,5.0,2,2960,0,1,200,0,0,0
TF,AM106,24.350833,117.984167,0, ,0.0,0.0,0.0,0.0,2,5910,0,0,0,0,0,0
TF,AM302,24.247500,117.839444,0, ,0.0,0.0,0.0,0.0,0,0,0,0,0,0,0,0
TF,NUSPA,24.053333,117.631111,0, ,0.0,0.0,0.0,0.0,0,0,0,0,0,0,0,0

STAR,APAK2A,05,2
IF,APAKA,23.863889,118.444444, ,0.0,0.0,0,0,0,0,0,0,0,0
TF,ALADU,24.321389,118.011111,0, ,0.0,0.0,0.0,0.0,2,3940,0,1,205,0,0,0

STAR,APAK4B,23,2
IF,APAKA,23.863889,118.444444, ,0.0,0.0,0,0,0,0,0,0,0,0
TF,ALADU,24.321389,118.011111,0, ,0.0,0.0,0.0,0.0,2,7880,0,0,0,0,0,0
TF,XLN,24.565000,118.015000,0, ,0.0,0.0,0.0,0.0,2,5910,0,1,205,0,0,0

STAR,APAK6W,23,5
IF,APAKA,23.863889,118.444444, ,0.0,0.0,2,17700,0,0,0,0,0,0
TF,AM107,24.157778,118.167222,0, ,0.0,0.0,0.0,0.0,2,6890,0,0,0,0,0,0
TF,AM106,24.350833,117.984167,0, ,0.0,0.0,0.0,0.0,2,5910,0,0,0,0,0,0
TF,AM206,24.513333,118.213056,2, ,0.0,0.0,0.0,0.0,2,4930,0,0,0,0,0,0
TF,AM205,24.613333,118.354444,0, ,0.0,0.0,0.0,0.0,2,2960,0,1,210,0,0,0

STAR,APAK8X,05,5
IF,APAKA,23.863889,118.444444, ,0.0,0.0,2,17700,0,0,0,0,0,0
TF,AM107,24.157778,118.167222,0, ,0.0,0.0,0.0,0.0,2,6890,0,0,0,0,0,0
TF,AM106,24.350833,117.984167,0, ,0.0,0.0,0.0,0.0,2,3940,0,1,210,0,0,0

STAR,ENVE2A,05,2
IF,ENVEN,25.341667,118.918333, ,0.0,0.0,0,0,0,0,0,0,0,0
TF,ATSAB,25.093333,118.618333,0, ,0.0,0.0,0.0,0.0,0,0,0,0,0,0,0,0
TF,XLN,24.565000,118.015000,0, ,0.0,0.0,0.0,0.0,2,5910,0,1,205,0,0,0

STAR,ENVE4B,23,2
IF,ENVEN,25.341667,118.918333, ,0.0,0.0,0,0,0,0,0,0,0,0
TF,ATSAB,25.093333,118.618333,0, ,0.0,0.0,0.0,0.0,0,0,0,0,0,0,0,0
TF,D052X,24.843131,118.331622,0, ,0.0,0.0,0.0,0.0,2,4930,0,1,205,0,0,0

STAR,ENVE6W,23,5
IF,ENVEN,25.341667,118.918333, ,0.0,0.0,0,0,0,0,0,0,0,0
TF,ATSAB,25.093333,118.618333,0, ,0.0,0.0,0.0,0.0,0,0,0,0,0,0,0,0
TF,AM611,24.944444,118.446944,0, ,0.0,0.0,0.0,0.0,2,8860,0,1,220,0,0,0
TF,AM612,25.000000,118.363889,0, ,0.0,0.0,0.0,0.0,0,0,0,0,0,0,0,0
TF,AM613,25.026111,118.265000,0, ,0.0,0.0,0.0,0.0,0,0,0,0,0,0,0,0
TF,AM614,25.020000,118.161944,0, ,0.0,0.0,0.0,0.0,2,8860,0,1,220,0,0,0
TF,MX1,24.756944,118.232778,1, ,0.0,0.0,0.0,0.0,2,4930,0,1,210,0,0,0

STAR,ENVE8X,05,5
IF,ENVEN,25.341667,118.918333, ,0.0,0.0,0,0,0,0,0,0,0,0
TF,ATSAB,25.093333,118.618333,0, ,0.0,0.0,0.0,0.0,0,0,0,0,0,0,0,0
TF,AM711,24.829444,118.315833,0, ,0.0,0.0,0.0,0.0,2,9850,0,1,220,0,0,0
TF,AM712,24.883611,118.244444,0, ,0.0,0.0,0.0,0.0,0,0,0,0,0,0,0,0
TF,AM713,24.921944,118.161944,0, ,0.0,0.0,0.0,0.0,0,0,0,0,0,0,0,0
TF,AM714,24.942778,118.072222,0, ,0.0,0.0,0.0,0.0,0,0,0,0,0,0,0,0
TF,AM715,24.944722,117.979444,0, ,0.0,0.0,0.0,0.0,2,9850,0,1,220,0,0,0
TF,XLN,24.565000,118.015000,1, ,0.0,0.0,0.0,0.0,2,5910,0,0,0,0,0,0
TF,AM104,24.461667,117.889444,0, ,0.0,0.0,0.0,0.0,2,3940,0,1,210,0,0,0

STAR,TEBO2A,05,2
IF,TEBON,24.138056,117.501111, ,0.0,0.0,0,0,0,0,0,0,0,0
TF,D232O,24.396725,117.811789,0, ,0.0,0.0,0.0,0.0,2,4930,0,1,205,0,0,0

STAR,TEBO4B,23,2
IF,TEBON,24.138056,117.501111, ,0.0,0.0,0,0,0,0,0,0,0,0
TF,XLN,24.565000,118.015000,0, ,0.0,0.0,0.0,0.0,2,5910,0,1,205,0,0,0

STAR,TEBO6W,23,5
IF,TEBON,24.138056,117.501111, ,0.0,0.0,0,0,0,0,0,0,0,0
TF,XLN,24.565000,118.015000,0, ,0.0,0.0,0.0,0.0,2,5910,0,0,0,0,0,0
TF,MX1,24.756944,118.232778,0, ,0.0,0.0,0.0,0.0,2,4930,0,1,210,0,0,0

STAR,TEBO8X,05,5
IF,TEBON,24.138056,117.501111, ,0.0,0.0,0,0,0,0,0,0,0,0
TF,AM105,24.397778,117.812500,0, ,0.0,0.0,0.0,0.0,2,4930,0,1,210,0,0,0

APPTR,D05,05,ALADU
IF,ALADU,24.321389,118.011111, ,0.0,0.0,2,3940,0,1,205,0,1,0
CF,CD05,24.395544,117.944233,0,XMN,232.0,13.2,326.0,5.8,2,2960,0,0,0,0,1,0

APPTR,D05,05,D232O
IF,D232O,24.396725,117.811789, ,0.0,0.0,2,4930,0,1,205,0,1,0
CF,CD05,24.395544,117.944233,0,XMN,232.0,13.2,95.0,7.3,2,2960,0,0,0,0,1,0

APPTR,D05,05,XLN
IF,XLN,24.565000,118.015000, ,0.0,0.0,2,5910,0,1,205,0,1,0
FD,XLN,24.565000,118.015000,0,XLN,0.0,10.9,232.0,10.9,2,3940,0,0,0,0,0,0
CF,CD05,24.395544,117.944233,1,XMN,232.0,13.2,52.0,1.0,2,2960,0,0,0,0,1,0

FINAL,D05,05,D,4
IF,CD05,24.395544,117.944233,XMN,232.0,13.2,2,2960,0,0,0,0,0,0
CF,FD05,24.458267,118.020164,0,XMN,232.0,7.6,52.0,5.6,2,2300,0,0,0,0,2,0
CF,45VOR,24.492975,118.062228,0,XMN,232.0,4.5,52.0,3.1,2,1320,0,0,0,0,0,0
CF,MD05,24.523192,118.098886,0,XMN,232.0,1.8,52.0,2.7,1,480,0,0,0,0,3,0
CF,D052G,24.621617,118.218478,0,XMN,52.0,7.0,52.0,8.8,2,1970,0,0,0,0,0,1
DF,XLN,24.565000,118.015000,1, ,0.0,0.0,2,3940,0,1,205,0,0,0
HM,XLN,24.565000,118.015000,1, ,0.0,0.0,232.0,04.3,0,0,0,1,230,0,0,0,0

APPTR,D23,23,D052X
IF,D052X,24.843131,118.331622, ,0.0,0.0,2,4930,0,1,205,0,1,0
CR,0,XLN,62.0,189.0,2,3940,0,0,0,0,0,0
CF,CD23,24.657039,118.315131,0,XMN,61.0,12.5,189.0,5.0,2,3290,0,0,0,0,1,0

APPTR,D23,23,XLN
IF,XLN,24.565000,118.015000, ,0.0,0.0,2,5910,0,1,205,0,1,0
FD,XLN,24.565000,118.015000,0,XLN,0.0,9.5,65.0,9.5,2,4930,0,0,0,0,0,0
CF,D065Q,24.700939,118.283919,0,XLN,65.0,16.8,65.0,7.3,2,3940,0,0,0,0,0,0
CF,CD23,24.657039,118.315131,2,XMN,61.0,12.5,241.0,1.0,2,3290,0,0,0,0,1,0

FINAL,D23,23,D,4
IF,CD23,24.657039,118.315131,XMN,61.0,12.5,2,3290,0,0,0,0,0,0
CF,FD23,24.615222,118.244508,0,XMN,61.0,7.9,241.0,4.6,2,2300,0,0,0,0,2,0
CF,38VOR,24.577925,118.181603,0,XMN,61.0,3.8,241.0,4.1,2,990,0,0,0,0,0,0
CF,MD23,24.561542,118.153997,0,XMN,61.0,2.0,241.0,1.8,1,402,0,0,0,0,3,0
CF,D241I,24.462222,117.986983,0,XMN,241.0,8.9,241.0,10.9,2,1970,0,0,0,0,0,1
DF,XLN,24.565000,118.015000,2, ,0.0,0.0,2,3940,0,1,205,0,0,0
TF,D065J,24.641928,118.166994,0, ,0.0,0.0,0.0,0.0,2,4930,0,0,0,0,0,0
HM,D065J,24.641928,118.166994,2, ,0.0,0.0,65.0,04.3,2,5910,0,1,230,0,0,0,0

APPTR,I05-Y,05,ALADU
IF,ALADU,24.321389,118.011111, ,0.0,0.0,2,3940,0,1,205,0,1,0
CF,CI05Y,24.407153,117.936811,0,IWF,235.9,14.3,326.0,6.6,2,2960,0,0,0,0,1,0

APPTR,I05-Y,05,D232O
IF,D232O,24.396725,117.811789, ,0.0,0.0,2,4930,0,1,205,0,1,0
CF,CI05Y,24.407153,117.936811,0,IWF,235.9,14.3,90.0,6.9,2,2960,0,0,0,0,1,0

APPTR,I05-Y,05,XLN
IF,XLN,24.565000,118.015000, ,0.0,0.0,2,5910,0,1,205,0,1,0
FD,XLN,24.565000,118.015000,0,XLN,0.0,10.2,232.0,10.2,2,3940,0,0,0,0,0,0
CF,CI05Y,24.407153,117.936811,1,IWF,235.9,14.3,56.0,1.0,2,2960,0,0,0,0,1,0

FINAL,I05-Y,05,I,3
IF,CI05Y,24.407153,117.936811,IWF,235.9,14.3,2,2960,0,0,0,0,0,0
CF,FF05,24.464972,118.017258,0,IWF,235.9,8.7,56.0,5.6,1,2300,0,0,0,0,2,0
CF,RW05,24.535514,118.115586,0,IWF,235.9,1.9,56.0,6.8,1,106,0,0,0,0,3,0
FD,RW05,24.535514,118.115586,0,IWF,0.0,7.5,56.0,7.5,2,1970,0,0,0,0,0,0
DF,XLN,24.565000,118.015000,1, ,0.0,0.0,1,3940,0,1,205,0,0,0
HM,XLN,24.565000,118.015000,1, ,0.0,0.0,232.0,04.3,0,0,0,1,230,0,0,0,0

APPTR,I05-Z,05,AM104
IF,AM104,24.461667,117.889444, ,0.0,0.0,2,3940,0,1,210,0,1,0
TF,AM103,24.406944,117.936111,0,IWF,0.0,0.0,0.0,0.0,2,2960,0,1,180,0,1,0

APPTR,I05-Z,05,AM105
IF,AM105,24.397778,117.812500, ,0.0,0.0,2,4930,0,1,210,0,1,0
TF,AM103,24.406944,117.936111,0,IWF,0.0,0.0,0.0,0.0,2,2960,0,1,180,0,1,0

APPTR,I05-Z,05,AM106
IF,AM106,24.350833,117.984167, ,0.0,0.0,2,3940,0,1,210,0,1,0
TF,AM103,24.406944,117.936111,0,IWF,0.0,0.0,0.0,0.0,2,2960,0,1,180,0,1,0

FINAL,I05-Z,05,I,3
IF,AM103,24.406944,117.936111,IWF,236.0,14.3,2,2960,0,1,180,0,0,0
CF,FF05,24.464972,118.017258,0,IWF,235.9,8.7,56.0,5.6,1,2300,0,0,0,0,2,0
CF,RW05,24.535514,118.115586,0,IWF,235.9,1.9,56.0,6.8,1,106,0,0,0,0,3,0
CF,AM301,24.614444,118.226111,0,XMN,56.9,7.1,56.0,7.7,2,1970,0,0,0,0,0,1
DF,XLN,24.565000,118.015000,1, ,0.0,0.0,2,3940,0,1,210,0,0,0
TF,AM104,24.461667,117.889444,0, ,0.0,0.0,0.0,0.0,2,3940,0,1,210,0,0,0

APPTR,I23-Y,23,D052X
IF,D052X,24.843131,118.331622, ,0.0,0.0,2,4930,0,1,205,0,1,0
CR,0,XLN,62.0,192.0,2,3940,0,0,0,0,0,0
CF,CI23Y,24.670861,118.306044,0,IKK,56.1,13.3,192.0,4.0,2,3290,0,0,0,0,1,0

APPTR,I23-Y,23,XLN
IF,XLN,24.565000,118.015000, ,0.0,0.0,2,5910,0,1,205,0,1,0
FD,XLN,24.565000,118.015000,0,XLN,0.0,9.5,62.0,9.5,2,4930,0,0,0,0,0,0
CF,D062Q,24.711858,118.272667,0,XLN,62.0,16.6,62.0,7.1,2,3940,0,0,0,0,0,0
CF,CI23Y,24.670861,118.306044,2,IKK,56.1,13.3,236.0,1.0,2,3290,0,0,0,0,1,0

FINAL,I23-Y,23,I,3
IF,CI23Y,24.670861,118.306044,IKK,56.1,13.3,2,3290,0,0,0,0,0,0
CF,FF23,24.623706,118.239564,0,IKK,56.1,8.7,236.0,4.6,1,2300,0,0,0,0,2,0
CF,RW23,24.552494,118.139342,0,IKK,56.1,1.8,236.0,6.9,1,85,0,0,0,0,3,0
FD,RW23,24.552494,118.139342,0,IKK,0.0,9.7,236.0,9.7,2,1970,0,0,0,0,0,0
DF,XLN,24.565000,118.015000,2, ,0.0,0.0,2,3940,0,1,205,0,0,0
TF,D062J,24.649097,118.162386,0, ,0.0,0.0,0.0,0.0,2,4930,0,0,0,0,0,0
HM,D062J,24.649097,118.162386,2, ,0.0,0.0,62.0,04.3,2,5910,0,1,230,0,0,0,0

APPTR,I23-Z,23,AM205
IF,AM205,24.613333,118.354444, ,0.0,0.0,2,2960,0,1,210,0,1,0
TF,AM203,24.671111,118.305556,0,IKK,0.0,0.0,0.0,0.0,2,2960,0,1,180,0,1,0

APPTR,I23-Z,23,MX1
IF,MX1,24.756944,118.232778, ,0.0,0.0,2,4930,0,1,210,0,1,0
TF,AM203,24.671111,118.305556,0,IKK,0.0,0.0,0.0,0.0,2,2960,0,1,180,0,1,0

FINAL,I23-Z,23,I,3
IF,AM203,24.671111,118.305556,IKK,56.0,13.3,2,2960,0,1,180,0,0,0
CF,FF23,24.623706,118.239564,0,IKK,56.1,8.7,236.0,4.6,1,2300,0,0,0,0,2,0
CF,RW23,24.552494,118.139342,0,IKK,56.1,1.8,236.0,6.9,1,85,0,0,0,0,3,0
CF,AM401,24.450833,117.997222,0,XMN,235.3,8.9,236.0,9.9,2,1970,0,0,0,0,0,1
DF,XLN,24.565000,118.015000,2, ,0.0,0.0,2,3940,0,1,210,0,0,0
TF,AM501,24.668833,118.132556,0, ,0.0,0.0,0.0,0.0,2,4930,0,0,0,0,0,0
TF,MX1,24.756944,118.232778,0, ,0.0,0.0,0.0,0.0,2,4930,0,1,210,0,0,0

