SID,DOV01D,35,2
DF,DER35,36.371000,120.071667,0, ,0.0,0.0,0,0,0,0,0,0,0,1
CF,D329E,36.447067,120.001108,0,JDG,329.4,5.2,335.0,6.0,2,1320,0,1,230,0,0,0
TF,D350T,36.644664,119.853458,0, ,0.0,0.0,0.0,0.0,2,4930,0,0,0,0,0,0
TF,GUTVO,36.816944,119.785556,0, ,0.0,0.0,0.0,0.0,2,9850,0,0,0,0,0,0
TF,UPDAD,37.588889,119.630278,0, ,0.0,0.0,0.0,0.0,2,19700,0,0,0,0,0,0
TF,DOVIV,38.111111,119.532500,0, ,0.0,0.0,0.0,0.0,0,0,0,0,0,0,0,0

SID,DOV02D,34,2
DF,DER34,36.381278,120.093167,0, ,0.0,0.0,0,0,0,0,0,0,0,1
CA,0,350.0,2,1970,0,0,0,0,0,0
CF,WF40B,36.838244,119.910250,0,WFG,80.0,39.8,350.0,27.0,0,0,0,0,0,0,0,0
TF,GUTVO,36.816944,119.785556,0, ,0.0,0.0,0.0,0.0,2,9850,0,1,230,0,0,0
TF,UPDAD,37.588889,119.630278,2, ,0.0,0.0,0.0,0.0,2,19700,0,0,0,0,0,0
TF,DOVIV,38.111111,119.532500,0, ,0.0,0.0,0.0,0.0,0,0,0,0,0,0,0,0

SID,DOV11D,16,1
DF,DER16,36.350361,120.105333,0, ,0.0,0.0,0,0,0,0,0,0,0,1
CD, ,0,0,0,IIN,0,0.0,170.0,11.0,0,0,0,0,0,0,0,0
DF,JDW,36.330000,119.976667,2, ,0.0,0.0,2,9850,0,1,230,0,0,0

SID,DOV11D,17,1
DF,DER17,36.340083,120.083833,0, ,0.0,0.0,0,0,0,0,0,0,0,1
CD, ,0,0,0,JDG,0,0.0,170.0,13.0,0,0,0,0,0,0,0,0
DF,JDW,36.330000,119.976667,2, ,0.0,0.0,2,9850,0,1,230,0,0,0

SID,DOV11D,ALL,2
IF,JDW,36.330000,119.976667, ,0.0,0.0,2,9850,0,1,230,0,0,0
TF,GUTVO,36.816944,119.785556,0, ,0.0,0.0,0.0,0.0,0,0,0,0,0,0,0,0
TF,UPDAD,37.588889,119.630278,0, ,0.0,0.0,0.0,0.0,2,19700,0,0,0,0,0,0
TF,DOVIV,38.111111,119.532500,0, ,0.0,0.0,0.0,0.0,0,0,0,0,0,0,0,0

SID,DOV12D,16,1
DF,DER16,36.350361,120.105333,0, ,0.0,0.0,0,0,0,0,0,0,0,1
CA,0,170.0,2,990,0,0,0,0,0,0
DF,JDE,36.290000,120.253333,1, ,0.0,0.0,0,0,0,1,230,0,0,0

SID,DOV12D,17,1
DF,DER17,36.340083,120.083833,0, ,0.0,0.0,0,0,0,0,0,0,0,1
CA,0,170.0,2,990,0,0,0,0,0,0
DF,JDE,36.290000,120.253333,1, ,0.0,0.0,0,0,0,1,230,0,0,0

SID,DOV12D,ALL,2
IF,JDE,36.290000,120.253333, ,0.0,0.0,0,0,0,1,230,0,0,0
TF,JDE34,36.837253,120.045122,0, ,0.0,0.0,0.0,0.0,2,12800,0,0,0,0,0,1
CF,GUTVO,36.816944,119.785556,1,JDE,331.5,38.8,260.0,11.0,0,0,0,0,0,0,0,0
TF,UPDAD,37.588889,119.630278,2, ,0.0,0.0,0.0,0.0,2,19700,0,0,0,0,0,0
TF,DOVIV,38.111111,119.532500,0, ,0.0,0.0,0.0,0.0,0,0,0,0,0,0,0,0

SID,DOV81D,16,4
DF,DER16,36.350361,120.105333,0, ,0.0,0.0,0,0,0,0,0,0,0,1
CA,0,170.0,2,4930,0,0,0,0,0,0
DF,QD502,36.202694,119.920694,2, ,0.0,0.0,2,9850,0,1,250,0,0,0

SID,DOV81D,17,4
DF,DER17,36.340083,120.083833,0, ,0.0,0.0,0,0,0,0,0,0,0,1
CA,0,170.0,2,4930,0,0,0,0,0,0
DF,QD502,36.202694,119.920694,2, ,0.0,0.0,2,9850,0,1,250,0,0,0

SID,DOV81D,ALL,5
IF,QD502,36.202694,119.920694, ,0.0,0.0,2,9850,0,1,250,0,0,0
TF,QD504,36.624361,119.753250,0, ,0.0,0.0,0.0,0.0,0,0,0,0,0,0,0,0
TF,GUTVO,36.816944,119.785556,0, ,0.0,0.0,0.0,0.0,0,0,0,0,0,0,0,0
TF,UPDAD,37.588889,119.630278,0, ,0.0,0.0,0.0,0.0,2,19700,0,0,0,0,0,0
TF,DOVIV,38.111111,119.532500,0, ,0.0,0.0,0.0,0.0,0,0,0,0,0,0,0,0

SID,DOV82D,16,4
DF,DER16,36.350361,120.105333,0, ,0.0,0.0,0,0,0,0,0,0,0,1
CA,0,170.0,2,500,0,0,0,0,0,0
CF,QD511,36.267278,120.171000,0,WFG,120.8,55.7,155.0,6.0,0,0,0,0,0,0,0,0
TF,QD512,36.313917,120.353222,0, ,0.0,0.0,0.0,0.0,2,3940,0,1,250,0,0,0

SID,DOV82D,17,4
DF,DER17,36.340083,120.083833,0, ,0.0,0.0,0,0,0,0,0,0,0,1
CF,QD501,36.253611,120.117806,0,WFG,122.7,53.7,170.0,6.0,0,0,0,0,0,0,0,0
TF,QD512,36.313917,120.353222,0, ,0.0,0.0,0.0,0.0,2,3940,0,1,250,0,0,0

SID,DOV82D,ALL,5
IF,QD512,36.313917,120.353222, ,0.0,0.0,2,3940,0,1,250,0,0,0
TF,QD514,36.902444,120.122250,0, ,0.0,0.0,0.0,0.0,2,12800,0,0,0,0,0,0
TF,GUTVO,36.816944,119.785556,0, ,0.0,0.0,0.0,0.0,0,0,0,0,0,0,0,0
TF,UPDAD,37.588889,119.630278,2, ,0.0,0.0,0.0,0.0,2,19700,0,0,0,0,0,0
TF,DOVIV,38.111111,119.532500,0, ,0.0,0.0,0.0,0.0,0,0,0,0,0,0,0,0

SID,DOV91D,34,4
DF,DER34,36.381278,120.093167,0, ,0.0,0.0,0,0,0,0,0,0,0,1
TF,QD611,36.504278,120.044722,0, ,0.0,0.0,0.0,0.0,0,0,0,0,0,0,0,0
TF,QD614,36.848333,119.908333,0, ,0.0,0.0,0.0,0.0,0,0,0,0,0,0,0,0
TF,GUTVO,36.816944,119.785556,0, ,0.0,0.0,0.0,0.0,2,9850,0,0,0,0,0,0

SID,DOV91D,35,4
DF,DER35,36.371000,120.071667,0, ,0.0,0.0,0,0,0,0,0,0,0,1
CA,0,350.0,2,500,0,0,0,0,0,0
CF,QD601,36.487417,119.979250,0,JDG,334.1,7.8,335.0,8.0,0,0,0,0,0,0,0,0
TF,QD602,36.645250,119.853417,0, ,0.0,0.0,0.0,0.0,2,4930,0,0,0,0,0,0
TF,GUTVO,36.816944,119.785556,0, ,0.0,0.0,0.0,0.0,2,9850,0,0,0,0,0,0

SID,DOV91D,ALL,5
IF,GUTVO,36.816944,119.785556, ,0.0,0.0,2,9850,0,0,0,0,0,0
TF,UPDAD,37.588889,119.630278,0, ,0.0,0.0,0.0,0.0,2,19700,0,0,0,0,0,0
TF,DOVIV,38.111111,119.532500,0, ,0.0,0.0,0.0,0.0,0,0,0,0,0,0,0,0

SID,DYN01D,35,2
DF,DER35,36.371000,120.071667,0, ,0.0,0.0,0,0,0,0,0,0,0,1
CF,D329E,36.447067,120.001108,0,JDG,329.4,5.2,335.0,6.0,2,1320,0,1,230,0,0,0
TF,D350T,36.644664,119.853458,0, ,0.0,0.0,0.0,0.0,2,4930,0,0,0,0,0,0
TF,GUTVO,36.816944,119.785556,0, ,0.0,0.0,0.0,0.0,2,9850,0,0,0,0,0,0
TF,UPDAD,37.588889,119.630278,0, ,0.0,0.0,0.0,0.0,2,19700,0,0,0,0,0,0
TF,DYN,37.528333,118.786667,0, ,0.0,0.0,0.0,0.0,0,0,0,0,0,0,0,0

SID,DYN02D,34,2
DF,DER34,36.381278,120.093167,0, ,0.0,0.0,0,0,0,0,0,0,0,1
CA,0,350.0,2,1970,0,0,0,0,0,0
CF,WF40B,36.838244,119.910250,0,WFG,80.0,39.8,350.0,27.0,0,0,0,0,0,0,0,0
TF,GUTVO,36.816944,119.785556,0, ,0.0,0.0,0.0,0.0,2,9850,0,1,230,0,0,0
TF,UPDAD,37.588889,119.630278,2, ,0.0,0.0,0.0,0.0,2,19700,0,0,0,0,0,0
TF,DYN,37.528333,118.786667,0, ,0.0,0.0,0.0,0.0,0,0,0,0,0,0,0,0

SID,DYN11D,16,1
DF,DER16,36.350361,120.105333,0, ,0.0,0.0,0,0,0,0,0,0,0,1
CD, ,0,0,0,IIN,0,0.0,170.0,11.0,0,0,0,0,0,0,0,0
DF,JDW,36.330000,119.976667,2, ,0.0,0.0,2,9850,0,1,230,0,0,0

SID,DYN11D,17,1
DF,DER17,36.340083,120.083833,0, ,0.0,0.0,0,0,0,0,0,0,0,1
CD, ,0,0,0,JDG,0,0.0,170.0,13.0,0,0,0,0,0,0,0,0
DF,JDW,36.330000,119.976667,2, ,0.0,0.0,2,9850,0,1,230,0,0,0

SID,DYN11D,ALL,2
IF,JDW,36.330000,119.976667, ,0.0,0.0,2,9850,0,1,230,0,0,0
TF,GUTVO,36.816944,119.785556,0, ,0.0,0.0,0.0,0.0,0,0,0,0,0,0,0,0
TF,UPDAD,37.588889,119.630278,0, ,0.0,0.0,0.0,0.0,2,19700,0,0,0,0,0,0
TF,DYN,37.528333,118.786667,0, ,0.0,0.0,0.0,0.0,0,0,0,0,0,0,0,0

SID,DYN12D,16,1
DF,DER16,36.350361,120.105333,0, ,0.0,0.0,0,0,0,0,0,0,0,1
CA,0,170.0,2,990,0,0,0,0,0,0
DF,JDE,36.290000,120.253333,1, ,0.0,0.0,0,0,0,1,230,0,0,0

SID,DYN12D,17,1
DF,DER17,36.340083,120.083833,0, ,0.0,0.0,0,0,0,0,0,0,0,1
CA,0,170.0,2,990,0,0,0,0,0,0
DF,JDE,36.290000,120.253333,1, ,0.0,0.0,0,0,0,1,230,0,0,0

SID,DYN12D,ALL,2
IF,JDE,36.290000,120.253333, ,0.0,0.0,0,0,0,1,230,0,0,0
TF,JDE34,36.837253,120.045122,0, ,0.0,0.0,0.0,0.0,2,12800,0,0,0,0,0,1
CF,GUTVO,36.816944,119.785556,1,JDE,331.5,38.8,260.0,11.0,0,0,0,0,0,0,0,0
TF,UPDAD,37.588889,119.630278,2, ,0.0,0.0,0.0,0.0,2,19700,0,0,0,0,0,0
TF,DYN,37.528333,118.786667,0, ,0.0,0.0,0.0,0.0,0,0,0,0,0,0,0,0

SID,DYN81D,16,4
DF,DER16,36.350361,120.105333,0, ,0.0,0.0,0,0,0,0,0,0,0,1
CA,0,170.0,2,4930,0,0,0,0,0,0
DF,QD502,36.202694,119.920694,2, ,0.0,0.0,2,9850,0,1,250,0,0,0

SID,DYN81D,17,4
DF,DER17,36.340083,120.083833,0, ,0.0,0.0,0,0,0,0,0,0,0,1
CA,0,170.0,2,4930,0,0,0,0,0,0
DF,QD502,36.202694,119.920694,2, ,0.0,0.0,2,9850,0,1,250,0,0,0

SID,DYN81D,ALL,5
IF,QD502,36.202694,119.920694, ,0.0,0.0,2,9850,0,1,250,0,0,0
TF,QD504,36.624361,119.753250,0, ,0.0,0.0,0.0,0.0,0,0,0,0,0,0,0,0
TF,GUTVO,36.816944,119.785556,0, ,0.0,0.0,0.0,0.0,0,0,0,0,0,0,0,0
TF,UPDAD,37.588889,119.630278,0, ,0.0,0.0,0.0,0.0,2,19700,0,0,0,0,0,0
TF,DYN,37.528333,118.786667,0, ,0.0,0.0,0.0,0.0,0,0,0,0,0,0,0,0

SID,DYN82D,16,4
DF,DER16,36.350361,120.105333,0, ,0.0,0.0,0,0,0,0,0,0,0,1
CA,0,170.0,2,500,0,0,0,0,0,0
CF,QD511,36.267278,120.171000,0,WFG,120.8,55.7,155.0,6.0,0,0,0,0,0,0,0,0
TF,QD512,36.313917,120.353222,0, ,0.0,0.0,0.0,0.0,2,3940,0,1,250,0,0,0

SID,DYN82D,17,4
DF,DER17,36.340083,120.083833,0, ,0.0,0.0,0,0,0,0,0,0,0,1
CF,QD501,36.253611,120.117806,0,WFG,122.7,53.7,170.0,6.0,0,0,0,0,0,0,0,0
TF,QD512,36.313917,120.353222,0, ,0.0,0.0,0.0,0.0,2,3940,0,1,250,0,0,0

SID,DYN82D,ALL,5
IF,QD512,36.313917,120.353222, ,0.0,0.0,2,3940,0,1,250,0,0,0
TF,QD514,36.902444,120.122250,0, ,0.0,0.0,0.0,0.0,2,12800,0,0,0,0,0,0
TF,GUTVO,36.816944,119.785556,0, ,0.0,0.0,0.0,0.0,0,0,0,0,0,0,0,0
TF,UPDAD,37.588889,119.630278,2, ,0.0,0.0,0.0,0.0,2,19700,0,0,0,0,0,0
TF,DYN,37.528333,118.786667,0, ,0.0,0.0,0.0,0.0,0,0,0,0,0,0,0,0

SID,DYN91D,34,4
DF,DER34,36.381278,120.093167,0, ,0.0,0.0,0,0,0,0,0,0,0,1
TF,QD611,36.504278,120.044722,0, ,0.0,0.0,0.0,0.0,0,0,0,0,0,0,0,0
TF,QD614,36.848333,119.908333,0, ,0.0,0.0,0.0,0.0,0,0,0,0,0,0,0,0
TF,GUTVO,36.816944,119.785556,0, ,0.0,0.0,0.0,0.0,2,9850,0,0,0,0,0,0

SID,DYN91D,35,4
DF,DER35,36.371000,120.071667,0, ,0.0,0.0,0,0,0,0,0,0,0,1
CA,0,350.0,2,500,0,0,0,0,0,0
CF,QD601,36.487417,119.979250,0,JDG,334.1,7.8,335.0,8.0,0,0,0,0,0,0,0,0
TF,QD602,36.645250,119.853417,0, ,0.0,0.0,0.0,0.0,2,4930,0,0,0,0,0,0
TF,GUTVO,36.816944,119.785556,0, ,0.0,0.0,0.0,0.0,2,9850,0,0,0,0,0,0

SID,DYN91D,ALL,5
IF,GUTVO,36.816944,119.785556, ,0.0,0.0,2,9850,0,0,0,0,0,0
TF,UPDAD,37.588889,119.630278,0, ,0.0,0.0,0.0,0.0,2,19700,0,0,0,0,0,0
TF,DYN,37.528333,118.786667,0, ,0.0,0.0,0.0,0.0,0,0,0,0,0,0,0,0

SID,LAT01D,34,2
DF,DER34,36.381278,120.093167,0, ,0.0,0.0,0,0,0,0,0,0,0,1
CA,0,350.0,2,1970,0,0,0,0,0,0
DF,JDE,36.290000,120.253333,2, ,0.0,0.0,2,2960,0,1,230,0,0,0
TF,D159O,36.076036,120.392833,0, ,0.0,0.0,0.0,0.0,0,0,0,0,0,0,0,0
TF,LAROP,35.731667,120.615556,0, ,0.0,0.0,0.0,0.0,0,0,0,0,0,0,0,0
TF,LATUX,35.483333,120.783333,0, ,0.0,0.0,0.0,0.0,0,0,0,0,0,0,0,0

SID,LAT11D,16,1
DF,DER16,36.350361,120.105333,0, ,0.0,0.0,0,0,0,0,0,0,0,1
CA,0,170.0,2,990,0,0,0,0,0,0
DF,JDE,36.290000,120.253333,1, ,0.0,0.0,0,0,0,1,230,0,0,0

SID,LAT11D,17,1
DF,DER17,36.340083,120.083833,0, ,0.0,0.0,0,0,0,0,0,0,0,1
CA,0,170.0,2,990,0,0,0,0,0,0
DF,JDE,36.290000,120.253333,1, ,0.0,0.0,0,0,0,1,230,0,0,0

SID,LAT11D,ALL,2
IF,JDE,36.290000,120.253333, ,0.0,0.0,0,0,0,1,230,0,0,0
TF,D159O,36.076036,120.392833,0, ,0.0,0.0,0.0,0.0,0,0,0,0,0,0,0,0
TF,LAROP,35.731667,120.615556,0, ,0.0,0.0,0.0,0.0,0,0,0,0,0,0,0,0
TF,LATUX,35.483333,120.783333,0, ,0.0,0.0,0.0,0.0,0,0,0,0,0,0,0,0

SID,LAT81D,16,4
DF,DER16,36.350361,120.105333,0, ,0.0,0.0,0,0,0,0,0,0,0,1
CA,0,170.0,2,500,0,0,0,0,0,0
CF,QD511,36.267278,120.171000,0,WFG,120.8,55.7,155.0,6.0,0,0,0,0,0,0,0,0
TF,QD512,36.313917,120.353222,0, ,0.0,0.0,0.0,0.0,2,3940,0,1,250,0,0,0

SID,LAT81D,17,4
DF,DER17,36.340083,120.083833,0, ,0.0,0.0,0,0,0,0,0,0,0,1
CF,QD501,36.253611,120.117806,0,WFG,122.7,53.7,170.0,6.0,0,0,0,0,0,0,0,0
TF,QD512,36.313917,120.353222,0, ,0.0,0.0,0.0,0.0,2,3940,0,1,250,0,0,0

SID,LAT81D,ALL,5
IF,QD512,36.313917,120.353222, ,0.0,0.0,2,3940,0,1,250,0,0,0
TF,IPMIN,35.959167,120.490833,0, ,0.0,0.0,0.0,0.0,0,0,0,0,0,0,0,0
TF,LAROP,35.731667,120.615556,0, ,0.0,0.0,0.0,0.0,0,0,0,0,0,0,0,0
TF,LATUX,35.483333,120.783333,0, ,0.0,0.0,0.0,0.0,0,0,0,0,0,0,0,0

SID,LAT91D,34,4
DF,DER34,36.381278,120.093167,0, ,0.0,0.0,0,0,0,0,0,0,0,1
TF,QD611,36.504278,120.044722,0, ,0.0,0.0,0.0,0.0,0,0,0,0,0,0,0,0
TF,QD612,36.558806,120.257583,0, ,0.0,0.0,0.0,0.0,2,3940,0,1,250,0,0,0

SID,LAT91D,35,4
DF,DER35,36.371000,120.071667,0, ,0.0,0.0,0,0,0,0,0,0,0,1
CA,0,350.0,2,500,0,0,0,0,0,0
CF,QD601,36.487417,119.979250,0,JDG,334.1,7.8,335.0,8.0,0,0,0,0,0,0,0,0
TF,QD612,36.558806,120.257583,2, ,0.0,0.0,0.0,0.0,2,3940,0,1,250,0,0,0

SID,LAT91D,ALL,5
IF,QD612,36.558806,120.257583, ,0.0,0.0,2,3940,0,1,250,0,0,0
TF,IPMIN,35.959167,120.490833,0, ,0.0,0.0,0.0,0.0,2,9850,0,0,0,0,0,0
TF,LAROP,35.731667,120.615556,0, ,0.0,0.0,0.0,0.0,0,0,0,0,0,0,0,0
TF,LATUX,35.483333,120.783333,0, ,0.0,0.0,0.0,0.0,0,0,0,0,0,0,0,0

SID,TEK01D,34,2
DF,DER34,36.381278,120.093167,0, ,0.0,0.0,0,0,0,0,0,0,0,1
CA,0,350.0,2,1970,0,0,0,0,0,0
DF,D024S,36.588147,120.367519,0, ,0.0,0.0,2,2960,0,1,230,0,0,0
TF,LUPSA,36.855833,120.470833,0, ,0.0,0.0,0.0,0.0,2,11800,0,0,0,0,0,0
TF,TEKAM,37.586111,120.754722,0, ,0.0,0.0,0.0,0.0,0,0,0,0,0,0,0,0

SID,TEK11D,16,1
DF,DER16,36.350361,120.105333,0, ,0.0,0.0,0,0,0,0,0,0,0,1
CA,0,170.0,2,990,0,0,0,0,0,0
DF,JDE,36.290000,120.253333,1, ,0.0,0.0,0,0,0,1,230,0,0,0

SID,TEK11D,17,1
DF,DER17,36.340083,120.083833,0, ,0.0,0.0,0,0,0,0,0,0,0,1
CA,0,170.0,2,990,0,0,0,0,0,0
DF,JDE,36.290000,120.253333,1, ,0.0,0.0,0,0,0,1,230,0,0,0

SID,TEK11D,ALL,2
IF,JDE,36.290000,120.253333, ,0.0,0.0,0,0,0,1,230,0,0,0
TF,LUPSA,36.855833,120.470833,0, ,0.0,0.0,0.0,0.0,2,11800,0,0,0,0,0,0
TF,TEKAM,37.586111,120.754722,0, ,0.0,0.0,0.0,0.0,0,0,0,0,0,0,0,0

SID,TEK81D,16,4
DF,DER16,36.350361,120.105333,0, ,0.0,0.0,0,0,0,0,0,0,0,1
CA,0,170.0,2,500,0,0,0,0,0,0
CF,QD511,36.267278,120.171000,0,WFG,120.8,55.7,155.0,6.0,0,0,0,0,0,0,0,0
TF,QD512,36.313917,120.353222,0, ,0.0,0.0,0.0,0.0,2,3940,0,1,250,0,0,0

SID,TEK81D,17,4
DF,DER17,36.340083,120.083833,0, ,0.0,0.0,0,0,0,0,0,0,0,1
CF,QD501,36.253611,120.117806,0,WFG,122.7,53.7,170.0,6.0,0,0,0,0,0,0,0,0
TF,QD512,36.313917,120.353222,0, ,0.0,0.0,0.0,0.0,2,3940,0,1,250,0,0,0

SID,TEK81D,ALL,5
IF,QD512,36.313917,120.353222, ,0.0,0.0,2,3940,0,1,250,0,0,0
TF,QD513,36.430028,120.307944,0, ,0.0,0.0,0.0,0.0,0,0,0,0,0,0,0,0
TF,LUPSA,36.855833,120.470833,0, ,0.0,0.0,0.0,0.0,2,11800,0,0,0,0,0,0
TF,TEKAM,37.586111,120.754722,0, ,0.0,0.0,0.0,0.0,0,0,0,0,0,0,0,0

SID,TEK91D,34,4
DF,DER34,36.381278,120.093167,0, ,0.0,0.0,0,0,0,0,0,0,0,1
TF,QD611,36.504278,120.044722,0, ,0.0,0.0,0.0,0.0,0,0,0,0,0,0,0,0
TF,QD612,36.558806,120.257583,0, ,0.0,0.0,0.0,0.0,2,3940,0,1,250,0,0,0

SID,TEK91D,35,4
DF,DER35,36.371000,120.071667,0, ,0.0,0.0,0,0,0,0,0,0,0,1
CA,0,350.0,2,500,0,0,0,0,0,0
CF,QD601,36.487417,119.979250,0,JDG,334.1,7.8,335.0,8.0,0,0,0,0,0,0,0,0
TF,QD612,36.558806,120.257583,2, ,0.0,0.0,0.0,0.0,2,3940,0,1,250,0,0,0

SID,TEK91D,ALL,5
IF,QD612,36.558806,120.257583, ,0.0,0.0,2,3940,0,1,250,0,0,0
TF,QD613,36.586833,120.367722,0, ,0.0,0.0,0.0,0.0,0,0,0,0,0,0,0,0
TF,LUPSA,36.855833,120.470833,0, ,0.0,0.0,0.0,0.0,2,11800,0,0,0,0,0,0
TF,TEKAM,37.586111,120.754722,0, ,0.0,0.0,0.0,0.0,0,0,0,0,0,0,0,0

SID,WFG01D,35,2
DF,DER35,36.371000,120.071667,0, ,0.0,0.0,0,0,0,0,0,0,0,1
CF,D329E,36.447067,120.001108,0,JDG,329.4,5.2,335.0,6.0,2,1320,0,1,230,0,0,0
TF,D350T,36.644664,119.853458,0, ,0.0,0.0,0.0,0.0,2,4930,0,0,0,0,0,0
TF,GUTVO,36.816944,119.785556,0, ,0.0,0.0,0.0,0.0,2,9850,0,0,0,0,0,0
TF,D080L,36.705728,119.348881,0, ,0.0,0.0,0.0,0.0,2,12800,0,0,0,0,0,0
TF,WFG,36.646667,119.120000,0, ,0.0,0.0,0.0,0.0,2,14800,0,0,0,0,0,0

SID,WFG02D,34,2
DF,DER34,36.381278,120.093167,0, ,0.0,0.0,0,0,0,0,0,0,0,1
CA,0,350.0,2,1970,0,0,0,0,0,0
CF,WF40B,36.838244,119.910250,0,WFG,80.0,39.8,350.0,27.0,0,0,0,0,0,0,0,0
TF,GUTVO,36.816944,119.785556,0, ,0.0,0.0,0.0,0.0,2,9850,0,1,230,0,0,0
TF,D080L,36.705728,119.348881,0, ,0.0,0.0,0.0,0.0,2,12800,0,0,0,0,0,0
TF,WFG,36.646667,119.120000,0, ,0.0,0.0,0.0,0.0,2,14800,0,0,0,0,0,0

SID,WFG11D,16,1
DF,DER16,36.350361,120.105333,0, ,0.0,0.0,0,0,0,0,0,0,0,1
CD, ,0,0,0,IIN,0,0.0,170.0,11.0,0,0,0,0,0,0,0,0
DF,JDW,36.330000,119.976667,2, ,0.0,0.0,2,9850,0,1,230,0,0,0

SID,WFG11D,17,1
DF,DER17,36.340083,120.083833,0, ,0.0,0.0,0,0,0,0,0,0,0,1
CD, ,0,0,0,JDG,0,0.0,170.0,13.0,0,0,0,0,0,0,0,0
DF,JDW,36.330000,119.976667,2, ,0.0,0.0,2,9850,0,1,230,0,0,0

SID,WFG11D,ALL,2
IF,JDW,36.330000,119.976667, ,0.0,0.0,2,9850,0,1,230,0,0,0
TF,YO,36.438333,119.688333,0, ,0.0,0.0,0.0,0.0,2,12800,0,0,0,0,0,0
TF,WFG,36.646667,119.120000,0, ,0.0,0.0,0.0,0.0,0,0,0,0,0,0,0,0

SID,WFG81D,16,4
DF,DER16,36.350361,120.105333,0, ,0.0,0.0,0,0,0,0,0,0,0,1
CA,0,170.0,2,4930,0,0,0,0,0,0
DF,QD502,36.202694,119.920694,2, ,0.0,0.0,2,9850,0,1,250,0,0,0

SID,WFG81D,17,4
DF,DER17,36.340083,120.083833,0, ,0.0,0.0,0,0,0,0,0,0,0,1
CA,0,170.0,2,4930,0,0,0,0,0,0
DF,QD502,36.202694,119.920694,2, ,0.0,0.0,2,9850,0,1,250,0,0,0

SID,WFG81D,ALL,5
IF,QD502,36.202694,119.920694, ,0.0,0.0,2,9850,0,1,250,0,0,0
TF,QD503,36.378361,119.851167,0, ,0.0,0.0,0.0,0.0,0,0,0,0,0,0,0,0
TF,YO,36.438333,119.688333,0, ,0.0,0.0,0.0,0.0,2,12800,0,0,0,0,0,0
TF,WFG,36.646667,119.120000,0, ,0.0,0.0,0.0,0.0,0,0,0,0,0,0,0,0

SID,WFG91D,34,4
DF,DER34,36.381278,120.093167,0, ,0.0,0.0,0,0,0,0,0,0,0,1
TF,QD611,36.504278,120.044722,0, ,0.0,0.0,0.0,0.0,0,0,0,0,0,0,0,0
TF,QD614,36.848333,119.908333,0, ,0.0,0.0,0.0,0.0,0,0,0,0,0,0,0,0
TF,GUTVO,36.816944,119.785556,0, ,0.0,0.0,0.0,0.0,2,9850,0,0,0,0,0,0

SID,WFG91D,35,4
DF,DER35,36.371000,120.071667,0, ,0.0,0.0,0,0,0,0,0,0,0,1
CA,0,350.0,2,500,0,0,0,0,0,0
CF,QD601,36.487417,119.979250,0,JDG,334.1,7.8,335.0,8.0,0,0,0,0,0,0,0,0
TF,QD602,36.645250,119.853417,0, ,0.0,0.0,0.0,0.0,2,4930,0,0,0,0,0,0
TF,GUTVO,36.816944,119.785556,0, ,0.0,0.0,0.0,0.0,2,9850,0,0,0,0,0,0

SID,WFG91D,ALL,5
IF,GUTVO,36.816944,119.785556, ,0.0,0.0,2,9850,0,0,0,0,0,0
TF,QD113,36.704639,119.350000,0, ,0.0,0.0,0.0,0.0,2,12800,0,0,0,0,0,0
TF,WFG,36.646667,119.120000,0, ,0.0,0.0,0.0,0.0,0,0,0,0,0,0,0,0

STAR,DYN01A,ALL,2
IF,DYN,37.528333,118.786667, ,0.0,0.0,0,0,0,0,0,0,0,0
TF,UPDAD,37.588889,119.630278,0, ,0.0,0.0,0.0,0.0,2,19700,0,0,0,0,0,0
TF,GUTVO,36.816944,119.785556,0, ,0.0,0.0,0.0,0.0,0,0,0,0,0,0,0,0

STAR,DYN01A,34,3
IF,GUTVO,36.816944,119.785556, ,0.0,0.0,0,0,0,0,0,0,0,0
TF,JDW,36.330000,119.976667,0, ,0.0,0.0,0.0,0.0,2,9850,0,1,205,0,0,0

STAR,DYN01A,35,3
IF,GUTVO,36.816944,119.785556, ,0.0,0.0,0,0,0,0,0,0,0,0
TF,JDW,36.330000,119.976667,0, ,0.0,0.0,0.0,0.0,2,9850,0,1,205,0,0,0

STAR,DYN11A,ALL,2
IF,DYN,37.528333,118.786667, ,0.0,0.0,0,0,0,0,0,0,0,0
TF,UPDAD,37.588889,119.630278,0, ,0.0,0.0,0.0,0.0,2,19700,0,0,0,0,0,0
TF,GUTVO,36.816944,119.785556,0, ,0.0,0.0,0.0,0.0,2,9850,0,0,0,0,0,0
TF,WFG37,36.834472,119.850894,1, ,0.0,0.0,0.0,0.0,0,0,0,0,0,0,0,0

STAR,DYN11A,16,3
IF,WFG37,36.834472,119.850894, ,0.0,0.0,0,0,0,0,0,0,0,0
CF,JDG21,36.718217,119.937569,0,JDG,350.0,21.3,170.0,5.0,2,4930,0,1,205,0,0,0

STAR,DYN11A,17,3
IF,WFG37,36.834472,119.850894, ,0.0,0.0,0,0,0,0,0,0,0,0
CF,JDG21,36.718217,119.937569,0,JDG,350.0,21.3,170.0,5.0,2,4930,0,1,205,0,0,0

STAR,DYN81A,ALL,5
IF,DYN,37.528333,118.786667, ,0.0,0.0,0,0,0,0,0,0,0,0
TF,UPDAD,37.588889,119.630278,0, ,0.0,0.0,0.0,0.0,2,19700,0,0,0,0,0,0
TF,GUTVO,36.816944,119.785556,0, ,0.0,0.0,0.0,0.0,2,9850,0,1,210,0,0,0
TF,QD110,36.842306,119.885000,1, ,0.0,0.0,0.0,0.0,0,0,0,0,0,0,0,0

STAR,DYN81A,16,6
IF,QD110,36.842306,119.885000, ,0.0,0.0,0,0,0,0,0,0,0,0
TF,QD105,36.718167,119.934389,0, ,0.0,0.0,0.0,0.0,2,4930,0,1,210,0,0,0

STAR,DYN81A,17,6
IF,QD110,36.842306,119.885000, ,0.0,0.0,0,0,0,0,0,0,0,0
TF,QD105,36.718167,119.934389,0, ,0.0,0.0,0.0,0.0,2,4930,0,1,210,0,0,0

STAR,DYN91A,ALL,5
IF,DYN,37.528333,118.786667, ,0.0,0.0,0,0,0,0,0,0,0,0
TF,UPDAD,37.588889,119.630278,0, ,0.0,0.0,0.0,0.0,2,19700,0,0,0,0,0,0
TF,GUTVO,36.816944,119.785556,0, ,0.0,0.0,0.0,0.0,0,0,0,0,0,0,0,0
TF,QD602,36.645250,119.853417,0, ,0.0,0.0,0.0,0.0,2,11800,0,0,0,0,0,0
TF,QD800,36.331417,119.977806,0, ,0.0,0.0,0.0,0.0,2,9850,0,0,0,0,0,0

STAR,DYN91A,34,6
IF,QD800,36.331417,119.977806, ,0.0,0.0,2,9850,0,0,0,0,0,0
TF,QD205,36.040056,120.092333,0, ,0.0,0.0,0.0,0.0,2,3940,0,1,210,0,0,0

STAR,DYN91A,35,6
IF,QD800,36.331417,119.977806, ,0.0,0.0,2,9850,0,0,0,0,0,0
TF,QD205,36.040056,120.092333,0, ,0.0,0.0,0.0,0.0,2,3940,0,1,210,0,0,0

STAR,HCH01A,ALL,2
IF,HCH,37.655000,120.545000, ,0.0,0.0,0,0,0,0,0,0,0,0
TF,NOKUD,36.941111,120.275556,0, ,0.0,0.0,0.0,0.0,2,11800,0,0,0,0,0,0
TF,WFG48,36.886947,120.058958,0, ,0.0,0.0,0.0,0.0,0,0,0,0,0,0,0,1

STAR,HCH01A,34,3
IF,WFG48,36.886947,120.058958, ,0.0,0.0,0,0,0,0,0,0,0,0
CF,JDE,36.290000,120.253333,0,JDE,0.0,0.0,170.0,37.0,2,5910,0,1,205,0,0,0

STAR,HCH01A,35,3
IF,WFG48,36.886947,120.058958, ,0.0,0.0,0,0,0,0,0,0,0,0
CF,JDE,36.290000,120.253333,0,JDE,0.0,0.0,170.0,37.0,2,5910,0,1,205,0,0,0

STAR,HCH11A,ALL,2
IF,HCH,37.655000,120.545000, ,0.0,0.0,0,0,0,0,0,0,0,0
TF,NOKUD,36.941111,120.275556,0, ,0.0,0.0,0.0,0.0,2,11800,0,0,0,0,0,0
TF,WF40A,36.851003,119.916256,0, ,0.0,0.0,0.0,0.0,0,0,0,0,0,0,0,0

STAR,HCH11A,16,3
IF,WF40A,36.851003,119.916256, ,0.0,0.0,0,0,0,0,0,0,0,0
CF,JDG21,36.718217,119.937569,0,JDG,350.0,21.3,170.0,5.0,2,4930,0,1,205,0,0,0

STAR,HCH11A,17,3
IF,WF40A,36.851003,119.916256, ,0.0,0.0,0,0,0,0,0,0,0,0
CF,JDG21,36.718217,119.937569,0,JDG,350.0,21.3,170.0,5.0,2,4930,0,1,205,0,0,0

STAR,HCH81A,ALL,5
IF,HCH,37.655000,120.545000, ,0.0,0.0,0,0,0,0,0,0,0,0
TF,NOKUD,36.941111,120.275556,0, ,0.0,0.0,0.0,0.0,2,11800,0,1,250,0,0,0
TF,QD306,36.877250,120.022528,0, ,0.0,0.0,0.0,0.0,0,0,0,0,0,0,0,0
TF,QD307,36.752861,120.071806,0, ,0.0,0.0,0.0,0.0,2,3940,0,0,0,0,0,0

STAR,HCH81A,16,6
IF,QD307,36.752861,120.071806, ,0.0,0.0,2,3940,0,0,0,0,0,0
TF,QD305,36.627278,120.121611,0, ,0.0,0.0,0.0,0.0,2,1970,0,1,210,0,0,0

STAR,HCH81A,17,6
IF,QD307,36.752861,120.071806, ,0.0,0.0,2,3940,0,0,0,0,0,0
TF,QD305,36.627278,120.121611,0, ,0.0,0.0,0.0,0.0,2,2960,0,1,210,0,0,0

STAR,HCH91A,ALL,5
IF,HCH,37.655000,120.545000, ,0.0,0.0,0,0,0,0,0,0,0,0
TF,NOKUD,36.941111,120.275556,0, ,0.0,0.0,0.0,0.0,2,11800,0,0,0,0,0,0
TF,QD306,36.877250,120.022528,0, ,0.0,0.0,0.0,0.0,0,0,0,0,0,0,0,0
TF,QD900,36.288639,120.254278,0, ,0.0,0.0,0.0,0.0,2,5910,0,0,0,0,0,0

STAR,HCH91A,34,6
IF,QD900,36.288639,120.254278, ,0.0,0.0,2,5910,0,0,0,0,0,0
TF,QD405,36.100528,120.327556,0, ,0.0,0.0,0.0,0.0,2,2960,0,1,210,0,0,0

STAR,HCH91A,35,6
IF,QD900,36.288639,120.254278, ,0.0,0.0,2,5910,0,0,0,0,0,0
TF,QD405,36.100528,120.327556,0, ,0.0,0.0,0.0,0.0,2,3940,0,1,210,0,0,0

STAR,IDV01A,ALL,2
IF,IDVEL,35.380833,120.581944, ,0.0,0.0,0,0,0,0,0,0,0,0
TF,AVLOK,35.460278,120.543611,0, ,0.0,0.0,0.0,0.0,0,0,0,0,0,0,0,0

STAR,IDV01A,34,3
IF,AVLOK,35.460278,120.543611, ,0.0,0.0,0,0,0,0,0,0,0,0
TF,XDX,35.978333,120.290000,0, ,0.0,0.0,0.0,0.0,2,4930,0,1,205,0,0,0

STAR,IDV01A,35,3
IF,AVLOK,35.460278,120.543611, ,0.0,0.0,0,0,0,0,0,0,0,0
TF,XDX,35.978333,120.290000,0, ,0.0,0.0,0.0,0.0,2,4930,0,1,205,0,0,0

STAR,IDV11A,ALL,2
IF,IDVEL,35.380833,120.581944, ,0.0,0.0,0,0,0,0,0,0,0,0
TF,AVLOK,35.460278,120.543611,0, ,0.0,0.0,0.0,0.0,0,0,0,0,0,0,0,0
TF,XDX,35.978333,120.290000,0, ,0.0,0.0,0.0,0.0,2,5910,0,0,0,0,0,0
TF,JDE,36.290000,120.253333,0, ,0.0,0.0,0.0,0.0,2,4930,0,0,0,0,0,0

STAR,IDV11A,16,3
IF,JDE,36.290000,120.253333, ,0.0,0.0,2,4930,0,0,0,0,0,0
TF,JDE21,36.629886,120.124383,0, ,0.0,0.0,0.0,0.0,2,1970,0,1,205,0,0,0

STAR,IDV11A,17,3
IF,JDE,36.290000,120.253333, ,0.0,0.0,2,4930,0,0,0,0,0,0
TF,JDE21,36.629886,120.124383,0, ,0.0,0.0,0.0,0.0,2,2960,0,1,205,0,0,0

STAR,IDV81A,ALL,5
IF,IDVEL,35.380833,120.581944, ,0.0,0.0,0,0,0,0,0,0,0,0
TF,AVLOK,35.460278,120.543611,0, ,0.0,0.0,0.0,0.0,0,0,0,0,0,0,0,0
TF,QD700,35.977222,120.291111,0, ,0.0,0.0,0.0,0.0,2,5910,0,0,0,0,0,0
TF,QD900,36.288639,120.254278,0, ,0.0,0.0,0.0,0.0,2,4930,0,0,0,0,0,0

STAR,IDV81A,16,6
IF,QD900,36.288639,120.254278, ,0.0,0.0,2,4930,0,0,0,0,0,0
TF,QD305,36.627278,120.121611,0, ,0.0,0.0,0.0,0.0,2,1970,0,1,210,0,0,0

STAR,IDV81A,17,6
IF,QD900,36.288639,120.254278, ,0.0,0.0,2,4930,0,0,0,0,0,0
TF,QD305,36.627278,120.121611,0, ,0.0,0.0,0.0,0.0,2,2960,0,1,210,0,0,0

STAR,IDV91A,ALL,5
IF,IDVEL,35.380833,120.581944, ,0.0,0.0,0,0,0,0,0,0,0,0
TF,AVLOK,35.460278,120.543611,0, ,0.0,0.0,0.0,0.0,0,0,0,0,0,0,0,0

STAR,IDV91A,34,6
IF,AVLOK,35.460278,120.543611, ,0.0,0.0,0,0,0,0,0,0,0,0
TF,QD700,35.977222,120.291111,0, ,0.0,0.0,0.0,0.0,2,4930,0,1,210,0,0,0

STAR,IDV91A,35,6
IF,AVLOK,35.460278,120.543611, ,0.0,0.0,0,0,0,0,0,0,0,0
TF,QD700,35.977222,120.291111,0, ,0.0,0.0,0.0,0.0,2,4930,0,1,210,0,0,0

STAR,LAT01A,ALL,2
IF,LATUX,35.483333,120.783333, ,0.0,0.0,0,0,0,0,0,0,0,0
TF,AVLOK,35.460278,120.543611,0, ,0.0,0.0,0.0,0.0,0,0,0,0,0,0,0,0

STAR,LAT01A,34,3
IF,AVLOK,35.460278,120.543611, ,0.0,0.0,0,0,0,0,0,0,0,0
TF,XDX,35.978333,120.290000,0, ,0.0,0.0,0.0,0.0,2,4930,0,1,205,0,0,0

STAR,LAT01A,35,3
IF,AVLOK,35.460278,120.543611, ,0.0,0.0,0,0,0,0,0,0,0,0
TF,XDX,35.978333,120.290000,0, ,0.0,0.0,0.0,0.0,2,4930,0,1,205,0,0,0

STAR,LAT11A,ALL,2
IF,LATUX,35.483333,120.783333, ,0.0,0.0,0,0,0,0,0,0,0,0
TF,AVLOK,35.460278,120.543611,0, ,0.0,0.0,0.0,0.0,0,0,0,0,0,0,0,0
TF,XDX,35.978333,120.290000,0, ,0.0,0.0,0.0,0.0,2,5910,0,0,0,0,0,0
TF,JDE,36.290000,120.253333,0, ,0.0,0.0,0.0,0.0,2,4930,0,0,0,0,0,0

STAR,LAT11A,16,3
IF,JDE,36.290000,120.253333, ,0.0,0.0,2,4930,0,0,0,0,0,0
TF,JDE21,36.629886,120.124383,0, ,0.0,0.0,0.0,0.0,2,1970,0,1,205,0,0,0

STAR,LAT11A,17,3
IF,JDE,36.290000,120.253333, ,0.0,0.0,2,4930,0,0,0,0,0,0
TF,JDE21,36.629886,120.124383,0, ,0.0,0.0,0.0,0.0,2,2960,0,1,205,0,0,0

STAR,LAT81A,ALL,5
IF,LATUX,35.483333,120.783333, ,0.0,0.0,0,0,0,0,0,0,0,0
TF,AVLOK,35.460278,120.543611,0, ,0.0,0.0,0.0,0.0,0,0,0,0,0,0,0,0
TF,QD700,35.977222,120.291111,0, ,0.0,0.0,0.0,0.0,2,5910,0,0,0,0,0,0
TF,QD900,36.288639,120.254278,0, ,0.0,0.0,0.0,0.0,2,4930,0,0,0,0,0,0

STAR,LAT81A,16,6
IF,QD900,36.288639,120.254278, ,0.0,0.0,2,4930,0,0,0,0,0,0
TF,QD305,36.627278,120.121611,0, ,0.0,0.0,0.0,0.0,2,1970,0,1,210,0,0,0

STAR,LAT81A,17,6
IF,QD900,36.288639,120.254278, ,0.0,0.0,2,4930,0,0,0,0,0,0
TF,QD305,36.627278,120.121611,0, ,0.0,0.0,0.0,0.0,2,2960,0,1,210,0,0,0

STAR,LAT91A,ALL,5
IF,LATUX,35.483333,120.783333, ,0.0,0.0,0,0,0,0,0,0,0,0
TF,AVLOK,35.460278,120.543611,0, ,0.0,0.0,0.0,0.0,0,0,0,0,0,0,0,0

STAR,LAT91A,34,6
IF,AVLOK,35.460278,120.543611, ,0.0,0.0,0,0,0,0,0,0,0,0
TF,QD700,35.977222,120.291111,0, ,0.0,0.0,0.0,0.0,2,4930,0,1,210,0,0,0

STAR,LAT91A,35,6
IF,AVLOK,35.460278,120.543611, ,0.0,0.0,0,0,0,0,0,0,0,0
TF,QD700,35.977222,120.291111,0, ,0.0,0.0,0.0,0.0,2,4930,0,1,210,0,0,0

STAR,WFG01A,ALL,2
IF,WFG,36.646667,119.120000, ,0.0,0.0,0,0,0,0,0,0,0,0
TF,YO,36.438333,119.688333,0, ,0.0,0.0,0.0,0.0,2,12800,0,0,0,0,0,0

STAR,WFG01A,34,3
IF,YO,36.438333,119.688333, ,0.0,0.0,2,12800,0,0,0,0,0,0
TF,JDW,36.330000,119.976667,0, ,0.0,0.0,0.0,0.0,2,9850,0,1,205,0,0,0

STAR,WFG01A,35,3
IF,YO,36.438333,119.688333, ,0.0,0.0,2,12800,0,0,0,0,0,0
TF,JDW,36.330000,119.976667,0, ,0.0,0.0,0.0,0.0,2,9850,0,1,205,0,0,0

STAR,WFG11A,ALL,2
IF,WFG,36.646667,119.120000, ,0.0,0.0,0,0,0,0,0,0,0,0
TF,D080L,36.705728,119.348881,0, ,0.0,0.0,0.0,0.0,2,12800,0,0,0,0,0,0
TF,GUTVO,36.816944,119.785556,0, ,0.0,0.0,0.0,0.0,2,9850,0,0,0,0,0,0
TF,WFG37,36.834472,119.850894,0, ,0.0,0.0,0.0,0.0,0,0,0,0,0,0,0,0

STAR,WFG11A,16,3
IF,WFG37,36.834472,119.850894, ,0.0,0.0,0,0,0,0,0,0,0,0
CF,JDG21,36.718217,119.937569,0,JDG,350.0,21.3,170.0,5.0,2,4930,0,1,205,0,0,0

STAR,WFG11A,17,3
IF,WFG37,36.834472,119.850894, ,0.0,0.0,0,0,0,0,0,0,0,0
CF,JDG21,36.718217,119.937569,0,JDG,350.0,21.3,170.0,5.0,2,4930,0,1,205,0,0,0

STAR,WFG81A,ALL,5
IF,WFG,36.646667,119.120000, ,0.0,0.0,0,0,0,0,0,0,0,0
TF,QD113,36.704639,119.350000,0, ,0.0,0.0,0.0,0.0,2,12800,0,0,0,0,0,0
TF,GUTVO,36.816944,119.785556,0, ,0.0,0.0,0.0,0.0,2,9850,0,0,0,0,0,0
TF,QD110,36.842306,119.885000,0, ,0.0,0.0,0.0,0.0,0,0,0,0,0,0,0,0

STAR,WFG81A,16,6
IF,QD110,36.842306,119.885000, ,0.0,0.0,0,0,0,0,0,0,0,0
TF,QD105,36.718167,119.934389,0, ,0.0,0.0,0.0,0.0,2,4930,0,1,210,0,0,0

STAR,WFG81A,17,6
IF,QD110,36.842306,119.885000, ,0.0,0.0,0,0,0,0,0,0,0,0
TF,QD105,36.718167,119.934389,0, ,0.0,0.0,0.0,0.0,2,4930,0,1,210,0,0,0

STAR,WFG82A,ALL,5
IF,WFG,36.646667,119.120000, ,0.0,0.0,0,0,0,0,0,0,0,0
TF,QD113,36.704639,119.350000,0, ,0.0,0.0,0.0,0.0,2,12800,0,0,0,0,0,0
TF,GUTVO,36.816944,119.785556,0, ,0.0,0.0,0.0,0.0,2,9850,0,0,0,0,0,0
TF,QD110,36.842306,119.885000,0, ,0.0,0.0,0.0,0.0,0,0,0,0,0,0,0,0
TF,QD306,36.877250,120.022528,0, ,0.0,0.0,0.0,0.0,0,0,0,0,0,0,0,0
TF,QD307,36.752861,120.071806,0, ,0.0,0.0,0.0,0.0,2,3940,0,0,0,0,0,0

STAR,WFG82A,16,6
IF,QD307,36.752861,120.071806, ,0.0,0.0,2,3940,0,0,0,0,0,0
TF,QD305,36.627278,120.121611,0, ,0.0,0.0,0.0,0.0,2,1970,0,1,210,0,0,0

STAR,WFG82A,17,6
IF,QD307,36.752861,120.071806, ,0.0,0.0,2,3940,0,0,0,0,0,0
TF,QD305,36.627278,120.121611,0, ,0.0,0.0,0.0,0.0,2,2960,0,1,210,0,0,0

STAR,WFG91A,ALL,5
IF,WFG,36.646667,119.120000, ,0.0,0.0,0,0,0,0,0,0,0,0
TF,YO,36.438333,119.688333,0, ,0.0,0.0,0.0,0.0,2,12800,0,0,0,0,0,0
TF,QD800,36.331417,119.977806,0, ,0.0,0.0,0.0,0.0,2,9850,0,0,0,0,0,0

STAR,WFG91A,34,6
IF,QD800,36.331417,119.977806, ,0.0,0.0,2,9850,0,0,0,0,0,0
TF,QD205,36.040056,120.092333,0, ,0.0,0.0,0.0,0.0,2,3940,0,1,210,0,0,0

STAR,WFG91A,35,6
IF,QD800,36.331417,119.977806, ,0.0,0.0,2,9850,0,0,0,0,0,0
TF,QD205,36.040056,120.092333,0, ,0.0,0.0,0.0,0.0,2,3940,0,1,210,0,0,0

STAR,WFG92A,ALL,5
IF,WFG,36.646667,119.120000, ,0.0,0.0,0,0,0,0,0,0,0,0
TF,YO,36.438333,119.688333,0, ,0.0,0.0,0.0,0.0,2,12800,0,0,0,0,0,0
TF,QD800,36.331417,119.977806,0, ,0.0,0.0,0.0,0.0,2,9850,0,0,0,0,0,0
TF,QD900,36.288639,120.254278,0, ,0.0,0.0,0.0,0.0,2,5910,0,0,0,0,0,0

STAR,WFG92A,34,6
IF,QD900,36.288639,120.254278, ,0.0,0.0,2,5910,0,0,0,0,0,0
TF,QD405,36.100528,120.327556,0, ,0.0,0.0,0.0,0.0,2,2960,0,1,210,0,0,0

STAR,WFG92A,35,6
IF,QD900,36.288639,120.254278, ,0.0,0.0,2,5910,0,0,0,0,0,0
TF,QD405,36.100528,120.327556,0, ,0.0,0.0,0.0,0.0,2,3940,0,1,210,0,0,0

APPTR,D17,17,JDE21
IF,JDE21,36.629886,120.124383, ,0.0,0.0,2,2960,0,1,205,0,1,0
CR,0,JDG,356.0,260.0,0,0,0,0,0,0,0,0
CF,CF17,36.592711,119.984617,0,JDG,349.9,13.4,170.0,2.0,2,2960,0,0,0,0,1,0

APPTR,D17,17,JDG21
IF,JDG21,36.718217,119.937569, ,0.0,0.0,2,4930,0,1,205,0,1,0
TF,CF17,36.592711,119.984617,0, ,0.0,0.0,0.0,0.0,2,2960,0,0,0,0,1,0

FINAL,D17,17,D,4
IF,CF17,36.592711,119.984617,JDG,349.9,13.4,2,2960,0,0,0,0,0,0
CF,FF17,36.514769,120.015300,0,JDG,350.1,8.5,170.0,4.9,1,2960,0,0,0,0,2,0
CF,23VOR,36.415042,120.052781,0,JDG,350.0,2.3,170.0,6.2,2,990,0,0,0,0,0,0
CF,MD17,36.386311,120.063647,0,JDG,350.0,0.5,170.0,1.8,1,399,0,0,0,0,3,0
CD, ,0,0,0,JDG,0,0.0,170.0,5.3,2,1320,0,0,0,0,0,0
DF,JDW,36.330000,119.976667,2, ,0.0,0.0,2,2960,0,1,205,0,0,0
FD,JDW,36.330000,119.976667,0,JDW,0.0,22.7,350.0,22.7,0,0,0,0,0,0,0,0
CR,0,JDG,346.0,80.0,0,0,0,0,0,0,0,0
DF,JDG21,36.718217,119.937569,0, ,0.0,0.0,2,4930,0,0,0,0,0,0

APPTR,D35,35,JDE
IF,JDE,36.290000,120.253333, ,0.0,0.0,2,5910,0,1,205,0,1,0
FD,JDE,36.290000,120.253333,0,JDE,0.0,11.8,170.0,11.8,2,3940,0,0,0,0,0,0
CR,0,JDG,165.0,260.0,0,0,0,0,0,0,0,0
CF,CF35,36.065828,120.190986,0,JDG,169.1,19.7,350.0,2.0,2,3940,0,0,0,0,1,0

APPTR,D35,35,JDW
IF,JDW,36.330000,119.976667, ,0.0,0.0,2,9850,0,1,205,0,1,0
FD,JDW,36.330000,119.976667,0,JDW,0.0,18.3,170.0,18.3,2,3940,0,0,0,0,0,0
CR,0,JDG,174.0,80.0,0,0,0,0,0,0,0,0
CF,CF35,36.065828,120.190986,0,JDG,169.1,19.7,350.0,2.0,2,3940,0,0,0,0,1,0

APPTR,D35,35,XDX
IF,XDX,35.978333,120.290000, ,0.0,0.0,2,4930,0,1,205,0,1,0
TF,CF35,36.065828,120.190986,0, ,0.0,0.0,0.0,0.0,2,3940,0,0,0,0,1,0

FINAL,D35,35,D,4
IF,CF35,36.065828,120.190986,JDG,169.1,19.7,2,3940,0,0,0,0,0,0
CF,FF35,36.146989,120.159358,0,JDG,169.0,14.6,350.0,5.1,1,3940,0,0,0,0,2,0
CF,53VOR,36.293736,120.098614,0,JDG,170.0,5.3,350.0,9.3,2,990,0,0,0,0,0,0
CF,MD35,36.322467,120.087769,0,JDG,170.0,3.5,350.0,1.8,1,421,0,0,0,0,3,0
CF,JDG,36.378333,120.066667,0,JDG,0.0,0.0,350.0,3.5,0,0,0,0,0,0,0,0
FD,JDG,36.378333,120.066667,0,JDG,0.0,5.5,350.0,5.5,2,1650,0,0,0,0,0,0
DF,JDW,36.330000,119.976667,1, ,0.0,0.0,2,3940,0,1,205,0,0,0
HM,JDW,36.330000,119.976667,2, ,0.0,0.0,170.0,04.3,0,0,0,1,230,0,0,0,0

APPTR,I16-Y,16,JDE21
IF,JDE21,36.629886,120.124383, ,0.0,0.0,2,1970,0,1,205,0,1,0
CR,0,JDG,360.0,260.0,0,0,0,0,0,0,0,0
CI,0,IDA,0.0,200.0,1,1970,0,0,0,0,0,0

APPTR,I16-Y,16,JDG21
IF,JDG21,36.718217,119.937569, ,0.0,0.0,2,4930,0,1,205,0,1,0
CF,CI16Y,36.598197,120.007986,0,IDA,349.4,15.8,161.0,8.0,1,1970,0,0,0,0,1,0

FINAL,I16-Y,16,I,3
IF,CI16Y,36.598197,120.007986,IDA,349.4,15.8,1,1970,0,0,0,0,0,0
CF,FI16,36.475714,120.056178,0,IDA,349.4,8.1,170.0,7.7,1,1970,0,0,0,0,2,0
CF,RW16,36.381278,120.093228,0,IDA,349.4,2.1,170.0,5.9,1,81,0,0,0,0,3,0
FD,RW16,36.381278,120.093228,0,IDA,0.0,2.7,170.0,2.7,2,500,0,0,0,0,0,0
CA,0,140.0,2,1970,0,0,0,0,0,0
CI,1, ,0.0,20.0,0,0,0,1,205,0,0,0
CF,JDE21,36.629886,120.124383,0,JDE,350.0,21.3,350.0,20.0,2,1970,0,0,0,0,0,0
HM,JDE21,36.629886,120.124383,2, ,0.0,0.0,350.0,04.3,0,0,0,1,230,0,0,0,0

APPTR,I16-Z,16,QD105
IF,QD105,36.718167,119.934389, ,0.0,0.0,2,4930,0,1,210,0,1,0
TF,QD304,36.598028,120.007667,0,IDA,0.0,0.0,0.0,0.0,1,1970,0,1,180,0,1,0

APPTR,I16-Z,16,QD305
IF,QD305,36.627278,120.121611, ,0.0,0.0,2,1970,0,1,210,0,1,0
TF,QD304,36.598028,120.007667,0,IDA,0.0,0.0,0.0,0.0,1,1970,0,1,180,0,1,0

FINAL,I16-Z,16,I,3
IF,QD304,36.598028,120.007667,IDA,349.4,15.7,1,1970,0,1,180,0,0,0
CF,FI16,36.475714,120.056178,0,IDA,349.4,8.1,170.0,7.7,1,1970,0,0,0,0,2,0
CF,RW16,36.381278,120.093228,0,IDA,349.4,2.1,170.0,5.9,1,81,0,0,0,0,3,0
CF,QD111,36.335806,120.111056,0,JDG,146.8,3.3,170.0,2.9,2,500,0,0,0,0,0,1
CA,0,140.0,2,1970,0,0,0,0,0,0
DF,QD305,36.627278,120.121611,1, ,0.0,0.0,2,1970,0,1,210,0,0,0
HM,QD305,36.627278,120.121611,2, ,0.0,0.0,350.0,04.3,2,2960,0,1,230,0,0,0,0

APPTR,I17-Y,17,JDE21
IF,JDE21,36.629886,120.124383, ,0.0,0.0,2,2960,0,1,205,0,1,0
CR,0,JDG,356.0,260.0,0,0,0,0,0,0,0,0
CI,0,IQD,0.0,200.0,2,2960,0,0,0,0,0,0

APPTR,I17-Y,17,JDG21
IF,JDG21,36.718217,119.937569, ,0.0,0.0,2,4930,0,1,205,0,1,0
CF,CF17,36.592711,119.984617,0,IQD,349.4,16.1,170.0,7.9,2,2960,0,0,0,0,1,0

FINAL,I17-Y,17,I,3
IF,CF17,36.592711,119.984617,IQD,349.4,16.1,2,2960,0,0,0,0,0,0
CF,FF17,36.514769,120.015300,0,IQD,349.4,11.2,170.0,4.9,1,2960,0,0,0,0,2,0
CF,RW17,36.371017,120.071722,0,IQD,349.4,2.1,170.0,9.0,1,83,0,0,0,0,3,0
FD,RW17,36.371017,120.071722,0,IQD,0.0,2.8,170.0,2.8,2,500,0,0,0,0,0,0
CA,0,200.0,2,1970,0,0,0,0,0,0
DF,JDW,36.330000,119.976667,2, ,0.0,0.0,2,2960,0,1,205,0,0,0
FD,JDW,36.330000,119.976667,0,JDW,0.0,22.7,350.0,22.7,0,0,0,0,0,0,0,0
CR,0,JDG,346.0,80.0,0,0,0,0,0,0,0,0
DF,JDG21,36.718217,119.937569,0, ,0.0,0.0,2,4930,0,0,0,0,0,0

APPTR,I17-Z,17,QD105
IF,QD105,36.718167,119.934389, ,0.0,0.0,2,4930,0,1,210,0,1,0
TF,QD104,36.592056,119.984417,0,IQD,0.0,0.0,0.0,0.0,2,2960,0,1,180,0,1,0

APPTR,I17-Z,17,QD305
IF,QD305,36.627278,120.121611, ,0.0,0.0,2,2960,0,1,210,0,1,0
TF,QD104,36.592056,119.984417,0,IQD,0.0,0.0,0.0,0.0,2,2960,0,1,180,0,1,0

FINAL,I17-Z,17,I,3
IF,QD104,36.592056,119.984417,IQD,349.4,16.0,2,2960,0,1,180,0,0,0
CF,FF17,36.514769,120.015300,0,IQD,349.4,11.2,170.0,4.9,1,2960,0,0,0,0,2,0
CF,RW17,36.371017,120.071722,0,IQD,349.4,2.1,170.0,9.0,1,83,0,0,0,0,3,0
CF,QD108,36.323778,120.090250,0,JDG,167.7,3.5,170.0,3.0,2,500,0,0,0,0,0,1
CA,0,200.0,2,1970,0,0,0,0,0,0
DF,QD800,36.331417,119.977806,2, ,0.0,0.0,2,2960,0,1,210,0,0,0
TF,QD107,36.566361,119.884778,0, ,0.0,0.0,0.0,0.0,0,0,0,0,0,0,0,0
TF,QD106,36.692417,119.834611,0, ,0.0,0.0,0.0,0.0,0,0,0,0,0,0,0,0
TF,QD105,36.718167,119.934389,0, ,0.0,0.0,0.0,0.0,2,4930,0,1,210,0,0,0

APPTR,I34-Y,34,JDE
IF,JDE,36.290000,120.253333, ,0.0,0.0,2,5910,0,1,205,0,1,0
FD,JDE,36.290000,120.253333,0,JDE,0.0,11.8,170.0,11.8,2,2960,0,0,0,0,0,0
CR,0,JDG,162.0,260.0,0,0,0,0,0,0,0,0
CF,CI34Y,36.071328,120.214347,0,IIN,169.4,19.7,350.0,2.4,1,2960,0,0,0,0,1,0

APPTR,I34-Y,34,XDX
IF,XDX,35.978333,120.290000, ,0.0,0.0,2,4930,0,1,205,0,1,0
CF,CI34Y,36.071328,120.214347,0,IIN,169.4,19.7,333.0,6.7,1,2960,0,0,0,0,1,0

FINAL,I34-Y,34,I,3
IF,CI34Y,36.071328,120.214347,IIN,169.4,19.7,1,2960,0,0,0,0,0,0
CF,FI34,36.206594,120.161603,0,IIN,169.4,11.2,350.0,8.5,1,2960,0,0,0,0,2,0
CF,RW34,36.350358,120.105375,0,IIN,169.4,2.1,350.0,9.0,1,81,0,0,0,0,3,0
FD,RW34,36.350358,120.105375,0,IIN,0.0,2.7,350.0,2.7,2,500,0,0,0,0,0,0
CA,0,20.0,2,1970,0,0,0,0,0,0
DF,JDE,36.290000,120.253333,2, ,0.0,0.0,1,2960,0,1,205,0,0,0
HM,JDE,36.290000,120.253333,1, ,0.0,0.0,170.0,04.3,0,0,0,1,230,0,0,0,0

APPTR,I34-Z,34,QD205
IF,QD205,36.040056,120.092333, ,0.0,0.0,2,3940,0,1,210,0,1,0
TF,QD404,36.071528,120.214500,0,IIN,0.0,0.0,0.0,0.0,1,2960,0,1,180,0,1,0

APPTR,I34-Z,34,QD405
IF,QD405,36.100528,120.327556, ,0.0,0.0,2,2960,0,1,210,0,1,0
TF,QD404,36.071528,120.214500,0,IIN,0.0,0.0,0.0,0.0,1,2960,0,1,180,0,1,0

APPTR,I34-Z,34,QD700
IF,QD700,35.977222,120.291111, ,0.0,0.0,2,4930,0,1,210,0,1,0
TF,QD404,36.071528,120.214500,0,IIN,0.0,0.0,0.0,0.0,1,2960,0,1,180,0,1,0

FINAL,I34-Z,34,I,3
IF,QD404,36.071528,120.214500,IIN,169.4,19.6,1,2960,0,1,180,0,0,0
CF,FI34,36.206594,120.161603,0,IIN,169.4,11.2,350.0,8.5,1,2960,0,0,0,0,2,0
CF,RW34,36.350358,120.105375,0,IIN,169.4,2.1,350.0,9.0,1,81,0,0,0,0,3,0
CF,QD109,36.395917,120.087417,0,JDG,50.7,1.5,350.0,2.9,2,500,0,0,0,0,0,1
CA,0,20.0,2,1970,0,0,0,0,0,0
DF,QD900,36.288639,120.254278,2, ,0.0,0.0,1,2960,0,1,210,0,0,0
TF,QD405,36.100528,120.327556,0, ,0.0,0.0,0.0,0.0,2,2960,0,1,210,0,0,0

APPTR,I35-Y,35,JDE
IF,JDE,36.290000,120.253333, ,0.0,0.0,2,5910,0,1,205,0,1,0
FD,JDE,36.290000,120.253333,0,JDE,0.0,11.8,170.0,11.8,2,3940,0,0,0,0,0,0
CR,0,JDG,165.0,260.0,0,0,0,0,0,0,0,0
CF,CF35,36.065828,120.190986,0,IQX,169.4,19.4,350.0,2.0,2,3940,0,0,0,0,1,0

APPTR,I35-Y,35,JDW
IF,JDW,36.330000,119.976667, ,0.0,0.0,2,9850,0,1,205,0,1,0
FD,JDW,36.330000,119.976667,0,JDW,0.0,18.3,170.0,18.3,2,3940,0,0,0,0,0,0
CR,0,JDG,174.0,80.0,0,0,0,0,0,0,0,0
CF,CF35,36.065828,120.190986,0,IQX,169.4,19.4,350.0,2.0,2,3940,0,0,0,0,1,0

APPTR,I35-Y,35,XDX
IF,XDX,35.978333,120.290000, ,0.0,0.0,2,4930,0,1,205,0,1,0
CF,CF35,36.065828,120.190986,0,IQX,169.4,19.4,323.0,7.1,2,3940,0,0,0,0,1,0

FINAL,I35-Y,35,I,3
IF,CF35,36.065828,120.190986,IQX,169.4,19.4,2,3940,0,0,0,0,0,0
CF,FF35,36.146989,120.159358,0,IQX,169.4,14.3,350.0,5.1,1,3940,0,0,0,0,2,0
CF,RW35,36.340097,120.083867,0,IQX,169.4,2.1,350.0,12.1,1,81,0,0,0,0,3,0
CF,JDG,36.378333,120.066667,0,JDG,0.0,0.0,350.0,2.4,2,500,0,0,0,0,0,1
CA,0,320.0,2,1970,0,0,0,0,0,0
DF,JDW,36.330000,119.976667,1, ,0.0,0.0,2,3940,0,1,205,0,0,0
HM,JDW,36.330000,119.976667,2, ,0.0,0.0,170.0,04.3,0,0,0,1,230,0,0,0,0

APPTR,I35-Z,35,QD205
IF,QD205,36.040056,120.092333, ,0.0,0.0,2,3940,0,1,210,0,1,0
TF,QD204,36.065583,120.191389,0,IQX,0.0,0.0,0.0,0.0,2,3940,0,1,180,0,1,0

APPTR,I35-Z,35,QD405
IF,QD405,36.100528,120.327556, ,0.0,0.0,2,3940,0,1,210,0,1,0
TF,QD204,36.065583,120.191389,0,IQX,0.0,0.0,0.0,0.0,2,3940,0,1,180,0,1,0

APPTR,I35-Z,35,QD700
IF,QD700,35.977222,120.291111, ,0.0,0.0,2,4930,0,1,210,0,1,0
TF,QD204,36.065583,120.191389,0,IQX,0.0,0.0,0.0,0.0,2,3940,0,1,180,0,1,0

FINAL,I35-Z,35,I,3
IF,QD204,36.065583,120.191389,IQX,169.4,19.4,2,3940,0,1,180,0,0,0
CF,FF35,36.146989,120.159358,0,IQX,169.4,14.3,350.0,5.1,1,3940,0,0,0,0,2,0
CF,RW35,36.340097,120.083867,0,IQX,169.4,2.1,350.0,12.1,1,81,0,0,0,0,3,0
CF,JDG,36.378333,120.066667,0,JDG,0.0,0.0,350.0,2.4,2,500,0,0,0,0,0,1
CA,0,320.0,2,1970,0,0,0,0,0,0
DF,QD800,36.331417,119.977806,1, ,0.0,0.0,2,3940,0,1,210,0,0,0
TF,QD205,36.040056,120.092333,0, ,0.0,0.0,0.0,0.0,2,3940,0,1,210,0,0,0

