SID,ADB21D,36L,2
CA,0,3.0,2,410,0,0,0,0,0,0
CD, ,0,0,0,SHA,0,0.0,3.0,1.6,0,0,0,0,0,0,0,0
CF,CGT,31.210000,121.193333,1,CGT,0.0,0.0,231.0,5.0,0,0,0,1,250,0,0,0
TF,OLGAP,31.073333,121.150000,0, ,0.0,0.0,0.0,0.0,2,4930,0,0,0,0,0,0
TF,LURMA,30.975000,120.748611,0, ,0.0,0.0,0.0,0.0,0,0,0,0,0,0,0,0
TF,ADBAS,30.343333,120.267222,0, ,0.0,0.0,0.0,0.0,0,0,0,0,0,0,0,0

SID,ADB21D,36R,2
CA,0,3.0,2,410,0,0,0,0,0,0
CD, ,0,0,0,SHA,0,0.0,3.0,1.6,0,0,0,0,0,0,0,0
CF,CGT,31.210000,121.193333,1,CGT,0.0,0.0,231.0,5.0,0,0,0,1,250,0,0,0
TF,OLGAP,31.073333,121.150000,0, ,0.0,0.0,0.0,0.0,2,4930,0,0,0,0,0,0
TF,LURMA,30.975000,120.748611,0, ,0.0,0.0,0.0,0.0,0,0,0,0,0,0,0,0
TF,ADBAS,30.343333,120.267222,0, ,0.0,0.0,0.0,0.0,0,0,0,0,0,0,0,0

SID,ADB31D,18L,2
CD, ,0,0,0,SHA,0,0.0,183.0,4.4,0,0,0,0,0,0,0,0
CF,OLGAP,31.073333,121.150000,0,SHA,233.0,13.0,259.0,10.0,2,2960,0,1,250,0,0,0
TF,LURMA,30.975000,120.748611,0, ,0.0,0.0,0.0,0.0,0,0,0,0,0,0,0,0
TF,ADBAS,30.343333,120.267222,0, ,0.0,0.0,0.0,0.0,0,0,0,0,0,0,0,0

SID,ADB31D,18R,2
CD, ,0,0,0,SHA,0,0.0,183.0,4.4,0,0,0,0,0,0,0,0
CF,OLGAP,31.073333,121.150000,0,SHA,233.0,13.0,259.0,10.0,2,2960,0,1,250,0,0,0
TF,LURMA,30.975000,120.748611,0, ,0.0,0.0,0.0,0.0,0,0,0,0,0,0,0,0
TF,ADBAS,30.343333,120.267222,0, ,0.0,0.0,0.0,0.0,0,0,0,0,0,0,0,0

SID,ADB61D,18L,4
DF,DE18L,31.182569,121.337111,0, ,0.0,0.0,0,0,0,0,0,0,0,1
CF,SS301,31.031111,121.341389,0,SHA,184.3,11.4,184.0,9.0,0,0,0,0,0,0,0,0

SID,ADB61D,18R,4
DF,DE18R,31.183278,121.333239,0, ,0.0,0.0,0,0,0,0,0,0,0,1
CF,SS301,31.031111,121.341389,0,SHA,184.3,11.4,183.0,9.0,0,0,0,0,0,0,0,0

SID,ADB61D,ALL,5
IF,SS301,31.031111,121.341389, ,0.0,0.0,0,0,0,0,0,0,0,0
TF,SS302,31.050278,121.235556,0, ,0.0,0.0,0.0,0.0,4,4930,2960,1,250,0,0,0
TF,SS303,31.070278,121.125833,0, ,0.0,0.0,0.0,0.0,0,0,0,0,0,0,0,0
TF,LURMA,30.975000,120.748611,0, ,0.0,0.0,0.0,0.0,0,0,0,0,0,0,0,0
TF,ADBAS,30.343333,120.267222,0, ,0.0,0.0,0.0,0.0,0,0,0,0,0,0,0,0

SID,ADB71D,36L,4
DF,DE36L,31.213100,121.331625,0, ,0.0,0.0,0,0,0,0,0,0,0,1
VA,0,3.0,2,660,0,0,0,0,0,0
DF,SS503,31.280556,121.222778,1, ,0.0,0.0,4,4930,1970,1,220,0,0,0
TF,SS504,31.215000,121.117778,0, ,0.0,0.0,0.0,0.0,0,0,0,0,0,0,0,0

SID,ADB71D,36R,4
DF,DE36R,31.213208,121.335453,0, ,0.0,0.0,0,0,0,0,0,0,0,1
VA,0,3.0,2,660,0,0,0,0,0,0
DF,SS503,31.280556,121.222778,1, ,0.0,0.0,4,4930,1970,1,220,0,0,0
TF,SS504,31.215000,121.117778,0, ,0.0,0.0,0.0,0.0,0,0,0,0,0,0,0,0

SID,ADB71D,ALL,5
IF,SS504,31.215000,121.117778, ,0.0,0.0,0,0,0,0,0,0,0,0
TF,SS303,31.070278,121.125833,0, ,0.0,0.0,0.0,0.0,2,6890,0,0,0,0,0,0
TF,LURMA,30.975000,120.748611,0, ,0.0,0.0,0.0,0.0,0,0,0,0,0,0,0,0
TF,ADBAS,30.343333,120.267222,0, ,0.0,0.0,0.0,0.0,0,0,0,0,0,0,0,0

SID,AND21D,36L,2
CA,0,3.0,2,410,0,0,0,0,0,0
CD, ,0,0,0,SHA,0,0.0,3.0,1.6,0,0,0,0,0,0,0,0
CF,JTN,31.123333,121.341667,1,JTN,0.0,0.0,153.0,7.0,2,3940,0,1,250,0,0,0
TF,IDNIK,30.433333,121.498333,0, ,0.0,0.0,0.0,0.0,0,0,0,0,0,0,0,0
TF,AND,30.256667,121.221667,0, ,0.0,0.0,0.0,0.0,0,0,0,0,0,0,0,0

SID,AND21D,36R,2
CA,0,3.0,2,410,0,0,0,0,0,0
CD, ,0,0,0,SHA,0,0.0,3.0,1.6,0,0,0,0,0,0,0,0
CF,JTN,31.123333,121.341667,1,JTN,0.0,0.0,153.0,7.0,2,3940,0,1,250,0,0,0
TF,IDNIK,30.433333,121.498333,0, ,0.0,0.0,0.0,0.0,0,0,0,0,0,0,0,0
TF,AND,30.256667,121.221667,0, ,0.0,0.0,0.0,0.0,0,0,0,0,0,0,0,0

SID,AND31D,18L,2
CD, ,0,0,0,SHA,0,0.0,183.0,4.4,0,0,0,0,0,0,0,0
DF,JTN,31.123333,121.341667,0, ,0.0,0.0,0,0,0,0,0,0,0,0
TF,IDNIK,30.433333,121.498333,0, ,0.0,0.0,0.0,0.0,0,0,0,0,0,0,0,0
TF,AND,30.256667,121.221667,0, ,0.0,0.0,0.0,0.0,0,0,0,0,0,0,0,0

SID,AND31D,18R,2
CD, ,0,0,0,SHA,0,0.0,183.0,4.4,0,0,0,0,0,0,0,0
DF,JTN,31.123333,121.341667,0, ,0.0,0.0,0,0,0,0,0,0,0,0
TF,IDNIK,30.433333,121.498333,0, ,0.0,0.0,0.0,0.0,0,0,0,0,0,0,0,0
TF,AND,30.256667,121.221667,0, ,0.0,0.0,0.0,0.0,0,0,0,0,0,0,0,0

SID,AND61D,18L,4
DF,DE18L,31.182569,121.337111,0, ,0.0,0.0,0,0,0,0,0,0,0,1
CF,SS301,31.031111,121.341389,0,SHA,184.3,11.4,184.0,9.0,0,0,0,0,0,0,0,0

SID,AND61D,18R,4
DF,DE18R,31.183278,121.333239,0, ,0.0,0.0,0,0,0,0,0,0,0,1
CF,SS301,31.031111,121.341389,0,SHA,184.3,11.4,183.0,9.0,0,0,0,0,0,0,0,0

SID,AND61D,ALL,5
IF,SS301,31.031111,121.341389, ,0.0,0.0,0,0,0,0,0,0,0,0
TF,SS211,30.921944,121.361667,0, ,0.0,0.0,0.0,0.0,2,2960,0,1,250,0,0,0
TF,SS213,30.368889,121.419167,0, ,0.0,0.0,0.0,0.0,0,0,0,0,0,0,0,0
TF,AND,30.256667,121.221667,0, ,0.0,0.0,0.0,0.0,0,0,0,0,0,0,0,0

SID,AND71D,36L,4
DF,DE36L,31.213100,121.331625,0, ,0.0,0.0,0,0,0,0,0,0,0,1
VA,0,3.0,2,660,0,0,0,0,0,0
DF,SS503,31.280556,121.222778,1, ,0.0,0.0,4,4930,1970,1,220,0,0,0
TF,SS504,31.215000,121.117778,0, ,0.0,0.0,0.0,0.0,0,0,0,0,0,0,0,0

SID,AND71D,36R,4
DF,DE36R,31.213208,121.335453,0, ,0.0,0.0,0,0,0,0,0,0,0,1
VA,0,3.0,2,660,0,0,0,0,0,0
DF,SS503,31.280556,121.222778,1, ,0.0,0.0,4,4930,1970,1,220,0,0,0
TF,SS504,31.215000,121.117778,0, ,0.0,0.0,0.0,0.0,0,0,0,0,0,0,0,0

SID,AND71D,ALL,5
IF,SS504,31.215000,121.117778, ,0.0,0.0,0,0,0,0,0,0,0,0
TF,SS303,31.070278,121.125833,0, ,0.0,0.0,0.0,0.0,2,6890,0,0,0,0,0,0
TF,SS211,30.921944,121.361667,0, ,0.0,0.0,0.0,0.0,0,0,0,0,0,0,0,0
TF,SS213,30.368889,121.419167,0, ,0.0,0.0,0.0,0.0,0,0,0,0,0,0,0,0
TF,AND,30.256667,121.221667,0, ,0.0,0.0,0.0,0.0,0,0,0,0,0,0,0,0

SID,IBE21D,36L,2
CA,0,3.0,2,410,0,0,0,0,0,0
CD, ,0,0,0,SHA,0,0.0,3.0,1.6,0,0,0,0,0,0,0,0
CF,JTN,31.123333,121.341667,1,JTN,0.0,0.0,153.0,7.0,2,3940,0,1,250,0,0,0
TF,XSY,30.931667,121.873333,0, ,0.0,0.0,0.0,0.0,0,0,0,0,0,0,0,0
TF,NINAS,31.000000,122.250000,0, ,0.0,0.0,0.0,0.0,0,0,0,0,0,0,0,0
TF,LASAN,31.000000,122.424444,0, ,0.0,0.0,0.0,0.0,0,0,0,0,0,0,0,0
TF,PINOT,31.450000,122.450000,0, ,0.0,0.0,0.0,0.0,0,0,0,0,0,0,0,0
TF,ALDAP,31.625278,122.370556,0, ,0.0,0.0,0.0,0.0,0,0,0,0,0,0,0,0
TF,IBEGI,31.823611,122.275833,0, ,0.0,0.0,0.0,0.0,0,0,0,0,0,0,0,0

SID,IBE21D,36R,2
CA,0,3.0,2,410,0,0,0,0,0,0
CD, ,0,0,0,SHA,0,0.0,3.0,1.6,0,0,0,0,0,0,0,0
CF,JTN,31.123333,121.341667,1,JTN,0.0,0.0,153.0,7.0,2,3940,0,1,250,0,0,0
TF,XSY,30.931667,121.873333,0, ,0.0,0.0,0.0,0.0,0,0,0,0,0,0,0,0
TF,NINAS,31.000000,122.250000,0, ,0.0,0.0,0.0,0.0,0,0,0,0,0,0,0,0
TF,LASAN,31.000000,122.424444,0, ,0.0,0.0,0.0,0.0,0,0,0,0,0,0,0,0
TF,PINOT,31.450000,122.450000,0, ,0.0,0.0,0.0,0.0,0,0,0,0,0,0,0,0
TF,ALDAP,31.625278,122.370556,0, ,0.0,0.0,0.0,0.0,0,0,0,0,0,0,0,0
TF,IBEGI,31.823611,122.275833,0, ,0.0,0.0,0.0,0.0,0,0,0,0,0,0,0,0

SID,IBE31D,18L,2
CD, ,0,0,0,SHA,0,0.0,183.0,4.4,0,0,0,0,0,0,0,0
CD, ,0,0,0,SHA,0,0.0,183.0,7.5,0,0,0,0,0,0,0,0
CF,PDL,31.130000,121.671667,1,PDL,0.0,0.0,78.0,15.0,2,4930,0,1,250,0,0,0
TF,NINAS,31.000000,122.250000,0, ,0.0,0.0,0.0,0.0,0,0,0,0,0,0,0,0
TF,LASAN,31.000000,122.424444,0, ,0.0,0.0,0.0,0.0,0,0,0,0,0,0,0,0
TF,PINOT,31.450000,122.450000,0, ,0.0,0.0,0.0,0.0,0,0,0,0,0,0,0,0
TF,ALDAP,31.625278,122.370556,0, ,0.0,0.0,0.0,0.0,0,0,0,0,0,0,0,0
TF,IBEGI,31.823611,122.275833,0, ,0.0,0.0,0.0,0.0,0,0,0,0,0,0,0,0

SID,IBE31D,18R,2
CD, ,0,0,0,SHA,0,0.0,183.0,4.4,0,0,0,0,0,0,0,0
CD, ,0,0,0,SHA,0,0.0,183.0,7.5,0,0,0,0,0,0,0,0
CF,PDL,31.130000,121.671667,1,PDL,0.0,0.0,78.0,15.0,2,4930,0,1,250,0,0,0
TF,NINAS,31.000000,122.250000,0, ,0.0,0.0,0.0,0.0,0,0,0,0,0,0,0,0
TF,LASAN,31.000000,122.424444,0, ,0.0,0.0,0.0,0.0,0,0,0,0,0,0,0,0
TF,PINOT,31.450000,122.450000,0, ,0.0,0.0,0.0,0.0,0,0,0,0,0,0,0,0
TF,ALDAP,31.625278,122.370556,0, ,0.0,0.0,0.0,0.0,0,0,0,0,0,0,0,0
TF,IBEGI,31.823611,122.275833,0, ,0.0,0.0,0.0,0.0,0,0,0,0,0,0,0,0

SID,IBE61D,18L,4
DF,DE18L,31.182569,121.337111,0, ,0.0,0.0,0,0,0,0,0,0,0,1
CF,SS301,31.031111,121.341389,0,SHA,184.3,11.4,184.0,9.0,0,0,0,0,0,0,0,0

SID,IBE61D,18R,4
DF,DE18R,31.183278,121.333239,0, ,0.0,0.0,0,0,0,0,0,0,0,1
CF,SS301,31.031111,121.341389,0,SHA,184.3,11.4,183.0,9.0,0,0,0,0,0,0,0,0

SID,IBE61D,ALL,5
IF,SS301,31.031111,121.341389, ,0.0,0.0,0,0,0,0,0,0,0,0
TF,SS211,30.921944,121.361667,0, ,0.0,0.0,0.0,0.0,2,2960,0,1,250,0,0,0
TF,PD024,30.798056,121.922500,0, ,0.0,0.0,0.0,0.0,3,5910,0,0,0,0,0,0
TF,PD304,30.865833,122.165833,0, ,0.0,0.0,0.0,0.0,0,0,0,0,0,0,0,0
TF,LASAN,31.000000,122.424444,0, ,0.0,0.0,0.0,0.0,0,0,0,0,0,0,0,0
TF,PINOT,31.450000,122.450000,0, ,0.0,0.0,0.0,0.0,0,0,0,0,0,0,0,0
TF,ALDAP,31.625278,122.370556,0, ,0.0,0.0,0.0,0.0,0,0,0,0,0,0,0,0
TF,IBEGI,31.823611,122.275833,0, ,0.0,0.0,0.0,0.0,0,0,0,0,0,0,0,0

SID,IBE71D,36L,4
DF,DE36L,31.213100,121.331625,0, ,0.0,0.0,0,0,0,0,0,0,0,1
VA,0,3.0,2,660,0,0,0,0,0,0
DF,SS503,31.280556,121.222778,1, ,0.0,0.0,4,4930,1970,1,220,0,0,0
TF,SS504,31.215000,121.117778,0, ,0.0,0.0,0.0,0.0,0,0,0,0,0,0,0,0

SID,IBE71D,36R,4
DF,DE36R,31.213208,121.335453,0, ,0.0,0.0,0,0,0,0,0,0,0,1
VA,0,3.0,2,660,0,0,0,0,0,0
DF,SS503,31.280556,121.222778,1, ,0.0,0.0,4,4930,1970,1,220,0,0,0
TF,SS504,31.215000,121.117778,0, ,0.0,0.0,0.0,0.0,0,0,0,0,0,0,0,0

SID,IBE71D,ALL,5
IF,SS504,31.215000,121.117778, ,0.0,0.0,0,0,0,0,0,0,0,0
TF,SS303,31.070278,121.125833,0, ,0.0,0.0,0.0,0.0,2,6890,0,0,0,0,0,0
TF,SS211,30.921944,121.361667,0, ,0.0,0.0,0.0,0.0,0,0,0,0,0,0,0,0
TF,PD409,30.854722,121.668056,0, ,0.0,0.0,0.0,0.0,4,14800,11800,0,0,0,0,0
TF,PD024,30.798056,121.922500,0, ,0.0,0.0,0.0,0.0,0,0,0,0,0,0,0,0
TF,PD304,30.865833,122.165833,0, ,0.0,0.0,0.0,0.0,0,0,0,0,0,0,0,0
TF,LASAN,31.000000,122.424444,0, ,0.0,0.0,0.0,0.0,0,0,0,0,0,0,0,0
TF,PINOT,31.450000,122.450000,0, ,0.0,0.0,0.0,0.0,0,0,0,0,0,0,0,0
TF,ALDAP,31.625278,122.370556,0, ,0.0,0.0,0.0,0.0,0,0,0,0,0,0,0,0
TF,IBEGI,31.823611,122.275833,0, ,0.0,0.0,0.0,0.0,0,0,0,0,0,0,0,0

SID,IBE73D,36L,4
DF,DE36L,31.213100,121.331625,0, ,0.0,0.0,0,0,0,0,0,0,0,1
CF,SF1,31.450000,121.322500,0,SHA,3.3,13.7,4.0,14.0,2,3940,0,1,250,0,0,0

SID,IBE73D,36R,4
DF,DE36R,31.213208,121.335453,0, ,0.0,0.0,0,0,0,0,0,0,0,1
CF,SF1,31.450000,121.322500,0,SHA,3.3,13.7,3.0,14.0,2,3940,0,1,250,0,0,0

SID,IBE73D,ALL,5
IF,SF1,31.450000,121.322500, ,0.0,0.0,2,3940,0,1,250,0,0,0
TF,PD503,31.549444,121.633333,0, ,0.0,0.0,0.0,0.0,0,0,0,0,0,0,0,0
TF,EKVUT,31.756944,122.310278,0, ,0.0,0.0,0.0,0.0,0,0,0,0,0,0,0,0
TF,IBEGI,31.823611,122.275833,0, ,0.0,0.0,0.0,0.0,0,0,0,0,0,0,0,0

SID,LAM21D,36L,2
CA,0,3.0,2,410,0,0,0,0,0,0
CD, ,0,0,0,SHA,0,0.0,3.0,1.6,0,0,0,0,0,0,0,0
CF,JTN,31.123333,121.341667,1,JTN,0.0,0.0,153.0,7.0,2,3940,0,1,250,0,0,0
TF,XSY,30.931667,121.873333,0, ,0.0,0.0,0.0,0.0,0,0,0,0,0,0,0,0
TF,NINAS,31.000000,122.250000,0, ,0.0,0.0,0.0,0.0,0,0,0,0,0,0,0,0
TF,LASAN,31.000000,122.424444,0, ,0.0,0.0,0.0,0.0,0,0,0,0,0,0,0,0
TF,BONGI,31.000000,122.648056,0, ,0.0,0.0,0.0,0.0,0,0,0,0,0,0,0,0
TF,BOLEX,31.000000,123.000000,0, ,0.0,0.0,0.0,0.0,0,0,0,0,0,0,0,0
TF,TONIX,31.332222,123.543889,0, ,0.0,0.0,0.0,0.0,0,0,0,0,0,0,0,0
TF,LAMEN,31.610000,124.000000,0, ,0.0,0.0,0.0,0.0,0,0,0,0,0,0,0,0

SID,LAM21D,36R,2
CA,0,3.0,2,410,0,0,0,0,0,0
CD, ,0,0,0,SHA,0,0.0,3.0,1.6,0,0,0,0,0,0,0,0
CF,JTN,31.123333,121.341667,1,JTN,0.0,0.0,153.0,7.0,2,3940,0,1,250,0,0,0
TF,XSY,30.931667,121.873333,0, ,0.0,0.0,0.0,0.0,0,0,0,0,0,0,0,0
TF,NINAS,31.000000,122.250000,0, ,0.0,0.0,0.0,0.0,0,0,0,0,0,0,0,0
TF,LASAN,31.000000,122.424444,0, ,0.0,0.0,0.0,0.0,0,0,0,0,0,0,0,0
TF,BONGI,31.000000,122.648056,0, ,0.0,0.0,0.0,0.0,0,0,0,0,0,0,0,0
TF,BOLEX,31.000000,123.000000,0, ,0.0,0.0,0.0,0.0,0,0,0,0,0,0,0,0
TF,TONIX,31.332222,123.543889,0, ,0.0,0.0,0.0,0.0,0,0,0,0,0,0,0,0
TF,LAMEN,31.610000,124.000000,0, ,0.0,0.0,0.0,0.0,0,0,0,0,0,0,0,0

SID,LAM31D,18L,2
CD, ,0,0,0,SHA,0,0.0,183.0,4.4,0,0,0,0,0,0,0,0
CD, ,0,0,0,SHA,0,0.0,183.0,7.5,0,0,0,0,0,0,0,0
CF,PDL,31.130000,121.671667,1,PDL,0.0,0.0,78.0,15.0,2,4930,0,1,250,0,0,0
TF,NINAS,31.000000,122.250000,0, ,0.0,0.0,0.0,0.0,0,0,0,0,0,0,0,0
TF,LASAN,31.000000,122.424444,0, ,0.0,0.0,0.0,0.0,0,0,0,0,0,0,0,0
TF,BONGI,31.000000,122.648056,0, ,0.0,0.0,0.0,0.0,0,0,0,0,0,0,0,0
TF,BOLEX,31.000000,123.000000,0, ,0.0,0.0,0.0,0.0,0,0,0,0,0,0,0,0
TF,TONIX,31.332222,123.543889,0, ,0.0,0.0,0.0,0.0,0,0,0,0,0,0,0,0
TF,LAMEN,31.610000,124.000000,0, ,0.0,0.0,0.0,0.0,0,0,0,0,0,0,0,0

SID,LAM31D,18R,2
CD, ,0,0,0,SHA,0,0.0,183.0,4.4,0,0,0,0,0,0,0,0
CD, ,0,0,0,SHA,0,0.0,183.0,7.5,0,0,0,0,0,0,0,0
CF,PDL,31.130000,121.671667,1,PDL,0.0,0.0,78.0,15.0,2,4930,0,1,250,0,0,0
TF,NINAS,31.000000,122.250000,0, ,0.0,0.0,0.0,0.0,0,0,0,0,0,0,0,0
TF,LASAN,31.000000,122.424444,0, ,0.0,0.0,0.0,0.0,0,0,0,0,0,0,0,0
TF,BONGI,31.000000,122.648056,0, ,0.0,0.0,0.0,0.0,0,0,0,0,0,0,0,0
TF,BOLEX,31.000000,123.000000,0, ,0.0,0.0,0.0,0.0,0,0,0,0,0,0,0,0
TF,TONIX,31.332222,123.543889,0, ,0.0,0.0,0.0,0.0,0,0,0,0,0,0,0,0
TF,LAMEN,31.610000,124.000000,0, ,0.0,0.0,0.0,0.0,0,0,0,0,0,0,0,0

SID,LAM61D,18L,4
DF,DE18L,31.182569,121.337111,0, ,0.0,0.0,0,0,0,0,0,0,0,1
CF,SS301,31.031111,121.341389,0,SHA,184.3,11.4,184.0,9.0,0,0,0,0,0,0,0,0

SID,LAM61D,18R,4
DF,DE18R,31.183278,121.333239,0, ,0.0,0.0,0,0,0,0,0,0,0,1
CF,SS301,31.031111,121.341389,0,SHA,184.3,11.4,183.0,9.0,0,0,0,0,0,0,0,0

SID,LAM61D,ALL,5
IF,SS301,31.031111,121.341389, ,0.0,0.0,0,0,0,0,0,0,0,0
TF,SS211,30.921944,121.361667,0, ,0.0,0.0,0.0,0.0,2,2960,0,1,250,0,0,0
TF,PD024,30.798056,121.922500,0, ,0.0,0.0,0.0,0.0,3,5910,0,0,0,0,0,0
TF,PD304,30.865833,122.165833,0, ,0.0,0.0,0.0,0.0,0,0,0,0,0,0,0,0
TF,LASAN,31.000000,122.424444,0, ,0.0,0.0,0.0,0.0,0,0,0,0,0,0,0,0
TF,BONGI,31.000000,122.648056,0, ,0.0,0.0,0.0,0.0,0,0,0,0,0,0,0,0
TF,BOLEX,31.000000,123.000000,0, ,0.0,0.0,0.0,0.0,0,0,0,0,0,0,0,0
TF,TONIX,31.332222,123.543889,0, ,0.0,0.0,0.0,0.0,0,0,0,0,0,0,0,0
TF,LAMEN,31.610000,124.000000,0, ,0.0,0.0,0.0,0.0,0,0,0,0,0,0,0,0

SID,LAM71D,36L,4
DF,DE36L,31.213100,121.331625,0, ,0.0,0.0,0,0,0,0,0,0,0,1
VA,0,3.0,2,660,0,0,0,0,0,0
DF,SS503,31.280556,121.222778,1, ,0.0,0.0,4,4930,1970,1,220,0,0,0
TF,SS504,31.215000,121.117778,0, ,0.0,0.0,0.0,0.0,0,0,0,0,0,0,0,0

SID,LAM71D,36R,4
DF,DE36R,31.213208,121.335453,0, ,0.0,0.0,0,0,0,0,0,0,0,1
VA,0,3.0,2,660,0,0,0,0,0,0
DF,SS503,31.280556,121.222778,1, ,0.0,0.0,4,4930,1970,1,220,0,0,0
TF,SS504,31.215000,121.117778,0, ,0.0,0.0,0.0,0.0,0,0,0,0,0,0,0,0

SID,LAM71D,ALL,5
IF,SS504,31.215000,121.117778, ,0.0,0.0,0,0,0,0,0,0,0,0
TF,SS303,31.070278,121.125833,0, ,0.0,0.0,0.0,0.0,2,6890,0,0,0,0,0,0
TF,SS211,30.921944,121.361667,0, ,0.0,0.0,0.0,0.0,0,0,0,0,0,0,0,0
TF,PD409,30.854722,121.668056,0, ,0.0,0.0,0.0,0.0,4,14800,11800,0,0,0,0,0
TF,PD024,30.798056,121.922500,0, ,0.0,0.0,0.0,0.0,0,0,0,0,0,0,0,0
TF,PD304,30.865833,122.165833,0, ,0.0,0.0,0.0,0.0,0,0,0,0,0,0,0,0
TF,LASAN,31.000000,122.424444,0, ,0.0,0.0,0.0,0.0,0,0,0,0,0,0,0,0
TF,BONGI,31.000000,122.648056,0, ,0.0,0.0,0.0,0.0,0,0,0,0,0,0,0,0
TF,BOLEX,31.000000,123.000000,0, ,0.0,0.0,0.0,0.0,0,0,0,0,0,0,0,0
TF,TONIX,31.332222,123.543889,0, ,0.0,0.0,0.0,0.0,0,0,0,0,0,0,0,0
TF,LAMEN,31.610000,124.000000,0, ,0.0,0.0,0.0,0.0,0,0,0,0,0,0,0,0

SID,LAM73D,36L,4
DF,DE36L,31.213100,121.331625,0, ,0.0,0.0,0,0,0,0,0,0,0,1
CF,SF1,31.450000,121.322500,0,SHA,3.3,13.7,4.0,14.0,2,3940,0,1,250,0,0,0

SID,LAM73D,36R,4
DF,DE36R,31.213208,121.335453,0, ,0.0,0.0,0,0,0,0,0,0,0,1
CF,SF1,31.450000,121.322500,0,SHA,3.3,13.7,3.0,14.0,2,3940,0,1,250,0,0,0

SID,LAM73D,ALL,5
IF,SF1,31.450000,121.322500, ,0.0,0.0,2,3940,0,1,250,0,0,0
TF,PD503,31.549444,121.633333,0, ,0.0,0.0,0.0,0.0,0,0,0,0,0,0,0,0
TF,EKVUT,31.756944,122.310278,0, ,0.0,0.0,0.0,0.0,0,0,0,0,0,0,0,0
TF,MATNU,31.660000,122.633333,0, ,0.0,0.0,0.0,0.0,0,0,0,0,0,0,0,0
TF,EMSAN,31.678611,122.775000,0, ,0.0,0.0,0.0,0.0,0,0,0,0,0,0,0,0
TF,SURAK,31.773333,123.491667,0, ,0.0,0.0,0.0,0.0,0,0,0,0,0,0,0,0
TF,LAMEN,31.610000,124.000000,0, ,0.0,0.0,0.0,0.0,0,0,0,0,0,0,0,0

SID,MIG21D,36L,2
CA,0,3.0,2,410,0,0,0,0,0,0
CD, ,0,0,0,SHA,0,0.0,3.0,1.6,0,0,0,0,0,0,0,0
CF,JTN,31.123333,121.341667,1,JTN,0.0,0.0,153.0,7.0,2,3940,0,1,250,0,0,0
TF,XSY,30.931667,121.873333,0, ,0.0,0.0,0.0,0.0,0,0,0,0,0,0,0,0
TF,NINAS,31.000000,122.250000,0, ,0.0,0.0,0.0,0.0,0,0,0,0,0,0,0,0
TF,LASAN,31.000000,122.424444,0, ,0.0,0.0,0.0,0.0,0,0,0,0,0,0,0,0
TF,BONGI,31.000000,122.648056,0, ,0.0,0.0,0.0,0.0,0,0,0,0,0,0,0,0
TF,BOLEX,31.000000,123.000000,0, ,0.0,0.0,0.0,0.0,0,0,0,0,0,0,0,0
TF,MIGOL,30.762778,123.694167,0, ,0.0,0.0,0.0,0.0,0,0,0,0,0,0,0,0

SID,MIG21D,36R,2
CA,0,3.0,2,410,0,0,0,0,0,0
CD, ,0,0,0,SHA,0,0.0,3.0,1.6,0,0,0,0,0,0,0,0
CF,JTN,31.123333,121.341667,1,JTN,0.0,0.0,153.0,7.0,2,3940,0,1,250,0,0,0
TF,XSY,30.931667,121.873333,0, ,0.0,0.0,0.0,0.0,0,0,0,0,0,0,0,0
TF,NINAS,31.000000,122.250000,0, ,0.0,0.0,0.0,0.0,0,0,0,0,0,0,0,0
TF,LASAN,31.000000,122.424444,0, ,0.0,0.0,0.0,0.0,0,0,0,0,0,0,0,0
TF,BONGI,31.000000,122.648056,0, ,0.0,0.0,0.0,0.0,0,0,0,0,0,0,0,0
TF,BOLEX,31.000000,123.000000,0, ,0.0,0.0,0.0,0.0,0,0,0,0,0,0,0,0
TF,MIGOL,30.762778,123.694167,0, ,0.0,0.0,0.0,0.0,0,0,0,0,0,0,0,0

SID,MIG31D,18L,2
CD, ,0,0,0,SHA,0,0.0,183.0,4.4,0,0,0,0,0,0,0,0
CD, ,0,0,0,SHA,0,0.0,183.0,7.5,0,0,0,0,0,0,0,0
CF,PDL,31.130000,121.671667,1,PDL,0.0,0.0,78.0,15.0,2,4930,0,1,250,0,0,0
TF,NINAS,31.000000,122.250000,0, ,0.0,0.0,0.0,0.0,0,0,0,0,0,0,0,0
TF,LASAN,31.000000,122.424444,0, ,0.0,0.0,0.0,0.0,0,0,0,0,0,0,0,0
TF,BONGI,31.000000,122.648056,0, ,0.0,0.0,0.0,0.0,0,0,0,0,0,0,0,0
TF,BOLEX,31.000000,123.000000,0, ,0.0,0.0,0.0,0.0,0,0,0,0,0,0,0,0
TF,MIGOL,30.762778,123.694167,0, ,0.0,0.0,0.0,0.0,0,0,0,0,0,0,0,0

SID,MIG31D,18R,2
CD, ,0,0,0,SHA,0,0.0,183.0,4.4,0,0,0,0,0,0,0,0
CD, ,0,0,0,SHA,0,0.0,183.0,7.5,0,0,0,0,0,0,0,0
CF,PDL,31.130000,121.671667,1,PDL,0.0,0.0,78.0,15.0,2,4930,0,1,250,0,0,0
TF,NINAS,31.000000,122.250000,0, ,0.0,0.0,0.0,0.0,0,0,0,0,0,0,0,0
TF,LASAN,31.000000,122.424444,0, ,0.0,0.0,0.0,0.0,0,0,0,0,0,0,0,0
TF,BONGI,31.000000,122.648056,0, ,0.0,0.0,0.0,0.0,0,0,0,0,0,0,0,0
TF,BOLEX,31.000000,123.000000,0, ,0.0,0.0,0.0,0.0,0,0,0,0,0,0,0,0
TF,MIGOL,30.762778,123.694167,0, ,0.0,0.0,0.0,0.0,0,0,0,0,0,0,0,0

SID,MIG61D,18L,4
DF,DE18L,31.182569,121.337111,0, ,0.0,0.0,0,0,0,0,0,0,0,1
CF,SS301,31.031111,121.341389,0,SHA,184.3,11.4,184.0,9.0,0,0,0,0,0,0,0,0

SID,MIG61D,18R,4
DF,DE18R,31.183278,121.333239,0, ,0.0,0.0,0,0,0,0,0,0,0,1
CF,SS301,31.031111,121.341389,0,SHA,184.3,11.4,183.0,9.0,0,0,0,0,0,0,0,0

SID,MIG61D,ALL,5
IF,SS301,31.031111,121.341389, ,0.0,0.0,0,0,0,0,0,0,0,0
TF,SS211,30.921944,121.361667,0, ,0.0,0.0,0.0,0.0,2,2960,0,1,250,0,0,0
TF,PD024,30.798056,121.922500,0, ,0.0,0.0,0.0,0.0,3,5910,0,0,0,0,0,0
TF,PD304,30.865833,122.165833,0, ,0.0,0.0,0.0,0.0,0,0,0,0,0,0,0,0
TF,LASAN,31.000000,122.424444,0, ,0.0,0.0,0.0,0.0,0,0,0,0,0,0,0,0
TF,BONGI,31.000000,122.648056,0, ,0.0,0.0,0.0,0.0,0,0,0,0,0,0,0,0
TF,BOLEX,31.000000,123.000000,0, ,0.0,0.0,0.0,0.0,0,0,0,0,0,0,0,0
TF,MIGOL,30.762778,123.694167,0, ,0.0,0.0,0.0,0.0,0,0,0,0,0,0,0,0

SID,MIG71D,36L,4
DF,DE36L,31.213100,121.331625,0, ,0.0,0.0,0,0,0,0,0,0,0,1
VA,0,3.0,2,660,0,0,0,0,0,0
DF,SS503,31.280556,121.222778,1, ,0.0,0.0,4,4930,1970,1,220,0,0,0
TF,SS504,31.215000,121.117778,0, ,0.0,0.0,0.0,0.0,0,0,0,0,0,0,0,0

SID,MIG71D,36R,4
DF,DE36R,31.213208,121.335453,0, ,0.0,0.0,0,0,0,0,0,0,0,1
VA,0,3.0,2,660,0,0,0,0,0,0
DF,SS503,31.280556,121.222778,1, ,0.0,0.0,4,4930,1970,1,220,0,0,0
TF,SS504,31.215000,121.117778,0, ,0.0,0.0,0.0,0.0,0,0,0,0,0,0,0,0

SID,MIG71D,ALL,5
IF,SS504,31.215000,121.117778, ,0.0,0.0,0,0,0,0,0,0,0,0
TF,SS303,31.070278,121.125833,0, ,0.0,0.0,0.0,0.0,2,6890,0,0,0,0,0,0
TF,SS211,30.921944,121.361667,0, ,0.0,0.0,0.0,0.0,0,0,0,0,0,0,0,0
TF,PD409,30.854722,121.668056,0, ,0.0,0.0,0.0,0.0,4,14800,11800,0,0,0,0,0
TF,PD024,30.798056,121.922500,0, ,0.0,0.0,0.0,0.0,0,0,0,0,0,0,0,0
TF,PD304,30.865833,122.165833,0, ,0.0,0.0,0.0,0.0,0,0,0,0,0,0,0,0
TF,LASAN,31.000000,122.424444,0, ,0.0,0.0,0.0,0.0,0,0,0,0,0,0,0,0
TF,BONGI,31.000000,122.648056,0, ,0.0,0.0,0.0,0.0,0,0,0,0,0,0,0,0
TF,BOLEX,31.000000,123.000000,0, ,0.0,0.0,0.0,0.0,0,0,0,0,0,0,0,0
TF,MIGOL,30.762778,123.694167,0, ,0.0,0.0,0.0,0.0,0,0,0,0,0,0,0,0

SID,NXD21D,36L,2
CA,0,3.0,2,410,0,0,0,0,0,0
CD, ,0,0,0,SHA,0,0.0,3.0,1.6,0,0,0,0,0,0,0,0
CF,CGT,31.210000,121.193333,1,CGT,0.0,0.0,231.0,5.0,0,0,0,1,250,0,0,0
TF,OLGAP,31.073333,121.150000,0, ,0.0,0.0,0.0,0.0,2,4930,0,0,0,0,0,0
TF,LURMA,30.975000,120.748611,0, ,0.0,0.0,0.0,0.0,0,0,0,0,0,0,0,0
TF,NXD,30.896667,120.430000,0, ,0.0,0.0,0.0,0.0,2,12800,0,0,0,0,0,0

SID,NXD21D,36R,2
CA,0,3.0,2,410,0,0,0,0,0,0
CD, ,0,0,0,SHA,0,0.0,3.0,1.6,0,0,0,0,0,0,0,0
CF,CGT,31.210000,121.193333,1,CGT,0.0,0.0,231.0,5.0,0,0,0,1,250,0,0,0
TF,OLGAP,31.073333,121.150000,0, ,0.0,0.0,0.0,0.0,2,4930,0,0,0,0,0,0
TF,LURMA,30.975000,120.748611,0, ,0.0,0.0,0.0,0.0,0,0,0,0,0,0,0,0
TF,NXD,30.896667,120.430000,0, ,0.0,0.0,0.0,0.0,2,12800,0,0,0,0,0,0

SID,NXD31D,18L,2
CD, ,0,0,0,SHA,0,0.0,183.0,4.4,0,0,0,0,0,0,0,0
CF,OLGAP,31.073333,121.150000,0,SHA,233.0,13.0,259.0,10.0,2,2960,0,1,250,0,0,0
TF,LURMA,30.975000,120.748611,0, ,0.0,0.0,0.0,0.0,0,0,0,0,0,0,0,0
TF,NXD,30.896667,120.430000,0, ,0.0,0.0,0.0,0.0,2,12800,0,0,0,0,0,0

SID,NXD31D,18R,2
CD, ,0,0,0,SHA,0,0.0,183.0,4.4,0,0,0,0,0,0,0,0
CF,OLGAP,31.073333,121.150000,0,SHA,233.0,13.0,259.0,10.0,2,2960,0,1,250,0,0,0
TF,LURMA,30.975000,120.748611,0, ,0.0,0.0,0.0,0.0,0,0,0,0,0,0,0,0
TF,NXD,30.896667,120.430000,0, ,0.0,0.0,0.0,0.0,2,12800,0,0,0,0,0,0

SID,NXD61D,18L,4
DF,DE18L,31.182569,121.337111,0, ,0.0,0.0,0,0,0,0,0,0,0,1
CF,SS301,31.031111,121.341389,0,SHA,184.3,11.4,184.0,9.0,0,0,0,0,0,0,0,0

SID,NXD61D,18R,4
DF,DE18R,31.183278,121.333239,0, ,0.0,0.0,0,0,0,0,0,0,0,1
CF,SS301,31.031111,121.341389,0,SHA,184.3,11.4,183.0,9.0,0,0,0,0,0,0,0,0

SID,NXD61D,ALL,5
IF,SS301,31.031111,121.341389, ,0.0,0.0,0,0,0,0,0,0,0,0
TF,SS302,31.050278,121.235556,0, ,0.0,0.0,0.0,0.0,4,4930,2960,1,250,0,0,0
TF,SS303,31.070278,121.125833,0, ,0.0,0.0,0.0,0.0,0,0,0,0,0,0,0,0
TF,NXD,30.896667,120.430000,0, ,0.0,0.0,0.0,0.0,2,12800,0,0,0,0,0,0

SID,NXD71D,36L,4
DF,DE36L,31.213100,121.331625,0, ,0.0,0.0,0,0,0,0,0,0,0,1
VA,0,3.0,2,660,0,0,0,0,0,0
DF,SS503,31.280556,121.222778,1, ,0.0,0.0,4,4930,1970,1,220,0,0,0
TF,SS504,31.215000,121.117778,0, ,0.0,0.0,0.0,0.0,0,0,0,0,0,0,0,0

SID,NXD71D,36R,4
DF,DE36R,31.213208,121.335453,0, ,0.0,0.0,0,0,0,0,0,0,0,1
VA,0,3.0,2,660,0,0,0,0,0,0
DF,SS503,31.280556,121.222778,1, ,0.0,0.0,4,4930,1970,1,220,0,0,0
TF,SS504,31.215000,121.117778,0, ,0.0,0.0,0.0,0.0,0,0,0,0,0,0,0,0

SID,NXD71D,ALL,5
IF,SS504,31.215000,121.117778, ,0.0,0.0,0,0,0,0,0,0,0,0
TF,SS303,31.070278,121.125833,0, ,0.0,0.0,0.0,0.0,2,6890,0,0,0,0,0,0
TF,NXD,30.896667,120.430000,0, ,0.0,0.0,0.0,0.0,2,12800,0,0,0,0,0,0

SID,PIK21D,36L,2
CA,0,3.0,2,410,0,0,0,0,0,0
CD, ,0,0,0,SHA,0,0.0,3.0,1.6,0,0,0,0,0,0,0,0
DF,PK,31.283333,121.330000,0, ,0.0,0.0,0,0,0,0,0,0,0,0
TF,POMOK,31.450000,121.116667,0, ,0.0,0.0,0.0,0.0,2,2960,0,0,0,0,0,0
TF,PIKAS,32.166667,120.733333,0, ,0.0,0.0,0.0,0.0,0,0,0,0,0,0,0,0

SID,PIK21D,36R,2
CA,0,3.0,2,410,0,0,0,0,0,0
CD, ,0,0,0,SHA,0,0.0,3.0,1.6,0,0,0,0,0,0,0,0
DF,PK,31.283333,121.330000,0, ,0.0,0.0,0,0,0,0,0,0,0,0
TF,POMOK,31.450000,121.116667,0, ,0.0,0.0,0.0,0.0,2,2960,0,0,0,0,0,0
TF,PIKAS,32.166667,120.733333,0, ,0.0,0.0,0.0,0.0,0,0,0,0,0,0,0,0

SID,PIK31D,18L,2
CD, ,0,0,0,SHA,0,0.0,183.0,4.4,0,0,0,0,0,0,0,0
CF,CGT,31.210000,121.193333,2,CGT,0.0,0.0,328.0,6.0,2,1970,0,1,250,0,0,0
TF,POMOK,31.450000,121.116667,0, ,0.0,0.0,0.0,0.0,0,0,0,0,0,0,0,0
TF,PIKAS,32.166667,120.733333,0, ,0.0,0.0,0.0,0.0,0,0,0,0,0,0,0,0

SID,PIK31D,18R,2
CD, ,0,0,0,SHA,0,0.0,183.0,4.4,0,0,0,0,0,0,0,0
CF,CGT,31.210000,121.193333,2,CGT,0.0,0.0,328.0,6.0,2,1970,0,1,250,0,0,0
TF,POMOK,31.450000,121.116667,0, ,0.0,0.0,0.0,0.0,0,0,0,0,0,0,0,0
TF,PIKAS,32.166667,120.733333,0, ,0.0,0.0,0.0,0.0,0,0,0,0,0,0,0,0

SID,PIK61D,18L,4
DF,DE18L,31.182569,121.337111,0, ,0.0,0.0,0,0,0,0,0,0,0,1
CF,SS301,31.031111,121.341389,0,SHA,184.3,11.4,184.0,9.0,0,0,0,0,0,0,0,0

SID,PIK61D,18R,4
DF,DE18R,31.183278,121.333239,0, ,0.0,0.0,0,0,0,0,0,0,0,1
CF,SS301,31.031111,121.341389,0,SHA,184.3,11.4,183.0,9.0,0,0,0,0,0,0,0,0

SID,PIK61D,ALL,5
IF,SS301,31.031111,121.341389, ,0.0,0.0,0,0,0,0,0,0,0,0
TF,SS302,31.050278,121.235556,0, ,0.0,0.0,0.0,0.0,4,4930,2960,1,250,0,0,0
TF,SS303,31.070278,121.125833,0, ,0.0,0.0,0.0,0.0,0,0,0,0,0,0,0,0
TF,SS304,31.156667,121.121111,0, ,0.0,0.0,0.0,0.0,0,0,0,0,0,0,0,0
TF,SS305,31.279444,121.114167,0, ,0.0,0.0,0.0,0.0,2,8860,0,0,0,0,0,0
TF,EKIMU,31.351667,121.110000,0, ,0.0,0.0,0.0,0.0,0,0,0,0,0,0,0,0
TF,POMOK,31.450000,121.116667,0, ,0.0,0.0,0.0,0.0,0,0,0,0,0,0,0,0
TF,SS306,31.515556,121.081944,0, ,0.0,0.0,0.0,0.0,3,11800,0,0,0,0,0,0
TF,SS320,31.950000,120.850000,0, ,0.0,0.0,0.0,0.0,2,19700,0,0,0,0,0,0
TF,PIKAS,32.166667,120.733333,0, ,0.0,0.0,0.0,0.0,0,0,0,0,0,0,0,0

SID,PIK71D,36L,4
DF,DE36L,31.213100,121.331625,0, ,0.0,0.0,0,0,0,0,0,0,0,1
VA,0,3.0,2,660,0,0,0,0,0,0
DF,SS502,31.401389,121.178889,0, ,0.0,0.0,4,4930,2960,1,250,0,0,0

SID,PIK71D,36R,4
DF,DE36R,31.213208,121.335453,0, ,0.0,0.0,0,0,0,0,0,0,0,1
VA,0,3.0,2,660,0,0,0,0,0,0
DF,SS502,31.401389,121.178889,0, ,0.0,0.0,4,4930,2960,1,250,0,0,0

SID,PIK71D,ALL,5
IF,SS502,31.401389,121.178889, ,0.0,0.0,4,4930,2960,1,250,0,0,0
TF,POMOK,31.450000,121.116667,0, ,0.0,0.0,0.0,0.0,0,0,0,0,0,0,0,0
TF,SS320,31.950000,120.850000,0, ,0.0,0.0,0.0,0.0,2,19700,0,0,0,0,0,0
TF,PIKAS,32.166667,120.733333,0, ,0.0,0.0,0.0,0.0,0,0,0,0,0,0,0,0

SID,PIK72D,36L,4
DF,DE36L,31.213100,121.331625,0, ,0.0,0.0,0,0,0,0,0,0,0,1
CF,SS501,31.284722,121.327500,0,SHA,0.3,3.8,3.0,4.0,0,0,0,0,0,0,0,0

SID,PIK72D,36R,4
DF,DE36R,31.213208,121.335453,0, ,0.0,0.0,0,0,0,0,0,0,0,1
CF,SS501,31.284722,121.327500,0,SHA,0.3,3.8,360.0,4.0,0,0,0,0,0,0,0,0

SID,PIK72D,ALL,5
IF,SS501,31.284722,121.327500, ,0.0,0.0,0,0,0,0,0,0,0,0
TF,SS502,31.401389,121.178889,0, ,0.0,0.0,0.0,0.0,4,4930,2960,1,250,0,0,0
TF,POMOK,31.450000,121.116667,0, ,0.0,0.0,0.0,0.0,0,0,0,0,0,0,0,0
TF,SS320,31.950000,120.850000,0, ,0.0,0.0,0.0,0.0,2,19700,0,0,0,0,0,0
TF,PIKAS,32.166667,120.733333,0, ,0.0,0.0,0.0,0.0,0,0,0,0,0,0,0,0

SID,PON21D,36L,2
CA,0,3.0,2,410,0,0,0,0,0,0
CD, ,0,0,0,SHA,0,0.0,3.0,1.6,0,0,0,0,0,0,0,0
CF,JTN,31.123333,121.341667,1,JTN,0.0,0.0,153.0,7.0,2,3940,0,1,250,0,0,0
TF,XSY,30.931667,121.873333,0, ,0.0,0.0,0.0,0.0,0,0,0,0,0,0,0,0
TF,UNTOP,30.733333,122.276667,0, ,0.0,0.0,0.0,0.0,0,0,0,0,0,0,0,0
TF,PONAB,30.587778,122.401111,0, ,0.0,0.0,0.0,0.0,0,0,0,0,0,0,0,0

SID,PON21D,36R,2
CA,0,3.0,2,410,0,0,0,0,0,0
CD, ,0,0,0,SHA,0,0.0,3.0,1.6,0,0,0,0,0,0,0,0
CF,JTN,31.123333,121.341667,1,JTN,0.0,0.0,153.0,7.0,2,3940,0,1,250,0,0,0
TF,XSY,30.931667,121.873333,0, ,0.0,0.0,0.0,0.0,0,0,0,0,0,0,0,0
TF,UNTOP,30.733333,122.276667,0, ,0.0,0.0,0.0,0.0,0,0,0,0,0,0,0,0
TF,PONAB,30.587778,122.401111,0, ,0.0,0.0,0.0,0.0,0,0,0,0,0,0,0,0

SID,PON31D,18L,2
CD, ,0,0,0,SHA,0,0.0,183.0,4.4,0,0,0,0,0,0,0,0
CD, ,0,0,0,SHA,0,0.0,183.0,7.5,0,0,0,0,0,0,0,0
CF,PDL,31.130000,121.671667,1,PDL,0.0,0.0,78.0,15.0,2,4930,0,1,250,0,0,0
TF,NINAS,31.000000,122.250000,0, ,0.0,0.0,0.0,0.0,0,0,0,0,0,0,0,0
TF,PONAB,30.587778,122.401111,0, ,0.0,0.0,0.0,0.0,0,0,0,0,0,0,0,0

SID,PON31D,18R,2
CD, ,0,0,0,SHA,0,0.0,183.0,4.4,0,0,0,0,0,0,0,0
CD, ,0,0,0,SHA,0,0.0,183.0,7.5,0,0,0,0,0,0,0,0
CF,PDL,31.130000,121.671667,1,PDL,0.0,0.0,78.0,15.0,2,4930,0,1,250,0,0,0
TF,NINAS,31.000000,122.250000,0, ,0.0,0.0,0.0,0.0,0,0,0,0,0,0,0,0
TF,PONAB,30.587778,122.401111,0, ,0.0,0.0,0.0,0.0,0,0,0,0,0,0,0,0

SID,PON61D,18L,4
DF,DE18L,31.182569,121.337111,0, ,0.0,0.0,0,0,0,0,0,0,0,1
CF,SS301,31.031111,121.341389,0,SHA,184.3,11.4,184.0,9.0,0,0,0,0,0,0,0,0

SID,PON61D,18R,4
DF,DE18R,31.183278,121.333239,0, ,0.0,0.0,0,0,0,0,0,0,0,1
CF,SS301,31.031111,121.341389,0,SHA,184.3,11.4,183.0,9.0,0,0,0,0,0,0,0,0

SID,PON61D,ALL,5
IF,SS301,31.031111,121.341389, ,0.0,0.0,0,0,0,0,0,0,0,0
TF,SS211,30.921944,121.361667,0, ,0.0,0.0,0.0,0.0,2,2960,0,1,250,0,0,0
TF,PD024,30.798056,121.922500,0, ,0.0,0.0,0.0,0.0,3,5910,0,0,0,0,0,0
TF,PD304,30.865833,122.165833,0, ,0.0,0.0,0.0,0.0,0,0,0,0,0,0,0,0
TF,PONAB,30.587778,122.401111,0, ,0.0,0.0,0.0,0.0,0,0,0,0,0,0,0,0

SID,PON71D,36L,4
DF,DE36L,31.213100,121.331625,0, ,0.0,0.0,0,0,0,0,0,0,0,1
VA,0,3.0,2,660,0,0,0,0,0,0
DF,SS503,31.280556,121.222778,1, ,0.0,0.0,4,4930,1970,1,220,0,0,0
TF,SS504,31.215000,121.117778,0, ,0.0,0.0,0.0,0.0,0,0,0,0,0,0,0,0

SID,PON71D,36R,4
DF,DE36R,31.213208,121.335453,0, ,0.0,0.0,0,0,0,0,0,0,0,1
VA,0,3.0,2,660,0,0,0,0,0,0
DF,SS503,31.280556,121.222778,1, ,0.0,0.0,4,4930,1970,1,220,0,0,0
TF,SS504,31.215000,121.117778,0, ,0.0,0.0,0.0,0.0,0,0,0,0,0,0,0,0

SID,PON71D,ALL,5
IF,SS504,31.215000,121.117778, ,0.0,0.0,0,0,0,0,0,0,0,0
TF,SS303,31.070278,121.125833,0, ,0.0,0.0,0.0,0.0,2,6890,0,0,0,0,0,0
TF,SS211,30.921944,121.361667,0, ,0.0,0.0,0.0,0.0,0,0,0,0,0,0,0,0
TF,PD409,30.854722,121.668056,0, ,0.0,0.0,0.0,0.0,4,14800,11800,0,0,0,0,0
TF,PD024,30.798056,121.922500,0, ,0.0,0.0,0.0,0.0,0,0,0,0,0,0,0,0
TF,PD304,30.865833,122.165833,0, ,0.0,0.0,0.0,0.0,0,0,0,0,0,0,0,0
TF,PONAB,30.587778,122.401111,0, ,0.0,0.0,0.0,0.0,0,0,0,0,0,0,0,0

SID,SAS21D,36L,2
CA,0,3.0,2,410,0,0,0,0,0,0
CD, ,0,0,0,SHA,0,0.0,3.0,1.6,0,0,0,0,0,0,0,0
DF,PK,31.283333,121.330000,0, ,0.0,0.0,0,0,0,0,0,0,0,0
TF,EKIMU,31.351667,121.110000,0, ,0.0,0.0,0.0,0.0,3,4930,0,0,0,0,0,0
TF,D304W,31.400000,120.950000,0, ,0.0,0.0,0.0,0.0,2,4930,0,0,0,0,0,0
TF,SASAN,31.589444,120.319444,0, ,0.0,0.0,0.0,0.0,0,0,0,0,0,0,0,0

SID,SAS21D,36R,2
CA,0,3.0,2,410,0,0,0,0,0,0
CD, ,0,0,0,SHA,0,0.0,3.0,1.6,0,0,0,0,0,0,0,0
DF,PK,31.283333,121.330000,0, ,0.0,0.0,0,0,0,0,0,0,0,0
TF,EKIMU,31.351667,121.110000,0, ,0.0,0.0,0.0,0.0,3,4930,0,0,0,0,0,0
TF,D304W,31.400000,120.950000,0, ,0.0,0.0,0.0,0.0,2,4930,0,0,0,0,0,0
TF,SASAN,31.589444,120.319444,0, ,0.0,0.0,0.0,0.0,0,0,0,0,0,0,0,0

SID,SAS31D,18L,2
CD, ,0,0,0,SHA,0,0.0,183.0,4.4,0,0,0,0,0,0,0,0
CF,CGT,31.210000,121.193333,2,CGT,0.0,0.0,328.0,6.0,2,1970,0,1,250,0,0,0
TF,EKIMU,31.351667,121.110000,0, ,0.0,0.0,0.0,0.0,2,4930,0,0,0,0,0,0
TF,D304W,31.400000,120.950000,0, ,0.0,0.0,0.0,0.0,2,4930,0,0,0,0,0,0
TF,SASAN,31.589444,120.319444,0, ,0.0,0.0,0.0,0.0,0,0,0,0,0,0,0,0

SID,SAS31D,18R,2
CD, ,0,0,0,SHA,0,0.0,183.0,4.4,0,0,0,0,0,0,0,0
CF,CGT,31.210000,121.193333,2,CGT,0.0,0.0,328.0,6.0,2,1970,0,1,250,0,0,0
TF,EKIMU,31.351667,121.110000,0, ,0.0,0.0,0.0,0.0,2,4930,0,0,0,0,0,0
TF,D304W,31.400000,120.950000,0, ,0.0,0.0,0.0,0.0,2,4930,0,0,0,0,0,0
TF,SASAN,31.589444,120.319444,0, ,0.0,0.0,0.0,0.0,0,0,0,0,0,0,0,0

SID,SAS61D,18L,4
DF,DE18L,31.182569,121.337111,0, ,0.0,0.0,0,0,0,0,0,0,0,1
CF,SS301,31.031111,121.341389,0,SHA,184.3,11.4,184.0,9.0,0,0,0,0,0,0,0,0

SID,SAS61D,18R,4
DF,DE18R,31.183278,121.333239,0, ,0.0,0.0,0,0,0,0,0,0,0,1
CF,SS301,31.031111,121.341389,0,SHA,184.3,11.4,183.0,9.0,0,0,0,0,0,0,0,0

SID,SAS61D,ALL,5
IF,SS301,31.031111,121.341389, ,0.0,0.0,0,0,0,0,0,0,0,0
TF,SS302,31.050278,121.235556,0, ,0.0,0.0,0.0,0.0,4,4930,2960,1,250,0,0,0
TF,SS303,31.070278,121.125833,0, ,0.0,0.0,0.0,0.0,0,0,0,0,0,0,0,0
TF,SS304,31.156667,121.121111,0, ,0.0,0.0,0.0,0.0,0,0,0,0,0,0,0,0
TF,SS305,31.279444,121.114167,0, ,0.0,0.0,0.0,0.0,2,8860,0,0,0,0,0,0
TF,EKIMU,31.351667,121.110000,0, ,0.0,0.0,0.0,0.0,0,0,0,0,0,0,0,0
TF,SASAN,31.589444,120.319444,0, ,0.0,0.0,0.0,0.0,0,0,0,0,0,0,0,0

SID,SAS71D,36L,4
DF,DE36L,31.213100,121.331625,0, ,0.0,0.0,0,0,0,0,0,0,0,1
VA,0,3.0,2,660,0,0,0,0,0,0
DF,EKIMU,31.351667,121.110000,0, ,0.0,0.0,4,4930,2960,1,220,0,0,0

SID,SAS71D,36R,4
DF,DE36R,31.213208,121.335453,0, ,0.0,0.0,0,0,0,0,0,0,0,1
VA,0,3.0,2,660,0,0,0,0,0,0
DF,EKIMU,31.351667,121.110000,0, ,0.0,0.0,4,4930,2960,1,220,0,0,0

SID,SAS71D,ALL,5
IF,EKIMU,31.351667,121.110000, ,0.0,0.0,4,4930,2960,1,220,0,0,0
TF,SS420,31.400278,120.950278,0, ,0.0,0.0,0.0,0.0,2,4930,0,0,0,0,0,0
TF,SASAN,31.589444,120.319444,0, ,0.0,0.0,0.0,0.0,0,0,0,0,0,0,0,0

SID,SAS72D,36L,4
DF,DE36L,31.213100,121.331625,0, ,0.0,0.0,0,0,0,0,0,0,0,1
CF,SS501,31.284722,121.327500,0,SHA,0.3,3.8,3.0,4.0,0,0,0,0,0,0,0,0

SID,SAS72D,36R,4
DF,DE36R,31.213208,121.335453,0, ,0.0,0.0,0,0,0,0,0,0,0,1
CF,SS501,31.284722,121.327500,0,SHA,0.3,3.8,360.0,4.0,0,0,0,0,0,0,0,0

SID,SAS72D,ALL,5
IF,SS501,31.284722,121.327500, ,0.0,0.0,0,0,0,0,0,0,0,0
TF,EKIMU,31.351667,121.110000,0, ,0.0,0.0,0.0,0.0,4,4930,2960,1,220,0,0,0
TF,SS420,31.400278,120.950278,0, ,0.0,0.0,0.0,0.0,2,4930,0,0,0,0,0,0
TF,SASAN,31.589444,120.319444,0, ,0.0,0.0,0.0,0.0,0,0,0,0,0,0,0,0

SID,SUR21D,36L,2
CA,0,3.0,2,410,0,0,0,0,0,0
CD, ,0,0,0,SHA,0,0.0,3.0,1.6,0,0,0,0,0,0,0,0
CF,JTN,31.123333,121.341667,1,JTN,0.0,0.0,153.0,7.0,2,3940,0,1,250,0,0,0
TF,XSY,30.931667,121.873333,0, ,0.0,0.0,0.0,0.0,0,0,0,0,0,0,0,0
TF,NINAS,31.000000,122.250000,0, ,0.0,0.0,0.0,0.0,0,0,0,0,0,0,0,0
TF,LASAN,31.000000,122.424444,0, ,0.0,0.0,0.0,0.0,0,0,0,0,0,0,0,0
TF,BONGI,31.000000,122.648056,0, ,0.0,0.0,0.0,0.0,0,0,0,0,0,0,0,0
TF,BOLEX,31.000000,123.000000,0, ,0.0,0.0,0.0,0.0,0,0,0,0,0,0,0,0
TF,TONIX,31.332222,123.543889,0, ,0.0,0.0,0.0,0.0,0,0,0,0,0,0,0,0
TF,AKARA,31.500000,123.500000,0, ,0.0,0.0,0.0,0.0,0,0,0,0,0,0,0,0
TF,SURAK,31.773333,123.491667,0, ,0.0,0.0,0.0,0.0,0,0,0,0,0,0,0,0

SID,SUR21D,36R,2
CA,0,3.0,2,410,0,0,0,0,0,0
CD, ,0,0,0,SHA,0,0.0,3.0,1.6,0,0,0,0,0,0,0,0
CF,JTN,31.123333,121.341667,1,JTN,0.0,0.0,153.0,7.0,2,3940,0,1,250,0,0,0
TF,XSY,30.931667,121.873333,0, ,0.0,0.0,0.0,0.0,0,0,0,0,0,0,0,0
TF,NINAS,31.000000,122.250000,0, ,0.0,0.0,0.0,0.0,0,0,0,0,0,0,0,0
TF,LASAN,31.000000,122.424444,0, ,0.0,0.0,0.0,0.0,0,0,0,0,0,0,0,0
TF,BONGI,31.000000,122.648056,0, ,0.0,0.0,0.0,0.0,0,0,0,0,0,0,0,0
TF,BOLEX,31.000000,123.000000,0, ,0.0,0.0,0.0,0.0,0,0,0,0,0,0,0,0
TF,TONIX,31.332222,123.543889,0, ,0.0,0.0,0.0,0.0,0,0,0,0,0,0,0,0
TF,AKARA,31.500000,123.500000,0, ,0.0,0.0,0.0,0.0,0,0,0,0,0,0,0,0
TF,SURAK,31.773333,123.491667,0, ,0.0,0.0,0.0,0.0,0,0,0,0,0,0,0,0

SID,SUR31D,18L,2
CD, ,0,0,0,SHA,0,0.0,183.0,4.4,0,0,0,0,0,0,0,0
CD, ,0,0,0,SHA,0,0.0,183.0,7.5,0,0,0,0,0,0,0,0
CF,PDL,31.130000,121.671667,1,PDL,0.0,0.0,78.0,15.0,2,4930,0,1,250,0,0,0
TF,NINAS,31.000000,122.250000,0, ,0.0,0.0,0.0,0.0,0,0,0,0,0,0,0,0
TF,LASAN,31.000000,122.424444,0, ,0.0,0.0,0.0,0.0,0,0,0,0,0,0,0,0
TF,BONGI,31.000000,122.648056,0, ,0.0,0.0,0.0,0.0,0,0,0,0,0,0,0,0
TF,BOLEX,31.000000,123.000000,0, ,0.0,0.0,0.0,0.0,0,0,0,0,0,0,0,0
TF,TONIX,31.332222,123.543889,0, ,0.0,0.0,0.0,0.0,0,0,0,0,0,0,0,0
TF,AKARA,31.500000,123.500000,0, ,0.0,0.0,0.0,0.0,0,0,0,0,0,0,0,0
TF,SURAK,31.773333,123.491667,0, ,0.0,0.0,0.0,0.0,0,0,0,0,0,0,0,0

SID,SUR31D,18R,2
CD, ,0,0,0,SHA,0,0.0,183.0,4.4,0,0,0,0,0,0,0,0
CD, ,0,0,0,SHA,0,0.0,183.0,7.5,0,0,0,0,0,0,0,0
CF,PDL,31.130000,121.671667,1,PDL,0.0,0.0,78.0,15.0,2,4930,0,1,250,0,0,0
TF,NINAS,31.000000,122.250000,0, ,0.0,0.0,0.0,0.0,0,0,0,0,0,0,0,0
TF,LASAN,31.000000,122.424444,0, ,0.0,0.0,0.0,0.0,0,0,0,0,0,0,0,0
TF,BONGI,31.000000,122.648056,0, ,0.0,0.0,0.0,0.0,0,0,0,0,0,0,0,0
TF,BOLEX,31.000000,123.000000,0, ,0.0,0.0,0.0,0.0,0,0,0,0,0,0,0,0
TF,TONIX,31.332222,123.543889,0, ,0.0,0.0,0.0,0.0,0,0,0,0,0,0,0,0
TF,AKARA,31.500000,123.500000,0, ,0.0,0.0,0.0,0.0,0,0,0,0,0,0,0,0
TF,SURAK,31.773333,123.491667,0, ,0.0,0.0,0.0,0.0,0,0,0,0,0,0,0,0

SID,SUR61D,18L,4
DF,DE18L,31.182569,121.337111,0, ,0.0,0.0,0,0,0,0,0,0,0,1
CF,SS301,31.031111,121.341389,0,SHA,184.3,11.4,184.0,9.0,0,0,0,0,0,0,0,0

SID,SUR61D,18R,4
DF,DE18R,31.183278,121.333239,0, ,0.0,0.0,0,0,0,0,0,0,0,1
CF,SS301,31.031111,121.341389,0,SHA,184.3,11.4,183.0,9.0,0,0,0,0,0,0,0,0

SID,SUR61D,ALL,5
IF,SS301,31.031111,121.341389, ,0.0,0.0,0,0,0,0,0,0,0,0
TF,SS211,30.921944,121.361667,0, ,0.0,0.0,0.0,0.0,2,2960,0,1,250,0,0,0
TF,PD024,30.798056,121.922500,0, ,0.0,0.0,0.0,0.0,3,5910,0,0,0,0,0,0
TF,PD304,30.865833,122.165833,0, ,0.0,0.0,0.0,0.0,0,0,0,0,0,0,0,0
TF,LASAN,31.000000,122.424444,0, ,0.0,0.0,0.0,0.0,0,0,0,0,0,0,0,0
TF,BONGI,31.000000,122.648056,0, ,0.0,0.0,0.0,0.0,0,0,0,0,0,0,0,0
TF,BOLEX,31.000000,123.000000,0, ,0.0,0.0,0.0,0.0,0,0,0,0,0,0,0,0
TF,TONIX,31.332222,123.543889,0, ,0.0,0.0,0.0,0.0,0,0,0,0,0,0,0,0
TF,AKARA,31.500000,123.500000,0, ,0.0,0.0,0.0,0.0,0,0,0,0,0,0,0,0
TF,SURAK,31.773333,123.491667,0, ,0.0,0.0,0.0,0.0,0,0,0,0,0,0,0,0

SID,SUR71D,36L,4
DF,DE36L,31.213100,121.331625,0, ,0.0,0.0,0,0,0,0,0,0,0,1
VA,0,3.0,2,660,0,0,0,0,0,0
DF,SS503,31.280556,121.222778,1, ,0.0,0.0,4,4930,1970,1,220,0,0,0
TF,SS504,31.215000,121.117778,0, ,0.0,0.0,0.0,0.0,0,0,0,0,0,0,0,0

SID,SUR71D,36R,4
DF,DE36R,31.213208,121.335453,0, ,0.0,0.0,0,0,0,0,0,0,0,1
VA,0,3.0,2,660,0,0,0,0,0,0
DF,SS503,31.280556,121.222778,1, ,0.0,0.0,4,4930,1970,1,220,0,0,0
TF,SS504,31.215000,121.117778,0, ,0.0,0.0,0.0,0.0,0,0,0,0,0,0,0,0

SID,SUR71D,ALL,5
IF,SS504,31.215000,121.117778, ,0.0,0.0,0,0,0,0,0,0,0,0
TF,SS303,31.070278,121.125833,0, ,0.0,0.0,0.0,0.0,2,6890,0,0,0,0,0,0
TF,SS211,30.921944,121.361667,0, ,0.0,0.0,0.0,0.0,0,0,0,0,0,0,0,0
TF,PD409,30.854722,121.668056,0, ,0.0,0.0,0.0,0.0,4,14800,11800,0,0,0,0,0
TF,PD024,30.798056,121.922500,0, ,0.0,0.0,0.0,0.0,0,0,0,0,0,0,0,0
TF,PD304,30.865833,122.165833,0, ,0.0,0.0,0.0,0.0,0,0,0,0,0,0,0,0
TF,LASAN,31.000000,122.424444,0, ,0.0,0.0,0.0,0.0,0,0,0,0,0,0,0,0
TF,BONGI,31.000000,122.648056,0, ,0.0,0.0,0.0,0.0,0,0,0,0,0,0,0,0
TF,BOLEX,31.000000,123.000000,0, ,0.0,0.0,0.0,0.0,0,0,0,0,0,0,0,0
TF,TONIX,31.332222,123.543889,0, ,0.0,0.0,0.0,0.0,0,0,0,0,0,0,0,0
TF,AKARA,31.500000,123.500000,0, ,0.0,0.0,0.0,0.0,0,0,0,0,0,0,0,0
TF,SURAK,31.773333,123.491667,0, ,0.0,0.0,0.0,0.0,0,0,0,0,0,0,0,0

SID,SUR73D,36L,4
DF,DE36L,31.213100,121.331625,0, ,0.0,0.0,0,0,0,0,0,0,0,1
CF,SF1,31.450000,121.322500,0,SHA,3.3,13.7,4.0,14.0,2,3940,0,1,250,0,0,0

SID,SUR73D,36R,4
DF,DE36R,31.213208,121.335453,0, ,0.0,0.0,0,0,0,0,0,0,0,1
CF,SF1,31.450000,121.322500,0,SHA,3.3,13.7,3.0,14.0,2,3940,0,1,250,0,0,0

SID,SUR73D,ALL,5
IF,SF1,31.450000,121.322500, ,0.0,0.0,2,3940,0,1,250,0,0,0
TF,PD503,31.549444,121.633333,0, ,0.0,0.0,0.0,0.0,0,0,0,0,0,0,0,0
TF,EKVUT,31.756944,122.310278,0, ,0.0,0.0,0.0,0.0,0,0,0,0,0,0,0,0
TF,MATNU,31.660000,122.633333,0, ,0.0,0.0,0.0,0.0,0,0,0,0,0,0,0,0
TF,EMSAN,31.678611,122.775000,0, ,0.0,0.0,0.0,0.0,0,0,0,0,0,0,0,0
TF,SURAK,31.773333,123.491667,0, ,0.0,0.0,0.0,0.0,0,0,0,0,0,0,0,0

STAR,AND21A,36L,2
IF,AND,30.256667,121.221667, ,0.0,0.0,0,0,0,0,0,0,0,0
TF,DADAT,30.450000,121.246667,0, ,0.0,0.0,0.0,0.0,3,11490,0,0,0,0,0,0
TF,JTN35,30.550000,121.261667,0, ,0.0,0.0,0.0,0.0,3,8860,0,0,0,0,0,0
TF,AND28,30.711667,121.283333,0, ,0.0,0.0,0.0,0.0,0,0,0,0,0,0,0,0
TF,D192N,30.883333,121.311667,0, ,0.0,0.0,0.0,0.0,2,4930,0,1,205,0,0,0

STAR,AND21A,36R,2
IF,AND,30.256667,121.221667, ,0.0,0.0,0,0,0,0,0,0,0,0
TF,DADAT,30.450000,121.246667,0, ,0.0,0.0,0.0,0.0,3,11490,0,0,0,0,0,0
TF,JTN35,30.550000,121.261667,0, ,0.0,0.0,0.0,0.0,3,8860,0,0,0,0,0,0
TF,AND28,30.711667,121.283333,0, ,0.0,0.0,0.0,0.0,0,0,0,0,0,0,0,0
TF,D192N,30.883333,121.311667,0, ,0.0,0.0,0.0,0.0,2,4930,0,1,205,0,0,0

STAR,AND22A,36L,2
IF,AND,30.256667,121.221667, ,0.0,0.0,0,0,0,0,0,0,0,0
TF,IDNIK,30.433333,121.498333,0, ,0.0,0.0,0.0,0.0,3,14800,0,0,0,0,0,0
TF,BELOP,30.613333,121.456667,0, ,0.0,0.0,0.0,0.0,3,8860,0,0,0,0,0,0
TF,D175K,30.941667,121.381667,0, ,0.0,0.0,0.0,0.0,2,3940,0,1,205,0,0,0

STAR,AND22A,36R,2
IF,AND,30.256667,121.221667, ,0.0,0.0,0,0,0,0,0,0,0,0
TF,IDNIK,30.433333,121.498333,0, ,0.0,0.0,0.0,0.0,3,14800,0,0,0,0,0,0
TF,BELOP,30.613333,121.456667,0, ,0.0,0.0,0.0,0.0,3,8860,0,0,0,0,0,0
TF,D175K,30.941667,121.381667,0, ,0.0,0.0,0.0,0.0,2,3940,0,1,205,0,0,0

STAR,AND31A,18L,2
IF,AND,30.256667,121.221667, ,0.0,0.0,0,0,0,0,0,0,0,0
TF,DADAT,30.450000,121.246667,0, ,0.0,0.0,0.0,0.0,3,11490,0,0,0,0,0,0
TF,JTN35,30.550000,121.261667,0, ,0.0,0.0,0.0,0.0,3,8860,0,0,0,0,0,0
TF,AND28,30.711667,121.283333,0, ,0.0,0.0,0.0,0.0,0,0,0,0,0,0,0,0
TF,JTN,31.123333,121.341667,0, ,0.0,0.0,0.0,0.0,0,0,0,0,0,0,0,0
TF,CGT,31.210000,121.193333,0, ,0.0,0.0,0.0,0.0,2,4930,0,1,205,0,0,0

STAR,AND31A,18R,2
IF,AND,30.256667,121.221667, ,0.0,0.0,0,0,0,0,0,0,0,0
TF,DADAT,30.450000,121.246667,0, ,0.0,0.0,0.0,0.0,3,11490,0,0,0,0,0,0
TF,JTN35,30.550000,121.261667,0, ,0.0,0.0,0.0,0.0,3,8860,0,0,0,0,0,0
TF,AND28,30.711667,121.283333,0, ,0.0,0.0,0.0,0.0,0,0,0,0,0,0,0,0
TF,JTN,31.123333,121.341667,0, ,0.0,0.0,0.0,0.0,0,0,0,0,0,0,0,0
TF,CGT,31.210000,121.193333,0, ,0.0,0.0,0.0,0.0,2,4930,0,1,205,0,0,0

STAR,AND32A,18L,2
IF,AND,30.256667,121.221667, ,0.0,0.0,0,0,0,0,0,0,0,0
TF,IDNIK,30.433333,121.498333,0, ,0.0,0.0,0.0,0.0,3,14800,0,0,0,0,0,0
TF,D175V,30.765000,121.425000,0, ,0.0,0.0,0.0,0.0,3,8860,0,0,0,0,0,0
TF,JTN,31.123333,121.341667,0, ,0.0,0.0,0.0,0.0,0,0,0,0,0,0,0,0
TF,CGT,31.210000,121.193333,0, ,0.0,0.0,0.0,0.0,2,4930,0,1,205,0,0,0

STAR,AND32A,18R,2
IF,AND,30.256667,121.221667, ,0.0,0.0,0,0,0,0,0,0,0,0
TF,IDNIK,30.433333,121.498333,0, ,0.0,0.0,0.0,0.0,3,14800,0,0,0,0,0,0
TF,D175V,30.765000,121.425000,0, ,0.0,0.0,0.0,0.0,3,8860,0,0,0,0,0,0
TF,JTN,31.123333,121.341667,0, ,0.0,0.0,0.0,0.0,0,0,0,0,0,0,0,0
TF,CGT,31.210000,121.193333,0, ,0.0,0.0,0.0,0.0,2,4930,0,1,205,0,0,0

STAR,AND61A,18L,5
IF,AND,30.256667,121.221667, ,0.0,0.0,0,0,0,0,0,0,0,0
TF,DADAT,30.450000,121.246667,0, ,0.0,0.0,0.0,0.0,0,0,0,0,0,0,0,0
TF,SS207,30.711111,121.283056,0, ,0.0,0.0,0.0,0.0,0,0,0,0,0,0,0,0
TF,SS206,30.930278,121.313889,0, ,0.0,0.0,0.0,0.0,3,7880,0,0,0,0,0,0
TF,JTN,31.123333,121.341667,0, ,0.0,0.0,0.0,0.0,2,5910,0,0,0,0,0,0
TF,SS205,31.203611,121.227222,0, ,0.0,0.0,0.0,0.0,2,4930,0,0,0,0,0,0
TF,SS204,31.382222,121.217500,0, ,0.0,0.0,0.0,0.0,2,1970,0,1,210,0,0,0

STAR,AND61A,18R,5
IF,AND,30.256667,121.221667, ,0.0,0.0,0,0,0,0,0,0,0,0
TF,DADAT,30.450000,121.246667,0, ,0.0,0.0,0.0,0.0,0,0,0,0,0,0,0,0
TF,SS207,30.711111,121.283056,0, ,0.0,0.0,0.0,0.0,0,0,0,0,0,0,0,0
TF,SS206,30.930278,121.313889,0, ,0.0,0.0,0.0,0.0,3,7880,0,0,0,0,0,0
TF,JTN,31.123333,121.341667,0, ,0.0,0.0,0.0,0.0,2,5910,0,0,0,0,0,0
TF,SS205,31.203611,121.227222,0, ,0.0,0.0,0.0,0.0,2,4930,0,0,0,0,0,0
TF,SS204,31.382222,121.217500,0, ,0.0,0.0,0.0,0.0,2,1970,0,1,210,0,0,0

STAR,AND62A,18L,5
IF,AND,30.256667,121.221667, ,0.0,0.0,0,0,0,0,0,0,0,0
TF,SS213,30.368889,121.419167,0, ,0.0,0.0,0.0,0.0,0,0,0,0,0,0,0,0
TF,SS211,30.921944,121.361667,0, ,0.0,0.0,0.0,0.0,3,7880,0,0,0,0,0,0
TF,JTN,31.123333,121.341667,0, ,0.0,0.0,0.0,0.0,2,5910,0,0,0,0,0,0
TF,SS205,31.203611,121.227222,0, ,0.0,0.0,0.0,0.0,2,4930,0,0,0,0,0,0
TF,SS204,31.382222,121.217500,0, ,0.0,0.0,0.0,0.0,2,1970,0,1,210,0,0,0

STAR,AND62A,18R,5
IF,AND,30.256667,121.221667, ,0.0,0.0,0,0,0,0,0,0,0,0
TF,SS213,30.368889,121.419167,0, ,0.0,0.0,0.0,0.0,0,0,0,0,0,0,0,0
TF,SS211,30.921944,121.361667,0, ,0.0,0.0,0.0,0.0,3,7880,0,0,0,0,0,0
TF,JTN,31.123333,121.341667,0, ,0.0,0.0,0.0,0.0,2,5910,0,0,0,0,0,0
TF,SS205,31.203611,121.227222,0, ,0.0,0.0,0.0,0.0,2,4930,0,0,0,0,0,0
TF,SS204,31.382222,121.217500,0, ,0.0,0.0,0.0,0.0,2,1970,0,1,210,0,0,0

STAR,AND71A,36L,5
IF,AND,30.256667,121.221667, ,0.0,0.0,0,0,0,0,0,0,0,0
TF,DADAT,30.450000,121.246667,0, ,0.0,0.0,0.0,0.0,0,0,0,0,0,0,0,0
TF,SS207,30.711111,121.283056,0, ,0.0,0.0,0.0,0.0,3,8860,0,0,0,0,0,0
TF,SS407,30.850000,121.302500,0, ,0.0,0.0,0.0,0.0,0,0,0,0,0,0,0,0
TF,SF2,30.969167,121.348611,0, ,0.0,0.0,0.0,0.0,2,1970,0,1,210,0,0,0

STAR,AND71A,36R,5
IF,AND,30.256667,121.221667, ,0.0,0.0,0,0,0,0,0,0,0,0
TF,DADAT,30.450000,121.246667,0, ,0.0,0.0,0.0,0.0,0,0,0,0,0,0,0,0
TF,SS207,30.711111,121.283056,0, ,0.0,0.0,0.0,0.0,3,8860,0,0,0,0,0,0
TF,SS407,30.850000,121.302500,0, ,0.0,0.0,0.0,0.0,0,0,0,0,0,0,0,0
TF,SF2,30.969167,121.348611,0, ,0.0,0.0,0.0,0.0,2,1970,0,1,210,0,0,0

STAR,AND72A,36L,5
IF,AND,30.256667,121.221667, ,0.0,0.0,0,0,0,0,0,0,0,0
TF,SS213,30.368889,121.419167,0, ,0.0,0.0,0.0,0.0,0,0,0,0,0,0,0,0
TF,SS409,30.852778,121.368889,0, ,0.0,0.0,0.0,0.0,0,0,0,0,0,0,0,0
TF,SF2,30.969167,121.348611,0, ,0.0,0.0,0.0,0.0,2,1970,0,1,210,0,0,0

STAR,AND72A,36R,5
IF,AND,30.256667,121.221667, ,0.0,0.0,0,0,0,0,0,0,0,0
TF,SS213,30.368889,121.419167,0, ,0.0,0.0,0.0,0.0,0,0,0,0,0,0,0,0
TF,SS409,30.852778,121.368889,0, ,0.0,0.0,0.0,0.0,0,0,0,0,0,0,0,0
TF,SF2,30.969167,121.348611,0, ,0.0,0.0,0.0,0.0,2,1970,0,1,210,0,0,0

STAR,PUD21A,36L,2
IF,PUD,31.171667,121.783333, ,0.0,0.0,0,0,0,0,0,0,0,0
TF,D100O,31.191453,121.484025,0, ,0.0,0.0,0.0,0.0,2,5910,0,0,0,0,0,0
TF,D100B,31.207808,121.228222,0, ,0.0,0.0,0.0,0.0,0,0,0,0,0,0,0,0
TF,CGT,31.210000,121.193333,0, ,0.0,0.0,0.0,0.0,2,4930,0,1,205,0,0,0

STAR,PUD21A,36R,2
IF,PUD,31.171667,121.783333, ,0.0,0.0,0,0,0,0,0,0,0,0
TF,D100O,31.191453,121.484025,0, ,0.0,0.0,0.0,0.0,2,5910,0,0,0,0,0,0
TF,D100B,31.207808,121.228222,0, ,0.0,0.0,0.0,0.0,0,0,0,0,0,0,0,0
TF,CGT,31.210000,121.193333,0, ,0.0,0.0,0.0,0.0,2,4930,0,1,205,0,0,0

STAR,PUD31A,18L,2
IF,PUD,31.171667,121.783333, ,0.0,0.0,0,0,0,0,0,0,0,0
TF,D100Q,31.188425,121.530525,0, ,0.0,0.0,0.0,0.0,2,5910,0,0,0,0,0,0
TF,D100N,31.192961,121.460775,0, ,0.0,0.0,0.0,0.0,2,4930,0,0,0,0,0,0
TF,D100A,31.208294,121.220469,0, ,0.0,0.0,0.0,0.0,0,0,0,0,0,0,0,0
TF,CGT,31.210000,121.193333,0, ,0.0,0.0,0.0,0.0,2,4930,0,1,205,0,0,0

STAR,PUD31A,18R,2
IF,PUD,31.171667,121.783333, ,0.0,0.0,0,0,0,0,0,0,0,0
TF,D100Q,31.188425,121.530525,0, ,0.0,0.0,0.0,0.0,2,5910,0,0,0,0,0,0
TF,D100N,31.192961,121.460775,0, ,0.0,0.0,0.0,0.0,2,4930,0,0,0,0,0,0
TF,D100A,31.208294,121.220469,0, ,0.0,0.0,0.0,0.0,0,0,0,0,0,0,0,0
TF,CGT,31.210000,121.193333,0, ,0.0,0.0,0.0,0.0,2,4930,0,1,205,0,0,0

STAR,PUD61A,18L,5
IF,PUD,31.171667,121.783333, ,0.0,0.0,0,0,0,0,0,0,0,0
TF,JTN,31.123333,121.341667,0, ,0.0,0.0,0.0,0.0,2,5910,0,0,0,0,0,0
TF,SS205,31.203611,121.227222,0, ,0.0,0.0,0.0,0.0,2,4930,0,0,0,0,0,0
TF,SS204,31.382222,121.217500,0, ,0.0,0.0,0.0,0.0,2,1970,0,1,210,0,0,0

STAR,PUD61A,18R,5
IF,PUD,31.171667,121.783333, ,0.0,0.0,0,0,0,0,0,0,0,0
TF,JTN,31.123333,121.341667,0, ,0.0,0.0,0.0,0.0,2,5910,0,0,0,0,0,0
TF,SS205,31.203611,121.227222,0, ,0.0,0.0,0.0,0.0,2,4930,0,0,0,0,0,0
TF,SS204,31.382222,121.217500,0, ,0.0,0.0,0.0,0.0,2,1970,0,1,210,0,0,0

STAR,PUD71A,36L,5
IF,PUD,31.171667,121.783333, ,0.0,0.0,0,0,0,0,0,0,0,0
TF,SS205,31.203611,121.227222,0, ,0.0,0.0,0.0,0.0,2,5910,0,0,0,0,0,0
TF,SS405,31.011389,121.237778,1, ,0.0,0.0,0.0,0.0,2,1970,0,1,210,0,0,0

STAR,PUD71A,36R,5
IF,PUD,31.171667,121.783333, ,0.0,0.0,0,0,0,0,0,0,0,0
TF,SS205,31.203611,121.227222,0, ,0.0,0.0,0.0,0.0,2,5910,0,0,0,0,0,0
TF,SS405,31.011389,121.237778,1, ,0.0,0.0,0.0,0.0,2,1970,0,1,210,0,0,0

STAR,PUD72A,36L,5
IF,PUD,31.171667,121.783333, ,0.0,0.0,0,0,0,0,0,0,0,0
TF,SS403,31.191111,121.441667,0, ,0.0,0.0,0.0,0.0,2,5910,0,0,0,0,0,0
TF,SS402,31.020000,121.450833,1, ,0.0,0.0,0.0,0.0,0,0,0,0,0,0,0,0
TF,SS401,30.973333,121.453333,0, ,0.0,0.0,0.0,0.0,0,0,0,0,0,0,0,0
TF,SF2,30.969167,121.348611,0, ,0.0,0.0,0.0,0.0,2,1970,0,1,210,0,0,0

STAR,PUD72A,36R,5
IF,PUD,31.171667,121.783333, ,0.0,0.0,0,0,0,0,0,0,0,0
TF,SS403,31.191111,121.441667,0, ,0.0,0.0,0.0,0.0,2,5910,0,0,0,0,0,0
TF,SS402,31.020000,121.450833,1, ,0.0,0.0,0.0,0.0,0,0,0,0,0,0,0,0
TF,SS401,30.973333,121.453333,0, ,0.0,0.0,0.0,0.0,0,0,0,0,0,0,0,0
TF,SF2,30.969167,121.348611,0, ,0.0,0.0,0.0,0.0,2,1970,0,1,210,0,0,0

STAR,SAS21A,36L,2
IF,SASAN,31.589444,120.319444, ,0.0,0.0,0,0,0,0,0,0,0,0
TF,D304W,31.400000,120.950000,0, ,0.0,0.0,0.0,0.0,2,4930,0,0,0,0,0,0
TF,EKIMU,31.351667,121.110000,0, ,0.0,0.0,0.0,0.0,0,0,0,0,0,0,0,0
TF,CGT,31.210000,121.193333,0, ,0.0,0.0,0.0,0.0,2,4930,0,1,205,0,0,0

STAR,SAS21A,36R,2
IF,SASAN,31.589444,120.319444, ,0.0,0.0,0,0,0,0,0,0,0,0
TF,D304W,31.400000,120.950000,0, ,0.0,0.0,0.0,0.0,2,4930,0,0,0,0,0,0
TF,EKIMU,31.351667,121.110000,0, ,0.0,0.0,0.0,0.0,0,0,0,0,0,0,0,0
TF,CGT,31.210000,121.193333,0, ,0.0,0.0,0.0,0.0,2,4930,0,1,205,0,0,0

STAR,SAS31A,18L,2
IF,SASAN,31.589444,120.319444, ,0.0,0.0,0,0,0,0,0,0,0,0
TF,D304W,31.400000,120.950000,0, ,0.0,0.0,0.0,0.0,2,4930,0,0,0,0,0,0
TF,EKIMU,31.351667,121.110000,0, ,0.0,0.0,0.0,0.0,2,3940,0,1,205,0,0,0

STAR,SAS31A,18R,2
IF,SASAN,31.589444,120.319444, ,0.0,0.0,0,0,0,0,0,0,0,0
TF,D304W,31.400000,120.950000,0, ,0.0,0.0,0.0,0.0,2,4930,0,0,0,0,0,0
TF,EKIMU,31.351667,121.110000,0, ,0.0,0.0,0.0,0.0,2,3940,0,1,205,0,0,0

STAR,SAS61A,18L,5
IF,SASAN,31.589444,120.319444, ,0.0,0.0,3,16400,0,0,0,0,0,0
TF,SS420,31.400278,120.950278,0, ,0.0,0.0,0.0,0.0,3,7880,0,0,0,0,0,0
TF,SS204,31.382222,121.217500,0, ,0.0,0.0,0.0,0.0,2,1970,0,1,210,0,0,0

STAR,SAS61A,18R,5
IF,SASAN,31.589444,120.319444, ,0.0,0.0,3,16400,0,0,0,0,0,0
TF,SS420,31.400278,120.950278,0, ,0.0,0.0,0.0,0.0,3,7880,0,0,0,0,0,0
TF,SS204,31.382222,121.217500,0, ,0.0,0.0,0.0,0.0,2,1970,0,1,210,0,0,0

STAR,SAS62A,18L,5
IF,SASAN,31.589444,120.319444, ,0.0,0.0,3,16400,0,0,0,0,0,0
TF,SS420,31.400278,120.950278,0, ,0.0,0.0,0.0,0.0,3,7880,0,0,0,0,0,0
TF,POMOK,31.450000,121.116667,0, ,0.0,0.0,0.0,0.0,0,0,0,0,0,0,0,0
TF,SS201,31.450000,121.213333,0, ,0.0,0.0,0.0,0.0,2,1970,0,1,210,0,0,0

STAR,SAS62A,18R,5
IF,SASAN,31.589444,120.319444, ,0.0,0.0,3,16400,0,0,0,0,0,0
TF,SS420,31.400278,120.950278,0, ,0.0,0.0,0.0,0.0,3,7880,0,0,0,0,0,0
TF,POMOK,31.450000,121.116667,0, ,0.0,0.0,0.0,0.0,0,0,0,0,0,0,0,0
TF,SS201,31.450000,121.213333,0, ,0.0,0.0,0.0,0.0,2,1970,0,1,210,0,0,0

STAR,SAS71A,36L,5
IF,SASAN,31.589444,120.319444, ,0.0,0.0,3,16400,0,0,0,0,0,0
TF,SS420,31.400278,120.950278,0, ,0.0,0.0,0.0,0.0,3,8860,0,0,0,0,0,0
TF,EKIMU,31.351667,121.110000,0, ,0.0,0.0,0.0,0.0,0,0,0,0,0,0,0,0
TF,SS406,31.317222,121.220833,0, ,0.0,0.0,0.0,0.0,0,0,0,0,0,0,0,0
TF,SS205,31.203611,121.227222,0, ,0.0,0.0,0.0,0.0,2,5910,0,0,0,0,0,0
TF,SS405,31.011389,121.237778,0, ,0.0,0.0,0.0,0.0,2,1970,0,1,210,0,0,0

STAR,SAS71A,36R,5
IF,SASAN,31.589444,120.319444, ,0.0,0.0,3,16400,0,0,0,0,0,0
TF,SS420,31.400278,120.950278,0, ,0.0,0.0,0.0,0.0,3,8860,0,0,0,0,0,0
TF,EKIMU,31.351667,121.110000,0, ,0.0,0.0,0.0,0.0,0,0,0,0,0,0,0,0
TF,SS406,31.317222,121.220833,0, ,0.0,0.0,0.0,0.0,0,0,0,0,0,0,0,0
TF,SS205,31.203611,121.227222,0, ,0.0,0.0,0.0,0.0,2,5910,0,0,0,0,0,0
TF,SS405,31.011389,121.237778,0, ,0.0,0.0,0.0,0.0,2,1970,0,1,210,0,0,0

STAR,SUP21A,36L,2
IF,SUPAR,30.023056,120.858056, ,0.0,0.0,0,0,0,0,0,0,0,0
TF,D206K,30.950000,121.265000,0, ,0.0,0.0,0.0,0.0,2,2960,0,1,205,0,0,0

STAR,SUP21A,36R,2
IF,SUPAR,30.023056,120.858056, ,0.0,0.0,0,0,0,0,0,0,0,0
TF,D206K,30.950000,121.265000,0, ,0.0,0.0,0.0,0.0,2,2960,0,1,205,0,0,0

STAR,SUP31A,18L,2
IF,SUPAR,30.023056,120.858056, ,0.0,0.0,0,0,0,0,0,0,0,0
TF,JTN,31.123333,121.341667,0, ,0.0,0.0,0.0,0.0,0,0,0,0,0,0,0,0
TF,CGT,31.210000,121.193333,0, ,0.0,0.0,0.0,0.0,2,4930,0,1,205,0,0,0

STAR,SUP31A,18R,2
IF,SUPAR,30.023056,120.858056, ,0.0,0.0,0,0,0,0,0,0,0,0
TF,JTN,31.123333,121.341667,0, ,0.0,0.0,0.0,0.0,0,0,0,0,0,0,0,0
TF,CGT,31.210000,121.193333,0, ,0.0,0.0,0.0,0.0,2,4930,0,1,205,0,0,0

STAR,SUP61A,18L,5
IF,SUPAR,30.023056,120.858056, ,0.0,0.0,0,0,0,0,0,0,0,0
TF,SS210,30.449722,121.044167,0, ,0.0,0.0,0.0,0.0,0,0,0,0,0,0,0,0
TF,SS208,30.846667,121.218611,0, ,0.0,0.0,0.0,0.0,0,0,0,0,0,0,0,0
TF,SS206,30.930278,121.313889,0, ,0.0,0.0,0.0,0.0,3,7880,0,0,0,0,0,0
TF,JTN,31.123333,121.341667,0, ,0.0,0.0,0.0,0.0,2,5910,0,0,0,0,0,0
TF,SS205,31.203611,121.227222,0, ,0.0,0.0,0.0,0.0,2,4930,0,0,0,0,0,0
TF,SS204,31.382222,121.217500,0, ,0.0,0.0,0.0,0.0,2,1970,0,1,210,0,0,0

STAR,SUP61A,18R,5
IF,SUPAR,30.023056,120.858056, ,0.0,0.0,0,0,0,0,0,0,0,0
TF,SS210,30.449722,121.044167,0, ,0.0,0.0,0.0,0.0,0,0,0,0,0,0,0,0
TF,SS208,30.846667,121.218611,0, ,0.0,0.0,0.0,0.0,0,0,0,0,0,0,0,0
TF,SS206,30.930278,121.313889,0, ,0.0,0.0,0.0,0.0,3,7880,0,0,0,0,0,0
TF,JTN,31.123333,121.341667,0, ,0.0,0.0,0.0,0.0,2,5910,0,0,0,0,0,0
TF,SS205,31.203611,121.227222,0, ,0.0,0.0,0.0,0.0,2,4930,0,0,0,0,0,0
TF,SS204,31.382222,121.217500,0, ,0.0,0.0,0.0,0.0,2,1970,0,1,210,0,0,0

STAR,SUP71A,36L,5
IF,SUPAR,30.023056,120.858056, ,0.0,0.0,0,0,0,0,0,0,0,0
TF,SS210,30.449722,121.044167,0, ,0.0,0.0,0.0,0.0,0,0,0,0,0,0,0,0
TF,SS208,30.846667,121.218611,0, ,0.0,0.0,0.0,0.0,0,0,0,0,0,0,0,0
TF,SF2,30.969167,121.348611,0, ,0.0,0.0,0.0,0.0,2,1970,0,1,210,0,0,0

STAR,SUP71A,36R,5
IF,SUPAR,30.023056,120.858056, ,0.0,0.0,0,0,0,0,0,0,0,0
TF,SS210,30.449722,121.044167,0, ,0.0,0.0,0.0,0.0,0,0,0,0,0,0,0,0
TF,SS208,30.846667,121.218611,0, ,0.0,0.0,0.0,0.0,0,0,0,0,0,0,0,0
TF,SF2,30.969167,121.348611,0, ,0.0,0.0,0.0,0.0,2,1970,0,1,210,0,0,0

APPTR,D18L,18L,CGT
IF,CGT,31.210000,121.193333, ,0.0,0.0,2,4930,0,1,205,0,1,0
FD,CGT,31.210000,121.193333,0,CGT,0.0,8.0,3.0,8.0,0,0,0,0,0,0,0,0
CF,D353J,31.378122,121.292803,0,SHA,353.0,9.6,87.0,6.0,0,0,0,0,0,0,0,1
CF,CD18L,31.353661,121.326797,2,SHA,3.0,7.9,183.0,2.0,2,1810,0,0,0,0,1,0

APPTR,D18L,18L,EKIMU
IF,EKIMU,31.351667,121.110000, ,0.0,0.0,2,3940,0,1,205,0,1,0
CF,D353J,31.378122,121.292803,0,SHA,353.0,9.6,87.0,9.5,0,0,0,0,0,0,0,1
CF,CD18L,31.353661,121.326797,2,SHA,3.0,7.9,183.0,2.0,2,1810,0,0,0,0,1,0

FINAL,D18L,18L,D,4
IF,CD18L,31.353661,121.326797,SHA,3.0,7.9,2,1810,0,0,0,0,0,0
CF,FD18L,31.303619,121.329858,0,SHA,3.0,4.9,183.0,3.0,2,1810,0,0,0,0,2,0
CF,11VOR,31.240231,121.333728,0,SHA,3.0,1.1,183.0,3.8,2,600,0,0,0,0,0,0
CF,MD18L,31.228556,121.334439,0,SHA,3.0,0.4,183.0,0.7,1,366,0,0,0,0,3,0
FA,MD18L,31.228556,121.334439,0,SHA,0.0,0.0,183.0,2,1320,0,0,0,0,0,0
DF,CGT,31.210000,121.193333,2, ,0.0,0.0,1,2960,0,1,205,0,0,0

APPTR,D36L,36L,CGT
IF,CGT,31.210000,121.193333, ,0.0,0.0,2,4930,0,1,205,0,1,0
FD,CGT,31.210000,121.193333,0,CGT,0.0,10.3,183.0,10.3,0,0,0,0,0,0,0,0
CF,D202G,31.017350,121.306381,0,JTN,202.0,6.6,93.0,6.0,0,0,0,0,0,0,0,1
CF,CD36L,31.039806,121.334847,0,SHA,186.0,10.9,6.0,2.0,2,1970,0,0,0,0,1,0

APPTR,D36L,36L,D175K
IF,D175K,30.941667,121.381667, ,0.0,0.0,2,3940,0,1,205,0,1,0
TF,CD36L,31.039806,121.334847,0, ,0.0,0.0,0.0,0.0,2,1970,0,0,0,0,1,0

APPTR,D36L,36L,D192N
IF,D192N,30.883333,121.311667, ,0.0,0.0,2,4930,0,1,205,0,1,0
TF,CD36L,31.039806,121.334847,0, ,0.0,0.0,0.0,0.0,2,1970,0,0,0,0,1,0

APPTR,D36L,36L,D206K
IF,D206K,30.950000,121.265000, ,0.0,0.0,2,2960,0,1,205,0,1,0
TF,CD36L,31.039806,121.334847,0, ,0.0,0.0,0.0,0.0,2,1970,0,0,0,0,1,0

FINAL,D36L,36L,D,4
IF,CD36L,31.039806,121.334847,SHA,186.0,10.9,2,1970,0,0,0,0,0,0
CF,FD36L,31.094931,121.334847,0,SHA,186.0,7.6,6.0,3.3,2,1810,0,0,0,0,2,0
CF,38VOR,31.158406,121.334847,0,SHA,186.0,3.8,6.0,3.8,2,600,0,0,0,0,0,0
CF,MD36L,31.163417,121.334847,0,SHA,186.0,3.5,6.0,0.3,1,490,0,0,0,0,3,0
CF,SHA,31.221883,121.334847,0,SHA,0.0,0.0,6.0,3.5,0,0,0,0,0,0,0,0
FA,SHA,31.221883,121.334847,0,SHA,0.0,0.0,6.0,2,1320,0,0,0,0,0,0
DF,CGT,31.210000,121.193333,1, ,0.0,0.0,1,2960,0,1,205,0,0,0

APPTR,D36R,36R,CGT
IF,CGT,31.210000,121.193333, ,0.0,0.0,2,4930,0,1,205,0,1,0
FD,CGT,31.210000,121.193333,0,CGT,0.0,10.3,183.0,10.3,0,0,0,0,0,0,0,0
CF,D197G,31.016747,121.317611,0,JTN,197.0,6.5,93.0,6.0,0,0,0,0,0,0,0,1
CF,CD36R,31.040056,121.345914,0,SHA,183.0,10.9,3.0,2.0,2,1970,0,0,0,0,1,0

APPTR,D36R,36R,D175K
IF,D175K,30.941667,121.381667, ,0.0,0.0,2,3940,0,1,205,0,1,0
TF,CD36R,31.040056,121.345914,0, ,0.0,0.0,0.0,0.0,2,1970,0,0,0,0,1,0

APPTR,D36R,36R,D192N
IF,D192N,30.883333,121.311667, ,0.0,0.0,2,4930,0,1,205,0,1,0
TF,CD36R,31.040056,121.345914,0, ,0.0,0.0,0.0,0.0,2,1970,0,0,0,0,1,0

APPTR,D36R,36R,D206K
IF,D206K,30.950000,121.265000, ,0.0,0.0,2,2960,0,1,205,0,1,0
TF,CD36R,31.040056,121.345914,0, ,0.0,0.0,0.0,0.0,2,1970,0,0,0,0,1,0

FINAL,D36R,36R,D,4
IF,CD36R,31.040056,121.345914,SHA,183.0,10.9,2,1970,0,0,0,0,0,0
CF,FD36R,31.091769,121.342769,0,SHA,183.0,7.8,3.0,3.1,2,1810,0,0,0,0,2,0
CF,40VOR,31.155158,121.338911,0,SHA,183.0,4.0,3.0,3.8,2,600,0,0,0,0,0,0
CF,MD36R,31.166833,121.338200,0,SHA,183.0,3.3,3.0,0.7,1,376,0,0,0,0,3,0
CF,SHA,31.221883,121.334847,0,SHA,0.0,0.0,3.0,3.3,0,0,0,0,0,0,0,0
FA,SHA,31.221883,121.334847,0,SHA,0.0,0.0,3.0,2,1320,0,0,0,0,0,0
DF,CGT,31.210000,121.193333,1, ,0.0,0.0,1,2960,0,1,205,0,0,0

APPTR,I18LY,18L,CGT
IF,CGT,31.210000,121.193333, ,0.0,0.0,2,4930,0,1,205,0,1,0
FD,CGT,31.210000,121.193333,0,CGT,0.0,8.0,3.0,8.0,0,0,0,0,0,0,0,0
CF,D353J,31.378122,121.292803,0,SHA,353.0,9.6,87.0,6.0,0,0,0,0,0,0,0,1
CF,CI1LY,31.354725,121.327708,2,IPK,3.3,10.5,183.0,2.0,2,1810,0,0,0,0,1,0

APPTR,I18LY,18L,EKIMU
IF,EKIMU,31.351667,121.110000, ,0.0,0.0,2,3940,0,1,205,0,1,0
CF,D353J,31.378122,121.292803,0,SHA,353.0,9.6,87.0,9.5,0,0,0,0,0,0,0,1
CF,CI1LY,31.354725,121.327708,2,IPK,3.3,10.5,183.0,2.0,2,1810,0,0,0,0,1,0

FINAL,I18LY,18L,I,3
IF,CI1LY,31.354725,121.327708,IPK,3.3,10.5,2,1810,0,0,0,0,0,0
CF,FF18L,31.304669,121.330450,0,IPK,3.3,7.5,183.0,3.0,1,1810,0,0,0,0,2,0
CF,RW18L,31.212303,121.335503,0,IPK,3.3,1.9,183.0,5.5,1,55,0,0,0,0,3,0
FA,RW18L,31.212303,121.335503,0,SHA,0.0,0.0,183.0,2,990,0,0,0,0,0,0
DF,CGT,31.210000,121.193333,2, ,0.0,0.0,1,2960,0,1,205,0,0,0

APPTR,I18LZ,18L,SS201
IF,SS201,31.450000,121.213333, ,0.0,0.0,2,1970,0,1,210,0,1,0
TF,SF1,31.450000,121.322500,0, ,0.0,0.0,0.0,0.0,0,0,0,0,0,0,0,0
TF,SS013,31.382778,121.326389,0,IPK,0.0,0.0,0.0,0.0,2,1810,0,1,180,0,1,0

APPTR,I18LZ,18L,SS204
IF,SS204,31.382222,121.217500, ,0.0,0.0,2,1970,0,1,210,0,1,0
TF,SS013,31.382778,121.326389,0,IPK,0.0,0.0,0.0,0.0,2,1810,0,1,180,0,1,0

FINAL,I18LZ,18L,I,3
IF,SS013,31.382778,121.326389,IPK,3.4,12.2,2,1810,0,1,180,0,0,0
CF,FF18L,31.304669,121.330450,0,IPK,3.3,7.5,183.0,4.7,1,1810,0,1,160,0,2,0
CF,RW18L,31.212303,121.335503,0,IPK,3.3,1.9,183.0,5.5,1,55,0,0,0,0,3,0
FA,RW18L,31.212303,121.335503,0,SHA,0.0,0.0,183.0,2,990,0,0,0,0,0,0
DF,SS205,31.203611,121.227222,2, ,0.0,0.0,1,2960,0,1,210,0,0,0

APPTR,I18RY,18R,CGT
IF,CGT,31.210000,121.193333, ,0.0,0.0,2,4930,0,1,205,0,1,0
FD,CGT,31.210000,121.193333,0,CGT,0.0,8.0,3.0,8.0,0,0,0,0,0,0,0,0
CF,D353J,31.378122,121.292803,0,SHA,353.0,9.6,87.0,6.0,0,0,0,0,0,0,0,1
CF,CI1RY,31.352717,121.323978,2,IHQ,3.3,10.3,183.0,2.0,2,1810,0,0,0,0,1,0

APPTR,I18RY,18R,EKIMU
IF,EKIMU,31.351667,121.110000, ,0.0,0.0,2,3940,0,1,205,0,1,0
CF,D353J,31.378122,121.292803,0,SHA,353.0,9.6,87.0,9.5,0,0,0,0,0,0,0,1
CF,CI1RY,31.352717,121.323978,2,IHQ,3.3,10.3,183.0,2.0,2,1810,0,0,0,0,1,0

FINAL,I18RY,18R,I,3
IF,CI1RY,31.352717,121.323978,IHQ,3.3,10.3,2,1810,0,0,0,0,0,0
CF,FF18R,31.300992,121.326814,0,IHQ,3.3,7.2,183.0,3.1,1,1810,0,0,0,0,2,0
CF,RW18R,31.210361,121.331772,0,IHQ,3.3,1.8,183.0,5.4,1,58,0,0,0,0,3,0
FA,RW18R,31.210361,121.331772,0,SHA,0.0,0.0,183.0,2,990,0,0,0,0,0,0
DF,CGT,31.210000,121.193333,2, ,0.0,0.0,1,2960,0,1,205,0,0,0

APPTR,I18RZ,18R,SS201
IF,SS201,31.450000,121.213333, ,0.0,0.0,2,1970,0,1,210,0,1,0
TF,SF1,31.450000,121.322500,0, ,0.0,0.0,0.0,0.0,0,0,0,0,0,0,0,0
TF,SS033,31.382222,121.322500,0,IHQ,0.0,0.0,0.0,0.0,2,1810,0,1,180,0,1,0

APPTR,I18RZ,18R,SS204
IF,SS204,31.382222,121.217500, ,0.0,0.0,2,1970,0,1,210,0,1,0
TF,SS033,31.382222,121.322500,0,IHQ,0.0,0.0,0.0,0.0,2,1810,0,1,180,0,1,0

FINAL,I18RZ,18R,I,3
IF,SS033,31.382222,121.322500,IHQ,3.3,12.1,2,1810,0,1,180,0,0,0
CF,FF18R,31.300992,121.326814,0,IHQ,3.3,7.2,183.0,4.9,1,1810,0,1,160,0,2,0
CF,RW18R,31.210361,121.331772,0,IHQ,3.3,1.8,183.0,5.4,1,58,0,0,0,0,3,0
FA,RW18R,31.210361,121.331772,0,SHA,0.0,0.0,183.0,2,990,0,0,0,0,0,0
DF,SS205,31.203611,121.227222,2, ,0.0,0.0,1,2960,0,1,210,0,0,0

APPTR,I36LY,36L,CGT
IF,CGT,31.210000,121.193333, ,0.0,0.0,2,4930,0,1,205,0,1,0
FD,CGT,31.210000,121.193333,0,CGT,0.0,10.3,183.0,10.3,0,0,0,0,0,0,0,0
CF,D198G,31.017125,121.315453,0,JTN,198.0,6.5,93.0,6.0,0,0,0,0,0,0,0,1
CF,CI3LY,31.045347,121.340781,0,ISH,183.3,10.2,3.0,2.0,2,1970,0,0,0,0,1,0

APPTR,I36LY,36L,D175K
IF,D175K,30.941667,121.381667, ,0.0,0.0,2,3940,0,1,205,0,1,0
CF,CI3LY,31.045347,121.340781,0,ISH,183.3,10.2,347.0,6.6,2,1970,0,0,0,0,1,0

APPTR,I36LY,36L,D192N
IF,D192N,30.883333,121.311667, ,0.0,0.0,2,4930,0,1,205,0,1,0
FC,D192N,30.883333,121.311667,0,SHA,0.0,0.0,17.0,5.8,0,0,0,0,0,0,0,0
CF,CI3LY,31.045347,121.340781,0,ISH,183.3,10.2,17.0,4.0,2,1970,0,0,0,0,1,0

APPTR,I36LY,36L,D206K
IF,D206K,30.950000,121.265000, ,0.0,0.0,2,2960,0,1,205,0,1,0
CF,CI3LY,31.045347,121.340781,0,ISH,183.3,10.2,45.0,6.9,2,1970,0,0,0,0,1,0

FINAL,I36LY,36L,I,3
IF,CI3LY,31.045347,121.340781,ISH,183.3,10.2,2,1970,0,0,0,0,0,0
CF,FF36L,31.095403,121.338044,0,ISH,183.3,7.2,3.0,3.0,1,1810,0,0,0,0,2,0
CF,RW36L,31.186019,121.333089,0,ISH,183.3,1.8,3.0,5.4,1,58,0,0,0,0,3,0
FA,RW36L,31.186019,121.333089,0,SHA,0.0,0.0,3.0,2,990,0,0,0,0,0,0
DF,CGT,31.210000,121.193333,1, ,0.0,0.0,1,2960,0,1,205,0,0,0

APPTR,I36LZ,36L,SF2
IF,SF2,30.969167,121.348611, ,0.0,0.0,2,1970,0,1,210,0,1,0
TF,SS043,31.015833,121.342222,0,ISH,0.0,0.0,0.0,0.0,2,1970,0,1,180,0,1,0

APPTR,I36LZ,36L,SS405
IF,SS405,31.011389,121.237778, ,0.0,0.0,2,1970,0,1,210,0,1,0
TF,SS043,31.015833,121.342222,0,ISH,0.0,0.0,0.0,0.0,2,1970,0,1,180,0,1,0

FINAL,I36LZ,36L,I,3
IF,SS043,31.015833,121.342222,ISH,183.4,12.0,2,1970,0,1,180,0,0,0
CF,FF36L,31.095403,121.338044,0,ISH,183.3,7.2,3.0,4.8,1,1810,0,1,160,0,2,0
CF,RW36L,31.186019,121.333089,0,ISH,183.3,1.8,3.0,5.4,1,58,0,0,0,0,3,0
FA,RW36L,31.186019,121.333089,0,SHA,0.0,0.0,3.0,2,990,0,0,0,0,0,0
DF,SS205,31.203611,121.227222,1, ,0.0,0.0,1,2960,0,1,210,0,0,0

APPTR,I36RY,36R,CGT
IF,CGT,31.210000,121.193333, ,0.0,0.0,2,4930,0,1,205,0,1,0
FD,CGT,31.210000,121.193333,0,CGT,0.0,10.3,183.0,10.3,0,0,0,0,0,0,0,0
CF,D197G,31.016747,121.317611,0,JTN,197.0,6.5,93.0,6.0,0,0,0,0,0,0,0,1
CF,CI3RY,31.041100,121.344825,0,IWB,183.3,10.5,3.0,2.0,2,1970,0,0,0,0,1,0

APPTR,I36RY,36R,D175K
IF,D175K,30.941667,121.381667, ,0.0,0.0,2,3940,0,1,205,0,1,0
CF,CI3RY,31.041100,121.344825,0,IWB,183.3,10.5,349.0,6.3,2,1970,0,0,0,0,1,0

APPTR,I36RY,36R,D192N
IF,D192N,30.883333,121.311667, ,0.0,0.0,2,4930,0,1,205,0,1,0
FC,D192N,30.883333,121.311667,0,SHA,0.0,0.0,18.0,5.6,0,0,0,0,0,0,0,0
CF,CI3RY,31.041100,121.344825,0,IWB,183.3,10.5,18.0,4.0,2,1970,0,0,0,0,1,0

APPTR,I36RY,36R,D206K
IF,D206K,30.950000,121.265000, ,0.0,0.0,2,2960,0,1,205,0,1,0
CF,CI3RY,31.041100,121.344825,0,IWB,183.3,10.5,46.0,6.8,2,1970,0,0,0,0,1,0

FINAL,I36RY,36R,I,3
IF,CI3RY,31.041100,121.344825,IWB,183.3,10.5,2,1970,0,0,0,0,0,0
CF,FF36R,31.092825,121.342006,0,IWB,183.3,7.4,3.0,3.1,1,1810,0,0,0,0,2,0
CF,RW36R,31.183472,121.337061,0,IWB,183.3,1.9,3.0,5.4,1,58,0,0,0,0,3,0
FA,RW36R,31.183472,121.337061,0,SHA,0.0,0.0,3.0,2,990,0,0,0,0,0,0
DF,CGT,31.210000,121.193333,1, ,0.0,0.0,1,2960,0,1,205,0,0,0

APPTR,I36RZ,36R,SF2
IF,SF2,30.969167,121.348611, ,0.0,0.0,2,1970,0,1,210,0,1,0
TF,SS023,31.015833,121.346111,0,IWB,0.0,0.0,0.0,0.0,2,1970,0,1,180,0,1,0

APPTR,I36RZ,36R,SS405
IF,SS405,31.011389,121.237778, ,0.0,0.0,2,1970,0,1,210,0,1,0
TF,SS023,31.015833,121.346111,0,IWB,0.0,0.0,0.0,0.0,2,1970,0,1,180,0,1,0

FINAL,I36RZ,36R,I,3
IF,SS023,31.015833,121.346111,IWB,183.3,12.0,2,1970,0,1,180,0,0,0
CF,FF36R,31.092825,121.342006,0,IWB,183.3,7.4,3.0,4.6,1,1810,0,1,160,0,2,0
CF,RW36R,31.183472,121.337061,0,IWB,183.3,1.9,3.0,5.4,1,58,0,0,0,0,3,0
FA,RW36R,31.183472,121.337061,0,SHA,0.0,0.0,3.0,2,990,0,0,0,0,0,0
DF,SS205,31.203611,121.227222,1, ,0.0,0.0,1,2960,0,1,210,0,0,0

