SID,P3701D,06,2
CA,0,56.0,2,1970,0,0,0,0,0,0
DF,WHX,31.090278,118.647444,2, ,0.0,0.0,2,2960,0,1,230,0,0,0
TF,WA302,30.682083,118.416039,0, ,0.0,0.0,0.0,0.0,2,3940,0,0,0,0,0,0
TF,P566,30.559444,118.346944,0, ,0.0,0.0,0.0,0.0,2,5910,0,0,0,0,0,0
TF,JHS,30.726667,117.708333,0, ,0.0,0.0,0.0,0.0,2,6900,0,0,0,0,0,0
TF,WA301,30.903044,117.561542,0, ,0.0,0.0,0.0,0.0,2,6900,0,0,0,0,0,0
TF,P37,31.245000,117.275000,0, ,0.0,0.0,0.0,0.0,3,7900,0,0,0,0,0,0

SID,P3711D,24,2
CA,0,236.0,2,1970,0,0,0,0,0,0
DF,D211M,30.896450,118.542656,0, ,0.0,0.0,2,2960,0,1,230,0,0,0
TF,WA302,30.682083,118.416039,0, ,0.0,0.0,0.0,0.0,2,3940,0,0,0,0,0,0
TF,P566,30.559444,118.346944,0, ,0.0,0.0,0.0,0.0,2,5910,0,0,0,0,0,0
TF,JHS,30.726667,117.708333,0, ,0.0,0.0,0.0,0.0,2,6900,0,0,0,0,0,0
TF,WA301,30.903044,117.561542,0, ,0.0,0.0,0.0,0.0,2,6900,0,0,0,0,0,0
TF,P37,31.245000,117.275000,0, ,0.0,0.0,0.0,0.0,3,7900,0,0,0,0,0,0

STAR,P3701A,06,2
IF,P37,31.245000,117.275000, ,0.0,0.0,3,7880,0,0,0,0,0,0
TF,WA301,30.903044,117.561542,0, ,0.0,0.0,0.0,0.0,2,5910,0,0,0,0,0,0
TF,JHS,30.726667,117.708333,0, ,0.0,0.0,0.0,0.0,2,5910,0,0,0,0,0,0
TF,P566,30.559444,118.346944,0, ,0.0,0.0,0.0,0.0,2,4930,0,0,0,0,0,0
TF,WA302,30.682083,118.416039,0, ,0.0,0.0,0.0,0.0,2,3940,0,0,0,0,0,0
TF,D211S,30.799503,118.490419,0, ,0.0,0.0,0.0,0.0,2,2960,0,1,205,0,0,0

STAR,P3711A,24,2
IF,P37,31.245000,117.275000, ,0.0,0.0,3,7880,0,0,0,0,0,0
TF,WA301,30.903044,117.561542,0, ,0.0,0.0,0.0,0.0,2,5910,0,0,0,0,0,0
TF,JHS,30.726667,117.708333,0, ,0.0,0.0,0.0,0.0,2,5910,0,0,0,0,0,0
TF,P566,30.559444,118.346944,0, ,0.0,0.0,0.0,0.0,2,4930,0,0,0,0,0,0
TF,WA302,30.682083,118.416039,0, ,0.0,0.0,0.0,0.0,2,3940,0,0,0,0,0,0
TF,WHX,31.090278,118.647444,0, ,0.0,0.0,0.0,0.0,2,3940,0,1,205,0,0,0

APPTR,D06,06,D211S
IF,D211S,30.799503,118.490419, ,0.0,0.0,2,2960,0,1,205,0,1,0
CR,0,WHX,233.0,9.0,0,0,0,0,0,0,0,0
CF,CF06,30.989844,118.508167,0,WHX,236.1,9.4,56.0,2.0,2,2300,0,0,0,0,1,0

APPTR,D06,06,WHX1
IF,WHX,31.090278,118.647444, ,0.0,0.0,2,3940,0,1,205,0,1,0
FD,WHX,31.090278,118.647444,0,WHX,0.0,9.4,217.0,9.4,0,0,0,0,0,0,0,0
CF,CF06,30.989844,118.508167,2,WHX,236.1,9.4,56.0,1.0,2,2300,0,0,0,0,1,0

APPTR,D06,06,WHX2
IF,WHX,31.090278,118.647444, ,0.0,0.0,2,3940,0,1,205,0,1,0
FD,WHX,31.090278,118.647444,0,WHX,0.0,9.4,227.0,9.4,0,0,0,0,0,0,0,0
CF,CF06,30.989844,118.508167,2,WHX,236.1,9.4,56.0,1.0,2,2300,0,0,0,0,1,0

FINAL,D06,06,D,4
IF,CF06,30.989844,118.508167,WHX,236.1,9.4,2,2300,0,0,0,0,0,0
CF,FF06,31.023114,118.554239,0,WHX,236.1,6.3,56.0,3.1,2,2300,0,0,0,0,2,0
CF,19VOR,31.069872,118.619197,0,WHX,236.0,1.9,56.0,4.4,2,920,0,0,0,0,0,0
CF,MD06,31.079539,118.632575,0,WHX,236.0,1.0,56.0,0.9,1,619,0,0,0,0,3,0
CF,WHX,31.090278,118.647444,0,WHX,0.0,0.0,56.0,1.0,0,0,0,0,0,0,0,0
FD,WHX,31.090278,118.647444,0,WHX,0.0,8.9,56.0,8.9,2,1480,0,0,0,0,0,0
DF,WHX,31.090278,118.647444,2, ,0.0,0.0,1,3940,0,1,205,0,0,0
HM,WHX,31.090278,118.647444,1, ,0.0,0.0,236.0,04.3,2,3940,0,1,230,0,0,0,0

APPTR,D24,24,WHX1
IF,WHX,31.090278,118.647444, ,0.0,0.0,2,3940,0,1,205,0,1,0
FD,WHX,31.090278,118.647444,0,WHX,0.0,12.0,71.0,12.0,0,0,0,0,0,0,0,0
CF,CF24,31.218664,118.826014,1,WHX,56.1,12.0,236.0,1.0,2,2630,0,0,0,0,1,0

APPTR,D24,24,WHX2
IF,WHX,31.090278,118.647444, ,0.0,0.0,2,3940,0,1,205,0,1,0
FD,WHX,31.090278,118.647444,0,WHX,0.0,12.0,63.0,12.0,0,0,0,0,0,0,0,0
CF,CF24,31.218664,118.826014,1,WHX,56.1,12.0,236.0,1.0,2,2630,0,0,0,0,1,0

FINAL,D24,24,D,4
IF,CF24,31.218664,118.826014,WHX,56.1,12.0,2,2630,0,0,0,0,0,0
CF,FF24,31.186544,118.781264,0,WHX,56.1,9.0,236.0,3.0,2,2300,0,0,0,0,2,0
CF,59VOR,31.153597,118.735231,0,WHX,56.0,5.9,236.0,3.1,2,1320,0,0,0,0,0,0
CF,MD24,31.127847,118.699506,0,WHX,56.0,3.5,236.0,2.4,1,562,0,0,0,0,3,0
CF,WHX,31.090278,118.647444,0,WHX,0.0,0.0,236.0,3.5,0,0,0,0,0,0,0,0
CA,0,236.0,2,1970,0,0,0,0,0,0
DF,WHX,31.090278,118.647444,1, ,0.0,0.0,1,3940,0,1,205,0,0,0
HM,WHX,31.090278,118.647444,2, ,0.0,0.0,56.0,04.3,2,3940,0,1,230,0,0,0,0

APPTR,I06,06,D211S
IF,D211S,30.799503,118.490419, ,0.0,0.0,2,2960,0,1,205,0,1,0
CR,0,WHX,233.0,9.0,0,0,0,0,0,0,0,0
CF,CF06,30.989844,118.508167,0,IWH,236.1,11.6,56.0,2.0,2,2300,0,0,0,0,1,0

APPTR,I06,06,WHX1
IF,WHX,31.090278,118.647444, ,0.0,0.0,2,3940,0,1,205,0,1,0
FD,WHX,31.090278,118.647444,0,WHX,0.0,9.4,217.0,9.4,0,0,0,0,0,0,0,0
CF,CF06,30.989844,118.508167,2,IWH,236.1,11.6,56.0,1.0,2,2300,0,0,0,0,1,0

APPTR,I06,06,WHX2
IF,WHX,31.090278,118.647444, ,0.0,0.0,2,3940,0,1,205,0,1,0
FD,WHX,31.090278,118.647444,0,WHX,0.0,9.4,227.0,9.4,0,0,0,0,0,0,0,0
CF,CF06,30.989844,118.508167,2,IWH,236.1,11.6,56.0,1.0,2,2300,0,0,0,0,1,0

FINAL,I06,06,I,3
IF,CF06,30.989844,118.508167,IWH,236.1,11.6,2,2300,0,0,0,0,0,0
CF,FF06,31.023114,118.554239,0,IWH,236.1,8.5,56.0,3.1,1,2300,0,0,0,0,2,0
CF,RW06,31.096111,118.655528,0,IWH,236.1,1.7,56.0,6.8,1,127,0,0,0,0,3,0
FD,RW06,31.096111,118.655528,0,WHX,56.0,8.2,56.0,8.2,2,1480,0,0,0,0,0,0
DF,WHX,31.090278,118.647444,2, ,0.0,0.0,1,3940,0,1,205,0,0,0
HM,WHX,31.090278,118.647444,1, ,0.0,0.0,236.0,04.3,2,3940,0,1,230,0,0,0,0

APPTR,I24,24,WHX1
IF,WHX,31.090278,118.647444, ,0.0,0.0,2,3940,0,1,205,0,1,0
FD,WHX,31.090278,118.647444,0,WHX,0.0,12.0,71.0,12.0,0,0,0,0,0,0,0,0
CF,CF24,31.218664,118.826014,1,IXC,56.1,11.6,236.0,1.0,2,2630,0,0,0,0,1,0

APPTR,I24,24,WHX2
IF,WHX,31.090278,118.647444, ,0.0,0.0,2,3940,0,1,205,0,1,0
FD,WHX,31.090278,118.647444,0,WHX,0.0,12.0,63.0,12.0,0,0,0,0,0,0,0,0
CF,CF24,31.218664,118.826014,1,IXC,56.1,11.6,236.0,1.0,2,2630,0,0,0,0,1,0

FINAL,I24,24,I,3
IF,CF24,31.218664,118.826014,IXC,56.1,11.6,2,2630,0,0,0,0,0,0
CF,FF24,31.186544,118.781264,0,IXC,56.1,8.6,236.0,3.0,1,2300,0,0,0,0,2,0
CF,RW24,31.112306,118.678028,0,IXC,56.1,1.7,236.0,6.9,1,101,0,0,0,0,3,0
CA,0,236.0,2,1970,0,0,0,0,0,0
DF,WHX,31.090278,118.647444,1, ,0.0,0.0,1,3940,0,1,205,0,0,0
HM,WHX,31.090278,118.647444,2, ,0.0,0.0,56.0,04.3,2,3940,0,1,230,0,0,0,0

