SID,ESB01D,03,2
CF,D025D,31.561111,120.458353,0,SUF,25.0,4.0,25.0,4.0,2,680,0,0,0,0,0,0
TF,D025G,31.600347,120.475050,0, ,0.0,0.0,0.0,0.0,2,1170,0,0,0,0,0,1
CF,SASAN,31.589444,120.319444,1,VMB,149.6,11.3,237.0,6.0,2,6900,0,1,205,0,0,0
TF,ESBAG,31.620278,119.673056,0, ,0.0,0.0,0.0,0.0,0,0,0,0,0,0,0,0

SID,ESB11D,21,2
CF,D205F,31.407289,120.393031,0,SUF,205.0,5.8,205.0,5.0,2,1010,0,0,0,0,0,1
CF,SASAN,31.589444,120.319444,2,VMB,149.6,11.3,11.0,10.0,2,6900,0,1,205,0,0,0
TF,ESBAG,31.620278,119.673056,1, ,0.0,0.0,0.0,0.0,0,0,0,0,0,0,0,0

SID,ESB81D,21,5
CF,WX202,31.413639,120.394583,0,SUF,205.6,5.4,205.0,5.0,2,1010,0,0,0,0,0,1
DF,WX206,31.517250,120.311972,2, ,0.0,0.0,0,0,0,1,205,0,0,0
TF,SASAN,31.589444,120.319444,0, ,0.0,0.0,0.0,0.0,2,6900,0,0,0,0,0,0
TF,ESBAG,31.620278,119.673056,0, ,0.0,0.0,0.0,0.0,0,0,0,0,0,0,0,0

SID,ESB91D,03,5
CF,WX303,31.656778,120.499250,0,SUF,25.0,10.1,25.0,10.0,0,0,0,0,0,0,0,0
TF,WX306,31.684472,120.398889,1, ,0.0,0.0,0.0,0.0,0,0,0,1,205,0,0,0
TF,SASAN,31.589444,120.319444,0, ,0.0,0.0,0.0,0.0,2,6900,0,0,0,0,0,0
TF,ESBAG,31.620278,119.673056,0, ,0.0,0.0,0.0,0.0,0,0,0,0,0,0,0,0

SID,JTN01D,03,2
CF,D025D,31.561111,120.458353,0,SUF,25.0,4.0,25.0,4.0,2,680,0,0,0,0,0,1
DF,WX211,31.459083,120.526139,2, ,0.0,0.0,2,2970,0,1,205,0,0,0
TF,WX212,31.288306,120.942278,0, ,0.0,0.0,0.0,0.0,4,13800,9800,0,0,0,0,0
TF,JTN,31.123333,121.341667,0, ,0.0,0.0,0.0,0.0,0,0,0,0,0,0,0,0

SID,JTN11D,21,2
CF,D205F,31.407289,120.393031,0,SUF,205.0,5.8,205.0,5.0,2,1010,0,0,0,0,0,1
DF,SUF,31.498333,120.431667,2, ,0.0,0.0,0,0,0,1,205,0,0,0
TF,WX211,31.459083,120.526139,0, ,0.0,0.0,0.0,0.0,2,2970,0,0,0,0,0,0
TF,WX212,31.288306,120.942278,0, ,0.0,0.0,0.0,0.0,4,13800,9800,0,0,0,0,0
TF,JTN,31.123333,121.341667,0, ,0.0,0.0,0.0,0.0,0,0,0,0,0,0,0,0

SID,JTN81D,21,5
CF,WX202,31.413639,120.394583,0,SUF,205.6,5.4,205.0,5.0,2,1010,0,0,0,0,0,1
DF,SUF,31.498333,120.431667,2, ,0.0,0.0,0,0,0,1,205,0,0,0
TF,WX211,31.459083,120.526139,0, ,0.0,0.0,0.0,0.0,2,2970,0,0,0,0,0,0
TF,WX212,31.288306,120.942278,0, ,0.0,0.0,0.0,0.0,4,13800,9800,0,0,0,0,0
TF,JTN,31.123333,121.341667,0, ,0.0,0.0,0.0,0.0,0,0,0,0,0,0,0,0

SID,JTN91D,03,5
CF,WX302,31.581111,120.466611,0,SUF,24.9,5.3,25.0,5.0,2,1010,0,0,0,0,0,1
DF,WX211,31.459083,120.526139,2, ,0.0,0.0,2,2970,0,1,205,0,0,0
TF,WX212,31.288306,120.942278,0, ,0.0,0.0,0.0,0.0,4,13800,9800,0,0,0,0,0
TF,JTN,31.123333,121.341667,0, ,0.0,0.0,0.0,0.0,0,0,0,0,0,0,0,0

SID,PIM01D,03,2
CF,D025D,31.561111,120.458353,0,SUF,25.0,4.0,25.0,4.0,2,680,0,0,0,0,0,0
TF,D025G,31.600347,120.475050,0, ,0.0,0.0,0.0,0.0,2,1170,0,0,0,0,0,1
CF,SASAN,31.589444,120.319444,1,VMB,149.6,11.3,237.0,6.0,2,6900,0,1,205,0,0,0
TF,VMB,31.743333,120.191667,2, ,0.0,0.0,0.0,0.0,2,8900,0,0,0,0,0,0
TF,PIMOL,32.245833,119.761667,0, ,0.0,0.0,0.0,0.0,0,0,0,0,0,0,0,0

SID,PIM02D,03,2
CF,D025D,31.561111,120.458353,0,SUF,25.0,4.0,25.0,4.0,2,680,0,0,0,0,0,0
TF,D025G,31.600347,120.475050,0, ,0.0,0.0,0.0,0.0,2,1170,0,0,0,0,0,1
VI,0, ,0.0,343.0,0,0,0,0,0,0,0,0
CF,A,31.691667,120.333333,0,VMB,118.1,7.9,298.0,8.0,2,6900,0,1,205,0,0,0
TF,VMB,31.743333,120.191667,0, ,0.0,0.0,0.0,0.0,2,8900,0,0,0,0,0,0
TF,PIMOL,32.245833,119.761667,0, ,0.0,0.0,0.0,0.0,0,0,0,0,0,0,0,0

SID,PIM11D,21,2
CF,D205F,31.407289,120.393031,0,SUF,205.0,5.8,205.0,5.0,2,1010,0,0,0,0,0,1
CF,SASAN,31.589444,120.319444,2,VMB,149.6,11.3,11.0,10.0,2,6900,0,1,205,0,0,0
TF,VMB,31.743333,120.191667,0, ,0.0,0.0,0.0,0.0,0,0,0,0,0,0,0,0
TF,PIMOL,32.245833,119.761667,0, ,0.0,0.0,0.0,0.0,0,0,0,0,0,0,0,0

SID,PIM81D,21,5
CF,WX202,31.413639,120.394583,0,SUF,205.6,5.4,205.0,5.0,2,1010,0,0,0,0,0,1
DF,WX206,31.517250,120.311972,2, ,0.0,0.0,0,0,0,1,205,0,0,0
TF,SASAN,31.589444,120.319444,0, ,0.0,0.0,0.0,0.0,2,6900,0,0,0,0,0,0
TF,VMB,31.743333,120.191667,0, ,0.0,0.0,0.0,0.0,0,0,0,0,0,0,0,0
TF,PIMOL,32.245833,119.761667,0, ,0.0,0.0,0.0,0.0,0,0,0,0,0,0,0,0

SID,PIM91D,03,5
CF,WX303,31.656778,120.499250,0,SUF,25.0,10.1,25.0,10.0,0,0,0,0,0,0,0,0
TF,WX306,31.684472,120.398889,1, ,0.0,0.0,0.0,0.0,0,0,0,1,205,0,0,0
TF,SASAN,31.589444,120.319444,0, ,0.0,0.0,0.0,0.0,2,6900,0,0,0,0,0,0
TF,VMB,31.743333,120.191667,2, ,0.0,0.0,0.0,0.0,2,8900,0,0,0,0,0,0
TF,PIMOL,32.245833,119.761667,0, ,0.0,0.0,0.0,0.0,0,0,0,0,0,0,0,0

SID,PIM92D,03,5
CF,WX303,31.656778,120.499250,0,SUF,25.0,10.1,25.0,10.0,0,0,0,0,0,0,0,0
TF,WX306,31.684472,120.398889,1, ,0.0,0.0,0.0,0.0,0,0,0,1,205,0,0,0
TF,WX307,31.702528,120.333333,0, ,0.0,0.0,0.0,0.0,2,6900,0,0,0,0,0,0
TF,VMB,31.743333,120.191667,0, ,0.0,0.0,0.0,0.0,2,8900,0,0,0,0,0,0
TF,PIMOL,32.245833,119.761667,0, ,0.0,0.0,0.0,0.0,0,0,0,0,0,0,0,0

SID,PUS21D,03,2
CF,D025D,31.561111,120.458353,0,SUF,25.0,4.0,25.0,4.0,2,680,0,0,0,0,0,0
TF,D025G,31.600347,120.475050,0, ,0.0,0.0,0.0,0.0,2,1170,0,0,0,0,0,1
CF,SASAN,31.589444,120.319444,1,VMB,149.6,11.3,237.0,6.0,2,6900,0,1,205,0,0,0
TF,VMB,31.743333,120.191667,2, ,0.0,0.0,0.0,0.0,2,8900,0,0,0,0,0,0
TF,WX308,31.757194,120.000000,0, ,0.0,0.0,0.0,0.0,2,10800,0,0,0,0,0,0
TF,PIMUS,31.805000,119.391667,0, ,0.0,0.0,0.0,0.0,0,0,0,0,0,0,0,0

SID,PUS22D,03,2
CF,D025D,31.561111,120.458353,0,SUF,25.0,4.0,25.0,4.0,2,680,0,0,0,0,0,0
TF,D025G,31.600347,120.475050,0, ,0.0,0.0,0.0,0.0,2,1170,0,0,0,0,0,1
VI,0, ,0.0,343.0,0,0,0,0,0,0,0,0
CF,A,31.691667,120.333333,0,VMB,118.1,7.9,298.0,8.0,2,6900,0,1,205,0,0,0
TF,VMB,31.743333,120.191667,0, ,0.0,0.0,0.0,0.0,2,8900,0,0,0,0,0,0
TF,WX308,31.757194,120.000000,0, ,0.0,0.0,0.0,0.0,2,10800,0,0,0,0,0,0
TF,PIMUS,31.805000,119.391667,0, ,0.0,0.0,0.0,0.0,0,0,0,0,0,0,0,0

SID,PUS31D,21,2
CF,D205F,31.407289,120.393031,0,SUF,205.0,5.8,205.0,5.0,2,1010,0,0,0,0,0,1
CF,SASAN,31.589444,120.319444,2,VMB,149.6,11.3,11.0,10.0,2,6900,0,1,205,0,0,0
TF,VMB,31.743333,120.191667,0, ,0.0,0.0,0.0,0.0,0,0,0,0,0,0,0,0
TF,WX308,31.757194,120.000000,0, ,0.0,0.0,0.0,0.0,2,10800,0,0,0,0,0,0
TF,PIMUS,31.805000,119.391667,0, ,0.0,0.0,0.0,0.0,0,0,0,0,0,0,0,0

SID,PUS61D,21,5
CF,WX202,31.413639,120.394583,0,SUF,205.6,5.4,205.0,5.0,2,1010,0,0,0,0,0,1
DF,WX206,31.517250,120.311972,2, ,0.0,0.0,0,0,0,1,205,0,0,0
TF,SASAN,31.589444,120.319444,0, ,0.0,0.0,0.0,0.0,2,6900,0,0,0,0,0,0
TF,VMB,31.743333,120.191667,0, ,0.0,0.0,0.0,0.0,0,0,0,0,0,0,0,0
TF,WX308,31.757194,120.000000,0, ,0.0,0.0,0.0,0.0,2,10800,0,0,0,0,0,0
TF,PIMUS,31.805000,119.391667,0, ,0.0,0.0,0.0,0.0,0,0,0,0,0,0,0,0

SID,PUS71D,03,5
CF,WX303,31.656778,120.499250,0,SUF,25.0,10.1,25.0,10.0,0,0,0,0,0,0,0,0
TF,WX306,31.684472,120.398889,1, ,0.0,0.0,0.0,0.0,0,0,0,1,205,0,0,0
TF,SASAN,31.589444,120.319444,0, ,0.0,0.0,0.0,0.0,2,6900,0,0,0,0,0,0
TF,VMB,31.743333,120.191667,2, ,0.0,0.0,0.0,0.0,2,8900,0,0,0,0,0,0
TF,WX308,31.757194,120.000000,0, ,0.0,0.0,0.0,0.0,2,10800,0,0,0,0,0,0
TF,PIMUS,31.805000,119.391667,0, ,0.0,0.0,0.0,0.0,0,0,0,0,0,0,0,0

SID,PUS72D,03,5
CF,WX303,31.656778,120.499250,0,SUF,25.0,10.1,25.0,10.0,0,0,0,0,0,0,0,0
TF,WX306,31.684472,120.398889,1, ,0.0,0.0,0.0,0.0,0,0,0,1,205,0,0,0
TF,WX307,31.702528,120.333333,0, ,0.0,0.0,0.0,0.0,2,6900,0,0,0,0,0,0
TF,VMB,31.743333,120.191667,0, ,0.0,0.0,0.0,0.0,2,8900,0,0,0,0,0,0
TF,WX308,31.757194,120.000000,0, ,0.0,0.0,0.0,0.0,2,10800,0,0,0,0,0,0
TF,PIMUS,31.805000,119.391667,0, ,0.0,0.0,0.0,0.0,0,0,0,0,0,0,0,0

SID,UPK01D,03,2
CF,D025D,31.561111,120.458353,0,SUF,25.0,4.0,25.0,4.0,2,680,0,0,0,0,0,1
DF,TEPAG,31.473889,120.415833,2, ,0.0,0.0,2,4940,0,1,205,0,0,0
TF,WX310,31.496667,120.000000,0, ,0.0,0.0,0.0,0.0,2,10800,0,0,0,0,0,0
TF,UPKEK,31.534722,119.241389,0, ,0.0,0.0,0.0,0.0,0,0,0,0,0,0,0,0

SID,UPK11D,21,2
CF,D205F,31.407289,120.393031,0,SUF,205.0,5.8,205.0,5.0,2,1010,0,0,0,0,0,1
DF,WX309,31.482639,120.258861,2, ,0.0,0.0,0,0,0,1,205,0,0,0
TF,WX310,31.496667,120.000000,0, ,0.0,0.0,0.0,0.0,2,10800,0,0,0,0,0,0
TF,UPKEK,31.534722,119.241389,0, ,0.0,0.0,0.0,0.0,0,0,0,0,0,0,0,0

SID,UPK81D,21,5
CF,WX202,31.413639,120.394583,0,SUF,205.6,5.4,205.0,5.0,2,1010,0,0,0,0,0,1
DF,WX309,31.482639,120.258861,2, ,0.0,0.0,0,0,0,1,205,0,0,0
TF,WX310,31.496667,120.000000,0, ,0.0,0.0,0.0,0.0,2,10800,0,0,0,0,0,0
TF,UPKEK,31.534722,119.241389,0, ,0.0,0.0,0.0,0.0,0,0,0,0,0,0,0,0

SID,UPK91D,03,5
CF,WX302,31.581111,120.466611,0,SUF,24.9,5.3,25.0,5.0,2,1010,0,0,0,0,0,1
DF,TEPAG,31.473889,120.415833,2, ,0.0,0.0,2,4940,0,1,205,0,0,0
TF,WX310,31.496667,120.000000,0, ,0.0,0.0,0.0,0.0,2,10800,0,0,0,0,0,0
TF,UPKEK,31.534722,119.241389,0, ,0.0,0.0,0.0,0.0,0,0,0,0,0,0,0,0

STAR,ESB01A,03,2
IF,ESBAG,31.620278,119.673056, ,0.0,0.0,0,0,0,0,0,0,0,0
TF,SASAN,31.589444,120.319444,0, ,0.0,0.0,0.0,0.0,2,7900,0,1,205,0,0,0

STAR,ESB11A,21,2
IF,ESBAG,31.620278,119.673056, ,0.0,0.0,0,0,0,0,0,0,0,0
TF,SASAN,31.589444,120.319444,0, ,0.0,0.0,0.0,0.0,2,7900,0,0,0,0,0,0
TF,SUF,31.498333,120.431667,0, ,0.0,0.0,0.0,0.0,2,3960,0,1,205,0,0,0

STAR,ESB81A,21,5
IF,ESBAG,31.620278,119.673056, ,0.0,0.0,0,0,0,0,0,0,0,0
TF,SASAN,31.589444,120.319444,0, ,0.0,0.0,0.0,0.0,2,7900,0,0,0,0,0,0
TF,WX306,31.684472,120.398889,0, ,0.0,0.0,0.0,0.0,2,2970,0,1,205,0,0,0

STAR,ESB91A,03,5
IF,ESBAG,31.620278,119.673056, ,0.0,0.0,0,0,0,0,0,0,0,0
TF,SASAN,31.589444,120.319444,0, ,0.0,0.0,0.0,0.0,2,7900,0,0,0,0,0,0
TF,WX205,31.514972,120.326056,0, ,0.0,0.0,0.0,0.0,2,5910,0,1,230,0,0,0

STAR,JTN01A,03,2
IF,JTN,31.123333,121.341667, ,0.0,0.0,0,0,0,0,0,0,0,0
TF,WX212,31.288306,120.942278,0, ,0.0,0.0,0.0,0.0,4,13800,9800,0,0,0,0,0
TF,SUF,31.498333,120.431667,0, ,0.0,0.0,0.0,0.0,2,3960,0,1,205,0,0,0

STAR,JTN11A,21,2
IF,JTN,31.123333,121.341667, ,0.0,0.0,0,0,0,0,0,0,0,0
TF,WX212,31.288306,120.942278,0, ,0.0,0.0,0.0,0.0,4,13800,9800,0,0,0,0,0
TF,WX211,31.459083,120.526139,0, ,0.0,0.0,0.0,0.0,2,3960,0,1,205,0,0,0

STAR,JTN81A,21,5
IF,JTN,31.123333,121.341667, ,0.0,0.0,0,0,0,0,0,0,0,0
TF,WX212,31.288306,120.942278,0, ,0.0,0.0,0.0,0.0,4,13800,9800,0,0,0,0,0
TF,WX211,31.459083,120.526139,0, ,0.0,0.0,0.0,0.0,2,5910,0,0,0,0,0,0
TF,WX304,31.625528,120.598028,0, ,0.0,0.0,0.0,0.0,2,2970,0,1,205,0,0,0

STAR,JTN91A,03,5
IF,JTN,31.123333,121.341667, ,0.0,0.0,0,0,0,0,0,0,0,0
TF,WX212,31.288306,120.942278,0, ,0.0,0.0,0.0,0.0,4,13800,9800,0,0,0,0,0
TF,WX211,31.459083,120.526139,0, ,0.0,0.0,0.0,0.0,2,5910,0,1,230,0,0,0

STAR,PIM01A,03,2
IF,PIMOL,32.245833,119.761667, ,0.0,0.0,0,0,0,0,0,0,0,0
TF,VMB,31.743333,120.191667,0, ,0.0,0.0,0.0,0.0,0,0,0,0,0,0,0,0
TF,SASAN,31.589444,120.319444,0, ,0.0,0.0,0.0,0.0,2,7900,0,1,205,0,0,0

STAR,PIM11A,21,2
IF,PIMOL,32.245833,119.761667, ,0.0,0.0,0,0,0,0,0,0,0,0
TF,VMB,31.743333,120.191667,0, ,0.0,0.0,0.0,0.0,2,8900,0,0,0,0,0,0
TF,SASAN,31.589444,120.319444,0, ,0.0,0.0,0.0,0.0,2,7900,0,0,0,0,0,0
TF,SUF,31.498333,120.431667,0, ,0.0,0.0,0.0,0.0,2,3960,0,1,205,0,0,0

STAR,PIM12A,21,2
IF,PIMOL,32.245833,119.761667, ,0.0,0.0,0,0,0,0,0,0,0,0
TF,VMB,31.743333,120.191667,0, ,0.0,0.0,0.0,0.0,2,8900,0,0,0,0,0,0
TF,B,31.705000,120.333333,0, ,0.0,0.0,0.0,0.0,2,6900,0,0,0,0,0,0
TF,D016J,31.662094,120.468883,0, ,0.0,0.0,0.0,0.0,0,0,0,0,0,0,0,1
CF,FI21,31.580294,120.466292,2,SUF,24.4,5.3,205.0,3.0,2,2970,0,1,205,0,0,0

STAR,PIM81A,21,5
IF,PIMOL,32.245833,119.761667, ,0.0,0.0,0,0,0,0,0,0,0,0
TF,VMB,31.743333,120.191667,0, ,0.0,0.0,0.0,0.0,2,8900,0,0,0,0,0,0
TF,SASAN,31.589444,120.319444,0, ,0.0,0.0,0.0,0.0,2,7900,0,0,0,0,0,0
TF,WX306,31.684472,120.398889,1, ,0.0,0.0,0.0,0.0,2,2970,0,1,205,0,0,0

STAR,PIM82A,21,5
IF,PIMOL,32.245833,119.761667, ,0.0,0.0,0,0,0,0,0,0,0,0
TF,VMB,31.743333,120.191667,0, ,0.0,0.0,0.0,0.0,2,8900,0,0,0,0,0,0
TF,WX307,31.702528,120.333333,0, ,0.0,0.0,0.0,0.0,2,6900,0,0,0,0,0,0
TF,WX306,31.684472,120.398889,0, ,0.0,0.0,0.0,0.0,2,2970,0,1,205,0,0,0

STAR,PIM91A,03,5
IF,PIMOL,32.245833,119.761667, ,0.0,0.0,0,0,0,0,0,0,0,0
TF,VMB,31.743333,120.191667,0, ,0.0,0.0,0.0,0.0,0,0,0,0,0,0,0,0
TF,SASAN,31.589444,120.319444,0, ,0.0,0.0,0.0,0.0,2,7900,0,0,0,0,0,0
TF,WX205,31.514972,120.326056,0, ,0.0,0.0,0.0,0.0,2,5910,0,1,230,0,0,0

APPTR,D03,03,SASAN
IF,SASAN,31.589444,120.319444, ,0.0,0.0,2,7880,0,1,205,0,1,0
CF,D319D,31.538933,120.382564,0,SUF,319.0,3.5,139.0,4.4,0,0,0,0,0,0,0,0
CF,D228J,31.379772,120.302867,0,SUF,228.0,9.7,208.0,10.4,2,2320,0,0,0,0,0,1
CF,CD03,31.360978,120.360408,1,SUF,209.0,9.0,29.0,1.0,2,1990,0,0,0,0,1,0

APPTR,D03,03,SUF1
IF,SUF,31.498333,120.431667, ,0.0,0.0,2,3960,0,1,205,0,1,0
FD,SUF,31.498333,120.431667,0,SUF,0.0,9.0,229.0,9.0,0,0,0,0,0,0,0,0
CF,CD03,31.360978,120.360408,1,SUF,209.0,9.0,29.0,1.0,2,1990,0,0,0,0,1,0

APPTR,D03,03,SUF2
IF,SUF,31.498333,120.431667, ,0.0,0.0,2,3960,0,1,205,0,1,0
FD,SUF,31.498333,120.431667,0,SUF,0.0,9.0,219.0,9.0,0,0,0,0,0,0,0,0
CF,CD03,31.360978,120.360408,1,SUF,209.0,9.0,29.0,1.0,2,1990,0,0,0,0,1,0

FINAL,D03,03,D,3
IF,CD03,31.360978,120.360408,SUF,209.0,9.0,2,1990,0,0,0,0,0,0
CF,FD03,31.415925,120.388886,0,SUF,209.0,5.4,29.0,3.6,2,1500,0,0,0,0,2,0
CF,MD03,31.464761,120.414228,0,SUF,209.0,2.2,29.0,3.2,1,467,0,0,0,0,3,0
CF,SUF,31.498333,120.431667,0,SUF,0.0,0.0,29.0,2.2,0,0,0,0,0,0,0,0
CA,0,29.0,2,1330,0,0,0,0,0,0
DF,SUF,31.498333,120.431667,2, ,0.0,0.0,1,2970,0,1,205,0,0,0

APPTR,D21,21,FD21
IF,FD21,31.583425,120.460169, ,0.0,0.0,2,2970,0,1,205,0,1,0
HF,FD21,31.583425,120.460169,1, ,0.0,0.0,201.0,04.2,2,1990,0,0,0,0,0,0,0

APPTR,D21,21,SUF1
IF,SUF,31.498333,120.431667, ,0.0,0.0,2,3960,0,1,205,0,1,0
FD,SUF,31.498333,120.431667,0,SUF,0.0,8.7,41.0,8.7,0,0,0,0,0,0,0,0
CF,CD21,31.638011,120.478483,1,SUF,21.0,8.7,201.0,1.0,2,1990,0,0,0,0,1,0

APPTR,D21,21,SUF2
IF,SUF,31.498333,120.431667, ,0.0,0.0,2,3960,0,1,205,0,1,0
FD,SUF,31.498333,120.431667,0,SUF,0.0,8.7,31.0,8.7,0,0,0,0,0,0,0,0
CF,CD21,31.638011,120.478483,1,SUF,21.0,8.7,201.0,1.0,2,1990,0,0,0,0,1,0

APPTR,D21,21,WX211
IF,WX211,31.459083,120.526139, ,0.0,0.0,2,3960,0,1,205,0,1,0
CF,D040J,31.628269,120.538036,0,SUF,40.0,9.5,9.0,10.2,0,0,0,0,0,0,0,1
CF,CD21,31.638011,120.478483,1,SUF,21.0,8.7,201.0,1.0,2,1990,0,0,0,0,1,0

FINAL,D21,21,D,4
IF,CD21,31.638011,120.478483,SUF,21.0,8.7,2,1990,0,0,0,0,0,0
CF,FD21,31.583425,120.460169,0,SUF,21.0,5.3,201.0,3.4,2,1500,0,0,0,0,2,0
CF,30VOR,31.546500,120.447794,0,SUF,21.0,3.0,201.0,2.3,2,780,0,0,0,0,0,0
CF,MD21,31.528839,120.441878,0,SUF,21.0,1.9,201.0,1.1,1,420,0,0,0,0,3,0
CF,SUF,31.498333,120.431667,0,SUF,0.0,0.0,201.0,1.9,0,0,0,0,0,0,0,0
FA,SUF,31.498333,120.431667,0,SUF,0.0,0.0,201.0,2,1170,0,0,0,0,0,0
DF,SUF,31.498333,120.431667,2, ,0.0,0.0,1,2970,0,1,205,0,0,0

APPTR,I03-Y,03,SASAN
IF,SASAN,31.589444,120.319444, ,0.0,0.0,2,7880,0,1,205,0,1,0
CF,D319D,31.538933,120.382564,0,SUF,319.0,3.5,139.0,4.4,0,0,0,0,0,0,0,0
CF,D224J,31.372361,120.312825,0,SUF,224.0,9.7,205.0,10.6,1,2320,0,0,0,0,0,1
CF,CI03Y,31.357864,120.370692,1,IMF,205.2,10.0,25.0,1.0,2,1990,0,0,0,0,1,0

APPTR,I03-Y,03,SUF1
IF,SUF,31.498333,120.431667, ,0.0,0.0,2,3960,0,1,205,0,1,0
FD,SUF,31.498333,120.431667,0,SUF,0.0,9.0,225.0,9.0,0,0,0,0,0,0,0,0
CF,CI03Y,31.357864,120.370692,1,IMF,205.2,10.0,25.0,1.0,2,1990,0,0,0,0,1,0

APPTR,I03-Y,03,SUF2
IF,SUF,31.498333,120.431667, ,0.0,0.0,2,3960,0,1,205,0,1,0
FD,SUF,31.498333,120.431667,0,SUF,0.0,9.0,215.0,9.0,0,0,0,0,0,0,0,0
CF,CI03Y,31.357864,120.370692,1,IMF,205.2,10.0,25.0,1.0,2,1990,0,0,0,0,1,0

FINAL,I03-Y,03,I,3
IF,CI03Y,31.357864,120.370692,IMF,205.2,10.0,2,1990,0,0,0,0,0,0
CF,FI03,31.414303,120.394886,0,IMF,205.2,6.4,25.0,3.6,1,1500,0,0,0,0,2,0
CF,RW03,31.483836,120.424736,0,IMF,205.2,1.9,25.0,4.4,1,64,0,0,0,0,3,0
CA,0,25.0,2,1170,0,0,0,0,0,0
DF,SUF,31.498333,120.431667,2, ,0.0,0.0,1,2970,0,1,205,0,0,0

APPTR,I03-Z,03,WX205
IF,WX205,31.514972,120.326056, ,0.0,0.0,2,5910,0,1,230,0,1,0
TF,WX204,31.369028,120.263556,0, ,0.0,0.0,0.0,0.0,2,2970,0,0,0,0,0,0
TF,WX203,31.337944,120.362111,0,IMF,0.0,0.0,0.0,0.0,2,2320,0,0,0,0,1,0

APPTR,I03-Z,03,WX211
IF,WX211,31.459083,120.526139, ,0.0,0.0,2,5910,0,1,230,0,1,0
TF,WX210,31.306806,120.460639,0, ,0.0,0.0,0.0,0.0,2,2970,0,0,0,0,0,0
TF,WX203,31.337944,120.362111,0,IMF,0.0,0.0,0.0,0.0,2,2320,0,0,0,0,1,0

FINAL,I03-Z,03,I,3
IF,WX203,31.337944,120.362111,IMF,205.2,11.2,2,2320,0,0,0,0,0,0
CF,FI03,31.414303,120.394886,0,IMF,205.2,6.4,25.0,4.9,1,1500,0,0,0,0,2,0
CF,RW03,31.483836,120.424736,0,IMF,205.2,1.9,25.0,4.4,1,64,0,0,0,0,3,0
CA,0,25.0,2,1170,0,0,0,0,0,0
DF,WX205,31.514972,120.326056,1, ,0.0,0.0,1,2970,0,1,205,0,0,0
HM,WX205,31.514972,120.326056,1, ,0.0,0.0,205.0,04.3,2,6890,0,1,230,0,0,0,0

APPTR,I21-Y,21,FI21
IF,FI21,31.580294,120.466292, ,0.0,0.0,2,2970,0,1,205,0,1,0
HF,FI21,31.580294,120.466292,1, ,0.0,0.0,205.0,04.2,2,1990,0,0,0,0,0,0,0

APPTR,I21-Y,21,SUF1
IF,SUF,31.498333,120.431667, ,0.0,0.0,2,3960,0,1,205,0,1,0
FD,SUF,31.498333,120.431667,0,SUF,0.0,8.7,45.0,8.7,0,0,0,0,0,0,0,0
CF,CI21Y,31.635133,120.489961,1,IFS,25.3,9.8,205.0,1.0,2,1990,0,0,0,0,1,0

APPTR,I21-Y,21,SUF2
IF,SUF,31.498333,120.431667, ,0.0,0.0,2,3960,0,1,205,0,1,0
FD,SUF,31.498333,120.431667,0,SUF,0.0,8.7,35.0,8.7,0,0,0,0,0,0,0,0
CF,CI21Y,31.635133,120.489961,1,IFS,25.3,9.8,205.0,1.0,2,1990,0,0,0,0,1,0

APPTR,I21-Y,21,WX211
IF,WX211,31.459083,120.526139, ,0.0,0.0,2,3960,0,1,205,0,1,0
CF,D044J,31.621594,120.548364,0,SUF,44.0,9.5,12.0,9.8,0,0,0,0,0,0,0,1
CF,CI21Y,31.635133,120.489961,1,IFS,25.3,9.8,205.0,1.0,2,1990,0,0,0,0,1,0

FINAL,I21-Y,21,I,3
IF,CI21Y,31.635133,120.489961,IFS,25.3,9.8,2,1990,0,0,0,0,0,0
CF,FI21,31.580294,120.466292,0,IFS,25.3,6.3,205.0,3.5,1,1500,0,0,0,0,2,0
CF,RW21,31.510911,120.436386,0,IFS,25.3,1.9,205.0,4.4,1,66,0,0,0,0,3,0
CA,0,205.0,2,1170,0,0,0,0,0,0
DF,SUF,31.498333,120.431667,2, ,0.0,0.0,1,2970,0,1,205,0,0,0

APPTR,I21-Z,21,WX304
IF,WX304,31.625528,120.598028, ,0.0,0.0,2,2970,0,1,205,0,1,0
TF,WX303,31.656778,120.499250,0,IFS,0.0,0.0,0.0,0.0,2,1990,0,0,0,0,1,0

APPTR,I21-Z,21,WX306
IF,WX306,31.684472,120.398889, ,0.0,0.0,2,2970,0,1,205,0,1,0
TF,WX303,31.656778,120.499250,0,IFS,0.0,0.0,0.0,0.0,2,1990,0,0,0,0,1,0

FINAL,I21-Z,21,I,3
IF,WX303,31.656778,120.499250,IFS,25.2,11.2,2,1990,0,0,0,0,0,0
CF,FI21,31.580294,120.466292,0,IFS,25.3,6.3,205.0,4.9,1,1500,0,0,0,0,2,0
CF,RW21,31.510911,120.436386,0,IFS,25.3,1.9,205.0,4.4,1,66,0,0,0,0,3,0
CA,0,205.0,2,1170,0,0,0,0,0,0
DF,WX306,31.684472,120.398889,2, ,0.0,0.0,1,2970,0,1,205,0,0,0
HM,WX306,31.684472,120.398889,2, ,0.0,0.0,41.0,04.3,2,3960,0,1,230,0,0,0,0

