SID,AGTS01,01L,1
CF,D013H,26.654472,106.824092,0,KWE,13.3,8.0,12.0,7.0,2,5190,0,0,0,0,0,1
DF,SUMUN,26.786667,106.780278,0, ,0.0,0.0,0,0,0,1,205,0,0,0

SID,AGTS01,01R,1
CF,D015H,26.653792,106.827664,0,KWE,14.7,8.0,12.0,7.0,2,5190,0,0,0,0,0,1
DF,SUMUN,26.786667,106.780278,0, ,0.0,0.0,0,0,0,1,205,0,0,0

SID,AGTS01,ALL,2
IF,SUMUN,26.786667,106.780278, ,0.0,0.0,0,0,0,1,205,0,0,0
TF,AGTIS,27.368889,106.750000,0, ,0.0,0.0,0.0,0.0,0,0,0,0,0,0,0,0

SID,AGTS1A,01L,4
DF,DE01L,26.555075,106.804542,0, ,0.0,0.0,0,0,0,0,0,0,0,1
CF,GY401,26.653056,106.822667,0,KWE,12.9,7.9,12.0,6.0,2,5190,0,0,0,0,0,1
DF,GY407,26.865667,106.776139,0, ,0.0,0.0,0,0,0,0,0,0,0,0

SID,AGTS1A,01R,4
DF,DE01R,26.558961,106.809028,0, ,0.0,0.0,0,0,0,0,0,0,0,1
CF,GY411,26.652667,106.827167,0,KWE,14.6,7.9,12.0,6.0,2,5190,0,0,0,0,0,1
DF,GY407,26.865667,106.776139,0, ,0.0,0.0,0,0,0,0,0,0,0,0

SID,AGTS1A,ALL,5
IF,GY407,26.865667,106.776139, ,0.0,0.0,0,0,0,0,0,0,0,0
DF,AGTIS,27.368889,106.750000,0, ,0.0,0.0,0,0,0,0,0,0,0,0

SID,AGTS46,19L,2
CA,0,192.0,2,6570,0,0,0,0,0,0
DF,KWE,26.523333,106.795000,1, ,0.0,0.0,0,0,0,1,205,0,0,0
TF,SUMUN,26.786667,106.780278,0, ,0.0,0.0,0.0,0.0,0,0,0,0,0,0,0,0
TF,AGTIS,27.368889,106.750000,0, ,0.0,0.0,0.0,0.0,0,0,0,0,0,0,0,0

SID,AGTS46,19R,2
CA,0,192.0,2,6570,0,0,0,0,0,0
DF,KWE,26.523333,106.795000,1, ,0.0,0.0,0,0,0,1,205,0,0,0
TF,SUMUN,26.786667,106.780278,0, ,0.0,0.0,0.0,0.0,0,0,0,0,0,0,0,0
TF,AGTIS,27.368889,106.750000,0, ,0.0,0.0,0.0,0.0,0,0,0,0,0,0,0,0

SID,AGTX3C,19L,4
DF,DE19L,26.523406,106.802078,0, ,0.0,0.0,0,0,0,0,0,0,0,1
CF,GY511,26.422194,106.782361,0,KWE,188.4,6.1,192.0,6.0,2,5190,0,0,0,0,0,1
DF,GY406,26.511667,106.677750,2, ,0.0,0.0,0,0,0,1,205,0,0,0

SID,AGTX3C,19R,4
DF,DE19R,26.523961,106.798481,0, ,0.0,0.0,0,0,0,0,0,0,0,1
CF,GY501,26.422583,106.778722,0,KWE,190.3,6.1,192.0,6.0,2,5190,0,0,0,0,0,1
DF,GY406,26.511667,106.677750,2, ,0.0,0.0,0,0,0,1,205,0,0,0

SID,AGTX3C,ALL,5
IF,GY406,26.511667,106.677750, ,0.0,0.0,0,0,0,1,205,0,0,0
TF,GY507,26.938056,106.761139,0, ,0.0,0.0,0.0,0.0,0,0,0,0,0,0,0,0
TF,AGTIS,27.368889,106.750000,0, ,0.0,0.0,0.0,0.0,0,0,0,0,0,0,0,0

SID,AVBB01,01L,1
CF,D013H,26.654472,106.824092,0,KWE,13.3,8.0,12.0,7.0,2,5190,0,0,0,0,0,1
CI,2, ,0.0,117.0,0,0,0,1,205,0,0,0
CF,UBDID,26.781389,107.613333,0,KWE,72.5,46.6,72.0,32.0,0,0,0,0,0,0,0,0

SID,AVBB01,01R,1
CF,D015H,26.653792,106.827664,0,KWE,14.7,8.0,12.0,7.0,2,5190,0,0,0,0,0,1
CI,2, ,0.0,117.0,0,0,0,1,205,0,0,0
CF,UBDID,26.781389,107.613333,0,KWE,72.5,46.6,72.0,32.0,0,0,0,0,0,0,0,0

SID,AVBB01,ALL,2
IF,UBDID,26.781389,107.613333, ,0.0,0.0,0,0,0,0,0,0,0,0
TF,AVBOB,27.164444,108.197500,0, ,0.0,0.0,0.0,0.0,0,0,0,0,0,0,0,0

SID,AVBB1A,01L,4
DF,DE01L,26.555075,106.804542,0, ,0.0,0.0,0,0,0,0,0,0,0,1
CF,GY401,26.653056,106.822667,0,KWE,12.9,7.9,12.0,6.0,2,5190,0,0,0,0,0,1
DF,MASRO,26.633056,107.142778,2, ,0.0,0.0,0,0,0,1,230,0,0,0

SID,AVBB1A,01R,4
DF,DE01R,26.558961,106.809028,0, ,0.0,0.0,0,0,0,0,0,0,0,1
CF,GY411,26.652667,106.827167,0,KWE,14.6,7.9,12.0,6.0,2,5190,0,0,0,0,0,1
DF,MASRO,26.633056,107.142778,2, ,0.0,0.0,0,0,0,1,230,0,0,0

SID,AVBB1A,ALL,5
IF,MASRO,26.633056,107.142778, ,0.0,0.0,0,0,0,1,230,0,0,0
TF,UBDID,26.781389,107.613333,0, ,0.0,0.0,0.0,0.0,0,0,0,0,0,0,0,0
TF,AVBOB,27.164444,108.197500,0, ,0.0,0.0,0.0,0.0,0,0,0,0,0,0,0,0

SID,AVBB3C,19L,4
DF,DE19L,26.523406,106.802078,0, ,0.0,0.0,0,0,0,0,0,0,0,1
CA,0,192.0,2,6570,0,0,0,0,0,0
DF,IVTEX,26.388056,107.156944,1, ,0.0,0.0,0,0,0,0,0,0,0,0

SID,AVBB3C,19R,4
DF,DE19R,26.523961,106.798481,0, ,0.0,0.0,0,0,0,0,0,0,0,1
CA,0,192.0,2,6570,0,0,0,0,0,0
DF,IVTEX,26.388056,107.156944,1, ,0.0,0.0,0,0,0,0,0,0,0,0

SID,AVBB3C,ALL,5
IF,IVTEX,26.388056,107.156944, ,0.0,0.0,0,0,0,0,0,0,0,0
TF,LEBIV,26.545556,107.349722,0, ,0.0,0.0,0.0,0.0,0,0,0,0,0,0,0,0
TF,UBDID,26.781389,107.613333,0, ,0.0,0.0,0.0,0.0,0,0,0,0,0,0,0,0
TF,AVBOB,27.164444,108.197500,0, ,0.0,0.0,0.0,0.0,0,0,0,0,0,0,0,0

SID,AVBB46,19L,2
CD, ,0,0,0,KWE,0,0.0,192.0,6.0,2,5190,0,0,0,0,0,0
DF,KWE,26.523333,106.795000,2, ,0.0,0.0,0,0,0,1,205,0,0,0
TF,UBDID,26.781389,107.613333,0, ,0.0,0.0,0.0,0.0,0,0,0,0,0,0,0,0
TF,AVBOB,27.164444,108.197500,0, ,0.0,0.0,0.0,0.0,0,0,0,0,0,0,0,0

SID,AVBB46,19R,2
CD, ,0,0,0,KWE,0,0.0,192.0,6.0,2,5190,0,0,0,0,0,0
DF,KWE,26.523333,106.795000,2, ,0.0,0.0,0,0,0,1,205,0,0,0
TF,UBDID,26.781389,107.613333,0, ,0.0,0.0,0.0,0.0,0,0,0,0,0,0,0,0
TF,AVBOB,27.164444,108.197500,0, ,0.0,0.0,0.0,0.0,0,0,0,0,0,0,0,0

SID,BIPP01,01L,1
CF,D013H,26.654472,106.824092,0,KWE,13.3,8.0,12.0,7.0,2,5190,0,0,0,0,0,1
DF,SUMUN,26.786667,106.780278,0, ,0.0,0.0,0,0,0,1,205,0,0,0

SID,BIPP01,01R,1
CF,D015H,26.653792,106.827664,0,KWE,14.7,8.0,12.0,7.0,2,5190,0,0,0,0,0,1
DF,SUMUN,26.786667,106.780278,0, ,0.0,0.0,0,0,0,1,205,0,0,0

SID,BIPP01,ALL,2
IF,SUMUN,26.786667,106.780278, ,0.0,0.0,0,0,0,1,205,0,0,0
TF,BIPIP,27.199167,106.375278,0, ,0.0,0.0,0.0,0.0,0,0,0,0,0,0,0,0

SID,BIPP1A,01L,4
DF,DE01L,26.555075,106.804542,0, ,0.0,0.0,0,0,0,0,0,0,0,1
CF,GY401,26.653056,106.822667,0,KWE,12.9,7.9,12.0,6.0,2,5190,0,0,0,0,0,1
DF,GY407,26.865667,106.776139,0, ,0.0,0.0,0,0,0,0,0,0,0,0

SID,BIPP1A,01R,4
DF,DE01R,26.558961,106.809028,0, ,0.0,0.0,0,0,0,0,0,0,0,1
CF,GY411,26.652667,106.827167,0,KWE,14.6,7.9,12.0,6.0,2,5190,0,0,0,0,0,1
DF,GY407,26.865667,106.776139,0, ,0.0,0.0,0,0,0,0,0,0,0,0

SID,BIPP1A,ALL,5
IF,GY407,26.865667,106.776139, ,0.0,0.0,0,0,0,0,0,0,0,0
TF,BIPIP,27.199167,106.375278,0, ,0.0,0.0,0.0,0.0,0,0,0,0,0,0,0,0

SID,BIPP3C,19L,4
DF,DE19L,26.523406,106.802078,0, ,0.0,0.0,0,0,0,0,0,0,0,1
CF,GY511,26.422194,106.782361,0,KWE,188.4,6.1,192.0,6.0,2,5190,0,0,0,0,0,1
DF,GY406,26.511667,106.677750,2, ,0.0,0.0,0,0,0,1,205,0,0,0

SID,BIPP3C,19R,4
DF,DE19R,26.523961,106.798481,0, ,0.0,0.0,0,0,0,0,0,0,0,1
CF,GY501,26.422583,106.778722,0,KWE,190.3,6.1,192.0,6.0,2,5190,0,0,0,0,0,1
DF,GY406,26.511667,106.677750,2, ,0.0,0.0,0,0,0,1,205,0,0,0

SID,BIPP3C,ALL,5
IF,GY406,26.511667,106.677750, ,0.0,0.0,0,0,0,1,205,0,0,0
TF,GY507,26.938056,106.761139,0, ,0.0,0.0,0.0,0.0,0,0,0,0,0,0,0,0
TF,BIPIP,27.199167,106.375278,0, ,0.0,0.0,0.0,0.0,0,0,0,0,0,0,0,0

SID,BIPP46,19L,2
CA,0,192.0,2,6570,0,0,0,0,0,0
DF,KWE,26.523333,106.795000,1, ,0.0,0.0,0,0,0,1,205,0,0,0
TF,SUMUN,26.786667,106.780278,0, ,0.0,0.0,0.0,0.0,0,0,0,0,0,0,0,0
TF,BIPIP,27.199167,106.375278,0, ,0.0,0.0,0.0,0.0,0,0,0,0,0,0,0,0

SID,BIPP46,19R,2
CA,0,192.0,2,6570,0,0,0,0,0,0
DF,KWE,26.523333,106.795000,1, ,0.0,0.0,0,0,0,1,205,0,0,0
TF,SUMUN,26.786667,106.780278,0, ,0.0,0.0,0.0,0.0,0,0,0,0,0,0,0,0
TF,BIPIP,27.199167,106.375278,0, ,0.0,0.0,0.0,0.0,0,0,0,0,0,0,0,0

SID,DAGV01,01L,1
CF,D013H,26.654472,106.824092,0,KWE,13.3,8.0,12.0,7.0,2,5190,0,0,0,0,0,1
DF,KWE,26.523333,106.795000,1, ,0.0,0.0,0,0,0,1,205,0,0,0

SID,DAGV01,01R,1
CF,D015H,26.653792,106.827664,0,KWE,14.7,8.0,12.0,7.0,2,5190,0,0,0,0,0,1
DF,KWE,26.523333,106.795000,1, ,0.0,0.0,0,0,0,1,205,0,0,0

SID,DAGV01,ALL,2
IF,KWE,26.523333,106.795000, ,0.0,0.0,0,0,0,1,205,0,0,0
TF,DAGVO,26.403056,108.374444,0, ,0.0,0.0,0.0,0.0,0,0,0,0,0,0,0,0

SID,DAGV1A,01L,4
DF,DE01L,26.555075,106.804542,0, ,0.0,0.0,0,0,0,0,0,0,0,1
CF,GY401,26.653056,106.822667,0,KWE,12.9,7.9,12.0,6.0,2,5190,0,0,0,0,0,1
DF,MASRO,26.633056,107.142778,2, ,0.0,0.0,0,0,0,1,230,0,0,0

SID,DAGV1A,01R,4
DF,DE01R,26.558961,106.809028,0, ,0.0,0.0,0,0,0,0,0,0,0,1
CF,GY411,26.652667,106.827167,0,KWE,14.6,7.9,12.0,6.0,2,5190,0,1,230,0,0,1
DF,MASRO,26.633056,107.142778,2, ,0.0,0.0,0,0,0,0,0,0,0,0

SID,DAGV1A,ALL,5
IF,MASRO,26.633056,107.142778, ,0.0,0.0,0,0,0,1,230,0,0,0
TF,IGLUD,26.474167,107.518333,0, ,0.0,0.0,0.0,0.0,0,0,0,0,0,0,0,0
TF,DAGVO,26.403056,108.374444,0, ,0.0,0.0,0.0,0.0,0,0,0,0,0,0,0,0

SID,DAGV3C,19L,4
DF,DE19L,26.523406,106.802078,0, ,0.0,0.0,0,0,0,0,0,0,0,1
CA,0,192.0,2,6570,0,0,0,0,0,0
DF,IVTEX,26.388056,107.156944,1, ,0.0,0.0,0,0,0,0,0,0,0,0

SID,DAGV3C,19R,4
DF,DE19R,26.523961,106.798481,0, ,0.0,0.0,0,0,0,0,0,0,0,1
CA,0,192.0,2,6570,0,0,0,0,0,0
DF,IVTEX,26.388056,107.156944,1, ,0.0,0.0,0,0,0,0,0,0,0,0

SID,DAGV3C,ALL,5
IF,IVTEX,26.388056,107.156944, ,0.0,0.0,0,0,0,0,0,0,0,0
TF,DAGVO,26.403056,108.374444,0, ,0.0,0.0,0.0,0.0,0,0,0,0,0,0,0,0

SID,DAGV46,19L,2
CA,0,192.0,2,6570,0,0,0,0,0,0
CI,1, ,0.0,51.0,0,0,0,1,205,0,0,0
CF,DAGVO,26.403056,108.374444,0,KWE,96.5,85.4,96.0,77.0,0,0,0,0,0,0,0,0

SID,DAGV46,19R,2
CA,0,192.0,2,6570,0,0,0,0,0,0
CI,1, ,0.0,51.0,0,0,0,1,205,0,0,0
CF,DAGVO,26.403056,108.374444,0,KWE,96.5,85.4,96.0,77.0,0,0,0,0,0,0,0,0

SID,ESLR01,01L,1
CF,D013H,26.654472,106.824092,0,KWE,13.3,8.0,12.0,7.0,2,5190,0,0,0,0,0,1
CI,0, ,0.0,58.0,0,0,0,1,205,0,0,0
CF,LIDMA,26.933333,107.016389,0,KWE,27.8,27.3,28.0,16.0,0,0,0,0,0,0,0,0

SID,ESLR01,01R,1
CF,D015H,26.653792,106.827664,0,KWE,14.7,8.0,12.0,7.0,2,5190,0,0,0,0,0,1
CI,0, ,0.0,58.0,0,0,0,1,205,0,0,0
CF,LIDMA,26.933333,107.016389,0,KWE,27.8,27.3,28.0,16.0,0,0,0,0,0,0,0,0

SID,ESLR01,ALL,2
IF,LIDMA,26.933333,107.016389, ,0.0,0.0,0,0,0,0,0,0,0,0
TF,ESLIR,27.550556,107.913889,0, ,0.0,0.0,0.0,0.0,0,0,0,0,0,0,0,0

SID,ESLR1A,01L,4
DF,DE01L,26.555075,106.804542,0, ,0.0,0.0,0,0,0,0,0,0,0,1
CF,GY401,26.653056,106.822667,0,KWE,12.9,7.9,12.0,6.0,2,5190,0,0,0,0,0,1
DF,LIDMA,26.933333,107.016389,0, ,0.0,0.0,0,0,0,0,0,0,0,0

SID,ESLR1A,01R,4
DF,DE01R,26.558961,106.809028,0, ,0.0,0.0,0,0,0,0,0,0,0,1
CF,GY411,26.652667,106.827167,0,KWE,14.6,7.9,12.0,6.0,2,5190,0,0,0,0,0,1
DF,LIDMA,26.933333,107.016389,0, ,0.0,0.0,0,0,0,0,0,0,0,0

SID,ESLR1A,ALL,5
IF,LIDMA,26.933333,107.016389, ,0.0,0.0,0,0,0,0,0,0,0,0
TF,ESLIR,27.550556,107.913889,0, ,0.0,0.0,0.0,0.0,0,0,0,0,0,0,0,0

SID,ESLR3C,19L,4
DF,DE19L,26.523406,106.802078,0, ,0.0,0.0,0,0,0,0,0,0,0,1
CA,0,192.0,2,6570,0,0,0,0,0,0
DF,IVTEX,26.388056,107.156944,1, ,0.0,0.0,0,0,0,0,0,0,0,0

SID,ESLR3C,19R,4
DF,DE19R,26.523961,106.798481,0, ,0.0,0.0,0,0,0,0,0,0,0,1
CA,0,192.0,2,6570,0,0,0,0,0,0
DF,IVTEX,26.388056,107.156944,1, ,0.0,0.0,0,0,0,0,0,0,0,0

SID,ESLR3C,ALL,5
IF,IVTEX,26.388056,107.156944, ,0.0,0.0,0,0,0,0,0,0,0,0
TF,LEBIV,26.545556,107.349722,0, ,0.0,0.0,0.0,0.0,0,0,0,0,0,0,0,0
TF,UBDID,26.781389,107.613333,0, ,0.0,0.0,0.0,0.0,0,0,0,0,0,0,0,0
TF,ESLIR,27.550556,107.913889,0, ,0.0,0.0,0.0,0.0,0,0,0,0,0,0,0,0

SID,ESLR46,19L,2
CD, ,0,0,0,KWE,0,0.0,192.0,6.0,2,5190,0,0,0,0,0,0
DF,KWE,26.523333,106.795000,2, ,0.0,0.0,0,0,0,1,205,0,0,0
TF,LIDMA,26.933333,107.016389,0, ,0.0,0.0,0.0,0.0,0,0,0,0,0,0,0,0
TF,ESLIR,27.550556,107.913889,0, ,0.0,0.0,0.0,0.0,0,0,0,0,0,0,0,0

SID,ESLR46,19R,2
CD, ,0,0,0,KWE,0,0.0,192.0,6.0,2,5190,0,0,0,0,0,0
DF,KWE,26.523333,106.795000,2, ,0.0,0.0,0,0,0,1,205,0,0,0
TF,LIDMA,26.933333,107.016389,0, ,0.0,0.0,0.0,0.0,0,0,0,0,0,0,0,0
TF,ESLIR,27.550556,107.913889,0, ,0.0,0.0,0.0,0.0,0,0,0,0,0,0,0,0

SID,IDEP01,01L,1
CF,D013H,26.654472,106.824092,0,KWE,13.3,8.0,12.0,7.0,2,5190,0,0,0,0,0,1
DF,KWE,26.523333,106.795000,1, ,0.0,0.0,0,0,0,1,205,0,0,0

SID,IDEP01,01R,1
CF,D015H,26.653792,106.827664,0,KWE,14.7,8.0,12.0,7.0,2,5190,0,0,0,0,0,1
DF,KWE,26.523333,106.795000,1, ,0.0,0.0,0,0,0,1,205,0,0,0

SID,IDEP01,ALL,2
IF,KWE,26.523333,106.795000, ,0.0,0.0,0,0,0,1,205,0,0,0
TF,IDEPO,25.715278,107.678889,0, ,0.0,0.0,0.0,0.0,0,0,0,0,0,0,0,0

SID,IDEP1A,01L,4
DF,DE01L,26.555075,106.804542,0, ,0.0,0.0,0,0,0,0,0,0,0,1
CF,GY401,26.653056,106.822667,0,KWE,12.9,7.9,12.0,6.0,2,5190,0,0,0,0,0,1
DF,MASRO,26.633056,107.142778,2, ,0.0,0.0,0,0,0,1,230,0,0,0

SID,IDEP1A,01R,4
DF,DE01R,26.558961,106.809028,0, ,0.0,0.0,0,0,0,0,0,0,0,1
CF,GY411,26.652667,106.827167,0,KWE,14.6,7.9,12.0,6.0,2,5190,0,0,0,0,0,1
DF,MASRO,26.633056,107.142778,2, ,0.0,0.0,0,0,0,1,230,0,0,0

SID,IDEP1A,ALL,5
IF,MASRO,26.633056,107.142778, ,0.0,0.0,0,0,0,1,230,0,0,0
TF,IGLUD,26.474167,107.518333,0, ,0.0,0.0,0.0,0.0,0,0,0,0,0,0,0,0
TF,GY668,26.193889,107.559444,0, ,0.0,0.0,0.0,0.0,0,0,0,0,0,0,0,0
TF,IDEPO,25.715278,107.678889,0, ,0.0,0.0,0.0,0.0,0,0,0,0,0,0,0,0

SID,IDEP3C,19L,4
DF,DE19L,26.523406,106.802078,0, ,0.0,0.0,0,0,0,0,0,0,0,1
CA,0,192.0,2,6570,0,0,0,0,0,0
DF,GY410,26.250139,106.999250,0, ,0.0,0.0,0,0,0,0,0,0,0,0

SID,IDEP3C,19R,4
DF,DE19R,26.523961,106.798481,0, ,0.0,0.0,0,0,0,0,0,0,0,1
CA,0,192.0,2,6570,0,0,0,0,0,0
DF,GY410,26.250139,106.999250,0, ,0.0,0.0,0,0,0,0,0,0,0,0

SID,IDEP3C,ALL,5
IF,GY410,26.250139,106.999250, ,0.0,0.0,0,0,0,0,0,0,0,0
TF,IDEPO,25.715278,107.678889,0, ,0.0,0.0,0.0,0.0,0,0,0,0,0,0,0,0

SID,IDEP46,19L,2
CA,0,192.0,2,6570,0,0,0,0,0,0
CI,1, ,0.0,92.0,0,0,0,1,205,0,0,0
CF,IDEPO,25.715278,107.678889,0,KWE,137.2,67.9,137.0,58.0,0,0,0,0,0,0,0,0

SID,IDEP46,19R,2
CA,0,192.0,2,6570,0,0,0,0,0,0
CI,1, ,0.0,92.0,0,0,0,1,205,0,0,0
CF,IDEPO,25.715278,107.678889,0,KWE,137.2,67.9,137.0,58.0,0,0,0,0,0,0,0,0

STAR,ELKA68,01L,2
IF,ELKAL,26.096667,108.397222, ,0.0,0.0,0,0,0,0,0,0,0,0
TF,RUPIL,26.237222,107.170833,0, ,0.0,0.0,0.0,0.0,0,0,0,0,0,0,0,0
TF,D132P,26.350833,107.022033,0, ,0.0,0.0,0.0,0.0,2,8860,0,1,205,0,0,0

STAR,ELKA68,01R,2
IF,ELKAL,26.096667,108.397222, ,0.0,0.0,0,0,0,0,0,0,0,0
TF,RUPIL,26.237222,107.170833,0, ,0.0,0.0,0.0,0.0,0,0,0,0,0,0,0,0
TF,D132P,26.350833,107.022033,0, ,0.0,0.0,0.0,0.0,2,8860,0,1,205,0,0,0

STAR,ELKA6W,19L,5
IF,ELKAL,26.096667,108.397222, ,0.0,0.0,0,0,0,0,0,0,0,0
TF,GY805,26.163222,107.827472,0, ,0.0,0.0,0.0,0.0,0,0,0,0,0,0,0,0
TF,GY668,26.193889,107.559444,0, ,0.0,0.0,0.0,0.0,0,0,0,0,0,0,0,0
TF,RUPIL,26.237222,107.170833,0, ,0.0,0.0,0.0,0.0,0,0,0,0,0,0,0,0
TF,EPDIX,26.268056,106.887778,0, ,0.0,0.0,0.0,0.0,0,0,0,0,0,0,0,0
TF,GY820,26.344083,106.645167,0, ,0.0,0.0,0.0,0.0,0,0,0,0,0,0,0,0
TF,GY817,26.460667,106.667833,0, ,0.0,0.0,0.0,0.0,0,0,0,0,0,0,0,0
TF,GY823,26.861750,106.746139,0, ,0.0,0.0,0.0,0.0,2,7880,0,1,205,0,0,0

STAR,ELKA6W,19R,5
IF,ELKAL,26.096667,108.397222, ,0.0,0.0,0,0,0,0,0,0,0,0
TF,GY805,26.163222,107.827472,0, ,0.0,0.0,0.0,0.0,0,0,0,0,0,0,0,0
TF,GY668,26.193889,107.559444,0, ,0.0,0.0,0.0,0.0,0,0,0,0,0,0,0,0
TF,RUPIL,26.237222,107.170833,0, ,0.0,0.0,0.0,0.0,0,0,0,0,0,0,0,0
TF,EPDIX,26.268056,106.887778,0, ,0.0,0.0,0.0,0.0,0,0,0,0,0,0,0,0
TF,GY820,26.344083,106.645167,0, ,0.0,0.0,0.0,0.0,0,0,0,0,0,0,0,0
TF,GY817,26.460667,106.667833,0, ,0.0,0.0,0.0,0.0,0,0,0,0,0,0,0,0
TF,GY823,26.861750,106.746139,0, ,0.0,0.0,0.0,0.0,2,7880,0,1,205,0,0,0

STAR,ELKA79,01L,2
IF,ELKAL,26.096667,108.397222, ,0.0,0.0,0,0,0,0,0,0,0,0
TF,RUPIL,26.237222,107.170833,0, ,0.0,0.0,0.0,0.0,0,0,0,0,0,0,0,0
TF,D132P,26.350833,107.022033,0, ,0.0,0.0,0.0,0.0,2,8860,0,1,205,0,0,0
TF,KWE,26.523333,106.795000,0, ,0.0,0.0,0.0,0.0,2,8860,0,1,205,0,0,0

STAR,ELKA79,01R,2
IF,ELKAL,26.096667,108.397222, ,0.0,0.0,0,0,0,0,0,0,0,0
TF,RUPIL,26.237222,107.170833,0, ,0.0,0.0,0.0,0.0,0,0,0,0,0,0,0,0
TF,D132P,26.350833,107.022033,0, ,0.0,0.0,0.0,0.0,2,8860,0,1,205,0,0,0
TF,KWE,26.523333,106.795000,0, ,0.0,0.0,0.0,0.0,2,8860,0,1,205,0,0,0

STAR,ELKA7X,19L,5
IF,ELKAL,26.096667,108.397222, ,0.0,0.0,0,0,0,0,0,0,0,0
TF,GY805,26.163222,107.827472,0, ,0.0,0.0,0.0,0.0,0,0,0,0,0,0,0,0
TF,GY668,26.193889,107.559444,0, ,0.0,0.0,0.0,0.0,0,0,0,0,0,0,0,0
TF,RUPIL,26.237222,107.170833,0, ,0.0,0.0,0.0,0.0,0,0,0,0,0,0,0,0
TF,EPDIX,26.268056,106.887778,0, ,0.0,0.0,0.0,0.0,0,0,0,0,0,0,0,0
TF,GY802,26.484250,106.940333,2, ,0.0,0.0,0.0,0.0,0,0,0,0,0,0,0,0
TF,LIKRI,26.817500,107.021944,0, ,0.0,0.0,0.0,0.0,2,7880,0,1,205,0,0,0

STAR,ELKA7X,19R,5
IF,ELKAL,26.096667,108.397222, ,0.0,0.0,0,0,0,0,0,0,0,0
TF,GY805,26.163222,107.827472,0, ,0.0,0.0,0.0,0.0,0,0,0,0,0,0,0,0
TF,GY668,26.193889,107.559444,0, ,0.0,0.0,0.0,0.0,0,0,0,0,0,0,0,0
TF,RUPIL,26.237222,107.170833,0, ,0.0,0.0,0.0,0.0,0,0,0,0,0,0,0,0
TF,EPDIX,26.268056,106.887778,0, ,0.0,0.0,0.0,0.0,0,0,0,0,0,0,0,0
TF,GY802,26.484250,106.940333,2, ,0.0,0.0,0.0,0.0,0,0,0,0,0,0,0,0
TF,LIKRI,26.817500,107.021944,0, ,0.0,0.0,0.0,0.0,2,7880,0,1,205,0,0,0

STAR,ELKA82,19L,2
IF,ELKAL,26.096667,108.397222, ,0.0,0.0,0,0,0,0,0,0,0,0
TF,RUPIL,26.237222,107.170833,0, ,0.0,0.0,0.0,0.0,0,0,0,0,0,0,0,0
TF,D132R,26.329247,107.050364,0, ,0.0,0.0,0.0,0.0,2,8860,0,1,205,0,0,0

STAR,ELKA82,19R,2
IF,ELKAL,26.096667,108.397222, ,0.0,0.0,0,0,0,0,0,0,0,0
TF,RUPIL,26.237222,107.170833,0, ,0.0,0.0,0.0,0.0,0,0,0,0,0,0,0,0
TF,D132R,26.329247,107.050364,0, ,0.0,0.0,0.0,0.0,2,8860,0,1,205,0,0,0

STAR,ELKA90,19L,2
IF,ELKAL,26.096667,108.397222, ,0.0,0.0,0,0,0,0,0,0,0,0
TF,RUPIL,26.237222,107.170833,0, ,0.0,0.0,0.0,0.0,0,0,0,0,0,0,0,0
TF,D132R,26.329247,107.050364,0, ,0.0,0.0,0.0,0.0,2,8860,0,1,205,0,0,0
TF,KWE,26.523333,106.795000,0, ,0.0,0.0,0.0,0.0,2,8860,0,1,205,0,0,0

STAR,ELKA90,19R,2
IF,ELKAL,26.096667,108.397222, ,0.0,0.0,0,0,0,0,0,0,0,0
TF,RUPIL,26.237222,107.170833,0, ,0.0,0.0,0.0,0.0,0,0,0,0,0,0,0,0
TF,D132R,26.329247,107.050364,0, ,0.0,0.0,0.0,0.0,2,8860,0,1,205,0,0,0
TF,KWE,26.523333,106.795000,0, ,0.0,0.0,0.0,0.0,2,8860,0,1,205,0,0,0

STAR,ELKA9Z,01L,5
IF,ELKAL,26.096667,108.397222, ,0.0,0.0,0,0,0,0,0,0,0,0
TF,GY805,26.163222,107.827472,0, ,0.0,0.0,0.0,0.0,0,0,0,0,0,0,0,0
TF,GY668,26.193889,107.559444,0, ,0.0,0.0,0.0,0.0,0,0,0,0,0,0,0,0
TF,RUPIL,26.237222,107.170833,0, ,0.0,0.0,0.0,0.0,0,0,0,0,0,0,0,0
TF,EPDIX,26.268056,106.887778,0, ,0.0,0.0,0.0,0.0,2,7880,0,1,205,0,0,0

STAR,ELKA9Z,01R,5
IF,ELKAL,26.096667,108.397222, ,0.0,0.0,0,0,0,0,0,0,0,0
TF,GY805,26.163222,107.827472,0, ,0.0,0.0,0.0,0.0,0,0,0,0,0,0,0,0
TF,GY668,26.193889,107.559444,0, ,0.0,0.0,0.0,0.0,0,0,0,0,0,0,0,0
TF,RUPIL,26.237222,107.170833,0, ,0.0,0.0,0.0,0.0,0,0,0,0,0,0,0,0
TF,EPDIX,26.268056,106.887778,0, ,0.0,0.0,0.0,0.0,2,7880,0,1,205,0,0,0

STAR,MEMA68,01L,2
IF,MEMAG,27.475000,106.987222, ,0.0,0.0,0,0,0,0,0,0,0,0
TF,LIKRI,26.817500,107.021944,0, ,0.0,0.0,0.0,0.0,0,0,0,0,0,0,0,0
TF,KWE,26.523333,106.795000,0, ,0.0,0.0,0.0,0.0,2,8860,0,1,205,0,0,0

STAR,MEMA68,01R,2
IF,MEMAG,27.475000,106.987222, ,0.0,0.0,0,0,0,0,0,0,0,0
TF,LIKRI,26.817500,107.021944,0, ,0.0,0.0,0.0,0.0,0,0,0,0,0,0,0,0
TF,KWE,26.523333,106.795000,0, ,0.0,0.0,0.0,0.0,2,8860,0,1,205,0,0,0

STAR,MEMA7X,19L,5
IF,MEMAG,27.475000,106.987222, ,0.0,0.0,0,0,0,0,0,0,0,0
TF,GY822,27.206889,106.990028,0, ,0.0,0.0,0.0,0.0,0,0,0,0,0,0,0,0
TF,GY818,27.038750,106.919583,0, ,0.0,0.0,0.0,0.0,2,7880,0,1,205,0,0,0

STAR,MEMA7X,19R,5
IF,MEMAG,27.475000,106.987222, ,0.0,0.0,0,0,0,0,0,0,0,0
TF,GY822,27.206889,106.990028,0, ,0.0,0.0,0.0,0.0,0,0,0,0,0,0,0,0
TF,GY818,27.038750,106.919583,0, ,0.0,0.0,0.0,0.0,2,7880,0,1,205,0,0,0

STAR,MEMA82,19L,2
IF,MEMAG,27.475000,106.987222, ,0.0,0.0,0,0,0,0,0,0,0,0
TF,LIDMA,26.933333,107.016389,0, ,0.0,0.0,0.0,0.0,0,0,0,0,0,0,0,0
TF,LIKRI,26.817500,107.021944,0, ,0.0,0.0,0.0,0.0,2,8860,0,1,205,0,0,0

STAR,MEMA82,19R,2
IF,MEMAG,27.475000,106.987222, ,0.0,0.0,0,0,0,0,0,0,0,0
TF,LIDMA,26.933333,107.016389,0, ,0.0,0.0,0.0,0.0,0,0,0,0,0,0,0,0
TF,LIKRI,26.817500,107.021944,0, ,0.0,0.0,0.0,0.0,2,8860,0,1,205,0,0,0

STAR,MEMA8Y,01L,5
IF,MEMAG,27.475000,106.987222, ,0.0,0.0,0,0,0,0,0,0,0,0
TF,LIKRI,26.817500,107.021944,0, ,0.0,0.0,0.0,0.0,0,0,0,0,0,0,0,0
TF,GY811,26.765500,106.727361,0, ,0.0,0.0,0.0,0.0,0,0,0,0,0,0,0,0
TF,GY812,26.590528,106.693167,0, ,0.0,0.0,0.0,0.0,0,0,0,0,0,0,0,0
TF,GY813,26.307611,106.638083,0, ,0.0,0.0,0.0,0.0,2,7880,0,1,205,0,0,0

STAR,MEMA8Y,01R,5
IF,MEMAG,27.475000,106.987222, ,0.0,0.0,0,0,0,0,0,0,0,0
TF,LIKRI,26.817500,107.021944,0, ,0.0,0.0,0.0,0.0,0,0,0,0,0,0,0,0
TF,GY811,26.765500,106.727361,0, ,0.0,0.0,0.0,0.0,0,0,0,0,0,0,0,0
TF,GY812,26.590528,106.693167,0, ,0.0,0.0,0.0,0.0,0,0,0,0,0,0,0,0
TF,GY813,26.307611,106.638083,0, ,0.0,0.0,0.0,0.0,2,7880,0,1,205,0,0,0

STAR,MEMA90,19L,2
IF,MEMAG,27.475000,106.987222, ,0.0,0.0,0,0,0,0,0,0,0,0
TF,LIDMA,26.933333,107.016389,0, ,0.0,0.0,0.0,0.0,0,0,0,0,0,0,0,0
TF,LIKRI,26.817500,107.021944,0, ,0.0,0.0,0.0,0.0,2,8860,0,1,205,0,0,0
TF,KWE,26.523333,106.795000,0, ,0.0,0.0,0.0,0.0,2,8860,0,1,205,0,0,0

STAR,MEMA90,19R,2
IF,MEMAG,27.475000,106.987222, ,0.0,0.0,0,0,0,0,0,0,0,0
TF,LIDMA,26.933333,107.016389,0, ,0.0,0.0,0.0,0.0,0,0,0,0,0,0,0,0
TF,LIKRI,26.817500,107.021944,0, ,0.0,0.0,0.0,0.0,2,8860,0,1,205,0,0,0
TF,KWE,26.523333,106.795000,0, ,0.0,0.0,0.0,0.0,2,8860,0,1,205,0,0,0

STAR,MEMA9Z,01L,5
IF,MEMAG,27.475000,106.987222, ,0.0,0.0,0,0,0,0,0,0,0,0
TF,LIKRI,26.817500,107.021944,0, ,0.0,0.0,0.0,0.0,0,0,0,0,0,0,0,0
TF,GY802,26.484250,106.940333,0, ,0.0,0.0,0.0,0.0,0,0,0,0,0,0,0,0
TF,EPDIX,26.268056,106.887778,0, ,0.0,0.0,0.0,0.0,2,7880,0,1,205,0,0,0

STAR,MEMA9Z,01R,5
IF,MEMAG,27.475000,106.987222, ,0.0,0.0,0,0,0,0,0,0,0,0
TF,LIKRI,26.817500,107.021944,0, ,0.0,0.0,0.0,0.0,0,0,0,0,0,0,0,0
TF,GY802,26.484250,106.940333,0, ,0.0,0.0,0.0,0.0,0,0,0,0,0,0,0,0
TF,EPDIX,26.268056,106.887778,0, ,0.0,0.0,0.0,0.0,2,7880,0,1,205,0,0,0

STAR,QNX68,01L,2
IF,QNX,27.041667,106.030000, ,0.0,0.0,0,0,0,0,0,0,0,0
TF,KWE,26.523333,106.795000,0, ,0.0,0.0,0.0,0.0,2,8860,0,1,205,0,0,0

STAR,QNX68,01R,2
IF,QNX,27.041667,106.030000, ,0.0,0.0,0,0,0,0,0,0,0,0
TF,KWE,26.523333,106.795000,0, ,0.0,0.0,0.0,0.0,2,8860,0,1,205,0,0,0

STAR,QNX7X,19L,5
IF,QNX,27.041667,106.030000, ,0.0,0.0,0,0,0,0,0,0,0,0
TF,GY827,26.936694,106.181167,0, ,0.0,0.0,0.0,0.0,0,0,0,0,0,0,0,0
TF,GY826,26.911139,106.347139,0, ,0.0,0.0,0.0,0.0,0,0,0,0,0,0,0,0
TF,GY823,26.861750,106.746139,0, ,0.0,0.0,0.0,0.0,2,7880,0,1,205,0,0,0

STAR,QNX7X,19R,5
IF,QNX,27.041667,106.030000, ,0.0,0.0,0,0,0,0,0,0,0,0
TF,GY827,26.936694,106.181167,0, ,0.0,0.0,0.0,0.0,0,0,0,0,0,0,0,0
TF,GY826,26.911139,106.347139,0, ,0.0,0.0,0.0,0.0,0,0,0,0,0,0,0,0
TF,GY823,26.861750,106.746139,0, ,0.0,0.0,0.0,0.0,2,7880,0,1,205,0,0,0

STAR,QNX82,19L,2
IF,QNX,27.041667,106.030000, ,0.0,0.0,0,0,0,0,0,0,0,0
TF,D309R,26.705083,106.528242,0, ,0.0,0.0,0.0,0.0,2,8860,0,1,205,0,0,0

STAR,QNX82,19R,2
IF,QNX,27.041667,106.030000, ,0.0,0.0,0,0,0,0,0,0,0,0
TF,D309R,26.705083,106.528242,0, ,0.0,0.0,0.0,0.0,2,8860,0,1,205,0,0,0

STAR,QNX8Y,01L,5
IF,QNX,27.041667,106.030000, ,0.0,0.0,0,0,0,0,0,0,0,0
TF,GY816,26.793972,106.393111,0, ,0.0,0.0,0.0,0.0,0,0,0,0,0,0,0,0
TF,GY812,26.590528,106.693167,0, ,0.0,0.0,0.0,0.0,0,0,0,0,0,0,0,0
TF,GY813,26.307611,106.638083,0, ,0.0,0.0,0.0,0.0,2,7880,0,1,205,0,0,0

STAR,QNX8Y,01R,5
IF,QNX,27.041667,106.030000, ,0.0,0.0,0,0,0,0,0,0,0,0
TF,GY816,26.793972,106.393111,0, ,0.0,0.0,0.0,0.0,0,0,0,0,0,0,0,0
TF,GY812,26.590528,106.693167,0, ,0.0,0.0,0.0,0.0,0,0,0,0,0,0,0,0
TF,GY813,26.307611,106.638083,0, ,0.0,0.0,0.0,0.0,2,7880,0,1,205,0,0,0

STAR,QNX90,19L,2
IF,QNX,27.041667,106.030000, ,0.0,0.0,0,0,0,0,0,0,0,0
TF,D309R,26.705083,106.528242,0, ,0.0,0.0,0.0,0.0,2,8860,0,1,205,0,0,0
TF,KWE,26.523333,106.795000,0, ,0.0,0.0,0.0,0.0,2,8860,0,1,205,0,0,0

STAR,QNX90,19R,2
IF,QNX,27.041667,106.030000, ,0.0,0.0,0,0,0,0,0,0,0,0
TF,D309R,26.705083,106.528242,0, ,0.0,0.0,0.0,0.0,2,8860,0,1,205,0,0,0
TF,KWE,26.523333,106.795000,0, ,0.0,0.0,0.0,0.0,2,8860,0,1,205,0,0,0

STAR,QNX9Z,01L,5
IF,QNX,27.041667,106.030000, ,0.0,0.0,0,0,0,0,0,0,0,0
TF,GY816,26.793972,106.393111,0, ,0.0,0.0,0.0,0.0,0,0,0,0,0,0,0,0
TF,GY812,26.590528,106.693167,0, ,0.0,0.0,0.0,0.0,0,0,0,0,0,0,0,0
TF,KWE,26.523333,106.795000,0, ,0.0,0.0,0.0,0.0,0,0,0,0,0,0,0,0
TF,GY802,26.484250,106.940333,0, ,0.0,0.0,0.0,0.0,0,0,0,0,0,0,0,0
TF,EPDIX,26.268056,106.887778,0, ,0.0,0.0,0.0,0.0,2,7880,0,1,205,0,0,0

STAR,QNX9Z,01R,5
IF,QNX,27.041667,106.030000, ,0.0,0.0,0,0,0,0,0,0,0,0
TF,GY816,26.793972,106.393111,0, ,0.0,0.0,0.0,0.0,0,0,0,0,0,0,0,0
TF,GY812,26.590528,106.693167,0, ,0.0,0.0,0.0,0.0,0,0,0,0,0,0,0,0
TF,KWE,26.523333,106.795000,0, ,0.0,0.0,0.0,0.0,0,0,0,0,0,0,0,0
TF,GY802,26.484250,106.940333,0, ,0.0,0.0,0.0,0.0,0,0,0,0,0,0,0,0
TF,EPDIX,26.268056,106.887778,0, ,0.0,0.0,0.0,0.0,2,7880,0,1,205,0,0,0

STAR,UBGU68,01L,2
IF,UBGUP,27.008056,108.311667, ,0.0,0.0,0,0,0,0,0,0,0,0
TF,BURGI,26.864722,108.097500,0, ,0.0,0.0,0.0,0.0,0,0,0,0,0,0,0,0
TF,IGLUD,26.474167,107.518333,0, ,0.0,0.0,0.0,0.0,0,0,0,0,0,0,0,0
TF,D096P,26.503969,107.091497,0, ,0.0,0.0,0.0,0.0,2,8860,0,1,205,0,0,0

STAR,UBGU68,01R,2
IF,UBGUP,27.008056,108.311667, ,0.0,0.0,0,0,0,0,0,0,0,0
TF,BURGI,26.864722,108.097500,0, ,0.0,0.0,0.0,0.0,0,0,0,0,0,0,0,0
TF,IGLUD,26.474167,107.518333,0, ,0.0,0.0,0.0,0.0,0,0,0,0,0,0,0,0
TF,D096P,26.503969,107.091497,0, ,0.0,0.0,0.0,0.0,2,8860,0,1,205,0,0,0

STAR,UBGU79,01L,2
IF,UBGUP,27.008056,108.311667, ,0.0,0.0,0,0,0,0,0,0,0,0
TF,BURGI,26.864722,108.097500,0, ,0.0,0.0,0.0,0.0,0,0,0,0,0,0,0,0
TF,IGLUD,26.474167,107.518333,0, ,0.0,0.0,0.0,0.0,0,0,0,0,0,0,0,0
TF,D096P,26.503969,107.091497,0, ,0.0,0.0,0.0,0.0,2,8860,0,1,205,0,0,0
TF,KWE,26.523333,106.795000,0, ,0.0,0.0,0.0,0.0,2,8860,0,1,205,0,0,0

STAR,UBGU79,01R,2
IF,UBGUP,27.008056,108.311667, ,0.0,0.0,0,0,0,0,0,0,0,0
TF,BURGI,26.864722,108.097500,0, ,0.0,0.0,0.0,0.0,0,0,0,0,0,0,0,0
TF,IGLUD,26.474167,107.518333,0, ,0.0,0.0,0.0,0.0,0,0,0,0,0,0,0,0
TF,D096P,26.503969,107.091497,0, ,0.0,0.0,0.0,0.0,2,8860,0,1,205,0,0,0
TF,KWE,26.523333,106.795000,0, ,0.0,0.0,0.0,0.0,2,8860,0,1,205,0,0,0

STAR,UBGU7X,19L,5
IF,UBGUP,27.008056,108.311667, ,0.0,0.0,0,0,0,0,0,0,0,0
TF,GY814,26.988583,107.953667,0, ,0.0,0.0,0.0,0.0,0,0,0,0,0,0,0,0
TF,LIDMA,26.933333,107.016389,0, ,0.0,0.0,0.0,0.0,2,7880,0,1,205,0,0,0

STAR,UBGU7X,19R,5
IF,UBGUP,27.008056,108.311667, ,0.0,0.0,0,0,0,0,0,0,0,0
TF,GY814,26.988583,107.953667,0, ,0.0,0.0,0.0,0.0,0,0,0,0,0,0,0,0
TF,LIDMA,26.933333,107.016389,0, ,0.0,0.0,0.0,0.0,2,7880,0,1,205,0,0,0

STAR,UBGU82,19L,2
IF,UBGUP,27.008056,108.311667, ,0.0,0.0,0,0,0,0,0,0,0,0
TF,LIDMA,26.933333,107.016389,0, ,0.0,0.0,0.0,0.0,0,0,0,0,0,0,0,0
TF,LIKRI,26.817500,107.021944,0, ,0.0,0.0,0.0,0.0,2,8860,0,1,205,0,0,0

STAR,UBGU82,19R,2
IF,UBGUP,27.008056,108.311667, ,0.0,0.0,0,0,0,0,0,0,0,0
TF,LIDMA,26.933333,107.016389,0, ,0.0,0.0,0.0,0.0,0,0,0,0,0,0,0,0
TF,LIKRI,26.817500,107.021944,0, ,0.0,0.0,0.0,0.0,2,8860,0,1,205,0,0,0

STAR,UBGU90,19L,2
IF,UBGUP,27.008056,108.311667, ,0.0,0.0,0,0,0,0,0,0,0,0
TF,LIDMA,26.933333,107.016389,0, ,0.0,0.0,0.0,0.0,0,0,0,0,0,0,0,0
TF,LIKRI,26.817500,107.021944,0, ,0.0,0.0,0.0,0.0,2,8860,0,1,205,0,0,0
TF,KWE,26.523333,106.795000,0, ,0.0,0.0,0.0,0.0,2,8860,0,1,205,0,0,0

STAR,UBGU90,19R,2
IF,UBGUP,27.008056,108.311667, ,0.0,0.0,0,0,0,0,0,0,0,0
TF,LIDMA,26.933333,107.016389,0, ,0.0,0.0,0.0,0.0,0,0,0,0,0,0,0,0
TF,LIKRI,26.817500,107.021944,0, ,0.0,0.0,0.0,0.0,2,8860,0,1,205,0,0,0
TF,KWE,26.523333,106.795000,0, ,0.0,0.0,0.0,0.0,2,8860,0,1,205,0,0,0

STAR,UBGU9Z,01L,5
IF,UBGUP,27.008056,108.311667, ,0.0,0.0,0,0,0,0,0,0,0,0
TF,BURGI,26.864722,108.097500,0, ,0.0,0.0,0.0,0.0,0,0,0,0,0,0,0,0
TF,IGLUD,26.474167,107.518333,0, ,0.0,0.0,0.0,0.0,0,0,0,0,0,0,0,0
TF,RUPIL,26.237222,107.170833,0, ,0.0,0.0,0.0,0.0,0,0,0,0,0,0,0,0
TF,EPDIX,26.268056,106.887778,0, ,0.0,0.0,0.0,0.0,2,7880,0,1,205,0,0,0

STAR,UBGU9Z,01R,5
IF,UBGUP,27.008056,108.311667, ,0.0,0.0,0,0,0,0,0,0,0,0
TF,BURGI,26.864722,108.097500,0, ,0.0,0.0,0.0,0.0,0,0,0,0,0,0,0,0
TF,IGLUD,26.474167,107.518333,0, ,0.0,0.0,0.0,0.0,0,0,0,0,0,0,0,0
TF,RUPIL,26.237222,107.170833,0, ,0.0,0.0,0.0,0.0,0,0,0,0,0,0,0,0
TF,EPDIX,26.268056,106.887778,0, ,0.0,0.0,0.0,0.0,2,7880,0,1,205,0,0,0

APPTR,D01L,01L,D096P
IF,D096P,26.503969,107.091497, ,0.0,0.0,2,8860,0,1,205,0,1,0
CI,0, ,0.0,276.0,0,0,0,0,0,0,0,0
AF,D168N,26.296247,106.857808,2,KWE,168.0,14.0,96.0,2,7220,0,0,0,0,0,0
AF,D177N,26.290200,106.817625,2,KWE,177.0,14.0,168.0,0,0,0,0,0,0,0,0
CF,CD01L,26.323506,106.775597,0,KWE,187.0,12.0,7.0,2.0,2,6890,0,0,0,0,1,0

APPTR,D01L,01L,D132P
IF,D132P,26.350833,107.022033, ,0.0,0.0,2,8860,0,1,205,0,1,0
CI,0, ,0.0,312.0,0,0,0,0,0,0,0,0
AF,D168N,26.296247,106.857808,2,KWE,168.0,14.0,132.0,2,7220,0,0,0,0,0,0
AF,D177N,26.290200,106.817625,2,KWE,177.0,14.0,168.0,0,0,0,0,0,0,0,0
CF,CD01L,26.323506,106.775597,0,KWE,187.0,12.0,7.0,2.0,2,6890,0,0,0,0,1,0

APPTR,D01L,01L,KWE
IF,KWE,26.523333,106.795000, ,0.0,0.0,2,8860,0,1,205,0,1,0
FD,KWE,26.523333,106.795000,0,KWE,0.0,12.0,169.0,12.0,0,0,0,0,0,0,0,0
CF,CD01L,26.323506,106.775597,2,KWE,187.0,12.0,7.0,1.0,2,6890,0,0,0,0,1,0

FINAL,D01L,01L,D,4
IF,CD01L,26.323506,106.775597,KWE,187.0,12.0,2,6890,0,0,0,0,0,0
CF,FD01L,26.361806,106.779311,0,KWE,187.0,9.7,7.0,2.3,2,6890,0,0,0,0,2,0
CF,45VOR,26.448397,106.787717,0,KWE,187.0,4.5,7.0,5.2,2,5250,0,0,0,0,0,0
CF,MD01L,26.483367,106.791114,0,KWE,187.0,2.4,7.0,2.1,1,4573,0,0,0,0,3,0
CF,KWE,26.523333,106.795000,0,KWE,0.0,0.0,7.0,2.4,0,0,0,0,0,0,0,0
CA,0,7.0,2,5580,0,0,0,0,0,0
DF,KWE,26.523333,106.795000,2, ,0.0,0.0,1,7880,0,1,205,0,0,0

APPTR,D19L,19L,D132R
IF,D132R,26.329247,107.050364, ,0.0,0.0,2,8860,0,1,205,0,1,0
CI,0, ,0.0,312.0,0,0,0,0,0,0,0,0
AF,D062P,26.656822,107.052769,1,KWE,62.0,16.0,132.0,2,7880,0,0,0,0,0,0
AF,D026P,26.767603,106.916181,1,KWE,26.0,16.0,62.0,0,0,0,0,0,0,0,0
CF,CD19L,26.749356,106.862461,0,KWE,17.0,14.0,197.0,2.0,2,6890,0,0,0,0,1,0

APPTR,D19L,19L,D309R
IF,D309R,26.705083,106.528242, ,0.0,0.0,2,8860,0,1,205,0,1,0
CI,0, ,0.0,129.0,0,0,0,0,0,0,0,0
AF,D009P,26.788778,106.831314,2,KWE,9.0,16.0,309.0,0,0,0,0,0,0,0,0
CF,CD19L,26.749356,106.862461,0,KWE,17.0,14.0,197.0,2.0,2,6890,0,0,0,0,1,0

APPTR,D19L,19L,KWE
IF,KWE,26.523333,106.795000, ,0.0,0.0,2,8860,0,1,205,0,1,0
FD,KWE,26.523333,106.795000,0,KWE,0.0,14.0,32.0,14.0,0,0,0,0,0,0,0,0
CF,CD19L,26.749356,106.862461,1,KWE,17.0,14.0,197.0,1.0,2,6890,0,0,0,0,1,0

APPTR,D19L,19L,LIKRI
IF,LIKRI,26.817500,107.021944, ,0.0,0.0,2,8860,0,1,205,0,1,0
CR,0,KWE,20.0,249.0,0,0,0,0,0,0,0,0
CF,CD19L,26.749356,106.862461,0,KWE,17.0,14.0,197.0,2.0,2,6890,0,0,0,0,1,0

FINAL,D19L,19L,D,5
IF,CD19L,26.749356,106.862461,KWE,17.0,14.0,2,6890,0,0,0,0,0,0
CF,FD19L,26.718683,106.853289,0,KWE,17.0,12.1,197.0,1.9,2,6890,0,0,0,0,2,0
CF,82VOR,26.655722,106.834481,0,KWE,17.0,8.2,197.0,3.9,2,5650,0,0,0,0,0,0
CF,54VOR,26.610517,106.820989,0,KWE,17.0,5.4,197.0,2.8,2,4760,0,0,0,0,0,0
CF,MD19L,26.589528,106.814728,0,KWE,17.0,4.1,197.0,1.3,1,4398,0,0,0,0,3,0
CF,KWE,26.523333,106.795000,0,KWE,0.0,0.0,197.0,4.1,0,0,0,0,0,0,0,0
CA,0,197.0,2,6240,0,0,0,0,0,0
DF,KWE,26.523333,106.795000,1, ,0.0,0.0,1,7880,0,1,205,0,0,0

APPTR,D19R,19R,D132R
IF,D132R,26.329247,107.050364, ,0.0,0.0,2,8860,0,1,205,0,1,0
CI,0, ,0.0,312.0,0,0,0,0,0,0,0,0
AF,D062P,26.656822,107.052769,1,KWE,62.0,16.0,132.0,2,7880,0,0,0,0,0,0
AF,D023P,26.772972,106.901775,1,KWE,23.0,16.0,62.0,0,0,0,0,0,0,0,0
CF,CD19R,26.751336,106.853633,0,KWE,15.0,14.0,195.0,2.0,2,6890,0,0,0,0,1,0

APPTR,D19R,19R,D309R
IF,D309R,26.705083,106.528242, ,0.0,0.0,2,8860,0,1,205,0,1,0
CI,0, ,0.0,129.0,0,0,0,0,0,0,0,0
AF,D006P,26.790122,106.815786,2,KWE,6.0,16.0,309.0,0,0,0,0,0,0,0,0
CF,CD19R,26.751336,106.853633,0,KWE,15.0,14.0,195.0,2.0,2,6890,0,0,0,0,1,0

APPTR,D19R,19R,KWE
IF,KWE,26.523333,106.795000, ,0.0,0.0,2,8860,0,1,205,0,1,0
FD,KWE,26.523333,106.795000,0,KWE,0.0,14.0,29.0,14.0,0,0,0,0,0,0,0,0
CF,CD19R,26.751336,106.853633,1,KWE,15.0,14.0,195.0,1.0,2,6890,0,0,0,0,1,0

APPTR,D19R,19R,LIKRI
IF,LIKRI,26.817500,107.021944, ,0.0,0.0,2,8860,0,1,205,0,1,0
CR,0,KWE,18.0,252.0,0,0,0,0,0,0,0,0
CF,CD19R,26.751336,106.853633,0,KWE,15.0,14.0,195.0,2.0,2,6890,0,0,0,0,1,0

FINAL,D19R,19R,D,5
IF,CD19R,26.751336,106.853633,KWE,15.0,14.0,2,6890,0,0,0,0,0,0
CF,FD19R,26.713881,106.843986,0,KWE,15.0,11.7,195.0,2.3,2,6890,0,0,0,0,2,0
CF,78VOR,26.650367,106.827639,0,KWE,15.0,7.8,195.0,3.9,2,5650,0,0,0,0,0,0
CF,55VOR,26.612908,106.818006,0,KWE,15.0,5.5,195.0,2.3,2,4930,0,0,0,0,0,0
CF,MD19R,26.593364,106.812983,0,KWE,15.0,4.3,195.0,1.2,1,4582,0,0,0,0,3,0
CF,KWE,26.523333,106.795000,0,KWE,0.0,0.0,195.0,4.3,0,0,0,0,0,0,0,1
FA,KWE,26.523333,106.795000,0,KWE,0.0,0.0,195.0,2,6240,0,0,0,0,0,0
DF,KWE,26.523333,106.795000,1, ,0.0,0.0,1,7880,0,1,205,0,0,0

APPTR,I01LY,01L,D096P
IF,D096P,26.503969,107.091497, ,0.0,0.0,2,8860,0,1,205,0,1,0
CI,0, ,0.0,276.0,0,0,0,0,0,0,0,0
AF,D168N,26.296247,106.857808,2,KWE,168.0,14.0,96.0,2,7220,0,0,0,0,0,0
AF,D181N,26.289344,106.799531,2,KWE,181.0,14.0,168.0,0,0,0,0,0,0,0,0
CF,CI0LY,26.324500,106.759706,0,IGG,191.9,14.2,12.0,2.0,2,6890,0,0,0,0,1,0

APPTR,I01LY,01L,D132P
IF,D132P,26.350833,107.022033, ,0.0,0.0,2,8860,0,1,205,0,1,0
CI,0, ,0.0,312.0,0,0,0,0,0,0,0,0
AF,D168N,26.296247,106.857808,2,KWE,168.0,14.0,132.0,2,7220,0,0,0,0,0,0
AF,D181N,26.289344,106.799531,2,KWE,181.0,14.0,168.0,0,0,0,0,0,0,0,0
CF,CI0LY,26.324500,106.759706,0,IGG,191.9,14.2,12.0,2.0,2,6890,0,0,0,0,1,0

APPTR,I01LY,01L,KWE
IF,KWE,26.523333,106.795000, ,0.0,0.0,2,8860,0,1,205,0,1,0
FD,KWE,26.523333,106.795000,0,KWE,0.0,12.0,174.0,12.0,0,0,0,0,0,0,0,0
CF,CI0LY,26.324500,106.759706,2,IGG,191.9,14.2,12.0,1.0,2,6890,0,0,0,0,1,0

FINAL,I01LY,01L,I,3
IF,CI0LY,26.324500,106.759706,IGG,191.9,14.2,2,6890,0,0,0,0,0,0
CF,FI01L,26.364017,106.767378,0,IGG,191.9,11.8,12.0,2.4,1,6890,0,0,0,0,2,0
CF,RW01L,26.523961,106.798481,0,IGG,191.9,2.1,12.0,9.7,1,3790,0,0,0,0,3,0
FA,RW01L,26.523961,106.798481,0,KWE,0.0,0.0,12.0,2,5580,0,0,0,0,0,0
DF,KWE,26.523333,106.795000,2, ,0.0,0.0,1,7880,0,1,205,0,0,0

APPTR,I01LZ,01L,EPDIX
IF,EPDIX,26.268056,106.887778, ,0.0,0.0,2,7880,0,1,205,0,1,0
TF,GY804,26.179139,106.870167,0, ,0.0,0.0,0.0,0.0,0,0,0,0,0,0,0,0
TF,GY604,26.200528,106.735778,0, ,0.0,0.0,0.0,0.0,0,0,0,0,0,0,0,0
TF,GY603,26.289444,106.752917,0,IGG,0.0,0.0,0.0,0.0,2,6890,0,0,0,0,1,0

APPTR,I01LZ,01L,GY813
IF,GY813,26.307611,106.638083, ,0.0,0.0,2,7880,0,1,205,0,1,0
TF,GY603,26.289444,106.752917,0,IGG,0.0,0.0,0.0,0.0,2,6890,0,0,0,0,1,0

FINAL,I01LZ,01L,I,3
IF,GY603,26.289444,106.752917,IGG,191.9,16.3,2,6890,0,0,0,0,0,0
CF,FI01L,26.364017,106.767378,0,IGG,191.9,11.8,12.0,4.5,1,6890,0,0,0,0,2,0
CF,RW01L,26.523961,106.798481,0,IGG,191.9,2.1,12.0,9.7,1,3790,0,0,0,0,3,0
CA,0,12.0,2,5580,0,0,0,0,0,0
DF,GY802,26.484250,106.940333,2, ,0.0,0.0,1,7880,0,1,205,0,0,0

APPTR,I01RY,01R,D096P
IF,D096P,26.503969,107.091497, ,0.0,0.0,2,8860,0,1,205,0,1,0
CI,0, ,0.0,276.0,0,0,0,0,0,0,0,0
AF,D168N,26.296247,106.857808,2,KWE,168.0,14.0,96.0,2,7220,0,0,0,0,0,0
AF,D180N,26.289453,106.804058,2,KWE,180.0,14.0,168.0,0,0,0,0,0,0,0,0
CF,CI0RY,26.323978,106.763672,0,ILR,191.9,14.4,12.0,2.0,2,6890,0,0,0,0,1,0

APPTR,I01RY,01R,D132P
IF,D132P,26.350833,107.022033, ,0.0,0.0,2,8860,0,1,205,0,1,0
CI,0, ,0.0,312.0,0,0,0,0,0,0,0,0
AF,D168N,26.296247,106.857808,2,KWE,168.0,14.0,132.0,2,7220,0,0,0,0,0,0
AF,D180N,26.289453,106.804058,2,KWE,180.0,14.0,168.0,0,0,0,0,0,0,0,0
CF,CI0RY,26.323978,106.763672,0,ILR,191.9,14.4,12.0,2.0,2,6890,0,0,0,0,1,0

APPTR,I01RY,01R,KWE
IF,KWE,26.523333,106.795000, ,0.0,0.0,2,8860,0,1,205,0,1,0
FD,KWE,26.523333,106.795000,0,KWE,0.0,12.0,172.0,12.0,0,0,0,0,0,0,0,0
CF,CI0RY,26.323978,106.763672,2,ILR,191.9,14.4,12.0,1.0,2,6890,0,0,0,0,1,0

FINAL,I01RY,01R,I,3
IF,CI0RY,26.323978,106.763672,ILR,191.9,14.4,2,6890,0,0,0,0,0,0
CF,FI01R,26.363506,106.771272,0,ILR,191.9,12.0,12.0,2.4,1,6890,0,0,0,0,2,0
CF,RW01R,26.523406,106.802078,0,ILR,191.9,2.3,12.0,9.7,1,3788,0,0,0,0,3,0
CA,0,12.0,2,5580,0,0,0,0,0,0
DF,KWE,26.523333,106.795000,2, ,0.0,0.0,1,7880,0,1,205,0,0,0

APPTR,I01RZ,01R,EPDIX
IF,EPDIX,26.268056,106.887778, ,0.0,0.0,2,7880,0,1,205,0,1,0
TF,GY804,26.179139,106.870167,0, ,0.0,0.0,0.0,0.0,0,0,0,0,0,0,0,0
TF,GY614,26.199972,106.739306,0, ,0.0,0.0,0.0,0.0,0,0,0,0,0,0,0,0
TF,GY613,26.288889,106.756500,0,ILR,0.0,0.0,0.0,0.0,2,6890,0,0,0,0,1,0

APPTR,I01RZ,01R,GY813
IF,GY813,26.307611,106.638083, ,0.0,0.0,2,7880,0,1,205,0,1,0
TF,GY613,26.288889,106.756500,0,ILR,0.0,0.0,0.0,0.0,2,6890,0,0,0,0,1,0

FINAL,I01RZ,01R,I,3
IF,GY613,26.288889,106.756500,ILR,191.9,16.6,2,6890,0,0,0,0,0,0
CF,FI01R,26.363506,106.771272,0,ILR,191.9,12.0,12.0,4.5,1,6890,0,0,0,0,2,0
CF,RW01R,26.523406,106.802078,0,ILR,191.9,2.3,12.0,9.7,1,3788,0,0,0,0,3,0
CA,0,12.0,2,5580,0,0,0,0,0,0
DF,GY802,26.484250,106.940333,2, ,0.0,0.0,1,7880,0,1,205,0,0,0

APPTR,I19LY,19L,D132R
IF,D132R,26.329247,107.050364, ,0.0,0.0,2,8860,0,1,205,0,1,0
CI,0, ,0.0,312.0,0,0,0,0,0,0,0,0
AF,D062P,26.656822,107.052769,1,KWE,62.0,16.0,132.0,2,7880,0,0,0,0,0,0
AF,D021P,26.776172,106.892006,1,KWE,21.0,16.0,62.0,0,0,0,0,0,0,0,0
CF,CI1LY,26.751836,106.847114,0,IDL,12.1,14.0,192.0,2.0,2,6890,0,0,0,0,1,0

APPTR,I19LY,19L,D309R
IF,D309R,26.705083,106.528242, ,0.0,0.0,2,8860,0,1,205,0,1,0
CI,0, ,0.0,129.0,0,0,0,0,0,0,0,0
AF,D004P,26.790614,106.805397,2,KWE,4.0,16.0,309.0,0,0,0,0,0,0,0,0
CF,CI1LY,26.751836,106.847114,0,IDL,12.1,14.0,192.0,2.0,2,6890,0,0,0,0,1,0

APPTR,I19LY,19L,KWE
IF,KWE,26.523333,106.795000, ,0.0,0.0,2,8860,0,1,205,0,1,0
FD,KWE,26.523333,106.795000,0,KWE,0.0,14.0,28.0,14.0,0,0,0,0,0,0,0,0
CF,CI1LY,26.751836,106.847114,1,IDL,12.1,14.0,192.0,1.0,2,6890,0,0,0,0,1,0

APPTR,I19LY,19L,LIKRI
IF,LIKRI,26.817500,107.021944, ,0.0,0.0,2,8860,0,1,205,0,1,0
CR,0,KWE,17.0,254.0,0,0,0,0,0,0,0,0
CF,CI1LY,26.751836,106.847114,0,IDL,12.1,14.0,192.0,2.0,2,6890,0,0,0,0,1,0

FINAL,I19LY,19L,I,3
IF,CI1LY,26.751836,106.847114,IDL,12.1,14.0,2,6890,0,0,0,0,0,0
CF,FI19L,26.718919,106.840606,0,IDL,12.1,12.0,192.0,2.0,1,6890,0,0,0,0,2,0
CF,RW19L,26.557167,106.808681,0,IDL,12.1,2.2,192.0,9.8,1,3774,0,0,0,0,3,0
CA,0,192.0,2,6240,0,0,0,0,0,0
DF,KWE,26.523333,106.795000,1, ,0.0,0.0,1,7880,0,1,205,0,0,0

APPTR,I19LZ,19L,GY818
IF,GY818,27.038750,106.919583, ,0.0,0.0,2,7880,0,1,205,0,1,0
TF,GY714,26.953917,106.886056,0, ,0.0,0.0,0.0,0.0,0,0,0,0,0,0,0,0
TF,GY713,26.842417,106.864222,0,IDL,0.0,0.0,0.0,0.0,2,6890,0,0,0,0,1,0

APPTR,I19LZ,19L,GY823
IF,GY823,26.861750,106.746139, ,0.0,0.0,2,7880,0,1,205,0,1,0
TF,GY713,26.842417,106.864222,0,IDL,0.0,0.0,0.0,0.0,2,6890,0,0,0,0,1,0

APPTR,I19LZ,19L,LIDMA
IF,LIDMA,26.933333,107.016389, ,0.0,0.0,2,7880,0,1,205,0,1,0
TF,GY714,26.953917,106.886056,0, ,0.0,0.0,0.0,0.0,0,0,0,0,0,0,0,0
TF,GY713,26.842417,106.864222,0,IDL,0.0,0.0,0.0,0.0,2,6890,0,0,0,0,1,0

APPTR,I19LZ,19L,LIKRI
IF,LIKRI,26.817500,107.021944, ,0.0,0.0,2,7880,0,1,205,0,1,0
TF,GY713,26.842417,106.864222,0,IDL,0.0,0.0,0.0,0.0,2,6890,0,0,0,0,1,0

FINAL,I19LZ,19L,I,3
IF,GY713,26.842417,106.864222,IDL,11.9,19.5,2,6890,0,0,0,0,0,0
CF,FI19L,26.718919,106.840606,0,IDL,12.1,12.0,192.0,7.5,1,6890,0,0,0,0,2,0
CF,RW19L,26.557167,106.808681,0,IDL,12.1,2.2,192.0,9.8,1,3774,0,0,0,0,3,0
CA,0,192.0,2,6240,0,0,0,0,0,0
DF,GY802,26.484250,106.940333,1, ,0.0,0.0,1,7880,0,1,205,0,0,0

APPTR,I19RY,19R,D132R
IF,D132R,26.329247,107.050364, ,0.0,0.0,2,8860,0,1,205,0,1,0
CI,0, ,0.0,312.0,0,0,0,0,0,0,0,0
AF,D062P,26.656822,107.052769,1,KWE,62.0,16.0,132.0,2,7880,0,0,0,0,0,0
AF,D020P,26.777656,106.887075,1,KWE,20.0,16.0,62.0,0,0,0,0,0,0,0,0
CF,CI1RY,26.751728,106.843653,0,IGY,12.1,14.0,192.0,2.0,2,6890,0,0,0,0,1,0

APPTR,I19RY,19R,D309R
IF,D309R,26.705083,106.528242, ,0.0,0.0,2,8860,0,1,205,0,1,0
CI,0, ,0.0,129.0,0,0,0,0,0,0,0,0
AF,D004P,26.790614,106.805397,2,KWE,4.0,16.0,309.0,0,0,0,0,0,0,0,0
CF,CI1RY,26.751728,106.843653,0,IGY,12.1,14.0,192.0,2.0,2,6890,0,0,0,0,1,0

APPTR,I19RY,19R,KWE
IF,KWE,26.523333,106.795000, ,0.0,0.0,2,8860,0,1,205,0,1,0
FD,KWE,26.523333,106.795000,0,KWE,0.0,14.0,27.0,14.0,0,0,0,0,0,0,0,0
CF,CI1RY,26.751728,106.843653,1,IGY,12.1,14.0,192.0,1.0,2,6890,0,0,0,0,1,0

APPTR,I19RY,19R,LIKRI
IF,LIKRI,26.817500,107.021944, ,0.0,0.0,2,8860,0,1,205,0,1,0
CR,0,KWE,16.0,254.0,0,0,0,0,0,0,0,0
CF,CI1RY,26.751728,106.843653,0,IGY,12.1,14.0,192.0,3.0,2,6890,0,0,0,0,1,0

FINAL,I19RY,19R,I,3
IF,CI1RY,26.751728,106.843653,IGY,12.1,14.0,2,6890,0,0,0,0,0,0
CF,FI19R,26.712236,106.835789,0,IGY,12.1,11.6,192.0,2.4,1,6890,0,0,0,0,2,0
CF,RW19R,26.552397,106.804022,0,IGY,12.1,1.9,192.0,9.7,1,3786,0,0,0,0,3,0
CA,0,192.0,2,6240,0,0,0,0,0,0
DF,KWE,26.523333,106.795000,1, ,0.0,0.0,1,7880,0,1,205,0,0,0

APPTR,I19RZ,19R,GY818
IF,GY818,27.038750,106.919583, ,0.0,0.0,2,7880,0,1,205,0,1,0
TF,GY704,26.954472,106.882444,0, ,0.0,0.0,0.0,0.0,0,0,0,0,0,0,0,0
TF,GY703,26.842972,106.860611,0,IGY,0.0,0.0,0.0,0.0,2,6890,0,0,0,0,1,0

APPTR,I19RZ,19R,GY823
IF,GY823,26.861750,106.746139, ,0.0,0.0,2,7880,0,1,205,0,1,0
TF,GY703,26.842972,106.860611,0,IGY,0.0,0.0,0.0,0.0,2,6890,0,0,0,0,1,0

APPTR,I19RZ,19R,LIDMA
IF,LIDMA,26.933333,107.016389, ,0.0,0.0,2,7880,0,1,205,0,1,0
TF,GY704,26.954472,106.882444,0, ,0.0,0.0,0.0,0.0,0,0,0,0,0,0,0,0
TF,GY703,26.842972,106.860611,0,IGY,0.0,0.0,0.0,0.0,2,6890,0,0,0,0,1,0

APPTR,I19RZ,19R,LIKRI
IF,LIKRI,26.817500,107.021944, ,0.0,0.0,2,7880,0,1,205,0,1,0
TF,GY703,26.842972,106.860611,0,IGY,0.0,0.0,0.0,0.0,2,6890,0,0,0,0,1,0

FINAL,I19RZ,19R,I,3
IF,GY703,26.842972,106.860611,IGY,11.9,19.5,2,6890,0,0,0,0,0,0
CF,FI19R,26.712236,106.835789,0,IGY,12.1,11.6,192.0,7.9,1,6890,0,0,0,0,2,0
CF,RW19R,26.552397,106.804022,0,IGY,12.1,1.9,192.0,9.7,1,3786,0,0,0,0,3,0
CA,0,192.0,2,4600,0,0,0,0,0,0
DF,GY812,26.590528,106.693167,2, ,0.0,0.0,2,5910,0,1,205,0,0,0
TF,GY823,26.861750,106.746139,0, ,0.0,0.0,0.0,0.0,1,7880,0,0,0,0,0,0

