SID,ANS01D,06,2
CD, ,0,0,0,SEY,0,0.0,56.0,6.5,2,2630,0,0,0,0,0,0
CD, ,0,0,0,SEY,0,0.0,56.0,11.0,2,4600,0,0,0,0,0,0
CD, ,0,0,0,SEY,0,0.0,57.0,17.5,0,0,0,0,0,0,0,0
CF,D067N,41.827742,124.020517,0,SEY,73.2,26.8,103.0,11.0,0,0,0,0,0,0,0,0
VI,0, ,0.0,138.0,0,0,0,0,0,0,0,0
CF,TX562,41.496389,124.151944,0,SEY,113.8,31.6,183.0,17.0,2,15700,0,0,0,0,0,0
TF,BIDIB,41.406667,124.163333,0, ,0.0,0.0,0.0,0.0,0,0,0,0,0,0,0,0
TF,VILIX,41.281111,124.173889,0, ,0.0,0.0,0.0,0.0,0,0,0,0,0,0,0,0
TF,ANSUK,41.048056,124.193611,0, ,0.0,0.0,0.0,0.0,0,0,0,0,0,0,0,0

SID,ANS02D,06,2
CD, ,0,0,0,SEY,0,0.0,56.0,6.5,2,2630,0,0,0,0,0,0
DF,KY,41.705000,123.746667,0, ,0.0,0.0,0,0,0,0,0,0,0,0
TF,F06,41.669256,124.010714,0, ,0.0,0.0,0.0,0.0,2,11800,0,0,0,0,0,0
VI,0, ,0.0,153.0,0,0,0,0,0,0,0,0
CF,TX562,41.496389,124.151944,0,SEY,113.8,31.6,183.0,3.0,2,15700,0,0,0,0,0,0
TF,BIDIB,41.406667,124.163333,0, ,0.0,0.0,0.0,0.0,0,0,0,0,0,0,0,0
TF,VILIX,41.281111,124.173889,0, ,0.0,0.0,0.0,0.0,0,0,0,0,0,0,0,0
TF,ANSUK,41.048056,124.193611,0, ,0.0,0.0,0.0,0.0,0,0,0,0,0,0,0,0

SID,ANS11D,24,2
CD, ,0,0,0,SEY,0,0.0,236.0,6.5,0,0,0,0,0,0,0,0
VI,1, ,0.0,143.0,0,0,0,0,0,0,0,0
CF,F16,41.377394,123.922542,0,SEY,136.2,25.5,113.0,23.0,2,13800,0,0,0,0,0,0
TF,VILIX,41.281111,124.173889,0, ,0.0,0.0,0.0,0.0,0,0,0,0,0,0,0,0
TF,ANSUK,41.048056,124.193611,0, ,0.0,0.0,0.0,0.0,0,0,0,0,0,0,0,0

SID,ANS61D,06,5
CF,TX551,41.710556,123.590000,0,SEY,58.5,6.5,56.0,6.0,0,0,0,0,0,0,0,0
TF,TX552,41.786944,123.706667,0, ,0.0,0.0,0.0,0.0,2,3940,0,0,0,0,0,0
TF,EKVOK,41.823333,124.110000,0, ,0.0,0.0,0.0,0.0,2,9850,0,0,0,0,0,0
TF,TX561,41.724722,124.326111,0, ,0.0,0.0,0.0,0.0,0,0,0,0,0,0,0,0
TF,TX562,41.496389,124.151944,0, ,0.0,0.0,0.0,0.0,2,17700,0,0,0,0,0,0
TF,BIDIB,41.406667,124.163333,0, ,0.0,0.0,0.0,0.0,0,0,0,0,0,0,0,0
TF,VILIX,41.281111,124.173889,0, ,0.0,0.0,0.0,0.0,0,0,0,0,0,0,0,0
TF,ANSUK,41.048056,124.193611,0, ,0.0,0.0,0.0,0.0,0,0,0,0,0,0,0,0

SID,ANS62D,06,5
CF,TX551,41.710556,123.590000,0,SEY,58.5,6.5,56.0,6.0,0,0,0,0,0,0,0,0
TF,TX508,41.705556,123.801389,0, ,0.0,0.0,0.0,0.0,0,0,0,0,0,0,0,0
TF,TX565,41.754722,123.929722,0, ,0.0,0.0,0.0,0.0,0,0,0,0,0,0,0,0
TF,EKVOK,41.823333,124.110000,0, ,0.0,0.0,0.0,0.0,2,9850,0,0,0,0,0,0
TF,TX561,41.724722,124.326111,0, ,0.0,0.0,0.0,0.0,0,0,0,0,0,0,0,0
TF,TX562,41.496389,124.151944,0, ,0.0,0.0,0.0,0.0,2,17700,0,0,0,0,0,0
TF,BIDIB,41.406667,124.163333,0, ,0.0,0.0,0.0,0.0,0,0,0,0,0,0,0,0
TF,VILIX,41.281111,124.173889,0, ,0.0,0.0,0.0,0.0,0,0,0,0,0,0,0,0
TF,ANSUK,41.048056,124.193611,0, ,0.0,0.0,0.0,0.0,0,0,0,0,0,0,0,0

SID,ANS71D,24,5
CF,TX651,41.566111,123.371944,0,SEY,234.6,6.6,236.0,6.0,0,0,0,0,0,0,0,0
TF,TX653,41.466389,123.443611,0, ,0.0,0.0,0.0,0.0,0,0,0,0,0,0,0,0
TF,TX654,41.421667,123.598056,0, ,0.0,0.0,0.0,0.0,0,0,0,0,0,0,0,0
TF,TX510,41.381667,123.922222,0, ,0.0,0.0,0.0,0.0,0,0,0,0,0,0,0,0
TF,VILIX,41.281111,124.173889,0, ,0.0,0.0,0.0,0.0,0,0,0,0,0,0,0,0
TF,ANSUK,41.048056,124.193611,0, ,0.0,0.0,0.0,0.0,0,0,0,0,0,0,0,0

SID,KYU01D,06,2
CD, ,0,0,0,SEY,0,0.0,56.0,6.5,2,2630,0,0,0,0,0,0
DF,KY,41.705000,123.746667,0, ,0.0,0.0,0,0,0,0,0,0,0,0
TF,F14,41.788611,124.010819,0, ,0.0,0.0,0.0,0.0,2,9850,0,0,0,0,0,0
VI,0, ,0.0,48.0,0,0,0,0,0,0,0,0
CF,TX557,42.033056,124.083889,0,SEY,57.0,35.9,3.0,11.0,0,0,0,0,0,0,0,0
TF,KYU,42.631667,124.006667,0, ,0.0,0.0,0.0,0.0,0,0,0,0,0,0,0,0

SID,KYU11D,24,2
CD, ,0,0,0,SEY,0,0.0,236.0,6.5,0,0,0,0,0,0,0,0
CF,D236M,41.562592,123.536367,1,SEY,159.1,5.4,56.0,6.0,0,0,0,1,230,0,0,0
TF,F17,41.674019,124.005089,0, ,0.0,0.0,0.0,0.0,0,0,0,0,0,0,0,0
VI,0, ,0.0,48.0,0,0,0,0,0,0,0,0
CF,EKVOK,41.823333,124.110000,0,SEY,76.8,30.4,3.0,4.0,0,0,0,0,0,0,0,0
TF,KYU,42.631667,124.006667,0, ,0.0,0.0,0.0,0.0,0,0,0,0,0,0,0,0

SID,KYU12D,24,2
CD, ,0,0,0,SEY,0,0.0,236.0,6.5,0,0,0,0,0,0,0,0
CF,TX555,41.700556,123.411389,2,SEY,327.6,4.6,56.0,7.0,2,7880,0,1,230,0,0,0
CF,KY,41.705000,123.746667,0,SEY,80.4,12.7,99.0,15.0,0,0,0,0,0,0,0,0
TF,EKVOK,41.823333,124.110000,0, ,0.0,0.0,0.0,0.0,0,0,0,0,0,0,0,0
TF,KYU,42.631667,124.006667,0, ,0.0,0.0,0.0,0.0,0,0,0,0,0,0,0,0

SID,KYU61D,06,5
CF,TX551,41.710556,123.590000,0,SEY,58.5,6.5,56.0,6.0,0,0,0,0,0,0,0,0
TF,TX552,41.786944,123.706667,0, ,0.0,0.0,0.0,0.0,2,3940,0,0,0,0,0,0
TF,EKVOK,41.823333,124.110000,0, ,0.0,0.0,0.0,0.0,2,9850,0,0,0,0,0,0
TF,TX557,42.033056,124.083889,0, ,0.0,0.0,0.0,0.0,0,0,0,0,0,0,0,0
TF,KYU,42.631667,124.006667,0, ,0.0,0.0,0.0,0.0,0,0,0,0,0,0,0,0

SID,KYU62D,06,5
CF,TX551,41.710556,123.590000,0,SEY,58.5,6.5,56.0,6.0,0,0,0,0,0,0,0,0
TF,TX508,41.705556,123.801389,0, ,0.0,0.0,0.0,0.0,0,0,0,0,0,0,0,0
TF,TX565,41.754722,123.929722,0, ,0.0,0.0,0.0,0.0,0,0,0,0,0,0,0,0
TF,EKVOK,41.823333,124.110000,0, ,0.0,0.0,0.0,0.0,2,9850,0,0,0,0,0,0
TF,TX557,42.033056,124.083889,0, ,0.0,0.0,0.0,0.0,0,0,0,0,0,0,0,0
TF,KYU,42.631667,124.006667,0, ,0.0,0.0,0.0,0.0,0,0,0,0,0,0,0,0

SID,KYU63D,06,5
CF,TX551,41.710556,123.590000,0,SEY,58.5,6.5,56.0,6.0,0,0,0,0,0,0,0,0
TF,TX552,41.786944,123.706667,0, ,0.0,0.0,0.0,0.0,2,3940,0,0,0,0,0,0
TF,TX556,41.912222,123.898056,0, ,0.0,0.0,0.0,0.0,2,9850,0,0,0,0,0,0
TF,TX557,42.033056,124.083889,0, ,0.0,0.0,0.0,0.0,0,0,0,0,0,0,0,0
TF,KYU,42.631667,124.006667,0, ,0.0,0.0,0.0,0.0,0,0,0,0,0,0,0,0

SID,KYU71D,24,5
CF,TX651,41.566111,123.371944,0,SEY,234.6,6.6,236.0,6.0,0,0,0,0,0,0,0,0
TF,TX653,41.466389,123.443611,0, ,0.0,0.0,0.0,0.0,0,0,0,0,0,0,0,0
TF,TX654,41.421667,123.598056,0, ,0.0,0.0,0.0,0.0,0,0,0,0,0,0,0,0
TF,TX655,41.551667,123.795278,0, ,0.0,0.0,0.0,0.0,2,11800,0,0,0,0,0,0
TF,TX656,41.608889,123.882500,0, ,0.0,0.0,0.0,0.0,0,0,0,0,0,0,0,0
TF,EKVOK,41.823333,124.110000,0, ,0.0,0.0,0.0,0.0,0,0,0,0,0,0,0,0
TF,TX557,42.033056,124.083889,0, ,0.0,0.0,0.0,0.0,0,0,0,0,0,0,0,0
TF,KYU,42.631667,124.006667,0, ,0.0,0.0,0.0,0.0,0,0,0,0,0,0,0,0

SID,KYU72D,24,5
CF,TX651,41.566111,123.371944,0,SEY,234.6,6.6,236.0,6.0,0,0,0,0,0,0,0,0
TF,TX652,41.626667,123.300000,0, ,0.0,0.0,0.0,0.0,0,0,0,1,230,0,0,0
TF,TX555,41.700556,123.411389,0, ,0.0,0.0,0.0,0.0,0,0,0,0,0,0,0,0
TF,TX554,41.777778,123.510278,0, ,0.0,0.0,0.0,0.0,0,0,0,0,0,0,0,0
TF,TX553,41.854722,123.626944,0, ,0.0,0.0,0.0,0.0,2,11800,0,0,0,0,0,0
TF,TX557,42.033056,124.083889,0, ,0.0,0.0,0.0,0.0,0,0,0,0,0,0,0,0
TF,KYU,42.631667,124.006667,0, ,0.0,0.0,0.0,0.0,0,0,0,0,0,0,0,0

SID,LEM01D,06,2
CD, ,0,0,0,SEY,0,0.0,56.0,6.5,2,2630,0,0,0,0,0,0
DF,KY,41.705000,123.746667,0, ,0.0,0.0,0,0,0,0,0,0,0,0
TF,F06,41.669256,124.010714,0, ,0.0,0.0,0.0,0.0,2,11800,0,0,0,0,0,0
TF,OSUTU,41.800833,124.565000,0, ,0.0,0.0,0.0,0.0,2,14800,0,0,0,0,0,0
TF,TX414,41.948333,124.677778,0, ,0.0,0.0,0.0,0.0,0,0,0,0,0,0,0,0
TF,TX560,42.134167,124.805278,0, ,0.0,0.0,0.0,0.0,0,0,0,0,0,0,0,0
TF,TX416,42.634444,125.152222,0, ,0.0,0.0,0.0,0.0,0,0,0,0,0,0,0,0
TF,LEMOT,42.824722,125.183611,0, ,0.0,0.0,0.0,0.0,0,0,0,0,0,0,0,0

SID,LEM11D,24,2
CD, ,0,0,0,SEY,0,0.0,236.0,6.5,0,0,0,0,0,0,0,0
CF,F16,41.377394,123.922542,1,SEY,136.2,25.5,113.0,23.0,2,13800,0,0,0,0,0,0
TF,BIDIB,41.406667,124.163333,0, ,0.0,0.0,0.0,0.0,0,0,0,0,0,0,0,0
TF,TX657,41.418056,124.274444,0, ,0.0,0.0,0.0,0.0,0,0,0,0,0,0,0,0
TF,OSUTU,41.800833,124.565000,0, ,0.0,0.0,0.0,0.0,2,14800,0,0,0,0,0,0
TF,TX414,41.948333,124.677778,0, ,0.0,0.0,0.0,0.0,0,0,0,0,0,0,0,0
TF,TX560,42.134167,124.805278,0, ,0.0,0.0,0.0,0.0,0,0,0,0,0,0,0,0
TF,TX416,42.634444,125.152222,0, ,0.0,0.0,0.0,0.0,0,0,0,0,0,0,0,0
TF,LEMOT,42.824722,125.183611,0, ,0.0,0.0,0.0,0.0,0,0,0,0,0,0,0,0

SID,LEM12D,24,2
CD, ,0,0,0,SEY,0,0.0,236.0,6.5,0,0,0,0,0,0,0,0
CF,D236M,41.562592,123.536367,1,SEY,159.1,5.4,56.0,6.0,0,0,0,1,230,0,0,0
TF,F17,41.674019,124.005089,0, ,0.0,0.0,0.0,0.0,0,0,0,0,0,0,0,0
TF,OSUTU,41.800833,124.565000,0, ,0.0,0.0,0.0,0.0,2,14800,0,0,0,0,0,0
TF,TX414,41.948333,124.677778,0, ,0.0,0.0,0.0,0.0,0,0,0,0,0,0,0,0
TF,TX560,42.134167,124.805278,0, ,0.0,0.0,0.0,0.0,0,0,0,0,0,0,0,0
TF,TX416,42.634444,125.152222,0, ,0.0,0.0,0.0,0.0,0,0,0,0,0,0,0,0
TF,LEMOT,42.824722,125.183611,0, ,0.0,0.0,0.0,0.0,0,0,0,0,0,0,0,0

SID,LEM61D,06,5
CF,TX551,41.710556,123.590000,0,SEY,58.5,6.5,56.0,6.0,0,0,0,0,0,0,0,0
TF,TX552,41.786944,123.706667,0, ,0.0,0.0,0.0,0.0,2,3940,0,0,0,0,0,0
TF,EKVOK,41.823333,124.110000,0, ,0.0,0.0,0.0,0.0,2,9850,0,0,0,0,0,0
TF,TX414,41.948333,124.677778,0, ,0.0,0.0,0.0,0.0,0,0,0,0,0,0,0,0
TF,TX560,42.134167,124.805278,0, ,0.0,0.0,0.0,0.0,0,0,0,0,0,0,0,0
TF,TX416,42.634444,125.152222,0, ,0.0,0.0,0.0,0.0,0,0,0,0,0,0,0,0
TF,LEMOT,42.824722,125.183611,0, ,0.0,0.0,0.0,0.0,0,0,0,0,0,0,0,0

SID,LEM62D,06,5
CF,TX551,41.710556,123.590000,0,SEY,58.5,6.5,56.0,6.0,0,0,0,0,0,0,0,0
TF,TX508,41.705556,123.801389,0, ,0.0,0.0,0.0,0.0,0,0,0,0,0,0,0,0
TF,TX565,41.754722,123.929722,0, ,0.0,0.0,0.0,0.0,0,0,0,0,0,0,0,0
TF,EKVOK,41.823333,124.110000,0, ,0.0,0.0,0.0,0.0,2,9850,0,0,0,0,0,0
TF,TX414,41.948333,124.677778,0, ,0.0,0.0,0.0,0.0,0,0,0,0,0,0,0,0
TF,TX560,42.134167,124.805278,0, ,0.0,0.0,0.0,0.0,0,0,0,0,0,0,0,0
TF,TX416,42.634444,125.152222,0, ,0.0,0.0,0.0,0.0,0,0,0,0,0,0,0,0
TF,LEMOT,42.824722,125.183611,0, ,0.0,0.0,0.0,0.0,0,0,0,0,0,0,0,0

SID,LEM71D,24,5
CF,TX651,41.566111,123.371944,0,SEY,234.6,6.6,236.0,6.0,0,0,0,0,0,0,0,0
TF,TX653,41.466389,123.443611,0, ,0.0,0.0,0.0,0.0,0,0,0,0,0,0,0,0
TF,TX654,41.421667,123.598056,0, ,0.0,0.0,0.0,0.0,0,0,0,0,0,0,0,0
TF,TX510,41.381667,123.922222,0, ,0.0,0.0,0.0,0.0,0,0,0,0,0,0,0,0
TF,BIDIB,41.406667,124.163333,0, ,0.0,0.0,0.0,0.0,0,0,0,0,0,0,0,0
TF,TX657,41.418056,124.274444,0, ,0.0,0.0,0.0,0.0,0,0,0,0,0,0,0,0
TF,OSUTU,41.800833,124.565000,0, ,0.0,0.0,0.0,0.0,2,14800,0,0,0,0,0,0
TF,TX414,41.948333,124.677778,0, ,0.0,0.0,0.0,0.0,0,0,0,0,0,0,0,0
TF,TX560,42.134167,124.805278,0, ,0.0,0.0,0.0,0.0,0,0,0,0,0,0,0,0
TF,TX416,42.634444,125.152222,0, ,0.0,0.0,0.0,0.0,0,0,0,0,0,0,0,0
TF,LEMOT,42.824722,125.183611,0, ,0.0,0.0,0.0,0.0,0,0,0,0,0,0,0,0

SID,LUM01D,06,2
CD, ,0,0,0,SEY,0,0.0,56.0,6.5,2,2630,0,0,0,0,0,0
DF,KY,41.705000,123.746667,0, ,0.0,0.0,0,0,0,0,0,0,0,0
TF,F06,41.669256,124.010714,0, ,0.0,0.0,0.0,0.0,2,11800,0,0,0,0,0,0
TF,OSUTU,41.800833,124.565000,0, ,0.0,0.0,0.0,0.0,2,14800,0,0,0,0,0,0
TF,LUMKU,42.002500,125.211944,0, ,0.0,0.0,0.0,0.0,0,0,0,0,0,0,0,0

SID,LUM11D,24,2
CD, ,0,0,0,SEY,0,0.0,236.0,6.5,0,0,0,0,0,0,0,0
CF,F16,41.377394,123.922542,1,SEY,136.2,25.5,113.0,23.0,2,13800,0,0,0,0,0,0
TF,BIDIB,41.406667,124.163333,0, ,0.0,0.0,0.0,0.0,0,0,0,0,0,0,0,0
TF,TX657,41.418056,124.274444,0, ,0.0,0.0,0.0,0.0,0,0,0,0,0,0,0,0
TF,OSUTU,41.800833,124.565000,0, ,0.0,0.0,0.0,0.0,2,14800,0,0,0,0,0,0
TF,LUMKU,42.002500,125.211944,0, ,0.0,0.0,0.0,0.0,0,0,0,0,0,0,0,0

SID,LUM12D,24,2
CD, ,0,0,0,SEY,0,0.0,236.0,6.5,0,0,0,0,0,0,0,0
CF,D236M,41.562592,123.536367,1,SEY,159.1,5.4,56.0,6.0,0,0,0,1,230,0,0,0
TF,F17,41.674019,124.005089,0, ,0.0,0.0,0.0,0.0,0,0,0,0,0,0,0,0
TF,OSUTU,41.800833,124.565000,0, ,0.0,0.0,0.0,0.0,2,14800,0,0,0,0,0,0
TF,LUMKU,42.002500,125.211944,0, ,0.0,0.0,0.0,0.0,0,0,0,0,0,0,0,0

SID,LUM61D,06,5
CF,TX551,41.710556,123.590000,0,SEY,58.5,6.5,56.0,6.0,0,0,0,0,0,0,0,0
TF,TX552,41.786944,123.706667,0, ,0.0,0.0,0.0,0.0,2,3940,0,0,0,0,0,0
TF,EKVOK,41.823333,124.110000,0, ,0.0,0.0,0.0,0.0,2,9850,0,0,0,0,0,0
TF,TX414,41.948333,124.677778,0, ,0.0,0.0,0.0,0.0,0,0,0,0,0,0,0,0
TF,LUMKU,42.002500,125.211944,0, ,0.0,0.0,0.0,0.0,0,0,0,0,0,0,0,0

SID,LUM62D,06,5
CF,TX551,41.710556,123.590000,0,SEY,58.5,6.5,56.0,6.0,0,0,0,0,0,0,0,0
TF,TX508,41.705556,123.801389,0, ,0.0,0.0,0.0,0.0,0,0,0,0,0,0,0,0
TF,TX565,41.754722,123.929722,0, ,0.0,0.0,0.0,0.0,0,0,0,0,0,0,0,0
TF,EKVOK,41.823333,124.110000,0, ,0.0,0.0,0.0,0.0,2,9850,0,0,0,0,0,0
TF,TX414,41.948333,124.677778,0, ,0.0,0.0,0.0,0.0,0,0,0,0,0,0,0,0
TF,LUMKU,42.002500,125.211944,0, ,0.0,0.0,0.0,0.0,0,0,0,0,0,0,0,0

SID,LUM71D,24,5
CF,TX651,41.566111,123.371944,0,SEY,234.6,6.6,236.0,6.0,0,0,0,0,0,0,0,0
TF,TX653,41.466389,123.443611,0, ,0.0,0.0,0.0,0.0,0,0,0,0,0,0,0,0
TF,TX654,41.421667,123.598056,0, ,0.0,0.0,0.0,0.0,0,0,0,0,0,0,0,0
TF,TX510,41.381667,123.922222,0, ,0.0,0.0,0.0,0.0,0,0,0,0,0,0,0,0
TF,BIDIB,41.406667,124.163333,0, ,0.0,0.0,0.0,0.0,0,0,0,0,0,0,0,0
TF,TX657,41.418056,124.274444,0, ,0.0,0.0,0.0,0.0,0,0,0,0,0,0,0,0
TF,OSUTU,41.800833,124.565000,0, ,0.0,0.0,0.0,0.0,2,14800,0,0,0,0,0,0
TF,LUMKU,42.002500,125.211944,0, ,0.0,0.0,0.0,0.0,0,0,0,0,0,0,0,0

SID,OMD01D,06,2
CD, ,0,0,0,SEY,0,0.0,56.0,6.5,2,2630,0,0,0,0,0,0
CD, ,0,0,0,SEY,0,0.0,56.0,11.0,2,4600,0,0,0,0,0,0
DF,KY,41.705000,123.746667,2, ,0.0,0.0,0,0,0,1,230,0,0,0
CR,0,SEY,148.0,236.0,0,0,0,0,0,0,0,0
CF,LOVKA,41.582778,123.233889,0,SEY,260.3,11.6,287.0,12.0,0,0,0,0,0,0,0,0
TF,TX402,41.709722,122.128889,0, ,0.0,0.0,0.0,0.0,0,0,0,0,0,0,0,0
TF,OMDUS,41.575000,121.183333,0, ,0.0,0.0,0.0,0.0,0,0,0,0,0,0,0,0

SID,OMD11D,24,2
CD, ,0,0,0,SEY,0,0.0,236.0,5.0,0,0,0,0,0,0,0,0
CF,LOVKA,41.582778,123.233889,0,SEY,260.3,11.6,278.0,8.0,0,0,0,0,0,0,0,0
TF,F18,41.599211,123.082433,0, ,0.0,0.0,0.0,0.0,3,9850,0,0,0,0,0,0
TF,TX402,41.709722,122.128889,0, ,0.0,0.0,0.0,0.0,0,0,0,0,0,0,0,0
TF,OMDUS,41.575000,121.183333,0, ,0.0,0.0,0.0,0.0,0,0,0,0,0,0,0,0

SID,OMD61D,06,5
CF,TX551,41.710556,123.590000,0,SEY,58.5,6.5,56.0,6.0,0,0,0,0,0,0,0,0
TF,TX552,41.786944,123.706667,0, ,0.0,0.0,0.0,0.0,2,3940,0,0,0,0,0,0
TF,TX508,41.705556,123.801389,0, ,0.0,0.0,0.0,0.0,0,0,0,1,250,0,0,0
TF,TX506,41.564167,123.550278,2, ,0.0,0.0,0.0,0.0,2,8860,0,0,0,0,0,0
TF,TX564,41.574167,123.383889,0, ,0.0,0.0,0.0,0.0,0,0,0,0,0,0,0,0
TF,LOVKA,41.582778,123.233889,0, ,0.0,0.0,0.0,0.0,0,0,0,0,0,0,0,0
TF,TX402,41.709722,122.128889,0, ,0.0,0.0,0.0,0.0,0,0,0,0,0,0,0,0
TF,OMDUS,41.575000,121.183333,0, ,0.0,0.0,0.0,0.0,0,0,0,0,0,0,0,0

SID,OMD62D,06,5
CF,TX551,41.710556,123.590000,0,SEY,58.5,6.5,56.0,6.0,0,0,0,0,0,0,0,0
TF,TX508,41.705556,123.801389,0, ,0.0,0.0,0.0,0.0,0,0,0,0,0,0,0,0
TF,TX565,41.754722,123.929722,0, ,0.0,0.0,0.0,0.0,0,0,0,0,0,0,0,0
TF,TX568,41.653889,123.998333,0, ,0.0,0.0,0.0,0.0,2,11800,0,1,250,0,0,0
TF,TX559,41.542500,123.736389,0, ,0.0,0.0,0.0,0.0,0,0,0,0,0,0,0,0
TF,TX506,41.564167,123.550278,0, ,0.0,0.0,0.0,0.0,0,0,0,0,0,0,0,0
TF,TX564,41.574167,123.383889,0, ,0.0,0.0,0.0,0.0,0,0,0,0,0,0,0,0
TF,LOVKA,41.582778,123.233889,0, ,0.0,0.0,0.0,0.0,0,0,0,0,0,0,0,0
TF,TX402,41.709722,122.128889,0, ,0.0,0.0,0.0,0.0,0,0,0,0,0,0,0,0
TF,OMDUS,41.575000,121.183333,0, ,0.0,0.0,0.0,0.0,0,0,0,0,0,0,0,0

SID,OMD63D,06,5
CF,TX551,41.710556,123.590000,0,SEY,58.5,6.5,56.0,6.0,0,0,0,0,0,0,0,0
TF,TX552,41.786944,123.706667,0, ,0.0,0.0,0.0,0.0,2,3940,0,0,0,0,0,0
TF,TX553,41.854722,123.626944,0, ,0.0,0.0,0.0,0.0,0,0,0,1,230,0,0,0
TF,TX554,41.777778,123.510278,0, ,0.0,0.0,0.0,0.0,0,0,0,0,0,0,0,0
TF,TX555,41.700556,123.411389,0, ,0.0,0.0,0.0,0.0,0,0,0,0,0,0,0,0
TF,LOVKA,41.582778,123.233889,0, ,0.0,0.0,0.0,0.0,0,0,0,0,0,0,0,0
TF,TX402,41.709722,122.128889,0, ,0.0,0.0,0.0,0.0,0,0,0,0,0,0,0,0
TF,OMDUS,41.575000,121.183333,0, ,0.0,0.0,0.0,0.0,0,0,0,0,0,0,0,0

SID,OMD71D,24,5
CF,TX651,41.566111,123.371944,0,SEY,234.6,6.6,236.0,6.0,0,0,0,0,0,0,0,0
TF,LOVKA,41.582778,123.233889,0, ,0.0,0.0,0.0,0.0,0,0,0,0,0,0,0,0
TF,TX402,41.709722,122.128889,0, ,0.0,0.0,0.0,0.0,0,0,0,0,0,0,0,0
TF,OMDUS,41.575000,121.183333,0, ,0.0,0.0,0.0,0.0,0,0,0,0,0,0,0,0

SID,TOS01D,06,2
CD, ,0,0,0,SEY,0,0.0,56.0,6.5,2,2630,0,0,0,0,0,0
CD, ,0,0,0,SEY,0,0.0,56.0,11.0,2,4600,0,0,0,0,0,0
CD, ,0,0,0,SEY,0,0.0,57.0,17.5,0,0,0,0,0,0,0,0
CF,D067N,41.827742,124.020517,0,SEY,73.2,26.8,103.0,11.0,0,0,0,0,0,0,0,0
VI,0, ,0.0,138.0,0,0,0,0,0,0,0,0
CF,TX562,41.496389,124.151944,0,SEY,113.8,31.6,183.0,17.0,2,15700,0,0,0,0,0,0
TF,TX411,41.431111,124.104722,0, ,0.0,0.0,0.0,0.0,0,0,0,0,0,0,0,0
TF,TX409,40.778889,123.636389,0, ,0.0,0.0,0.0,0.0,0,0,0,0,0,0,0,0
TF,TOSID,40.581944,123.566389,0, ,0.0,0.0,0.0,0.0,0,0,0,0,0,0,0,0

SID,TOS02D,06,2
CD, ,0,0,0,SEY,0,0.0,56.0,6.5,2,2630,0,0,0,0,0,0
DF,KY,41.705000,123.746667,0, ,0.0,0.0,0,0,0,0,0,0,0,0
TF,F06,41.669256,124.010714,0, ,0.0,0.0,0.0,0.0,2,11800,0,0,0,0,0,0
VI,0, ,0.0,153.0,0,0,0,0,0,0,0,0
CF,TX562,41.496389,124.151944,0,SEY,113.8,31.6,183.0,3.0,2,15700,0,0,0,0,0,0
TF,TX411,41.431111,124.104722,0, ,0.0,0.0,0.0,0.0,0,0,0,0,0,0,0,0
TF,TX409,40.778889,123.636389,0, ,0.0,0.0,0.0,0.0,0,0,0,0,0,0,0,0
TF,TOSID,40.581944,123.566389,0, ,0.0,0.0,0.0,0.0,0,0,0,0,0,0,0,0

SID,TOS11D,24,2
CD, ,0,0,0,SEY,0,0.0,236.0,6.5,0,0,0,0,0,0,0,0
CF,F16,41.377394,123.922542,1,SEY,136.2,25.5,113.0,23.0,2,13800,0,0,0,0,0,0
VI,0, ,0.0,187.0,0,0,0,0,0,0,0,0
CF,TX409,40.778889,123.636389,0,SEY,180.1,52.2,217.0,31.0,0,0,0,0,0,0,0,0
TF,TOSID,40.581944,123.566389,0, ,0.0,0.0,0.0,0.0,0,0,0,0,0,0,0,0

SID,TOS12D,24,2
CF,PU,41.506667,123.291667,0,SEY,234.1,11.7,236.0,11.0,0,0,0,0,0,0,0,0
TF,ISKEM,40.832500,123.750278,0, ,0.0,0.0,0.0,0.0,0,0,0,0,0,0,0,0
TF,TOSID,40.581944,123.566389,0, ,0.0,0.0,0.0,0.0,0,0,0,0,0,0,0,0

SID,TOS61D,06,5
CF,TX551,41.710556,123.590000,0,SEY,58.5,6.5,56.0,6.0,0,0,0,0,0,0,0,0
TF,TX552,41.786944,123.706667,0, ,0.0,0.0,0.0,0.0,2,3940,0,0,0,0,0,0
TF,EKVOK,41.823333,124.110000,0, ,0.0,0.0,0.0,0.0,2,9850,0,0,0,0,0,0
TF,TX561,41.724722,124.326111,0, ,0.0,0.0,0.0,0.0,0,0,0,0,0,0,0,0
TF,TX562,41.496389,124.151944,0, ,0.0,0.0,0.0,0.0,2,17700,0,0,0,0,0,0
TF,TX411,41.431111,124.104722,0, ,0.0,0.0,0.0,0.0,0,0,0,0,0,0,0,0
TF,TX563,41.248611,123.972500,0, ,0.0,0.0,0.0,0.0,0,0,0,0,0,0,0,0
TF,TX409,40.778889,123.636389,0, ,0.0,0.0,0.0,0.0,0,0,0,0,0,0,0,0
TF,TOSID,40.581944,123.566389,0, ,0.0,0.0,0.0,0.0,0,0,0,0,0,0,0,0

SID,TOS62D,06,5
CF,TX551,41.710556,123.590000,0,SEY,58.5,6.5,56.0,6.0,0,0,0,0,0,0,0,0
TF,TX508,41.705556,123.801389,0, ,0.0,0.0,0.0,0.0,0,0,0,0,0,0,0,0
TF,TX565,41.754722,123.929722,0, ,0.0,0.0,0.0,0.0,0,0,0,0,0,0,0,0
TF,EKVOK,41.823333,124.110000,0, ,0.0,0.0,0.0,0.0,2,9850,0,0,0,0,0,0
TF,TX561,41.724722,124.326111,0, ,0.0,0.0,0.0,0.0,0,0,0,0,0,0,0,0
TF,TX562,41.496389,124.151944,0, ,0.0,0.0,0.0,0.0,2,17700,0,0,0,0,0,0
TF,TX411,41.431111,124.104722,0, ,0.0,0.0,0.0,0.0,0,0,0,0,0,0,0,0
TF,TX563,41.248611,123.972500,0, ,0.0,0.0,0.0,0.0,0,0,0,0,0,0,0,0
TF,TX409,40.778889,123.636389,0, ,0.0,0.0,0.0,0.0,0,0,0,0,0,0,0,0
TF,TOSID,40.581944,123.566389,0, ,0.0,0.0,0.0,0.0,0,0,0,0,0,0,0,0

SID,TOS71D,24,5
CF,TX651,41.566111,123.371944,0,SEY,234.6,6.6,236.0,6.0,0,0,0,0,0,0,0,0
TF,TX653,41.466389,123.443611,0, ,0.0,0.0,0.0,0.0,0,0,0,0,0,0,0,0
TF,TX654,41.421667,123.598056,0, ,0.0,0.0,0.0,0.0,0,0,0,0,0,0,0,0
TF,TX510,41.381667,123.922222,0, ,0.0,0.0,0.0,0.0,0,0,0,1,270,0,0,0
TF,NUTVA,41.292778,124.004444,0, ,0.0,0.0,0.0,0.0,2,13800,0,1,280,0,0,0
TF,TX661,40.887222,123.713611,0, ,0.0,0.0,0.0,0.0,0,0,0,0,0,0,0,0
TF,TX409,40.778889,123.636389,0, ,0.0,0.0,0.0,0.0,0,0,0,0,0,0,0,0
TF,TOSID,40.581944,123.566389,0, ,0.0,0.0,0.0,0.0,0,0,0,0,0,0,0,0

SID,TOS72D,24,5
CF,TX651,41.566111,123.371944,0,SEY,234.6,6.6,236.0,6.0,0,0,0,0,0,0,0,0
TF,TX659,41.391944,123.371667,0, ,0.0,0.0,0.0,0.0,0,0,0,0,0,0,0,0
TF,TX661,40.887222,123.713611,0, ,0.0,0.0,0.0,0.0,0,0,0,0,0,0,0,0
TF,TX409,40.778889,123.636389,0, ,0.0,0.0,0.0,0.0,0,0,0,0,0,0,0,0
TF,TOSID,40.581944,123.566389,0, ,0.0,0.0,0.0,0.0,0,0,0,0,0,0,0,0

STAR,ANS01A,06,2
IF,ANSUK,41.048056,124.193611, ,0.0,0.0,0,0,0,0,0,0,0,0
TF,VILIX,41.281111,124.173889,0, ,0.0,0.0,0.0,0.0,0,0,0,0,0,0,0,0
TF,TX412,41.374167,124.241389,0, ,0.0,0.0,0.0,0.0,0,0,0,0,0,0,0,0
TF,TX513,41.666944,124.463611,0, ,0.0,0.0,0.0,0.0,0,0,0,0,0,0,0,0
TF,KYU55,41.774697,124.445703,0, ,0.0,0.0,0.0,0.0,0,0,0,0,0,0,0,1
CF,KYU54,41.739486,124.131861,1,KYU,183.0,53.8,257.0,13.0,2,7880,0,0,0,0,0,0
TF,F01,41.581506,123.564208,0, ,0.0,0.0,0.0,0.0,2,4930,0,0,0,0,0,0

STAR,ANS02A,06,2
IF,ANSUK,41.048056,124.193611, ,0.0,0.0,0,0,0,0,0,0,0,0
TF,VILIX,41.281111,124.173889,0, ,0.0,0.0,0.0,0.0,0,0,0,0,0,0,0,0
TF,F03,41.380183,123.910144,0, ,0.0,0.0,0.0,0.0,2,8860,0,0,0,0,0,0
TF,F02,41.457694,123.533347,0, ,0.0,0.0,0.0,0.0,2,4930,0,0,0,0,0,0

STAR,ANS11A,24,2
IF,ANSUK,41.048056,124.193611, ,0.0,0.0,0,0,0,0,0,0,0,0
TF,VILIX,41.281111,124.173889,0, ,0.0,0.0,0.0,0.0,0,0,0,0,0,0,0,0
TF,TX412,41.374167,124.241389,0, ,0.0,0.0,0.0,0.0,0,0,0,0,0,0,0,0
TF,OSUTU,41.800833,124.565000,0, ,0.0,0.0,0.0,0.0,0,0,0,0,0,0,0,0
TF,F20,41.909156,124.520153,0, ,0.0,0.0,0.0,0.0,0,0,0,0,0,0,0,1
CF,EKVOK,41.823333,124.110000,1,KYU,183.5,48.7,255.0,18.0,2,5910,0,0,0,0,0,0
TF,D077Y,41.786300,124.000061,0, ,0.0,0.0,0.0,0.0,0,0,0,0,0,0,0,0
TF,D079Q,41.733414,123.836144,0, ,0.0,0.0,0.0,0.0,2,2960,0,1,210,0,0,0

STAR,ANS61A,06,5
IF,ANSUK,41.048056,124.193611, ,0.0,0.0,0,0,0,0,0,0,0,0
TF,VILIX,41.281111,124.173889,0, ,0.0,0.0,0.0,0.0,0,0,0,0,0,0,0,0
TF,TX412,41.374167,124.241389,0, ,0.0,0.0,0.0,0.0,0,0,0,0,0,0,0,0
TF,TX514,41.474167,124.318333,0, ,0.0,0.0,0.0,0.0,0,0,0,0,0,0,0,0
TF,TX513,41.666944,124.463611,0, ,0.0,0.0,0.0,0.0,0,0,0,0,0,0,0,0
TF,TX561,41.724722,124.326111,0, ,0.0,0.0,0.0,0.0,3,8860,0,0,0,0,0,0
TF,TX511,41.616944,124.135833,0, ,0.0,0.0,0.0,0.0,0,0,0,0,0,0,0,0
TF,TX509,41.544444,124.008611,0, ,0.0,0.0,0.0,0.0,0,0,0,0,0,0,0,0
TF,TX507,41.401667,123.760000,0, ,0.0,0.0,0.0,0.0,0,0,0,0,0,0,0,0
TF,TX505,41.430833,123.522778,0, ,0.0,0.0,0.0,0.0,0,0,0,0,0,0,0,0
TF,TX504,41.439722,123.362500,0, ,0.0,0.0,0.0,0.0,2,3940,0,1,200,0,0,0

STAR,ANS62A,06,5
IF,ANSUK,41.048056,124.193611, ,0.0,0.0,0,0,0,0,0,0,0,0
TF,VILIX,41.281111,124.173889,0, ,0.0,0.0,0.0,0.0,0,0,0,0,0,0,0,0
TF,TX510,41.381667,123.922222,0, ,0.0,0.0,0.0,0.0,2,8860,0,0,0,0,0,0
TF,TX507,41.401667,123.760000,0, ,0.0,0.0,0.0,0.0,0,0,0,0,0,0,0,0
TF,TX505,41.430833,123.522778,0, ,0.0,0.0,0.0,0.0,0,0,0,0,0,0,0,0
TF,TX504,41.439722,123.362500,0, ,0.0,0.0,0.0,0.0,2,3940,0,1,200,0,0,0

STAR,ANS71A,24,5
IF,ANSUK,41.048056,124.193611, ,0.0,0.0,0,0,0,0,0,0,0,0
TF,VILIX,41.281111,124.173889,0, ,0.0,0.0,0.0,0.0,0,0,0,0,0,0,0,0
TF,TX412,41.374167,124.241389,0, ,0.0,0.0,0.0,0.0,0,0,0,0,0,0,0,0
TF,TX566,41.462222,124.305556,0, ,0.0,0.0,0.0,0.0,0,0,0,0,0,0,0,0
TF,TX609,41.578056,124.395278,0, ,0.0,0.0,0.0,0.0,0,0,0,0,0,0,0,0
TF,OSUTU,41.800833,124.565000,0, ,0.0,0.0,0.0,0.0,0,0,0,0,0,0,0,0
TF,IVPUV,41.947222,124.495278,0, ,0.0,0.0,0.0,0.0,0,0,0,0,0,0,0,0
TF,EKVOK,41.823333,124.110000,1, ,0.0,0.0,0.0,0.0,2,5910,0,0,0,0,0,0
TF,TX707,41.780556,123.879167,0, ,0.0,0.0,0.0,0.0,0,0,0,1,210,0,0,0
TF,TX708,41.848333,123.800278,0, ,0.0,0.0,0.0,0.0,0,0,0,0,0,0,0,0
TF,TX603,41.793611,123.716667,0, ,0.0,0.0,0.0,0.0,2,3940,0,1,200,0,0,0

STAR,ANS72A,24,5
IF,ANSUK,41.048056,124.193611, ,0.0,0.0,0,0,0,0,0,0,0,0
TF,VILIX,41.281111,124.173889,0, ,0.0,0.0,0.0,0.0,0,0,0,0,0,0,0,0
TF,TX412,41.374167,124.241389,0, ,0.0,0.0,0.0,0.0,0,0,0,0,0,0,0,0
TF,TX566,41.462222,124.305556,0, ,0.0,0.0,0.0,0.0,0,0,0,0,0,0,0,0
TF,TX716,41.640000,124.068333,0, ,0.0,0.0,0.0,0.0,2,5910,0,0,0,0,0,0
TF,TX707,41.780556,123.879167,0, ,0.0,0.0,0.0,0.0,0,0,0,1,210,0,0,0
TF,TX708,41.848333,123.800278,0, ,0.0,0.0,0.0,0.0,0,0,0,0,0,0,0,0
TF,TX603,41.793611,123.716667,0, ,0.0,0.0,0.0,0.0,2,3940,0,1,200,0,0,0

STAR,KYU01A,06,2
IF,KYU,42.631667,124.006667, ,0.0,0.0,0,0,0,0,0,0,0,0
TF,TX557,42.033056,124.083889,0, ,0.0,0.0,0.0,0.0,3,9850,0,0,0,0,0,0
TF,EKVOK,41.823333,124.110000,0, ,0.0,0.0,0.0,0.0,0,0,0,0,0,0,0,0
TF,KYU54,41.739486,124.131861,0, ,0.0,0.0,0.0,0.0,2,7880,0,0,0,0,0,0
TF,F01,41.581506,123.564208,0, ,0.0,0.0,0.0,0.0,2,4930,0,0,0,0,0,0

STAR,KYU11A,24,2
IF,KYU,42.631667,124.006667, ,0.0,0.0,0,0,0,0,0,0,0,0
TF,TX557,42.033056,124.083889,0, ,0.0,0.0,0.0,0.0,3,9850,0,0,0,0,0,0
TF,EKVOK,41.823333,124.110000,0, ,0.0,0.0,0.0,0.0,2,5910,0,0,0,0,0,0
TF,D077Y,41.786300,124.000061,0, ,0.0,0.0,0.0,0.0,0,0,0,0,0,0,0,0
TF,D079Q,41.733414,123.836144,0, ,0.0,0.0,0.0,0.0,2,2960,0,1,210,0,0,0

STAR,KYU61A,06,5
IF,KYU,42.631667,124.006667, ,0.0,0.0,0,0,0,0,0,0,0,0
TF,TX557,42.033056,124.083889,0, ,0.0,0.0,0.0,0.0,0,0,0,0,0,0,0,0
TF,EKVOK,41.823333,124.110000,0, ,0.0,0.0,0.0,0.0,2,7880,0,0,0,0,0,0
TF,TX511,41.616944,124.135833,0, ,0.0,0.0,0.0,0.0,0,0,0,0,0,0,0,0
TF,TX509,41.544444,124.008611,0, ,0.0,0.0,0.0,0.0,0,0,0,0,0,0,0,0
TF,TX507,41.401667,123.760000,0, ,0.0,0.0,0.0,0.0,0,0,0,0,0,0,0,0
TF,TX505,41.430833,123.522778,0, ,0.0,0.0,0.0,0.0,0,0,0,0,0,0,0,0
TF,TX504,41.439722,123.362500,0, ,0.0,0.0,0.0,0.0,2,3940,0,1,200,0,0,0

STAR,KYU71A,24,5
IF,KYU,42.631667,124.006667, ,0.0,0.0,0,0,0,0,0,0,0,0
TF,TX557,42.033056,124.083889,0, ,0.0,0.0,0.0,0.0,3,9850,0,0,0,0,0,0
TF,EKVOK,41.823333,124.110000,0, ,0.0,0.0,0.0,0.0,2,5910,0,0,0,0,0,0
TF,TX707,41.780556,123.879167,0, ,0.0,0.0,0.0,0.0,0,0,0,1,210,0,0,0
TF,TX708,41.848333,123.800278,0, ,0.0,0.0,0.0,0.0,0,0,0,0,0,0,0,0
TF,TX603,41.793611,123.716667,0, ,0.0,0.0,0.0,0.0,2,3940,0,1,200,0,0,0

STAR,KYU72A,24,5
IF,KYU,42.631667,124.006667, ,0.0,0.0,0,0,0,0,0,0,0,0
TF,TX557,42.033056,124.083889,0, ,0.0,0.0,0.0,0.0,3,9850,0,0,0,0,0,0
TF,TX708,41.848333,123.800278,0, ,0.0,0.0,0.0,0.0,0,0,0,1,210,0,0,0
TF,TX603,41.793611,123.716667,0, ,0.0,0.0,0.0,0.0,2,3940,0,1,200,0,0,0

STAR,LEM01A,06,2
IF,LEMOT,42.824722,125.183611, ,0.0,0.0,0,0,0,0,0,0,0,0
TF,TX415,42.688056,125.010278,0, ,0.0,0.0,0.0,0.0,0,0,0,0,0,0,0,0
TF,TX515,42.162500,124.646944,0, ,0.0,0.0,0.0,0.0,2,15700,0,0,0,0,0,0
TF,TX413,42.003889,124.538611,0, ,0.0,0.0,0.0,0.0,0,0,0,0,0,0,0,0
TF,IVPUV,41.947222,124.495278,0, ,0.0,0.0,0.0,0.0,0,0,0,0,0,0,0,0
CR,0,KYU,168.0,218.0,0,0,0,0,0,0,0,0
CF,KYU54,41.739486,124.131861,0,KYU,183.0,53.8,257.0,13.0,2,7880,0,0,0,0,0,0
TF,F01,41.581506,123.564208,0, ,0.0,0.0,0.0,0.0,2,4930,0,0,0,0,0,0

STAR,LEM11A,24,2
IF,LEMOT,42.824722,125.183611, ,0.0,0.0,0,0,0,0,0,0,0,0
TF,TX415,42.688056,125.010278,0, ,0.0,0.0,0.0,0.0,0,0,0,0,0,0,0,0
TF,TX515,42.162500,124.646944,0, ,0.0,0.0,0.0,0.0,2,15700,0,0,0,0,0,0
TF,TX413,42.003889,124.538611,0, ,0.0,0.0,0.0,0.0,0,0,0,0,0,0,0,0
TF,IVPUV,41.947222,124.495278,0, ,0.0,0.0,0.0,0.0,0,0,0,0,0,0,0,0
TF,EKVOK,41.823333,124.110000,0, ,0.0,0.0,0.0,0.0,2,5910,0,0,0,0,0,0
TF,D077Y,41.786300,124.000061,0, ,0.0,0.0,0.0,0.0,0,0,0,0,0,0,0,0
TF,D079Q,41.733414,123.836144,0, ,0.0,0.0,0.0,0.0,2,2960,0,1,210,0,0,0

STAR,LEM61A,06,5
IF,LEMOT,42.824722,125.183611, ,0.0,0.0,0,0,0,0,0,0,0,0
TF,TX415,42.688056,125.010278,0, ,0.0,0.0,0.0,0.0,0,0,0,0,0,0,0,0
TF,TX515,42.162500,124.646944,0, ,0.0,0.0,0.0,0.0,2,15700,0,0,0,0,0,0
TF,TX413,42.003889,124.538611,0, ,0.0,0.0,0.0,0.0,0,0,0,0,0,0,0,0
TF,IVPUV,41.947222,124.495278,0, ,0.0,0.0,0.0,0.0,0,0,0,0,0,0,0,0
TF,TX561,41.724722,124.326111,0, ,0.0,0.0,0.0,0.0,3,8860,0,0,0,0,0,0
TF,TX511,41.616944,124.135833,0, ,0.0,0.0,0.0,0.0,0,0,0,0,0,0,0,0
TF,TX509,41.544444,124.008611,0, ,0.0,0.0,0.0,0.0,0,0,0,0,0,0,0,0
TF,TX507,41.401667,123.760000,0, ,0.0,0.0,0.0,0.0,0,0,0,0,0,0,0,0
TF,TX505,41.430833,123.522778,0, ,0.0,0.0,0.0,0.0,0,0,0,0,0,0,0,0
TF,TX504,41.439722,123.362500,0, ,0.0,0.0,0.0,0.0,2,3940,0,1,200,0,0,0

STAR,LEM71A,24,5
IF,LEMOT,42.824722,125.183611, ,0.0,0.0,0,0,0,0,0,0,0,0
TF,TX415,42.688056,125.010278,0, ,0.0,0.0,0.0,0.0,0,0,0,0,0,0,0,0
TF,TX515,42.162500,124.646944,0, ,0.0,0.0,0.0,0.0,2,15700,0,0,0,0,0,0
TF,TX413,42.003889,124.538611,0, ,0.0,0.0,0.0,0.0,0,0,0,0,0,0,0,0
TF,IVPUV,41.947222,124.495278,0, ,0.0,0.0,0.0,0.0,0,0,0,0,0,0,0,0
TF,EKVOK,41.823333,124.110000,0, ,0.0,0.0,0.0,0.0,2,5910,0,0,0,0,0,0
TF,TX707,41.780556,123.879167,0, ,0.0,0.0,0.0,0.0,0,0,0,1,210,0,0,0
TF,TX708,41.848333,123.800278,0, ,0.0,0.0,0.0,0.0,0,0,0,0,0,0,0,0
TF,TX603,41.793611,123.716667,0, ,0.0,0.0,0.0,0.0,2,3940,0,1,200,0,0,0

STAR,NUB01A,06,2
IF,NUBKI,41.980556,124.598333, ,0.0,0.0,0,0,0,0,0,0,0,0
TF,IVPUV,41.947222,124.495278,0, ,0.0,0.0,0.0,0.0,0,0,0,0,0,0,0,0
CR,0,KYU,168.0,218.0,0,0,0,0,0,0,0,0
CF,KYU54,41.739486,124.131861,0,KYU,183.0,53.8,257.0,13.0,2,7880,0,0,0,0,0,0
TF,F01,41.581506,123.564208,0, ,0.0,0.0,0.0,0.0,2,4930,0,0,0,0,0,0

STAR,NUB11A,24,2
IF,NUBKI,41.980556,124.598333, ,0.0,0.0,0,0,0,0,0,0,0,0
TF,IVPUV,41.947222,124.495278,0, ,0.0,0.0,0.0,0.0,0,0,0,0,0,0,0,0
TF,EKVOK,41.823333,124.110000,0, ,0.0,0.0,0.0,0.0,2,5910,0,0,0,0,0,0
TF,D077Y,41.786300,124.000061,0, ,0.0,0.0,0.0,0.0,0,0,0,0,0,0,0,0
TF,D079Q,41.733414,123.836144,0, ,0.0,0.0,0.0,0.0,2,2960,0,1,210,0,0,0

STAR,NUB61A,06,5
IF,NUBKI,41.980556,124.598333, ,0.0,0.0,0,0,0,0,0,0,0,0
TF,IVPUV,41.947222,124.495278,0, ,0.0,0.0,0.0,0.0,0,0,0,0,0,0,0,0
TF,TX561,41.724722,124.326111,0, ,0.0,0.0,0.0,0.0,3,8860,0,0,0,0,0,0
TF,TX511,41.616944,124.135833,0, ,0.0,0.0,0.0,0.0,0,0,0,0,0,0,0,0
TF,TX509,41.544444,124.008611,0, ,0.0,0.0,0.0,0.0,0,0,0,0,0,0,0,0
TF,TX507,41.401667,123.760000,0, ,0.0,0.0,0.0,0.0,0,0,0,0,0,0,0,0
TF,TX505,41.430833,123.522778,0, ,0.0,0.0,0.0,0.0,0,0,0,0,0,0,0,0
TF,TX504,41.439722,123.362500,0, ,0.0,0.0,0.0,0.0,2,3940,0,1,200,0,0,0

STAR,NUB71A,24,5
IF,NUBKI,41.980556,124.598333, ,0.0,0.0,0,0,0,0,0,0,0,0
TF,IVPUV,41.947222,124.495278,0, ,0.0,0.0,0.0,0.0,0,0,0,0,0,0,0,0
TF,EKVOK,41.823333,124.110000,0, ,0.0,0.0,0.0,0.0,2,5910,0,0,0,0,0,0
TF,TX707,41.780556,123.879167,0, ,0.0,0.0,0.0,0.0,0,0,0,1,210,0,0,0
TF,TX708,41.848333,123.800278,0, ,0.0,0.0,0.0,0.0,0,0,0,0,0,0,0,0
TF,TX603,41.793611,123.716667,0, ,0.0,0.0,0.0,0.0,2,3940,0,1,200,0,0,0

STAR,OMD01A,06,2
IF,OMDUS,41.575000,121.183333, ,0.0,0.0,0,0,0,0,0,0,0,0
TF,TX403,41.598889,122.106944,0, ,0.0,0.0,0.0,0.0,0,0,0,0,0,0,0,0
TF,GUMOD,41.470000,123.227500,0, ,0.0,0.0,0.0,0.0,2,2960,0,0,0,0,0,0
TF,PU,41.506667,123.291667,0, ,0.0,0.0,0.0,0.0,2,2960,0,0,0,0,0,0

STAR,OMD11A,24,2
IF,OMDUS,41.575000,121.183333, ,0.0,0.0,0,0,0,0,0,0,0,0
TF,TX403,41.598889,122.106944,0, ,0.0,0.0,0.0,0.0,0,0,0,0,0,0,0,0
TF,TX613,41.486667,123.089444,0, ,0.0,0.0,0.0,0.0,0,0,0,0,0,0,0,0
TF,PU,41.506667,123.291667,0, ,0.0,0.0,0.0,0.0,0,0,0,0,0,0,0,0
TF,D146F,41.569150,123.565233,0, ,0.0,0.0,0.0,0.0,0,0,0,0,0,0,0,0
TF,F15,41.677992,123.706664,0, ,0.0,0.0,0.0,0.0,2,2960,0,1,210,0,0,0

STAR,OMD61A,06,5
IF,OMDUS,41.575000,121.183333, ,0.0,0.0,0,0,0,0,0,0,0,0
TF,TX403,41.598889,122.106944,0, ,0.0,0.0,0.0,0.0,0,0,0,0,0,0,0,0
TF,TX516,41.519722,122.808056,0, ,0.0,0.0,0.0,0.0,0,0,0,0,0,0,0,0
TF,GUMOD,41.470000,123.227500,0, ,0.0,0.0,0.0,0.0,2,2960,0,1,200,0,0,0

STAR,OMD62A,06,5
IF,OMDUS,41.575000,121.183333, ,0.0,0.0,0,0,0,0,0,0,0,0
TF,TX403,41.598889,122.106944,0, ,0.0,0.0,0.0,0.0,4,22600,11800,0,0,0,0,0
TF,TX516,41.519722,122.808056,0, ,0.0,0.0,0.0,0.0,0,0,0,0,0,0,0,0
TF,GUMOD,41.470000,123.227500,0, ,0.0,0.0,0.0,0.0,2,2960,0,1,200,0,0,0

STAR,OMD71A,24,5
IF,OMDUS,41.575000,121.183333, ,0.0,0.0,0,0,0,0,0,0,0,0
TF,TX403,41.598889,122.106944,0, ,0.0,0.0,0.0,0.0,0,0,0,0,0,0,0,0
TF,TX516,41.519722,122.808056,0, ,0.0,0.0,0.0,0.0,0,0,0,0,0,0,0,0
TF,TX613,41.486667,123.089444,0, ,0.0,0.0,0.0,0.0,0,0,0,0,0,0,0,0
TF,GUMOD,41.470000,123.227500,0, ,0.0,0.0,0.0,0.0,0,0,0,0,0,0,0,0
TF,TX567,41.507500,123.404167,0, ,0.0,0.0,0.0,0.0,0,0,0,0,0,0,0,0
TF,TX615,41.571389,123.561111,0, ,0.0,0.0,0.0,0.0,0,0,0,0,0,0,0,0
TF,TX612,41.640000,123.665278,0, ,0.0,0.0,0.0,0.0,0,0,0,0,0,0,0,0
TF,TX705,41.682778,123.729722,0, ,0.0,0.0,0.0,0.0,2,2960,0,1,210,0,0,0
TF,TX758,41.725833,123.795556,0, ,0.0,0.0,0.0,0.0,0,0,0,0,0,0,0,0
TF,TX707,41.780556,123.879167,0, ,0.0,0.0,0.0,0.0,0,0,0,1,210,0,0,0
TF,TX708,41.848333,123.800278,0, ,0.0,0.0,0.0,0.0,0,0,0,0,0,0,0,0
TF,TX603,41.793611,123.716667,0, ,0.0,0.0,0.0,0.0,2,3940,0,1,200,0,0,0

STAR,OMD73A,24,5
IF,OMDUS,41.575000,121.183333, ,0.0,0.0,0,0,0,0,0,0,0,0
TF,TX403,41.598889,122.106944,0, ,0.0,0.0,0.0,0.0,0,0,0,0,0,0,0,0
TF,TX516,41.519722,122.808056,0, ,0.0,0.0,0.0,0.0,0,0,0,0,0,0,0,0
TF,TX613,41.486667,123.089444,0, ,0.0,0.0,0.0,0.0,0,0,0,0,0,0,0,0
TF,TX405,41.596944,123.255278,0, ,0.0,0.0,0.0,0.0,0,0,0,0,0,0,0,0
TF,TX555,41.700556,123.411389,0, ,0.0,0.0,0.0,0.0,0,0,0,0,0,0,0,0
TF,TX554,41.777778,123.510278,0, ,0.0,0.0,0.0,0.0,0,0,0,1,210,0,0,0
TF,TX604,41.861111,123.636667,0, ,0.0,0.0,0.0,0.0,0,0,0,1,200,0,0,0
TF,TX603,41.793611,123.716667,0, ,0.0,0.0,0.0,0.0,2,3940,0,1,200,0,0,0

STAR,OMD74A,24,5
IF,OMDUS,41.575000,121.183333, ,0.0,0.0,0,0,0,0,0,0,0,0
TF,TX403,41.598889,122.106944,0, ,0.0,0.0,0.0,0.0,0,0,0,0,0,0,0,0
TF,TX516,41.519722,122.808056,0, ,0.0,0.0,0.0,0.0,0,0,0,0,0,0,0,0
TF,TX613,41.486667,123.089444,0, ,0.0,0.0,0.0,0.0,0,0,0,0,0,0,0,0
TF,GUMOD,41.470000,123.227500,0, ,0.0,0.0,0.0,0.0,2,11800,0,0,0,0,0,0
TF,TX567,41.507500,123.404167,0, ,0.0,0.0,0.0,0.0,0,0,0,0,0,0,0,0
TF,TX610,41.539444,123.482500,0, ,0.0,0.0,0.0,0.0,2,8860,0,0,0,0,0,0
TF,TX615,41.571389,123.561111,0, ,0.0,0.0,0.0,0.0,0,0,0,0,0,0,0,0
TF,TX612,41.640000,123.665278,0, ,0.0,0.0,0.0,0.0,0,0,0,0,0,0,0,0
TF,TX705,41.682778,123.729722,0, ,0.0,0.0,0.0,0.0,0,0,0,0,0,0,0,0
TF,TX758,41.725833,123.795556,0, ,0.0,0.0,0.0,0.0,0,0,0,0,0,0,0,0
TF,TX603,41.793611,123.716667,0, ,0.0,0.0,0.0,0.0,2,3940,0,1,200,0,0,0

STAR,TOS01A,06,2
IF,TOSID,40.581944,123.566389, ,0.0,0.0,0,0,0,0,0,0,0,0
TF,TX410,40.909722,123.906111,0, ,0.0,0.0,0.0,0.0,0,0,0,0,0,0,0,0
TF,TX512,41.140833,124.072222,0, ,0.0,0.0,0.0,0.0,2,13800,0,0,0,0,0,0
TF,VILIX,41.281111,124.173889,0, ,0.0,0.0,0.0,0.0,0,0,0,0,0,0,0,0
TF,TX412,41.374167,124.241389,0, ,0.0,0.0,0.0,0.0,0,0,0,0,0,0,0,0
TF,TX513,41.666944,124.463611,0, ,0.0,0.0,0.0,0.0,0,0,0,0,0,0,0,0
TF,KYU55,41.774697,124.445703,0, ,0.0,0.0,0.0,0.0,0,0,0,0,0,0,0,1
CF,KYU54,41.739486,124.131861,1,KYU,183.0,53.8,257.0,13.0,2,7880,0,0,0,0,0,0
TF,F01,41.581506,123.564208,0, ,0.0,0.0,0.0,0.0,2,4930,0,0,0,0,0,0

STAR,TOS02A,06,2
IF,TOSID,40.581944,123.566389, ,0.0,0.0,0,0,0,0,0,0,0,0
TF,TX410,40.909722,123.906111,0, ,0.0,0.0,0.0,0.0,0,0,0,0,0,0,0,0
TF,TX512,41.140833,124.072222,0, ,0.0,0.0,0.0,0.0,2,13800,0,0,0,0,0,0
TF,VILIX,41.281111,124.173889,0, ,0.0,0.0,0.0,0.0,0,0,0,0,0,0,0,0
TF,F03,41.380183,123.910144,0, ,0.0,0.0,0.0,0.0,2,8860,0,0,0,0,0,0
TF,F02,41.457694,123.533347,0, ,0.0,0.0,0.0,0.0,2,4930,0,0,0,0,0,0

STAR,TOS11A,24,2
IF,TOSID,40.581944,123.566389, ,0.0,0.0,0,0,0,0,0,0,0,0
TF,TX410,40.909722,123.906111,0, ,0.0,0.0,0.0,0.0,0,0,0,0,0,0,0,0
TF,TX512,41.140833,124.072222,0, ,0.0,0.0,0.0,0.0,2,13800,0,0,0,0,0,0
TF,VILIX,41.281111,124.173889,0, ,0.0,0.0,0.0,0.0,0,0,0,0,0,0,0,0
TF,TX412,41.374167,124.241389,0, ,0.0,0.0,0.0,0.0,0,0,0,0,0,0,0,0
TF,OSUTU,41.800833,124.565000,0, ,0.0,0.0,0.0,0.0,0,0,0,0,0,0,0,0
TF,F20,41.909156,124.520153,0, ,0.0,0.0,0.0,0.0,0,0,0,0,0,0,0,1
CF,EKVOK,41.823333,124.110000,1,KYU,183.5,48.7,255.0,18.0,2,5910,0,0,0,0,0,0
TF,D077Y,41.786300,124.000061,0, ,0.0,0.0,0.0,0.0,0,0,0,0,0,0,0,0
TF,D079Q,41.733414,123.836144,0, ,0.0,0.0,0.0,0.0,2,2960,0,1,210,0,0,0

STAR,TOS61A,06,5
IF,TOSID,40.581944,123.566389, ,0.0,0.0,0,0,0,0,0,0,0,0
TF,TX410,40.909722,123.906111,0, ,0.0,0.0,0.0,0.0,0,0,0,0,0,0,0,0
TF,TX512,41.140833,124.072222,0, ,0.0,0.0,0.0,0.0,2,13800,0,0,0,0,0,0
TF,VILIX,41.281111,124.173889,0, ,0.0,0.0,0.0,0.0,0,0,0,0,0,0,0,0
TF,TX412,41.374167,124.241389,0, ,0.0,0.0,0.0,0.0,0,0,0,0,0,0,0,0
TF,TX514,41.474167,124.318333,0, ,0.0,0.0,0.0,0.0,0,0,0,0,0,0,0,0
TF,TX513,41.666944,124.463611,0, ,0.0,0.0,0.0,0.0,0,0,0,0,0,0,0,0
TF,TX561,41.724722,124.326111,0, ,0.0,0.0,0.0,0.0,3,8860,0,0,0,0,0,0
TF,TX511,41.616944,124.135833,0, ,0.0,0.0,0.0,0.0,0,0,0,0,0,0,0,0
TF,TX509,41.544444,124.008611,0, ,0.0,0.0,0.0,0.0,0,0,0,0,0,0,0,0
TF,TX507,41.401667,123.760000,0, ,0.0,0.0,0.0,0.0,0,0,0,0,0,0,0,0
TF,TX505,41.430833,123.522778,0, ,0.0,0.0,0.0,0.0,0,0,0,0,0,0,0,0
TF,TX504,41.439722,123.362500,0, ,0.0,0.0,0.0,0.0,2,3940,0,1,200,0,0,0

STAR,TOS62A,06,5
IF,TOSID,40.581944,123.566389, ,0.0,0.0,0,0,0,0,0,0,0,0
TF,TX410,40.909722,123.906111,0, ,0.0,0.0,0.0,0.0,0,0,0,0,0,0,0,0
TF,TX512,41.140833,124.072222,0, ,0.0,0.0,0.0,0.0,2,13800,0,0,0,0,0,0
TF,VILIX,41.281111,124.173889,0, ,0.0,0.0,0.0,0.0,0,0,0,0,0,0,0,0
TF,TX510,41.381667,123.922222,0, ,0.0,0.0,0.0,0.0,2,8860,0,0,0,0,0,0
TF,TX507,41.401667,123.760000,0, ,0.0,0.0,0.0,0.0,0,0,0,0,0,0,0,0
TF,TX505,41.430833,123.522778,0, ,0.0,0.0,0.0,0.0,0,0,0,0,0,0,0,0
TF,TX504,41.439722,123.362500,0, ,0.0,0.0,0.0,0.0,2,3940,0,1,200,0,0,0

STAR,TOS63A,06,5
IF,TOSID,40.581944,123.566389, ,0.0,0.0,0,0,0,0,0,0,0,0
TF,TX410,40.909722,123.906111,0, ,0.0,0.0,0.0,0.0,3,22600,0,0,0,0,0,0
TF,TX512,41.140833,124.072222,0, ,0.0,0.0,0.0,0.0,0,0,0,0,0,0,0,0
TF,VILIX,41.281111,124.173889,0, ,0.0,0.0,0.0,0.0,3,15700,0,0,0,0,0,0
TF,TX510,41.381667,123.922222,0, ,0.0,0.0,0.0,0.0,2,8860,0,0,0,0,0,0
TF,TX507,41.401667,123.760000,0, ,0.0,0.0,0.0,0.0,0,0,0,0,0,0,0,0
TF,TX505,41.430833,123.522778,0, ,0.0,0.0,0.0,0.0,3,7880,0,0,0,0,0,0
TF,TX504,41.439722,123.362500,0, ,0.0,0.0,0.0,0.0,2,3940,0,1,200,0,0,0

STAR,TOS71A,24,5
IF,TOSID,40.581944,123.566389, ,0.0,0.0,0,0,0,0,0,0,0,0
TF,TX410,40.909722,123.906111,0, ,0.0,0.0,0.0,0.0,0,0,0,0,0,0,0,0
TF,TX512,41.140833,124.072222,0, ,0.0,0.0,0.0,0.0,2,13800,0,0,0,0,0,0
TF,VILIX,41.281111,124.173889,0, ,0.0,0.0,0.0,0.0,0,0,0,0,0,0,0,0
TF,TX412,41.374167,124.241389,0, ,0.0,0.0,0.0,0.0,0,0,0,0,0,0,0,0
TF,TX566,41.462222,124.305556,0, ,0.0,0.0,0.0,0.0,0,0,0,0,0,0,0,0
TF,TX609,41.578056,124.395278,0, ,0.0,0.0,0.0,0.0,0,0,0,0,0,0,0,0
TF,OSUTU,41.800833,124.565000,0, ,0.0,0.0,0.0,0.0,0,0,0,0,0,0,0,0
TF,IVPUV,41.947222,124.495278,0, ,0.0,0.0,0.0,0.0,0,0,0,0,0,0,0,0
TF,EKVOK,41.823333,124.110000,1, ,0.0,0.0,0.0,0.0,2,5910,0,0,0,0,0,0
TF,TX707,41.780556,123.879167,0, ,0.0,0.0,0.0,0.0,0,0,0,1,210,0,0,0
TF,TX708,41.848333,123.800278,0, ,0.0,0.0,0.0,0.0,0,0,0,0,0,0,0,0
TF,TX603,41.793611,123.716667,0, ,0.0,0.0,0.0,0.0,2,3940,0,1,200,0,0,0

STAR,TOS72A,24,5
IF,TOSID,40.581944,123.566389, ,0.0,0.0,0,0,0,0,0,0,0,0
TF,TX410,40.909722,123.906111,0, ,0.0,0.0,0.0,0.0,0,0,0,0,0,0,0,0
TF,TX512,41.140833,124.072222,0, ,0.0,0.0,0.0,0.0,2,13800,0,0,0,0,0,0
TF,VILIX,41.281111,124.173889,0, ,0.0,0.0,0.0,0.0,0,0,0,0,0,0,0,0
TF,TX412,41.374167,124.241389,0, ,0.0,0.0,0.0,0.0,0,0,0,0,0,0,0,0
TF,TX566,41.462222,124.305556,0, ,0.0,0.0,0.0,0.0,0,0,0,0,0,0,0,0
TF,TX716,41.640000,124.068333,0, ,0.0,0.0,0.0,0.0,2,5910,0,0,0,0,0,0
TF,TX707,41.780556,123.879167,0, ,0.0,0.0,0.0,0.0,0,0,0,1,210,0,0,0
TF,TX708,41.848333,123.800278,0, ,0.0,0.0,0.0,0.0,0,0,0,0,0,0,0,0
TF,TX603,41.793611,123.716667,0, ,0.0,0.0,0.0,0.0,2,3940,0,1,200,0,0,0

STAR,TOS73A,24,5
IF,TOSID,40.581944,123.566389, ,0.0,0.0,0,0,0,0,0,0,0,0
TF,TX410,40.909722,123.906111,0, ,0.0,0.0,0.0,0.0,2,18700,0,0,0,0,0,0
TF,TX512,41.140833,124.072222,0, ,0.0,0.0,0.0,0.0,0,0,0,0,0,0,0,0
TF,VILIX,41.281111,124.173889,0, ,0.0,0.0,0.0,0.0,2,15700,0,0,0,0,0,0
TF,TX412,41.374167,124.241389,0, ,0.0,0.0,0.0,0.0,0,0,0,0,0,0,0,0
TF,TX566,41.462222,124.305556,0, ,0.0,0.0,0.0,0.0,0,0,0,0,0,0,0,0
TF,TX716,41.640000,124.068333,0, ,0.0,0.0,0.0,0.0,0,0,0,0,0,0,0,0
TF,TX707,41.780556,123.879167,0, ,0.0,0.0,0.0,0.0,0,0,0,1,210,0,0,0
TF,TX708,41.848333,123.800278,0, ,0.0,0.0,0.0,0.0,0,0,0,0,0,0,0,0
TF,TX603,41.793611,123.716667,0, ,0.0,0.0,0.0,0.0,2,3940,0,1,200,0,0,0

APPTR,D06,06,F01
IF,F01,41.581506,123.564208, ,0.0,0.0,2,4930,0,0,0,0,1,0
TF,D146E,41.441978,123.369039,0, ,0.0,0.0,0.0,0.0,0,0,0,0,0,0,0,1
DF,D232L,41.503586,123.301128,2, ,0.0,0.0,2,2960,0,1,190,0,0,0
TF,CD06,41.539633,123.347283,0, ,0.0,0.0,0.0,0.0,2,1970,0,0,0,0,1,0

APPTR,D06,06,F02
IF,F02,41.457694,123.533347, ,0.0,0.0,2,4930,0,0,0,0,1,0
TF,D162E,41.436781,123.336956,0, ,0.0,0.0,271.0,0.0,0,0,0,0,0,0,0,1
DF,D232L,41.503586,123.301128,2, ,0.0,0.0,2,2960,0,1,190,0,0,0
TF,CD06,41.539633,123.347283,0, ,0.0,0.0,0.0,0.0,2,1970,0,0,0,0,1,0

APPTR,D06,06,PU
IF,PU,41.506667,123.291667, ,0.0,0.0,2,2960,0,0,0,0,1,0
TF,CD06,41.539633,123.347283,0, ,0.0,0.0,0.0,0.0,2,1970,0,0,0,0,1,0

FINAL,D06,06,D,4
IF,CD06,41.539633,123.347283,SEY,232.0,8.5,2,1970,0,0,0,0,0,0
CF,FD06,41.566056,123.381161,0,SEY,232.0,6.3,52.0,2.2,2,1970,0,0,0,0,2,0
CF,48VOR,41.584067,123.404278,0,SEY,232.0,4.8,52.0,1.5,2,1480,0,0,0,0,0,0
CF,MD06,41.626069,123.458261,0,SEY,232.0,1.3,52.0,3.5,1,389,0,0,0,0,3,0
CF,SEY,41.641667,123.478333,0,SEY,0.0,0.0,52.0,1.3,0,0,0,0,0,0,0,0
FA,SEY,41.641667,123.478333,0,SEY,0.0,0.0,59.0,2,1650,0,0,0,0,0,0
CF,F01,41.581506,123.564208,2,SEY,141.0,5.3,236.0,3.0,1,2960,0,1,210,0,0,0

APPTR,D24,24,D079Q
IF,D079Q,41.733414,123.836144, ,0.0,0.0,2,2960,0,1,210,0,1,0
CF,D062K,41.750283,123.678289,0,SEY,62.0,11.1,284.0,7.2,2,2140,0,0,0,0,0,0
CF,CD24,41.741239,123.642703,0,SEY,59.0,9.5,239.0,2.0,2,1970,0,0,0,0,1,0

APPTR,D24,24,F15
IF,F15,41.677992,123.706664, ,0.0,0.0,2,2960,0,1,210,0,1,0
CF,D069L,41.736828,123.708089,0,SEY,69.0,11.8,326.0,3.0,2,2300,0,0,0,0,0,0
CF,D062K,41.750283,123.678289,0,SEY,62.0,11.1,284.0,2.0,2,2140,0,0,0,0,0,0
CF,CD24,41.741239,123.642703,0,SEY,59.0,9.5,239.0,2.0,2,1970,0,0,0,0,1,0

FINAL,D24,24,D,3
IF,CD24,41.741239,123.642703,SEY,59.0,9.5,2,1970,0,0,0,0,0,0
CF,FD24,41.708772,123.589011,0,SEY,59.0,6.4,239.0,3.1,2,1970,0,0,0,0,2,0
CF,MD24,41.657403,123.504253,0,SEY,59.0,1.5,239.0,4.9,1,415,0,0,0,0,3,0
CF,SEY,41.641667,123.478333,0,SEY,0.0,0.0,239.0,1.5,0,0,0,0,0,0,0,0
FA,SEY,41.641667,123.478333,0,SEY,0.0,0.0,233.0,2,1650,0,0,0,0,0,0
CF,F15,41.677992,123.706664,1,SEY,86.0,10.5,56.0,11.0,1,2960,0,1,210,0,0,0

APPTR,I06-Y,06,F01
IF,F01,41.581506,123.564208, ,0.0,0.0,2,4930,0,0,0,0,1,0
TF,D146E,41.441978,123.369039,0, ,0.0,0.0,0.0,0.0,0,0,0,1,190,0,0,1
CF,PU,41.506667,123.291667,2,IPU,235.4,12.8,56.0,1.0,2,2960,0,0,0,0,0,0

APPTR,I06-Y,06,F02
IF,F02,41.457694,123.533347, ,0.0,0.0,2,4930,0,0,0,0,1,0
TF,D162E,41.436781,123.336956,0, ,0.0,0.0,0.0,0.0,0,0,0,1,190,0,0,0
CF,PU,41.506667,123.291667,2,IPU,235.4,12.8,56.0,1.0,2,2960,0,0,0,0,0,0

FINAL,I06-Y,06,I,3
IF,PU,41.506667,123.291667,IPU,235.4,12.8,2,2960,0,0,0,0,1,0
CF,FI06,41.569386,123.377033,0,IPU,236.6,7.4,56.0,5.4,1,1970,0,0,0,0,2,0
CF,RW06,41.630486,123.469058,0,IPU,236.6,1.9,56.0,5.5,1,219,0,0,0,0,3,0
FA,RW06,41.630486,123.469058,0,SEY,0.0,0.0,56.0,2,1650,0,0,0,0,0,0
CF,F01,41.581506,123.564208,2,SEY,141.0,5.3,236.0,3.0,1,2960,0,1,210,0,0,0

APPTR,I06-Z,06,GUMOD
IF,GUMOD,41.470000,123.227500, ,0.0,0.0,2,2960,0,1,200,0,1,0
TF,TX503,41.511000,123.289167,0,IPU,0.0,0.0,0.0,0.0,2,2960,0,0,0,0,0,0

APPTR,I06-Z,06,TX504
IF,TX504,41.439722,123.362500, ,0.0,0.0,2,3940,0,1,200,0,1,0
TF,TX503,41.511000,123.289167,0,IPU,0.0,0.0,0.0,0.0,2,2960,0,0,0,0,0,0

FINAL,I06-Z,06,I,3
IF,TX503,41.511000,123.289167,IPU,236.6,12.7,2,2960,0,0,0,0,0,0
CF,FI06,41.569386,123.377033,0,IPU,236.6,7.4,56.0,5.3,1,1970,0,0,0,0,2,0
CF,RW06,41.630486,123.469058,0,IPU,236.6,1.9,56.0,5.5,1,219,0,0,0,0,3,0
CA,0,56.0,2,1650,0,1,210,0,0,0
DF,TX506,41.564167,123.550278,2, ,0.0,0.0,1,2960,0,0,0,0,0,0
TF,TX504,41.439722,123.362500,0, ,0.0,0.0,0.0,0.0,0,0,0,0,0,0,0,0

APPTR,I24-Y,24,D079Q
IF,D079Q,41.733414,123.836144, ,0.0,0.0,2,2960,0,1,210,0,1,0
CF,D061K,41.752886,123.675733,0,SEY,61.0,11.1,286.0,7.3,2,2140,0,0,0,0,0,0
CF,CI24Y,41.741514,123.637053,0,IKY,56.5,10.2,236.0,2.0,2,1970,0,0,0,0,1,0

APPTR,I24-Y,24,F15
IF,F15,41.677992,123.706664, ,0.0,0.0,2,2960,0,1,210,0,1,0
CF,D067L,41.742786,123.703525,0,SEY,67.0,11.8,326.0,3.0,2,2300,0,0,0,0,0,0
CF,D061K,41.752886,123.675733,0,SEY,61.0,11.1,286.0,2.0,2,2140,0,0,0,0,0,0
CF,CI24Y,41.741514,123.637053,0,IKY,56.5,10.2,236.0,2.0,2,1970,0,0,0,0,1,0

FINAL,I24-Y,24,I,3
IF,CI24Y,41.741514,123.637053,IKY,56.5,10.2,2,1970,0,0,0,0,0,0
CF,FI24,41.709556,123.588611,0,IKY,56.5,7.3,236.0,2.9,1,1970,0,0,0,0,2,0
CF,RW24,41.649550,123.497869,0,IKY,56.5,1.9,236.0,5.4,1,247,0,0,0,0,3,0
FA,RW24,41.649550,123.497869,0,SEY,0.0,0.0,236.0,2,1650,0,0,0,0,0,0
CF,F15,41.677992,123.706664,1,SEY,86.0,10.5,56.0,11.0,1,2960,0,1,210,0,0,0

APPTR,I24-Z,24,TX603
IF,TX603,41.793611,123.716667, ,0.0,0.0,2,3940,0,1,200,0,1,0
TF,TX602,41.750278,123.650556,0,IKY,0.0,0.0,0.0,0.0,2,1970,0,0,0,0,1,0

FINAL,I24-Z,24,I,3
IF,TX602,41.750278,123.650556,IKY,56.6,11.0,2,1970,0,0,0,0,0,0
CF,FI24,41.709556,123.588611,0,IKY,56.5,7.3,236.0,3.7,1,1970,0,0,0,0,2,0
CF,RW24,41.649550,123.497869,0,IKY,56.5,1.9,236.0,5.4,1,247,0,0,0,0,3,0
CA,0,236.0,2,1650,0,1,210,0,0,0
DF,TX705,41.682778,123.729722,1, ,0.0,0.0,1,2960,0,0,0,0,0,0

